,0,1,2,3,4,5,6,7,8,9,10,11,12,13,14,15,16,17,18,19,20,21,22,23,24,25,26,27,28,29,30,31,32,33,34,35,36,37,38,39,40,41,42,43
0,352.674,-0.6209348,16.46214,37.549526,15.252556,-0.2013587,-1.0878403,-2.6575747,-12.614908,1.4859357,9.008861,6.463767,-14.05929,-11.29854,-6.8954325,-1.7300408,-2.7717886,-1.1062293,-5.5484505,9.292864,-2.6289465,2.716403,2.801562,-0.0968879,-0.5188493,-8.381779,1.0086937,1.1751747,1.7531135,5.375864,-5.839905,1.15924,-0.10298689,-1.8419865,-5.608904,-0.51586413,0.71648216,0.7290137,2.347176,-0.6266577,0.4885549,0.3432512,1.2619191e-06,1.0311365e-06
1,-0.6209348,178.19778,13.153534,17.2188,-1.4142929,-17.948853,-12.0409565,-3.9422035,5.1544256,-2.0553513,-1.7279673,0.4335678,-0.34880108,4.599129,2.9661155,15.053491,13.541275,2.192253,-0.0106829,3.4976401,2.5897045,-1.7641286,-6.821823,-3.626423,5.544058,-4.1496706,4.456668,-0.5316001,-1.1337931,-1.8676692,1.1882242,3.451377,5.6113043,-1.2489264,-1.4435284,-2.3217318,-0.33233225,0.05866289,-1.0783994,-0.47498363,-1.0841166,0.19391608,2.3805405e-06,-1.5817888e-07
2,16.46214,13.153534,129.34312,18.003632,6.348999,1.351224,1.8658237,5.7075806,-3.2615077,-12.317934,-5.0060654,-24.879717,-3.1025534,4.4336624,-12.050083,6.236932,-6.212271,5.6781673,4.131677,-5.793181,-0.60669625,1.2194564,1.7062154,-5.3715763,-3.7251506,-0.23749802,1.1798891,2.267281,1.1860052,-0.76279485,3.2781205,1.3120623,0.94385016,2.5345058,-1.6768239,0.9646969,-0.77628213,0.75004977,1.2201927,0.664883,0.85725045,-0.6318512,1.971972e-06,2.799035e-06
3,37.549526,17.2188,18.003632,60.552322,-9.140743,19.809036,-6.985577,12.708839,2.9082496,13.809578,1.2407461,-4.568675,-0.7082741,2.1553068,-5.432931,3.9712143,-2.33398,-5.753048,4.1760445,-0.98608994,2.7195444,-0.0768315,0.2800177,2.2423997,6.4432106,-0.9664092,-0.61555624,2.0323951,-0.41493344,-2.7227483,0.5388037,1.26668,-0.64256823,-2.0571082,-0.6512375,0.4916495,0.06641185,-0.16699603,0.13038555,-0.7256082,1.3162951,0.23566371,1.0125448e-06,1.0678077e-06
4,15.252556,-1.4142929,6.348999,-9.140743,35.348248,-14.286953,-13.487711,-2.7312884,-6.3861647,-3.3112886,7.024597,-2.4365559,-6.8585033,-0.4065396,6.6227703,-4.78384,-0.7923311,0.75335675,3.1147828,-0.13613796,3.1920524,0.70410883,-1.4601994,4.130644,-0.7443353,1.4449185,-0.95639753,0.40978795,1.095596,1.5253216,2.127427,0.30128056,1.8153019,0.8799429,-0.24690676,0.87039995,-0.3550553,0.49858236,0.22714147,0.17244513,0.46058816,-0.01417709,7.0640203e-07,5.4735904e-07
5,-0.2013587,-17.948853,1.351224,19.809036,-14.286953,47.38913,-0.9004328,-3.2086535,-5.199341,4.658663,-4.082056,0.7241254,4.259961,2.9379692,4.196372,-1.2159646,1.308913,-1.6003051,1.6962056,-4.328924,0.16674203,-2.3982677,3.0170345,-0.89448225,0.87923837,-2.665801,-2.4464955,0.9313991,1.7886889,-1.3154624,-0.9309683,-0.255005,0.9444321,0.78671765,-0.4504614,-0.8771415,-0.15269029,-0.93184423,1.1929753,-0.8576007,0.3484859,-0.87439823,-9.482836e-07,1.8653147e-06
6,-1.0878403,-12.0409565,1.8658237,-6.985577,-13.487711,-0.9004328,28.427668,-3.4630122,-0.8586493,2.815207,-7.943056,-3.736155,0.054657187,-2.4603274,-6.332046,-4.149103,2.301123,3.4252303,-0.7408742,3.3107672,-0.76691914,-2.3942828,-2.4502406,-2.1935158,1.2701046,-0.6869744,0.7228862,-0.98114765,-0.11843129,0.27080458,0.14596553,-3.1885896,-0.5536336,-0.24787524,-0.42453802,-0.1601443,0.9391128,0.75775635,-0.15766165,0.37354237,0.25529903,-0.26336533,-6.392045e-08,-1.5014514e-06
7,-2.6575747,-3.9422035,5.7075806,12.708839,-2.7312884,-3.2086535,-3.4630122,26.70953,0.3310753,3.859192,-5.5576677,2.3785305,-0.5429228,-0.7578951,-4.3742657,-0.1947403,1.297399,-2.4549477,-1.3903515,-0.59451586,-1.4516103,2.319941,1.94226,1.9961443,0.03569484,2.9546866,-1.4860568,2.1063437,-1.0422089,0.8351474,1.6643169,0.85931236,0.6406967,0.35160267,-0.23613392,-1.0106578,1.0964316,0.43516105,-0.3847239,-0.083877504,-0.3120126,0.37654385,5.8485057e-07,-1.0389166e-06
8,-12.614908,5.1544256,-3.2615077,2.9082496,-6.3861647,-5.199341,-0.8586493,0.3310753,10.120298,-1.4799428,2.515552,-0.115794145,-0.5445984,0.4177696,-1.7205604,1.7151592,1.7689028,-0.15635636,0.26650345,0.12528867,-1.5507488,1.829598,0.9897307,-0.3446601,0.69357,-1.7545683,1.5440977,1.1707824,-0.9239052,-0.22828794,0.3131535,0.47502917,-1.6093088,-0.8654214,1.4319127,0.8560887,0.7051029,-0.8988658,-0.6255399,-0.05519156,0.19432262,-0.12960991,-5.419861e-07,-1.9005059e-08
9,1.4859357,-2.0553513,-12.317934,13.809578,-3.3112886,4.658663,2.815207,3.859192,-1.4799428,26.715134,-2.2326622,-4.3975577,-0.6079279,3.2523203,5.644435,-2.0086422,0.79013807,2.2112184,-0.99338984,1.4472923,-0.7034395,0.13817357,-2.248579,0.3141216,1.0231829,1.9340143,1.4573252,1.2257578,-0.39290595,-0.01626387,-1.372346,0.7934721,-0.33062744,-0.114457145,-0.11252417,0.6515167,0.16703588,0.50105876,0.27789062,0.34927604,0.30245924,0.6171715,-5.8319056e-08,-7.795561e-07
10,9.008861,-1.7279673,-5.0060654,1.2407461,7.024597,-4.082056,-7.943056,-5.5576677,2.515552,-2.2326622,17.2819,1.5666646,3.0349524,0.22102533,0.96127236,1.214416,0.7359197,1.8514202,0.66235805,0.14094028,-0.7351515,0.32216567,1.1359696,-0.8503027,2.3780184,1.7314253,-1.2234125,1.4869962,0.566026,0.12306466,-0.23745924,0.35573828,-1.0908334,-0.74618185,0.08576585,-0.21484438,-0.50408316,0.1861572,-0.08684861,0.610065,0.7874335,-0.29308623,1.3619211e-07,-3.014171e-07
11,6.463767,0.4335678,-24.879717,-4.568675,-2.4365559,0.7241254,-3.736155,2.3785305,-0.115794145,-4.3975577,1.5666646,10.910973,2.147381,-2.7779408,0.5954062,-0.6569073,1.5640156,-2.2350411,0.6966307,1.5223751,-0.24550286,-1.1815844,0.7972677,0.08262766,-0.88384295,0.045037385,-1.1977706,0.40574333,-1.4282646,-0.029939443,-0.72034407,0.4577543,0.043395795,0.090023845,-0.45507985,-0.8974527,0.022935182,-0.017415559,-0.5975642,-0.55307376,-0.2517748,0.036964394,-5.973068e-07,-5.262255e-07
12,-14.05929,-0.34880108,-3.1025534,-0.7082741,-6.8585033,4.259961,0.054657187,-0.5429228,-0.5445984,-0.6079279,3.0349524,2.147381,11.722598,-2.5409927,-1.5389067,1.524174,-1.7533987,-0.51659393,-0.93170154,-0.19659966,-1.4593973,-2.7057362,1.2014921,-0.3675592,0.09855359,2.312452,2.5242496,0.50393474,1.3761687,0.05012562,-0.3250453,0.49874234,0.81718946,-0.4349473,-0.54514086,-0.08377402,-0.28146005,0.052548297,-0.12394476,0.032486364,0.15702751,-0.22818002,3.9010112e-10,-2.9226067e-07
13,-11.29854,4.599129,4.4336624,2.1553068,-0.4065396,2.9379692,-2.4603274,-0.7578951,0.4177696,3.2523203,0.22102533,-2.7779408,-2.5409927,6.2683396,3.2390103,2.5488143,-1.4594315,0.30356288,-0.8472091,1.0184584,-1.8162358,0.762395,-0.34742165,-1.4406503,0.5428231,-0.40929234,-1.940762,-0.45001066,0.4569764,0.13677831,0.5564022,0.16089839,-0.20023301,0.38933736,0.753518,-0.031887557,-0.20510218,0.32874238,-0.02622151,-0.32888868,0.02441277,0.06190762,2.0912144e-07,2.3782201e-07
14,-6.8954325,2.9661155,-12.050083,-5.432931,6.6227703,4.196372,-6.332046,-4.3742657,-1.7205604,5.644435,0.96127236,0.5954062,-1.5389067,3.2390103,9.962771,-1.3454232,0.8580546,0.050764456,1.0355715,0.029496856,-1.1373429,1.304397,-0.5299469,-0.4294442,-1.3731153,-0.25384906,-0.017070407,0.1483022,1.2575915,0.0058751944,0.38497669,0.15995464,0.37115967,-0.12372929,-0.5137832,0.06780026,0.13212007,-0.08181891,-0.06557137,-0.18627685,-0.3394572,0.024705894,-4.2818118e-07,3.3183204e-07
15,-1.7300408,15.053491,6.236932,3.9712143,-4.78384,-1.2159646,-4.149103,-0.1947403,1.7151592,-2.0086422,1.214416,-0.6569073,1.524174,2.5488143,-1.3454232,8.676668,0.0750259,-1.8242049,-2.2397618,-0.5585054,-2.3844926,-0.49150604,-1.1948584,0.60661787,-0.8438822,0.07617187,-0.80537856,-1.7022232,0.32760844,-0.38537383,-0.514266,0.6786304,-0.6172474,0.05745488,-0.21951826,-0.09729251,-0.080989555,-0.21676491,0.1742248,0.093581006,0.30326426,0.083468884,4.3633747e-07,4.053667e-07
16,-2.7717886,13.541275,-6.212271,-2.33398,-0.7923311,1.308913,2.301123,1.297399,1.7689028,0.79013807,0.7359197,1.5640156,-1.7533987,-1.4594315,0.8580546,0.0750259,10.691798,3.0425477,1.1676807,-0.8811188,-1.5358012,0.23872423,0.4788629,1.4975935,0.04608097,-0.8050482,0.10163851,0.22218971,-0.897642,-0.18412027,0.24443722,-0.59115005,0.26280814,0.39013594,-0.25212324,-0.8620943,0.48074082,-0.28865317,0.52471054,0.4817152,0.32869548,-0.13118295,-1.12458736e-07,-4.0317823e-07
17,-1.1062293,2.192253,5.6781673,-5.753048,0.75335675,-1.6003051,3.4252303,-2.4549477,-0.15635636,2.2112184,1.8514202,-2.2350411,-0.51659393,0.30356288,0.050764456,-1.8242049,3.0425477,5.5317206,-0.55622375,-0.58189034,-0.06545217,0.8248619,0.87553585,-1.4864717,0.12486301,0.14835054,0.98419845,0.4307847,-0.3335105,0.4870378,-0.6922838,-0.13193035,0.23638,0.91025174,0.41363463,-0.582711,-0.3614022,0.48919207,-0.02976942,0.12911958,0.36351383,0.020808347,-3.6423484e-07,-4.3608998e-07
18,-5.5484505,-0.0106829,4.131677,4.1760445,3.1147828,1.6962056,-0.7408742,-1.3903515,0.26650345,-0.99338984,0.66235805,0.6966307,-0.93170154,-0.8472091,1.0355715,-2.2397618,1.1676807,-0.55622375,9.805191,0.99661785,0.2820291,-0.69852865,1.116971,-0.4022851,0.8263923,0.35194677,0.69770133,-1.0432057,-0.8365982,-1.0475793,0.86030674,0.6533898,-0.84148294,0.60071784,-0.89615655,0.44952697,0.44383436,0.2615485,0.096799895,-0.18045542,-0.026012208,-0.03332424,-6.8854916e-08,-2.7567842e-07
19,9.292864,3.4976401,-5.793181,-0.98608994,-0.13613796,-4.328924,3.3107672,-0.59451586,0.12528867,1.4472923,0.14094028,1.5223751,-0.19659966,1.0184584,0.029496856,-0.5585054,-0.8811188,-0.58189034,0.99661785,4.8795433,-2.070914,-1.861495,-0.31527692,-0.7913835,0.86674285,-0.25530612,-0.322682,0.034710634,-0.5832809,0.64627725,0.74213445,-0.01702995,0.13755158,-0.13971731,0.24320993,0.4634171,-0.06817128,0.5169333,0.09913631,-0.21464832,-0.1703445,0.08812195,5.55904e-07,-5.1176534e-07
20,-2.6289465,2.5897045,-0.60669625,2.7195444,3.1920524,0.16674203,-0.76691914,-1.4516103,-1.5507488,-0.7034395,-0.7351515,-0.24550286,-1.4593973,-1.8162358,-1.1373429,-2.3844926,-1.5358012,-0.06545217,0.2820291,-2.070914,5.073771,0.08465165,-1.3273382,0.2418226,1.3269913,0.021100402,-0.123111375,0.117741436,-0.4415545,-0.53358024,-0.79138607,0.14713071,0.39121398,0.014926689,0.10427858,-0.16006368,-0.16706339,-0.16428784,-0.35171452,0.021771923,-0.08532722,-0.03126636,-2.1630976e-07,9.691385e-08
21,2.716403,-1.7641286,1.2194564,-0.0768315,0.70410883,-2.3982677,-2.3942828,2.319941,1.829598,0.13817357,0.32216567,-1.1815844,-2.7057362,0.762395,1.304397,-0.49150604,0.23872423,0.8248619,-0.69852865,-1.861495,0.08465165,3.88297,1.2764888,-0.4423033,0.04104875,-0.23918253,0.4446246,-0.25593024,0.63849926,-0.03363719,-0.05181998,-0.22140712,-0.625363,-0.4587044,0.049225934,-0.48185313,0.30114412,-0.029699394,-0.3805551,-0.04751457,-0.22392549,0.20847383,-3.788528e-07,-8.203959e-08
22,2.801562,-6.821823,1.7062154,0.2800177,-1.4601994,3.0170345,-2.4502406,1.94226,0.9897307,-2.248579,1.1359696,0.7972677,1.2014921,-0.34742165,-0.5299469,-1.1948584,0.4788629,0.87553585,1.116971,-0.31527692,-1.3273382,1.2764888,3.842643,-0.12241605,0.45934573,-0.171187,0.8697158,-0.08295062,0.101725236,0.11687736,0.19140154,0.13085106,0.04054446,0.05180481,0.5242214,-0.28191954,-0.4480754,0.077158496,0.395586,-0.22251952,-0.19634935,0.13863936,-4.787588e-08,8.450532e-08
23,-0.0968879,-3.626423,-5.3715763,2.2423997,4.130644,-0.89448225,-2.1935158,1.9961443,-0.3446601,0.3141216,-0.8503027,0.08262766,-0.3675592,-1.4406503,-0.4294442,0.60661787,1.4975935,-1.4864717,-0.4022851,-0.7913835,0.2418226,-0.4423033,-0.12241605,4.0401235,-0.038073443,0.12878871,0.35046098,-0.9154107,0.20346925,0.1256001,0.31004417,-0.2907309,0.33764,-0.053860333,0.31328857,0.39179814,0.008743729,-0.26973623,0.3647587,-0.021260597,0.44973552,0.1382803,1.8027484e-07,2.4036717e-07
24,-0.5188493,5.544058,-3.7251506,6.4432106,-0.7443353,0.87923837,1.2701046,0.03569484,0.69357,1.0231829,2.3780184,-0.88384295,0.09855359,0.5428231,-1.3731153,-0.8438822,0.04608097,0.12486301,0.8263923,0.86674285,1.3269913,0.04104875,0.45934573,-0.038073443,4.3507624,0.29300871,-0.35918507,-0.753262,0.554333,0.3488612,0.1352179,-0.07229571,0.16253185,-0.36757934,0.6997161,-0.2714393,0.2421321,0.16967931,0.10807927,0.063636824,-0.12307218,-0.09622244,4.4388372e-07,-6.413646e-07
25,-8.381779,-4.1496706,-0.23749802,-0.9664092,1.4449185,-2.665801,-0.6869744,2.9546866,-1.7545683,1.9340143,1.7314253,0.045037385,2.312452,-0.40929234,-0.25384906,0.07617187,-0.8050482,0.14835054,0.35194677,-0.25530612,0.021100402,-0.23918253,-0.171187,0.12878871,0.29300871,2.4490356,-0.19910467,-0.24327978,0.25651628,0.14234722,-0.06422496,0.27378893,-0.03285731,0.22566445,-0.43950546,-0.25415802,0.04262618,0.41960418,-0.027293734,0.3356486,-0.022675924,0.097153254,2.2593693e-07,-6.010908e-07
26,1.0086937,4.456668,1.1798891,-0.61555624,-0.95639753,-2.4464955,0.7228862,-1.4860568,1.5440977,1.4573252,-1.2234125,-1.1977706,2.5242496,-1.940762,-0.017070407,-0.80537856,0.10163851,0.98419845,0.69770133,-0.322682,-0.123111375,0.4446246,0.8697158,0.35046098,-0.35918507,-0.19910467,3.5812883,-0.16382834,0.45131755,0.034831613,-0.24331018,0.33519578,0.267613,-0.31208745,-0.048179243,0.46000412,0.048441317,-0.12650292,-0.15147501,-0.14567289,0.023903605,0.12705919,-2.781395e-07,-2.1857648e-08
27,1.1751747,-0.5316001,2.267281,2.0323951,0.40978795,0.9313991,-0.98114765,2.1063437,1.1707824,1.2257578,1.4869962,0.40574333,0.50393474,-0.45001066,0.1483022,-1.7022232,0.22218971,0.4307847,-1.0432057,0.034710634,0.117741436,-0.25593024,-0.08295062,-0.9154107,-0.753262,-0.24327978,-0.16382834,3.081224,-0.66144204,-0.07360692,0.48935,0.17715564,0.33052373,-0.36852592,0.048638597,0.23434323,-0.115911156,-0.23474205,-0.20394596,0.12617691,0.09024446,-0.19861755,-8.5365954e-08,2.992066e-07
28,1.7531135,-1.1337931,1.1860052,-0.41493344,1.095596,1.7886889,-0.11843129,-1.0422089,-0.9239052,-0.39290595,0.566026,-1.4282646,1.3761687,0.4569764,1.2575915,0.32760844,-0.897642,-0.3335105,-0.8365982,-0.5832809,-0.4415545,0.63849926,0.101725236,0.20346925,0.554333,0.25651628,0.45131755,-0.66144204,1.8157411,0.49238044,0.29437077,-0.35401428,0.30473325,-0.32826602,-0.26976877,-0.11274586,0.38410342,0.004779378,-0.056205995,-0.038125977,-0.001568239,-0.15662435,3.30782e-08,-1.4066313e-08
29,5.375864,-1.8676692,-0.76279485,-2.7227483,1.5253216,-1.3154624,0.27080458,0.8351474,-0.22828794,-0.01626387,0.12306466,-0.029939443,0.05012562,0.13677831,0.0058751944,-0.38537383,-0.18412027,0.4870378,-1.0475793,0.64627725,-0.53358024,-0.03363719,0.11687736,0.1256001,0.3488612,0.14234722,0.034831613,-0.07360692,0.49238044,1.2410494,-0.11365985,0.3385368,0.3077008,0.50075674,0.37306985,0.05121894,0.46746698,0.0074376315,-0.00055636745,-0.03705833,-0.036467563,-0.15535566,-8.538953e-09,-3.1927925e-07
30,-5.839905,1.1882242,3.2781205,0.5388037,2.127427,-0.9309683,0.14596553,1.6643169,0.3131535,-1.372346,-0.23745924,-0.72034407,-0.3250453,0.5564022,0.38497669,-0.514266,0.24443722,-0.6922838,0.86030674,0.74213445,-0.79138607,-0.05181998,0.19140154,0.31004417,0.1352179,-0.06422496,-0.24331018,0.48935,0.29437077,-0.11365985,1.4726965,-0.5112339,0.35122144,-0.39375776,-0.0412589,0.16474375,0.04059214,0.09969436,-0.008964619,-0.055438675,0.0048152106,-0.057408534,3.36728e-07,1.12646205e-07
31,1.15924,3.451377,1.3120623,1.26668,0.30128056,-0.255005,-3.1885896,0.85931236,0.47502917,0.7934721,0.35573828,0.4577543,0.49874234,0.16089839,0.15995464,0.6786304,-0.59115005,-0.13193035,0.6533898,-0.01702995,0.14713071,-0.22140712,0.13085106,-0.2907309,-0.07229571,0.27378893,0.33519578,0.17715564,-0.35401428,0.3385368,-0.5112339,1.1807005,-0.002547486,0.5438422,0.14093381,0.20770648,0.16289929,-0.15357473,0.026257606,-0.010710958,-0.13980478,-0.031248726,-4.807478e-08,-3.106388e-08
32,-0.10298689,5.6113043,0.94385016,-0.64256823,1.8153019,0.9444321,-0.5536336,0.6406967,-1.6093088,-0.33062744,-1.0908334,0.043395795,0.81718946,-0.20023301,0.37115967,-0.6172474,0.26280814,0.23638,-0.84148294,0.13755158,0.39121398,-0.625363,0.04054446,0.33764,0.16253185,-0.03285731,0.267613,0.33052373,0.30473325,0.3077008,0.35122144,-0.002547486,1.1176019,0.09980033,0.055211328,-0.16285366,-0.21296364,0.079356,0.09733968,-0.11396797,-0.081190415,-0.040277302,2.1729804e-07,1.040879e-07
33,-1.8419865,-1.2489264,2.5345058,-2.0571082,0.8799429,0.78671765,-0.24787524,0.35160267,-0.8654214,-0.114457145,-0.74618185,0.090023845,-0.4349473,0.38933736,-0.12372929,0.05745488,0.39013594,0.91025174,0.60071784,-0.13971731,0.014926689,-0.4587044,0.05180481,-0.053860333,-0.36757934,0.22566445,-0.31208745,-0.36852592,-0.32826602,0.50075674,-0.39375776,0.5438422,0.09980033,1.0687367,0.18761483,-0.07765816,0.13833195,0.100987986,0.04001957,-0.10833549,0.10596813,-0.06769714,-1.6398029e-07,-1.3358567e-07
34,-5.608904,-1.4435284,-1.6768239,-0.6512375,-0.24690676,-0.4504614,-0.42453802,-0.23613392,1.4319127,-0.11252417,0.08576585,-0.45507985,-0.54514086,0.753518,-0.5137832,-0.21951826,-0.25212324,0.41363463,-0.89615655,0.24320993,0.10427858,0.049225934,0.5242214,0.31328857,0.6997161,-0.43950546,-0.048179243,0.048638597,-0.26976877,0.37306985,-0.0412589,0.14093381,0.055211328,0.18761483,1.0387518,0.22647193,-0.15764716,-0.13237838,0.06961809,-0.099421516,0.019470423,0.0004620937,-1.8280602e-08,4.0964338e-08
35,-0.51586413,-2.3217318,0.9646969,0.4916495,0.87039995,-0.8771415,-0.1601443,-1.0106578,0.8560887,0.6515167,-0.21484438,-0.8974527,-0.08377402,-0.031887557,0.06780026,-0.09729251,-0.8620943,-0.582711,0.44952697,0.4634171,-0.16006368,-0.48185313,-0.28191954,0.39179814,-0.2714393,-0.25415802,0.46000412,0.23434323,-0.11274586,0.05121894,0.16474375,0.20770648,-0.16285366,-0.07765816,0.22647193,0.66778916,0.04617288,-0.21159561,0.12040891,0.049367182,0.032935172,-0.034067422,5.3136407e-08,2.0899998e-07
36,0.71648216,-0.33233225,-0.77628213,0.06641185,-0.3550553,-0.15269029,0.9391128,1.0964316,0.7051029,0.16703588,-0.50408316,0.022935182,-0.28146005,-0.20510218,0.13212007,-0.080989555,0.48074082,-0.3614022,0.44383436,-0.06817128,-0.16706339,0.30114412,-0.4480754,0.008743729,0.2421321,0.04262618,0.048441317,-0.115911156,0.38410342,0.46746698,0.04059214,0.16289929,-0.21296364,0.13833195,-0.15764716,0.04617288,0.8026616,-0.16127306,-0.20150773,0.030283045,-0.029895607,-0.18754047,-1.6173144e-07,-2.957072e-07
37,0.7290137,0.05866289,0.75004977,-0.16699603,0.49858236,-0.93184423,0.75775635,0.43516105,-0.8988658,0.50105876,0.1861572,-0.017415559,0.052548297,0.32874238,-0.08181891,-0.21676491,-0.28865317,0.48919207,0.2615485,0.5169333,-0.16428784,-0.029699394,0.077158496,-0.26973623,0.16967931,0.41960418,-0.12650292,-0.23474205,0.004779378,0.0074376315,0.09969436,-0.15357473,0.079356,0.100987986,-0.13237838,-0.21159561,-0.16127306,0.37286514,-0.098440856,-0.10530761,0.08113596,0.10225114,7.208071e-08,-1.9914862e-07
38,2.347176,-1.0783994,1.2201927,0.13038555,0.22714147,1.1929753,-0.15766165,-0.3847239,-0.6255399,0.27789062,-0.08684861,-0.5975642,-0.12394476,-0.02622151,-0.06557137,0.1742248,0.52471054,-0.02976942,0.096799895,0.09913631,-0.35171452,-0.3805551,0.395586,0.3647587,0.10807927,-0.027293734,-0.15147501,-0.20394596,-0.056205995,-0.00055636745,-0.008964619,0.026257606,0.09733968,0.04001957,0.06961809,0.12040891,-0.20150773,-0.098440856,0.5716966,0.25389853,-0.16367394,0.021559015,3.037633e-07,1.539164e-07
39,-0.6266577,-0.47498363,0.664883,-0.7256082,0.17244513,-0.8576007,0.37354237,-0.083877504,-0.05519156,0.34927604,0.610065,-0.55307376,0.032486364,-0.32888868,-0.18627685,0.093581006,0.4817152,0.12911958,-0.18045542,-0.21464832,0.021771923,-0.04751457,-0.22251952,-0.021260597,0.063636824,0.3356486,-0.14567289,0.12617691,-0.038125977,-0.03705833,-0.055438675,-0.010710958,-0.11396797,-0.10833549,-0.099421516,0.049367182,0.030283045,-0.10530761,0.25389853,0.36564425,-0.1365852,-0.029177712,1.7638371e-07,-4.5197574e-08
40,0.4885549,-1.0841166,0.85725045,1.3162951,0.46058816,0.3484859,0.25529903,-0.3120126,0.19432262,0.30245924,0.7874335,-0.2517748,0.15702751,0.02441277,-0.3394572,0.30326426,0.32869548,0.36351383,-0.026012208,-0.1703445,-0.08532722,-0.22392549,-0.19634935,0.44973552,-0.12307218,-0.022675924,0.023903605,0.09024446,-0.001568239,-0.036467563,0.0048152106,-0.13980478,-0.081190415,0.10596813,0.019470423,0.032935172,-0.029895607,0.08113596,-0.16367394,-0.1365852,0.42742738,-0.022309724,-1.365247e-07,4.6282665e-08
41,0.3432512,0.19391608,-0.6318512,0.23566371,-0.01417709,-0.87439823,-0.26336533,0.37654385,-0.12960991,0.6171715,-0.29308623,0.036964394,-0.22818002,0.06190762,0.024705894,0.083468884,-0.13118295,0.020808347,-0.03332424,0.08812195,-0.03126636,0.20847383,0.13863936,0.1382803,-0.09622244,0.097153254,0.12705919,-0.19861755,-0.15662435,-0.15535566,-0.057408534,-0.031248726,-0.040277302,-0.06769714,0.0004620937,-0.034067422,-0.18754047,0.10225114,0.021559015,-0.029177712,-0.022309724,0.14324607,4.0128782e-08,-7.041807e-09
42,1.2619191e-06,2.3805405e-06,1.971972e-06,1.0125448e-06,7.0640203e-07,-9.482836e-07,-6.392045e-08,5.8485057e-07,-5.419861e-07,-5.8319056e-08,1.3619211e-07,-5.973068e-07,3.9010112e-10,2.0912144e-07,-4.2818118e-07,4.3633747e-07,-1.12458736e-07,-3.6423484e-07,-6.8854916e-08,5.55904e-07,-2.1630976e-07,-3.788528e-07,-4.787588e-08,1.8027484e-07,4.4388372e-07,2.2593693e-07,-2.781395e-07,-8.5365954e-08,3.30782e-08,-8.538953e-09,3.36728e-07,-4.807478e-08,2.1729804e-07,-1.6398029e-07,-1.8280602e-08,5.3136407e-08,-1.6173144e-07,7.208071e-08,3.037633e-07,1.7638371e-07,-1.365247e-07,4.0128782e-08,4.330135e-13,1.8136898e-14
43,1.0311365e-06,-1.5817888e-07,2.799035e-06,1.0678077e-06,5.4735904e-07,1.8653147e-06,-1.5014514e-06,-1.0389166e-06,-1.9005059e-08,-7.795561e-07,-3.014171e-07,-5.262255e-07,-2.9226067e-07,2.3782201e-07,3.3183204e-07,4.053667e-07,-4.0317823e-07,-4.3608998e-07,-2.7567842e-07,-5.1176534e-07,9.691385e-08,-8.203959e-08,8.450532e-08,2.4036717e-07,-6.413646e-07,-6.010908e-07,-2.1857648e-08,2.992066e-07,-1.4066313e-08,-3.1927925e-07,1.12646205e-07,-3.106388e-08,1.040879e-07,-1.3358567e-07,4.0964338e-08,2.0899998e-07,-2.957072e-07,-1.9914862e-07,1.539164e-07,-4.5197574e-08,4.6282665e-08,-7.041807e-09,1.8136898e-14,5.264342e-13
