,0,1,2,3,4,5,6,7,8,9,10,11,12,13,14,15,16,17,18,19,20,21,22,23,24,25,26,27,28,29,30,31,32,33,34,35,36,37,38,39,40,41,42,43,44,45,46,47,48,49,50,51,52,53,54,55,56,57,58,59,60
0,204.77109,28.95316,11.010769,7.028757,20.30068,-18.463238,21.007774,14.307907,-2.3623738,2.3314648,6.140047,-9.040667,13.578213,7.0063086,15.466325,3.1987255,-14.750619,9.699474,0.6339301,3.7242315,-1.2946718,5.4691525,-0.5814456,0.5647063,3.181159,-7.421565,1.4064407,-2.72539,7.8701916,-4.326456,-5.4755554,-2.1010096,1.2920828,-3.101375,-1.4681413,1.1289803,2.148684,1.3852155,-3.1446552,1.3237741,1.101599,1.3025413,-0.14717099,1.1027405,2.0409555,-0.27169734,-1.0455866,-0.5928364,-1.0925423,2.4371123,-0.9305347,0.5374044,0.033630166,1.2213562,1.099771,-1.3163629,0.18948571,-0.93889195,-0.3504169,-0.16473131,1.2405877
1,28.95316,132.72847,4.854368,6.9792185,4.5878305,-3.0460095,-9.035829,-6.034376,-7.753832,-3.4402616,2.9577115,-2.0352433,0.27017808,0.6095724,-2.1454487,-0.39477888,0.14476219,-5.297013,-0.65893674,1.3718866,-0.29753453,-2.2995787,-0.05011175,1.9401176,-0.91889346,3.0351076,0.16717958,-0.31385285,-0.90437686,-0.1330606,2.5584052,0.9823098,-2.1427007,-0.18196574,0.2728402,0.6467358,-2.1918323,-0.19975744,-0.08262707,-0.14040017,-1.9934776,0.057566002,0.59010106,-0.52696204,-0.56409335,-1.2252129,0.7585814,0.25256234,-1.0619953,-0.5034394,-1.7775478,0.0924277,-0.6032978,1.0759826,0.22354056,-0.090901226,0.11922792,0.0051492346,0.6709827,0.33066863,0.04503856
2,11.010769,4.854368,74.82366,8.217783,-5.7527757,1.0710692,3.0949035,-6.42395,-4.630801,-1.0583744,-3.3148582,-2.8329077,-2.5784416,-6.5260935,-0.66220415,-3.0396109,0.7441095,4.457717,1.6384665,2.6145782,1.0144262,4.5846834,-4.769538,-5.609051,-0.01446075,-1.3051925,-0.9103043,-2.8663363,-0.38783497,4.210187,-1.2789826,-0.23760036,-0.43109703,-0.18612307,1.7649152,-0.87787753,2.8604555,1.6702368,0.4680711,-1.2455491,1.1530249,-0.51065755,-0.010034787,-0.19108786,0.83612967,-1.1046181,-0.20354372,0.5118005,-0.3573293,-0.3684384,0.08211741,-1.3032374,-1.2944767,-1.3212281,-1.7744763,-0.95071375,1.1439269,-0.9946238,0.9199276,-0.7187944,-0.42181212
3,7.028757,6.9792185,8.217783,50.847324,-1.5462867,-9.265732,-6.520948,5.3806114,0.7827396,1.7422273,-4.3132224,5.1416197,0.17405374,-4.0958147,-0.7797943,1.3312874,0.6918067,4.986199,-2.0735254,1.5024467,-2.124217,-0.21499056,-0.84148747,-0.6944399,-0.40502894,1.5272636,0.27256352,1.8383805,1.1797148,3.503403,-1.5031763,0.11841093,0.97868973,4.2512093,-2.1000311,0.6481007,-0.529442,-1.4766237,-0.8279632,0.08642736,-0.14553869,0.6745441,0.57796896,-0.44484317,0.2511586,0.21625459,0.8280433,-2.2625842,2.4676383,0.1625067,0.8731498,-0.39518422,0.79392433,-0.29043072,0.75337565,0.6201614,0.14404747,1.7394233,0.00351068,0.27617052,0.36269453
4,20.30068,4.5878305,-5.7527757,-1.5462867,41.01048,4.1417103,5.3266487,5.340279,2.1712976,6.7925215,1.6064792,5.0841393,2.5480509,-7.792366,-5.0891876,4.910231,-0.9625375,0.6839087,0.38685572,-3.312601,-1.8226151,0.12563825,-2.381726,-0.24889651,0.24869898,-1.4099805,-2.7365594,0.15276231,-1.0461037,1.1729417,1.287015,1.0683982,1.0255022,-0.9574907,-0.31277174,0.8301562,0.3620414,-0.06284389,-0.33843112,0.5692786,0.84524137,-1.2063181,-1.3747305,1.0302877,-1.186835,-1.1412063,-1.601216,-0.19628221,-0.66736937,0.5168469,-0.84691954,0.79948485,0.34009206,0.42267567,-0.472988,0.5309322,0.4943442,0.21956111,-0.45946229,-0.4039415,0.77826357
5,-18.463238,-3.0460095,1.0710692,-9.265732,4.1417103,43.659084,-5.592493,-3.6238728,-2.5894785,-7.2131934,1.791584,-3.4155781,0.7938678,-1.7101111,-2.0812044,3.105567,-3.709396,3.0018606,-4.0630417,-1.4965717,-1.7818971,0.05010983,-1.9317882,-0.7267654,-0.14930615,1.1847987,-1.8177297,-0.61378205,0.18375233,0.91579556,-0.6909762,-1.3045928,-0.6050791,-0.84409356,0.39447498,1.4778569,0.7685598,2.2789197,-0.34686399,1.2878234,-0.5957055,1.6424578,0.27456594,-0.35786748,-0.60393536,-0.22023657,0.39122373,-1.2149773,0.66156566,-0.44297683,0.03902877,0.635589,0.095150694,1.0401223,0.011965821,0.58726317,-0.05972053,0.22698273,0.55076635,0.22347508,-0.047811903
6,21.007774,-9.035829,3.0949035,-6.520948,5.3266487,-5.592493,39.12687,-4.475766,-6.0452394,-5.001691,4.4042034,-2.0054672,3.7866201,2.5215976,-1.5703526,-3.526616,3.773244,2.3552485,1.504988,-1.0664549,-2.089663,-0.5268536,-0.17131457,0.69287217,0.12526679,2.093028,0.31111062,0.1171321,-0.36574024,0.6029049,2.5320706,1.0926828,1.7295852,1.661385,0.14764225,-0.14207526,-0.6224681,1.2034494,-0.13788524,-0.42475998,0.81686527,-0.2455034,-1.5581794,-0.74783874,0.62174296,-0.30509764,0.8340305,-1.4978025,-0.21557507,0.9860672,0.2168464,0.6814989,-0.1968101,0.23021412,0.5523107,0.42688686,-0.05687312,-0.32740808,0.08786858,-0.25299186,0.053800248
7,14.307907,-6.034376,-6.42395,5.3806114,5.340279,-3.6238728,-4.475766,36.201763,-1.7266539,-3.36385,0.9450762,-2.0921364,-2.3213184,0.4559422,-2.2752526,-3.6456492,0.18404582,-1.1775203,1.7416823,-2.7606852,0.73765993,-0.17936686,-1.0156088,-1.7240702,-0.93245625,-0.6470519,-0.2727518,-0.71627223,0.2413497,-0.129726,0.34708786,-0.90525,-1.3475969,-0.47405285,0.9856328,-0.7428233,0.82360804,0.59814847,0.19875121,-0.10610677,-0.5947939,0.93783593,0.37174082,-0.013716657,0.08530398,-0.0143405255,-0.08324186,-0.44630504,0.07021945,-1.2522461,0.17636997,-0.1745438,-0.5868726,-0.084769055,-0.14315799,0.4679383,-0.55801666,-0.2458407,0.38098866,0.20060721,-3.3235323e-05
8,-2.3623738,-7.753832,-4.630801,0.7827396,2.1712976,-2.5894785,-6.0452394,-1.7266539,19.832542,2.3511505,0.29988822,-1.6355546,4.7928567,-5.5915585,3.1949334,-0.8370099,-2.4822762,0.60156775,0.55528253,2.0737813,-0.3422017,-2.3231504,-0.9554796,-0.9908538,-2.1356788,1.0799236,-1.0860533,1.9442499,3.1778622,0.33691666,1.7151142,0.32057673,-0.5877342,0.5652665,0.94268847,-0.21006377,-0.98170125,0.235719,0.7735854,-0.77247864,-0.30472463,0.18519688,-0.03694106,0.11684877,0.84086347,0.021876847,0.38461113,0.9619758,-1.0136096,-0.6437566,0.115906835,0.06171907,1.178052,-0.5305245,0.49509543,0.22823907,0.22188492,-0.80760217,0.16682956,-0.262111,0.55153835
9,2.3314648,-3.4402616,-1.0583744,1.7422273,6.7925215,-7.2131934,-5.001691,-3.36385,2.3511505,27.961332,-0.12351124,-0.8478297,-2.298153,1.0236027,-3.1342504,-0.15930372,-2.7717595,1.2635802,-4.545687,0.9102274,-0.9072183,2.7848752,2.2237837,-1.0014572,-0.3877132,2.2914147,-0.79409814,-0.39683875,-1.4214047,-2.3841624,-0.31966317,0.5525137,-0.5783315,0.0910472,0.91885495,-0.17779396,0.47988373,0.7954342,-0.5228622,0.42498145,0.79624337,-0.41405207,-0.0706968,-0.40059137,0.34925508,-0.6716603,0.5013615,0.21142343,0.21937749,0.1584923,0.623984,0.1921157,-1.0606844,-0.5556209,-0.100004,0.4793281,-0.016136758,0.036358878,-0.26418278,-0.22939752,0.289718
10,6.140047,2.9577115,-3.3148582,-4.3132224,1.6064792,1.791584,4.4042034,0.9450762,0.29988822,-0.12351124,27.60713,1.5743796,-1.5437338,-1.3685397,3.55158,1.0797421,0.63403046,0.8262974,-1.572448,0.39549318,1.1785052,-0.29760802,-0.45851552,-1.7315426,-1.6256161,1.3741552,0.990423,-0.9359095,-0.6103742,-0.026597187,-0.6742018,-0.75360084,-1.6943016,1.2027332,0.21797153,0.78903866,0.92320096,-0.96881187,0.80386686,-0.45362598,-0.21125248,-0.2879787,0.66274303,-1.0243182,-0.28281593,0.48185396,0.39471823,0.17433524,0.19515082,0.09844954,0.5904652,-0.46545628,0.08445336,-0.8726846,-0.3677849,0.16610685,0.09785798,0.68725884,0.3575655,0.61639,0.23435466
11,-9.040667,-2.0352433,-2.8329077,5.1416197,5.0841393,-3.4155781,-2.0054672,-2.0921364,-1.6355546,-0.8478297,1.5743796,25.268427,0.10008405,4.4387283,-0.044655506,0.66889143,0.43821624,1.1726277,-0.5642923,0.42179644,-0.45896977,2.0318227,-0.67863226,1.4176404,-0.6384688,-0.6236286,0.98371303,-0.40505832,0.725454,2.5594559,0.6350714,-0.90346646,-0.11983043,-1.398835,0.9071822,0.20065564,-0.10293235,-0.22669818,1.6098977,0.04221049,0.70878613,0.18718213,0.06535675,-0.6961268,-1.2987992,-0.566064,0.0791128,0.19923778,0.07824859,-0.73115575,-0.030391347,0.24291518,0.49228323,0.30583832,-0.019337453,-0.43585464,0.35479575,-0.7804632,-0.036426235,0.10725789,-0.08991198
12,13.578213,0.27017808,-2.5784416,0.17405374,2.5480509,0.7938678,3.7866201,-2.3213184,4.7928567,-2.298153,-1.5437338,0.10008405,19.427095,-2.7780395,0.34637246,-2.828038,1.0538538,-2.5370135,-2.2911925,2.733654,-0.41210225,2.6140032,0.9662299,0.13755068,-1.3431108,-0.9990301,-1.0922115,-0.105981484,-0.5844331,-0.09482531,-0.2387844,-0.9721912,0.33507615,-0.9855268,-0.34148562,-1.1721611,0.2628634,0.039725177,1.0528147,0.45694822,-0.68633664,1.0889301,0.009631496,0.51583433,-0.051058732,0.26523334,0.68442535,-0.08340443,0.9137813,-0.5704065,0.44076774,-0.28793448,0.25255087,1.044048,0.13643032,0.16435258,-0.07606263,0.29407954,0.26453152,-0.4273762,-0.15299666
13,7.0063086,0.6095724,-6.5260935,-4.0958147,-7.792366,-1.7101111,2.5215976,0.4559422,-5.5915585,1.0236027,-1.3685397,4.4387283,-2.7780395,16.338589,1.8905646,-1.1976012,0.09381732,-0.13440554,-1.6531676,2.0614848,-2.3243322,-0.4192862,-0.74242985,-1.8819566,-0.04048901,0.038521998,-2.5650146,0.30435246,-0.22804886,-0.87300235,-0.7602796,-0.07732706,0.7714236,-0.2629561,-0.5059073,-0.42531973,0.2070891,0.88897276,-0.35793954,0.5499617,-0.4458513,0.75425845,0.38382554,-0.20213838,0.24489234,-0.27042124,-0.08516015,0.4430722,-0.65853226,-0.3093953,-0.31820163,0.32831672,0.152354,0.14029153,-0.021895926,0.21841282,-0.2665149,0.06073431,-0.12959562,0.248369,0.4540739
14,15.466325,-2.1454487,-0.66220415,-0.7797943,-5.0891876,-2.0812044,-1.5703526,-2.2752526,3.1949334,-3.1342504,3.55158,-0.044655506,0.34637246,1.8905646,10.029212,1.4015565,-2.1265655,-0.7015646,-2.1019788,-1.7164307,-0.44810772,-0.28185314,0.51683414,-1.2614334,0.7167717,-0.33505565,0.6534243,0.15419832,2.587785,0.82865834,-0.4236021,1.4776145,0.30151695,-0.71285784,0.10610537,-0.73125756,0.11536504,-1.2706685,-0.6733149,-0.9819314,0.25016686,0.57336473,0.5234715,0.14648418,0.09565705,0.12192124,-0.22534916,-0.21740602,0.22936904,-0.1823465,-0.06449008,0.18265164,-0.10287016,0.13564295,-0.564791,-0.1255341,-0.11407531,-0.037040025,-0.1991095,-0.5053996,0.054453276
15,3.1987255,-0.39477888,-3.0396109,1.3312874,4.910231,3.105567,-3.526616,-3.6456492,-0.8370099,-0.15930372,1.0797421,0.66889143,-2.828038,-1.1976012,1.4015565,12.910227,0.95745844,-1.3099316,1.8038921,0.68424016,-1.5559137,-0.64254665,0.08928142,-1.469928,1.5591801,-2.0638776,-0.044791758,1.4600725,1.1699721,-1.0903215,-0.5448877,0.41924107,-0.41430616,0.51761407,-0.24170849,-1.4927033,0.43139926,0.42704707,0.2798513,-0.27145207,0.95174325,-0.28097665,-0.27659875,-0.39596814,0.028378505,-0.31830785,-0.0022732762,-0.2832508,0.08466265,0.5358213,0.40655172,-0.54823893,-0.18746115,0.36895514,0.29748493,-0.68677956,-0.28459278,0.31751323,0.041003436,-0.15169123,0.022532776
16,-14.750619,0.14476219,0.7441095,0.6918067,-0.9625375,-3.709396,3.773244,0.18404582,-2.4822762,-2.7717595,0.63403046,0.43821624,1.0538538,0.09381732,-2.1265655,0.95745844,12.492472,-1.909677,-2.2972374,0.71734047,1.8361139,0.023806162,0.40327156,-0.85528946,-0.047700197,-0.98374456,-1.1325185,1.160816,1.5498086,0.59850115,0.14819774,0.8270974,-1.3786877,-0.025026284,0.21568403,0.282102,0.33908597,0.60927004,-0.2301558,0.79394364,0.043992028,-1.1616404,0.17162284,0.7584398,0.20340636,0.03814674,-0.57337856,0.007041878,-0.027285747,-0.050654806,-0.05531028,-0.05592147,-0.5739796,-0.34199792,0.22887626,0.53205943,-0.03676214,0.44365698,0.1101632,-0.14736769,0.23597047
17,9.699474,-5.297013,4.457717,4.986199,0.6839087,3.0018606,2.3552485,-1.1775203,0.60156775,1.2635802,0.8262974,1.1726277,-2.5370135,-0.13440554,-0.7015646,-1.3099316,-1.909677,9.850811,-0.17203435,1.4809144,1.817215,-1.7095249,1.3418996,0.44283122,0.529368,0.45053485,-0.30527252,-0.086426094,0.86279964,0.8623728,0.7947973,0.21464106,-0.54942274,0.17261672,-0.4332409,1.141506,0.78509325,-0.12843253,-0.40171313,1.046271,-1.0011625,0.11687653,-0.074851885,-0.16034842,0.63112855,0.6594624,-0.319328,0.49529564,-0.128876,-0.19922233,0.17378795,0.46123847,0.03984362,0.6050569,0.29193145,-0.44729066,0.23724952,-0.1291517,-0.21420877,0.124752164,-0.086597994
18,0.6339301,-0.65893674,1.6384665,-2.0735254,0.38685572,-4.0630417,1.504988,1.7416823,0.55528253,-4.545687,-1.572448,-0.5642923,-2.2911925,-1.6531676,-2.1019788,1.8038921,-2.2972374,-0.17203435,10.387899,1.9385265,-0.47145042,-1.213747,1.2066133,0.20095065,-0.47081774,1.5674711,-0.68615687,-0.2579023,-0.2047443,0.036351666,-0.52475375,0.3359763,0.23085834,-0.9849398,-0.3649947,-0.31297767,0.72207713,-0.15601078,1.839634,-0.4122336,0.50682676,-0.14548913,0.1850977,-0.2131637,-0.46023574,-0.22160791,0.023232147,0.46776444,-0.5231462,0.9061961,-0.20463118,-0.219207,0.42595226,0.12746012,0.27394816,-0.02983069,0.28715843,0.0033794716,0.017550893,0.4192961,0.037070796
19,3.7242315,1.3718866,2.6145782,1.5024467,-3.312601,-1.4965717,-1.0664549,-2.7606852,2.0737813,0.9102274,0.39549318,0.42179644,2.733654,2.0614848,-1.7164307,0.68424016,0.71734047,1.4809144,1.9385265,8.239185,-0.6950463,-1.7080983,-1.126215,-0.95752513,-0.81457114,0.01426002,-0.4313442,-0.09842405,-0.59095633,-1.5515367,-0.46751246,-0.5528319,-0.7409562,-0.38254416,1.2566528,0.2381917,0.83479744,0.040558226,-0.06222844,0.1218257,-0.29462922,0.4547404,-0.3212362,0.49043596,-0.43123412,0.475993,-0.8089708,-0.08156724,0.12808722,-0.2180427,0.11959,-0.02307047,0.7556416,-0.3068862,0.16053566,0.21434991,-0.12591025,-0.2435358,0.09389854,0.07435769,0.13344064
20,-1.2946718,-0.29753453,1.0144262,-2.124217,-1.8226151,-1.7818971,-2.089663,0.73765993,-0.3422017,-0.9072183,1.1785052,-0.45896977,-0.41210225,-2.3243322,-0.44810772,-1.5559137,1.8361139,1.817215,-0.47145042,-0.6950463,10.368031,0.4885943,0.34602684,-0.18471788,0.57292235,-0.10600824,0.08652556,0.89687383,-0.24311492,-0.5803205,-1.1070001,0.10096078,1.2082915,-0.4136756,1.1799846,0.16479528,-0.5518056,-0.39409634,-0.4686162,0.62368953,0.25103688,0.7795303,0.3158713,-0.6992552,-0.3559106,-0.5959426,0.18988025,0.4551543,-0.08217099,0.06541507,-0.89979446,-0.20516148,0.2910255,0.4608649,0.48866972,-0.5869523,0.35998735,0.032535776,-0.25459948,-0.3012343,0.23680225
21,5.4691525,-2.2995787,4.5846834,-0.21499056,0.12563825,0.05010983,-0.5268536,-0.17936686,-2.3231504,2.7848752,-0.29760802,2.0318227,2.6140032,-0.4192862,-0.28185314,-0.64254665,0.023806162,-1.7095249,-1.213747,-1.7080983,0.4885943,7.8691497,0.4334969,0.3774351,1.7460576,0.68453884,0.37214214,1.4542907,-0.17863941,-0.21384683,-0.74230754,-0.80065286,-0.10991436,-0.21103668,0.24994524,0.6051084,1.0183407,0.46009314,0.9344843,-0.78866506,0.14160028,-0.004569709,0.43205062,-0.13274631,0.105771214,0.53280854,-0.21953362,-0.05351445,-0.5164777,0.44594038,-0.1287781,-0.6973711,0.15610912,0.086164966,0.021628428,0.21132195,-0.24112074,0.05808605,0.2543118,0.23353349,-0.23334137
22,-0.5814456,-0.05011175,-4.769538,-0.84148747,-2.381726,-1.9317882,-0.17131457,-1.0156088,-0.9554796,2.2237837,-0.45851552,-0.67863226,0.9662299,-0.74242985,0.51683414,0.08928142,0.40327156,1.3418996,1.2066133,-1.126215,0.34602684,0.4334969,9.239709,-1.3003261,-0.078538686,-0.5732215,-0.57249415,-0.93806887,-0.2338136,1.204702,0.57011855,0.19862643,-1.493796,-0.4020127,-0.23815954,0.1965862,-0.3671284,0.14043063,-0.07675948,-0.16019046,0.27779645,0.14289087,0.03729968,0.07483062,-0.15699497,0.050255395,0.18374282,-0.45220357,-0.14164114,0.24708232,-0.16481918,0.009819701,0.16409537,0.6614468,-0.09261471,-0.20901752,0.12428686,0.23797405,0.18022612,0.30342346,-0.3698234
23,0.5647063,1.9401176,-5.609051,-0.6944399,-0.24889651,-0.7267654,0.69287217,-1.7240702,-0.9908538,-1.0014572,-1.7315426,1.4176404,0.13755068,-1.8819566,-1.2614334,-1.469928,-0.85528946,0.44283122,0.20095065,-0.95752513,-0.18471788,0.3774351,-1.3003261,8.95092,0.13046624,-0.4725949,-0.4478726,-0.76982415,0.99443305,-0.21412253,-0.5892783,0.59556854,-0.756375,0.3189034,0.44785428,-0.2159738,0.4068572,-0.14143378,-0.4149685,-0.25151294,0.057092585,0.13809186,0.1410386,-0.17849931,0.55474555,0.75382704,0.1644203,0.24351117,0.3846131,0.14769667,0.0327549,-0.019094976,-0.12581065,-0.47984177,0.007983366,-0.2351307,0.15030862,0.24313557,-0.31502816,0.35247356,-0.21487796
24,3.181159,-0.91889346,-0.01446075,-0.40502894,0.24869898,-0.14930615,0.12526679,-0.93245625,-2.1356788,-0.3877132,-1.6256161,-0.6384688,-1.3431108,-0.04048901,0.7167717,1.5591801,-0.047700197,0.529368,-0.47081774,-0.81457114,0.57292235,1.7460576,-0.078538686,0.13046624,8.153596,0.25134358,0.10407096,-1.1610862,0.3954932,-0.47993702,0.8159009,-0.13251825,-0.109254695,0.6941631,-0.28537953,-0.22677833,0.46298426,-1.1697819,0.5817487,0.12876308,-0.75635016,0.6599692,-0.45504355,0.65172577,-0.02428354,-0.47557276,-0.113899045,-0.10774633,-0.52827024,-0.63565135,-0.13057819,-0.17629234,0.40889096,-0.083199814,0.40241927,0.45420232,-0.117722675,0.045815647,0.21434253,0.0024557873,0.14472017
25,-7.421565,3.0351076,-1.3051925,1.5272636,-1.4099805,1.1847987,2.093028,-0.6470519,1.0799236,2.2914147,1.3741552,-0.6236286,-0.9990301,0.038521998,-0.33505565,-2.0638776,-0.98374456,0.45053485,1.5674711,0.01426002,-0.10600824,0.68453884,-0.5732215,-0.4725949,0.25134358,7.754341,0.043935537,0.54791915,1.3000896,0.4101551,-0.05252649,-0.03240604,0.16775943,-0.20654115,-0.12191473,-0.7553334,-0.04381016,0.13513553,0.5109029,0.048651777,0.32208842,0.08853253,0.079627216,0.55521685,-0.68596613,0.27588564,-0.024020828,-0.46436256,0.11465666,-0.3263678,-0.48575744,-0.1869681,-0.35706446,0.46928257,0.0879914,0.5658413,-0.36204353,0.18879351,-0.2879054,-0.09191489,-0.08169373
26,1.4064407,0.16717958,-0.9103043,0.27256352,-2.7365594,-1.8177297,0.31111062,-0.2727518,-1.0860533,-0.79409814,0.990423,0.98371303,-1.0922115,-2.5650146,0.6534243,-0.044791758,-1.1325185,-0.30527252,-0.68615687,-0.4313442,0.08652556,0.37214214,-0.57249415,-0.4478726,0.10407096,0.043935537,8.49241,0.33519983,-0.88215667,-0.468545,0.38923758,-0.030174982,-0.2502544,-0.8146928,-0.10133638,-0.30300206,-0.25123423,0.98153925,0.05049047,0.42095703,0.097051226,-0.2212223,-0.52093077,0.6750171,0.17168552,0.16278282,-0.09567113,0.1355826,0.37444752,0.027390225,0.25444838,0.36686206,0.29723734,0.14068449,0.2282461,0.10257717,0.13554281,-0.06374393,-0.25953496,0.0934175,-0.0881298
27,-2.72539,-0.31385285,-2.8663363,1.8383805,0.15276231,-0.61378205,0.1171321,-0.71627223,1.9442499,-0.39683875,-0.9359095,-0.40505832,-0.105981484,0.30435246,0.15419832,1.4600725,1.160816,-0.086426094,-0.2579023,-0.09842405,0.89687383,1.4542907,-0.93806887,-0.76982415,-1.1610862,0.54791915,0.33519983,6.24692,0.15005234,-0.2708434,0.79548544,0.36586326,-0.004080153,0.2678035,-0.41389966,0.04562234,0.5188333,-0.2556972,-0.016084272,-0.12178558,-0.6875931,0.925701,-0.5020864,-0.07195108,0.36188287,0.16713625,-0.19065931,-0.10249306,-0.12318765,0.8429028,-0.49842656,0.15549679,-0.18689582,0.025434934,-0.0142633,-0.03524158,0.26138687,-0.34829536,-0.0312068,0.5681171,0.037119176
28,7.8701916,-0.90437686,-0.38783497,1.1797148,-1.0461037,0.18375233,-0.36574024,0.2413497,3.1778622,-1.4214047,-0.6103742,0.725454,-0.5844331,-0.22804886,2.587785,1.1699721,1.5498086,0.86279964,-0.2047443,-0.59095633,-0.24311492,-0.17863941,-0.2338136,0.99443305,0.3954932,1.3000896,-0.88215667,0.15005234,5.295076,-0.04847155,-0.007380503,-0.8645532,-0.426605,-0.80977523,0.30602437,0.36278635,-0.3468451,0.6443769,-0.2738793,0.30570138,0.53061795,-0.44215602,0.28318238,0.17035843,0.46104443,-0.19352579,0.24388334,-0.13809507,-0.3156488,0.002211941,-0.20705852,-0.30128992,-0.5018883,0.07140994,0.0762314,0.22756433,0.15556607,-0.08699952,-0.1804704,0.20715505,-0.13648693
29,-4.326456,-0.1330606,4.210187,3.503403,1.1729417,0.91579556,0.6029049,-0.129726,0.33691666,-2.3841624,-0.026597187,2.5594559,-0.09482531,-0.87300235,0.82865834,-1.0903215,0.59850115,0.8623728,0.036351666,-1.5515367,-0.5803205,-0.21384683,1.204702,-0.21412253,-0.47993702,0.4101551,-0.468545,-0.2708434,-0.04847155,3.8676631,-0.40814722,0.2437571,-0.6080488,0.22015297,-0.37832928,-0.82926357,-0.1445274,0.070195004,-0.36712483,-0.343058,-0.3715561,0.4095119,-0.44172657,0.4090921,-0.36028466,-0.31762967,-0.16127634,0.3582312,0.002794529,0.47279,0.22972086,0.03440205,0.16284339,-0.041215222,-0.108324125,0.11724973,-0.3437996,0.08970739,-0.115211114,-0.020408802,0.38865256
30,-5.4755554,2.5584052,-1.2789826,-1.5031763,1.287015,-0.6909762,2.5320706,0.34708786,1.7151142,-0.31966317,-0.6742018,0.6350714,-0.2387844,-0.7602796,-0.4236021,-0.5448877,0.14819774,0.7947973,-0.52475375,-0.46751246,-1.1070001,-0.74230754,0.57011855,-0.5892783,0.8159009,-0.05252649,0.38923758,0.79548544,-0.007380503,-0.40814722,5.5874796,-0.46599796,0.4459823,0.2746264,-0.05349075,0.0667519,0.87822914,0.06648056,-0.22354953,-0.40024257,-0.31490928,0.09074888,0.7548419,-0.33706504,-0.18562755,0.24336284,0.32302743,0.15311241,-0.028338995,-0.42677426,-0.33774835,-0.31105828,0.063781664,-0.15448979,-0.47071227,-0.4324553,0.009284451,-0.22773516,-0.047410637,-0.1726919,-0.009035029
31,-2.1010096,0.9823098,-0.23760036,0.11841093,1.0683982,-1.3045928,1.0926828,-0.90525,0.32057673,0.5525137,-0.75360084,-0.90346646,-0.9721912,-0.07732706,1.4776145,0.41924107,0.8270974,0.21464106,0.3359763,-0.5528319,0.10096078,-0.80065286,0.19862643,0.59556854,-0.13251825,-0.03240604,-0.030174982,0.36586326,-0.8645532,0.2437571,-0.46599796,5.6333594,0.19126955,-1.1124542,0.2649392,0.3693145,0.84885585,-0.10235007,0.23312916,-0.3162729,-0.07554483,0.24312899,0.06903304,0.103894114,0.3073668,-0.09055582,0.11359857,-0.45240396,0.29811192,-0.80110145,0.4561541,-0.021640792,0.08091174,0.020649105,-0.04858461,0.17404027,0.08021644,-0.014166599,0.114738345,0.01840313,0.2698059
32,1.2920828,-2.1427007,-0.43109703,0.97868973,1.0255022,-0.6050791,1.7295852,-1.3475969,-0.5877342,-0.5783315,-1.6943016,-0.11983043,0.33507615,0.7714236,0.30151695,-0.41430616,-1.3786877,-0.54942274,0.23085834,-0.7409562,1.2082915,-0.10991436,-1.493796,-0.756375,-0.109254695,0.16775943,-0.2502544,-0.004080153,-0.426605,-0.6080488,0.4459823,0.19126955,3.5950763,0.13624349,-0.10922147,0.2956524,-0.6075486,-0.31106436,-0.3521154,-0.08625534,0.50893605,0.073928,0.828269,-0.024444124,-0.6680976,-0.09546815,-0.0070534274,0.036813494,0.08227244,0.24750465,0.58060265,-0.36834866,-0.010373194,0.5441667,-0.21491525,-0.05940015,0.2724291,0.3030062,-0.07627696,0.32407987,0.23443487
33,-3.101375,-0.18196574,-0.18612307,4.2512093,-0.9574907,-0.84409356,1.661385,-0.47405285,0.5652665,0.0910472,1.2027332,-1.398835,-0.9855268,-0.2629561,-0.71285784,0.51761407,-0.025026284,0.17261672,-0.9849398,-0.38254416,-0.4136756,-0.21103668,-0.4020127,0.3189034,0.6941631,-0.20654115,-0.8146928,0.2678035,-0.80977523,0.22015297,0.2746264,-1.1124542,0.13624349,3.7397127,0.38494003,-0.70410913,-0.722968,-0.14245857,0.050888546,-0.6618806,0.1484102,-0.2560491,0.26030955,0.17496483,0.58775556,-0.028876942,0.011434441,-0.051709253,-0.058194794,-0.20302033,0.13138725,0.48880628,0.19255507,0.16908473,0.17519769,-0.303267,0.08578493,0.02503191,0.2522291,0.24959245,0.27635908
34,-1.4681413,0.2728402,1.7649152,-2.1000311,-0.31277174,0.39447498,0.14764225,0.9856328,0.94268847,0.91885495,0.21797153,0.9071822,-0.34148562,-0.5059073,0.10610537,-0.24170849,0.21568403,-0.4332409,-0.3649947,1.2566528,1.1799846,0.24994524,-0.23815954,0.44785428,-0.28537953,-0.12191473,-0.10133638,-0.41389966,0.30602437,-0.37832928,-0.05349075,0.2649392,-0.10922147,0.38494003,4.7814403,-0.4400304,0.19286895,-0.22068086,-0.035822142,-0.5189568,-0.058757726,-0.09703462,-0.21061502,0.041588776,-0.11127483,-0.119958535,0.19680339,-0.7166474,-0.49531132,0.17444201,0.09017771,0.42464256,0.16623619,0.5123347,-0.29996866,-0.13632211,-0.3720973,0.06549342,-0.10826812,0.2814245,0.050034665
35,1.1289803,0.6467358,-0.87787753,0.6481007,0.8301562,1.4778569,-0.14207526,-0.7428233,-0.21006377,-0.17779396,0.78903866,0.20065564,-1.1721611,-0.42531973,-0.73125756,-1.4927033,0.282102,1.141506,-0.31297767,0.2381917,0.16479528,0.6051084,0.1965862,-0.2159738,-0.22677833,-0.7553334,-0.30300206,0.04562234,0.36278635,-0.82926357,0.0667519,0.3693145,0.2956524,-0.70410913,-0.4400304,4.5839586,-0.78405356,-0.11716515,0.4084586,-0.7428819,-0.018007752,-0.07583983,0.08843236,0.37253886,0.066752106,0.020400036,-0.08000669,-0.029475152,0.022309942,0.09298862,-0.09157738,-0.024341963,0.027541026,-0.33165956,0.082795665,0.05191011,-0.36739278,-0.070825696,0.043751597,0.20826574,0.13902938
36,2.148684,-2.1918323,2.8604555,-0.529442,0.3620414,0.7685598,-0.6224681,0.82360804,-0.98170125,0.47988373,0.92320096,-0.10293235,0.2628634,0.2070891,0.11536504,0.43139926,0.33908597,0.78509325,0.72207713,0.83479744,-0.5518056,1.0183407,-0.3671284,0.4068572,0.46298426,-0.04381016,-0.25123423,0.5188333,-0.3468451,-0.1445274,0.87822914,0.84885585,-0.6075486,-0.722968,0.19286895,-0.78405356,3.286404,-0.04403601,-0.47742712,0.050249487,-0.32641155,-0.18741933,0.64907396,-0.042333096,-0.28809792,0.2192645,0.30093735,0.34037054,0.45324484,0.05575085,-0.39862952,0.2735824,-0.05526591,-0.040941067,0.20328748,-0.03984096,-0.08216642,0.25971985,-0.031207204,0.29109362,-0.0074012177
37,1.3852155,-0.19975744,1.6702368,-1.4766237,-0.06284389,2.2789197,1.2034494,0.59814847,0.235719,0.7954342,-0.96881187,-0.22669818,0.039725177,0.88897276,-1.2706685,0.42704707,0.60927004,-0.12843253,-0.15601078,0.040558226,-0.39409634,0.46009314,0.14043063,-0.14143378,-1.1697819,0.13513553,0.98153925,-0.2556972,0.6443769,0.070195004,0.06648056,-0.10235007,-0.31106436,-0.14245857,-0.22068086,-0.11716515,-0.04403601,3.3248975,-0.10649906,-0.6684396,0.36471474,0.19060263,0.2210213,0.08367736,0.55682284,-0.657547,0.03489469,0.10372162,-0.26665068,-0.48518613,-0.034228265,-0.25228697,0.22179672,-0.08342315,0.47661164,-0.26767403,0.12687519,0.2738526,-0.39428633,0.18673712,0.18813835
38,-3.1446552,-0.08262707,0.4680711,-0.8279632,-0.33843112,-0.34686399,-0.13788524,0.19875121,0.7735854,-0.5228622,0.80386686,1.6098977,1.0528147,-0.35793954,-0.6733149,0.2798513,-0.2301558,-0.40171313,1.839634,-0.06222844,-0.4686162,0.9344843,-0.07675948,-0.4149685,0.5817487,0.5109029,0.05049047,-0.016084272,-0.2738793,-0.36712483,-0.22354953,0.23312916,-0.3521154,0.050888546,-0.035822142,0.4084586,-0.47742712,-0.10649906,3.4230785,0.45268947,-0.3461942,0.32568997,0.5197699,-0.12655723,1.0575519,-0.037906166,-0.0077479277,-0.16469565,-0.22523716,-0.12615979,0.23662308,0.27030933,-0.41654834,0.088623986,-0.087396115,-0.33808303,0.05477913,0.17638107,0.13733658,-0.24196409,0.27439088
39,1.3237741,-0.14040017,-1.2455491,0.08642736,0.5692786,1.2878234,-0.42475998,-0.10610677,-0.77247864,0.42498145,-0.45362598,0.04221049,0.45694822,0.5499617,-0.9819314,-0.27145207,0.79394364,1.046271,-0.4122336,0.1218257,0.62368953,-0.78866506,-0.16019046,-0.25151294,0.12876308,0.048651777,0.42095703,-0.12178558,0.30570138,-0.343058,-0.40024257,-0.3162729,-0.08625534,-0.6618806,-0.5189568,-0.7428819,0.050249487,-0.6684396,0.45268947,3.18205,-0.13051936,-0.6147046,0.049381338,0.24945483,0.21060215,0.19995934,0.6254606,-0.40264124,-0.017591882,0.2866724,-0.11803059,-0.030263081,0.10124003,-0.024463292,-0.31460983,-0.06537171,0.31081426,-0.13828631,0.13513419,0.008174131,0.39238015
40,1.101599,-1.9934776,1.1530249,-0.14553869,0.84524137,-0.5957055,0.81686527,-0.5947939,-0.30472463,0.79624337,-0.21125248,0.70878613,-0.68633664,-0.4458513,0.25016686,0.95174325,0.043992028,-1.0011625,0.50682676,-0.29462922,0.25103688,0.14160028,0.27779645,0.057092585,-0.75635016,0.32208842,0.097051226,-0.6875931,0.53061795,-0.3715561,-0.31490928,-0.07554483,0.50893605,0.1484102,-0.058757726,-0.018007752,-0.32641155,0.36471474,-0.3461942,-0.13051936,2.678992,0.15785125,0.069748014,0.17444924,-0.24567613,0.40788364,0.18852775,-0.01339466,0.34605578,-0.30004936,-0.76628655,0.25161582,0.01206658,-0.18401957,-0.15209103,-0.12600884,0.19564171,0.09289956,0.7778043,0.005068985,0.1604271
41,1.3025413,0.057566002,-0.51065755,0.6745441,-1.2063181,1.6424578,-0.2455034,0.93783593,0.18519688,-0.41405207,-0.2879787,0.18718213,1.0889301,0.75425845,0.57336473,-0.28097665,-1.1616404,0.11687653,-0.14548913,0.4547404,0.7795303,-0.004569709,0.14289087,0.13809186,0.6599692,0.08853253,-0.2212223,0.925701,-0.44215602,0.4095119,0.09074888,0.24312899,0.073928,-0.2560491,-0.09703462,-0.07583983,-0.18741933,0.19060263,0.32568997,-0.6147046,0.15785125,2.7689054,-0.39888737,-0.01001603,-0.23428243,-0.277547,0.1489428,-0.09974629,0.062613495,0.06947467,-0.06449498,0.31993043,-0.26465574,-0.5761392,-0.14480859,-0.108110905,0.1465328,0.2937976,0.21915124,0.006348189,0.123067506
42,-0.14717099,0.59010106,-0.010034787,0.57796896,-1.3747305,0.27456594,-1.5581794,0.37174082,-0.03694106,-0.0706968,0.66274303,0.06535675,0.009631496,0.38382554,0.5234715,-0.27659875,0.17162284,-0.074851885,0.1850977,-0.3212362,0.3158713,0.43205062,0.03729968,0.1410386,-0.45504355,0.079627216,-0.52093077,-0.5020864,0.28318238,-0.44172657,0.7548419,0.06903304,0.828269,0.26030955,-0.21061502,0.08843236,0.64907396,0.2210213,0.5197699,0.049381338,0.069748014,-0.39888737,3.1149564,0.49381477,0.08716564,-0.34983492,-0.2007577,-0.14856398,0.45717502,0.40146744,0.25061446,0.19757448,0.3076169,-0.047185913,0.19434318,-0.1279859,0.21554902,0.114761904,0.024629734,-0.20086843,-0.23345469
43,1.1027405,-0.52696204,-0.19108786,-0.44484317,1.0302877,-0.35786748,-0.74783874,-0.013716657,0.11684877,-0.40059137,-1.0243182,-0.6961268,0.51583433,-0.20213838,0.14648418,-0.39596814,0.7584398,-0.16034842,-0.2131637,0.49043596,-0.6992552,-0.13274631,0.07483062,-0.17849931,0.65172577,0.55521685,0.6750171,-0.07195108,0.17035843,0.4090921,-0.33706504,0.103894114,-0.024444124,0.17496483,0.041588776,0.37253886,-0.042333096,0.08367736,-0.12655723,0.24945483,0.17444924,-0.01001603,0.49381477,3.2367454,-0.40619272,0.05459892,0.0059878957,0.13800317,-0.21363315,0.018700846,0.09727846,0.39317554,-0.02084077,-0.20001987,-0.3311271,-0.3434378,-0.24921235,-0.050898634,-0.008397461,0.33655447,0.13725486
44,2.0409555,-0.56409335,0.83612967,0.2511586,-1.186835,-0.60393536,0.62174296,0.08530398,0.84086347,0.34925508,-0.28281593,-1.2987992,-0.051058732,0.24489234,0.09565705,0.028378505,0.20340636,0.63112855,-0.46023574,-0.43123412,-0.3559106,0.105771214,-0.15699497,0.55474555,-0.02428354,-0.68596613,0.17168552,0.36188287,0.46104443,-0.36028466,-0.18562755,0.3073668,-0.6680976,0.58775556,-0.11127483,0.066752106,-0.28809792,0.55682284,1.0575519,0.21060215,-0.24567613,-0.23428243,0.08716564,-0.40619272,2.0499759,-0.3240444,-0.1371851,0.21621147,0.2670516,-0.09424179,-0.30249307,0.10201584,0.21221605,0.1956371,-0.4591331,0.09844211,-0.080170214,0.081823125,0.11023915,0.14061269,0.018436115
45,-0.27169734,-1.2252129,-1.1046181,0.21625459,-1.1412063,-0.22023657,-0.30509764,-0.0143405255,0.021876847,-0.6716603,0.48185396,-0.566064,0.26523334,-0.27042124,0.12192124,-0.31830785,0.03814674,0.6594624,-0.22160791,0.475993,-0.5959426,0.53280854,0.050255395,0.75382704,-0.47557276,0.27588564,0.16278282,0.16713625,-0.19352579,-0.31762967,0.24336284,-0.09055582,-0.09546815,-0.028876942,-0.119958535,0.020400036,0.2192645,-0.657547,-0.037906166,0.19995934,0.40788364,-0.277547,-0.34983492,0.05459892,-0.3240444,2.3445494,-0.57728124,0.020821758,-0.42276067,-0.31320637,0.067929894,-0.29115242,-0.18158937,-0.07081294,0.13321099,-0.29864272,-0.06259836,0.4256034,0.3653066,-0.1355879,0.06624135
46,-1.0455866,0.7585814,-0.20354372,0.8280433,-1.601216,0.39122373,0.8340305,-0.08324186,0.38461113,0.5013615,0.39471823,0.0791128,0.68442535,-0.08516015,-0.22534916,-0.0022732762,-0.57337856,-0.319328,0.023232147,-0.8089708,0.18988025,-0.21953362,0.18374282,0.1644203,-0.113899045,-0.024020828,-0.09567113,-0.19065931,0.24388334,-0.16127634,0.32302743,0.11359857,-0.0070534274,0.011434441,0.19680339,-0.08000669,0.30093735,0.03489469,-0.0077479277,0.6254606,0.18852775,0.1489428,-0.2007577,0.0059878957,-0.1371851,-0.57728124,3.0898054,0.261347,-0.11581786,0.03587652,0.26044893,-0.100369215,0.013596531,-0.42495662,0.15576474,-0.10696961,-0.16638461,0.0397051,0.14354792,0.14269343,0.056305356
47,-0.5928364,0.25256234,0.5118005,-2.2625842,-0.19628221,-1.2149773,-1.4978025,-0.44630504,0.9619758,0.21142343,0.17433524,0.19923778,-0.08340443,0.4430722,-0.21740602,-0.2832508,0.007041878,0.49529564,0.46776444,-0.08156724,0.4551543,-0.05351445,-0.45220357,0.24351117,-0.10774633,-0.46436256,0.1355826,-0.10249306,-0.13809507,0.3582312,0.15311241,-0.45240396,0.036813494,-0.051709253,-0.7166474,-0.029475152,0.34037054,0.10372162,-0.16469565,-0.40264124,-0.01339466,-0.09974629,-0.14856398,0.13800317,0.21621147,0.020821758,0.261347,2.78392,-0.13342965,0.09000938,0.050391372,0.112815805,-0.22688584,0.41505104,-0.1416798,0.30203158,-0.1671441,0.2259455,0.23574758,-0.05316504,0.21088344
48,-1.0925423,-1.0619953,-0.3573293,2.4676383,-0.66736937,0.66156566,-0.21557507,0.07021945,-1.0136096,0.21937749,0.19515082,0.07824859,0.9137813,-0.65853226,0.22936904,0.08466265,-0.027285747,-0.128876,-0.5231462,0.12808722,-0.08217099,-0.5164777,-0.14164114,0.3846131,-0.52827024,0.11465666,0.37444752,-0.12318765,-0.3156488,0.002794529,-0.028338995,0.29811192,0.08227244,-0.058194794,-0.49531132,0.022309942,0.45324484,-0.26665068,-0.22523716,-0.017591882,0.34605578,0.062613495,0.45717502,-0.21363315,0.2670516,-0.42276067,-0.11581786,-0.13342965,1.7871318,-0.0025168355,-0.33129883,-0.04746248,-0.2063039,0.3610314,-0.013581022,0.10262574,-0.42398623,-0.20503819,0.18031803,-0.0176359,0.14384618
49,2.4371123,-0.5034394,-0.3684384,0.1625067,0.5168469,-0.44297683,0.9860672,-1.2522461,-0.6437566,0.1584923,0.09844954,-0.73115575,-0.5704065,-0.3093953,-0.1823465,0.5358213,-0.050654806,-0.19922233,0.9061961,-0.2180427,0.06541507,0.44594038,0.24708232,0.14769667,-0.63565135,-0.3263678,0.027390225,0.8429028,0.002211941,0.47279,-0.42677426,-0.80110145,0.24750465,-0.20302033,0.17444201,0.09298862,0.05575085,-0.48518613,-0.12615979,0.2866724,-0.30004936,0.06947467,0.40146744,0.018700846,-0.09424179,-0.31320637,0.03587652,0.09000938,-0.0025168355,1.9946218,0.046152703,0.16175735,-0.05793097,-0.32654876,-0.02165541,0.15420897,-0.3935274,0.07698086,-0.116411746,0.023633346,-0.11650089
50,-0.9305347,-1.7775478,0.08211741,0.8731498,-0.84691954,0.03902877,0.2168464,0.17636997,0.115906835,0.623984,0.5904652,-0.030391347,0.44076774,-0.31820163,-0.06449008,0.40655172,-0.05531028,0.17378795,-0.20463118,0.11959,-0.89979446,-0.1287781,-0.16481918,0.0327549,-0.13057819,-0.48575744,0.25444838,-0.49842656,-0.20705852,0.22972086,-0.33774835,0.4561541,0.58060265,0.13138725,0.09017771,-0.09157738,-0.39862952,-0.034228265,0.23662308,-0.11803059,-0.76628655,-0.06449498,0.25061446,0.09727846,-0.30249307,0.067929894,0.26044893,0.050391372,-0.33129883,0.046152703,1.8782266,-0.2504983,-0.38448608,0.08649857,0.1456006,0.11169414,0.08904347,-0.090908736,-0.062687464,0.19083002,-0.11318253
51,0.5374044,0.0924277,-1.3032374,-0.39518422,0.79948485,0.635589,0.6814989,-0.1745438,0.06171907,0.1921157,-0.46545628,0.24291518,-0.28793448,0.32831672,0.18265164,-0.54823893,-0.05592147,0.46123847,-0.219207,-0.02307047,-0.20516148,-0.6973711,0.009819701,-0.019094976,-0.17629234,-0.1869681,0.36686206,0.15549679,-0.30128992,0.03440205,-0.31105828,-0.021640792,-0.36834866,0.48880628,0.42464256,-0.024341963,0.2735824,-0.25228697,0.27030933,-0.030263081,0.25161582,0.31993043,0.19757448,0.39317554,0.10201584,-0.29115242,-0.100369215,0.112815805,-0.04746248,0.16175735,-0.2504983,2.1949,-0.20009436,0.06345371,0.19866043,0.081955746,0.18097511,0.09867961,0.09397038,-0.2210632,-0.21756548
52,0.033630166,-0.6032978,-1.2944767,0.79392433,0.34009206,0.095150694,-0.1968101,-0.5868726,1.178052,-1.0606844,0.08445336,0.49228323,0.25255087,0.152354,-0.10287016,-0.18746115,-0.5739796,0.03984362,0.42595226,0.7556416,0.2910255,0.15610912,0.16409537,-0.12581065,0.40889096,-0.35706446,0.29723734,-0.18689582,-0.5018883,0.16284339,0.063781664,0.08091174,-0.010373194,0.19255507,0.16623619,0.027541026,-0.05526591,0.22179672,-0.41654834,0.10124003,0.01206658,-0.26465574,0.3076169,-0.02084077,0.21221605,-0.18158937,0.013596531,-0.22688584,-0.2063039,-0.05793097,-0.38448608,-0.20009436,2.1803343,-0.18736163,-0.058576554,0.37462088,-0.1530101,0.19123676,0.047958598,0.045778364,0.028352618
53,1.2213562,1.0759826,-1.3212281,-0.29043072,0.42267567,1.0401223,0.23021412,-0.084769055,-0.5305245,-0.5556209,-0.8726846,0.30583832,1.044048,0.14029153,0.13564295,0.36895514,-0.34199792,0.6050569,0.12746012,-0.3068862,0.4608649,0.086164966,0.6614468,-0.47984177,-0.083199814,0.46928257,0.14068449,0.025434934,0.07140994,-0.041215222,-0.15448979,0.020649105,0.5441667,0.16908473,0.5123347,-0.33165956,-0.040941067,-0.08342315,0.088623986,-0.024463292,-0.18401957,-0.5761392,-0.047185913,-0.20001987,0.1956371,-0.07081294,-0.42495662,0.41505104,0.3610314,-0.32654876,0.08649857,0.06345371,-0.18736163,1.5796283,0.033168204,-0.029692087,-0.13710576,0.016248493,0.012987904,0.31014353,0.042914398
54,1.099771,0.22354056,-1.7744763,0.75337565,-0.472988,0.011965821,0.5523107,-0.14315799,0.49509543,-0.100004,-0.3677849,-0.019337453,0.13643032,-0.021895926,-0.564791,0.29748493,0.22887626,0.29193145,0.27394816,0.16053566,0.48866972,0.021628428,-0.09261471,0.007983366,0.40241927,0.0879914,0.2282461,-0.0142633,0.0762314,-0.108324125,-0.47071227,-0.04858461,-0.21491525,0.17519769,-0.29996866,0.082795665,0.20328748,0.47661164,-0.087396115,-0.31460983,-0.15209103,-0.14480859,0.19434318,-0.3311271,-0.4591331,0.13321099,0.15576474,-0.1416798,-0.013581022,-0.02165541,0.1456006,0.19866043,-0.058576554,0.033168204,2.0243156,-0.038366817,-0.11692059,-0.1545451,0.17700794,-0.1269921,0.1171366
55,-1.3163629,-0.090901226,-0.95071375,0.6201614,0.5309322,0.58726317,0.42688686,0.4679383,0.22823907,0.4793281,0.16610685,-0.43585464,0.16435258,0.21841282,-0.1255341,-0.68677956,0.53205943,-0.44729066,-0.02983069,0.21434991,-0.5869523,0.21132195,-0.20901752,-0.2351307,0.45420232,0.5658413,0.10257717,-0.03524158,0.22756433,0.11724973,-0.4324553,0.17404027,-0.05940015,-0.303267,-0.13632211,0.05191011,-0.03984096,-0.26767403,-0.33808303,-0.06537171,-0.12600884,-0.108110905,-0.1279859,-0.3434378,0.09844211,-0.29864272,-0.10696961,0.30203158,0.10262574,0.15420897,0.11169414,0.081955746,0.37462088,-0.029692087,-0.038366817,1.5631863,0.3512139,0.0763707,0.19341154,0.03493953,-0.15805939
56,0.18948571,0.11922792,1.1439269,0.14404747,0.4943442,-0.05972053,-0.05687312,-0.55801666,0.22188492,-0.016136758,0.09785798,0.35479575,-0.07606263,-0.2665149,-0.11407531,-0.28459278,-0.03676214,0.23724952,0.28715843,-0.12591025,0.35998735,-0.24112074,0.12428686,0.15030862,-0.117722675,-0.36204353,0.13554281,0.26138687,0.15556607,-0.3437996,0.009284451,0.08021644,0.2724291,0.08578493,-0.3720973,-0.36739278,-0.08216642,0.12687519,0.05477913,0.31081426,0.19564171,0.1465328,0.21554902,-0.24921235,-0.080170214,-0.06259836,-0.16638461,-0.1671441,-0.42398623,-0.3935274,0.08904347,0.18097511,-0.1530101,-0.13710576,-0.11692059,0.3512139,1.5337844,0.111519955,-0.003148009,0.17327864,-0.14707017
57,-0.93889195,0.0051492346,-0.9946238,1.7394233,0.21956111,0.22698273,-0.32740808,-0.2458407,-0.80760217,0.036358878,0.68725884,-0.7804632,0.29407954,0.06073431,-0.037040025,0.31751323,0.44365698,-0.1291517,0.0033794716,-0.2435358,0.032535776,0.05808605,0.23797405,0.24313557,0.045815647,0.18879351,-0.06374393,-0.34829536,-0.08699952,0.08970739,-0.22773516,-0.014166599,0.3030062,0.02503191,0.06549342,-0.070825696,0.25971985,0.2738526,0.17638107,-0.13828631,0.09289956,0.2937976,0.114761904,-0.050898634,0.081823125,0.4256034,0.0397051,0.2259455,-0.20503819,0.07698086,-0.090908736,0.09867961,0.19123676,0.016248493,-0.1545451,0.0763707,0.111519955,1.4786655,-0.35904658,-0.042002276,0.1790292
