,0,1,2,3,4,5,6,7,8,9,10,11,12,13,14,15,16,17,18,19,20,21,22,23,24,25,26,27,28,29,30,31,32,33,34,35,36,37,38,39,40,41,42,43,44,45,46,47,48,49,50,51,52,53,54,55,56,57,58,59,60
0,351.57074,-47.042244,-17.514004,-12.976057,-31.86562,28.979242,-34.281425,-23.71254,5.005259,-3.933985,-8.193111,15.012571,-21.820173,-11.797198,-25.095964,-5.5939693,23.739552,-16.099506,-1.4163878,-6.38076,2.1965518,-9.047964,1.2057147,-0.5709819,-4.915552,12.073513,-2.6647458,4.4903955,-12.968025,7.1089926,8.297619,3.7480102,-1.8773017,5.3250523,2.221913,-2.2066643,-3.3998675,-2.0428648,4.782609,-1.9262371,-2.1651788,-1.9579716,0.6731555,-1.2970388,-3.386827,0.03701762,1.2528787,1.252815,1.377576,-4.17072,1.2279168,-1.1560495,-0.22665967,-2.0634758,-1.4453586,2.1271293,-0.19270676,1.210433,0.6803875,0.29036927,-2.0298727
1,-47.042244,35.334755,-7.860923,-11.424334,-7.337802,4.8707476,14.631633,9.744029,12.663998,5.5551767,-4.648406,3.3283358,-0.41362804,-1.0250636,3.4704294,0.6085774,-0.24979195,8.564135,1.0253901,-2.2555623,0.49263275,3.7126057,0.09964156,-3.1230364,1.5032756,-4.916009,-0.3063593,0.51421165,1.4443326,0.2208933,-4.2002954,-1.5563601,3.489769,0.320607,-0.45193708,-1.0900869,3.5573282,0.34360498,0.108347,0.2461988,3.1993525,-0.08018562,-0.9171392,0.8994206,0.90602237,1.9531498,-1.2620236,-0.37905917,1.6842086,0.79881215,2.8516417,-0.17902702,0.9650686,-1.7537594,-0.3321125,0.14821845,-0.17952456,-0.036203198,-1.0779942,-0.53129256,-0.08030415
2,-17.514004,-7.860923,67.310104,-13.030672,9.047513,-1.5442264,-4.9637966,10.526951,7.2329917,1.7765908,4.94757,4.5006614,4.1103487,10.682909,1.0831251,5.0073586,-1.1743851,-7.172325,-2.5224466,-4.1428084,-1.6720065,-7.392729,7.6690626,9.025564,-0.013152037,2.1061964,1.5742046,4.634508,0.68325007,-6.8438993,2.2224398,0.27759525,0.6454886,0.22223759,-2.836005,1.5276637,-4.651347,-2.7646773,-0.68445647,1.9687934,-1.768336,0.7908264,-0.095583096,0.16820934,-1.3269212,1.883707,0.42892307,-0.91933835,0.6925776,0.6469903,-0.044740483,2.1963654,2.1415057,2.1665125,2.7883325,1.5451089,-1.8896687,1.693901,-1.5262101,1.162036,0.7092457
3,-12.976057,-11.424334,-13.030672,66.39906,3.5460725,14.114951,10.336918,-9.21685,-0.11703712,-2.9878502,8.7142,-7.973833,-0.08673208,6.200282,1.2359011,-2.5440125,-1.2767999,-8.435286,2.9540186,-2.7844853,3.5407076,0.17068782,1.6252549,1.4486668,0.8796212,-2.4328814,-0.82737875,-2.9089613,-2.1187549,-5.581709,1.8625984,0.16418621,-1.3765402,-6.594592,3.2567816,-1.4264592,0.9342361,2.5978732,1.0333662,0.07337676,-0.14139012,-0.94128597,-0.50578636,1.2224152,-0.49208298,-0.7433835,-1.7691817,3.9678802,-4.3969307,-0.4802031,-1.702481,0.34788358,-1.4590491,0.38490725,-0.8844118,-1.0165663,-0.1188101,-3.1319141,0.11178112,-0.42925185,-0.6172604
4,-31.86562,-7.337802,9.047513,3.5460725,48.83741,-6.127692,-8.495866,-8.353916,-4.233369,-10.936037,-3.6376257,-8.451023,-4.2212286,12.896902,8.264169,-7.70189,1.6676483,-0.84690034,-0.42763704,5.56857,2.8993235,-0.085629925,3.6997306,0.18892574,-0.56370854,2.2585468,4.665785,-0.3015942,1.8172086,-1.9618695,-1.7480043,-1.91538,-1.7820475,1.387727,0.61213017,-1.1272113,-0.6359751,-0.011367496,0.7376376,-1.0570257,-1.15797,1.8615353,1.9756129,-1.9459987,1.9633281,2.0923705,2.856946,0.15991229,1.2948301,-0.7018908,1.5218337,-1.1342123,-0.45173788,-0.6368662,0.5695662,-0.8585287,-0.8603624,-0.1732901,0.68549526,0.63646716,-1.2701163
5,28.979242,4.8707476,-1.5442264,14.114951,-6.127692,32.75831,8.928951,5.570784,4.864877,11.602818,-1.9028541,5.7402263,-1.1825016,2.5210528,3.3568883,-5.2673936,5.9174533,-5.082176,6.365557,2.230691,2.9433215,-0.1857943,3.281124,1.3762124,0.37963885,-1.8938913,2.7282615,1.0359148,-0.41837895,-1.4284675,0.7937968,2.307232,1.1048744,1.5383077,-0.72940433,-2.6067262,-1.1978931,-3.5792956,0.38366884,-1.9628212,0.7488017,-2.5752869,-0.19857049,0.8572926,0.93427575,0.12718494,-0.88673913,2.1335225,-1.2949914,0.5922905,-0.22151965,-1.1904383,-0.25248426,-1.732648,0.17151907,-0.9554252,0.1610975,-0.54402876,-0.8286358,-0.34951627,0.06726339
6,-34.281425,14.631633,-4.9637966,10.336918,-8.495866,8.928951,34.945602,7.177414,9.960445,8.08617,-6.8960056,3.296852,-6.112096,-4.1453886,2.5371885,5.6522655,-6.143399,-3.872589,-2.48533,1.6846113,3.4010177,0.8277841,0.3096951,-1.0731871,-0.16706842,-3.3850434,-0.55554324,-0.17917931,0.5595859,-0.9664202,-4.182998,-1.7287819,-2.7721224,-2.6516287,-0.26329738,0.17441598,1.0215716,-1.9239384,0.18095988,0.71968746,-1.3735799,0.41818345,2.5849462,1.2711053,-1.0155883,0.4384474,-1.4133027,2.4642692,0.29847538,-1.6275761,-0.38687986,-1.1404506,0.29833794,-0.38499156,-0.85051394,-0.6890111,0.109750405,0.49052614,-0.1309833,0.41758668,-0.087743506
7,-23.71254,9.744029,10.526951,-9.21685,-8.353916,5.570784,7.177414,15.0580225,3.156448,5.410745,-0.9909774,3.499775,3.8111334,-0.87148046,3.6808984,5.777545,-0.34929013,1.7839392,-2.9305837,4.3744526,-1.1670715,0.23419414,1.72733,2.9084468,1.5903952,1.0640821,0.3299601,1.1822898,-0.45511395,0.2411495,-0.73222053,1.5632458,2.2538962,0.8607764,-1.6488354,1.0979978,-1.3064761,-0.9109504,-0.41781068,0.23841107,0.84674275,-1.4745934,-0.4724872,0.16389342,-0.15981951,-0.10118719,-0.005751728,0.8057179,-0.23033483,1.9618826,-0.36563283,0.20318154,0.8979527,0.114848286,0.33186215,-0.7598543,0.9369409,0.30708817,-0.58429384,-0.31919694,-0.0014316036
8,5.005259,12.663998,7.2329917,-0.11703712,-4.233369,4.864877,9.960445,3.156448,39.50251,-3.7130563,-1.7031121,2.4004526,-7.886861,9.373442,-5.159359,1.6470886,4.1420283,-0.69259584,-0.64455193,-3.1226754,0.48854545,3.8979585,1.3618761,1.361008,3.2851963,-1.781287,2.0297294,-3.2075887,-5.005819,-0.616017,-2.3812096,-0.7478838,0.807029,-1.1164229,-1.4125326,0.59836376,1.5338571,-0.51908505,-1.0336664,1.0975398,0.75128174,-0.4082322,-0.23924404,-0.52460074,-1.3108952,0.24697478,-0.31652397,-1.7543976,1.9054978,1.1997385,-0.0013400647,0.09482227,-1.7902327,0.9172123,-1.0354364,-0.36552793,-0.43360716,1.5248187,-0.34551877,0.40728134,-0.8908667
9,-3.933985,5.5551767,1.7765908,-2.9878502,-10.936037,11.602818,8.08617,5.410745,-3.7130563,22.535713,0.33462596,1.4007845,3.7295992,-1.6949162,5.079073,0.22044936,4.476206,-2.0929816,7.350793,-1.4991186,1.4759362,-4.531185,-3.580897,1.6568493,0.6554599,-3.7098453,1.2575039,0.65257835,2.2897792,3.8736413,0.4768284,-0.878953,0.9514477,-0.12931442,-1.5066392,0.26426733,-0.770488,-1.2769892,0.82172203,-0.67026913,-1.3153391,0.68374693,0.14536265,0.68059635,-0.5690415,1.0551605,-0.84842366,-0.32774627,-0.37713093,-0.27610263,-1.0252833,-0.3287882,1.7061117,0.8955509,0.18644047,-0.7769313,0.030475955,-0.081662744,0.43410736,0.37444848,-0.462138
10,-8.193111,-4.648406,4.94757,8.7142,-3.6376257,-1.9028541,-6.8960056,-0.9909774,-1.7031121,0.33462596,11.871032,-2.9170501,2.3363414,2.672935,-5.7292776,-1.3132807,-0.8490114,-0.9095685,2.9067621,-0.29790455,-2.005755,0.67901546,0.46940583,2.436511,2.366859,-2.2746994,-1.2145212,1.4330957,1.2020595,-0.060111478,1.6725442,0.89653665,2.5285258,-2.2441802,-0.17809828,-0.9068246,-1.5838794,1.3726492,-0.9793471,0.50755143,0.7197536,0.30907786,-1.51108,1.1799803,0.5302765,-0.36417335,-0.18250905,-0.5610956,0.06427288,0.07075746,-0.69151807,1.0319201,0.03722696,1.4958687,0.2571028,-0.26482973,-0.26554686,-0.80103964,-0.6863414,-1.0257746,-0.38277596
11,15.012571,3.3283358,4.5006614,-7.973833,-8.451023,5.7402263,3.296852,3.499775,2.4004526,1.4007845,-2.9170501,13.373812,-0.19605678,-7.100478,0.078963846,-0.9929641,-0.6720507,-1.8112075,0.9858236,-0.61371,0.72407883,-3.2520368,1.0447991,-2.3731263,0.9791471,1.0010705,-1.5138311,0.63847065,-1.1312454,-4.168413,-0.9099356,1.399137,0.15056074,2.2077885,-1.4336569,-0.247015,0.14898562,0.32726747,-2.5429838,-0.11552605,-1.0731542,-0.33574703,-0.19529459,1.0316975,2.1189234,1.0028138,-0.03536178,-0.37909132,-0.050530136,1.2320627,0.10271836,-0.33708322,-0.7632801,-0.47852653,-0.03776861,0.7063229,-0.5971283,1.3285935,0.038493857,-0.1808823,0.14415976
12,-21.820173,-0.41362804,4.1103487,-0.08673208,-4.2212286,-1.1825016,-6.112096,3.8111334,-7.886861,3.7295992,2.3363414,-0.19605678,17.784174,4.5467896,-0.5607722,4.628066,-1.6894,4.165264,3.7357779,-4.400049,0.66073465,-4.215252,-1.5943619,-0.26234943,2.1450174,1.6146548,1.8068416,0.1606068,0.96436477,0.1419861,0.43857116,1.5524292,-0.5607842,1.5738618,0.57400864,1.9297627,-0.43457454,-0.08022541,-1.6748619,-0.76301056,1.1438949,-1.7804608,-0.054126896,-0.8764651,0.087300405,-0.38947868,-1.065517,0.114791185,-1.4521931,0.9479215,-0.69577473,0.48936158,-0.39305207,-1.6857026,-0.25165895,-0.26567551,0.117226504,-0.4480579,-0.43685377,0.6899829,0.24030241
13,-11.797198,-1.0250636,10.682909,6.200282,12.896902,2.5210528,-4.1453886,-0.87148046,9.373442,-1.6949162,2.672935,-7.100478,4.5467896,18.43799,-3.071778,1.8305517,-0.19799474,0.11073673,2.5851386,-3.4302983,3.7919307,0.6289823,1.2725563,3.1419063,0.13247627,-0.05094275,4.05542,-0.4711709,0.31476986,1.4405992,1.0821717,0.20960587,-1.1966273,0.5000826,0.7760844,0.5908186,-0.31437403,-1.3896016,0.49748588,-0.83289266,0.62762374,-1.1816837,-0.5099681,0.45206642,-0.4157052,0.3321389,0.023755897,-0.6456229,0.97033995,0.44271892,0.44643247,-0.6051412,-0.2906841,-0.24928632,0.12275255,-0.35482386,0.459709,-0.17927589,0.237161,-0.3946274,-0.7361395
14,-25.095964,3.4704294,1.0831251,1.2359011,8.264169,3.3568883,2.5371885,3.6808984,-5.159359,5.079073,-5.7292776,0.078963846,-0.5607722,-3.071778,21.232018,-2.2756767,3.4456482,1.128438,3.4011073,2.7758522,0.72683585,0.4537656,-0.83095914,2.0501966,-1.1572342,0.5435406,-1.0651066,-0.24832435,-4.1946564,-1.3397105,0.67893875,-2.3893445,-0.48612332,1.1592023,-0.17465857,1.1832364,-0.18599483,2.06215,1.0859631,1.5944471,-0.41162854,-0.9264989,-0.8424579,-0.22805217,-0.156847,-0.20379965,0.3580777,0.35653538,-0.3774413,0.29127204,0.10100371,-0.30038446,0.16264117,-0.22039759,0.9207473,0.20158347,0.18474942,0.054568414,0.325669,0.8173303,-0.08725618
15,-5.5939693,0.6085774,5.0073586,-2.5440125,-7.70189,-5.2673936,5.6522655,5.777545,1.6470886,0.22044936,-1.3132807,-0.9929641,4.628066,1.8305517,-2.2756767,15.346057,-1.5895836,2.0292015,-3.0220385,-1.1954205,2.5450797,0.9960867,-0.07647074,2.468553,-2.467925,3.3559911,-0.022633623,-2.3487957,-1.9462398,1.7931206,0.7418165,-0.5935709,0.72533876,-0.76447463,0.35346577,2.330686,-0.6788115,-0.6419964,-0.53176117,0.49339402,-1.6386609,0.4934395,0.55542487,0.7666536,-0.06684376,0.41586524,-0.10671755,0.53185374,-0.23573875,-0.9237669,-0.7290082,0.81762135,0.25903815,-0.61778843,-0.3982791,1.109247,0.4877689,-0.5925343,-0.036241528,0.2485544,-0.041665412
16,23.739552,-0.24979195,-1.1743851,-1.2767999,1.6676483,5.9174533,-6.143399,-0.34929013,4.1420283,4.476206,-0.8490114,-0.6720507,-1.6894,-0.19799474,3.4456482,-1.5895836,13.276365,3.0573092,3.680372,-1.199399,-2.966432,-0.056909803,-0.62420726,1.4202783,0.100510165,1.5986177,1.7956436,-1.8740635,-2.530939,-0.9584712,-0.29827148,-1.3034217,2.255739,0.07084428,-0.36456585,-0.49248403,-0.54184353,-0.9664422,0.340766,-1.2651155,-0.11114794,1.898601,-0.23418024,-1.1752808,-0.33917528,-0.10254927,0.8845998,0.019604275,0.0030034962,0.059049707,0.060053945,0.060335644,0.91100085,0.54610276,-0.33592355,-0.8650806,0.06986734,-0.751984,-0.16499326,0.2386695,-0.3850059
17,-16.099506,8.564135,-7.172325,-8.435286,-0.84690034,-5.082176,-3.872589,1.7839392,-0.69259584,-2.0929816,-0.9095685,-1.8112075,4.165264,0.11073673,1.128438,2.0292015,3.0573092,13.951447,0.17196952,-2.4874039,-2.9194455,2.728528,-2.1124082,-0.6413523,-0.8065951,-0.7196121,0.39944032,0.15539366,-1.451792,-1.3753171,-1.43233,-0.25394332,0.9448316,-0.20314416,0.66813046,-1.9467914,-1.2535564,0.26079285,0.57539207,-1.6433861,1.5263882,-0.1523878,0.23003083,0.3862975,-1.0451872,-1.1649561,0.41189325,-0.72392523,0.10494572,0.2704293,-0.35657483,-0.82203066,-0.107187144,-1.0026917,-0.3888768,0.7224243,-0.35286993,0.13150358,0.37728733,-0.19761288,0.12846038
18,-1.4163878,1.0253901,-2.5224466,2.9540186,-0.42763704,6.365557,-2.48533,-2.9305837,-0.64455193,7.350793,2.9067621,0.9858236,3.7357779,2.5851386,3.4011073,-3.0220385,3.680372,0.17196952,12.774625,-3.2070003,0.7814782,1.9221287,-1.898902,-0.2423116,0.8283726,-2.5305471,1.0329058,0.4405224,0.29002064,-0.036952764,0.7361909,-0.49338686,-0.3344562,1.6484088,0.54891086,0.43451983,-1.1515574,0.28816295,-3.0483747,0.71684104,-0.8896694,0.2687759,-0.2150645,0.43161136,0.73640835,0.27197194,-0.13082495,-0.71241415,0.7840724,-1.517509,0.28820455,0.30508566,-0.72312605,-0.22195518,-0.37798846,0.049914435,-0.44853607,-0.06641668,-0.0123512335,-0.67024374,-0.047746964
19,-6.38076,-2.2555623,-4.1428084,-2.7844853,5.56857,2.230691,1.6846113,4.3744526,-3.1226754,-1.4991186,-0.29790455,-0.61371,-4.400049,-3.4302983,2.7758522,-1.1954205,-1.199399,-2.4874039,-3.2070003,13.373455,1.1447086,2.7285686,1.878125,1.6237277,1.3741741,-0.0142600695,0.62206715,0.17798232,0.91661346,2.5343006,0.64504075,0.955655,1.240139,0.67382497,-2.0721278,-0.45974895,-1.33658,-0.028380387,0.037912756,-0.15243632,0.4080691,-0.7058364,0.60444,-0.70400596,0.68614304,-0.8525077,1.2242857,0.18395711,-0.27711642,0.3082481,-0.24299745,-0.016087595,-1.2570763,0.48106647,-0.1949049,-0.34741414,0.223697,0.33417454,-0.13337532,-0.11341876,-0.2127795
20,2.1965518,0.49263275,-1.6720065,3.5407076,2.8993235,2.9433215,3.4010177,-1.1670715,0.48854545,1.4759362,-2.005755,0.72407883,0.66073465,3.7919307,0.72683585,2.5450797,-2.966432,-2.9194455,0.7814782,1.1447086,8.769158,-0.78087485,-0.5764745,0.2788183,-0.9440552,0.16931365,-0.11928338,-1.4586005,0.40438,0.9342668,1.8244495,-0.18016395,-1.9694494,0.6552969,-1.9023161,-0.24884248,0.8896041,0.6285832,0.7770777,-1.023067,-0.38701588,-1.2720308,-0.5348412,1.1078002,0.5805075,0.98830867,-0.2829513,-0.75175625,0.15262373,-0.09319709,1.4713886,0.3468719,-0.46197647,-0.742931,-0.8100203,0.9520031,-0.58817995,-0.035935532,0.4068509,0.4873169,-0.38531473
21,-9.047964,3.7126057,-7.392729,0.17068782,-0.085629925,-0.1857943,0.8277841,0.23419414,3.8979585,-4.531185,0.67901546,-3.2520368,-4.215252,0.6289823,0.4537656,0.9960867,-0.056909803,2.728528,1.9221287,2.7285686,-0.78087485,11.144987,-0.672423,-0.57366836,-2.8032775,-1.1046665,-0.64742625,-2.348319,0.2660169,0.35774162,1.1376466,1.3366001,0.20150396,0.37480283,-0.422428,-1.0235839,-1.6416574,-0.72271574,-1.5500383,1.3029048,-0.27180982,0.024956577,-0.65126956,0.27173674,-0.18067579,-0.9089404,0.30700594,0.119998395,0.79309165,-0.74780446,0.1765987,1.0971953,-0.2724952,-0.1493716,0.0032428298,-0.34351933,0.40327078,-0.12979612,-0.39917684,-0.3759565,0.37583727
22,1.2057147,0.09964156,7.6690626,1.6252549,3.6997306,3.281124,0.3096951,1.72733,1.3618761,-3.580897,0.46940583,1.0447991,-1.5943619,1.2725563,-0.83095914,-0.07647074,-0.62420726,-2.1124082,-1.898902,1.878125,-0.5764745,-0.672423,5.2725153,2.052224,0.08751387,0.9218154,0.9886607,1.5074098,0.41397834,-1.9664602,-0.8330165,-0.3719891,2.38814,0.6065539,0.4123158,-0.2565074,0.5818781,-0.2584019,0.17364414,0.2242507,-0.3935469,-0.25568336,-0.12829626,-0.19419,0.26514542,-0.01758069,-0.2292031,0.6894541,0.28773394,-0.3658586,0.3090835,0.027674548,-0.24086791,-1.0582778,0.09798319,0.33776182,-0.21955541,-0.3377843,-0.3071802,-0.49830344,0.6002935
23,-0.5709819,-3.1230364,9.025564,1.4486668,0.18892574,1.3762124,-1.0731871,2.9084468,1.361008,1.6568493,2.436511,-2.3731263,-0.26234943,3.1419063,2.0501966,2.468553,1.4202783,-0.6413523,-0.2423116,1.6237277,0.2788183,-0.57366836,2.052224,5.4691467,-0.26098233,0.756148,0.80550736,1.2335584,-1.5667254,0.3267218,1.0749848,-1.0359702,1.1792905,-0.58039653,-0.69358724,0.42795676,-0.67727315,0.18702826,0.7381332,0.36216623,-0.0115429675,-0.2553618,-0.3195043,0.18635595,-0.8823616,-1.1367266,-0.17296413,-0.45534927,-0.5406215,-0.1935067,0.0066419626,0.09002738,0.24026543,0.7948743,-0.083189115,0.38221723,-0.2675792,-0.32929373,0.4864952,-0.5758042,0.3536914
24,-4.915552,1.5032756,-0.013152037,0.8796212,-0.56370854,0.37963885,-0.16706842,1.5903952,3.2851963,0.6554599,2.366859,0.9791471,2.1450174,0.13247627,-1.1572342,-2.467925,0.100510165,-0.8065951,0.8283726,1.3741741,-0.9440552,-2.8032775,0.08751387,-0.26098233,5.8899016,-0.41404122,-0.10979056,1.8721355,-0.6083832,0.7633538,-1.2336261,0.15829352,0.14330858,-1.1722782,0.48414886,0.42584985,-0.7623887,1.8637171,-0.8955111,-0.24120088,1.285685,-1.0926405,0.6704277,-1.1344904,0.05298335,0.83119166,0.2510857,0.12698881,0.9195992,1.0631356,0.2574888,0.33115777,-0.6358274,0.1480681,-0.70427674,-0.7343615,0.17213213,-0.026055396,-0.3661768,-0.006422462,-0.22803898
25,12.073513,-4.916009,2.1061964,-2.4328814,2.2585468,-1.8938913,-3.3850434,1.0640821,-1.781287,-3.7098453,-2.2746994,1.0010705,1.6146548,-0.05094275,0.5435406,3.3559911,1.5986177,-0.7196121,-2.5305471,-0.0142600695,0.16931365,-1.1046665,0.9218154,0.756148,-0.41404122,5.5455546,-0.061453093,-0.8897407,-2.1014948,-0.66745985,0.09998697,0.043648586,-0.278145,0.32634827,0.20197634,1.2332604,0.06852929,-0.22424456,-0.81968105,-0.08456725,-0.5114751,-0.14741707,-0.14050081,-0.9125198,1.1137865,-0.4363374,0.051359355,0.74508977,-0.1752211,0.5348304,0.79440725,0.3100915,0.58348525,-0.75859,-0.15140769,-0.91675675,0.58382547,-0.29790455,0.46353662,0.14866492,0.132743
26,-2.6647458,-0.3063593,1.5742046,-0.82737875,4.665785,2.7282615,-0.55554324,0.3299601,2.0297294,1.2575039,-1.2145212,-1.5138311,1.8068416,4.05542,-1.0651066,-0.022633623,1.7956436,0.39944032,1.0329058,0.62206715,-0.11928338,-0.64742625,0.9886607,0.80550736,-0.10979056,-0.061453093,3.4521334,-0.5231803,1.3835535,0.78224266,-0.7596922,0.12032668,0.4504654,1.3825855,0.12564987,0.40727028,0.42521128,-1.547198,-0.1533783,-0.63162947,-0.2379351,0.3940609,0.9402776,-0.9869293,-0.29421312,-0.35549483,0.056923293,-0.15831071,-0.68866646,-0.09559469,-0.47076547,-0.657294,-0.5195596,-0.24676141,-0.2947724,-0.16738364,-0.1969412,0.03339427,0.44375956,-0.14475584,0.14443198
27,4.4903955,0.51421165,4.634508,-2.9089613,-0.3015942,1.0359148,-0.17917931,1.1822898,-3.2075887,0.65257835,1.4330957,0.63847065,0.1606068,-0.4711709,-0.24832435,-2.3487957,-1.8740635,0.15539366,0.4405224,0.17798232,-1.4586005,-2.348319,1.5074098,1.2335584,1.8721355,-0.8897407,-0.5231803,5.9045672,-0.2330344,0.43434584,-1.2599142,-0.61218655,-0.0028486308,-0.44823143,0.6772008,-0.05396393,-0.84392834,0.40368742,0.041274693,0.18690029,1.1327715,-1.508025,0.7920903,0.0899639,-0.5816654,-0.2518341,0.32878655,0.14993374,0.21989155,-1.3554474,0.8232225,-0.2360775,0.3113957,-0.036426656,0.0059508504,0.057966657,-0.42954567,0.58068085,0.044365846,-0.9216556,-0.05770517
28,-12.968025,1.4443326,0.68325007,-2.1187549,1.8172086,-0.41837895,0.5595859,-0.45511395,-5.005819,2.2897792,1.2020595,-1.1312454,0.96436477,0.31476986,-4.1946564,-1.9462398,-2.530939,-1.451792,0.29002064,0.91661346,0.40438,0.2660169,0.41397834,-1.5667254,-0.6083832,-2.1014948,1.3835535,-0.2330344,6.7618423,0.09253022,-0.055212952,1.439409,0.71675,1.3469343,-0.5170131,-0.6277227,0.5724421,-1.0213251,0.40507963,-0.46887302,-0.90538234,0.7355671,-0.40797302,-0.21759075,-0.75627315,0.2641214,-0.45025,0.25628293,0.46676016,-0.03169,0.3049215,0.4557494,0.7912654,-0.124506444,-0.08330114,-0.37107483,-0.24137819,0.10342377,0.30644298,-0.33477917,0.22274742
29,7.1089926,0.2208933,-6.8438993,-5.581709,-1.9618695,-1.4284675,-0.9664202,0.2411495,-0.616017,3.8736413,-0.060111478,-4.168413,0.1419861,1.4405992,-1.3397105,1.7931206,-0.9584712,-1.3753171,-0.036952764,2.5343006,0.9342668,0.35774162,-1.9664602,0.3267218,0.7633538,-0.66745985,0.78224266,0.43434584,0.09253022,7.8462543,0.69625616,-0.4143234,0.9727336,-0.37405404,0.6227778,1.3687575,0.22925165,-0.12560098,0.61337864,0.5425824,0.62356085,-0.67264783,0.6899996,-0.69017404,0.58785546,0.5387469,0.28694648,-0.5973473,0.01785108,-0.75353384,-0.3559877,-0.039126825,-0.25487387,0.072212,0.15588236,-0.19094655,0.54961514,-0.12749457,0.18126605,0.030018836,-0.62886536
30,8.297619,-4.2002954,2.2224398,1.8625984,-1.7480043,0.7937968,-4.182998,-0.73222053,-2.3812096,0.4768284,1.6725442,-0.9099356,0.43857116,1.0821717,0.67893875,0.7418165,-0.29827148,-1.43233,0.7361909,0.64504075,1.8244495,1.1376466,-0.8330165,1.0749848,-1.2336261,0.09998697,-0.7596922,-1.2599142,-0.055212952,0.69625616,4.0201426,0.85969055,-0.65504897,-0.3521999,0.028733734,-0.22820757,-1.395817,-0.044013426,0.25641108,0.72319734,0.389984,-0.09483964,-1.0820607,0.7033298,0.27753586,-0.5301503,-0.6707281,-0.15857063,-0.07507961,0.6156427,0.4626334,0.41322803,-0.16021383,0.22378474,0.8734288,0.69854605,0.017676577,0.26640314,0.11145252,0.2883163,0.018281873
31,3.7480102,-1.5563601,0.27759525,0.16418621,-1.91538,2.307232,-1.7287819,1.5632458,-0.7478838,-0.878953,0.89653665,1.399137,1.5524292,0.20960587,-2.3893445,-0.5935709,-1.3034217,-0.25394332,-0.49338686,0.955655,-0.18016395,1.3366001,-0.3719891,-1.0359702,0.15829352,0.043648586,0.12032668,-0.61218655,1.439409,-0.4143234,0.85969055,3.4301353,-0.34752527,1.7530456,-0.39217195,-0.5317615,-1.3922843,0.13238251,-0.3179983,0.46920562,0.18616974,-0.4235583,-0.1898998,-0.24819785,-0.48829064,0.2236761,-0.10006052,0.6878975,-0.4205411,1.3418481,-0.69825876,0.082077384,-0.10098711,-0.019148376,0.018305443,-0.28258887,-0.14736255,0.078537405,-0.20168313,-0.037059754,-0.44594175
32,-1.8773017,3.489769,0.6454886,-1.3765402,-1.7820475,1.1048744,-2.7721224,2.2538962,0.807029,0.9514477,2.5285258,0.15056074,-0.5607842,-1.1966273,-0.48612332,0.72533876,2.255739,0.9448316,-0.3344562,1.240139,-1.9694494,0.20150396,2.38814,1.1792905,0.14330858,-0.278145,0.4504654,-0.0028486308,0.71675,0.9727336,-0.65504897,-0.34752527,6.2105913,-0.25741497,0.19898885,-0.43738276,0.9730309,0.48117173,0.60934687,0.112693265,-0.7785189,-0.1382148,-1.3942909,-0.015512506,1.0907388,0.20483035,0.06843755,-0.09170961,-0.08756137,-0.37352782,-0.9107764,0.62806547,0.038049545,-0.8731719,0.3084497,0.096749425,-0.45415217,-0.4547366,0.110945955,-0.52779615,-0.38134205
33,5.3250523,0.320607,0.22223759,-6.594592,1.387727,1.5383077,-2.6516287,0.8607764,-1.1164229,-0.12931442,-2.2441802,2.2077885,1.5738618,0.5000826,1.1592023,-0.76447463,0.07084428,-0.20314416,1.6484088,0.67382497,0.6552969,0.37480283,0.6065539,-0.58039653,-1.1722782,0.32634827,1.3825855,-0.44823143,1.3469343,-0.37405404,-0.3521999,1.7530456,-0.25741497,5.3455963,-0.59294003,1.1990832,1.1562271,0.19993024,-0.029446516,1.0352017,-0.17918535,0.38946298,-0.49243563,-0.35797158,-0.9422204,0.115395166,0.058488596,0.041000336,0.1547458,0.36708677,-0.17289144,-0.7497461,-0.28367883,-0.26172525,-0.33827633,0.49188963,-0.15568483,0.009204809,-0.42511696,-0.40892857,-0.45142293
34,2.221913,-0.45193708,-2.836005,3.2567816,0.61213017,-0.72940433,-0.26329738,-1.6488354,-1.4125326,-1.5066392,-0.17809828,-1.4336569,0.57400864,0.7760844,-0.17465857,0.35346577,-0.36456585,0.66813046,0.54891086,-2.0721278,-1.9023161,-0.422428,0.4123158,-0.69358724,0.48414886,0.20197634,0.12564987,0.6772008,-0.5170131,0.6227778,0.028733734,-0.39217195,0.19898885,-0.59294003,3.3894303,0.6754099,-0.3047647,0.3786916,0.027066026,0.86228514,0.05602482,0.17238715,0.38516372,-0.01597486,0.1713123,0.15496808,-0.36252257,1.1927307,0.7611722,-0.30436844,-0.1760152,-0.71799994,-0.28715867,-0.838959,0.5202738,0.21951076,0.6150972,-0.13780229,0.18787809,-0.45476955,-0.08516508
35,-2.2066643,-1.0900869,1.5276637,-1.4264592,-1.1272113,-2.6067262,0.17441598,1.0979978,0.59836376,0.26426733,-0.9068246,-0.247015,1.9297627,0.5908186,1.1832364,2.330686,-0.49248403,-1.9467914,0.43451983,-0.45974895,-0.24884248,-1.0235839,-0.2565074,0.42795676,0.42584985,1.2332604,0.40727028,-0.05396393,-0.6277227,1.3687575,-0.22820757,-0.5317615,-0.43738276,1.1990832,0.6754099,2.8247092,1.2877774,0.23044488,-0.73095095,1.2517741,-0.048037104,0.15731353,-0.05342707,-0.5000916,-0.123863205,-0.12066967,0.035052925,0.10472277,-0.11273268,-0.20095845,0.094946906,-0.019352326,-0.082916066,0.5211868,-0.06264049,-0.08783492,0.61368287,0.047570646,-0.047165558,-0.3345245,-0.22092187
36,-3.3998675,3.5573282,-4.651347,0.9342361,-0.6359751,-1.1978931,1.0215716,-1.3064761,1.5338571,-0.770488,-1.5838794,0.14898562,-0.43457454,-0.31437403,-0.18599483,-0.6788115,-0.54184353,-1.2535564,-1.1515574,-1.33658,0.8896041,-1.6416574,0.5818781,-0.67727315,-0.7623887,0.06852929,0.42521128,-0.84392834,0.5724421,0.22925165,-1.395817,-1.3922843,0.9730309,1.1562271,-0.3047647,1.2877774,4.4311333,0.061630324,0.7891101,-0.09195404,0.5485667,0.2965023,-1.0731491,0.044944525,0.4707684,-0.33548248,-0.46500736,-0.56567276,-0.7147995,-0.07957408,0.65960747,-0.43014982,0.098390736,0.0700188,-0.34575462,0.065042034,0.12762941,-0.40602088,0.0447818,-0.4723582,0.01301457
37,-2.0428648,0.34360498,-2.7646773,2.5978732,-0.011367496,-3.5792956,-1.9239384,-0.9109504,-0.51908505,-1.2769892,1.3726492,0.32726747,-0.08022541,-1.3896016,2.06215,-0.6419964,-0.9664422,0.26079285,0.28816295,-0.028380387,0.6285832,-0.72271574,-0.2584019,0.18702826,1.8637171,-0.22424456,-1.547198,0.40368742,-1.0213251,-0.12560098,-0.044013426,0.13238251,0.48117173,0.19993024,0.3786916,0.23044488,0.061630324,4.1660724,0.20881853,1.0575087,-0.5511044,-0.3267474,-0.40592456,-0.18677735,-0.89543104,1.1122699,-0.0059212837,-0.19701469,0.47172523,0.8124807,0.08254162,0.43861872,-0.34055465,0.14402544,-0.80960965,0.43406126,-0.2163744,-0.4094624,0.62823075,-0.30620673,-0.3079991
38,4.782609,0.108347,-0.68445647,1.0333662,0.7376376,0.38366884,0.18095988,-0.41781068,-1.0336664,0.82172203,-0.9793471,-2.5429838,-1.6748619,0.49748588,1.0859631,-0.53176117,0.340766,0.57539207,-3.0483747,0.037912756,0.7770777,-1.5500383,0.17364414,0.7381332,-0.8955111,-0.81968105,-0.1533783,0.041274693,0.40507963,0.61337864,0.25641108,-0.3179983,0.60934687,-0.029446516,0.027066026,-0.73095095,0.7891101,0.20881853,3.6272848,-0.69244194,0.49306428,-0.49914587,-0.76294625,0.2932716,-1.7273706,-0.013818983,-0.069071285,0.31827858,0.29582596,0.16292202,-0.43263954,-0.48948783,0.64380133,-0.15891165,0.20339105,0.5471983,-0.0690532,-0.34298357,-0.20309462,0.39733678,-0.44509563
39,-1.9262371,0.2461988,1.9687934,0.07337676,-1.0570257,-1.9628212,0.71968746,0.23841107,1.0975398,-0.67026913,0.50755143,-0.11552605,-0.76301056,-0.83289266,1.5944471,0.49339402,-1.2651155,-1.6433861,0.71684104,-0.15243632,-1.023067,1.3029048,0.2242507,0.36216623,-0.24120088,-0.08456725,-0.63162947,0.18690029,-0.46887302,0.5425824,0.72319734,0.46920562,0.112693265,1.0352017,0.86228514,1.2517741,-0.09195404,1.0575087,-0.69244194,3.258966,0.26001143,0.9759462,-0.1360125,-0.468014,-0.33125412,-0.2713275,-0.9564265,0.6155666,0.07810002,-0.435264,0.22659741,0.08590369,-0.14145006,0.050345384,0.46607476,0.10719907,-0.51739395,0.26483446,-0.23357359,-0.015996115,-0.6350483
40,-2.1651788,3.1993525,-1.768336,-0.14139012,-1.15797,0.7488017,-1.3735799,0.84674275,0.75128174,-1.3153391,0.7197536,-1.0731542,1.1438949,0.62762374,-0.41162854,-1.6386609,-0.11114794,1.5263882,-0.8896694,0.4080691,-0.38701588,-0.27180982,-0.3935469,-0.0115429675,1.285685,-0.5114751,-0.2379351,1.1327715,-0.90538234,0.62356085,0.389984,0.18616974,-0.7785189,-0.17918535,0.05602482,-0.048037104,0.5485667,-0.5511044,0.49306428,0.26001143,3.7367835,-0.22297749,-0.02209935,-0.18715504,0.38503373,-0.7493204,-0.403165,0.07684692,-0.6378646,0.43773666,1.1895728,-0.46308005,-0.05515369,0.2817741,0.3164078,0.20467526,-0.29506272,-0.21457285,-1.240176,-0.0011746684,-0.25625235
41,-1.9579716,-0.08018562,0.7908264,-0.94128597,1.8615353,-2.5752869,0.41818345,-1.4745934,-0.4082322,0.68374693,0.30907786,-0.33574703,-1.7804608,-1.1816837,-0.9264989,0.4934395,1.898601,-0.1523878,0.2687759,-0.7058364,-1.2720308,0.024956577,-0.25568336,-0.2553618,-1.0926405,-0.14741707,0.3940609,-1.508025,0.7355671,-0.67264783,-0.09483964,-0.4235583,-0.1382148,0.38946298,0.17238715,0.15731353,0.2965023,-0.3267474,-0.49914587,0.9759462,-0.22297749,3.291206,0.60751164,-0.02725852,0.3863184,0.4866077,-0.20197825,0.13631636,-0.06779812,-0.09219016,0.1286961,-0.4929089,0.44411218,0.94144833,0.2042974,0.17556334,-0.24713135,-0.4479456,-0.36463833,-0.013035417,-0.1993233
42,0.6731555,-0.9171392,-0.095583096,-0.50578636,1.9756129,-0.19857049,2.5849462,-0.4724872,-0.23924404,0.14536265,-1.51108,-0.19529459,-0.054126896,-0.5099681,-0.8424579,0.55542487,-0.23418024,0.23003083,-0.2150645,0.60444,-0.5348412,-0.65126956,-0.12829626,-0.3195043,0.6704277,-0.14050081,0.9402776,0.7920903,-0.40797302,0.6899996,-1.0820607,-0.1898998,-1.3942909,-0.49243563,0.38516372,-0.05342707,-1.0731491,-0.40592456,-0.76294625,-0.1360125,-0.02209935,0.60751164,2.4272742,-0.91710424,-0.1240912,0.66904795,0.43682668,0.17384726,-0.6497369,-0.59372616,-0.34283853,-0.25272545,-0.45595378,0.096210316,-0.39772192,0.2088015,-0.37430388,-0.10940802,-0.06567295,0.31905752,0.37560523
43,-1.2970388,0.8994206,0.16820934,1.2224152,-1.9459987,0.8572926,1.2711053,0.16389342,-0.52460074,0.68059635,1.1799803,1.0316975,-0.8764651,0.45206642,-0.22805217,0.7666536,-1.1752808,0.3862975,0.43161136,-0.70400596,1.1078002,0.27173674,-0.19419,0.18635595,-1.1344904,-0.9125198,-0.9869293,0.0899639,-0.21759075,-0.69017404,0.7033298,-0.24819785,-0.015512506,-0.35797158,-0.01597486,-0.5000916,0.044944525,-0.18677735,0.2932716,-0.468014,-0.18715504,-0.02725852,-0.91710424,1.9607178,0.67447615,0.025665663,0.11243591,-0.2934597,0.44087815,0.032923065,-0.09126772,-0.5644307,0.077995315,0.34674004,0.44622445,0.5551115,0.37655213,0.16591614,-0.010828999,-0.5571005,-0.2296569
44,-3.386827,0.90602237,-1.3269212,-0.49208298,1.9633281,0.93427575,-1.0155883,-0.15981951,-1.3108952,-0.5690415,0.5302765,2.1189234,0.087300405,-0.4157052,-0.156847,-0.06684376,-0.33917528,-1.0451872,0.73640835,0.68614304,0.5805075,-0.18067579,0.26514542,-0.8823616,0.05298335,1.1137865,-0.29421312,-0.5816654,-0.75627315,0.58785546,0.27753586,-0.48829064,1.0907388,-0.9422204,0.1713123,-0.123863205,0.4707684,-0.89543104,-1.7273706,-0.33125412,0.38503373,0.3863184,-0.1240912,0.67447615,3.86776,0.5076295,0.20365952,-0.34151387,-0.4452005,0.1429925,0.48200503,-0.1751841,-0.349993,-0.32035792,0.757244,-0.15867399,0.13368598,-0.14460135,-0.17612848,-0.2252311,-0.026965193
45,0.03701762,1.9531498,1.883707,-0.7433835,2.0923705,0.12718494,0.4384474,-0.10118719,0.24697478,1.0551605,-0.36417335,1.0028138,-0.38947868,0.3321389,-0.20379965,0.41586524,-0.10254927,-1.1649561,0.27197194,-0.8525077,0.98830867,-0.9089404,-0.01758069,-1.1367266,0.83119166,-0.4363374,-0.35549483,-0.2518341,0.2641214,0.5387469,-0.5301503,0.2236761,0.20483035,0.115395166,0.15496808,-0.12066967,-0.33548248,1.1122699,-0.013818983,-0.2713275,-0.7493204,0.4866077,0.66904795,0.025665663,0.5076295,2.8655238,0.83017486,0.032322846,0.5957566,0.45419747,-0.1737974,0.40583763,0.2535787,0.0953777,-0.13647507,0.48272365,0.12656537,-0.7632937,-0.56640375,0.22576967,-0.10841417
46,1.2528787,-1.2620236,0.42892307,-1.7691817,2.856946,-0.88673913,-1.4133027,-0.005751728,-0.31652397,-0.84842366,-0.18250905,-0.03536178,-1.065517,0.023755897,0.3580777,-0.10671755,0.8845998,0.41189325,-0.13082495,1.2242857,-0.2829513,0.30700594,-0.2292031,-0.17296413,0.2510857,0.051359355,0.056923293,0.32878655,-0.45025,0.28694648,-0.6707281,-0.10006052,0.06843755,0.058488596,-0.36252257,0.035052925,-0.46500736,-0.0059212837,-0.069071285,-0.9564265,-0.403165,-0.20197825,0.43682668,0.11243591,0.20365952,0.83017486,1.4891703,-0.35167187,0.08879243,-0.11590794,-0.4908057,0.09226735,-0.0663856,0.6680786,-0.16646498,0.17236432,0.29804403,-0.14339535,-0.20504597,-0.22478579,-0.09253737
47,1.252815,-0.37905917,-0.91933835,3.9678802,0.15991229,2.1335225,2.4642692,0.8057179,-1.7543976,-0.32774627,-0.5610956,-0.37909132,0.114791185,-0.6456229,0.35653538,0.53185374,0.019604275,-0.72392523,-0.71241415,0.18395711,-0.75175625,0.119998395,0.6894541,-0.45534927,0.12698881,0.74508977,-0.15831071,0.14993374,0.25628293,-0.5973473,-0.15857063,0.6878975,-0.09170961,0.041000336,1.1927307,0.10472277,-0.56567276,-0.19701469,0.31827858,0.6155666,0.07684692,0.13631636,0.17384726,-0.2934597,-0.34151387,0.032322846,-0.35167187,1.6874263,0.27026254,-0.10857348,-0.045598567,-0.14203665,0.39392027,-0.66040254,0.1775932,-0.4896118,0.25622272,-0.3181849,-0.39616752,0.08041256,-0.34843278
48,1.377576,1.6842086,0.6925776,-4.3969307,1.2948301,-1.2949914,0.29847538,-0.23033483,1.9054978,-0.37713093,0.06427288,-0.050530136,-1.4521931,0.97033995,-0.3774413,-0.23573875,0.0030034962,0.10494572,0.7840724,-0.27711642,0.15262373,0.79309165,0.28773394,-0.5406215,0.9195992,-0.1752211,-0.68866646,0.21989155,0.46676016,0.01785108,-0.07507961,-0.4205411,-0.08756137,0.1547458,0.7611722,-0.11273268,-0.7147995,0.47172523,0.29582596,0.07810002,-0.6378646,-0.06779812,-0.6497369,0.44087815,-0.4452005,0.5957566,0.08879243,0.27026254,2.8581245,-0.045857973,0.48687807,0.022097602,0.29843307,-0.6013857,0.09240003,-0.16608241,0.70812094,0.2677724,-0.27246618,0.035763636,-0.22602373
49,-4.17072,0.79881215,0.6469903,-0.4802031,-0.7018908,0.5922905,-1.6275761,1.9618826,1.1997385,-0.27610263,0.07075746,1.2320627,0.9479215,0.44271892,0.29127204,-0.9237669,0.059049707,0.2704293,-1.517509,0.3082481,-0.09319709,-0.74780446,-0.3658586,-0.1935067,1.0631356,0.5348304,-0.09559469,-1.3554474,-0.03169,-0.75353384,0.6156427,1.3418481,-0.37352782,0.36708677,-0.30436844,-0.20095845,-0.07957408,0.8124807,0.16292202,-0.435264,0.43773666,-0.09219016,-0.59372616,0.032923065,0.1429925,0.45419747,-0.11590794,-0.10857348,-0.045857973,2.5267115,-0.110502005,-0.29931957,0.07178294,0.5180401,0.079268694,-0.25028205,0.6524017,-0.16559899,0.20256686,-0.034344263,0.18776485
50,1.2279168,2.8516417,-0.044740483,-1.702481,1.5218337,-0.22151965,-0.38687986,-0.36563283,-0.0013400647,-1.0252833,-0.69151807,0.10271836,-0.69577473,0.44643247,0.10100371,-0.7290082,0.060053945,-0.35657483,0.28820455,-0.24299745,1.4713886,0.1765987,0.3090835,0.0066419626,0.2574888,0.79440725,-0.47076547,0.8232225,0.3049215,-0.3559877,0.4626334,-0.69825876,-0.9107764,-0.17289144,-0.1760152,0.094946906,0.65960747,0.08254162,-0.43263954,0.22659741,1.1895728,0.1286961,-0.34283853,-0.09126772,0.48200503,-0.1737974,-0.4908057,-0.045598567,0.48687807,-0.110502005,2.4927418,0.36761665,0.59809226,-0.15160942,-0.18664706,-0.18074335,-0.1311472,0.10172908,0.11500563,-0.3037166,0.19009554
51,-1.1560495,-0.17902702,2.1963654,0.34788358,-1.1342123,-1.1904383,-1.1404506,0.20318154,0.09482227,-0.3287882,1.0319201,-0.33708322,0.48936158,-0.6051412,-0.30038446,0.81762135,0.060335644,-0.82203066,0.30508566,-0.016087595,0.3468719,1.0971953,0.027674548,0.09002738,0.33115777,0.3100915,-0.657294,-0.2360775,0.4557494,-0.039126825,0.41322803,0.082077384,0.62806547,-0.7497461,-0.71799994,-0.019352326,-0.43014982,0.43861872,-0.48948783,0.08590369,-0.46308005,-0.4929089,-0.25272545,-0.5644307,-0.1751841,0.40583763,0.09226735,-0.14203665,0.022097602,-0.29931957,0.36761665,1.55275,0.29797965,-0.11579678,-0.26917157,-0.13296166,-0.2783433,-0.20897458,-0.13742378,0.36402482,0.3573324
52,-0.22665967,0.9650686,2.1415057,-1.4590491,-0.45173788,-0.25248426,0.29833794,0.8979527,-1.7902327,1.7061117,0.03722696,-0.7632801,-0.39305207,-0.2906841,0.16264117,0.25903815,0.91100085,-0.107187144,-0.72312605,-1.2570763,-0.46197647,-0.2724952,-0.24086791,0.24026543,-0.6358274,0.58348525,-0.5195596,0.3113957,0.7912654,-0.25487387,-0.16021383,-0.10098711,0.038049545,-0.28367883,-0.28715867,-0.082916066,0.098390736,-0.34055465,0.64380133,-0.14145006,-0.05515369,0.44411218,-0.45595378,0.077995315,-0.349993,0.2535787,-0.0663856,0.39392027,0.29843307,0.07178294,0.59809226,0.29797965,1.4485983,0.29540327,0.12747894,-0.60623455,0.2591142,-0.33964425,-0.06874805,-0.069881976,-0.045084268
53,-2.0634758,-1.7537594,2.1665125,0.38490725,-0.6368662,-1.732648,-0.38499156,0.114848286,0.9172123,0.8955509,1.4958687,-0.47852653,-1.6857026,-0.24928632,-0.22039759,-0.61778843,0.54610276,-1.0026917,-0.22195518,0.48106647,-0.742931,-0.1493716,-1.0582778,0.7948743,0.1480681,-0.75859,-0.24676141,-0.036426656,-0.124506444,0.072212,0.22378474,-0.019148376,-0.8731719,-0.26172525,-0.838959,0.5211868,0.0700188,0.14402544,-0.15891165,0.050345384,0.2817741,0.94144833,0.096210316,0.34674004,-0.32035792,0.0953777,0.6680786,-0.66040254,-0.6013857,0.5180401,-0.15160942,-0.11579678,0.29540327,2.1395357,-0.03800584,0.047402862,0.22607224,-0.04119552,-0.016123168,-0.5016891,-0.06808144
54,-1.4453586,-0.3321125,2.7883325,-0.8844118,0.5695662,0.17151907,-0.85051394,0.33186215,-1.0354364,0.18644047,0.2571028,-0.03776861,-0.25165895,0.12275255,0.9207473,-0.3982791,-0.33592355,-0.3888768,-0.37798846,-0.1949049,-0.8100203,0.0032428298,0.09798319,-0.083189115,-0.70427674,-0.15140769,-0.2947724,0.0059508504,-0.08330114,0.15588236,0.8734288,0.018305443,0.3084497,-0.33827633,0.5202738,-0.06264049,-0.34575462,-0.80960965,0.20339105,0.46607476,0.3164078,0.2042974,-0.39772192,0.44622445,0.757244,-0.13647507,-0.16646498,0.1775932,0.09240003,0.079268694,-0.18664706,-0.26917157,0.12747894,-0.03800584,1.0602388,0.06269845,0.16974297,0.31004915,-0.30635396,0.19988054,-0.19199735
55,2.1271293,0.14821845,1.5451089,-1.0165663,-0.8585287,-0.9554252,-0.6890111,-0.7598543,-0.36552793,-0.7769313,-0.26482973,0.7063229,-0.26567551,-0.35482386,0.20158347,1.109247,-0.8650806,0.7224243,0.049914435,-0.34741414,0.9520031,-0.34351933,0.33776182,0.38221723,-0.7343615,-0.91675675,-0.16738364,0.057966657,-0.37107483,-0.19094655,0.69854605,-0.28258887,0.096749425,0.49188963,0.21951076,-0.08783492,0.065042034,0.43406126,0.5471983,0.10719907,0.20467526,0.17556334,0.2088015,0.5551115,-0.15867399,0.48272365,0.17236432,-0.4896118,-0.16608241,-0.25028205,-0.18074335,-0.13296166,-0.60623455,0.047402862,0.06269845,1.7304077,-0.5680522,-0.123932436,-0.31490076,-0.054507032,0.2570255
56,-0.19270676,-0.17952456,-1.8896687,-0.1188101,-0.8603624,0.1610975,0.109750405,0.9369409,-0.43360716,0.030475955,-0.26554686,-0.5971283,0.117226504,0.459709,0.18474942,0.4877689,0.06986734,-0.35286993,-0.44853607,0.223697,-0.58817995,0.40327078,-0.21955541,-0.2675792,0.17213213,0.58382547,-0.1969412,-0.42954567,-0.24137819,0.54961514,0.017676577,-0.14736255,-0.45415217,-0.15568483,0.6150972,0.61368287,0.12762941,-0.2163744,-0.0690532,-0.51739395,-0.29506272,-0.24713135,-0.37430388,0.37655213,0.13368598,0.12656537,0.29804403,0.25622272,0.70812094,0.6524017,-0.1311472,-0.2783433,0.2591142,0.22607224,0.16974297,-0.5680522,1.471422,-0.16237748,-0.0012800228,-0.28125778,0.2352396
57,1.210433,-0.036203198,1.693901,-3.1319141,-0.1732901,-0.54402876,0.49052614,0.30708817,1.5248187,-0.081662744,-0.80103964,1.3285935,-0.4480579,-0.17927589,0.054568414,-0.5925343,-0.751984,0.13150358,-0.06641668,0.33417454,-0.035935532,-0.12979612,-0.3377843,-0.32929373,-0.026055396,-0.29790455,0.03339427,0.58068085,0.10342377,-0.12749457,0.26640314,0.078537405,-0.4547366,0.009204809,-0.13780229,0.047570646,-0.40602088,-0.4094624,-0.34298357,0.26483446,-0.21457285,-0.4479456,-0.10940802,0.16591614,-0.14460135,-0.7632937,-0.14339535,-0.3181849,0.2677724,-0.16559899,0.10172908,-0.20897458,-0.33964425,-0.04119552,0.31004915,-0.123932436,-0.16237748,1.2770871,0.5995048,0.07417019,-0.28802285
58,0.6803875,-1.0779942,-1.5262101,0.11178112,0.68549526,-0.8286358,-0.1309833,-0.58429384,-0.34551877,0.43410736,-0.6863414,0.038493857,-0.43685377,0.237161,0.325669,-0.036241528,-0.16499326,0.37728733,-0.0123512335,-0.13337532,0.4068509,-0.39917684,-0.3071802,0.4864952,-0.3661768,0.46353662,0.44375956,0.044365846,0.30644298,0.18126605,0.11145252,-0.20168313,0.110945955,-0.42511696,0.18787809,-0.047165558,0.0447818,0.62823075,-0.20309462,-0.23357359,-1.240176,-0.36463833,-0.06567295,-0.010828999,-0.17612848,-0.56640375,-0.20504597,-0.39616752,-0.27246618,0.20256686,0.11500563,-0.13742378,-0.06874805,-0.016123168,-0.30635396,-0.31490076,-0.0012800228,0.5995048,1.7828567,-0.48486543,0.1580376
