,0,1,2,3,4,5,6,7,8,9,10,11,12,13,14,15,16,17,18,19,20,21,22,23,24,25,26,27,28,29,30,31,32,33,34,35,36,37,38,39,40,41,42,43,44,45,46,47,48,49,50,51,52,53,54,55,56,57,58,59
0,94.82512,48.50079,-11.729223,-40.075554,33.891933,1.5405421,-9.8898735,6.7792826,29.634985,-41.31897,2.4588556,10.587847,18.257366,9.797993,7.032425,0.5500543,-0.95504594,1.683579,3.8933444,6.6621733,-3.910655,5.3170233,-5.3402715,-0.6651274,-0.18362108,0.71228397,-3.8310516,0.124247245,-2.9126492,-1.6992769,-0.052987263,2.266769,-1.5395482,-0.5870531,-0.7084449,-1.4933656,0.21801904,-0.84818363,0.36016315,-0.3045772,0.5656311,0.94383204,0.5825,-0.07559222,-0.108380124,0.15319982,0.011158697,0.7777152,0.7594524,-0.73283225,-0.16436447,0.26990312,0.19712913,0.26598972,-0.46626043,0.10160634,0.19186652,-0.07328522,-0.33440498,-0.1936836
1,48.50079,33.928135,-14.495621,-19.015196,5.9172196,2.0212681,-4.9987164,0.7042483,15.93372,-21.213074,-1.5475044,6.991911,9.823387,9.485189,0.33100623,-3.7048445,0.9397441,1.4308934,4.2854776,1.8338919,-1.5571979,3.120053,-2.686424,-1.2589333,-1.9496169,0.6975168,-1.1816549,-0.3570885,-2.9184895,-1.7309594,-0.3890422,1.123292,-0.24059969,-0.8011529,-0.53551674,-0.1074557,0.26960433,0.8945179,0.5860156,-1.1716642,1.3094112,0.075074926,-0.8878132,-0.014154255,-0.37454993,0.07515679,-0.68815887,0.9433796,0.5787333,-0.9229421,-0.3348558,0.56310326,0.30246496,-0.011505859,-0.197189,0.53963196,0.5257475,0.3317566,0.014899243,0.5761907
2,-11.729223,-14.495621,116.30452,42.017933,55.11806,-12.5262375,-13.982672,22.938057,-13.830912,-5.9316564,-7.2795753,-6.0590014,-6.9062796,-16.712505,9.865158,-4.0578856,-6.276456,2.7731686,-9.155579,-8.837276,-0.32429522,-5.0275455,-3.5668783,-3.2460127,-2.6818223,2.2424765,0.68998104,-1.1616702,2.2510648,1.6818833,2.3396683,0.01874813,-0.73493993,-1.4275272,0.8014037,-1.352314,2.1680098,-0.029621596,-0.2141107,0.7835388,0.24598303,-0.44031262,-2.3221047,0.54011476,0.5645178,-1.2435992,0.7870889,1.0149207,-0.02365293,-1.4938433,-0.6782893,-0.041725382,1.1050158,-0.006785337,0.7360304,-0.08533862,0.02118795,0.3269902,0.62161225,-0.513985
3,-40.075554,-19.015196,42.017933,59.355938,13.520964,-4.5546064,-5.5822377,-2.8629503,-13.1918125,13.262854,-7.745369,-5.2857637,-14.423891,-5.0768623,-0.3662513,-1.5899563,0.17191239,2.1438735,-5.6018972,-4.812724,-1.5404824,-5.611701,0.630123,0.87671006,0.9769968,1.0570732,0.98793054,-0.30368036,2.158661,-2.6159952,2.3396764,-0.009576838,-0.04803795,-2.0844908,-1.4468073,-0.019977074,-0.8323505,2.4676213,-1.8025026,0.53275687,-0.14888638,-0.23351327,-0.19087183,-1.6466925,-0.7122371,0.6653958,-1.7005682,1.1236533,-0.11669068,-0.08443769,0.32003552,0.03548011,0.96703243,0.43113905,-0.46769,0.99354637,-0.47341254,-0.034154966,-1.056987,0.56249976
4,33.891933,5.9172196,55.11806,13.520964,92.5809,-3.671225,-13.7246475,10.169744,8.807756,-15.972637,0.62842345,6.844915,-1.4373987,-6.340782,10.458387,-2.0682812,1.2148015,5.538086,-5.0125566,-1.4299843,-3.498837,-1.1566517,-3.2207484,2.3226242,2.1994052,0.048147134,-0.67593706,-1.2017618,3.376886,-1.5988271,-2.7189426,1.0894043,-1.0523596,-0.8516476,-0.429268,0.23129341,1.8285679,-0.9716632,1.2270355,1.2669985,-0.10274927,0.32476997,0.83765066,-0.25278926,0.057181112,-0.08301914,0.1511986,-0.4452908,0.8582351,0.5316365,0.40820014,0.16690539,-0.710412,0.5408621,-0.93646467,0.46701503,-0.023451362,-0.2758987,0.15000215,1.0236053
5,1.5405421,2.0212681,-12.5262375,-4.5546064,-3.671225,21.924955,2.8150373,-1.3189073,6.5108223,2.4052935,1.1566477,4.059479,-1.1059635,0.60708773,2.5751383,2.727037,2.7902284,-0.8531677,-0.790516,-0.15517652,-0.09716791,-0.19260186,-2.1970224,-1.4028299,-2.7051387,0.80099154,0.21666399,1.1084011,0.3399068,-0.4742804,-0.48250997,0.384828,-0.011479264,0.23011774,-1.1714523,-0.76727384,0.2240121,-0.40889952,-0.3993881,-0.8489538,0.2963593,0.45318598,-0.11217332,-0.20570682,1.2228426,0.589153,-1.2783208,-0.5999589,-0.98929906,1.7296274,0.6361548,0.22123066,-0.70901537,1.1641407,0.21342336,0.5885204,0.48223078,1.0134648,-0.033806313,0.12159771
6,-9.8898735,-4.9987164,-13.982672,-5.5822377,-13.7246475,2.8150373,13.196397,-1.8368723,-1.2762203,4.816058,2.2517009,1.1907384,-1.2782218,-0.70978105,0.35884607,2.920475,-1.5637983,-0.6078192,0.0032877135,-0.39820185,1.9584142,0.74023795,0.4897133,-0.16056797,1.3884711,-0.35532528,1.7609966,0.41651604,-1.5072669,1.9276466,-0.9407265,1.103155,1.6536742,0.26779342,0.21438937,-0.69855666,-0.55728537,0.9414922,0.69622105,1.779829,0.08027755,1.3760287,-0.53287494,-0.24781525,0.06244006,-0.5339395,0.7769413,-0.3940838,-0.31936556,0.9465141,0.27206993,-0.496818,-0.26016966,-0.37598664,0.10520636,-0.21733841,0.11472231,0.32968295,-0.14616638,0.33210433
7,6.7792826,0.7042483,22.938057,-2.8629503,10.169744,-1.3189073,-1.8368723,14.22575,-0.6188904,-3.0732718,-1.3173769,3.3866925,-0.5175706,-3.6010022,2.6998215,0.3400725,-2.8137388,-1.4770424,-1.8049679,-3.1092868,-0.33406624,2.0086465,-1.7306108,-1.6793516,-0.16075295,0.6516979,-0.61932033,-0.110086486,-1.2915645,1.112967,0.98112243,-0.03690819,-0.20007272,-0.4354276,1.1228681,-0.76795924,0.21876942,-1.4303346,0.065356165,-0.4645672,0.12678984,-0.090091765,0.3714317,1.3755034,0.034095213,-0.6013601,0.51736915,-0.6391847,0.21203375,-0.13249376,-0.21590278,0.38798618,-0.19497596,0.15516868,-0.24251032,-0.39165846,0.34380352,0.81482893,0.3997739,-0.54693973
8,29.634985,15.93372,-13.830912,-13.1918125,8.807756,6.5108223,-1.2762203,-0.6188904,18.514595,-10.765845,4.413313,4.3135705,3.7336655,1.6386073,2.2752,2.789246,1.6242199,1.206088,-0.39793262,3.179061,0.42469823,3.3568897,-2.580955,-1.4007981,0.9625505,1.3292332,1.4562564,-0.25536424,0.2355046,-1.0061798,0.2562246,0.69946104,0.21617395,-1.0517669,-0.5999907,0.6321701,-0.9195329,-0.019523263,-0.01502461,-1.4474579,-0.321396,0.08767248,0.14243859,-0.29761693,0.22992918,0.41734904,-1.4812319,0.16637269,-0.2393789,0.11897689,0.073852584,0.37044653,-0.3738631,0.778,-0.40385497,0.037211757,-0.06835651,0.45268732,-0.40502086,0.10284315
9,-41.31897,-21.213074,-5.9316564,13.262854,-15.972637,2.4052935,4.816058,-3.0732718,-10.765845,28.513903,2.4380922,-1.946105,-6.022949,-1.2149415,-2.519516,1.8821034,0.29093885,1.9560826,1.3597233,-3.090071,-0.23946066,-3.01292,-0.40240008,0.35410064,-0.92932343,0.99370515,2.5790672,0.48187003,1.0534171,0.84408796,0.14416906,0.12297428,-0.5018786,0.2400071,0.9066138,0.1186524,-0.45838368,-0.5368647,-0.24022757,-0.024572885,-0.7065583,-0.36410922,0.7141275,0.015345931,-0.32742336,-0.03314924,-0.648967,-0.683743,0.05341345,0.82792926,-0.18812114,0.23496895,0.013391203,0.410591,-0.13613416,0.0034506463,0.36588684,0.05374672,0.17064464,0.4294057
10,2.4588556,-1.5475044,-7.2795753,-7.745369,0.62842345,1.1566477,2.2517009,-1.3173769,4.413313,2.4380922,13.44666,-4.320095,2.9696393,-5.47398,2.8002527,6.021344,-1.7967689,1.8720155,1.2471554,3.072434,0.8525901,1.0295408,-2.265493,0.62561935,2.0193346,0.9017398,1.1462321,-0.57812285,0.47090894,1.861473,0.31654012,0.3258953,0.5307651,0.71387017,0.1224184,1.456997,-0.44142318,-1.4171833,0.25067523,0.93516326,0.07613498,-0.31859377,0.32189816,0.25369543,-0.295398,0.41437706,-0.045297965,0.21739121,-0.31747565,0.393045,0.14613965,0.46269265,0.29756635,0.2044909,0.15366377,0.32470843,0.5586426,-0.39179146,0.5407399,0.27962545
11,10.587847,6.991911,-6.0590014,-5.2857637,6.844915,4.059479,1.1907384,3.3866925,4.3135705,-1.946105,-4.320095,12.962186,-1.0323669,5.2940364,-0.34595862,-2.2597642,1.1019087,-2.2511158,-0.63237685,-1.9642196,0.6483006,0.6855533,-0.47876576,-1.0918665,-0.77005696,1.108706,-0.4276717,-0.6305754,-0.10403687,-1.1448224,-1.1293037,0.059281334,0.49431634,-0.64072657,-0.71528965,-0.84565747,-0.11074174,-0.06391601,0.11100009,0.92575175,0.6537486,-0.3481301,0.7211967,-0.37517118,0.04084743,0.32877904,-0.28869605,-0.9558346,0.68496037,0.1314064,-0.11563008,0.43034184,-0.5107086,0.53847206,-0.75433254,-0.43964338,0.79063714,0.18875045,-0.080500335,-0.28399146
12,18.257366,9.823387,-6.9062796,-14.423891,-1.4373987,-1.1059635,-1.2782218,-0.5175706,3.7336655,-6.022949,2.9696393,-1.0323669,16.82237,2.6338017,0.76873523,0.7700541,-2.531262,-0.15602496,0.54463774,2.416183,1.7305443,-1.2749527,1.4936411,0.3920725,-0.0464686,0.41551143,0.3476938,-0.6132564,0.5234543,0.31957006,0.61267936,-0.44463295,-0.18874155,0.30606496,0.9430971,-0.8410152,1.0289128,0.51613975,-1.1330018,0.19471353,-0.26080802,0.6947839,-0.44665778,0.41990173,-0.18811111,-1.1830083,0.34509742,0.63429344,-0.05395838,0.8882588,-0.45980042,0.55839896,1.1540064,0.055363864,0.06686305,0.38239485,0.6523463,0.19791624,0.6104274,-0.04586479
13,9.797993,9.485189,-16.712505,-5.0768623,-6.340782,0.60708773,-0.70978105,-3.6010022,1.6386073,-1.2149415,-5.47398,5.2940364,2.6338017,12.007741,-2.5044246,-4.550954,2.0805826,0.6305511,2.4082222,-0.11626987,-1.1454988,-1.7323569,0.50040144,-0.48883256,-1.0979501,0.9322271,-0.25878137,1.0002213,-1.9340746,-1.9930465,-0.13220474,0.07130147,-1.0880785,-0.43911195,-0.5331149,-0.27310646,0.4737272,0.32875717,0.4382934,0.82092494,0.33648574,-0.015635287,0.1177839,-0.49229825,0.12349869,0.23270044,-0.20529686,-0.25070763,0.3429969,0.06968388,-0.39626575,-0.23095542,0.28562674,0.4148847,-0.2316443,0.054611005,-0.30496958,-0.1594377,-0.19416456,0.36783448
14,7.032425,0.33100623,9.865158,-0.3662513,10.458387,2.5751383,0.35884607,2.6998215,2.2752,-2.519516,2.8002527,-0.34595862,0.76873523,-2.5044246,6.533557,2.2231753,-0.33756715,0.33987272,-0.879588,1.3747575,-0.98628527,-0.2407332,-1.9976783,-0.050898664,-0.58892655,0.15023194,-0.20883358,0.82072806,0.15163517,1.1341608,0.035290476,0.045606293,-0.16499698,0.50997436,-0.6143237,-0.58581084,0.07365926,0.39640045,-0.78991294,1.0088446,-0.12220515,0.62241226,0.14947039,-0.27469778,1.105098,-0.17633627,0.0144071225,0.057698607,-0.1347402,0.2877679,0.034188107,-0.7102468,0.2584623,0.23130387,0.1420942,-0.0477178,-0.08710666,0.059991628,0.098692924,0.07270962
15,0.5500543,-3.7048445,-4.0578856,-1.5899563,-2.0682812,2.727037,2.920475,0.3400725,2.789246,1.8821034,6.021344,-2.2597642,0.7700541,-4.550954,2.2231753,7.79641,-2.2638102,0.16040042,-0.028408047,1.5638976,-0.6736343,1.0108227,-1.8165641,0.53216434,0.9753535,0.40112442,-0.094950154,-0.38684565,0.35159504,0.5545484,0.6675979,1.1013062,1.0925753,0.119210824,0.45578927,-0.22105758,-1.6629025,-0.7839674,-1.1776781,0.19475189,-0.53090507,0.2682219,0.7460525,-0.111439675,0.13892151,-0.04208804,-0.1023306,-0.18948385,-0.05505181,0.54409134,0.1344298,0.013999759,0.22496305,0.019729067,-0.053954855,0.035843343,-0.03929507,0.07866354,-0.2607171,-0.2993323
16,-0.95504594,0.9397441,-6.276456,0.17191239,1.2148015,2.7902284,-1.5637983,-2.8137388,1.6242199,0.29093885,-1.7967689,1.1019087,-2.531262,2.0805826,-0.33756715,-2.2638102,8.031915,-0.051803775,-0.013753444,0.82746327,0.72753763,-0.7734642,0.1406708,0.25817013,0.3125009,0.28418496,0.32047445,0.95824295,1.3827035,-1.3933624,-1.1438465,-0.76525134,-0.42229185,0.023253765,-0.64096487,0.4070555,0.8171195,0.7295227,0.32921094,-0.82477844,-0.41414925,-0.05206611,0.4600117,0.18837109,0.45572874,1.0206273,-0.5231445,-0.2509138,0.18384515,0.1992585,-0.5484048,-0.30435455,0.1883563,-0.45274258,0.2037499,-0.23425195,0.1530226,0.071710035,0.39820296,0.54680485
17,1.683579,1.4308934,2.7731686,2.1438735,5.538086,-0.8531677,-0.6078192,-1.4770424,1.206088,1.9560826,1.8720155,-2.2511158,-0.15602496,0.6305511,0.33987272,0.16040042,-0.051803775,8.450654,2.7695339,0.32785887,-0.71474874,-1.7688282,-2.298417,0.6230695,-2.0354617,1.4122797,1.6863825,-0.97647303,-0.74173605,0.8031362,-1.6692547,0.7909956,-0.8175471,0.21438628,0.9717604,-0.1259253,0.1738417,0.24953985,1.0822349,-0.17147738,0.0037282403,0.3947733,0.16585639,-0.41479528,-1.0147793,0.23505183,-0.46325228,0.29966795,0.19700482,-0.06450179,0.08269521,0.13387424,-0.043463025,0.18717805,-0.20053732,0.07300162,-0.44699234,0.18126294,0.3496408,0.34386495
18,3.8933444,4.2854776,-9.155579,-5.6018972,-5.0125566,-0.790516,0.0032877135,-1.8049679,-0.39793262,1.3597233,1.2471554,-0.63237685,0.54463774,2.4082222,-0.879588,-0.028408047,-0.013753444,2.7695339,5.4286413,0.07297477,-2.4202108,-0.14757416,-2.002863,0.72620314,-1.9958,0.075649686,-0.71909916,-0.12137534,-1.2653275,0.27734882,-0.6344385,0.85440266,-0.3910047,0.68685675,0.46832561,-0.12223308,0.15516207,-0.49122256,0.5264857,-0.15232864,0.45283026,0.12995139,0.56372285,0.040743522,-0.1140828,-0.13687444,0.19241393,0.15319385,0.12592842,-0.7004745,-0.17450012,0.008163432,0.43611312,-0.5955534,-0.025909232,0.01599496,-0.02290688,-0.19378999,0.16504085,0.28588688
19,6.6621733,1.8338919,-8.837276,-4.812724,-1.4299843,-0.15517652,-0.39820185,-3.1092868,3.179061,-3.090071,3.072434,-1.9642196,2.416183,-0.11626987,1.3747575,1.5638976,0.82746327,0.32785887,0.07297477,5.4290733,0.2280767,0.36623174,0.47636724,-0.1841522,1.0068145,0.7128434,0.30624563,0.0628307,0.958151,0.898085,0.0787022,-0.49011397,-1.2236823,-0.13866894,-0.054443464,-0.29539,0.48085046,0.42504376,-0.2681626,0.44341096,-0.15310451,-0.07381261,0.46328437,-0.66106594,0.107399285,0.4209103,-0.029671263,-0.110260874,-0.0764753,0.14684671,0.01593624,-0.21911749,-0.081063524,-0.08280864,0.015530131,0.1277866,-0.20756568,-0.29985768,-0.13309744,-0.109612495
20,-3.910655,-1.5571979,-0.32429522,-1.5404824,-3.498837,-0.09716791,1.9584142,-0.33406624,0.42469823,-0.23946066,0.8525901,0.6483006,1.7305443,-1.1454988,-0.98628527,-0.6736343,0.72753763,-0.71474874,-2.4202108,0.2280767,5.5138993,-0.1335509,0.48654115,-0.8020599,1.101611,1.1709137,1.5046669,-1.3405836,0.80688363,-0.050809577,-0.28620732,-0.9767841,1.4028604,-0.5007847,0.059552185,0.27998167,0.55162406,0.40559697,0.44266382,0.13907325,0.081153505,0.17202963,-0.3093242,0.16217506,-0.39475992,0.24434152,-0.05567214,-0.44843554,-0.46773407,0.26363134,0.12436405,0.22093236,0.32597357,-0.04632107,0.281326,-0.5159203,-0.02030095,0.1375019,0.044713132,-0.04259073
21,5.3170233,3.120053,-5.0275455,-5.611701,-1.1566517,-0.19260186,0.74023795,2.0086465,3.3568897,-3.01292,1.0295408,0.6855533,-1.2749527,-1.7323569,-0.2407332,1.0108227,-0.7734642,-1.7688282,-0.14757416,0.36623174,-0.1335509,5.0286784,-0.0110380035,-0.057983518,0.91403687,-1.4754838,-0.09030798,-0.30197918,-0.22251475,0.64865965,0.23216447,0.09569204,0.1329987,-0.651297,0.18031552,0.14538996,-1.1585124,0.43652445,-0.06504518,-0.4880793,0.2016162,-0.16646689,0.095996276,0.09297638,-0.09797794,0.24077739,-0.6135174,-0.19037744,0.17673725,-0.49913812,0.55298245,0.1262521,-0.7278281,-0.40280196,0.19880524,-0.21680072,-0.14299937,0.25497055,-0.006066962,-0.05185283
22,-5.3402715,-2.686424,-3.5668783,0.630123,-3.2207484,-2.1970224,0.4897133,-1.7306108,-2.580955,-0.40240008,-2.265493,-0.47876576,1.4936411,0.50040144,-1.9976783,-1.8165641,0.1406708,-2.298417,-2.002863,0.47636724,0.48654115,-0.0110380035,5.913786,0.6862439,1.5795605,-1.5888956,0.4942955,-0.18077363,1.0225756,0.11150259,-0.27660954,-0.80197275,-0.35474306,0.48281032,-0.1892677,-0.2544783,0.3418955,0.5419885,-0.23711044,0.10029137,-0.22084883,-0.25868082,0.15700981,-0.19733362,0.23185131,-0.067034975,0.23301297,0.10531394,0.22819899,0.09578238,0.110181615,0.20520622,-0.4535951,0.27761632,-0.35966575,0.62326753,-0.115075186,-0.12031658,0.4666816,-0.19556302
23,-0.6651274,-1.2589333,-3.2460127,0.87671006,2.3226242,-1.4028299,-0.16056797,-1.6793516,-1.4007981,0.35410064,0.62561935,-1.0918665,0.3920725,-0.48883256,-0.050898664,0.53216434,0.25817013,0.6230695,0.72620314,-0.1841522,-0.8020599,-0.057983518,0.6862439,3.624038,-0.103230625,-1.3181884,-1.6056668,-0.27838868,0.4426572,-0.3471782,-0.6017745,0.16250798,-0.2641072,0.5653186,-0.18955372,0.054013997,-0.598575,-0.05724579,0.1429425,-0.111903295,-0.16019787,0.06639441,0.22517022,-0.28533906,-0.2213523,0.4567299,0.2614345,0.30335045,-0.1994711,0.30782115,0.3041827,-0.12070296,-0.025678584,-0.18188532,0.021368999,-0.023058886,-0.06392036,0.22508417,0.09142168,-0.08733167
24,-0.18362108,-1.9496169,-2.6818223,0.9769968,2.1994052,-2.7051387,1.3884711,-0.16075295,0.9625505,-0.92932343,2.0193346,-0.77005696,-0.0464686,-1.0979501,-0.58892655,0.9753535,0.3125009,-2.0354617,-1.9958,1.0068145,1.101611,0.91403687,1.5795605,-0.103230625,5.7863955,-0.35848266,0.6080979,-0.023747548,0.34649345,-0.03806925,1.2816609,0.27723593,0.0862174,0.007989466,-0.6972681,0.40291172,0.33002615,0.033398002,0.5393256,0.023204539,0.037066855,0.02695581,0.67013264,0.3055247,-0.57253754,0.20072383,0.29284188,-0.12629195,-0.149542,0.060498893,0.17676486,0.10901411,0.02667059,-0.19534649,0.016875982,0.3063118,0.036657955,-0.38903284,-0.1638413,0.53304464
25,0.71228397,0.6975168,2.2424765,1.0570732,0.048147134,0.80099154,-0.35532528,0.6516979,1.3292332,0.99370515,0.9017398,1.108706,0.41551143,0.9322271,0.15023194,0.40112442,0.28418496,1.4122797,0.075649686,0.7128434,1.1709137,-1.4754838,-1.5888956,-1.3181884,-0.35848266,3.1997087,0.8998089,-0.7955389,-0.23005709,-0.20925659,0.42150366,-0.35910076,-0.1056688,-0.5228492,0.25137907,0.0072966376,0.38096148,-0.34284198,0.18413599,0.29424834,0.32596964,-0.34706,-0.15324026,-0.21623802,-0.1544998,0.27115446,-0.2929185,-0.23184115,-0.3854176,0.08655478,-0.35786715,0.1488277,0.43044716,0.024989955,-0.077609524,-0.08864483,0.13474558,0.07158384,-0.024065383,-0.12293803
26,-3.8310516,-1.1816549,0.68998104,0.98793054,-0.67593706,0.21666399,1.7609966,-0.61932033,1.4562564,2.5790672,1.1462321,-0.4276717,0.3476938,-0.25878137,-0.20883358,-0.094950154,0.32047445,1.6863825,-0.71909916,0.30624563,1.5046669,-0.09030798,0.4942955,-1.6056668,0.6080979,0.8998089,3.9019408,-0.88622224,0.18073039,0.69705254,-0.40672347,0.20913431,-0.2869271,-0.7291002,0.3762286,0.13312337,-0.027409608,0.28194296,0.11988683,0.4295888,0.08398785,0.15562387,0.06036044,0.05437912,0.40602696,-0.13773271,-0.46651602,-0.35089278,0.087783545,-0.11317511,-0.4374241,0.2290735,0.016982134,0.08141794,0.0013138189,0.16216101,-0.3307969,0.152426,0.33246768,0.31779546
27,0.124247245,-0.3570885,-1.1616702,-0.30368036,-1.2017618,1.1084011,0.41651604,-0.110086486,-0.25536424,0.48187003,-0.57812285,-0.6305754,-0.6132564,1.0002213,0.82072806,-0.38684565,0.95824295,-0.97647303,-0.12137534,0.0628307,-1.3405836,-0.30197918,-0.18077363,-0.27838868,-0.023747548,-0.7955389,-0.88622224,4.0416174,-0.57316536,-0.09493053,0.75360876,0.097209975,-0.6551307,-0.3384671,-0.17235096,-0.29325294,0.4351943,0.11687095,0.16786098,0.3532747,-0.68564045,0.43524575,-0.4132052,0.31807017,0.22242868,-0.21859047,0.030649524,0.03056539,-0.13823579,0.24838576,0.03623993,-0.41218334,0.02212318,0.5965328,0.17612481,-0.31573123,0.120343305,-0.26076552,0.031609386,0.0150594935
28,-2.9126492,-2.9184895,2.2510648,2.158661,3.376886,0.3399068,-1.5072669,-1.2915645,0.2355046,1.0534171,0.47090894,-0.10403687,0.5234543,-1.9340746,0.15163517,0.35159504,1.3827035,-0.74173605,-1.2653275,0.958151,0.80688363,-0.22251475,1.0225756,0.4426572,0.34649345,-0.23005709,0.18073039,-0.57316536,3.2184827,-0.27123603,-0.10105486,-0.3341405,-0.20244841,0.012945326,-0.12272555,-0.48644924,0.2571665,0.49390167,-0.36201394,-0.2788104,-0.014311302,-0.46885437,0.6928032,-0.42778358,-0.06838821,0.5148452,-0.086763516,-0.01106287,-0.061092377,0.052303895,-0.09135616,-0.002935219,0.13885647,-0.03821139,0.05895866,0.12166008,0.34500575,0.09773573,0.12207636,-0.24082693
29,-1.6992769,-1.7309594,1.6818833,-2.6159952,-1.5988271,-0.4742804,1.9276466,1.112967,-1.0061798,0.84408796,1.861473,-1.1448224,0.31957006,-1.9930465,1.1341608,0.5545484,-1.3933624,0.8031362,0.27734882,0.898085,-0.050809577,0.64865965,0.11150259,-0.3471782,-0.03806925,-0.20925659,0.69705254,-0.09493053,-0.27123603,2.6324034,-0.25806504,0.41469806,-0.3217516,0.42449403,-0.042666618,-0.3599161,0.44966376,0.20991,0.35386926,0.44608852,-0.22842583,0.018370751,-0.27233046,-0.4057847,-0.083952576,-0.41209948,-0.1514428,0.04690285,0.086721756,0.09215212,0.22572224,-0.17925476,-0.30458993,-0.12631746,-0.05366129,-0.14470534,0.13375336,-0.11474486,0.34491378,-0.05637566
30,-0.052987263,-0.3890422,2.3396683,2.3396764,-2.7189426,-0.48250997,-0.9407265,0.98112243,0.2562246,0.14416906,0.31654012,-1.1293037,0.61267936,-0.13220474,0.035290476,0.6675979,-1.1438465,-1.6692547,-0.6344385,0.0787022,-0.28620732,0.23216447,-0.27660954,-0.6017745,1.2816609,0.42150366,-0.40672347,0.75360876,-0.10105486,-0.25806504,2.45304,0.14362773,-0.31491694,-0.31365058,-0.32860854,-0.09915026,0.06899278,-0.18884721,-0.47772908,-0.19448657,-0.23140076,0.03768868,0.017001245,0.17043278,0.0070344247,0.06786123,-0.12913592,0.10674269,-0.41991925,-0.09385423,0.09887695,0.026637752,0.38407263,0.10365476,0.007817027,0.17768183,0.08223478,0.011289189,-0.17708257,0.11629149
31,2.266769,1.123292,0.01874813,-0.009576838,1.0894043,0.384828,1.103155,-0.03690819,0.69946104,0.12297428,0.3258953,0.059281334,-0.44463295,0.07130147,0.045606293,1.1013062,-0.76525134,0.7909956,0.85440266,-0.49011397,-0.9767841,0.09569204,-0.80197275,0.16250798,0.27723593,-0.35910076,0.20913431,0.097209975,-0.3341405,0.41469806,0.14362773,2.7681684,0.2726552,-0.011170567,-0.1304763,-0.9040465,-0.26776922,-0.54227376,0.5341706,-0.23927905,-0.1941455,0.19939962,-0.14613733,-0.6027744,-0.18053813,0.009302748,0.03703241,-0.22044268,0.14010632,-0.077168256,0.06302501,-0.19631007,0.05560305,-0.116547674,0.16130406,0.39717814,0.10000289,-0.08170434,-0.12519798,0.2838664
32,-1.5395482,-0.24059969,-0.73493993,-0.04803795,-1.0523596,-0.011479264,1.6536742,-0.20007272,0.21617395,-0.5018786,0.5307651,0.49431634,-0.18874155,-1.0880785,-0.16499698,1.0925753,-0.42229185,-0.8175471,-0.3910047,-1.2236823,1.4028604,0.1329987,-0.35474306,-0.2641072,0.0862174,-0.1056688,-0.2869271,-0.6551307,-0.20244841,-0.3217516,-0.31491694,0.2726552,3.085011,0.63407165,-0.22172049,0.3689037,-0.33799255,0.07084709,-0.254886,-0.24384183,0.29516616,0.03599355,-0.27255124,0.17874412,-0.25390837,-0.66219175,0.06661019,-0.042945795,0.15513536,-0.05440907,-0.08408803,-0.29026783,0.2890887,-0.080664575,-0.17696562,-0.10080269,-0.118549414,-0.071630195,-0.06932978,-0.042405743
33,-0.5870531,-0.8011529,-1.4275272,-2.0844908,-0.8516476,0.23011774,0.26779342,-0.4354276,-1.0517669,0.2400071,0.71387017,-0.64072657,0.30606496,-0.43911195,0.50997436,0.119210824,0.023253765,0.21438628,0.68685675,-0.13866894,-0.5007847,-0.651297,0.48281032,0.5653186,0.007989466,-0.5228492,-0.7291002,-0.3384671,0.012945326,0.42449403,-0.31365058,-0.011170567,0.63407165,2.0455294,-0.558041,-0.14221177,0.16997406,-0.20996502,0.23963496,-0.47526258,0.002231189,-0.3353393,0.27435258,0.02065217,-0.12603039,-0.115894035,0.32348698,0.092213884,-0.009624285,0.0828337,-0.006136376,-0.32613838,0.13487136,0.041664347,-0.094750315,0.27162445,0.075789616,0.03546822,0.35103953,-0.13667738
34,-0.7084449,-0.53551674,0.8014037,-1.4468073,-0.429268,-1.1714523,0.21438937,1.1228681,-0.5999907,0.9066138,0.1224184,-0.71528965,0.9430971,-0.5331149,-0.6143237,0.45578927,-0.64096487,0.9717604,0.46832561,-0.054443464,0.059552185,0.18031552,-0.1892677,-0.18955372,-0.6972681,0.25137907,0.3762286,-0.17235096,-0.12272555,-0.042666618,-0.32860854,-0.1304763,-0.22172049,-0.558041,1.4790363,-0.110099085,-0.059229672,-0.111739025,-0.14718956,-0.19762295,-0.19913122,0.24375461,-0.12464967,0.30444145,-0.056335665,-0.37340578,0.15254307,-0.10233797,0.11240829,-0.020479366,-0.04573392,0.3114336,-0.075988255,-0.14871475,-0.07105629,-0.032134347,-0.060120746,0.23810428,0.11146186,0.0047726748
35,-1.4933656,-0.1074557,-1.352314,-0.019977074,0.23129341,-0.76727384,-0.69855666,-0.76795924,0.6321701,0.1186524,1.456997,-0.84565747,-0.8410152,-0.27310646,-0.58581084,-0.22105758,0.4070555,-0.1259253,-0.12223308,-0.29539,0.27998167,0.14538996,-0.2544783,0.054013997,0.40291172,0.0072966376,0.13312337,-0.29325294,-0.48644924,-0.3599161,-0.09915026,-0.9040465,0.3689037,-0.14221177,-0.110099085,2.4115243,-0.37338042,-0.41275233,-0.033841103,-0.04825504,0.04875663,-0.53364325,-0.16549337,0.55067647,0.4028489,-0.07142988,0.08671227,0.23708601,0.39141786,0.09121694,-0.09789455,0.2161104,-0.031253956,0.047303878,-0.06865771,-0.15162042,0.017983366,-0.02845162,-0.070336446,0.36897993
36,0.21801904,0.26960433,2.1680098,-0.8323505,1.8285679,0.2240121,-0.55728537,0.21876942,-0.9195329,-0.45838368,-0.44142318,-0.11074174,1.0289128,0.4737272,0.07365926,-1.6629025,0.8171195,0.1738417,0.15516207,0.48085046,0.55162406,-1.1585124,0.3418955,-0.598575,0.33002615,0.38096148,-0.027409608,0.4351943,0.2571665,0.44966376,0.06899278,-0.26776922,-0.33799255,0.16997406,-0.059229672,-0.37338042,1.8278517,0.054816697,0.6714172,-0.15748881,0.11105192,0.14435677,-0.00027513225,0.0801315,-0.22773707,-0.39238122,0.1046574,0.06920124,-0.30403316,0.14442602,0.0072484026,0.16152784,0.26347545,0.036636274,-0.050026216,-0.014184989,0.08667363,-0.19157094,0.07319139,0.19538355
37,-0.84818363,0.8945179,-0.029621596,2.4676213,-0.9716632,-0.40889952,0.9414922,-1.4303346,-0.019523263,-0.5368647,-1.4171833,-0.06391601,0.51613975,0.32875717,0.39640045,-0.7839674,0.7295227,0.24953985,-0.49122256,0.42504376,0.40559697,0.43652445,0.5419885,-0.05724579,0.033398002,-0.34284198,0.28194296,0.11687095,0.49390167,0.20991,-0.18884721,-0.54227376,0.07084709,-0.20996502,-0.111739025,-0.41275233,0.054816697,1.9942776,-0.42962992,0.2176795,0.13475558,0.35484165,-0.34061563,-0.40215114,-0.23790967,-0.092605084,-0.38793766,0.387931,0.14558756,-0.03302058,0.19306433,-0.13395065,-0.037526734,-0.28584093,0.10935217,-0.028969027,-0.005597293,0.0993111,0.050686058,0.2689085
38,0.36016315,0.5860156,-0.2141107,-1.8025026,1.2270355,-0.3993881,0.69622105,0.065356165,-0.01502461,-0.24022757,0.25067523,0.11100009,-1.1330018,0.4382934,-0.78991294,-1.1776781,0.32921094,1.0822349,0.5264857,-0.2681626,0.44266382,-0.06504518,-0.23711044,0.1429425,0.5393256,0.18413599,0.11988683,0.16786098,-0.36201394,0.35386926,-0.47772908,0.5341706,-0.254886,0.23963496,-0.14718956,-0.033841103,0.6714172,-0.42962992,1.8734776,-0.13279137,0.217441,-0.37930942,-0.22716364,0.024872102,-0.4746632,0.10914346,0.18230459,-0.1810095,-0.1787115,0.16728504,0.06514087,-0.044831924,-0.15845439,0.049953233,0.21857199,-0.039143715,-0.051249728,0.013374259,-0.042149536,-0.022498589
39,-0.3045772,-1.1716642,0.7835388,0.53275687,1.2669985,-0.8489538,1.779829,-0.4645672,-1.4474579,-0.024572885,0.93516326,0.92575175,0.19471353,0.82092494,1.0088446,0.19475189,-0.82477844,-0.17147738,-0.15232864,0.44341096,0.13907325,-0.4880793,0.10029137,-0.111903295,0.023204539,0.29424834,0.4295888,0.3532747,-0.2788104,0.44608852,-0.19448657,-0.23927905,-0.24384183,-0.47526258,-0.19762295,-0.04825504,-0.15748881,0.2176795,-0.13279137,2.689636,0.29603553,0.22353894,0.19849479,-0.34549522,0.3048218,0.118294,0.26720297,-0.016224742,0.4059114,0.23468,-0.11634183,-0.081890926,0.13134813,-0.09776208,-0.01234539,-0.117152505,0.042953514,-0.27700907,0.12109433,-0.043460734
40,0.5656311,1.3094112,0.24598303,-0.14888638,-0.10274927,0.2963593,0.08027755,0.12678984,-0.321396,-0.7065583,0.07613498,0.6537486,-0.26080802,0.33648574,-0.12220515,-0.53090507,-0.41414925,0.0037282403,0.45283026,-0.15310451,0.081153505,0.2016162,-0.22084883,-0.16019787,0.037066855,0.32596964,0.08398785,-0.68564045,-0.014311302,-0.22842583,-0.23140076,-0.1941455,0.29516616,0.002231189,-0.19913122,0.04875663,0.11105192,0.13475558,0.217441,0.29603553,1.6819111,-0.28554553,0.22511695,-0.12895024,-0.07836855,0.15118602,0.38891596,0.13031057,-0.01225256,-0.45176357,-0.11693135,0.18934461,0.10488213,-0.03418777,0.46660095,0.068756536,0.0135828685,0.014616976,-0.07152264,-0.13648048
41,0.94383204,0.075074926,-0.44031262,-0.23351327,0.32476997,0.45318598,1.3760287,-0.090091765,0.08767248,-0.36410922,-0.31859377,-0.3481301,0.6947839,-0.015635287,0.62241226,0.2682219,-0.05206611,0.3947733,0.12995139,-0.07381261,0.17202963,-0.16646689,-0.25868082,0.06639441,0.02695581,-0.34706,0.15562387,0.43524575,-0.46885437,0.018370751,0.03768868,0.19939962,0.03599355,-0.3353393,0.24375461,-0.53364325,0.14435677,0.35484165,-0.37930942,0.22353894,-0.28554553,1.3717715,-0.024724677,0.26780283,0.0574139,-0.20769462,0.08526658,0.08302719,-0.15665378,0.047001615,0.24135944,-0.0055796467,-0.062439118,-0.16637453,-0.006977274,-0.11129601,-0.15858072,-0.11646267,-0.122797444,0.30601805
42,0.5825,-0.8878132,-2.3221047,-0.19087183,0.83765066,-0.11217332,-0.53287494,0.3714317,0.14243859,0.7141275,0.32189816,0.7211967,-0.44665778,0.1177839,0.14947039,0.7460525,0.4600117,0.16585639,0.56372285,0.46328437,-0.3093242,0.095996276,0.15700981,0.22517022,0.67013264,-0.15324026,0.06036044,-0.4132052,0.6928032,-0.27233046,0.017001245,-0.14613733,-0.27255124,0.27435258,-0.12464967,-0.16549337,-0.00027513225,-0.34061563,-0.22716364,0.19849479,0.22511695,-0.024724677,1.8540549,0.20583212,0.066121966,0.27628684,0.11953128,-0.2495021,0.26959297,-0.14839685,-0.054105192,0.11200857,0.3916698,0.039152697,-0.22180776,-0.030525446,-0.18811889,0.028766938,-0.020331621,-0.118713
43,-0.07559222,-0.014154255,0.54011476,-1.6466925,-0.25278926,-0.20570682,-0.24781525,1.3755034,-0.29761693,0.015345931,0.25369543,-0.37517118,0.41990173,-0.49229825,-0.27469778,-0.111439675,0.18837109,-0.41479528,0.040743522,-0.66106594,0.16217506,0.09297638,-0.19733362,-0.28533906,0.3055247,-0.21623802,0.05437912,0.31807017,-0.42778358,-0.4057847,0.17043278,-0.6027744,0.17874412,0.02065217,0.30444145,0.55067647,0.0801315,-0.40215114,0.024872102,-0.34549522,-0.12895024,0.26780283,0.20583212,1.4930497,0.10494657,-0.24429515,0.2125171,-0.13490418,0.19748747,0.014204207,-0.2012484,0.0750611,-0.15628687,0.020052116,-0.1260355,-0.050147362,-0.0023647055,0.006992723,0.14085895,0.15168959
44,-0.108380124,-0.37454993,0.5645178,-0.7122371,0.057181112,1.2228426,0.06244006,0.034095213,0.22992918,-0.32742336,-0.295398,0.04084743,-0.18811111,0.12349869,1.105098,0.13892151,0.45572874,-1.0147793,-0.1140828,0.107399285,-0.39475992,-0.09797794,0.23185131,-0.2213523,-0.57253754,-0.1544998,0.40602696,0.22242868,-0.06838821,-0.083952576,0.0070344247,-0.18053813,-0.25390837,-0.12603039,-0.056335665,0.4028489,-0.22773707,-0.23790967,-0.4746632,0.3048218,-0.07836855,0.0574139,0.066121966,0.10494657,1.6361883,-0.17906815,0.103952125,-0.39137134,0.07328023,-0.09734392,-0.054312006,-0.18873444,0.08064277,0.11696241,0.21040633,-0.048738915,-0.15070269,0.07165642,0.13722599,0.12460941
45,0.15319982,0.07515679,-1.2435992,0.6653958,-0.08301914,0.589153,-0.5339395,-0.6013601,0.41734904,-0.03314924,0.41437706,0.32877904,-1.1830083,0.23270044,-0.17633627,-0.04208804,1.0206273,0.23505183,-0.13687444,0.4209103,0.24434152,0.24077739,-0.067034975,0.4567299,0.20072383,0.27115446,-0.13773271,-0.21859047,0.5148452,-0.41209948,0.06786123,0.009302748,-0.66219175,-0.115894035,-0.37340578,-0.07142988,-0.39238122,-0.092605084,0.10914346,0.118294,0.15118602,-0.20769462,0.27628684,-0.24429515,-0.17906815,1.2979676,0.098469645,-0.11888453,-0.15146087,-0.1436424,0.11179811,-0.07765364,-0.1553054,-0.0054334756,0.1415298,0.1141933,0.17948088,-0.012085212,0.024703167,0.010111825
46,0.011158697,-0.68815887,0.7870889,-1.7005682,0.1511986,-1.2783208,0.7769413,0.51736915,-1.4812319,-0.648967,-0.045297965,-0.28869605,0.34509742,-0.20529686,0.0144071225,-0.1023306,-0.5231445,-0.46325228,0.19241393,-0.029671263,-0.05567214,-0.6135174,0.23301297,0.2614345,0.29284188,-0.2929185,-0.46651602,0.030649524,-0.086763516,-0.1514428,-0.12913592,0.03703241,0.06661019,0.32348698,0.15254307,0.08671227,0.1046574,-0.38793766,0.18230459,0.26720297,0.38891596,0.08526658,0.11953128,0.2125171,0.103952125,0.098469645,1.4705169,-0.043823034,0.09859508,0.016096484,-0.17752983,-0.25023752,-0.034517616,-0.07477091,0.14900927,0.06371662,0.12843835,0.1658236,-0.1445372,0.043158963
47,0.7777152,0.9433796,1.0149207,1.1236533,-0.4452908,-0.5999589,-0.3940838,-0.6391847,0.16637269,-0.683743,0.21739121,-0.9558346,0.63429344,-0.25070763,0.057698607,-0.18948385,-0.2509138,0.29966795,0.15319385,-0.110260874,-0.44843554,-0.19037744,0.10531394,0.30335045,-0.12629195,-0.23184115,-0.35089278,0.03056539,-0.01106287,0.04690285,0.10674269,-0.22044268,-0.042945795,0.092213884,-0.10233797,0.23708601,0.06920124,0.387931,-0.1810095,-0.016224742,0.13031057,0.08302719,-0.2495021,-0.13490418,-0.39137134,-0.11888453,-0.043823034,1.0302435,0.19028044,-0.03045422,0.02059903,0.185319,0.034722194,-0.08970152,-0.13028893,-0.027649608,0.116606936,-0.07293773,-0.09992809,-0.0033624182
48,0.7594524,0.5787333,-0.02365293,-0.11669068,0.8582351,-0.98929906,-0.31936556,0.21203375,-0.2393789,0.05341345,-0.31747565,0.68496037,-0.05395838,0.3429969,-0.1347402,-0.05505181,0.18384515,0.19700482,0.12592842,-0.0764753,-0.46773407,0.17673725,0.22819899,-0.1994711,-0.149542,-0.3854176,0.087783545,-0.13823579,-0.061092377,0.086721756,-0.41991925,0.14010632,0.15513536,-0.009624285,0.11240829,0.39141786,-0.30403316,0.14558756,-0.1787115,0.4059114,-0.01225256,-0.15665378,0.26959297,0.19748747,0.07328023,-0.15146087,0.09859508,0.19028044,1.1708661,0.005069028,-0.1867426,0.120112985,-0.18803757,-0.028882535,-0.16195764,0.008696271,0.15018445,-0.06547258,0.11616963,0.14415744
49,-0.73283225,-0.9229421,-1.4938433,-0.08443769,0.5316365,1.7296274,0.9465141,-0.13249376,0.11897689,0.82792926,0.393045,0.1314064,0.8882588,0.06968388,0.2877679,0.54409134,0.1992585,-0.06450179,-0.7004745,0.14684671,0.26363134,-0.49913812,0.09578238,0.30782115,0.060498893,0.08655478,-0.11317511,0.24838576,0.052303895,0.09215212,-0.09385423,-0.077168256,-0.05440907,0.0828337,-0.020479366,0.09121694,0.14442602,-0.03302058,0.16728504,0.23468,-0.45176357,0.047001615,-0.14839685,0.014204207,-0.09734392,-0.1436424,0.016096484,-0.03045422,0.005069028,1.1342512,0.041006386,-0.028303856,-0.005933586,0.092450395,-0.053530116,0.036807,0.23603374,0.37750366,-0.13601613,-0.028425168
50,-0.16436447,-0.3348558,-0.6782893,0.32003552,0.40820014,0.6361548,0.27206993,-0.21590278,0.073852584,-0.18812114,0.14613965,-0.11563008,-0.45980042,-0.39626575,0.034188107,0.1344298,-0.5484048,0.08269521,-0.17450012,0.01593624,0.12436405,0.55298245,0.110181615,0.3041827,0.17676486,-0.35786715,-0.4374241,0.03623993,-0.09135616,0.22572224,0.09887695,0.06302501,-0.08408803,-0.006136376,-0.04573392,-0.09789455,0.0072484026,0.19306433,0.06514087,-0.11634183,-0.11693135,0.24135944,-0.054105192,-0.2012484,-0.054312006,0.11179811,-0.17752983,0.02059903,-0.1867426,0.041006386,0.7038195,0.10582687,-0.22150867,0.12492596,0.06483914,-0.06742574,-0.109910324,-0.082453005,-0.103929505,0.11997485
51,0.26990312,0.56310326,-0.041725382,0.03548011,0.16690539,0.22123066,-0.496818,0.38798618,0.37044653,0.23496895,0.46269265,0.43034184,0.55839896,-0.23095542,-0.7102468,0.013999759,-0.30435455,0.13387424,0.008163432,-0.21911749,0.22093236,0.1262521,0.20520622,-0.12070296,0.10901411,0.1488277,0.2290735,-0.41218334,-0.002935219,-0.17925476,0.026637752,-0.19631007,-0.29026783,-0.32613838,0.3114336,0.2161104,0.16152784,-0.13395065,-0.044831924,-0.081890926,0.18934461,-0.0055796467,0.11200857,0.0750611,-0.18873444,-0.07765364,-0.25023752,0.185319,0.120112985,-0.028303856,0.10582687,0.8106649,0.09103198,0.103664264,0.004220309,0.049619142,0.062246293,-0.062113605,0.016273603,0.04550665
52,0.19712913,0.30246496,1.1050158,0.96703243,-0.710412,-0.70901537,-0.26016966,-0.19497596,-0.3738631,0.013391203,0.29756635,-0.5107086,1.1540064,0.28562674,0.2584623,0.22496305,0.1883563,-0.043463025,0.43611312,-0.081063524,0.32597357,-0.7278281,-0.4535951,-0.025678584,0.02667059,0.43044716,0.016982134,0.02212318,0.13885647,-0.30458993,0.38407263,0.05560305,0.2890887,0.13487136,-0.075988255,-0.031253956,0.26347545,-0.037526734,-0.15845439,0.13134813,0.10488213,-0.062439118,0.3916698,-0.15628687,0.08064277,-0.1553054,-0.034517616,0.034722194,-0.18803757,-0.005933586,-0.22150867,0.09103198,0.99985814,-0.11017363,0.13836437,-0.0815776,-0.033776373,0.020380186,-0.038860053,-0.023652785
53,0.26598972,-0.011505859,-0.006785337,0.43113905,0.5408621,1.1641407,-0.37598664,0.15516868,0.778,0.410591,0.2044909,0.53847206,0.055363864,0.4148847,0.23130387,0.019729067,-0.45274258,0.18717805,-0.5955534,-0.08280864,-0.04632107,-0.40280196,0.27761632,-0.18188532,-0.19534649,0.024989955,0.08141794,0.5965328,-0.03821139,-0.12631746,0.10365476,-0.116547674,-0.080664575,0.041664347,-0.14871475,0.047303878,0.036636274,-0.28584093,0.049953233,-0.09776208,-0.03418777,-0.16637453,0.039152697,0.020052116,0.11696241,-0.0054334756,-0.07477091,-0.08970152,-0.028882535,0.092450395,0.12492596,0.103664264,-0.11017363,0.769597,-0.076144904,0.018594991,-0.039213546,-0.029403977,0.028221369,-0.15119796
54,-0.46626043,-0.197189,0.7360304,-0.46769,-0.93646467,0.21342336,0.10520636,-0.24251032,-0.40385497,-0.13613416,0.15366377,-0.75433254,0.06686305,-0.2316443,0.1420942,-0.053954855,0.2037499,-0.20053732,-0.025909232,0.015530131,0.281326,0.19880524,-0.35966575,0.021368999,0.016875982,-0.077609524,0.0013138189,0.17612481,0.05895866,-0.05366129,0.007817027,0.16130406,-0.17696562,-0.094750315,-0.07105629,-0.06865771,-0.050026216,0.10935217,0.21857199,-0.01234539,0.46660095,-0.006977274,-0.22180776,-0.1260355,0.21040633,0.1415298,0.14900927,-0.13028893,-0.16195764,-0.053530116,0.06483914,0.004220309,0.13836437,-0.076144904,0.7977162,-0.13054392,0.06063704,0.02710415,-0.05642572,-0.0507644
55,0.10160634,0.53963196,-0.08533862,0.99354637,0.46701503,0.5885204,-0.21733841,-0.39165846,0.037211757,0.0034506463,0.32470843,-0.43964338,0.38239485,0.054611005,-0.0477178,0.035843343,-0.23425195,0.07300162,0.01599496,0.1277866,-0.5159203,-0.21680072,0.62326753,-0.023058886,0.3063118,-0.08864483,0.16216101,-0.31573123,0.12166008,-0.14470534,0.17768183,0.39717814,-0.10080269,0.27162445,-0.032134347,-0.15162042,-0.014184989,-0.028969027,-0.039143715,-0.117152505,0.068756536,-0.11129601,-0.030525446,-0.050147362,-0.048738915,0.1141933,0.06371662,-0.027649608,0.008696271,0.036807,-0.06742574,0.049619142,-0.0815776,0.018594991,-0.13054392,0.6968831,0.09159878,0.08043079,0.12850076,0.20409593
56,0.19186652,0.5257475,0.02118795,-0.47341254,-0.023451362,0.48223078,0.11472231,0.34380352,-0.06835651,0.36588684,0.5586426,0.79063714,0.6523463,-0.30496958,-0.08710666,-0.03929507,0.1530226,-0.44699234,-0.02290688,-0.20756568,-0.02030095,-0.14299937,-0.115075186,-0.06392036,0.036657955,0.13474558,-0.3307969,0.120343305,0.34500575,0.13375336,0.08223478,0.10000289,-0.118549414,0.075789616,-0.060120746,0.017983366,0.08667363,-0.005597293,-0.051249728,0.042953514,0.0135828685,-0.15858072,-0.18811889,-0.0023647055,-0.15070269,0.17948088,0.12843835,0.116606936,0.15018445,0.23603374,-0.109910324,0.062246293,-0.033776373,-0.039213546,0.06063704,0.09159878,0.8901819,0.07660713,0.18326113,0.045597762
57,-0.07328522,0.3317566,0.3269902,-0.034154966,-0.2758987,1.0134648,0.32968295,0.81482893,0.45268732,0.05374672,-0.39179146,0.18875045,0.19791624,-0.1594377,0.059991628,0.07866354,0.071710035,0.18126294,-0.19378999,-0.29985768,0.1375019,0.25497055,-0.12031658,0.22508417,-0.38903284,0.07158384,0.152426,-0.26076552,0.09773573,-0.11474486,0.011289189,-0.08170434,-0.071630195,0.03546822,0.23810428,-0.02845162,-0.19157094,0.0993111,0.013374259,-0.27700907,0.014616976,-0.11646267,0.028766938,0.006992723,0.07165642,-0.012085212,0.1658236,-0.07293773,-0.06547258,0.37750366,-0.082453005,-0.062113605,0.020380186,-0.029403977,0.02710415,0.08043079,0.07660713,0.7191642,0.07478784,-0.043644976
58,-0.33440498,0.014899243,0.62161225,-1.056987,0.15000215,-0.033806313,-0.14616638,0.3997739,-0.40502086,0.17064464,0.5407399,-0.080500335,0.6104274,-0.19416456,0.098692924,-0.2607171,0.39820296,0.3496408,0.16504085,-0.13309744,0.044713132,-0.006066962,0.4666816,0.09142168,-0.1638413,-0.024065383,0.33246768,0.031609386,0.12207636,0.34491378,-0.17708257,-0.12519798,-0.06932978,0.35103953,0.11146186,-0.070336446,0.07319139,0.050686058,-0.042149536,0.12109433,-0.07152264,-0.122797444,-0.020331621,0.14085895,0.13722599,0.024703167,-0.1445372,-0.09992809,0.11616963,-0.13601613,-0.103929505,0.016273603,-0.038860053,0.028221369,-0.05642572,0.12850076,0.18326113,0.07478784,0.6475145,0.07527943
