,0,1,2,3,4,5,6,7,8,9,10,11,12,13,14,15,16,17,18,19,20,21,22,23,24,25,26,27,28,29,30,31,32,33,34,35,36,37,38,39,40,41,42,43,44,45,46,47,48,49
0,1288.7394,18.54517,8.771376,2.4404776,1.0044208,0.021545898,-0.220013,0.10207933,0.30041963,0.019803254,-0.14141172,-0.02908022,-0.031435855,0.024351127,0.14342344,0.036109783,-0.032725938,0.078413196,0.029931817,0.025026642,0.03369509,0.04758855,0.020997867,0.006644328,0.020751305,-0.0322612,-0.0256183,-0.03365454,-0.029077923,-0.04613544,-0.0030774353,-0.0026101028,0.01911924,-0.015827216,0.019763207,0.014718294,0.0035206857,-0.05227445,0.0055719535,-0.0059702126,-0.034900926,0.006005155,0.011448766,-0.05320713,-0.0006352272,-0.009046154,-0.0074099055,-0.016661331,0.00084295485,0.010926528
1,18.54517,443.6911,7.093145,-0.6530324,-0.40360978,0.15985209,0.070565306,0.015278414,0.04304581,-0.17587176,0.24510624,-0.24787977,-0.05671826,-0.10787673,0.07901192,-0.029013067,-0.14876756,0.008089324,-0.069302134,0.084190376,-0.028563153,-0.028736886,0.05949135,0.051040076,0.032997638,0.02940673,-0.05298596,-0.023768138,0.03382233,0.019379087,0.017502371,-0.016536457,-0.025820594,0.024887366,-0.015185468,-0.020767612,0.0017902313,0.039127592,-0.029354865,0.020747833,-0.0052499995,-0.034285605,-0.0013409625,0.046783,-0.004908302,-0.031173926,-0.06102024,-0.013167746,-0.0036823493,0.0042775525
2,8.771376,7.093145,0.62128526,-0.30135036,-0.79293764,0.027421651,-0.5068189,-0.09038226,0.36963552,-0.09448289,0.110691324,0.14483327,-0.16144073,0.14814226,0.047859073,0.0011894291,0.0766675,-0.026043005,-0.0420554,-0.048812803,0.11988433,0.028766192,0.028709687,-0.026733134,0.01644609,0.039277673,0.012746833,-0.02208985,-0.004302473,-0.051696092,-0.021704486,-0.012856634,-0.0074094115,0.011266461,0.006026539,0.036323447,-0.023151381,-0.013264492,-0.010405672,0.00066142005,0.0036175265,0.0053520985,0.0017799726,0.0015984145,-0.015735958,0.021029606,0.009092577,0.022368629,0.024358364,-0.013628993
3,2.4404776,-0.6530324,-0.30135036,0.75614804,0.97933006,-0.029568136,0.7146467,0.27490592,-0.53749144,0.06347765,0.034816824,-0.3171827,0.09549987,-0.11839654,-0.17285636,0.020949766,-0.06379953,0.08846572,0.12685218,-0.09773557,-0.058492698,-0.053917523,-0.026570512,-0.0025861254,0.0766924,0.05284088,-0.0460134,0.021659765,0.00089661585,0.0076838797,-0.02943014,0.04737658,-0.0040961434,0.030941442,-0.029836457,0.020099893,0.042293347,0.033491224,-0.030819684,0.010594344,0.008004134,0.02274641,-0.0066439793,0.048976365,-0.019071087,0.028043037,-0.018956851,-0.012138893,-0.013096058,-0.03162857
4,1.0044208,-0.40360978,-0.79293764,0.97933006,4.298435,-0.35066223,0.67769265,-0.39907295,0.08034626,0.17618814,0.42577916,-0.073905826,0.11359304,-0.20384574,-0.38374376,0.011971827,-0.2165227,0.003289007,-0.12058097,0.10514635,-0.21953666,-0.006227008,-0.011443377,0.025359213,-0.014278454,0.013646855,-0.06287035,0.08035135,-0.09044288,0.011527525,-0.10520643,-0.03316041,-0.045110747,-0.009826325,-0.055030808,-0.071966335,0.056992687,0.07619926,-0.043259565,0.033134475,0.035009086,-0.036298662,-0.014235992,0.21480346,-0.0066327117,0.045274854,-0.03681858,-0.0216631,-0.03010958,-0.00975063
5,0.021545898,0.15985209,0.027421651,-0.029568136,-0.35066223,0.30311584,0.013370398,0.0886319,-0.124976784,0.023626167,-0.0993014,-0.14523482,0.0064828703,0.026715148,0.017325882,-0.040493984,0.04135109,0.030533366,0.047714546,0.05162979,0.09027913,-0.022170499,0.010949783,-0.08631359,-0.09240092,0.054190516,0.03689854,-0.057478245,0.017473886,-0.01455287,-0.032191377,-0.01601421,0.01562098,0.044895392,0.027694972,0.004966859,0.027004313,-0.026591882,0.0029177458,0.004446896,0.021264777,0.02197914,0.020332929,-0.017776001,0.016953316,0.007963069,0.019751001,-0.00376784,-0.036447678,0.018246403
6,-0.220013,0.070565306,-0.5068189,0.7146467,0.67769265,0.013370398,1.4403825,0.2509383,-0.96422064,-0.11645819,-0.18950537,-0.5339944,-0.009106299,-0.26916406,-0.03869927,0.08688952,-0.09289632,0.1653162,0.20930627,-0.02727103,-0.09185929,0.04495177,-0.0062490674,0.014710316,-0.08033109,0.029525649,-0.017824262,0.052216876,0.023962442,0.061792903,-0.0028617536,0.010830071,-0.026865244,0.020065175,-0.00304301,-0.012348302,0.019595623,0.032084327,-0.02419877,-0.03864956,-0.02414712,0.009663285,-0.04871363,0.021515952,-0.020944154,0.011500271,-0.04260382,-0.008905119,-0.018427413,-0.020225517
7,0.10207933,0.015278414,-0.09038226,0.27490592,-0.39907295,0.0886319,0.2509383,1.1611389,-0.47127208,0.52371526,-0.3216744,-0.00073409884,0.24208495,-0.07818751,-0.08410778,0.031255286,-0.04266402,-0.09944305,0.21395901,-0.1572204,-0.057719596,-0.026037253,-0.03365376,0.012735225,-0.060025074,0.004741624,0.0737448,0.08496493,-0.034295224,-0.027634311,-0.0398064,0.08781767,0.014719307,-0.086934894,-0.0036456436,-0.006406648,0.06903292,-0.05446827,0.03921833,-0.03198403,-0.027483968,0.012749167,0.017755937,-0.0007804269,0.01292279,0.07338722,0.062302433,0.008303626,0.005668151,0.008768816
8,0.30041963,0.04304581,0.36963552,-0.53749144,0.08034626,-0.124976784,-0.96422064,-0.47127208,1.1064711,0.11670488,0.21828195,0.48753104,-0.15892884,0.21337229,0.05176314,-0.0012583345,0.02808778,-0.14142768,-0.2517398,0.038932677,0.09379177,0.04633365,-0.06698859,-0.02252232,-0.0011642284,1.9325555e-05,-0.08195884,-0.02819081,-0.015575127,-0.052116714,-0.058738418,-0.035865765,-0.035038017,0.007065309,0.004111682,0.0049560918,-0.04462617,0.027603492,0.01470949,0.0081418175,0.02142812,-0.02908183,-0.013719469,0.03378769,0.011359775,0.025753975,-0.0121916495,0.023158614,0.032263145,0.02705267
9,0.019803254,-0.17587176,-0.09448289,0.06347765,0.17618814,0.023626167,-0.11645819,0.52371526,0.11670488,0.9889048,-0.1578485,0.17740571,0.17763424,-0.09970445,-0.12840265,-0.12724462,-0.009457792,-0.1312842,0.010283325,-0.07140441,0.03720095,0.010024347,-0.07097148,-0.022824865,0.00016559276,0.051380746,-0.055727057,-0.008778766,-0.081807986,-0.08029498,-0.011289707,0.0032222583,-0.00029344155,0.011070488,0.008420045,-0.01898354,0.02950067,0.022959162,0.049330834,-0.014172427,-0.027241629,0.016351428,-0.024806645,0.03537042,0.068119995,0.0667989,0.022811253,0.011741694,0.028682899,-0.034145765
10,-0.14141172,0.24510624,0.110691324,0.034816824,0.42577916,-0.0993014,-0.18950537,-0.3216744,0.21828195,-0.1578485,0.5503412,-0.019381661,-0.0699557,0.069406,-0.038339317,-0.033906374,0.14709345,0.026735134,-0.12308231,-0.0020362558,0.007589956,0.060458936,0.06610507,0.004873466,0.023061242,-0.059316095,0.050387986,0.023010552,-0.05625631,0.03030737,0.0024575137,-0.023214404,-0.0014823626,0.00691883,-0.036964994,0.043307,-0.0065451926,-0.04885651,0.00035149022,-0.003745935,-0.017757427,-0.049103513,0.0020019491,0.047454208,-0.005972434,-0.010424169,-0.02285145,0.03971795,0.00884738,-0.028909698
11,-0.02908022,-0.24787977,0.14483327,-0.3171827,-0.073905826,-0.14523482,-0.5339944,-0.00073409884,0.48753104,0.17740571,-0.019381661,1.0912509,0.0057657855,0.07717028,0.08225197,0.007814009,-0.11176117,-0.07703097,-0.06031622,0.009248171,-0.12605008,-0.06883417,0.02334895,0.00402074,0.007791672,0.031789742,-0.0096281925,0.020408994,-0.01763707,0.0066121435,-0.071230024,-0.022822157,-0.034371793,-0.020392533,-0.0042778663,0.032234907,0.04425312,0.011277378,0.025569636,-0.012865229,-0.040459096,-0.03032328,-0.022696372,-0.007928256,0.019704634,0.01161063,-0.0025331513,-0.03574499,-0.0056869895,0.0065730754
12,-0.031435855,-0.05671826,-0.16144073,0.09549987,0.11359304,0.0064828703,-0.009106299,0.24208495,-0.15892884,0.17763424,-0.0699557,0.0057657855,0.4213738,-0.06447101,0.029983718,-0.059411503,0.005616206,0.02785477,0.027940698,-0.08712111,-0.031940803,-0.049768496,-0.08798498,-0.038553007,0.05844517,-0.08025658,-0.018727934,0.032678246,-0.020149402,0.010937872,-0.0020909556,-0.00061113265,-0.015022982,0.0008515103,-0.02439572,-0.022304874,0.025913125,-0.0352251,0.013818085,0.032315016,-0.0026845755,-0.0018629783,0.025055194,-0.029475316,0.022076499,-0.021132894,-0.0057633845,0.020862322,-0.024867814,-0.019397888
13,0.024351127,-0.10787673,0.14814226,-0.11839654,-0.20384574,0.026715148,-0.26916406,-0.07818751,0.21337229,-0.09970445,0.069406,0.07717028,-0.06447101,0.36786348,0.023991853,-0.07793672,-0.029152872,-0.012428906,-0.04040212,0.03067261,0.05705642,-0.037478052,0.030092549,0.07538004,-0.064754024,-0.08606623,0.019499417,0.07381531,0.00457557,0.0045326184,-0.022942364,-0.05278848,0.059400395,0.013171293,0.038216796,0.037943944,0.0276304,0.00024362541,0.008490995,0.0054610968,-0.0080595715,0.03204538,0.0051788324,-0.0249045,-0.016430572,0.0364457,-0.00420512,0.007391112,0.0022672515,0.011849686
14,0.14342344,0.07901192,0.047859073,-0.17285636,-0.38374376,0.017325882,-0.03869927,-0.08410778,0.05176314,-0.12840265,-0.038339317,0.08225197,0.029983718,0.023991853,0.30191627,0.017186997,0.08221369,0.044310573,0.006530004,-0.007123843,-0.010516295,0.011321613,-0.02955295,-0.02343975,-0.02938683,-0.05296153,0.050515227,0.025789896,-0.04555048,-0.02348486,-0.03553123,-0.02701895,0.023534074,0.018324282,-0.026213268,-0.024042638,-0.011066507,0.024808947,0.011737432,0.026841827,0.02682417,-0.0058357446,-0.0088214865,-0.018196564,0.008153534,0.0015154659,-0.0010642242,-0.0013729464,-0.0051012347,0.0090919845
15,0.036109783,-0.029013067,0.0011894291,0.020949766,0.011971827,-0.040493984,0.08688952,0.031255286,-0.0012583345,-0.12724462,-0.033906374,0.007814009,-0.059411503,-0.07793672,0.017186997,0.25378326,-0.046931814,-0.007533947,-0.007725449,0.026075684,-0.046935245,-0.028305378,-0.052853853,-0.050172642,-0.007440024,0.025419299,-0.045108754,-0.03189192,0.025512144,0.019058593,-0.005736646,0.049065094,-0.05522284,-0.011205452,0.0078606,-0.0052634035,-0.02874142,0.024167906,-0.010183971,-0.015194788,0.03607175,-0.015181815,-0.021649588,-0.008171545,-0.008614033,-0.019426376,0.013367883,0.0043651992,0.012318417,0.023521565
16,-0.032725938,-0.14876756,0.0766675,-0.06379953,-0.2165227,0.04135109,-0.09289632,-0.04266402,0.02808778,-0.009457792,0.14709345,-0.11176117,0.005616206,-0.029152872,0.08221369,-0.046931814,0.34973377,0.07641384,0.04553357,-0.029465526,-0.026918713,-0.0002469675,0.03498412,-0.029260479,-0.0058942484,-0.02558538,0.026775366,-0.0040632198,-0.023362573,-0.008069105,0.018059198,-0.013023641,-0.005820358,0.016005512,-0.059029616,0.0011617257,-0.023293521,-0.041236818,0.046354212,0.004470206,0.00048450858,-0.021137323,-0.05443161,0.020477679,0.037814423,-0.013290739,0.023103818,0.015306156,0.01249784,-0.007132468
17,0.078413196,0.008089324,-0.026043005,0.08846572,0.003289007,0.030533366,0.1653162,-0.09944305,-0.14142768,-0.1312842,0.026735134,-0.07703097,0.02785477,-0.012428906,0.044310573,-0.007533947,0.07641384,0.28042608,0.0055639967,0.016552616,0.022128372,-0.0779587,0.05352746,-0.032920063,-0.011856563,0.0038095778,-0.031206153,0.011396311,-0.021270573,0.06893342,-0.039303683,0.016872145,0.002913563,0.07388131,-0.0013324096,-0.010532468,-0.01397183,-0.0036266732,0.010654641,0.0018748103,0.011205653,0.004424802,-0.033440635,-0.01817544,0.007330117,0.0058726678,-0.02632157,0.014756381,-0.0039251754,-0.0061776503
18,0.029931817,-0.069302134,-0.0420554,0.12685218,-0.12058097,0.047714546,0.20930627,0.21395901,-0.2517398,0.010283325,-0.12308231,-0.06031622,0.027940698,-0.04040212,0.006530004,-0.007725449,0.04553357,0.0055639967,0.31537226,-0.07606921,-0.05015208,-0.05223327,0.01866959,0.02904936,-0.036624428,-0.0031582697,0.00935878,-0.029810831,-0.016213793,-0.04831384,-0.0021336963,-0.0062790546,-0.02441724,-0.00809872,-0.02744349,0.000532396,0.020358745,0.0011941849,0.0041384003,-0.00097646,-0.0074390457,0.00863682,-0.012036715,0.0008105609,-0.0125916,0.003657357,-0.0021033746,-0.010282391,0.005281926,-0.026385583
19,0.025026642,0.084190376,-0.048812803,-0.09773557,0.10514635,0.05162979,-0.02727103,-0.1572204,0.038932677,-0.07140441,-0.0020362558,0.009248171,-0.08712111,0.03067261,-0.007123843,0.026075684,-0.029465526,0.016552616,-0.07606921,0.29129636,0.00045210976,-0.06563519,-0.033763953,0.021197233,-0.04591634,0.020016927,0.008337339,0.021994006,-0.02326574,0.040221564,-0.005538241,-0.02721323,0.047953118,0.035883617,0.027497202,-0.004495322,0.018506177,-0.015967272,-0.0008541205,-0.019278288,0.016787495,0.0018893115,0.03320868,-0.018055148,-0.015814997,-0.010289332,0.015576468,0.009516673,-0.0035142554,0.020517714
20,0.03369509,-0.028563153,0.11988433,-0.058492698,-0.21953666,0.09027913,-0.09185929,-0.057719596,0.09379177,0.03720095,0.007589956,-0.12605008,-0.031940803,0.05705642,-0.010516295,-0.046935245,-0.026918713,0.022128372,-0.05015208,0.00045210976,0.27054146,0.030835466,-0.029880922,-0.015469361,-0.002432025,0.03224633,-0.005581235,-0.005642565,-0.012136512,0.022605065,0.0023721405,-0.016910922,0.030471554,0.019964084,0.0076570166,0.007259565,-0.013284675,-0.013608271,-0.01715888,-0.009492544,0.044293024,0.02279399,-0.013612732,-0.0032465342,0.018309813,0.029861378,-0.021828767,0.007863244,-0.012821671,0.0016044485
21,0.04758855,-0.028736886,0.028766192,-0.053917523,-0.006227008,-0.022170499,0.04495177,-0.026037253,0.04633365,0.010024347,0.060458936,-0.06883417,-0.049768496,-0.037478052,0.011321613,-0.028305378,-0.0002469675,-0.0779587,-0.05223327,-0.06563519,0.030835466,0.259647,-0.0031243642,0.010198992,-0.015074607,0.028458798,0.0645661,0.0006554737,0.0037073372,0.004273388,0.0036314176,-0.0316613,-0.02404799,-0.014631504,-0.0026312275,-0.005824016,-0.026337024,0.0046085916,-0.018284228,-0.024171874,-0.026916396,-0.02894317,-0.0015361103,0.008026177,0.024502493,0.0132980645,0.001972983,0.03153368,-0.007725553,-0.0031350423
22,0.020997867,0.05949135,0.028709687,-0.026570512,-0.011443377,0.010949783,-0.0062490674,-0.03365376,-0.06698859,-0.07097148,0.06610507,0.02334895,-0.08798498,0.030092549,-0.02955295,-0.052853853,0.03498412,0.05352746,0.01866959,-0.033763953,-0.029880922,-0.0031243642,0.22165744,0.03103187,-0.034007054,-0.007732696,0.08320958,-0.0017136903,0.0018835058,0.0058961613,0.03767269,0.009760606,0.014772834,-0.011882103,0.005319507,-0.040856943,-0.004587146,-0.008704845,0.025790872,-0.010239892,-0.015761502,0.00075487234,-0.0050629927,0.0043233326,0.00743422,-0.005016096,-0.0061314646,-0.021680132,0.001238799,0.009709368
23,0.006644328,0.051040076,-0.026733134,-0.0025861254,0.025359213,-0.08631359,0.014710316,0.012735225,-0.02252232,-0.022824865,0.004873466,0.00402074,-0.038553007,0.07538004,-0.02343975,-0.050172642,-0.029260479,-0.032920063,0.02904936,0.021197233,-0.015469361,0.010198992,0.03103187,0.1912566,0.020767875,-0.021619286,0.046177432,0.0631382,-0.0010796392,0.019246895,0.02427518,-0.020972539,0.041076034,-0.027728112,-0.01008179,0.018133562,0.00094467634,0.009229671,-0.0092913415,-0.018746652,-0.0021760098,0.018367544,-0.0073924605,-0.012192107,0.0068231784,-0.010118388,-0.0062775575,-0.023065,0.01957948,0.0039694
24,0.020751305,0.032997638,0.01644609,0.0766924,-0.014278454,-0.09240092,-0.08033109,-0.060025074,-0.0011642284,0.00016559276,0.023061242,0.007791672,0.05844517,-0.064754024,-0.02938683,-0.007440024,-0.0058942484,-0.011856563,-0.036624428,-0.04591634,-0.002432025,-0.015074607,-0.034007054,0.020767875,0.25573057,0.029402334,-0.034055173,-0.029093632,0.049372636,-0.024851125,0.035156325,-0.00047583214,-0.04024274,-0.0041748136,-0.03111744,0.0057571395,-0.019879553,0.030181572,-0.01743219,0.018392809,0.032465488,0.005215461,0.033125922,0.027160527,0.0028787293,-0.018402385,-0.01952666,-0.0040448457,0.0026343507,-0.010211812
25,-0.0322612,0.02940673,0.039277673,0.05284088,0.013646855,0.054190516,0.029525649,0.004741624,1.9325555e-05,0.051380746,-0.059316095,0.031789742,-0.08025658,-0.08606623,-0.05296153,0.025419299,-0.02558538,0.0038095778,-0.0031582697,0.020016927,0.03224633,0.028458798,-0.007732696,-0.021619286,0.029402334,0.20186426,-0.0065156175,-0.037810534,0.0065460512,-0.014402297,-0.03414372,0.024430152,0.014083855,0.02977148,0.011616165,-0.0031108789,-0.024542905,0.016769573,-0.024785746,-0.010280611,-0.0037820449,0.0024564574,-0.0035009359,0.010802362,0.0033358568,0.0023429536,0.0092735905,-0.014764737,0.0072306814,-0.0011612381
26,-0.0256183,-0.05298596,0.012746833,-0.0460134,-0.06287035,0.03689854,-0.017824262,0.0737448,-0.08195884,-0.055727057,0.050387986,-0.0096281925,-0.018727934,0.019499417,0.050515227,-0.045108754,0.026775366,-0.031206153,0.00935878,0.008337339,-0.005581235,0.0645661,0.08320958,0.046177432,-0.034055173,-0.0065156175,0.20144187,0.042617157,-0.046280064,0.013795009,0.0011978911,-0.021612303,0.036638714,-0.019902645,0.005405674,-0.005826557,0.020129267,-0.009413011,0.0022094767,-0.012618487,-0.011020748,0.0046092,0.017738957,-0.0031337552,0.014656518,-0.0069357883,0.0018199426,-0.0026380136,-0.013547985,0.012519488
27,-0.03365454,-0.023768138,-0.02208985,0.021659765,0.08035135,-0.057478245,0.052216876,0.08496493,-0.02819081,-0.008778766,0.023010552,0.020408994,0.032678246,0.07381531,0.025789896,-0.03189192,-0.0040632198,0.011396311,-0.029810831,0.021994006,-0.005642565,0.0006554737,-0.0017136903,0.0631382,-0.029093632,-0.037810534,0.042617157,0.21519123,-0.02185857,0.028494287,0.011488628,0.00026264216,0.052813575,-0.024691377,-0.0056798216,-0.010170178,-0.017040486,-0.033368923,-0.010234247,0.018648598,-0.015591792,0.011326669,-0.0168525,0.007552722,-0.002734135,0.005251157,-0.008367086,0.016615063,0.011879018,-0.001634071
28,-0.029077923,0.03382233,-0.004302473,0.00089661585,-0.09044288,0.017473886,0.023962442,-0.034295224,-0.015575127,-0.081807986,-0.05625631,-0.01763707,-0.020149402,0.00457557,-0.04555048,0.025512144,-0.023362573,-0.021270573,-0.016213793,-0.02326574,-0.012136512,0.0037073372,0.0018835058,-0.0010796392,0.049372636,0.0065460512,-0.046280064,-0.02185857,0.18061092,-9.623556e-05,0.03869593,0.021596733,-0.020556107,-0.009188666,0.003977711,0.024389744,0.012796784,-0.0016701065,0.002092367,-0.0003962129,0.004189777,-0.011651273,0.004114663,0.00836457,0.014137887,0.006417925,-0.021248149,-0.016081128,-0.012557037,0.016584434
29,-0.04613544,0.019379087,-0.051696092,0.0076838797,0.011527525,-0.01455287,0.061792903,-0.027634311,-0.052116714,-0.08029498,0.03030737,0.0066121435,0.010937872,0.0045326184,-0.02348486,0.019058593,-0.008069105,0.06893342,-0.04831384,0.040221564,0.022605065,0.004273388,0.0058961613,0.019246895,-0.024851125,-0.014402297,0.013795009,0.028494287,-9.623556e-05,0.16798785,0.0024491048,-0.0016059332,0.015270213,0.008797618,0.0023833425,-0.0152413845,-0.012584981,-0.0041078813,-0.0033722804,-0.012802856,-0.0060935877,-0.008018181,-0.006109418,-0.018467862,0.0048726406,-0.008957783,-0.007949781,0.00026621192,-0.002457919,0.007158122
30,-0.0030774353,0.017502371,-0.021704486,-0.02943014,-0.10520643,-0.032191377,-0.0028617536,-0.0398064,-0.058738418,-0.011289707,0.0024575137,-0.071230024,-0.0020909556,-0.022942364,-0.03553123,-0.005736646,0.018059198,-0.039303683,-0.0021336963,-0.005538241,0.0023721405,0.0036314176,0.03767269,0.02427518,0.035156325,-0.03414372,0.0011978911,0.011488628,0.03869593,0.0024491048,0.16530947,0.018431362,0.0045702844,-0.023344474,0.003473161,-0.021745138,-0.013691973,-0.0072397306,0.003817977,0.003080517,-0.0031756868,-0.002703974,-0.020555466,-0.020633258,0.015658226,-0.020410076,-0.013412054,0.007681219,0.010325592,0.0039629918
31,-0.0026101028,-0.016536457,-0.012856634,0.04737658,-0.03316041,-0.01601421,0.010830071,0.08781767,-0.035865765,0.0032222583,-0.023214404,-0.022822157,-0.00061113265,-0.05278848,-0.02701895,0.049065094,-0.013023641,0.016872145,-0.0062790546,-0.02721323,-0.016910922,-0.0316613,0.009760606,-0.020972539,-0.00047583214,0.024430152,-0.021612303,0.00026264216,0.021596733,-0.0016059332,0.018431362,0.15125917,0.025606833,-0.018926386,0.015009642,-0.021357298,-0.022627264,-0.011307441,-0.00028613204,0.0024769115,0.00055297127,-0.016018499,-0.0134739075,-0.019860696,0.0004019961,0.0025382156,-0.009235915,-0.002702265,0.0053751,0.0037161466
32,0.01911924,-0.025820594,-0.0074094115,-0.0040961434,-0.045110747,0.01562098,-0.026865244,0.014719307,-0.035038017,-0.00029344155,-0.0014823626,-0.034371793,-0.015022982,0.059400395,0.023534074,-0.05522284,-0.005820358,0.002913563,-0.02441724,0.047953118,0.030471554,-0.02404799,0.014772834,0.041076034,-0.04024274,0.014083855,0.036638714,0.052813575,-0.020556107,0.015270213,0.0045702844,0.025606833,0.13670935,-0.008241367,-0.008199359,-0.014985321,0.017443642,-0.00931268,-0.0057712616,0.021163162,-0.013095986,0.010867635,0.00936088,-0.02352514,0.008790424,0.00560329,0.0048972196,-0.021099228,0.0133209415,-6.3536485e-05
33,-0.015827216,0.024887366,0.011266461,0.030941442,-0.009826325,0.044895392,0.020065175,-0.086934894,0.007065309,0.011070488,0.00691883,-0.020392533,0.0008515103,0.013171293,0.018324282,-0.011205452,0.016005512,0.07388131,-0.00809872,0.035883617,0.019964084,-0.014631504,-0.011882103,-0.027728112,-0.0041748136,0.02977148,-0.019902645,-0.024691377,-0.009188666,0.008797618,-0.023344474,-0.018926386,-0.008241367,0.13083453,-0.007563471,0.010318616,0.018068522,0.025078956,0.00978029,-0.0043286,0.015217517,-0.00079109706,0.006384949,-0.0073626963,0.011748773,0.0044868933,-0.012649364,0.0038339058,-0.010277834,-0.019487042
34,0.019763207,-0.015185468,0.006026539,-0.029836457,-0.055030808,0.027694972,-0.00304301,-0.0036456436,0.004111682,0.008420045,-0.036964994,-0.0042778663,-0.02439572,0.038216796,-0.026213268,0.0078606,-0.059029616,-0.0013324096,-0.02744349,0.027497202,0.0076570166,-0.0026312275,0.005319507,-0.01008179,-0.03111744,0.011616165,0.005405674,-0.0056798216,0.003977711,0.0023833425,0.003473161,0.015009642,-0.008199359,-0.007563471,0.10234524,0.0094706565,-0.0019429715,0.003842516,0.005308033,0.001837576,-0.010104848,0.0031185518,0.009254468,-0.017406445,-0.014702056,-0.0016973187,-0.019951921,0.017469179,-0.019185929,0.010911157
35,0.014718294,-0.020767612,0.036323447,0.020099893,-0.071966335,0.004966859,-0.012348302,-0.006406648,0.0049560918,-0.01898354,0.043307,0.032234907,-0.022304874,0.037943944,-0.024042638,-0.0052634035,0.0011617257,-0.010532468,0.000532396,-0.004495322,0.007259565,-0.005824016,-0.040856943,0.018133562,0.0057571395,-0.0031108789,-0.005826557,-0.010170178,0.024389744,-0.0152413845,-0.021745138,-0.021357298,-0.014985321,0.010318616,0.0094706565,0.11914696,0.02532697,0.01041408,0.0054307133,-0.012948798,-0.0033359593,0.004789385,-0.01089249,0.003300474,-0.012422287,-0.009545116,0.0007269725,0.0053248927,-0.011981378,0.0053338893
36,0.0035206857,0.0017902313,-0.023151381,0.042293347,0.056992687,0.027004313,0.019595623,0.06903292,-0.04462617,0.02950067,-0.0065451926,0.04425312,0.025913125,0.0276304,-0.011066507,-0.02874142,-0.023293521,-0.01397183,0.020358745,0.018506177,-0.013284675,-0.026337024,-0.004587146,0.00094467634,-0.019879553,-0.024542905,0.020129267,-0.017040486,0.012796784,-0.012584981,-0.013691973,-0.022627264,0.017443642,0.018068522,-0.0019429715,0.02532697,0.08244854,-0.010051237,0.01344637,-0.0015457999,-0.004963036,-0.00035601837,0.018732138,-0.0053769113,0.0045125866,0.019235965,0.0022983612,-0.0057938667,-0.023921369,-0.0012810642
37,-0.05227445,0.039127592,-0.013264492,0.033491224,0.07619926,-0.026591882,0.032084327,-0.05446827,0.027603492,0.022959162,-0.04885651,0.011277378,-0.0352251,0.00024362541,0.024808947,0.024167906,-0.041236818,-0.0036266732,0.0011941849,-0.015967272,-0.013608271,0.0046085916,-0.008704845,0.009229671,0.030181572,0.016769573,-0.009413011,-0.033368923,-0.0016701065,-0.0041078813,-0.0072397306,-0.011307441,-0.00931268,0.025078956,0.003842516,0.01041408,-0.010051237,0.10609242,-0.004302035,0.003871169,0.023564648,0.009653741,-0.0024031484,-0.0018551098,-0.0021569112,-0.009122201,-0.019365657,-0.009801673,0.0154566,-0.00073614134
38,0.0055719535,-0.029354865,-0.010405672,-0.030819684,-0.043259565,0.0029177458,-0.02419877,0.03921833,0.01470949,0.049330834,0.00035149022,0.025569636,0.013818085,0.008490995,0.011737432,-0.010183971,0.046354212,0.010654641,0.0041384003,-0.0008541205,-0.01715888,-0.018284228,0.025790872,-0.0092913415,-0.01743219,-0.024785746,0.0022094767,-0.010234247,0.002092367,-0.0033722804,0.003817977,-0.00028613204,-0.0057712616,0.00978029,0.005308033,0.0054307133,0.01344637,-0.004302035,0.066103056,-0.017859451,0.0050029047,-0.0057847286,-0.008710593,0.0048342063,0.0071733845,0.0036323043,-0.004821082,-0.0042835465,-0.006301498,0.01329984
39,-0.0059702126,0.020747833,0.00066142005,0.010594344,0.033134475,0.004446896,-0.03864956,-0.03198403,0.0081418175,-0.014172427,-0.003745935,-0.012865229,0.032315016,0.0054610968,0.026841827,-0.015194788,0.004470206,0.0018748103,-0.00097646,-0.019278288,-0.009492544,-0.024171874,-0.010239892,-0.018746652,0.018392809,-0.010280611,-0.012618487,0.018648598,-0.0003962129,-0.012802856,0.003080517,0.0024769115,0.021163162,-0.0043286,0.001837576,-0.012948798,-0.0015457999,0.003871169,-0.017859451,0.07707032,-0.005605705,-0.0003513624,0.008755464,0.010881239,0.0027336315,-0.009055543,-0.009152565,-0.00680313,-0.0039119706,-0.009196883
40,-0.034900926,-0.0052499995,0.0036175265,0.008004134,0.035009086,0.021264777,-0.02414712,-0.027483968,0.02142812,-0.027241629,-0.017757427,-0.040459096,-0.0026845755,-0.0080595715,0.02682417,0.03607175,0.00048450858,0.011205653,-0.0074390457,0.016787495,0.044293024,-0.026916396,-0.015761502,-0.0021760098,0.032465488,-0.0037820449,-0.011020748,-0.015591792,0.004189777,-0.0060935877,-0.0031756868,0.00055297127,-0.013095986,0.015217517,-0.010104848,-0.0033359593,-0.004963036,0.023564648,0.0050029047,-0.005605705,0.0970882,0.019973256,-0.0067598056,-0.00017155736,0.008114014,0.0051055,0.0007888458,-0.002937057,-0.0023738004,0.0044940324
41,0.006005155,-0.034285605,0.0053520985,0.02274641,-0.036298662,0.02197914,0.009663285,0.012749167,-0.02908183,0.016351428,-0.049103513,-0.03032328,-0.0018629783,0.03204538,-0.0058357446,-0.015181815,-0.021137323,0.004424802,0.00863682,0.0018893115,0.02279399,-0.02894317,0.00075487234,0.018367544,0.005215461,0.0024564574,0.0046092,0.011326669,-0.011651273,-0.008018181,-0.002703974,-0.016018499,0.010867635,-0.00079109706,0.0031185518,0.004789385,-0.00035601837,0.009653741,-0.0057847286,-0.0003513624,0.019973256,0.07606765,-0.012703616,-0.009658212,-0.0074189147,-0.0057717,0.013123668,-0.00047210883,0.0077823377,-0.00015252613
42,0.011448766,-0.0013409625,0.0017799726,-0.0066439793,-0.014235992,0.020332929,-0.04871363,0.017755937,-0.013719469,-0.024806645,0.0020019491,-0.022696372,0.025055194,0.0051788324,-0.0088214865,-0.021649588,-0.05443161,-0.033440635,-0.012036715,0.03320868,-0.013612732,-0.0015361103,-0.0050629927,-0.0073924605,0.033125922,-0.0035009359,0.017738957,-0.0168525,0.004114663,-0.006109418,-0.020555466,-0.0134739075,0.00936088,0.006384949,0.009254468,-0.01089249,0.018732138,-0.0024031484,-0.008710593,0.008755464,-0.0067598056,-0.012703616,0.0940417,0.0055043106,-0.021118343,0.007952623,-0.0040459987,0.008763174,-0.010464756,-0.0028462345
43,-0.05320713,0.046783,0.0015984145,0.048976365,0.21480346,-0.017776001,0.021515952,-0.0007804269,0.03378769,0.03537042,0.047454208,-0.007928256,-0.029475316,-0.0249045,-0.018196564,-0.008171545,0.020477679,-0.01817544,0.0008105609,-0.018055148,-0.0032465342,0.008026177,0.0043233326,-0.012192107,0.027160527,0.010802362,-0.0031337552,0.007552722,0.00836457,-0.018467862,-0.020633258,-0.019860696,-0.02352514,-0.0073626963,-0.017406445,0.003300474,-0.0053769113,-0.0018551098,0.0048342063,0.010881239,-0.00017155736,-0.009658212,0.0055043106,0.08279182,-0.0073763076,0.013973448,0.001500943,-0.00904869,-0.0016231255,-0.009075308
44,-0.0006352272,-0.004908302,-0.015735958,-0.019071087,-0.0066327117,0.016953316,-0.020944154,0.01292279,0.011359775,0.068119995,-0.005972434,0.019704634,0.022076499,-0.016430572,0.008153534,-0.008614033,0.037814423,0.007330117,-0.0125916,-0.015814997,0.018309813,0.024502493,0.00743422,0.0068231784,0.0028787293,0.0033358568,0.014656518,-0.002734135,0.014137887,0.0048726406,0.015658226,0.0004019961,0.008790424,0.011748773,-0.014702056,-0.012422287,0.0045125866,-0.0021569112,0.0071733845,0.0027336315,0.008114014,-0.0074189147,-0.021118343,-0.0073763076,0.06224786,-0.0061626304,-0.00015739157,-0.009916289,-0.009153108,0.0014795503
45,-0.009046154,-0.031173926,0.021029606,0.028043037,0.045274854,0.007963069,0.011500271,0.07338722,0.025753975,0.0667989,-0.010424169,0.01161063,-0.021132894,0.0364457,0.0015154659,-0.019426376,-0.013290739,0.0058726678,0.003657357,-0.010289332,0.029861378,0.0132980645,-0.005016096,-0.010118388,-0.018402385,0.0023429536,-0.0069357883,0.005251157,0.006417925,-0.008957783,-0.020410076,0.0025382156,0.00560329,0.0044868933,-0.0016973187,-0.009545116,0.019235965,-0.009122201,0.0036323043,-0.009055543,0.0051055,-0.0057717,0.007952623,0.013973448,-0.0061626304,0.070739955,0.005159815,0.0032600584,-0.00034116372,0.0002595184
46,-0.0074099055,-0.06102024,0.009092577,-0.018956851,-0.03681858,0.019751001,-0.04260382,0.062302433,-0.0121916495,0.022811253,-0.02285145,-0.0025331513,-0.0057633845,-0.00420512,-0.0010642242,0.013367883,0.023103818,-0.02632157,-0.0021033746,0.015576468,-0.021828767,0.001972983,-0.0061314646,-0.0062775575,-0.01952666,0.0092735905,0.0018199426,-0.008367086,-0.021248149,-0.007949781,-0.013412054,-0.009235915,0.0048972196,-0.012649364,-0.019951921,0.0007269725,0.0022983612,-0.019365657,-0.004821082,-0.009152565,0.0007888458,0.013123668,-0.0040459987,0.001500943,-0.00015739157,0.005159815,0.07256187,-0.004113663,-0.007359271,-0.0015570209
47,-0.016661331,-0.013167746,0.022368629,-0.012138893,-0.0216631,-0.00376784,-0.008905119,0.008303626,0.023158614,0.011741694,0.03971795,-0.03574499,0.020862322,0.007391112,-0.0013729464,0.0043651992,0.015306156,0.014756381,-0.010282391,0.009516673,0.007863244,0.03153368,-0.021680132,-0.023065,-0.0040448457,-0.014764737,-0.0026380136,0.016615063,-0.016081128,0.00026621192,0.007681219,-0.002702265,-0.021099228,0.0038339058,0.017469179,0.0053248927,-0.0057938667,-0.009801673,-0.0042835465,-0.00680313,-0.002937057,-0.00047210883,0.008763174,-0.00904869,-0.009916289,0.0032600584,-0.004113663,0.074614234,-0.0059010675,-0.014088219
48,0.00084295485,-0.0036823493,0.024358364,-0.013096058,-0.03010958,-0.036447678,-0.018427413,0.005668151,0.032263145,0.028682899,0.00884738,-0.0056869895,-0.024867814,0.0022672515,-0.0051012347,0.012318417,0.01249784,-0.0039251754,0.005281926,-0.0035142554,-0.012821671,-0.007725553,0.001238799,0.01957948,0.0026343507,0.0072306814,-0.013547985,0.011879018,-0.012557037,-0.002457919,0.010325592,0.0053751,0.0133209415,-0.010277834,-0.019185929,-0.011981378,-0.023921369,0.0154566,-0.006301498,-0.0039119706,-0.0023738004,0.0077823377,-0.010464756,-0.0016231255,-0.009153108,-0.00034116372,-0.007359271,-0.0059010675,0.059905946,0.0002916067
49,0.010926528,0.0042775525,-0.013628993,-0.03162857,-0.00975063,0.018246403,-0.020225517,0.008768816,0.02705267,-0.034145765,-0.028909698,0.0065730754,-0.019397888,0.011849686,0.0090919845,0.023521565,-0.007132468,-0.0061776503,-0.026385583,0.020517714,0.0016044485,-0.0031350423,0.009709368,0.0039694,-0.010211812,-0.0011612381,0.012519488,-0.001634071,0.016584434,0.007158122,0.0039629918,0.0037161466,-6.3536485e-05,-0.019487042,0.010911157,0.0053338893,-0.0012810642,-0.00073614134,0.01329984,-0.009196883,0.0044940324,-0.00015252613,-0.0028462345,-0.009075308,0.0014795503,0.0002595184,-0.0015570209,-0.014088219,0.0002916067,0.05687482
