,0,1,2,3,4,5,6,7,8,9,10,11,12,13,14,15,16,17,18,19,20,21,22,23,24,25,26,27,28,29,30,31,32,33,34,35,36,37,38,39,40,41,42,43,44,45,46,47,48,49
0,18.964071,-86.78619,-23.352478,-0.0011809256,0.002765291,-0.0019694292,0.0002069718,0.0015595041,3.785456e-05,0.00023063697,-0.00055916875,0.00033471294,-0.0002543072,0.0005621681,0.00046529475,8.658809e-06,-0.00010308458,-0.00032930658,-4.1834217e-05,0.00014287482,-2.2000055e-05,-0.00022608135,-0.00031568692,-0.00015895345,0.00013978487,-0.00014812846,0.00010917643,0.00012696284,-0.000111184316,-0.00012379608,-1.3051826e-05,7.113606e-05,-3.6186684e-05,-0.0001659164,-2.450309e-05,8.098969e-05,6.4683125e-05,5.5860844e-05,-0.00011132436,2.5738243e-05,-2.8240895e-05,-0.00013469666,-3.3907374e-05,-6.415049e-05,9.3929746e-05,-9.854586e-06,3.2171567e-05,-2.7509726e-05,-7.1689547e-06,-1.1446466e-05
1,-86.78619,397.1757,106.8738,-0.0030559287,-0.013565473,0.0026844908,0.0011484474,-0.006877804,0.00017949741,0.0014435167,0.0030669072,-0.0015965431,-0.00071263243,-0.0022777962,-0.0018104118,-0.00027950303,9.056515e-06,0.0017034521,2.9368148e-05,2.0769334e-05,0.0003994828,0.001300934,0.0011174988,0.00013970211,-0.00040736565,0.0009291685,-0.0003328779,-0.00042247068,0.0006518954,-0.00013789827,-0.00022452095,-3.9563034e-05,0.00014156586,0.0002773321,0.00035476708,-0.00036324793,-0.00046944473,-9.542478e-05,0.00044357905,-0.00014505944,0.00026616026,0.00022545479,-0.00015482283,0.00024503187,-0.00020635039,0.00016824887,-0.00021189675,0.00022363247,8.22998e-05,-7.8761295e-05
2,-23.352478,106.8738,28.760984,-0.0039198515,0.000111384696,-0.0012821103,0.00035813323,-0.0026462139,0.00023182912,0.00034832105,0.00048579412,-0.00032433087,-0.0012680802,-0.0004681729,-0.0004406157,0.0006966658,0.00029149273,0.00033675294,-0.0005181075,-1.8104065e-06,0.00015703372,0.0006264815,0.00038309858,0.000117471944,6.5252716e-05,0.0002612407,-5.25891e-05,-1.5157472e-05,3.472885e-05,-0.00017273522,-0.00018975761,0.00016097809,-0.0001282704,0.00017242983,5.034198e-05,-3.792524e-05,-4.0054747e-05,-0.00014827153,0.00018019145,-0.00014955513,2.189036e-05,3.229808e-05,6.38745e-05,0.00012184464,7.6394845e-06,7.2373026e-05,-7.115686e-05,0.00012272153,9.969125e-05,1.9139381e-05
3,-0.0011809256,-0.0030559287,-0.0039198515,0.016804272,-0.0019200139,0.0021924656,-0.003324177,0.0015046543,3.1249663e-05,-0.00035234296,0.00014595206,0.0006375705,0.0011421624,-4.038311e-05,-0.0016371346,-5.93037e-05,0.00020382644,0.00047251003,-0.00049419986,-0.00044051086,-0.00023130295,-0.0008307056,0.00074527843,-0.0005584787,-0.0006034243,2.6355723e-05,-0.00031372983,9.974318e-05,2.223129e-05,0.00028023598,0.00022442047,-0.0005890336,0.00015084718,0.00024034003,-0.00018131788,-0.0005416699,-0.00017771043,0.00024171716,-0.00012057905,-0.00013412413,7.017187e-05,0.00033705187,0.00026197487,9.369541e-05,-0.0002711853,5.777792e-05,9.940604e-05,2.0198499e-05,4.2536587e-05,-6.057563e-05
4,0.002765291,-0.013565473,0.000111384696,-0.0019200139,0.00809274,-0.00034304446,-0.00040339754,-7.9133904e-05,0.0006555608,4.1724998e-05,-0.00020627325,-0.00011947163,-0.001042858,0.00011477737,-0.00027680787,0.0013007197,0.00064641365,0.00030215067,-0.00086155726,6.6910696e-05,-0.00022894776,0.000766119,0.00036667916,0.00011117855,-0.00013154937,0.00050566497,-9.426196e-05,0.00018146803,6.107661e-06,-0.00011320123,-3.7262806e-05,0.00032135367,-0.00024936462,0.0003402161,6.452428e-07,-2.6335432e-05,0.00022988723,-0.00020856553,0.00015273268,-0.00016830786,-7.3504925e-05,0.0002055773,0.00018779756,9.846097e-05,-3.3558917e-05,-0.00013484732,-0.00013178178,2.1410076e-05,0.00018454378,-2.6244292e-05
5,-0.0019694292,0.0026844908,-0.0012821103,0.0021924656,-0.00034304446,0.014019206,-0.002307091,0.0012617584,-0.00094260206,-0.0019193301,0.0011829089,-0.00021348914,0.0008991668,3.1727457e-05,-0.0004164492,-0.0005931619,-0.00036877082,0.00087293354,0.00041117767,-0.000493242,9.989465e-05,0.0001403464,-0.00024995633,0.00036665273,-0.00036448188,-0.0002928808,0.00014546009,-0.00046461023,0.00013135867,3.0224333e-05,0.00022129987,-0.00041116134,-1.9600546e-05,-5.0277245e-05,0.00031983256,0.0003585464,0.00011018319,-0.00022237518,0.00010233083,-0.00018588878,-1.9006924e-05,-7.0675833e-06,0.000107098705,0.00011167059,-0.00026250078,5.4623582e-05,0.00018112818,9.168172e-05,7.257995e-05,0.00013501354
6,0.0002069718,0.0011484474,0.00035813323,-0.003324177,-0.00040339754,-0.002307091,0.0034988404,6.331589e-05,-0.00073185726,2.471904e-06,4.28313e-06,0.00024727412,-0.00030351474,-0.00042566855,0.0002587609,-0.00022717583,0.00013348927,-0.00040209247,0.0007414435,0.00028298277,6.1679995e-05,0.00035828253,-0.0005441322,0.00016410221,0.00031397142,0.0002368232,-0.00014996357,3.2778156e-05,6.7108675e-05,0.0002701255,9.8052726e-05,0.00030983688,-4.2575255e-05,-1.70428e-05,6.357921e-05,0.00013022906,0.00010672405,2.7445538e-05,-0.00018170144,0.0001984766,0.00014573018,-3.645775e-05,-0.00011521269,-8.318014e-06,3.2067323e-06,-1.3686869e-05,-7.9866775e-05,-6.158342e-05,-6.9953974e-05,8.659101e-05
7,0.0015595041,-0.006877804,-0.0026462139,0.0015046543,-7.9133904e-05,0.0012617584,6.331589e-05,0.0017603036,0.00025867583,0.00043214546,0.0004121783,3.9774226e-05,-0.0004797679,-0.00018624481,-0.0006165602,0.00021348536,1.9925923e-05,0.00043622922,-0.00015911189,0.00020705961,6.99281e-05,0.00015090048,-1.4819122e-06,-0.00023225838,-0.00014533015,0.0003401063,-8.5481486e-05,1.2350696e-06,0.0001119668,-2.337485e-05,0.00019063636,2.354275e-05,-1.8841436e-06,-5.439605e-05,0.00012495376,-5.8960417e-05,-0.00013434167,8.051001e-05,0.00010997144,-5.8893893e-05,7.7025594e-05,9.917222e-05,-8.2022685e-05,2.469779e-05,-6.951939e-05,-2.4351748e-05,-8.044928e-06,2.0745656e-05,3.361573e-05,2.9174038e-05
8,3.785456e-05,0.00017949741,0.00023182912,3.1249663e-05,0.0006555608,-0.00094260206,-0.00073185726,0.00025867583,0.0026541695,0.00037244667,0.00016333055,0.00032386085,-0.00012173588,0.00012476771,-3.347585e-05,0.0002918082,0.00013974632,0.00023954335,-9.2514887e-07,-0.0004759744,-0.00036986475,-3.825753e-05,0.00032362802,2.2779826e-05,-0.00010053074,0.0002724073,-9.677498e-05,0.00015971705,-0.00033462478,-0.000114184186,9.1953334e-05,7.3618154e-05,0.00014224809,-5.481432e-05,-2.0890098e-05,-0.000114458206,1.1522279e-05,0.00025688618,9.380537e-05,-0.00031474617,-8.779811e-05,-2.9608877e-05,-5.810306e-05,-8.998411e-05,6.3767824e-05,-4.4326574e-05,-5.3874966e-05,-4.643151e-05,-1.17396585e-05,-1.1598567e-05
9,0.00023063697,0.0014435167,0.00034832105,-0.00035234296,4.1724998e-05,-0.0019193301,2.471904e-06,0.00043214546,0.00037244667,0.0014227062,0.00024535344,9.311568e-05,-0.00010732097,0.0003060325,-0.0002830484,-9.6669086e-05,-0.00025415834,0.00014096005,-0.00031947147,3.1219915e-06,-2.2797367e-05,-5.1730512e-06,5.462452e-05,-0.00022682335,-9.040643e-05,0.00030874956,-1.31254965e-05,0.00013102719,0.00019011588,-0.00010723322,-2.5256456e-06,1.713371e-05,4.899507e-05,2.8026552e-05,9.077732e-06,-0.00012157472,3.2820208e-05,8.4251435e-05,1.1664559e-05,1.8316387e-05,-3.6041558e-05,2.1996257e-05,-5.0478448e-05,-4.4161607e-05,6.698066e-05,-3.2838885e-05,-5.860206e-05,-3.9268314e-05,7.6158714e-05,-9.568471e-05
10,-0.00055916875,0.0030669072,0.00048579412,0.00014595206,-0.00020627325,0.0011829089,4.28313e-06,0.0004121783,0.00016333055,0.00024535344,0.0008546896,2.6377784e-05,2.6205424e-05,0.00024189151,-0.00011374482,-8.936784e-05,-0.00021063766,0.00019604756,0.00018923575,-0.0001688379,9.915573e-06,4.9495902e-05,-7.184177e-05,-8.720766e-05,-0.0001311242,0.00017661045,4.6411774e-06,3.5690842e-05,-3.5647034e-05,-0.00010065311,9.857587e-06,-5.5746103e-05,-2.1923286e-06,-0.0001232579,6.0856288e-05,5.420729e-05,-6.4348e-05,-5.7018297e-05,-0.00012026446,4.6013065e-06,3.9367456e-05,4.5954523e-05,2.4565836e-05,-2.8815525e-06,-1.5853579e-05,9.228302e-06,1.57804e-05,-3.2075015e-05,7.6912926e-05,-7.5563476e-06
11,0.00033471294,-0.0015965431,-0.00032433087,0.0006375705,-0.00011947163,-0.00021348914,0.00024727412,3.9774226e-05,0.00032386085,9.311568e-05,2.6377784e-05,0.0009877532,-0.00029098435,0.00014152049,-0.00026298148,0.0003407541,5.6640794e-05,-0.00013915267,-2.999039e-05,-0.0005310216,-9.944383e-05,-6.176916e-05,4.1879313e-05,8.654373e-05,7.5921365e-05,-2.104463e-06,-7.491227e-05,8.912086e-05,-0.00013982985,0.00021895883,4.125975e-05,-0.00013475424,5.1613875e-05,8.9080146e-05,-6.42543e-05,-1.7252178e-05,0.00011827181,2.9135997e-05,-0.00011969809,-0.00010294342,-5.4583164e-05,-0.000103742685,1.1099295e-05,3.7946484e-05,-2.561294e-05,4.9327104e-05,-1.855696e-05,2.3876746e-05,-6.756782e-05,6.391076e-05
12,-0.0002543072,-0.00071263243,-0.0012680802,0.0011421624,-0.001042858,0.0008991668,-0.00030351474,-0.0004797679,-0.00012173588,-0.00010732097,2.6205424e-05,-0.00029098435,0.0013664623,0.00019321471,0.00037566078,-0.00064198684,-0.00019060996,-2.8720471e-05,0.0003483369,-0.00020555175,-0.00012886904,-0.00013096625,3.548211e-05,0.00012168083,-7.30134e-05,-5.1579314e-05,8.811611e-05,-4.0193914e-05,6.9913774e-05,6.4127526e-05,-1.1037557e-05,-0.00013034012,6.805749e-05,6.91272e-05,-3.0403007e-05,-1.7909453e-05,0.00012894817,-3.938883e-05,3.4244025e-05,0.0001311611,8.408493e-06,7.6221404e-05,4.1761275e-05,-5.9194776e-05,9.899734e-06,-7.025171e-05,-2.2446446e-05,-0.0001275382,-1.305064e-06,-2.578195e-05
13,0.0005621681,-0.0022777962,-0.0004681729,-4.038311e-05,0.00011477737,3.1727457e-05,-0.00042566855,-0.00018624481,0.00012476771,0.0003060325,0.00024189151,0.00014152049,0.00019321471,0.0007585055,-0.0001610565,0.000252477,-0.00014560675,-5.9711703e-05,0.000115569754,-0.0004123691,-0.00022847684,-3.4664707e-05,4.770676e-05,3.3877986e-05,4.9121507e-05,3.5904537e-05,-6.094213e-06,7.1912975e-05,-1.6368018e-05,-0.00016753084,-4.767647e-05,-0.0001300992,-4.053343e-05,2.2819426e-05,-7.929279e-05,-8.54779e-06,-4.5540775e-05,-6.1237544e-05,-6.917651e-05,1.8873732e-05,3.1573487e-05,1.7936673e-05,9.322574e-05,1.4770951e-05,3.0384064e-05,-1.6397102e-05,-5.66941e-06,-2.370141e-05,3.3497367e-05,-2.9215312e-06
14,0.00046529475,-0.0018104118,-0.0004406157,-0.0016371346,-0.00027680787,-0.0004164492,0.0002587609,-0.0006165602,-3.347585e-05,-0.0002830484,-0.00011374482,-0.00026298148,0.00037566078,-0.0001610565,0.00086124265,-0.0003765736,0.00015803214,-0.00011109082,0.00021831907,0.000114954775,1.0792805e-06,0.00014871228,-6.0719576e-05,2.6199623e-05,3.9300277e-05,-9.3667324e-05,0.00014444834,-2.9626954e-05,-5.5359036e-05,-2.607824e-05,-0.00015814754,2.763122e-06,-1.7279091e-05,-4.217862e-05,5.868984e-05,7.629567e-05,6.769701e-05,-5.7409394e-05,3.1975032e-05,4.31473e-05,1.710152e-06,-9.959354e-05,1.6593094e-05,-1.7202408e-05,2.5901656e-05,-1.6653853e-06,-2.4083776e-05,-3.1631098e-05,-2.4886638e-05,-2.6272326e-05
15,8.658809e-06,-0.00027950303,0.0006966658,-5.93037e-05,0.0013007197,-0.0005931619,-0.00022717583,0.00021348536,0.0002918082,-9.6669086e-05,-8.936784e-05,0.0003407541,-0.00064198684,0.000252477,-0.0003765736,0.0012409723,0.00020393459,-6.269055e-05,-0.00021398388,-0.00018389177,-0.00016085104,6.8052774e-05,0.00020067429,6.293106e-05,-5.691652e-05,1.589492e-05,-0.000107730906,8.124688e-05,-0.00012059012,-6.3527496e-06,2.4181572e-05,-2.0124779e-05,-4.632582e-05,2.5516323e-05,-0.000104956125,1.2055752e-05,-0.00016813695,-0.00014073658,-5.487321e-05,-2.8951197e-05,-3.2515854e-05,9.183357e-05,-2.28826e-05,5.0293307e-05,-1.7420916e-05,-5.4737247e-05,-2.252862e-05,3.6615707e-05,-6.545562e-05,6.279136e-05
16,-0.00010308458,9.056515e-06,0.00029149273,0.00020382644,0.00064641365,-0.00036877082,0.00013348927,1.9925923e-05,0.00013974632,-0.00025415834,-0.00021063766,5.6640794e-05,-0.00019060996,-0.00014560675,0.00015803214,0.00020393459,0.00043767728,-6.0804934e-05,9.1668415e-05,8.759176e-05,-0.00010013742,0.00013336624,2.3095192e-05,-7.4159184e-06,6.0674996e-05,1.7302169e-05,-7.099182e-05,6.5881264e-05,-1.8189483e-05,-7.119658e-06,4.1916213e-05,9.437115e-05,-2.840304e-05,2.4860314e-05,8.193037e-06,4.6064774e-06,1.11988975e-05,1.1926507e-05,-5.6351664e-06,-5.6067813e-05,-1.2562876e-05,2.4277738e-06,4.8077214e-05,6.001717e-05,-2.0996974e-06,1.9589857e-05,-1.0847469e-05,3.972964e-05,-7.350027e-06,-1.322037e-05
17,-0.00032930658,0.0017034521,0.00033675294,0.00047251003,0.00030215067,0.00087293354,-0.00040209247,0.00043622922,0.00023954335,0.00014096005,0.00019604756,-0.00013915267,-2.8720471e-05,-5.9711703e-05,-0.00011109082,-6.269055e-05,-6.0804934e-05,0.00046824577,-5.1468072e-05,4.2456253e-05,5.1282634e-05,0.00011210759,0.00015087664,-0.00013426138,-0.00013389441,2.312869e-05,2.3262896e-07,8.762245e-06,4.9112503e-05,-0.00013584163,-1.1379458e-05,-3.1321746e-05,3.0043519e-05,-8.0546364e-05,7.753464e-05,7.6906945e-06,-6.5224813e-06,5.5141198e-05,5.7942176e-05,-2.6404225e-05,5.9382073e-05,4.7742848e-05,-5.1359297e-05,-1.21707035e-05,-3.4295044e-05,-3.060102e-05,1.6726684e-05,2.0149595e-05,3.2487864e-05,-3.5083758e-05
18,-4.1834217e-05,2.9368148e-05,-0.0005181075,-0.00049419986,-0.00086155726,0.00041117767,0.0007414435,-0.00015911189,-9.2514887e-07,-0.00031947147,0.00018923575,-2.999039e-05,0.0003483369,0.000115569754,0.00021831907,-0.00021398388,9.1668415e-05,-5.1468072e-05,0.0008370963,-0.00010340286,-0.00018538414,9.691053e-05,-1.0232241e-05,0.0001103822,0.00018523994,-1.2975097e-05,-9.202524e-05,6.6300134e-05,-4.424466e-05,-6.811069e-05,0.000100072706,6.498076e-05,-7.704741e-06,-0.00013396493,-3.630467e-05,9.59928e-05,-1.4270735e-05,4.8973438e-05,-0.00013744165,7.1547984e-05,4.4598826e-05,-2.0845051e-05,2.256835e-05,1.1006333e-05,2.129384e-05,-2.9315997e-05,4.2738073e-05,-4.4610308e-05,-3.0410894e-05,-1.930104e-05
19,0.00014287482,2.0769334e-05,-1.8104065e-06,-0.00044051086,6.6910696e-05,-0.000493242,0.00028298277,0.00020705961,-0.0004759744,3.1219915e-06,-0.0001688379,-0.0005310216,-0.00020555175,-0.0004123691,0.000114954775,-0.00018389177,8.759176e-05,4.2456253e-05,-0.00010340286,0.0006463712,0.00014462318,3.7779486e-05,-4.473856e-05,-0.00013313026,-4.6740315e-05,9.158086e-06,2.633077e-05,-6.831472e-05,0.00013694563,-9.528021e-05,3.7705759e-06,0.00015390883,-4.2194555e-05,-8.18258e-05,9.056537e-05,-4.3728207e-05,-8.50809e-05,-2.8609502e-06,6.781654e-05,3.7740097e-05,2.2025135e-05,-1.1543641e-05,-6.460618e-05,9.819347e-06,5.1554484e-06,2.0060463e-06,-2.5772776e-08,1.8287892e-05,1.2972101e-05,-4.2404292e-05
20,-2.2000055e-05,0.0003994828,0.00015703372,-0.00023130295,-0.00022894776,9.989465e-05,6.1679995e-05,6.99281e-05,-0.00036986475,-2.2797367e-05,9.915573e-06,-9.944383e-05,-0.00012886904,-0.00022847684,1.0792805e-06,-0.00016085104,-0.00010013742,5.1282634e-05,-0.00018538414,0.00014462318,0.000307045,-9.805044e-06,-9.9988814e-05,-3.7482474e-05,-2.6027803e-06,-5.8068657e-05,7.1829316e-05,-2.7361399e-05,3.414813e-05,7.351303e-05,6.771406e-06,2.1126623e-05,1.34396305e-05,-1.1749569e-05,8.918752e-06,2.3075054e-05,7.4445074e-07,-2.6991594e-05,8.098185e-05,4.106365e-05,1.426266e-05,4.8724647e-05,-1.594716e-05,-5.5829687e-06,-6.016483e-06,4.977756e-05,4.2344567e-05,3.17687e-05,4.1753166e-05,2.5657137e-05
21,-0.00022608135,0.001300934,0.0006264815,-0.0008307056,0.000766119,0.0001403464,0.00035828253,0.00015090048,-3.825753e-05,-5.1730512e-06,4.9495902e-05,-6.176916e-05,-0.00013096625,-3.4664707e-05,0.00014871228,6.8052774e-05,0.00013336624,0.00011210759,9.691053e-05,3.7779486e-05,-9.805044e-06,0.00038188367,-6.369705e-05,-2.034681e-05,6.611715e-05,0.00015336426,1.708063e-05,6.286418e-05,-9.278496e-06,7.2439025e-06,-9.3404924e-05,5.084154e-05,-6.776521e-05,1.0096761e-05,5.004721e-05,8.907181e-05,8.645529e-06,-3.800006e-06,6.277478e-06,5.2618558e-05,2.9031287e-05,1.9629502e-05,1.9318883e-05,-1.0126336e-05,-2.035574e-05,-5.2183328e-05,-9.744783e-06,-4.069681e-06,2.0389194e-05,-1.9750321e-05
22,-0.00031568692,0.0011174988,0.00038309858,0.00074527843,0.00036667916,-0.00024995633,-0.0005441322,-1.4819122e-06,0.00032362802,5.462452e-05,-7.184177e-05,4.1879313e-05,3.548211e-05,4.770676e-05,-6.0719576e-05,0.00020067429,2.3095192e-05,0.00015087664,-1.0232241e-05,-4.473856e-05,-9.9988814e-05,-6.369705e-05,0.0004226843,-1.8590947e-05,-1.3583627e-05,-4.6517664e-05,-3.5441873e-05,6.766885e-05,-4.3469357e-05,-7.607715e-05,3.0163606e-05,-5.3287375e-05,-4.7016483e-06,-5.4358054e-05,-6.0773506e-05,-6.247744e-05,-1.1320257e-05,2.4788227e-05,3.3436212e-05,-1.0186435e-05,-3.924731e-05,-1.6070277e-05,1.8290592e-06,1.9723582e-05,2.3155791e-05,-7.23932e-05,3.7860576e-05,-3.5848992e-05,-1.656932e-05,-3.3513013e-05
23,-0.00015895345,0.00013970211,0.000117471944,-0.0005584787,0.00011117855,0.00036665273,0.00016410221,-0.00023225838,2.2779826e-05,-0.00022682335,-8.720766e-05,8.654373e-05,0.00012168083,3.3877986e-05,2.6199623e-05,6.293106e-05,-7.4159184e-06,-0.00013426138,0.0001103822,-0.00013313026,-3.7482474e-05,-2.034681e-05,-1.8590947e-05,0.00017551432,7.519928e-05,-4.1030493e-05,-1.8945708e-05,-6.2970303e-06,-4.0564475e-05,9.2426475e-05,4.4818364e-05,1.7840359e-05,1.8148415e-06,4.112273e-05,-4.1663712e-05,3.219559e-05,5.0438328e-05,-2.3162072e-05,5.481555e-06,1.2768977e-05,-3.171886e-05,3.916457e-06,1.1440677e-05,-1.7326016e-08,1.441297e-05,-1.7524937e-05,7.732085e-06,-2.3301924e-05,-1.7164008e-05,3.80656e-05
24,0.00013978487,-0.00040736565,6.5252716e-05,-0.0006034243,-0.00013154937,-0.00036448188,0.00031397142,-0.00014533015,-0.00010053074,-9.040643e-05,-0.0001311242,7.5921365e-05,-7.30134e-05,4.9121507e-05,3.9300277e-05,-5.691652e-05,6.0674996e-05,-0.00013389441,0.00018523994,-4.6740315e-05,-2.6027803e-06,6.611715e-05,-1.3583627e-05,7.519928e-05,0.00026850586,-9.393645e-06,-4.838331e-06,6.431471e-05,-6.47097e-05,3.512222e-05,4.8588936e-07,5.1545736e-05,-5.087615e-05,-6.9380885e-06,-3.4381454e-05,4.0985477e-05,2.33821e-05,4.6139892e-05,-4.8707957e-06,4.479734e-05,-1.02122085e-05,-3.1180727e-05,5.257203e-05,1.251453e-05,4.2168533e-05,-1.36105955e-05,3.767912e-05,-1.335016e-05,3.0478263e-06,-2.9865519e-06
25,-0.00014812846,0.0009291685,0.0002612407,2.6355723e-05,0.00050566497,-0.0002928808,0.0002368232,0.0003401063,0.0002724073,0.00030874956,0.00017661045,-2.104463e-06,-5.1579314e-05,3.5904537e-05,-9.3667324e-05,1.589492e-05,1.7302169e-05,2.312869e-05,-1.2975097e-05,9.158086e-06,-5.8068657e-05,0.00015336426,-4.6517664e-05,-4.1030493e-05,-9.393645e-06,0.00026829352,-1.3903085e-05,6.1647355e-05,5.8783957e-07,2.3362132e-05,1.6103468e-05,5.958912e-05,-3.01293e-05,3.330123e-05,2.4620203e-05,-2.4680881e-05,-3.165666e-06,2.482066e-05,1.8391325e-05,-7.875792e-07,-4.21396e-06,3.4087952e-05,1.568819e-05,-1.915828e-05,5.411067e-06,-3.4794903e-05,-2.8683227e-05,-4.2837473e-05,3.907467e-05,-6.076064e-06
26,0.00010917643,-0.0003328779,-5.25891e-05,-0.00031372983,-9.426196e-05,0.00014546009,-0.00014996357,-8.5481486e-05,-9.677498e-05,-1.31254965e-05,4.6411774e-06,-7.491227e-05,8.811611e-05,-6.094213e-06,0.00014444834,-0.000107730906,-7.099182e-05,2.3262896e-07,-9.202524e-05,2.633077e-05,7.1829316e-05,1.708063e-05,-3.5441873e-05,-1.8945708e-05,-4.838331e-06,-1.3903085e-05,0.000118105876,-3.2380503e-05,-3.4635323e-05,4.9205795e-08,-6.968985e-05,-4.6256155e-05,-1.505442e-05,-5.493604e-06,2.937551e-05,7.105423e-06,4.7512226e-06,-4.9417584e-05,5.510053e-05,6.165315e-06,-3.9658776e-06,-3.0702653e-05,-5.823973e-07,-1.5987587e-05,3.247953e-06,9.208247e-06,-4.6087735e-06,-1.27552485e-05,-4.2894817e-07,1.450037e-05
27,0.00012696284,-0.00042247068,-1.5157472e-05,9.974318e-05,0.00018146803,-0.00046461023,3.2778156e-05,1.2350696e-06,0.00015971705,0.00013102719,3.5690842e-05,8.912086e-05,-4.0193914e-05,7.1912975e-05,-2.9626954e-05,8.124688e-05,6.5881264e-05,8.762245e-06,6.6300134e-05,-6.831472e-05,-2.7361399e-05,6.286418e-05,6.766885e-05,-6.2970303e-06,6.431471e-05,6.1647355e-05,-3.2380503e-05,0.00010317799,-2.9924317e-05,4.8028696e-06,6.3160223e-06,3.3914148e-05,-1.6083246e-06,-7.5194075e-06,-3.472408e-05,-8.58821e-06,-4.6025545e-07,2.341509e-05,-2.1002026e-05,1.7994787e-05,-1.2406381e-05,3.0988645e-05,2.6772646e-05,9.413548e-06,2.1495314e-05,-1.4475222e-05,1.4558021e-05,-4.805137e-06,2.1544904e-05,-2.7168302e-05
28,-0.000111184316,0.0006518954,3.472885e-05,2.223129e-05,6.107661e-06,0.00013135867,6.7108675e-05,0.0001119668,-0.00033462478,0.00019011588,-3.5647034e-05,-0.00013982985,6.9913774e-05,-1.6368018e-05,-5.5359036e-05,-0.00012059012,-1.8189483e-05,4.9112503e-05,-4.424466e-05,0.00013694563,3.414813e-05,-9.278496e-06,-4.3469357e-05,-4.0564475e-05,-6.47097e-05,5.8783957e-07,-3.4635323e-05,-2.9924317e-05,0.00018385837,-3.5841385e-05,5.175716e-05,2.1573556e-05,6.755022e-06,3.2481097e-05,1.8072198e-05,-1.2236347e-05,2.6658263e-05,-3.0219676e-06,2.4374023e-05,3.100607e-05,1.4933022e-05,3.1609496e-05,-9.04582e-06,1.7533672e-05,-3.4726445e-06,7.2596195e-06,-2.4872784e-06,1.4032879e-05,2.7679696e-05,-1.8123741e-05
29,-0.00012379608,-0.00013789827,-0.00017273522,0.00028023598,-0.00011320123,3.0224333e-05,0.0002701255,-2.337485e-05,-0.000114184186,-0.00010723322,-0.00010065311,0.00021895883,6.4127526e-05,-0.00016753084,-2.607824e-05,-6.3527496e-06,-7.119658e-06,-0.00013584163,-6.811069e-05,-9.528021e-05,7.351303e-05,7.2439025e-06,-7.607715e-05,9.2426475e-05,3.512222e-05,2.3362132e-05,4.9205795e-08,4.8028696e-06,-3.5841385e-05,0.0002485601,1.083184e-05,1.1702753e-06,2.84267e-05,9.6000185e-05,-3.6774392e-05,1.14842205e-05,6.960731e-05,-8.184705e-06,-1.17947275e-05,3.827154e-05,-4.1331485e-05,2.9552835e-05,-2.748107e-06,-1.4388894e-05,-2.1244936e-05,-5.751466e-06,-1.373496e-05,-9.986492e-06,-2.5790738e-05,2.3286444e-05
30,-1.3051826e-05,-0.00022452095,-0.00018975761,0.00022442047,-3.7262806e-05,0.00022129987,9.8052726e-05,0.00019063636,9.1953334e-05,-2.5256456e-06,9.857587e-06,4.125975e-05,-1.1037557e-05,-4.767647e-05,-0.00015814754,2.4181572e-05,4.1916213e-05,-1.1379458e-05,0.000100072706,3.7705759e-06,6.771406e-06,-9.3404924e-05,3.0163606e-05,4.4818364e-05,4.8588936e-07,1.6103468e-05,-6.968985e-05,6.3160223e-06,5.175716e-05,1.083184e-05,0.0001944881,6.279442e-05,3.0466166e-05,-6.2453176e-07,-4.5821147e-05,-2.1783722e-05,1.518701e-05,1.945478e-05,3.3005348e-05,-3.6311554e-05,-2.4164852e-05,3.930928e-05,-3.9678466e-06,2.3995392e-05,1.3338926e-05,2.3847064e-05,2.2432298e-05,8.7453435e-07,1.07548185e-05,2.650373e-05
31,7.113606e-05,-3.9563034e-05,0.00016097809,-0.0005890336,0.00032135367,-0.00041116134,0.00030983688,2.354275e-05,7.3618154e-05,1.713371e-05,-5.5746103e-05,-0.00013475424,-0.00013034012,-0.0001300992,2.763122e-06,-2.0124779e-05,9.437115e-05,-3.1321746e-05,6.498076e-05,0.00015390883,2.1126623e-05,5.084154e-05,-5.3287375e-05,1.7840359e-05,5.1545736e-05,5.958912e-05,-4.6256155e-05,3.3914148e-05,2.1573556e-05,1.1702753e-06,6.279442e-05,0.00015410593,8.308479e-06,-1.0048874e-05,-9.259783e-06,-7.094011e-07,-5.613072e-07,3.4149423e-05,-6.3161688e-06,2.571865e-06,-1.24241415e-05,4.1708092e-05,-1.2116265e-05,3.7038646e-07,1.858815e-05,3.4579516e-06,-6.570602e-06,1.5654834e-05,1.7896038e-05,-3.1324773e-05
32,-3.6186684e-05,0.00014156586,-0.0001282704,0.00015084718,-0.00024936462,-1.9600546e-05,-4.2575255e-05,-1.8841436e-06,0.00014224809,4.899507e-05,-2.1923286e-06,5.1613875e-05,6.805749e-05,-4.053343e-05,-1.7279091e-05,-4.632582e-05,-2.840304e-05,3.0043519e-05,-7.704741e-06,-4.2194555e-05,1.34396305e-05,-6.776521e-05,-4.7016483e-06,1.8148415e-06,-5.087615e-05,-3.01293e-05,-1.505442e-05,-1.6083246e-06,6.755022e-06,2.84267e-05,3.0466166e-05,8.308479e-06,6.5273976e-05,3.5817584e-06,-1.7897743e-05,-1.7109818e-05,2.1308671e-05,2.3409106e-05,-2.015008e-05,-1.818945e-05,-8.326919e-06,2.1209107e-05,-3.4324476e-05,-1.45322465e-05,-8.934356e-06,1.6813432e-05,-1.7226677e-05,1.8366653e-05,-1.3498458e-05,-1.7202805e-05
33,-0.0001659164,0.0002773321,0.00017242983,0.00024034003,0.0003402161,-5.0277245e-05,-1.70428e-05,-5.439605e-05,-5.481432e-05,2.8026552e-05,-0.0001232579,8.9080146e-05,6.91272e-05,2.2819426e-05,-4.217862e-05,2.5516323e-05,2.4860314e-05,-8.0546364e-05,-0.00013396493,-8.18258e-05,-1.1749569e-05,1.0096761e-05,-5.4358054e-05,4.112273e-05,-6.9380885e-06,3.330123e-05,-5.493604e-06,-7.5194075e-06,3.2481097e-05,9.6000185e-05,-6.2453176e-07,-1.0048874e-05,3.5817584e-06,0.00011451824,-2.4212324e-05,-1.3770546e-05,6.330507e-05,-1.0044425e-05,1.7919298e-05,4.06528e-07,-1.5930644e-05,2.8168282e-05,2.7745577e-05,-2.2853862e-06,-1.3808918e-05,1.942385e-06,-2.8932867e-05,1.984688e-06,4.4397375e-06,9.743872e-06
34,-2.450309e-05,0.00035476708,5.034198e-05,-0.00018131788,6.452428e-07,0.00031983256,6.357921e-05,0.00012495376,-2.0890098e-05,9.077732e-06,6.0856288e-05,-6.42543e-05,-3.0403007e-05,-7.929279e-05,5.868984e-05,-0.000104956125,8.193037e-06,7.753464e-05,-3.630467e-05,9.056537e-05,8.918752e-06,5.004721e-05,-6.0773506e-05,-4.1663712e-05,-3.4381454e-05,2.4620203e-05,2.937551e-05,-3.472408e-05,1.8072198e-05,-3.6774392e-05,-4.5821147e-05,-9.259783e-06,-1.7897743e-05,-2.4212324e-05,9.704563e-05,1.2573424e-05,7.691098e-06,2.3233742e-06,2.5679436e-05,-2.026056e-05,2.1581194e-05,-3.720328e-05,-1.9284138e-05,1.4794931e-06,-4.1174735e-06,-2.1033539e-07,-8.618254e-06,-5.8745354e-06,5.860117e-06,1.1567576e-05
35,8.098969e-05,-0.00036324793,-3.792524e-05,-0.0005416699,-2.6335432e-05,0.0003585464,0.00013022906,-5.8960417e-05,-0.000114458206,-0.00012157472,5.420729e-05,-1.7252178e-05,-1.7909453e-05,-8.54779e-06,7.629567e-05,1.2055752e-05,4.6064774e-06,7.6906945e-06,9.59928e-05,-4.3728207e-05,2.3075054e-05,8.907181e-05,-6.247744e-05,3.219559e-05,4.0985477e-05,-2.4680881e-05,7.105423e-06,-8.58821e-06,-1.2236347e-05,1.14842205e-05,-2.1783722e-05,-7.094011e-07,-1.7109818e-05,-1.3770546e-05,1.2573424e-05,9.5220836e-05,6.720631e-06,-2.093301e-05,-3.0350051e-05,3.3837678e-05,-7.4871496e-06,1.2756354e-05,4.206576e-06,-9.748178e-06,-1.76481e-06,-1.4971748e-05,1.2979507e-05,-3.0925894e-06,-3.2485934e-06,6.47872e-06
36,6.4683125e-05,-0.00046944473,-4.0054747e-05,-0.00017771043,0.00022988723,0.00011018319,0.00010672405,-0.00013434167,1.1522279e-05,3.2820208e-05,-6.4348e-05,0.00011827181,0.00012894817,-4.5540775e-05,6.769701e-05,-0.00016813695,1.11988975e-05,-6.5224813e-06,-1.4270735e-05,-8.50809e-05,7.4445074e-07,8.645529e-06,-1.1320257e-05,5.0438328e-05,2.33821e-05,-3.165666e-06,4.7512226e-06,-4.6025545e-07,2.6658263e-05,6.960731e-05,1.518701e-05,-5.613072e-07,2.1308671e-05,6.330507e-05,7.691098e-06,6.720631e-06,0.00012844654,1.734526e-05,1.0049835e-05,-1.3137634e-05,-2.4722034e-05,-1.7411294e-05,1.2227063e-05,-1.457503e-06,2.0894693e-06,3.160906e-06,-1.7131628e-05,-1.076177e-05,4.98043e-06,-2.855843e-06
37,5.5860844e-05,-9.542478e-05,-0.00014827153,0.00024171716,-0.00020856553,-0.00022237518,2.7445538e-05,8.051001e-05,0.00025688618,8.4251435e-05,-5.7018297e-05,2.9135997e-05,-3.938883e-05,-6.1237544e-05,-5.7409394e-05,-0.00014073658,1.1926507e-05,5.5141198e-05,4.8973438e-05,-2.8609502e-06,-2.6991594e-05,-3.800006e-06,2.4788227e-05,-2.3162072e-05,4.6139892e-05,2.482066e-05,-4.9417584e-05,2.341509e-05,-3.0219676e-06,-8.184705e-06,1.945478e-05,3.4149423e-05,2.3409106e-05,-1.0044425e-05,2.3233742e-06,-2.093301e-05,1.734526e-05,0.000115117036,4.3142545e-06,-3.087074e-05,2.645082e-06,-2.24632e-05,-8.931858e-06,-1.6696256e-05,6.444534e-06,-2.0523357e-06,9.7160355e-06,6.3956645e-06,3.2865019e-06,-2.5481077e-05
38,-0.00011132436,0.00044357905,0.00018019145,-0.00012057905,0.00015273268,0.00010233083,-0.00018170144,0.00010997144,9.380537e-05,1.1664559e-05,-0.00012026446,-0.00011969809,3.4244025e-05,-6.917651e-05,3.1975032e-05,-5.487321e-05,-5.6351664e-06,5.7942176e-05,-0.00013744165,6.781654e-05,8.098185e-05,6.277478e-06,3.3436212e-05,5.481555e-06,-4.8707957e-06,1.8391325e-05,5.510053e-05,-2.1002026e-05,2.4374023e-05,-1.17947275e-05,3.3005348e-05,-6.3161688e-06,-2.015008e-05,1.7919298e-05,2.5679436e-05,-3.0350051e-05,1.0049835e-05,4.3142545e-06,0.00018270918,-2.4000037e-05,9.179781e-06,5.0576625e-07,3.0115266e-06,3.1420573e-06,2.2282244e-05,2.214253e-06,2.9438215e-05,-1.8893741e-05,2.9075789e-05,5.6396617e-05
39,2.5738243e-05,-0.00014505944,-0.00014955513,-0.00013412413,-0.00016830786,-0.00018588878,0.0001984766,-5.8893893e-05,-0.00031474617,1.8316387e-05,4.6013065e-06,-0.00010294342,0.0001311611,1.8873732e-05,4.31473e-05,-2.8951197e-05,-5.6067813e-05,-2.6404225e-05,7.1547984e-05,3.7740097e-05,4.106365e-05,5.2618558e-05,-1.0186435e-05,1.2768977e-05,4.479734e-05,-7.875792e-07,6.165315e-06,1.7994787e-05,3.100607e-05,3.827154e-05,-3.6311554e-05,2.571865e-06,-1.818945e-05,4.06528e-07,-2.026056e-05,3.3837678e-05,-1.3137634e-05,-3.087074e-05,-2.4000037e-05,0.00010911275,1.5397754e-05,5.159166e-05,4.305915e-06,-1.0182873e-05,3.8997014e-06,-4.138304e-05,8.095405e-06,-2.3795887e-05,3.5099406e-06,-1.738363e-05
40,-2.8240895e-05,0.00026616026,2.189036e-05,7.017187e-05,-7.3504925e-05,-1.9006924e-05,0.00014573018,7.7025594e-05,-8.779811e-05,-3.6041558e-05,3.9367456e-05,-5.4583164e-05,8.408493e-06,3.1573487e-05,1.710152e-06,-3.2515854e-05,-1.2562876e-05,5.9382073e-05,4.4598826e-05,2.2025135e-05,1.426266e-05,2.9031287e-05,-3.924731e-05,-3.171886e-05,-1.02122085e-05,-4.21396e-06,-3.9658776e-06,-1.2406381e-05,1.4933022e-05,-4.1331485e-05,-2.4164852e-05,-1.24241415e-05,-8.326919e-06,-1.5930644e-05,2.1581194e-05,-7.4871496e-06,-2.4722034e-05,2.645082e-06,9.179781e-06,1.5397754e-05,7.7361175e-05,1.4057581e-05,-2.4255655e-06,6.661916e-06,-1.7868442e-05,9.354039e-06,-3.163831e-06,1.1555879e-05,6.8442714e-06,1.3601739e-05
41,-0.00013469666,0.00022545479,3.229808e-05,0.00033705187,0.0002055773,-7.0675833e-06,-3.645775e-05,9.917222e-05,-2.9608877e-05,2.1996257e-05,4.5954523e-05,-0.000103742685,7.6221404e-05,1.7936673e-05,-9.959354e-05,9.183357e-05,2.4277738e-06,4.7742848e-05,-2.0845051e-05,-1.1543641e-05,4.8724647e-05,1.9629502e-05,-1.6070277e-05,3.916457e-06,-3.1180727e-05,3.4087952e-05,-3.0702653e-05,3.0988645e-05,3.1609496e-05,2.9552835e-05,3.930928e-05,4.1708092e-05,2.1209107e-05,2.8168282e-05,-3.720328e-05,1.2756354e-05,-1.7411294e-05,-2.24632e-05,5.0576625e-07,5.159166e-05,1.4057581e-05,0.00013494525,6.6096472e-06,-8.21012e-06,-7.3454266e-06,-1.636895e-05,-2.852079e-06,3.9925185e-06,2.8786242e-05,-1.1331378e-05
42,-3.3907374e-05,-0.00015482283,6.38745e-05,0.00026197487,0.00018779756,0.000107098705,-0.00011521269,-8.2022685e-05,-5.810306e-05,-5.0478448e-05,2.4565836e-05,1.1099295e-05,4.1761275e-05,9.322574e-05,1.6593094e-05,-2.28826e-05,4.8077214e-05,-5.1359297e-05,2.256835e-05,-6.460618e-05,-1.594716e-05,1.9318883e-05,1.8290592e-06,1.1440677e-05,5.257203e-05,1.568819e-05,-5.823973e-07,2.6772646e-05,-9.04582e-06,-2.748107e-06,-3.9678466e-06,-1.2116265e-05,-3.4324476e-05,2.7745577e-05,-1.9284138e-05,4.206576e-06,1.2227063e-05,-8.931858e-06,3.0115266e-06,4.305915e-06,-2.4255655e-06,6.6096472e-06,6.934954e-05,1.9894844e-05,8.006782e-06,8.5161155e-06,1.9432857e-05,-4.3027226e-06,3.2005373e-05,3.5818198e-07
43,-6.415049e-05,0.00024503187,0.00012184464,9.369541e-05,9.846097e-05,0.00011167059,-8.318014e-06,2.469779e-05,-8.998411e-05,-4.4161607e-05,-2.8815525e-06,3.7946484e-05,-5.9194776e-05,1.4770951e-05,-1.7202408e-05,5.0293307e-05,6.001717e-05,-1.21707035e-05,1.1006333e-05,9.819347e-06,-5.5829687e-06,-1.0126336e-05,1.9723582e-05,-1.7326016e-08,1.251453e-05,-1.915828e-05,-1.5987587e-05,9.413548e-06,1.7533672e-05,-1.4388894e-05,2.3995392e-05,3.7038646e-07,-1.45322465e-05,-2.2853862e-06,1.4794931e-06,-9.748178e-06,-1.457503e-06,-1.6696256e-05,3.1420573e-06,-1.0182873e-05,6.661916e-06,-8.21012e-06,1.9894844e-05,3.6229307e-05,2.077269e-06,1.6513837e-05,1.2448439e-05,1.4079922e-05,6.2375852e-06,7.4632776e-06
44,9.3929746e-05,-0.00020635039,7.6394845e-06,-0.0002711853,-3.3558917e-05,-0.00026250078,3.2067323e-06,-6.951939e-05,6.3767824e-05,6.698066e-05,-1.5853579e-05,-2.561294e-05,9.899734e-06,3.0384064e-05,2.5901656e-05,-1.7420916e-05,-2.0996974e-06,-3.4295044e-05,2.129384e-05,5.1554484e-06,-6.016483e-06,-2.035574e-05,2.3155791e-05,1.441297e-05,4.2168533e-05,5.411067e-06,3.247953e-06,2.1495314e-05,-3.4726445e-06,-2.1244936e-05,1.3338926e-05,1.858815e-05,-8.934356e-06,-1.3808918e-05,-4.1174735e-06,-1.76481e-06,2.0894693e-06,6.444534e-06,2.2282244e-05,3.8997014e-06,-1.7868442e-05,-7.3454266e-06,8.006782e-06,2.077269e-06,3.1924686e-05,-6.192683e-06,1.4750172e-05,-1.7507646e-05,1.0960517e-05,2.3036662e-06
45,-9.854586e-06,0.00016824887,7.2373026e-05,5.777792e-05,-0.00013484732,5.4623582e-05,-1.3686869e-05,-2.4351748e-05,-4.4326574e-05,-3.2838885e-05,9.228302e-06,4.9327104e-05,-7.025171e-05,-1.6397102e-05,-1.6653853e-06,-5.4737247e-05,1.9589857e-05,-3.060102e-05,-2.9315997e-05,2.0060463e-06,4.977756e-05,-5.2183328e-05,-7.23932e-05,-1.7524937e-05,-1.36105955e-05,-3.4794903e-05,9.208247e-06,-1.4475222e-05,7.2596195e-06,-5.751466e-06,2.3847064e-05,3.4579516e-06,1.6813432e-05,1.942385e-06,-2.1033539e-07,-1.4971748e-05,3.160906e-06,-2.0523357e-06,2.214253e-06,-4.138304e-05,9.354039e-06,-1.636895e-05,8.5161155e-06,1.6513837e-05,-6.192683e-06,6.0016635e-05,3.7275481e-06,3.5597797e-05,9.2473e-06,1.2601565e-05
46,3.2171567e-05,-0.00021189675,-7.115686e-05,9.940604e-05,-0.00013178178,0.00018112818,-7.9866775e-05,-8.044928e-06,-5.3874966e-05,-5.860206e-05,1.57804e-05,-1.855696e-05,-2.2446446e-05,-5.66941e-06,-2.4083776e-05,-2.252862e-05,-1.0847469e-05,1.6726684e-05,4.2738073e-05,-2.5772776e-08,4.2344567e-05,-9.744783e-06,3.7860576e-05,7.732085e-06,3.767912e-05,-2.8683227e-05,-4.6087735e-06,1.4558021e-05,-2.4872784e-06,-1.373496e-05,2.2432298e-05,-6.570602e-06,-1.7226677e-05,-2.8932867e-05,-8.618254e-06,1.2979507e-05,-1.7131628e-05,9.7160355e-06,2.9438215e-05,8.095405e-06,-3.163831e-06,-2.852079e-06,1.9432857e-05,1.2448439e-05,1.4750172e-05,3.7275481e-06,4.7822505e-05,-3.450446e-06,1.850841e-05,1.4677169e-05
47,-2.7509726e-05,0.00022363247,0.00012272153,2.0198499e-05,2.1410076e-05,9.168172e-05,-6.158342e-05,2.0745656e-05,-4.643151e-05,-3.9268314e-05,-3.2075015e-05,2.3876746e-05,-0.0001275382,-2.370141e-05,-3.1631098e-05,3.6615707e-05,3.972964e-05,2.0149595e-05,-4.4610308e-05,1.8287892e-05,3.17687e-05,-4.069681e-06,-3.5848992e-05,-2.3301924e-05,-1.335016e-05,-4.2837473e-05,-1.27552485e-05,-4.805137e-06,1.4032879e-05,-9.986492e-06,8.7453435e-07,1.5654834e-05,1.8366653e-05,1.984688e-06,-5.8745354e-06,-3.0925894e-06,-1.076177e-05,6.3956645e-06,-1.8893741e-05,-2.3795887e-05,1.1555879e-05,3.9925185e-06,-4.3027226e-06,1.4079922e-05,-1.7507646e-05,3.5597797e-05,-3.450446e-06,5.0028455e-05,-1.330095e-06,-1.4220072e-05
48,-7.1689547e-06,8.22998e-05,9.969125e-05,4.2536587e-05,0.00018454378,7.257995e-05,-6.9953974e-05,3.361573e-05,-1.17396585e-05,7.6158714e-05,7.6912926e-05,-6.756782e-05,-1.305064e-06,3.3497367e-05,-2.4886638e-05,-6.545562e-05,-7.350027e-06,3.2487864e-05,-3.0410894e-05,1.2972101e-05,4.1753166e-05,2.0389194e-05,-1.656932e-05,-1.7164008e-05,3.0478263e-06,3.907467e-05,-4.2894817e-07,2.1544904e-05,2.7679696e-05,-2.5790738e-05,1.07548185e-05,1.7896038e-05,-1.3498458e-05,4.4397375e-06,5.860117e-06,-3.2485934e-06,4.98043e-06,3.2865019e-06,2.9075789e-05,3.5099406e-06,6.8442714e-06,2.8786242e-05,3.2005373e-05,6.2375852e-06,1.0960517e-05,9.2473e-06,1.850841e-05,-1.330095e-06,4.7873684e-05,-2.5616318e-06
49,-1.1446466e-05,-7.8761295e-05,1.9139381e-05,-6.057563e-05,-2.6244292e-05,0.00013501354,8.659101e-05,2.9174038e-05,-1.1598567e-05,-9.568471e-05,-7.5563476e-06,6.391076e-05,-2.578195e-05,-2.9215312e-06,-2.6272326e-05,6.279136e-05,-1.322037e-05,-3.5083758e-05,-1.930104e-05,-4.2404292e-05,2.5657137e-05,-1.9750321e-05,-3.3513013e-05,3.80656e-05,-2.9865519e-06,-6.076064e-06,1.450037e-05,-2.7168302e-05,-1.8123741e-05,2.3286444e-05,2.650373e-05,-3.1324773e-05,-1.7202805e-05,9.743872e-06,1.1567576e-05,6.47872e-06,-2.855843e-06,-2.5481077e-05,5.6396617e-05,-1.738363e-05,1.3601739e-05,-1.1331378e-05,3.5818198e-07,7.4632776e-06,2.3036662e-06,1.2601565e-05,1.4677169e-05,-1.4220072e-05,-2.5616318e-06,6.88002e-05
