,0,1,2,3,4,5,6,7,8,9,10,11,12,13,14,15,16,17,18,19,20,21,22,23,24,25,26,27,28,29,30,31,32,33,34,35,36,37,38,39,40,41,42,43,44,45,46,47,48,49
0,9.754864,33.362503,33.210785,-2.6408267,0.0015446083,-0.004396827,-0.0022571064,0.0009788309,-0.002633829,0.00071882317,-0.0008085596,0.0014505328,0.000108702436,-0.0008261002,0.00012718451,-0.0019115796,0.00046482513,0.001745122,-0.00051415025,0.00093758537,-0.00069455436,1.4597028e-05,0.0005837939,-0.0009068698,-0.00062836823,-0.00021414414,-0.00018062736,-0.00015562578,5.8638805e-05,-0.00022210927,-0.00029552757,0.0002908394,0.00035878914,-3.14251e-05,9.384028e-05,0.00013011222,0.00019182809,-0.0002473626,-8.653125e-05,-3.6153848e-05,0.00025980556,-5.3158048e-05,1.511403e-05,-0.00020016366,-7.253593e-05,0.00016516325,1.878084e-05,0.000102814556,6.0929182e-05,0.0001444765
1,33.362503,114.1538,113.63452,-9.03372,-0.005390849,-0.005244327,0.0031769553,-0.00459214,-0.00047182007,-0.00030425965,-0.0003435611,0.0018743202,-0.0012033457,-4.399535e-05,-0.00035176091,6.169344e-05,-0.00010242249,0.0002102869,-0.0002803863,0.00032476365,-8.550846e-05,0.0005533829,9.454361e-05,-0.000254914,-0.00026496954,-8.973004e-05,-0.0004382963,-0.00028575936,0.00013803714,-0.00024642097,-0.0002417995,0.00021002794,8.701277e-05,-0.000106278545,-6.23837e-06,-0.0001157598,-5.1162453e-05,1.40770435e-05,-0.00024937445,2.8522252e-05,0.00011895338,-4.782171e-05,-4.5291963e-05,-4.2964166e-05,-1.9828118e-05,-4.5506626e-05,4.692558e-05,9.954099e-06,1.4941322e-05,6.382407e-05
2,33.210785,113.63452,113.12466,-8.992907,-0.0055073095,0.0028829859,-0.003141568,0.0019774036,-0.0009282286,0.0003418759,0.000550002,-0.0005088851,0.00074381055,-1.9724826e-06,0.00061659643,6.753289e-05,0.00013855798,-0.00023548538,-8.0227095e-05,-0.00050923193,-0.00011714118,-0.00010414194,0.00016587338,-7.5981094e-05,-2.6182166e-05,-4.3498127e-05,6.3289386e-05,0.00016387083,-2.6323043e-05,2.6936486e-05,-2.2377764e-05,-6.925549e-05,3.9404462e-05,-1.3695535e-05,6.869733e-05,0.00012998992,0.00010838581,2.039732e-05,-3.356921e-05,-1.459359e-05,-1.9278687e-05,1.6911563e-06,3.8444072e-05,-3.051884e-05,1.3398112e-05,4.5835106e-05,7.454904e-05,5.9124155e-05,-1.6635775e-05,-6.293454e-05
3,-2.6408267,-9.03372,-8.992907,0.7162655,-0.0022692336,-0.0011823396,0.0012144499,0.00018795143,0.00021368326,-0.0001483403,0.00010912599,-0.0013435115,-0.00064212526,-0.00044254411,0.00056865107,-3.5952835e-05,-0.00039939786,0.00011293767,-0.0005360322,-0.00022012289,-0.00020675553,-0.00011118632,-5.1015377e-05,0.00028972467,0.00033885206,-0.00013190233,0.00021361583,-0.00011054487,-8.953531e-05,0.00029506691,0.00016197326,-8.3329185e-05,-0.00016193984,-2.3352952e-05,-0.00029631142,-5.6294703e-05,4.71166e-06,0.00015554861,0.00015732422,6.1559913e-06,-0.0002767227,0.00014512146,0.00011888893,-7.3671734e-05,4.730383e-05,0.00020294443,-4.6545123e-05,-2.9434153e-05,-8.945266e-05,-3.6867124e-05
4,0.0015446083,-0.005390849,-0.0055073095,-0.0022692336,0.0115529215,0.0017640246,-0.0012825584,0.00046267398,-0.0034690392,0.00043350563,-0.0011945593,0.0001537603,0.0019974776,-0.00074787426,-1.3704209e-05,-0.00017058733,0.00023685183,-0.0012923465,4.849457e-05,0.00017017554,-0.00022999046,0.0006417835,0.00034694132,-0.0009918308,-0.0018544808,-8.191145e-05,-0.000946364,0.0002962852,0.00071375805,-0.0009054049,-0.0009835201,0.00067085907,0.00078187033,-6.533146e-05,0.00037671105,1.9484754e-05,0.00023099533,-0.0005364377,-0.0006990506,9.524313e-05,0.0007965228,-0.00019128993,-0.00036196545,-0.00015104984,-0.00020125177,-0.00013217701,0.00022456251,0.0003392247,-1.38673595e-05,0.00016019787
5,-0.004396827,-0.005244327,0.0028829859,-0.0011823396,0.0017640246,0.027944915,-0.0020723785,0.0002128637,0.0015462453,-0.00045768145,7.3522024e-05,-0.0018361073,0.0021774326,-0.00013091444,-4.4733493e-05,-0.0008973199,-0.0019587583,-0.0019799557,-0.0003422657,0.0010775337,7.910027e-05,-0.00014768417,-0.0004475725,-0.000634768,0.0007602469,-0.000384545,0.00023603564,8.8072906e-05,-6.629681e-05,0.00034000515,0.00038763057,-0.000107459564,-1.4459112e-05,0.0004927945,0.00042152568,0.00032270345,-5.2209107e-05,-9.455018e-05,-0.00015633224,-0.000104954,-6.527377e-05,-6.2922496e-05,-0.000155299,0.0001336926,-0.00016584453,-0.0002853393,0.0001808565,5.2195617e-05,0.00015484789,-0.0003417072
6,-0.0022571064,0.0031769553,-0.003141568,0.0012144499,-0.0012825584,-0.0020723785,0.012780141,-0.009452976,0.0008192829,-0.00046341476,-0.0024449537,-0.0016912734,-0.003027214,-0.0010771507,-0.00018928965,0.00037039295,-0.0015989335,-0.0010227208,-0.00081474276,8.89772e-05,-0.00043772632,0.0006158801,-0.00085196475,0.00035172026,-0.00020416133,0.00021081246,0.0002849241,-0.00014557518,-0.00012153876,-0.0002555987,3.667921e-05,0.00023183157,-0.00020272536,-3.9151077e-05,-3.503245e-06,-0.0002130979,1.9407282e-06,0.00036175846,-0.00018390187,-5.776396e-05,0.00013742906,-0.000117124015,-3.235911e-05,4.8823116e-05,-0.00011269089,-0.00015032152,-2.0107509e-05,1.0463518e-05,-1.5065933e-05,3.698204e-05
7,0.0009788309,-0.00459214,0.0019774036,0.00018795143,0.00046267398,0.0002128637,-0.009452976,0.011925753,-0.0011042993,0.002432868,0.00047298262,-0.0013206224,0.00060200476,-0.0005191766,0.001862742,0.00035202812,0.0012273148,4.7388916e-05,0.00057438086,-0.0012681077,-3.7883394e-05,-0.0002179381,0.0006891775,-0.00025592523,0.00026108796,-0.00024318737,0.00019995116,7.194095e-05,1.689896e-06,-0.00021226695,-0.00015893322,3.6411734e-06,0.0001503318,-0.00022749907,0.00014271229,0.0006348945,0.00010752899,-3.0224984e-07,0.00027473414,0.0002484105,-0.00026233718,6.1957544e-05,0.00050945464,-3.8255974e-05,0.00010349545,0.00013437663,8.607789e-05,0.00012711054,2.681315e-06,-0.00014982893
8,-0.002633829,-0.00047182007,-0.0009282286,0.00021368326,-0.0034690392,0.0015462453,0.0008192829,-0.0011042993,0.0036675849,-0.0015936526,0.0017652742,0.0014491777,-0.0010006479,0.0013729095,-0.00069719204,0.00037090015,-0.00045655877,-0.00035309585,4.4422824e-05,-0.00024126426,0.00087765814,2.9145522e-05,-0.00038745854,0.00037370506,0.00057143753,0.00017364399,0.00019999697,-0.00026088755,0.00011865329,3.2671895e-05,4.256417e-05,-0.00023339906,-0.00020955248,-0.000138605,0.0001832592,0.00023591594,-0.00018268927,7.477962e-05,0.00011528395,0.0001737288,-0.00017729346,-9.168118e-05,0.00040017313,6.335521e-05,0.00012348995,-0.00016486528,1.1774953e-05,-0.00010196841,0.000105857485,-9.540349e-05
9,0.00071882317,-0.00030425965,0.0003418759,-0.0001483403,0.00043350563,-0.00045768145,-0.00046341476,0.002432868,-0.0015936526,0.006420948,-0.0034317654,-0.0012267272,-0.0010690821,-0.00023978428,-0.00020434064,0.000582344,0.0007783924,-0.00014126435,0.0009480157,0.0006877924,-0.00017024044,-0.0007719426,-0.0005633866,-0.0003517246,0.00028177747,-0.00013442818,0.0003870778,-0.0003456375,0.00014376911,-0.00015209286,-0.00019337298,0.00025923044,-0.00023717075,0.00018833278,2.2401005e-06,-5.1443734e-05,-4.0038292e-05,-0.00039525222,0.00024370299,0.00030763441,-9.601911e-05,6.413864e-05,-3.555129e-05,0.00011278986,3.5035788e-05,-0.00028967144,-0.00014419148,-6.7499175e-05,7.505533e-06,-6.0313123e-05
10,-0.0008085596,-0.0003435611,0.000550002,0.00010912599,-0.0011945593,7.3522024e-05,-0.0024449537,0.00047298262,0.0017652742,-0.0034317654,0.004729576,0.00073401374,0.0011815627,0.0009168716,0.00062051136,-0.0009064068,2.170941e-05,-0.00014249909,-0.00026567222,-0.00065185525,0.0008626729,7.344379e-05,-0.00011209943,0.00042301283,-0.00020028336,0.00021115073,-0.00026393723,-0.00024835818,8.047403e-05,-8.1117774e-05,5.5302326e-06,7.162619e-06,-0.00024020381,-0.00018039513,0.00010586098,-0.0002819685,0.00019955827,-9.998932e-05,5.4259384e-05,4.7346985e-05,-0.000101735364,0.00023810814,5.7226458e-05,-0.0001441887,-0.000120154175,-3.6308207e-05,-0.00019354351,-0.00014430599,6.114124e-06,6.831826e-06
11,0.0014505328,0.0018743202,-0.0005088851,-0.0013435115,0.0001537603,-0.0018361073,-0.0016912734,-0.0013206224,0.0014491777,-0.0012267272,0.00073401374,0.0047169602,-0.00031369372,0.0010652014,-0.0013782044,-0.00013200194,0.00053803803,0.0007935914,0.0005220936,0.000994349,0.00038731087,0.00043517863,0.0005804031,-0.00048415654,0.00037822,-0.00027285924,-0.0006917458,-0.00038712367,0.00012423832,-0.00014310206,8.921487e-05,-3.3488326e-05,3.1265805e-05,-1.680451e-05,0.00026248943,0.00013736394,-0.00014720278,-1.7621222e-05,-6.2078936e-05,9.696885e-05,8.466025e-06,-0.00013260581,1.6422717e-05,6.2530875e-05,-7.602369e-06,-0.00016030122,8.2081504e-05,4.8160175e-05,0.00012474952,3.8148595e-05
12,0.000108702436,-0.0012033457,0.00074381055,-0.00064212526,0.0019974776,0.0021774326,-0.003027214,0.00060200476,-0.0010006479,-0.0010690821,0.0011815627,-0.00031369372,0.0028041138,0.00054288685,-0.00015000677,1.4320581e-06,0.0002534329,-0.00020565365,3.3105367e-05,-0.00025553763,5.4328382e-05,5.2751842e-05,-3.5359368e-05,0.00013453558,-0.00042080207,0.00021847669,-6.390517e-05,0.0004589536,0.00018603535,0.00026510312,-2.9269304e-05,-7.230391e-05,0.00020559091,0.00010580908,-0.00011747047,-0.00033436183,-0.0002313134,-0.0001814458,5.23476e-05,-0.00013685989,0.00017830226,5.4091048e-05,-0.00036535683,-1.6164384e-05,3.1791787e-05,0.00016934096,-9.035446e-05,-6.686453e-05,-3.1363757e-05,8.474774e-05
13,-0.0008261002,-4.399535e-05,-1.9724826e-06,-0.00044254411,-0.00074787426,-0.00013091444,-0.0010771507,-0.0005191766,0.0013729095,-0.00023978428,0.0009168716,0.0010652014,0.00054288685,0.0020588099,-0.001467443,0.00079628057,5.683338e-05,-0.0004853577,0.0002854471,0.00023415287,0.0003905089,-0.00042345672,1.5316567e-05,0.0003848119,-3.338504e-05,0.0003199028,0.00035007022,5.713514e-05,0.00029809563,-7.989739e-05,-0.00014241417,-0.00025478634,-9.8855795e-05,0.00010643237,8.156617e-06,0.000114451555,3.6768288e-05,-0.00030071312,0.00013943313,2.8436435e-07,-5.7966226e-05,3.685658e-05,7.353828e-05,-9.192875e-06,4.8615668e-05,2.3983912e-05,-0.00015379931,1.2585794e-05,4.163725e-05,0.00012402478
14,0.00012718451,-0.00035176091,0.00061659643,0.00056865107,-1.3704209e-05,-4.4733493e-05,-0.00018928965,0.001862742,-0.00069719204,-0.00020434064,0.00062051136,-0.0013782044,-0.00015000677,-0.001467443,0.0019942382,-0.00062949426,0.0001340369,2.4236659e-05,-0.00021247889,-0.00076297065,-0.00028283722,0.0007442531,3.1446856e-05,-6.012636e-05,2.8959574e-05,2.7046703e-05,-0.00012522904,-0.00023981005,-0.00017507891,-0.000111272835,2.665554e-05,0.00016909241,-9.856443e-05,-7.652089e-05,7.2794355e-05,-9.480921e-05,-2.4470282e-05,0.00018449359,3.318234e-05,-2.0120238e-05,-0.000114027236,8.825866e-05,1.9699673e-05,2.8236473e-05,-0.00011483453,-9.3187286e-05,-1.5109172e-05,-0.00014261593,-3.62473e-05,-9.813159e-05
15,-0.0019115796,6.169344e-05,6.753289e-05,-3.5952835e-05,-0.00017058733,-0.0008973199,0.00037039295,0.00035202812,0.00037090015,0.000582344,-0.0009064068,-0.00013200194,1.4320581e-06,0.00079628057,-0.00062949426,0.0028215034,0.00018388664,-0.0015165249,0.0009107668,-0.00040555553,0.00013057323,0.00015202112,0.00038549112,0.00038026992,0.00024514587,-6.382532e-05,-0.00020692119,0.00035342266,0.00014175373,-8.705798e-05,4.641454e-05,-0.000108565946,2.3169796e-05,6.474949e-05,-0.00024352386,0.00010781086,-0.00020652651,0.00011655007,-0.00016638465,-3.5844056e-05,-0.000116704556,1.5741625e-05,-5.9348742e-05,0.000116473384,4.764864e-05,8.626916e-05,5.051312e-05,2.3276702e-05,-9.5343355e-05,1.0776934e-05
16,0.00046482513,-0.00010242249,0.00013855798,-0.00039939786,0.00023685183,-0.0019587583,-0.0015989335,0.0012273148,-0.00045655877,0.0007783924,2.170941e-05,0.00053803803,0.0002534329,5.683338e-05,0.0001340369,0.00018388664,0.00088178983,0.00032833422,0.0006481346,-0.00025587296,0.00011506098,1.3062804e-05,2.1157557e-05,3.182491e-05,4.1519314e-05,5.6551668e-05,-0.00012088772,4.8537127e-05,-0.00011853206,1.8953896e-06,8.638089e-05,-1.6293321e-05,-6.627949e-05,4.4022745e-05,0.00015476842,-9.4233415e-05,3.3481432e-05,1.500872e-05,5.133052e-05,3.9505876e-06,4.905862e-05,-6.410328e-05,-0.00016576162,7.361376e-05,6.182014e-06,-0.0002073681,-5.099726e-05,-1.934867e-05,-4.9039292e-05,5.42023e-06
17,0.001745122,0.0002102869,-0.00023548538,0.00011293767,-0.0012923465,-0.0019799557,-0.0010227208,4.7388916e-05,-0.00035309585,-0.00014126435,-0.00014249909,0.0007935914,-0.00020565365,-0.0004853577,2.4236659e-05,-0.0015165249,0.00032833422,0.002166937,-0.00025989552,0.00041114033,1.6870958e-05,-0.00043426227,-7.213855e-05,-0.00019594975,3.4832752e-05,7.017223e-05,0.00013739786,3.6618258e-05,-0.0004134479,0.00041176722,-1.942754e-05,-9.8368706e-05,0.00016242097,8.224926e-05,-4.8714635e-05,4.180419e-05,-9.898111e-05,5.612278e-05,5.517229e-05,-0.00023232165,-5.214339e-05,-0.0001080589,1.18122e-06,4.8291724e-05,3.7303133e-05,-6.2158826e-05,3.8765356e-05,-6.550089e-05,3.3020956e-06,-5.152019e-05
18,-0.00051415025,-0.0002803863,-8.0227095e-05,-0.0005360322,4.849457e-05,-0.0003422657,-0.00081474276,0.00057438086,4.4422824e-05,0.0009480157,-0.00026567222,0.0005220936,3.3105367e-05,0.0002854471,-0.00021247889,0.0009107668,0.0006481346,-0.00025989552,0.0011504114,-1.6533439e-05,0.00026448187,-0.0001612654,4.1571016e-05,4.5720276e-06,0.00018291286,3.9281913e-05,-0.0001210786,0.00019549523,-0.00022600098,-0.00017168415,0.0002793926,4.5631747e-05,-8.595288e-05,2.6964306e-05,0.0001349956,-6.6665e-05,1.15992225e-05,3.915141e-05,-0.00012474228,-2.9120518e-05,0.000110071596,-2.1186577e-05,-0.000115588846,0.0001396257,-3.1198957e-05,-0.00016415602,-5.016815e-05,-0.00015523813,6.6687586e-05,3.2619814e-06
19,0.00093758537,0.00032476365,-0.00050923193,-0.00022012289,0.00017017554,0.0010775337,8.89772e-05,-0.0012681077,-0.00024126426,0.0006877924,-0.00065185525,0.000994349,-0.00025553763,0.00023415287,-0.00076297065,-0.00040555553,-0.00025587296,0.00041114033,-1.6533439e-05,0.0013156788,-0.0001914526,-0.00031516055,0.0002591645,-0.00042980316,0.00013285616,-0.0002421833,-4.907302e-05,-0.00021228363,3.813035e-05,-2.4017794e-05,3.3584976e-05,0.00010750805,7.669078e-06,0.00017345755,-0.00010981449,4.2489788e-05,3.344184e-05,-0.0002267044,-9.866292e-05,-6.2581086e-05,-5.9371374e-05,0.000100301455,-3.5292223e-06,-5.666587e-05,-8.767212e-05,8.696234e-05,-6.9209666e-05,-7.865635e-05,7.088651e-05,5.813329e-05
20,-0.00069455436,-8.550846e-05,-0.00011714118,-0.00020675553,-0.00022999046,7.910027e-05,-0.00043772632,-3.7883394e-05,0.00087765814,-0.00017024044,0.0008626729,0.00038731087,5.4328382e-05,0.0003905089,-0.00028283722,0.00013057323,0.00011506098,1.6870958e-05,0.00026448187,-0.0001914526,0.0008500171,-0.00045578164,-0.00046053357,0.00010028524,-0.00012237947,-2.1492111e-05,-0.00022978638,7.090286e-05,-1.9756471e-05,6.540869e-05,-0.00018242364,0.00012759435,8.076771e-05,-9.918539e-05,1.0198755e-05,-0.000108169086,-9.9451114e-05,-3.7327693e-05,-0.000106180865,7.928714e-05,-2.4742872e-05,-3.0020349e-06,1.6646965e-05,4.2754058e-05,2.2580562e-05,-0.00016660383,2.0329448e-05,5.0455897e-06,-1.1374781e-05,-9.469075e-05
21,1.4597028e-05,0.0005533829,-0.00010414194,-0.00011118632,0.0006417835,-0.00014768417,0.0006158801,-0.0002179381,2.9145522e-05,-0.0007719426,7.344379e-05,0.00043517863,5.2751842e-05,-0.00042345672,0.0007442531,0.00015202112,1.3062804e-05,-0.00043426227,-0.0001612654,-0.00031516055,-0.00045578164,0.0016593464,0.00044270762,-0.00014159796,0.00022064827,4.8379683e-05,-6.804857e-05,-0.0003281127,0.00017381064,-0.00013031896,-6.8509566e-05,-6.0286686e-05,0.00018714403,6.6727545e-05,0.00018754706,8.802135e-05,-0.00021378598,2.8000919e-05,8.857035e-05,-4.090098e-05,6.177817e-08,-5.5568125e-05,-0.00011423427,5.7449684e-05,0.00010795504,-9.632381e-05,-7.187622e-05,-6.161367e-05,4.0987878e-05,5.7810277e-05
22,0.0005837939,9.454361e-05,0.00016587338,-5.1015377e-05,0.00034694132,-0.0004475725,-0.00085196475,0.0006891775,-0.00038745854,-0.0005633866,-0.00011209943,0.0005804031,-3.5359368e-05,1.5316567e-05,3.1446856e-05,0.00038549112,2.1157557e-05,-7.213855e-05,4.1571016e-05,0.0002591645,-0.00046053357,0.00044270762,0.00088037143,-9.6552176e-05,0.00013813886,-8.2895596e-05,-0.000105274914,-7.468069e-05,-8.084862e-05,-0.00017035697,5.970855e-05,-0.00016582251,7.6940356e-05,9.0557005e-05,-8.7351655e-05,0.00024080789,0.00018640558,1.9737665e-05,-9.044823e-05,-0.00018536806,-6.345602e-05,6.623924e-05,-2.6390586e-05,-1.3408695e-05,-3.025478e-05,0.00013840356,3.436188e-05,6.152864e-05,1.7269847e-05,6.594753e-05
23,-0.0009068698,-0.000254914,-7.5981094e-05,0.00028972467,-0.0009918308,-0.000634768,0.00035172026,-0.00025592523,0.00037370506,-0.0003517246,0.00042301283,-0.00048415654,0.00013453558,0.0003848119,-6.012636e-05,0.00038026992,3.182491e-05,-0.00019594975,4.5720276e-06,-0.00042980316,0.00010028524,-0.00014159796,-9.6552176e-05,0.00045187678,-8.40067e-06,0.0002679668,0.00015591909,5.609191e-05,-6.309894e-05,4.9315087e-05,-6.8661757e-06,-0.00023098695,-0.00015874908,-3.077697e-06,-0.000112575595,-6.251532e-05,7.767038e-05,4.7701666e-05,0.00010685308,-6.1002742e-05,-5.0017487e-05,3.7877664e-05,-5.0686336e-05,4.1210216e-05,1.721068e-05,-7.427948e-06,8.644718e-06,3.5119807e-05,-4.2647567e-05,-1.6417036e-05
24,-0.00062836823,-0.00026496954,-2.6182166e-05,0.00033885206,-0.0018544808,0.0007602469,-0.00020416133,0.00026108796,0.00057143753,0.00028177747,-0.00020028336,0.00037822,-0.00042080207,-3.338504e-05,2.8959574e-05,0.00024514587,4.1519314e-05,3.4832752e-05,0.00018291286,0.00013285616,-0.00012237947,0.00022064827,0.00013813886,-8.40067e-06,0.00066884345,-0.00020314031,1.1477947e-05,-0.00018485053,-6.3734595e-05,0.00021060277,0.00035340415,-0.00017097496,-0.00014962163,3.85284e-05,-1.4713168e-05,1.5051039e-05,-4.3626736e-05,0.00010740953,0.000108235115,7.443435e-05,-9.4640214e-05,-6.200536e-06,-3.2294429e-06,2.7238264e-05,0.00012102171,2.1673896e-08,3.4329978e-06,-7.846697e-05,1.3549192e-05,-3.2070166e-05
25,-0.00021414414,-8.973004e-05,-4.3498127e-05,-0.00013190233,-8.191145e-05,-0.000384545,0.00021081246,-0.00024318737,0.00017364399,-0.00013442818,0.00021115073,-0.00027285924,0.00021847669,0.0003199028,2.7046703e-05,-6.382532e-05,5.6551668e-05,7.017223e-05,3.9281913e-05,-0.0002421833,-2.1492111e-05,4.8379683e-05,-8.2895596e-05,0.0002679668,-0.00020314031,0.0005385512,0.0003210602,5.818089e-06,-8.865466e-05,-0.00017173932,-0.00017350203,-0.00018745041,-7.803064e-05,2.1869102e-05,-1.3004585e-05,2.166869e-05,-1.3305571e-05,-6.603176e-05,0.000101171536,-0.00015818063,2.527405e-05,2.0440315e-05,4.4849094e-06,0.000117527554,-4.0796185e-05,-5.5101962e-05,-7.862696e-06,-7.93637e-05,8.0105565e-05,2.917392e-06
26,-0.00018062736,-0.0004382963,6.3289386e-05,0.00021361583,-0.000946364,0.00023603564,0.0002849241,0.00019995116,0.00019999697,0.0003870778,-0.00026393723,-0.0006917458,-6.390517e-05,0.00035007022,-0.00012522904,-0.00020692119,-0.00012088772,0.00013739786,-0.0001210786,-4.907302e-05,-0.00022978638,-6.804857e-05,-0.000105274914,0.00015591909,1.1477947e-05,0.0003210602,0.0006997743,0.000103285216,-4.9570706e-05,-6.126235e-06,1.3112209e-05,-0.00015854744,1.0864205e-05,7.747204e-05,0.00010017918,0.00018102527,3.602665e-05,-8.070789e-05,0.0002017784,-9.498062e-05,4.5855195e-05,-5.396977e-05,0.00010365215,-8.834324e-06,7.3832314e-05,3.2871365e-05,-0.0001451537,-5.834813e-05,7.0986105e-05,7.366898e-05
27,-0.00015562578,-0.00028575936,0.00016387083,-0.00011054487,0.0002962852,8.8072906e-05,-0.00014557518,7.194095e-05,-0.00026088755,-0.0003456375,-0.00024835818,-0.00038712367,0.0004589536,5.713514e-05,-0.00023981005,0.00035342266,4.8537127e-05,3.6618258e-05,0.00019549523,-0.00021228363,7.090286e-05,-0.0003281127,-7.468069e-05,5.609191e-05,-0.00018485053,5.818089e-06,0.000103285216,0.0005411883,-0.00012587367,0.00012386424,0.00012826826,5.302313e-05,0.00019151083,4.5436076e-07,3.6042347e-05,2.7517239e-05,-8.0902e-05,0.00011922261,-0.00011064294,-0.00010152036,0.00010510166,-0.00010119106,-2.0368036e-06,1.167978e-05,1.3053673e-05,9.092482e-05,-6.679901e-06,2.4466553e-06,-1.5438423e-05,4.2919386e-05
28,5.8638805e-05,0.00013803714,-2.6323043e-05,-8.953531e-05,0.00071375805,-6.629681e-05,-0.00012153876,1.689896e-06,0.00011865329,0.00014376911,8.047403e-05,0.00012423832,0.00018603535,0.00029809563,-0.00017507891,0.00014175373,-0.00011853206,-0.0004134479,-0.00022600098,3.813035e-05,-1.9756471e-05,0.00017381064,-8.084862e-05,-6.309894e-05,-6.3734595e-05,-8.865466e-05,-4.9570706e-05,-0.00012587367,0.00043127962,1.2191983e-05,-0.00016101077,7.217593e-05,-7.924042e-06,-4.803238e-06,-3.2445434e-06,5.9961694e-06,-0.00012034095,-0.00014869528,4.8990838e-05,0.00018335787,2.3865861e-05,-3.2100485e-05,5.808997e-05,-0.000119691395,3.7404057e-05,4.7101166e-05,-2.708834e-05,8.18042e-06,-6.4787346e-05,3.6358644e-05
29,-0.00022210927,-0.00024642097,2.6936486e-05,0.00029506691,-0.0009054049,0.00034000515,-0.0002555987,-0.00021226695,3.2671895e-05,-0.00015209286,-8.1117774e-05,-0.00014310206,0.00026510312,-7.989739e-05,-0.000111272835,-8.705798e-05,1.8953896e-06,0.00041176722,-0.00017168415,-2.4017794e-05,6.540869e-05,-0.00013031896,-0.00017035697,4.9315087e-05,0.00021060277,-0.00017173932,-6.126235e-06,0.00012386424,1.2191983e-05,0.00048476842,0.000103419916,-9.2550035e-05,9.1978225e-05,7.37168e-05,-9.67517e-05,-8.80683e-05,-0.00014602253,4.6614477e-05,2.9804884e-05,6.1096234e-06,-4.6983594e-05,-7.4414485e-05,-8.656341e-05,-2.896618e-05,0.00014500212,2.1722279e-05,1.1044378e-05,-1.050342e-05,-0.00010289927,-1.7989056e-05
30,-0.00029552757,-0.0002417995,-2.2377764e-05,0.00016197326,-0.0009835201,0.00038763057,3.667921e-05,-0.00015893322,4.256417e-05,-0.00019337298,5.5302326e-06,8.921487e-05,-2.9269304e-05,-0.00014241417,2.665554e-05,4.641454e-05,8.638089e-05,-1.942754e-05,0.0002793926,3.3584976e-05,-0.00018242364,-6.8509566e-05,5.970855e-05,-6.8661757e-06,0.00035340415,-0.00017350203,1.3112209e-05,0.00012826826,-0.00016101077,0.000103419916,0.0005589251,-4.0919316e-05,-0.00017913492,-3.8576152e-05,9.2933326e-05,-0.000101188256,0.00011047941,0.00018134585,2.4270623e-05,6.322366e-05,0.00011599773,-3.0063902e-05,-3.9765466e-05,-3.3779885e-05,2.7034286e-05,8.298677e-05,-3.0029922e-05,-7.82112e-05,3.0252144e-05,3.912112e-05
31,0.0002908394,0.00021002794,-6.925549e-05,-8.3329185e-05,0.00067085907,-0.000107459564,0.00023183157,3.6411734e-06,-0.00023339906,0.00025923044,7.162619e-06,-3.3488326e-05,-7.230391e-05,-0.00025478634,0.00016909241,-0.000108565946,-1.6293321e-05,-9.8368706e-05,4.5631747e-05,0.00010750805,0.00012759435,-6.0286686e-05,-0.00016582251,-0.00023098695,-0.00017097496,-0.00018745041,-0.00015854744,5.302313e-05,7.217593e-05,-9.2550035e-05,-4.0919316e-05,0.00035466283,6.561078e-05,-3.3246397e-05,8.682358e-05,-5.658994e-05,-0.000121570425,-3.409334e-06,-9.274817e-05,7.485086e-05,-1.6944048e-05,1.4588915e-05,6.451888e-05,-4.254975e-05,-0.00010811005,-1.26655805e-05,-7.7675795e-05,-3.9372717e-05,-1.3828578e-05,3.078026e-06
32,0.00035878914,8.701277e-05,3.9404462e-05,-0.00016193984,0.00078187033,-1.4459112e-05,-0.00020272536,0.0001503318,-0.00020955248,-0.00023717075,-0.00024020381,3.1265805e-05,0.00020559091,-9.8855795e-05,-9.856443e-05,2.3169796e-05,-6.627949e-05,0.00016242097,-8.595288e-05,7.669078e-06,8.076771e-05,0.00018714403,7.6940356e-05,-0.00015874908,-0.00014962163,-7.803064e-05,1.0864205e-05,0.00019151083,-7.924042e-06,9.1978225e-05,-0.00017913492,6.561078e-05,0.00041407064,2.9161576e-05,2.8088896e-05,0.00011040947,-0.00011757728,-4.9129383e-05,-0.00012515558,-9.225879e-05,3.8513375e-05,-6.583274e-05,-1.8935014e-05,1.3423703e-05,0.00011712611,1.4330569e-05,-1.1565902e-05,3.441782e-05,1.8723316e-05,3.4339617e-05
33,-3.14251e-05,-0.000106278545,-1.3695535e-05,-2.3352952e-05,-6.533146e-05,0.0004927945,-3.9151077e-05,-0.00022749907,-0.000138605,0.00018833278,-0.00018039513,-1.680451e-05,0.00010580908,0.00010643237,-7.652089e-05,6.474949e-05,4.4022745e-05,8.224926e-05,2.6964306e-05,0.00017345755,-9.918539e-05,6.6727545e-05,9.0557005e-05,-3.077697e-06,3.85284e-05,2.1869102e-05,7.747204e-05,4.5436076e-07,-4.803238e-06,7.37168e-05,-3.8576152e-05,-3.3246397e-05,2.9161576e-05,0.00015457367,-8.268318e-06,4.2233078e-05,-2.5889094e-05,-5.9976875e-05,-1.7253576e-06,-0.000107462685,-6.619783e-05,-7.706816e-06,-7.350017e-05,7.628084e-06,-1.7602397e-05,-5.3733107e-05,-6.743737e-05,-2.413277e-05,-4.72635e-05,2.1284548e-05
34,9.384028e-05,-6.23837e-06,6.869733e-05,-0.00029631142,0.00037671105,0.00042152568,-3.503245e-06,0.00014271229,0.0001832592,2.2401005e-06,0.00010586098,0.00026248943,-0.00011747047,8.156617e-06,7.2794355e-05,-0.00024352386,0.00015476842,-4.8714635e-05,0.0001349956,-0.00010981449,1.0198755e-05,0.00018754706,-8.7351655e-05,-0.000112575595,-1.4713168e-05,-1.3004585e-05,0.00010017918,3.6042347e-05,-3.2445434e-06,-9.67517e-05,9.2933326e-05,8.682358e-05,2.8088896e-05,-8.268318e-06,0.000329159,7.0538474e-05,7.079351e-05,1.7874598e-05,1.7210135e-05,6.546875e-05,0.00010970644,-0.000117078154,2.7482276e-05,-1.2882649e-05,1.1249731e-05,-0.00013692523,-7.913046e-05,1.4640403e-05,2.6946607e-05,4.468597e-05
35,0.00013011222,-0.0001157598,0.00012998992,-5.6294703e-05,1.9484754e-05,0.00032270345,-0.0002130979,0.0006348945,0.00023591594,-5.1443734e-05,-0.0002819685,0.00013736394,-0.00033436183,0.000114451555,-9.480921e-05,0.00010781086,-9.4233415e-05,4.180419e-05,-6.6665e-05,4.2489788e-05,-0.000108169086,8.802135e-05,0.00024080789,-6.251532e-05,1.5051039e-05,2.166869e-05,0.00018102527,2.7517239e-05,5.9961694e-06,-8.80683e-05,-0.000101188256,-5.658994e-05,0.00011040947,4.2233078e-05,7.0538474e-05,0.0003184549,2.6250997e-05,5.2602695e-06,-3.876734e-06,-7.0420705e-05,-1.292676e-05,-8.90432e-05,0.00013280634,-3.342849e-05,4.004795e-06,4.6490922e-07,9.404535e-06,6.394433e-05,7.9712976e-07,6.1160854e-06
36,0.00019182809,-5.1162453e-05,0.00010838581,4.71166e-06,0.00023099533,-5.2209107e-05,1.9407282e-06,0.00010752899,-0.00018268927,-4.0038292e-05,0.00019955827,-0.00014720278,-0.0002313134,3.6768288e-05,-2.4470282e-05,-0.00020652651,3.3481432e-05,-9.898111e-05,1.15992225e-05,3.344184e-05,-9.9451114e-05,-0.00021378598,0.00018640558,7.767038e-05,-4.3626736e-05,-1.3305571e-05,3.602665e-05,-8.0902e-05,-0.00012034095,-0.00014602253,0.00011047941,-0.000121570425,-0.00011757728,-2.5889094e-05,7.079351e-05,2.6250997e-05,0.00047659807,-3.3599048e-05,-3.0686362e-05,8.940004e-06,0.00010116858,3.673166e-05,-5.4057335e-05,-6.7283116e-05,-2.3219568e-06,-2.6738164e-05,1.2673814e-05,0.00012284501,8.866948e-06,4.082633e-05
37,-0.0002473626,1.40770435e-05,2.039732e-05,0.00015554861,-0.0005364377,-9.455018e-05,0.00036175846,-3.0224984e-07,7.477962e-05,-0.00039525222,-9.998932e-05,-1.7621222e-05,-0.0001814458,-0.00030071312,0.00018449359,0.00011655007,1.500872e-05,5.612278e-05,3.915141e-05,-0.0002267044,-3.7327693e-05,2.8000919e-05,1.9737665e-05,4.7701666e-05,0.00010740953,-6.603176e-05,-8.070789e-05,0.00011922261,-0.00014869528,4.6614477e-05,0.00018134585,-3.409334e-06,-4.9129383e-05,-5.9976875e-05,1.7874598e-05,5.2602695e-06,-3.3599048e-05,0.0002269151,3.2385828e-06,-9.536398e-06,-9.300776e-06,-4.829229e-05,1.6246531e-05,2.7312402e-05,-2.92558e-05,2.0804604e-05,6.4804604e-05,4.168453e-05,-2.014083e-05,-4.2452055e-05
38,-8.653125e-05,-0.00024937445,-3.356921e-05,0.00015732422,-0.0006990506,-0.00015633224,-0.00018390187,0.00027473414,0.00011528395,0.00024370299,5.4259384e-05,-6.2078936e-05,5.23476e-05,0.00013943313,3.318234e-05,-0.00016638465,5.133052e-05,5.517229e-05,-0.00012474228,-9.866292e-05,-0.000106180865,8.857035e-05,-9.044823e-05,0.00010685308,0.000108235115,0.000101171536,0.0002017784,-0.00011064294,4.8990838e-05,2.9804884e-05,2.4270623e-05,-9.274817e-05,-0.00012515558,-1.7253576e-06,1.7210135e-05,-3.876734e-06,-3.0686362e-05,3.2385828e-06,0.00023004836,5.060595e-05,-1.6132233e-05,-5.246935e-06,-7.532708e-07,-1.8168443e-05,2.6569389e-05,2.0794337e-06,-4.9974784e-05,3.096176e-05,-2.4070346e-06,-7.388635e-06
39,-3.6153848e-05,2.8522252e-05,-1.459359e-05,6.1559913e-06,9.524313e-05,-0.000104954,-5.776396e-05,0.0002484105,0.0001737288,0.00030763441,4.7346985e-05,9.696885e-05,-0.00013685989,2.8436435e-07,-2.0120238e-05,-3.5844056e-05,3.9505876e-06,-0.00023232165,-2.9120518e-05,-6.2581086e-05,7.928714e-05,-4.090098e-05,-0.00018536806,-6.1002742e-05,7.443435e-05,-0.00015818063,-9.498062e-05,-0.00010152036,0.00018335787,6.1096234e-06,6.322366e-05,7.485086e-05,-9.225879e-05,-0.000107462685,6.546875e-05,-7.0420705e-05,8.940004e-06,-9.536398e-06,5.060595e-05,0.00023122999,5.6092715e-05,-2.211857e-05,5.8449772e-05,-6.4538544e-05,4.852048e-05,7.2234843e-06,2.0140895e-05,2.695464e-05,-7.704e-06,-6.2676218e-06
40,0.00025980556,0.00011895338,-1.9278687e-05,-0.0002767227,0.0007965228,-6.527377e-05,0.00013742906,-0.00026233718,-0.00017729346,-9.601911e-05,-0.000101735364,8.466025e-06,0.00017830226,-5.7966226e-05,-0.000114027236,-0.000116704556,4.905862e-05,-5.214339e-05,0.000110071596,-5.9371374e-05,-2.4742872e-05,6.177817e-08,-6.345602e-05,-5.0017487e-05,-9.4640214e-05,2.527405e-05,4.5855195e-05,0.00010510166,2.3865861e-05,-4.6983594e-05,0.00011599773,-1.6944048e-05,3.8513375e-05,-6.619783e-05,0.00010970644,-1.292676e-05,0.00010116858,-9.300776e-06,-1.6132233e-05,5.6092715e-05,0.00028986394,-0.00011044407,-6.320069e-05,-7.846525e-05,6.311512e-05,-9.5081157e-07,7.503082e-06,-5.5729015e-06,3.2926026e-05,3.8624807e-05
41,-5.3158048e-05,-4.782171e-05,1.6911563e-06,0.00014512146,-0.00019128993,-6.2922496e-05,-0.000117124015,6.1957544e-05,-9.168118e-05,6.413864e-05,0.00023810814,-0.00013260581,5.4091048e-05,3.685658e-05,8.825866e-05,1.5741625e-05,-6.410328e-05,-0.0001080589,-2.1186577e-05,0.000100301455,-3.0020349e-06,-5.5568125e-05,6.623924e-05,3.7877664e-05,-6.200536e-06,2.0440315e-05,-5.396977e-05,-0.00010119106,-3.2100485e-05,-7.4414485e-05,-3.0063902e-05,1.4588915e-05,-6.583274e-05,-7.706816e-06,-0.000117078154,-8.90432e-05,3.673166e-05,-4.829229e-05,-5.246935e-06,-2.211857e-05,-0.00011044407,0.00015092926,-1.3924523e-06,3.8625025e-05,-4.9360857e-05,5.895603e-05,-1.2249435e-05,-2.774219e-05,3.6136735e-05,-3.206721e-06
42,1.511403e-05,-4.5291963e-05,3.8444072e-05,0.00011888893,-0.00036196545,-0.000155299,-3.235911e-05,0.00050945464,0.00040017313,-3.555129e-05,5.7226458e-05,1.6422717e-05,-0.00036535683,7.353828e-05,1.9699673e-05,-5.9348742e-05,-0.00016576162,1.18122e-06,-0.000115588846,-3.5292223e-06,1.6646965e-05,-0.00011423427,-2.6390586e-05,-5.0686336e-05,-3.2294429e-06,4.4849094e-06,0.00010365215,-2.0368036e-06,5.808997e-05,-8.656341e-05,-3.9765466e-05,6.451888e-05,-1.8935014e-05,-7.350017e-05,2.7482276e-05,0.00013280634,-5.4057335e-05,1.6246531e-05,-7.532708e-07,5.8449772e-05,-6.320069e-05,-1.3924523e-06,0.00023478866,-1.0806247e-05,-2.9331e-05,7.4197334e-05,2.009608e-05,-2.8186201e-05,4.0024483e-05,-5.4120956e-06
43,-0.00020016366,-4.2964166e-05,-3.051884e-05,-7.3671734e-05,-0.00015104984,0.0001336926,4.8823116e-05,-3.8255974e-05,6.335521e-05,0.00011278986,-0.0001441887,6.2530875e-05,-1.6164384e-05,-9.192875e-06,2.8236473e-05,0.000116473384,7.361376e-05,4.8291724e-05,0.0001396257,-5.666587e-05,4.2754058e-05,5.7449684e-05,-1.3408695e-05,4.1210216e-05,2.7238264e-05,0.000117527554,-8.834324e-06,1.167978e-05,-0.000119691395,-2.896618e-05,-3.3779885e-05,-4.254975e-05,1.3423703e-05,7.628084e-06,-1.2882649e-05,-3.342849e-05,-6.7283116e-05,2.7312402e-05,-1.8168443e-05,-6.4538544e-05,-7.846525e-05,3.8625025e-05,-1.0806247e-05,0.0001421103,-3.4732475e-06,-4.457114e-05,4.0708026e-05,-2.9398141e-05,5.6028126e-05,-2.3622862e-05
44,-7.253593e-05,-1.9828118e-05,1.3398112e-05,4.730383e-05,-0.00020125177,-0.00016584453,-0.00011269089,0.00010349545,0.00012348995,3.5035788e-05,-0.000120154175,-7.602369e-06,3.1791787e-05,4.8615668e-05,-0.00011483453,4.764864e-05,6.182014e-06,3.7303133e-05,-3.1198957e-05,-8.767212e-05,2.2580562e-05,0.00010795504,-3.025478e-05,1.721068e-05,0.00012102171,-4.0796185e-05,7.3832314e-05,1.3053673e-05,3.7404057e-05,0.00014500212,2.7034286e-05,-0.00010811005,0.00011712611,-1.7602397e-05,1.1249731e-05,4.004795e-06,-2.3219568e-06,-2.92558e-05,2.6569389e-05,4.852048e-05,6.311512e-05,-4.9360857e-05,-2.9331e-05,-3.4732475e-06,0.00016908011,8.502213e-06,1.1901035e-05,8.607125e-06,1.8347808e-05,2.1358013e-05
45,0.00016516325,-4.5506626e-05,4.5835106e-05,0.00020294443,-0.00013217701,-0.0002853393,-0.00015032152,0.00013437663,-0.00016486528,-0.00028967144,-3.6308207e-05,-0.00016030122,0.00016934096,2.3983912e-05,-9.3187286e-05,8.626916e-05,-0.0002073681,-6.2158826e-05,-0.00016415602,8.696234e-05,-0.00016660383,-9.632381e-05,0.00013840356,-7.427948e-06,2.1673896e-08,-5.5101962e-05,3.2871365e-05,9.092482e-05,4.7101166e-05,2.1722279e-05,8.298677e-05,-1.26655805e-05,1.4330569e-05,-5.3733107e-05,-0.00013692523,4.6490922e-07,-2.6738164e-05,2.0804604e-05,2.0794337e-06,7.2234843e-06,-9.5081157e-07,5.895603e-05,7.4197334e-05,-4.457114e-05,8.502213e-06,0.0002252464,2.356089e-05,-1.4236088e-05,3.103559e-05,3.475082e-05
46,1.878084e-05,4.692558e-05,7.454904e-05,-4.6545123e-05,0.00022456251,0.0001808565,-2.0107509e-05,8.607789e-05,1.1774953e-05,-0.00014419148,-0.00019354351,8.2081504e-05,-9.035446e-05,-0.00015379931,-1.5109172e-05,5.051312e-05,-5.099726e-05,3.8765356e-05,-5.016815e-05,-6.9209666e-05,2.0329448e-05,-7.187622e-05,3.436188e-05,8.644718e-06,3.4329978e-06,-7.862696e-06,-0.0001451537,-6.679901e-06,-2.708834e-05,1.1044378e-05,-3.0029922e-05,-7.7675795e-05,-1.1565902e-05,-6.743737e-05,-7.913046e-05,9.404535e-06,1.2673814e-05,6.4804604e-05,-4.9974784e-05,2.0140895e-05,7.503082e-06,-1.2249435e-05,2.009608e-05,4.0708026e-05,1.1901035e-05,2.356089e-05,0.00015458972,5.58316e-05,6.221581e-06,-5.33113e-05
47,0.000102814556,9.954099e-06,5.9124155e-05,-2.9434153e-05,0.0003392247,5.2195617e-05,1.0463518e-05,0.00012711054,-0.00010196841,-6.7499175e-05,-0.00014430599,4.8160175e-05,-6.686453e-05,1.2585794e-05,-0.00014261593,2.3276702e-05,-1.934867e-05,-6.550089e-05,-0.00015523813,-7.865635e-05,5.0455897e-06,-6.161367e-05,6.152864e-05,3.5119807e-05,-7.846697e-05,-7.93637e-05,-5.834813e-05,2.4466553e-06,8.18042e-06,-1.050342e-05,-7.82112e-05,-3.9372717e-05,3.441782e-05,-2.413277e-05,1.4640403e-05,6.394433e-05,0.00012284501,4.168453e-05,3.096176e-05,2.695464e-05,-5.5729015e-06,-2.774219e-05,-2.8186201e-05,-2.9398141e-05,8.607125e-06,-1.4236088e-05,5.58316e-05,0.00020392967,-4.562066e-05,-1.573553e-05
48,6.0929182e-05,1.4941322e-05,-1.6635775e-05,-8.945266e-05,-1.38673595e-05,0.00015484789,-1.5065933e-05,2.681315e-06,0.000105857485,7.505533e-06,6.114124e-06,0.00012474952,-3.1363757e-05,4.163725e-05,-3.62473e-05,-9.5343355e-05,-4.9039292e-05,3.3020956e-06,6.6687586e-05,7.088651e-05,-1.1374781e-05,4.0987878e-05,1.7269847e-05,-4.2647567e-05,1.3549192e-05,8.0105565e-05,7.0986105e-05,-1.5438423e-05,-6.4787346e-05,-0.00010289927,3.0252144e-05,-1.3828578e-05,1.8723316e-05,-4.72635e-05,2.6946607e-05,7.9712976e-07,8.866948e-06,-2.014083e-05,-2.4070346e-06,-7.704e-06,3.2926026e-05,3.6136735e-05,4.0024483e-05,5.6028126e-05,1.8347808e-05,3.103559e-05,6.221581e-06,-4.562066e-05,0.000103920225,1.310733e-05
49,0.0001444765,6.382407e-05,-6.293454e-05,-3.6867124e-05,0.00016019787,-0.0003417072,3.698204e-05,-0.00014982893,-9.540349e-05,-6.0313123e-05,6.831826e-06,3.8148595e-05,8.474774e-05,0.00012402478,-9.813159e-05,1.0776934e-05,5.42023e-06,-5.152019e-05,3.2619814e-06,5.813329e-05,-9.469075e-05,5.7810277e-05,6.594753e-05,-1.6417036e-05,-3.2070166e-05,2.917392e-06,7.366898e-05,4.2919386e-05,3.6358644e-05,-1.7989056e-05,3.912112e-05,3.078026e-06,3.4339617e-05,2.1284548e-05,4.468597e-05,6.1160854e-06,4.082633e-05,-4.2452055e-05,-7.388635e-06,-6.2676218e-06,3.8624807e-05,-3.206721e-06,-5.4120956e-06,-2.3622862e-05,2.1358013e-05,3.475082e-05,-5.33113e-05,-1.573553e-05,1.310733e-05,6.188919e-05
