,0,1,2,3,4,5,6,7,8,9,10,11,12,13,14,15,16,17,18,19,20,21,22,23,24,25,26,27,28,29,30,31,32,33,34,35,36,37,38,39,40,41,42,43,44,45
0,89.523445,110.791824,12.190547,36.491226,13.847367,32.092697,3.320377,-1.5859156,4.1993012,-10.022396,1.5884085,0.3895242,-2.139757,-1.5782189,-1.7089312,-1.7048254,2.1601868,1.3054584,0.44914448,-1.2897499,-0.54594886,1.0762162,-1.8228103,-1.1523533,0.19728251,-1.4445542,-0.7663373,0.20070651,1.6348748,3.3744023,0.8844499,0.33917618,0.3191455,1.2659831,0.59251606,0.30750698,-0.10324,1.4336815,0.078723475,0.7950204,0.702508,-0.29657376,0.64406997,-4.3961808e-07,5.5054787e-08,5.344993e-08
1,110.791824,215.78413,44.31135,15.82158,-4.7766256,0.39638203,2.098899,2.5244634,7.9535465,-0.36377555,-4.688808,-0.176736,-1.8711812,-5.0349455,0.62544084,-0.4968022,-2.8607893,3.983014,0.5599246,0.5259228,3.3360128,4.1429954,-3.3220077,-0.31110322,3.728077,1.714844,-2.445502,2.1130168,-4.8678455,2.3031032,1.1002913,0.17049375,-0.7921777,-0.8011905,-0.18564016,1.7833991,0.36161637,1.2020822,0.4751609,0.4459672,-0.09954483,0.3953628,0.9951476,-2.648822e-07,-1.1977357e-07,6.791433e-08
2,12.190547,44.31135,37.384064,-35.34874,8.497412,-0.4239012,8.076565,-7.6886473,-3.23742,3.6234725,-4.424398,-10.593849,2.1552908,-3.207635,-0.20566598,2.5442045,-1.1760025,4.956456,1.257901,0.11539762,-2.2973814,2.1856682,-0.19415921,0.70464045,1.4243598,1.2776555,0.5595726,1.669128,-0.95084405,2.4174924,-0.22374624,0.05634222,0.07945591,0.4012888,-0.68815446,-0.15174551,-0.16800913,0.54834366,0.20501533,-0.39833075,-0.38069937,0.068708256,0.05204644,-1.7654935e-07,1.2847818e-07,4.081151e-08
3,36.491226,15.82158,-35.34874,76.96647,-0.698786,9.991129,-2.496341,16.474821,5.4843025,-3.6062093,3.276876,4.9043655,-2.963767,5.3660746,0.37453973,4.390951,3.9350562,-1.2433786,-3.3474207,-2.6782708,0.17163345,-3.9330707,-0.4685115,-0.64648306,-1.3681539,-2.5964706,-2.821471,0.8208069,2.4657826,-1.7581077,-1.0510446,-2.0679355,-0.18966003,0.9781376,0.9968222,-0.02822354,-0.6512931,-0.7431835,-0.6348077,-0.6783286,0.26713818,-0.5236475,-0.50486505,-5.5616894e-08,-1.5298386e-07,4.669161e-08
4,13.847367,-4.7766256,8.497412,-0.698786,44.30714,9.41548,2.3177495,-3.2034883,-4.460286,3.1737661,6.3526483,-4.274756,-9.110357,-4.351442,-0.7372714,5.3781977,0.50174963,1.4256122,1.0040779,-1.8034179,-4.5152845,2.537657,-2.1220372,3.3755517,1.9408946,-4.192919,-1.6765072,-1.436141,3.8045492,1.4056666,1.5312843,1.6166885,1.1259811,1.8353796,0.22632436,-0.6700212,0.52725536,1.0809429,-2.437698,1.7479948,1.9395634,-2.190967,-0.71002936,7.2287456e-08,1.0099435e-08,1.3893191e-08
5,32.092697,0.39638203,-0.4239012,9.991129,9.41548,52.337013,6.588928,-8.477207,-3.3394208,-6.8986998,3.9493327,0.22189128,3.1088629,3.6248245,-1.6023629,-6.974368,-2.0068963,-1.042004,0.3388008,-3.8059099,-5.7014294,-0.097928375,-0.35605696,-4.05013,-2.5006151,2.0864787,3.3498683,-0.3589302,3.4878201,2.5381885,0.27075845,-0.45557743,1.4511113,1.6265421,-1.8096297,1.0316164,0.55468553,0.5964111,0.36173713,-0.28504163,-0.23588082,0.8232618,0.24534214,-7.346375e-07,4.6659966e-07,6.0399405e-09
6,3.320377,2.098899,8.076565,-2.496341,2.3177495,6.588928,35.366642,-1.0090909,-3.1609378,4.9824486,-6.0173397,-2.5858183,-3.4206266,-1.184776,3.0200663,-3.5184817,7.5053577,2.9543772,-2.2017603,-1.4989045,0.1242031,-5.2223873,-1.8133962,2.0004516,-2.0402107,-0.97132814,1.8051553,0.8226948,0.10769495,-3.5436714,0.1007478,-0.40007693,0.23255432,0.5537257,-1.7776034,0.1409426,-1.3805215,-0.8915465,0.1886612,0.25043768,0.31979817,1.0204504,1.1892893,-3.636162e-07,2.8853577e-07,1.3131438e-07
7,-1.5859156,2.5244634,-7.6886473,16.474821,-3.2034883,-8.477207,-1.0090909,21.28968,1.4861114,10.921375,0.31968266,-3.4621925,2.3926659,1.8502598,3.523374,-1.5795214,-2.872284,1.3079553,3.6601105,-2.5753949,-0.5992364,-2.3211818,-0.20489734,-1.947639,1.3699372,-2.6033902,0.15426764,-0.8500389,0.5571459,-0.20516557,0.61475545,1.4820194,-0.7553489,-0.55851895,-0.07196444,-1.0279365,-1.2465951,0.5366329,0.42571008,0.015835283,-0.36583298,0.046192992,-0.30851132,-2.1022642e-07,-2.2806637e-07,-1.875907e-07
8,4.1993012,7.9535465,-3.23742,5.4843025,-4.460286,-3.3394208,-3.1609378,1.4861114,5.96789,-1.8784869,2.0618663,-1.9938631,1.2781961,1.991371,-3.7415462,-0.15629289,2.5008845,-1.0069215,1.6113479,-0.50571096,2.8324962,0.45487466,-0.30212462,2.3938441,0.16503832,0.38614058,0.52823836,-2.0244622,0.18391477,-0.35219902,0.9289908,-0.07290387,-1.6345395,-0.51738405,0.27494648,0.4300754,0.3973956,0.49765006,0.22355402,-0.04864619,-0.2182492,0.72738445,0.28572583,1.6780004e-07,-5.8820348e-08,9.526573e-09
9,-10.022396,-0.36377555,3.6234725,-3.6062093,3.1737661,-6.8986998,4.9824486,10.921375,-1.8784869,21.601482,4.323385,-1.4706956,-2.3256097,-0.50111216,-2.4716573,-1.8975666,-3.8206701,0.09906305,0.62729347,-1.3108909,-0.049079463,0.5402569,-3.1553519,-0.36925542,-0.66313326,0.42673293,-0.34089205,1.2282099,-0.18200627,-0.74276817,-0.08705428,-0.7858322,1.2556531,1.1164116,-1.5466998,0.71708006,-0.63923424,0.17314827,-0.19498861,0.07267368,-1.8365443,0.3069306,-0.7947725,-1.01407096e-07,-2.5057503e-07,-2.1130055e-07
10,1.5884085,-4.688808,-4.424398,3.276876,6.3526483,3.9493327,-6.0173397,0.31968266,2.0618663,4.323385,22.382952,0.3578215,2.7012658,-1.3327174,1.8607334,-3.094921,-0.34079275,2.4751656,-0.2930153,-0.63128805,0.72942376,1.3175709,-2.304038,4.4431086,-3.595276,2.2605438,-0.68705523,0.10789447,-1.1181517,1.4797256,1.4476608,-0.9274281,0.5002352,-0.96763444,1.1636711,-0.050730176,0.264968,0.06317515,0.0012048243,0.020475559,0.6446153,-0.20811352,0.19300511,1.728744e-07,1.5247446e-07,6.319178e-08
11,0.3895242,-0.176736,-10.593849,4.9043655,-4.274756,0.22189128,-2.5858183,-3.4621925,-1.9938631,-1.4706956,0.3578215,21.422373,-3.4449255,-2.8098164,-0.7061345,-1.427679,-2.1467605,0.88065004,-2.526328,3.9918404,-1.1322305,1.759196,-2.6819324,-0.8522905,0.18052927,0.3151775,0.483176,-0.103925854,-0.7054117,-2.4784818,0.76280963,2.4985404,1.6429391,-0.66733205,-0.2705735,0.5613556,-1.4287138,0.24470979,0.34345388,-0.011131758,0.2001124,0.64260375,0.070579365,1.1066494e-07,-1.8544344e-07,-5.709864e-08
12,-2.139757,-1.8711812,2.1552908,-2.963767,-9.110357,3.1088629,-3.4206266,2.3926659,1.2781961,-2.3256097,2.7012658,-3.4449255,17.02477,-3.2063737,0.1581965,2.5100155,0.26435918,-1.6864992,-0.056324676,-2.9567788,-3.3914793,0.23585486,-1.2633231,-0.6587073,-0.46944535,-1.22731,1.4990647,0.9491119,-1.2656634,0.44448274,0.9263635,-0.6193864,-0.10134946,-0.5220738,0.66662526,-1.2436959,-1.2390234,0.36303946,0.9237993,-0.9792886,-0.18671787,1.671668,0.90968156,-3.9417266e-08,1.6405227e-07,4.444536e-08
13,-1.5782189,-5.0349455,-3.207635,5.3660746,-4.351442,3.6248245,-1.184776,1.8502598,1.991371,-0.50111216,-1.3327174,-2.8098164,-3.2063737,12.147633,-5.0858755,0.25119826,-1.2751726,3.828052,1.4105887,-2.6632328,-0.3223468,-0.2750146,2.0138414,0.45166805,-0.28671074,2.3143811,1.550895,0.30712724,-1.2427175,-0.5087859,-1.122556,1.1912374,-0.39655024,-1.0081186,-1.4022274,-0.028260004,0.97634953,-0.59117585,0.24535877,-0.202115,0.31469107,-0.7628847,-0.061018385,1.3928618e-09,2.4327596e-07,1.1050692e-07
14,-1.7089312,0.62544084,-0.20566598,0.37453973,-0.7372714,-1.6023629,3.0200663,3.523374,-3.7415462,-2.4716573,1.8607334,-0.7061345,0.1581965,-5.0858755,19.260134,0.66167104,-2.9324865,1.2751675,0.40351036,-0.3456218,0.120214164,-1.9780447,1.101871,-1.3679138,-0.9925291,1.0990003,-0.98566186,-1.2075,0.63984865,-0.10843098,-0.6338079,0.44460768,-0.353885,-0.72798604,0.27239957,1.1456041,0.75555706,-0.8689844,0.1891205,-0.34312612,1.266612,0.03779775,0.32649076,-2.5826955e-07,1.3303588e-07,4.9136602e-08
15,-1.7048254,-0.4968022,2.5442045,4.390951,5.3781977,-6.974368,-3.5184817,-1.5795214,-0.15629289,-1.8975666,-3.094921,-1.427679,2.5100155,0.25119826,0.66167104,16.358406,1.1587267,1.1719362,-0.5174805,-1.5076079,-1.944011,1.9192166,-0.4414608,0.97241575,-2.1470637,0.46994942,-1.006592,1.2255356,0.6901202,-1.1398263,-0.8534142,1.2273326,-0.03059573,1.0216863,-0.5740863,1.2151539,-0.16103399,0.23000643,-0.037310272,-0.07266882,-0.09564969,0.45615074,-0.3034865,3.022097e-07,-3.11606e-08,1.3593316e-07
16,2.1601868,-2.8607893,-1.1760025,3.9350562,0.50174963,-2.0068963,7.5053577,-2.872284,2.5008845,-3.8206701,-0.34079275,-2.1467605,0.26435918,-1.2751726,-2.9324865,1.1587267,7.799379,0.33028316,-0.30030352,1.5737834,1.9373024,-2.218678,-0.23884639,2.4382043,-1.6738639,-1.333319,-0.39858145,0.4498198,0.61159545,-0.23637433,1.4392885,0.0712657,-0.67077816,0.63215333,1.0867655,-0.56794834,-0.17543444,-0.23807898,0.7609806,0.082833074,-0.35425267,0.24464685,0.28267,1.4586978e-07,-4.045853e-08,4.5520714e-08
17,1.3054584,3.983014,4.956456,-1.2433786,1.4256122,-1.042004,2.9543772,1.3079553,-1.0069215,0.09906305,2.4751656,0.88065004,-1.6864992,3.828052,1.2751675,1.1719362,0.33028316,10.922125,-0.061569005,1.572464,-1.6836491,-0.76149905,0.9543947,2.0097756,0.115282655,1.2514529,1.252312,0.7680735,0.70419204,1.0876901,-0.9478509,1.7842861,0.08300437,-1.5807068,0.97839296,-0.80439186,-1.558368,-0.28834134,0.2613746,-1.3953508,-0.18458597,0.023425315,-0.3997762,-5.2522488e-08,-9.7232224e-08,3.0797914e-08
18,0.44914448,0.5599246,1.257901,-3.3474207,1.0040779,0.3388008,-2.2017603,3.6601105,1.6113479,0.62729347,-0.2930153,-2.526328,-0.056324676,1.4105887,0.40351036,-0.5174805,-0.30030352,-0.061569005,4.918802,0.02628856,1.124805,0.17003474,-0.06256339,-0.68615764,-0.5532569,-0.06388031,0.5049625,-1.9704294,0.7984045,0.72837484,0.8978442,2.3441076,-0.80232203,0.8099686,-0.66738605,-0.34463698,0.39636385,1.0255126,1.6729057,0.14284214,0.218534,-0.26968092,0.044658627,-1.0318578e-07,-5.6669997e-08,-1.1107152e-07
19,-1.2897499,0.5259228,0.11539762,-2.6782708,-1.8034179,-3.8059099,-1.4989045,-2.5753949,-0.50571096,-1.3108909,-0.63128805,3.9918404,-2.9567788,-2.6632328,-0.3456218,-1.5076079,1.5737834,1.572464,0.02628856,5.4714055,0.6639334,-0.6035544,0.6206012,-0.3099636,-0.2164048,0.79289997,-1.4911776,0.29533708,0.9247768,0.88700664,0.71627057,-0.47624308,-0.64547884,0.66843486,0.507126,-0.39497805,-1.0374482,0.56683326,1.1379751,-0.6798049,-0.510753,-0.40189877,-0.88805115,-1.9678266e-09,-2.0583343e-07,-1.030362e-07
20,-0.54594886,3.3360128,-2.2973814,0.17163345,-4.5152845,-5.7014294,0.1242031,-0.5992364,2.8324962,-0.049079463,0.72942376,-1.1322305,-3.3914793,-0.3223468,0.120214164,-1.944011,1.9373024,-1.6836491,1.124805,0.6639334,7.1266303,0.018489307,-0.08638576,0.6144597,-2.0482938,0.39218295,0.1548608,-1.3450272,0.06007152,0.62838364,-2.115563,0.4177296,0.46881288,0.7850232,1.0412977,0.24672918,0.6550554,0.42883185,-0.24897923,0.5948297,-0.33544064,0.4112693,0.6934432,9.883584e-08,-3.1806854e-07,-8.1771546e-08
21,1.0762162,4.1429954,2.1856682,-3.9330707,2.537657,-0.097928375,-5.2223873,-2.3211818,0.45487466,0.5402569,1.3175709,1.759196,0.23585486,-0.2750146,-1.9780447,1.9192166,-2.218678,-0.76149905,0.17003474,-0.6035544,0.018489307,3.9245358,-1.364273,0.83234525,0.5181868,-0.4947372,0.5310002,-1.0586914,0.54792815,0.208356,-1.4421023,-0.4274025,0.46665025,-0.57321227,-0.60210955,0.996952,-0.3163736,-0.1858804,0.704393,0.35662442,0.009575071,-0.25341496,0.36117473,6.857302e-08,2.1894489e-07,6.688927e-08
22,-1.8228103,-3.3220077,-0.19415921,-0.4685115,-2.1220372,-0.35605696,-1.8133962,-0.20489734,-0.30212462,-3.1553519,-2.304038,-2.6819324,-1.2633231,2.0138414,1.101871,-0.4414608,-0.23884639,0.9543947,-0.06256339,0.6206012,-0.08638576,-1.364273,3.3543293,-1.1593127,-0.2541275,0.68893373,-0.2670536,0.6511209,-0.023516934,1.0825841,0.113873735,-0.3132462,-1.0242095,-1.0357628,0.28425106,0.10725199,-0.39769393,0.24616939,-0.7780806,0.94561267,-0.0438079,-0.35491124,-0.5354495,3.8283474e-09,-1.3786821e-08,4.0477307e-08
23,-1.1523533,-0.31110322,0.70464045,-0.64648306,3.3755517,-4.05013,2.0004516,-1.947639,2.3938441,-0.36925542,4.4431086,-0.8522905,-0.6587073,0.45166805,-1.3679138,0.97241575,2.4382043,2.0097756,-0.68615764,-0.3099636,0.6144597,0.83234525,-1.1593127,4.259057,0.58471507,0.12771341,0.21719809,-1.1341186,0.031560093,-0.94879675,0.2979105,-0.6393392,-0.7023174,-0.9127016,0.24377333,0.20167226,0.09497928,-0.45617753,-0.11994183,-0.460266,0.5076448,0.07959344,0.31946877,1.7947553e-07,1.4388962e-07,1.14286635e-07
24,0.19728251,3.728077,1.4243598,-1.3681539,1.9408946,-2.5006151,-2.0402107,1.3699372,0.16503832,-0.66313326,-3.595276,0.18052927,-0.46944535,-0.28671074,-0.9925291,-2.1470637,-1.6738639,0.115282655,-0.5532569,-0.2164048,-2.0482938,0.5181868,-0.2541275,0.58471507,5.3709526,-1.5179968,0.32260275,-1.4616036,0.6035191,-0.593426,0.3512485,-0.5955757,-0.4787614,-0.7120615,0.41573125,-0.5595257,0.6051295,-0.6284621,-0.83929664,-1.3386903,0.19100106,-0.08061352,-0.22369608,-3.3433412e-08,-4.0354756e-08,-4.1840245e-08
25,-1.4445542,1.714844,1.2776555,-2.5964706,-4.192919,2.0864787,-0.97132814,-2.6033902,0.38614058,0.42673293,2.2605438,0.3151775,-1.22731,2.3143811,1.0990003,0.46994942,-1.333319,1.2514529,-0.06388031,0.79289997,0.39218295,-0.4947372,0.68893373,0.12771341,-1.5179968,4.631435,-0.34876138,0.08932074,-0.751827,-0.4315297,0.13443561,-0.5464239,-0.76272666,0.66059613,-0.9423808,0.7062617,0.6274079,0.81972045,-0.5044392,-1.012995,0.024778243,0.6222992,-0.5836321,-1.489126e-08,-1.04261474e-07,-1.9324924e-08
26,-0.7663373,-2.445502,0.5595726,-2.821471,-1.6765072,3.3498683,1.8051553,0.15426764,0.52823836,-0.34089205,-0.68705523,0.483176,1.4990647,1.550895,-0.98566186,-1.006592,-0.39858145,1.252312,0.5049625,-1.4911776,0.1548608,0.5310002,-0.2670536,0.21719809,0.32260275,-0.34876138,2.130376,-0.9432326,0.43482602,-0.05886109,-0.6259736,1.0989336,0.30181003,-0.8688569,0.058978125,0.23296916,-0.34650642,-0.012877222,-0.20372632,0.1140984,-0.28382203,0.8309612,0.5175793,-4.392544e-08,-6.4651053e-09,3.497261e-09
27,0.20070651,2.1130168,1.669128,0.8208069,-1.436141,-0.3589302,0.8226948,-0.8500389,-2.0244622,1.2282099,0.10789447,-0.103925854,0.9491119,0.30712724,-1.2075,1.2255356,0.4498198,0.7680735,-1.9704294,0.29533708,-1.3450272,-1.0586914,0.6511209,-1.1341186,-1.4616036,0.08932074,-0.9432326,3.4973907,-1.6097274,0.5606698,0.31178957,-0.21855202,1.0664691,0.085239425,0.42718953,-0.4189468,0.008001932,-0.75793123,-0.1053581,0.37547994,-0.5746741,-0.46644843,-0.29825547,5.6448176e-08,1.8719259e-08,3.7975624e-08
28,1.6348748,-4.8678455,-0.95084405,2.4657826,3.8045492,3.4878201,0.10769495,0.5571459,0.18391477,-0.18200627,-1.1181517,-0.7054117,-1.2656634,-1.2427175,0.63984865,0.6901202,0.61159545,0.70419204,0.7984045,0.9247768,0.06007152,0.54792815,-0.023516934,0.031560093,0.6035191,-0.751827,0.43482602,-1.6097274,3.4162998,0.90352076,-0.44575715,-0.30397022,-0.46266574,0.21690431,0.3143056,0.96941304,-0.50395656,0.012783958,0.4046895,-0.38658077,-1.0266426,0.43638754,-0.41714343,-9.8276544e-08,-9.21051e-08,-6.822042e-08
29,3.3744023,2.3031032,2.4174924,-1.7581077,1.4056666,2.5381885,-3.5436714,-0.20516557,-0.35219902,-0.74276817,1.4797256,-2.4784818,0.44448274,-0.5087859,-0.10843098,-1.1398263,-0.23637433,1.0876901,0.72837484,0.88700664,0.62838364,0.208356,1.0825841,-0.94879675,-0.593426,-0.4315297,-0.05886109,0.5606698,0.90352076,2.522726,-0.5375942,0.062557,0.384928,-0.024906974,1.1313186,-0.29528904,-0.24565506,0.09899684,0.20041066,0.30284864,-0.68871516,-0.29729867,-0.2165937,-4.8794377e-08,-8.6107256e-08,-5.314213e-08
30,0.8844499,1.1002913,-0.22374624,-1.0510446,1.5312843,0.27075845,0.1007478,0.61475545,0.9289908,-0.08705428,1.4476608,0.76280963,0.9263635,-1.122556,-0.6338079,-0.8534142,1.4392885,-0.9478509,0.8978442,0.71627057,-2.115563,-1.4421023,0.113873735,0.2979105,0.3512485,0.13443561,-0.6259736,0.31178957,-0.44575715,-0.5375942,4.4775147,1.0686438,-1.255124,-0.34970143,-0.11229567,0.30549425,0.8169708,0.0373738,0.120788485,0.49730462,-0.30484116,0.18128614,-0.6001015,9.018019e-08,-1.5122554e-08,-2.5883693e-08
31,0.33917618,0.17049375,0.05634222,-2.0679355,1.6166885,-0.45557743,-0.40007693,1.4820194,-0.07290387,-0.7858322,-0.9274281,2.4985404,-0.6193864,1.1912374,0.44460768,1.2273326,0.0712657,1.7842861,2.3441076,-0.47624308,0.4177296,-0.4274025,-0.3132462,-0.6393392,-0.5955757,-0.5464239,1.0989336,-0.21855202,-0.30397022,0.062557,1.0686438,4.2920785,0.8176526,0.1551148,0.5520457,-0.42335236,0.8097398,0.25764787,0.07991998,0.45754355,-0.021367587,0.330269,0.28715962,5.7396207e-08,-2.42571e-07,-8.16996e-08
32,0.3191455,-0.7921777,0.07945591,-0.18966003,1.1259811,1.4511113,0.23255432,-0.7553489,-1.6345395,1.2556531,0.5002352,1.6429391,-0.10134946,-0.39655024,-0.353885,-0.03059573,-0.67077816,0.08300437,-0.80232203,-0.64547884,0.46881288,0.46665025,-1.0242095,-0.7023174,-0.4787614,-0.76272666,0.30181003,1.0664691,-0.46266574,0.384928,-1.255124,0.8176526,1.9208287,0.56335795,0.63963485,-0.42888635,0.4919095,-0.6030427,-0.16744246,-0.098712355,-0.23870704,-0.08751632,0.37927258,-2.634649e-09,-7.670623e-08,-3.3760678e-08
33,1.2659831,-0.8011905,0.4012888,0.9781376,1.8353796,1.6265421,0.5537257,-0.55851895,-0.51738405,1.1164116,-0.96763444,-0.66733205,-0.5220738,-1.0081186,-0.72798604,1.0216863,0.63215333,-1.5807068,0.8099686,0.66843486,0.7850232,-0.57321227,-1.0357628,-0.9127016,-0.7120615,0.66059613,-0.8688569,0.085239425,0.21690431,-0.024906974,-0.34970143,0.1551148,0.56335795,2.6306086,-0.19303373,-0.85147023,0.6857127,0.82592523,0.17334118,-1.068881,0.0884884,0.037241906,-0.18098515,-6.956001e-08,-2.3268575e-07,-1.2912963e-07
34,0.59251606,-0.18564016,-0.68815446,0.9968222,0.22632436,-1.8096297,-1.7776034,-0.07196444,0.27494648,-1.5466998,1.1636711,-0.2705735,0.66662526,-1.4022274,0.27239957,-0.5740863,1.0867655,0.97839296,-0.66738605,0.507126,1.0412977,-0.60210955,0.28425106,0.24377333,0.41573125,-0.9423808,0.058978125,0.42718953,0.3143056,1.1313186,-0.11229567,0.5520457,0.63963485,-0.19303373,1.9062632,-0.5603357,0.32684156,-0.3604389,-0.77213514,-0.21992975,-0.54430723,0.31107295,0.039434694,7.973455e-08,-2.3826904e-07,-5.3602392e-08
35,0.30750698,1.7833991,-0.15174551,-0.02822354,-0.6700212,1.0316164,0.1409426,-1.0279365,0.4300754,0.71708006,-0.050730176,0.5613556,-1.2436959,-0.028260004,1.1456041,1.2151539,-0.56794834,-0.80439186,-0.34463698,-0.39497805,0.24672918,0.996952,0.10725199,0.20167226,-0.5595257,0.7062617,0.23296916,-0.4189468,0.96941304,-0.29528904,0.30549425,-0.42335236,-0.42888635,-0.85147023,-0.5603357,2.1909053,0.3604579,-0.6907073,0.117906205,0.7243276,-0.88867,0.43399268,-0.1431286,3.7839925e-08,1.2344141e-07,5.7985105e-08
36,-0.10324,0.36161637,-0.16800913,-0.6512931,0.52725536,0.55468553,-1.3805215,-1.2465951,0.3973956,-0.63923424,0.264968,-1.4287138,-1.2390234,0.97634953,0.75555706,-0.16103399,-0.17543444,-1.558368,0.39636385,-1.0374482,0.6550554,-0.3163736,-0.39769393,0.09497928,0.6051295,0.6274079,-0.34650642,0.008001932,-0.50395656,-0.24565506,0.8169708,0.8097398,0.4919095,0.6857127,0.32684156,0.3604579,2.8075657,-1.1360118,-0.17909387,-0.6256319,-0.2238599,-0.09699021,0.05040148,5.5371387e-08,-2.0334287e-08,-2.8384456e-08
37,1.4336815,1.2020822,0.54834366,-0.7431835,1.0809429,0.5964111,-0.8915465,0.5366329,0.49765006,0.17314827,0.06317515,0.24470979,0.36303946,-0.59117585,-0.8689844,0.23000643,-0.23807898,-0.28834134,1.0255126,0.56683326,0.42883185,-0.1858804,0.24616939,-0.45617753,-0.6284621,0.81972045,-0.012877222,-0.75793123,0.012783958,0.09899684,0.0373738,0.25764787,-0.6030427,0.82592523,-0.3604389,-0.6907073,-1.1360118,2.072549,-0.71570957,0.2112719,0.60176057,0.42837405,-0.15323928,-2.5958267e-08,-2.073896e-07,-7.041285e-08
38,0.078723475,0.4751609,0.20501533,-0.6348077,-2.437698,0.36173713,0.1886612,0.42571008,0.22355402,-0.19498861,0.0012048243,0.34345388,0.9237993,0.24535877,0.1891205,-0.037310272,0.7609806,0.2613746,1.6729057,1.1379751,-0.24897923,0.704393,-0.7780806,-0.11994183,-0.83929664,-0.5044392,-0.20372632,-0.1053581,0.4046895,0.20041066,0.120788485,0.07991998,-0.16744246,0.17334118,-0.77213514,0.117906205,-0.17909387,-0.71570957,2.9122908,-0.35195255,-0.116468534,-0.7900929,0.18104248,-9.3943584e-08,3.066785e-07,2.914825e-08
39,0.7950204,0.4459672,-0.39833075,-0.6783286,1.7479948,-0.28504163,0.25043768,0.015835283,-0.04864619,0.07267368,0.020475559,-0.011131758,-0.9792886,-0.202115,-0.34312612,-0.07266882,0.082833074,-1.3953508,0.14284214,-0.6798049,0.5948297,0.35662442,0.94561267,-0.460266,-1.3386903,-1.012995,0.1140984,0.37547994,-0.38658077,0.30284864,0.49730462,0.45754355,-0.098712355,-1.068881,-0.21992975,0.7243276,-0.6256319,0.2112719,-0.35195255,2.360515,0.05397702,-0.29774553,0.19719285,8.1936534e-08,1.1856601e-07,7.495942e-08
40,0.702508,-0.09954483,-0.38069937,0.26713818,1.9395634,-0.23588082,0.31979817,-0.36583298,-0.2182492,-1.8365443,0.6446153,0.2001124,-0.18671787,0.31469107,1.266612,-0.09564969,-0.35425267,-0.18458597,0.218534,-0.510753,-0.33544064,0.009575071,-0.0438079,0.5076448,0.19100106,0.024778243,-0.28382203,-0.5746741,-1.0266426,-0.68871516,-0.30484116,-0.021367587,-0.23870704,0.0884884,-0.54430723,-0.88867,-0.2238599,0.60176057,-0.116468534,0.05397702,1.621171,-0.5798253,0.3954014,-1.7211283e-08,1.5838454e-07,6.495313e-08
41,-0.29657376,0.3953628,0.068708256,-0.5236475,-2.190967,0.8232618,1.0204504,0.046192992,0.72738445,0.3069306,-0.20811352,0.64260375,1.671668,-0.7628847,0.03779775,0.45615074,0.24464685,0.023425315,-0.26968092,-0.40189877,0.4112693,-0.25341496,-0.35491124,0.07959344,-0.08061352,0.6222992,0.8309612,-0.46644843,0.43638754,-0.29729867,0.18128614,0.330269,-0.08751632,0.037241906,0.31107295,0.43399268,-0.09699021,0.42837405,-0.7900929,-0.29774553,-0.5798253,1.2600808,0.044190012,1.3144168e-08,-1.955568e-07,-4.805691e-08
42,0.64406997,0.9951476,0.05204644,-0.50486505,-0.71002936,0.24534214,1.1892893,-0.30851132,0.28572583,-0.7947725,0.19300511,0.070579365,0.90968156,-0.061018385,0.32649076,-0.3034865,0.28267,-0.3997762,0.044658627,-0.88805115,0.6934432,0.36117473,-0.5354495,0.31946877,-0.22369608,-0.5836321,0.5175793,-0.29825547,-0.41714343,-0.2165937,-0.6001015,0.28715962,0.37927258,-0.18098515,0.039434694,-0.1431286,0.05040148,-0.15323928,0.18104248,0.19719285,0.3954014,0.044190012,0.64907354,-2.1752578e-09,1.3327488e-07,4.5185075e-08
43,-4.3961808e-07,-2.648822e-07,-1.7654935e-07,-5.5616894e-08,7.2287456e-08,-7.346375e-07,-3.636162e-07,-2.1022642e-07,1.6780004e-07,-1.01407096e-07,1.728744e-07,1.1066494e-07,-3.9417266e-08,1.3928618e-09,-2.5826955e-07,3.022097e-07,1.4586978e-07,-5.2522488e-08,-1.0318578e-07,-1.9678266e-09,9.883584e-08,6.857302e-08,3.8283474e-09,1.7947553e-07,-3.3433412e-08,-1.489126e-08,-4.392544e-08,5.6448176e-08,-9.8276544e-08,-4.8794377e-08,9.018019e-08,5.7396207e-08,-2.634649e-09,-6.956001e-08,7.973455e-08,3.7839925e-08,5.5371387e-08,-2.5958267e-08,-9.3943584e-08,8.1936534e-08,-1.7211283e-08,1.3144168e-08,-2.1752578e-09,3.4085355e-14,-9.813046e-15,5.946425e-15
44,5.5054787e-08,-1.1977357e-07,1.2847818e-07,-1.5298386e-07,1.0099435e-08,4.6659966e-07,2.8853577e-07,-2.2806637e-07,-5.8820348e-08,-2.5057503e-07,1.5247446e-07,-1.8544344e-07,1.6405227e-07,2.4327596e-07,1.3303588e-07,-3.11606e-08,-4.045853e-08,-9.7232224e-08,-5.6669997e-08,-2.0583343e-07,-3.1806854e-07,2.1894489e-07,-1.3786821e-08,1.4388962e-07,-4.0354756e-08,-1.04261474e-07,-6.4651053e-09,1.8719259e-08,-9.21051e-08,-8.6107256e-08,-1.5122554e-08,-2.42571e-07,-7.670623e-08,-2.3268575e-07,-2.3826904e-07,1.2344141e-07,-2.0334287e-08,-2.073896e-07,3.066785e-07,1.1856601e-07,1.5838454e-07,-1.955568e-07,1.3327488e-07,-9.813046e-15,1.3598144e-13,4.3145317e-14
45,5.344993e-08,6.791433e-08,4.081151e-08,4.669161e-08,1.3893191e-08,6.0399405e-09,1.3131438e-07,-1.875907e-07,9.526573e-09,-2.1130055e-07,6.319178e-08,-5.709864e-08,4.444536e-08,1.1050692e-07,4.9136602e-08,1.3593316e-07,4.5520714e-08,3.0797914e-08,-1.1107152e-07,-1.030362e-07,-8.1771546e-08,6.688927e-08,4.0477307e-08,1.14286635e-07,-4.1840245e-08,-1.9324924e-08,3.497261e-09,3.7975624e-08,-6.822042e-08,-5.314213e-08,-2.5883693e-08,-8.16996e-08,-3.3760678e-08,-1.2912963e-07,-5.3602392e-08,5.7985105e-08,-2.8384456e-08,-7.041285e-08,2.914825e-08,7.495942e-08,6.495313e-08,-4.805691e-08,4.5185075e-08,5.946425e-15,4.3145317e-14,1.9209137e-14
