,0,1,2,3,4,5,6,7,8,9,10,11,12,13,14,15,16,17,18,19,20,21,22,23,24,25,26,27,28,29,30,31,32,33,34,35,36,37,38,39,40,41,42,43,44,45,46,47,48,49
0,418.76636,7.3280363,42.956173,-9.075838,-9.883555,5.1539097,19.225798,5.4023275,-1.6871135,-9.80627,-3.2415092,-3.614951,13.281498,-9.434515,0.85578847,3.04468,-1.9078028,-1.2840852,-2.4771967,2.4973016,1.5664761,-4.820678,2.7703705,-1.0340421,-4.486951,-4.122999,-0.33251566,2.9114451,2.9098263,1.3758795,-3.3718753,-0.875043,1.3710203,-1.3643925,1.0864178,-0.6303233,0.36514285,0.95566964,0.13788486,-0.07243148,-1.5945382,-0.2149784,0.40430456,1.6006527,0.7469686,-0.70226485,0.5873845,-0.028614001,0.12651354,0.75223225
1,7.3280363,175.34035,6.641492,-1.5657482,-0.89907867,-6.0834694,20.676968,-12.080016,-7.4991617,2.065193,13.436188,5.7091694,-6.628315,-3.3639927,-3.3078442,-1.1616142,-5.9361486,1.1879724,-0.44450468,-3.5735013,-2.057283,0.45562312,-1.5736687,4.8395658,2.6725655,3.1692758,0.55156446,-2.1931777,0.45902607,-1.2303059,-1.0722106,-1.411774,-1.5325791,-0.92032695,2.7731175,1.6526325,-0.40860724,1.1855671,-0.915519,0.020738885,1.9483192,0.66126007,0.4599772,0.015915945,-0.068979904,0.9621264,0.5601469,0.23988856,0.10094561,0.2939078
2,42.956173,6.641492,87.39142,-11.090164,-25.15009,1.4426198,-9.764505,-2.7612252,0.72710997,8.699762,-1.2522447,3.4914296,-0.8794121,6.8007545,-0.77015734,9.374685,5.66289,2.7951164,7.544352,3.1227365,-1.5849063,-1.1367862,1.0422531,1.1166406,3.013124,4.4336357,-1.323856,-0.8811308,0.68945754,-0.52841854,1.7826326,0.8419603,-1.3670782,1.532227,-0.7255081,1.9280037,0.03564311,-0.22500613,1.6162426,-0.015636945,0.12825894,0.2861894,-1.074703,-0.6466114,0.17872213,0.28234726,0.67275363,-0.0827669,0.5065861,-0.93401927
3,-9.075838,-1.5657482,-11.090164,109.810326,-0.9288827,8.010815,10.667581,-0.82553697,3.8802953,-0.9339342,-2.5142207,2.9094877,0.0030653072,-2.5057642,-2.4442954,4.693941,2.6302319,-0.32098627,3.2062225,5.1520476,-2.0683415,-1.9827496,2.5425014,0.5557256,-0.5600773,-1.1574628,1.0624163,0.7407127,-0.18598768,0.50236267,-1.2989199,-0.4670177,-0.45321286,0.86286163,0.6755605,0.8543127,-0.9799795,0.0470918,0.08284655,0.36165783,0.27951437,0.26491076,0.68956614,0.14022464,0.46132624,0.21780448,0.8787881,0.00055400166,-0.02490884,-0.06013429
4,-9.883555,-0.89907867,-25.15009,-0.9288827,52.557823,-1.0226853,2.2532868,-0.55446416,-15.1281595,-0.41928887,-2.3528252,1.2197611,7.152218,3.0341616,1.8832757,1.9992658,-3.6095407,2.439374,3.509222,0.6333655,2.212881,-3.584075,-2.801311,1.29764,-1.0969505,2.195178,-1.2409248,-1.8171518,-1.1775594,1.5043862,-1.3198692,0.6051338,0.8504,-0.7262565,1.3263351,-0.18444115,1.6099787,0.15846264,0.35742122,-0.9305495,-1.6600935,0.25255895,0.52508724,0.85166144,0.6198544,-0.79914165,0.27959207,-0.15825894,-0.09650989,0.4654296
5,5.1539097,-6.0834694,1.4426198,8.010815,-1.0226853,54.407894,-0.2422862,9.904112,0.7112742,2.0643969,3.3494198,-8.454548,-0.14172623,-2.939434,8.153851,4.5286164,1.6713805,-1.357887,1.2899098,-7.110669,0.6960218,-0.27378815,-1.6411526,1.7169528,0.51577425,0.056415334,1.1808876,-2.612104,-0.8290931,-2.3965354,-1.0791346,-0.62349063,-1.1420255,-0.23798567,0.5900413,0.36647835,0.08348729,0.09047508,0.5012744,-0.78661823,0.007955737,0.46131045,-0.24856116,-0.36938578,-0.18621048,0.027043317,-0.5369123,0.2078915,-0.101918325,0.04626914
6,19.225798,20.676968,-9.764505,10.667581,2.2532868,-0.2422862,31.251034,9.163864,-6.3218775,-7.7304974,1.7300229,-2.8546212,-4.965873,4.7563286,1.796201,-0.6823275,0.55670065,-0.690577,-2.6738892,0.23915216,0.6831412,1.7464974,-2.110775,-0.59675,-1.4020064,-0.011323776,-0.30371803,2.1097865,-0.038553968,2.1243758,1.8067392,0.24400717,-1.8169518,0.40047783,-0.638028,0.98513764,0.750134,-0.9549453,-0.13441119,0.010700604,-0.39785475,-0.16744812,-0.3499741,-0.34945998,-0.24701917,-0.121950895,0.083297536,0.27696788,0.032242883,-0.09474857
7,5.4023275,-12.080016,-2.7612252,-0.82553697,-0.55446416,9.904112,9.163864,18.682947,-7.491755,-0.84082234,2.1768885,-0.6959479,0.58467114,3.2343931,-2.1107264,-3.1496115,4.588694,-2.9669735,-2.012411,-1.6273057,0.82434213,-0.8821025,2.0971208,0.31540734,-0.3226449,-0.6252529,-1.2906971,-1.846014,0.20964944,-0.17540373,1.3517408,-0.008798834,-1.889183,1.1727738,-0.4037078,-1.0069935,0.044236064,0.13446024,-0.3363144,0.3441015,-0.41416276,0.2776008,-0.41779733,-0.27298462,-0.1941302,-0.034664813,0.10541754,-0.019396743,-0.14300118,-0.019161075
8,-1.6871135,-7.4991617,0.72710997,3.8802953,-15.1281595,0.7112742,-6.3218775,-7.491755,20.955032,-5.1492195,7.959051,-0.3774234,-0.99127424,-3.620016,1.5077932,-2.2394977,0.45455784,-2.3434558,2.0879617,-0.48062766,-1.4112387,0.6015598,-1.0278857,0.1596452,-2.0001764,1.3338926,1.1755027,0.9491508,-0.7781105,0.73083234,-0.12985525,0.2707423,1.2711042,-0.06742299,-0.996194,0.53188956,-0.31860554,0.42751682,-0.38752198,0.079863295,-0.10601781,-0.1879183,-0.14478785,0.3078925,0.27235872,-0.16395637,-0.3021087,-0.11086339,0.23214763,0.1894156
9,-9.80627,2.065193,8.699762,-0.9339342,-0.41928887,2.0643969,-7.7304974,-0.84082234,-5.1492195,16.03161,-2.7621503,-1.3555193,0.2625603,0.11834187,-6.3612757,1.3349034,1.4315066,1.960021,-1.9122887,-1.3493521,-1.0412105,-2.3459983,-0.4734668,1.5516496,-1.5307872,-0.6749387,1.5468645,0.6997539,0.44518226,-1.6092193,-1.0201943,0.045313403,-0.13028803,1.0894687,0.24106318,1.0565014,0.20968986,-0.036105733,0.56166804,-0.7180891,0.029931847,-0.17192096,0.18391787,-0.20708865,-0.30627736,-0.047777783,0.09264767,-0.0007181153,-0.2259571,0.16123825
10,-3.2415092,13.436188,-1.2522447,-2.5142207,-2.3528252,3.3494198,1.7300229,2.1768885,7.959051,-2.7621503,20.681961,1.8923976,-0.79715115,2.078166,-3.0959244,2.0563645,1.5533273,-1.3154364,-0.22762659,-1.8558875,-2.1845007,-2.5575356,-1.4123462,-0.54789364,0.46044406,-1.1327825,-0.8818438,-1.2110097,-1.3917795,0.96413404,-0.30213404,0.5309802,0.87251145,0.18751629,-0.9631158,-1.2018633,0.1088391,-0.4523612,-0.07185641,-0.33335,-0.33396888,0.11703941,0.036198802,0.2595405,0.44614747,-0.45744944,-0.22850731,-0.19112608,-0.11261985,0.13269673
11,-3.614951,5.7091694,3.4914296,2.9094877,1.2197611,-8.454548,-2.8546212,-0.6959479,-0.3774234,-1.3555193,1.8923976,20.503866,3.297976,2.3978977,3.2062368,1.9271657,1.2732563,-1.2446806,-0.44349,-0.3816005,2.299923,-0.02750518,2.2865775,0.96529245,-0.24561906,-0.8163829,0.46114367,-1.105618,1.3913432,0.13205731,-0.8384545,1.6110404,-0.70183444,-0.15093349,-1.5650756,0.5290418,-0.54902244,0.18812543,-0.27714127,-0.14626533,0.14409682,0.03547263,0.74139124,-0.032048266,-0.037667837,0.29077685,-0.3758226,-0.25983143,-0.20585537,0.24023944
12,13.281498,-6.628315,-0.8794121,0.0030653072,7.152218,-0.14172623,-4.965873,0.58467114,-0.99127424,0.2625603,-0.79715115,3.297976,13.074834,-1.7766273,-0.99388814,-0.7530062,0.08498643,-2.5428798,-0.12473025,0.01976366,-1.8143578,0.14582309,-0.054985948,2.4142728,2.8720949,0.25761247,0.5059291,-0.014339991,-1.8766862,0.9197632,0.1818586,-0.050594307,-0.4941991,-0.18664362,-0.51122403,0.12646171,0.14706503,0.20320594,-0.18262206,-0.6121253,-0.22127168,0.06416635,0.53619295,0.11534396,-0.4207362,0.09089324,0.23943226,0.1536039,0.05306089,0.067660436
13,-9.434515,-3.3639927,6.8007545,-2.5057642,3.0341616,-2.939434,4.7563286,3.2343931,-3.620016,0.11834187,2.078166,2.3978977,-1.7766273,9.389662,1.5322683,1.21597,2.1229408,-2.1967335,0.9416218,0.5519672,-1.2160432,-0.6042977,-0.95141387,-0.6456525,1.3356252,0.27867436,-0.11776729,1.559474,1.1175001,-0.62431425,0.11571095,0.10989952,-0.13078576,0.8450024,0.32991397,-0.099550396,0.5410001,-0.27640694,0.45182878,0.20338285,-0.47710255,-0.13593489,0.31762564,0.21524538,0.19008759,-0.29147518,-0.13070834,-0.17151387,0.100513466,0.0049896613
14,0.85578847,-3.3078442,-0.77015734,-2.4442954,1.8832757,8.153851,1.796201,-2.1107264,1.5077932,-6.3612757,-3.0959244,3.2062368,-0.99388814,1.5322683,12.8360615,0.5642841,-1.3969505,0.18177852,-0.29360032,0.48747814,-1.9330149,1.1004617,-0.30842483,0.90317553,-0.31133604,0.7136637,-0.7160475,0.0337128,0.83306766,-0.7858285,0.102285475,0.98014474,0.4516725,-0.4355657,0.2918135,0.29827058,-0.22306436,-0.077011235,0.2848543,-0.2654928,0.36675596,0.2426278,0.11187816,0.101759315,-0.2605397,0.07073912,-0.2198915,-0.104394384,-0.089307785,-0.062497094
15,3.04468,-1.1616142,9.374685,4.693941,1.9992658,4.5286164,-0.6823275,-3.1496115,-2.2394977,1.3349034,2.0563645,1.9271657,-0.7530062,1.21597,0.5642841,10.712503,-1.2835908,2.801597,-1.4409733,0.65045524,1.5735108,0.57120454,-0.03840769,-0.03369406,1.2676169,0.3101666,0.85441965,0.106591746,-1.0866163,0.24826974,-0.07269445,0.09718098,0.36361453,0.06010793,-0.14225909,-0.6724162,-0.18554023,-0.69946826,0.23381636,0.17960474,-0.1451568,-0.32265946,0.059341677,-0.2686001,0.2878114,-0.49398175,-0.5404894,0.07481869,0.04950524,-0.05720581
16,-1.9078028,-5.9361486,5.66289,2.6302319,-3.6095407,1.6713805,0.55670065,4.588694,0.45455784,1.4315066,1.5533273,1.2732563,0.08498643,2.1229408,-1.3969505,-1.2835908,10.185864,1.6022563,-1.3410239,-0.2562338,-0.14977781,1.4573925,-0.73806953,-0.5698334,0.037260916,0.78732204,-0.4198656,-0.48719358,0.27350926,0.8435357,0.10057317,0.0045452956,-0.08504674,-0.82765055,0.5723859,0.34668976,-0.31482458,0.99198043,0.18625687,-0.34585086,-0.01876504,-0.03279399,0.45228094,0.4119008,-0.06815415,0.045272678,0.14697576,-0.1351159,0.06393434,0.2473026
17,-1.2840852,1.1879724,2.7951164,-0.32098627,2.439374,-1.357887,-0.690577,-2.9669735,-2.3434558,1.960021,-1.3154364,-1.2446806,-2.5428798,-2.1967335,0.18177852,2.801597,1.6022563,8.384977,0.4831813,0.26177388,-0.8198104,1.3867157,-0.31785375,0.54333055,-1.1800877,-1.5442207,-1.426703,-0.35474545,-0.47030008,0.6694632,0.29780197,1.0044701,-0.1385785,-0.7012681,0.09758859,-0.05709388,0.27711505,0.36130077,-0.17310056,-0.00925701,0.16104154,-0.18937066,-0.20839994,0.2243938,-0.06532483,-0.2090624,-0.05253671,-0.08011775,-0.06962775,0.07929784
18,-2.4771967,-0.44450468,7.544352,3.2062225,3.509222,1.2899098,-2.6738892,-2.012411,2.0879617,-1.9122887,-0.22762659,-0.44349,-0.12473025,0.9416218,-0.29360032,-1.4409733,-1.3410239,0.4831813,9.448005,-0.8881425,0.42760468,-0.8080653,-0.09864059,-0.37867314,0.9102297,-0.40551132,-0.17008208,-0.15434217,0.8915144,0.6875551,0.10494978,0.17635271,-0.87612164,-0.028571941,0.192377,0.14459366,0.98500353,0.46156448,0.02133257,0.09065066,-0.091749005,0.117519334,-0.43805683,0.14856514,0.19013691,0.0014535286,-0.026703594,0.044613805,0.22928587,0.13558216
19,2.4973016,-3.5735013,3.1227365,5.1520476,0.6333655,-7.110669,0.23915216,-1.6273057,-0.48062766,-1.3493521,-1.8558875,-0.3816005,0.01976366,0.5519672,0.48747814,0.65045524,-0.2562338,0.26177388,-0.8881425,5.9454675,-0.9168535,-0.7150201,-1.8887631,0.28111872,0.11758961,0.67404765,-0.49396583,-0.6369286,0.4264929,-0.3553433,0.37263393,-0.7604979,0.0064238906,-0.042031243,-0.5172099,-0.74792004,-0.9056549,0.06393526,0.18074213,-0.06612013,-0.047078043,0.09180641,-0.5638759,0.079606116,-0.07241914,0.04316479,0.089436434,0.07355142,0.10484557,0.07471125
20,1.5664761,-2.057283,-1.5849063,-2.0683415,2.212881,0.6960218,0.6831412,0.82434213,-1.4112387,-1.0412105,-2.1845007,2.299923,-1.8143578,-1.2160432,-1.9330149,1.5735108,-0.14977781,-0.8198104,0.42760468,-0.9168535,6.87119,0.42617524,-0.050392713,-1.4896133,-0.58573306,0.39899585,0.48726368,-0.5771539,0.109987706,0.2116112,0.044198055,-0.25951117,-0.05131828,-0.2394748,-0.28808257,0.4936077,-0.5444951,0.35130575,-0.27930087,-0.04810764,-0.24958652,0.33921552,0.06974491,-0.2726609,0.5572978,0.14005762,-0.31863618,0.30710047,0.3313575,-0.03065348
21,-4.820678,0.45562312,-1.1367862,-1.9827496,-3.584075,-0.27378815,1.7464974,-0.8821025,0.6015598,-2.3459983,-2.5575356,-0.02750518,0.14582309,-0.6042977,1.1004617,0.57120454,1.4573925,1.3867157,-0.8080653,-0.7150201,0.42617524,6.730881,0.2284975,0.78722835,1.2131013,-0.1106697,0.21577035,0.2087791,0.08412277,0.5337266,-0.7529491,-0.844643,-0.021995358,0.46823817,-0.37096435,-0.057717606,0.6126288,-0.08149823,-0.42593434,-0.05448255,-0.010696303,-0.12631455,-0.10493112,0.023746762,0.29146916,-0.022927595,0.31830674,-0.012918452,0.20180812,0.115956336
22,2.7703705,-1.5736687,1.0422531,2.5425014,-2.801311,-1.6411526,-2.110775,2.0971208,-1.0278857,-0.4734668,-1.4123462,2.2865775,-0.054985948,-0.95141387,-0.30842483,-0.03840769,-0.73806953,-0.31785375,-0.09864059,-1.8887631,-0.050392713,0.2284975,5.255388,-0.19047125,-0.13247485,0.4265107,-0.42064226,-0.4177364,-0.114274286,0.1300348,0.503284,0.6537359,0.22894764,0.65395427,0.83465385,-0.5421276,0.1943568,-0.4507183,-0.1514441,0.5254793,0.39885274,-0.118571624,0.037512757,-0.1313851,0.15341136,0.08006702,0.16279155,-0.1612279,-0.14947471,0.14599779
23,-1.0340421,4.8395658,1.1166406,0.5557256,1.29764,1.7169528,-0.59675,0.31540734,0.1596452,1.5516496,-0.54789364,0.96529245,2.4142728,-0.6456525,0.90317553,-0.03369406,-0.5698334,0.54333055,-0.37867314,0.28111872,-1.4896133,0.78722835,-0.19047125,3.695021,-0.8613262,0.15929195,0.6677731,-0.4751596,-0.027971927,-0.43659768,0.9926983,-0.11802564,-0.2855344,0.9446329,-0.36309493,0.024947096,0.23300621,0.5363847,-0.45542485,-0.04465124,-0.13612965,0.061113685,0.028852832,0.22454405,0.049703702,-0.30032018,-0.0005459678,-0.022520013,0.09177681,-0.0300142
24,-4.486951,2.6725655,3.013124,-0.5600773,-1.0969505,0.51577425,-1.4020064,-0.3226449,-2.0001764,-1.5307872,0.46044406,-0.24561906,2.8720949,1.3356252,-0.31133604,1.2676169,0.037260916,-1.1800877,0.9102297,0.11758961,-0.58573306,1.2131013,-0.13247485,-0.8613262,4.868416,-0.88301766,-0.29315275,0.22812875,-0.28889835,-0.043236315,0.065665536,-0.72260517,0.115201496,-0.3687666,0.6383195,-0.028174905,-0.5108516,-0.16303752,-0.31359214,0.042066727,-0.031705245,0.1743699,-0.049849175,-0.17363358,-0.107846916,0.061956793,-0.0018906344,0.006535551,-0.07183166,-0.02090829
25,-4.122999,3.1692758,4.4336357,-1.1574628,2.195178,0.056415334,-0.011323776,-0.6252529,1.3338926,-0.6749387,-1.1327825,-0.8163829,0.25761247,0.27867436,0.7136637,0.3101666,0.78732204,-1.5442207,-0.40551132,0.67404765,0.39899585,-0.1106697,0.4265107,0.15929195,-0.88301766,4.492308,0.38586563,-0.14689972,-0.8667147,0.43550393,-0.2091237,0.04257612,-0.15920374,-0.06647138,0.4855206,-0.05491069,-0.02825045,0.18023421,0.2471447,0.1366903,-0.15265323,-0.182375,-0.2133711,-0.16333786,0.0611518,0.009238165,0.18360904,-0.09019774,0.034099303,0.036675915
26,-0.33251566,0.55156446,-1.323856,1.0624163,-1.2409248,1.1808876,-0.30371803,-1.2906971,1.1755027,1.5468645,-0.8818438,0.46114367,0.5059291,-0.11776729,-0.7160475,0.85441965,-0.4198656,-1.426703,-0.17008208,-0.49396583,0.48726368,0.21577035,-0.42064226,0.6677731,-0.29315275,0.38586563,2.916577,0.4344986,0.97746897,0.46620736,0.4457686,-0.75508773,-0.16242689,-0.30533028,0.011392113,-0.14915171,0.27812913,0.0074437615,0.0783914,-0.22823288,0.13543864,-0.42250353,0.15501091,-0.09693478,-0.011472989,-0.21301578,-0.2826869,-0.065088496,-0.20082535,0.017906621
27,2.9114451,-2.1931777,-0.8811308,0.7407127,-1.8171518,-2.612104,2.1097865,-1.846014,0.9491508,0.6997539,-1.2110097,-1.105618,-0.014339991,1.559474,0.0337128,0.106591746,-0.48719358,-0.35474545,-0.15434217,-0.6369286,-0.5771539,0.2087791,-0.4177364,-0.4751596,0.22812875,-0.14689972,0.4344986,3.3256664,-0.59592927,-0.34489098,-0.09615114,0.7337819,-0.32550263,0.058722347,0.24268308,0.09767419,0.14973684,0.3023346,-0.16690198,-0.21598893,0.01864592,-0.04383163,0.22631586,-0.25317925,0.1396144,-0.0772714,-0.106815025,0.038915172,0.018086754,0.08109453
28,2.9098263,0.45902607,0.68945754,-0.18598768,-1.1775594,-0.8290931,-0.038553968,0.20964944,-0.7781105,0.44518226,-1.3917795,1.3913432,-1.8766862,1.1175001,0.83306766,-1.0866163,0.27350926,-0.47030008,0.8915144,0.4264929,0.109987706,0.08412277,-0.114274286,-0.027971927,-0.28889835,-0.8667147,0.97746897,-0.59592927,2.2958126,0.092545636,-0.17835289,-0.5784615,0.2771382,0.1554651,0.2237547,-0.062979504,0.05061551,0.108931005,0.08612246,-0.19092998,0.13809541,0.047756396,-0.10978903,0.033524454,-0.07836206,-0.12421353,-0.046756662,-0.11620152,-0.20343742,-0.01701494
29,1.3758795,-1.2303059,-0.52841854,0.50236267,1.5043862,-2.3965354,2.1243758,-0.17540373,0.73083234,-1.6092193,0.96413404,0.13205731,0.9197632,-0.62431425,-0.7858285,0.24826974,0.8435357,0.6694632,0.6875551,-0.3553433,0.2116112,0.5337266,0.1300348,-0.43659768,-0.043236315,0.43550393,0.46620736,-0.34489098,0.092545636,2.6727219,0.1291649,0.2697002,0.29454774,0.11920982,0.186705,0.016141154,0.2712317,-0.13136342,0.027363775,-0.36664292,0.08530679,-0.112430505,-0.13813901,-0.117880106,-0.4484496,-0.19705784,-0.07273881,0.16230333,-0.081039034,-0.17023987
30,-3.3718753,-1.0722106,1.7826326,-1.2989199,-1.3198692,-1.0791346,1.8067392,1.3517408,-0.12985525,-1.0201943,-0.30213404,-0.8384545,0.1818586,0.11571095,0.102285475,-0.07269445,0.10057317,0.29780197,0.10494978,0.37263393,0.044198055,-0.7529491,0.503284,0.9926983,0.065665536,-0.2091237,0.4457686,-0.09615114,-0.17835289,0.1291649,3.392554,-0.0017717073,0.07781647,-0.2918946,0.067858785,0.23386309,-0.100461766,-0.14696826,-0.056213763,-0.084814325,0.21824238,0.094336905,0.07060167,0.05335562,0.25644544,-0.12366393,-0.1275847,0.053881425,0.065581396,0.041003805
31,-0.875043,-1.411774,0.8419603,-0.4670177,0.6051338,-0.62349063,0.24400717,-0.008798834,0.2707423,0.045313403,0.5309802,1.6110404,-0.050594307,0.10989952,0.98014474,0.09718098,0.0045452956,1.0044701,0.17635271,-0.7604979,-0.25951117,-0.844643,0.6537359,-0.11802564,-0.72260517,0.04257612,-0.75508773,0.7337819,-0.5784615,0.2697002,-0.0017717073,1.3285848,-0.2416033,0.13646358,0.019399501,0.13267668,-0.06818281,0.14000781,-0.1331569,-0.28414816,0.045462787,0.058065847,-0.030688964,-0.13484997,-0.056572415,0.07404117,-0.08207277,-0.0042879446,-0.087507814,-0.047450557
32,1.3710203,-1.5325791,-1.3670782,-0.45321286,0.8504,-1.1420255,-1.8169518,-1.889183,1.2711042,-0.13028803,0.87251145,-0.70183444,-0.4941991,-0.13078576,0.4516725,0.36361453,-0.08504674,-0.1385785,-0.87612164,0.0064238906,-0.05131828,-0.021995358,0.22894764,-0.2855344,0.115201496,-0.15920374,-0.16242689,-0.32550263,0.2771382,0.29454774,0.07781647,-0.2416033,1.7437681,0.31828398,0.56843174,0.4123965,-0.17139904,-0.2569787,0.12591136,-0.105112895,-0.045535576,0.32905763,0.226553,0.11067521,0.11879544,-0.29653722,0.107449606,0.0059972443,0.02387064,-0.0007002489
33,-1.3643925,-0.92032695,1.532227,0.86286163,-0.7262565,-0.23798567,0.40047783,1.1727738,-0.06742299,1.0894687,0.18751629,-0.15093349,-0.18664362,0.8450024,-0.4355657,0.06010793,-0.82765055,-0.7012681,-0.028571941,-0.042031243,-0.2394748,0.46823817,0.65395427,0.9446329,-0.3687666,-0.06647138,-0.30533028,0.058722347,0.1554651,0.11920982,-0.2918946,0.13646358,0.31828398,1.904575,0.11990632,0.012033567,-0.010679489,-0.15341067,-0.26351595,-0.19469193,-0.19402134,0.08946179,-0.27805033,0.06414385,-0.056928296,-0.05937572,-0.063928485,0.214997,0.21157143,-0.046777874
34,1.0864178,2.7731175,-0.7255081,0.6755605,1.3263351,0.5900413,-0.638028,-0.4037078,-0.996194,0.24106318,-0.9631158,-1.5650756,-0.51122403,0.32991397,0.2918135,-0.14225909,0.5723859,0.09758859,0.192377,-0.5172099,-0.28808257,-0.37096435,0.83465385,-0.36309493,0.6383195,0.4855206,0.011392113,0.24268308,0.2237547,0.186705,0.067858785,0.019399501,0.56843174,0.11990632,1.513977,-0.11460061,-0.2999217,0.2413056,-0.1814897,-0.098949485,0.06280522,-0.10140683,0.06680937,0.22552031,-0.01658478,0.016313586,-0.14740288,0.003503813,-0.040273923,0.015490714
35,-0.6303233,1.6526325,1.9280037,0.8543127,-0.18444115,0.36647835,0.98513764,-1.0069935,0.53188956,1.0565014,-1.2018633,0.5290418,0.12646171,-0.099550396,0.29827058,-0.6724162,0.34668976,-0.05709388,0.14459366,-0.74792004,0.4936077,-0.057717606,-0.5421276,0.024947096,-0.028174905,-0.05491069,-0.14915171,0.09767419,-0.062979504,0.016141154,0.23386309,0.13267668,0.4123965,0.012033567,-0.11460061,2.0285528,-0.14038971,-0.3608993,-0.040339384,0.0844931,-0.4231939,0.07015574,0.049041428,0.021181267,-0.17666087,0.022075683,0.08103566,-0.03950969,-0.015393367,0.021276034
36,0.36514285,-0.40860724,0.03564311,-0.9799795,1.6099787,0.08348729,0.750134,0.044236064,-0.31860554,0.20968986,0.1088391,-0.54902244,0.14706503,0.5410001,-0.22306436,-0.18554023,-0.31482458,0.27711505,0.98500353,-0.9056549,-0.5444951,0.6126288,0.1943568,0.23300621,-0.5108516,-0.02825045,0.27812913,0.14973684,0.05061551,0.2712317,-0.100461766,-0.06818281,-0.17139904,-0.010679489,-0.2999217,-0.14038971,0.9837712,-0.2415134,0.37204635,0.12936532,0.08519911,-0.10148355,0.21677014,0.038916506,0.09422608,-0.12125301,0.22100045,-0.043783084,0.053827003,-0.019986864
37,0.95566964,1.1855671,-0.22500613,0.0470918,0.15846264,0.09047508,-0.9549453,0.13446024,0.42751682,-0.036105733,-0.4523612,0.18812543,0.20320594,-0.27640694,-0.077011235,-0.69946826,0.99198043,0.36130077,0.46156448,0.06393526,0.35130575,-0.08149823,-0.4507183,0.5363847,-0.16303752,0.18023421,0.0074437615,0.3023346,0.108931005,-0.13136342,-0.14696826,0.14000781,-0.2569787,-0.15341067,0.2413056,-0.3608993,-0.2415134,1.1441454,-0.37948737,0.12916288,0.02085995,0.3008084,0.12111218,-0.068942994,0.01524858,-0.19756405,-0.07846321,0.0021534937,0.03820148,-0.09073885
38,0.13788486,-0.915519,1.6162426,0.08284655,0.35742122,0.5012744,-0.13441119,-0.3363144,-0.38752198,0.56166804,-0.07185641,-0.27714127,-0.18262206,0.45182878,0.2848543,0.23381636,0.18625687,-0.17310056,0.02133257,0.18074213,-0.27930087,-0.42593434,-0.1514441,-0.45542485,-0.31359214,0.2471447,0.0783914,-0.16690198,0.08612246,0.027363775,-0.056213763,-0.1331569,0.12591136,-0.26351595,-0.1814897,-0.040339384,0.37204635,-0.37948737,0.70634216,-0.047474638,0.32233793,0.059108138,0.2292561,-0.046373367,-0.09029828,0.055066377,0.15224591,0.0995051,0.10222827,0.050134953
39,-0.07243148,0.020738885,-0.015636945,0.36165783,-0.9305495,-0.78661823,0.010700604,0.3441015,0.079863295,-0.7180891,-0.33335,-0.14626533,-0.6121253,0.20338285,-0.2654928,0.17960474,-0.34585086,-0.00925701,0.09065066,-0.06612013,-0.04810764,-0.05448255,0.5254793,-0.04465124,0.042066727,0.1366903,-0.22823288,-0.21598893,-0.19092998,-0.36664292,-0.084814325,-0.28414816,-0.105112895,-0.19469193,-0.098949485,0.0844931,0.12936532,0.12916288,-0.047474638,1.3135643,-0.15924838,-0.09210991,0.19169797,0.027805477,-0.25749642,-0.26707262,-0.07204902,-0.07310286,0.10059722,-0.008139966
40,-1.5945382,1.9483192,0.12825894,0.27951437,-1.6600935,0.007955737,-0.39785475,-0.41416276,-0.10601781,0.029931847,-0.33396888,0.14409682,-0.22127168,-0.47710255,0.36675596,-0.1451568,-0.01876504,0.16104154,-0.091749005,-0.047078043,-0.24958652,-0.010696303,0.39885274,-0.13612965,-0.031705245,-0.15265323,0.13543864,0.01864592,0.13809541,0.08530679,0.21824238,0.045462787,-0.045535576,-0.19402134,0.06280522,-0.4231939,0.08519911,0.02085995,0.32233793,-0.15924838,0.57760125,0.1499913,0.17748985,-0.13327575,-0.10611182,0.10145195,0.02950148,0.1552632,0.0722249,0.017379083
41,-0.2149784,0.66126007,0.2861894,0.26491076,0.25255895,0.46131045,-0.16744812,0.2776008,-0.1879183,-0.17192096,0.11703941,0.03547263,0.06416635,-0.13593489,0.2426278,-0.32265946,-0.03279399,-0.18937066,0.117519334,0.09180641,0.33921552,-0.12631455,-0.118571624,0.061113685,0.1743699,-0.182375,-0.42250353,-0.04383163,0.047756396,-0.112430505,0.094336905,0.058065847,0.32905763,0.08946179,-0.10140683,0.07015574,-0.10148355,0.3008084,0.059108138,-0.09210991,0.1499913,0.6411658,0.057411134,-0.3287218,0.044062328,-0.20221257,0.19658647,0.08417751,0.04466372,0.013396719
42,0.40430456,0.4599772,-1.074703,0.68956614,0.52508724,-0.24856116,-0.3499741,-0.41779733,-0.14478785,0.18391787,0.036198802,0.74139124,0.53619295,0.31762564,0.11187816,0.059341677,0.45228094,-0.20839994,-0.43805683,-0.5638759,0.06974491,-0.10493112,0.037512757,0.028852832,-0.049849175,-0.2133711,0.15501091,0.22631586,-0.10978903,-0.13813901,0.07060167,-0.030688964,0.226553,-0.27805033,0.06680937,0.049041428,0.21677014,0.12111218,0.2292561,0.19169797,0.17748985,0.057411134,0.5951348,0.1422309,0.04027965,-0.02088438,0.021161703,0.05218251,0.14014761,-0.11043735
43,1.6006527,0.015915945,-0.6466114,0.14022464,0.85166144,-0.36938578,-0.34945998,-0.27298462,0.3078925,-0.20708865,0.2595405,-0.032048266,0.11534396,0.21524538,0.101759315,-0.2686001,0.4119008,0.2243938,0.14856514,0.079606116,-0.2726609,0.023746762,-0.1313851,0.22454405,-0.17363358,-0.16333786,-0.09693478,-0.25317925,0.033524454,-0.117880106,0.05335562,-0.13484997,0.11067521,0.06414385,0.22552031,0.021181267,0.038916506,-0.068942994,-0.046373367,0.027805477,-0.13327575,-0.3287218,0.1422309,0.5062076,0.096205875,0.17283341,-0.110704064,-0.005888586,0.12773201,-0.02499502
44,0.7469686,-0.068979904,0.17872213,0.46132624,0.6198544,-0.18621048,-0.24701917,-0.1941302,0.27235872,-0.30627736,0.44614747,-0.037667837,-0.4207362,0.19008759,-0.2605397,0.2878114,-0.06815415,-0.06532483,0.19013691,-0.07241914,0.5572978,0.29146916,0.15341136,0.049703702,-0.107846916,0.0611518,-0.011472989,0.1396144,-0.07836206,-0.4484496,0.25644544,-0.056572415,0.11879544,-0.056928296,-0.01658478,-0.17666087,0.09422608,0.01524858,-0.09029828,-0.25749642,-0.10611182,0.044062328,0.04027965,0.096205875,0.60999125,0.049144216,0.1537196,-0.134871,-0.0019461855,-0.020482518
45,-0.70226485,0.9621264,0.28234726,0.21780448,-0.79914165,0.027043317,-0.121950895,-0.034664813,-0.16395637,-0.047777783,-0.45744944,0.29077685,0.09089324,-0.29147518,0.07073912,-0.49398175,0.045272678,-0.2090624,0.0014535286,0.04316479,0.14005762,-0.022927595,0.08006702,-0.30032018,0.061956793,0.009238165,-0.21301578,-0.0772714,-0.12421353,-0.19705784,-0.12366393,0.07404117,-0.29653722,-0.05937572,0.016313586,0.022075683,-0.12125301,-0.19756405,0.055066377,-0.26707262,0.10145195,-0.20221257,-0.02088438,0.17283341,0.049144216,0.42105392,-0.013779862,0.059534013,0.062351033,-0.04472001
46,0.5873845,0.5601469,0.67275363,0.8787881,0.27959207,-0.5369123,0.083297536,0.10541754,-0.3021087,0.09264767,-0.22850731,-0.3758226,0.23943226,-0.13070834,-0.2198915,-0.5404894,0.14697576,-0.05253671,-0.026703594,0.089436434,-0.31863618,0.31830674,0.16279155,-0.0005459678,-0.0018906344,0.18360904,-0.2826869,-0.106815025,-0.046756662,-0.07273881,-0.1275847,-0.08207277,0.107449606,-0.063928485,-0.14740288,0.08103566,0.22100045,-0.07846321,0.15224591,-0.07204902,0.02950148,0.19658647,0.021161703,-0.110704064,0.1537196,-0.013779862,0.34988406,-0.088118106,-0.050297678,-0.03645894
47,-0.028614001,0.23988856,-0.0827669,0.00055400166,-0.15825894,0.2078915,0.27696788,-0.019396743,-0.11086339,-0.0007181153,-0.19112608,-0.25983143,0.1536039,-0.17151387,-0.104394384,0.07481869,-0.1351159,-0.08011775,0.044613805,0.07355142,0.30710047,-0.012918452,-0.1612279,-0.022520013,0.006535551,-0.09019774,-0.065088496,0.038915172,-0.11620152,0.16230333,0.053881425,-0.0042879446,0.0059972443,0.214997,0.003503813,-0.03950969,-0.043783084,0.0021534937,0.0995051,-0.07310286,0.1552632,0.08417751,0.05218251,-0.005888586,-0.134871,0.059534013,-0.088118106,0.21639095,0.17922091,0.018671818
48,0.12651354,0.10094561,0.5065861,-0.02490884,-0.09650989,-0.101918325,0.032242883,-0.14300118,0.23214763,-0.2259571,-0.11261985,-0.20585537,0.05306089,0.100513466,-0.089307785,0.04950524,0.06393434,-0.06962775,0.22928587,0.10484557,0.3313575,0.20180812,-0.14947471,0.09177681,-0.07183166,0.034099303,-0.20082535,0.018086754,-0.20343742,-0.081039034,0.065581396,-0.087507814,0.02387064,0.21157143,-0.040273923,-0.015393367,0.053827003,0.03820148,0.10222827,0.10059722,0.0722249,0.04466372,0.14014761,0.12773201,-0.0019461855,0.062351033,-0.050297678,0.17922091,0.26451653,0.028618578
49,0.75223225,0.2939078,-0.93401927,-0.06013429,0.4654296,0.04626914,-0.09474857,-0.019161075,0.1894156,0.16123825,0.13269673,0.24023944,0.067660436,0.0049896613,-0.062497094,-0.05720581,0.2473026,0.07929784,0.13558216,0.07471125,-0.03065348,0.115956336,0.14599779,-0.0300142,-0.02090829,0.036675915,0.017906621,0.08109453,-0.01701494,-0.17023987,0.041003805,-0.047450557,-0.0007002489,-0.046777874,0.015490714,0.021276034,-0.019986864,-0.09073885,0.050134953,-0.008139966,0.017379083,0.013396719,-0.11043735,-0.02499502,-0.020482518,-0.04472001,-0.03645894,0.018671818,0.028618578,0.41963887
