,0,1,2,3,4,5,6,7,8,9,10,11,12,13,14,15,16,17,18,19,20,21,22,23,24,25,26,27,28,29,30,31,32,33,34,35,36,37,38,39,40,41,42,43,44,45,46,47,48,49,50,51,52,53,54,55,56,57,58,59,60,61,62,63,64,65,66,67,68,69,70,71,72,73,74,75,76,77,78,79,80,81,82,83,84,85,86,87,88,89,90,91,92,93,94,95,96,97,98,99,100,101,102
0,2.5478776,12.033569,2.0104346,2.3094792,-1.9958279,-1.0129533,-3.2004702,-0.6815361,-0.17116892,3.0726771,0.5980257,0.9888123,0.5561286,0.9873123,0.22935829,0.14362757,0.06477697,-0.13007136,-0.59480834,0.60032934,0.27673492,-1.0613894,-0.3020392,-0.112010464,-1.6528299,0.32841468,0.27381954,0.4042832,0.9240935,-0.22338435,0.2967711,0.0037307271,-0.022357676,0.05892659,-0.3166605,-0.5082003,0.068504736,0.5800756,0.29537648,0.026810545,0.9238376,-0.647141,0.16896236,0.24164417,0.21090105,-0.21511471,-0.0988168,-0.11780998,-0.09364049,0.39882815,0.32555938,0.26215327,0.20503692,-0.43182886,-0.41727656,-0.1718399,0.0071620615,0.21035388,0.20704335,0.0068004103,-0.048961055,-0.06254515,0.2557813,0.28710794,-0.1650526,0.118712716,0.02612855,0.292135,0.23864612,-0.17644808,0.0683433,0.35796827,-0.13754156,-0.19746679,-0.21711034,-0.04957871,0.105894476,0.25804764,-0.04713192,0.040922835,0.017729467,0.07332718,0.18000434,0.23837616,0.32990533,0.080426976,0.109703735,-0.1116131,0.010521423,-0.09864977,0.048580438,-0.07510322,0.11518192,0.061168753,0.013330428,0.08376002,-0.05750025,-0.022063266,0.19594711,-0.14738825,-0.073125094,-0.047356736,0.042458653
1,12.033569,91.43347,1.5584133,19.313305,0.77477074,-2.0288498,-24.495495,-3.1050644,-2.3026114,17.112202,11.61672,0.6459152,8.679352,5.2726564,-2.7679162,2.764923,1.3747714,-2.4479914,-3.7643652,4.903434,2.5581746,-13.746504,-6.8055573,-1.0611707,-9.521463,1.4754165,1.05043,2.7415566,6.347079,0.8889406,1.3597215,-3.5624194,-0.7534523,-0.7797316,-2.8113508,-0.8721676,2.5565677,4.2731147,1.7802789,1.884718,1.728797,-3.5903006,0.36996248,3.0536394,1.6096959,-1.3974935,-1.593401,0.3955214,-0.49280012,1.6401396,-0.38066566,2.6061192,-0.8269646,0.008904876,-0.76415914,-1.1085416,1.1528671,0.6376255,1.0104135,1.1222148,-0.15970796,-0.6311153,1.8325026,1.0606534,-0.2293331,0.5367842,1.4262741,1.0386264,1.3664699,0.47259414,0.78949386,1.2127048,-0.596148,-0.95529884,-0.80552137,-0.41283017,-0.26790625,1.4818119,0.38338935,1.8987546,0.10814924,0.19135398,0.27614403,0.1624563,1.3171395,0.7225708,0.47105688,-0.742247,-0.17161688,-1.0381932,-0.023788264,-0.35324153,-0.32998845,-0.1332196,0.3988221,0.12168455,-0.37950134,-0.16414349,0.89029396,-0.38684937,-0.03238487,-0.452113,-0.6588147
2,2.0104346,1.5584133,11.381246,-2.589294,-4.3420477,0.23805957,-0.86945367,-1.2600982,0.47146174,2.994894,-0.28197646,-2.599321,-0.11779072,-1.3734276,3.1594756,0.0025850392,-2.731832,0.20989415,-1.1511712,0.13250601,-2.3006885,2.323873,0.40063822,0.880846,0.72377783,-0.23462081,-0.34464276,2.2708282,1.0893211,-2.3774405,1.378114,1.420507,3.0105653,-0.17085555,-1.2760112,-0.14342974,0.04264283,0.08817825,-0.023055665,-0.93485016,0.5521142,-1.3460671,1.0510161,0.54929626,-0.3933431,0.16775855,-0.6295291,0.19616927,0.798023,0.5863627,0.7678071,-0.5320003,0.73009634,-0.6258836,-0.31959623,0.27277732,0.10111519,-0.13321158,0.24207546,-0.4287575,0.26522285,0.08795842,-0.3793577,-0.10654904,-0.90494186,-0.09156579,0.18527049,-0.56245965,-0.0053821946,-0.6543808,0.2983481,0.4758764,-0.035135236,0.5000699,-0.24250865,-0.27825934,-0.11870548,-0.009170272,-0.2934804,0.16550495,0.08301947,0.22641237,0.62215877,0.5624776,0.673329,-0.0962837,0.22770815,0.1685322,0.41180527,-0.16999896,0.52993894,-0.05268169,0.28382525,-0.032972157,-0.08852299,-0.47357228,-0.24689323,0.24061123,-0.0039974693,0.09198773,-0.5367457,-0.30482268,0.11098689
3,2.3094792,19.313305,-2.589294,29.465714,-7.4028425,6.748565,0.738037,-1.374792,-7.1515665,9.45093,2.4675918,0.74250865,0.8237476,4.446308,2.1195087,1.3856454,4.894541,-1.549016,-3.9135332,3.7302432,4.4722195,-5.3444347,-4.498603,-1.6443524,-3.683494,-1.6240995,1.5697569,3.198576,-0.84698224,-0.2976256,-2.0519648,-0.4475116,0.4222724,2.0101323,-1.848543,0.76546824,2.643663,1.351002,-0.06979248,1.9137981,2.1996956,1.4121821,-0.13450429,-1.8296596,0.20058681,-0.7369783,0.91198134,-0.16061518,-1.136322,0.09200305,1.8084424,0.44374347,-1.0196017,0.7594348,-1.7900084,-0.6043752,0.5657844,0.52501094,0.5376759,0.428675,-0.37219787,-0.9388156,0.1863255,0.27963084,0.8475901,-1.1015724,1.4316275,-0.023210984,-0.80596006,1.2208688,0.12553355,1.3606814,-0.7027628,0.14186192,-0.5099305,-0.3517316,-0.13280849,0.23671061,-0.40076828,0.4257114,-0.035225898,-0.36778164,-0.8165264,-0.058348414,0.08183837,-0.02440271,-0.39997977,0.385792,-0.8097354,-0.09438582,0.46359718,-0.38199866,-0.1607395,0.23142555,-0.3305124,0.10048054,-0.31212848,-0.07746726,-0.46627918,0.2943389,0.13792491,0.22909921,0.43849054
4,-1.9958279,0.77477074,-4.3420477,-7.4028425,22.80406,-6.252453,4.4689603,4.930624,13.17103,-5.4678264,2.8014784,2.2601287,-3.5271397,-1.6504147,-0.64438957,2.6106308,1.576413,-0.4498182,2.1018221,-0.17261449,0.46132922,0.7888656,0.39169407,0.21395612,2.2148304,2.117334,-1.6656263,0.041598238,1.948644,1.8420035,1.4036819,-1.7846174,-2.1676097,-2.8091955,1.9911501,2.1772068,-0.3311539,-0.2101494,1.0385556,-0.008524682,-2.3844204,0.031209089,-1.383156,0.7258202,1.1189218,0.061507024,-0.13703535,-0.3804043,-0.022724615,-0.8977045,-1.6114864,-0.50397867,-2.3006268,0.40912998,1.4859166,-0.22885537,-0.27635074,0.12901455,0.074585125,1.2317522,-0.28195336,0.6766846,0.18363892,0.10250008,0.42434275,0.16367365,0.38511136,-0.35722286,0.060804017,-0.04792635,0.1662907,-0.49029207,-0.41479272,0.2561365,0.8163637,-0.08558531,-0.3133402,0.09456347,0.24101016,0.49728075,-0.0006993627,-0.29908895,-0.17682803,-0.17540386,-0.68931127,0.16261017,0.13405418,-0.24122095,0.10772435,-0.49582797,0.032117903,-0.6205026,0.02556073,-0.25164187,-0.42529094,-0.24498081,-0.3935765,-0.714604,0.33870345,0.42766827,0.11379747,0.45734972,-0.486036
5,-1.0129533,-2.0288498,0.23805957,6.748565,-6.252453,12.145826,-4.596712,-1.4834554,-4.8305197,1.8883519,-1.134068,-3.5816226,3.0252638,0.13277549,-0.8548912,0.39448166,0.14534974,-0.75279355,-0.07597603,-0.18509716,2.859458,-1.8420956,-0.7273722,2.7055664,0.1801892,-0.013129425,-0.6361091,2.644845,-1.5899231,1.0497677,0.02416417,0.86419904,1.9721725,1.2556708,-0.5684988,0.1801586,1.3893976,-0.5962972,-1.4378868,1.2970655,-0.6523591,-0.14287233,0.17942524,-0.5704905,-0.7878514,-0.058301777,0.3465411,-0.04327997,1.0899422,-0.6163795,0.93327343,0.124105215,0.19499114,0.69734144,-0.815508,0.12699565,0.87661445,-0.6697984,-1.042542,-0.8496944,-0.009381287,0.020219823,0.005514104,0.23540759,-0.7210032,-0.03190458,0.47269,-0.7750599,-0.57974076,0.1677722,0.033501144,-0.18310642,0.35910848,0.7416068,0.38319635,-0.0073059117,-0.5263667,-0.09757601,0.15891996,0.3472583,-0.020440686,0.29540405,-0.07736597,0.20582888,0.19910206,0.29923373,-0.124161094,0.50564396,-0.3841129,0.4181676,-0.14993556,0.47902465,-0.19454773,-0.38597226,0.23571497,-0.4271275,-0.059274122,0.14672229,-0.40869135,0.08033799,0.11187804,0.11762084,0.15759338
6,-3.2004702,-24.495495,-0.86945367,0.738037,4.4689603,-4.596712,33.11043,7.7654486,-2.9686098,-1.7943015,-5.794235,1.6528583,-4.4548225,-4.4318867,5.254472,-1.5859687,2.7993407,3.2106247,2.6669817,-0.2207889,-1.4984024,5.5217257,2.425825,-2.6985474,1.7883933,-1.758537,1.4186834,-2.920348,-1.9037378,-1.9403769,-0.952018,0.14866222,-0.1866262,-0.7815596,-0.2737102,-0.004561236,-0.69770545,0.9783051,0.2904155,0.22104742,0.29504365,2.3891585,0.12486158,-1.7680306,0.9907409,-0.5550738,0.68259096,1.1884184,-1.1821833,-0.84156394,0.20694217,-1.168946,-0.07759182,-1.2436626,-0.45964354,-0.9405074,-0.80902654,1.4597123,-0.26527923,-0.10057114,-0.43274423,-0.0038397135,-1.409032,0.47584742,0.52233,-0.78749603,0.29370838,-0.1945594,0.11224672,-0.95038784,1.1186705,0.2790371,-0.5631976,0.78015125,0.18061337,-0.2688619,0.29035282,-0.34841865,-0.79565877,-0.69865274,0.6919954,-1.2700936,-0.79877293,-0.74115604,-0.85385084,0.1263673,0.23690672,0.42869058,0.32851785,-0.24814337,0.50695705,-0.62302184,-0.6050327,0.6929697,-0.55587876,0.28102672,0.6694635,0.24679986,-0.37207526,-0.20931627,-0.10908157,-0.40324074,0.21854167
7,-0.6815361,-3.1050644,-1.2600982,-1.374792,4.930624,-1.4834554,7.7654486,6.3158307,2.003253,-2.0623474,-2.6534953,0.0019484386,-0.15279263,-0.9956608,1.8984591,-2.3637853,2.0294638,-0.07082653,1.1885092,-0.16921571,-0.033381492,0.27048635,0.4307424,-0.48116586,-0.06506549,0.6654893,0.7150672,-0.35373232,-0.22877972,0.8522471,-0.23605442,-0.088409476,-0.8242906,-0.6311229,0.23811224,-0.32787997,-0.016967619,-0.4820327,0.14329377,0.3028722,-0.8441844,0.4036504,-0.090532064,-0.45273942,0.34076217,-0.61926436,0.50713575,0.19513755,0.10231393,-0.26143312,-0.45626795,-0.3414908,-0.023916882,-0.63654435,-0.03586662,-0.50830907,-0.48008877,-0.18321878,-0.32403666,-0.02917997,-0.37375894,0.10244793,-0.34246567,0.6502073,-0.011206029,0.06305592,0.16905828,0.039870735,0.34495857,-0.35316944,0.25793597,0.2459574,-0.64692616,0.10519436,0.43442044,0.13318829,0.07791211,-0.29931098,-0.20925611,-0.12522368,0.64181423,0.036237188,-0.3315335,-0.5657879,-0.0754728,0.07810714,-0.3382008,0.049071006,-0.24180174,-0.43838912,-0.23618877,0.1552394,0.12234421,0.36009952,0.0076603224,-0.010636128,0.3360804,-0.2944119,0.20109494,0.072751254,-0.044869453,0.15113673,-0.055611055
8,-0.17116892,-2.3026114,0.47146174,-7.1515665,13.17103,-4.8305197,-2.9686098,2.003253,19.204134,0.5452981,0.5565055,1.696506,-3.1388888,2.047748,-4.1120996,0.54346687,-0.2765462,-0.111133575,1.9642558,-1.6053845,-0.25796387,2.4786444,1.1541059,2.1096473,1.4528208,2.279018,-2.1801403,1.5935984,1.1525033,1.7161338,2.9683352,-0.75374144,-1.5784826,-1.2140037,1.5463516,1.1635993,0.032411404,-0.119790986,0.98055077,-1.5194907,-1.029468,-0.23644063,-1.9114648,0.2590259,-1.0190263,-0.40551034,1.0638015,-1.7521892,0.6101389,-0.57076335,-0.15238512,-0.352046,-1.7259573,-0.12395805,1.1599424,-0.34258828,-0.31950486,-0.32183123,0.25499445,0.83189696,-0.48517823,0.8368999,0.55747926,0.34056184,-0.0746102,0.3887881,-0.3783816,0.29418918,-0.2668231,0.02755189,-0.33540457,0.2439266,-0.6244663,-0.51330096,0.36682177,0.39574254,0.5502955,0.07916315,-0.1032493,0.78998256,-0.13984382,0.36421168,0.26136786,0.23970765,-0.98172426,0.0034201075,-0.33590052,-0.28881294,0.4089738,-0.5737555,0.07200351,-0.18875584,0.23105478,0.010762598,-0.43315077,-0.54629785,-0.19991705,-0.48027393,0.056475542,0.30064866,-0.1476329,0.38481504,-0.28741968
9,3.0726771,17.112202,2.994894,9.45093,-5.4678264,1.8883519,-1.7943015,-2.0623474,0.5452981,16.447407,-1.0828533,-0.29775244,0.7556076,3.4188719,0.1028244,-0.83399385,1.6607083,0.86503506,-2.4470124,-0.17488788,1.4494472,-0.67662334,1.199254,-0.924482,-1.3802543,0.7901373,-0.4515419,0.99457765,1.1492405,-2.6123993,3.2021046,-1.1577437,1.4808018,0.6576357,-1.6095699,-1.2809391,2.599277,2.048876,1.196094,1.4328529,0.50126916,-0.9470475,-0.37506908,0.31446254,-1.2366376,-0.5475252,0.36790806,0.26489833,-0.021146465,-0.19248551,0.65818036,0.43993616,-0.21627504,-0.7500894,-0.62924504,-0.4446392,0.7853986,0.5074611,1.0041122,0.42190245,0.057524994,-0.64884794,0.21402219,0.8086221,0.261913,0.09503581,0.50202584,-0.04585792,-0.022063151,-0.13167971,0.82173,1.3669086,-0.08931039,-0.24310192,-1.3884819,-0.25694928,0.2286588,0.5601659,-0.23184706,0.48055166,0.09631134,0.024628926,0.13845593,-0.13138026,-0.5300583,0.24550453,-0.15999286,-0.40517232,0.26562822,-0.35261267,0.3990413,-0.07899969,-0.4628989,-0.25719082,0.27286875,-0.14588542,0.3591766,0.22068709,-0.45241827,0.08517391,-0.30274397,-0.38594258,-0.21348855
10,0.5980257,11.61672,-0.28197646,2.4675918,2.8014784,-1.134068,-5.794235,-2.6534953,0.5565055,-1.0828533,10.121605,-1.0928007,2.5883975,1.5059929,-1.3456646,2.60287,-0.5176071,-2.2227573,-0.045413878,0.9100231,-1.4528477,-2.3350694,-2.7802887,0.8676992,0.2703726,-1.0180697,-0.080782935,0.30296907,0.4176899,-0.33275443,-1.3567302,-0.50434756,-0.7126299,0.5423081,-0.084194794,0.005864764,0.4816523,1.3276277,-0.7359848,0.36886382,-0.02639676,-1.0722189,0.20282811,0.7467955,0.38478824,0.8758259,-0.614119,0.6652245,-0.06914344,0.6399038,-0.50482816,-0.09877266,-0.049488958,1.5348363,0.52121997,-0.5098133,0.76494706,0.16103876,0.67225754,0.5374204,-0.18412605,0.86462355,0.41082412,-0.7882154,0.2761963,0.07185542,-0.22012684,0.3332317,-0.07666749,0.68317986,-0.0985069,-0.14723447,0.02415271,-0.09782267,0.28250015,0.25740343,0.005811917,0.3411114,0.31878027,0.44938746,-0.30763972,-0.27042145,0.532027,0.12922733,-0.18724038,-0.24784648,0.50748557,0.32102406,0.4925766,-0.14543362,-0.23584808,-0.20846057,-0.14169425,-0.0012314991,-0.32619813,-0.14001697,-0.45531398,0.036672644,0.15329447,0.27193314,0.0833827,0.055735033,0.023775442
11,0.9888123,0.6459152,-2.599321,0.74250865,2.2601287,-3.5816226,1.6528583,0.0019484386,1.696506,-0.29775244,-1.0928007,10.242168,-3.0050085,-0.9449759,-0.36037302,3.179349,2.1400838,-0.091620944,-0.76782566,0.7457276,1.73036,2.470912,-0.5616381,-0.8160831,-1.5657588,-0.08797325,-0.038394213,-0.6455513,0.7532998,-0.03871053,1.6754055,0.12528187,-1.7996399,-0.2594446,0.93254936,-0.4442186,-0.22104868,0.5173967,0.68166065,0.64554965,2.0197954,0.5712853,-0.99389493,-0.35508475,0.026686743,0.032550648,0.5371748,-0.40445772,-0.7807636,0.91922665,-0.4978832,0.80070716,-0.372334,-0.33972102,-0.6487894,-0.74003685,0.3898369,0.5481363,-0.8477572,0.76363516,-0.7282765,-0.43512064,-0.1571384,-0.13657169,0.33278915,-0.60934114,-0.882632,-0.024303887,0.55202675,-0.13756476,-0.918486,-0.09860152,0.11337049,0.055780277,-0.296045,-0.29485774,0.664626,0.2259646,-0.050190777,-0.47712982,-0.31459606,-0.59335756,-0.2103,0.4813633,0.062366597,-0.3546072,-0.038338304,-0.40764016,-0.16314337,-0.10371065,-0.08512892,-0.4981284,0.37625957,-0.22837749,-0.49020135,0.50635403,-0.10556489,-0.4116752,0.11260769,-0.6118963,-0.12900577,0.50449336,0.18396547
12,0.5561286,8.679352,-0.11779072,0.8237476,-3.5271397,3.0252638,-4.4548225,-0.15279263,-3.1388888,0.7556076,2.5883975,-3.0050085,6.3323503,0.5160427,-1.8206432,-1.6139078,-0.13744137,-1.0743313,0.16775565,-0.23187758,-0.114442945,-2.0465937,-0.50471485,0.5197328,-1.361527,-0.96091413,0.9940002,0.65386975,0.04906243,1.1921194,-0.3695143,-0.6484189,0.2896369,0.6985253,-0.9610429,-1.1411023,1.5966347,0.18062134,-0.49795544,0.9692736,-1.1253401,-1.0430403,1.0775421,0.2070112,-0.4036607,-0.1518695,-0.4332731,0.7152604,0.47385812,0.20308909,-0.50536764,0.7940724,0.5427269,0.22887412,0.41158223,-0.48999014,0.6284846,-0.2835738,-0.40431395,-0.33387175,0.17120028,0.39094317,0.031884633,0.085488856,-0.28372994,0.29283231,0.09571751,-0.0025480944,0.347651,0.30875978,-0.3278916,0.22439653,0.15180099,-0.074906304,0.13859561,0.39316618,0.017086303,0.15034297,0.017388005,0.16138385,0.1267092,0.2391367,0.3336343,-0.20411538,0.23886146,0.39915845,0.072125524,0.2623344,-0.0575943,-0.21696302,-0.62872756,0.21879014,-0.13351357,0.043792076,0.10763034,-0.3695365,0.08524513,0.35637295,0.035089977,-0.1110515,-0.039745815,-0.37315148,0.02772557
13,0.9873123,5.2726564,-1.3734276,4.446308,-1.6504147,0.13277549,-4.4318867,-0.9956608,2.047748,3.4188719,1.5059929,-0.9449759,0.5160427,6.048869,-2.7523332,-0.92254037,0.80893,-1.2998567,-1.117729,-0.14605892,2.341164,-0.7928584,0.79783225,-0.085935354,-0.5045203,-0.23030552,-0.6737608,1.1986136,-0.34041983,0.9592023,-0.503003,0.4075782,-1.2091537,1.0378113,0.5892117,-0.804526,0.112556115,0.3355371,0.16746332,0.4140613,0.46119326,-0.42656273,-0.5166449,-0.69608426,-0.22377193,-0.29600698,-0.16555524,-0.22216102,-0.3758946,-0.40421546,0.5851286,0.05577778,-0.5790046,-0.25304043,0.13532972,-0.10997906,-0.21042274,0.19117382,0.78363204,0.09475069,0.41027033,0.055391703,0.12762335,0.8355868,0.6871524,0.16331208,-0.1489299,0.46636778,-0.34434754,0.34006754,0.37213382,0.7034793,-0.071929544,-0.39516017,-0.26987088,0.5996094,0.048586212,0.31409556,0.16468778,0.22026207,0.13066716,0.18472412,0.11594173,-0.06020989,-0.37704906,0.067248166,-0.19776422,-0.117774956,-0.14467427,0.22328416,-0.33775544,0.33837378,-0.18576169,-0.08413442,-0.025655948,-0.030635674,-0.3555718,-0.046000678,-0.035441708,0.07598752,0.20727421,0.18652897,0.19894522
14,0.22935829,-2.7679162,3.1594756,2.1195087,-0.64438957,-0.8548912,5.254472,1.8984591,-4.1120996,0.1028244,-1.3456646,-0.36037302,-1.8206432,-2.7523332,9.961935,-1.2302771,0.63675946,0.91068166,0.076375335,2.2420292,-1.1590215,0.41660044,-0.59817266,-1.8904669,0.80107164,0.84847313,1.3120997,-0.26988143,0.17914525,-1.8323077,-1.5661385,0.39762884,0.9832754,-0.0716332,-1.2789586,1.0813783,1.0405061,-1.2086627,-0.07395529,-0.197932,-0.106932566,0.08028785,1.1868718,-0.349216,0.92272663,0.65212107,-0.027907811,0.6669215,0.02944515,-0.083679095,-0.7142145,-0.25022566,0.89781153,-0.9162618,-0.60526586,0.6160557,-0.4173263,0.0071820403,0.77122605,0.86332345,0.0928538,-0.61269665,-0.03420462,-0.28205895,-0.5364622,-0.16375929,0.49304086,-0.2738984,-0.13199982,-0.5597559,0.7095642,0.7121422,-0.015301298,0.7679025,-0.31682062,-0.47115844,0.06305908,-0.06439239,-0.22659749,-0.49354035,0.04119195,-0.02442621,0.06474455,0.24215895,0.42062587,-0.121892266,0.40559548,0.06871636,-0.19412857,-0.3107477,0.4718187,-0.3037231,0.39183956,0.25254518,-0.06641802,-0.030197188,0.14779021,-0.12681943,0.21361148,0.48224634,-0.28657556,0.22091179,0.16747516
15,0.14362757,2.764923,0.0025850392,1.3856454,2.6106308,0.39448166,-1.5859687,-2.3637853,0.54346687,-0.83399385,2.60287,3.179349,-1.6139078,-0.92254037,-1.2302771,5.509091,-0.33728114,-0.52879286,0.23867324,0.4924068,0.752969,0.16005424,-1.4987152,1.5646203,-0.11979619,-0.39960864,-0.850893,0.6867746,0.46285856,-0.33578503,1.075566,-0.18215753,-0.38025057,-0.76538384,0.40638196,1.0668721,-0.43154174,0.63562,0.08503753,-0.008465913,0.938096,-0.16137365,-0.67632,0.37533236,0.18372628,0.30467921,-0.23336416,-0.28504997,0.07719224,0.58796465,0.23659404,0.53856015,-0.69580173,0.9259675,-0.4103917,-0.16697505,0.62925184,0.5496863,-0.36585087,0.33059564,-0.21227661,0.49822372,0.33793807,-0.36970073,-0.19881546,-0.117165774,-0.07674535,0.098479584,-0.10390028,0.14961576,-0.4868781,-0.5665018,0.16384584,0.31878102,0.05875144,-0.49300528,-0.15384667,0.2789775,-0.17781596,0.07940324,-0.4965369,-0.6940441,-0.11382209,0.41842678,0.049707234,-0.1884076,0.50181794,0.05952066,0.17403743,0.28860337,0.24756116,-0.24625286,0.048685547,-0.34556818,-0.34232092,0.23655011,-0.32754683,-0.09442234,-0.03670285,-0.20481303,-0.08014302,0.25431228,0.02439316
16,0.06477697,1.3747714,-2.731832,4.894541,1.576413,0.14534974,2.7993407,2.0294638,-0.2765462,1.6607083,-0.5176071,2.1400838,-0.13744137,0.80893,0.63675946,-0.33728114,5.9280486,-0.42476097,-0.65547323,1.1787994,1.997251,-0.6968864,0.250866,-1.0466515,-0.8763312,0.01371794,0.016115235,-0.0089325225,-0.5716814,0.3828524,-1.193542,-0.89424986,-0.7642435,0.530713,0.6767,-1.3999906,1.5025876,0.18924649,0.046550848,1.6995888,-0.11184332,0.8601156,-0.43645245,-0.62066793,0.3796666,0.15061888,0.60859215,-0.15235326,-0.15159112,-0.60299647,-0.2724412,-0.35240662,-0.0871454,-0.049088784,0.29614496,-0.55429333,0.39046264,0.64213157,-0.03346043,0.17251052,-0.37328473,0.18612829,0.36955136,0.3562429,0.72973466,0.17006849,0.52206415,-0.100079596,0.02949214,0.23210895,-0.19549793,0.12090143,-0.15848851,0.0054859114,-0.27570027,0.1251115,-0.04015153,-0.06907958,-0.14387342,-0.6269208,-0.02469584,-0.27428573,-0.1035148,-0.25833386,-0.12288479,0.12565659,-0.38481745,-0.18927212,-0.021450767,-0.1407161,-0.38756147,-0.37637714,-0.06266417,-0.252383,-0.10303284,0.02402796,0.2273908,-0.23227009,-0.0520984,0.1635169,-0.05534417,0.15299764,0.10872345
17,-0.13007136,-2.4479914,0.20989415,-1.549016,-0.4498182,-0.75279355,3.2106247,-0.07082653,-0.111133575,0.86503506,-2.2227573,-0.091620944,-1.0743313,-1.2998567,0.91068166,-0.52879286,-0.42476097,2.3802981,1.4662824,0.026104303,-0.6210804,0.52050495,0.16382948,-0.60647905,0.561334,0.17570484,0.16848406,-1.1765559,-0.36229214,-0.43491787,0.081942126,0.18931046,0.01907976,-0.36755183,-0.74398124,0.3964206,0.27417734,0.24485943,0.0024314737,-0.32881415,0.18388507,0.42442852,-0.019274008,0.1312298,-0.08430816,-0.17881846,0.25820345,-0.13709487,0.21716312,-0.2980052,-0.15165097,0.019001905,-0.07872746,-0.4747628,-0.06810269,0.19486424,-0.31755012,0.021466333,-0.06225425,0.09299471,-0.082913056,-0.018697666,0.22892839,-0.0024313224,-0.2347855,0.049452,0.015028426,0.14630601,-0.028301511,-0.05724752,0.40882975,-0.04167285,0.2012636,0.020320242,-0.056714043,-0.07505146,0.06466185,0.042777397,-0.08844611,0.06662321,-0.054388,-0.105210796,-0.14965713,-0.0014157102,-0.25189352,0.20870928,0.1318579,-0.17535931,0.17641571,0.008632131,0.22870141,-0.03748846,-0.20293353,0.09454323,0.08425788,-0.03804979,0.233631,0.20206794,-0.09899187,0.035944622,-0.12597957,-0.24912146,-0.032562234
18,-0.59480834,-3.7643652,-1.1511712,-3.9135332,2.1018221,-0.07597603,2.6669817,1.1885092,1.9642558,-2.4470124,-0.045413878,-0.76782566,0.16775565,-1.117729,0.076375335,0.23867324,-0.65547323,1.4662824,5.7273216,-0.4327441,0.20574005,0.065433994,-0.33831322,1.414241,1.2991469,0.6530745,0.2573764,-0.558264,-1.0935057,0.9265206,-1.0567734,-0.019605536,-0.8073274,-0.95172584,0.51358366,0.6895432,0.62784064,0.46129334,-1.1263509,-0.2639885,0.078076586,0.089477345,-0.16277024,-0.13872674,0.005669027,-0.17063719,0.28233546,-0.36845493,0.55784786,-0.25177056,0.14782746,-0.02217324,-0.26071808,-0.17885536,0.10235205,-0.004914266,0.018218726,0.26098362,-0.30613914,0.3101377,0.06745876,1.1107253,0.6166456,-0.07228728,-0.99159753,0.36531454,-0.17712715,0.5459136,-0.12995854,-0.1853941,0.049528033,-0.3403157,-0.007463428,0.37404156,0.4068573,0.383848,0.13606091,0.19924194,0.1101951,0.132242,-0.08621378,-0.2178545,0.15789703,0.30816844,-0.42042226,0.34842002,0.47448897,0.154874,0.27522802,0.10457823,-0.117524415,0.15167916,-0.21009636,0.15866765,-0.14501196,0.0636837,0.5652565,0.0024551142,0.18851858,0.023544893,-0.3079257,-0.21153691,-0.017352875
19,0.60032934,4.903434,0.13250601,3.7302432,-0.17261449,-0.18509716,-0.2207889,-0.16921571,-1.6053845,-0.17488788,0.9100231,0.7457276,-0.23187758,-0.14605892,2.2420292,0.4924068,1.1787994,0.026104303,-0.4327441,3.6045609,0.4262056,-1.481808,-1.7289896,-0.9878565,-1.1393721,-0.771085,0.34236664,0.6834364,0.06136054,-0.09077951,-1.2521156,-0.59851,0.44481024,0.73006296,-0.8469561,0.46586123,0.35164133,-0.7360977,-0.077751294,-0.5174903,0.4045452,0.81110203,0.31043738,0.028732294,0.26234773,0.69863737,-0.07587905,-0.20697066,-0.21399535,0.32421884,0.066612884,0.19119552,0.43901312,-0.1599049,0.09757458,-0.15775588,0.102240995,0.26384717,0.008551665,0.4718492,-0.1263012,-0.32945073,0.18187791,-0.47051585,0.3442201,-0.43539566,0.19393437,-0.21841392,-0.13748796,0.012100048,0.5289597,0.083018884,0.38093397,0.19754079,-0.04312882,-0.016639074,0.11490257,0.047801703,-0.021207523,0.041015737,-0.4107725,-0.16837564,0.17635843,0.38659835,0.01328093,0.023438722,0.035814963,-0.123245716,-0.16712195,0.037652194,-0.20847857,-0.13788314,-0.21089467,0.1778264,-0.2713684,-0.055285312,-0.10226831,-0.2103534,0.1590511,0.026834851,-0.04244481,0.08794987,0.2897283
20,0.27673492,2.5581746,-2.3006885,4.4722195,0.46132922,2.859458,-1.4984024,-0.033381492,-0.25796387,1.4494472,-1.4528477,1.73036,-0.114442945,2.341164,-1.1590215,0.752969,1.997251,-0.6210804,0.20574005,0.4262056,5.924796,-0.71155524,1.1646179,-0.81301,-0.526677,0.061975144,-0.75665784,1.7155317,-0.97983116,1.3527343,0.26511508,-0.00084361766,-0.49789706,-0.45032,0.95841724,0.04708014,0.7755215,-0.1535668,-0.11303522,1.2049439,0.6143789,0.14681768,-0.36917663,-0.6960336,0.112199694,0.06127111,-0.3406151,-0.3539094,-0.29569727,-0.4710977,0.55863905,0.77031505,-0.8903942,-0.25118452,-0.22605717,-0.00929301,0.10178377,0.18288611,-0.2563272,0.12888497,-0.030543178,-0.0119868945,-0.004190772,0.3417855,0.15073876,-0.0033617187,0.049791016,-0.34530097,-0.14296123,0.016966064,-0.07064301,-0.06614014,0.21967295,0.34930727,-0.13963702,0.11168674,-0.24270484,0.27231866,0.080549166,-0.05468698,-0.21575688,0.1507844,0.24871117,0.0821528,-0.14948797,0.45236933,-0.40431085,-0.13015586,-0.30096895,0.5121461,-0.35642454,0.09211501,-0.10834767,-0.56774914,-0.18866235,0.04152099,-0.22083035,-0.0784135,0.028318968,-0.018506877,-0.26882938,0.11589395,0.25668836
21,-1.0613894,-13.746504,2.323873,-5.3444347,0.7888656,-1.8420956,5.5217257,0.27048635,2.4786444,-0.67662334,-2.3350694,2.470912,-2.0465937,-0.7928584,0.41660044,0.16005424,-0.6968864,0.52050495,0.065433994,-1.481808,-0.71155524,6.34175,2.3725433,1.1657077,2.2094212,-0.55748177,-0.82206845,0.65905803,-0.13928197,-0.79478824,1.4153434,0.9170979,-0.23991978,-0.11819325,0.62521654,-0.5135243,-0.21365163,0.10281855,0.21731785,-0.22008267,-0.05534727,-0.25066474,-0.15182048,-0.96337974,-0.31286103,-0.35877222,-0.13954107,-0.019444838,-0.07872069,-0.14897957,-0.21722335,-0.22480915,0.040644687,-0.7942108,0.2714284,-0.20792225,-0.22842129,0.5806173,0.12625135,0.1760334,0.2536239,-0.09333057,-0.64705276,-0.20217848,0.016460683,-0.13342556,-0.47855276,-0.40366265,0.044698253,-0.026550304,-0.16655442,0.26001468,0.13029304,0.5702834,-0.33573288,0.08877377,0.26491964,0.13455933,0.049264655,-0.37089527,0.14878678,-0.3347347,-0.10449904,0.331832,-0.102165155,-0.30777442,0.10947789,-0.1482228,-0.079182,-0.14521214,0.27082047,-0.07783226,0.113594115,-0.1251535,-0.036423683,-0.06517342,-0.11821589,0.01716265,-0.24700847,-0.41112897,-0.17291082,-0.04514548,0.13918489
22,-0.3020392,-6.8055573,0.40063822,-4.498603,0.39169407,-0.7273722,2.425825,0.4307424,1.1541059,1.199254,-2.7802887,-0.5616381,-0.50471485,0.79783225,-0.59817266,-1.4987152,0.250866,0.16382948,-0.33831322,-1.7289896,1.1646179,2.3725433,5.9589252,-0.54147923,0.36762792,0.7269819,-0.68159366,-0.5271857,0.040775232,-0.423904,1.6717825,0.085267104,0.20611972,-0.5367496,1.0666685,-1.35472,-0.8614955,0.025863111,0.5042405,0.81405485,-0.55766857,-0.2580788,0.36394158,-0.52923787,-0.018905254,0.2355867,-0.14675307,-0.0523242,-0.007387958,-0.7424805,0.13007537,-0.04979936,-0.16351867,-0.63762116,0.5190578,-0.21182613,-0.033187434,0.391516,0.33694464,-0.6088189,0.17760722,-0.015856883,-0.39845753,0.30696654,0.338379,0.4620052,0.00088064733,-0.07978137,0.30950636,-0.58017695,0.05057975,0.1901612,0.037334062,-0.09575456,-0.16957414,0.024697168,-0.17233375,0.010739929,-0.116786435,-0.5225004,0.22240672,0.25973132,0.20875832,0.0013789434,-0.5096983,0.31814694,0.0051748166,-0.116712704,-0.23691928,0.27898532,-0.1086614,0.17979795,-0.20935781,-0.2929759,0.031051356,-0.14438298,0.10747233,0.07254304,0.03814423,0.015328383,0.057883874,-0.26043522,-0.06290445
23,-0.112010464,-1.0611707,0.880846,-1.6443524,0.21395612,2.7055664,-2.6985474,-0.48116586,2.1096473,-0.924482,0.8676992,-0.8160831,0.5197328,-0.085935354,-1.8904669,1.5646203,-1.0466515,-0.60647905,1.414241,-0.9878565,-0.81301,1.1657077,-0.54147923,4.6881957,0.9201976,0.24558619,-0.33632594,1.3304942,0.068163425,0.36421737,-0.10607551,0.42757338,-0.07290183,0.46286732,0.31749725,0.034433614,0.24526986,-0.08671273,-0.6324339,-0.30045387,-0.29830295,-0.7200347,-0.254026,-0.31601262,-0.30375355,-0.29595166,0.23782644,-0.4307715,0.4246573,0.24911234,0.29261965,-0.17389879,0.30149487,0.31714725,-0.19616455,-0.27353686,0.3747854,0.2348524,-0.06671131,-0.515418,-0.017956046,0.6698316,0.41300517,0.18746126,-0.6122848,0.5596812,-0.18878382,0.088854596,0.020523135,0.2745749,-0.1654335,-0.17851625,-0.27708817,0.16471507,0.39549953,0.27200454,0.14630017,0.19587758,0.21889138,0.14144108,0.083236784,-0.20265967,-0.106799036,0.32919765,0.13318694,-0.22517326,0.27197227,0.23969343,0.080068685,-0.14070475,0.21275362,0.3199701,0.05985379,0.0751397,0.22224474,0.048283674,-0.06353903,-0.10937082,-0.12657207,-0.26502585,0.15679869,0.22212818,-0.031443805
24,-1.6528299,-9.521463,0.72377783,-3.683494,2.2148304,0.1801892,1.7883933,-0.06506549,1.4528208,-1.3802543,0.2703726,-1.5657588,-1.361527,-0.5045203,0.80107164,-0.11979619,-0.8763312,0.561334,1.2991469,-1.1393721,-0.526677,2.2094212,0.36762792,0.9201976,3.7599769,0.42518938,-0.8089222,0.19133204,-0.45028454,-0.9671217,0.06688456,0.47898108,0.14204992,-0.41319624,0.3715293,0.34775308,0.18048015,0.08904838,-0.8856895,0.10424876,-0.71503705,-0.52704203,0.0070757437,0.049594663,-0.36123967,0.19812143,-0.383101,0.14725134,0.30059668,-0.15947723,0.08825072,-1.0364044,-0.2785182,-0.021685947,0.31540895,0.30074495,-0.25257742,-0.11582311,0.57543325,0.20695874,0.26115036,0.3761354,-0.03554692,-0.55237186,-0.12687829,0.056763083,-0.13191634,-0.36384666,-0.27919155,0.36633912,0.3185541,-0.059420034,0.05809712,0.45908618,0.04086692,0.20165555,-0.23123002,0.0775348,0.46743855,-0.007743745,0.051225018,-0.0560915,0.08536372,-0.034993164,-0.27459404,-0.20668621,-0.07109019,-0.007299116,0.11848299,-0.020660058,0.2882564,0.12632115,-0.0014047256,-0.0696091,0.21402615,-0.029816303,0.014527271,-0.07115084,-0.1386989,0.25125173,-0.12971774,-0.0462889,-0.055126593
25,0.32841468,1.4754165,-0.23462081,-1.6240995,2.117334,-0.013129425,-1.758537,0.6654893,2.279018,0.7901373,-1.0180697,-0.08797325,-0.96091413,-0.23030552,0.84847313,-0.39960864,0.01371794,0.17570484,0.6530745,-0.771085,0.061975144,-0.55748177,0.7269819,0.24558619,0.42518938,2.9254873,-0.74660146,-0.6881915,1.0358226,0.04962759,0.68861794,-0.64814854,0.00994757,-0.7975962,0.3155647,0.11760943,0.06116043,-0.45306605,-0.26616442,0.17469323,-0.10816197,-0.4235679,-0.26181516,0.71472603,-0.06861879,0.08091709,0.2461432,-0.34025455,0.10589303,-0.25521076,-0.22857481,-0.62405187,-0.24649213,-0.4583786,-0.14404052,0.3990335,-0.07474645,-0.0154899135,0.24204104,0.06818201,-0.2120422,0.08062575,0.06718986,0.25865752,-0.4972151,0.40788776,0.104865626,0.23094136,-0.28216988,-0.6509639,0.0915803,0.3013187,-0.033541843,-0.064139694,-0.14485604,0.016893778,-0.15542385,-0.04500281,-0.00907964,-0.1585829,-0.038881555,0.30033597,-0.07337032,0.099155486,-0.08570069,0.07754606,-0.06266829,-0.1530482,-0.040661797,-0.13742635,0.19531816,-0.067928106,0.24993879,-0.041732438,0.08983121,0.04005684,0.026559256,-0.13681662,0.07204719,0.19532475,0.2490544,0.06428105,-0.08507577
26,0.27381954,1.05043,-0.34464276,1.5697569,-1.6656263,-0.6361091,1.4186834,0.7150672,-2.1801403,-0.4515419,-0.080782935,-0.038394213,0.9940002,-0.6737608,1.3120997,-0.850893,0.016115235,0.16848406,0.2573764,0.34236664,-0.75665784,-0.82206845,-0.68159366,-0.33632594,-0.8089222,-0.74660146,2.222789,-0.5505862,0.01546471,-0.41542137,-1.2131432,0.0067789224,0.29665458,0.33736032,-0.6521618,0.0081829615,0.8651943,-0.12586364,0.048572578,0.3570436,0.2110629,0.06274271,0.55504775,-0.46497798,0.06197702,-0.07927937,0.31304735,0.2525531,-0.2639983,0.5628254,-0.29268724,0.30041772,0.33249563,-0.009186534,-0.34305364,-0.2069762,0.17965215,-0.20792784,-0.1874783,-0.34674025,0.070685245,-0.03414969,0.002939274,0.1363394,-0.08234219,0.056172974,-0.019611534,0.07101631,0.24491933,0.14340174,-0.16653189,0.12708241,-0.22454977,-0.22532527,0.2239666,0.05388399,0.21141914,-0.009580053,-0.008401908,-0.060424335,0.112249404,-0.03985203,0.0032549489,-0.02273607,0.23459181,-0.013935924,0.0068411697,0.24551392,-0.0540353,-0.22635779,-0.050506815,0.051932834,0.11213962,0.3624439,0.025171712,0.15066183,0.13203532,0.03272616,0.06808715,0.08545084,-0.101981,-0.10474763,0.04529552
27,0.4042832,2.7415566,2.2708282,3.198576,0.041598238,2.644845,-2.920348,-0.35373232,1.5935984,0.99457765,0.30296907,-0.6455513,0.65386975,1.1986136,-0.26988143,0.6867746,-0.0089325225,-1.1765559,-0.558264,0.6834364,1.7155317,0.65905803,-0.5271857,1.3304942,0.19133204,-0.6881915,-0.5505862,3.7569451,0.19930378,0.83880544,0.44399828,0.23750058,0.6608974,0.24204925,0.091271475,0.48159048,0.8558302,-0.29680514,-0.2009665,0.001747196,-0.2073899,-0.39901382,0.14618596,-0.8830428,-0.25768232,-0.17681721,-0.141065,-0.34560502,0.34998453,-0.062469736,0.8396854,0.28802514,-0.39220446,-0.05179947,0.16478151,-0.17055558,0.14110477,-0.03481837,-0.121759936,0.17078991,0.45266014,-0.061325558,-0.0019498705,-0.07726073,-0.21029453,-0.330361,0.2889335,-0.578514,-0.20136246,0.286076,-0.24129584,0.41188413,-0.17431249,0.62008214,0.05737786,0.0054085655,-0.096176,0.15985057,0.12903368,0.34299824,-0.03964413,-0.053337246,0.035084702,0.31941003,0.2400459,-0.10412833,-0.15537947,0.12679765,-0.33078212,0.015503855,-0.024828415,0.10635437,0.06282979,-0.20850223,-0.10965392,-0.24809349,-0.1615997,-0.18823409,-0.068303734,0.021534618,-0.1340905,0.14264655,0.049588125
28,0.9240935,6.347079,1.0893211,-0.84698224,1.948644,-1.5899231,-1.9037378,-0.22877972,1.1525033,1.1492405,0.4176899,0.7532998,0.04906243,-0.34041983,0.17914525,0.46285856,-0.5716814,-0.36229214,-1.0935057,0.06136054,-0.97983116,-0.13928197,0.040775232,0.068163425,-0.45028454,1.0358226,0.01546471,0.19930378,2.9557922,-0.29346186,1.2105498,-0.71274126,0.31727868,-0.34763557,-0.42916742,0.063704565,0.28667492,-0.21899001,0.48575497,0.20201868,-0.09548718,-0.4964196,0.4244432,0.959205,-0.051712945,0.03771586,-0.35099417,0.27796465,-0.28260142,0.6978399,-0.45740926,-0.02763652,-0.20363416,-0.5053272,0.02333793,0.06400212,0.35964358,0.3043431,0.29928845,0.058642354,0.2565593,-0.2263552,-0.0445545,0.31404626,-0.16654877,-0.01292243,0.21771692,-0.23429438,0.35902423,-0.39061296,-0.047666766,0.55575454,-0.25742483,-0.047152005,-0.18328562,0.012429491,-0.011431456,0.08821291,0.046262234,-0.012496249,-0.051233537,-0.13873172,0.033948023,0.11509149,0.2440207,-0.05363398,0.30071235,-0.011075746,-0.15457061,-0.25901324,0.14926916,-0.096912704,0.2341657,-0.12767869,-0.0502839,0.028183749,-0.12514007,-0.17417882,0.12328148,-0.066286534,0.29006487,0.0954051,-0.1706019
29,-0.22338435,0.8889406,-2.3774405,-0.2976256,1.8420035,1.0497677,-1.9403769,0.8522471,1.7161338,-2.6123993,-0.33275443,-0.03871053,1.1921194,0.9592023,-1.8323077,-0.33578503,0.3828524,-0.43491787,0.9265206,-0.09077951,1.3527343,-0.79478824,-0.423904,0.36421737,-0.9671217,0.04962759,-0.41542137,0.83880544,-0.29346186,3.2979085,-0.7289458,-0.25634694,-1.2436469,0.10039222,0.72204924,0.36627185,-0.08348425,-0.79854953,-0.17203669,-0.463477,-0.6042307,0.015153851,-0.2705779,-0.4799596,0.6854906,-0.45575023,0.102022365,-0.37223047,0.26411498,-0.78507304,-0.105095506,0.629184,-0.40948448,-0.10645885,0.35126564,0.2564624,-0.3603574,-0.081439264,-0.47971016,0.100143105,0.21839617,0.014768023,0.24833858,0.35635495,-0.28947383,0.028551303,0.10678437,0.08110823,-0.15731604,0.053686112,-0.4880051,-0.0138143785,-0.04621961,0.109185874,0.30128223,0.26606566,0.023860054,-0.03625599,-0.112495005,0.058176905,-0.15418401,0.057494156,-0.17179063,0.00492865,0.09134345,0.23810083,0.047968183,0.0033419463,-0.14654551,0.18459019,-0.4139657,0.0021361678,0.064868376,-0.0322847,-0.14283529,-0.14479887,-0.09079246,0.047372185,0.06624161,-0.13750204,0.20348245,0.19941652,0.083258286
30,0.2967711,1.3597215,1.378114,-2.0519648,1.4036819,0.02416417,-0.952018,-0.23605442,2.9683352,3.2021046,-1.3567302,1.6754055,-0.3695143,-0.503003,-1.5661385,1.075566,-1.193542,0.081942126,-1.0567734,-1.2521156,0.26511508,1.4153434,1.6717825,-0.10607551,0.06688456,0.68861794,-1.2131432,0.44399828,1.2105498,-0.7289458,4.6876903,-0.065292194,0.27830523,-1.0798533,-0.047787085,0.0027424037,-0.7090752,0.53419805,0.46044487,-0.08966667,-0.3041482,-0.6625203,0.015765047,0.61785126,-1.3038318,-0.035694674,-0.24408618,-0.014932499,0.39919293,0.43117148,0.31023943,0.4152135,-0.5770166,-0.15986821,-0.13415039,-0.46581197,0.19964486,-0.056497894,-0.25876147,0.18308637,-0.4468708,-0.28402323,-0.35643607,-0.21582782,-0.020885352,-0.4215654,-0.15786651,-0.1879474,0.40819705,-0.31826448,-0.14956468,0.20606476,-0.23523304,0.027828276,-0.19398215,-0.5347432,0.04858956,0.14076057,-0.17164661,0.17428389,0.03714219,0.017951455,-0.025332293,-0.13045569,-0.2075403,0.057552442,0.03519417,-0.18984607,-0.18601936,-0.032696582,0.009131735,0.14916801,0.007844855,-0.22017339,0.0062458403,-0.11260861,-0.006762627,-0.042211603,0.05793531,-0.20200771,-0.10149035,-0.013352614,-0.3317822
31,0.0037307271,-3.5624194,1.420507,-0.4475116,-1.7846174,0.86419904,0.14866222,-0.088409476,-0.75374144,-1.1577437,-0.50434756,0.12528187,-0.6484189,0.4075782,0.39762884,-0.18215753,-0.89424986,0.18931046,-0.019605536,-0.59851,-0.00084361766,0.9170979,0.085267104,0.42757338,0.47898108,-0.64814854,0.0067789224,0.23750058,-0.71274126,-0.25634694,-0.065292194,2.4826066,-0.05575782,0.23334084,0.04859162,-0.07450873,-0.56091547,0.36190566,-0.27607104,0.19225451,0.55801034,-0.006810927,0.17572466,-0.47451526,-0.09658599,-0.14293654,0.041305788,0.1774965,0.2230894,-0.0734515,0.27027237,-0.19769053,-0.08421779,0.005199303,-0.4399863,0.018282026,-0.18571979,-0.4493981,-0.30725732,-0.19103101,-0.02965366,-0.006942885,-0.19339944,0.4217319,-0.043604694,-0.31674686,-0.32664233,-0.054879047,0.19666077,0.048468735,0.14571735,-0.09615345,-0.14169082,0.12601432,0.35237944,0.025987137,0.0686896,0.009165833,0.1770771,0.17895469,0.46671122,0.0912568,-0.09490219,0.05777081,0.16677839,-0.031052746,0.1779702,0.11224519,-0.037576996,0.13761538,0.07688938,0.21158749,0.07784567,-0.07583382,-0.003200854,-0.093069494,-0.13420779,-0.01059692,0.063746214,0.039781228,-0.046284504,0.28072274,-0.023172792
32,-0.022357676,-0.7534523,3.0105653,0.4222724,-2.1676097,1.9721725,-0.1866262,-0.8242906,-1.5784826,1.4808018,-0.7126299,-1.7996399,0.2896369,-1.2091537,0.9832754,-0.38025057,-0.7642435,0.01907976,-0.8073274,0.44481024,-0.49789706,-0.23991978,0.20611972,-0.07290183,0.14204992,0.00994757,0.29665458,0.6608974,0.31727868,-1.2436469,0.27830523,-0.05575782,2.4594955,0.17543383,-0.48696154,0.036217198,0.38872105,-0.26818117,-0.23901567,0.14452632,-0.11283405,-0.043603867,0.46457827,0.24439518,-0.39794362,0.39631248,-0.09744899,0.08320247,0.107832424,0.14702895,0.4704251,-0.4677332,0.24066696,0.10810357,-0.039380446,0.16917524,0.47750318,-0.25673038,-0.28551927,-0.50047827,0.19634928,-0.29763383,-0.43463832,-0.19882824,-0.15959075,-0.2799921,0.2744866,-0.69258165,-0.16627833,-0.38440108,0.17830673,-0.050671052,0.20664169,0.15578559,-0.01502821,-0.13760394,-0.18574981,-0.17687967,0.103378415,0.14065447,-0.052856825,0.20798574,0.2338152,0.25808018,0.1782482,0.03213233,-0.16236177,0.13467029,0.10855731,-0.0069080163,0.15149963,-0.07614589,-0.10830064,-0.0040101865,-0.011231574,-0.14881693,0.04243357,0.03322815,-0.108623,0.1402173,-0.09823367,-0.24447559,-0.03934793
33,0.05892659,-0.7797316,-0.17085555,2.0101323,-2.8091955,1.2556708,-0.7815596,-0.6311229,-1.2140037,0.6576357,0.5423081,-0.2594446,0.6985253,1.0378113,-0.0716332,-0.76538384,0.530713,-0.36755183,-0.95172584,0.73006296,-0.45032,-0.11819325,-0.5367496,0.46286732,-0.41319624,-0.7975962,0.33736032,0.24204925,-0.34763557,0.10039222,-1.0798533,0.23334084,0.17543383,1.7386537,-0.35749602,-0.6020127,0.25116748,-0.31985432,-0.08219087,-0.0990524,0.1363936,0.15439028,0.07987552,-0.5891446,-0.08238582,0.18801609,0.30298698,0.03997372,-0.15624148,-0.019647777,0.07110447,-0.06132657,0.6660112,-0.0028258276,-0.011829028,-0.21667728,0.13234511,-0.060146425,0.041312598,-0.20729914,0.04927015,-0.251264,0.037378326,0.110675916,0.30702022,-0.07378664,-0.12991479,-0.051985744,0.017619483,0.15716597,0.15167335,0.17962447,0.1691651,-0.1547047,0.06491594,0.17753838,0.25541353,-0.011273305,0.13149217,0.000103886414,-0.044783674,-0.00526206,0.053245977,0.09144779,0.00896587,-0.2013734,-0.044082023,0.12999704,0.055012926,-0.022250894,-0.1277857,0.016196918,-0.12155393,0.13100117,0.0071748095,-0.048425484,-0.037450813,-0.0021489495,-0.14613134,-0.05392644,0.19692722,0.14719895,0.16848461
