,0,1,2,3,4,5,6,7,8,9,10,11,12,13,14,15,16,17,18,19,20,21,22,23,24,25,26,27,28,29,30,31,32,33,34,35,36,37,38,39,40,41,42,43,44,45,46,47,48,49,50,51,52,53,54,55,56,57,58,59,60,61,62,63,64,65,66,67,68,69,70,71,72,73,74,75,76,77,78,79,80,81,82,83,84,85,86,87,88,89,90,91,92,93,94,95,96,97,98,99,100,101,102
0,533.521,-2.2838993,-0.40802348,-0.461537,0.386383,0.17801267,0.6698551,0.1374726,0.031222247,-0.59318244,-0.10864119,-0.15291177,-0.11112175,-0.20388396,-0.049203623,-0.022938099,-0.018989298,0.041199885,0.10512407,-0.09421861,-0.068296924,0.20691785,0.069185495,0.021665156,0.31554687,-0.06970748,-0.059982512,-0.069672704,-0.18188438,0.045958206,-0.07660128,-0.01168875,-0.008964036,-0.028338466,0.059070826,0.11024365,-0.026280256,-0.104224294,-0.03103961,0.013506304,-0.20379849,0.13543287,-0.035146136,-0.03785871,-0.050001718,0.053408094,0.02534568,0.027629767,0.0154883675,-0.06900297,-0.050758183,-0.061839417,-0.029250965,0.07702004,0.08643412,0.031130692,-0.0035820673,-0.047108777,-0.053380366,0.005486754,0.019503692,0.01672332,-0.025422234,-0.0416117,0.028168567,-0.013842657,-0.01869577,-0.06034963,-0.04927926,0.03360552,-0.0024082796,-0.06450732,0.026405327,0.04532937,0.042321682,0.011427971,-0.011933177,-0.05098181,0.011214504,-0.012059875,0.00085856987,-0.015769243,-0.025881408,-0.038740195,-0.06115537,-0.0062972773,-0.0260926,0.020307053,-0.0065152794,0.0073880735,-0.003778975,0.015209213,-0.024154095,-0.0070406822,-0.001578721,-0.01837385,0.009759254,0.0034361985,-0.037447535,0.027263224,0.019446205,0.012943606,-0.008687269
1,-2.2838993,124.92354,-0.19244039,-3.8454537,-0.16493529,0.45021182,4.7821684,0.59442097,0.5913313,-3.3953886,-2.3459344,-0.11999965,-1.7683942,-1.0870264,0.3873626,-0.64380014,-0.28343362,0.50194144,0.75767255,-0.94937783,-0.4043545,2.6968284,1.3338618,0.28959566,1.8412296,-0.35705608,-0.23157185,-0.548212,-1.1934173,-0.1907112,-0.30395222,0.7248441,0.16159675,0.18807833,0.53524554,0.21410769,-0.5014868,-0.81746006,-0.33921826,-0.34627542,-0.34610718,0.7191129,0.00088536635,-0.5904913,-0.3597536,0.2686765,0.30398893,-0.058220327,0.096101075,-0.31598258,0.10449968,-0.53999233,0.16302514,-0.031137064,0.20483103,0.22554201,-0.21809784,-0.09804723,-0.23392156,-0.20236927,0.030235548,0.11666264,-0.34133118,-0.15515244,0.0036360233,-0.09631525,-0.3064403,-0.24939018,-0.2785632,-0.08715351,-0.12335807,-0.25919533,0.10781316,0.1758546,0.1391812,0.08738505,0.07472877,-0.28363875,-0.113546215,-0.38964888,-0.02478823,-0.011521941,-0.07596128,-0.0387887,-0.22186418,-0.14666784,-0.08786844,0.13247824,0.042194825,0.20119473,-0.016485002,0.04810939,0.065711915,0.029437099,-0.090128586,-0.02674323,0.07832019,0.01437386,-0.18320397,0.075196266,-0.0047207098,0.09825583,0.12672335
2,-0.40802348,-0.19244039,59.557415,0.58430076,0.8625511,-0.11030104,0.17323595,0.26046085,-0.22186992,-0.49625415,0.1244165,0.51204956,0.10206359,0.3099892,-0.46083522,0.10702963,0.5593046,-0.052674763,0.19429043,-0.005539736,0.34779736,-0.48485336,-0.0992719,-0.25026718,-0.14422372,0.1230497,0.091980845,-0.42727476,-0.23246273,0.48005605,-0.24367976,-0.31795892,-0.6041398,0.005614679,0.25707355,-0.0021271878,-0.0028334497,-0.030486485,-0.0024450803,0.16112739,-0.10618745,0.24949136,-0.27432242,-0.09129594,0.111136585,-0.034477714,0.12711173,-0.047416605,-0.15084568,-0.11305694,-0.17972419,0.13699058,-0.13414891,0.14497603,0.0028266762,-0.061621882,-0.022752453,-0.0042951144,-0.01855783,0.07178954,-0.05117762,-0.011980701,0.07184598,-0.023109257,0.21801749,0.013975723,-0.015621729,0.14613473,0.0145353,0.12077558,-0.08307353,-0.06684391,0.014964245,-0.08436748,0.062220737,0.049366675,0.005396354,-0.0054259524,0.09861925,-0.008737012,-0.010098032,-0.06560913,-0.09853247,-0.09628342,-0.16283691,0.031556338,-0.050086956,-0.023972303,-0.092311144,0.028054368,-0.07932582,0.029830197,-0.056665406,0.0010955168,0.030087283,0.094822735,0.042214803,-0.031600595,0.012631943,-0.022279147,0.117477044,0.05418724,-0.020184198
3,-0.461537,-3.8454537,0.58430076,35.914192,1.4138894,-1.2453876,-0.2111051,0.24845864,1.4519353,-1.8658569,-0.52752066,-0.19740327,-0.19609597,-0.86542135,-0.4781046,-0.32930928,-0.9519775,0.2847821,0.7836029,-0.7587918,-0.7946484,1.0476365,0.86489654,0.35892957,0.7182342,0.2831024,-0.30623013,-0.6362738,0.18058231,0.042768642,0.40874618,0.123588696,-0.050247893,-0.35024357,0.35442066,-0.14823225,-0.49339622,-0.26534444,-0.017277014,-0.3842777,-0.39149097,-0.2788189,0.0656064,0.3355468,-0.04562953,0.1264627,-0.1861098,0.028941385,0.220988,-0.027907956,-0.34895408,-0.08938364,0.17995551,-0.1507366,0.36665297,0.12503769,-0.10379393,-0.07806696,-0.09953132,-0.08684958,0.05889868,0.17157708,-0.06740257,-0.048415855,-0.18075337,0.20251614,-0.26843852,-0.011592151,0.1529156,-0.23248282,-0.02475994,-0.28151733,0.1327754,-0.04300869,0.0901739,0.0689817,0.024044966,-0.041229807,0.05381728,-0.08860797,-0.0017285533,0.08518214,0.13523987,-0.0041121417,-0.0023721461,-0.013695346,0.08691323,-0.07713269,0.16896285,0.03646615,-0.108422115,0.06302043,0.03487269,-0.04838506,0.055754412,-0.01811849,0.06493172,0.008481924,0.08360151,-0.0536678,-0.040528767,-0.045557022,-0.08438401
4,0.386383,-0.16493529,0.8625511,1.4138894,26.84692,1.2061661,-0.85958785,-0.95099926,-2.5198357,1.0441514,-0.5685593,-0.45400077,0.6736042,0.310601,0.12620236,-0.5095973,-0.2876733,0.08984813,-0.39421076,0.028184727,-0.07906019,-0.1473346,-0.08424561,-0.035830863,-0.42564955,-0.4044469,0.32457662,-0.019904766,-0.36535007,-0.35706124,-0.26952618,0.34942544,0.4216107,0.5626799,-0.38086307,-0.41865042,0.072228834,0.032864243,-0.22309352,-0.0123239625,0.47441205,-0.0027700886,0.2723409,-0.13767684,-0.21964979,-0.022603516,0.021808472,0.07635566,0.009831985,0.16691713,0.3034184,0.10203852,0.441792,-0.07834458,-0.2886187,0.047273643,0.055106007,-0.022992898,-0.012418248,-0.23916495,0.045600437,-0.13352048,-0.04484044,-0.025111627,-0.07767215,-0.03661291,-0.0728489,0.0625056,-0.010730066,0.009213276,-0.037464626,0.090454474,0.08028038,-0.052697673,-0.15888561,0.017089114,0.059097398,-0.019812755,-0.04879766,-0.09358322,-0.001980578,0.061855577,0.025808234,0.030644782,0.13183239,-0.034775034,-0.02405316,0.04528621,-0.019480208,0.10090402,-0.010563143,0.11794173,-0.002625011,0.04415801,0.08052805,0.049281973,0.0770693,0.1364198,-0.065863945,-0.08379669,-0.024820164,-0.08681619,0.09474072
5,0.17801267,0.45021182,-0.11030104,-1.2453876,1.2061661,25.229614,0.8621119,0.29091898,0.8584416,-0.31655753,0.28142267,0.71445566,-0.53546834,0.006908168,0.2283575,-0.01969604,-0.03229074,0.13440025,-0.007457848,0.042345557,-0.60145044,0.33271307,0.14182907,-0.5608804,-0.036678776,0.030259935,0.13380289,-0.49634477,0.2863143,-0.19026423,0.011066372,-0.18740803,-0.3897323,-0.2770061,0.11018153,-0.058517724,-0.26870847,0.12045796,0.3021314,-0.24085695,0.118205234,0.01875195,-0.07115315,0.11249617,0.17400023,0.022868186,-0.060824245,-0.003510579,-0.21621856,0.12533957,-0.18631575,-0.016842458,-0.037340533,-0.12317473,0.13602708,-0.030854546,-0.17218144,0.11355704,0.21522802,0.15905538,0.011434563,-0.00037732284,0.0012918857,-0.055010334,0.1532261,0.006457676,-0.078706935,0.17265797,0.11818607,-0.03551905,-0.01001804,0.050455526,-0.06439849,-0.13529056,-0.064717084,0.00031314237,0.09576901,0.01898108,-0.011415508,-0.060184788,0.0077197356,-0.070606045,0.033650845,-0.03185876,-0.05063487,-0.050943553,0.021385891,-0.09179574,0.069815814,-0.08685973,0.041484106,-0.08188973,0.0350046,0.07812056,-0.038519703,0.08195323,0.0082317395,-0.01975609,0.08418298,-0.015828008,-0.013107484,-0.02611942,-0.03079851
6,0.6698551,4.7821684,0.17323595,-0.2111051,-0.85958785,0.8621119,17.615423,-1.4873042,0.62024915,0.31532934,1.0969183,-0.2498453,0.8243481,0.80662405,-1.0658398,0.2853302,-0.55360466,-0.57943726,-0.5229096,0.08378671,0.28995895,-1.0480127,-0.4427646,0.5453765,-0.35002202,0.30442506,-0.29459253,0.5719597,0.3735022,0.3728577,0.13438553,-0.037554197,0.014840698,0.13293377,0.04736047,0.038478326,0.10998185,-0.1704041,-0.011191179,-0.004058453,-0.10554412,-0.43318975,-0.004785175,0.35792574,-0.22472376,0.12686259,-0.12275447,-0.21408927,0.22586256,0.17641598,-0.008593828,0.1945807,0.033843204,0.21956736,0.11781904,0.18092945,0.15288761,-0.28674564,0.015181288,0.036594957,0.10027139,0.007564831,0.31954414,-0.05186915,-0.11857252,0.17130777,-0.09207442,0.013308981,-0.03249765,0.18496823,-0.18749593,-0.053115338,0.10614683,-0.13902682,-0.03919071,0.057334565,-0.03318478,0.06543085,0.14431219,0.12061876,-0.12717596,0.2500381,0.16152743,0.1533052,0.17899346,-0.010411181,-0.0545838,-0.08889197,-0.06883572,0.027283093,-0.09492024,0.11548666,0.114371255,-0.124533266,0.1048536,-0.058770597,-0.13031705,-0.054104544,0.06901784,0.038505696,0.026720345,0.088706926,-0.043205366
7,0.1374726,0.59442097,0.26046085,0.24845864,-0.95099926,0.29091898,-1.4873042,18.82933,-0.36493346,0.38508415,0.4990886,0.00076644024,0.016795421,0.18205771,-0.38587373,0.44040522,-0.3917762,0.01994792,-0.22395039,0.0327833,0.018793058,-0.045560397,-0.08139399,0.104152635,0.012592451,-0.13924746,-0.14214598,0.06617382,0.048701096,-0.16753328,0.039405182,0.02165351,0.15952548,0.12680548,-0.047099248,0.0694502,0.0015330291,0.09471065,-0.027950685,-0.05616163,0.16274506,-0.07451251,0.027610866,0.087120414,-0.0726722,0.11949861,-0.098496035,-0.034124963,-0.01924805,0.050151803,0.09287195,0.060556922,0.0054269372,0.11875673,0.01529151,0.09935996,0.09293681,0.038963355,0.056906532,0.008693224,0.07168384,-0.019741405,0.06942223,-0.11952962,-0.002997573,-0.011613034,-0.037801936,-0.014167955,-0.068647295,0.069009334,-0.046692863,-0.050906688,0.123676226,-0.021723922,-0.08616866,-0.0249364,-0.011521561,0.0583505,0.034761474,0.021106418,-0.12411651,-0.0036001243,0.06084861,0.10785933,0.019105174,-0.015449109,0.065679744,-0.011225756,0.04764061,0.083703235,0.04270388,-0.033017218,-0.02299703,-0.06897633,-0.0033741537,0.0016692434,-0.06392222,0.05432716,-0.04030638,-0.013796542,0.00702201,-0.027914396,0.010812324
8,0.031222247,0.5913313,-0.22186992,1.4519353,-2.5198357,0.8584416,0.62024915,-0.36493346,13.83158,-0.026261799,-0.024688406,-0.2817173,0.6770829,-0.36070174,0.9275596,-0.0010300758,0.07879442,0.02394097,-0.4155156,0.3470024,-0.05350712,-0.5110178,-0.23376341,-0.48300356,-0.28903687,-0.37364015,0.43709362,-0.28589007,-0.24986166,-0.30759442,-0.5665982,0.09335551,0.26820064,0.19096872,-0.29099473,-0.24384548,-0.017885935,0.018804839,-0.1693232,0.2932154,0.1778849,0.04216761,0.29843456,-0.03135863,0.22364876,0.090549916,-0.1948244,0.33489195,-0.118107006,0.11672641,0.010237888,0.09105643,0.34914267,0.04110709,-0.27266282,0.054151416,0.055569477,0.0294309,-0.03780152,-0.16308299,0.102476254,-0.15117677,-0.08731113,-0.09572685,0.05113595,-0.072137564,0.08022337,-0.020289017,0.061821386,-0.01150014,0.04946848,-0.019050702,0.12615106,0.11614549,-0.056133248,-0.08058477,-0.115854695,-0.021416187,0.060587205,-0.13446067,0.036332853,-0.09376566,-0.022220686,-0.02820717,0.16099164,0.019822385,0.055121772,0.06278688,-0.095561266,0.09412958,0.013106217,0.054699685,-0.048928577,-0.0021004821,0.096810415,0.106133,0.03219384,0.10527637,0.0002826071,-0.062316634,0.046970133,-0.07735559,0.056104638
9,-0.59318244,-3.3953886,-0.49625415,-1.8658569,1.0441514,-0.31655753,0.31532934,0.38508415,-0.026261799,11.47369,0.15302953,0.020593455,-0.18956484,-0.6795357,-0.09559475,0.09857247,-0.3293019,-0.16986525,0.4968384,0.008664506,-0.21615423,0.1503894,-0.22929066,0.22266546,0.27176404,-0.18742985,0.078894496,-0.20778278,-0.20306574,0.48948684,-0.61885774,0.25531995,-0.26263535,-0.09378716,0.3077309,0.25817907,-0.49197698,-0.39687687,-0.25302106,-0.28374484,-0.078127705,0.18371156,0.11408651,-0.07197205,0.22322771,0.09386708,-0.078746244,-0.048223577,0.006453787,0.030354396,-0.12020937,-0.09411821,0.031295337,0.13584672,0.14710271,0.093522,-0.14725134,-0.077512175,-0.19854918,-0.08119361,-0.02026366,0.11812024,-0.0583212,-0.14340404,-0.069885954,-0.022277303,-0.09922245,-0.012619372,-0.0010908803,0.028949454,-0.15351191,-0.28144535,0.013597362,0.035202477,0.25884914,0.05142817,-0.04056258,-0.105057016,0.020900054,-0.10143931,-0.025028862,0.00989082,-0.046614595,0.013229394,0.1174615,-0.060977694,0.037295915,0.073891,-0.041242115,0.08048395,-0.09393244,0.00421076,0.09247619,0.047339022,-0.060664587,0.028539319,-0.06521468,-0.05016557,0.08076031,-0.014128284,0.046511754,0.07583809,0.04110265
10,-0.10864119,-2.3459344,0.1244165,-0.52752066,-0.5685593,0.28142267,1.0969183,0.4990886,-0.024688406,0.15302953,11.09286,0.19961992,-0.55795956,-0.3166185,0.15000045,-0.58402675,0.07241068,0.43084168,0.027816437,-0.19676043,0.3509254,0.47558326,0.55245054,-0.11056024,-0.048157066,0.14132297,-0.003539328,-0.06473729,-0.069261774,0.048903205,0.25134757,0.1302247,0.15867479,-0.087454446,0.008237338,0.015587103,-0.09909081,-0.24732015,0.15004855,-0.057618625,0.0068766177,0.20918152,0.010866702,-0.15934147,-0.09526847,-0.16502222,0.115221605,-0.122555435,0.008994289,-0.12369262,0.11783147,-0.003742057,0.00392287,-0.31209195,-0.059857838,0.10453583,-0.14476427,-0.0070987293,-0.14944415,-0.09743485,0.036024276,-0.17090413,-0.08373095,0.18183386,-0.08649108,-0.013386166,0.031995945,-0.08610919,0.0060981805,-0.12909147,0.0360303,0.010035044,-0.011037918,0.008465354,-0.06540394,-0.047281016,0.008976609,-0.05947154,-0.09119578,-0.10329946,0.05456038,0.06705691,-0.11800669,-0.033995926,0.05985661,0.036986716,-0.092038795,-0.06696163,-0.08504663,0.033064656,0.029505122,0.026064802,0.027626466,0.004263513,0.053834658,0.023952,0.09172831,-0.017682545,-0.038061336,-0.048469417,-0.02569934,-0.0093939,-0.005591624
11,-0.15291177,-0.11999965,0.51204956,-0.19740327,-0.45400077,0.71445566,-0.2498453,0.00076644024,-0.2817173,0.020593455,0.19961992,10.538157,0.53176767,0.14632586,-0.012691265,-0.6638821,-0.43852472,0.04258943,0.14441107,-0.123728916,-0.30736014,-0.45637447,0.13304302,0.19409418,0.2976634,-0.030053604,-0.01816709,0.1374887,-0.14500813,0.0008087461,-0.35946214,-0.020205487,0.33766362,0.036519773,-0.18873164,0.117780626,0.012973698,-0.082632326,-0.09009655,-0.08969587,-0.42624167,-0.09645297,0.22181533,0.06871395,-0.032237515,0.01518213,-0.097280085,0.092746004,0.14462328,-0.16683063,0.12699276,-0.18299733,0.08527686,0.045182906,0.16111907,0.14194407,-0.07762395,-0.09721847,0.1267175,-0.13102786,0.15430039,0.089942075,0.06502592,0.062363088,-0.09211631,0.13125235,0.14132491,-0.012017675,-0.11745794,0.028100308,0.20188415,0.013450882,-0.02901805,-0.0075271446,0.049448825,0.058461417,-0.11043153,-0.040399507,-0.0076722866,0.07542521,0.0638811,0.120799765,0.041784104,-0.088612154,0.0074032303,0.075157434,0.003515489,0.073043756,0.02995755,0.004941483,0.014682404,0.08673954,-0.07607996,0.053133048,0.09003924,-0.103301644,0.02075137,0.07038674,-0.027013965,0.11995217,0.026427072,-0.092993855,-0.037012957
12,-0.11112175,-1.7683942,0.10206359,-0.19609597,0.6736042,-0.53546834,0.8243481,0.016795421,0.6770829,-0.18956484,-0.55795956,0.53176767,11.156188,-0.117140666,0.2878688,0.25425038,0.026078513,0.20140183,-0.005578994,0.01728638,0.08251198,0.4123083,0.09247032,-0.062913135,0.26844847,0.15894738,-0.1969563,-0.14503932,0.010530804,-0.24474555,0.07393619,0.15540278,-0.03185378,-0.09635638,0.18545133,0.22863194,-0.29501754,-0.040922377,0.061589114,-0.2035039,0.2430287,0.19943893,-0.16992468,-0.05099842,0.0655878,0.01229807,0.074799046,-0.13440898,-0.08613342,-0.048821673,0.09720519,-0.15503764,-0.11593981,-0.049541786,-0.06119552,0.102536894,-0.11620083,0.07457754,0.07783364,0.062236905,-0.046287067,-0.083343394,-0.028788652,-0.012644999,0.040506195,-0.06291536,-0.017515145,-0.01861422,-0.070868865,-0.055962384,0.061799254,-0.060974583,-0.03212531,0.0018187027,-0.0350853,-0.07471892,-0.003421431,-0.027208442,-0.024003886,-0.036161285,-0.031444214,-0.03188704,-0.086719066,0.02626894,-0.03447613,-0.09161928,-0.007168063,-0.05451288,0.020624205,0.057450403,0.10470769,-0.05196823,0.02955949,-0.013765873,-0.028172743,0.072868,-0.012436027,-0.07525329,-0.012059299,0.023224425,-0.004564228,0.07283872,-0.0050040465
13,-0.20388396,-1.0870264,0.3099892,-0.86542135,0.310601,0.006908168,0.80662405,0.18205771,-0.36070174,-0.6795357,-0.3166185,0.14632586,-0.117140666,9.179506,0.4987777,0.14678887,-0.15809399,0.23931345,0.2320437,0.0027888627,-0.4151603,0.16012569,-0.15833259,0.036018185,0.10199861,0.03181603,0.13006693,-0.2427242,0.07441427,-0.19297335,0.108681604,-0.057887763,0.25218165,-0.17804827,-0.114001304,0.15106529,-0.010265201,-0.06914455,-0.053973697,-0.09211597,-0.06581684,0.07592194,0.119100824,0.12332274,0.04265975,0.046534307,0.02580683,0.040610254,0.0740152,0.07099272,-0.116630524,-0.009251931,0.100848846,0.048727985,-0.017970443,0.025867503,0.04386168,-0.023905085,-0.14521915,-0.022339938,-0.08794859,-0.016587554,-0.04689588,-0.16251042,-0.14003968,-0.038940743,0.03649841,-0.096193135,0.06619975,-0.064124435,-0.075268626,-0.14605904,0.012725443,0.06664285,0.048101366,-0.11557956,-0.012629367,-0.05814945,-0.043324884,-0.044374306,-0.030465122,-0.028394038,-0.03538689,0.002270957,0.07837291,-0.02424128,0.044258837,0.021777185,0.035270028,-0.031049572,0.0547301,-0.07045294,0.038222305,0.013014287,0.000921032,0.0070852567,0.07123087,0.0060805883,0.00383164,-0.012842928,-0.047941763,-0.037700348,-0.03812785
14,-0.049203623,0.3873626,-0.46083522,-0.4781046,0.12620236,0.2283575,-1.0658398,-0.38587373,0.9275596,-0.09559475,0.15000045,-0.012691265,0.2878688,0.4987777,7.7244773,0.14770332,-0.11560652,-0.1812465,0.034769233,-0.47632664,0.32388222,-0.049496636,0.10394202,0.42907804,-0.14409523,-0.2047348,-0.25764573,0.014766257,0.004952478,0.33023477,0.3061881,-0.0245448,-0.15135607,0.08626188,0.24708211,-0.1942147,-0.17143914,0.22045277,-0.05105672,0.00618311,0.06812669,-0.013013616,-0.16561043,0.053137813,-0.20029724,-0.16000864,-0.011878129,-0.12439011,0.0050915186,-0.0017260343,0.1359087,0.04436958,-0.19356291,0.16756946,0.14714164,-0.104178526,0.08893213,0.029622076,-0.14556465,-0.17007114,-0.042853273,0.1039312,-0.03222404,0.060489982,0.08415229,0.019774094,-0.09311283,0.016033646,0.019842986,0.114551865,-0.13951781,-0.1670627,-0.0005406138,-0.16920051,0.047456764,0.09394359,-0.011223212,0.014406435,0.008822427,0.08763564,-0.020017091,0.029782014,-0.050906636,-0.06939341,-0.062959194,-0.0012012754,-0.06665325,-0.020374892,0.053829253,0.08657286,-0.12057464,0.04212413,-0.0674272,-0.058344062,4.433063e-05,0.009616416,-0.02132769,0.013536401,-0.050280675,-0.0911652,0.033487305,-0.039608397,-0.03116988
15,-0.022938099,-0.64380014,0.10702963,-0.32930928,-0.5095973,-0.01969604,0.2853302,0.44040522,-0.0010300758,0.09857247,-0.58402675,-0.6638821,0.25425038,0.14678887,0.14770332,7.508708,0.061667215,0.10283445,-0.012237528,-0.122277796,-0.066964775,-0.004361463,0.28770298,-0.24713255,0.029591769,0.037423544,0.15445316,-0.15548456,-0.061395057,0.04589992,-0.21336684,0.07356556,0.09957379,0.19642061,-0.07974228,-0.1865192,0.09663093,-0.12870447,-0.05543912,-0.013701545,-0.15660477,0.035731506,0.18290791,-0.08257602,-0.058014154,-0.07846156,0.03442779,0.061703075,-0.008471676,-0.123768754,-0.039195925,-0.11270275,0.12302728,-0.18977316,0.108394355,0.04273361,-0.11559385,-0.081634656,0.06437065,-0.06333499,0.026340019,-0.10486483,-0.084630385,0.08311413,0.017463999,0.0183155,0.008904815,-0.049378455,0.012850644,-0.023879513,0.097235695,0.08648123,-0.036121637,-0.07576577,-0.023035206,0.097404115,0.034113407,-0.05214326,0.005518194,-0.024504839,0.08782306,0.15330264,-0.0051503754,-0.09614514,0.0076764897,0.02039083,-0.08979933,-0.017630015,-0.022329655,-0.0396316,-0.069005944,0.03380909,-0.0044173254,0.061414734,0.055879682,-0.044144314,0.06844172,0.008578916,-0.000752779,0.041381523,0.00023259147,-0.046071135,-0.0044641886
16,-0.018989298,-0.28343362,0.5593046,-0.9519775,-0.2876733,-0.03229074,-0.55360466,-0.3917762,0.07879442,-0.3293019,0.07241068,-0.43852472,0.026078513,-0.15809399,-0.11560652,0.061667215,6.8961406,0.07969889,0.14055935,-0.23657104,-0.37355652,0.13779074,-0.06063033,0.20628637,0.17198825,0.0028471192,0.0036630076,-0.012255219,0.122125536,-0.0755955,0.23684397,0.18091306,0.15360957,-0.07896869,-0.12794238,0.26721945,-0.27393126,-0.045299135,-0.036408167,-0.3460551,0.04106449,-0.16442457,0.08903748,0.12033486,-0.073203504,-0.044768225,-0.1234453,0.027592134,0.03467372,0.109111264,0.042901546,0.07419302,0.010448655,0.0118403435,-0.060153946,0.11044147,-0.0732757,-0.12116614,0.016161453,-0.036402643,0.06173747,-0.040246487,-0.08600127,-0.07691388,-0.13444169,-0.03914209,-0.09448978,0.013149002,-0.0035372665,-0.04333327,0.030687898,-0.027765311,0.032241292,-0.0057677347,0.05229883,-0.023290025,0.00458297,0.012074014,0.025344405,0.124252096,0.001843123,0.05714313,0.010913497,0.044477146,0.021710612,-0.029999048,0.07733545,0.035532795,0.0070800283,0.03536571,0.06874006,0.071200244,0.015435729,0.043909635,0.018287051,-0.001978092,-0.042367697,0.044185206,0.009710139,-0.032690383,0.0056254994,-0.02868317,-0.01978232
17,0.041199885,0.50194144,-0.052674763,0.2847821,0.08984813,0.13440025,-0.57943726,0.01994792,0.02394097,-0.16986525,0.43084168,0.04258943,0.20140183,0.23931345,-0.1812465,0.10283445,0.07969889,6.917267,-0.28880844,0.011220173,0.111805975,-0.097687885,-0.025448795,0.11819222,-0.11082726,-0.03935889,-0.03815246,0.23238987,0.06879547,0.085427776,-0.030618472,-0.04374841,-0.013771409,0.061665893,0.14208728,-0.06587625,-0.062460475,-0.042250708,0.015397806,0.074865416,-0.05297508,-0.07435481,0.0037896396,-0.019411482,0.00868164,0.04160347,-0.046116453,0.031112473,-0.042764634,0.06237207,0.036991104,-0.010665047,0.022676712,0.08655627,0.018118314,-0.039125875,0.05958336,-0.007735773,0.0014225417,-0.012449726,0.02186833,0.0068166004,-0.027547467,0.009601776,0.042631663,-0.0032342558,-0.013174906,-0.031735316,0.0030193909,0.011237007,-0.071647696,0.010553887,-0.039527506,0.0008374972,0.0106206965,0.0153576275,-0.006701458,-0.009119198,0.01755125,-0.015690979,0.013253308,0.019668318,0.033242192,0.0048997914,0.050694637,-0.034332506,-0.02893896,0.032415394,-0.037341915,-0.009424761,-0.040855125,0.0070723994,0.037762664,-0.015398907,-0.015848162,0.0058191186,-0.046038236,-0.04018225,0.019187849,-0.0077113546,0.02751103,0.05071567,0.0060091848
18,0.10512407,0.75767255,0.19429043,0.7836029,-0.39421076,-0.007457848,-0.5229096,-0.22395039,-0.4155156,0.4968384,0.027816437,0.14441107,-0.005578994,0.2320437,0.034769233,-0.012237528,0.14055935,-0.28880844,5.392771,0.08587994,-0.0667736,-0.024168149,0.05515776,-0.29744232,-0.25136802,-0.100219175,-0.03924022,0.10816114,0.20589298,-0.17194799,0.21494918,-0.0074754492,0.15023209,0.18016821,-0.09543465,-0.1455095,-0.1152568,-0.094842285,0.20914659,0.04055579,-0.00830321,-0.021554321,0.0095803905,0.030245518,0.0116929505,0.028928623,-0.054677833,0.06679052,-0.10577574,0.04654818,-0.04151043,0.0170562,0.049848948,0.04321166,-0.03886101,-0.0013971518,-0.004278927,-0.05880785,0.070928484,-0.06423475,-0.01573217,-0.21380761,-0.12479669,-0.002203759,0.20659618,-0.07422842,0.043649808,-0.0934285,0.030395621,0.034221407,-0.019523215,0.07260081,0.0042399657,-0.06989884,-0.073675446,-0.075567186,-0.033145767,-0.040323492,-0.008872431,-0.017328862,0.017505717,0.035709158,-0.025926393,-0.057193838,0.070192486,-0.06525694,-0.09217894,-0.027201528,-0.056072216,-0.019393599,0.028141428,-0.02347745,0.040640086,-0.03318286,0.03172835,-0.010578351,-0.11038655,0.004111462,-0.032779142,-0.005925924,0.06243414,0.03884916,0.0040208623
19,-0.09421861,-0.94937783,-0.005539736,-0.7587918,0.028184727,0.042345557,0.08378671,0.0327833,0.3470024,0.008664506,-0.19676043,-0.123728916,0.01728638,0.0027888627,-0.47632664,-0.122277796,-0.23657104,0.011220173,0.08587994,5.3649545,-0.06501973,0.29852045,0.34529224,0.21287815,0.21876597,0.12428436,-0.078132555,-0.13106006,-0.0057173353,0.0129195675,0.22034171,0.119638935,-0.08880213,-0.14106649,0.16024172,-0.07094496,-0.07820887,0.14952242,0.029706411,0.11504151,-0.09442841,-0.14537261,-0.040849604,-0.0022261462,-0.06866395,-0.12785771,0.016774442,0.047991157,0.04041419,-0.058210514,0.0028072242,-0.052516066,-0.078549474,0.019777298,0.000456727,0.032006927,-0.019971333,-0.047138315,-0.019673351,-0.083325505,0.029560667,0.06508896,-0.018333528,0.11086245,-0.07987684,0.091057345,-0.053606287,0.027476639,0.020350508,-0.001103533,-0.08892767,-0.020455388,-0.07598092,-0.036525577,0.003957875,0.0056621493,-0.011623877,-0.008873806,-0.0059906477,-0.016425934,0.08039652,0.038180657,-0.035701428,-0.073099926,0.007805947,-0.0017718894,-0.00894264,0.020184942,0.032289684,-0.013319453,0.037456885,0.021504179,0.040125266,-0.030790761,0.049264487,0.008575661,0.02031532,0.035649963,-0.03361753,-0.0051393043,0.007866494,-0.012477718,-0.056413278
20,-0.068296924,-0.4043545,0.34779736,-0.7946484,-0.07906019,-0.60145044,0.28995895,0.018793058,-0.05350712,-0.21615423,0.3509254,-0.30736014,0.08251198,-0.4151603,0.32388222,-0.066964775,-0.37355652,0.111805975,-0.0667736,-0.06501973,4.7071285,0.109245256,-0.2319773,0.099307165,0.097117275,0.036915846,0.16118847,-0.31515634,0.16538544,-0.24351841,-0.036147177,-0.033916637,0.076365665,0.0515561,-0.1804997,-0.033181805,-0.15310965,0.027806409,0.038883835,-0.2320777,-0.12786397,-0.03659102,0.017844137,0.14282392,0.005163246,-0.0025136406,0.072815806,0.05960609,0.054115057,0.09577285,-0.12330669,-0.13098116,0.17808789,0.06405081,0.006799252,-0.006818912,-0.023608487,-0.05789905,0.06512937,-0.030168425,0.013136539,0.008152185,0.0069533642,-0.08888531,-0.002792162,0.0002582862,0.0033281404,0.09753638,0.036720283,-0.007999413,0.0018487796,0.033310294,-0.03696903,-0.05659622,0.038795963,-0.024512623,0.037101567,-0.055366136,0.014324395,0.023842307,0.047352135,-0.04731933,-0.026208546,-0.0043079704,0.007879485,-0.07549386,0.073024504,0.031884983,0.048472364,-0.10759245,0.08753095,-0.0034985624,0.017749198,0.11033966,0.046338744,-0.00743981,0.03811714,0.025831841,0.0027729948,0.0013772608,0.06428132,-0.026468191,-0.049239114
21,0.20691785,2.6968284,-0.48485336,1.0476365,-0.1473346,0.33271307,-1.0480127,-0.045560397,-0.5110178,0.1503894,0.47558326,-0.45637447,0.4123083,0.16012569,-0.049496636,-0.004361463,0.13779074,-0.097687885,-0.024168149,0.29852045,0.109245256,3.9317222,-0.45748314,-0.24362224,-0.4288689,0.121022895,0.16118598,-0.11949271,0.018509442,0.15975639,-0.2743047,-0.19146897,0.035145003,0.0066896686,-0.11980868,0.09514217,0.035812452,-0.017770644,-0.028888766,0.047905397,0.0005228458,0.048704714,0.011623532,0.19115093,0.06604188,0.07571408,0.030898467,0.0029989446,0.013829432,0.032503083,0.04009276,0.04605318,-0.002558577,0.1562527,-0.06220791,0.036494337,0.041944787,-0.12110613,-0.023817532,-0.033140667,-0.043928582,0.021402571,0.13403621,0.03551559,0.004374978,0.028091606,0.0922156,0.086779155,-0.0065497058,0.0036395304,0.031360015,-0.04216892,-0.023592971,-0.10438663,0.06859967,-0.017717853,-0.051718123,-0.02711182,0.00055775384,0.074688435,-0.025580078,0.058194265,0.029307932,-0.058152765,0.013761358,0.06586893,-0.024219584,0.030182892,0.010688331,0.021515867,-0.044600986,0.019651365,-0.02352068,0.02573939,0.010500027,0.0120791495,0.020903535,-0.00028617212,0.050459947,0.07828845,0.038934857,0.0084815025,-0.026845317
22,0.069185495,1.3338618,-0.0992719,0.86489654,-0.08424561,0.14182907,-0.4427646,-0.08139399,-0.23376341,-0.22929066,0.55245054,0.13304302,0.09247032,-0.15833259,0.10394202,0.28770298,-0.06063033,-0.025448795,0.05515776,0.34529224,-0.2319773,-0.45748314,3.8955338,0.104289345,-0.07375931,-0.14823648,0.123951934,0.11273782,-0.015086964,0.08240473,-0.33350188,-0.023313906,-0.047191404,0.086198255,-0.20830828,0.26887858,0.1521895,0.0025691234,-0.07467858,-0.14122568,0.088318035,0.051759016,-0.07096663,0.10335255,-0.00031582866,-0.033288628,0.033509374,0.013522015,-0.002243137,0.14958075,-0.014989339,0.0023185501,0.038367428,0.11884464,-0.09472358,0.038223207,0.0045657824,-0.07733667,-0.07569045,0.122056894,-0.025662357,0.0070899744,0.093139276,-0.050078865,-0.07155928,-0.08225463,-0.0089784,0.016845742,-0.06257101,0.111614205,-0.0023285483,-0.033771627,-0.008856609,0.022774402,0.032546192,-0.005030128,0.037796237,-0.0015016514,0.023030823,0.097046755,-0.04010074,-0.052363753,-0.033661194,0.004273343,0.1013031,-0.055690005,-0.0042240866,0.022216912,0.04280756,-0.0618311,0.025405366,-0.03449787,0.037871733,0.060564518,-0.0052310955,0.025507811,-0.021835048,-0.014509127,-0.0074052867,-0.0023258587,-0.0073746457,0.050727352,0.011244841
23,0.021665156,0.28959566,-0.25026718,0.35892957,-0.035830863,-0.5608804,0.5453765,0.104152635,-0.48300356,0.22266546,-0.11056024,0.19409418,-0.062913135,0.036018185,0.42907804,-0.24713255,0.20628637,0.11819222,-0.29744232,0.21287815,0.099307165,-0.24362224,0.104289345,3.9034379,-0.18278593,-0.017936492,0.07050252,-0.23957011,-0.032714516,-0.057602197,0.021404315,-0.11210226,-0.006471931,-0.123899,-0.05929932,-0.01717335,-0.058653295,0.02026425,0.14734542,0.06771981,0.038602203,0.13595457,0.011210574,0.0694621,0.073276214,0.07062644,-0.037404202,0.08067662,-0.08519462,-0.040682822,-0.06152858,0.04140909,-0.04830415,-0.053278174,0.0152605325,0.04507181,-0.07634844,-0.063044906,0.016109776,0.09958775,0.01353549,-0.12236637,-0.06355892,-0.04637076,0.13347472,-0.10376228,0.038527586,0.0042377375,0.0006457177,-0.056184437,0.028230738,0.05085638,0.05646877,-0.02100981,-0.06814642,-0.05444479,-0.031498086,-0.039880335,-0.020635927,-0.020031344,-0.009957388,0.025200348,0.03950717,-0.05211035,-0.03869216,0.056029446,-0.058420822,-0.042245876,-0.024597716,0.015173936,-0.024870075,-0.05164919,-0.015124867,-0.011703784,-0.0354088,-0.010290641,0.00833985,0.028011406,0.030450754,0.049557805,-0.018858565,-0.044612687,0.005909263
24,0.31554687,1.8412296,-0.14422372,0.7182342,-0.42564955,-0.036678776,-0.35002202,0.012592451,-0.28903687,0.27176404,-0.048157066,0.2976634,0.26844847,0.10199861,-0.14409523,0.029591769,0.17198825,-0.11082726,-0.25136802,0.21876597,0.097117275,-0.4288689,-0.07375931,-0.18278593,3.6096604,-0.076092675,0.15853226,-0.036841024,0.08580565,0.18752894,-0.009264832,-0.09409888,-0.027707513,0.080165446,-0.070717946,-0.070071355,-0.033268455,-0.01918124,0.16662776,-0.023884721,0.14096177,0.09962863,-0.0057245996,-0.009665156,0.07307525,-0.03987887,0.073368475,-0.029337078,-0.057342812,0.029680088,-0.020431684,0.20375061,0.053065807,0.006492467,-0.065458894,-0.058472194,0.048698477,0.021228537,-0.10776517,-0.04135485,-0.05177319,-0.07259392,0.0043293773,0.10158275,0.02786116,-0.012169279,0.02810498,0.07321039,0.055019334,-0.07093625,-0.06466237,0.012552163,-0.010889685,-0.088636234,-0.0070113195,-0.039634936,0.042369,-0.015299558,-0.08771685,0.003585311,-0.009991104,0.009520154,-0.016186561,0.006614608,0.050431382,0.03968868,0.01381452,0.0020921535,-0.023300575,0.004979725,-0.05474726,-0.023221172,0.00037184567,0.012411176,-0.040566396,0.0062870737,-0.0029880786,0.014779424,0.0274457,-0.048562508,0.025251254,0.008025732,0.010746989
25,-0.06970748,-0.35705608,0.1230497,0.2831024,-0.4044469,0.030259935,0.30442506,-0.13924746,-0.37364015,-0.18742985,0.14132297,-0.030053604,0.15894738,0.03181603,-0.2047348,0.037423544,0.0028471192,-0.03935889,-0.100219175,0.12428436,0.036915846,0.121022895,-0.14823648,-0.017936492,-0.076092675,3.610714,0.1446967,0.11223811,-0.17909274,-0.020956423,-0.12702239,0.15176398,0.018808147,0.19216155,-0.059953555,-0.018586114,0.007373796,0.0796182,0.013402382,-0.053306594,0.048903838,0.08184706,0.08019087,-0.14489755,0.0044617835,-0.035775375,-0.05710831,0.065593384,-0.014250862,0.039192278,0.040611748,0.12078733,0.035104252,0.085811846,0.04008674,-0.06928138,0.018964585,0.017761612,-0.04034239,-0.016764201,0.026873527,-0.023561938,-0.036227733,-0.050077148,0.08888517,-0.085700825,-0.016234534,-0.06242092,0.052505717,0.1291112,-0.021191657,-0.072721034,0.0056500495,0.001400207,0.021791447,-0.0016778733,0.028895115,0.009324642,-0.014576722,0.0282925,0.0009519764,-0.04565207,-0.00545126,-0.03141691,0.023941591,-0.028410528,0.018325321,0.026412714,0.016630162,0.041808657,-0.052890293,0.005744624,-0.043424908,0.002280069,-0.023459315,-0.0051151314,-0.00145348,0.021924159,-0.018052477,-0.036894485,-0.059655,-0.011124419,0.017097333
26,-0.059982512,-0.23157185,0.091980845,-0.30623013,0.32457662,0.13380289,-0.29459253,-0.14214598,0.43709362,0.078894496,-0.003539328,-0.01816709,-0.1969563,0.13006693,-0.25764573,0.15445316,0.0036630076,-0.03815246,-0.03924022,-0.078132555,0.16118847,0.16118598,0.123951934,0.07050252,0.15853226,0.1446967,3.46722,0.09716831,0.0043878164,0.076422974,0.24102417,0.007823063,-0.04845819,-0.047915764,0.12762077,-0.0037517385,-0.15693936,0.018080533,-0.030984389,-0.082424365,-0.02458015,-0.014775863,-0.10002652,0.0864254,-0.011374937,0.0045633228,-0.06486569,-0.04956901,0.054417938,-0.114317104,0.050042734,-0.05257038,-0.07000294,0.003677831,0.065133855,0.042738046,-0.032577083,0.04521747,0.04284069,0.0634865,-0.021483056,0.0029987944,-0.014231853,-0.032920092,0.017122073,-0.015700886,0.0090276245,-0.017245706,-0.04644305,-0.026603844,0.026211482,-0.029503291,0.04348371,0.038494512,-0.044731416,-0.010563988,-0.0442589,0.0016308235,-0.0019910207,0.0134487115,-0.02457918,0.0113713965,-0.008866504,-0.00096453016,-0.045358226,-0.00325133,0.0015879887,-0.047838252,0.013564013,0.05158976,0.0044658943,-0.011720415,-0.01951459,-0.073826686,-0.00652869,-0.02731479,-0.024122441,-0.006979595,-0.013911616,-0.016358262,0.015138492,0.01964558,-0.008225547
27,-0.069672704,-0.548212,-0.42727476,-0.6362738,-0.019904766,-0.49634477,0.5719597,0.06617382,-0.28589007,-0.20778278,-0.06473729,0.1374887,-0.14503932,-0.2427242,0.014766257,-0.15548456,-0.012255219,0.23238987,0.10816114,-0.13106006,-0.31515634,-0.11949271,0.11273782,-0.23957011,-0.036841024,0.11223811,0.09716831,2.9306142,-0.038030572,-0.16530244,-0.09520727,-0.039866656,-0.12523022,-0.051175103,-0.021216854,-0.08452672,-0.17304984,0.064587235,0.055025186,0.013499036,0.029870212,0.08055863,-0.014082229,0.1679574,0.040502757,0.042026415,0.029177818,0.06957671,-0.07083874,0.01584021,-0.15015405,-0.06765023,0.07754265,0.0028133974,-0.01640886,0.03372138,-0.027325219,0.011600338,0.012049286,-0.028647907,-0.08200564,0.012413509,0.007961831,0.030684933,0.02771534,0.06754935,-0.0636065,0.104544125,0.034897402,-0.054768726,0.05685483,-0.0829913,0.031599,-0.119820416,-0.014021804,0.00040377572,0.024961747,-0.028852094,-0.03326343,-0.073380426,0.007853465,0.0137325525,-0.0071616094,-0.06132684,-0.0375842,0.020209488,0.029909255,-0.026138581,0.06541273,-0.0061901733,0.0023586317,-0.024360266,-0.013155216,0.043998856,0.01888282,0.04573375,0.031710573,0.032986306,0.010683803,-0.0030323162,0.02535158,-0.025950572,-0.0102579165
28,-0.18188438,-1.1934173,-0.23246273,0.18058231,-0.36535007,0.2863143,0.3735022,0.048701096,-0.24986166,-0.20306574,-0.069261774,-0.14500813,0.010530804,0.07441427,0.004952478,-0.061395057,0.122125536,0.06879547,0.20589298,-0.0057173353,0.16538544,0.018509442,-0.015086964,-0.032714516,0.08580565,-0.17909274,0.0043878164,-0.038030572,3.0010197,0.061805427,-0.2290566,0.12669188,-0.06766922,0.0641743,0.08618519,-0.018360492,-0.05180002,0.037513778,-0.100230046,-0.04635976,0.020085955,0.095002085,-0.09911588,-0.17959417,0.017363323,-0.010432126,0.068191625,-0.05543943,0.05673872,-0.13555592,0.07948209,0.014537185,0.040882435,0.103479914,-0.01971484,-0.014031302,-0.06998123,-0.066744894,-0.050082922,-0.014073762,-0.051055938,0.04456215,0.008196469,-0.07243087,0.0446072,0.0014063739,-0.03761994,0.052420095,-0.06591125,0.074287094,0.0020381885,-0.10136236,0.051974013,0.012122203,0.03905827,-0.00320198,-0.0019410781,-0.019507896,0.0014853748,0.0087973215,0.011210902,0.022034772,-0.002346993,-0.019518798,-0.055826697,0.013508751,-0.05968481,0.0038849525,0.02652609,0.04930617,-0.023721281,0.023520645,-0.045005918,0.022457972,0.012744332,-0.004040841,0.022930373,0.037207272,-0.020812988,0.011183597,-0.05299297,-0.018835004,0.033408873
29,0.045958206,-0.1907112,0.48005605,0.042768642,-0.35706124,-0.19026423,0.3728577,-0.16753328,-0.30759442,0.48948684,0.048903205,0.0008087461,-0.24474555,-0.19297335,0.33023477,0.04589992,-0.0755955,0.085427776,-0.17194799,0.0129195675,-0.24351841,0.15975639,0.08240473,-0.057602197,0.18752894,-0.020956423,0.076422974,-0.16530244,0.061805427,2.7355022,0.13760659,0.057259705,0.24438149,-0.011178527,-0.14027415,-0.06567374,0.016800333,0.15446737,0.028672315,0.08869288,0.11995487,-0.0018978874,0.06447228,0.08994847,-0.13786916,0.08561904,-0.021210697,0.07409406,-0.050149873,0.15004992,0.023194734,-0.12479405,0.07743299,0.017222306,-0.0595769,-0.047618207,0.07043077,0.021429162,0.08924351,-0.01791616,-0.044105552,-0.004127574,-0.049944505,-0.06434813,0.04981409,-0.00594354,-0.023169305,-0.02206041,0.028448071,-0.009112302,0.09606389,-0.002197559,0.0076750554,-0.023940686,-0.060898386,-0.05083809,-0.002766707,0.007831905,0.014888671,-0.014046621,0.028380036,-0.0069461246,0.027753923,-0.0038679326,-0.01283901,-0.048745282,-0.00789045,-0.002293922,0.03047281,-0.03346634,0.07554154,-0.0038005225,-0.011747951,0.0058393916,0.025273185,0.027788024,0.01860176,-0.011653701,-0.014538532,0.027142797,-0.042205166,-0.03780433,-0.01604366
30,-0.07660128,-0.30395222,-0.24367976,0.40874618,-0.26952618,0.011066372,0.13438553,0.039405182,-0.5665982,-0.61885774,0.25134757,-0.35946214,0.07393619,0.108681604,0.3061881,-0.21336684,0.23684397,-0.030618472,0.21494918,0.22034171,-0.036147177,-0.2743047,-0.33350188,0.021404315,-0.009264832,-0.12702239,0.24102417,-0.09520727,-0.2290566,0.13760659,2.381945,0.023870982,-0.040198985,0.22580904,0.011204039,-0.012056343,0.15113164,-0.1111104,-0.11443156,-0.0011735605,0.08353299,0.11880314,-4.5539055e-05,-0.12700059,0.25987035,-0.005834914,0.041352548,-0.0022650936,-0.074442916,-0.09077497,-0.07148205,-0.07004199,0.10110467,0.036663834,0.020362377,0.09242144,-0.036056563,0.01723311,0.06382497,-0.041946582,0.076472506,0.0499054,0.045444943,0.028966097,0.0075837546,0.072541825,0.04362093,0.03861659,-0.07559749,0.062034927,0.018732004,-0.044522263,0.04618983,-0.012580812,0.03698582,0.102053136,-0.0171124,-0.026262112,0.031007057,-0.029766789,-0.011259479,-0.0012099398,-0.003740368,0.017998252,0.037811607,-0.019974794,-0.0017921994,0.03759162,0.040523306,0.017842934,-0.0075077517,-0.02956039,0.00073791837,0.037805006,-0.0023434847,0.023960877,0.0028130359,0.008807326,-0.011472737,0.03977348,0.014109817,-0.0004539664,0.06461786
31,-0.01168875,0.7248441,-0.31795892,0.123588696,0.34942544,-0.18740803,-0.037554197,0.02165351,0.09335551,0.25531995,0.1302247,-0.020205487,0.15540278,-0.057887763,-0.0245448,0.07356556,0.18091306,-0.04374841,-0.0074754492,0.119638935,-0.033916637,-0.19146897,-0.023313906,-0.11210226,-0.09409888,0.15176398,0.007823063,-0.039866656,0.12669188,0.057259705,0.023870982,2.506416,0.003505874,-0.058205135,-0.0063047083,0.0002624514,0.10920268,-0.07312579,0.05417968,-0.04211896,-0.106290296,-0.005225313,-0.06031152,0.09421729,0.033925936,0.028986927,-0.0056784824,-0.038966715,-0.043354485,0.014558064,-0.063225865,0.05036585,0.017505668,0.00840614,0.06417754,-0.0073760003,0.034411035,0.07674116,0.07013696,0.032604188,0.0066233706,0.0033202255,0.035131834,-0.09705209,0.022838153,0.058946665,0.07220703,0.026948858,-0.03267454,-0.011560563,-0.037253626,0.027814576,0.030018771,-0.020507507,-0.06217357,-0.0070808465,-0.020281015,-0.003240574,-0.019268472,-0.026516523,-0.08807082,-0.026347715,0.02690231,-0.0070253196,-0.043652084,0.010053855,-0.03590381,-0.018076137,0.0031456389,-0.028253663,-0.0064482586,-0.033711053,-0.016075708,0.013471676,0.005441912,0.018864628,0.023937989,0.0076442873,-0.008097136,-0.008596828,0.0140346475,-0.057023756,0.0047519496
