,0,1,2,3,4,5,6,7,8,9,10,11,12,13,14,15,16,17,18,19,20,21,22,23,24,25,26,27,28,29,30,31,32,33,34,35,36,37,38,39,40,41,42,43,44,45,46,47,48,49,50,51,52,53,54,55,56,57,58,59,60,61,62,63,64,65,66,67,68,69,70,71,72,73
0,1216.3264,-185.22002,-80.27186,110.15544,-35.746677,-24.285156,11.900019,53.473984,-8.056915,18.258516,5.559659,20.353596,26.170551,16.88863,5.554123,3.2218885,-28.24863,6.0027947,8.717661,20.146055,-12.770523,-3.5860238,-7.8276243,-9.947952,-15.56633,6.646162,-7.2974367,9.3590145,-5.835991,-3.5560186,1.407175,4.5896006,1.3345816,-2.1492004,-18.330679,4.6243134,-9.194294,-3.4732132,-0.77110404,-0.20687443,-3.1147485,0.19191243,4.068927,-4.867853,2.8758762,2.190527,4.995653,-0.9104141,3.0243475,-0.25750113,0.37002712,-2.082955,1.7762864,0.075938076,2.696344,5.517388,-6.6664157,1.8622806,0.7738,-0.73540384,3.368042,-2.8993835,5.7375574,-1.5835581,-2.8210297,0.85392493,0.25504947,1.099082,-1.4210818,-1.8006158,-0.16008234,-1.1333985,1.0526881,0.6469548
1,-185.22002,100.80565,-25.057032,-20.279457,1.2020211,-4.7022095,-2.8885844,-10.31575,-11.986576,-16.39156,5.3222885,-8.357845,-9.587772,-3.5738907,5.6022058,2.956018,1.6776812,-2.3972678,0.9130465,-1.7448525,4.6655016,2.5591724,-3.2291028,-0.8492945,-4.5530148,-0.055308655,-0.3969257,3.0968919,-1.8258377,0.08294393,-1.0043502,0.9628104,4.1670322,4.167692,2.070716,0.27220875,2.8196764,2.2055209,-0.3124139,-0.23117244,0.46269533,-0.5581864,1.0337306,2.278749,-1.9073126,0.6935475,-0.38085264,-0.31839022,-0.63191986,-1.494693,-1.4761095,-0.32641807,-0.37376848,-0.19539243,-0.37710422,0.019222537,0.103176266,1.156682,0.1372146,0.29046428,0.036862113,-0.16155285,0.9619682,-0.13665593,-0.24014127,0.68635434,-0.33200172,1.2773986,-0.27845228,-0.34368914,0.8843037,1.0914898,-1.3774296,-0.2719776
2,-80.27186,-25.057032,82.78568,11.346308,-4.75656,7.053012,0.8402994,8.125152,9.737143,4.588209,2.6298416,-4.047352,-1.784825,-1.475971,-3.0114682,-2.834261,6.2113137,0.8154987,-1.1852844,-3.8864002,1.2167991,-0.84575164,0.6998622,6.4894066,2.360493,-1.1871693,-2.3392882,-2.2169619,2.612935,-1.9761367,-2.0505896,-4.7838097,-1.9655886,-3.027615,1.0206544,1.169584,-2.059094,-0.32407016,-1.364891,-1.7854016,0.6605432,0.8439679,-2.7600596,-0.6859124,-1.0477095,-0.5434723,-0.024950735,1.4387237,-0.4283197,0.54222417,1.0603025,0.76113385,-0.64872086,-0.94128644,1.1140348,-0.9755726,1.3485365,-0.9485891,0.44746774,0.84252524,-1.7278595,-0.58538383,-1.1709716,1.6007183,0.68854845,-0.3443332,0.20015311,-0.87456775,0.50587225,0.08212149,0.41292092,1.2856162,0.4405238,-0.24220072
3,110.15544,-20.279457,11.346308,52.853004,-9.805481,5.3122,3.059309,5.9178777,4.3266335,-2.548223,-6.1554356,1.3888476,-1.3826876,5.110759,2.0832312,-1.3646824,-3.504405,3.9385843,-1.1173694,4.7982264,-3.2546027,-2.2972286,-1.5766513,2.6492062,2.458044,-2.5101335,-0.6190816,0.5009054,0.19175932,-2.1379175,-0.5614414,0.037161194,0.0015693877,-2.4150457,-2.0895658,0.8112503,-0.95016956,0.7654476,0.36113966,0.18658605,0.27677912,-0.21912396,-2.2615461,-0.23192717,0.041566305,-0.3576495,-0.072401874,1.2559655,-0.7918581,0.06190764,-0.21143079,-0.23554963,0.06684725,1.1821127,-0.09743919,0.94450533,-0.8312172,-0.6874461,0.66333926,1.102099,-1.1653166,-0.65900683,0.61102456,0.14211488,-0.17479041,1.4569225,-0.12060463,0.14153612,0.49807814,-0.60081375,0.76840794,1.1959314,-0.38203114,0.010315495
4,-35.746677,1.2020211,-4.75656,-9.805481,16.534979,-1.9036523,0.77960765,-1.4648137,1.0375726,0.30402339,-1.1063997,2.7608657,-0.055192422,-2.657237,0.5715949,-1.9768083,1.0062265,-0.14614837,-3.2239947,1.7241597,2.2728128,0.48468167,-0.16461071,-0.82804596,2.1434739,-1.4462199,-0.39084023,-0.40428433,0.38092804,1.6765244,0.63889074,-1.0246465,-0.42277944,1.8765125,0.5875156,0.3918082,-0.018059649,-1.4136858,0.78005296,-0.053981107,-0.33733988,0.66377354,0.6180298,0.26972786,0.42491877,0.38549942,-0.30580884,-0.22090343,0.62343144,0.23023853,0.3335172,0.44894648,0.11479034,-0.30067927,-0.020395353,-0.11695383,0.4013241,-0.37533548,-0.59779793,0.018035386,0.35077333,-0.3232617,-0.59160984,-0.19299576,0.19727206,-0.6106306,-0.15540563,-0.34995884,0.12550673,0.5781123,0.063607186,-0.61200607,-0.5719062,0.23685205
5,-24.285156,-4.7022095,7.053012,5.3122,-1.9036523,11.916899,4.415863,-0.24315396,1.4663186,-0.6694762,0.5415921,-0.8299061,0.5620718,2.6646814,0.62232625,-0.041163832,2.0352223,1.3208824,-0.16259152,-1.0062109,-1.1314406,0.55440557,2.5267234,1.464675,0.54515624,0.7335903,0.56411237,0.097827524,-0.08800134,-0.16294663,0.38529533,-0.9944775,-0.2009775,0.10092914,0.22781444,1.171318,-0.8074529,0.55144215,-0.54123634,0.57466495,-0.24542207,-0.10863742,-1.2143942,-0.13562046,-0.18855676,-1.693002,-0.46645015,-0.24538186,-0.16866426,0.6083677,0.09382486,-0.10770858,0.025726248,0.7549764,-0.7786707,-0.2447044,0.402094,-0.41147175,0.05365877,0.16947666,-0.4280563,0.3409177,-0.383231,-0.048559573,0.17285353,-0.20341523,0.06369299,-0.31755644,0.18752974,0.62057114,0.011523948,0.30220717,0.2739743,-0.48911768
6,11.900019,-2.8885844,0.8402994,3.059309,0.77960765,4.415863,12.760046,-1.2294655,0.4182098,-2.9530966,-0.028884742,-3.8370886,0.69529563,3.112554,-0.93737674,-0.7380153,0.7977919,0.63743937,-0.12586293,0.012161435,0.6699865,0.7107233,0.033270203,-0.8442588,-0.43461376,-1.1286687,-0.7185552,-0.4446361,-0.16308671,-0.261576,0.9152013,-0.785721,-0.5981277,-0.06720437,-0.00013372328,0.8562127,-0.3827324,-0.6622957,-0.5780045,0.09931615,-0.47801182,-0.21013644,0.7890394,-0.6491881,0.23723656,-0.57296777,-0.21700743,-0.12204002,-0.08035653,-0.51872087,0.6234418,-0.7623004,-0.2698738,0.27366966,-0.6369356,-0.413743,-0.056974836,-0.4522527,-0.23909369,0.554916,-0.13545553,-0.092662856,-0.052216165,-0.077874064,-0.07191682,-0.11504711,0.61452854,0.1441238,-0.27202135,0.3354667,0.5955073,0.39698523,0.20816064,-0.15873021
7,53.473984,-10.31575,8.125152,5.9178777,-1.4648137,-0.24315396,-1.2294655,11.591372,-0.30967662,-0.6229992,1.6125691,-1.1563908,-0.106974944,-0.63349426,0.8038173,-0.64507705,0.71522176,-0.9986111,0.41307402,0.060656007,0.73954797,-0.9229084,-1.1184773,0.11440563,-1.848256,-0.122815415,-0.1796669,0.5428177,0.0041576237,0.15936919,-0.79782057,-1.5548698,0.48443878,0.4370666,-0.71948504,1.3047101,-1.6390104,0.065932065,0.82076025,-0.020813849,0.13475157,-0.39967164,0.18810695,-1.2947273,0.32563338,0.15595886,0.75538325,-0.16309638,0.3838017,0.508363,0.17391396,0.6265334,0.40521598,-0.18163738,0.772515,0.047036715,-0.22705966,-0.2310743,-0.00406837,0.33752498,0.015510358,-0.26911217,-0.11486365,0.44376662,-0.12387197,0.24936052,0.06489773,-0.5488553,-0.12052427,-0.22955391,0.17717253,-0.25295758,-0.16208984,-0.0007999121
8,-8.056915,-11.986576,9.737143,4.3266335,1.0375726,1.4663186,0.4182098,-0.30967662,13.693221,4.5776463,-3.1893172,2.8596978,1.0741084,-2.722112,-2.6164212,-0.5139456,-0.9984412,1.6361983,-0.1395362,0.38391316,-0.5783329,0.84405345,-0.64499044,2.7337844,2.5479703,-0.7677543,-1.555192,-2.0124335,0.8148388,-1.2032988,-0.98025024,0.19464587,0.8367489,1.3189255,-1.081299,-0.38761306,0.33719414,-0.8132872,0.3059801,0.20282844,0.118880205,0.65645087,-0.7434357,0.42931336,0.2465254,-0.6954218,-0.46426898,0.5959065,0.39144704,-0.23886743,-0.54455113,-0.08462313,0.22109622,0.29838163,-0.111858904,-0.2583717,0.29897755,-0.68345,-0.26881325,0.28214484,0.11097582,-0.3680207,-0.11619894,0.27661896,-0.19751287,-0.31282339,0.27351147,-0.26222968,0.21680206,-0.08445855,-0.18832825,0.008121581,0.07053471,0.63444394
9,18.258516,-16.39156,4.588209,-2.548223,0.30402339,-0.6694762,-2.9530966,-0.6229992,4.5776463,14.566034,-0.36512834,0.94623315,3.3454115,-0.097785816,-1.0890071,-0.8235224,-0.8947971,-0.62949586,-0.38639933,-1.7936965,-0.8833815,0.36071664,0.79174304,1.9098234,1.3139696,1.8345683,-0.01634966,0.6966888,-0.97855496,0.018650051,-0.6871207,0.22608079,-0.35763946,-0.56079483,0.009253567,-0.70646775,-0.3205198,0.4450982,0.21672028,-0.41242656,-0.98620075,-0.22155598,-0.3592795,-0.3026563,-0.20459804,-0.113772325,-0.7949672,0.28137738,0.5088302,-0.18983102,-0.2625854,0.89549243,-0.16046226,0.29540396,0.24413899,-0.26974708,-0.44215092,0.7892089,0.18060553,-0.3274606,0.6382236,-0.39033145,-0.084708974,0.029629324,0.27757066,-0.018272724,-0.19149828,-0.23865113,0.42968392,0.0203428,-0.5537394,0.1595712,0.13976537,0.4406599
10,5.559659,5.3222885,2.6298416,-6.1554356,-1.1063997,0.5415921,-0.028884742,1.6125691,-3.1893172,-0.36512834,8.192838,-0.44869095,-0.9248039,-1.2669413,0.11213794,0.17864367,2.12353,-0.80979264,-0.53959036,-0.56639695,0.63788897,0.45375016,0.25572073,-0.96582705,-2.6043468,0.6891812,-1.1914811,0.29349375,-0.18360098,-0.15299533,-1.0579362,-0.6691041,-0.21340135,0.35201663,-0.0004764087,0.08733892,-0.26354116,-0.047567517,-0.39526644,-0.08911354,0.073890254,-0.35931236,-0.13015747,-0.042483218,-0.5940597,-0.25070828,-0.07618673,-0.4831423,-0.35692668,-0.11472407,-0.036566745,-0.09522593,-0.24082783,-0.472655,0.09962846,0.117702596,-0.018176448,0.39096153,-0.105686136,-0.0420056,0.06581925,-0.08650468,-0.16461378,0.07883458,0.1757487,-0.4787634,0.08382524,-0.11246857,-0.011794004,0.42724115,-0.38539827,-0.021766935,-0.24351874,-0.2666682
11,20.353596,-8.357845,-4.047352,1.3888476,2.7608657,-0.8299061,-3.8370886,-1.1563908,2.8596978,0.94623315,-0.44869095,11.6696005,0.97989607,-0.78001773,0.32897162,-2.0659993,0.64435357,0.34504747,-0.29309058,0.21494511,0.22454855,0.8737668,-1.1013498,0.7341753,1.872221,0.6271822,-0.7770268,0.36353865,0.2904166,1.2758669,-0.34516054,0.78765225,-0.5963652,0.45629442,-1.1496496,-0.49521893,0.011337354,-0.322864,-0.09020482,0.47505587,0.9120158,0.59170204,-0.6195373,0.9790189,0.25254738,0.7975446,0.3100919,0.007445312,-0.014126712,0.61777097,0.0904851,-0.122644454,0.44283786,0.27009702,-0.17044084,0.5626091,-0.056884766,-0.06505611,-0.093809605,0.042546913,0.20819128,0.034704737,-0.038740564,-0.4704364,0.24274251,-0.70264685,-0.23565438,-0.24525186,0.3164998,0.30950302,-0.39240855,-0.2875976,-0.37800625,-0.089212224
12,26.170551,-9.587772,-1.784825,-1.3826876,-0.055192422,0.5620718,0.69529563,-0.106974944,1.0741084,3.3454115,-0.9248039,0.97989607,7.381995,-0.27731615,-0.99217916,-1.4247725,-1.529218,0.42625114,1.3191755,-1.0482556,0.053381123,0.029816404,0.022159383,0.6707405,1.0107961,1.246639,0.14019968,-0.25888205,-1.3143046,-0.17585075,0.26799965,1.0858142,1.0625402,0.8642365,-0.27959773,0.50041616,-0.3035441,0.05796253,-0.32283258,-0.116643794,0.06356259,0.6398121,-0.34174377,0.0033122813,-0.0018345598,-0.10030848,-0.13152468,-0.1388134,0.2517714,0.19730695,0.16795775,-0.047364898,-0.2524723,0.10676183,0.2337008,-0.64000547,-0.45950437,0.2907526,-0.03580762,-0.56903905,0.12247989,0.28481355,-0.3035289,0.10983221,0.06798494,-0.22199443,0.15477854,0.09221963,0.110596634,0.5275731,-0.33208156,-0.13763878,0.2434866,-0.39346343
13,16.88863,-3.5738907,-1.475971,5.110759,-2.657237,2.6646814,3.112554,-0.63349426,-2.722112,-0.097785816,-1.2669413,-0.78001773,-0.27731615,7.073094,-0.46124697,0.21381794,0.49655902,0.89833564,0.5932472,0.38982508,-1.285404,-0.04895235,0.61806726,-0.18889236,0.95438933,-0.19480991,0.4809582,0.37776285,-0.6921832,0.5124163,0.46209803,-0.27344882,-0.2783926,-0.76300323,-0.36163616,0.6121479,-0.27759463,0.67368853,-0.21505558,0.20032516,-0.28566414,-0.14498147,0.025215566,-0.16837707,-0.38793045,-0.4089272,0.81932557,-0.024612248,0.018189741,-0.2598328,0.10429326,-0.29208773,0.43866038,0.7076011,-0.58983415,0.025193661,0.19169465,0.32005057,-0.018221611,0.15294836,0.079305775,0.3249304,0.00417886,-0.0645734,0.027033761,0.5093442,-0.09878664,0.62520134,0.1959625,-0.034371175,0.06832692,0.47069407,0.27306992,-0.2962628
14,5.554123,5.6022058,-3.0114682,2.0832312,0.5715949,0.62232625,-0.93737674,0.8038173,-2.6164212,-1.0890071,0.11213794,0.32897162,-0.99217916,-0.46124697,7.0221667,0.11887263,0.672683,0.12679465,-0.31537387,0.13146052,0.49110812,-0.57534647,-0.2538634,0.23107326,-1.0975654,1.5687969,1.3890297,1.407222,0.304017,0.030243874,0.12644894,0.080048755,-0.20567799,-0.36090177,-0.42951995,1.1712136,-0.45727718,-0.16251554,-0.0915044,-0.5550313,-0.23343246,0.10744006,-0.018209402,-0.009928944,-0.040787548,-0.26333886,-0.025041692,0.26997152,0.026800867,0.6088784,0.4818699,0.37998277,0.17297311,-0.014574292,0.39917126,0.2676919,-0.23289575,0.21612826,0.007718376,0.59541786,-0.077304244,-0.1139016,0.46960574,-0.13318112,0.20057383,-0.08783068,0.13386706,0.22582525,0.35816213,-0.280542,-0.04417176,-0.08627147,-0.40139955,0.20713
15,3.2218885,2.956018,-2.834261,-1.3646824,-1.9768083,-0.041163832,-0.7380153,-0.64507705,-0.5139456,-0.8235224,0.17864367,-2.0659993,-1.4247725,0.21381794,0.11887263,4.6765547,-1.0125382,0.88509035,0.3521046,0.15498246,-0.19166017,0.34383863,0.90335923,-0.07981853,-0.5814092,0.7608845,-0.5824282,0.11507673,-0.45050666,-0.18649668,-0.07077618,-0.13528466,-0.07349409,0.35614842,-0.5042423,-0.45546526,-0.066132054,0.09693204,-0.9670973,-0.70842195,0.2035992,0.116214134,0.26274318,0.05274687,0.07610803,-0.8127481,0.03747978,-0.028405245,-0.20377001,-0.32178104,-0.38485798,-0.12319024,0.11968838,0.0566935,-0.0330429,0.046325363,0.5002694,0.076891094,-0.27758706,-0.12295885,0.0070828456,0.18127848,0.45244765,-0.27440384,-0.10642122,0.091999695,-0.023910794,0.35175526,-0.002093658,-0.31063306,0.093391806,0.034988828,0.28889146,0.14881325
16,-28.24863,1.6776812,6.2113137,-3.504405,1.0062265,2.0352223,0.7977919,0.71522176,-0.9984412,-0.8947971,2.12353,0.64435357,-1.529218,0.49655902,0.672683,-1.0125382,7.27203,-0.1491737,-1.1259162,-1.6469045,0.13556102,-1.289592,0.54066926,-0.21715094,-0.39493003,0.48394555,0.3929255,1.6981117,0.11956935,0.49247414,-0.27030358,-1.1811934,-0.27364665,-0.67218876,0.7541475,0.3417459,-0.50080216,0.13290362,0.20137927,-0.29198635,0.046258073,-0.09228391,-0.6969235,0.29309028,0.031351075,-0.17482209,0.14666232,-0.115134716,-0.28580785,-0.12075451,0.55014443,0.0039613033,0.5370725,0.07810723,0.07486352,0.010067865,0.08843725,-0.33355665,-0.35052508,0.30560535,-0.14313745,-0.19724467,-0.17309211,-0.006517178,0.28596514,-0.2760797,0.09746568,-0.09797938,0.46923262,0.21572307,-0.18229637,0.0011778286,0.15882029,-0.27141154
17,6.0027947,-2.3972678,0.8154987,3.9385843,-0.14614837,1.3208824,0.63743937,-0.9986111,1.6361983,-0.62949586,-0.80979264,0.34504747,0.42625114,0.89833564,0.12679465,0.88509035,-0.1491737,3.2309911,0.1943767,0.72668934,-1.0411541,-0.39958665,0.5353193,0.48762095,1.1894097,-0.030999117,-0.24680202,-0.16648737,0.2298448,-0.49326414,0.039940525,0.25644216,0.29617792,0.2989502,-0.23880202,-0.0018405451,-0.1894813,0.017889898,-0.47571412,-0.17903411,0.0446522,0.6057197,-0.064253375,0.50969255,0.1355359,-0.7635683,0.15358798,0.21765062,0.07736474,-0.15215954,-0.03586043,-0.55849636,-0.078973316,0.17119631,-0.26410753,-0.14324944,0.48866996,-0.06975382,0.044137724,-0.14021659,-0.116402075,-0.013696021,0.010412727,-0.055067953,-0.11993691,0.081695706,-0.035503205,0.002550677,0.12529983,0.094655,-0.0875673,0.27281868,0.096642755,-0.0350262
18,8.717661,0.9130465,-1.1852844,-1.1173694,-3.2239947,-0.16259152,-0.12586293,0.41307402,-0.1395362,-0.38639933,-0.53959036,-0.29309058,1.3191755,0.5932472,-0.31537387,0.3521046,-1.1259162,0.1943767,3.527985,-0.4838022,-0.02856597,0.26982132,-0.22223091,1.077125,-0.020159766,0.40052903,-0.38919926,-0.22153386,-0.5206858,-0.5649779,0.13096517,0.4177006,1.120326,-0.010746657,-0.5574502,-0.0011480388,-0.16281496,0.6788419,-0.37856662,0.21758819,0.124937385,0.09175669,0.36403412,-0.31444922,0.069263846,0.050436236,0.21516871,-0.09690921,-0.06915365,-0.06309357,0.03116338,-0.30433416,-0.21210611,0.21495216,-0.27242622,0.08216947,0.20554322,0.19672802,0.19926432,-0.6454425,0.2492744,0.32818738,-0.14366762,-0.003965522,-0.20701413,0.23116958,0.29707038,0.083925694,-0.11226201,-0.07116577,0.05291506,0.1423451,0.22190398,0.1608745
19,20.146055,-1.7448525,-3.8864002,4.7982264,1.7241597,-1.0062109,0.012161435,0.060656007,0.38391316,-1.7936965,-0.56639695,0.21494511,-1.0482556,0.38982508,0.13146052,0.15498246,-1.6469045,0.72668934,-0.4838022,4.4390235,-0.4689189,-0.27549487,-0.29351437,-0.5612538,0.21200038,-1.1625394,-0.9480557,-0.75834787,-0.34017417,-0.6573462,0.00025723776,0.5337759,0.3929811,-0.13363028,-0.17165555,-0.33863783,0.5294622,-0.66112983,0.33915806,0.13058901,0.05210448,0.082305685,-0.18890631,-0.18389212,-0.06719713,-0.0440669,0.06812792,0.33683443,0.4665311,0.027711553,-0.29376277,0.10862149,0.098160475,0.04031124,-0.21176228,0.28701,0.32445854,-0.22318095,0.16307583,0.017379668,0.09291178,0.32344997,-0.032095242,0.1678043,-0.1716241,0.015516343,0.047064137,0.07581979,-0.04213682,-0.3847439,0.04732576,-0.13265033,-0.23432608,0.22146487
20,-12.770523,4.6655016,1.2167991,-3.2546027,2.2728128,-1.1314406,0.6699865,0.73954797,-0.5783329,-0.8833815,0.63788897,0.22454855,0.053381123,-1.285404,0.49110812,-0.19166017,0.13556102,-1.0411541,-0.02856597,-0.4689189,2.6606,0.8892229,-1.0821204,0.07549189,-0.20285219,0.018695205,-0.20956424,0.17633986,-0.7949892,0.174847,-0.4893181,-0.46816695,-0.16655543,0.6420635,-0.064468004,0.17563763,-0.00062916504,-0.3241831,-0.0895575,-0.17808025,0.45059806,0.015408646,0.5361943,-0.44039994,0.047884755,0.4600508,-0.15598674,0.06495696,-0.14567807,0.20762329,0.26186618,0.100327864,-0.08594657,-0.023632457,0.23573264,-0.060365252,0.043634802,-0.12490937,-0.24161035,0.25232756,0.0050755152,0.11626058,-0.23862001,0.00907924,0.03493295,-0.14378038,0.24603215,-0.004217092,0.02433198,0.11472253,0.13400222,-0.014991414,-0.13230938,0.060964823
21,-3.5860238,2.5591724,-0.84575164,-2.2972286,0.48468167,0.55440557,0.7107233,-0.9229084,0.84405345,0.36071664,0.45375016,0.8737668,0.029816404,-0.04895235,-0.57534647,0.34383863,-1.289592,-0.39958665,0.26982132,-0.27549487,0.8892229,3.6981575,-1.0755236,0.25033966,-0.42510787,0.08839681,0.27286243,-0.4088235,0.004710204,-0.41880262,0.81696993,0.15763727,-0.14486206,0.98889244,-0.34554982,-0.21326026,0.2830034,0.101141885,-0.085178964,-0.085579544,0.1770773,0.573784,-0.14694834,-0.28825906,-0.091345325,-0.15444581,0.020239025,-0.0019738816,0.12667897,0.29338363,-0.10039927,0.08396249,-0.11506376,0.270297,-0.174049,0.14281216,0.1841453,0.08889819,0.3213282,0.03637495,0.27523357,-0.061446916,-0.054149628,-0.28846756,-0.21146429,-0.1809934,0.059501946,-0.0931202,-0.2228336,0.314537,0.249208,-0.03024935,0.09941019,0.12721235
22,-7.8276243,-3.2291028,0.6998622,-1.5766513,-0.16461071,2.5267234,0.033270203,-1.1184773,-0.64499044,0.79174304,0.25572073,-1.1013498,0.022159383,0.61806726,-0.2538634,0.90335923,0.54066926,0.5353193,-0.22223091,-0.29351437,-1.0821204,-1.0755236,3.6215467,0.047319334,-0.58244544,0.60097945,-0.048540264,0.5226978,0.026327644,-0.16711454,0.15761699,-0.8242424,-0.5615982,-0.36542812,0.19792703,0.01443994,-0.16084974,-0.050029576,-0.29755664,0.16543676,-0.7121937,0.008855525,-0.3170213,0.14195485,0.4789657,-0.1914337,-0.46046367,-0.37046868,0.32781684,-0.12458155,-0.021250986,-0.046202008,0.21020854,-0.04246334,-0.51320815,0.041522257,0.22369996,-0.24100423,0.07377454,-0.43405968,0.05564857,0.2649458,-0.18075249,0.13928714,0.35621318,-0.029349856,-0.085742995,0.10519287,0.107255384,0.10648444,-0.20909782,-0.15826027,0.075161934,-0.2216815
23,-9.947952,-0.8492945,6.4894066,2.6492062,-0.82804596,1.464675,-0.8442588,0.11440563,2.7337844,1.9098234,-0.96582705,0.7341753,0.6707405,-0.18889236,0.23107326,-0.07981853,-0.21715094,0.48762095,1.077125,-0.5612538,0.07549189,0.25033966,0.047319334,2.7679043,0.8240107,0.9064262,-0.35195845,0.095093444,-0.13250151,-0.22162461,-0.77130944,0.10150569,0.8368896,-0.09294452,-0.3940913,0.05568681,-0.29015642,0.38901994,-0.6237117,0.06547943,0.011109457,0.30220115,-0.55851555,-0.13261843,-0.05968073,0.027031634,-0.21866241,0.059156306,0.20648596,-0.00867122,-0.1432125,0.16736935,-0.20423377,0.16167215,-0.056357518,-0.10480664,0.27146807,0.09324889,0.19206858,-0.16496956,0.10163038,0.024029486,-0.17943192,0.098772645,-0.1562852,0.069174975,0.15318677,-0.025163881,0.08784926,-0.022921972,0.13008913,0.15018848,0.027460977,0.19779998
24,-15.56633,-4.5530148,2.360493,2.458044,2.1434739,0.54515624,-0.43461376,-1.848256,2.5479703,1.3139696,-2.6043468,1.872221,1.0107961,0.95438933,-1.0975654,-0.5814092,-0.39493003,1.1894097,-0.020159766,0.21200038,-0.20285219,-0.42510787,-0.58244544,0.8240107,4.6894426,-1.0858371,-0.026615608,-0.67491513,-0.11266333,0.35659897,-0.0836723,0.6767595,0.23034362,-0.1322304,0.30919343,-0.3954916,0.1988743,0.29377925,-0.07471882,-0.0018488853,0.29225588,0.42738762,-0.076836325,0.15785399,0.09712132,-0.080212206,-0.24037464,0.1937686,-0.10813739,-0.0031168102,-0.053270906,-0.110021636,0.021480437,0.15122123,0.19334471,-0.24741474,0.1908591,0.1961794,-0.23865157,-0.04931747,-0.05603902,0.19459379,-0.19513266,-0.006054068,0.08275971,0.1355438,-0.14217469,-0.042066365,0.4628706,0.0072137285,-0.12392005,0.3267745,-0.11196414,0.059942454
25,6.646162,-0.055308655,-1.1871693,-2.5101335,-1.4462199,0.7335903,-1.1286687,-0.122815415,-0.7677543,1.8345683,0.6891812,0.6271822,1.246639,-0.19480991,1.5687969,0.7608845,0.48394555,-0.030999117,0.40052903,-1.1625394,0.018695205,0.08839681,0.60097945,0.9064262,-1.0858371,2.7996156,0.33233765,1.0162512,-0.35729796,0.07612582,-0.57400763,0.0026913756,-0.027006488,-0.11502005,-0.33362222,0.09150921,-0.52737296,0.18428183,-0.91858745,-0.22581178,-0.1767906,-0.0052924594,-0.03929723,0.07929233,-0.09882933,-0.18631619,-0.15374094,-0.21362594,0.32149258,-0.048937656,0.021429772,0.04277143,-0.0047151423,0.11524632,0.07594234,-0.09857271,0.023321308,0.26186144,-0.04109426,-0.13793513,0.14428237,0.057615515,0.15652928,-0.25811204,-0.0024513316,-0.10074903,0.12654707,0.10687528,-0.015920838,0.08263056,-0.18528189,-0.12119663,0.123119906,-0.0774654
26,-7.2974367,-0.3969257,-2.3392882,-0.6190816,-0.39084023,0.56411237,-0.7185552,-0.1796669,-1.555192,-0.01634966,-1.1914811,-0.7770268,0.14019968,0.4809582,1.3890297,-0.5824282,0.3929255,-0.24680202,-0.38919926,-0.9480557,-0.20956424,0.27286243,-0.048540264,-0.35195845,-0.026615608,0.33233765,3.119556,0.3697612,0.37862033,-0.16253059,0.49065816,0.48835737,-0.3770072,-0.22897923,0.28037283,0.46867445,0.18373361,0.30629796,0.39767075,0.31361967,-0.37286627,-0.04745814,-0.03157168,-0.053428285,0.02794135,-0.09546651,0.11227641,-0.066810615,-0.11279331,0.59188056,0.45979887,0.065157875,0.11554532,-0.1916506,0.1620157,0.0228488,-0.20591182,0.114875406,0.094939254,0.21804947,-0.036299862,-0.2458063,0.037567955,-0.019117948,-0.20405069,0.11890997,-0.0070685614,-0.061446354,-0.17354837,0.0037483824,-0.07439938,-0.23818818,0.23644686,0.025251456
27,9.3590145,3.0968919,-2.2169619,0.5009054,-0.40428433,0.097827524,-0.4446361,0.5428177,-2.0124335,0.6966888,0.29349375,0.36353865,-0.25888205,0.37776285,1.407222,0.11507673,1.6981117,-0.16648737,-0.22153386,-0.75834787,0.17633986,-0.4088235,0.5226978,0.095093444,-0.67491513,1.0162512,0.3697612,2.791769,-0.8291633,0.22645679,-0.20647407,-0.18474957,0.18934533,-0.012642018,0.16218445,0.24883817,-0.48091325,0.31152606,-0.15697968,-0.09181867,-0.54878455,-0.053169243,-0.20419191,0.17035998,-0.12525633,0.35038078,-0.24062058,-0.046525057,0.22380167,0.023324706,-0.044311725,-0.010235988,0.16061345,-0.12891926,0.12765115,0.19636533,-0.2472808,0.07742421,0.06405711,0.07353455,0.13170463,-0.21655111,0.279553,-0.01318628,0.005512776,0.051823273,-0.197349,0.04858508,0.12433602,0.00014272676,0.1623474,0.09141186,0.09433138,-0.16502434
28,-5.835991,-1.8258377,2.612935,0.19175932,0.38092804,-0.08800134,-0.16308671,0.0041576237,0.8148388,-0.97855496,-0.18360098,0.2904166,-1.3143046,-0.6921832,0.304017,-0.45050666,0.11956935,0.2298448,-0.5206858,-0.34017417,-0.7949892,0.004710204,0.026327644,-0.13250151,-0.11266333,-0.35729796,0.37862033,-0.8291633,2.6031208,-0.19588149,0.5834912,-0.6724712,-0.62180936,-0.44672245,0.15340471,-0.14775121,-0.17528948,-0.22992265,0.16018194,0.009567207,-0.033504494,0.16383511,-0.043638866,0.24253945,0.33546376,0.035140403,0.3012575,-0.17313725,-0.18475416,-0.11236791,-0.20896873,-0.0010296335,-0.117440864,-0.21476018,0.052185968,-0.009578917,-0.0061990125,-0.12371594,-0.0036199777,-0.005765232,0.015798733,-0.2611431,-0.0925343,0.06873402,-0.11929689,-0.10664354,-0.018368922,-0.070607066,-0.20611343,0.021283463,-0.04561823,-0.20635861,-0.06546892,0.16641018
29,-3.5560186,0.08294393,-1.9761367,-2.1379175,1.6765244,-0.16294663,-0.261576,0.15936919,-1.2032988,0.018650051,-0.15299533,1.2758669,-0.17585075,0.5124163,0.030243874,-0.18649668,0.49247414,-0.49326414,-0.5649779,-0.6573462,0.174847,-0.41880262,-0.16711454,-0.22162461,0.35659897,0.07612582,-0.16253059,0.22645679,-0.19588149,2.1086562,-0.19098493,0.22899002,-0.30934864,-0.15224084,0.43473947,0.07256833,-0.07130935,0.03139364,0.07901482,0.46203566,0.23507848,0.058533788,0.29127282,-0.13704008,-0.014638009,0.31144667,0.08945908,-0.11355223,0.0135793835,0.08084835,0.14051792,0.053788267,0.09492645,-0.21185255,0.08912018,0.1019271,-0.03761429,0.08131213,-0.05900546,0.18523088,-0.17617023,0.117280826,0.29321548,-0.1433874,0.07801928,-0.055809584,-0.3304538,-0.030074641,0.14778295,0.05378431,0.09636305,-0.073949695,-0.0704874,-0.30235353
30,1.407175,-1.0043502,-2.0505896,-0.5614414,0.63889074,0.38529533,0.9152013,-0.79782057,-0.98025024,-0.6871207,-1.0579362,-0.34516054,0.26799965,0.46209803,0.12644894,-0.07077618,-0.27030358,0.039940525,0.13096517,0.00025723776,-0.4893181,0.81696993,0.15761699,-0.77130944,-0.0836723,-0.57400763,0.49065816,-0.20647407,0.5834912,-0.19098493,1.7084925,0.0010526077,-0.24443689,-0.114786,0.30723292,0.15774651,-0.08531271,-0.089010656,0.2605812,-0.33799398,-0.12076132,0.30434626,0.10875626,0.050685357,0.22130907,-0.17621446,0.1312829,-0.11691332,-0.02410906,0.08674124,0.1814624,0.029582703,-0.04009697,0.15079391,0.020814234,0.04394071,-0.12710728,-0.047967106,0.17315249,-0.21062468,0.014442122,-0.071782544,0.036379877,-0.11738375,0.026026782,-0.07578054,-0.09748854,-0.035939347,-0.09108131,0.16133726,0.16227286,0.016483914,0.108412296,0.05673369
31,4.5896006,0.9628104,-4.7838097,0.037161194,-1.0246465,-0.9944775,-0.785721,-1.5548698,0.19464587,0.22608079,-0.6691041,0.78765225,1.0858142,-0.27344882,0.080048755,-0.13528466,-1.1811934,0.25644216,0.4177006,0.5337759,-0.46816695,0.15763727,-0.8242424,0.10150569,0.6767595,0.0026913756,0.48835737,-0.18474957,-0.6724712,0.22899002,0.0010526077,2.0991242,0.6038213,-0.13720465,0.09080386,-0.44885525,0.44158387,0.093395956,0.061561227,0.15385821,0.16110156,0.19389018,-0.20021594,-0.018765975,-0.19821358,-0.06468363,-0.08345234,0.09716721,0.17973909,0.21096358,-0.058951166,-0.08403163,-0.19212747,-0.21060747,0.22994596,-0.06622934,-0.25413603,0.21785194,0.2974642,0.04611717,-0.0384278,0.20271042,0.22744253,-0.05050624,-0.10964932,0.014160843,-0.07954955,-0.027598228,-0.07311995,-0.0733013,0.026129551,-0.010547581,0.044756733,0.05671893
32,1.3345816,4.1670322,-1.9655886,0.0015693877,-0.42277944,-0.2009775,-0.5981277,0.48443878,0.8367489,-0.35763946,-0.21340135,-0.5963652,1.0625402,-0.2783926,-0.20567799,-0.07349409,-0.27364665,0.29617792,1.120326,0.3929811,-0.16655543,-0.14486206,-0.5615982,0.8368896,0.23034362,-0.027006488,-0.3770072,0.18934533,-0.62180936,-0.30934864,-0.24443689,0.6038213,2.4433246,0.62131274,-0.4899912,0.33189267,0.09482995,0.3568226,0.03569951,0.26570407,0.053801488,0.42791033,-0.24383292,0.053758338,-0.08302532,-0.05965794,-0.0069120573,-0.053222913,0.26381093,-0.1529434,-0.18865989,0.15419391,-0.12556651,0.027545048,-0.0037257336,0.13924922,0.023418296,-0.017987806,-0.05386491,-0.25310272,0.15139139,0.14588065,-0.056076534,0.15212259,-0.17635687,0.01801498,0.049153287,0.11771846,-0.05478508,-0.022778109,0.070177466,0.13808724,0.25273538,-0.048638515
33,-2.1492004,4.167692,-3.027615,-2.4150457,1.8765125,0.10092914,-0.06720437,0.4370666,1.3189255,-0.56079483,0.35201663,0.45629442,0.8642365,-0.76300323,-0.36090177,0.35614842,-0.67218876,0.2989502,-0.010746657,-0.13363028,0.6420635,0.98889244,-0.36542812,-0.09294452,-0.1322304,-0.11502005,-0.22897923,-0.012642018,-0.44672245,-0.15224084,-0.114786,-0.13720465,0.62131274,2.0252788,-0.58786315,0.43752515,0.1427919,-0.104038924,0.14568001,-0.0727707,-0.025056353,0.2798183,0.0704124,0.37458554,-0.104873344,-0.36003983,0.118754074,-0.09889443,0.13897952,0.06684123,-0.24072991,-0.09695555,0.20552352,-0.020156544,-0.1402381,-0.17648053,0.08874507,-0.019532884,-0.24382389,0.039520428,0.16113544,-0.13537456,-0.07829091,-0.0023947014,-0.05267137,-0.07985164,-0.0020668935,0.031883676,-0.0021813598,0.1502642,-0.076957986,-0.05928172,-0.092044756,-0.010525176
34,-18.330679,2.070716,1.0206544,-2.0895658,0.5875156,0.22781444,-0.00013372328,-0.71948504,-1.081299,0.009253567,-0.0004764087,-1.1496496,-0.27959773,-0.36163616,-0.42951995,-0.5042423,0.7541475,-0.23880202,-0.5574502,-0.17165555,-0.064468004,-0.34554982,0.19792703,-0.3940913,0.30919343,-0.33362222,0.28037283,0.16218445,0.15340471,0.43473947,0.30723292,0.09080386,-0.4899912,-0.58786315,1.5456327,-0.29788005,-0.01824658,0.00093537354,0.24006811,0.052739397,-0.18174392,-0.20794639,0.08107418,-0.21420154,-0.05655981,0.2716996,-0.14001583,0.02864685,0.048068948,0.01619596,0.119718835,-0.054400332,-0.12636894,-0.116637796,0.21502574,-0.2293747,-0.026864829,0.13142747,0.24242607,-0.121203445,-0.20831218,0.033402197,0.040856592,0.09296539,0.034581564,-0.05417289,-0.1695576,-0.20106177,0.027781222,0.010662286,0.05777057,-0.016159002,-0.019355267,-0.10156953
35,4.6243134,0.27220875,1.169584,0.8112503,0.3918082,1.171318,0.8562127,1.3047101,-0.38761306,-0.70646775,0.08733892,-0.49521893,0.50041616,0.6121479,1.1712136,-0.45546526,0.3417459,-0.0018405451,-0.0011480388,-0.33863783,0.17563763,-0.21326026,0.01443994,0.05568681,-0.3954916,0.09150921,0.46867445,0.24883817,-0.14775121,0.07256833,0.15774651,-0.44885525,0.33189267,0.43752515,-0.29788005,1.3489434,-0.09962854,-0.17795259,0.036299124,0.09342164,-0.14034906,0.0048093256,0.1077612,0.13934311,-0.16739202,-0.09363394,0.16404778,-0.10096297,-0.043030187,0.24731609,0.30382532,-0.008364628,0.124532536,0.05739773,0.08967745,0.011155751,-0.09171624,-0.015583076,-0.18594727,0.20144266,-0.14077456,-0.24836892,0.078831226,-0.018279184,-0.0737103,-0.08734474,-0.054889493,0.1378718,0.08855926,0.13900256,0.019460939,0.13826287,0.01437381,-0.09813693
36,-9.194294,2.8196764,-2.059094,-0.95016956,-0.018059649,-0.8074529,-0.3827324,-1.6390104,0.33719414,-0.3205198,-0.26354116,0.011337354,-0.3035441,-0.27759463,-0.45727718,-0.066132054,-0.50080216,-0.1894813,-0.16281496,0.5294622,-0.00062916504,0.2830034,-0.16084974,-0.29015642,0.1988743,-0.52737296,0.18373361,-0.48091325,-0.17528948,-0.07130935,-0.08531271,0.44158387,0.09482995,0.1427919,-0.01824658,-0.09962854,1.5923996,-0.18384406,0.24047159,0.32230332,0.1672607,0.099772856,-0.03399854,0.019966848,0.24128634,0.19365856,-0.2338026,0.26232806,-0.048582327,0.11590427,-0.0808799,0.0842118,0.0964279,-0.012367206,-0.28990906,0.17528236,0.048613567,-0.11367207,0.07577794,0.20998478,-0.0005353689,0.07078827,0.06396967,-0.0878597,-0.05985158,-0.16662884,-0.11706303,0.050131463,0.19363828,-0.25838727,-0.067694,0.11912121,-0.09336962,-0.007195013
37,-3.4732132,2.2055209,-0.32407016,0.7654476,-1.4136858,0.55144215,-0.6622957,0.065932065,-0.8132872,0.4450982,-0.047567517,-0.322864,0.05796253,0.67368853,-0.16251554,0.09693204,0.13290362,0.017889898,0.6788419,-0.66112983,-0.3241831,0.101141885,-0.050029576,0.38901994,0.29377925,0.18428183,0.30629796,0.31152606,-0.22992265,0.03139364,-0.089010656,0.093395956,0.3568226,-0.104038924,0.00093537354,-0.17795259,-0.18384406,1.1564476,-0.06665316,0.2388573,0.05215977,-0.07691948,-0.2916354,0.16235974,-0.019086644,-0.047275998,-0.019367632,-0.029960357,-0.18174088,-0.058882415,-0.12026682,0.1624439,0.07403821,0.090432376,-0.099357784,0.099214494,0.02903589,0.19492805,0.18665989,-0.12224445,0.05710458,0.007687584,0.09027062,-0.014581424,-0.06484769,0.28536695,-0.13584948,0.039255217,-0.054304726,0.0003486887,-0.03036642,0.04521852,-0.009961708,-0.17527828
38,-0.77110404,-0.3124139,-1.364891,0.36113966,0.78005296,-0.54123634,-0.5780045,0.82076025,0.3059801,0.21672028,-0.39526644,-0.09020482,-0.32283258,-0.21505558,-0.0915044,-0.9670973,0.20137927,-0.47571412,-0.37856662,0.33915806,-0.0895575,-0.085178964,-0.29755664,-0.6237117,-0.07471882,-0.91858745,0.39767075,-0.15697968,0.16018194,0.07901482,0.2605812,0.061561227,0.03569951,0.14568001,0.24006811,0.036299124,0.24047159,-0.06665316,1.0332915,0.17490375,-0.041457538,-0.14247173,-0.114742815,-0.1521995,0.13120197,0.100901425,0.08141923,0.062199943,-0.0049706963,0.18632692,0.009517238,0.13646498,0.15435457,0.0002354508,0.01878313,0.14607298,-0.2646749,-0.084628835,0.10723739,0.11580294,-0.02537565,-0.050491575,-0.074150726,0.1785524,0.090111256,0.02691619,-0.06303117,-0.11148618,0.07233119,-0.061395682,-0.08237274,-0.11328749,-0.07945248,0.062421367
39,-0.20687443,-0.23117244,-1.7854016,0.18658605,-0.053981107,0.57466495,0.09931615,-0.020813849,0.20282844,-0.41242656,-0.08911354,0.47505587,-0.116643794,0.20032516,-0.5550313,-0.70842195,-0.29198635,-0.17903411,0.21758819,0.13058901,-0.17808025,-0.085579544,0.16543676,0.06547943,-0.0018488853,-0.22581178,0.31361967,-0.09181867,0.009567207,0.46203566,-0.33799398,0.15385821,0.26570407,-0.0727707,0.052739397,0.09342164,0.32230332,0.2388573,0.17490375,1.0582834,-0.039327085,0.0011327718,-0.013965994,-0.07152669,0.012361951,0.32561517,-0.09092027,-0.034622937,0.0018845841,0.15509492,0.010905342,-0.06858963,0.018617054,-0.15859494,-0.2918331,0.31019622,0.050289728,-0.15535791,0.06676609,-0.012842354,-0.012747584,0.048858475,0.044891514,0.009866706,-0.16781718,0.022258304,-0.12464994,-0.036053777,-0.14842972,0.050189264,0.01568412,-0.12392336,0.08223821,-0.22747372
40,-3.1147485,0.46269533,0.6605432,0.27677912,-0.33733988,-0.24542207,-0.47801182,0.13475157,0.118880205,-0.98620075,0.073890254,0.9120158,0.06356259,-0.28566414,-0.23343246,0.2035992,0.046258073,0.0446522,0.124937385,0.05210448,0.45059806,0.1770773,-0.7121937,0.011109457,0.29225588,-0.1767906,-0.37286627,-0.54878455,-0.033504494,0.23507848,-0.12076132,0.16110156,0.053801488,-0.025056353,-0.18174392,-0.14034906,0.1672607,0.05215977,-0.041457538,-0.039327085,0.9484381,0.20538273,-0.08131395,0.09889983,0.037591144,0.074183434,0.12234929,0.06141854,-0.3477217,0.16171578,-0.099026844,0.117184944,-0.08766825,0.0924493,0.058181234,0.054764673,0.08115576,-0.062444724,-0.02297023,0.06914647,-0.095499754,0.13234454,-0.028709386,-0.024016865,-0.06887975,-0.053392977,0.05017641,-0.06258264,0.050901473,0.0049511385,0.009661004,0.08570547,-0.0859863,-0.088356
41,0.19191243,-0.5581864,0.8439679,-0.21912396,0.66377354,-0.10863742,-0.21013644,-0.39967164,0.65645087,-0.22155598,-0.35931236,0.59170204,0.6398121,-0.14498147,0.10744006,0.116214134,-0.09228391,0.6057197,0.09175669,0.082305685,0.015408646,0.573784,0.008855525,0.30220115,0.42738762,-0.0052924594,-0.04745814,-0.053169243,0.16383511,0.058533788,0.30434626,0.19389018,0.42791033,0.2798183,-0.20794639,0.0048093256,0.099772856,-0.07691948,-0.14247173,0.0011327718,0.20538273,1.0936844,-0.06739855,0.09917748,0.10612196,-0.02916704,0.019738015,0.107691675,0.14536437,0.059503026,0.0012418937,0.08133192,0.1041105,-0.23413089,0.068975225,0.09099703,0.25566334,-0.28741407,0.05542197,-0.073723,0.062597424,0.16833544,0.035211015,0.06726072,-0.085291326,-0.07604978,-0.014986554,0.081260316,0.124037534,0.04004308,0.038538374,0.050442725,0.11245447,-0.05504991
42,4.068927,1.0337306,-2.7600596,-2.2615461,0.6180298,-1.2143942,0.7890394,0.18810695,-0.7434357,-0.3592795,-0.13015747,-0.6195373,-0.34174377,0.025215566,-0.018209402,0.26274318,-0.6969235,-0.064253375,0.36403412,-0.18890631,0.5361943,-0.14694834,-0.3170213,-0.55851555,-0.076836325,-0.03929723,-0.03157168,-0.20419191,-0.043638866,0.29127282,0.10875626,-0.20021594,-0.24383292,0.0704124,0.08107418,0.1077612,-0.03399854,-0.2916354,-0.114742815,-0.013965994,-0.08131395,-0.06739855,1.292036,-0.14317158,0.12692182,0.106360555,0.008720251,-0.05830328,-0.043343805,-0.20664053,0.25874627,-0.23330788,-0.04209298,-0.07235915,0.120117456,-0.009789126,0.07974165,0.033274207,-0.18710452,-0.09589973,0.04637144,-0.04704091,0.0935321,-0.021343537,-0.109411165,0.05284639,0.08396672,-0.07921916,-0.051222533,-0.10997742,0.036868174,0.14090684,-0.025429495,0.19947118
43,-4.867853,2.278749,-0.6859124,-0.23192717,0.26972786,-0.13562046,-0.6491881,-1.2947273,0.42931336,-0.3026563,-0.042483218,0.9790189,0.0033122813,-0.16837707,-0.009928944,0.05274687,0.29309028,0.50969255,-0.31444922,-0.18389212,-0.44039994,-0.28825906,0.14195485,-0.13261843,0.15785399,0.07929233,-0.053428285,0.17035998,0.24253945,-0.13704008,0.050685357,-0.018765975,0.053758338,0.37458554,-0.21420154,0.13934311,0.019966848,0.16235974,-0.1521995,-0.07152669,0.09889983,0.09917748,-0.14317158,1.0225477,-0.19693571,-0.11303985,0.09018171,0.0034933481,-0.24615331,-0.14755177,-0.18611878,-0.09305216,0.111737914,-0.060439304,0.0009434043,0.00621694,-0.052880242,0.025661137,-0.13091725,-0.07025775,-0.0044150297,-0.2964909,0.17674178,0.011903429,-0.018801805,-0.025574263,-0.17014015,0.0590517,-0.028010758,0.07212266,-0.1386151,0.12406127,-0.0780296,-0.076697335
44,2.8758762,-1.9073126,-1.0477095,0.041566305,0.42491877,-0.18855676,0.23723656,0.32563338,0.2465254,-0.20459804,-0.5940597,0.25254738,-0.0018345598,-0.38793045,-0.040787548,0.07610803,0.031351075,0.1355359,0.069263846,-0.06719713,0.047884755,-0.091345325,0.4789657,-0.05968073,0.09712132,-0.09882933,0.02794135,-0.12525633,0.33546376,-0.014638009,0.22130907,-0.19821358,-0.08302532,-0.104873344,-0.05655981,-0.16739202,0.24128634,-0.019086644,0.13120197,0.012361951,0.037591144,0.10612196,0.12692182,-0.19693571,0.8274579,0.16451696,-0.16781026,-0.09410803,0.10325144,-0.019831829,0.1108395,0.13142657,0.13619798,0.08040665,-0.092075445,0.10027288,-0.027592463,-0.16910133,0.05225601,-0.055909984,0.084823705,0.075809196,-0.07698436,-0.04485228,0.13580233,-0.060132593,0.0313521,-0.12691921,0.06896979,-0.1185841,-0.04857121,-0.06709828,-0.08875258,0.05861996
45,2.190527,0.6935475,-0.5434723,-0.3576495,0.38549942,-1.693002,-0.57296777,0.15595886,-0.6954218,-0.113772325,-0.25070828,0.7975446,-0.10030848,-0.4089272,-0.26333886,-0.8127481,-0.17482209,-0.7635683,0.050436236,-0.0440669,0.4600508,-0.15444581,-0.1914337,0.027031634,-0.080212206,-0.18631619,-0.09546651,0.35038078,0.035140403,0.31144667,-0.17621446,-0.06468363,-0.05965794,-0.36003983,0.2716996,-0.09363394,0.19365856,-0.047275998,0.100901425,0.32561517,0.074183434,-0.02916704,0.106360555,-0.11303985,0.16451696,0.9819492,-0.014053326,0.007803865,0.046057563,0.07434481,0.060193494,0.089487985,-0.024632795,-0.099568546,0.05919262,0.13387196,-0.08878349,0.0067026466,0.15716913,-0.07434141,0.069630176,-0.039903656,0.010499967,0.025780952,-0.05013804,-0.030288655,-0.043442115,-0.04851447,-0.02789415,-0.08103898,0.106241494,-0.05938334,-0.095063515,-0.046617232
46,4.995653,-0.38085264,-0.024950735,-0.072401874,-0.30580884,-0.46645015,-0.21700743,0.75538325,-0.46426898,-0.7949672,-0.07618673,0.3100919,-0.13152468,0.81932557,-0.025041692,0.03747978,0.14666232,0.15358798,0.21516871,0.06812792,-0.15598674,0.020239025,-0.46046367,-0.21866241,-0.24037464,-0.15374094,0.11227641,-0.24062058,0.3012575,0.08945908,0.1312829,-0.08345234,-0.0069120573,0.118754074,-0.14001583,0.16404778,-0.2338026,-0.019367632,0.08141923,-0.09092027,0.12234929,0.019738015,0.008720251,0.09018171,-0.16781026,-0.014053326,0.7180635,0.08531086,-0.044782095,0.053110883,0.0063386327,-0.055679727,0.13614482,0.09917515,0.017955508,-0.14333287,0.06635073,0.005134657,-0.0249185,0.0039885514,0.01993395,-0.0028338335,-0.008447425,-0.0414271,-0.004639576,0.0012854652,0.002823742,0.048994765,-0.10625793,-0.04317826,-0.008412034,0.0035773069,0.10869828,0.0015046386
