,0,1,2,3,4,5,6,7,8,9,10,11,12,13,14,15,16,17,18,19,20,21,22,23,24,25,26,27,28,29,30,31,32,33,34,35,36,37,38,39,40,41,42,43,44,45,46,47,48,49,50,51,52,53,54,55,56,57,58,59,60,61,62,63,64,65,66,67,68,69,70,71,72,73
0,392.95496,46.55407,20.176655,-28.469597,8.71322,6.1649246,-2.5191317,-13.835466,2.1448615,-4.363722,-1.7266074,-5.2234793,-6.666254,-4.1363506,-1.6107138,-1.0513673,7.105444,-1.5949776,-2.3212647,-5.1552887,3.2061768,0.9834695,1.7712059,2.48959,3.9421191,-1.6933773,1.7131698,-2.3482401,1.3157485,1.0040069,-0.3187673,-1.1906782,-0.42661414,0.55989206,4.3779144,-1.1432381,2.1920097,0.90934396,0.121903434,0.0755994,0.72835976,-0.20675984,-0.9457645,1.1645551,-0.64648753,-0.54970396,-1.2491862,0.30909306,-0.76209044,0.0942502,-0.07070111,0.54786766,-0.3750362,0.008014673,-0.6718615,-1.4013155,1.6255443,-0.41851515,-0.2381135,0.20349148,-0.84301305,0.6764573,-1.4603921,0.3654189,0.7365821,-0.18837796,-0.030010065,-0.2766388,0.32303858,0.40050828,0.0734711,0.32513595,-0.23115034,-0.20508122
1,46.55407,59.920452,6.301675,5.0859404,-0.30751994,1.1835606,0.7354148,2.58708,3.0167637,4.126638,-1.3446592,2.0999627,2.4096966,0.9008715,-1.4129248,-0.74792075,-0.4218946,0.6013859,-0.23205209,0.4371419,-1.1735048,-0.6421117,0.8084521,0.2133964,1.1456244,0.013551419,0.09755398,-0.7787236,0.45634085,-0.01883522,0.25329024,-0.24279374,-1.049693,-1.0477791,-0.52511346,-0.06810106,-0.7113851,-0.5539954,0.07724337,0.05857418,-0.1173766,0.13744536,-0.2585168,-0.5742208,0.4811322,-0.17440856,0.095918834,0.08156213,0.15888578,0.37645024,0.37167817,0.08253217,0.09535159,0.04966268,0.094980255,-0.0050890725,-0.02689413,-0.28995103,-0.035318732,-0.072700344,-0.009185702,0.03964846,-0.24226242,0.03374809,0.060896225,-0.17211917,0.08414082,-0.32126933,0.069377124,0.08544591,-0.22178912,-0.27375567,0.34701806,0.06760548
2,20.176655,6.301675,36.946648,-2.8592854,1.1941293,-1.7735814,-0.20769742,-2.0462453,-2.4479175,-1.1520822,-0.6641328,1.0169595,0.4482631,0.37202835,0.75583446,0.71080095,-1.562108,-0.20562929,0.29721197,0.97666097,-0.30606633,0.2133542,-0.1775164,-1.6321391,-0.593523,0.29842377,0.5874065,0.55761635,-0.6582962,0.49787864,0.51601726,1.2028208,0.49361843,0.7616275,-0.25844854,-0.2940346,0.5169773,0.08182419,0.34273964,0.44917092,-0.16655885,-0.2134535,0.6947162,0.17205973,0.2640918,0.13672285,0.0063218097,-0.36120147,0.10772011,-0.13616496,-0.26650268,-0.19125661,0.1637254,0.2369723,-0.28014153,0.24525577,-0.3395301,0.2389499,-0.11291289,-0.21174578,0.43454987,0.14682184,0.29434913,-0.40281785,-0.17296344,0.08678145,-0.05008564,0.21992679,-0.12750053,-0.021054517,-0.103605345,-0.32300663,-0.11052287,0.06058036
3,-28.469597,5.0859404,-2.8592854,31.080894,2.3263059,-1.3068521,-0.530481,-1.6836176,-1.0281218,0.75589454,1.3827174,-0.4020403,0.3051681,-1.2292284,-0.6318978,0.22178814,0.8820029,-1.0335586,0.21596235,-1.2513744,0.81585014,0.6189005,0.29693097,-0.6724738,-0.60443795,0.6202605,0.094003916,-0.12320223,-0.12482637,0.5929246,0.15894416,-0.02761738,-0.046280686,0.6171166,0.40848857,-0.19404018,0.17821035,-0.17449188,-0.12715054,-0.034970246,-0.09732328,-0.024847977,0.60794103,0.028213067,0.028282277,0.09047739,0.021877687,-0.27551413,0.19837794,-0.0006665211,0.06445103,0.07136066,0.019280937,-0.28365022,0.027644245,-0.2444805,0.18325701,0.19805408,-0.18871121,-0.2678175,0.2951181,0.139155,-0.16250798,-0.05233524,0.057639547,-0.3530571,0.04753796,-0.035645828,-0.14255208,0.124680415,-0.17651296,-0.2806013,0.11302346,-0.023946874
4,8.71322,-0.30751994,1.1941293,2.3263059,31.059692,0.48922795,-0.10963359,0.29776973,-0.23920476,-0.03485747,0.21843636,-0.7134526,-0.0015608091,0.6885848,-0.1828076,0.45317328,-0.25284624,0.021247763,0.7873262,-0.44980478,-0.5725619,-0.10698201,0.005390256,0.20599847,-0.53409135,0.35976022,0.07601163,0.10270479,-0.12353687,-0.40161538,-0.15424946,0.2510911,0.08972624,-0.46839118,-0.19010681,-0.09494148,-0.017417466,0.3620666,-0.20931917,0.017870031,0.07480351,-0.19588393,-0.14127114,-0.07873953,-0.092850596,-0.09674311,0.07823405,0.07017267,-0.15707943,-0.052515216,-0.079803705,-0.10853754,-0.015792105,0.08056847,0.006263189,0.026905643,-0.11025272,0.10350028,0.14242212,-0.0011604198,-0.08747934,0.0716843,0.14558849,0.042542893,-0.044659868,0.15839691,0.045309134,0.087989226,-0.037831962,-0.1549482,-0.009944961,0.16122374,0.14996025,-0.06729673
5,6.1649246,1.1835606,-1.7735814,-1.3068521,0.48922795,18.789595,-1.1284982,0.07587591,-0.37330276,0.15974116,-0.123903245,0.21263666,-0.13816859,-0.6744027,-0.14832924,0.019370772,-0.5118762,-0.32893807,0.04583125,0.25636947,0.28475767,-0.14249156,-0.6279944,-0.36788273,-0.13816594,-0.18366395,-0.1372306,-0.024781402,0.0278843,0.03685285,-0.098223805,0.25148362,0.05397273,-0.026073039,-0.048496462,-0.295352,0.20766321,-0.14002135,0.13885044,-0.145443,0.06379256,0.033335548,0.30246824,0.036372587,0.044512615,0.4257616,0.11702913,0.058698714,0.042476613,-0.15414013,-0.024454257,0.026159072,-0.009162866,-0.1908857,0.19558962,0.062068038,-0.09917277,0.10159973,-0.011869235,-0.043327793,0.10749421,-0.083736286,0.0970437,0.013474054,-0.044497944,0.0501486,-0.017312732,0.07984993,-0.04587359,-0.1540828,-0.004164408,-0.077502556,-0.07017052,0.124609545
6,-2.5191317,0.7354148,-0.20769742,-0.530481,-0.10963359,-1.1284982,17.434052,0.42994183,-0.14226678,0.671528,0.10960969,0.9976691,-0.14848742,-0.8174905,0.30247232,0.260783,-0.20105235,-0.13374557,0.071840815,0.024568478,-0.1668553,-0.2042082,0.053222485,0.21615057,0.1008279,0.2906779,0.21883959,0.1101059,0.08841307,0.031594217,-0.241153,0.20890802,0.17880641,0.010856457,0.072407275,-0.22149983,0.13379532,0.15542111,0.1678345,-0.032352872,0.1373658,0.102284804,-0.2226553,0.18188082,-0.08361876,0.14376172,0.05231721,0.005719332,0.020688694,0.121243216,-0.16377246,0.1842409,0.045533095,-0.07728188,0.15825161,0.108349204,0.030266874,0.09817664,0.073679194,-0.14533755,0.032807358,0.039745957,0.018602204,0.029836109,0.00961704,0.020672936,-0.16519332,-0.036208645,0.079119295,-0.06802133,-0.16011494,-0.112321146,-0.06283048,0.053131193
7,-13.835466,2.58708,-2.0462453,-1.6836176,0.29776973,0.07587591,0.42994183,15.132201,0.10819834,0.21476741,-0.48896545,0.2641742,0.005334831,0.1876528,-0.2567653,0.10094458,-0.17956796,0.22937162,-0.13680115,-0.037790537,-0.18737009,0.2528786,0.23097423,-0.0319244,0.47183317,0.025333699,0.014018543,-0.13510422,-0.039762646,-0.01219391,0.2096044,0.38182467,-0.14500609,-0.105023,0.12179865,-0.32307416,0.38148278,-0.0075086663,-0.22478908,0.011299923,-0.047881756,0.06012068,-0.027513463,0.3104056,-0.06231243,-0.038962916,-0.18811905,0.061403397,-0.096920624,-0.12030543,-0.038034447,-0.15143466,-0.08368002,0.05257009,-0.19270109,-0.015351245,0.04406409,0.07083754,-0.010023765,-0.08017051,-0.0028534536,0.054248225,0.024427064,-0.11999321,0.038073927,-0.05595786,-0.0076240506,0.13803023,0.021576341,0.044370323,-0.036098383,0.07380137,0.04931578,-0.010584805
8,2.1448615,3.0167637,-2.4479175,-1.0281218,-0.23920476,-0.37330276,-0.14226678,0.10819834,12.55503,-1.1691796,0.82780075,-0.7109685,-0.26349843,0.6759007,0.67478085,0.14812882,0.25099343,-0.40488747,0.04519695,-0.08960899,0.14584449,-0.21866968,0.17767942,-0.68660134,-0.6429459,0.19480991,0.40069658,0.5056895,-0.19302845,0.29404858,0.2437693,-0.046119973,-0.20331118,-0.3332255,0.29009748,0.09594212,-0.07537726,0.20173903,-0.07131085,-0.052859616,-0.025588196,-0.1526889,0.1808874,-0.10330415,-0.06801875,0.17480738,0.11619134,-0.15613854,-0.09833637,0.057759333,0.13519461,0.01940844,-0.061207347,-0.077159286,0.027658524,0.06606317,-0.07118475,0.1679772,0.0710004,-0.072414815,-0.028223198,0.09668054,0.030607883,-0.06698789,0.04754971,0.0765947,-0.07145667,0.0659575,-0.051839475,0.025341818,0.04477249,-0.005172063,-0.020365864,-0.1562427
9,-4.363722,4.126638,-1.1520822,0.75589454,-0.03485747,0.15974116,0.671528,0.21476741,-1.1691796,9.561622,0.14118177,-0.22226018,-0.8287107,0.007890709,0.30601123,0.24333,0.22486202,0.17113274,0.116530575,0.4644096,0.22299021,-0.10298771,-0.16947201,-0.47845832,-0.3345154,-0.45811218,0.022463266,-0.17603736,0.26891628,-0.02116293,0.1675382,-0.051405318,0.10361378,0.13811933,0.032531105,0.17470919,0.09869623,-0.11733222,-0.04368777,0.10017946,0.2562942,0.07952981,0.07870753,0.08508714,0.039921075,0.028432425,0.1988468,-0.08279778,-0.12773934,0.04331784,0.0626988,-0.22882077,0.029602444,-0.07836753,-0.062335134,0.06990089,0.118872985,-0.20597354,-0.03888648,0.07957349,-0.16111442,0.106087,0.02392966,-0.0025227019,-0.07388614,0.0006315601,0.043034263,0.06004688,-0.10291596,0.002747141,0.1342812,-0.046149105,-0.040207405,-0.10446253
10,-1.7266074,-1.3446592,-0.6641328,1.3827174,0.21843636,-0.123903245,0.10960969,-0.48896545,0.82780075,0.14118177,10.174005,0.090126134,0.21443298,0.3426349,-0.07430783,-0.09703044,-0.53371483,0.18535587,0.107942946,0.1232809,-0.16153944,-0.09652533,-0.10698703,0.24029048,0.6607893,-0.1780869,0.27322578,-0.07261891,0.013381506,0.06216135,0.2737136,0.16048235,0.033984322,-0.08433317,-0.04998247,-0.017699445,0.040285654,0.019701157,0.083859175,0.027532488,-0.03047648,0.056183234,0.04948719,-0.0021975895,0.16598213,0.063319206,0.020696443,0.13880116,0.08943695,0.035202663,0.014000153,0.029122137,0.0760496,0.124749824,-0.023716733,-0.032569222,-0.006454665,-0.087551564,0.017170984,0.014580548,-0.015691102,0.010380481,0.037612535,-0.026929889,-0.038339593,0.12610969,-0.013724877,0.028233785,-0.0044516893,-0.118769355,0.10408075,0.014120568,0.0685136,0.057921443
11,-5.2234793,2.0999627,1.0169595,-0.4020403,-0.7134526,0.21263666,0.9976691,0.2641742,-0.7109685,-0.22226018,0.090126134,8.527583,-0.25224972,0.20381252,-0.09742515,0.50290453,-0.16191283,-0.092617765,0.06487116,-0.06019412,-0.056821182,-0.2141178,0.26338953,-0.18549685,-0.46900862,-0.15924558,0.18698704,-0.09101925,-0.08349654,-0.31331974,0.08925715,-0.20056832,0.14370066,-0.11339112,0.27317113,0.1258981,-0.011140531,0.083672225,0.01772182,-0.117851615,-0.2331741,-0.15971705,0.1611656,-0.2503241,-0.05821801,-0.2004878,-0.07750161,0.0036497617,0.0034441343,-0.1533472,-0.021235593,0.03249243,-0.10643458,-0.06604484,0.043283306,-0.14244495,0.010788784,0.019807467,0.020588143,-0.0094174165,-0.05208515,-0.012358777,0.008530434,0.116053656,-0.059175417,0.17853999,0.06161674,0.061659485,-0.081967086,-0.08144945,0.10096243,0.07509487,0.097390145,0.019519333
12,-6.666254,2.4096966,0.4482631,0.3051681,-0.0015608091,-0.13816859,-0.14848742,0.005334831,-0.26349843,-0.8287107,0.21443298,-0.25224972,9.097069,0.0759178,0.23761886,0.34498852,0.38466704,-0.111943215,-0.33897665,0.25871775,-0.013734994,-0.002964546,-0.016542412,-0.16935912,-0.25268197,-0.3147452,-0.042046063,0.065414794,0.3221016,0.05030129,-0.065444976,-0.2750949,-0.27228308,-0.2162849,0.05741188,-0.124753326,0.069631435,-0.012597788,0.07719168,0.030667517,-0.01903642,-0.1697127,0.090269804,-0.00415673,0.004728362,0.025284613,0.033484366,0.039352193,-0.06340511,-0.047976755,-0.04099582,0.01324968,0.067475244,-0.025353901,-0.058426544,0.16019276,0.112720944,-0.07034302,0.006599094,0.14413652,-0.030573172,-0.074559174,0.07536304,-0.029457483,-0.015586986,0.057306185,-0.03702902,-0.023191316,-0.029721774,-0.13560037,0.085357994,0.036835015,-0.05937846,0.096599296
13,-4.1363506,0.9008715,0.37202835,-1.2292284,0.6885848,-0.6744027,-0.8174905,0.1876528,0.6759007,0.007890709,0.3426349,0.20381252,0.0759178,8.169228,0.13167098,-0.03616918,-0.124999724,-0.21969292,-0.13976246,-0.09156765,0.32366082,0.006357188,-0.14097756,0.048391722,-0.24203008,0.05061806,-0.11199689,-0.095404744,0.1852116,-0.13688955,-0.11880629,0.07142635,0.076674744,0.1904833,0.10794011,-0.1553992,0.07863465,-0.17203847,0.05935218,-0.05212227,0.07586993,0.048062958,-0.012029773,0.04670939,0.09194251,0.10277242,-0.20659387,0.00034007535,-0.0044686142,0.06318487,-0.027865253,0.071698554,-0.11555798,-0.1799353,0.1478886,-0.0053259456,-0.04446064,-0.08414514,0.007755708,-0.03982702,-0.02024163,-0.07786046,0.0002379039,0.01865663,-0.008781802,-0.13003948,0.022345291,-0.15723106,-0.046773292,0.012485206,-0.019614188,-0.12130152,-0.07113153,0.077608384
14,-1.6107138,-1.4129248,0.75583446,-0.6318978,-0.1828076,-0.14832924,0.30247232,-0.2567653,0.67478085,0.30601123,-0.07430783,-0.09742515,0.23761886,0.13167098,6.8935905,-0.06375638,-0.16903299,-0.043947205,0.06111147,-0.04550913,-0.12428646,0.15617505,0.036019728,-0.05985323,0.279898,-0.39764,-0.3665588,-0.35314304,-0.0978579,0.007814143,-0.026861688,-0.025252253,0.03892661,0.09346843,0.075321786,-0.29176214,0.098020986,0.045893528,0.012854806,0.14293362,0.050976034,-0.049355883,0.0155172665,-0.0059155873,0.021077905,0.066370934,0.0073229754,-0.05663462,-0.0069495616,-0.14895356,-0.11803019,-0.09217046,-0.03342468,0.0074640308,-0.09951398,-0.06926213,0.05136614,-0.047328934,-0.008047027,-0.14713877,0.020021118,0.021218827,-0.120567545,0.02885671,-0.0466196,0.025821757,-0.028862786,-0.056795686,-0.09490345,0.06317529,0.015789878,0.02732847,0.105679534,-0.058054104
15,-1.0513673,-0.74792075,0.71080095,0.22178814,0.45317328,0.019370772,0.260783,0.10094458,0.14812882,0.24333,-0.09703044,0.50290453,0.34498852,-0.03616918,-0.06375638,7.3217826,0.25489265,-0.23605025,-0.10895401,-0.05305499,0.047352646,-0.07354521,-0.25851464,0.018146798,0.15051079,-0.19484779,0.12708628,-0.028060243,0.08922204,0.064286046,0.023406262,0.028287183,0.0040332144,-0.08648288,0.090024136,0.11766809,-0.0024642406,-0.018693563,0.23180625,0.18192355,-0.05993331,-0.054335292,-0.053774096,-0.022728112,-0.00696103,0.20460297,-0.008295139,0.019843295,0.051012196,0.08559008,0.10032022,0.034779817,-0.018733766,-0.009947991,0.00929269,-0.013833802,-0.13391522,-0.011422593,0.06290878,0.033868764,-0.0011496999,-0.05394696,-0.116571926,0.06379253,0.03106653,-0.01894731,0.011416126,-0.088499114,-0.004917384,0.0698122,-0.018238135,-0.0024509025,-0.06732261,-0.04414318
16,7.105444,-0.4218946,-1.562108,0.8820029,-0.25284624,-0.5118762,-0.20105235,-0.17956796,0.25099343,0.22486202,-0.53371483,-0.16191283,0.38466704,-0.124999724,-0.16903299,0.25489265,6.0808506,0.037546366,0.2832392,0.41429412,-0.034138814,0.3242591,-0.13580734,0.054622747,0.099319525,-0.12170413,-0.09869719,-0.42708647,-0.029956046,-0.12395017,0.06792538,0.29707015,0.06891005,0.16902225,-0.189491,-0.085957214,0.1260412,-0.03346008,-0.050598014,0.07341474,-0.011584673,0.023333505,0.17520025,-0.07367113,-0.007951465,0.043966416,-0.036885828,0.02888973,0.071890816,0.030355167,-0.13837212,-0.0010071371,-0.13513254,-0.019676266,-0.01882829,-0.0025124976,-0.022197228,0.08383615,0.088193,-0.076881126,0.036000922,0.049646337,0.043561243,0.0016666265,-0.07194495,0.069405615,-0.024541412,0.024647588,-0.11798419,-0.054205954,0.04582785,-0.0003282095,-0.039973736,0.068292975
17,-1.5949776,0.6013859,-0.20562929,-1.0335586,0.021247763,-0.32893807,-0.13374557,0.22937162,-0.40488747,0.17113274,0.18535587,-0.092617765,-0.111943215,-0.21969292,-0.043947205,-0.23605025,0.037546366,6.045494,-0.05614943,-0.18770254,0.26152718,0.10505344,-0.1456979,-0.12332898,-0.2975722,0.0065753735,0.05522281,0.04216591,-0.066342324,0.13020281,-0.008088669,-0.066537686,-0.07957776,-0.07412785,0.04701205,0.0015830209,0.040885106,-0.0025111483,0.11559668,0.04636772,-0.01430296,-0.16123721,0.020511573,-0.13154398,-0.02977716,0.19208525,-0.03821511,-0.05024384,-0.01954079,0.039939858,0.0102834385,0.14181186,0.023882102,-0.04154794,0.066776946,0.0352522,-0.12577564,0.020336043,-0.013526055,0.036303945,0.029511131,0.00048357263,-0.0035929866,0.01200189,0.031681634,-0.019058052,0.010846006,-0.00064317265,-0.033437215,-0.026746472,0.023889054,-0.066372186,-0.02242718,0.006431775
18,-2.3212647,-0.23205209,0.29721197,0.21596235,0.7873262,0.04583125,0.071840815,-0.13680115,0.04519695,0.116530575,0.107942946,0.06487116,-0.33897665,-0.13976246,0.06111147,-0.10895401,0.2832392,-0.05614943,5.630817,0.11417803,0.0067376504,-0.060929704,0.039130837,-0.27194703,0.0074080112,-0.10258484,0.08751007,0.056181826,0.11804682,0.15138423,-0.02996187,-0.10813244,-0.28947282,0.004331642,0.12050005,0.001976708,0.030720402,-0.16770187,0.08909107,-0.052713007,-0.036078136,-0.036547072,-0.08496213,0.0740141,-0.010900082,-0.012605149,-0.05348944,0.031159561,0.017264996,0.018386655,-0.0059238737,0.07858234,0.0594165,-0.051772922,0.06904212,-0.02183237,-0.056032248,-0.045244597,-0.05378811,0.16389886,-0.0623413,-0.08701419,0.034649063,-0.0017932164,0.054369576,-0.05588645,-0.071816504,-0.021105483,0.02532207,0.013454007,-0.010485207,-0.032407515,-0.052963093,-0.044053327
19,-5.1552887,0.4371419,0.97666097,-1.2513744,-0.44980478,0.25636947,0.024568478,-0.037790537,-0.08960899,0.4644096,0.1232809,-0.06019412,0.25871775,-0.09156765,-0.04550913,-0.05305499,0.41429412,-0.18770254,0.11417803,4.5654182,0.11762425,0.07404415,0.062305115,0.14044285,-0.051752523,0.2910941,0.23131299,0.1910494,0.07670541,0.17170982,0.002000976,-0.13634863,-0.1041403,0.034742996,0.029650938,0.08631446,-0.14017248,0.16835845,-0.0894953,-0.031462267,-0.01631252,-0.029929828,0.052035518,0.042770743,0.021377943,0.011154285,-0.016715512,-0.0800436,-0.117417894,-0.0052528325,0.07517473,-0.025924925,-0.020507926,-0.008551765,0.05361536,-0.07298736,-0.084576085,0.059041664,-0.0435504,-0.0032892306,-0.023134701,-0.08441877,0.007042287,-0.0441169,0.044746555,-0.0023594282,-0.009850606,-0.019081399,0.0085969865,0.09370412,-0.009973758,0.035695568,0.0608953,-0.058165282
20,3.2061768,-1.1735048,-0.30606633,0.81585014,-0.5725619,0.28475767,-0.1668553,-0.18737009,0.14584449,0.22299021,-0.16153944,-0.056821182,-0.013734994,0.32366082,-0.12428646,0.047352646,-0.034138814,0.26152718,0.0067376504,0.11762425,4.756965,-0.22334166,0.2714584,-0.019034443,0.051122107,-0.004771202,0.05228827,-0.04432652,0.19940059,-0.04358227,0.12317172,0.11760066,0.041579593,-0.16140798,0.015390418,-0.04409469,-0.00026662988,0.08165227,0.02226412,0.04487326,-0.11352146,-0.0044419607,-0.13458572,0.110545516,-0.011774082,-0.115696006,0.039261766,-0.01604525,0.03663172,-0.05210877,-0.06577785,-0.025144275,0.02187017,0.006036088,-0.05926305,0.015134158,-0.011152575,0.03158464,0.060610842,-0.06339596,-0.0012641151,-0.029427242,0.05995842,-0.0023937274,-0.00869381,0.03624925,-0.061754804,0.0010607103,-0.006241065,-0.02903423,-0.033583485,0.00391215,0.033394754,-0.015482893
21,0.9834695,-0.6421117,0.2133542,0.6189005,-0.10698201,-0.14249156,-0.2042082,0.2528786,-0.21866968,-0.10298771,-0.09652533,-0.2141178,-0.002964546,0.006357188,0.15617505,-0.07354521,0.3242591,0.10505344,-0.060929704,0.07404415,-0.22334166,3.7436433,0.2811038,-0.062311914,0.10544644,-0.021054009,-0.062059827,0.10252564,0.006977155,0.09944871,-0.20735942,-0.03769874,0.041325107,-0.24974327,0.09937504,0.05257357,-0.06469917,-0.027353056,0.025295546,0.020248214,-0.04158652,-0.13579695,0.032792807,0.075698785,0.018846238,0.038775202,-0.005469928,-0.0038032196,-0.031779796,-0.07536997,0.024044972,-0.022407908,0.025089106,-0.069437236,0.04343885,-0.03517637,-0.043568972,-0.025036957,-0.078479394,-0.010139519,-0.0694358,0.01828393,0.01455888,0.07431724,0.051723514,0.04409635,-0.016793083,0.02342347,0.057888664,-0.07628767,-0.06445591,0.005461151,-0.026803399,-0.029717725
22,1.7712059,0.8084521,-0.1775164,0.29693097,0.005390256,-0.6279944,0.053222485,0.23097423,0.17767942,-0.16947201,-0.10698703,0.26338953,-0.016542412,-0.14097756,0.036019728,-0.25851464,-0.13580734,-0.1456979,0.039130837,0.062305115,0.2714584,0.2811038,3.3591797,-0.013506226,0.15001476,-0.15397757,-0.00367911,-0.130749,-0.02637292,0.056277454,-0.035065822,0.2025899,0.1294174,0.094418675,-0.07993928,-0.0010663564,0.024803344,0.017236972,0.065479934,-0.038538814,0.17196104,-0.022835106,0.08982551,-0.043462507,-0.11046868,0.048287254,0.116748974,0.10358037,-0.08264534,0.035171896,0.008243496,0.014739507,-0.043556713,0.014203271,0.12988001,-0.012227933,-0.06290556,0.06709829,-0.024202283,0.11157735,-0.013468118,-0.07348931,0.043176755,-0.03930119,-0.08606095,0.010822808,0.026001371,-0.026475273,-0.031432956,-0.033592165,0.056901522,0.045003705,-0.014534018,0.05024614
23,2.48959,0.2133964,-1.6321391,-0.6724738,0.20599847,-0.36788273,0.21615057,-0.0319244,-0.68660134,-0.47845832,0.24029048,-0.18549685,-0.16935912,0.048391722,-0.05985323,0.018146798,0.054622747,-0.12332898,-0.27194703,0.14044285,-0.019034443,-0.062311914,-0.013506226,3.3977625,-0.20700592,-0.22815499,0.08752726,-0.023873158,0.032090537,0.056619987,0.19427134,-0.02582043,-0.21121013,0.023523673,0.09722949,-0.0138368625,0.07198766,-0.097559564,0.15627831,-0.016264316,-0.0032350046,-0.07727918,0.14109209,0.03286653,0.01562962,-0.0067899222,0.05505191,-0.014231332,-0.05193825,0.0024214447,0.03620372,-0.041896664,0.05194501,-0.040449627,0.014222405,0.02624363,-0.068688504,-0.023050757,-0.048653416,0.04163886,-0.025524255,-0.0064680767,0.044984587,-0.025112454,0.039525658,-0.01718108,-0.03825237,0.0063306545,-0.02237174,0.005337886,-0.032445915,-0.037453845,-0.0066390773,-0.050085973
24,3.9421191,1.1456244,-0.593523,-0.60443795,-0.53409135,-0.13816594,0.1008279,0.47183317,-0.6429459,-0.3345154,0.6607893,-0.46900862,-0.25268197,-0.24203008,0.279898,0.15051079,0.099319525,-0.2975722,0.0074080112,-0.051752523,0.051122107,0.10544644,0.15001476,-0.20700592,2.6249728,0.2734732,0.008881902,0.16963732,0.031060122,-0.091637254,0.020417638,-0.16955113,-0.056309424,0.032921515,-0.07359153,0.0991029,-0.04784616,-0.074514315,0.020088514,3.2016593e-05,-0.072525054,-0.10463561,0.017926816,-0.038627006,-0.025801634,0.020161215,0.0603193,-0.050165504,0.027223866,0.00024383169,0.0129900295,0.027235348,-0.006681968,-0.038508467,-0.048737913,0.06247499,-0.047080785,-0.05023299,0.060791202,0.012075854,0.014015023,-0.047992975,0.04938665,0.0021132776,-0.021302028,-0.034570403,0.035141893,0.010571577,-0.115796015,-0.0008734476,0.030568164,-0.08289613,0.027561,-0.014319874
25,-1.6933773,0.013551419,0.29842377,0.6202605,0.35976022,-0.18366395,0.2906779,0.025333699,0.19480991,-0.45811218,-0.1780869,-0.15924558,-0.3147452,0.05061806,-0.39764,-0.19484779,-0.12170413,0.0065753735,-0.10258484,0.2910941,-0.004771202,-0.021054009,-0.15397757,-0.22815499,0.2734732,2.87612,-0.08534067,-0.2555129,0.08766769,-0.017561782,0.14486495,-0.001202578,0.0054878374,0.02920955,0.080562755,-0.022732161,0.13090333,-0.045822,0.22999045,0.057120703,0.043663725,-0.0009604963,0.011004442,-0.02080305,0.025967421,0.046878517,0.038769156,0.05488567,-0.08087791,0.0127312215,-0.0050710505,-0.010408487,0.0022195447,-0.028590333,-0.019008871,0.024594657,-0.0066030156,-0.06513938,0.009706756,0.034958385,-0.03622801,-0.015251377,-0.039622985,0.0644421,0.001007047,0.025715727,-0.031335045,-0.026883721,0.00350964,-0.021532416,0.04707799,0.031057913,-0.03047739,0.01887085
26,1.7131698,0.09755398,0.5874065,0.094003916,0.07601163,-0.1372306,0.21883959,0.014018543,0.40069658,0.022463266,0.27322578,0.18698704,-0.042046063,-0.11199689,-0.3665588,0.12708628,-0.09869719,0.05522281,0.08751007,0.23131299,0.05228827,-0.062059827,-0.00367911,0.08752726,0.008881902,-0.08534067,2.5649703,-0.09255392,-0.10744856,0.04969459,-0.120562844,-0.12572679,0.087488815,0.059137996,-0.08919023,-0.11627791,-0.055896882,-0.0741534,-0.105811164,-0.0769646,0.089349166,-0.00081500737,0.014193272,0.008631591,-0.0008455367,0.024095088,-0.027654245,0.02324694,0.028239274,-0.14648008,-0.113839515,-0.0144572,-0.023295935,0.050381936,-0.04024645,-0.0068562026,0.04767085,-0.024870671,-0.027376326,-0.053346083,0.0094579365,0.057577435,-0.010860609,0.002163772,0.053502798,-0.027774334,0.004523664,0.015441354,0.04088602,-0.005161262,0.02138113,0.06312354,-0.05676322,-0.009758074
27,-2.3482401,-0.7787236,0.55761635,-0.12320223,0.10270479,-0.024781402,0.1101059,-0.13510422,0.5056895,-0.17603736,-0.07261891,-0.09101925,0.065414794,-0.095404744,-0.35314304,-0.028060243,-0.42708647,0.04216591,0.056181826,0.1910494,-0.04432652,0.10252564,-0.130749,-0.023873158,0.16963732,-0.2555129,-0.09255392,2.6098053,0.20908551,-0.057351924,0.051796768,0.04658594,-0.04729318,0.0031065485,-0.03995476,-0.06265326,0.12138365,-0.078480825,0.03974276,0.023002466,0.13821572,0.013941886,0.051069796,-0.042630278,0.031216955,-0.08812736,0.060494337,0.011408513,-0.056278177,-0.005973588,0.011065321,0.002490253,-0.040653065,0.03232289,-0.032123014,-0.04933145,0.062377788,-0.019654099,-0.015949273,-0.018562518,-0.0331406,0.054653563,-0.070241064,0.0034351177,-0.0014864774,-0.013131095,0.04950784,-0.012216818,-0.03114469,0.0001555401,-0.040949084,-0.023135606,-0.023845078,0.041656397
28,1.3157485,0.45634085,-0.6582962,-0.12482637,-0.12353687,0.0278843,0.08841307,-0.039762646,-0.19302845,0.26891628,0.013381506,-0.08349654,0.3221016,0.1852116,-0.0978579,0.08922204,-0.029956046,-0.066342324,0.11804682,0.07670541,0.19940059,0.006977155,-0.02637292,0.032090537,0.031060122,0.08766769,-0.10744856,0.20908551,2.1063128,0.0602173,-0.14323728,0.16549712,0.14728603,0.11428471,-0.061791934,0.03913907,0.032036792,0.061400242,-0.047494866,-3.7231723e-05,0.00292867,-0.05705671,0.018741027,-0.066967845,-0.07668831,-0.008724211,-0.07504341,0.05154623,0.04631508,0.031213317,0.054790277,0.0026616647,0.03669432,0.056719914,-0.012498658,0.0010342122,-0.0035515465,0.036104843,-0.003429214,0.0033020135,-0.0035689557,0.060405836,0.021521527,-0.020577211,0.032718435,0.029468892,0.00803221,0.017746981,0.048407488,-0.010591734,0.014789548,0.055899113,0.019826733,-0.046086624
29,1.0040069,-0.01883522,0.49787864,0.5929246,-0.40161538,0.03685285,0.031594217,-0.01219391,0.29404858,-0.02116293,0.06216135,-0.31331974,0.05030129,-0.13688955,0.007814143,0.064286046,-0.12395017,0.13020281,0.15138423,0.17170982,-0.04358227,0.09944871,0.056277454,0.056619987,-0.091637254,-0.017561782,0.04969459,-0.057351924,0.0602173,2.1510484,0.045495145,-0.05497428,0.08436926,0.036886174,-0.09259397,-0.019674234,0.026621096,-0.010475082,-0.014675409,-0.11790809,-0.055150934,-0.0032951627,-0.07885,0.038771827,-0.0018577869,-0.07841544,-0.023014834,0.02278231,-0.003307762,-0.022458274,-0.036945313,-0.015255656,-0.029041162,0.05132256,-0.022863252,-0.024643045,0.013145391,-0.024047446,0.017977547,-0.047921844,0.044017937,-0.025695061,-0.072480425,0.0384359,-0.021578128,0.012129813,0.08064906,0.007577001,-0.034692697,-0.0097484905,-0.026626946,0.015710175,0.015300377,0.07909688
30,-0.3187673,0.25329024,0.51601726,0.15894416,-0.15424946,-0.098223805,-0.241153,0.2096044,0.2437693,0.1675382,0.2737136,0.08925715,-0.065444976,-0.11880629,-0.026861688,0.023406262,0.06792538,-0.008088669,-0.02996187,0.002000976,0.12317172,-0.20735942,-0.035065822,0.19427134,0.020417638,0.14486495,-0.120562844,0.051796768,-0.14323728,0.045495145,2.1350734,0.00056251226,0.06358653,0.028406251,-0.071903795,-0.040125616,0.02423859,0.021552678,-0.06386304,0.08446028,0.03164988,-0.07287355,-0.02915597,-0.011365069,-0.057439767,0.04428723,-0.033183914,0.027549606,0.006101408,-0.022495346,-0.046150234,-0.007992575,0.008426571,-0.038560286,-0.005379305,-0.010731706,0.03314931,0.010903364,-0.042540863,0.052540075,-0.0037237396,0.019272216,-0.008739643,0.03028212,-0.0071742274,0.018445559,0.023728924,0.009044703,0.023700168,-0.039361335,-0.041576967,-0.0050746044,-0.02804588,-0.01328744
31,-1.1906782,-0.24279374,1.2028208,-0.02761738,0.2510911,0.25148362,0.20890802,0.38182467,-0.046119973,-0.051405318,0.16048235,-0.20056832,-0.2750949,0.07142635,-0.025252253,0.028287183,0.29707015,-0.066537686,-0.10813244,-0.13634863,0.11760066,-0.03769874,0.2025899,-0.02582043,-0.16955113,-0.001202578,-0.12572679,0.04658594,0.16549712,-0.05497428,0.00056251226,1.7111179,-0.15402731,0.03496091,-0.028381227,0.11335918,-0.11393087,-0.022635095,-0.017205356,-0.038133707,-0.041830584,-0.052548513,0.052201174,0.0032908758,0.051681045,0.016295416,0.021162082,-0.022522988,-0.045239337,-0.052348137,0.015358628,0.021709936,0.050029382,0.053611852,-0.05767846,0.016331231,0.06269417,-0.053602982,-0.07584909,-0.011158826,0.00976285,-0.05224256,-0.057614293,0.011919694,0.028222386,-0.002935792,0.020820191,0.0069380617,0.017571941,0.017187802,-0.0057777027,0.003606427,-0.010453893,-0.0152777545
32,-0.42661414,-1.049693,0.49361843,-0.046280686,0.08972624,0.05397273,0.17880641,-0.14500609,-0.20331118,0.10361378,0.033984322,0.14370066,-0.27228308,0.076674744,0.03892661,0.0040332144,0.06891005,-0.07957776,-0.28947282,-0.1041403,0.041579593,0.041325107,0.1294174,-0.21121013,-0.056309424,0.0054878374,0.087488815,-0.04729318,0.14728603,0.08436926,0.06358653,-0.15402731,1.5361139,-0.15509552,0.10933484,-0.082289204,-0.03105834,-0.08758974,-0.013288227,-0.06540849,-0.016828274,-0.1171135,0.06597419,-0.01709307,0.025480822,0.01507289,0.0021702277,0.01818319,-0.066438854,0.040231314,0.048781984,-0.0373452,0.03587035,-0.005299315,0.0013104326,-0.03584393,-0.008950833,0.007511801,0.010943094,0.06476816,-0.037835285,-0.039845407,0.013051471,-0.040226538,0.045977738,-0.002946056,-0.010318678,-0.029617975,0.011723291,0.0025905175,-0.01566372,-0.03232927,-0.061546013,0.009694954
33,0.55989206,-1.0477791,0.7616275,0.6171166,-0.46839118,-0.026073039,0.010856457,-0.105023,-0.3332255,0.13811933,-0.08433317,-0.11339112,-0.2162849,0.1904833,0.09346843,-0.08648288,0.16902225,-0.07412785,0.004331642,0.034742996,-0.16140798,-0.24974327,0.094418675,0.023523673,0.032921515,0.02920955,0.059137996,0.0031065485,0.11428471,0.036886174,0.028406251,0.03496091,-0.15509552,1.5890949,0.15079239,-0.110283,-0.03438373,0.025706708,-0.035724938,0.017998062,0.007002782,-0.068363726,-0.0186938,-0.09344941,0.025397569,0.090528935,-0.029954258,0.023853034,-0.034931984,-0.017181262,0.060260832,0.024085239,-0.052602634,0.0047193803,0.035192005,0.044559784,-0.021670917,0.0042763865,0.061880723,-0.010177094,-0.04057346,0.03471495,0.019914065,0.001019432,0.012901926,0.019747429,8.6698245e-05,-0.008012954,0.000987836,-0.037123714,0.018936675,0.014398533,0.022721577,0.0031859202
34,4.3779144,-0.52511346,-0.25844854,0.40848857,-0.19010681,-0.048496462,0.072407275,0.12179865,0.29009748,0.032531105,-0.04998247,0.27317113,0.05741188,0.10794011,0.075321786,0.090024136,-0.189491,0.04701205,0.12050005,0.029650938,0.015390418,0.09937504,-0.07993928,0.09722949,-0.07359153,0.080562755,-0.08919023,-0.03995476,-0.061791934,-0.09259397,-0.071903795,-0.028381227,0.10933484,0.15079239,1.619613,0.07794137,-0.013812214,0.005223645,-0.07138316,-0.009646468,0.037306786,0.028075986,-0.008531673,0.044748582,0.025956497,-0.068163075,0.03632111,0.005028322,-0.012319741,0.00044380367,-0.026699718,0.0173519,0.042725228,0.033472322,-0.05312326,0.05558654,-0.0010538534,-0.025435043,-0.067601755,0.033314466,0.053010814,-0.016456878,-0.012945359,-0.028403625,-0.0045537865,0.017666847,0.04785594,0.05054595,-0.01222598,-0.010685286,-0.009457009,0.010178007,0.010006025,0.019073904
35,-1.1432381,-0.06810106,-0.2940346,-0.19404018,-0.09494148,-0.295352,-0.22149983,-0.32307416,0.09594212,0.17470919,-0.017699445,0.1258981,-0.124753326,-0.1553992,-0.29176214,0.11766809,-0.085957214,0.0015830209,0.001976708,0.08631446,-0.04409469,0.05257357,-0.0010663564,-0.0138368625,0.0991029,-0.022732161,-0.11627791,-0.06265326,0.03913907,-0.019674234,-0.040125616,0.11335918,-0.082289204,-0.110283,0.07794137,1.4095328,0.026626512,0.044291098,-0.008191304,-0.02380474,0.036009967,0.00085240393,-0.028112471,-0.03426577,0.041098062,0.023537014,-0.041353606,0.024351873,0.010843016,-0.06258519,-0.07670517,0.0017892104,-0.032250553,-0.014784295,-0.02263353,-0.0026276028,0.023735404,0.0032691234,0.047328927,-0.05090391,0.03534978,0.06314987,-0.019600209,0.0050265393,0.018186156,0.02162133,0.013358221,-0.03467428,-0.021826703,-0.03427866,-0.005327625,-0.035295397,-0.0040495684,0.025231896
36,2.1920097,-0.7113851,0.5169773,0.17821035,-0.017417466,0.20766321,0.13379532,0.38148278,-0.07537726,0.09869623,0.040285654,-0.011140531,0.069631435,0.07863465,0.098020986,-0.0024642406,0.1260412,0.040885106,0.030720402,-0.14017248,-0.00026662988,-0.06469917,0.024803344,0.07198766,-0.04784616,0.13090333,-0.055896882,0.12138365,0.032036792,0.026621096,0.02423859,-0.11393087,-0.03105834,-0.03438373,-0.013812214,0.026626512,1.2607042,0.049067978,-0.06619058,-0.07918212,-0.046424076,-0.037665814,0.014707258,-0.0097541455,-0.054591596,-0.048618384,0.059377074,-0.059625804,0.0120982,-0.026803162,0.022114297,-0.01927216,-0.018575605,0.0052563557,0.073402554,-0.045175202,-0.016279932,0.032542966,-0.022499919,-0.051340975,0.0004590933,-0.021983914,-0.017474288,0.019492023,0.017204158,0.044006668,0.032145895,-0.012615019,-0.051418312,0.06083218,0.019658286,-0.026786473,0.026146326,-0.0015474489
37,0.90934396,-0.5539954,0.08182419,-0.17449188,0.3620666,-0.14002135,0.15542111,-0.0075086663,0.20173903,-0.11733222,0.019701157,0.083672225,-0.012597788,-0.17203847,0.045893528,-0.018693563,-0.03346008,-0.0025111483,-0.16770187,0.16835845,0.08165227,-0.027353056,0.017236972,-0.097559564,-0.074514315,-0.045822,-0.0741534,-0.078480825,0.061400242,-0.010475082,0.021552678,-0.022635095,-0.08758974,0.025706708,0.005223645,0.044291098,0.049067978,1.3368133,0.018459734,-0.060629252,-0.011818904,0.023068627,0.07152061,-0.039431818,0.002994705,0.011858213,0.00470405,0.0056478255,0.045741983,0.014119871,0.029723667,-0.041417558,-0.020308094,-0.023387799,0.024842262,-0.02462963,-0.00610255,-0.0501972,-0.045916717,0.030307528,-0.014454169,-0.00069474464,-0.022292243,0.0044410154,0.015671501,-0.0723887,0.033366736,-0.0098672435,0.014469577,0.0011458264,0.0068581467,-0.0123133045,0.0017129955,0.045080893
38,0.121903434,0.07724337,0.34273964,-0.12715054,-0.20931917,0.13885044,0.1678345,-0.22478908,-0.07131085,-0.04368777,0.083859175,0.01772182,0.07719168,0.05935218,0.012854806,0.23180625,-0.050598014,0.11559668,0.08909107,-0.0894953,0.02226412,0.025295546,0.065479934,0.15627831,0.020088514,0.22999045,-0.105811164,0.03974276,-0.047494866,-0.014675409,-0.06386304,-0.017205356,-0.013288227,-0.035724938,-0.07138316,-0.008191304,-0.06619058,0.018459734,1.2296829,-0.042862564,0.0078205,0.028313523,0.032539144,0.035443805,-0.029353576,-0.025326189,-0.020130172,-0.011847312,0.0011768474,-0.045457155,-0.0013294672,-0.033182733,-0.035422586,0.0012232051,-0.004427248,-0.037389643,0.06413947,0.023649737,-0.029028177,-0.028242094,0.006575104,0.010197984,0.0178175,-0.04646602,-0.021377053,-0.005513572,0.017470688,0.028032385,-0.019818705,0.012956718,0.022289902,0.030389896,0.021572161,-0.017706672
39,0.0755994,0.05857418,0.44917092,-0.034970246,0.017870031,-0.145443,-0.032352872,0.011299923,-0.052859616,0.10017946,0.027532488,-0.117851615,0.030667517,-0.05212227,0.14293362,0.18192355,0.07341474,0.04636772,-0.052713007,-0.031462267,0.04487326,0.020248214,-0.038538814,-0.016264316,3.2016593e-05,0.057120703,-0.0769646,0.023002466,-3.7231723e-05,-0.11790809,0.08446028,-0.038133707,-0.06540849,0.017998062,-0.009646468,-0.02380474,-0.07918212,-0.060629252,-0.042862564,1.2071017,0.010747448,0.0021906442,0.0022991402,0.018918699,-0.0043104263,-0.081906244,0.022751361,0.0074564107,-0.0004477122,-0.039469287,-0.0030915518,0.016870841,-0.0057974756,0.039463114,0.0732979,-0.07779873,-0.011847635,0.038294047,-0.016117962,0.0029410212,0.003140796,-0.011464234,-0.011018558,-0.001970212,0.04178407,-0.006012165,0.030814221,0.009068966,0.037862476,-0.011807739,-0.0044632247,0.030541886,-0.021206403,0.057869986
40,0.72835976,-0.1173766,-0.16655885,-0.09732328,0.07480351,0.06379256,0.1373658,-0.047881756,-0.025588196,0.2562942,-0.03047648,-0.2331741,-0.01903642,0.07586993,0.050976034,-0.05993331,-0.011584673,-0.01430296,-0.036078136,-0.01631252,-0.11352146,-0.04158652,0.17196104,-0.0032350046,-0.072525054,0.043663725,0.089349166,0.13821572,0.00292867,-0.055150934,0.03164988,-0.041830584,-0.016828274,0.007002782,0.037306786,0.036009967,-0.046424076,-0.011818904,0.0078205,0.010747448,1.1025774,-0.057386495,0.023258017,-0.027031574,-0.006675485,-0.018611915,-0.030510033,-0.0125512,0.08739956,-0.03960387,0.025713565,-0.028602522,0.024642518,-0.022269044,-0.014408667,-0.014270673,-0.022258416,0.017509636,0.0042006196,-0.016718615,0.024162281,-0.03519105,0.0065869405,0.004848987,0.018304773,0.014382444,-0.011386998,0.01573276,-0.014044315,-0.0031403485,-0.0012285773,-0.020105781,0.022842472,0.020689502
41,-0.20675984,0.13744536,-0.2134535,-0.024847977,-0.19588393,0.033335548,0.102284804,0.06012068,-0.1526889,0.07952981,0.056183234,-0.15971705,-0.1697127,0.048062958,-0.049355883,-0.054335292,0.023333505,-0.16123721,-0.036547072,-0.029929828,-0.0044419607,-0.13579695,-0.022835106,-0.07727918,-0.10463561,-0.0009604963,-0.00081500737,0.013941886,-0.05705671,-0.0032951627,-0.07287355,-0.052548513,-0.1171135,-0.068363726,0.028075986,0.00085240393,-0.037665814,0.023068627,0.028313523,0.0021906442,-0.057386495,1.0022135,0.025049016,-0.03117314,-0.018677,0.0074498556,-0.004208423,-0.01873362,-0.036713924,-0.011880523,0.0020229816,-0.01794648,-0.018714767,0.06170518,-0.016697105,-0.02432156,-0.06963207,0.077489346,-0.01846769,0.02047278,-0.015318906,-0.047836892,-0.010680029,-0.020348739,0.024281237,0.02188852,0.0073266407,-0.020445287,-0.03477391,-0.015538052,-0.0062293396,-0.008513213,-0.024778944,0.009426537
42,-0.9457645,-0.2585168,0.6947162,0.60794103,-0.14127114,0.30246824,-0.2226553,-0.027513463,0.1808874,0.07870753,0.04948719,0.1611656,0.090269804,-0.012029773,0.0155172665,-0.053774096,0.17520025,0.020511573,-0.08496213,0.052035518,-0.13458572,0.032792807,0.08982551,0.14109209,0.017926816,0.011004442,0.014193272,0.051069796,0.018741027,-0.07885,-0.02915597,0.052201174,0.06597419,-0.0186938,-0.008531673,-0.028112471,0.014707258,0.07152061,0.032539144,0.0022991402,0.023258017,0.025049016,0.8626553,0.039055377,-0.03584648,-0.026804617,-0.0025631995,0.010575194,0.010979585,0.050459437,-0.06621749,0.05744762,0.006928704,0.016814668,-0.030526556,0.0031680404,-0.017440967,-0.010920642,0.049273357,0.023170304,-0.011869747,0.014524241,-0.022626165,0.00705145,0.026128758,-0.014645737,-0.022861294,0.019926563,0.014636676,0.030338287,-0.0109679,-0.037480243,0.004680698,-0.048003256
43,1.1645551,-0.5742208,0.17205973,0.028213067,-0.07873953,0.036372587,0.18188082,0.3104056,-0.10330415,0.08508714,-0.0021975895,-0.2503241,-0.00415673,0.04670939,-0.0059155873,-0.022728112,-0.07367113,-0.13154398,0.0740141,0.042770743,0.110545516,0.075698785,-0.043462507,0.03286653,-0.038627006,-0.02080305,0.008631591,-0.042630278,-0.066967845,0.038771827,-0.011365069,0.0032908758,-0.01709307,-0.09344941,0.044748582,-0.03426577,-0.0097541455,-0.039431818,0.035443805,0.018918699,-0.027031574,-0.03117314,0.039055377,0.8944198,0.052545257,0.028472025,-0.022397535,0.00226798,0.061845995,0.038270332,0.047686055,0.024347175,-0.02528828,0.016264908,7.53296e-06,-0.0021043832,0.011290837,-0.0044942163,0.031220729,0.018398326,0.0012690681,0.07249421,-0.045135435,-0.0042862836,0.005794421,0.007471733,0.044130553,-0.014855593,0.0056966413,-0.020197771,0.036166243,-0.029629443,0.02094631,0.01762441
44,-0.64648753,0.4811322,0.2640918,0.028282277,-0.092850596,0.044512615,-0.08361876,-0.06231243,-0.06801875,0.039921075,0.16598213,-0.05821801,0.004728362,0.09194251,0.021077905,-0.00696103,-0.007951465,-0.02977716,-0.010900082,0.021377943,-0.011774082,0.018846238,-0.11046868,0.01562962,-0.025801634,0.025967421,-0.0008455367,0.031216955,-0.07668831,-0.0018577869,-0.057439767,0.051681045,0.025480822,0.025397569,0.025956497,0.041098062,-0.054591596,0.002994705,-0.029353576,-0.0043104263,-0.006675485,-0.018677,-0.03584648,0.052545257,0.89978236,-0.041429903,0.04183732,0.019621294,-0.025892612,0.003494289,-0.02900628,-0.034266613,-0.03787274,-0.021589296,0.022846159,-0.024521343,0.009523381,0.040004194,-0.010946609,0.013122869,-0.021538185,-0.0164016,0.020247068,0.012941635,-0.035527147,0.013782673,-0.009609992,0.031925146,-0.0156112425,0.032473043,0.010539653,0.014851432,0.020622531,-0.012602617
