,0,1,2,3,4,5,6,7,8,9,10,11,12,13,14,15,16,17,18,19,20,21,22,23,24,25,26,27,28,29,30,31,32,33,34,35,36,37,38,39,40,41,42,43,44,45,46,47,48
0,386.0926,18.964352,5.5201373,-15.512264,-0.83969367,-1.1140127,-18.699512,-3.584145,-15.299055,6.539486,12.723667,-0.63324016,0.08887001,2.0218546,12.750395,7.399082,7.0326033,2.8797567,4.9822807,9.608471,-5.4942274,-1.7466998,-1.2891078,-2.5382419,-3.249268,1.3352984,0.11834616,1.0301545,-0.24817897,4.0860977,1.9790514,0.8362477,-0.21384838,-3.1329117,-0.4700668,1.4391847,0.37846905,0.8165945,3.6636639,0.7269485,1.6991596,0.30738223,-0.46206015,0.5945296,-0.9990841,-0.97023034,0.44867024,0.37238538,4.6111955e-07
1,18.964352,262.86627,12.578001,-10.488436,-4.2138886,6.969618,3.498091,16.552052,10.795832,1.8666131,-7.3571987,1.4785525,3.6306326,0.6132185,0.14439297,-7.1033616,-1.3857563,1.5744634,1.0004013,-1.7334375,2.7839499,0.6024436,-2.257221,-1.5558591,1.4255843,-1.1147432,3.0865824,2.9883962,0.083077535,-0.69782054,0.9043954,0.6323355,-0.67344034,-0.29519507,-0.08541566,-0.17737544,-0.5174317,-0.9243126,-2.4130068,0.17403668,-0.101902835,-0.1351644,0.16893929,0.13506415,0.27886182,-0.44821623,0.965862,0.266738,-8.304015e-08
2,5.5201373,12.578001,82.34987,15.89432,-1.9908079,7.795336,-0.7002668,-5.056266,-6.824004,7.1058903,0.1547516,15.467171,3.7796898,-0.6032529,0.026370106,1.6536243,-1.9969862,1.3455243,-3.5944252,6.2838154,-1.2133642,-3.8856382,-1.6623793,5.5977163,3.2540388,2.016735,-5.6506357,4.2685223,-1.082493,-4.001465,-1.0626884,-1.3630614,2.7874846,4.518499,0.79455304,-1.2382827,2.973868,-0.34882486,-0.5432192,-0.38101673,-0.7625841,0.26377556,-0.04296846,0.33520275,0.6126517,-0.16792399,-0.034591652,0.08171654,-3.2130856e-07
3,-15.512264,-10.488436,15.89432,111.94546,-2.8892617,-4.850572,-7.825862,8.136879,-0.9549528,-1.7246832,-1.1531252,4.4212327,-1.5387514,2.8729784,2.201078,-2.912055,9.341198,3.2007403,5.4257193,1.2019643,3.0874014,-0.03869546,-2.1617095,1.1227493,1.0037043,-1.5158987,2.5379405,1.6492953,-0.61215496,0.21655576,0.604746,2.5198417,0.3742175,-2.0204144,2.4525754,0.0599022,-0.3418364,0.34015858,-0.4747667,0.47383726,1.0916896,0.38226342,0.40037173,0.6800493,-0.07464397,-0.09525537,0.28313422,0.13472053,-3.1994256e-07
4,-0.83969367,-4.2138886,-1.9908079,-2.8892617,67.62876,-3.4864821,-1.6831272,4.344859,3.7871118,5.7251816,2.5581484,-1.1783385,2.173365,1.2974578,-0.9069564,-2.4717414,-0.16288246,0.44691443,2.2012563,1.1204859,1.1338303,0.07960432,-2.671402,0.29340345,-2.0668879,-0.38686705,-0.46306348,0.9681364,-0.79625046,0.28241494,0.6084712,-0.975868,-1.7913581,1.2580885,0.5827874,-0.69202393,0.9085522,-0.96314096,0.75547147,0.28665775,-0.45646483,0.8048649,0.6454544,0.83813035,0.47983417,0.39413458,-0.31518114,-0.44677225,-1.7809211e-07
5,-1.1140127,6.969618,7.795336,-4.850572,-3.4864821,42.225708,-10.413792,-6.3860645,-5.7889595,-2.064124,3.231289,-0.2781828,-2.4770837,2.6197662,-5.3245907,-3.5291204,-0.045615666,1.6003239,0.636398,-2.4077644,3.235619,-0.796582,0.2594199,3.3919349,-3.4771724,-2.252864,1.6353406,-2.197886,-0.14288157,0.7832694,1.9927351,-0.6251387,1.0853996,0.86736655,-0.6456597,-0.8990932,2.0390468,0.2631638,0.021938706,-0.3115734,-1.3664572,0.2817667,0.17785613,0.44252348,-0.6114415,0.23309706,-0.100831956,0.07995862,-1.098405e-07
6,-18.699512,3.498091,-0.7002668,-7.825862,-1.6831272,-10.413792,27.035463,2.8408628,3.3293097,2.5024562,4.175315,-0.09526959,-1.0712221,-2.301682,0.42781204,4.460673,1.3662145,6.07973,-1.5019779,-0.41637576,-1.9341655,-1.8853341,-2.1563268,0.90948015,0.78450686,-1.0610511,-0.5671365,0.04017237,1.9254974,-0.32942984,2.8034155,0.4478973,1.3285775,-0.9704014,-0.61448216,-1.3244507,-0.12812269,0.32829458,0.056667358,-0.47200853,-0.6914606,-0.056519352,0.05081541,0.72866774,-0.8537187,0.19237259,0.08131511,0.15061337,-1.5764819e-07
7,-3.584145,16.552052,-5.056266,8.136879,4.344859,-6.3860645,2.8408628,28.60871,-6.218315,-3.2547395,6.267169,1.2668661,-5.303592,3.8907385,1.4214301,2.8647704,-1.2795002,-3.333093,-0.47820807,-3.7721994,-0.8958689,0.8065473,-0.6554471,0.54484606,-0.90166324,0.52934587,-2.043384,-1.6630058,0.046826877,0.45541692,-0.51401246,0.99847263,0.17626075,0.5011709,0.1396494,0.07761288,0.42546064,0.6486981,-0.32911485,0.06615954,-0.20110351,0.35413525,-0.39179796,-0.72064793,0.08939239,-0.2074827,-0.18344405,-0.27029294,1.9857805e-07
8,-15.299055,10.795832,-6.824004,-0.9549528,3.7871118,-5.7889595,3.3293097,-6.218315,19.424932,-5.4687796,3.3939018,-1.1040568,4.279328,0.0674741,1.4265283,-0.7612605,0.44478297,-1.0909634,1.2090957,2.8082223,1.8855109,-1.0745401,0.4902819,-0.4838298,2.1158957,-1.4310793,1.9193441,1.544714,-0.18601376,1.1838129,-0.8137048,-0.79724544,0.87374747,-1.2241842,-0.42909187,0.5904577,1.9851104,0.8636857,0.5510334,0.033678822,0.39892495,-0.29169714,-0.5995488,-0.47501352,-0.76370287,0.25033253,-0.3143103,0.016261052,-1.3217814e-07
9,6.539486,1.8666131,7.1058903,-1.7246832,5.7251816,-2.064124,2.5024562,-3.2547395,-5.4687796,17.510044,1.0516392,4.0383005,0.6732389,-5.255948,-0.34941548,-0.5636209,4.608216,0.32405698,-0.90575397,-2.941472,0.70322645,1.9226794,0.37260967,-1.4259362,1.9457798,-0.06416312,0.85097367,-1.3638973,0.07452461,-1.9157972,0.90705657,-0.4203124,-0.6011394,0.8360267,-0.40700412,0.7063978,-0.32362318,-0.107495606,-0.057524044,0.8719857,-0.72409964,-0.6966698,-0.29871082,0.031777047,0.31636673,0.12005916,0.16153681,0.07304145,6.999406e-08
10,12.723667,-7.3571987,0.1547516,-1.1531252,2.5581484,3.231289,4.175315,6.267169,3.3939018,1.0516392,23.79131,2.0917568,-2.6450934,-2.531738,-1.783861,-1.2693357,0.1690132,1.0819652,0.7489693,1.4671192,0.43747222,-0.9315091,0.68775994,1.2800725,0.5555301,-0.4687457,1.5294878,-1.6114597,-0.34554785,1.0824776,-2.4465132,-0.3606951,1.3691872,0.09099011,-0.55403805,0.07748261,0.17907718,0.52519417,-1.5431544,-0.69457984,0.3202998,-1.1332905,-0.20378622,-0.16423696,-0.2373334,0.0018322393,0.06612645,0.19525844,2.0802659e-07
11,-0.63324016,1.4785525,15.467171,4.4212327,-1.1783385,-0.2781828,-0.09526959,1.2668661,-1.1040568,4.0383005,2.0917568,12.649911,3.5032034,-1.9286119,-2.6970649,2.9278085,-0.9505519,-2.397985,-1.107574,1.0092168,1.5374576,1.548487,0.7701043,0.3643832,1.074928,-1.0975683,-1.8869402,-0.1481793,-0.1838392,1.759258,0.041858852,-0.35324347,-1.0337822,-1.2096385,-0.20696622,-0.5316658,0.05687052,0.10633716,-0.20118901,-0.44005817,-0.28458846,0.47139874,0.027990606,-0.19709933,-0.30601567,-0.14585671,0.061523538,-0.14363584,-6.382411e-08
12,0.08887001,3.6306326,3.7796898,-1.5387514,2.173365,-2.4770837,-1.0712221,-5.303592,4.279328,0.6732389,-2.6450934,3.5032034,11.629355,1.262773,0.6570504,3.8059287,-1.4037657,0.5638497,2.2027416,-0.7091681,-1.226526,1.632897,0.6863172,1.4224197,-0.33088744,-2.263888,1.2305753,-0.6427144,-0.018669013,0.014351444,-1.3483813,-0.6943937,-0.35605222,0.10213125,1.4502214,0.16241083,-0.16036928,0.7577659,-0.064805344,0.0057058665,-0.14964765,-0.24472758,-0.2566152,0.29083973,0.26094666,-0.29032385,0.1662733,0.16854006,-4.3724583e-08
13,2.0218546,0.6132185,-0.6032529,2.8729784,1.2974578,2.6197662,-2.301682,3.8907385,0.0674741,-5.255948,-2.531738,-1.9286119,1.262773,11.843207,-0.104574785,1.1187942,1.1523143,1.8226508,-0.13593669,2.080855,-1.5239685,1.2240224,-0.098059505,-0.7481768,0.98140895,-0.7336825,-1.2858839,-1.4710674,-0.29942554,-0.18282081,0.3436194,-1.8617105,-0.3123588,0.6505104,-0.33799312,-0.24467629,0.24150819,0.5934596,-0.3037263,-0.3009743,-0.64900804,-0.40048087,-0.11246412,-0.3741601,0.01712146,0.48749387,-0.10648162,0.088181004,-5.1592878e-08
14,12.750395,0.14439297,0.026370106,2.201078,-0.9069564,-5.3245907,0.42781204,1.4214301,1.4265283,-0.34941548,-1.783861,-2.6970649,0.6570504,-0.104574785,9.428281,1.0571437,2.3965507,-1.2595549,-2.7241006,-1.3261431,1.0886331,-1.7858517,1.4958432,1.2068238,-1.0709398,-1.356628,0.522406,0.7449196,0.29111865,-0.8155639,-0.6791889,-1.0175204,0.3932743,0.57359457,-0.11977433,-0.11886853,0.158353,0.31077513,-0.21961501,-0.06372978,0.14932777,0.19953448,0.41523427,0.30855352,0.47034553,0.13428375,-0.46439493,-0.13165629,-9.418674e-08
15,7.399082,-7.1033616,1.6536243,-2.912055,-2.4717414,-3.5291204,4.460673,2.8647704,-0.7612605,-0.5636209,-1.2693357,2.9278085,3.8059287,1.1187942,1.0571437,8.871308,-2.2550945,1.3120589,1.6676531,-0.5205692,1.7133101,-0.1835348,0.45720068,-0.5507873,-1.061718,-0.26873904,-0.1843685,-1.0418925,-0.9482397,-0.2056914,1.1258239,0.357314,0.8770859,-0.22366771,0.060084343,-0.17605598,0.49958152,0.19147493,-0.19827342,0.38461542,-0.20901851,0.37939605,0.21940538,-0.5482755,0.40372866,0.09251717,-0.12591743,-0.02210341,-1.2915622e-07
16,7.0326033,-1.3857563,-1.9969862,9.341198,-0.16288246,-0.045615666,1.3662145,-1.2795002,0.44478297,4.608216,0.1690132,-0.9505519,-1.4037657,1.1523143,2.3965507,-2.2550945,5.9707236,1.1811404,-0.9250449,-1.3593192,-0.37923864,0.4996885,0.87538624,-0.6694775,1.3990504,-1.2491407,0.7791841,-0.14462256,0.20156753,-0.064656496,0.6073388,-0.9021858,-0.10399832,-0.33991912,-0.73776054,-0.006875581,0.22792003,-0.16146383,0.31783798,-0.2931079,-0.6591854,-0.055457767,-0.54095656,0.045069005,-0.28551036,0.20790716,-0.13546279,-0.0914865,-6.8794557e-09
17,2.8797567,1.5744634,1.3455243,3.2007403,0.44691443,1.6003239,6.07973,-3.333093,-1.0909634,0.32405698,1.0819652,-2.397985,0.5638497,1.8226508,-1.2595549,1.3120589,1.1811404,10.880164,-0.11474574,0.04224519,0.16256315,1.1218182,0.58168995,-0.09945479,-0.9756137,1.7665241,0.6799191,0.8802042,0.6356745,0.43303567,0.05329705,0.13408837,-0.31903574,0.4242137,0.5327787,-0.09523682,0.27250254,-0.10918411,-0.7672932,-0.49756372,-0.035847425,-0.0006099633,0.06675084,-0.14068514,0.23423013,-0.16314784,0.0957381,-0.24945858,-8.375605e-08
18,4.9822807,1.0004013,-3.5944252,5.4257193,2.2012563,0.636398,-1.5019779,-0.47820807,1.2090957,-0.90575397,0.7489693,-1.107574,2.2027416,-0.13593669,-2.7241006,1.6676531,-0.9250449,-0.11474574,8.873519,-1.2844651,-0.6465179,-2.9849503,1.2162173,-0.7342813,0.5818795,-0.023794726,0.12453155,-0.2559771,-0.50358176,-0.558128,0.7642357,0.8556305,-0.3601547,0.36235362,0.10175226,0.60797894,-0.3781426,-0.28498966,-0.29353344,-0.11096087,-0.20205925,-0.031751312,-0.6231147,0.05805192,-0.25090635,-0.23870695,0.20900548,0.23791227,1.089859e-07
19,9.608471,-1.7334375,6.2838154,1.2019643,1.1204859,-2.4077644,-0.41637576,-3.7721994,2.8082223,-2.941472,1.4671192,1.0092168,-0.7091681,2.080855,-1.3261431,-0.5205692,-1.3593192,0.04224519,-1.2844651,8.264823,0.8662804,-0.29020733,-2.1379862,-0.6342823,0.9673704,-0.44827712,-0.051276825,-0.09982856,1.0586632,-0.7557838,-0.17064476,0.6502917,0.0021978426,0.108272165,-0.87105244,-0.10359322,-0.82428384,-0.21151435,-0.18334155,-0.09695402,0.261303,0.21100393,0.3532739,-0.5191866,0.20059466,0.08397438,-0.09027555,-0.039152622,1.4876132e-08
20,-5.4942274,2.7839499,-1.2133642,3.0874014,1.1338303,3.235619,-1.9341655,-0.8958689,1.8855109,0.70322645,0.43747222,1.5374576,-1.226526,-1.5239685,1.0886331,1.7133101,-0.37923864,0.16256315,-0.6465179,0.8662804,7.4361963,-0.5579721,0.52587295,-1.5043893,-1.306623,0.6499007,0.54306257,-0.049609512,0.1381605,0.44949082,0.8566142,-0.5025444,-0.05311483,0.29850996,-0.4909129,-0.099405214,-0.4111061,1.0618811,-0.43668118,0.4990455,0.3601274,0.29597867,-0.30317682,-0.31222934,0.24612358,0.20342126,-0.3401701,-0.14458188,-1.3523379e-07
21,-1.7466998,0.6024436,-3.8856382,-0.03869546,0.07960432,-0.796582,-1.8853341,0.8065473,-1.0745401,1.9226794,-0.9315091,1.548487,1.632897,1.2240224,-1.7858517,-0.1835348,0.4996885,1.1218182,-2.9849503,-0.29020733,-0.5579721,5.099014,-0.49579018,-1.4235635,-0.03242146,-0.36421287,0.888077,-0.7969126,-0.17592055,1.0857602,-0.83459526,0.62023866,-0.03771003,-0.07289778,0.5348977,-0.13418223,0.2842097,0.04553704,0.44622704,0.196138,0.24220887,-0.2129404,-0.12362612,-0.23763862,0.1810821,-0.23110032,-0.16406715,0.08244898,1.544827e-08
22,-1.2891078,-2.257221,-1.6623793,-2.1617095,-2.671402,0.2594199,-2.1563268,-0.6554471,0.4902819,0.37260967,0.68775994,0.7701043,0.6863172,-0.098059505,1.4958432,0.45720068,0.87538624,0.58168995,1.2162173,-2.1379862,0.52587295,-0.49579018,4.278239,-1.0371816,0.47126994,-0.65750605,-0.77838266,0.43285093,-0.0205882,0.8575583,-0.75047934,-0.074698046,-1.0481174,0.84542525,-0.62421477,0.13578363,0.6158296,-0.41894764,-0.75902736,-0.7368213,0.22859435,0.0041166237,0.1919477,-0.11759554,0.11446972,0.14566791,0.028698865,-0.25882167,6.6969235e-08
23,-2.5382419,-1.5558591,5.5977163,1.1227493,0.29340345,3.3919349,0.90948015,0.54484606,-0.4838298,-1.4259362,1.2800725,0.3643832,1.4224197,-0.7481768,1.2068238,-0.5507873,-0.6694775,-0.09945479,-0.7342813,-0.6342823,-1.5043893,-1.4235635,-1.0371816,5.1468344,-1.463887,-0.59673774,0.111723274,0.4428745,0.969285,-0.2193364,-0.06968212,-0.35344154,-0.5982939,-0.91657835,0.5883125,0.4039544,0.1693981,-0.003210818,0.032842062,0.058054805,-0.36205274,-0.53513706,-0.1817939,-0.38033512,0.29954985,-0.011977462,-0.07656501,-0.1200286,-7.525132e-08
24,-3.249268,1.4255843,3.2540388,1.0037043,-2.0668879,-3.4771724,0.78450686,-0.90166324,2.1158957,1.9457798,0.5555301,1.074928,-0.33088744,0.98140895,-1.0709398,-1.061718,1.3990504,-0.9756137,0.5818795,0.9673704,-1.306623,-0.03242146,0.47126994,-1.463887,2.8766263,0.23251203,-0.7152692,-0.04881923,-0.08738546,-0.34702206,-0.10952273,-0.48563588,0.13424787,0.24998671,-0.4679874,0.6941695,0.42445618,-0.13778976,-0.12550244,0.070570186,-0.3130591,-0.1438786,0.003857703,-0.13480866,-0.3960226,0.12817165,0.03296926,0.16785997,3.862122e-08
25,1.3352984,-1.1147432,2.016735,-1.5158987,-0.38686705,-2.252864,-1.0610511,0.52934587,-1.4310793,-0.06416312,-0.4687457,-1.0975683,-2.263888,-0.7336825,-1.356628,-0.26873904,-1.2491407,1.7665241,-0.023794726,-0.44827712,0.6499007,-0.36421287,-0.65750605,-0.59673774,0.23251203,4.785877,-0.6790435,0.98054576,-0.97947407,-0.5587161,-0.67058766,-0.8529447,-0.39575398,-0.6989968,0.39693373,0.6756629,0.38372862,0.6593691,-0.20097001,0.32064217,0.020047959,0.3028216,-0.25957954,-0.096197456,0.148433,-0.1486739,0.03210523,0.20791277,-6.150537e-08
26,0.11834616,3.0865824,-5.6506357,2.5379405,-0.46306348,1.6353406,-0.5671365,-2.043384,1.9193441,0.85097367,1.5294878,-1.8869402,1.2305753,-1.2858839,0.522406,-0.1843685,0.7791841,0.6799191,0.12453155,-0.051276825,0.54306257,0.888077,-0.77838266,0.111723274,-0.7152692,-0.6790435,3.1719363,-0.99634385,-0.6208712,-0.9875855,-0.7118066,0.53700507,0.66677535,-0.7272322,0.01592566,0.18424541,-0.068403915,0.01670451,0.010899952,0.14633602,-0.28211433,0.18265268,0.17760241,-0.22854292,0.21320373,-0.2414236,-0.025119513,-0.061383277,4.8805624e-08
27,1.0301545,2.9883962,4.2685223,1.6492953,0.9681364,-2.197886,0.04017237,-1.6630058,1.544714,-1.3638973,-1.6114597,-0.1481793,-0.6427144,-1.4710674,0.7449196,-1.0418925,-0.14462256,0.8802042,-0.2559771,-0.09982856,-0.049609512,-0.7969126,0.43285093,0.4428745,-0.04881923,0.98054576,-0.99634385,3.0762374,-0.8059995,1.3171132,-0.1040259,0.547689,0.11812768,0.28673005,0.118017234,-0.030020561,-0.028565444,-0.023719307,0.54993796,-0.36611506,-0.25801525,-0.35925737,-0.059632577,-0.03560763,0.12543198,0.011623494,-0.18679139,-0.12919685,-9.8851494e-08
28,-0.24817897,0.083077535,-1.082493,-0.61215496,-0.79625046,-0.14288157,1.9254974,0.046826877,-0.18601376,0.07452461,-0.34554785,-0.1838392,-0.018669013,-0.29942554,0.29111865,-0.9482397,0.20156753,0.6356745,-0.50358176,1.0586632,0.1381605,-0.17592055,-0.0205882,0.969285,-0.08738546,-0.97947407,-0.6208712,-0.8059995,4.2066207,0.38893127,0.21520406,0.46594822,-0.9856977,0.71446574,0.1954171,0.98758566,0.0059511857,0.15080927,-0.18408266,0.32802236,0.39124522,0.6878458,-0.49781522,0.19693264,-0.1375606,0.042145416,0.023051651,0.10802886,2.6380503e-08
29,4.0860977,-0.69782054,-4.001465,0.21655576,0.28241494,0.7832694,-0.32942984,0.45541692,1.1838129,-1.9157972,1.0824776,1.759258,0.014351444,-0.18282081,-0.8155639,-0.2056914,-0.064656496,0.43303567,-0.558128,-0.7557838,0.44949082,1.0857602,0.8575583,-0.2193364,-0.34702206,-0.5587161,-0.9875855,1.3171132,0.38893127,4.008664,0.23191877,-0.04082971,0.39502192,-0.3163808,0.51836884,0.49741706,-0.4121204,-0.28863955,0.20602666,-0.04608891,-0.21588491,-0.003459673,0.05772556,0.18556626,-0.17348245,0.33968002,-0.07646429,0.10828337,-1.5224508e-07
30,1.9790514,0.9043954,-1.0626884,0.604746,0.6084712,1.9927351,2.8034155,-0.51401246,-0.8137048,0.90705657,-2.4465132,0.041858852,-1.3483813,0.3436194,-0.6791889,1.1258239,0.6073388,0.05329705,0.7642357,-0.17064476,0.8566142,-0.83459526,-0.75047934,-0.06968212,-0.10952273,-0.67058766,-0.7118066,-0.1040259,0.21520406,0.23191877,2.7633064,-0.028483864,-0.070147716,-0.38366452,-0.22938617,-0.23258308,0.006027325,-0.36694705,0.3105784,0.53938556,0.0953369,-0.51337546,0.10204924,-0.13977551,-0.39970356,0.18179764,-0.19759056,0.04403325,-1.1232736e-07
31,0.8362477,0.6323355,-1.3630614,2.5198417,-0.975868,-0.6251387,0.4478973,0.99847263,-0.79724544,-0.4203124,-0.3606951,-0.35324347,-0.6943937,-1.8617105,-1.0175204,0.357314,-0.9021858,0.13408837,0.8556305,0.6502917,-0.5025444,0.62023866,-0.074698046,-0.35344154,-0.48563588,-0.8529447,0.53700507,0.547689,0.46594822,-0.04082971,-0.028483864,3.5582469,-0.24039552,0.6145989,-0.59548473,-0.028922819,0.4809388,0.19948627,0.6731444,-0.21657395,-0.10816519,-0.078360915,0.3307107,-0.09775518,0.4388888,-0.024268359,-0.026604543,0.067012966,6.000502e-08
32,-0.21384838,-0.67344034,2.7874846,0.3742175,-1.7913581,1.0853996,1.3285775,0.17626075,0.87374747,-0.6011394,1.3691872,-1.0337822,-0.35605222,-0.3123588,0.3932743,0.8770859,-0.10399832,-0.31903574,-0.3601547,0.0021978426,-0.05311483,-0.03771003,-1.0481174,-0.5982939,0.13424787,-0.39575398,0.66677535,0.11812768,-0.9856977,0.39502192,-0.070147716,-0.24039552,3.3163893,0.9899597,0.6252109,0.016208902,0.02004486,-0.57507193,0.3491511,0.47078395,-0.26045376,0.3221857,-0.1720942,0.14644592,-0.06646797,0.17446762,0.09127882,0.033903778,-4.6111484e-08
33,-3.1329117,-0.29519507,4.518499,-2.0204144,1.2580885,0.86736655,-0.9704014,0.5011709,-1.2241842,0.8360267,0.09099011,-1.2096385,0.10213125,0.6505104,0.57359457,-0.22366771,-0.33991912,0.4242137,0.36235362,0.108272165,0.29850996,-0.07289778,0.84542525,-0.91657835,0.24998671,-0.6989968,-0.7272322,0.28673005,0.71446574,-0.3163808,-0.38366452,0.6145989,0.9899597,3.316917,0.29021394,0.18798277,-0.20730042,0.29430538,-0.030114686,0.11838679,0.07247443,-0.32360935,-0.10250847,0.13636705,-0.025385514,-0.15506181,-0.13576253,-0.14561833,1.2977881e-07
34,-0.4700668,-0.08541566,0.79455304,2.4525754,0.5827874,-0.6456597,-0.61448216,0.1396494,-0.42909187,-0.40700412,-0.55403805,-0.20696622,1.4502214,-0.33799312,-0.11977433,0.060084343,-0.73776054,0.5327787,0.10175226,-0.87105244,-0.4909129,0.5348977,-0.62421477,0.5883125,-0.4679874,0.39693373,0.01592566,0.118017234,0.1954171,0.51836884,-0.22938617,-0.59548473,0.6252109,0.29021394,1.386095,0.35551476,-0.23687637,-0.0878863,-0.069995075,0.5420946,0.4975201,-0.08940394,0.011946891,0.23199543,-0.22689407,-0.24935132,0.08245145,0.013791127,-1.1847408e-08
35,1.4391847,-0.17737544,-1.2382827,0.0599022,-0.69202393,-0.8990932,-1.3244507,0.07761288,0.5904577,0.7063978,0.07748261,-0.5316658,0.16241083,-0.24467629,-0.11886853,-0.17605598,-0.006875581,-0.09523682,0.60797894,-0.10359322,-0.099405214,-0.13418223,0.13578363,0.4039544,0.6941695,0.6756629,0.18424541,-0.030020561,0.98758566,0.49741706,-0.23258308,-0.028922819,0.016208902,0.18798277,0.35551476,2.1309237,0.12063916,0.08152428,-0.20427042,0.7917794,-0.6403324,0.0987588,0.34603176,-0.53479874,0.017483449,0.121576644,-0.03935376,-0.0067652054,-5.1461067e-09
36,0.37846905,-0.5174317,2.973868,-0.3418364,0.9085522,2.0390468,-0.12812269,0.42546064,1.9851104,-0.32362318,0.17907718,0.05687052,-0.16036928,0.24150819,0.158353,0.49958152,0.22792003,0.27250254,-0.3781426,-0.82428384,-0.4111061,0.2842097,0.6158296,0.1693981,0.42445618,0.38372862,-0.068403915,-0.028565444,0.0059511857,-0.4121204,0.006027325,0.4809388,0.02004486,-0.20730042,-0.23687637,0.12063916,2.923899,0.0114714075,0.34865662,0.23078117,0.46825004,0.2529403,0.09299052,-0.1333571,-0.12773213,0.14293672,-0.07887929,0.106980376,-6.8387344e-08
37,0.8165945,-0.9243126,-0.34882486,0.34015858,-0.96314096,0.2631638,0.32829458,0.6486981,0.8636857,-0.107495606,0.52519417,0.10633716,0.7577659,0.5934596,0.31077513,0.19147493,-0.16146383,-0.10918411,-0.28498966,-0.21151435,1.0618811,0.04553704,-0.41894764,-0.003210818,-0.13778976,0.6593691,0.01670451,-0.023719307,0.15080927,-0.28863955,-0.36694705,0.19948627,-0.57507193,0.29430538,-0.0878863,0.08152428,0.0114714075,2.6489646,0.53061587,0.009874294,-0.4088086,-0.3619714,0.02484832,0.4477305,-0.32165372,0.0045786034,0.1848191,0.03645908,6.1990235e-08
38,3.6636639,-2.4130068,-0.5432192,-0.4747667,0.75547147,0.021938706,0.056667358,-0.32911485,0.5510334,-0.057524044,-1.5431544,-0.20118901,-0.064805344,-0.3037263,-0.21961501,-0.19827342,0.31783798,-0.7672932,-0.29353344,-0.18334155,-0.43668118,0.44622704,-0.75902736,0.032842062,-0.12550244,-0.20097001,0.010899952,0.54993796,-0.18408266,0.20602666,0.3105784,0.6731444,0.3491511,-0.030114686,-0.069995075,-0.20427042,0.34865662,0.53061587,1.1736958,0.03616768,-0.24638891,-0.008568523,-0.5040091,-0.05322267,-0.19693801,0.0064664246,0.099622406,-0.1885153,4.3571852e-08
39,0.7269485,0.17403668,-0.38101673,0.47383726,0.28665775,-0.3115734,-0.47200853,0.06615954,0.033678822,0.8719857,-0.69457984,-0.44005817,0.0057058665,-0.3009743,-0.06372978,0.38461542,-0.2931079,-0.49756372,-0.11096087,-0.09695402,0.4990455,0.196138,-0.7368213,0.058054805,0.070570186,0.32064217,0.14633602,-0.36611506,0.32802236,-0.04608891,0.53938556,-0.21657395,0.47078395,0.11838679,0.5420946,0.7917794,0.23078117,0.009874294,0.03616768,0.9383621,0.28921878,-0.25881457,0.15714045,-0.19189554,-0.032493994,0.15280715,0.051714923,0.05521342,-3.862001e-08
40,1.6991596,-0.101902835,-0.7625841,1.0916896,-0.45646483,-1.3664572,-0.6914606,-0.20110351,0.39892495,-0.72409964,0.3202998,-0.28458846,-0.14964765,-0.64900804,0.14932777,-0.20901851,-0.6591854,-0.035847425,-0.20205925,0.261303,0.3601274,0.24220887,0.22859435,-0.36205274,-0.3130591,0.020047959,-0.28211433,-0.25801525,0.39124522,-0.21588491,0.0953369,-0.10816519,-0.26045376,0.07247443,0.4975201,-0.6403324,0.46825004,-0.4088086,-0.24638891,0.28921878,1.7887518,-0.38344282,-0.13029051,0.14761806,-0.11408575,-0.06769165,0.18586898,-0.017551761,3.669041e-08
41,0.30738223,-0.1351644,0.26377556,0.38226342,0.8048649,0.2817667,-0.056519352,0.35413525,-0.29169714,-0.6966698,-1.1332905,0.47139874,-0.24472758,-0.40048087,0.19953448,0.37939605,-0.055457767,-0.0006099633,-0.031751312,0.21100393,0.29597867,-0.2129404,0.0041166237,-0.53513706,-0.1438786,0.3028216,0.18265268,-0.35925737,0.6878458,-0.003459673,-0.51337546,-0.078360915,0.3221857,-0.32360935,-0.08940394,0.0987588,0.2529403,-0.3619714,-0.008568523,-0.25881457,-0.38344282,1.7480404,-0.09213391,0.2987802,-0.10228364,-0.12363428,0.0898776,-0.063604586,-3.336974e-09
42,-0.46206015,0.16893929,-0.04296846,0.40037173,0.6454544,0.17785613,0.05081541,-0.39179796,-0.5995488,-0.29871082,-0.20378622,0.027990606,-0.2566152,-0.11246412,0.41523427,0.21940538,-0.54095656,0.06675084,-0.6231147,0.3532739,-0.30317682,-0.12362612,0.1919477,-0.1817939,0.003857703,-0.25957954,0.17760241,-0.059632577,-0.49781522,0.05772556,0.10204924,0.3307107,-0.1720942,-0.10250847,0.011946891,0.34603176,0.09299052,0.02484832,-0.5040091,0.15714045,-0.13029051,-0.09213391,1.9573972,0.26470244,-0.23994523,0.012403534,0.023950081,-0.054957382,-2.1144366e-08
43,0.5945296,0.13506415,0.33520275,0.6800493,0.83813035,0.44252348,0.72866774,-0.72064793,-0.47501352,0.031777047,-0.16423696,-0.19709933,0.29083973,-0.3741601,0.30855352,-0.5482755,0.045069005,-0.14068514,0.05805192,-0.5191866,-0.31222934,-0.23763862,-0.11759554,-0.38033512,-0.13480866,-0.096197456,-0.22854292,-0.03560763,0.19693264,0.18556626,-0.13977551,-0.09775518,0.14644592,0.13636705,0.23199543,-0.53479874,-0.1333571,0.4477305,-0.05322267,-0.19189554,0.14761806,0.2987802,0.26470244,1.1208856,-0.1361936,0.09208698,0.15421507,0.4224741,-6.2297744e-08
44,-0.9990841,0.27886182,0.6126517,-0.07464397,0.47983417,-0.6114415,-0.8537187,0.08939239,-0.76370287,0.31636673,-0.2373334,-0.30601567,0.26094666,0.01712146,0.47034553,0.40372866,-0.28551036,0.23423013,-0.25090635,0.20059466,0.24612358,0.1810821,0.11446972,0.29954985,-0.3960226,0.148433,0.21320373,0.12543198,-0.1375606,-0.17348245,-0.39970356,0.4388888,-0.06646797,-0.025385514,-0.22689407,0.017483449,-0.12773213,-0.32165372,-0.19693801,-0.032493994,-0.11408575,-0.10228364,-0.23994523,-0.1361936,0.9603612,0.4409278,0.05218506,0.23458838,-9.812616e-08
45,-0.97023034,-0.44821623,-0.16792399,-0.09525537,0.39413458,0.23309706,0.19237259,-0.2074827,0.25033253,0.12005916,0.0018322393,-0.14585671,-0.29032385,0.48749387,0.13428375,0.09251717,0.20790716,-0.16314784,-0.23870695,0.08397438,0.20342126,-0.23110032,0.14566791,-0.011977462,0.12817165,-0.1486739,-0.2414236,0.011623494,0.042145416,0.33968002,0.18179764,-0.024268359,0.17446762,-0.15506181,-0.24935132,0.121576644,0.14293672,0.0045786034,0.0064664246,0.15280715,-0.06769165,-0.12363428,0.012403534,0.09208698,0.4409278,0.7327846,0.40284443,0.09210107,-8.283661e-08
46,0.44867024,0.965862,-0.034591652,0.28313422,-0.31518114,-0.100831956,0.08131511,-0.18344405,-0.3143103,0.16153681,0.06612645,0.061523538,0.1662733,-0.10648162,-0.46439493,-0.12591743,-0.13546279,0.0957381,0.20900548,-0.09027555,-0.3401701,-0.16406715,0.028698865,-0.07656501,0.03296926,0.03210523,-0.025119513,-0.18679139,0.023051651,-0.07646429,-0.19759056,-0.026604543,0.09127882,-0.13576253,0.08245145,-0.03935376,-0.07887929,0.1848191,0.099622406,0.051714923,0.18586898,0.0898776,0.023950081,0.15421507,0.05218506,0.40284443,0.762681,-0.2778287,7.227911e-08
47,0.37238538,0.266738,0.08171654,0.13472053,-0.44677225,0.07995862,0.15061337,-0.27029294,0.016261052,0.07304145,0.19525844,-0.14363584,0.16854006,0.088181004,-0.13165629,-0.02210341,-0.0914865,-0.24945858,0.23791227,-0.039152622,-0.14458188,0.08244898,-0.25882167,-0.1200286,0.16785997,0.20791277,-0.061383277,-0.12919685,0.10802886,0.10828337,0.04403325,0.067012966,0.033903778,-0.14561833,0.013791127,-0.0067652054,0.106980376,0.03645908,-0.1885153,0.05521342,-0.017551761,-0.063604586,-0.054957382,0.4224741,0.23458838,0.09210107,-0.2778287,0.64996576,-1.3302508e-07
48,4.6111955e-07,-8.304015e-08,-3.2130856e-07,-3.1994256e-07,-1.7809211e-07,-1.098405e-07,-1.5764819e-07,1.9857805e-07,-1.3217814e-07,6.999406e-08,2.0802659e-07,-6.382411e-08,-4.3724583e-08,-5.1592878e-08,-9.418674e-08,-1.2915622e-07,-6.8794557e-09,-8.375605e-08,1.089859e-07,1.4876132e-08,-1.3523379e-07,1.544827e-08,6.6969235e-08,-7.525132e-08,3.862122e-08,-6.150537e-08,4.8805624e-08,-9.8851494e-08,2.6380503e-08,-1.5224508e-07,-1.1232736e-07,6.000502e-08,-4.6111484e-08,1.2977881e-07,-1.1847408e-08,-5.1461067e-09,-6.8387344e-08,6.1990235e-08,4.3571852e-08,-3.862001e-08,3.669041e-08,-3.336974e-09,-2.1144366e-08,-6.2297744e-08,-9.812616e-08,-8.283661e-08,7.227911e-08,-1.3302508e-07,6.002635e-14
