,0,1,2,3,4,5,6,7,8,9,10,11,12,13,14,15,16,17,18,19,20,21,22,23,24,25,26,27,28,29,30,31,32,33,34,35,36,37,38,39,40,41,42,43,44,45,46,47,48,49
0,3.6060846,-7.642079,-8.27088,1.4713811,-1.2465827,2.563738,1.1197236,-2.261409,0.569812,-2.4104671,-1.2546878,-0.17864773,0.37255633,-0.35753566,0.89659303,0.1272057,-0.7232672,-0.32625538,0.91049504,-0.26860034,-0.46554455,-0.21521285,-0.31997705,0.70132864,-1.2089336,-0.6598494,-0.25779146,0.48012504,-0.25552142,-0.1026355,-0.0036964584,0.1515518,-0.31789067,-0.3796938,-0.2937103,-0.31392458,0.17577413,-0.08535685,-0.09467678,0.3811993,-0.06069597,0.27946267,-0.13104385,0.45915514,-0.047720872,-0.010986561,0.3698737,-0.0961694,0.16863073,-0.19298658
1,-7.642079,31.636467,27.859474,-26.625359,7.1091504,-9.295147,-0.7624045,3.8390846,-3.2388296,2.8073916,1.6070976,-2.6593647,0.25470352,-2.591746,-2.5216153,-0.19665904,3.160789,-0.1222751,0.15132868,0.0024646812,0.81622106,0.55045295,0.5613655,-2.902721,3.3939595,3.148493,-0.24468336,0.5841218,2.5465755,1.0181954,1.1792724,-0.35857004,1.0694232,1.1850524,0.61183816,1.1008087,-1.6853105,0.4472501,0.11475559,0.16826692,-0.19220847,-1.1223567,-0.32734376,-0.7873434,0.15993503,-0.60115767,-0.9869459,-0.94857293,-0.5003978,1.1638724
2,-8.27088,27.859474,82.27197,-85.1553,1.9275188,1.608506,-1.104588,5.9958,-0.76811737,4.143858,0.9280132,3.3030133,-2.3002546,2.2166576,-1.034893,-0.4736966,0.43819115,1.3433015,-3.1734962,0.46534598,0.21004617,0.7068256,0.7737833,-0.31392878,1.4648759,0.49496466,0.8365278,-1.6544387,-1.1099449,0.19059321,-0.6213355,-0.056786016,-0.26833534,0.10570736,-0.06428911,0.14886206,0.34335703,-0.24478547,-0.4601935,-0.707865,-0.19143595,-0.19981441,0.27904963,-1.107687,0.16600293,0.55052406,-0.009351393,0.47145516,-0.24488124,0.6631526
3,1.4713811,-26.625359,-85.1553,121.7242,-0.6606676,-3.4611764,-2.8564005,-2.180581,1.5312593,1.1692953,1.713004,2.2740192,-0.50439894,1.3617406,-0.023158124,-0.72941744,1.1499733,1.3586922,-0.31025857,0.8244523,0.06296572,-0.20199974,0.090697035,-1.0162883,0.7361622,0.45453376,1.1260657,-0.28597593,-0.07123674,0.079628386,-0.0554064,0.14937375,1.1692941,0.2676641,-0.110109426,-0.035898834,0.7523395,0.5672487,0.33356047,-0.30126655,0.072705016,0.0322992,0.56870544,-0.6781742,0.029112538,-0.1215694,-0.4006752,0.30819225,-0.35680577,0.091747135
4,-1.2465827,7.1091504,1.9275188,-0.6606676,5.8000255,-2.9129038,-1.0552902,1.5575442,-0.6569,-0.5146713,0.6104999,0.24489179,0.25407547,0.06701404,-0.8848502,-0.923059,1.3611298,1.4664755,0.065022364,0.5503591,0.13579509,0.37643266,-0.19902651,-0.66505706,0.1752974,0.33874226,0.6856644,0.5000591,0.612582,0.90088224,-0.12834185,-0.046245225,0.33927298,-0.08678903,-0.1575518,0.23876633,-0.09184533,1.0474589,-0.41762263,0.41824445,-1.1848681,-1.1334506,-0.6335206,-0.09121375,-0.58076,-0.11863451,-0.2552055,-0.41868564,0.086475536,0.6000375
5,2.563738,-9.295147,1.608506,-3.4611764,-2.9129038,7.217976,-0.2814684,-0.33004117,1.8967997,-0.8195808,-2.367444,0.58758795,-0.4851824,1.0323626,1.4193193,0.23090914,-0.9225419,-0.018511672,-0.4866521,-0.5882255,-0.6848157,-0.38102964,-0.43206847,-0.22319639,-2.1221995,-1.726207,-0.35145527,-0.37984434,-0.82174206,-0.37292087,-0.72565293,-0.03550718,-0.9302791,-0.9057609,-0.5210626,-0.7751405,0.7981119,-0.3543843,-0.3488054,0.40958712,0.088933855,0.76827335,0.3913906,0.023170572,-0.36466682,0.18224816,0.32466078,0.4635343,0.39408404,-0.43839085
6,1.1197236,-0.7624045,-1.104588,-2.8564005,-1.0552902,-0.2814684,2.1319501,-1.9866941,-0.89725935,-0.9059575,0.25865424,-0.18089971,-0.9917731,-0.8650378,0.5489223,0.2906622,-0.7909807,-0.39401966,0.7394911,0.3229808,-0.35410297,0.22621116,-0.06294264,0.70210665,0.28267246,0.41203797,-0.3169863,0.33172858,0.13776119,0.091315396,0.45410112,0.38490707,0.019188222,0.09797184,-0.23422438,-0.03367592,-0.2731532,-0.22799656,0.46239963,0.056573376,0.29115736,0.38157627,0.16204399,0.25201187,0.38006437,-0.13341242,0.26679924,0.05446054,-0.33791614,0.18798581
7,-2.261409,3.8390846,5.9958,-2.180581,1.5575442,-0.33004117,-1.9866941,4.023676,0.7429168,2.086604,0.60362244,-0.9928578,0.6596347,0.86723375,-1.0011146,-0.41813776,0.37388256,0.44183803,-1.0448291,0.20521301,0.6613772,0.31551507,-0.21180059,-0.8826124,-0.12620306,-1.0304868,0.21778794,-0.3424179,0.36141342,-0.24219812,-0.28911608,-0.7877515,-0.21863595,0.0376215,0.34599894,-0.016723357,-0.072445706,0.27351114,-0.11986236,-0.18183684,-0.33669943,-0.43823385,-0.17280085,-0.053225383,-0.45074707,0.0915409,-0.43198615,0.30225265,0.20476314,-0.14651594
8,0.569812,-3.2388296,-0.76811737,1.5312593,-0.6569,1.8967997,-0.89725935,0.7429168,1.4500542,-0.2281884,-0.33338505,0.0761787,0.5413146,0.4992247,0.02119134,-0.21100804,0.317577,0.16422674,-0.19370013,-0.27450794,0.14418748,-0.16000949,0.11728737,-0.26000077,-0.31957525,-0.833308,0.3533035,-0.099598,-0.34110314,-0.41056365,-0.067146346,-0.45676816,-0.3194589,-0.04237336,0.16955607,-0.27869764,0.29722065,-0.028626677,-0.34414893,-0.0014003174,-0.015737832,0.08712344,0.027958041,-0.12787741,-0.1740947,0.21016997,-0.04985742,0.16874947,0.24572943,-0.20258537
9,-2.4104671,2.8073916,4.143858,1.1692953,-0.5146713,-0.8195808,-0.9059575,2.086604,-0.2281884,3.3632917,0.7181878,0.060230747,-0.64460844,0.7489512,-0.34872022,-0.16293606,-0.3545351,0.06751709,-1.0165749,0.22886515,-0.04795067,0.16904669,-0.028037786,-0.6615554,0.28915045,0.057779476,-0.1843462,-0.5003675,0.073433846,-0.20766807,-0.35085493,0.05036889,0.09195445,-0.014413923,0.012229823,0.12626323,-0.033370286,-0.28080118,0.50622797,-0.40234044,0.15032148,0.04669601,0.26218653,-0.23133308,0.07620478,0.025820093,-0.23010343,0.28407747,-0.104164734,-0.051077664
10,-1.2546878,1.6070976,0.9280132,1.713004,0.6104999,-2.367444,0.25865424,0.60362244,-0.33338505,0.7181878,2.1831548,0.41125512,-0.65010726,0.16272224,-0.47124985,-0.32280567,-0.0695844,0.5188129,-0.00150396,0.76304173,0.2645017,0.29178604,0.2664885,0.5609282,1.2237772,0.19010514,0.72180814,-0.09369069,-0.3453348,-0.055008575,0.35674575,-0.20826243,0.073860854,0.4455553,0.28909057,0.14150128,-0.07128845,0.14511725,0.22928086,-0.46082366,-0.065577164,-0.25529492,0.038786445,-0.058792233,0.008572474,0.09395488,-0.120458856,0.24425349,-0.101576075,0.14110643
11,-0.17864773,-2.6593647,3.3030133,2.2740192,0.24489179,0.58758795,-0.18089971,-0.9928578,0.0761787,0.060230747,0.41125512,4.358555,-1.330441,1.6313484,0.100849606,-0.6757107,-0.08317871,1.4381757,-0.8966818,0.47574842,-0.7906823,-0.04971598,0.49069953,0.93352306,0.3785298,0.44520587,1.0090529,-0.5181954,-1.43657,0.25705844,-0.48778915,0.58221877,0.41616052,-0.15935111,-0.5674471,0.079729505,0.76172864,0.017601207,-0.13661963,-0.21305734,-0.40103662,-0.104375124,0.06577083,-0.5728109,0.21818423,0.30305663,0.31400487,0.027814819,-0.2657956,0.49163225
12,0.37255633,0.25470352,-2.3002546,-0.50439894,0.25407547,-0.4851824,-0.9917731,0.6596347,0.5413146,-0.64460844,-0.65010726,-1.330441,2.8328922,-0.9244072,-0.589272,0.55305666,0.2359966,-0.41397172,0.23048443,-0.6496091,0.8685099,-0.1932523,0.19656162,-0.115572676,-0.35272568,-0.15306586,0.017654683,0.033191428,-0.03147594,-0.044024274,0.10635121,-0.78765905,0.07932271,0.17316893,0.8989773,0.08949644,-0.17462695,0.13269705,-0.3754602,-0.17466578,0.033618435,-0.20146342,-0.39527506,0.10224554,-0.049186632,-0.07581912,0.15561154,-0.5391973,0.22544548,-0.5530732
13,-0.35753566,-2.591746,2.2166576,1.3617406,0.06701404,1.0323626,-0.8650378,0.86723375,0.4992247,0.7489512,0.16272224,1.6313484,-0.9244072,2.775757,0.30064285,-0.734473,-0.16289444,0.59569615,-0.9619237,0.27366492,0.25359797,-0.024007764,-0.25008547,0.33426124,-0.76889825,-0.5816895,0.2954908,-0.61588204,-0.05953543,-0.38691187,-0.82370573,0.37352607,-0.051055312,-0.56999147,-0.7808357,0.07227582,0.08228957,0.018262614,-0.17666711,-0.109409705,-0.4487448,-0.24790755,-0.072122715,-0.0023860992,-0.03795802,0.27736187,-0.290457,0.5239434,0.00037983817,0.010906853
14,0.89659303,-2.5216153,-1.034893,-0.023158124,-0.8848502,1.4193193,0.5489223,-1.0011146,0.02119134,-0.34872022,-0.47124985,0.100849606,-0.589272,0.30064285,0.9328471,0.0954728,-0.43993416,-0.14089298,0.18947324,-0.013563843,-0.06423588,-0.038151897,-0.16522515,-0.080402955,-0.6219264,-0.004486477,-0.1214883,-0.054856986,-0.04759884,-0.023591932,-0.15253538,0.31767917,-0.16838092,-0.39221543,-0.37023768,-0.17842391,0.020453874,-0.1582371,0.035010647,0.009858375,0.08678545,0.2552255,0.21370786,0.08523422,0.052380167,-0.01277651,0.1952505,0.08476903,-0.023694163,-0.07881499
15,0.1272057,-0.19665904,-0.4736966,-0.72941744,-0.923059,0.23090914,0.2906622,-0.41813776,-0.21100804,-0.16293606,-0.32280567,-0.6757107,0.55305666,-0.734473,0.0954728,1.0315295,-0.27799094,-0.63953525,0.14298175,-0.31131345,0.17368263,-0.14536351,0.117718324,0.20904908,-0.005603452,0.12770675,-0.2940965,-0.07962611,-0.033864044,0.20626432,-0.12215504,0.018747497,-0.034388736,0.05283642,0.33704692,0.06784326,-0.11447452,0.050223745,0.0047789337,-0.025215954,0.3238647,0.21056426,-0.0048936973,0.14031361,0.08754711,-0.16585633,0.18095654,-0.19760658,0.020423176,-0.119066164
16,-0.7232672,3.160789,0.43819115,1.1499733,1.3611298,-0.9225419,-0.7909807,0.37388256,0.317577,-0.3545351,-0.0695844,-0.08317871,0.2359966,-0.16289444,-0.43993416,-0.27799094,1.7540991,-0.039018337,0.24428047,-0.22872677,0.09325963,-0.18995163,0.44001853,-0.8990238,0.5339112,0.3276831,0.2773304,0.2710014,0.31046873,0.018658161,0.20522991,-0.09135024,0.11162402,0.24925786,-0.022987975,0.17656758,0.05155678,0.21120587,-0.34162006,0.23461667,-0.16289368,-0.22951978,-0.051987097,-0.29630494,-0.132901,0.10665059,-0.24619445,-0.20583054,0.19360572,0.22988495
17,-0.32625538,-0.1222751,1.3433015,1.3586922,1.4664755,-0.018511672,-0.39401966,0.44183803,0.16422674,0.06751709,0.5188129,1.4381757,-0.41397172,0.59569615,-0.14089298,-0.63953525,-0.039018337,1.2981179,-0.35277143,0.44194376,-0.17246866,0.18766612,-0.0021856534,0.20512772,0.102511495,-0.058862142,0.6450114,-0.11314478,-0.43655902,0.26641208,-0.15406004,-0.044667944,0.076795116,-0.12887812,-0.06685884,-0.151568,0.30853555,0.29483408,-0.12889074,-0.012903741,-0.44366357,-0.27448362,-0.06313932,-0.28214014,-0.17982264,0.11509113,0.05678854,0.09273986,-0.08320574,0.17418534
18,0.91049504,0.15132868,-3.1734962,-0.31025857,0.065022364,-0.4866521,0.7394911,-1.0448291,-0.19370013,-1.0165749,-0.00150396,-0.8966818,0.23048443,-0.9619237,0.18947324,0.14298175,0.24428047,-0.35277143,1.0929968,-0.055731922,0.04261585,-0.1561836,0.056010038,-0.14545017,0.21164033,0.3132617,-0.05099707,0.50375485,0.1853269,0.06553711,0.49619058,-0.111491516,-0.07238394,0.09150712,0.046088416,0.025149966,-0.3084368,-0.0027883397,0.08188665,0.22074062,-0.036898784,0.06698208,-0.020624861,0.1660878,0.01458993,-0.09712597,0.030433103,-0.13324699,0.13263339,-0.055818364
19,-0.26860034,0.0024646812,0.46534598,0.8244523,0.5503591,-0.5882255,0.3229808,0.20521301,-0.27450794,0.22886515,0.76304173,0.47574842,-0.6496091,0.27366492,-0.013563843,-0.31131345,-0.22872677,0.44194376,-0.055731922,0.8604496,0.035773464,0.486689,-0.23999566,0.39869744,0.0753016,0.014780506,0.19440651,0.009697063,-0.08446174,0.19216983,0.0011434024,0.20353362,0.0477473,-0.019614438,-0.16779044,-0.018706582,0.11077086,0.21693158,0.20430118,-0.13480932,-0.21931905,-0.025187796,-0.021127537,0.13479906,0.026541132,0.150778,0.120151445,0.152002,-0.12067442,0.046061397
20,-0.46554455,0.81622106,0.21004617,0.06296572,0.13579509,-0.6848157,-0.35410297,0.6613772,0.14418748,-0.04795067,0.2645017,-0.7906823,0.8685099,0.25359797,-0.06423588,0.17368263,0.09325963,-0.17246866,0.04261585,0.035773464,1.1156154,0.12675695,0.038528923,-0.075783044,-0.17884368,-0.074215695,0.17053588,-0.18090779,0.3149461,-0.16219747,0.100635305,-0.36652386,0.032671466,-0.018207677,0.23431095,0.089453645,-0.37794238,0.047143906,-0.099244,-0.24916859,0.047771763,-0.08553839,-0.10036723,0.11404051,0.11146267,0.035090715,-0.0209761,0.07464259,-0.012570211,-0.3265242
21,-0.21521285,0.55045295,0.7068256,-0.20199974,0.37643266,-0.38102964,0.22621116,0.31551507,-0.16000949,0.16904669,0.29178604,-0.04971598,-0.1932523,-0.024007764,-0.038151897,-0.14536351,-0.18995163,0.18766612,-0.1561836,0.486689,0.12675695,0.49316868,-0.19087584,0.13727547,-0.081137955,-0.03759991,0.031915717,0.0295368,0.14183906,0.11830354,0.04921656,0.07946952,0.0747643,0.015053859,-0.014105562,-0.06359052,0.037437934,0.13740301,0.15184262,-0.12454228,-0.02373128,0.028353266,-0.029073106,0.107675746,0.120397195,0.047750067,0.17174068,0.026111048,-0.18795672,0.040914666
22,-0.31997705,0.5613655,0.7737833,0.090697035,-0.19902651,-0.43206847,-0.06294264,-0.21180059,0.11728737,-0.028037786,0.2664885,0.49069953,0.19656162,-0.25008547,-0.16522515,0.117718324,0.44001853,-0.0021856534,0.056010038,-0.23999566,0.038528923,-0.19087584,0.6300917,-0.14763975,0.52590066,0.22372308,0.4033083,-0.026089253,-0.39064986,-0.082061544,0.23161711,-0.2069734,0.105864435,0.23519854,0.20078741,0.09640956,0.06842381,-0.118606165,-0.053073406,-0.15186422,0.1303592,0.007925138,0.10531359,-0.26099148,0.11234026,0.009932824,0.115558416,-0.1195343,0.011383425,0.089490935
23,0.70132864,-2.902721,-0.31392878,-1.0162883,-0.66505706,-0.22319639,0.70210665,-0.8826124,-0.26000077,-0.6615554,0.5609282,0.93352306,-0.115572676,0.33426124,-0.080402955,0.20904908,-0.8990238,0.20512772,-0.14545017,0.39869744,-0.075783044,0.13727547,-0.14763975,1.7948743,0.076773345,-0.12437096,0.057540707,-0.13063344,-0.41908288,0.1723324,-0.27379614,0.37951118,0.10229318,0.11035241,0.12035282,-0.010509396,0.23252502,0.26071924,0.056533232,-0.11976369,-0.010531146,-0.018537924,-0.22611067,0.31046164,0.1437513,0.118365295,0.17655261,0.13070455,-0.13846993,-0.031650573
24,-1.2089336,3.3939595,1.4648759,0.7361622,0.1752974,-2.1221995,0.28267246,-0.12620306,-0.31957525,0.28915045,1.2237772,0.3785298,-0.35272568,-0.76889825,-0.6219264,-0.005603452,0.5339112,0.102511495,0.21164033,0.0753016,-0.17884368,-0.081137955,0.52590066,0.076773345,1.7586503,0.7738979,0.40918317,0.072627865,-0.18842398,0.023611479,0.5632949,-0.18951584,0.22278169,0.68112445,0.41077167,0.16681106,-0.15209766,-0.052437287,0.07391128,-0.15342,0.2115928,-0.060738817,0.11465177,-0.3680815,0.15889764,-0.017891105,-0.2170494,-0.08532682,-0.16475736,0.35039806
25,-0.6598494,3.148493,0.49496466,0.45453376,0.33874226,-1.726207,0.41203797,-1.0304868,-0.833308,0.057779476,0.19010514,0.44520587,-0.15306586,-0.5816895,-0.004486477,0.12770675,0.3276831,-0.058862142,0.3132617,0.014780506,-0.074215695,-0.03759991,0.22372308,-0.12437096,0.7738979,1.2587558,0.021721128,0.047222633,0.07932098,0.30823496,0.21689823,0.29128897,0.40351287,0.17830648,0.013521086,0.22618157,-0.22268607,-0.040932976,0.092618085,-0.069631174,0.1118965,0.0009783341,0.051863253,-0.24036661,0.29929382,-0.10850741,0.06604057,-0.3631627,-0.23762998,0.21075748
26,-0.25779146,-0.24468336,0.8365278,1.1260657,0.6856644,-0.35145527,-0.3169863,0.21778794,0.3533035,-0.1843462,0.72180814,1.0090529,0.017654683,0.2954908,-0.1214883,-0.2940965,0.2773304,0.6450114,-0.05099707,0.19440651,0.17053588,0.031915717,0.4033083,0.057540707,0.40918317,0.021721128,0.8706963,-0.08339458,-0.5994963,0.03428393,0.1260215,-0.3020869,0.062946305,0.11092917,0.13048166,-0.022812117,0.17516963,0.13444507,-0.14228891,-0.21111058,-0.19076729,-0.20574185,-0.0070246393,-0.23444954,-0.04163657,0.09098953,0.15038177,-0.028695486,0.015586931,0.13308847
27,0.48012504,0.5841218,-1.6544387,-0.28597593,0.5000591,-0.37984434,0.33172858,-0.3424179,-0.099598,-0.5003675,-0.09369069,-0.5181954,0.033191428,-0.61588204,-0.054856986,-0.07962611,0.2710014,-0.11314478,0.50375485,0.009697063,-0.18090779,0.0295368,-0.026089253,-0.13063344,0.072627865,0.047222633,-0.08339458,0.4551212,0.2508975,0.124991655,0.26516953,0.03621036,0.005879389,0.10798523,-0.01564806,-0.041210894,-0.04436811,0.120652385,0.06704004,0.24615201,-0.100430295,-0.019012276,-0.07575698,0.15143391,-0.01757428,-0.06518759,0.025536545,-0.07938558,0.074390575,0.12153067
28,-0.25552142,2.5465755,-1.1099449,-0.07123674,0.612582,-0.82174206,0.13776119,0.36141342,-0.34110314,0.073433846,-0.3453348,-1.43657,-0.03147594,-0.05953543,-0.04759884,-0.033864044,0.31046873,-0.43655902,0.1853269,-0.08446174,0.3149461,0.14183906,-0.39064986,-0.41908288,-0.18842398,0.07932098,-0.5994963,0.2508975,1.260442,-0.019138183,0.0025521088,0.1879606,0.06260717,-0.03936965,-0.21466951,0.043970704,-0.50079095,0.10307857,0.07748202,0.30844218,0.031723965,-0.05861105,-0.120817184,0.20006275,0.053266615,-0.11286816,-0.33308667,0.09226826,-0.14147323,0.09229541
29,-0.1026355,1.0181954,0.19059321,0.079628386,0.90088224,-0.37292087,0.091315396,-0.24219812,-0.41056365,-0.20766807,-0.055008575,0.25705844,-0.044024274,-0.38691187,-0.023591932,0.20626432,0.018658161,0.26641208,0.06553711,0.19216983,-0.16219747,0.11830354,-0.082061544,0.1723324,0.023611479,0.30823496,0.03428393,0.124991655,-0.019138183,0.5618585,-0.16291615,0.24823898,0.14160672,-0.01040195,0.038530923,-0.014224764,0.14512733,0.38793224,0.007618425,0.14615703,-0.18267792,-0.09726825,-0.111540675,0.036337186,-0.06192661,-0.08269299,0.18559772,-0.1884147,-0.043564312,0.15935862
30,-0.0036964584,1.1792724,-0.6213355,-0.0554064,-0.12834185,-0.72565293,0.45410112,-0.28911608,-0.067146346,-0.35085493,0.35674575,-0.48778915,0.10635121,-0.82370573,-0.15253538,-0.12215504,0.20522991,-0.15406004,0.49619058,0.0011434024,0.100635305,0.04921656,0.23161711,-0.27379614,0.5632949,0.21689823,0.1260215,0.26516953,0.0025521088,-0.16291615,0.7738228,-0.39610517,0.035284445,0.33757585,0.20390914,0.0056359675,-0.19681427,-0.23395494,0.13062696,-0.07794584,0.18020596,0.12595385,0.12993175,-0.06367794,0.16116025,-0.0781454,0.036158774,0.011775882,-0.057321284,-0.00016689047
31,0.1515518,-0.35857004,-0.056786016,0.14937375,-0.046245225,-0.03550718,0.38490707,-0.7877515,-0.45676816,0.05036889,-0.20826243,0.58221877,-0.78765905,0.37352607,0.31767917,0.018747497,-0.09135024,-0.044667944,-0.111491516,0.20353362,-0.36652386,0.07946952,-0.2069734,0.37951118,-0.18951584,0.29128897,-0.3020869,0.03621036,0.1879606,0.24823898,-0.39610517,0.78049034,0.13029714,-0.18158267,-0.4012657,0.030042194,0.15055351,0.14266856,0.07441899,0.13701558,-0.050080247,0.049031578,-0.012306126,0.13733354,0.10408835,0.05385314,0.039151747,-0.006022589,-0.09292482,0.18858977
32,-0.31789067,1.0694232,-0.26833534,1.1692941,0.33927298,-0.9302791,0.019188222,-0.21863595,-0.3194589,0.09195445,0.073860854,0.41616052,0.07932271,-0.051055312,-0.16838092,-0.034388736,0.11162402,0.076795116,-0.07238394,0.0477473,0.032671466,0.0747643,0.105864435,0.10229318,0.22278169,0.40351287,0.062946305,0.005879389,0.06260717,0.14160672,0.035284445,0.13029714,0.29457843,0.09877983,-0.0067436947,0.12267442,-0.038303114,0.03542749,0.060862042,-0.06560084,0.022816148,-0.069830224,-0.062493525,-0.080261976,0.17840718,-0.026056217,0.075547874,-0.12578814,-0.18216962,0.12866636
33,-0.3796938,1.1850524,0.10570736,0.2676641,-0.08678903,-0.9057609,0.09797184,0.0376215,-0.04237336,-0.014413923,0.4455553,-0.15935111,0.17316893,-0.56999147,-0.39221543,0.05283642,0.24925786,-0.12887812,0.09150712,-0.019614438,-0.018207677,0.015053859,0.23519854,0.11035241,0.68112445,0.17830648,0.11092917,0.10798523,-0.03936965,-0.01040195,0.33757585,-0.18158267,0.09877983,0.43452412,0.3181882,0.033576235,0.023169763,0.014714542,0.051680893,-0.072821654,0.15796334,0.0014556884,0.011653622,-0.077919036,0.075953074,-0.019521702,-0.027983358,-0.041952524,-0.054681044,0.09383921
34,-0.2937103,0.61183816,-0.06428911,-0.110109426,-0.1575518,-0.5210626,-0.23422438,0.34599894,0.16955607,0.012229823,0.28909057,-0.5674471,0.8989773,-0.7808357,-0.37023768,0.33704692,-0.022987975,-0.06685884,0.046088416,-0.16779044,0.23431095,-0.014105562,0.20078741,0.12035282,0.41077167,0.013521086,0.13048166,-0.01564806,-0.21466951,0.038530923,0.20390914,-0.4012657,-0.0067436947,0.3181882,0.66090006,-0.051489584,0.039603762,0.08256085,-0.07610766,-0.182262,0.1861178,-0.013825553,-0.036184914,-0.046883654,-0.024482029,-0.042476404,0.07689669,-0.16375455,0.055095203,-0.17470635
35,-0.31392458,1.1008087,0.14886206,-0.035898834,0.23876633,-0.7751405,-0.03367592,-0.016723357,-0.27869764,0.12626323,0.14150128,0.079729505,0.08949644,0.07227582,-0.17842391,0.06784326,0.17656758,-0.151568,0.025149966,-0.018706582,0.089453645,-0.06359052,0.09640956,-0.010509396,0.16681106,0.22618157,-0.022812117,-0.041210894,0.043970704,-0.014224764,0.0056359675,0.030042194,0.12267442,0.033576235,-0.051489584,0.25302115,-0.16305155,-0.049018312,0.038791664,-0.050602354,-0.033062212,-0.09441006,-0.070408605,-0.017276473,0.072586045,-0.020218097,-0.088539295,-0.081502825,-0.01902095,0.020546213
36,0.17577413,-1.6853105,0.34335703,0.7523395,-0.09184533,0.7981119,-0.2731532,-0.072445706,0.29722065,-0.033370286,-0.07128845,0.76172864,-0.17462695,0.08228957,0.020453874,-0.11447452,0.05155678,0.30853555,-0.3084368,0.11077086,-0.37794238,0.037437934,0.06842381,0.23252502,-0.15209766,-0.22268607,0.17516963,-0.04436811,-0.50079095,0.14512733,-0.19681427,0.15055351,-0.038303114,0.023169763,0.039603762,-0.16305155,0.6144481,0.14720926,-0.08766346,-0.021225857,-0.017837707,0.03120665,0.055300087,-0.07984122,-0.15904751,0.13403839,0.20261046,-0.0038346355,0.10093724,0.01822122
37,-0.08535685,0.4472501,-0.24478547,0.5672487,1.0474589,-0.3543843,-0.22799656,0.27351114,-0.028626677,-0.28080118,0.14511725,0.017601207,0.13269705,0.018262614,-0.1582371,0.050223745,0.21120587,0.29483408,-0.0027883397,0.21693158,0.047143906,0.13740301,-0.118606165,0.26071924,-0.052437287,-0.040932976,0.13444507,0.120652385,0.10307857,0.38793224,-0.23395494,0.14266856,0.03542749,0.014714542,0.08256085,-0.049018312,0.14720926,0.52643937,-0.12451822,0.14579189,-0.2916339,-0.21159127,-0.21171226,0.12921,-0.14945963,-0.0030932545,0.057660364,-0.07597045,0.057069786,0.11013572
38,-0.09467678,0.11475559,-0.4601935,0.33356047,-0.41762263,-0.3488054,0.46239963,-0.11986236,-0.34414893,0.50622797,0.22928086,-0.13661963,-0.3754602,-0.17666711,0.035010647,0.0047789337,-0.34162006,-0.12889074,0.08188665,0.20430118,-0.099244,0.15184262,-0.053073406,0.056533232,0.07391128,0.092618085,-0.14228891,0.06704004,0.07748202,0.007618425,0.13062696,0.07441899,0.060862042,0.051680893,-0.07610766,0.038791664,-0.08766346,-0.12451822,0.38260436,-0.037371375,0.08321457,0.13587189,0.08681646,0.06646921,0.16284281,-0.04160902,0.069862604,0.10929198,-0.1271896,0.0035908849
39,0.3811993,0.16826692,-0.707865,-0.30126655,0.41824445,0.40958712,0.056573376,-0.18183684,-0.0014003174,-0.40234044,-0.46082366,-0.21305734,-0.17466578,-0.109409705,0.009858375,-0.025215954,0.23461667,-0.012903741,0.22074062,-0.13480932,-0.24916859,-0.12454228,-0.15186422,-0.11976369,-0.15342,-0.069631174,-0.21111058,0.24615201,0.30844218,0.14615703,-0.07794584,0.13701558,-0.06560084,-0.072821654,-0.182262,-0.050602354,-0.021225857,0.14579189,-0.037371375,0.41931298,-0.1810901,-0.022553515,-0.085245326,0.07525424,-0.10941703,-0.050742,-0.13618292,0.023407996,0.108258575,0.124652594
40,-0.06069597,-0.19220847,-0.19143595,0.072705016,-1.1848681,0.088933855,0.29115736,-0.33669943,-0.015737832,0.15032148,-0.065577164,-0.40103662,0.033618435,-0.4487448,0.08678545,0.3238647,-0.16289368,-0.44366357,-0.036898784,-0.21931905,0.047771763,-0.02373128,0.1303592,-0.010531146,0.2115928,0.1118965,-0.19076729,-0.100430295,0.031723965,-0.18267792,0.18020596,-0.050080247,0.022816148,0.15796334,0.1861178,-0.033062212,-0.017837707,-0.2916339,0.08321457,-0.1810901,0.556679,0.25953352,0.19281907,-0.090617985,0.14260149,-0.028235529,0.068653196,0.009989837,-0.14582798,-0.0635865
41,0.27946267,-1.1223567,-0.19981441,0.0322992,-1.1334506,0.76827335,0.38157627,-0.43823385,0.08712344,0.04669601,-0.25529492,-0.104375124,-0.20146342,-0.24790755,0.2552255,0.21056426,-0.22951978,-0.27448362,0.06698208,-0.025187796,-0.08553839,0.028353266,0.007925138,-0.018537924,-0.060738817,0.0009783341,-0.20574185,-0.019012276,-0.05861105,-0.09726825,0.12595385,0.049031578,-0.069830224,0.0014556884,-0.013825553,-0.09441006,0.03120665,-0.21159127,0.13587189,-0.022553515,0.25953352,0.34479988,0.1818302,0.0035800815,0.17024252,0.010469226,0.12361978,0.08236267,-0.06066865,-0.09330191
42,-0.13104385,-0.32734376,0.27904963,0.56870544,-0.6335206,0.3913906,0.16204399,-0.17280085,0.027958041,0.26218653,0.038786445,0.06577083,-0.39527506,-0.072122715,0.21370786,-0.0048936973,-0.051987097,-0.06313932,-0.020624861,-0.021127537,-0.10036723,-0.029073106,0.10531359,-0.22611067,0.11465177,0.051863253,-0.0070246393,-0.07575698,-0.120817184,-0.111540675,0.12993175,-0.012306126,-0.062493525,0.011653622,-0.036184914,-0.070408605,0.055300087,-0.21171226,0.08681646,-0.085245326,0.19281907,0.1818302,0.23717156,-0.12815446,0.038884677,0.014517885,0.031938717,0.09862994,-0.03556682,-0.02251333
43,0.45915514,-0.7873434,-1.107687,-0.6781742,-0.09121375,0.023170572,0.25201187,-0.053225383,-0.12787741,-0.23133308,-0.058792233,-0.5728109,0.10224554,-0.0023860992,0.08523422,0.14031361,-0.29630494,-0.28214014,0.1660878,0.13479906,0.11404051,0.107675746,-0.26099148,0.31046164,-0.3680815,-0.24036661,-0.23444954,0.15143391,0.20006275,0.036337186,-0.06367794,0.13733354,-0.080261976,-0.077919036,-0.046883654,-0.017276473,-0.07984122,0.12921,0.06646921,0.07525424,-0.090617985,0.0035800815,-0.12815446,0.39781398,0.00616582,-0.032631017,0.044012375,0.04670322,0.10423404,-0.08895837
44,-0.047720872,0.15993503,0.16600293,0.029112538,-0.58076,-0.36466682,0.38006437,-0.45074707,-0.1740947,0.07620478,0.008572474,0.21818423,-0.049186632,-0.03795802,0.052380167,0.08754711,-0.132901,-0.17982264,0.01458993,0.026541132,0.11146267,0.120397195,0.11234026,0.1437513,0.15889764,0.29929382,-0.04163657,-0.01757428,0.053266615,-0.06192661,0.16116025,0.10408835,0.17840718,0.075953074,-0.024482029,0.072586045,-0.15904751,-0.14945963,0.16284281,-0.10941703,0.14260149,0.17024252,0.038884677,0.00616582,0.38241643,-0.016733143,0.12205967,-0.02000378,-0.20295164,0.029952003
45,-0.010986561,-0.60115767,0.55052406,-0.1215694,-0.11863451,0.18224816,-0.13341242,0.0915409,0.21016997,0.025820093,0.09395488,0.30305663,-0.07581912,0.27736187,-0.01277651,-0.16585633,0.10665059,0.11509113,-0.09712597,0.150778,0.035090715,0.047750067,0.009932824,0.118365295,-0.017891105,-0.10850741,0.09098953,-0.06518759,-0.11286816,-0.08269299,-0.0781454,0.05385314,-0.026056217,-0.019521702,-0.042476404,-0.020218097,0.13403839,-0.0030932545,-0.04160902,-0.050742,-0.028235529,0.010469226,0.014517885,-0.032631017,-0.016733143,0.17042069,-0.022665296,0.07055401,0.03047758,-0.07015526
46,0.3698737,-0.9869459,-0.009351393,-0.4006752,-0.2552055,0.32466078,0.26679924,-0.43198615,-0.04985742,-0.23010343,-0.120458856,0.31400487,0.15561154,-0.290457,0.1952505,0.18095654,-0.24619445,0.05678854,0.030433103,0.120151445,-0.0209761,0.17174068,0.115558416,0.17655261,-0.2170494,0.06604057,0.15038177,0.025536545,-0.33308667,0.18559772,0.036158774,0.039151747,0.075547874,-0.027983358,0.07689669,-0.088539295,0.20261046,0.057660364,0.069862604,-0.13618292,0.068653196,0.12361978,0.031938717,0.044012375,0.12205967,-0.022665296,0.43469247,-0.1460949,-0.075401634,-0.018877078
47,-0.0961694,-0.94857293,0.47145516,0.30819225,-0.41868564,0.4635343,0.05446054,0.30225265,0.16874947,0.28407747,0.24425349,0.027814819,-0.5391973,0.5239434,0.08476903,-0.19760658,-0.20583054,0.09273986,-0.13324699,0.152002,0.07464259,0.026111048,-0.1195343,0.13070455,-0.08532682,-0.3631627,-0.028695486,-0.07938558,0.09226826,-0.1884147,0.011775882,-0.006022589,-0.12578814,-0.041952524,-0.16375455,-0.081502825,-0.0038346355,-0.07597045,0.10929198,0.023407996,0.009989837,0.08236267,0.09862994,0.04670322,-0.02000378,0.07055401,-0.1460949,0.40819514,-0.008180793,-0.05202467
48,0.16863073,-0.5003978,-0.24488124,-0.35680577,0.086475536,0.39408404,-0.33791614,0.20476314,0.24572943,-0.104164734,-0.101576075,-0.2657956,0.22544548,0.00037983817,-0.023694163,0.020423176,0.19360572,-0.08320574,0.13263339,-0.12067442,-0.012570211,-0.18795672,0.011383425,-0.13846993,-0.16475736,-0.23762998,0.015586931,0.074390575,-0.14147323,-0.043564312,-0.057321284,-0.09292482,-0.18216962,-0.054681044,0.055095203,-0.01902095,0.10093724,0.057069786,-0.1271896,0.108258575,-0.14582798,-0.06066865,-0.03556682,0.10423404,-0.20295164,0.03047758,-0.075401634,-0.008180793,0.3224002,-0.12673414
49,-0.19298658,1.1638724,0.6631526,0.091747135,0.6000375,-0.43839085,0.18798581,-0.14651594,-0.20258537,-0.051077664,0.14110643,0.49163225,-0.5530732,0.010906853,-0.07881499,-0.119066164,0.22988495,0.17418534,-0.055818364,0.046061397,-0.3265242,0.040914666,0.089490935,-0.031650573,0.35039806,0.21075748,0.13308847,0.12153067,0.09229541,0.15935862,-0.00016689047,0.18858977,0.12866636,0.09383921,-0.17470635,0.020546213,0.01822122,0.11013572,0.0035908849,0.124652594,-0.0635865,-0.09330191,-0.02251333,-0.08895837,0.029952003,-0.07015526,-0.018877078,-0.05202467,-0.12673414,0.40931594
