,0,1,2,3,4,5,6,7,8,9,10,11,12,13,14,15,16,17,18,19,20,21,22,23,24,25,26,27,28,29,30,31,32,33,34,35,36,37,38,39,40,41,42,43,44,45,46,47,48,49
0,0.9039805,3.3367774,-2.9220018,1.2444329,-2.077841,-0.36693835,0.13133076,0.11711724,1.1836199,0.19419643,-0.0011689374,-0.0022243373,0.010155702,-0.00080578006,0.0040187417,-0.002284056,-0.0029223438,-0.0008337783,-0.0010679831,1.49845355e-05,0.00064679806,-0.0006937623,0.0016797537,0.0010627969,0.00014679453,0.00061947445,-0.00023077714,-0.0007617665,0.0005540132,-0.00010551067,-1.7006094e-05,-0.00024609547,-3.2600743e-05,-0.0006401291,0.0003099683,-0.00012035787,2.8091848e-05,0.0001955115,-0.0001479607,7.054671e-05,-1.7492624e-05,-0.00038624983,-0.0003763992,-4.2103777e-05,5.435442e-06,6.31448e-05,0.00033847417,0.00021324976,-0.00015754238,6.598196e-06
1,3.3367774,13.831846,-11.734385,5.2763376,-7.8026175,1.2480934,0.52029115,-0.26827624,4.5032015,0.81271034,-0.0016206729,-0.0026886566,-0.0001389693,0.0012115582,-0.0012178216,0.0016605617,-0.00027401827,-0.0022200765,0.0014021201,-0.0006612882,0.00079629564,0.0002326112,-0.0007268728,0.0009589363,-0.00030202558,-0.00040234253,-0.0004358911,0.00021389875,-0.00018406767,0.0008351519,0.00025748985,0.0006864901,-0.00020606155,0.00020634173,-0.00023914431,-0.00012844254,0.0002739597,0.00031397486,0.0002585334,-0.00014106183,-0.00014747644,0.00045512524,0.000407675,1.701421e-05,-6.602558e-05,-0.00020753841,5.1720046e-05,-0.00039752777,0.00035914622,0.00039277005
2,-2.9220018,-11.734385,10.39568,-4.5668926,7.1088533,0.0024600124,-1.1476278,0.88810635,-3.8760562,-0.7287146,0.001490688,-0.004412256,0.0016026471,-0.0038599528,-0.0009282299,0.00012304481,-0.001339305,-0.00056643214,-0.0010985096,0.0004559073,0.0006603698,-3.0096828e-05,0.00027519473,0.00011437822,5.823878e-05,0.0003534042,0.0007750385,-0.00011887155,-0.0001632738,0.00012929055,-0.00044073095,-5.2265423e-05,0.00014801162,-0.00023269298,-0.00023947237,0.00048560224,0.0002812469,1.1312073e-05,-0.0005899278,0.00013646239,-9.776767e-05,-0.00021743987,0.00014157964,0.00024327883,0.0003202762,0.00020353825,-0.00010987319,0.00041609548,-0.000104691026,-0.00014104339
3,1.2444329,5.2763376,-4.5668926,2.061696,-3.015335,0.54719037,0.43235362,-0.44089183,1.6754313,0.32486555,-0.00027534168,0.0012341028,-0.0014830208,0.0031272632,7.993095e-05,0.0010552478,0.0007747154,-0.00034739022,0.0011878096,0.000105144754,0.00010861223,0.00019249113,-0.00045039653,0.00036638585,0.00017489068,-0.0006293617,-0.00041842775,9.062547e-05,4.894005e-05,9.353667e-05,0.00036521934,0.00021788487,-0.00028109923,0.000224421,0.00019080877,-0.0002660007,5.642564e-05,-0.00026392227,0.00026257767,1.349729e-06,0.0001582093,0.00026824055,0.00014683712,-0.00014447738,-0.00014042977,-0.0003076925,-0.00015645084,-0.00013524354,0.0001117151,0.00028781337
4,-2.077841,-7.8026175,7.1088533,-3.015335,5.0771003,1.0831509,-0.8965702,0.466713,-2.713663,-0.48788625,0.0008584743,0.0012708454,0.004269963,0.00013385946,0.0031396928,0.00021522258,-0.002148048,-0.0007523197,0.0010074354,-0.00044347718,0.0011245457,-9.586591e-05,-1.0426493e-05,0.0002726696,-0.0006638572,3.2641336e-05,0.0003103371,0.00016148701,0.00015184122,0.00060179253,0.00013207021,1.1906749e-05,-9.8279736e-05,0.0004441153,-6.999777e-05,5.7147604e-06,0.00018193427,-0.00014662604,-2.7413365e-05,0.00034380896,0.00051679654,0.00023171815,3.0378102e-05,0.00019531207,1.2249824e-05,6.57626e-05,-0.00041323405,0.00028374436,-0.00018833161,-1.2085004e-05
5,-0.36693835,1.2480934,0.0024600124,0.54719037,1.0831509,5.5561843,-0.781003,-0.4372676,-0.25999308,0.044608742,0.00040238406,-0.0032000411,0.0047833766,0.0018668412,0.0007903393,-0.00035315455,-0.0014274383,-0.0018299485,6.8885856e-05,-0.00086297584,0.00038166915,0.00021147025,-3.8949933e-05,0.00089253637,-0.00046993417,-0.00026724674,-5.672985e-05,-0.0006591073,-4.6087804e-05,0.00056292093,0.00036613957,8.917929e-06,-0.00021842905,-1.43551915e-05,2.3680797e-05,-9.071265e-05,0.0003643715,0.00017444823,0.00016263241,-9.904773e-05,0.00018090544,1.0545524e-05,0.000107044594,0.00011316147,2.9347737e-05,-8.386023e-05,-1.4067194e-05,0.00011233523,4.027639e-05,0.00015591623
6,0.13133076,0.52029115,-1.1476278,0.43235362,-0.8965702,-0.781003,1.4372865,-1.7060778,0.093127,0.113237426,-0.0006594346,0.0034044718,-0.0025337911,0.00027481248,-0.00020917837,-0.00023813243,0.00075317745,0.0012507613,-3.0149213e-05,0.00024577935,-0.0004004489,-4.8890222e-05,-8.5438376e-05,-0.0008384213,-3.0049234e-05,-0.00012264255,-3.8493877e-06,0.00028026637,9.331469e-06,-0.00022433742,8.311108e-05,-8.187099e-05,-1.08149015e-05,0.0002254371,3.1399097e-05,-0.00020714234,-0.00035181214,-0.00010437751,0.00027091106,-3.126858e-05,5.6007786e-05,8.790294e-05,-2.0072632e-05,1.6990998e-05,-4.3014425e-05,-7.257715e-05,-0.00012331718,8.338615e-05,-0.000143485,-0.00020969333
7,0.11711724,-0.26827624,0.88810635,-0.44089183,0.466713,-0.4372676,-1.7060778,2.4332159,0.20534676,-0.12017645,0.00026772986,-0.0026803664,0.002058803,-0.0008956622,1.2026159e-05,-0.00069182063,-0.0010896777,-0.00069134636,-0.0006906396,6.931879e-05,0.0007338787,-0.00024737272,0.00037502844,0.0004226397,-0.00021470769,0.00037863269,0.00015496579,-0.0006589432,0.00022619416,0.0005910442,0.0002654845,0.00023462533,-0.00035221974,-0.00030981732,-0.00027731148,8.242215e-05,0.00028830284,8.826788e-05,-0.00024722115,3.1212083e-05,-0.00014165092,-0.00022009878,0.00020471105,8.446006e-05,-0.00011677544,3.683837e-05,-7.130756e-05,-0.00020125392,0.00012231007,7.4032773e-06
8,1.1836199,4.5032015,-3.8760562,1.6754313,-2.713663,-0.25999308,0.093127,0.20534676,1.5737653,0.25724983,0.0002452653,-0.001988579,0.0032483414,0.0019969575,0.0005033436,0.00041704872,-0.00020558428,-0.0010243878,0.00028077757,-0.0007839813,-0.00013685768,0.0002800608,4.448372e-05,0.00046510974,-0.00010984932,-0.0001366857,0.00024141616,-0.0005925502,7.739309e-07,0.00015916323,0.000120276774,-0.00019510828,-5.381716e-05,2.6369538e-05,-0.00029814075,-0.00011258015,0.00017085535,0.00014998126,7.857211e-05,-8.5043146e-05,0.00015861027,6.947604e-05,1.4738114e-05,-6.1031315e-05,1.0931629e-05,3.1828833e-05,-5.717483e-05,-2.2046064e-05,3.4769855e-05,1.1429387e-05
9,0.19419643,0.81271034,-0.7287146,0.32486555,-0.48788625,0.044608742,0.113237426,-0.12017645,0.25724983,0.053383537,-6.502725e-05,0.0011057548,0.00048817083,0.0011245578,-3.7476675e-05,-9.476569e-06,-0.00035204497,-0.0002937472,0.00035217465,4.3766595e-05,0.0005733947,-2.9324345e-05,0.00030539057,0.00014379699,0.00016117285,-0.00010453025,-0.00047095638,0.00019713637,6.2009394e-07,-6.1755076e-05,0.00011548036,-2.5293788e-05,0.0001556697,-5.4060838e-05,0.00019471403,6.963372e-05,-2.8726892e-05,-0.00020423497,-9.734779e-05,0.00012676933,-7.815286e-05,8.077133e-06,0.00011740203,-3.8743892e-05,-6.515237e-05,3.9243452e-05,2.9464172e-05,-6.521998e-05,4.5784225e-05,7.873484e-07
10,-0.0011689374,-0.0016206729,0.001490688,-0.00027534168,0.0008584743,0.00040238406,-0.0006594346,0.00026772986,0.0002452653,-6.502725e-05,0.0025928048,-0.0022414068,0.0015056131,0.004449146,-0.002272822,0.001313718,0.001245335,-0.0008570389,0.00020572623,-0.00084341643,-0.0009420255,0.0004938076,-7.7733064e-05,2.281852e-05,-0.0005534745,-0.000103941966,-0.0002614586,-0.00039563692,-0.00013005103,8.875775e-05,0.0001324644,0.000111116984,9.0937305e-05,0.00019449569,0.00024695406,-0.00025804565,6.144076e-05,-1.4306964e-05,2.9744314e-09,-5.305373e-05,-4.0468778e-05,-0.00011763874,-6.60569e-06,-3.6864993e-05,-1.607186e-05,2.5048594e-05,0.00016837002,-0.00011869476,-2.5886131e-05,6.453434e-05
11,-0.0022243373,-0.0026886566,-0.004412256,0.0012341028,0.0012708454,-0.0032000411,0.0034044718,-0.0026803664,-0.001988579,0.0011057548,-0.0022414068,0.017677808,-0.0023793299,0.0019629258,0.0043271687,0.00020289185,7.103561e-05,0.0029819966,0.0026673945,-0.00020978245,-0.00046378007,-0.0005697651,-0.0005389709,-0.0021148846,-0.00035714486,0.00031629176,-0.00030305365,0.0017796108,-6.323612e-05,-0.0005547641,5.9882055e-05,-0.00061991106,0.00066465384,0.00071871397,-0.00014074432,-7.53311e-05,-0.00067928375,-0.0004233789,0.00048247725,0.00013314762,0.00042582152,0.00053249544,-0.00052333396,-6.0465336e-05,-0.00022591179,0.00044262808,-0.0001349579,8.647661e-05,-0.00045004353,-0.00074376824
12,0.010155702,-0.0001389693,0.0016026471,-0.0014830208,0.004269963,0.0047833766,-0.0025337911,0.002058803,0.0032483414,0.00048817083,0.0015056131,-0.0023793299,0.020711888,0.0049338313,0.0045279292,0.0027287856,-0.0030568433,-0.0012745778,-0.00055721216,0.00045341134,1.4947366e-05,-0.00073386147,0.002185071,0.0013721774,-0.00082790153,0.0004308452,-0.0005477529,-0.0008640426,0.00048054545,2.9216622e-05,0.00023352212,-0.0006252974,0.00023482053,-0.00023843211,0.00017804618,-1.3806943e-05,0.0001585038,0.00017166448,-0.00020590994,1.6734526e-05,0.0002879873,-0.0001974678,-0.00010557835,0.0003322134,0.0001966623,0.00012547881,0.0001735382,0.00043360813,-0.00015983198,-9.557356e-05
13,-0.00080578006,0.0012115582,-0.0038599528,0.0031272632,0.00013385946,0.0018668412,0.00027481248,-0.0008956622,0.0019969575,0.0011245578,0.004449146,0.0019629258,0.0049338313,0.013179205,-0.0026079426,0.0027533537,0.0015660726,-0.0018741091,0.0018196377,-0.000939313,-0.0014720134,0.00060949044,-0.00066080247,7.712205e-05,-0.0005299705,-0.00017062582,-0.0009736726,-0.00087249675,0.00033193757,-0.00041230372,0.0006240761,-0.00049143005,-0.00018216828,5.6783334e-05,0.0002937471,-0.00022302067,-0.0001504838,-0.00043845782,0.00016441543,-0.00018950814,0.00011619535,0.00027348136,-0.0003432415,-0.0002858088,-0.0003261089,-6.30865e-05,-2.7528617e-05,-0.000110608235,-9.040625e-05,-7.112943e-05
14,0.0040187417,-0.0012178216,-0.0009282299,7.993095e-05,0.0031396928,0.0007903393,-0.00020917837,1.2026159e-05,0.0005033436,-3.7476675e-05,-0.002272822,0.0043271687,0.0045279292,-0.0026079426,0.011429463,-0.0015559064,-0.00059763144,0.0021729427,-5.193756e-05,-0.00012296968,0.00012433465,-0.00094473327,0.0012457338,0.0013951752,0.00018567566,-0.00043386107,0.0003207958,0.0003922251,0.00017275564,-0.000101174955,-1.8601739e-05,-0.00023886535,-0.00029397296,0.0005311358,-0.00027417368,-0.00010428988,1.247066e-05,0.00021389191,0.00018787834,0.00039666516,0.00069739274,0.00029031455,-0.00022072523,-0.00022062774,-0.00014703503,-1.6491145e-05,-7.264925e-05,-0.0003645072,-0.00020389247,0.00019118685
15,-0.002284056,0.0016605617,0.00012304481,0.0010552478,0.00021522258,-0.00035315455,-0.00023813243,-0.00069182063,0.00041704872,-9.476569e-06,0.001313718,0.00020289185,0.0027287856,0.0027533537,-0.0015559064,0.008976204,0.0030638722,0.0013868554,0.0022153733,0.0016068474,-0.00013555386,-0.0006618811,0.00037437084,9.820287e-05,0.00075764477,7.13148e-05,0.00037330936,0.0005566474,-0.00019408064,0.00043517217,-0.00046649537,0.0003408006,0.00015840822,5.3962736e-05,-0.0005785088,0.00026780606,0.00015156549,5.4073047e-05,0.00012928963,-0.00015267063,5.184498e-05,0.00016771568,0.0005424671,0.00021611364,0.00023565307,0.00020346191,-3.574401e-06,3.326132e-05,9.044516e-05,0.00010452859
16,-0.0029223438,-0.00027401827,-0.001339305,0.0007747154,-0.002148048,-0.0014274383,0.00075317745,-0.0010896777,-0.00020558428,-0.00035204497,0.001245335,7.103561e-05,-0.0030568433,0.0015660726,-0.00059763144,0.0030638722,0.005137325,0.0030065943,-0.00014928925,0.00044423324,-0.00194066,-0.00047972362,0.00031437544,4.196271e-05,0.00052565406,-0.00014665062,-5.9575665e-05,-0.0003239517,-0.00015964794,-7.3668314e-05,-0.00017795427,0.00020689133,-0.00010773639,0.00023574734,-9.3874274e-05,-0.00017953344,-0.000117798176,0.0002041164,3.1340613e-05,-0.0001311488,-7.064048e-05,-0.0002301537,-1.6158567e-05,-0.00019071063,-0.0001447351,5.7364803e-05,6.449506e-05,-0.0004509676,0.00022418788,0.00017730944
17,-0.0008337783,-0.0022200765,-0.00056643214,-0.00034739022,-0.0007523197,-0.0018299485,0.0012507613,-0.00069134636,-0.0010243878,-0.0002937472,-0.0008570389,0.0029819966,-0.0012745778,-0.0018741091,0.0021729427,0.0013868554,0.0030065943,0.006015814,-0.001447194,0.0007290407,-0.0009857372,-0.0012553276,0.00080724125,-0.0007673496,0.00028122967,-0.00042885356,-0.0004679616,-0.00051276607,-0.00037242833,0.00023868507,0.0003720515,0.00015957159,-9.340071e-05,-7.856806e-05,0.0004342819,-0.00015379224,6.3024185e-05,-0.00031105248,-3.0898675e-05,-0.00022182395,0.0001684805,-0.000103703365,-0.00014088019,-2.2712466e-05,1.4743583e-06,-5.0026856e-06,-1.8377774e-05,-3.201556e-05,-4.624094e-06,-0.00015460337
18,-0.0010679831,0.0014021201,-0.0010985096,0.0011878096,0.0010074354,6.8885856e-05,-3.0149213e-05,-0.0006906396,0.00028077757,0.00035217465,0.00020572623,0.0026673945,-0.00055721216,0.0018196377,-5.193756e-05,0.0022153733,-0.00014928925,-0.001447194,0.0035676204,-0.00070366054,0.00077821175,0.00017215655,-0.00083294185,-6.9697926e-05,0.00026040705,0.00022001588,0.00036984636,0.0006142681,7.574193e-05,0.00015768604,-0.0004313101,0.00031050915,0.0002490643,0.00011211835,-0.00012915785,-0.00023453531,0.00016913546,-5.312003e-05,0.00024014065,0.00012542495,0.0002532979,0.00023167129,-0.00021401567,-8.1506805e-05,-4.1836583e-06,0.00016643279,-7.481201e-05,0.00019478818,-0.0001527812,0.00021808935
19,1.49845355e-05,-0.0006612882,0.0004559073,0.000105144754,-0.00044347718,-0.00086297584,0.00024577935,6.931879e-05,-0.0007839813,4.3766595e-05,-0.00084341643,-0.00020978245,0.00045341134,-0.000939313,-0.00012296968,0.0016068474,0.00044423324,0.0007290407,-0.00070366054,0.0033078932,0.000247888,-0.0007142796,0.0006046109,0.00024119235,0.0008708269,0.0004533612,-0.00019623936,0.00038868736,0.00049013295,-0.00041595454,-0.00020533912,-1.1387113e-05,-0.00028771965,-0.0003971496,8.26884e-06,6.26695e-05,0.00014947835,-7.424537e-07,2.674227e-05,2.617066e-05,-0.00021646041,-0.00033467443,0.00016984834,-2.7725962e-05,-0.00015239001,-0.00014359134,5.1185703e-05,0.00029844407,0.00013423353,4.90765e-05
20,0.00064679806,0.00079629564,0.0006603698,0.00010861223,0.0011245457,0.00038166915,-0.0004004489,0.0007338787,-0.00013685768,0.0005733947,-0.0009420255,-0.00046378007,1.4947366e-05,-0.0014720134,0.00012433465,-0.00013555386,-0.00194066,-0.0009857372,0.00077821175,0.000247888,0.0027512987,-0.0002987168,0.00041710673,0.00044610965,0.00048727726,-3.5240591e-06,-0.00016959988,0.00028022222,3.334309e-05,0.0006535887,0.000121734425,0.00023901876,0.00012468532,-5.0034963e-05,-0.00018723153,8.223024e-05,0.00015093602,-0.0002200059,-8.109694e-05,0.00024430282,7.475527e-05,0.00019931568,0.000353432,-6.22773e-05,3.6885725e-05,0.00016753573,-4.5879606e-05,0.00029995473,0.000108615604,-0.0001323366
21,-0.0006937623,0.0002326112,-3.0096828e-05,0.00019249113,-9.586591e-05,0.00021147025,-4.8890222e-05,-0.00024737272,0.0002800608,-2.9324345e-05,0.0004938076,-0.0005697651,-0.00073386147,0.00060949044,-0.00094473327,-0.0006618811,-0.00047972362,-0.0012553276,0.00017215655,-0.0007142796,-0.0002987168,0.000995016,-0.00015890886,-0.00018577997,-0.0002501284,-0.00020448401,0.00020150245,9.2436814e-05,-0.00014128785,-0.0001577526,-0.00014729588,-0.0002154735,0.00032443012,0.00022279532,-8.7902474e-05,0.00015208591,0.00012815732,5.420659e-05,3.874346e-05,4.688806e-05,6.1758095e-05,-4.651613e-05,-2.8350387e-05,7.831094e-05,0.00011313664,-0.00011325176,3.058936e-05,-1.8511982e-05,-1.4208992e-05,5.2861124e-05
22,0.0016797537,-0.0007268728,0.00027519473,-0.00045039653,-1.0426493e-05,-3.8949933e-05,-8.5438376e-05,0.00037502844,4.448372e-05,0.00030539057,-7.7733064e-05,-0.0005389709,0.002185071,-0.00066080247,0.0012457338,0.00037437084,0.00031437544,0.00080724125,-0.00083294185,0.0006046109,0.00041710673,-0.00015890886,0.00222782,0.00019575891,5.1143455e-05,0.00015280346,-0.00022516535,7.740449e-05,0.00012240073,0.00012082215,-0.00017465354,9.279282e-05,0.00029413527,0.00017810837,1.3073562e-06,6.195436e-05,-0.00011207425,-5.6828692e-05,-0.00032570813,0.00021358993,-3.80022e-05,-0.0002421535,0.00015345344,2.972036e-05,0.00011207764,-0.000120619065,0.00015779908,-0.00010405229,9.882625e-05,-5.7701516e-05
23,0.0010627969,0.0009589363,0.00011437822,0.00036638585,0.0002726696,0.00089253637,-0.0008384213,0.0004226397,0.00046510974,0.00014379699,2.281852e-05,-0.0021148846,0.0013721774,7.712205e-05,0.0013951752,9.820287e-05,4.196271e-05,-0.0007673496,-6.9697926e-05,0.00024119235,0.00044610965,-0.00018577997,0.00019575891,0.0015626037,0.0006266703,-0.00032264233,-0.000123951,2.7130289e-05,1.7297087e-05,4.8171692e-05,9.244985e-05,0.00012292151,-0.00015832583,2.6495488e-06,-1.9060171e-05,0.00013895298,3.2849217e-05,2.750985e-05,1.8266453e-05,0.00017750871,-5.243376e-05,8.447809e-05,3.8569982e-05,4.995353e-05,-0.00012216295,-7.3751886e-05,7.5893445e-06,-0.00018635427,0.00021961768,0.00021994574
24,0.00014679453,-0.00030202558,5.823878e-05,0.00017489068,-0.0006638572,-0.00046993417,-3.0049234e-05,-0.00021470769,-0.00010984932,0.00016117285,-0.0005534745,-0.00035714486,-0.00082790153,-0.0005299705,0.00018567566,0.00075764477,0.00052565406,0.00028122967,0.00026040705,0.0008708269,0.00048727726,-0.0002501284,5.1143455e-05,0.0006266703,0.0015044274,-0.00030316133,6.7252404e-05,7.417862e-05,1.6805097e-05,-0.00025662105,-0.00022135457,-0.00018569399,-7.299875e-05,-0.00033125194,-9.5127536e-05,0.00016030348,0.00018692855,-4.5050056e-05,3.2105518e-06,-7.7891104e-07,-1.8588777e-05,2.1176318e-05,8.635143e-05,-0.00018909482,3.582926e-05,1.36240305e-05,-6.5393588e-06,0.00014826725,8.548957e-05,0.00012533838
25,0.00061947445,-0.00040234253,0.0003534042,-0.0006293617,3.2641336e-05,-0.00026724674,-0.00012264255,0.00037863269,-0.0001366857,-0.00010453025,-0.000103941966,0.00031629176,0.0004308452,-0.00017062582,-0.00043386107,7.13148e-05,-0.00014665062,-0.00042885356,0.00022001588,0.0004533612,-3.5240591e-06,-0.00020448401,0.00015280346,-0.00032264233,-0.00030316133,0.0011366796,0.00020869734,-9.1124995e-05,0.0005524942,-0.00017675527,-0.00028827827,0.000120472825,-0.00014638079,2.6007323e-05,-0.00021697188,2.1864045e-05,1.8547446e-05,2.17544e-05,-0.00020829648,-2.7168433e-05,-4.745668e-05,-0.00028122036,-0.000121621706,3.3306722e-05,-0.00014624523,0.00014047086,7.98212e-06,-0.00012719275,-0.00012662687,-0.00017928163
26,-0.00023077714,-0.0004358911,0.0007750385,-0.00041842775,0.0003103371,-5.672985e-05,-3.8493877e-06,0.00015496579,0.00024141616,-0.00047095638,-0.0002614586,-0.00030305365,-0.0005477529,-0.0009736726,0.0003207958,0.00037330936,-5.9575665e-05,-0.0004679616,0.00036984636,-0.00019623936,-0.00016959988,0.00020150245,-0.00022516535,-0.000123951,6.7252404e-05,0.00020869734,0.001562322,-0.00010387918,0.00020120686,-0.00018551815,-0.000104564846,-3.900055e-05,-9.412154e-05,0.00012215864,-0.00053015305,-5.8758844e-05,2.2666369e-05,3.1531898e-05,4.5299515e-05,0.000114297065,4.3939195e-05,-9.040854e-05,7.423868e-05,2.18343e-05,0.00011424941,0.00012481026,-0.0001401132,4.61883e-05,-0.00019752608,4.0829567e-05
27,-0.0007617665,0.00021389875,-0.00011887155,9.062547e-05,0.00016148701,-0.0006591073,0.00028026637,-0.0006589432,-0.0005925502,0.00019713637,-0.00039563692,0.0017796108,-0.0008640426,-0.00087249675,0.0003922251,0.0005566474,-0.0003239517,-0.00051276607,0.0006142681,0.00038868736,0.00028022222,9.2436814e-05,7.740449e-05,2.7130289e-05,7.417862e-05,-9.1124995e-05,-0.00010387918,0.0015611888,-3.9334802e-05,-0.00016245162,-0.00025758825,0.00013517006,0.0004005562,0.00016790157,6.364975e-05,-3.4476674e-05,-4.6335634e-05,0.00021992881,0.00011486806,0.00017187136,-0.00016943677,0.00025223652,0.00020156466,-1.120111e-05,-4.13061e-06,5.1833696e-05,0.00015856585,4.0934196e-05,3.6577254e-05,8.60484e-05
28,0.0005540132,-0.00018406767,-0.0001632738,4.894005e-05,0.00015184122,-4.6087804e-05,9.331469e-06,0.00022619416,7.739309e-07,6.2009394e-07,-0.00013005103,-6.323612e-05,0.00048054545,0.00033193757,0.00017275564,-0.00019408064,-0.00015964794,-0.00037242833,7.574193e-05,0.00049013295,3.334309e-05,-0.00014128785,0.00012240073,1.7297087e-05,1.6805097e-05,0.0005524942,0.00020120686,-3.9334802e-05,0.001015979,-0.00050452474,-8.17719e-05,9.471965e-05,-0.0003670833,3.5756486e-05,-1.32147825e-05,-4.1713363e-05,7.0878414e-05,0.000120662546,6.7435656e-05,-2.3678662e-05,-0.00012995454,-6.1521976e-05,-3.7495738e-07,-0.00022256178,-0.00010483867,-0.00012361682,-9.619938e-05,-3.0376796e-05,-5.088475e-05,5.9185986e-05
29,-0.00010551067,0.0008351519,0.00012929055,9.353667e-05,0.00060179253,0.00056292093,-0.00022433742,0.0005910442,0.00015916323,-6.1755076e-05,8.875775e-05,-0.0005547641,2.9216622e-05,-0.00041230372,-0.000101174955,0.00043517217,-7.3668314e-05,0.00023868507,0.00015768604,-0.00041595454,0.0006535887,-0.0001577526,0.00012082215,4.8171692e-05,-0.00025662105,-0.00017675527,-0.00018551815,-0.00016245162,-0.00050452474,0.0015336262,0.00028153433,0.00031419887,-9.807226e-05,0.00018038755,-6.1713376e-06,1.3279487e-05,-9.038446e-05,-0.00012710087,0.00019903874,0.00010095055,0.000285116,3.923083e-05,0.00013831639,0.00021469081,-0.00017787766,-2.3615479e-07,3.247556e-05,2.9100855e-05,0.00013100366,3.5111493e-06
30,-1.7006094e-05,0.00025748985,-0.00044073095,0.00036521934,0.00013207021,0.00036613957,8.311108e-05,0.0002654845,0.000120276774,0.00011548036,0.0001324644,5.9882055e-05,0.00023352212,0.0006240761,-1.8601739e-05,-0.00046649537,-0.00017795427,0.0003720515,-0.0004313101,-0.00020533912,0.000121734425,-0.00014729588,-0.00017465354,9.244985e-05,-0.00022135457,-0.00028827827,-0.000104564846,-0.00025758825,-8.17719e-05,0.00028153433,0.0007218193,-3.5582987e-05,-0.00011476157,-3.7632963e-05,0.00013164248,-8.640879e-06,-6.575977e-05,-0.00021848865,0.00016844194,-8.356612e-05,-8.134629e-06,8.7986395e-05,0.00012811057,7.106786e-05,-4.312204e-05,-9.925707e-05,-1.0082024e-05,-3.5332087e-05,0.000115924544,-0.00011465373
31,-0.00024609547,0.0006864901,-5.2265423e-05,0.00021788487,1.1906749e-05,8.917929e-06,-8.187099e-05,0.00023462533,-0.00019510828,-2.5293788e-05,0.000111116984,-0.00061991106,-0.0006252974,-0.00049143005,-0.00023886535,0.0003408006,0.00020689133,0.00015957159,0.00031050915,-1.1387113e-05,0.00023901876,-0.0002154735,9.279282e-05,0.00012292151,-0.00018569399,0.000120472825,-3.900055e-05,0.00013517006,9.471965e-05,0.00031419887,-3.5582987e-05,0.0007989541,-0.00010133654,0.00011005015,0.00033494522,-0.00032585245,0.00016330066,-0.00011717167,3.4271685e-07,0.00012390481,-4.0207204e-05,-8.804981e-05,1.0935402e-05,8.604537e-05,-5.951109e-05,-9.3463765e-05,5.5565124e-05,-4.443774e-06,-7.339132e-05,8.6193075e-05
32,-3.2600743e-05,-0.00020606155,0.00014801162,-0.00028109923,-9.8279736e-05,-0.00021842905,-1.08149015e-05,-0.00035221974,-5.381716e-05,0.0001556697,9.0937305e-05,0.00066465384,0.00023482053,-0.00018216828,-0.00029397296,0.00015840822,-0.00010773639,-9.340071e-05,0.0002490643,-0.00028771965,0.00012468532,0.00032443012,0.00029413527,-0.00015832583,-7.299875e-05,-0.00014638079,-9.412154e-05,0.0004005562,-0.0003670833,-9.807226e-05,-0.00011476157,-0.00010133654,0.00093699753,0.000110745896,-2.919422e-05,1.1879073e-05,4.3364715e-05,3.942159e-06,9.682981e-06,0.000195323,1.2243055e-06,-6.929357e-05,-4.5654673e-05,-6.958094e-05,6.264821e-05,0.00012308535,0.00031572516,0.00020691533,4.6171255e-05,-0.00016756574
33,-0.0006401291,0.00020634173,-0.00023269298,0.000224421,0.0004441153,-1.43551915e-05,0.0002254371,-0.00030981732,2.6369538e-05,-5.4060838e-05,0.00019449569,0.00071871397,-0.00023843211,5.6783334e-05,0.0005311358,5.3962736e-05,0.00023574734,-7.856806e-05,0.00011211835,-0.0003971496,-5.0034963e-05,0.00022279532,0.00017810837,2.6495488e-06,-0.00033125194,2.6007323e-05,0.00012215864,0.00016790157,3.5756486e-05,0.00018038755,-3.7632963e-05,0.00011005015,0.000110745896,0.0008493723,-9.593136e-05,-9.9456614e-05,2.0125342e-05,2.7201444e-05,0.00014057345,0.00020962364,0.00013727129,-4.1529976e-05,0.00013463676,-7.2940393e-06,-2.6695572e-05,5.7063055e-05,2.6260983e-05,-3.392152e-05,-0.00011110441,-8.2950486e-05
34,0.0003099683,-0.00023914431,-0.00023947237,0.00019080877,-6.999777e-05,2.3680797e-05,3.1399097e-05,-0.00027731148,-0.00029814075,0.00019471403,0.00024695406,-0.00014074432,0.00017804618,0.0002937471,-0.00027417368,-0.0005785088,-9.3874274e-05,0.0004342819,-0.00012915785,8.26884e-06,-0.00018723153,-8.7902474e-05,1.3073562e-06,-1.9060171e-05,-9.5127536e-05,-0.00021697188,-0.00053015305,6.364975e-05,-1.32147825e-05,-6.1713376e-06,0.00013164248,0.00033494522,-2.919422e-05,-9.593136e-05,0.0009893763,-0.00027857246,1.2647897e-06,-0.00030349533,-6.282732e-05,0.00010244925,-2.652734e-05,-0.000101748185,-0.00024086169,-6.9904076e-05,6.245362e-05,-0.00017069775,0.0001179472,0.00016978604,-0.00014654722,0.0002095252
35,-0.00012035787,-0.00012844254,0.00048560224,-0.0002660007,5.7147604e-06,-9.071265e-05,-0.00020714234,8.242215e-05,-0.00011258015,6.963372e-05,-0.00025804565,-7.53311e-05,-1.3806943e-05,-0.00022302067,-0.00010428988,0.00026780606,-0.00017953344,-0.00015379224,-0.00023453531,6.26695e-05,8.223024e-05,0.00015208591,6.195436e-05,0.00013895298,0.00016030348,2.1864045e-05,-5.8758844e-05,-3.4476674e-05,-4.1713363e-05,1.3279487e-05,-8.640879e-06,-0.00032585245,1.1879073e-05,-9.9456614e-05,-0.00027857246,0.00081296975,-4.1506253e-05,-3.024327e-05,-0.00014546164,-2.9306299e-05,-7.642497e-05,0.00011156603,1.4804462e-05,5.4321972e-05,1.49275875e-05,-3.321359e-06,-3.7483598e-05,-0.00029956346,0.00010147078,-0.00011518999
36,2.8091848e-05,0.0002739597,0.0002812469,5.642564e-05,0.00018193427,0.0003643715,-0.00035181214,0.00028830284,0.00017085535,-2.8726892e-05,6.144076e-05,-0.00067928375,0.0001585038,-0.0001504838,1.247066e-05,0.00015156549,-0.000117798176,6.3024185e-05,0.00016913546,0.00014947835,0.00015093602,0.00012815732,-0.00011207425,3.2849217e-05,0.00018692855,1.8547446e-05,2.2666369e-05,-4.6335634e-05,7.0878414e-05,-9.038446e-05,-6.575977e-05,0.00016330066,4.3364715e-05,2.0125342e-05,1.2647897e-06,-4.1506253e-05,0.0010443911,5.0554598e-05,-1.32797395e-05,-0.00010678425,1.1291189e-05,-0.00030393858,7.479232e-05,-6.505452e-05,2.0512474e-05,-3.8439583e-05,5.5603556e-05,0.00014886215,-9.981459e-06,-4.1793202e-05
37,0.0001955115,0.00031397486,1.1312073e-05,-0.00026392227,-0.00014662604,0.00017444823,-0.00010437751,8.826788e-05,0.00014998126,-0.00020423497,-1.4306964e-05,-0.0004233789,0.00017166448,-0.00043845782,0.00021389191,5.4073047e-05,0.0002041164,-0.00031105248,-5.312003e-05,-7.424537e-07,-0.0002200059,5.420659e-05,-5.6828692e-05,2.750985e-05,-4.5050056e-05,2.17544e-05,3.1531898e-05,0.00021992881,0.000120662546,-0.00012710087,-0.00021848865,-0.00011717167,3.942159e-06,2.7201444e-05,-0.00030349533,-3.024327e-05,5.0554598e-05,0.0007068183,0.00016428166,-0.00010829336,-0.00013656827,-5.0654286e-05,7.7680976e-05,-5.4735076e-05,6.312887e-05,4.2682528e-05,-4.7717294e-06,-4.5152574e-05,6.553148e-05,4.9987037e-05
38,-0.0001479607,0.0002585334,-0.0005899278,0.00026257767,-2.7413365e-05,0.00016263241,0.00027091106,-0.00024722115,7.857211e-05,-9.734779e-05,2.9744314e-09,0.00048247725,-0.00020590994,0.00016441543,0.00018787834,0.00012928963,3.1340613e-05,-3.0898675e-05,0.00024014065,2.674227e-05,-8.109694e-05,3.874346e-05,-0.00032570813,1.8266453e-05,3.2105518e-06,-0.00020829648,4.5299515e-05,0.00011486806,6.7435656e-05,0.00019903874,0.00016844194,3.4271685e-07,9.682981e-06,0.00014057345,-6.282732e-05,-0.00014546164,-1.32797395e-05,0.00016428166,0.00079465064,-0.00017488291,0.00013125545,-4.382835e-05,0.00011883503,4.016974e-05,-0.00014496077,-5.9744536e-05,0.00012472339,0.00012379621,-4.473643e-05,7.168652e-06
39,7.054671e-05,-0.00014106183,0.00013646239,1.349729e-06,0.00034380896,-9.904773e-05,-3.126858e-05,3.1212083e-05,-8.5043146e-05,0.00012676933,-5.305373e-05,0.00013314762,1.6734526e-05,-0.00018950814,0.00039666516,-0.00015267063,-0.0001311488,-0.00022182395,0.00012542495,2.617066e-05,0.00024430282,4.688806e-05,0.00021358993,0.00017750871,-7.7891104e-07,-2.7168433e-05,0.000114297065,0.00017187136,-2.3678662e-05,0.00010095055,-8.356612e-05,0.00012390481,0.000195323,0.00020962364,0.00010244925,-2.9306299e-05,-0.00010678425,-0.00010829336,-0.00017488291,0.00059495354,-1.6126181e-05,-3.9170012e-05,-5.8086058e-05,-2.3992125e-05,-7.623063e-05,6.259009e-05,1.2517785e-05,5.9931248e-05,-5.6448298e-05,7.5889766e-05
40,-1.7492624e-05,-0.00014747644,-9.776767e-05,0.0001582093,0.00051679654,0.00018090544,5.6007786e-05,-0.00014165092,0.00015861027,-7.815286e-05,-4.0468778e-05,0.00042582152,0.0002879873,0.00011619535,0.00069739274,5.184498e-05,-7.064048e-05,0.0001684805,0.0002532979,-0.00021646041,7.475527e-05,6.1758095e-05,-3.80022e-05,-5.243376e-05,-1.8588777e-05,-4.745668e-05,4.3939195e-05,-0.00016943677,-0.00012995454,0.000285116,-8.134629e-06,-4.0207204e-05,1.2243055e-06,0.00013727129,-2.652734e-05,-7.642497e-05,1.1291189e-05,-0.00013656827,0.00013125545,-1.6126181e-05,0.00044427652,-2.7543998e-05,-5.8250636e-05,7.238246e-05,-3.6390367e-05,-1.0576175e-05,1.7446686e-05,2.3729086e-05,-2.770756e-05,-6.988907e-05
41,-0.00038624983,0.00045512524,-0.00021743987,0.00026824055,0.00023171815,1.0545524e-05,8.790294e-05,-0.00022009878,6.947604e-05,8.077133e-06,-0.00011763874,0.00053249544,-0.0001974678,0.00027348136,0.00029031455,0.00016771568,-0.0002301537,-0.000103703365,0.00023167129,-0.00033467443,0.00019931568,-4.651613e-05,-0.0002421535,8.447809e-05,2.1176318e-05,-0.00028122036,-9.040854e-05,0.00025223652,-6.1521976e-05,3.923083e-05,8.7986395e-05,-8.804981e-05,-6.929357e-05,-4.1529976e-05,-0.000101748185,0.00011156603,-0.00030393858,-5.0654286e-05,-4.382835e-05,-3.9170012e-05,-2.7543998e-05,0.00070952566,3.8823026e-05,-0.00010805659,6.054887e-05,-5.1053245e-05,-0.00019374618,-6.8087655e-05,4.4758766e-05,1.8956998e-05
42,-0.0003763992,0.000407675,0.00014157964,0.00014683712,3.0378102e-05,0.000107044594,-2.0072632e-05,0.00020471105,1.4738114e-05,0.00011740203,-6.60569e-06,-0.00052333396,-0.00010557835,-0.0003432415,-0.00022072523,0.0005424671,-1.6158567e-05,-0.00014088019,-0.00021401567,0.00016984834,0.000353432,-2.8350387e-05,0.00015345344,3.8569982e-05,8.635143e-05,-0.000121621706,7.423868e-05,0.00020156466,-3.7495738e-07,0.00013831639,0.00012811057,1.0935402e-05,-4.5654673e-05,0.00013463676,-0.00024086169,1.4804462e-05,7.479232e-05,7.7680976e-05,0.00011883503,-5.8086058e-05,-5.8250636e-05,3.8823026e-05,0.00069075165,8.815502e-06,4.160111e-05,5.6950826e-06,6.7449228e-06,-6.494372e-05,8.2586324e-05,5.209697e-05
43,-4.2103777e-05,1.701421e-05,0.00024327883,-0.00014447738,0.00019531207,0.00011316147,1.6990998e-05,8.446006e-05,-6.1031315e-05,-3.8743892e-05,-3.6864993e-05,-6.0465336e-05,0.0003322134,-0.0002858088,-0.00022062774,0.00021611364,-0.00019071063,-2.2712466e-05,-8.1506805e-05,-2.7725962e-05,-6.22773e-05,7.831094e-05,2.972036e-05,4.995353e-05,-0.00018909482,3.3306722e-05,2.18343e-05,-1.120111e-05,-0.00022256178,0.00021469081,7.106786e-05,8.604537e-05,-6.958094e-05,-7.2940393e-06,-6.9904076e-05,5.4321972e-05,-6.505452e-05,-5.4735076e-05,4.016974e-05,-2.3992125e-05,7.238246e-05,-0.00010805659,8.815502e-06,0.0006194015,-6.7704696e-06,-2.7358634e-05,-0.00013510989,-0.00013827554,9.335656e-05,-0.00010637576
44,5.435442e-06,-6.602558e-05,0.0003202762,-0.00014042977,1.2249824e-05,2.9347737e-05,-4.3014425e-05,-0.00011677544,1.0931629e-05,-6.515237e-05,-1.607186e-05,-0.00022591179,0.0001966623,-0.0003261089,-0.00014703503,0.00023565307,-0.0001447351,1.4743583e-06,-4.1836583e-06,-0.00015239001,3.6885725e-05,0.00011313664,0.00011207764,-0.00012216295,3.582926e-05,-0.00014624523,0.00011424941,-4.13061e-06,-0.00010483867,-0.00017787766,-4.312204e-05,-5.951109e-05,6.264821e-05,-2.6695572e-05,6.245362e-05,1.49275875e-05,2.0512474e-05,6.312887e-05,-0.00014496077,-7.623063e-05,-3.6390367e-05,6.054887e-05,4.160111e-05,-6.7704696e-06,0.0005208746,-4.39906e-05,-2.06272e-05,2.246483e-05,-8.111959e-05,-5.683214e-05
45,6.31448e-05,-0.00020753841,0.00020353825,-0.0003076925,6.57626e-05,-8.386023e-05,-7.257715e-05,3.683837e-05,3.1828833e-05,3.9243452e-05,2.5048594e-05,0.00044262808,0.00012547881,-6.30865e-05,-1.6491145e-05,0.00020346191,5.7364803e-05,-5.0026856e-06,0.00016643279,-0.00014359134,0.00016753573,-0.00011325176,-0.000120619065,-7.3751886e-05,1.36240305e-05,0.00014047086,0.00012481026,5.1833696e-05,-0.00012361682,-2.3615479e-07,-9.925707e-05,-9.3463765e-05,0.00012308535,5.7063055e-05,-0.00017069775,-3.321359e-06,-3.8439583e-05,4.2682528e-05,-5.9744536e-05,6.259009e-05,-1.0576175e-05,-5.1053245e-05,5.6950826e-06,-2.7358634e-05,-4.39906e-05,0.00037737246,1.5346362e-05,3.725292e-05,-3.116498e-05,-9.658352e-05
46,0.00033847417,5.1720046e-05,-0.00010987319,-0.00015645084,-0.00041323405,-1.4067194e-05,-0.00012331718,-7.130756e-05,-5.717483e-05,2.9464172e-05,0.00016837002,-0.0001349579,0.0001735382,-2.7528617e-05,-7.264925e-05,-3.574401e-06,6.449506e-05,-1.8377774e-05,-7.481201e-05,5.1185703e-05,-4.5879606e-05,3.058936e-05,0.00015779908,7.5893445e-06,-6.5393588e-06,7.98212e-06,-0.0001401132,0.00015856585,-9.619938e-05,3.247556e-05,-1.0082024e-05,5.5565124e-05,0.00031572516,2.6260983e-05,0.0001179472,-3.7483598e-05,5.5603556e-05,-4.7717294e-06,0.00012472339,1.2517785e-05,1.7446686e-05,-0.00019374618,6.7449228e-06,-0.00013510989,-2.06272e-05,1.5346362e-05,0.0004931395,0.00010454134,-3.3704064e-06,-4.1692765e-05
47,0.00021324976,-0.00039752777,0.00041609548,-0.00013524354,0.00028374436,0.00011233523,8.338615e-05,-0.00020125392,-2.2046064e-05,-6.521998e-05,-0.00011869476,8.647661e-05,0.00043360813,-0.000110608235,-0.0003645072,3.326132e-05,-0.0004509676,-3.201556e-05,0.00019478818,0.00029844407,0.00029995473,-1.8511982e-05,-0.00010405229,-0.00018635427,0.00014826725,-0.00012719275,4.61883e-05,4.0934196e-05,-3.0376796e-05,2.9100855e-05,-3.5332087e-05,-4.443774e-06,0.00020691533,-3.392152e-05,0.00016978604,-0.00029956346,0.00014886215,-4.5152574e-05,0.00012379621,5.9931248e-05,2.3729086e-05,-6.8087655e-05,-6.494372e-05,-0.00013827554,2.246483e-05,3.725292e-05,0.00010454134,0.000671409,-0.000102347505,-1.2632192e-05
48,-0.00015754238,0.00035914622,-0.000104691026,0.0001117151,-0.00018833161,4.027639e-05,-0.000143485,0.00012231007,3.4769855e-05,4.5784225e-05,-2.5886131e-05,-0.00045004353,-0.00015983198,-9.040625e-05,-0.00020389247,9.044516e-05,0.00022418788,-4.624094e-06,-0.0001527812,0.00013423353,0.000108615604,-1.4208992e-05,9.882625e-05,0.00021961768,8.548957e-05,-0.00012662687,-0.00019752608,3.6577254e-05,-5.088475e-05,0.00013100366,0.000115924544,-7.339132e-05,4.6171255e-05,-0.00011110441,-0.00014654722,0.00010147078,-9.981459e-06,6.553148e-05,-4.473643e-05,-5.6448298e-05,-2.770756e-05,4.4758766e-05,8.2586324e-05,9.335656e-05,-8.111959e-05,-3.116498e-05,-3.3704064e-06,-0.000102347505,0.000354177,1.4666202e-05
49,6.598196e-06,0.00039277005,-0.00014104339,0.00028781337,-1.2085004e-05,0.00015591623,-0.00020969333,7.4032773e-06,1.1429387e-05,7.873484e-07,6.453434e-05,-0.00074376824,-9.557356e-05,-7.112943e-05,0.00019118685,0.00010452859,0.00017730944,-0.00015460337,0.00021808935,4.90765e-05,-0.0001323366,5.2861124e-05,-5.7701516e-05,0.00021994574,0.00012533838,-0.00017928163,4.0829567e-05,8.60484e-05,5.9185986e-05,3.5111493e-06,-0.00011465373,8.6193075e-05,-0.00016756574,-8.2950486e-05,0.0002095252,-0.00011518999,-4.1793202e-05,4.9987037e-05,7.168652e-06,7.5889766e-05,-6.988907e-05,1.8956998e-05,5.209697e-05,-0.00010637576,-5.683214e-05,-9.658352e-05,-4.1692765e-05,-1.2632192e-05,1.4666202e-05,0.0006688489
