,0,1,2,3,4,5,6,7,8,9,10,11,12,13,14,15,16,17,18,19,20,21,22,23,24,25,26,27,28,29,30,31,32,33,34,35,36,37,38,39,40,41,42,43,44,45,46,47,48,49
0,252.06842,-111.61018,63.35477,-0.45889688,0.016172227,-0.017158464,-0.0063941614,0.0041132723,0.00051857706,-0.003823463,0.0027987729,0.00019314844,-0.00036063482,-0.0001141448,-0.0015435192,-8.9910915e-05,0.00017409713,-6.717605e-05,0.00013915607,-3.296615e-05,-0.0003058842,0.0005644447,-0.0004312466,-0.00024267225,0.0003140215,0.00024091863,-0.00057500124,0.00013587819,0.00041196914,-0.00036376124,-0.0003814759,2.9711635e-05,0.00022806195,-0.0001908908,-7.916511e-05,7.2507806e-05,-6.773753e-05,-0.00011958252,-0.00011584541,-9.32184e-05,2.4641988e-05,8.025254e-06,-2.4264193e-06,-8.260281e-05,-1.9558353e-05,0.00016138286,3.64661e-05,1.14141e-05,5.209852e-05,8.768706e-05
1,-111.61018,49.42661,-28.051254,0.20357451,-0.019232024,-0.0047184667,0.0007450973,0.0003723707,-0.0006468735,0.00020226238,0.00065890525,0.00020395013,-0.00011010641,-0.0010222876,-0.0006551774,-0.00035602992,0.00038110453,0.00019582445,-0.00051024475,-0.00015504484,-0.00035233796,-9.5166164e-05,-0.00021766659,-0.00020699852,1.6102953e-05,9.478077e-05,-9.921576e-05,-0.00037878848,0.0002976,-0.0002976,4.8868233e-06,2.6523603e-06,-0.0001153154,-2.4904995e-05,-3.841242e-05,5.9520193e-05,-6.9306593e-06,-5.198554e-05,5.3058066e-05,0.00012268781,-7.6975164e-05,1.5626827e-05,-4.4944376e-05,5.4902775e-05,2.3624678e-05,-1.5622905e-05,3.7512345e-05,1.9919387e-06,-2.6551115e-07,-5.7369863e-05
2,63.35477,-28.051254,15.924491,-0.115374446,0.002841618,-0.0054602097,-0.0015387965,0.002092728,0.00021881647,-0.0013292499,0.00043342944,-0.00064286636,6.681611e-05,-0.00051904866,-4.7666013e-05,-6.805104e-05,3.0072644e-05,0.00015850915,-0.00033834451,-0.00014622176,-0.0002730685,-0.00016545929,-0.00033393299,1.4670241e-05,0.00034552556,0.00015742469,-0.00034014654,-9.311155e-05,7.1604045e-05,-0.00021580113,5.480365e-06,8.7962755e-05,-7.943691e-05,-5.512802e-06,3.5760568e-05,1.91572e-05,-0.0001398426,9.307086e-05,-5.8336727e-06,7.589755e-05,-4.114788e-05,-5.3664524e-05,1.563379e-05,-5.0231956e-05,4.6131336e-05,-4.9082948e-05,-6.8394664e-05,-8.714972e-05,1.578582e-05,5.376039e-05
3,-0.45889688,0.20357451,-0.115374446,0.0042061787,-0.00010213723,0.0003313433,-0.004845974,3.0068906e-05,0.0018651027,-7.435558e-05,0.00093822007,0.00042507795,0.000710357,-0.00088649767,0.00039703422,-0.0004752995,-0.00020161891,0.00052742916,-0.0005765956,0.000641464,0.00016436755,0.000120140845,-0.0007498081,-0.00036585008,0.00027010898,-3.1460077e-05,0.00024039,0.00010000774,-5.952872e-05,0.00051395665,-0.00018340276,0.00022376046,0.00010262341,6.7782865e-05,5.7781377e-05,2.1602916e-06,-5.4909302e-05,-3.7222824e-05,8.602821e-05,-1.5909449e-05,0.000104982566,8.2925006e-05,0.00012767168,-0.00015581853,-4.605406e-05,0.0001019853,5.9441387e-05,4.018151e-06,-5.2918895e-05,-4.715749e-05
4,0.016172227,-0.019232024,0.002841618,-0.00010213723,0.026618933,0.01873137,0.0052299066,-0.004557118,0.0005523558,0.0058818227,-0.0035674402,3.8297745e-05,-0.000117950825,-0.0003727793,0.0011414479,-0.00083569274,-9.4573836e-05,4.7049944e-05,-0.0012323896,0.00026767637,0.0003457757,-0.00014304474,0.00021552073,-0.00070502184,-0.00057030574,-0.00021280398,0.00084806816,-0.00030780694,-0.00076984015,0.00054778997,0.00019713666,0.000105139836,0.0005496512,0.00016460006,0.0001708531,-0.0002189915,2.1820571e-05,4.1065163e-05,0.00030493224,0.00021034767,-0.0001336172,9.7714015e-05,3.894132e-05,-0.000115055795,-0.00013996797,-0.00029358725,4.0673964e-05,0.00018372957,-4.139809e-05,-9.1213136e-05
5,-0.017158464,-0.0047184667,-0.0054602097,0.0003313433,0.01873137,0.027312925,0.0033694818,-6.7938876e-05,0.00092056615,-0.0002068893,-0.00087918947,-0.0011013732,-0.0006308866,0.00064297474,0.0007309673,0.00013771252,-0.0013565717,0.0003860172,8.175572e-05,0.00025350298,0.00020216568,0.0006008237,-0.0007735862,0.000373482,0.00018891583,-0.00041377166,5.809003e-05,0.0004824858,-0.00026166317,0.0002410746,-0.00015504475,-0.0002302117,0.0004082443,0.00038223143,-0.00021284955,-0.0002058838,4.0749924e-06,7.790151e-05,6.268552e-05,-3.7239286e-05,0.0001784761,-0.00018658795,2.1960004e-05,3.939686e-05,-0.00017218552,0.00012701596,0.0001726295,3.7407463e-05,-2.1656648e-05,-2.7269794e-05
6,-0.0063941614,0.0007450973,-0.0015387965,-0.004845974,0.0052299066,0.0033694818,0.018110055,0.0016517955,-0.0034355517,-0.0007696906,-0.00060258264,0.00014660435,8.673669e-05,0.00089432567,-0.0014093763,0.0006094108,0.0008151795,-0.00062517135,-0.00064515613,0.00028822172,0.00019216971,-0.00014797009,-0.00014526161,0.00032974064,-0.00089052133,0.0003291829,-0.00030036128,-0.00033296045,-1.373671e-05,-0.00018321263,5.6408317e-05,0.0004849878,-0.00014868486,-0.00032529584,0.00013737101,0.00034264743,-2.2187869e-05,2.2080214e-05,-6.572278e-05,0.00018812154,-4.1591837e-05,0.00020018237,-0.00020021765,0.00039561553,0.0001296637,-0.00025949004,-4.94697e-05,-5.6583747e-05,8.73416e-06,4.5890716e-05
7,0.0041132723,0.0003723707,0.002092728,3.0068906e-05,-0.004557118,-6.7938876e-05,0.0016517955,0.017634347,0.00031822379,-0.00013790486,0.00097387074,-0.0011798061,0.00070571376,-0.0023517194,0.0009119561,0.0005200021,-0.00027411443,-0.00047908654,-7.458991e-05,-0.00023856416,0.00021901281,9.681291e-06,-0.00034021662,2.7933807e-05,-8.8966044e-05,6.119023e-05,0.00020794666,3.216693e-05,0.00015308095,1.7430595e-05,0.00018143433,-0.00031553244,-0.00026090402,6.3915446e-05,-0.00027662792,-0.00013660785,0.0002520788,1.946211e-05,-5.8621747e-05,-5.6029246e-05,9.89219e-05,-5.952635e-07,-1.2312843e-05,0.00023443418,-0.000107293374,-8.1441554e-05,6.939068e-05,0.000118147684,-0.000102876205,0.00011939037
8,0.00051857706,-0.0006468735,0.00021881647,0.0018651027,0.0005523558,0.00092056615,-0.0034355517,0.00031822379,0.008318874,-0.00036763592,-0.0007509839,-0.00046981184,0.0006733177,1.2889209e-05,-5.0237537e-05,-0.0002164752,0.00041030912,-0.00049988896,-0.00029238802,-0.00018713898,0.00016184465,0.00059189694,-0.00024158003,7.075769e-05,-0.00040779676,-0.00017359693,-0.00010517806,2.1169502e-05,-4.0240688e-05,0.00014056687,6.356776e-05,0.0003443335,6.6607725e-05,-0.00012348387,0.0001100177,-1.6009672e-05,-0.00012990486,3.646427e-05,2.1692778e-05,0.0001444635,-0.00011514948,0.00012148598,3.2216056e-05,8.262625e-05,-3.4781784e-05,-7.220338e-05,5.522468e-05,4.6370624e-05,-3.1064705e-05,0.0001367084
9,-0.003823463,0.00020226238,-0.0013292499,-7.435558e-05,0.0058818227,-0.0002068893,-0.0007696906,-0.00013790486,-0.00036763592,0.0073083234,0.00033446768,-0.00025052263,0.00085059885,0.00014490147,0.00074819446,0.0004739771,0.00085682824,-0.00021535155,-0.00033433305,0.00038335205,-0.00035780921,-7.62472e-08,0.00050474325,-0.000142192,4.8702794e-05,5.233051e-06,0.0001958171,-0.000108746055,-3.302274e-05,-0.0002448934,6.232239e-05,0.00017850968,0.00013984642,0.00012324925,-5.714211e-05,-0.00017287328,8.012459e-05,6.53717e-05,0.000115332135,3.851019e-05,1.5137541e-05,6.181946e-05,-6.793329e-05,-7.2187686e-05,-4.5803426e-05,-7.677301e-05,0.00013222235,-2.2411203e-05,4.595612e-05,5.57912e-05
10,0.0027987729,0.00065890525,0.00043342944,0.00093822007,-0.0035674402,-0.00087918947,-0.00060258264,0.00097387074,-0.0007509839,0.00033446768,0.0067683724,-0.00085099123,-0.00046809905,0.0012394595,-0.00047295494,0.00028005577,-0.00070179655,-0.00015077468,-0.00042548036,0.00014948804,1.974632e-05,0.00026828703,-0.0003272176,2.8376257e-06,8.065108e-05,-0.00023845227,-0.00017492741,0.0001357056,-0.00018011083,0.0001235047,-0.00021784124,0.0001288999,0.00030398995,0.00016827414,5.5283563e-05,8.562222e-05,-0.00014776053,-5.8788442e-05,-1.7983532e-05,1.0188447e-05,5.78502e-05,6.444295e-05,8.545017e-05,-5.9172096e-05,-2.1001455e-05,1.2277935e-05,4.3512344e-05,6.627099e-05,-2.6391073e-05,7.404814e-05
11,0.00019314844,0.00020395013,-0.00064286636,0.00042507795,3.8297745e-05,-0.0011013732,0.00014660435,-0.0011798061,-0.00046981184,-0.00025052263,-0.00085099123,0.0053851423,-1.08000295e-05,-0.0006454552,0.00015336912,0.0006816529,-0.00039422058,-0.0005217798,-0.00020756565,0.00013098368,0.0001843093,0.00040426786,-0.00020886761,6.57138e-05,-4.760293e-05,-1.1299847e-05,8.701225e-06,0.0002079744,-5.635149e-05,1.7866034e-05,0.00012639482,-4.9829187e-06,-6.74191e-05,0.00010057974,-4.2757485e-05,4.628076e-05,-5.016387e-05,-0.00014402933,0.00011277266,-0.0001649647,0.00027987896,0.00014968027,-2.3477405e-05,1.2163566e-06,-0.00014804101,4.6558584e-05,0.0001525498,0.000104657396,-9.972678e-06,6.698716e-05
12,-0.00036063482,-0.00011010641,6.681611e-05,0.000710357,-0.000117950825,-0.0006308866,8.673669e-05,0.00070571376,0.0006733177,0.00085059885,-0.00046809905,-1.08000295e-05,0.004779343,0.00071468455,-2.1999778e-05,0.00027436175,-0.00056884764,0.00044588867,-3.3353084e-05,8.999008e-05,-0.00011451434,-0.00011219741,-0.00010900745,0.00014366308,-6.9698595e-05,7.1223265e-05,-0.00017048666,-3.934272e-05,0.00016747006,0.00014503031,0.00013724108,-1.447791e-05,-0.00015032881,-0.00013864589,-3.6233469e-06,9.8577584e-05,-0.00010026389,-0.00019762422,-8.554314e-05,6.9224297e-06,0.00010478751,-1.9532072e-05,0.00010428594,4.9400856e-05,6.4392725e-07,-9.3460396e-05,0.00013579678,-6.987076e-05,-8.7068634e-05,-0.00013852125
13,-0.0001141448,-0.0010222876,-0.00051904866,-0.00088649767,-0.0003727793,0.00064297474,0.00089432567,-0.0023517194,1.2889209e-05,0.00014490147,0.0012394595,-0.0006454552,0.00071468455,0.0034301474,-0.00015411017,8.253482e-05,-2.3133458e-05,-0.00012875462,0.0002897055,-0.0003330632,0.0001546357,-0.00015628611,3.496014e-05,7.770885e-05,-6.014001e-05,-0.0001425059,0.00010943333,2.6915483e-05,3.0543408e-05,-7.736728e-05,0.00030211802,-0.00023116812,-0.0001880347,-0.00011897962,-7.83e-05,9.5393465e-05,2.008906e-05,-2.5511781e-05,-5.6871526e-05,-0.00011892096,0.000104147664,9.301098e-05,-0.0001655113,-1.3172191e-05,6.9958023e-06,1.19514025e-05,3.1684722e-06,2.5363712e-05,1.9472658e-05,7.980266e-05
14,-0.0015435192,-0.0006551774,-4.7666013e-05,0.00039703422,0.0011414479,0.0007309673,-0.0014093763,0.0009119561,-5.0237537e-05,0.00074819446,-0.00047295494,0.00015336912,-2.1999778e-05,-0.00015411017,0.0031450759,0.00026725058,-0.00035182782,-1.613807e-05,0.00031007364,0.00014411475,0.00019957795,-0.0002532658,-0.00011871413,-1.8180252e-05,2.7163485e-06,3.505136e-05,-0.00016564404,0.00011781137,-0.00030871877,-0.00012117079,-6.43132e-05,-3.1603486e-06,5.977352e-05,-0.00011126456,0.00011500453,0.00031662075,3.0245757e-05,1.4311077e-05,-0.00012776768,-4.827819e-05,-3.8754588e-05,3.521544e-05,-7.314799e-05,-0.00016025867,6.165003e-05,-2.5903253e-05,-0.00014603375,2.7121281e-05,2.57633e-05,6.91453e-05
15,-8.9910915e-05,-0.00035602992,-6.805104e-05,-0.0004752995,-0.00083569274,0.00013771252,0.0006094108,0.0005200021,-0.0002164752,0.0004739771,0.00028005577,0.0006816529,0.00027436175,8.253482e-05,0.00026725058,0.0033125654,6.4819134e-05,0.0003377823,0.00029368897,-0.00035825814,0.00026250206,0.0002883854,0.00016130925,-0.00019271832,0.00015196047,-3.256258e-05,4.894857e-05,-3.802232e-05,4.1174667e-07,2.3702007e-05,-0.0002218131,-1.9960364e-05,-0.00012720592,0.00012043488,5.166419e-05,0.000106538806,2.0568856e-05,0.00013584047,4.663111e-05,-0.0001109305,-0.00010132187,-1.3334701e-05,9.167668e-06,6.719075e-05,-1.2504219e-05,-1.178753e-05,-6.306855e-05,-0.00010043867,2.8275263e-05,-4.285539e-05
16,0.00017409713,0.00038110453,3.0072644e-05,-0.00020161891,-9.4573836e-05,-0.0013565717,0.0008151795,-0.00027411443,0.00041030912,0.00085682824,-0.00070179655,-0.00039422058,-0.00056884764,-2.3133458e-05,-0.00035182782,6.4819134e-05,0.0029112664,0.00014545408,0.00031828726,2.8504639e-05,0.00019390453,-0.00020835458,-0.00043555134,6.0429316e-05,0.00019858615,-0.00010492935,-6.0613176e-05,-0.00014700754,-8.132815e-05,9.402212e-05,-3.9839855e-05,3.369474e-05,0.00015396703,-5.190294e-05,-5.4367025e-05,2.6827427e-05,-1.29847e-06,-3.2901175e-05,-5.9687936e-05,-6.372431e-05,0.000109140674,1.9320643e-05,-2.392635e-05,7.135548e-05,1.2303265e-05,-2.3919993e-05,5.9043276e-05,3.4960805e-05,-0.000112363865,5.574503e-06
17,-6.717605e-05,0.00019582445,0.00015850915,0.00052742916,4.7049944e-05,0.0003860172,-0.00062517135,-0.00047908654,-0.00049988896,-0.00021535155,-0.00015077468,-0.0005217798,0.00044588867,-0.00012875462,-1.613807e-05,0.0003377823,0.00014545408,0.002353661,-0.00016813274,0.00011971643,-8.134935e-05,0.0001425451,-0.00017764239,-0.00013617524,3.2442244e-05,3.5772682e-05,-0.00019510245,5.8875106e-05,2.7340775e-06,-6.9052316e-05,-5.987974e-05,4.13122e-06,-3.5255674e-05,-1.7282026e-05,3.0714255e-05,-6.9910064e-05,-1.4497669e-05,4.0168405e-05,8.01077e-05,-4.260819e-05,-3.6637153e-05,1.6621065e-05,4.865857e-06,5.9112255e-05,-4.6616726e-05,5.3472126e-05,-0.000115434304,0.00010922184,-7.949633e-05,5.1094838e-05
18,0.00013915607,-0.00051024475,-0.00033834451,-0.0005765956,-0.0012323896,8.175572e-05,-0.00064515613,-7.458991e-05,-0.00029238802,-0.00033433305,-0.00042548036,-0.00020756565,-3.3353084e-05,0.0002897055,0.00031007364,0.00029368897,0.00031828726,-0.00016813274,0.002395392,1.2718452e-05,-0.00010585977,6.5183354e-05,-3.067974e-05,9.0609916e-05,-0.00016027605,-6.431242e-05,-6.0518407e-05,9.9610275e-05,-3.5444377e-06,3.059037e-05,-3.3414817e-05,-8.2912695e-05,1.5305222e-06,6.917985e-05,-7.605924e-05,-5.270508e-05,-8.014124e-05,2.002591e-05,-6.169078e-06,4.814593e-05,-1.4423344e-05,-2.7298309e-05,-2.1472679e-05,7.468174e-05,5.233852e-06,1.9862175e-06,-2.2616507e-05,8.658846e-06,3.570896e-05,-4.0203e-05
19,-3.296615e-05,-0.00015504484,-0.00014622176,0.000641464,0.00026767637,0.00025350298,0.00028822172,-0.00023856416,-0.00018713898,0.00038335205,0.00014948804,0.00013098368,8.999008e-05,-0.0003330632,0.00014411475,-0.00035825814,2.8504639e-05,0.00011971643,1.2718452e-05,0.00190284,-3.3189484e-05,-6.95215e-05,4.7814334e-05,2.3789224e-05,-7.615344e-05,-0.00012658202,-3.4517143e-06,5.6211567e-05,0.000214925,8.4540836e-05,1.4003475e-05,5.9382037e-05,-8.8535504e-05,-2.3690869e-05,6.136739e-05,0.00011162041,-2.9306304e-06,0.00015261065,-9.625398e-05,2.9936984e-05,4.756802e-05,3.866743e-05,3.58589e-05,2.968944e-05,-1.9367519e-05,0.00020371852,-4.9098846e-05,-7.68677e-06,-7.768721e-05,-2.8647544e-05
20,-0.0003058842,-0.00035233796,-0.0002730685,0.00016436755,0.0003457757,0.00020216568,0.00019216971,0.00021901281,0.00016184465,-0.00035780921,1.974632e-05,0.0001843093,-0.00011451434,0.0001546357,0.00019957795,0.00026250206,0.00019390453,-8.134935e-05,-0.00010585977,-3.3189484e-05,0.0019423137,-5.2464227e-05,0.0001798872,-0.00019974253,-6.918183e-05,-1.1236596e-06,-6.568123e-05,2.5848027e-05,1.745199e-05,-7.583758e-05,0.00012525075,5.406066e-05,0.00016023897,-8.286646e-06,-1.0660258e-05,-0.00010752278,-1.5914558e-05,4.1359192e-07,-3.160548e-05,-1.7532053e-05,6.720569e-05,3.0693e-05,2.8962782e-05,-7.2253504e-05,-7.1649465e-06,1.7604694e-05,-6.328884e-05,-2.5984813e-05,-3.3758723e-05,-5.845039e-06
21,0.0005644447,-9.5166164e-05,-0.00016545929,0.000120140845,-0.00014304474,0.0006008237,-0.00014797009,9.681291e-06,0.00059189694,-7.62472e-08,0.00026828703,0.00040426786,-0.00011219741,-0.00015628611,-0.0002532658,0.0002883854,-0.00020835458,0.0001425451,6.5183354e-05,-6.95215e-05,-5.2464227e-05,0.0014028344,3.4724064e-05,0.00013325534,4.155576e-05,-3.4573954e-05,1.3240212e-05,-0.0002443658,0.000160227,-4.960738e-05,1.1911987e-05,2.6775391e-05,8.8926914e-05,-4.7586982e-05,-2.605325e-06,5.7795893e-05,3.7903672e-05,3.4991812e-05,-5.109283e-05,3.704985e-05,7.1910385e-05,-2.5985442e-05,-5.977926e-05,1.7603629e-06,0.00011605366,1.8788183e-05,-2.8997078e-05,2.6629425e-05,-2.1199225e-05,-3.6301994e-05
22,-0.0004312466,-0.00021766659,-0.00033393299,-0.0007498081,0.00021552073,-0.0007735862,-0.00014526161,-0.00034021662,-0.00024158003,0.00050474325,-0.0003272176,-0.00020886761,-0.00010900745,3.496014e-05,-0.00011871413,0.00016130925,-0.00043555134,-0.00017764239,-3.067974e-05,4.7814334e-05,0.0001798872,3.4724064e-05,0.0014386551,0.00016648987,-0.00016027031,-2.0924437e-05,-8.5562846e-05,7.224375e-05,-4.639428e-05,0.00012133426,-2.6803526e-05,-3.776104e-05,2.507473e-05,-5.035314e-05,-5.582256e-05,-7.135844e-05,1.4079851e-05,-1.9015218e-06,-2.1038835e-05,1.7879724e-05,-7.909322e-06,-3.402443e-05,3.468308e-05,9.184054e-05,1.3681642e-05,-1.4118432e-05,-5.8264734e-05,7.401646e-05,-2.7759223e-05,-1.945478e-05
23,-0.00024267225,-0.00020699852,1.4670241e-05,-0.00036585008,-0.00070502184,0.000373482,0.00032974064,2.7933807e-05,7.075769e-05,-0.000142192,2.8376257e-06,6.57138e-05,0.00014366308,7.770885e-05,-1.8180252e-05,-0.00019271832,6.0429316e-05,-0.00013617524,9.0609916e-05,2.3789224e-05,-0.00019974253,0.00013325534,0.00016648987,0.0013301431,0.00016326591,1.6376995e-05,-3.2688047e-05,4.9084556e-05,2.8900646e-05,-8.4104184e-05,-3.9166853e-06,5.844493e-05,6.8889174e-05,-3.985157e-05,-3.4797806e-05,-3.6490565e-05,-1.3907155e-05,2.6535901e-05,1.27145795e-05,-0.00016025675,1.9976042e-06,7.2280527e-06,5.4769043e-05,-1.5660858e-05,-2.738259e-05,-6.725044e-05,-3.8286158e-05,-3.175374e-05,-6.495019e-05,5.5030796e-05
24,0.0003140215,1.6102953e-05,0.00034552556,0.00027010898,-0.00057030574,0.00018891583,-0.00089052133,-8.8966044e-05,-0.00040779676,4.8702794e-05,8.065108e-05,-4.760293e-05,-6.9698595e-05,-6.014001e-05,2.7163485e-06,0.00015196047,0.00019858615,3.2442244e-05,-0.00016027605,-7.615344e-05,-6.918183e-05,4.155576e-05,-0.00016027031,0.00016326591,0.0012053419,8.9792484e-05,5.846184e-05,7.1047456e-05,-5.5432658e-05,5.2548334e-05,0.000113448186,3.2974094e-05,-1.6156961e-06,-3.4687626e-05,-5.5153287e-05,-3.2074302e-05,7.2855066e-05,4.0517698e-05,-3.511313e-05,2.9110583e-05,8.6853135e-05,3.366793e-05,-3.1542604e-05,6.347076e-05,-1.3764812e-05,-2.4118484e-05,-3.922859e-05,-6.409783e-06,4.400484e-05,-5.8513593e-05
25,0.00024091863,9.478077e-05,0.00015742469,-3.1460077e-05,-0.00021280398,-0.00041377166,0.0003291829,6.119023e-05,-0.00017359693,5.233051e-06,-0.00023845227,-1.1299847e-05,7.1223265e-05,-0.0001425059,3.505136e-05,-3.256258e-05,-0.00010492935,3.5772682e-05,-6.431242e-05,-0.00012658202,-1.1236596e-06,-3.4573954e-05,-2.0924437e-05,1.6376995e-05,8.9792484e-05,0.0011582682,-3.022384e-05,5.659435e-05,-4.2379975e-06,1.1987564e-05,2.6068497e-05,3.3724133e-05,0.00016626625,-2.0456493e-05,2.8138245e-05,2.6621952e-05,-0.00011942552,6.258664e-05,1.6408969e-05,1.5368329e-05,-9.405848e-06,-2.2990598e-06,-5.1296836e-05,-2.3975426e-05,8.265879e-06,4.1965475e-05,3.0543488e-05,1.3033243e-06,-5.5450022e-05,2.453519e-05
26,-0.00057500124,-9.921576e-05,-0.00034014654,0.00024039,0.00084806816,5.809003e-05,-0.00030036128,0.00020794666,-0.00010517806,0.0001958171,-0.00017492741,8.701225e-06,-0.00017048666,0.00010943333,-0.00016564404,4.894857e-05,-6.0613176e-05,-0.00019510245,-6.0518407e-05,-3.4517143e-06,-6.568123e-05,1.3240212e-05,-8.5562846e-05,-3.2688047e-05,5.846184e-05,-3.022384e-05,0.0011439378,5.9559687e-05,3.397012e-05,-1.9829604e-05,-2.144977e-05,-3.0592768e-05,-3.3987526e-05,-2.3119559e-05,3.866331e-05,1.16740775e-05,-7.0725655e-05,-2.4880392e-05,3.5040784e-06,-2.8336523e-05,-4.769997e-05,-2.1782222e-05,2.5020106e-05,1.8853741e-05,2.5027359e-05,-3.5389407e-06,-7.2610244e-05,4.8446163e-06,-5.2734016e-05,-2.0844964e-05
27,0.00013587819,-0.00037878848,-9.311155e-05,0.00010000774,-0.00030780694,0.0004824858,-0.00033296045,3.216693e-05,2.1169502e-05,-0.000108746055,0.0001357056,0.0002079744,-3.934272e-05,2.6915483e-05,0.00011781137,-3.802232e-05,-0.00014700754,5.8875106e-05,9.9610275e-05,5.6211567e-05,2.5848027e-05,-0.0002443658,7.224375e-05,4.9084556e-05,7.1047456e-05,5.659435e-05,5.9559687e-05,0.0009313643,0.00012261588,-5.767155e-07,-6.263962e-05,7.428728e-05,-4.3768464e-06,-7.93894e-06,5.79014e-07,1.3085493e-05,4.9300557e-05,-9.783569e-06,-2.233088e-05,4.8690687e-05,3.030582e-05,1.4554296e-05,-2.4112354e-05,3.390526e-05,5.5139462e-05,-3.510571e-05,5.4823926e-05,7.839207e-06,4.9148794e-06,1.6722683e-05
28,0.00041196914,0.0002976,7.1604045e-05,-5.952872e-05,-0.00076984015,-0.00026166317,-1.373671e-05,0.00015308095,-4.0240688e-05,-3.302274e-05,-0.00018011083,-5.635149e-05,0.00016747006,3.0543408e-05,-0.00030871877,4.1174667e-07,-8.132815e-05,2.7340775e-06,-3.5444377e-06,0.000214925,1.745199e-05,0.000160227,-4.639428e-05,2.8900646e-05,-5.5432658e-05,-4.2379975e-06,3.397012e-05,0.00012261588,0.0007464272,-6.8498994e-05,4.4060387e-05,-4.7144706e-05,4.4064636e-05,-2.9918783e-06,4.7037418e-07,-2.2988079e-05,5.661539e-06,3.634605e-05,1.3378345e-05,4.2964788e-05,-8.079986e-05,3.566628e-05,-9.620577e-05,-4.5217497e-05,-7.190922e-05,6.242753e-06,-6.1686287e-06,-2.9285415e-05,6.0321334e-05,-2.4707775e-05
29,-0.00036376124,-0.0002976,-0.00021580113,0.00051395665,0.00054778997,0.0002410746,-0.00018321263,1.7430595e-05,0.00014056687,-0.0002448934,0.0001235047,1.7866034e-05,0.00014503031,-7.736728e-05,-0.00012117079,2.3702007e-05,9.402212e-05,-6.9052316e-05,3.059037e-05,8.4540836e-05,-7.583758e-05,-4.960738e-05,0.00012133426,-8.4104184e-05,5.2548334e-05,1.1987564e-05,-1.9829604e-05,-5.767155e-07,-6.8498994e-05,0.0009294809,1.9133684e-05,5.1740844e-06,4.118976e-06,7.03544e-06,2.5897845e-05,3.8772312e-05,1.3723322e-05,1.587194e-05,3.630174e-05,-4.7773432e-05,1.1022024e-05,2.9092571e-05,-4.9701954e-05,-1.4690227e-05,-6.986773e-06,-1.2080316e-05,-1.809368e-05,-2.871067e-05,-4.037288e-06,-1.9821964e-06
30,-0.0003814759,4.8868233e-06,5.480365e-06,-0.00018340276,0.00019713666,-0.00015504475,5.6408317e-05,0.00018143433,6.356776e-05,6.232239e-05,-0.00021784124,0.00012639482,0.00013724108,0.00030211802,-6.43132e-05,-0.0002218131,-3.9839855e-05,-5.987974e-05,-3.3414817e-05,1.4003475e-05,0.00012525075,1.1911987e-05,-2.6803526e-05,-3.9166853e-06,0.000113448186,2.6068497e-05,-2.144977e-05,-6.263962e-05,4.4060387e-05,1.9133684e-05,0.0007484637,-3.9619525e-05,-2.3642175e-05,0.00014522207,-1.7611603e-05,2.6880985e-05,5.3008916e-05,6.884923e-05,-7.2473695e-06,1.2867155e-05,-2.535481e-05,-6.3147876e-05,5.0751396e-06,2.115439e-05,1.1055813e-05,-2.339366e-06,-4.1205218e-05,3.9788167e-05,3.082306e-05,1.6934153e-05
31,2.9711635e-05,2.6523603e-06,8.7962755e-05,0.00022376046,0.000105139836,-0.0002302117,0.0004849878,-0.00031553244,0.0003443335,0.00017850968,0.0001288999,-4.9829187e-06,-1.447791e-05,-0.00023116812,-3.1603486e-06,-1.9960364e-05,3.369474e-05,4.13122e-06,-8.2912695e-05,5.9382037e-05,5.406066e-05,2.6775391e-05,-3.776104e-05,5.844493e-05,3.2974094e-05,3.3724133e-05,-3.0592768e-05,7.428728e-05,-4.7144706e-05,5.1740844e-06,-3.9619525e-05,0.0007270376,-0.000100737096,5.542676e-05,-5.676225e-05,3.5777356e-07,-2.5262165e-05,-4.6182417e-05,-2.5343368e-05,-7.658383e-06,-4.0952564e-05,-5.464646e-05,-1.0716725e-05,7.9795445e-06,1.6179774e-05,4.4827425e-06,-4.1393425e-05,2.1185363e-07,7.448927e-05,-2.0112373e-05
32,0.00022806195,-0.0001153154,-7.943691e-05,0.00010262341,0.0005496512,0.0004082443,-0.00014868486,-0.00026090402,6.6607725e-05,0.00013984642,0.00030398995,-6.74191e-05,-0.00015032881,-0.0001880347,5.977352e-05,-0.00012720592,0.00015396703,-3.5255674e-05,1.5305222e-06,-8.8535504e-05,0.00016023897,8.8926914e-05,2.507473e-05,6.8889174e-05,-1.6156961e-06,0.00016626625,-3.3987526e-05,-4.3768464e-06,4.4064636e-05,4.118976e-06,-2.3642175e-05,-0.000100737096,0.0005378139,-6.287845e-05,-2.9331395e-06,5.22623e-05,3.6201675e-07,-6.97427e-05,-1.9331554e-05,-6.893013e-06,-6.5835266e-05,3.374266e-05,2.1150929e-05,4.3567765e-05,-1.396693e-05,-9.835001e-06,-1.6858365e-06,-1.4100291e-05,2.088477e-05,-4.483725e-05
33,-0.0001908908,-2.4904995e-05,-5.512802e-06,6.7782865e-05,0.00016460006,0.00038223143,-0.00032529584,6.3915446e-05,-0.00012348387,0.00012324925,0.00016827414,0.00010057974,-0.00013864589,-0.00011897962,-0.00011126456,0.00012043488,-5.190294e-05,-1.7282026e-05,6.917985e-05,-2.3690869e-05,-8.286646e-06,-4.7586982e-05,-5.035314e-05,-3.985157e-05,-3.4687626e-05,-2.0456493e-05,-2.3119559e-05,-7.93894e-06,-2.9918783e-06,7.03544e-06,0.00014522207,5.542676e-05,-6.287845e-05,0.0005741858,-5.6000054e-06,-2.4416084e-05,-9.234661e-05,-5.761374e-05,-1.6463622e-05,-1.503053e-05,-4.831128e-05,5.0207494e-05,2.607517e-06,1.20389195e-05,8.3339755e-06,-1.9329873e-05,1.3204972e-05,-1.5223235e-05,-5.4723223e-05,-8.198906e-06
34,-7.916511e-05,-3.841242e-05,3.5760568e-05,5.7781377e-05,0.0001708531,-0.00021284955,0.00013737101,-0.00027662792,0.0001100177,-5.714211e-05,5.5283563e-05,-4.2757485e-05,-3.6233469e-06,-7.83e-05,0.00011500453,5.166419e-05,-5.4367025e-05,3.0714255e-05,-7.605924e-05,6.136739e-05,-1.0660258e-05,-2.605325e-06,-5.582256e-05,-3.4797806e-05,-5.5153287e-05,2.8138245e-05,3.866331e-05,5.79014e-07,4.7037418e-07,2.5897845e-05,-1.7611603e-05,-5.676225e-05,-2.9331395e-06,-5.6000054e-06,0.00061321486,-6.870083e-05,6.0050706e-06,1.7705679e-06,-2.6681817e-05,-3.140646e-05,2.4550714e-05,-2.8459704e-05,-1.3682747e-05,4.4003427e-05,4.5196975e-06,-6.053793e-05,-6.045455e-06,5.876778e-06,2.3517927e-05,-8.86473e-06
35,7.2507806e-05,5.9520193e-05,1.91572e-05,2.1602916e-06,-0.0002189915,-0.0002058838,0.00034264743,-0.00013660785,-1.6009672e-05,-0.00017287328,8.562222e-05,4.628076e-05,9.8577584e-05,9.5393465e-05,0.00031662075,0.000106538806,2.6827427e-05,-6.9910064e-05,-5.270508e-05,0.00011162041,-0.00010752278,5.7795893e-05,-7.135844e-05,-3.6490565e-05,-3.2074302e-05,2.6621952e-05,1.16740775e-05,1.3085493e-05,-2.2988079e-05,3.8772312e-05,2.6880985e-05,3.5777356e-07,5.22623e-05,-2.4416084e-05,-6.870083e-05,0.000511206,-1.0439116e-05,-6.577755e-06,2.1094045e-05,2.3083432e-05,-3.5978424e-05,-4.301453e-05,2.8562063e-05,1.5806363e-06,-7.689721e-06,-3.030795e-05,-1.3211817e-05,2.4325545e-05,-3.9879187e-06,-1.6787697e-05
36,-6.773753e-05,-6.9306593e-06,-0.0001398426,-5.4909302e-05,2.1820571e-05,4.0749924e-06,-2.2187869e-05,0.0002520788,-0.00012990486,8.012459e-05,-0.00014776053,-5.016387e-05,-0.00010026389,2.008906e-05,3.0245757e-05,2.0568856e-05,-1.29847e-06,-1.4497669e-05,-8.014124e-05,-2.9306304e-06,-1.5914558e-05,3.7903672e-05,1.4079851e-05,-1.3907155e-05,7.2855066e-05,-0.00011942552,-7.0725655e-05,4.9300557e-05,5.661539e-06,1.3723322e-05,5.3008916e-05,-2.5262165e-05,3.6201675e-07,-9.234661e-05,6.0050706e-06,-1.0439116e-05,0.00045467005,-6.6386914e-05,2.424158e-05,-1.1792727e-05,-3.9913306e-05,1.2719067e-07,-8.623649e-07,-1.6019176e-05,1.51175545e-05,1.2034894e-05,8.816373e-06,-4.416169e-06,-1.1586411e-05,-4.150117e-06
37,-0.00011958252,-5.198554e-05,9.307086e-05,-3.7222824e-05,4.1065163e-05,7.790151e-05,2.2080214e-05,1.946211e-05,3.646427e-05,6.53717e-05,-5.8788442e-05,-0.00014402933,-0.00019762422,-2.5511781e-05,1.4311077e-05,0.00013584047,-3.2901175e-05,4.0168405e-05,2.002591e-05,0.00015261065,4.1359192e-07,3.4991812e-05,-1.9015218e-06,2.6535901e-05,4.0517698e-05,6.258664e-05,-2.4880392e-05,-9.783569e-06,3.634605e-05,1.587194e-05,6.884923e-05,-4.6182417e-05,-6.97427e-05,-5.761374e-05,1.7705679e-06,-6.577755e-06,-6.6386914e-05,0.00041106617,-8.2706265e-06,-1.6562346e-05,-6.4445176e-06,2.8708495e-05,5.2063628e-05,-3.9575018e-05,3.18845e-05,-3.872258e-05,3.700126e-05,-7.1845993e-06,3.5514142e-05,2.1079904e-05
38,-0.00011584541,5.3058066e-05,-5.8336727e-06,8.602821e-05,0.00030493224,6.268552e-05,-6.572278e-05,-5.8621747e-05,2.1692778e-05,0.000115332135,-1.7983532e-05,0.00011277266,-8.554314e-05,-5.6871526e-05,-0.00012776768,4.663111e-05,-5.9687936e-05,8.01077e-05,-6.169078e-06,-9.625398e-05,-3.160548e-05,-5.109283e-05,-2.1038835e-05,1.27145795e-05,-3.511313e-05,1.6408969e-05,3.5040784e-06,-2.233088e-05,1.3378345e-05,3.630174e-05,-7.2473695e-06,-2.5343368e-05,-1.9331554e-05,-1.6463622e-05,-2.6681817e-05,2.1094045e-05,2.424158e-05,-8.2706265e-06,0.00046707405,3.8997867e-05,-5.8797878e-06,7.5567445e-06,1.1341077e-05,-4.589423e-06,2.108257e-05,3.403236e-08,-3.7564752e-07,-7.100284e-06,2.287011e-05,2.0701651e-05
39,-9.32184e-05,0.00012268781,7.589755e-05,-1.5909449e-05,0.00021034767,-3.7239286e-05,0.00018812154,-5.6029246e-05,0.0001444635,3.851019e-05,1.0188447e-05,-0.0001649647,6.9224297e-06,-0.00011892096,-4.827819e-05,-0.0001109305,-6.372431e-05,-4.260819e-05,4.814593e-05,2.9936984e-05,-1.7532053e-05,3.704985e-05,1.7879724e-05,-0.00016025675,2.9110583e-05,1.5368329e-05,-2.8336523e-05,4.8690687e-05,4.2964788e-05,-4.7773432e-05,1.2867155e-05,-7.658383e-06,-6.893013e-06,-1.503053e-05,-3.140646e-05,2.3083432e-05,-1.1792727e-05,-1.6562346e-05,3.8997867e-05,0.00035788916,6.664937e-05,3.5454257e-05,2.3700511e-07,2.7431197e-05,1.2131983e-05,-4.8417114e-05,-4.966365e-05,-2.3506058e-05,-3.364128e-05,-6.5988256e-06
40,2.4641988e-05,-7.6975164e-05,-4.114788e-05,0.000104982566,-0.0001336172,0.0001784761,-4.1591837e-05,9.89219e-05,-0.00011514948,1.5137541e-05,5.78502e-05,0.00027987896,0.00010478751,0.000104147664,-3.8754588e-05,-0.00010132187,0.000109140674,-3.6637153e-05,-1.4423344e-05,4.756802e-05,6.720569e-05,7.1910385e-05,-7.909322e-06,1.9976042e-06,8.6853135e-05,-9.405848e-06,-4.769997e-05,3.030582e-05,-8.079986e-05,1.1022024e-05,-2.535481e-05,-4.0952564e-05,-6.5835266e-05,-4.831128e-05,2.4550714e-05,-3.5978424e-05,-3.9913306e-05,-6.4445176e-06,-5.8797878e-06,6.664937e-05,0.00032215277,-2.7086537e-05,2.0085481e-05,-8.126759e-06,1.2686517e-06,-2.8075192e-06,-1.9017107e-05,-4.7163585e-06,-2.9315588e-06,2.1101946e-06
41,8.025254e-06,1.5626827e-05,-5.3664524e-05,8.2925006e-05,9.7714015e-05,-0.00018658795,0.00020018237,-5.952635e-07,0.00012148598,6.181946e-05,6.444295e-05,0.00014968027,-1.9532072e-05,9.301098e-05,3.521544e-05,-1.3334701e-05,1.9320643e-05,1.6621065e-05,-2.7298309e-05,3.866743e-05,3.0693e-05,-2.5985442e-05,-3.402443e-05,7.2280527e-06,3.366793e-05,-2.2990598e-06,-2.1782222e-05,1.4554296e-05,3.566628e-05,2.9092571e-05,-6.3147876e-05,-5.464646e-05,3.374266e-05,5.0207494e-05,-2.8459704e-05,-4.301453e-05,1.2719067e-07,2.8708495e-05,7.5567445e-06,3.5454257e-05,-2.7086537e-05,0.0003402595,1.9788811e-05,5.417408e-06,7.113202e-06,-9.440555e-06,-6.905112e-06,2.1618576e-05,1.473593e-05,-1.4924995e-05
42,-2.4264193e-06,-4.4944376e-05,1.563379e-05,0.00012767168,3.894132e-05,2.1960004e-05,-0.00020021765,-1.2312843e-05,3.2216056e-05,-6.793329e-05,8.545017e-05,-2.3477405e-05,0.00010428594,-0.0001655113,-7.314799e-05,9.167668e-06,-2.392635e-05,4.865857e-06,-2.1472679e-05,3.58589e-05,2.8962782e-05,-5.977926e-05,3.468308e-05,5.4769043e-05,-3.1542604e-05,-5.1296836e-05,2.5020106e-05,-2.4112354e-05,-9.620577e-05,-4.9701954e-05,5.0751396e-06,-1.0716725e-05,2.1150929e-05,2.607517e-06,-1.3682747e-05,2.8562063e-05,-8.623649e-07,5.2063628e-05,1.1341077e-05,2.3700511e-07,2.0085481e-05,1.9788811e-05,0.00029706288,2.933844e-05,-6.5593717e-06,5.4494703e-06,1.0713486e-06,-1.6481194e-05,1.3851732e-05,-1.5057664e-05
43,-8.260281e-05,5.4902775e-05,-5.0231956e-05,-0.00015581853,-0.000115055795,3.939686e-05,0.00039561553,0.00023443418,8.262625e-05,-7.2187686e-05,-5.9172096e-05,1.2163566e-06,4.9400856e-05,-1.3172191e-05,-0.00016025867,6.719075e-05,7.135548e-05,5.9112255e-05,7.468174e-05,2.968944e-05,-7.2253504e-05,1.7603629e-06,9.184054e-05,-1.5660858e-05,6.347076e-05,-2.3975426e-05,1.8853741e-05,3.390526e-05,-4.5217497e-05,-1.4690227e-05,2.115439e-05,7.9795445e-06,4.3567765e-05,1.20389195e-05,4.4003427e-05,1.5806363e-06,-1.6019176e-05,-3.9575018e-05,-4.589423e-06,2.7431197e-05,-8.126759e-06,5.417408e-06,2.933844e-05,0.00024376217,-2.7784554e-06,2.7809889e-05,1.7754806e-05,1.1803668e-05,3.7460028e-05,2.2423708e-05
44,-1.9558353e-05,2.3624678e-05,4.6131336e-05,-4.605406e-05,-0.00013996797,-0.00017218552,0.0001296637,-0.000107293374,-3.4781784e-05,-4.5803426e-05,-2.1001455e-05,-0.00014804101,6.4392725e-07,6.9958023e-06,6.165003e-05,-1.2504219e-05,1.2303265e-05,-4.6616726e-05,5.233852e-06,-1.9367519e-05,-7.1649465e-06,0.00011605366,1.3681642e-05,-2.738259e-05,-1.3764812e-05,8.265879e-06,2.5027359e-05,5.5139462e-05,-7.190922e-05,-6.986773e-06,1.1055813e-05,1.6179774e-05,-1.396693e-05,8.3339755e-06,4.5196975e-06,-7.689721e-06,1.51175545e-05,3.18845e-05,2.108257e-05,1.2131983e-05,1.2686517e-06,7.113202e-06,-6.5593717e-06,-2.7784554e-06,0.0002832864,2.149354e-05,2.4306843e-05,5.2641826e-06,-1.4987117e-05,-3.938102e-07
45,0.00016138286,-1.5622905e-05,-4.9082948e-05,0.0001019853,-0.00029358725,0.00012701596,-0.00025949004,-8.1441554e-05,-7.220338e-05,-7.677301e-05,1.2277935e-05,4.6558584e-05,-9.3460396e-05,1.19514025e-05,-2.5903253e-05,-1.178753e-05,-2.3919993e-05,5.3472126e-05,1.9862175e-06,0.00020371852,1.7604694e-05,1.8788183e-05,-1.4118432e-05,-6.725044e-05,-2.4118484e-05,4.1965475e-05,-3.5389407e-06,-3.510571e-05,6.242753e-06,-1.2080316e-05,-2.339366e-06,4.4827425e-06,-9.835001e-06,-1.9329873e-05,-6.053793e-05,-3.030795e-05,1.2034894e-05,-3.872258e-05,3.403236e-08,-4.8417114e-05,-2.8075192e-06,-9.440555e-06,5.4494703e-06,2.7809889e-05,2.149354e-05,0.0002136783,1.40296415e-05,-1.7706321e-05,-1.5197544e-06,4.2050488e-06
46,3.64661e-05,3.7512345e-05,-6.8394664e-05,5.9441387e-05,4.0673964e-05,0.0001726295,-4.94697e-05,6.939068e-05,5.522468e-05,0.00013222235,4.3512344e-05,0.0001525498,0.00013579678,3.1684722e-06,-0.00014603375,-6.306855e-05,5.9043276e-05,-0.000115434304,-2.2616507e-05,-4.9098846e-05,-6.328884e-05,-2.8997078e-05,-5.8264734e-05,-3.8286158e-05,-3.922859e-05,3.0543488e-05,-7.2610244e-05,5.4823926e-05,-6.1686287e-06,-1.809368e-05,-4.1205218e-05,-4.1393425e-05,-1.6858365e-06,1.3204972e-05,-6.045455e-06,-1.3211817e-05,8.816373e-06,3.700126e-05,-3.7564752e-07,-4.966365e-05,-1.9017107e-05,-6.905112e-06,1.0713486e-06,1.7754806e-05,2.4306843e-05,1.40296415e-05,0.00020492548,1.4293578e-05,-1.1688598e-05,-2.1246275e-05
47,1.14141e-05,1.9919387e-06,-8.714972e-05,4.018151e-06,0.00018372957,3.7407463e-05,-5.6583747e-05,0.000118147684,4.6370624e-05,-2.2411203e-05,6.627099e-05,0.000104657396,-6.987076e-05,2.5363712e-05,2.7121281e-05,-0.00010043867,3.4960805e-05,0.00010922184,8.658846e-06,-7.68677e-06,-2.5984813e-05,2.6629425e-05,7.401646e-05,-3.175374e-05,-6.409783e-06,1.3033243e-06,4.8446163e-06,7.839207e-06,-2.9285415e-05,-2.871067e-05,3.9788167e-05,2.1185363e-07,-1.4100291e-05,-1.5223235e-05,5.876778e-06,2.4325545e-05,-4.416169e-06,-7.1845993e-06,-7.100284e-06,-2.3506058e-05,-4.7163585e-06,2.1618576e-05,-1.6481194e-05,1.1803668e-05,5.2641826e-06,-1.7706321e-05,1.4293578e-05,0.00024103913,4.523641e-06,-1.4798682e-05
48,5.209852e-05,-2.6551115e-07,1.578582e-05,-5.2918895e-05,-4.139809e-05,-2.1656648e-05,8.73416e-06,-0.000102876205,-3.1064705e-05,4.595612e-05,-2.6391073e-05,-9.972678e-06,-8.7068634e-05,1.9472658e-05,2.57633e-05,2.8275263e-05,-0.000112363865,-7.949633e-05,3.570896e-05,-7.768721e-05,-3.3758723e-05,-2.1199225e-05,-2.7759223e-05,-6.495019e-05,4.400484e-05,-5.5450022e-05,-5.2734016e-05,4.9148794e-06,6.0321334e-05,-4.037288e-06,3.082306e-05,7.448927e-05,2.088477e-05,-5.4723223e-05,2.3517927e-05,-3.9879187e-06,-1.1586411e-05,3.5514142e-05,2.287011e-05,-3.364128e-05,-2.9315588e-06,1.473593e-05,1.3851732e-05,3.7460028e-05,-1.4987117e-05,-1.5197544e-06,-1.1688598e-05,4.523641e-06,0.00017562523,3.1872338e-07
49,8.768706e-05,-5.7369863e-05,5.376039e-05,-4.715749e-05,-9.1213136e-05,-2.7269794e-05,4.5890716e-05,0.00011939037,0.0001367084,5.57912e-05,7.404814e-05,6.698716e-05,-0.00013852125,7.980266e-05,6.91453e-05,-4.285539e-05,5.574503e-06,5.1094838e-05,-4.0203e-05,-2.8647544e-05,-5.845039e-06,-3.6301994e-05,-1.945478e-05,5.5030796e-05,-5.8513593e-05,2.453519e-05,-2.0844964e-05,1.6722683e-05,-2.4707775e-05,-1.9821964e-06,1.6934153e-05,-2.0112373e-05,-4.483725e-05,-8.198906e-06,-8.86473e-06,-1.6787697e-05,-4.150117e-06,2.1079904e-05,2.0701651e-05,-6.5988256e-06,2.1101946e-06,-1.4924995e-05,-1.5057664e-05,2.2423708e-05,-3.938102e-07,4.2050488e-06,-2.1246275e-05,-1.4798682e-05,3.1872338e-07,0.00017973989
