,0,1,2,3,4,5,6,7,8,9,10,11,12,13,14,15,16,17,18,19,20,21,22,23,24,25,26,27,28,29,30,31,32,33,34,35,36,37,38,39,40,41,42,43,44,45,46,47,48,49
0,0.04512631,0.4021331,-0.012866183,-0.044228427,-0.0032646572,-0.075112745,-0.060908232,0.030748088,0.06030016,-0.032729443,0.015419562,0.006207441,0.028052375,-0.023877222,0.0069719246,-0.019482076,-0.0053247083,-0.012457884,-0.0075596776,0.009571838,-0.011491129,0.0051633017,0.0007805278,0.0025004,-0.002722591,-0.007605673,0.004228197,-0.0015128001,-0.002267249,0.0048735756,-0.0034330478,0.004827246,-0.0044049583,-0.0042703385,0.00030225306,-0.0040234756,0.0025234958,-0.0005489045,-0.002992961,0.0013041926,0.0019724027,0.0046110936,-0.0016679926,0.00019863219,-0.002450209,0.0007200184,0.0005904016,0.00065395667,-0.0013638444,-0.0006432256
1,0.4021331,3.9145126,-0.2765832,-0.5099636,-0.0067014713,-0.6830151,-0.6971994,0.3086828,0.51360893,-0.26609248,0.060943767,0.05603099,0.3218456,-0.18758896,0.07620895,-0.14630857,-0.039012704,-0.098342694,-0.08800939,0.10515686,-0.15381518,0.025087774,0.008815646,0.007085777,-0.07211207,-0.09304802,0.04473639,-0.03275843,-0.013215803,0.045103982,-0.03710034,0.02345279,-0.02666606,-0.020754095,0.013931801,-0.03370487,0.020387813,-0.004355942,-0.03354787,0.016430784,0.012949688,0.03100801,-0.010489181,0.007286882,-0.013807459,0.0075273565,0.003269955,0.00787032,-0.006053105,-0.010222588
2,-0.012866183,-0.2765832,0.88098145,0.19242346,0.3221693,0.37891638,0.24724258,-0.09645139,0.03374843,0.03347917,0.07867356,0.01914538,-0.023816317,-0.016368333,-0.06732931,-0.06412727,-0.029476555,0.030969914,0.024491675,-0.025451604,-0.02054855,-0.037661508,-0.056135803,0.00012514145,-0.0008672365,0.018601935,0.00029349767,-0.003459489,-0.02652628,0.019303642,-0.006540689,0.026124947,-0.022476614,0.01795813,-0.013211768,0.0067948746,0.020196762,0.011728691,0.003638809,0.012975771,-0.0073295315,0.011283157,0.009427981,-0.021892693,-0.018081125,0.0128054,0.0062164417,0.0025913352,0.00019795934,0.00624102
3,-0.044228427,-0.5099636,0.19242346,0.51591736,-0.08147121,0.2668587,0.21022102,-0.095760226,-0.06088064,0.054904312,0.010721799,0.08989219,-0.022563174,-0.0060826633,0.026075467,0.013289999,0.006597622,-0.0019220924,0.043257263,-0.0041905222,0.05972276,0.0107693635,0.02184198,0.0049586976,-0.008018872,0.023606744,0.013949769,-0.0032001557,0.005057568,-0.0034846016,-0.0011797638,-0.014319101,-0.008119017,-0.021504356,-0.002948247,0.0040508052,0.020774208,0.0068810815,0.0013036213,-0.012891198,0.012598371,-0.0010724929,-0.0034187827,-0.015528914,-0.002357672,0.0039527183,-0.0036914698,0.011345368,-0.0036955765,0.002433708
4,-0.0032646572,-0.0067014713,0.3221693,-0.08147121,0.36530688,0.09288575,-0.044113524,-0.014205296,-0.01879457,0.031079408,0.022125077,-0.036869716,0.032192968,0.0039081424,0.004091385,0.021061944,-0.04531853,0.037319764,0.02572002,0.02745696,-0.036485344,-0.0006986514,-0.03368897,-0.0004277915,-0.0101445615,0.010634506,-0.0073329573,0.0036246907,-0.025836315,-0.004047012,-0.014750041,0.0051778527,-0.00093133945,0.030474314,-0.008507907,-0.0005932292,0.004443571,0.004634782,-0.00041209528,0.013487771,-0.0077020032,0.0026826626,0.00257404,-0.009576203,-0.0024994789,0.00860359,0.010726735,-0.0054948544,0.003076138,0.0050362763
5,-0.075112745,-0.6830151,0.37891638,0.2668587,0.09288575,0.4883057,0.19286078,-0.023711024,-0.12256043,0.034913156,-0.08597681,-0.0021057765,-0.019555587,-0.009935092,-0.01715309,-0.019032128,0.019895118,0.036249757,0.019712763,-0.038610592,0.014568232,-0.030240279,-0.024124682,0.008857258,-0.005877648,0.0016917258,0.012561431,-0.0302677,0.0020952132,-0.00044421974,-0.007547494,-0.012365477,-0.0058316095,0.00047503505,-0.013167825,0.012871709,0.015629366,0.012190346,-0.00098814,0.0012014768,-0.0067907507,-0.011029236,0.013127102,-0.011210164,-0.0008067571,4.1269188e-05,0.0010905643,0.0065905727,0.0029290784,0.0007909614
6,-0.060908232,-0.6971994,0.24724258,0.21022102,-0.044113524,0.19286078,0.37680006,-0.051165774,-0.008774122,0.07848965,0.06030014,0.004229107,-0.071667984,0.0025662212,-0.042069215,-0.0033546737,0.004142401,0.0019533988,0.005318581,-0.02094335,0.02420208,-0.028399322,0.0061092204,-0.0044400366,0.013075735,0.031949773,-0.022490904,0.0071056867,0.0031307463,0.0092582945,0.0062338607,-0.0021310768,-0.016025167,-0.00429571,-0.008384321,0.011892004,0.002914737,0.004302814,0.001903598,-0.005817758,-0.0015935622,-0.003211731,0.0041224924,-0.0042193728,-0.0024488694,0.0031621666,-0.0029140052,-0.000263711,-0.0018825077,-0.0019633244
7,0.030748088,0.3086828,-0.09645139,-0.095760226,-0.014205296,-0.023711024,-0.051165774,0.17041288,0.017777812,-0.06482715,-0.018203165,-0.005932967,0.03094421,-0.03523629,0.03504703,-0.029815733,0.020640941,0.006087883,-0.0020375038,0.0033736732,-0.019905057,-0.011299333,0.0034962306,0.01006402,-0.00093926885,-0.004486248,-0.0013022358,-0.0030274643,0.0023964997,0.0049461275,-0.022065701,0.0077960286,-0.0018281667,0.00699158,-0.002084284,0.0054625906,0.0017450026,-6.6795794e-05,-0.00600029,-0.003915091,0.004147648,-0.0069432547,0.0014522023,0.0066834935,-9.294758e-05,-0.0037073814,0.0027483634,-0.0018742331,0.0016126388,-0.0075758463
8,0.06030016,0.51360893,0.03374843,-0.06088064,-0.01879457,-0.12256043,-0.008774122,0.017777812,0.1437031,-0.034797654,0.06061171,0.021075655,0.019051552,-0.014654487,-0.011586743,-0.023888487,-0.013632439,-0.016022518,-0.014048361,0.017770194,-0.02083122,0.0003170606,0.006126503,-0.0037635076,-0.0061513716,0.0017889288,-0.0034452414,0.005706655,-0.0052003274,0.008657966,-0.002877023,0.008454318,-0.00992467,-0.0063415477,0.00015039419,-0.0011369237,0.0023100236,-0.0027646024,-0.0060758498,0.00227392,-0.0008306263,0.007120222,-0.0037779894,-0.00070412754,-0.006489033,0.0013897519,-0.0051510246,0.00063065055,-0.0022703183,-0.0031221353
9,-0.032729443,-0.26609248,0.03347917,0.054904312,0.031079408,0.034913156,0.07848965,-0.06482715,-0.034797654,0.10638976,-0.020557065,0.002236208,0.0055534584,0.040649205,-0.013612982,0.03327111,-0.011768691,-0.002773122,-0.01575099,0.013279021,0.0059156707,0.009101108,0.016184684,-0.012266243,-0.0056188786,0.01671145,-0.010177888,-0.0038732504,-0.00885882,0.00044143456,0.01142685,-0.0048653055,-0.0006959268,0.0036780585,-0.0016673626,-0.0019273879,0.00050940947,0.0044835797,-0.002400985,0.0012479064,-0.0036851983,-0.00084169,-0.00078319304,-0.0023416316,0.005336792,0.004218667,0.0019592305,-0.00024570717,0.0015129801,0.0024734635
10,0.015419562,0.060943767,0.07867356,0.010721799,0.022125077,-0.08597681,0.06030014,-0.018203165,0.06061171,-0.020557065,0.16979307,0.019665252,-0.026387826,-0.009864981,0.024619097,0.045229428,-0.023608409,-0.018475924,0.002974927,-0.004651985,0.0018394291,-0.008289743,-0.012595575,-0.0066925734,-0.0043560853,0.0053529292,-0.019998185,0.028500024,0.0004880075,0.015644252,0.0047754636,0.0057419003,-0.005179247,0.004864245,0.005758488,0.00030078588,-0.0016573452,-0.0036225603,0.0006937672,-0.007404279,0.0045950525,0.0072464994,-0.00040970632,-0.0002607784,-0.004875457,-0.000990551,0.00095555803,-0.0003296709,-0.0010542632,0.00038437406
11,0.006207441,0.05603099,0.01914538,0.08989219,-0.036869716,-0.0021057765,0.004229107,-0.005932967,0.021075655,0.002236208,0.019665252,0.0689762,0.013563618,0.026190136,0.023024298,-0.012841703,-0.0023892596,-0.002613346,0.0018527342,0.0042655896,0.008630229,0.003927095,0.015997116,-0.00055704743,-0.019056624,0.0061762244,0.003711112,0.008914188,0.0005636021,0.00466747,0.0019133822,0.0026381277,0.001429267,-0.0044409162,0.00024194192,0.0023674036,0.008368157,-0.0020549905,-0.0021685078,-0.003919268,0.0047528236,-0.0016746235,-0.004331064,-0.001528505,-0.003185098,0.0032534604,-0.00071378314,0.0014243091,-0.00015738697,-0.0020300034
12,0.028052375,0.3218456,-0.023816317,-0.022563174,0.032192968,-0.019555587,-0.071667984,0.03094421,0.019051552,0.0055534584,-0.026387826,0.013563618,0.08314621,0.010630339,0.0109201325,-0.019822326,0.0015061862,-0.0056197317,-0.010518821,0.026872337,-0.0039118277,-0.0019608152,0.0070527764,0.0042694705,-0.023057671,-0.001127624,0.005159948,-0.007817918,-0.009565171,0.013240337,-0.0047201854,-0.0055850074,-0.00034849287,0.0025832,-0.0018503468,-0.0022379411,0.005630292,0.0018099893,-0.0033529443,0.0019387312,0.0008959591,-0.00018763023,-0.0009967106,0.00018225012,-0.00017266038,0.00047169946,0.0022667628,0.0033597108,0.0011979652,-0.00014452211
13,-0.023877222,-0.18758896,-0.016368333,-0.0060826633,0.0039081424,-0.009935092,0.0025662212,-0.03523629,-0.014654487,0.040649205,-0.009864981,0.026190136,0.010630339,0.07676513,-0.014756686,-0.013660523,0.0023149583,0.0003045334,-0.000657854,0.010667654,0.012305293,-0.002003429,0.009879106,-0.012577945,-0.015702693,0.0110590765,-0.010691967,0.008202752,-0.009760415,-0.00075198594,0.008062389,-0.0030433754,0.006854861,0.004863579,0.0003847212,0.001685126,-0.0022800642,3.736239e-05,0.00049518456,0.0011949115,-0.0019350026,-0.0012974101,-0.0023152386,0.0019546754,0.00233444,0.0013711818,-0.00094861246,4.5844306e-05,-0.00016126537,-0.00063846505
14,0.0069719246,0.07620895,-0.06732931,0.026075467,0.004091385,-0.01715309,-0.042069215,0.03504703,-0.011586743,-0.013612982,0.024619097,0.023024298,0.0109201325,-0.014756686,0.06365161,0.034428816,-0.007117728,0.001973662,0.001483287,-0.0008636295,0.004552747,0.01591143,0.005119683,0.003992704,-0.0062112524,-0.00012486266,0.0014751893,0.0025576362,0.005506516,0.0028810953,-0.004123967,0.0033764993,-0.00014976182,-0.0004425842,0.0012138597,0.0014431872,0.005516378,-0.0031275707,-0.0029372878,-0.003829523,0.0048473068,-0.0031674323,-0.001367843,-0.0011873597,0.00097422744,-0.0005530227,0.0030525345,-0.0015493105,0.0028917578,-0.0014917573
15,-0.019482076,-0.14630857,-0.06412727,0.013289999,0.021061944,-0.019032128,-0.0033546737,-0.029815733,-0.023888487,0.03327111,0.045229428,-0.012841703,-0.019822326,-0.013660523,0.034428816,0.113850206,-0.020938292,-0.00026282063,-0.012834728,-0.00040887433,0.0009501246,0.009868222,0.0037316298,-0.0023897884,0.0025553126,0.0062240716,-0.007971555,0.0019733892,0.005546679,0.0038788419,0.004800318,-0.004666509,0.0021444098,0.004809729,0.0036582518,-0.00026624574,-0.0031331833,-0.002004323,-0.0031726945,-0.003852411,-0.00077187375,-0.0003370538,0.0009098281,-0.0017653888,0.003945511,-0.004059748,-0.00019642821,0.00064849446,0.00398789,0.0019173812
16,-0.0053247083,-0.039012704,-0.029476555,0.006597622,-0.04531853,0.019895118,0.004142401,0.020640941,-0.013632439,-0.011768691,-0.023608409,-0.0023892596,0.0015061862,0.0023149583,-0.007117728,-0.020938292,0.022185432,0.005724297,-0.00240938,-0.005738264,0.006126264,-0.0019857902,0.0011290815,-0.0024092258,0.003014423,-0.0019207001,0.0057975696,-0.004046141,-0.0007098539,0.0007178211,-0.0020382763,-5.5873345e-05,0.00074056303,0.0011905632,0.0026784902,0.00068804645,0.00019294568,0.0010501053,0.0029296214,-0.0009894294,0.00025684817,-0.0021590954,0.00080570765,0.0019054085,-0.00034116232,-0.0039726356,-0.0015940046,0.0015848072,0.00047570927,-0.0010109972
17,-0.012457884,-0.098342694,0.030969914,-0.0019220924,0.037319764,0.036249757,0.0019533988,0.006087883,-0.016022518,-0.002773122,-0.018475924,-0.002613346,-0.0056197317,0.0003045334,0.001973662,-0.00026282063,0.005724297,0.026764989,0.005504097,0.0006897999,-0.0030574696,0.004689235,-0.001006297,-0.0024742265,0.0038581355,0.0040248884,0.0062514013,0.0004629392,-0.0031122789,-0.005807963,-0.0059453296,0.00057467737,0.0017127825,0.0069706207,0.0008436139,0.003383873,0.0033813096,-0.00059166946,0.0024239533,0.0030000093,-0.002465381,-0.0030014254,0.00032437188,-0.0006608802,-0.001985972,-0.0018199068,3.8918228e-05,-0.0012807981,0.00084537925,-0.0009879323
18,-0.0075596776,-0.08800939,0.024491675,0.043257263,0.02572002,0.019712763,0.005318581,-0.0020375038,-0.014048361,-0.01575099,0.002974927,0.0018527342,-0.010518821,-0.000657854,0.001483287,-0.012834728,-0.00240938,0.005504097,0.032477748,0.004790413,0.0031872373,-0.0053905053,-0.0073949313,0.005817949,0.000728489,0.0034109056,-0.0014022978,0.0061791115,0.0020258985,-0.009192634,-0.008360306,-0.0016799549,0.0010474746,0.00022888594,-0.0007205738,0.003162478,-0.0007940802,-0.000430219,0.0019006601,-0.0012123389,0.0030126045,-0.00038428546,-0.0010806865,-0.0022878337,-0.00075421674,0.0028203768,-0.0006748708,-0.0004933787,-0.0021099413,-0.0006286164
19,0.009571838,0.10515686,-0.025451604,-0.0041905222,0.02745696,-0.038610592,-0.02094335,0.0033736732,0.017770194,0.013279021,-0.004651985,0.0042655896,0.026872337,0.010667654,-0.0008636295,-0.00040887433,-0.005738264,0.0006897999,0.004790413,0.027299523,-0.0033093295,0.0028338048,0.011270139,-0.0008391661,-0.0076028975,0.005930661,-0.0024628388,0.0024229146,-0.009866899,-0.003446042,-0.005566546,-0.003860428,-0.00058265764,0.0018383475,-0.0008985275,-0.00016651349,0.0013060067,-8.64395e-05,-0.00010565361,0.00068449945,1.9310806e-05,0.0009611421,-0.0019120794,-4.3721207e-05,0.0003806463,0.0010891028,-0.0005173293,0.0012864261,-0.0008088167,-0.0007840458
20,-0.011491129,-0.15381518,-0.02054855,0.05972276,-0.036485344,0.014568232,0.02420208,-0.019905057,-0.02083122,0.0059156707,0.0018394291,0.008630229,-0.0039118277,0.012305293,0.004552747,0.0009501246,0.006126264,-0.0030574696,0.0031872373,-0.0033093295,0.0273733,0.007374528,0.005198462,9.178344e-05,0.005221242,0.0057453625,-0.0015455994,0.0023202542,-0.0017108221,0.0021416042,0.0034173145,-0.0014210104,-0.0005348029,-0.004354041,-0.0003422295,0.00042386958,0.00083420187,-0.00016971472,0.0026285606,-0.0025350514,0.002486563,0.0013567331,-0.0009206446,-0.0008361413,0.00039791048,-0.0027234433,-0.0002642022,0.0011306019,-0.0011640708,0.0005871046
21,0.0051633017,0.025087774,-0.037661508,0.0107693635,-0.0006986514,-0.030240279,-0.028399322,-0.011299333,0.0003170606,0.009101108,-0.008289743,0.003927095,-0.0019608152,-0.002003429,0.01591143,0.009868222,-0.0019857902,0.004689235,-0.0053905053,0.0028338048,0.007374528,0.029069336,0.0068601267,-0.0038942285,0.009431552,0.0034030443,0.006696149,6.227783e-05,-0.0042576585,-0.0066103823,0.002431885,0.0039295973,-0.00044690975,-0.0025489419,0.0015507378,-0.004053589,0.0036839494,0.0005998719,-0.00050547963,-8.001487e-05,-0.00066743954,0.0007604114,-0.0031477967,-0.0015476473,-0.00016242455,-0.0015085256,0.0010920239,-0.0012371682,0.00015987831,0.001555319
22,0.0007805278,0.008815646,-0.056135803,0.02184198,-0.03368897,-0.024124682,0.0061092204,0.0034962306,0.006126503,0.016184684,-0.012595575,0.015997116,0.0070527764,0.009879106,0.005119683,0.0037316298,0.0011290815,-0.001006297,-0.0073949313,0.011270139,0.005198462,0.0068601267,0.020454781,-0.0019301702,-0.002599528,0.004125687,-0.000391238,-0.00010952,-0.0037673516,-0.0022544232,0.00015073549,-0.0015829967,0.00041952488,-0.0034763543,-0.0011954528,2.4543933e-06,0.0020639398,-0.0019283749,0.00029718602,-0.00059225655,0.0012278219,-0.00045754277,-0.0018028755,0.0015173081,0.0013577768,0.00014540271,-0.000904843,0.000572484,0.00015052926,-0.00092099304
23,0.0025004,0.007085777,0.00012514145,0.0049586976,-0.0004277915,0.008857258,-0.0044400366,0.01006402,-0.0037635076,-0.012266243,-0.0066925734,-0.00055704743,0.0042694705,-0.012577945,0.003992704,-0.0023897884,-0.0024092258,-0.0024742265,0.005817949,-0.0008391661,9.178344e-05,-0.0038942285,-0.0019301702,0.012911236,0.0008026745,0.00024961756,0.0039291163,-0.00036095097,0.0041903993,0.0012652414,-0.0020822757,0.0005523055,0.00036596152,-0.003095802,-0.0034831648,0.0005266777,0.00020328103,-0.0007970821,-0.00022428011,-0.001997022,0.0009155814,-0.001760693,-0.00047164687,-0.0007419318,-0.0013766774,0.0010955893,0.00015011917,1.7131395e-05,0.0006765721,0.0008457796
24,-0.002722591,-0.07211207,-0.0008672365,-0.008018872,-0.0101445615,-0.005877648,0.013075735,-0.00093926885,-0.0061513716,-0.0056188786,-0.0043560853,-0.019056624,-0.023057671,-0.015702693,-0.0062112524,0.0025553126,0.003014423,0.0038581355,0.000728489,-0.0076028975,0.005221242,0.009431552,-0.002599528,0.0008026745,0.020208677,0.001557501,0.00036982013,-0.00014716666,-8.1724625e-05,-0.0062024645,-0.00045126793,0.0050927196,-0.0013267985,-0.0023570796,0.00064859877,-0.00061501283,-0.00082908757,-7.254009e-05,0.0013846026,0.0002374847,-0.00058148964,0.0024395268,0.0004558476,0.00047722625,-0.0005748754,-0.0022587217,0.00034826086,-0.0009568211,-0.001251616,0.0008908368
25,-0.007605673,-0.09304802,0.018601935,0.023606744,0.010634506,0.0016917258,0.031949773,-0.004486248,0.0017889288,0.01671145,0.0053529292,0.0061762244,-0.001127624,0.0110590765,-0.00012486266,0.0062240716,-0.0019207001,0.0040248884,0.0034109056,0.005930661,0.0057453625,0.0034030443,0.004125687,0.00024961756,0.001557501,0.01419215,-0.0024668016,0.003590777,-0.0025947874,0.0014409996,0.00028083645,0.002080754,-0.0011030852,0.0016984986,-0.0015021272,0.0011746673,0.00076756405,0.0009848516,-0.0012089671,-0.00025399297,-0.00022164824,-0.0011855527,-0.0023728888,-0.001869919,-0.0008393286,0.00032737866,-0.00020066163,-4.6585512e-05,9.438103e-05,-0.00027947564
26,0.004228197,0.04473639,0.00029349767,0.013949769,-0.0073329573,0.012561431,-0.022490904,-0.0013022358,-0.0034452414,-0.010177888,-0.019998185,0.003711112,0.005159948,-0.010691967,0.0014751893,-0.007971555,0.0057975696,0.0062514013,-0.0014022978,-0.0024628388,-0.0015455994,0.006696149,-0.000391238,0.0039291163,0.00036982013,-0.0024668016,0.013590991,-0.004037234,0.0015347392,-0.0008081913,0.00049921684,9.501736e-05,0.001061108,-0.0013944873,0.00018124838,-0.002486633,0.002808134,0.0007594832,0.0012693782,0.0004602772,-0.000690251,-0.0021431122,-0.0013163526,-0.0014179896,-0.0019737761,-0.0006479211,-0.00032431062,0.00081116124,0.0010585623,0.0014419773
27,-0.0015128001,-0.03275843,-0.003459489,-0.0032001557,0.0036246907,-0.0302677,0.0071056867,-0.0030274643,0.005706655,-0.0038732504,0.028500024,0.008914188,-0.007817918,0.008202752,0.0025576362,0.0019733892,-0.004046141,0.0004629392,0.0061791115,0.0024229146,0.0023202542,6.227783e-05,-0.00010952,-0.00036095097,-0.00014716666,0.003590777,-0.004037234,0.011206379,-0.0007731118,-0.0012812155,0.00027109712,0.0006071258,0.0016299267,0.0018115554,0.0010934053,0.00091480126,-0.0005303658,-0.0010642258,0.00076210254,-0.0026465869,0.00084020785,0.00027494645,-0.0013637535,0.001155806,-0.0015353176,6.466961e-05,0.00035823754,-0.0009543662,-0.0011676194,-0.00031205805
28,-0.002267249,-0.013215803,-0.02652628,0.005057568,-0.025836315,0.0020952132,0.0031307463,0.0023964997,-0.0052003274,-0.00885882,0.0004880075,0.0005636021,-0.009565171,-0.009760415,0.005506516,0.005546679,-0.0007098539,-0.0031122789,0.0020258985,-0.009866899,-0.0017108221,-0.0042576585,-0.0037673516,0.0041903993,-8.1724625e-05,-0.0025947874,0.0015347392,-0.0007731118,0.0104455715,0.0011665516,0.002002526,-0.0013674987,0.0012721588,-0.003142647,9.65177e-05,0.00063442066,-0.0015191701,-0.0006903021,-0.0018795454,-0.0009806149,0.0010347996,-0.001935217,-0.00014135733,0.00011665012,0.00046203527,0.00095293566,-0.00033398235,-0.00070223707,2.4410885e-05,-0.00031554105
29,0.0048735756,0.045103982,0.019303642,-0.0034846016,-0.004047012,-0.00044421974,0.0092582945,0.0049461275,0.008657966,0.00044143456,0.015644252,0.00466747,0.013240337,-0.00075198594,0.0028810953,0.0038788419,0.0007178211,-0.005807963,-0.009192634,-0.003446042,0.0021416042,-0.0066103823,-0.0022544232,0.0012652414,-0.0062024645,0.0014409996,-0.0008081913,-0.0012812155,0.0011665516,0.013362179,0.002508463,0.0012143834,-0.0020922518,0.0022916584,-0.00033421442,-0.00028526102,-0.00026367645,0.00041670096,-0.00068113534,-0.0004300534,0.00089651614,-0.000102823986,0.000115714836,-0.0009054933,-0.0007822609,-0.0006327697,0.00032929506,0.0005272074,0.0015013386,4.5292923e-05
30,-0.0034330478,-0.03710034,-0.006540689,-0.0011797638,-0.014750041,-0.007547494,0.0062338607,-0.022065701,-0.002877023,0.01142685,0.0047754636,0.0019133822,-0.0047201854,0.008062389,-0.004123967,0.004800318,-0.0020382763,-0.0059453296,-0.008360306,-0.005566546,0.0034173145,0.002431885,0.00015073549,-0.0020822757,-0.00045126793,0.00028083645,0.00049921684,0.00027109712,0.002002526,0.002508463,0.008672626,-0.0007322087,0.0011295369,-0.0024338108,8.927251e-06,-0.0025753519,-0.0009823292,0.0005881701,-0.0004348925,0.00048909604,-0.0011176225,0.00017997871,-0.0005903451,0.00025716232,0.0005698862,0.00025183492,0.0005915998,0.0001623805,2.278818e-05,0.0014813724
31,0.004827246,0.02345279,0.026124947,-0.014319101,0.0051778527,-0.012365477,-0.0021310768,0.0077960286,0.008454318,-0.0048653055,0.0057419003,0.0026381277,-0.0055850074,-0.0030433754,0.0033764993,-0.004666509,-5.5873345e-05,0.00057467737,-0.0016799549,-0.003860428,-0.0014210104,0.0039295973,-0.0015829967,0.0005523055,0.0050927196,0.002080754,9.501736e-05,0.0006071258,-0.0013674987,0.0012143834,-0.0007322087,0.008514316,-0.0019424825,0.0009666969,0.0002459585,8.268572e-05,0.0005955902,-0.00058904814,0.00025803695,0.00040859298,0.0004752914,0.0009588959,-0.00047454075,-0.00082529127,-0.0013685625,0.00034378216,0.0005047946,-0.0010995605,0.0008239101,-0.00014988388
32,-0.0044049583,-0.02666606,-0.022476614,-0.008119017,-0.00093133945,-0.0058316095,-0.016025167,-0.0018281667,-0.00992467,-0.0006959268,-0.005179247,0.001429267,-0.00034849287,0.006854861,-0.00014976182,0.0021444098,0.00074056303,0.0017127825,0.0010474746,-0.00058265764,-0.0005348029,-0.00044690975,0.00041952488,0.00036596152,-0.0013267985,-0.0011030852,0.001061108,0.0016299267,0.0012721588,-0.0020922518,0.0011295369,-0.0019424825,0.0040147384,0.0006759173,0.000512661,-0.00058986904,-0.0008839115,-0.0006638247,0.00030247797,-0.00012283606,-4.762345e-06,-0.00081163284,-0.00044042902,0.0013598029,0.00045987402,3.2507538e-05,0.00023530667,-7.1845396e-05,0.00010733411,0.00073022314
33,-0.0042703385,-0.020754095,0.01795813,-0.021504356,0.030474314,0.00047503505,-0.00429571,0.00699158,-0.0063415477,0.0036780585,0.004864245,-0.0044409162,0.0025832,0.004863579,-0.0004425842,0.004809729,0.0011905632,0.0069706207,0.00022888594,0.0018383475,-0.004354041,-0.0025489419,-0.0034763543,-0.003095802,-0.0023570796,0.0016984986,-0.0013944873,0.0018115554,-0.003142647,0.0022916584,-0.0024338108,0.0009666969,0.0006759173,0.008005476,0.0013639366,0.00055607967,-0.0010558848,0.00062227837,0.001090449,0.00037672304,-0.0006165693,-0.00094044034,0.0002764219,-0.0001644683,-0.00019617025,-0.0006377371,0.00053351384,-0.0009274768,0.0012093848,-0.0002234181
34,0.00030225306,0.013931801,-0.013211768,-0.002948247,-0.008507907,-0.013167825,-0.008384321,-0.002084284,0.00015039419,-0.0016673626,0.005758488,0.00024194192,-0.0018503468,0.0003847212,0.0012138597,0.0036582518,0.0026784902,0.0008436139,-0.0007205738,-0.0008985275,-0.0003422295,0.0015507378,-0.0011954528,-0.0034831648,0.00064859877,-0.0015021272,0.00018124838,0.0010934053,9.65177e-05,-0.00033421442,8.927251e-06,0.0002459585,0.000512661,0.0013639366,0.0030256792,-0.00017552616,-0.00027182995,-5.8109497e-05,0.0005149929,-0.00048709207,0.00029534008,0.00063211226,0.00013284336,0.00052877184,-4.235498e-05,-0.0011427734,-0.00038149056,0.00032800285,-0.00013111415,-0.00023181117
35,-0.0040234756,-0.03370487,0.0067948746,0.0040508052,-0.0005932292,0.012871709,0.011892004,0.0054625906,-0.0011369237,-0.0019273879,0.00030078588,0.0023674036,-0.0022379411,0.001685126,0.0014431872,-0.00026624574,0.00068804645,0.003383873,0.003162478,-0.00016651349,0.00042386958,-0.004053589,2.4543933e-06,0.0005266777,-0.00061501283,0.0011746673,-0.002486633,0.00091480126,0.00063442066,-0.00028526102,-0.0025753519,8.268572e-05,-0.00058986904,0.00055607967,-0.00017552616,0.003111299,0.0004420635,-0.00070759834,-0.00022379513,-0.00035701809,3.274451e-05,-0.0006813713,0.00085335225,0.00014538856,-0.0002624083,-0.00021610572,-0.0005842487,-0.0001354879,-0.00015248926,-0.0014994966
36,0.0025234958,0.020387813,0.020196762,0.020774208,0.004443571,0.015629366,0.002914737,0.0017450026,0.0023100236,0.00050940947,-0.0016573452,0.008368157,0.005630292,-0.0022800642,0.005516378,-0.0031331833,0.00019294568,0.0033813096,-0.0007940802,0.0013060067,0.00083420187,0.0036839494,0.0020639398,0.00020328103,-0.00082908757,0.00076756405,0.002808134,-0.0005303658,-0.0015191701,-0.00026367645,-0.0009823292,0.0005955902,-0.0008839115,-0.0010558848,-0.00027182995,0.0004420635,0.003664673,0.0002850637,-0.00051208574,3.455668e-05,1.5399002e-05,-0.00010804368,-1.7820345e-05,-0.0005977528,-0.0010894841,-5.4226235e-05,0.0005887136,0.00062842,-0.00011783908,-0.00017478998
37,-0.0005489045,-0.004355942,0.011728691,0.0068810815,0.004634782,0.012190346,0.004302814,-6.6795794e-05,-0.0027646024,0.0044835797,-0.0036225603,-0.0020549905,0.0018099893,3.736239e-05,-0.0031275707,-0.002004323,0.0010501053,-0.00059166946,-0.000430219,-8.64395e-05,-0.00016971472,0.0005998719,-0.0019283749,-0.0007970821,-7.254009e-05,0.0009848516,0.0007594832,-0.0010642258,-0.0006903021,0.00041670096,0.0005881701,-0.00058904814,-0.0006638247,0.00062227837,-5.8109497e-05,-0.00070759834,0.0002850637,0.0020919226,-0.0009904637,-0.00036996798,-0.00065800315,-0.00043140032,-1.748645e-05,-0.0006188855,4.775448e-05,-0.00017706481,0.0003603869,0.00044018644,-0.0002760883,0.00013189975
38,-0.002992961,-0.03354787,0.003638809,0.0013036213,-0.00041209528,-0.00098814,0.001903598,-0.00600029,-0.0060758498,-0.002400985,0.0006937672,-0.0021685078,-0.0033529443,0.00049518456,-0.0029372878,-0.0031726945,0.0029296214,0.0024239533,0.0019006601,-0.00010565361,0.0026285606,-0.00050547963,0.00029718602,-0.00022428011,0.0013846026,-0.0012089671,0.0012693782,0.00076210254,-0.0018795454,-0.00068113534,-0.0004348925,0.00025803695,0.00030247797,0.001090449,0.0005149929,-0.00022379513,-0.00051208574,-0.0009904637,0.003384439,0.00026213677,0.00037184026,0.0004593153,0.00027423067,0.00013938003,-0.00033219744,-0.00047694484,-0.0002949215,-4.0633924e-05,0.00036295608,0.0006040238
39,0.0013041926,0.016430784,0.012975771,-0.012891198,0.013487771,0.0012014768,-0.005817758,-0.003915091,0.00227392,0.0012479064,-0.007404279,-0.003919268,0.0019387312,0.0011949115,-0.003829523,-0.003852411,-0.0009894294,0.0030000093,-0.0012123389,0.00068449945,-0.0025350514,-8.001487e-05,-0.00059225655,-0.001997022,0.0002374847,-0.00025399297,0.0004602772,-0.0026465869,-0.0009806149,-0.0004300534,0.00048909604,0.00040859298,-0.00012283606,0.00037672304,-0.00048709207,-0.00035701809,3.455668e-05,-0.00036996798,0.00026213677,0.0034877434,-0.00073571026,0.0008723557,0.00023630192,-0.00026718003,0.00033533064,0.0007087932,0.0003884311,-0.0002518128,-9.608707e-05,9.2062284e-05
40,0.0019724027,0.012949688,-0.0073295315,0.012598371,-0.0077020032,-0.0067907507,-0.0015935622,0.004147648,-0.0008306263,-0.0036851983,0.0045950525,0.0047528236,0.0008959591,-0.0019350026,0.0048473068,-0.00077187375,0.00025684817,-0.002465381,0.0030126045,1.9310806e-05,0.002486563,-0.00066743954,0.0012278219,0.0009155814,-0.00058148964,-0.00022164824,-0.000690251,0.00084020785,0.0010347996,0.00089651614,-0.0011176225,0.0004752914,-4.762345e-06,-0.0006165693,0.00029534008,3.274451e-05,1.5399002e-05,-0.00065800315,0.00037184026,-0.00073571026,0.00210088,0.00059857464,-0.00041382632,-4.7217974e-05,0.00019504795,0.00050316466,0.00019238633,2.3307894e-05,-0.00020451768,-0.0001334192
41,0.0046110936,0.03100801,0.011283157,-0.0010724929,0.0026826626,-0.011029236,-0.003211731,-0.0069432547,0.007120222,-0.00084169,0.0072464994,-0.0016746235,-0.00018763023,-0.0012974101,-0.0031674323,-0.0003370538,-0.0021590954,-0.0030014254,-0.00038428546,0.0009611421,0.0013567331,0.0007604114,-0.00045754277,-0.001760693,0.0024395268,-0.0011855527,-0.0021431122,0.00027494645,-0.001935217,-0.000102823986,0.00017997871,0.0009588959,-0.00081163284,-0.00094044034,0.00063211226,-0.0006813713,-0.00010804368,-0.00043140032,0.0004593153,0.0008723557,0.00059857464,0.0029671572,0.0003662216,7.6023396e-05,-2.0159592e-05,5.0787426e-06,0.00019165187,0.0003874949,-0.0009063534,0.0003871727
42,-0.0016679926,-0.010489181,0.009427981,-0.0034187827,0.00257404,0.013127102,0.0041224924,0.0014522023,-0.0037779894,-0.00078319304,-0.00040970632,-0.004331064,-0.0009967106,-0.0023152386,-0.001367843,0.0009098281,0.00080570765,0.00032437188,-0.0010806865,-0.0019120794,-0.0009206446,-0.0031477967,-0.0018028755,-0.00047164687,0.0004558476,-0.0023728888,-0.0013163526,-0.0013637535,-0.00014135733,0.000115714836,-0.0005903451,-0.00047454075,-0.00044042902,0.0002764219,0.00013284336,0.00085335225,-1.7820345e-05,-1.748645e-05,0.00027423067,0.00023630192,-0.00041382632,0.0003662216,0.0015437518,0.0004756621,0.00030526533,-0.0005012759,0.00014383992,0.0003143164,2.5250529e-06,-0.00025316054
43,0.00019863219,0.007286882,-0.021892693,-0.015528914,-0.009576203,-0.011210164,-0.0042193728,0.0066834935,-0.00070412754,-0.0023416316,-0.0002607784,-0.001528505,0.00018225012,0.0019546754,-0.0011873597,-0.0017653888,0.0019054085,-0.0006608802,-0.0022878337,-4.3721207e-05,-0.0008361413,-0.0015476473,0.0015173081,-0.0007419318,0.00047722625,-0.001869919,-0.0014179896,0.001155806,0.00011665012,-0.0009054933,0.00025716232,-0.00082529127,0.0013598029,-0.0001644683,0.00052877184,0.00014538856,-0.0005977528,-0.0006188855,0.00013938003,-0.00026718003,-4.7217974e-05,7.6023396e-05,0.0004756621,0.002033289,0.00041093858,-0.0005808575,0.00024748332,-2.1150414e-05,-0.00037134832,-0.00029452093
44,-0.002450209,-0.013807459,-0.018081125,-0.002357672,-0.0024994789,-0.0008067571,-0.0024488694,-9.294758e-05,-0.006489033,0.005336792,-0.004875457,-0.003185098,-0.00017266038,0.00233444,0.00097422744,0.003945511,-0.00034116232,-0.001985972,-0.00075421674,0.0003806463,0.00039791048,-0.00016242455,0.0013577768,-0.0013766774,-0.0005748754,-0.0008393286,-0.0019737761,-0.0015353176,0.00046203527,-0.0007822609,0.0005698862,-0.0013685625,0.00045987402,-0.00019617025,-4.235498e-05,-0.0002624083,-0.0010894841,4.775448e-05,-0.00033219744,0.00033533064,0.00019504795,-2.0159592e-05,0.00030526533,0.00041093858,0.0016186158,0.00025159324,0.00019659303,-0.00013653,5.0997594e-05,-7.168738e-05
45,0.0007200184,0.0075273565,0.0128054,0.0039527183,0.00860359,4.1269188e-05,0.0031621666,-0.0037073814,0.0013897519,0.004218667,-0.000990551,0.0032534604,0.00047169946,0.0013711818,-0.0005530227,-0.004059748,-0.0039726356,-0.0018199068,0.0028203768,0.0010891028,-0.0027234433,-0.0015085256,0.00014540271,0.0010955893,-0.0022587217,0.00032737866,-0.0006479211,6.466961e-05,0.00095293566,-0.0006327697,0.00025183492,0.00034378216,3.2507538e-05,-0.0006377371,-0.0011427734,-0.00021610572,-5.4226235e-05,-0.00017706481,-0.00047694484,0.0007087932,0.00050316466,5.0787426e-06,-0.0005012759,-0.0005808575,0.00025159324,0.0023810356,0.00045581712,-0.0006476011,-8.866738e-05,0.00022784356
46,0.0005904016,0.003269955,0.0062164417,-0.0036914698,0.010726735,0.0010905643,-0.0029140052,0.0027483634,-0.0051510246,0.0019592305,0.00095555803,-0.00071378314,0.0022667628,-0.00094861246,0.0030525345,-0.00019642821,-0.0015940046,3.8918228e-05,-0.0006748708,-0.0005173293,-0.0002642022,0.0010920239,-0.000904843,0.00015011917,0.00034826086,-0.00020066163,-0.00032431062,0.00035823754,-0.00033398235,0.00032929506,0.0005915998,0.0005047946,0.00023530667,0.00053351384,-0.00038149056,-0.0005842487,0.0005887136,0.0003603869,-0.0002949215,0.0003884311,0.00019238633,0.00019165187,0.00014383992,0.00024748332,0.00019659303,0.00045581712,0.00155787,-0.0003709056,-0.00014898318,0.00032761163
47,0.00065395667,0.00787032,0.0025913352,0.011345368,-0.0054948544,0.0065905727,-0.000263711,-0.0018742331,0.00063065055,-0.00024570717,-0.0003296709,0.0014243091,0.0033597108,4.5844306e-05,-0.0015493105,0.00064849446,0.0015848072,-0.0012807981,-0.0004933787,0.0012864261,0.0011306019,-0.0012371682,0.000572484,1.7131395e-05,-0.0009568211,-4.6585512e-05,0.00081116124,-0.0009543662,-0.00070223707,0.0005272074,0.0001623805,-0.0010995605,-7.1845396e-05,-0.0009274768,0.00032800285,-0.0001354879,0.00062842,0.00044018644,-4.0633924e-05,-0.0002518128,2.3307894e-05,0.0003874949,0.0003143164,-2.1150414e-05,-0.00013653,-0.0006476011,-0.0003709056,0.0014434617,-0.00020114107,9.902567e-05
48,-0.0013638444,-0.006053105,0.00019795934,-0.0036955765,0.003076138,0.0029290784,-0.0018825077,0.0016126388,-0.0022703183,0.0015129801,-0.0010542632,-0.00015738697,0.0011979652,-0.00016126537,0.0028917578,0.00398789,0.00047570927,0.00084537925,-0.0021099413,-0.0008088167,-0.0011640708,0.00015987831,0.00015052926,0.0006765721,-0.001251616,9.438103e-05,0.0010585623,-0.0011676194,2.4410885e-05,0.0015013386,2.278818e-05,0.0008239101,0.00010733411,0.0012093848,-0.00013111415,-0.00015248926,-0.00011783908,-0.0002760883,0.00036295608,-9.608707e-05,-0.00020451768,-0.0009063534,2.5250529e-06,-0.00037134832,5.0997594e-05,-8.866738e-05,-0.00014898318,-0.00020114107,0.0012798532,0.00032074645
49,-0.0006432256,-0.010222588,0.00624102,0.002433708,0.0050362763,0.0007909614,-0.0019633244,-0.0075758463,-0.0031221353,0.0024734635,0.00038437406,-0.0020300034,-0.00014452211,-0.00063846505,-0.0014917573,0.0019173812,-0.0010109972,-0.0009879323,-0.0006286164,-0.0007840458,0.0005871046,0.001555319,-0.00092099304,0.0008457796,0.0008908368,-0.00027947564,0.0014419773,-0.00031205805,-0.00031554105,4.5292923e-05,0.0014813724,-0.00014988388,0.00073022314,-0.0002234181,-0.00023181117,-0.0014994966,-0.00017478998,0.00013189975,0.0006040238,9.2062284e-05,-0.0001334192,0.0003871727,-0.00025316054,-0.00029452093,-7.168738e-05,0.00022784356,0.00032761163,9.902567e-05,0.00032074645,0.0013469912
