,0,1,2,3,4,5,6,7,8,9,10,11,12,13,14,15,16,17,18,19,20,21,22,23,24,25,26,27,28,29,30,31,32,33,34,35,36,37,38,39,40,41,42,43,44,45,46,47,48,49
0,479.01413,0.052629657,-3.0117111,-0.96804035,0.5961559,0.13586526,0.045589417,-0.018890861,-0.04545965,0.028581638,-0.05967538,0.023890514,-0.0139625985,-0.031284362,0.0047884015,0.013381177,0.007264341,-0.0027218396,0.005132331,-0.0031434856,0.000979501,0.014092368,0.009529291,-0.0034575681,-0.0026876645,-0.0067783855,-0.00036178774,0.00088102405,-0.004065221,0.003734277,0.0018310898,0.0028086426,0.00091638946,0.000298268,0.0014819545,-0.0011754867,0.001467817,0.0009033785,0.0010671692,-0.00012864264,0.00049576035,0.00033750778,0.001040717,0.0004093541,-0.0013038676,0.0008784806,0.0007483252,-0.0015443524,0.0006531145,3.4521585e-05
1,0.052629657,115.87428,48.390186,-1.0872617,-0.66778564,-0.019318592,0.009623185,-0.0057596383,-0.018204454,0.008369858,0.009569941,0.023429502,-0.020202339,-0.002104594,-0.00032747939,-0.0063068764,-0.0028393667,0.0075860517,0.00059488055,0.0011894089,-0.003473939,0.0070101786,-0.0010815168,-0.005856131,-0.0041813306,-0.0053657815,-0.0035882243,-0.0016392805,-0.00025097484,0.004054099,0.0025012454,0.0005990414,-0.0003811668,-0.0018839438,0.0018531269,-0.00075759034,0.00080441125,0.00096099207,-0.0006578398,0.0002672288,0.0013327107,-0.00013585971,0.0012644806,0.00049748155,-0.0006031809,4.1002742e-05,-9.085281e-05,0.0005522343,0.0008809272,-0.00013377635
2,-3.0117111,48.390186,20.820978,0.38635543,0.25379807,-0.024980161,-0.020489065,0.012952607,0.018202152,-0.0057103205,0.0038988974,-0.016090471,0.013433163,0.0013588939,0.00020269363,-0.005470033,-0.0016312464,-0.0032792725,0.00066635414,-0.0018639371,0.0044842856,0.0010916694,0.0012611037,0.0008779015,0.0027171155,-0.0016467706,0.0020820354,-0.00393565,0.0025767107,0.0002199807,0.00020118298,0.00052180735,-0.0022964224,0.0013304095,0.0004613153,0.0012720035,0.00068903825,-0.0007839489,0.0012718849,-7.280656e-05,-3.775889e-05,-0.00016100901,-0.00030958364,-0.0005300153,0.00058639346,-0.00030133594,-0.00066863117,0.0005890615,-0.00030844452,0.00010676674
3,-0.96804035,-1.0872617,0.38635543,1.9893702,0.46097213,0.043191075,0.025763594,-0.0130742295,-0.017918402,0.02527613,-0.027359808,0.013964575,-0.012925297,-0.01508067,0.0035997434,0.00828821,0.0075673936,0.0017934107,0.0034684455,-0.0021279317,0.0007910009,0.008916773,0.0048350366,-0.0011827096,-0.0019374327,-0.0043537514,6.5766464e-05,-6.8294714e-05,0.000606265,0.0047708834,0.0015700278,0.0022294826,-0.0014261231,0.0008404879,0.00041607156,0.0004466105,0.0017179832,-8.415836e-06,0.00036795676,0.0007541289,0.0005070413,0.00010121372,0.0006623946,-3.5198915e-05,-0.00014390619,-0.0001263673,0.00048326165,-0.0007083619,0.00055483734,0.0005122062
4,0.5961559,-0.66778564,0.25379807,0.46097213,0.9306137,-0.081266016,-0.057167143,0.03034725,0.034445807,-0.041104287,0.056184933,-0.029026084,0.018214555,0.026303306,-0.008288007,-0.017532192,-0.010711363,-0.0017247075,-0.006195166,0.006905527,-0.0026017171,-0.0146308765,-0.0076750396,0.0013018763,0.003741943,0.006655166,-0.0016925295,-0.0011253842,0.001476099,-0.0063967328,-0.002804575,-0.0038676723,0.0014760466,-0.0026786388,0.0010934037,-0.001239249,-0.0028464478,-0.0003817718,-0.00061525754,-0.00046185197,-0.0013723187,-0.00034911,-0.0006414907,0.0013796835,0.00043149194,-0.00031482437,-0.0010705928,0.0015781664,-0.0012180594,-0.00084914267
5,0.13586526,-0.019318592,-0.024980161,0.043191075,-0.081266016,0.09576274,-0.0060363896,0.004041358,0.015006084,0.012876047,0.0103956275,0.008273193,-0.008980912,0.006789865,0.001303884,0.0038311349,0.0013112399,0.004158694,0.00473215,-0.0045011155,-0.00062349206,0.004763452,-0.0019735377,0.0009220898,-0.001516039,-0.0010760464,0.0028243235,-0.0014579295,0.0036400275,0.0043114075,0.0011805198,0.0017669369,-0.0032424317,0.0013025564,-0.0010543461,0.0016187765,0.0023465236,0.00018347862,0.0005914393,0.00012183076,0.00122648,0.00025852997,0.0002703709,-0.0013533705,0.0003700205,-0.00041567895,-0.00030284518,0.00058229145,0.0006116813,0.0007497636
6,0.045589417,0.009623185,-0.020489065,0.025763594,-0.057167143,-0.0060363896,0.020590471,0.0014999732,-0.014581198,0.008382408,-0.0040877634,0.00082623266,-0.0008657442,-0.0043827347,0.0029803207,0.000503254,0.0003029189,0.0018757655,0.00029530015,0.0020364881,0.0013463739,-0.0015192796,-0.00033925736,0.00015098523,1.0508595e-05,-0.0017590643,-9.975699e-05,0.00024027436,-0.000674624,0.001546883,-0.0006510059,0.0005219336,0.00024016318,-9.473748e-05,0.0012753278,-0.0010423749,0.00047588182,-0.0004646061,0.00017346769,0.00025579322,-0.00063944486,-7.5556045e-06,-0.00020293718,0.00021084676,0.00026483752,-0.00072583766,0.00027712953,-0.00014463188,2.8992465e-05,-0.00040926042
7,-0.018890861,-0.0057596383,0.012952607,-0.0130742295,0.03034725,0.004041358,0.0014999732,0.03643915,-0.0043739257,-0.005363849,0.007998504,-0.0049160575,-0.0016735431,-0.0009641575,0.00014640733,0.0021750117,0.0016818914,-0.0039911545,-0.0010188582,0.0014612676,0.0019265525,-0.0014515205,-0.00031113112,-0.0006288546,-0.00021523601,-0.0015021645,-0.00043979048,-0.0004120454,0.0015987467,0.00028677916,0.00082723226,0.0008572816,-0.00037828577,0.00036028406,0.0007206915,0.00044670422,0.0003560126,-0.00035035668,0.0007332832,0.00012800566,0.0003959741,-0.00029644946,0.00053359277,0.00030324858,0.0005073609,-0.000623207,0.00013547979,0.00040502188,8.3170795e-05,0.0004874343
8,-0.04545965,-0.018204454,0.018202152,-0.017918402,0.034445807,0.015006084,-0.014581198,-0.0043739257,0.030343128,-0.0056942943,0.002482338,0.004401015,0.0032795803,0.0007188481,0.0020352951,0.00050171674,-0.00039122545,-0.00036009186,0.0014761633,-0.0015358535,0.0014707581,-0.0005597676,-0.0017379038,0.00032846455,-0.00026169833,-0.0017213351,7.3355564e-05,-0.0009375744,-0.00037678692,-0.00096812507,0.00067769573,0.0002554945,7.913541e-06,0.0009877335,-0.000541891,4.8112004e-05,0.00010005702,-0.0007840013,0.00047370006,-0.00054866076,0.00051779125,0.00034206128,-0.00032486013,-0.00074999325,-0.00016102329,0.00028615445,-0.00015392454,-7.418347e-05,0.0002354921,0.00011238652
9,0.028581638,0.008369858,-0.0057103205,0.02527613,-0.041104287,0.012876047,0.008382408,-0.005363849,-0.0056942943,0.02043763,0.001937398,-0.0007090318,0.00079076266,-0.0021245682,0.004945351,0.0015392432,0.00024357543,0.001403825,0.0012333894,0.00043255475,-0.0004832158,0.00021875936,-1.1728198e-05,-0.0007686975,0.00070124364,0.0010102254,0.0013643288,-0.0007807868,0.0003841853,-9.06468e-05,0.00018876072,2.5176e-05,-0.00025999366,9.3667775e-05,0.00059291086,-9.495235e-05,0.0004973106,-8.479094e-05,-1.4025947e-05,-0.00012355464,0.00042671617,0.00022519898,-7.473229e-05,-0.00012500545,-5.2876745e-05,-8.579481e-05,-9.388878e-05,6.3899264e-05,-0.00026783347,5.0663388e-05
10,-0.05967538,0.009569941,0.0038988974,-0.027359808,0.056184933,0.0103956275,-0.0040877634,0.007998504,0.002482338,0.001937398,0.02149135,-9.6710035e-05,4.2897213e-05,0.002866875,-0.0024942525,-0.0007181105,0.00030448032,0.0020362567,0.00063574704,0.0014828228,-0.00030571892,0.000116829106,-0.00029181273,-0.001428664,0.000358258,0.00022154741,0.00015744736,7.530377e-06,-7.420583e-05,0.00020088587,-4.9063915e-06,-0.00050778175,-2.9135634e-05,-0.00066934864,0.00015074009,-0.00041729555,0.00014018135,0.00028950768,0.00019282964,-0.00037710226,0.00035460628,-6.0361857e-05,2.7716764e-05,0.00015248268,-0.00020590628,5.7569312e-05,-0.00048620038,0.00010267498,6.598948e-05,-0.00014638211
11,0.023890514,0.023429502,-0.016090471,0.013964575,-0.029026084,0.008273193,0.00082623266,-0.0049160575,0.004401015,-0.0007090318,-9.6710035e-05,0.018093357,-0.0028770873,-0.0018085374,-0.0009834452,0.0006699412,0.00084318354,0.00023710312,-0.0014827093,0.0012815574,0.0009306929,-0.00045207137,-0.0005098027,3.1840777e-05,-2.1959662e-05,-7.197619e-05,-0.00020872832,-3.3598975e-05,0.00034577557,5.4922166e-05,-0.000119956094,8.6797e-05,0.00058856985,-0.00055209803,-0.0001501168,0.00022980754,-0.0002519401,-0.00016840348,-0.00042967274,0.00038193597,0.00014550568,9.13026e-05,2.8710154e-05,0.00041139085,0.00016384496,-2.0869846e-05,-0.00036158424,0.00032104424,-4.1908876e-05,0.00015679147
12,-0.0139625985,-0.020202339,0.013433163,-0.012925297,0.018214555,-0.008980912,-0.0008657442,-0.0016735431,0.0032795803,0.00079076266,4.2897213e-05,-0.0028770873,0.016290551,-0.0012619065,0.0007619917,0.00033385487,0.0016056993,0.0011196688,-0.0005149153,0.0009841258,0.00059337635,0.00071606284,0.0009765606,-0.000108165754,0.0010369385,0.00017114807,-0.00037986418,-0.0003161549,0.0008412923,0.0001529497,-0.00022156555,4.0253195e-05,3.3947697e-05,0.00039109986,0.00039146614,-0.00012760973,0.000102230944,-0.00034198735,-0.00011991797,0.00028968247,-9.271039e-05,0.00021848627,-0.00035119543,0.00027619512,-5.9402777e-05,-9.2347385e-05,0.000108302906,0.0003565937,-4.9048896e-05,-1.9442503e-05
13,-0.031284362,-0.002104594,0.0013588939,-0.01508067,0.026303306,0.006789865,-0.0043827347,-0.0009641575,0.0007188481,-0.0021245682,0.002866875,-0.0018085374,-0.0012619065,0.011696833,0.002473436,-0.00060489785,2.3730172e-05,0.00054221135,0.0016643642,-0.000310036,-0.00063442485,0.0006251093,0.00014507608,0.001049796,6.010224e-05,0.0008727623,-0.00024035497,0.00060274336,-0.00036610194,0.00033951877,-0.0004645813,9.000659e-05,0.00032091356,-2.1801638e-06,-0.00012803904,0.00045636698,0.00036047748,0.00018165764,-0.00045079557,0.00021456246,-0.00027507264,-0.00015486465,0.00026360364,0.0001091983,0.0002500169,-0.000255062,5.1552423e-05,2.5422869e-05,-0.0002027319,4.2772645e-05
14,0.0047884015,-0.00032747939,0.00020269363,0.0035997434,-0.008288007,0.001303884,0.0029803207,0.00014640733,0.0020352951,0.004945351,-0.0024942525,-0.0009834452,0.0007619917,0.002473436,0.010318151,-0.002217491,0.0016125721,-0.00017780787,-0.0003098587,0.0010061294,-0.00012184949,-0.0005168369,-0.0006687413,4.016343e-05,-0.00014717109,-0.0007256251,-5.4975866e-05,0.00076405704,-4.1812113e-05,-0.00020543471,3.8976978e-06,7.74909e-05,0.00013383973,0.00010957499,0.00020059099,9.2276256e-05,-7.714458e-05,-0.0001003057,0.00036561984,-0.0002846871,-2.3538434e-05,1.315857e-05,0.00013712632,5.2131025e-05,3.2728265e-05,-0.00017877901,7.1121234e-05,-0.0001161972,7.6051496e-05,0.000106163556
15,0.013381177,-0.0063068764,-0.005470033,0.00828821,-0.017532192,0.0038311349,0.000503254,0.0021750117,0.00050171674,0.0015392432,-0.0007181105,0.0006699412,0.00033385487,-0.00060489785,-0.002217491,0.010954693,0.0014493418,7.377598e-05,0.0010920523,5.152628e-05,-0.0004120182,-0.00033612043,-0.00054050365,0.00022066945,0.0004915837,0.00023162377,-0.0003690605,0.00075404515,-0.00016068129,-0.0005402707,-0.00028621254,0.00021106035,-0.0001499441,-0.00019572162,-4.8425696e-05,2.386545e-06,9.0440866e-05,-2.2023702e-05,4.5762405e-05,-0.00047799567,-2.6235898e-06,5.747973e-05,-0.00011730452,-0.00011932298,5.3593518e-05,-0.00015578908,5.7717916e-05,-2.1190557e-05,9.665478e-06,8.569364e-05
16,0.007264341,-0.0028393667,-0.0016312464,0.0075673936,-0.010711363,0.0013112399,0.0003029189,0.0016818914,-0.00039122545,0.00024357543,0.00030448032,0.00084318354,0.0016056993,2.3730172e-05,0.0016125721,0.0014493418,0.0065148766,0.000131243,0.00043998158,-0.00031393836,-6.601766e-05,9.532973e-05,-0.00041287378,0.00041397367,-0.00046427277,0.0006212711,0.00027586543,0.00017236659,9.609018e-05,-0.00019054508,-0.00014733704,-0.00013461123,0.0005629468,-1.4456568e-06,-0.00018520371,0.0001674105,4.7043495e-06,9.399479e-05,5.4697957e-05,-6.8120076e-05,0.00036206766,-0.00036715466,0.00038429495,9.483773e-05,-9.47191e-05,0.00020304907,-7.045092e-05,1.2347125e-05,0.00019895434,-0.00010621933
17,-0.0027218396,0.0075860517,-0.0032792725,0.0017934107,-0.0017247075,0.004158694,0.0018757655,-0.0039911545,-0.00036009186,0.001403825,0.0020362567,0.00023710312,0.0011196688,0.00054221135,-0.00017780787,7.377598e-05,0.000131243,0.009038868,-0.0005691085,-0.00039577647,8.762679e-05,-0.0006224619,0.00025855805,-5.637236e-05,-0.00059249264,-0.0004892967,-0.0003124977,-1.480637e-06,0.00018802247,5.2740845e-05,0.00023225819,-0.0006358042,2.537245e-06,-2.2515034e-05,-1.5124839e-05,0.00016601908,9.9579636e-05,0.0003180268,0.00014684058,-0.00028122915,-0.00022965728,-0.00020658047,7.327636e-05,5.6107223e-05,0.00027702178,-0.00011349967,-1.3746054e-05,-5.504007e-05,3.5028403e-05,0.00016118152
18,0.005132331,0.00059488055,0.00066635414,0.0034684455,-0.006195166,0.00473215,0.00029530015,-0.0010188582,0.0014761633,0.0012333894,0.00063574704,-0.0014827093,-0.0005149153,0.0016643642,-0.0003098587,0.0010920523,0.00043998158,-0.0005691085,0.0066386005,7.322719e-05,0.0006929841,-0.00024171233,0.00042401455,-0.00035471958,-0.0004471492,-0.0002119095,0.00021664341,-0.00018447291,-0.0003497023,0.0003940656,-0.00014492734,-6.9289614e-05,-4.8722384e-05,-0.00012733854,0.00013144827,-0.0005024599,-0.0003960299,-2.9211473e-05,-5.550892e-05,0.00033319683,-5.4782413e-05,0.0003252485,-5.1883217e-05,9.353832e-06,-2.2523323e-06,0.00014250593,-3.3197233e-05,3.257449e-05,-8.5952815e-06,-1.3551571e-05
19,-0.0031434856,0.0011894089,-0.0018639371,-0.0021279317,0.006905527,-0.0045011155,0.0020364881,0.0014612676,-0.0015358535,0.00043255475,0.0014828228,0.0012815574,0.0009841258,-0.000310036,0.0010061294,5.152628e-05,-0.00031393836,-0.00039577647,7.322719e-05,0.0036835151,0.00037499634,-0.00043800237,-0.0004046507,0.0005217998,0.0002289988,-0.0001172103,-0.0001131606,0.00011232761,-0.00053230836,0.00010662135,-0.0003814976,-0.0004025506,-0.00011389426,1.8187043e-06,1.871761e-06,-6.770235e-05,-0.0001507264,0.00014739543,-0.00021204862,-7.277998e-05,-0.00012569278,4.816549e-05,-0.0001021952,0.00011026452,-0.00012553856,-9.061043e-05,0.00013444088,2.8231187e-05,-0.00015504044,0.00018469284
20,0.000979501,-0.003473939,0.0044842856,0.0007910009,-0.0026017171,-0.00062349206,0.0013463739,0.0019265525,0.0014707581,-0.0004832158,-0.00030571892,0.0009306929,0.00059337635,-0.00063442485,-0.00012184949,-0.0004120182,-6.601766e-05,8.762679e-05,0.0006929841,0.00037499634,0.0062329876,0.0001897845,0.0002636264,-0.00029272816,0.0001878092,-0.00017699755,0.0006470343,0.00030667632,0.00011461208,-1.381824e-05,-0.0003041388,-0.00016491604,0.000118289856,-0.00021855108,8.751979e-05,8.919417e-05,0.00043921784,0.00019677775,-1.5108526e-05,-0.00016371883,-0.00019325051,-0.00017957135,9.077591e-05,-2.0215462e-05,0.0001579141,6.7825014e-05,0.0002934066,1.7603685e-05,-5.709655e-05,-8.8536064e-05
21,0.014092368,0.0070101786,0.0010916694,0.008916773,-0.0146308765,0.004763452,-0.0015192796,-0.0014515205,-0.0005597676,0.00021875936,0.000116829106,-0.00045207137,0.00071606284,0.0006251093,-0.0005168369,-0.00033612043,9.532973e-05,-0.0006224619,-0.00024171233,-0.00043800237,0.0001897845,0.005343004,-1.9649185e-06,5.3298572e-05,-0.00012218619,-0.0002217647,-0.00014321772,7.4081094e-05,-0.00018561486,-2.5283756e-05,0.00035025046,-0.00015203762,-7.370785e-05,-0.00025560177,4.2650834e-05,9.301022e-06,-0.00023396664,-5.0002785e-05,8.773414e-05,-0.00010196829,-2.1842654e-05,-6.217506e-05,7.024349e-05,3.8139842e-05,8.210378e-05,-0.000120369674,1.7164582e-05,0.000106061074,3.7473445e-05,8.076451e-05
22,0.009529291,-0.0010815168,0.0012611037,0.0048350366,-0.0076750396,-0.0019735377,-0.00033925736,-0.00031113112,-0.0017379038,-1.1728198e-05,-0.00029181273,-0.0005098027,0.0009765606,0.00014507608,-0.0006687413,-0.00054050365,-0.00041287378,0.00025855805,0.00042401455,-0.0004046507,0.0002636264,-1.9649185e-06,0.00423733,-4.6930792e-05,-3.291639e-05,-0.00022089161,5.3462667e-05,0.0001402077,-0.0001678814,-0.00019339903,-3.9434854e-05,0.00014433012,0.00030859286,-8.158808e-06,-0.0002571518,0.0004753503,0.00017906689,0.00013431718,0.00018389344,-9.563386e-05,0.0002242566,0.00013139777,1.8347346e-05,2.4607703e-05,-0.00014456555,7.083385e-05,-0.00015991429,3.7137084e-05,-7.7056284e-05,5.9630373e-05
23,-0.0034575681,-0.005856131,0.0008779015,-0.0011827096,0.0013018763,0.0009220898,0.00015098523,-0.0006288546,0.00032846455,-0.0007686975,-0.001428664,3.1840777e-05,-0.000108165754,0.001049796,4.016343e-05,0.00022066945,0.00041397367,-5.637236e-05,-0.00035471958,0.0005217998,-0.00029272816,5.3298572e-05,-4.6930792e-05,0.0037249574,3.0545147e-05,6.584448e-05,0.0006348362,-0.00020574452,-0.00014006766,6.648236e-05,0.00017182328,0.00019219407,6.1707855e-05,-0.00015437586,2.1349704e-05,-4.4781795e-05,0.0001986449,-6.0903716e-05,0.00018175712,-1.0153883e-05,-7.423536e-05,0.000104008606,-7.801072e-05,0.00015595663,4.872193e-05,8.3051564e-05,3.594144e-05,0.00011442353,-4.6898633e-05,-8.505244e-05
24,-0.0026876645,-0.0041813306,0.0027171155,-0.0019374327,0.003741943,-0.001516039,1.0508595e-05,-0.00021523601,-0.00026169833,0.00070124364,0.000358258,-2.1959662e-05,0.0010369385,6.010224e-05,-0.00014717109,0.0004915837,-0.00046427277,-0.00059249264,-0.0004471492,0.0002289988,0.0001878092,-0.00012218619,-3.291639e-05,3.0545147e-05,0.0033234474,9.864764e-05,0.0003207335,-6.3589934e-05,-0.0005418034,0.00039566492,0.00022268489,-0.00011950558,0.00015314939,5.952525e-05,-0.00027862177,1.3588955e-05,-0.0001335258,0.00023600706,4.192986e-05,6.8342255e-05,-3.4616904e-05,9.759169e-05,0.00010269374,-0.00010549008,0.0002356451,1.8396388e-06,-0.00011099099,-6.0405684e-05,0.0001102105,0.00014963475
25,-0.0067783855,-0.0053657815,-0.0016467706,-0.0043537514,0.006655166,-0.0010760464,-0.0017590643,-0.0015021645,-0.0017213351,0.0010102254,0.00022154741,-7.197619e-05,0.00017114807,0.0008727623,-0.0007256251,0.00023162377,0.0006212711,-0.0004892967,-0.0002119095,-0.0001172103,-0.00017699755,-0.0002217647,-0.00022089161,6.584448e-05,9.864764e-05,0.003656007,6.114724e-05,-0.00014065081,0.00017153955,-0.00019199084,-2.8097646e-05,-0.00012211804,-2.9768056e-05,0.00012326596,5.2629697e-05,1.0661053e-05,5.5327455e-05,4.0191382e-05,0.00017192672,-3.7759586e-05,-2.4895791e-05,-4.2948333e-05,6.413575e-05,-1.4105114e-05,6.9336544e-05,5.950045e-05,7.809836e-05,7.105305e-05,0.000100465084,3.2707503e-05
26,-0.00036178774,-0.0035882243,0.0020820354,6.5766464e-05,-0.0016925295,0.0028243235,-9.975699e-05,-0.00043979048,7.3355564e-05,0.0013643288,0.00015744736,-0.00020872832,-0.00037986418,-0.00024035497,-5.4975866e-05,-0.0003690605,0.00027586543,-0.0003124977,0.00021664341,-0.0001131606,0.0006470343,-0.00014321772,5.3462667e-05,0.0006348362,0.0003207335,6.114724e-05,0.0027915894,-0.00013003168,0.00040028844,-3.4129574e-05,-0.00011049586,-0.00017462124,4.7997513e-05,-2.1415075e-05,-0.00011452134,9.2683134e-05,-2.643681e-05,-0.00011835432,-0.00010981188,0.00015379552,-3.889582e-05,-4.8436254e-05,-5.2760246e-05,-0.00015064856,3.979767e-05,7.1381786e-05,-0.00011285322,-6.532555e-05,-5.7758065e-05,-0.00012412845
27,0.00088102405,-0.0016392805,-0.00393565,-6.8294714e-05,-0.0011253842,-0.0014579295,0.00024027436,-0.0004120454,-0.0009375744,-0.0007807868,7.530377e-06,-3.3598975e-05,-0.0003161549,0.00060274336,0.00076405704,0.00075404515,0.00017236659,-1.480637e-06,-0.00018447291,0.00011232761,0.00030667632,7.4081094e-05,0.0001402077,-0.00020574452,-6.3589934e-05,-0.00014065081,-0.00013003168,0.0030003798,0.00010555233,0.000110803594,9.353084e-06,-0.00017887275,0.00023726377,0.00025268405,-0.00013774582,-1.0803956e-05,-9.61738e-05,-5.3300093e-05,9.53783e-05,5.3014744e-05,1.2678714e-05,4.690595e-05,-5.6832083e-05,-7.4263295e-07,-2.8266566e-05,0.00017302675,-0.00012416193,0.00010567016,-1.7773287e-05,-7.0474816e-05
28,-0.004065221,-0.00025097484,0.0025767107,0.000606265,0.001476099,0.0036400275,-0.000674624,0.0015987467,-0.00037678692,0.0003841853,-7.420583e-05,0.00034577557,0.0008412923,-0.00036610194,-4.1812113e-05,-0.00016068129,9.609018e-05,0.00018802247,-0.0003497023,-0.00053230836,0.00011461208,-0.00018561486,-0.0001678814,-0.00014006766,-0.0005418034,0.00017153955,0.00040028844,0.00010555233,0.0024033997,0.00012942258,8.931239e-05,3.291401e-05,0.00022228836,-3.1328367e-05,-6.758759e-05,7.086343e-05,-0.00013770632,4.8024132e-05,6.96108e-05,0.00015191958,-9.1992115e-05,0.00014349194,3.5235425e-06,3.0266532e-05,1.681555e-07,-8.626482e-05,-3.586504e-05,9.3880095e-05,-4.1612908e-05,8.241802e-05
29,0.003734277,0.004054099,0.0002199807,0.0047708834,-0.0063967328,0.0043114075,0.001546883,0.00028677916,-0.00096812507,-9.06468e-05,0.00020088587,5.4922166e-05,0.0001529497,0.00033951877,-0.00020543471,-0.0005402707,-0.00019054508,5.2740845e-05,0.0003940656,0.00010662135,-1.381824e-05,-2.5283756e-05,-0.00019339903,6.648236e-05,0.00039566492,-0.00019199084,-3.4129574e-05,0.000110803594,0.00012942258,0.002412407,-0.00018365188,1.2486089e-05,-3.222361e-05,7.01985e-05,6.21067e-05,-0.000103517916,-2.374349e-05,-2.8192413e-05,0.00014720361,-0.0001191241,4.1616986e-05,-1.7557853e-05,1.1567836e-05,-8.316757e-05,-3.0069418e-06,6.430184e-05,6.772304e-05,-1.612206e-05,0.000118907796,-1.0002368e-06
30,0.0018310898,0.0025012454,0.00020118298,0.0015700278,-0.002804575,0.0011805198,-0.0006510059,0.00082723226,0.00067769573,0.00018876072,-4.9063915e-06,-0.000119956094,-0.00022156555,-0.0004645813,3.8976978e-06,-0.00028621254,-0.00014733704,0.00023225819,-0.00014492734,-0.0003814976,-0.0003041388,0.00035025046,-3.9434854e-05,0.00017182328,0.00022268489,-2.8097646e-05,-0.00011049586,9.353084e-06,8.931239e-05,-0.00018365188,0.0018550877,-0.00012271586,0.00024193423,0.00011251452,0.00011841042,-0.00014458664,0.00015129018,0.00019531559,8.1437975e-05,1.4740463e-05,-4.342403e-05,-4.6777066e-05,5.93519e-06,5.4326883e-05,1.9564737e-05,0.00013955911,5.007153e-05,-1.5497699e-05,7.5034026e-05,3.0437257e-05
31,0.0028086426,0.0005990414,0.00052180735,0.0022294826,-0.0038676723,0.0017669369,0.0005219336,0.0008572816,0.0002554945,2.5176e-05,-0.00050778175,8.6797e-05,4.0253195e-05,9.000659e-05,7.74909e-05,0.00021106035,-0.00013461123,-0.0006358042,-6.9289614e-05,-0.0004025506,-0.00016491604,-0.00015203762,0.00014433012,0.00019219407,-0.00011950558,-0.00012211804,-0.00017462124,-0.00017887275,3.291401e-05,1.2486089e-05,-0.00012271586,0.0019228667,0.000110365494,3.3902455e-05,2.4616977e-05,3.6229856e-05,8.668899e-05,0.00018500337,9.975227e-05,-0.00012802842,-8.684992e-08,-3.2966986e-05,9.610185e-06,3.2336167e-05,0.00012283865,3.735324e-05,7.397012e-06,8.548201e-05,-2.7979255e-05,-1.7079652e-05
32,0.00091638946,-0.0003811668,-0.0022964224,-0.0014261231,0.0014760466,-0.0032424317,0.00024016318,-0.00037828577,7.913541e-06,-0.00025999366,-2.9135634e-05,0.00058856985,3.3947697e-05,0.00032091356,0.00013383973,-0.0001499441,0.0005629468,2.537245e-06,-4.8722384e-05,-0.00011389426,0.000118289856,-7.370785e-05,0.00030859286,6.1707855e-05,0.00015314939,-2.9768056e-05,4.7997513e-05,0.00023726377,0.00022228836,-3.222361e-05,0.00024193423,0.000110365494,0.0016047776,-6.5863554e-05,9.071226e-05,-0.00031440245,-0.00014078211,-3.0153213e-05,-7.8390396e-05,-4.9549208e-06,0.000134769,-1.5272411e-05,6.160335e-05,-1.2676424e-05,5.6231882e-05,-0.00010054854,4.0507435e-05,-4.4436914e-05,5.0017337e-05,4.4356042e-05
33,0.000298268,-0.0018839438,0.0013304095,0.0008404879,-0.0026786388,0.0013025564,-9.473748e-05,0.00036028406,0.0009877335,9.3667775e-05,-0.00066934864,-0.00055209803,0.00039109986,-2.1801638e-06,0.00010957499,-0.00019572162,-1.4456568e-06,-2.2515034e-05,-0.00012733854,1.8187043e-06,-0.00021855108,-0.00025560177,-8.158808e-06,-0.00015437586,5.952525e-05,0.00012326596,-2.1415075e-05,0.00025268405,-3.1328367e-05,7.01985e-05,0.00011251452,3.3902455e-05,-6.5863554e-05,0.0015350828,-1.07939895e-05,6.890329e-05,8.2797524e-05,-2.9226776e-06,-0.00013810144,-1.0319451e-05,6.693555e-05,2.6018139e-05,-2.8298633e-05,-3.0467541e-05,-4.039285e-06,2.153131e-06,-4.2175805e-05,3.4109784e-05,4.505626e-05,2.2209533e-05
34,0.0014819545,0.0018531269,0.0004613153,0.00041607156,0.0010934037,-0.0010543461,0.0012753278,0.0007206915,-0.000541891,0.00059291086,0.00015074009,-0.0001501168,0.00039146614,-0.00012803904,0.00020059099,-4.8425696e-05,-0.00018520371,-1.5124839e-05,0.00013144827,1.871761e-06,8.751979e-05,4.2650834e-05,-0.0002571518,2.1349704e-05,-0.00027862177,5.2629697e-05,-0.00011452134,-0.00013774582,-6.758759e-05,6.21067e-05,0.00011841042,2.4616977e-05,9.071226e-05,-1.07939895e-05,0.0015207455,0.000107251544,-4.46334e-05,-0.00016482183,-6.476657e-05,-4.7920307e-06,6.462655e-05,6.9176414e-05,-8.7288845e-06,-4.4104432e-05,3.0901185e-06,0.00013729378,-0.00013826201,-3.4972265e-06,9.582547e-06,-5.5073324e-05
35,-0.0011754867,-0.00075759034,0.0012720035,0.0004466105,-0.001239249,0.0016187765,-0.0010423749,0.00044670422,4.8112004e-05,-9.495235e-05,-0.00041729555,0.00022980754,-0.00012760973,0.00045636698,9.2276256e-05,2.386545e-06,0.0001674105,0.00016601908,-0.0005024599,-6.770235e-05,8.919417e-05,9.301022e-06,0.0004753503,-4.4781795e-05,1.3588955e-05,1.0661053e-05,9.2683134e-05,-1.0803956e-05,7.086343e-05,-0.000103517916,-0.00014458664,3.6229856e-05,-0.00031440245,6.890329e-05,0.000107251544,0.0014720046,-0.00022227678,-2.8902912e-05,-5.489827e-05,3.1414274e-05,2.8704646e-06,2.0287836e-05,1.3549709e-05,9.204818e-06,4.421575e-05,1.528261e-05,5.3529573e-05,-5.201377e-05,5.2845226e-05,1.1205492e-05
36,0.001467817,0.00080441125,0.00068903825,0.0017179832,-0.0028464478,0.0023465236,0.00047588182,0.0003560126,0.00010005702,0.0004973106,0.00014018135,-0.0002519401,0.000102230944,0.00036047748,-7.714458e-05,9.0440866e-05,4.7043495e-06,9.9579636e-05,-0.0003960299,-0.0001507264,0.00043921784,-0.00023396664,0.00017906689,0.0001986449,-0.0001335258,5.5327455e-05,-2.643681e-05,-9.61738e-05,-0.00013770632,-2.374349e-05,0.00015129018,8.668899e-05,-0.00014078211,8.2797524e-05,-4.46334e-05,-0.00022227678,0.0013923269,-4.8223606e-05,-9.0617425e-05,8.950467e-05,1.0852855e-05,2.6691396e-05,4.750225e-05,6.9928814e-05,-6.968247e-05,-8.92024e-06,-4.381215e-05,-7.901567e-05,9.920814e-06,2.084867e-05
37,0.0009033785,0.00096099207,-0.0007839489,-8.415836e-06,-0.0003817718,0.00018347862,-0.0004646061,-0.00035035668,-0.0007840013,-8.479094e-05,0.00028950768,-0.00016840348,-0.00034198735,0.00018165764,-0.0001003057,-2.2023702e-05,9.399479e-05,0.0003180268,-2.9211473e-05,0.00014739543,0.00019677775,-5.0002785e-05,0.00013431718,-6.0903716e-05,0.00023600706,4.0191382e-05,-0.00011835432,-5.3300093e-05,4.8024132e-05,-2.8192413e-05,0.00019531559,0.00018500337,-3.0153213e-05,-2.9226776e-06,-0.00016482183,-2.8902912e-05,-4.8223606e-05,0.0011549819,-5.433646e-06,-2.5975822e-05,0.00015866748,6.3894695e-05,-9.7422264e-05,-7.478193e-05,-7.2663315e-05,2.421978e-05,3.253776e-05,2.7067797e-05,-3.95851e-05,-0.000111957015
38,0.0010671692,-0.0006578398,0.0012718849,0.00036795676,-0.00061525754,0.0005914393,0.00017346769,0.0007332832,0.00047370006,-1.4025947e-05,0.00019282964,-0.00042967274,-0.00011991797,-0.00045079557,0.00036561984,4.5762405e-05,5.4697957e-05,0.00014684058,-5.550892e-05,-0.00021204862,-1.5108526e-05,8.773414e-05,0.00018389344,0.00018175712,4.192986e-05,0.00017192672,-0.00010981188,9.53783e-05,6.96108e-05,0.00014720361,8.1437975e-05,9.975227e-05,-7.8390396e-05,-0.00013810144,-6.476657e-05,-5.489827e-05,-9.0617425e-05,-5.433646e-06,0.0011858589,1.6792248e-05,-6.8392954e-05,2.9929128e-05,-6.154405e-05,-1.776867e-05,-8.0999096e-05,-1.1503784e-05,-1.4659809e-05,-4.5038818e-05,-5.219681e-05,-1.48945455e-05
39,-0.00012864264,0.0002672288,-7.280656e-05,0.0007541289,-0.00046185197,0.00012183076,0.00025579322,0.00012800566,-0.00054866076,-0.00012355464,-0.00037710226,0.00038193597,0.00028968247,0.00021456246,-0.0002846871,-0.00047799567,-6.8120076e-05,-0.00028122915,0.00033319683,-7.277998e-05,-0.00016371883,-0.00010196829,-9.563386e-05,-1.0153883e-05,6.8342255e-05,-3.7759586e-05,0.00015379552,5.3014744e-05,0.00015191958,-0.0001191241,1.4740463e-05,-0.00012802842,-4.9549208e-06,-1.0319451e-05,-4.7920307e-06,3.1414274e-05,8.950467e-05,-2.5975822e-05,1.6792248e-05,0.0009641515,0.00013226633,3.1623e-06,-4.990594e-05,-4.6250767e-05,-1.1601826e-05,-2.8867915e-05,3.2466953e-05,1.4500603e-05,-2.3227036e-05,9.563275e-06
40,0.00049576035,0.0013327107,-3.775889e-05,0.0005070413,-0.0013723187,0.00122648,-0.00063944486,0.0003959741,0.00051779125,0.00042671617,0.00035460628,0.00014550568,-9.271039e-05,-0.00027507264,-2.3538434e-05,-2.6235898e-06,0.00036206766,-0.00022965728,-5.4782413e-05,-0.00012569278,-0.00019325051,-2.1842654e-05,0.0002242566,-7.423536e-05,-3.4616904e-05,-2.4895791e-05,-3.889582e-05,1.2678714e-05,-9.1992115e-05,4.1616986e-05,-4.342403e-05,-8.684992e-08,0.000134769,6.693555e-05,6.462655e-05,2.8704646e-06,1.0852855e-05,0.00015866748,-6.8392954e-05,0.00013226633,0.00090397114,-4.4687826e-05,-1.5232323e-05,3.4472207e-06,2.8004251e-06,-1.5377924e-05,4.9046947e-05,-3.6119694e-05,-2.1578915e-05,3.834536e-05
41,0.00033750778,-0.00013585971,-0.00016100901,0.00010121372,-0.00034911,0.00025852997,-7.5556045e-06,-0.00029644946,0.00034206128,0.00022519898,-6.0361857e-05,9.13026e-05,0.00021848627,-0.00015486465,1.315857e-05,5.747973e-05,-0.00036715466,-0.00020658047,0.0003252485,4.816549e-05,-0.00017957135,-6.217506e-05,0.00013139777,0.000104008606,9.759169e-05,-4.2948333e-05,-4.8436254e-05,4.690595e-05,0.00014349194,-1.7557853e-05,-4.6777066e-05,-3.2966986e-05,-1.5272411e-05,2.6018139e-05,6.9176414e-05,2.0287836e-05,2.6691396e-05,6.3894695e-05,2.9929128e-05,3.1623e-06,-4.4687826e-05,0.0010212972,9.4526404e-05,5.0411276e-05,2.5394846e-05,-2.7795457e-05,4.27765e-06,6.4979895e-06,3.306385e-05,-9.080968e-06
42,0.001040717,0.0012644806,-0.00030958364,0.0006623946,-0.0006414907,0.0002703709,-0.00020293718,0.00053359277,-0.00032486013,-7.473229e-05,2.7716764e-05,2.8710154e-05,-0.00035119543,0.00026360364,0.00013712632,-0.00011730452,0.00038429495,7.327636e-05,-5.1883217e-05,-0.0001021952,9.077591e-05,7.024349e-05,1.8347346e-05,-7.801072e-05,0.00010269374,6.413575e-05,-5.2760246e-05,-5.6832083e-05,3.5235425e-06,1.1567836e-05,5.93519e-06,9.610185e-06,6.160335e-05,-2.8298633e-05,-8.7288845e-06,1.3549709e-05,4.750225e-05,-9.7422264e-05,-6.154405e-05,-4.990594e-05,-1.5232323e-05,9.4526404e-05,0.00091632846,-3.8691516e-05,-6.89725e-05,4.999194e-05,6.974051e-06,-5.3453246e-06,-4.3439606e-05,-5.9199265e-06
43,0.0004093541,0.00049748155,-0.0005300153,-3.5198915e-05,0.0013796835,-0.0013533705,0.00021084676,0.00030324858,-0.00074999325,-0.00012500545,0.00015248268,0.00041139085,0.00027619512,0.0001091983,5.2131025e-05,-0.00011932298,9.483773e-05,5.6107223e-05,9.353832e-06,0.00011026452,-2.0215462e-05,3.8139842e-05,2.4607703e-05,0.00015595663,-0.00010549008,-1.4105114e-05,-0.00015064856,-7.4263295e-07,3.0266532e-05,-8.316757e-05,5.4326883e-05,3.2336167e-05,-1.2676424e-05,-3.0467541e-05,-4.4104432e-05,9.204818e-06,6.9928814e-05,-7.478193e-05,-1.776867e-05,-4.6250767e-05,3.4472207e-06,5.0411276e-05,-3.8691516e-05,0.0007754251,3.9116843e-05,4.373266e-05,7.641126e-06,-2.7741444e-05,3.0668358e-05,-7.763241e-06
44,-0.0013038676,-0.0006031809,0.00058639346,-0.00014390619,0.00043149194,0.0003700205,0.00026483752,0.0005073609,-0.00016102329,-5.2876745e-05,-0.00020590628,0.00016384496,-5.9402777e-05,0.0002500169,3.2728265e-05,5.3593518e-05,-9.47191e-05,0.00027702178,-2.2523323e-06,-0.00012553856,0.0001579141,8.210378e-05,-0.00014456555,4.872193e-05,0.0002356451,6.9336544e-05,3.979767e-05,-2.8266566e-05,1.681555e-07,-3.0069418e-06,1.9564737e-05,0.00012283865,5.6231882e-05,-4.039285e-06,3.0901185e-06,4.421575e-05,-6.968247e-05,-7.2663315e-05,-8.0999096e-05,-1.1601826e-05,2.8004251e-06,2.5394846e-05,-6.89725e-05,3.9116843e-05,0.00074182916,-2.443568e-05,-1.8481538e-05,-3.3340862e-06,-3.606809e-05,1.34931415e-05
45,0.0008784806,4.1002742e-05,-0.00030133594,-0.0001263673,-0.00031482437,-0.00041567895,-0.00072583766,-0.000623207,0.00028615445,-8.579481e-05,5.7569312e-05,-2.0869846e-05,-9.2347385e-05,-0.000255062,-0.00017877901,-0.00015578908,0.00020304907,-0.00011349967,0.00014250593,-9.061043e-05,6.7825014e-05,-0.000120369674,7.083385e-05,8.3051564e-05,1.8396388e-06,5.950045e-05,7.1381786e-05,0.00017302675,-8.626482e-05,6.430184e-05,0.00013955911,3.735324e-05,-0.00010054854,2.153131e-06,0.00013729378,1.528261e-05,-8.92024e-06,2.421978e-05,-1.1503784e-05,-2.8867915e-05,-1.5377924e-05,-2.7795457e-05,4.999194e-05,4.373266e-05,-2.443568e-05,0.0007513468,5.213903e-05,2.380944e-05,-3.7935963e-05,5.7233126e-05
46,0.0007483252,-9.085281e-05,-0.00066863117,0.00048326165,-0.0010705928,-0.00030284518,0.00027712953,0.00013547979,-0.00015392454,-9.388878e-05,-0.00048620038,-0.00036158424,0.000108302906,5.1552423e-05,7.1121234e-05,5.7717916e-05,-7.045092e-05,-1.3746054e-05,-3.3197233e-05,0.00013444088,0.0002934066,1.7164582e-05,-0.00015991429,3.594144e-05,-0.00011099099,7.809836e-05,-0.00011285322,-0.00012416193,-3.586504e-05,6.772304e-05,5.007153e-05,7.397012e-06,4.0507435e-05,-4.2175805e-05,-0.00013826201,5.3529573e-05,-4.381215e-05,3.253776e-05,-1.4659809e-05,3.2466953e-05,4.9046947e-05,4.27765e-06,6.974051e-06,7.641126e-06,-1.8481538e-05,5.213903e-05,0.0006175736,-1.250065e-05,4.1459818e-05,3.5101053e-05
47,-0.0015443524,0.0005522343,0.0005890615,-0.0007083619,0.0015781664,0.00058229145,-0.00014463188,0.00040502188,-7.418347e-05,6.3899264e-05,0.00010267498,0.00032104424,0.0003565937,2.5422869e-05,-0.0001161972,-2.1190557e-05,1.2347125e-05,-5.504007e-05,3.257449e-05,2.8231187e-05,1.7603685e-05,0.000106061074,3.7137084e-05,0.00011442353,-6.0405684e-05,7.105305e-05,-6.532555e-05,0.00010567016,9.3880095e-05,-1.612206e-05,-1.5497699e-05,8.548201e-05,-4.4436914e-05,3.4109784e-05,-3.4972265e-06,-5.201377e-05,-7.901567e-05,2.7067797e-05,-4.5038818e-05,1.4500603e-05,-3.6119694e-05,6.4979895e-06,-5.3453246e-06,-2.7741444e-05,-3.3340862e-06,2.380944e-05,-1.250065e-05,0.0004811224,-6.9278904e-06,-9.391007e-06
48,0.0006531145,0.0008809272,-0.00030844452,0.00055483734,-0.0012180594,0.0006116813,2.8992465e-05,8.3170795e-05,0.0002354921,-0.00026783347,6.598948e-05,-4.1908876e-05,-4.9048896e-05,-0.0002027319,7.6051496e-05,9.665478e-06,0.00019895434,3.5028403e-05,-8.5952815e-06,-0.00015504044,-5.709655e-05,3.7473445e-05,-7.7056284e-05,-4.6898633e-05,0.0001102105,0.000100465084,-5.7758065e-05,-1.7773287e-05,-4.1612908e-05,0.000118907796,7.5034026e-05,-2.7979255e-05,5.0017337e-05,4.505626e-05,9.582547e-06,5.2845226e-05,9.920814e-06,-3.95851e-05,-5.219681e-05,-2.3227036e-05,-2.1578915e-05,3.306385e-05,-4.3439606e-05,3.0668358e-05,-3.606809e-05,-3.7935963e-05,4.1459818e-05,-6.9278904e-06,0.0004947553,-5.451573e-05
49,3.4521585e-05,-0.00013377635,0.00010676674,0.0005122062,-0.00084914267,0.0007497636,-0.00040926042,0.0004874343,0.00011238652,5.0663388e-05,-0.00014638211,0.00015679147,-1.9442503e-05,4.2772645e-05,0.000106163556,8.569364e-05,-0.00010621933,0.00016118152,-1.3551571e-05,0.00018469284,-8.8536064e-05,8.076451e-05,5.9630373e-05,-8.505244e-05,0.00014963475,3.2707503e-05,-0.00012412845,-7.0474816e-05,8.241802e-05,-1.0002368e-06,3.0437257e-05,-1.7079652e-05,4.4356042e-05,2.2209533e-05,-5.5073324e-05,1.1205492e-05,2.084867e-05,-0.000111957015,-1.48945455e-05,9.563275e-06,3.834536e-05,-9.080968e-06,-5.9199265e-06,-7.763241e-06,1.34931415e-05,5.7233126e-05,3.5101053e-05,-9.391007e-06,-5.451573e-05,0.0005168478
