,0,1,2,3,4,5,6,7,8,9,10,11,12,13,14,15,16,17,18,19,20,21,22,23,24,25,26,27,28,29,30,31,32,33,34,35,36,37,38,39,40
0,156.73357,25.354584,45.612724,9.096804,14.589713,39.76945,-26.12295,-1.7145021,-0.14552835,6.124056,10.036458,17.213142,-13.551348,1.7550719,-1.7824988,-1.8940632,3.5048234,1.1970618,-9.281717,-2.014356,-3.0853662,7.803404,-6.200987,-1.4704684,6.171647,7.2259254,-0.7882552,1.9445994,5.977198,-1.8772182,2.1792607,-2.7689185,7.9204807,1.0017555,-1.8244641,3.4931293,-3.9481964,-4.1982813,-3.2883658,-3.0771046,6.673342e-08
1,25.354584,108.93339,-5.442437,18.686531,-3.1740284,-10.010323,-31.752048,-0.33371803,-10.219145,15.749187,-14.555826,4.597623,2.067803,3.2751045,-0.2050882,-1.4891572,2.590794,6.772519,0.4777608,3.940734,-4.148934,0.42489326,2.2626247,1.1713656,-2.395937,2.2475915,-7.6772027,1.4753573,-7.518628,-0.56790566,0.95193034,-3.4749312,-2.6491375,-2.1010418,-3.916235,-1.8173031,-1.0954946,1.5207729,-1.7534895,0.18781143,2.1713433e-07
2,45.612724,-5.442437,98.45311,-6.653702,2.5545087,-23.832945,-2.9020557,-1.5758817,0.78895843,-4.5212173,-0.07749134,6.1170597,3.6137326,-13.807726,-1.4018471,-3.7543223,-0.9745484,3.8340232,-0.7298387,0.33239108,-3.5216117,-0.7285621,-0.5092168,-4.3756523,-1.7888937,2.982183,-0.021325067,-0.2587462,5.335438,4.8003273,3.6799073,4.0568385,0.4830261,0.19276413,-1.0546649,2.818145,-0.5835206,1.6499667,-0.8399667,-3.0406313,-2.381139e-07
3,9.096804,18.686531,-6.653702,86.641174,-4.0231714,-12.663906,-9.057821,-6.8064184,9.262445,2.3530397,8.868761,7.0224714,-5.9735484,7.7517304,0.41985643,-7.4628983,4.3056717,6.705636,5.8578053,-2.2504272,1.4017634,0.5892207,-4.7384443,0.7718627,1.2848866,-4.514064,2.494275,0.024674248,3.3189054,2.2598672,-2.9226432,1.8895266,0.31183818,3.137063,3.4744983,-2.0216684,-0.52994907,1.0809274,4.447913,0.045867186,-1.0635386e-09
4,14.589713,-3.1740284,2.5545087,-4.0231714,78.05767,4.522048,5.270151,-4.226468,-0.027430624,6.6673517,1.730048,-2.6281195,-1.6672275,2.6459427,-2.412434,-2.4937363,-1.9554465,9.466227,5.0561748,-3.023611,-1.063556,-8.598301,0.55556166,0.24769734,0.7014381,-1.932689,1.641922,2.8108506,1.0316172,2.3238392,-0.8665643,-3.3291955,-2.981433,-0.6188774,-2.6948614,1.873363,2.0191326,-5.9568567,-0.5154692,0.35526067,3.2634952e-07
5,39.76945,-10.010323,-23.832945,-12.663906,4.522048,49.58272,6.831031,4.075082,0.019642109,-0.49387744,2.354641,8.186193,-7.4502726,5.5812554,2.462802,-7.569972,1.4471934,-0.060632274,-3.2700465,3.3314095,5.7969346,4.010334,1.7298098,-2.6445296,0.46874332,-0.0069396184,-1.8047447,1.0069957,1.6181092,-2.7042165,0.064327866,-2.1162598,1.2687937,1.3113517,-1.1217806,-0.18314052,-2.6597633,-0.4256394,-2.288124,-1.6315925,1.334345e-07
6,-26.12295,-31.752048,-2.9020557,-9.057821,5.270151,6.831031,28.770163,-3.9765646,-4.180171,-2.8656795,2.0598123,4.9199123,-1.2092767,-3.730074,-0.07182449,-5.7023306,6.242277,1.9657552,2.000797,-1.7157559,-0.6668196,-3.6369257,2.3702571,-2.0092845,-5.128271,-1.1865733,-2.196835,-2.433081,2.6442654,-2.5234332,0.21466869,0.8013557,-1.1507015,-0.015913852,0.9468359,-1.5281398,0.27622682,1.2325665,1.620232,0.88588464,-4.263704e-08
7,-1.7145021,-0.33371803,-1.5758817,-6.8064184,-4.226468,4.075082,-3.9765646,40.911755,4.3997293,6.9132876,1.710166,0.65318096,-6.193198,-1.4581336,8.615242,3.8072271,-0.3404667,3.6987696,-7.3177857,2.226223,0.008730751,-3.114356,0.96465623,3.618956,-1.007484,-7.1211357,1.338301,-2.3308854,-0.40134707,3.8559031,2.5441465,-0.02863851,-0.23747788,-1.442527,0.94946045,1.514751,0.26421005,1.4079046,-0.25973383,-1.1547287,-7.619836e-08
8,-0.14552835,-10.219145,0.78895843,9.262445,-0.027430624,0.019642109,-4.180171,4.3997293,31.030197,-3.8328598,-6.6213546,-3.524723,3.1842856,0.17298383,-3.0688806,-1.6020877,-2.2762876,4.3854074,-0.14471903,-4.6486974,9.252972,1.0632098,-3.9424856,1.0922155,-4.54152,0.145179,2.8895574,-2.6033602,-2.2235909,0.568457,1.5484374,-1.9336007,2.5194664,0.34911105,1.2636693,1.8031996,-0.9826996,-1.0564406,-0.26387292,-1.2234352,-2.0470468e-07
9,6.124056,15.749187,-4.5212173,2.3530397,6.6673517,-0.49387744,-2.8656795,6.9132876,-3.8328598,31.99238,-0.3037775,-3.8073692,-6.361371,-5.19069,-2.5564358,-1.2435086,2.4317777,-6.507079,1.5194302,-2.4807162,4.8106337,-0.38969964,0.21786177,-0.50056756,-1.9243398,-0.42890888,-2.9981422,-0.6335362,2.9284863,1.9823992,0.6881308,1.717404,1.1731038,-2.3095753,1.029418,-1.2819436,2.600871,-0.9680791,-1.0738747,1.6189973,-1.9846559e-07
10,10.036458,-14.555826,-0.07749134,8.868761,1.730048,2.354641,2.0598123,1.710166,-6.6213546,-0.3037775,32.295456,0.95140445,-0.21791372,1.5054371,-3.298462,-1.2719188,-3.396644,-3.3542762,-1.1015081,0.079333246,-1.3139658,-3.0685997,-4.894141,2.4528873,1.3794963,-1.2817266,-4.10563,0.09192554,-1.0359837,1.913526,-2.3762412,0.68447804,0.9130449,-0.99469054,-0.12041419,3.0189698,-1.7471919,2.031652,-0.0047382386,1.5557595,1.2813055e-07
11,17.213142,4.597623,6.1170597,7.0224714,-2.6281195,8.186193,4.9199123,0.65318096,-3.524723,-3.8073692,0.95140445,22.111277,-3.156633,7.57021,-5.020565,4.223989,2.4168682,0.89910614,0.66855943,3.6301992,-0.688701,-1.5248773,2.767468,0.17160001,-2.9478693,1.5149086,-0.9738505,-4.5236564,2.0853884,0.122244455,3.257523,0.18594554,-1.5302914,0.70697093,-0.2786932,0.0040801098,-0.7633578,0.12272298,1.8043848,-0.1853371,1.6601062e-07
12,-13.551348,2.067803,3.6137326,-5.9735484,-1.6672275,-7.4502726,-1.2092767,-6.193198,3.1842856,-6.361371,-0.21791372,-3.156633,19.440428,-0.51675326,-0.4843135,-1.6107378,0.33958486,0.029042367,-0.018532425,1.821939,2.3712277,3.1582308,1.6276014,6.3595524,-0.42490274,-0.025207553,-4.2276835,-0.35834002,2.1718392,2.3674107,-1.1890057,-2.6840253,-1.4423493,-0.0054559163,-0.8963191,0.88175416,-1.1024508,-1.0453112,-0.08982302,0.19235425,9.1171245e-08
13,1.7550719,3.2751045,-13.807726,7.7517304,2.6459427,5.5812554,-3.730074,-1.4581336,0.17298383,-5.19069,1.5054371,7.57021,-0.51675326,14.616338,2.407026,2.3530395,-5.859582,-3.1234257,3.8124344,-0.51511216,-2.213234,2.0593872,1.9073403,1.1508169,-2.694264,0.4578337,1.8537011,0.4071327,-0.037122868,1.6483729,1.3334022,-0.42842168,-1.2864332,0.44415957,-0.27807897,1.532335,-0.32185176,-0.8154895,0.21584651,0.2742395,2.3037897e-07
14,-1.7824988,-0.2050882,-1.4018471,0.41985643,-2.412434,2.462802,-0.07182449,8.615242,-3.0688806,-2.5564358,-3.298462,-5.020565,-0.4843135,2.407026,25.481571,-0.5506941,1.499961,0.44393557,2.8536649,-1.4360136,-1.8814695,-1.6663101,-0.68862003,-0.6615248,-0.7403972,3.2515922,0.02211827,2.9412417,3.05117,2.072535,-1.1429305,-1.813976,0.38428244,-0.6998538,0.3531899,0.060536146,-1.3556039,1.2196472,0.88291895,-0.84020543,-4.3119552e-08
15,-1.8940632,-1.4891572,-3.7543223,-7.4628983,-2.4937363,-7.569972,-5.7023306,3.8072271,-1.6020877,-1.2435086,-1.2719188,4.223989,-1.6107378,2.3530395,-0.5506941,27.155746,1.9206811,0.3948573,1.6685646,-1.0102584,0.8890395,-1.4112201,-1.7587445,-0.9442893,0.67016834,0.12889361,-0.37251157,-1.2643573,1.2544663,-0.6328113,-2.2086983,0.67381924,0.45841062,1.5099041,-0.84148806,1.4585599,0.027189981,-1.3548524,-0.5894593,0.44964945,1.9007922e-07
16,3.5048234,2.590794,-0.9745484,4.3056717,-1.9554465,1.4471934,6.242277,-0.3404667,-2.2762876,2.4317777,-3.396644,2.4168682,0.33958486,-5.859582,1.499961,1.9206811,15.354732,4.161966,-0.6765686,-0.7789491,0.70036936,1.2965968,-2.1817288,1.1627944,0.9893675,-0.5612826,-0.65555453,-0.5859083,2.8189294,-3.8544002,-0.26227957,0.098185584,-1.8885486,-2.6724796,0.686796,0.13164401,-1.9391458,-0.5393372,1.037677,0.9065137,1.4197662e-08
17,1.1970618,6.772519,3.8340232,6.705636,9.466227,-0.060632274,1.9657552,3.6987696,4.3854074,-6.507079,-3.3542762,0.89910614,0.029042367,-3.1234257,0.44393557,0.3948573,4.161966,13.149863,0.19207631,-0.5048605,-0.366921,-2.7741847,3.057245,-0.23754987,0.5264386,-3.0438402,-0.8301477,-0.19755396,-1.8492038,-1.233233,-1.4640936,-0.29416156,1.0211647,0.8615944,-0.21069193,0.19666046,-2.1358714,0.57797873,-0.28520823,-0.26513916,1.0384958e-07
18,-9.281717,0.4777608,-0.7298387,5.8578053,5.0561748,-3.2700465,2.000797,-7.3177857,-0.14471903,1.5194302,-1.1015081,0.66855943,-0.018532425,3.8124344,2.8536649,1.6685646,-0.6765686,0.19207631,10.169501,1.1299129,2.2871408,-1.5062987,2.113383,-1.4821992,-2.0044885,1.9537985,-0.8680128,1.655273,0.22890818,0.11898827,-0.547331,2.3798761,-0.53768516,-0.76124716,2.5153902,1.4754288,-0.5996778,-0.13482615,-1.161232,-0.29365528,8.994265e-08
19,-2.014356,3.940734,0.33239108,-2.2504272,-3.023611,3.3314095,-1.7157559,2.226223,-4.6486974,-2.4807162,0.079333246,3.6301992,1.821939,-0.51511216,-1.4360136,-1.0102584,-0.7789491,-0.5048605,1.1299129,11.1985,3.0791328,-3.1827059,0.113585725,2.1719954,3.3687317,0.4413916,-0.5084702,0.6762897,-0.33350182,0.15218334,0.46891174,0.94173515,-2.6146421,0.6104595,1.2946045,-0.9199598,0.20888604,0.20343187,-0.635007,-2.3073535,5.2297636e-08
20,-3.0853662,-4.148934,-3.5216117,1.4017634,-1.063556,5.7969346,-0.6668196,0.008730751,9.252972,4.8106337,-1.3139658,-0.688701,2.3712277,-2.213234,-1.8814695,0.8890395,0.70036936,-0.366921,2.2871408,3.0791328,12.904192,-0.7837156,-0.6581076,-1.6209977,1.0655528,1.4475207,-0.27330902,-0.8001894,0.7383666,2.1644697,-0.59539366,0.6204012,-0.64729357,-0.06516142,-1.0717955,-0.21531153,-1.5065479,0.48031658,-0.28222537,0.030756697,-6.2023524e-08
21,7.803404,0.42489326,-0.7285621,0.5892207,-8.598301,4.010334,-3.6369257,-3.114356,1.0632098,-0.38969964,-3.0685997,-1.5248773,3.1582308,2.0593872,-1.6663101,-1.4112201,1.2965968,-2.7741847,-1.5062987,-3.1827059,-0.7837156,9.9282055,1.400285,-1.7855877,0.45939636,-2.9897723,0.16629113,0.7667557,1.9273641,0.056770723,-0.4584496,-0.1536352,-0.883909,-0.40252286,0.07674473,1.7551019,-0.12240208,-0.6452012,-0.5166769,-0.05817142,4.1784393e-08
22,-6.200987,2.2626247,-0.5092168,-4.7384443,0.55556166,1.7298098,2.3702571,0.96465623,-3.9424856,0.21786177,-4.894141,2.767468,1.6276014,1.9073403,-0.68862003,-1.7587445,-2.1817288,3.057245,2.113383,0.113585725,-0.6581076,1.400285,11.323264,-0.48648068,1.9769616,-1.079674,-0.663113,-1.2896669,0.20411563,2.1951938,0.24959385,1.2354424,1.9470942,-0.05019235,0.768466,0.11948067,-0.6144006,0.073682606,-0.03344722,1.2271751,8.161082e-08
23,-1.4704684,1.1713656,-4.3756523,0.7718627,0.24769734,-2.6445296,-2.0092845,3.618956,1.0922155,-0.50056756,2.4528873,0.17160001,6.3595524,1.1508169,-0.6615248,-0.9442893,1.1627944,-0.23754987,-1.4821992,2.1719954,-1.6209977,-1.7855877,-0.48648068,10.735265,-0.69725287,0.06362103,0.63292897,0.5375676,1.543046,-0.5234723,1.5263507,0.357957,1.1706092,-0.120680004,0.61896735,-0.8675663,-0.98750544,-1.686664,-0.8854652,0.7977979,3.254234e-08
24,6.171647,-2.395937,-1.7888937,1.2848866,0.7014381,0.46874332,-5.128271,-1.007484,-4.54152,-1.9243398,1.3794963,-2.9478693,-0.42490274,-2.694264,-0.7403972,0.67016834,0.9893675,0.5264386,-2.0044885,3.3687317,1.0655528,0.45939636,1.9769616,-0.69725287,10.052898,0.5689286,2.212605,0.19725806,-0.30188537,0.7951685,-1.6343377,-0.25989097,0.49513656,-0.6722566,0.75815815,0.15971202,-0.13580677,-0.8982091,1.3515344,0.20341796,1.2723593e-08
25,7.2259254,2.2475915,2.982183,-4.514064,-1.932689,-0.0069396184,-1.1865733,-7.1211357,0.145179,-0.42890888,-1.2817266,1.5149086,-0.025207553,0.4578337,3.2515922,0.12889361,-0.5612826,-3.0438402,1.9537985,0.4413916,1.4475207,-2.9897723,-1.079674,0.06362103,0.5689286,7.5856695,0.14008757,-0.6882973,-0.6504427,-0.44451505,1.155453,-1.0459695,1.7148132,-1.1150863,0.025085375,-0.45288,-0.6732313,-0.30080092,0.76379496,0.44621706,-8.540202e-08
26,-0.7882552,-7.6772027,-0.021325067,2.494275,1.641922,-1.8047447,-2.196835,1.338301,2.8895574,-2.9981422,-4.10563,-0.9738505,-4.2276835,1.8537011,0.02211827,-0.37251157,-0.65555453,-0.8301477,-0.8680128,-0.5084702,-0.27330902,0.16629113,-0.663113,0.63292897,2.212605,0.14008757,7.1280255,1.2600883,-0.1607649,-0.07372758,1.9536405,1.9164189,-0.6931179,-0.45918098,-0.7677144,-0.43344027,-0.24525222,-0.68075836,0.5450551,0.6363686,-3.000974e-08
27,1.9445994,1.4753573,-0.2587462,0.024674248,2.8108506,1.0069957,-2.433081,-2.3308854,-2.6033602,-0.6335362,0.09192554,-4.5236564,-0.35834002,0.4071327,2.9412417,-1.2643573,-0.5859083,-0.19755396,1.655273,0.6762897,-0.8001894,0.7667557,-1.2896669,0.5375676,0.19725806,-0.6882973,1.2600883,3.9005268,0.3907472,-0.7251928,-0.7848805,1.632205,-0.6442209,0.4375341,-0.72083557,-0.19172919,-0.71863097,0.060727663,-1.8017247,-0.3001309,5.6694642e-08
28,5.977198,-7.518628,5.335438,3.3189054,1.0316172,1.6181092,2.6442654,-0.40134707,-2.2235909,2.9284863,-1.0359837,2.0853884,2.1718392,-0.037122868,3.05117,1.2544663,2.8189294,-1.8492038,0.22890818,-0.33350182,0.7383666,1.9273641,0.20411563,1.543046,-0.30188537,-0.6504427,-0.1607649,0.3907472,5.939615,1.2653419,-0.36741573,0.54852563,-0.087634176,1.2586522,-0.11792308,-0.95100063,0.2690372,-1.0761594,0.31311387,-0.05448334,-4.5668704e-09
29,-1.8772182,-0.56790566,4.8003273,2.2598672,2.3238392,-2.7042165,-2.5234332,3.8559031,0.568457,1.9823992,1.913526,0.122244455,2.3674107,1.6483729,2.072535,-0.6328113,-3.8544002,-1.233233,0.11898827,0.15218334,2.1644697,0.056770723,2.1951938,-0.5234723,0.7951685,-0.44451505,-0.07372758,-0.7251928,1.2653419,4.3749657,-0.050096694,-0.3232571,-0.38286555,0.19526555,-1.0126221,0.38476133,0.27773505,0.38537624,0.868822,0.32524818,9.935475e-10
30,2.1792607,0.95193034,3.6799073,-2.9226432,-0.8665643,0.064327866,0.21466869,2.5441465,1.5484374,0.6881308,-2.3762412,3.257523,-1.1890057,1.3334022,-1.1429305,-2.2086983,-0.26227957,-1.4640936,-0.547331,0.46891174,-0.59539366,-0.4584496,0.24959385,1.5263507,-1.6343377,1.155453,1.9536405,-0.7848805,-0.36741573,-0.050096694,2.8169465,0.5302625,-0.5489768,-1.1699979,0.036727104,0.092389315,-0.009724058,-0.21612772,0.1258178,0.16357529,-3.9251397e-08
31,-2.7689185,-3.4749312,4.0568385,1.8895266,-3.3291955,-2.1162598,0.8013557,-0.02863851,-1.9336007,1.717404,0.68447804,0.18594554,-2.6840253,-0.42842168,-1.813976,0.67381924,0.098185584,-0.29416156,2.3798761,0.94173515,0.6204012,-0.1536352,1.2354424,0.357957,-0.25989097,-1.0459695,1.9164189,1.632205,0.54852563,-0.3232571,0.5302625,3.976915,0.08170958,0.04958897,0.1959106,-0.20853704,-0.8775915,0.71261525,-1.3623282,0.54886615,1.2892336e-08
32,7.9204807,-2.6491375,0.4830261,0.31183818,-2.981433,1.2687937,-1.1507015,-0.23747788,2.5194664,1.1731038,0.9130449,-1.5302914,-1.4423493,-1.2864332,0.38428244,0.45841062,-1.8885486,1.0211647,-0.53768516,-2.6146421,-0.64729357,-0.883909,1.9470942,1.1706092,0.49513656,1.7148132,-0.6931179,-0.6442209,-0.087634176,-0.38286555,-0.5489768,0.08170958,5.0377946,1.0965197,1.097672,-0.68400073,-0.3710448,-0.2742017,-0.5235119,0.5347177,-9.031574e-08
33,1.0017555,-2.1010418,0.19276413,3.137063,-0.6188774,1.3113517,-0.015913852,-1.442527,0.34911105,-2.3095753,-0.99469054,0.70697093,-0.0054559163,0.44415957,-0.6998538,1.5099041,-2.6724796,0.8615944,-0.76124716,0.6104595,-0.06516142,-0.40252286,-0.05019235,-0.120680004,-0.6722566,-1.1150863,-0.45918098,0.4375341,1.2586522,0.19526555,-1.1699979,0.04958897,1.0965197,3.3224797,-0.77031744,-1.9002646,0.7160994,0.074351236,-0.3918848,-0.82378507,2.2152302e-09
34,-1.8244641,-3.916235,-1.0546649,3.4744983,-2.6948614,-1.1217806,0.9468359,0.94946045,1.2636693,1.029418,-0.12041419,-0.2786932,-0.8963191,-0.27807897,0.3531899,-0.84148806,0.686796,-0.21069193,2.5153902,1.2946045,-1.0717955,0.07674473,0.768466,0.61896735,0.75815815,0.025085375,-0.7677144,-0.72083557,-0.11792308,-1.0126221,0.036727104,0.1959106,1.097672,-0.77031744,4.458216,1.1427683,1.0273495,-0.85646236,-0.036679976,-1.2537314,-5.6577328e-08
35,3.4931293,-1.8173031,2.818145,-2.0216684,1.873363,-0.18314052,-1.5281398,1.514751,1.8031996,-1.2819436,3.0189698,0.0040801098,0.88175416,1.532335,0.060536146,1.4585599,0.13164401,0.19666046,1.4754288,-0.9199598,-0.21531153,1.7551019,0.11948067,-0.8675663,0.15971202,-0.45288,-0.43344027,-0.19172919,-0.95100063,0.38476133,0.092389315,-0.20853704,-0.68400073,-1.9002646,1.1427683,3.1098306,-0.60943687,-0.2756281,-0.3415237,-0.16990335,6.725023e-08
36,-3.9481964,-1.0954946,-0.5835206,-0.52994907,2.0191326,-2.6597633,0.27622682,0.26421005,-0.9826996,2.600871,-1.7471919,-0.7633578,-1.1024508,-0.32185176,-1.3556039,0.027189981,-1.9391458,-2.1358714,-0.5996778,0.20888604,-1.5065479,-0.12240208,-0.6144006,-0.98750544,-0.13580677,-0.6732313,-0.24525222,-0.71863097,0.2690372,0.27773505,-0.009724058,-0.8775915,-0.3710448,0.7160994,1.0273495,-0.60943687,2.5023808,-0.72297144,0.56354505,-0.88988936,-5.966882e-08
37,-4.1982813,1.5207729,1.6499667,1.0809274,-5.9568567,-0.4256394,1.2325665,1.4079046,-1.0564406,-0.9680791,2.031652,0.12272298,-1.0453112,-0.8154895,1.2196472,-1.3548524,-0.5393372,0.57797873,-0.13482615,0.20343187,0.48031658,-0.6452012,0.073682606,-1.686664,-0.8982091,-0.30080092,-0.68075836,0.060727663,-1.0761594,0.38537624,-0.21612772,0.71261525,-0.2742017,0.074351236,-0.85646236,-0.2756281,-0.72297144,1.9358447,0.042753838,0.19319381,-1.6985657e-08
38,-3.2883658,-1.7534895,-0.8399667,4.447913,-0.5154692,-2.288124,1.620232,-0.25973383,-0.26387292,-1.0738747,-0.0047382386,1.8043848,-0.08982302,0.21584651,0.88291895,-0.5894593,1.037677,-0.28520823,-1.161232,-0.635007,-0.28222537,-0.5166769,-0.03344722,-0.8854652,1.3515344,0.76379496,0.5450551,-1.8017247,0.31311387,0.868822,0.1258178,-1.3623282,-0.5235119,-0.3918848,-0.036679976,-0.3415237,0.56354505,0.042753838,2.2213287,0.41120702,-3.582073e-08
39,-3.0771046,0.18781143,-3.0406313,0.045867186,0.35526067,-1.6315925,0.88588464,-1.1547287,-1.2234352,1.6189973,1.5557595,-0.1853371,0.19235425,0.2742395,-0.84020543,0.44964945,0.9065137,-0.26513916,-0.29365528,-2.3073535,0.030756697,-0.05817142,1.2271751,0.7977979,0.20341796,0.44621706,0.6363686,-0.3001309,-0.05448334,0.32524818,0.16357529,0.54886615,0.5347177,-0.82378507,-1.2537314,-0.16990335,-0.88988936,0.19319381,0.41120702,1.9158703,1.9599252e-08
40,6.673342e-08,2.1713433e-07,-2.381139e-07,-1.0635386e-09,3.2634952e-07,1.334345e-07,-4.263704e-08,-7.619836e-08,-2.0470468e-07,-1.9846559e-07,1.2813055e-07,1.6601062e-07,9.1171245e-08,2.3037897e-07,-4.3119552e-08,1.9007922e-07,1.4197662e-08,1.0384958e-07,8.994265e-08,5.2297636e-08,-6.2023524e-08,4.1784393e-08,8.161082e-08,3.254234e-08,1.2723593e-08,-8.540202e-08,-3.000974e-08,5.6694642e-08,-4.5668704e-09,9.935475e-10,-3.9251397e-08,1.2892336e-08,-9.031574e-08,2.2152302e-09,-5.6577328e-08,6.725023e-08,-5.966882e-08,-1.6985657e-08,-3.582073e-08,1.9599252e-08,1.2103375e-14
