,0,1,2,3,4,5,6,7,8,9,10,11,12,13,14,15,16,17,18,19,20,21,22,23,24,25,26,27,28,29,30,31,32,33,34,35,36,37,38,39,40,41,42,43,44,45,46,47,48,49
0,286.63187,-22.303688,73.93481,30.895248,9.310345,-32.10955,3.3546095,-40.479767,-0.007395041,-0.0011782119,0.0059589474,-0.0062697493,-0.0009983887,-0.0014515277,-0.00033634357,0.00030050814,-0.0014287205,-0.0015674705,-0.0008574446,-0.00015931929,0.0020638166,0.00036528628,-0.00066399865,-0.002083871,0.0013034546,0.00045363634,0.00029604568,-0.0011768076,-0.0007023497,-9.215606e-06,-0.0005614982,-0.0006144298,-0.000827453,-0.00082820735,-0.000114883136,0.00013327067,-0.00045097974,5.6225195e-05,0.0014768883,7.599041e-05,0.00031894818,0.00043684762,-0.00066171994,0.00043948193,0.00014411601,3.4678917e-05,7.9072495e-05,-0.00026212132,-0.00025141818,-8.404337e-05
1,-22.303688,1.73625,-5.7527137,-2.4037175,-0.7241193,2.49752,-0.26114064,3.1497838,0.0011428352,-0.00026453487,-0.0013598816,0.0007526161,0.0002060569,2.0678242e-05,0.00045728183,-0.00019527326,0.00017597128,0.0002194613,-8.7425564e-05,0.00016627062,-0.00043555035,-0.0001755734,0.00029239547,0.0002924572,-0.00013738417,2.7652964e-05,-0.00015017184,0.0001685963,9.701327e-05,-3.1591044e-05,-0.00010348043,5.5939607e-05,6.602491e-05,0.00012863477,-4.4055487e-05,-8.2692626e-05,-5.039268e-05,4.3305427e-06,-0.00016453155,2.0209514e-05,2.239801e-05,-0.000103053986,6.354114e-05,-2.131547e-05,-1.376896e-05,4.6046058e-05,1.621434e-05,5.8157144e-05,8.325253e-05,2.5592271e-05
2,73.93481,-5.7527137,19.07225,7.969841,2.4015934,-8.283024,0.8653187,-10.441415,-0.0019434202,-0.00044851663,0.0013877042,-0.0009290212,-0.0007681248,-0.00038291587,0.0001477657,-0.0006865547,-0.00020136216,-0.0005113527,-0.00029382418,0.000161484,0.00013619094,-0.00021477217,-0.000105814725,-0.00024378355,0.00034589073,-5.5125005e-05,-0.000115335366,-0.00029859084,-0.00018176327,0.00024885405,-0.00019472273,-0.00020077368,-0.00029824767,-0.00030332926,-0.000112089954,-6.895825e-06,-0.00018350894,-4.055825e-05,0.00027251142,-1.752155e-05,0.00010814716,1.3812329e-05,-0.00016472304,3.4216384e-05,-1.1821119e-05,3.0704636e-05,-1.6822343e-05,4.1999097e-05,-2.0942785e-05,1.6149806e-05
3,30.895248,-2.4037175,7.969841,3.330661,1.0035112,-3.4614966,0.36176312,-4.3631554,-0.0010271112,-1.6910031e-05,0.00048730604,-0.00012557692,-0.00040130742,-0.0002462708,0.00024632443,-0.00034199178,-4.3302407e-05,-8.832393e-05,-0.00024050166,0.00017017737,-4.128714e-05,-0.00021097218,-3.0166295e-05,-6.221903e-05,7.746242e-05,-0.000117322925,-0.00015674575,-0.00013192571,-2.2184382e-05,0.00016347642,-9.2766946e-05,-0.000104755265,-8.208564e-05,-9.786914e-05,-8.8126784e-05,-4.0112223e-05,-0.00015703535,-2.5569614e-05,3.2503416e-05,1.3356455e-05,7.601481e-05,-3.873768e-05,-5.7508627e-05,3.8032922e-05,-1.9411476e-05,-2.1004e-06,-4.5295976e-05,3.626408e-05,3.7692575e-07,-8.686811e-06
4,9.310345,-0.7241193,2.4015934,1.0035112,0.30296475,-1.043712,0.10864107,-1.3150606,0.0006441379,-0.0003847434,-0.0007217291,-0.00017919787,0.0003315806,7.0519214e-05,0.00012471754,-3.4867546e-05,-3.4654815e-05,-5.1604868e-05,0.00013267245,-5.0198836e-05,-9.240206e-05,0.00011150413,0.00010672095,-0.00013762165,4.366681e-05,0.00015346237,7.3545198e-06,1.2094039e-05,-6.928492e-05,-0.00013404302,-0.00019701985,-2.1582244e-05,-0.00011122391,2.2716056e-05,-6.702195e-05,-3.761686e-05,-2.915944e-05,-6.18447e-05,0.00012190368,1.9361873e-06,5.686e-05,2.1726359e-05,-3.16613e-05,7.0198957e-06,-3.024741e-05,2.8157741e-05,2.2359589e-05,-3.9247436e-05,1.3604056e-05,3.4577995e-05
5,-32.10955,2.49752,-8.283024,-3.4614966,-1.043712,3.5991507,-0.3753472,4.535169,-0.00052306126,0.00037107687,0.0014517279,0.00028080418,-0.00043976124,0.0002441858,-0.00034528822,5.761819e-05,-0.00022096952,-8.6939554e-07,0.00013095778,-0.00017383597,0.0005478497,0.000105397114,-7.5180724e-05,-0.00012741698,-3.41074e-05,-0.00023694377,0.00012525465,1.4295052e-05,-7.448521e-05,4.1357627e-05,0.00027933574,4.5438635e-05,9.0050635e-05,-5.0387567e-05,4.6683665e-05,0.00014016977,0.00019822402,6.424163e-05,-0.00013596662,-5.1005176e-05,-0.000107014406,3.4566314e-05,5.9832273e-05,-3.300584e-05,4.838234e-05,-0.00011943112,-3.751446e-05,-5.017911e-06,-4.5525223e-05,-3.206542e-05
6,3.3546095,-0.26114064,0.8653187,0.36176312,0.10864107,-0.3753472,0.03987207,-0.47357422,-0.0008366435,0.00060926913,0.00080655655,0.00036117955,-0.00070324715,-0.00017162072,1.0839294e-05,-6.248132e-05,-0.00026759022,2.323253e-05,-5.9057766e-05,0.0001105203,0.0003100146,-0.00011178649,-6.91213e-05,-0.00015361147,4.1641775e-05,-0.00012108179,-0.00011160913,-3.5737394e-05,-3.178162e-05,0.00011933958,0.00014616476,-2.6779305e-06,9.118104e-05,-5.6330267e-05,-1.9236119e-05,0.00010594362,-7.019564e-06,1.6106656e-05,-8.869337e-05,-1.84114e-05,5.4027106e-07,1.329408e-06,1.33420435e-05,4.8929214e-05,-6.341771e-06,-2.2408976e-05,-5.9208447e-05,-4.9053706e-06,7.940051e-06,-3.082568e-05
7,-40.479767,3.1497838,-10.441415,-4.3631554,-1.3150606,4.535169,-0.47357422,5.717533,0.00060509343,-0.0008035329,-7.407321e-05,0.00074643345,-0.00011223143,0.0001815586,0.0003722718,-0.00029578243,-4.7410686e-05,0.00026578055,-0.00016090565,0.00014992381,-0.000120282995,0.00010225006,2.3689394e-05,0.00013893505,-5.4535532e-05,-0.000249499,-1.9448014e-05,1.6998347e-05,3.163545e-05,0.00019520502,-6.168883e-05,4.3883287e-05,-1.4840995e-05,5.98954e-05,-8.869468e-05,-8.527501e-06,-1.5581114e-05,2.4185787e-05,-0.00014525687,-2.1820044e-05,5.70217e-07,-1.7905064e-05,3.306757e-05,-2.1987405e-05,7.527213e-06,-4.475081e-05,-3.342412e-05,4.1279265e-05,4.660968e-05,3.8801586e-06
8,-0.007395041,0.0011428352,-0.0019434202,-0.0010271112,0.0006441379,-0.00052306126,-0.0008366435,0.00060509343,0.0021829573,-0.00070951844,-0.0017344799,-0.00018781918,0.00079595845,0.00021705046,-5.2418345e-05,5.3458625e-05,0.0002477527,-0.00015942688,0.00024741652,-9.3922485e-05,-0.0005068725,0.00026179326,0.00017663212,-0.00010291704,7.055719e-05,0.00045243144,0.00010421216,2.8560415e-05,-1.6379836e-05,-0.00027919485,-0.00023348858,8.276198e-05,-3.852805e-05,6.0300008e-05,-3.1221472e-05,-7.4309355e-05,-3.3142185e-06,-4.3688186e-05,0.00018020539,2.0825264e-05,6.430462e-05,9.7105745e-05,2.5962043e-05,-6.5731507e-07,-6.565907e-05,0.000114353024,0.00015671912,-6.8639434e-05,3.0442676e-05,6.38448e-05
9,-0.0011782119,-0.00026453487,-0.00044851663,-1.6910031e-05,-0.0003847434,0.00037107687,0.00060926913,-0.0008035329,-0.00070951844,0.0031706758,0.0004222656,0.000927678,-0.00088827405,-0.00023832312,-0.0007422599,0.00045812555,3.5740617e-05,-0.00015741117,0.00033838593,-0.00016418766,9.643977e-05,-0.00032149273,-0.0001203736,0.00010956741,-0.00018439574,9.609001e-05,-0.00013999935,0.00018105164,0.0002131288,-0.00019146652,0.00060713943,9.8367076e-05,0.00036677247,-1.8050916e-05,0.00015864774,0.00016320632,0.00013102667,6.5992266e-05,-0.00029916427,1.574194e-05,-0.00014068489,-2.8419257e-05,0.00016091495,-1.7361075e-05,-5.6227826e-05,6.3502695e-05,-0.00011290728,1.3432662e-05,1.1358692e-07,-7.1942115e-05
10,0.0059589474,-0.0013598816,0.0013877042,0.00048730604,-0.0007217291,0.0014517279,0.00080655655,-7.407321e-05,-0.0017344799,0.0004222656,0.0030470402,-2.1716849e-05,-0.0013179414,-8.505651e-05,-0.00012857997,-4.129649e-05,-0.0004906877,-0.0003220135,-3.6020705e-05,-3.2939875e-05,0.0006482295,9.136805e-05,-6.337525e-05,-0.00043035473,0.00015840202,-0.0003487679,4.1631567e-05,-0.0001569805,-4.295321e-05,0.00014073512,0.00022536285,-3.558639e-05,1.04810315e-05,-0.00023838726,-6.621987e-05,0.00016566284,9.985041e-05,6.3539526e-05,-9.317568e-05,-4.4484357e-05,-0.000101861806,9.014933e-05,-1.9647723e-05,5.0012677e-05,3.907645e-05,-4.828231e-05,-0.00010263341,1.0569809e-06,1.9203038e-05,-4.3214444e-05
11,-0.0062697493,0.0007526161,-0.0009290212,-0.00012557692,-0.00017919787,0.00028080418,0.00036117955,0.00074643345,-0.00018781918,0.000927678,-2.1716849e-05,0.0012098047,-0.00078361674,-8.161305e-05,0.00011057046,-0.000490701,-4.75087e-05,-4.8727445e-05,1.0534419e-05,9.370074e-05,-9.7515454e-05,-0.00017987649,2.1493213e-07,5.11684e-06,1.2429782e-05,-0.00018783439,-0.00028659985,-1.3621875e-05,1.1891687e-05,0.00013918601,0.00013787928,-3.1492433e-05,7.076158e-05,-6.297457e-05,-0.00010558979,5.1224702e-05,-9.769776e-05,-1.829031e-05,-0.00014219865,-2.3170716e-05,2.4861576e-05,-7.065329e-05,2.5471587e-05,-3.5552466e-06,-0.0001243935,6.7971414e-05,-9.2918846e-05,6.1419065e-05,3.8854556e-05,1.4279569e-05
12,-0.0009983887,0.0002060569,-0.0007681248,-0.00040130742,0.0003315806,-0.00043976124,-0.00070324715,-0.00011223143,0.00079595845,-0.00088827405,-0.0013179414,-0.00078361674,0.001499336,2.1223e-05,9.08013e-05,0.0002777651,0.00038406422,0.00025143864,-0.00010937794,-0.00012467132,-0.00028923948,0.00015523612,-1.38336145e-05,0.000152239,-3.3909047e-05,0.00014122488,0.00010341266,1.3209634e-05,2.30564e-05,-0.00017978433,-0.00021382586,-1.5562608e-05,-8.926787e-05,0.00017396276,6.423973e-05,-0.00013214396,-3.068344e-05,-1.787348e-05,0.00018633605,5.4719538e-05,5.0029157e-05,-3.375193e-05,-1.3785901e-05,-2.6544665e-05,4.111694e-05,-5.6878762e-05,9.806063e-05,-1.9295134e-05,-5.590779e-05,-3.9496405e-07
13,-0.0014515277,2.0678242e-05,-0.00038291587,-0.0002462708,7.0519214e-05,0.0002441858,-0.00017162072,0.0001815586,0.00021705046,-0.00023832312,-8.505651e-05,-8.161305e-05,2.1223e-05,0.00056558807,-7.4829426e-05,7.2802024e-05,-1.4715875e-05,-0.00010821724,0.00011903969,-5.321796e-05,1.3903986e-05,3.4568e-05,5.6612e-05,-4.791456e-05,-3.757244e-05,6.360034e-05,0.00013005928,-8.059353e-05,-7.8061e-05,-0.0001008955,-8.9125046e-05,-5.5697865e-06,-3.2676813e-05,-3.5708028e-05,-4.8376998e-05,-1.8196864e-05,-1.9703275e-05,-1.5089705e-05,6.1299186e-05,-5.0289353e-05,2.9557345e-05,8.092138e-06,-1.6890503e-05,-5.96724e-06,-6.964423e-05,1.5599635e-06,-3.1234784e-05,-1.418115e-05,-3.3015982e-05,4.0595725e-05
14,-0.00033634357,0.00045728183,0.0001477657,0.00024632443,0.00012471754,-0.00034528822,1.0839294e-05,0.0003722718,-5.2418345e-05,-0.0007422599,-0.00012857997,0.00011057046,9.08013e-05,-7.4829426e-05,0.0008643063,-0.0002620712,3.0261159e-05,8.856412e-05,-0.00026425387,0.00012801492,2.756577e-05,-7.597819e-05,0.00020052976,1.0486775e-05,2.2644883e-05,-0.00018903895,-5.6518154e-05,-9.710541e-05,1.640258e-05,2.4788413e-05,-0.00019838006,-6.539421e-05,-8.7035965e-05,5.347869e-05,-0.0001239873,-0.00011552019,-0.0001269599,-3.0852774e-05,1.0498254e-05,-1.063444e-05,6.0394465e-05,-9.2658825e-05,-4.4391207e-05,2.6678252e-05,1.7909924e-05,-5.802197e-06,-4.692626e-05,5.1784875e-05,7.5307384e-05,6.0465947e-05
15,0.00030050814,-0.00019527326,-0.0006865547,-0.00034199178,-3.4867546e-05,5.761819e-05,-6.248132e-05,-0.00029578243,5.3458625e-05,0.00045812555,-4.129649e-05,-0.000490701,0.0002777651,7.2802024e-05,-0.0002620712,0.0010217901,-4.2923595e-05,7.919523e-05,0.0001425909,2.1243113e-05,7.7174154e-05,0.00011727828,-7.4711235e-05,-3.9849896e-05,-6.267751e-05,0.00020145062,0.00018889582,5.3807664e-05,0.00010365323,-0.00026406738,5.2767376e-05,6.0981827e-05,0.00010748327,7.3845746e-05,0.00016478384,-9.6626046e-08,5.0504474e-05,6.244982e-05,1.6057995e-05,2.4548846e-05,-5.0165065e-05,5.8255406e-05,1.4775244e-05,2.7685503e-05,5.1124087e-05,6.730872e-05,-4.8379443e-06,-3.7900376e-05,-3.2911455e-05,-3.439112e-05
16,-0.0014287205,0.00017597128,-0.00020136216,-4.3302407e-05,-3.4654815e-05,-0.00022096952,-0.00026759022,-4.7410686e-05,0.0002477527,3.5740617e-05,-0.0004906877,-4.75087e-05,0.00038406422,-1.4715875e-05,3.0261159e-05,-4.2923595e-05,0.0005758227,-2.9864885e-05,2.7659064e-05,3.771558e-07,-0.00037365453,-0.00013778359,1.8090657e-05,0.00027969328,-0.00011161079,4.9037306e-05,-4.2706575e-05,-1.4996514e-05,4.1843898e-05,8.02974e-06,1.0513323e-05,-1.6364647e-05,2.0380901e-05,4.2928852e-05,3.877137e-05,-9.824423e-05,-7.5350734e-05,1.9446696e-05,-2.7001359e-05,1.6172922e-05,1.3957628e-05,-7.003147e-05,4.3703832e-05,-6.295184e-05,-5.62696e-07,-2.0376341e-05,2.0830714e-05,9.1003665e-07,1.9775209e-05,1.8398458e-06
17,-0.0015674705,0.0002194613,-0.0005113527,-8.832393e-05,-5.1604868e-05,-8.6939554e-07,2.323253e-05,0.00026578055,-0.00015942688,-0.00015741117,-0.0003220135,-4.8727445e-05,0.00025143864,-0.00010821724,8.856412e-05,7.919523e-05,-2.9864885e-05,0.0002990585,-0.00010248925,6.503936e-05,2.429141e-05,9.713975e-06,-0.0001074617,8.155237e-05,-3.3225442e-05,-9.2063536e-05,-2.9553976e-05,1.2173523e-05,-1.1618482e-05,5.2369873e-05,-5.352014e-05,-3.2524098e-05,-2.5006528e-05,7.4278505e-05,3.4447854e-05,-1.531832e-05,-7.125008e-05,9.1348994e-08,3.7087843e-06,3.9178536e-05,3.2691714e-05,-4.2824344e-05,-2.921786e-05,9.4072275e-06,5.2363093e-06,-4.6717738e-05,-3.127504e-06,2.8243371e-06,-2.7252881e-05,-1.51788845e-05
18,-0.0008574446,-8.7425564e-05,-0.00029382418,-0.00024050166,0.00013267245,0.00013095778,-5.9057766e-05,-0.00016090565,0.00024741652,0.00033838593,-3.6020705e-05,1.0534419e-05,-0.00010937794,0.00011903969,-0.00026425387,0.0001425909,2.7659064e-05,-0.00010248925,0.0005488445,-0.00011554066,6.265471e-05,7.2255416e-06,5.4618067e-05,-0.00013217254,-0.00011093562,0.000113817405,9.5296815e-07,4.026687e-05,-0.00013451709,-4.5770917e-05,-1.1527626e-05,9.680707e-06,2.7553974e-06,-3.518627e-05,4.3180582e-05,-1.00293335e-07,7.923424e-05,-5.075729e-05,-1.7798e-05,-1.8052582e-05,-2.2315042e-05,2.203924e-05,3.4732307e-06,-2.8200982e-05,-8.402965e-06,-1.7376904e-05,-2.4433753e-06,-8.101103e-05,5.9696376e-06,3.6065598e-05
19,-0.00015931929,0.00016627062,0.000161484,0.00017017737,-5.0198836e-05,-0.00017383597,0.0001105203,0.00014992381,-9.3922485e-05,-0.00016418766,-3.2939875e-05,9.370074e-05,-0.00012467132,-5.321796e-05,0.00012801492,2.1243113e-05,3.771558e-07,6.503936e-05,-0.00011554066,0.00027179345,-0.00011666428,-9.395015e-05,-3.1518553e-05,4.9962728e-05,4.522132e-05,-6.885109e-05,-7.140777e-05,1.5897866e-05,2.1217333e-05,0.00010584586,-6.893345e-06,-2.2045875e-05,1.2227414e-05,1.4728244e-05,-6.8269565e-06,1.5117057e-05,-6.342333e-05,-1.6536955e-05,-9.800486e-06,2.6469656e-06,2.1202031e-05,-6.8409554e-06,-3.4235272e-06,1.1738903e-05,1.0106434e-05,3.7536258e-05,9.830321e-08,3.0395233e-05,1.4143799e-05,-1.565303e-05
20,0.0020638166,-0.00043555035,0.00013619094,-4.128714e-05,-9.240206e-05,0.0005478497,0.0003100146,-0.000120282995,-0.0005068725,9.643977e-05,0.0006482295,-9.7515454e-05,-0.00028923948,1.3903986e-05,2.756577e-05,7.7174154e-05,-0.00037365453,2.429141e-05,6.265471e-05,-0.00011666428,0.00072188256,0.00011811044,-1.6511016e-05,-0.0002601323,2.7916665e-05,-3.936601e-05,0.00012581066,3.8715138e-05,-0.00012448127,-2.4050361e-05,7.9929654e-05,-9.508325e-06,-1.0725127e-05,-2.8662753e-05,9.038222e-06,7.429418e-05,7.399112e-05,-2.534435e-05,1.8436707e-05,-1.7139473e-05,-9.703524e-06,4.4557933e-06,-5.5877957e-05,3.1493768e-05,3.9409417e-05,-4.6754813e-05,-9.4571205e-06,-4.703433e-05,-3.4597942e-05,4.4962697e-05
21,0.00036528628,-0.0001755734,-0.00021477217,-0.00021097218,0.00011150413,0.000105397114,-0.00011178649,0.00010225006,0.00026179326,-0.00032149273,9.136805e-05,-0.00017987649,0.00015523612,3.4568e-05,-7.597819e-05,0.00011727828,-0.00013778359,9.713975e-06,7.2255416e-06,-9.395015e-05,0.00011811044,0.00038388543,-0.0001278402,-0.00018013743,7.605553e-05,5.286101e-05,9.51439e-05,-4.1242274e-05,-1.9449295e-05,-5.258341e-05,-2.8236484e-05,-8.431226e-06,-8.6201195e-05,-2.1313099e-05,-1.064396e-05,3.7110454e-05,-1.4565929e-05,7.214578e-07,0.000112628266,3.2404037e-05,2.8470333e-05,8.854884e-05,-5.6368444e-05,4.9527407e-06,-7.842305e-06,1.8326333e-05,1.2056302e-05,-5.103577e-05,-2.6579819e-05,8.580013e-06
22,-0.00066399865,0.00029239547,-0.000105814725,-3.0166295e-05,0.00010672095,-7.5180724e-05,-6.91213e-05,2.3689394e-05,0.00017663212,-0.0001203736,-6.337525e-05,2.1493213e-07,-1.38336145e-05,5.6612e-05,0.00020052976,-7.4711235e-05,1.8090657e-05,-0.0001074617,5.4618067e-05,-3.1518553e-05,-1.6511016e-05,-0.0001278402,0.00038610387,-2.6687561e-05,-4.6589957e-05,4.2524054e-05,-7.881029e-05,4.1532592e-05,-1.5731022e-05,-9.891091e-05,-4.551989e-05,2.699524e-05,-5.874699e-06,-2.9709736e-05,-6.532286e-05,-4.3232045e-05,2.7850623e-05,2.8169784e-06,-4.220136e-05,-3.5350447e-05,1.4410096e-05,-2.7661059e-05,1.42748995e-05,8.6645705e-06,3.7330433e-06,1.7700611e-05,-1.16921765e-05,2.8573955e-05,5.483738e-05,3.4887e-05
23,-0.002083871,0.0002924572,-0.00024378355,-6.221903e-05,-0.00013762165,-0.00012741698,-0.00015361147,0.00013893505,-0.00010291704,0.00010956741,-0.00043035473,5.11684e-06,0.000152239,-4.791456e-05,1.0486775e-05,-3.9849896e-05,0.00027969328,8.155237e-05,-0.00013217254,4.9962728e-05,-0.0002601323,-0.00018013743,-2.6687561e-05,0.00045955039,-9.033314e-05,-3.876875e-05,-2.695424e-05,1.9510331e-05,9.579427e-05,3.2960423e-05,7.1968556e-05,-2.29256e-05,5.8357714e-06,4.0343002e-05,8.771692e-05,-3.7723992e-05,-3.8669335e-05,4.093491e-05,-5.1037532e-05,-1.7823213e-06,5.3692884e-06,-7.259222e-05,1.9791129e-05,-5.676122e-05,-1.0273945e-06,1.362686e-06,-2.5078094e-05,5.535174e-05,1.728165e-05,-9.323949e-06
24,0.0013034546,-0.00013738417,0.00034589073,7.746242e-05,4.366681e-05,-3.41074e-05,4.1641775e-05,-5.4535532e-05,7.055719e-05,-0.00018439574,0.00015840202,1.2429782e-05,-3.3909047e-05,-3.757244e-05,2.2644883e-05,-6.267751e-05,-0.00011161079,-3.3225442e-05,-0.00011093562,4.522132e-05,2.7916665e-05,7.605553e-05,-4.6589957e-05,-9.033314e-05,0.00021023053,-9.5839365e-05,1.693628e-05,-2.9641435e-05,8.656148e-06,8.533996e-06,-3.1505415e-06,-5.3168046e-06,1.1682039e-06,-1.6389602e-06,-2.8674276e-05,6.224091e-05,9.784302e-06,-2.6575659e-05,7.289689e-05,-3.6635443e-05,-2.4947271e-06,1.7094455e-05,-1.1501719e-05,2.3602663e-05,-2.8978156e-05,4.8161586e-05,2.1043725e-05,1.7927516e-05,5.1684474e-06,-2.4471183e-06
25,0.00045363634,2.7652964e-05,-5.5125005e-05,-0.000117322925,0.00015346237,-0.00023694377,-0.00012108179,-0.000249499,0.00045243144,9.609001e-05,-0.0003487679,-0.00018783439,0.00014122488,6.360034e-05,-0.00018903895,0.00020145062,4.9037306e-05,-9.2063536e-05,0.000113817405,-6.885109e-05,-3.936601e-05,5.286101e-05,4.2524054e-05,-3.876875e-05,-9.5839365e-05,0.0003723785,7.280626e-05,7.435384e-05,4.4846092e-06,-0.00012899903,-2.7784097e-05,9.548324e-05,3.2537857e-05,-3.8037308e-07,4.56205e-05,-1.0254604e-05,7.2495954e-05,3.4342465e-05,-1.5685953e-05,1.766573e-05,-3.5727207e-05,5.6805457e-05,3.7614358e-05,-1.5064614e-05,4.5106375e-05,1.8950834e-06,4.172694e-05,-5.1459363e-05,-1.1030643e-05,-2.022611e-05
26,0.00029604568,-0.00015017184,-0.000115335366,-0.00015674575,7.3545198e-06,0.00012525465,-0.00011160913,-1.9448014e-05,0.00010421216,-0.00013999935,4.1631567e-05,-0.00028659985,0.00010341266,0.00013005928,-5.6518154e-05,0.00018889582,-4.2706575e-05,-2.9553976e-05,9.5296815e-07,-7.140777e-05,0.00012581066,9.51439e-05,-7.881029e-05,-2.695424e-05,1.693628e-05,7.280626e-05,0.00022486503,-1.631648e-05,2.3162633e-05,-7.139496e-05,-2.3138826e-05,8.379931e-06,-6.5682843e-06,3.1508132e-06,3.6268993e-05,-1.3598529e-05,2.8459988e-05,4.146933e-06,4.7059177e-05,1.137487e-06,-7.677489e-06,3.273786e-05,-9.542386e-06,-7.0776196e-06,1.4053385e-05,-3.2741747e-07,1.5567864e-05,-2.231172e-05,-3.7091137e-05,2.3731338e-05
27,-0.0011768076,0.0001685963,-0.00029859084,-0.00013192571,1.2094039e-05,1.4295052e-05,-3.5737394e-05,1.6998347e-05,2.8560415e-05,0.00018105164,-0.0001569805,-1.3621875e-05,1.3209634e-05,-8.059353e-05,-9.710541e-05,5.3807664e-05,-1.4996514e-05,1.2173523e-05,4.026687e-05,1.5897866e-05,3.8715138e-05,-4.1242274e-05,4.1532592e-05,1.9510331e-05,-2.9641435e-05,7.435384e-05,-1.631648e-05,0.00017171164,1.42872095e-05,-1.8536193e-06,3.5788704e-05,9.533903e-06,8.313466e-06,1.4550078e-05,1.5723212e-05,2.8897426e-05,2.4525123e-05,-2.9661665e-05,-3.855174e-05,2.0962736e-05,-2.670546e-05,-1.8553364e-05,1.2172228e-07,-1.0639531e-05,2.8824155e-05,1.5103908e-05,2.1599844e-05,-1.7346138e-05,-2.9387065e-06,1.970417e-06
28,-0.0007023497,9.701327e-05,-0.00018176327,-2.2184382e-05,-6.928492e-05,-7.448521e-05,-3.178162e-05,3.163545e-05,-1.6379836e-05,0.0002131288,-4.295321e-05,1.1891687e-05,2.30564e-05,-7.8061e-05,1.640258e-05,0.00010365323,4.1843898e-05,-1.1618482e-05,-0.00013451709,2.1217333e-05,-0.00012448127,-1.9449295e-05,-1.5731022e-05,9.579427e-05,8.656148e-06,4.4846092e-06,2.3162633e-05,1.42872095e-05,0.00014350911,-3.0917545e-05,5.3588716e-05,1.9107156e-05,4.2532352e-05,1.541309e-05,1.2334496e-05,-1.29669315e-05,-4.316694e-06,7.521723e-06,-2.5750476e-05,9.109515e-06,-1.8110055e-05,6.557321e-06,1.1237755e-05,4.787576e-06,3.7647474e-06,4.8011276e-05,-1.427054e-05,3.5018726e-05,6.0592156e-06,-1.00575e-05
29,-9.215606e-06,-3.1591044e-05,0.00024885405,0.00016347642,-0.00013404302,4.1357627e-05,0.00011933958,0.00019520502,-0.00027919485,-0.00019146652,0.00014073512,0.00013918601,-0.00017978433,-0.0001008955,2.4788413e-05,-0.00026406738,8.02974e-06,5.2369873e-05,-4.5770917e-05,0.00010584586,-2.4050361e-05,-5.258341e-05,-9.891091e-05,3.2960423e-05,8.533996e-06,-0.00012899903,-7.139496e-05,-1.8536193e-06,-3.0917545e-05,0.0002687904,1.618839e-05,-2.7873015e-05,-2.265501e-05,-2.4511846e-05,-3.607257e-05,7.784531e-06,-5.4938602e-05,-3.2406315e-05,-8.20359e-07,1.2483941e-05,7.383389e-06,-1.347187e-05,-3.5160734e-05,-1.5781789e-06,-7.3302294e-07,-1.1687214e-05,7.015218e-06,6.063821e-06,1.6199375e-07,1.380454e-05
30,-0.0005614982,-0.00010348043,-0.00019472273,-9.2766946e-05,-0.00019701985,0.00027933574,0.00014616476,-6.168883e-05,-0.00023348858,0.00060713943,0.00022536285,0.00013787928,-0.00021382586,-8.9125046e-05,-0.00019838006,5.2767376e-05,1.0513323e-05,-5.352014e-05,-1.1527626e-05,-6.893345e-06,7.9929654e-05,-2.8236484e-05,-4.551989e-05,7.1968556e-05,-3.1505415e-06,-2.7784097e-05,-2.3138826e-05,3.5788704e-05,5.3588716e-05,1.618839e-05,0.00025850575,8.8384395e-06,7.835256e-05,-2.7667858e-05,3.8454695e-05,7.6798635e-05,2.7706694e-05,2.0775436e-05,-1.9036652e-05,1.7419865e-05,9.1329985e-06,9.598882e-06,1.6111859e-05,-6.454272e-06,-2.7825722e-06,1.9949748e-05,-1.3048086e-06,1.3585267e-05,-3.129588e-07,-2.2830889e-06
31,-0.0006144298,5.5939607e-05,-0.00020077368,-0.000104755265,-2.1582244e-05,4.5438635e-05,-2.6779305e-06,4.3883287e-05,8.276198e-05,9.8367076e-05,-3.558639e-05,-3.1492433e-05,-1.5562608e-05,-5.5697865e-06,-6.539421e-05,6.0981827e-05,-1.6364647e-05,-3.2524098e-05,9.680707e-06,-2.2045875e-05,-9.508325e-06,-8.431226e-06,2.699524e-05,-2.29256e-05,-5.3168046e-06,9.548324e-05,8.379931e-06,9.533903e-06,1.9107156e-05,-2.7873015e-05,8.8384395e-06,6.4260406e-05,2.7281634e-05,-6.0944285e-06,7.3441724e-06,-3.5443077e-06,3.1014733e-05,8.043311e-06,-1.32746145e-05,-5.635942e-06,-1.6869202e-05,1.1749532e-05,9.719517e-06,9.76784e-06,1.5652433e-05,5.9858457e-06,1.4836482e-05,2.0787493e-06,1.4440449e-06,-4.9011514e-06
32,-0.000827453,6.602491e-05,-0.00029824767,-8.208564e-05,-0.00011122391,9.0050635e-05,9.118104e-05,-1.4840995e-05,-3.852805e-05,0.00036677247,1.04810315e-05,7.076158e-05,-8.926787e-05,-3.2676813e-05,-8.7035965e-05,0.00010748327,2.0380901e-05,-2.5006528e-05,2.7553974e-06,1.2227414e-05,-1.0725127e-05,-8.6201195e-05,-5.874699e-06,5.8357714e-06,1.1682039e-06,3.2537857e-05,-6.5682843e-06,8.313466e-06,4.2532352e-05,-2.265501e-05,7.835256e-05,2.7281634e-05,0.00012992599,1.961746e-05,4.6185523e-05,1.944655e-05,3.4947327e-05,1.426612e-05,-3.257674e-05,-7.915522e-07,-3.477307e-05,-4.236088e-06,3.015488e-05,2.1592688e-05,-2.2682236e-06,2.8984508e-05,1.8783507e-05,-2.5843626e-06,1.5608069e-06,-1.5882702e-05
33,-0.00082820735,0.00012863477,-0.00030332926,-9.786914e-05,2.2716056e-05,-5.0387567e-05,-5.6330267e-05,5.98954e-05,6.0300008e-05,-1.8050916e-05,-0.00023838726,-6.297457e-05,0.00017396276,-3.5708028e-05,5.347869e-05,7.3845746e-05,4.2928852e-05,7.4278505e-05,-3.518627e-05,1.4728244e-05,-2.8662753e-05,-2.1313099e-05,-2.9709736e-05,4.0343002e-05,-1.6389602e-06,-3.8037308e-07,3.1508132e-06,1.4550078e-05,1.541309e-05,-2.4511846e-05,-2.7667858e-05,-6.0944285e-06,1.961746e-05,6.2553496e-05,1.7763476e-05,-1.4325516e-05,-1.9522133e-05,-1.3280693e-06,1.1003693e-05,1.1829304e-05,-8.497411e-06,-2.2529235e-05,1.2478919e-06,9.64801e-06,8.195466e-06,-2.7138503e-06,1.2755792e-05,-4.502505e-06,2.4623941e-06,-1.1582635e-05
34,-0.000114883136,-4.4055487e-05,-0.000112089954,-8.8126784e-05,-6.702195e-05,4.6683665e-05,-1.9236119e-05,-8.869468e-05,-3.1221472e-05,0.00015864774,-6.621987e-05,-0.00010558979,6.423973e-05,-4.8376998e-05,-0.0001239873,0.00016478384,3.877137e-05,3.4447854e-05,4.3180582e-05,-6.8269565e-06,9.038222e-06,-1.064396e-05,-6.532286e-05,8.771692e-05,-2.8674276e-05,4.56205e-05,3.6268993e-05,1.5723212e-05,1.2334496e-05,-3.607257e-05,3.8454695e-05,7.3441724e-06,4.6185523e-05,1.7763476e-05,0.00011508187,3.8735734e-06,3.8166712e-05,2.745782e-05,-1.9358431e-05,7.668847e-06,-3.2661104e-05,4.447309e-06,1.280371e-05,-1.8508917e-05,2.7969694e-05,8.702269e-06,1.6330003e-05,-6.3916104e-06,-1.7955721e-05,-1.3494819e-05
35,0.00013327067,-8.2692626e-05,-6.895825e-06,-4.0112223e-05,-3.761686e-05,0.00014016977,0.00010594362,-8.527501e-06,-7.4309355e-05,0.00016320632,0.00016566284,5.1224702e-05,-0.00013214396,-1.8196864e-05,-0.00011552019,-9.6626046e-08,-9.824423e-05,-1.531832e-05,-1.00293335e-07,1.5117057e-05,7.429418e-05,3.7110454e-05,-4.3232045e-05,-3.7723992e-05,6.224091e-05,-1.0254604e-05,-1.3598529e-05,2.8897426e-05,-1.29669315e-05,7.784531e-06,7.6798635e-05,-3.5443077e-06,1.944655e-05,-1.4325516e-05,3.8735734e-06,8.5462845e-05,1.6227994e-05,-4.0650417e-07,1.5352005e-05,-2.4777714e-06,-7.0776446e-06,1.79782e-05,4.283239e-06,6.866904e-06,-1.45534705e-05,9.531381e-06,2.3229209e-06,-1.6036254e-05,2.6891385e-06,-1.1375808e-05
36,-0.00045097974,-5.039268e-05,-0.00018350894,-0.00015703535,-2.915944e-05,0.00019822402,-7.019564e-06,-1.5581114e-05,-3.3142185e-06,0.00013102667,9.985041e-05,-9.769776e-05,-3.068344e-05,-1.9703275e-05,-0.0001269599,5.0504474e-05,-7.5350734e-05,-7.125008e-05,7.923424e-05,-6.342333e-05,7.399112e-05,-1.4565929e-05,2.7850623e-05,-3.8669335e-05,9.784302e-06,7.2495954e-05,2.8459988e-05,2.4525123e-05,-4.316694e-06,-5.4938602e-05,2.7706694e-05,3.1014733e-05,3.4947327e-05,-1.9522133e-05,3.8166712e-05,1.6227994e-05,0.00011867074,-1.4178592e-05,-2.6559742e-06,-2.367617e-05,-2.7777449e-05,2.2960727e-05,1.5700622e-05,-6.311784e-07,2.3269724e-05,-2.817801e-07,1.563778e-05,-4.67296e-06,-1.0263348e-05,-8.4109815e-06
37,5.6225195e-05,4.3305427e-06,-4.055825e-05,-2.5569614e-05,-6.18447e-05,6.424163e-05,1.6106656e-05,2.4185787e-05,-4.3688186e-05,6.5992266e-05,6.3539526e-05,-1.829031e-05,-1.787348e-05,-1.5089705e-05,-3.0852774e-05,6.244982e-05,1.9446696e-05,9.1348994e-08,-5.075729e-05,-1.6536955e-05,-2.534435e-05,7.214578e-07,2.8169784e-06,4.093491e-05,-2.6575659e-05,3.4342465e-05,4.146933e-06,-2.9661665e-05,7.521723e-06,-3.2406315e-05,2.0775436e-05,8.043311e-06,1.426612e-05,-1.3280693e-06,2.745782e-05,-4.0650417e-07,-1.4178592e-05,9.252851e-05,-1.3339844e-05,1.9017625e-05,-1.0518774e-05,1.2248673e-05,2.6960963e-05,-4.9718483e-06,9.335345e-06,-1.4924236e-06,-3.2821831e-06,1.0761705e-05,2.236833e-06,-2.6587852e-05
38,0.0014768883,-0.00016453155,0.00027251142,3.2503416e-05,0.00012190368,-0.00013596662,-8.869337e-05,-0.00014525687,0.00018020539,-0.00029916427,-9.317568e-05,-0.00014219865,0.00018633605,6.1299186e-05,1.0498254e-05,1.6057995e-05,-2.7001359e-05,3.7087843e-06,-1.7798e-05,-9.800486e-06,1.8436707e-05,0.000112628266,-4.220136e-05,-5.1037532e-05,7.289689e-05,-1.5685953e-05,4.7059177e-05,-3.855174e-05,-2.5750476e-05,-8.20359e-07,-1.9036652e-05,-1.32746145e-05,-3.257674e-05,1.1003693e-05,-1.9358431e-05,1.5352005e-05,-2.6559742e-06,-1.3339844e-05,0.00010604147,-3.9537622e-07,2.5713241e-05,2.3774428e-05,-2.3560326e-05,1.0916245e-05,-1.7776641e-05,1.1096416e-05,2.2636914e-05,-4.3683053e-06,-8.1273165e-06,1.7867267e-05
39,7.599041e-05,2.0209514e-05,-1.752155e-05,1.3356455e-05,1.9361873e-06,-5.1005176e-05,-1.84114e-05,-2.1820044e-05,2.0825264e-05,1.574194e-05,-4.4484357e-05,-2.3170716e-05,5.4719538e-05,-5.0289353e-05,-1.063444e-05,2.4548846e-05,1.6172922e-05,3.9178536e-05,-1.8052582e-05,2.6469656e-06,-1.7139473e-05,3.2404037e-05,-3.5350447e-05,-1.7823213e-06,-3.6635443e-05,1.766573e-05,1.137487e-06,2.0962736e-05,9.109515e-06,1.2483941e-05,1.7419865e-05,-5.635942e-06,-7.915522e-07,1.1829304e-05,7.668847e-06,-2.4777714e-06,-2.367617e-05,1.9017625e-05,-3.9537622e-07,4.7950973e-05,2.8267975e-06,5.4842058e-06,-2.4406122e-06,-2.232166e-06,1.6521302e-05,-1.124122e-05,1.8343442e-05,-8.785786e-06,-6.8232716e-06,-5.385311e-06
40,0.00031894818,2.239801e-05,0.00010814716,7.601481e-05,5.686e-05,-0.000107014406,5.4027106e-07,5.70217e-07,6.430462e-05,-0.00014068489,-0.000101861806,2.4861576e-05,5.0029157e-05,2.9557345e-05,6.0394465e-05,-5.0165065e-05,1.3957628e-05,3.2691714e-05,-2.2315042e-05,2.1202031e-05,-9.703524e-06,2.8470333e-05,1.4410096e-05,5.3692884e-06,-2.4947271e-06,-3.5727207e-05,-7.677489e-06,-2.670546e-05,-1.8110055e-05,7.383389e-06,9.1329985e-06,-1.6869202e-05,-3.477307e-05,-8.497411e-06,-3.2661104e-05,-7.0776446e-06,-2.7777449e-05,-1.0518774e-05,2.5713241e-05,2.8267975e-06,7.627949e-05,2.0177949e-07,-8.202147e-06,-3.931101e-06,-9.572562e-06,-2.2149241e-05,-7.4375325e-06,1.391694e-06,-5.066814e-06,1.3398134e-05
41,0.00043684762,-0.000103053986,1.3812329e-05,-3.873768e-05,2.1726359e-05,3.4566314e-05,1.329408e-06,-1.7905064e-05,9.7105745e-05,-2.8419257e-05,9.014933e-05,-7.065329e-05,-3.375193e-05,8.092138e-06,-9.2658825e-05,5.8255406e-05,-7.003147e-05,-4.2824344e-05,2.203924e-05,-6.8409554e-06,4.4557933e-06,8.854884e-05,-2.7661059e-05,-7.259222e-05,1.7094455e-05,5.6805457e-05,3.273786e-05,-1.8553364e-05,6.557321e-06,-1.347187e-05,9.598882e-06,1.1749532e-05,-4.236088e-06,-2.2529235e-05,4.447309e-06,1.79782e-05,2.2960727e-05,1.2248673e-05,2.3774428e-05,5.4842058e-06,2.0177949e-07,6.449289e-05,3.893118e-06,6.2785275e-06,1.9271229e-06,1.6165548e-05,5.777194e-06,-1.0683183e-05,-8.910185e-06,-9.790261e-06
42,-0.00066171994,6.354114e-05,-0.00016472304,-5.7508627e-05,-3.16613e-05,5.9832273e-05,1.33420435e-05,3.306757e-05,2.5962043e-05,0.00016091495,-1.9647723e-05,2.5471587e-05,-1.3785901e-05,-1.6890503e-05,-4.4391207e-05,1.4775244e-05,4.3703832e-05,-2.921786e-05,3.4732307e-06,-3.4235272e-06,-5.5877957e-05,-5.6368444e-05,1.42748995e-05,1.9791129e-05,-1.1501719e-05,3.7614358e-05,-9.542386e-06,1.2172228e-07,1.1237755e-05,-3.5160734e-05,1.6111859e-05,9.719517e-06,3.015488e-05,1.2478919e-06,1.280371e-05,4.283239e-06,1.5700622e-05,2.6960963e-05,-2.3560326e-05,-2.4406122e-06,-8.202147e-06,3.893118e-06,4.0165614e-05,-2.939451e-06,-9.023016e-07,-5.681475e-06,-1.13161846e-07,1.0229164e-06,3.3708986e-06,-1.8671784e-05
43,0.00043948193,-2.131547e-05,3.4216384e-05,3.8032922e-05,7.0198957e-06,-3.300584e-05,4.8929214e-05,-2.1987405e-05,-6.5731507e-07,-1.7361075e-05,5.0012677e-05,-3.5552466e-06,-2.6544665e-05,-5.96724e-06,2.6678252e-05,2.7685503e-05,-6.295184e-05,9.4072275e-06,-2.8200982e-05,1.1738903e-05,3.1493768e-05,4.9527407e-06,8.6645705e-06,-5.676122e-05,2.3602663e-05,-1.5064614e-05,-7.0776196e-06,-1.0639531e-05,4.787576e-06,-1.5781789e-06,-6.454272e-06,9.76784e-06,2.1592688e-05,9.64801e-06,-1.8508917e-05,6.866904e-06,-6.311784e-07,-4.9718483e-06,1.0916245e-05,-2.232166e-06,-3.931101e-06,6.2785275e-06,-2.939451e-06,3.2891392e-05,-8.440065e-06,9.914111e-06,6.9525913e-06,-1.5386415e-06,7.668634e-06,2.2945562e-07
44,0.00014411601,-1.376896e-05,-1.1821119e-05,-1.9411476e-05,-3.024741e-05,4.838234e-05,-6.341771e-06,7.527213e-06,-6.565907e-05,-5.6227826e-05,3.907645e-05,-0.0001243935,4.111694e-05,-6.964423e-05,1.7909924e-05,5.1124087e-05,-5.62696e-07,5.2363093e-06,-8.402965e-06,1.0106434e-05,3.9409417e-05,-7.842305e-06,3.7330433e-06,-1.0273945e-06,-2.8978156e-05,4.5106375e-05,1.4053385e-05,2.8824155e-05,3.7647474e-06,-7.3302294e-07,-2.7825722e-06,1.5652433e-05,-2.2682236e-06,8.195466e-06,2.7969694e-05,-1.45534705e-05,2.3269724e-05,9.335345e-06,-1.7776641e-05,1.6521302e-05,-9.572562e-06,1.9271229e-06,-9.023016e-07,-8.440065e-06,6.0542796e-05,-1.9058465e-05,1.6818285e-05,-8.270894e-06,-4.4354947e-06,-1.2097767e-05
45,3.4678917e-05,4.6046058e-05,3.0704636e-05,-2.1004e-06,2.8157741e-05,-0.00011943112,-2.2408976e-05,-4.475081e-05,0.000114353024,6.3502695e-05,-4.828231e-05,6.7971414e-05,-5.6878762e-05,1.5599635e-06,-5.802197e-06,6.730872e-05,-2.0376341e-05,-4.6717738e-05,-1.7376904e-05,3.7536258e-05,-4.6754813e-05,1.8326333e-05,1.7700611e-05,1.362686e-06,4.8161586e-05,1.8950834e-06,-3.2741747e-07,1.5103908e-05,4.8011276e-05,-1.1687214e-05,1.9949748e-05,5.9858457e-06,2.8984508e-05,-2.7138503e-06,8.702269e-06,9.531381e-06,-2.817801e-07,-1.4924236e-06,1.1096416e-05,-1.124122e-05,-2.2149241e-05,1.6165548e-05,-5.681475e-06,9.914111e-06,-1.9058465e-05,7.599528e-05,2.5621205e-07,2.0573974e-05,9.983389e-06,1.1040762e-05
46,7.9072495e-05,1.621434e-05,-1.6822343e-05,-4.5295976e-05,2.2359589e-05,-3.751446e-05,-5.9208447e-05,-3.342412e-05,0.00015671912,-0.00011290728,-0.00010263341,-9.2918846e-05,9.806063e-05,-3.1234784e-05,-4.692626e-05,-4.8379443e-06,2.0830714e-05,-3.127504e-06,-2.4433753e-06,9.830321e-08,-9.4571205e-06,1.2056302e-05,-1.16921765e-05,-2.5078094e-05,2.1043725e-05,4.172694e-05,1.5567864e-05,2.1599844e-05,-1.427054e-05,7.015218e-06,-1.3048086e-06,1.4836482e-05,1.8783507e-05,1.2755792e-05,1.6330003e-05,2.3229209e-06,1.563778e-05,-3.2821831e-06,2.2636914e-05,1.8343442e-05,-7.4375325e-06,5.777194e-06,-1.13161846e-07,6.9525913e-06,1.6818285e-05,2.5621205e-07,5.304102e-05,-1.2018623e-05,-6.349931e-06,-1.8271507e-07
47,-0.00026212132,5.8157144e-05,4.1999097e-05,3.626408e-05,-3.9247436e-05,-5.017911e-06,-4.9053706e-06,4.1279265e-05,-6.8639434e-05,1.3432662e-05,1.0569809e-06,6.1419065e-05,-1.9295134e-05,-1.418115e-05,5.1784875e-05,-3.7900376e-05,9.1003665e-07,2.8243371e-06,-8.101103e-05,3.0395233e-05,-4.703433e-05,-5.103577e-05,2.8573955e-05,5.535174e-05,1.7927516e-05,-5.1459363e-05,-2.231172e-05,-1.7346138e-05,3.5018726e-05,6.063821e-06,1.3585267e-05,2.0787493e-06,-2.5843626e-06,-4.502505e-06,-6.3916104e-06,-1.6036254e-05,-4.67296e-06,1.0761705e-05,-4.3683053e-06,-8.785786e-06,1.391694e-06,-1.0683183e-05,1.0229164e-06,-1.5386415e-06,-8.270894e-06,2.0573974e-05,-1.2018623e-05,5.2319123e-05,-6.4935034e-07,1.2331548e-06
48,-0.00025141818,8.325253e-05,-2.0942785e-05,3.7692575e-07,1.3604056e-05,-4.5525223e-05,7.940051e-06,4.660968e-05,3.0442676e-05,1.1358692e-07,1.9203038e-05,3.8854556e-05,-5.590779e-05,-3.3015982e-05,7.5307384e-05,-3.2911455e-05,1.9775209e-05,-2.7252881e-05,5.9696376e-06,1.4143799e-05,-3.4597942e-05,-2.6579819e-05,5.483738e-05,1.728165e-05,5.1684474e-06,-1.1030643e-05,-3.7091137e-05,-2.9387065e-06,6.0592156e-06,1.6199375e-07,-3.129588e-07,1.4440449e-06,1.5608069e-06,2.4623941e-06,-1.7955721e-05,2.6891385e-06,-1.0263348e-05,2.236833e-06,-8.1273165e-06,-6.8232716e-06,-5.066814e-06,-8.910185e-06,3.3708986e-06,7.668634e-06,-4.4354947e-06,9.983389e-06,-6.349931e-06,-6.4935034e-07,3.5317364e-05,3.3790102e-06
49,-8.404337e-05,2.5592271e-05,1.6149806e-05,-8.686811e-06,3.4577995e-05,-3.206542e-05,-3.082568e-05,3.8801586e-06,6.38448e-05,-7.1942115e-05,-4.3214444e-05,1.4279569e-05,-3.9496405e-07,4.0595725e-05,6.0465947e-05,-3.439112e-05,1.8398458e-06,-1.51788845e-05,3.6065598e-05,-1.565303e-05,4.4962697e-05,8.580013e-06,3.4887e-05,-9.323949e-06,-2.4471183e-06,-2.022611e-05,2.3731338e-05,1.970417e-06,-1.00575e-05,1.380454e-05,-2.2830889e-06,-4.9011514e-06,-1.5882702e-05,-1.1582635e-05,-1.3494819e-05,-1.1375808e-05,-8.4109815e-06,-2.6587852e-05,1.7867267e-05,-5.385311e-06,1.3398134e-05,-9.790261e-06,-1.8671784e-05,2.2945562e-07,-1.2097767e-05,1.1040762e-05,-1.8271507e-07,1.2331548e-06,3.3790102e-06,4.2519423e-05
