,0,1,2,3,4,5,6,7,8,9,10,11,12,13,14,15,16,17,18,19,20,21,22,23,24,25,26,27,28,29,30,31,32,33,34,35,36,37,38,39,40,41,42,43,44,45,46,47,48,49,50,51,52,53,54,55,56,57,58,59,60,61,62,63,64,65,66,67,68,69,70,71,72,73,74,75,76,77,78,79,80,81,82,83,84,85,86
0,148.06924,-18.24036,5.2730284,6.64079,-18.009033,11.278455,-9.8571205,-14.209063,-14.777803,9.211418,-3.7073977,3.1253595,-0.6281079,9.258138,3.8796356,-1.6852376,-2.2268782,-1.7027384,-2.7926197,-2.400621,-0.33520776,-0.9283569,-0.93768144,5.048703,1.311662,3.3577304,2.2363586,-2.3105206,0.41594106,2.8517466,0.7589092,1.3271315,0.37597153,-1.2974391,-1.1519277,0.17938706,1.3130968,0.09627643,0.066267595,-2.808807,-0.43534207,-1.2986146,-0.93325615,-0.3699005,-0.52248806,0.5837284,0.16866922,-0.07159445,-0.73555636,-0.21656832,-0.3098961,-0.023695849,-0.75912124,-0.22559057,-0.66187286,0.65822196,1.0717237,-1.1956866,-1.0794771,0.42035258,0.3407535,0.23686148,0.5520975,0.54800963,0.09518349,-0.14461765,0.26369506,0.6926297,0.12028545,-0.29353094,-0.6224171,-0.3148315,-0.14814368,0.046093024,-0.19371074,0.073933244,-0.07983126,0.33587623,0.39000177,0.34439576,-0.21484908,0.21965304,-0.15176915,0.17931251,-0.440758,-0.13669164,-0.32397652
1,-18.24036,172.8247,6.6877418,10.485241,-11.120914,4.0004234,-3.8477345,-1.4810791,3.452304,4.005497,-5.697048,2.713759,-1.7226722,4.497211,2.4354248,0.37998748,-0.8522192,-1.6920584,-2.145034,-1.8736517,-0.30979046,-0.85835755,-0.7121825,3.6300182,-1.868414,-0.77876407,0.18024354,-2.4029837,-0.29791513,-0.12455647,0.24392779,1.317533,1.7597795,-1.2699881,0.30526397,-0.9048389,0.49759594,-1.0925305,-0.36023325,-1.8996158,0.7162616,-0.17037833,-0.20143893,0.13666117,-0.6212466,-0.4566139,0.7274153,-0.69866145,-0.91281044,0.053501707,-0.023126364,0.42637378,-0.5967703,-0.067975804,-0.06820498,0.16840433,0.32818377,0.19358248,0.1441389,0.1903544,-0.009821402,-0.40088212,0.79574203,-0.047443338,0.17823657,-0.2815891,0.2287946,-0.084481284,0.18778443,-0.20527035,0.2665202,-0.35730022,-0.04149947,0.28115898,0.35503057,0.32587,0.11984741,0.40326795,-0.033854745,-0.0542734,-0.11201672,0.079623446,0.28378803,-0.0998407,0.29867685,0.07650696,-0.19450428
2,5.2730284,6.6877418,109.40576,16.305336,8.495419,4.4401727,1.1553717,-4.9489384,-11.442565,-9.323151,-3.260869,-0.016537048,-8.966365,-1.4225731,-7.777849,2.304941,4.833937,2.5461583,-2.2637181,0.23926651,-3.3258655,-3.0077753,0.77867603,-1.7662315,0.26275688,-1.2002339,-2.9841547,1.7222295,0.035378046,0.9507161,3.572104,0.0631111,-3.629633,0.28001666,1.5117805,-0.2974082,-0.63404274,-0.05015973,0.17608461,1.3659751,-0.60448444,-0.3264252,0.020052569,-0.8556062,0.5380739,0.54306877,-0.58326477,0.09653418,1.0633788,1.5544233,-0.27379537,-0.50467014,0.41962868,0.36984015,-0.188871,-0.29142517,-0.3241293,0.13569742,0.314132,-0.36979267,-0.35279343,0.272928,-0.09940428,0.3841769,-0.092874154,0.10114354,-0.30215853,0.29080826,0.021505972,0.089790925,0.17807621,-0.16459635,-0.058828313,0.4303615,-0.35136423,-0.33867264,-0.023684625,-0.31338865,-0.50961375,0.13435324,0.20582587,-0.3918031,0.042364683,0.34587836,0.03212852,-0.18193729,0.14828838
3,6.64079,10.485241,16.305336,61.98664,-0.96474755,-8.242306,9.597742,8.201258,-1.4129047,5.888063,7.1224413,3.5359077,-0.32031217,3.1917698,2.324729,-5.44119,3.1002707,-0.02982162,4.231777,4.858513,-3.2305164,2.59659,3.5528667,0.4917786,4.249576,2.1837218,2.5618782,0.84162784,0.27910256,-2.0929036,-0.3961489,-1.741442,0.2812152,0.13639712,-1.9650805,0.96471477,-0.04227045,0.7526436,-1.9492364,0.7182288,0.8109453,0.91034913,-0.8431951,-0.40221688,-0.800645,1.3885617,1.1594176,1.7101499,-0.06264403,-0.5798104,-0.19274908,-0.3719285,-0.2197091,-1.3177577,-0.13616577,-0.47296298,1.4173893,-0.7629111,-1.034297,0.8132056,-0.43233985,0.32778668,-0.7098963,0.11116251,-0.0047907736,-0.22343111,-0.28057277,-0.18386874,-0.5745304,0.59006816,-0.7274948,0.541928,0.019043058,-0.0072439425,-0.263053,-0.6087308,-0.46379888,0.04282535,0.22687587,0.11905526,-0.29092458,0.16153514,-0.2134406,0.12165704,-0.6145257,-0.36432317,0.38822007
4,-18.009033,-11.120914,8.495419,-0.96474755,55.178757,2.6919823,1.1308606,-6.9261904,1.2128041,0.01745715,0.652328,6.616869,-1.5558407,0.22272061,-2.0158277,-2.0127869,-0.32269275,-1.7503815,-1.9800262,-1.8418218,-0.116788685,-1.3644143,-3.1948733,0.5146453,0.9115609,2.0369234,3.8193243,-3.2073362,-2.396151,-1.683276,-1.2766461,0.79173565,1.4523672,-1.0356194,0.40522003,0.5504025,-0.03624464,0.059407428,-0.4556132,-1.3516793,1.0989754,-0.019147046,-1.0403082,0.36658514,-2.164684,-0.15706559,1.5499269,0.44631436,-0.20714208,-0.5117203,0.014792971,-0.7048116,-0.1370677,0.100052804,0.71026653,-0.9124121,0.7769072,0.25484696,-0.57893205,-0.95380026,-0.04558642,-0.43394822,0.6029268,0.78995883,0.053310785,-0.13793272,0.037100542,-0.07365034,-0.1920532,0.05570531,0.8860458,0.04024854,0.3844783,0.96879184,0.2356539,0.03415712,-0.039673254,0.059665386,0.6638837,-0.13813116,-0.57542324,0.4597829,-0.050076347,-0.042761732,0.28845465,-0.3497697,0.021147747
5,11.278455,4.0004234,4.4401727,-8.242306,2.6919823,31.662817,-0.027712267,8.650627,3.2831259,2.7625916,0.47987545,5.342002,-2.3889594,-4.0656285,-1.781745,4.0868835,1.6876924,-0.22807956,0.037564717,-3.7811172,1.0639629,-1.3399748,2.2823753,1.5564466,-0.48704988,-0.16223674,0.3992461,-2.2930162,0.55397654,1.1212384,-1.4862316,3.1144128,-1.101313,1.4575374,-0.012978684,2.825429,0.39532006,-0.21958616,1.1926492,0.050996482,-1.9041202,-1.1684852,-1.3477553,0.21432665,0.99557686,0.0137833115,-0.37948352,-0.4356585,0.10094287,-0.14203338,0.791654,-0.42949283,-0.38324547,0.49840337,0.005285108,-0.30092394,0.43911612,-0.423033,-0.53142476,-0.42039782,-0.9356183,0.7037518,0.30926806,0.061902583,-0.7083103,-0.5050302,0.15665975,-0.27738535,0.52035683,-0.2833785,-0.28009063,-0.42934126,-0.6955861,0.3219166,-0.8027822,0.52802414,1.1879503,-0.104220524,0.100076176,0.5437649,-0.30741185,0.07898858,-0.055178214,0.31117034,-0.44903505,-0.19415785,-0.21263039
6,-9.8571205,-3.8477345,1.1553717,9.597742,1.1308606,-0.027712267,26.924805,-0.5371288,1.2034445,3.8102138,-1.7385879,3.1507437,2.9055023,-3.143929,0.0038332462,-1.0577562,-0.9093052,-3.7436502,-0.94258004,1.9321973,-4.133546,-0.26593363,-0.7514373,1.7694466,0.1887509,0.652264,-0.17577237,-0.6442896,-0.90161854,1.0227757,0.42738038,-1.1189986,-1.528656,-0.5153779,-1.1173198,-1.0025737,1.3317277,-0.00087095005,1.2643659,0.7687503,0.4195842,-0.71400386,0.86388737,0.32206577,1.7847102,-0.3679776,-1.5063093,-0.1434417,0.42900783,-0.8441024,1.3370764,-0.29884583,0.90667355,1.2833683,0.69448316,0.88939923,0.37660033,-0.90397763,0.50153214,-0.1358079,-0.36311883,0.798506,0.11858454,0.43461615,-0.6054816,0.13614911,1.2882437,-0.24164455,0.3050477,0.24527113,-0.23016298,0.2438831,0.32066613,-0.47705168,-0.012696907,0.31611866,-0.30836195,0.19164583,0.22561249,0.4767313,-0.22588855,-0.049910452,0.29553342,0.08533438,-0.60722184,0.3515035,-0.102072865
7,-14.209063,-1.4810791,-4.9489384,8.201258,-6.9261904,8.650627,-0.5371288,34.980366,-5.728923,-3.1208913,1.981234,2.118626,-0.3579362,0.8547094,-2.405849,-1.5937414,-3.3146904,0.36435032,0.082718074,-3.1565673,2.5529642,0.063732415,0.5590503,-0.86906195,3.854069,0.6067593,0.9322139,1.631521,-1.063829,0.012380233,-0.03152252,0.28371453,-0.90708315,1.7594768,0.2529109,0.8732115,-0.38251388,0.71275145,-0.9440723,-0.85658765,-0.48874927,-0.5480797,0.7332932,0.20841476,0.1306147,-0.037715904,-0.12565857,0.2212231,0.07895585,-0.83993113,0.16394731,-0.41445833,0.30547482,0.89207137,-0.43674254,-0.20379996,-0.0043796487,-0.20257694,-0.28765792,0.066640526,-0.19208024,-0.14340207,-0.2555553,0.29166088,0.14655602,0.20830697,-0.33853132,0.27659327,0.22882015,-0.060048245,-0.010132162,0.18205918,0.087735005,-0.3653484,-0.46234846,0.42198336,0.078932,-0.26113656,0.16503918,-0.2548299,-0.10293142,0.089902535,-0.081422724,0.03595922,-0.030318793,0.30017656,-0.24289298
8,-14.777803,3.452304,-11.442565,-1.4129047,1.2128041,3.2831259,1.2034445,-5.728923,18.38793,-0.623228,2.8465986,-3.8358712,-0.7784058,2.236437,0.98504704,0.99534225,2.497027,-2.1229892,-0.89413583,0.87734264,-0.3746112,-1.4686878,0.5101123,0.11273126,0.9440907,0.08457852,1.9777927,0.20523338,2.115436,2.2274625,-0.61320704,0.5180294,-0.5418124,1.0667574,0.331959,-0.36682177,-0.12058513,1.0152123,0.5605205,0.82854164,-0.6246606,0.30239153,-0.6350181,-0.7369441,0.6222601,0.8388592,-0.1096645,0.052780524,0.1427373,0.7515058,-0.62166476,-0.9691938,0.10848767,-0.59420073,0.049797304,-0.1946407,0.69677925,-1.1367863,-0.7126086,0.0032940032,-0.09549059,0.74472797,-0.6132221,0.25930637,-0.7048018,0.008559711,-0.10255122,-0.3013104,0.25945836,-0.26770675,-0.15723498,-0.2307821,-0.24908884,0.5334121,-0.45319077,-0.21596932,0.11236981,0.030194193,-0.10145339,0.38269165,0.00542085,-0.34521812,-0.24828783,0.16179764,-0.06177257,-0.34668422,-0.23694682
9,9.211418,4.005497,-9.323151,5.888063,0.01745715,2.7625916,3.8102138,-3.1208913,-0.623228,23.75481,0.9277111,-1.0526685,3.0752642,-1.1548404,-3.6490812,-0.09699059,2.2824173,2.962912,0.52423894,-2.602542,0.3243106,-0.32575735,-1.4181179,-0.5182476,0.9632696,-1.1789134,-1.1532586,-0.6777755,-0.83350945,-0.75520897,-0.5045949,-0.41078296,-0.49794418,0.44186914,-1.1867515,-0.9349871,-0.010149902,-0.6215831,-2.460597,0.9430725,0.16234076,0.4633741,-0.009583516,0.37110525,-0.6506939,0.4787572,-0.32708815,0.0031213656,1.0769926,-0.35115427,0.22469015,-0.061339337,0.24742085,1.0463475,0.9008784,-1.1307793,0.31781846,0.5036785,-0.32925814,0.024673346,-0.00055338803,0.21242589,-0.29990852,0.22140309,0.0011346221,-0.106737986,0.3813452,-0.793427,-0.04023403,0.40967828,0.20972647,-0.525128,-0.15253264,0.19375615,0.1696749,0.19924241,0.25386894,0.17562306,0.04088148,0.23801194,-0.10006723,-0.24615493,0.10903767,-0.11736532,0.18557858,-0.062864244,0.0008440949
10,-3.7073977,-5.697048,-3.260869,7.1224413,0.652328,0.47987545,-1.7385879,1.981234,2.8465986,0.9277111,16.48421,3.9863791,0.8103591,1.384368,1.0400914,2.296117,0.6965169,0.83628833,-0.74616814,2.1812167,2.0832002,-2.2354362,1.1719241,0.3250229,-1.7793821,0.24901538,0.6426065,2.5004578,0.31309974,-0.5373485,2.8745604,0.53441185,0.0840663,-1.348028,0.6694135,0.16038913,-0.051013418,-0.8962271,-0.85139227,-0.582831,0.1622304,-0.5095022,0.49406496,-0.7133355,-0.60327625,1.774854,0.3192417,-0.61428493,-0.04646665,0.22002053,-0.22085664,1.166348,-0.46227968,-0.38032562,0.36376226,-0.09563686,-0.06060975,-0.4467739,0.06362131,0.30245358,-0.15649608,-0.13785419,0.19078277,0.5332409,-0.20633414,-0.07950145,-0.17983088,-0.016253967,0.18682846,0.24505003,0.088508554,-0.060462423,-0.24531347,-0.0513023,-0.19459848,0.20114923,0.4139698,0.29654497,-0.08607805,0.26682454,0.110467836,-0.30837202,0.24563545,-0.15622738,-0.20897825,-0.23702544,0.159617
11,3.1253595,2.713759,-0.016537048,3.5359077,6.616869,5.342002,3.1507437,2.118626,-3.8358712,-1.0526685,3.9863791,14.729464,-0.16152963,-0.3727354,0.7241123,0.90808713,-1.0243008,-1.1167834,1.1677247,1.5297642,3.3098235,1.1614013,-1.6781518,-0.29110986,-2.044457,1.57434,-0.67980826,0.3548286,0.4417801,0.68680847,-0.6439085,0.29538196,-0.051960815,-0.7842436,-1.3225286,-0.3391435,1.0057733,0.08998306,-0.23717126,-0.66165483,1.096499,-0.15847534,-0.96165866,0.84144664,1.0835829,-0.5668974,0.36773986,0.32574117,-1.141336,0.56514704,-0.30842462,0.25715595,-0.18664849,0.041815102,0.02071359,0.59925854,-0.29847407,0.33824182,-0.17321119,-0.010570469,-0.3074232,0.9891875,0.8218236,-0.63469154,-0.43655002,0.14961708,0.26282495,-0.41559768,0.03340672,0.12875919,-0.05671867,-0.3447277,-0.36184663,-0.025957432,0.4589926,-0.10751274,0.08666697,0.03462517,-0.18872188,0.008339465,-0.13853416,0.10411736,0.018998016,-0.006827565,-0.0055788467,0.13467792,0.0588573
12,-0.6281079,-1.7226722,-8.966365,-0.32031217,-1.5558407,-2.3889594,2.9055023,-0.3579362,-0.7784058,3.0752642,0.8103591,-0.16152963,12.436518,3.25002,-3.5382566,-0.9787332,1.0209148,-2.590334,0.82559586,-1.1759698,-1.6223737,-2.9160151,1.9702364,0.5906651,-0.4254496,0.6453729,-1.7322526,1.4028566,0.17623822,-0.39441323,1.2332377,0.71636736,-0.12187493,-0.75918037,0.95822567,0.8741907,-0.7266503,0.31879014,0.46899658,0.07327746,0.82527757,0.5327444,-1.1242739,0.39485353,0.3163336,-0.7192061,0.3019663,0.14747837,0.0050986977,0.1273689,0.2523213,0.53921443,0.26010653,0.35569403,0.20949121,0.125132,0.25979373,0.60955656,-0.080824725,-0.34628898,-0.4583218,-0.21728837,0.99306446,-0.43496755,0.09733367,-0.10987598,0.009880694,0.28628922,-0.10013878,-0.12338656,0.26862752,0.023736823,0.14864641,0.37057617,0.0852667,-0.098735005,0.050964683,-0.22614814,-0.2338821,-0.29128382,-0.33444032,0.1701801,0.13785967,0.3114238,-0.09552605,0.36592376,0.17911236
13,9.258138,4.497211,-1.4225731,3.1917698,0.22272061,-4.0656285,-3.143929,0.8547094,2.236437,-1.1548404,1.384368,-0.3727354,3.25002,13.742693,-2.1945577,0.19169141,0.6386301,-1.695642,1.1424303,0.41816527,0.18227836,-0.74333835,-0.08739741,-2.2302563,-0.80500746,0.9143742,1.4674399,-0.87129277,-1.0299239,-0.56470466,-0.20557874,-1.1990304,-1.8890452,-0.4030587,1.6385157,-0.5148798,-0.63154244,0.83671594,-0.5876899,-0.37643027,0.09999009,-0.60564035,0.30553174,0.041201323,0.29219905,-0.73787147,0.43637,0.27870446,-0.26778907,0.20722117,-0.75582063,-0.41620886,0.26260066,-0.15713684,-0.052294068,0.24317013,0.14474297,-0.735986,0.21010803,-0.85677326,0.2723809,0.29996562,0.11044441,0.47722968,-0.23867846,0.78312856,-0.33417434,-0.03834011,0.2649672,-0.34429175,0.08918828,-0.28828135,0.017852738,0.27522916,-0.16020888,0.10187124,-0.025832005,0.21381524,0.29966253,-0.25744653,-0.2493712,-0.094836265,-0.061145894,-0.0012692715,-0.03265348,-0.096304856,-0.09550969
14,3.8796356,2.4354248,-7.777849,2.324729,-2.0158277,-1.781745,0.0038332462,-2.405849,0.98504704,-3.6490812,1.0400914,0.7241123,-3.5382566,-2.1945577,17.791464,0.75062954,0.30128396,2.0992188,-0.42214328,1.3190547,-0.7165195,-0.4977728,-0.41526473,-0.040490326,0.8980315,0.97163224,-0.8549539,0.27785218,-0.91564775,-0.20532694,-0.47006416,0.012348091,-0.846063,-0.2423412,0.16439322,0.2653314,-0.34753507,0.043736793,-0.26515222,-1.0990591,-0.2333369,-0.13297406,-0.12717825,0.34596914,-0.17290333,-0.6466199,0.1908527,0.8900955,0.5757477,0.11923323,0.390764,-0.18559712,0.39952922,0.4315641,0.09796293,-0.6453371,-0.017212445,0.2627113,0.25388223,-0.25819546,-0.6891854,0.5441381,0.49212718,0.54968077,0.106969774,-0.15958318,-0.19352081,-0.013644924,-0.06769019,0.2505754,0.4957523,-0.042511784,0.3355989,0.12228875,-0.38922623,-0.007503451,-0.029606279,-0.27128118,0.16776302,0.2546367,-0.14250873,0.11914477,-0.07817986,0.38082868,-0.09977195,-0.0449211,0.12435129
15,-1.6852376,0.37998748,2.304941,-5.44119,-2.0127869,4.0868835,-1.0577562,-1.5937414,0.99534225,-0.09699059,2.296117,0.90808713,-0.9787332,0.19169141,0.75062954,15.304371,1.3906128,-2.2447772,-0.74941707,-1.7488887,-0.47557673,0.68301463,1.5071304,-0.48027927,0.39197892,1.3295534,-1.9971664,0.72603625,0.37900475,-2.098928,-0.67538977,-2.0906582,-0.7092308,-0.6628834,-0.6414951,0.5782397,0.9091022,-0.1605421,-0.531349,-0.7659793,0.8920656,0.53928685,-0.2887687,-0.096937925,-0.28777474,0.60448253,-0.87422407,0.016344275,0.5216572,-0.114992306,0.50838405,-0.5410562,0.60358775,-0.0752051,-0.2788497,0.37872192,0.4310472,0.22251177,0.50525093,0.05081445,0.7462345,0.05498384,0.028229695,-0.12175414,-0.16837043,0.6274275,-0.24475113,0.0005748256,-0.08970657,0.04424614,0.009912321,0.5308466,-0.2252993,0.013313429,-0.06976056,0.23949167,0.20471978,0.076332554,-0.09655706,-0.054655135,0.026062222,0.013378732,-0.064734444,-0.31773645,-0.14732818,-0.2534514,0.19003464
16,-2.2268782,-0.8522192,4.833937,3.1002707,-0.32269275,1.6876924,-0.9093052,-3.3146904,2.497027,2.2824173,0.6965169,-1.0243008,1.0209148,0.6386301,0.30128396,1.3906128,13.974948,-0.256253,1.18366,0.27629572,2.626646,0.7136588,-0.13464352,-0.56341386,1.8458655,0.99435574,-0.36128825,0.73315185,-1.8336236,0.8165364,-1.1930423,0.55282056,-0.38908178,0.4127763,1.0042748,0.65435684,-0.33548754,-0.39164788,1.1452432,-0.4213292,-0.22882658,0.3953573,0.6125858,0.20652302,-0.27655312,-0.7918725,0.24687394,0.07612038,-0.49436456,0.11733018,0.44620907,0.18219438,-0.39872783,0.12405604,0.19638163,-0.14613599,-0.18706173,0.6423791,-0.25625354,0.17468107,0.412412,-0.68630785,0.050158836,-0.22828987,-0.14393803,-0.03451111,-0.02694172,0.051535733,-0.042498115,0.2765233,-0.4748336,-0.111735374,0.08024921,-0.010923494,-0.028522944,0.1702525,0.3198256,0.2897129,-0.110636964,0.14213468,0.10931687,-0.11122459,-0.08710206,0.1515499,-0.025500845,0.25719696,0.002852511
17,-1.7027384,-1.6920584,2.5461583,-0.02982162,-1.7503815,-0.22807956,-3.7436502,0.36435032,-2.1229892,2.962912,0.83628833,-1.1167834,-2.590334,-1.695642,2.0992188,-2.2447772,-0.256253,9.199303,0.17577909,1.2042713,1.5902693,-1.7644095,1.2199628,-0.7189857,0.41103065,-0.14913887,-0.0315122,-1.497815,-0.8372406,-2.4802017,-0.40118885,0.20233297,0.8687485,0.359999,0.5702611,-0.7768119,-1.8937762,0.23002379,-0.16001117,0.4800222,-0.09659116,-0.24439262,0.24143276,0.1701092,0.6440028,0.34981477,-0.92738855,-0.2788838,-0.5794568,0.24953718,-0.511907,-0.1385499,0.30873817,0.8911936,0.1940345,-0.22737086,0.05598988,0.2498748,0.20456633,-0.31035054,0.07662918,0.09661335,0.09679694,-0.2997102,-0.34514558,-0.036434505,0.38258898,-0.11151807,0.19263208,-0.055833675,0.1626104,-0.11031966,-0.4219507,-0.011570634,0.19728,-0.24280736,0.21766818,0.22719368,-0.23046035,0.03917352,0.103428155,-0.19787098,0.026704177,-0.084651165,0.0213501,-0.2023139,0.18225896
18,-2.7926197,-2.145034,-2.2637181,4.231777,-1.9800262,0.037564717,-0.94258004,0.082718074,-0.89413583,0.52423894,-0.74616814,1.1677247,0.82559586,1.1424303,-0.42214328,-0.74941707,1.18366,0.17577909,11.590244,0.5936017,-0.37981302,1.3750231,-2.5211387,-0.9890566,-1.5280054,-0.94356006,-0.8066193,-1.2458081,0.72002125,-1.7607404,0.41706425,-0.19270205,-0.14947271,1.3286128,-0.023407802,1.0636932,0.2400356,-0.7302184,0.9515773,-0.5213579,-0.478823,0.65807223,-0.90206385,-1.247987,0.19759242,-0.16479379,-0.14449254,0.5211795,-0.23001161,0.083820075,0.39353937,-0.6437305,0.056462422,-0.28537837,-0.067365184,0.23013869,-0.2489666,0.26013434,0.18869767,-0.025959529,-0.54885757,-0.0025140983,-0.030518532,0.3400609,-0.08303255,0.019219067,-0.03413837,0.45631656,0.2305342,-0.14366332,0.27914062,0.22084877,-0.3858742,0.25809324,-0.13648471,-0.10514647,0.12808818,0.080785215,0.096159875,0.047023736,0.17716199,0.13036957,0.06177696,-0.040976666,-0.024245732,-0.105407335,0.13113958
19,-2.400621,-1.8736517,0.23926651,4.858513,-1.8418218,-3.7811172,1.9321973,-3.1565673,0.87734264,-2.602542,2.1812167,1.5297642,-1.1759698,0.41816527,1.3190547,-1.7488887,0.27629572,1.2042713,0.5936017,7.429223,0.5623669,0.65710485,0.21129327,1.0574708,0.35564935,-1.0369339,0.121442586,-1.8296603,0.8138333,-0.1834027,1.0380301,0.1341535,-0.7116129,0.6098521,-0.21433157,0.47921786,-0.058312602,1.0918239,0.34301245,-0.015859634,0.08348874,0.09947827,-0.4876482,0.41494334,0.6536815,0.31837904,-0.2786075,-1.0779803,0.14990796,-0.09239065,0.0380017,0.60440826,-0.08029445,-0.5253835,0.10837849,0.3999004,-0.17988913,0.30753356,-0.19874759,-0.09210247,0.6151416,-0.16332033,0.20280118,-0.4902967,0.08216838,0.44096482,-0.015366586,-0.48441833,-0.21328767,-0.21959753,-0.17555384,-0.1311053,0.029786814,-0.16991614,0.27726904,0.41273528,0.32997864,0.20489532,0.115624726,-0.050493617,-0.27564287,0.038020477,0.021092817,-0.15371065,0.06642593,0.041428283,0.022139363
20,-0.33520776,-0.30979046,-3.3258655,-3.2305164,-0.116788685,1.0639629,-4.133546,2.5529642,-0.3746112,0.3243106,2.0832002,3.3098235,-1.6223737,0.18227836,-0.7165195,-0.47557673,2.626646,1.5902693,-0.37981302,0.5623669,9.698393,-0.2350672,0.47330916,0.8927705,0.1556406,-0.79974663,0.29411083,-1.7497844,-0.60719144,0.89666176,0.3214027,-0.43173873,-1.1141343,-0.35620007,-0.1902492,-1.2261633,0.65414965,-0.143644,0.16847444,1.0649337,0.8119735,1.2471185,0.37539476,-0.06954324,-0.46311104,-0.46002507,-0.11208794,0.12596114,0.011770354,0.31036657,0.22993496,0.099443585,-0.15307575,-0.14781883,-0.15795434,0.61557615,0.13317344,0.039716117,-0.030297635,0.084665015,0.0011989617,0.07309313,-0.048083313,-0.15077955,0.3578533,0.036053423,0.12327412,0.16921705,0.11055964,-0.009821645,0.101331875,-0.08566507,0.16258843,0.17506042,0.21555248,-0.14959273,-0.45481753,-0.08740382,-0.051963188,-0.071714,0.25647038,-0.13150397,-0.08288211,0.2622626,0.12885424,0.0847885,-0.073717296
21,-0.9283569,-0.85835755,-3.0077753,2.59659,-1.3644143,-1.3399748,-0.26593363,0.063732415,-1.4686878,-0.32575735,-2.2354362,1.1614013,-2.9160151,-0.74333835,-0.4977728,0.68301463,0.7136588,-1.7644095,1.3750231,0.65710485,-0.2350672,12.236195,-0.035802737,-0.65866363,-0.87378144,1.0854291,0.09023827,0.20741846,-0.20056102,0.49400863,-0.6858548,0.54461414,0.5797392,-1.0748276,-0.4457221,0.071505144,-0.5455872,-0.14452678,-0.042176105,0.9348787,0.09949161,0.22665557,-0.02424225,0.477294,-0.7332616,0.66726863,-0.6040386,-0.5768019,0.35280532,-0.36771944,-0.16909745,0.36637628,-0.10807516,0.35841298,0.22691894,-0.120319806,0.28632826,-0.506893,0.068380624,-0.38594788,0.07627663,-0.004872516,0.04909281,0.034635983,0.17808004,0.13090542,-0.49546766,-0.008728191,0.22883375,-0.08179797,0.07932013,-0.44227457,0.0039358637,0.1986047,-0.049113944,0.04880149,0.26217067,-0.060070254,0.13841468,-0.24549323,-0.008040074,-0.24191327,-0.15262395,0.1421916,0.14051285,0.17115086,-0.124042705
22,-0.93768144,-0.7121825,0.77867603,3.5528667,-3.1948733,2.2823753,-0.7514373,0.5590503,0.5101123,-1.4181179,1.1719241,-1.6781518,1.9702364,-0.08739741,-0.41526473,1.5071304,-0.13464352,1.2199628,-2.5211387,0.21129327,0.47330916,-0.035802737,9.0226965,-0.64549756,-0.7151679,0.2864563,-0.8528834,-2.151619,-0.27198905,-0.19162354,0.046433695,-0.19587904,0.6534069,-0.6597624,-1.0730014,0.9279377,-0.64797044,0.20651215,1.0623333,0.87090003,-0.12688915,0.32121015,-0.34401035,0.018589713,-0.17792568,0.042792678,0.8240547,0.40749806,0.3796156,-0.27983636,-0.17713356,0.08864087,-0.01877442,0.053152177,0.20598578,0.107733816,0.25325727,-0.565189,-0.098129615,-0.47163594,-0.4707021,-0.38098273,0.1895028,-0.32880288,-0.46630818,-0.0005829957,-0.2469539,0.16390447,0.15983759,0.3524973,-0.07764661,0.021733351,0.25736162,-0.1319986,0.19833803,-0.25057894,-0.0769687,-0.25437415,0.41865718,0.08107689,-0.24631442,0.0608836,-0.013892446,-0.11282578,-0.109841585,0.0334262,0.33934242
23,5.048703,3.6300182,-1.7662315,0.4917786,0.5146453,1.5564466,1.7694466,-0.86906195,0.11273126,-0.5182476,0.3250229,-0.29110986,0.5906651,-2.2302563,-0.040490326,-0.48027927,-0.56341386,-0.7189857,-0.9890566,1.0574708,0.8927705,-0.65866363,-0.64549756,10.053579,0.03331766,0.8475359,1.480598,1.2659647,-0.8216971,-0.8703222,0.27073556,-0.10032742,-0.7310115,0.21456525,-0.019836314,0.87003756,-0.15930848,0.10116655,0.7555022,1.3751677,-0.022477355,0.72122663,-0.27742743,-0.6860114,-0.16273525,0.40435064,-0.37755877,0.046179052,-0.19397615,-0.36138475,0.14347078,-0.28242767,-0.05865563,-0.024011182,0.25607824,-0.12655336,-0.54358095,0.2671312,0.059984833,-0.2930857,0.23955777,-0.1741398,-0.19740981,0.18160328,-0.015802551,0.23109129,-0.044253394,0.315706,0.16150974,-0.15325224,0.019286662,0.2636898,-0.036055826,0.11353703,0.040720806,-0.02775782,0.13881983,-0.20060244,0.054154463,-0.44356114,0.12727638,0.047467165,-0.08760153,-0.07189747,0.08095892,0.07178433,0.06260723
24,1.311662,-1.868414,0.26275688,4.249576,0.9115609,-0.48704988,0.1887509,3.854069,0.9440907,0.9632696,-1.7793821,-2.044457,-0.4254496,-0.80500746,0.8980315,0.39197892,1.8458655,0.41103065,-1.5280054,0.35564935,0.1556406,-0.87378144,-0.7151679,0.03331766,9.280267,0.09847657,-0.13524704,0.010269018,1.6136833,-0.06761445,-0.18983746,-0.46965438,1.3328407,-0.20218036,0.27724802,0.14169411,0.6583829,-0.080513135,0.14989251,-0.43053585,0.5370238,0.04450876,-1.2163835,0.035066947,-0.04620053,-0.4597519,-0.040664546,-0.32424206,0.08500904,-0.2512821,-0.15989554,0.27035117,0.27592105,-0.062380783,0.22706494,0.48206097,-0.12613705,0.050448343,-0.00031385064,-0.39799494,0.21889818,-0.03488423,0.07659453,0.28815186,0.2867164,0.4598542,0.09815983,0.20419765,0.060709216,-0.035441257,0.2281091,-0.17226905,-0.19353467,0.24012169,0.060238928,-0.1422857,-0.13793942,0.07950114,-0.048351027,-0.0396045,-0.030718481,-0.10515933,0.05788721,0.116087586,0.16315526,-0.031707846,-0.30370316
25,3.3577304,-0.77876407,-1.2002339,2.1837218,2.0369234,-0.16223674,0.652264,0.6067593,0.08457852,-1.1789134,0.24901538,1.57434,0.6453729,0.9143742,0.97163224,1.3295534,0.99435574,-0.14913887,-0.94356006,-1.0369339,-0.79974663,1.0854291,0.2864563,0.8475359,0.09847657,8.830854,-0.14541025,-0.89443505,0.97640145,-0.46893418,0.44577187,0.8072151,0.50293326,0.9977226,1.0735099,-1.0218716,-0.50176543,0.70534813,-0.22999711,-0.019897083,-0.08860472,0.33137766,0.29647565,-0.25286692,0.3785342,-0.5757047,0.32050246,0.16953528,-0.23768465,-0.25247833,-0.089237094,-0.16049625,0.011789648,0.15072161,-0.08635126,-0.42846602,-0.0018187078,-0.087346755,0.4296508,0.2045323,-0.2382237,-0.25156093,-0.48385546,-0.21376057,-0.19615148,-0.067106806,-0.10039906,-0.27164572,0.34468028,-0.004558973,0.112924136,0.2702981,-0.003960259,-0.18353441,0.13671899,0.061930075,-0.14679827,-0.0978937,-0.4072883,-0.29352987,0.30720305,-0.09890951,0.042159222,-0.29154712,0.07509479,0.2108328,-0.08070209
26,2.2363586,0.18024354,-2.9841547,2.5618782,3.8193243,0.3992461,-0.17577237,0.9322139,1.9777927,-1.1532586,0.6426065,-0.67980826,-1.7322526,1.4674399,-0.8549539,-1.9971664,-0.36128825,-0.0315122,-0.8066193,0.121442586,0.29411083,0.09023827,-0.8528834,1.480598,-0.13524704,-0.14541025,6.113968,0.024720978,0.44513226,-0.20276706,-0.2024201,-0.60302293,-0.19256374,-0.61291194,-0.12824956,-0.09544438,-0.40229252,-0.79198956,-0.009715548,-0.37736428,-0.688225,-0.40229988,0.5995029,0.27908516,0.3549003,-0.12586981,-0.25593433,0.47648004,0.5023283,-0.22884427,0.13177058,-0.40605962,0.060964428,0.34681186,-0.7031472,0.06927782,0.6552503,0.15292901,0.2468062,0.10357052,0.15796417,-0.38238096,0.061722867,-0.32487798,0.099776864,0.09614533,-0.17482334,0.48736295,-0.45205826,0.07797849,-0.45287377,-0.38613504,-0.16281632,-0.10044652,-0.061396085,-0.0341328,0.26240203,0.1525468,0.16837743,0.20160237,0.14349833,-0.114053264,0.03269687,-0.18311402,-0.04405687,-0.16249937,0.05241956
27,-2.3105206,-2.4029837,1.7222295,0.84162784,-3.2073362,-2.2930162,-0.6442896,1.631521,0.20523338,-0.6777755,2.5004578,0.3548286,1.4028566,-0.87129277,0.27785218,0.72603625,0.73315185,-1.497815,-1.2458081,-1.8296603,-1.7497844,0.20741846,-2.151619,1.2659647,0.010269018,-0.89443505,0.024720978,7.208682,-0.95098245,-0.1562202,-0.20983104,0.7227319,0.24454123,-0.40910366,-0.5912362,-0.7174745,-0.36046168,-0.021489825,-0.3598428,-0.12718013,-0.4286493,-0.15409677,-0.60708785,-0.10904418,-0.40048796,-0.022172311,-0.12290825,0.071104705,-0.34911257,0.90219355,-0.42217505,0.027693877,-0.3972357,0.106038444,-0.53951097,-0.15799867,0.07261452,0.089000106,-0.006514523,-0.089781,0.1195852,-0.04604596,0.13600422,-0.057848744,-0.033729725,0.07729168,-0.047211915,-0.07957767,0.069364235,0.16792199,0.019981466,-0.31275624,-0.28168607,-0.12947837,0.14612293,-0.3307895,0.029464178,-0.1035609,-0.14273745,0.0159705,0.09748189,-0.0075517474,-0.08157736,0.16534932,0.04631228,-0.001667467,0.08303985
28,0.41594106,-0.29791513,0.035378046,0.27910256,-2.396151,0.55397654,-0.90161854,-1.063829,2.115436,-0.83350945,0.31309974,0.4417801,0.17623822,-1.0299239,-0.91564775,0.37900475,-1.8336236,-0.8372406,0.72002125,0.8138333,-0.60719144,-0.20056102,-0.27198905,-0.8216971,1.6136833,0.97640145,0.44513226,-0.95098245,8.254249,-0.24069367,0.27856815,0.33704495,-1.4251981,-0.29923636,-0.27900508,0.076559566,-0.22214067,-0.8052829,-0.23321965,0.4078955,0.2867502,-0.12744531,0.33576798,-0.099293776,-0.27514446,0.121396884,0.24517383,-0.17962554,-0.3703173,0.68156636,0.0175484,-0.022308163,-0.5075197,0.44678068,-0.33331814,-0.04141777,-0.3262434,0.38163167,-0.23228139,0.1225914,0.073020086,-0.09845799,0.24734804,-0.07554108,-0.024924528,-0.12534353,0.11035602,-0.03435253,-0.037412975,0.38942146,-0.060583487,0.022477638,-0.083824165,0.10466682,0.11357822,-0.227938,0.13348722,-0.2074825,-0.066716075,0.05706936,-0.06804752,0.08088456,-0.0047467854,0.14843795,0.15694827,-0.060754262,-0.17424169
29,2.8517466,-0.12455647,0.9507161,-2.0929036,-1.683276,1.1212384,1.0227757,0.012380233,2.2274625,-0.75520897,-0.5373485,0.68680847,-0.39441323,-0.56470466,-0.20532694,-2.098928,0.8165364,-2.4802017,-1.7607404,-0.1834027,0.89666176,0.49400863,-0.19162354,-0.8703222,-0.06761445,-0.46893418,-0.20276706,-0.1562202,-0.24069367,7.269438,0.8364469,-0.67130536,0.1445601,0.68111557,-0.42362997,0.42774987,-0.99127257,-0.19450626,-0.43572754,-0.40808207,0.6479375,0.10229471,-0.18377341,-0.26927,0.88856995,0.5106385,0.2472144,0.14868678,-0.3046269,-0.4412645,0.20804378,0.054677814,0.035501525,-0.12769118,-0.055251,-0.36152676,-0.054550465,0.09778437,-0.042279102,-0.11101405,-0.2937917,0.15511002,0.04299613,0.14787076,0.18346268,0.25601438,-0.25916976,-0.15083921,0.08621165,0.18576649,0.23897958,0.026402183,0.062071346,0.026079334,0.04753251,-0.057628237,-0.016909547,0.16468158,-0.061442763,0.10792129,0.20302597,-0.14834242,0.101294264,-0.0512001,0.19685385,-0.04666414,0.08726446
30,0.7589092,0.24392779,3.572104,-0.3961489,-1.2766461,-1.4862316,0.42738038,-0.03152252,-0.61320704,-0.5045949,2.8745604,-0.6439085,1.2332377,-0.20557874,-0.47006416,-0.67538977,-1.1930423,-0.40118885,0.41706425,1.0380301,0.3214027,-0.6858548,0.046433695,0.27073556,-0.18983746,0.44577187,-0.2024201,-0.20983104,0.27856815,0.8364469,6.1234775,-0.17342353,1.3992,0.07680325,-0.017246425,-0.24007279,0.14311114,-0.7774281,0.3772493,-0.5361378,-0.15142882,0.95706344,0.25896767,0.042821977,-0.49570948,-0.7396175,-0.68780327,-0.44889992,0.7591322,0.3207013,0.58533955,-0.171219,0.2764689,0.12825072,-0.015427862,-0.41570377,0.1633201,-0.116845876,0.09657757,0.13387579,0.042234514,0.053611167,-0.015224427,-0.092042685,-0.018014763,-0.087218136,-0.31042165,-0.11360994,0.36007136,-0.0790203,0.33883345,-0.18329082,0.08308768,0.18939614,-0.2562484,0.204299,0.23978424,-0.111696005,0.0049870014,-0.0978623,-0.06843236,-0.14076161,-0.15013266,0.122918814,0.09607334,0.045635063,-0.013069539
31,1.3271315,1.317533,0.0631111,-1.741442,0.79173565,3.1144128,-1.1189986,0.28371453,0.5180294,-0.41078296,0.53441185,0.29538196,0.71636736,-1.1990304,0.012348091,-2.0906582,0.55282056,0.20233297,-0.19270205,0.1341535,-0.43173873,0.54461414,-0.19587904,-0.10032742,-0.46965438,0.8072151,-0.60302293,0.7227319,0.33704495,-0.67130536,-0.17342353,7.086602,-0.21073025,0.34795845,0.2771551,0.39757174,-0.7197273,-0.60552996,-0.2067675,-0.15537733,0.16318105,0.11302987,-0.16661377,-0.3542158,0.03892874,-0.43762335,0.09866319,-0.31499186,0.8925239,0.42526346,-0.22449711,0.22921523,0.46603262,-0.18290754,0.38478053,0.60444826,0.24354696,-0.5779656,-0.2904904,0.26389116,0.4345138,-0.0634763,-0.044222757,0.0755716,0.13701779,0.048682544,0.08497673,-0.25475752,-0.14153552,-0.13174665,0.08719921,0.09164211,0.16419455,-0.12562883,0.019983731,-0.1703147,-0.10192725,0.19654801,0.10194918,0.2799845,-0.19297412,-0.013438091,0.13401616,-0.07854593,0.044386677,0.04290998,-0.03809155
32,0.37597153,1.7597795,-3.629633,0.2812152,1.4523672,-1.101313,-1.528656,-0.90708315,-0.5418124,-0.49794418,0.0840663,-0.051960815,-0.12187493,-1.8890452,-0.846063,-0.7092308,-0.38908178,0.8687485,-0.14947271,-0.7116129,-1.1141343,0.5797392,0.6534069,-0.7310115,1.3328407,0.50293326,-0.19256374,0.24454123,-1.4251981,0.1445601,1.3992,-0.21073025,5.39133,-0.36604077,0.087365374,0.37926513,0.12602586,0.023357907,0.2516456,-0.33839345,0.2643031,-0.032287,-0.085241735,-0.34812558,0.10788868,-0.1138157,0.07301429,0.07754775,-0.22291386,0.4047597,-0.10394354,-0.18344742,-0.5841939,-0.12639326,0.06966131,0.39109057,-0.12544948,-0.17256172,-0.14578006,0.15633003,0.16863278,0.44082886,0.14943673,-0.10938805,-0.16557106,-0.08791384,-0.17786524,0.019323176,0.14070252,0.075557545,-0.45909166,0.037320457,-0.20652911,0.22076176,0.26659393,0.05619465,0.15082024,0.22667089,-0.040439934,-0.06252536,0.19731002,0.09298024,-0.114882916,-0.20900834,-0.16183127,-0.05009642,-0.0173675
33,-1.2974391,-1.2699881,0.28001666,0.13639712,-1.0356194,1.4575374,-0.5153779,1.7594768,1.0667574,0.44186914,-1.348028,-0.7842436,-0.75918037,-0.4030587,-0.2423412,-0.6628834,0.4127763,0.359999,1.3286128,0.6098521,-0.35620007,-1.0748276,-0.6597624,0.21456525,-0.20218036,0.9977226,-0.61291194,-0.40910366,-0.29923636,0.68111557,0.07680325,0.34795845,-0.36604077,4.832224,-0.61672467,-0.80507517,0.09514689,0.25132456,-0.12355468,-0.35412258,-0.003355124,0.4699761,-0.44111454,-0.21443984,-0.2889608,0.2872926,0.033955477,0.3172742,0.07055049,-0.11050143,-0.19343512,0.01528623,-0.43442744,-0.38677114,-0.13444531,-0.64155495,0.17895472,-0.19169655,0.43800282,-0.30951685,0.70970696,0.058781862,0.46573776,0.08619875,-0.32198662,-0.023696316,-0.12245028,0.029293615,0.002362852,-0.089377895,-0.25853112,0.06339739,0.29358807,0.03179235,0.07693118,0.19494069,0.18182102,-0.19222543,-0.078247376,0.11464481,0.089262895,0.0688895,-0.03754162,-0.20317546,-0.09127171,0.0565447,0.04621157
34,-1.1519277,0.30526397,1.5117805,-1.9650805,0.40522003,-0.012978684,-1.1173198,0.2529109,0.331959,-1.1867515,0.6694135,-1.3225286,0.95822567,1.6385157,0.16439322,-0.6414951,1.0042748,0.5702611,-0.023407802,-0.21433157,-0.1902492,-0.4457221,-1.0730014,-0.019836314,0.27724802,1.0735099,-0.12824956,-0.5912362,-0.27900508,-0.42362997,-0.017246425,0.2771551,0.087365374,-0.61672467,4.8775654,0.41600364,0.31964466,-0.56880724,-0.6087394,0.2508195,-0.24116184,-0.21626413,-0.18371525,0.08708513,0.5808687,0.9422474,-0.68166673,-0.33666402,0.1163617,-0.6884019,0.31856233,0.2669924,-0.27494597,0.16691343,-0.07025498,-0.0589035,-0.30401003,-0.13461092,0.24842006,0.056401838,-0.26230803,0.5724257,0.114816904,-0.19984016,0.1599842,-0.10664013,-0.072834104,-0.10076863,0.17600149,-0.15172845,-0.2964312,0.07100618,0.10646429,0.058016635,0.18671727,0.13747811,-0.09263186,-0.23420823,0.14267963,-0.040955745,-0.053769276,-0.0050274506,-0.12848681,0.21661219,0.06308042,0.107700005,-0.04209249
35,0.17938706,-0.9048389,-0.2974082,0.96471477,0.5504025,2.825429,-1.0025737,0.8732115,-0.36682177,-0.9349871,0.16038913,-0.3391435,0.8741907,-0.5148798,0.2653314,0.5782397,0.65435684,-0.7768119,1.0636932,0.47921786,-1.2261633,0.071505144,0.9279377,0.87003756,0.14169411,-1.0218716,-0.09544438,-0.7174745,0.076559566,0.42774987,-0.24007279,0.39757174,0.37926513,-0.80507517,0.41600364,4.7100387,0.16427709,0.2866673,-0.50636816,-0.2212184,0.40403402,0.42309457,0.67557895,-0.4401454,0.42343944,-0.3596143,-0.50694484,0.08388169,-0.15632382,-0.018759754,-0.484281,0.03993027,-0.07621661,-0.36018723,-0.29262793,-0.68253815,-0.23290978,0.5094552,-0.22086088,-0.1468221,-0.15215641,0.09248497,-0.030434538,0.21666585,0.2266677,-0.024184398,0.2120082,-0.018836435,-0.12741365,-0.1140814,0.108137086,-0.17538634,0.14276624,-0.05721073,-0.009063035,0.08891542,0.11489834,0.26330623,0.2471286,-0.020405533,-0.09679961,0.12218259,-0.05137606,-0.09591502,-0.047351774,-0.029555805,0.103355095
36,1.3130968,0.49759594,-0.63404274,-0.04227045,-0.03624464,0.39532006,1.3317277,-0.38251388,-0.12058513,-0.010149902,-0.051013418,1.0057733,-0.7266503,-0.63154244,-0.34753507,0.9091022,-0.33548754,-1.8937762,0.2400356,-0.058312602,0.65414965,-0.5455872,-0.64797044,-0.15930848,0.6583829,-0.50176543,-0.40229252,-0.36046168,-0.22214067,-0.99127257,0.14311114,-0.7197273,0.12602586,0.09514689,0.31964466,0.16427709,4.431732,0.4249637,-0.060828984,-0.075997956,-1.1051397,0.5770282,0.2259686,-0.18401566,0.3836738,-0.12249881,0.22023843,0.0022029704,0.36399207,0.1010433,-0.46877408,0.67439055,-0.133506,-0.13954741,0.30497944,-0.17894697,-0.07754922,-0.58852196,0.13477325,0.45969236,0.16753659,0.06254202,0.2120592,-0.13052234,0.12069253,-0.28768933,-0.10906929,0.06844355,-0.05477148,-0.09390583,-0.0040760944,-0.21426955,0.23344176,-0.17926756,0.18439108,-0.28426808,-0.16655894,-0.03070153,0.18008295,0.19879803,0.14420387,-0.113893606,-0.022363879,0.0019054112,0.11245741,0.017065842,-0.075603485
37,0.09627643,-1.0925305,-0.05015973,0.7526436,0.059407428,-0.21958616,-0.00087095005,0.71275145,1.0152123,-0.6215831,-0.8962271,0.08998306,0.31879014,0.83671594,0.043736793,-0.1605421,-0.39164788,0.23002379,-0.7302184,1.0918239,-0.143644,-0.14452678,0.20651215,0.10116655,-0.080513135,0.70534813,-0.79198956,-0.021489825,-0.8052829,-0.19450626,-0.7774281,-0.60552996,0.023357907,0.25132456,-0.56880724,0.2866673,0.4249637,4.736623,-0.32200977,0.18061656,0.07939851,-0.43405336,0.1800735,-0.64549696,0.12197884,-0.07254632,-0.08480838,-0.5344871,0.1347787,0.6195544,0.39002526,-0.16383566,-0.22534591,0.17145479,-0.2826714,0.027290244,0.21046248,-0.04191665,-0.5190447,0.10412281,0.059359156,-0.2449016,0.059542026,-0.123614445,0.13435003,-0.23214993,0.036811206,-0.16918823,0.13338444,-0.45976353,0.04769884,-0.10642104,-0.021968782,0.31120718,-0.018833563,0.00760688,0.20141432,0.14751884,-0.15333587,0.06943467,-0.09319927,0.004436816,0.14987288,0.08635642,0.24328533,0.1825487,-0.015149656
38,0.066267595,-0.36023325,0.17608461,-1.9492364,-0.4556132,1.1926492,1.2643659,-0.9440723,0.5605205,-2.460597,-0.85139227,-0.23717126,0.46899658,-0.5876899,-0.26515222,-0.531349,1.1452432,-0.16001117,0.9515773,0.34301245,0.16847444,-0.042176105,1.0623333,0.7555022,0.14989251,-0.22999711,-0.009715548,-0.3598428,-0.23321965,-0.43572754,0.3772493,-0.2067675,0.2516456,-0.12355468,-0.6087394,-0.50636816,-0.060828984,-0.32200977,3.3825943,-0.6084319,-0.28801683,0.028951226,0.05462675,-0.1528937,-0.2105029,0.13728783,0.25223005,0.3765214,-0.20803984,-0.20875107,-0.5301236,0.4691139,-0.019925077,0.54640144,-0.048917208,0.18087712,0.14800885,-0.05375514,-0.09121162,0.12423287,-0.10824343,-0.15424068,-0.07341887,0.0358236,-0.22931042,0.122914955,0.24636286,0.11678448,0.17885065,-0.22882846,-0.025931241,0.04191631,-0.58952,0.12998635,-0.016228266,0.1997121,-0.05047807,-0.19690883,4.972286e-05,-0.06629489,-0.25930747,-0.03417874,0.17711815,0.13161013,-0.13173293,0.24302122,-0.23916665
39,-2.808807,-1.8996158,1.3659751,0.7182288,-1.3516793,0.050996482,0.7687503,-0.85658765,0.82854164,0.9430725,-0.582831,-0.66165483,0.07327746,-0.37643027,-1.0990591,-0.7659793,-0.4213292,0.4800222,-0.5213579,-0.015859634,1.0649337,0.9348787,0.87090003,1.3751677,-0.43053585,-0.019897083,-0.37736428,-0.12718013,0.4078955,-0.40808207,-0.5361378,-0.15537733,-0.33839345,-0.35412258,0.2508195,-0.2212184,-0.075997956,0.18061656,-0.6084319,3.5708315,-0.0006241398,-0.5123876,-0.39602268,-0.1787125,0.13426317,-0.779273,0.05284126,0.03521545,0.20519494,0.24362579,-0.19073495,0.23737621,-0.0745124,-0.2340245,-0.07415493,-0.28841475,-0.3730172,-0.052380804,0.20478198,0.118272334,0.019424517,0.49042928,0.17578343,0.16135988,0.089649186,0.0018238068,-0.4062902,0.009761853,0.2582854,0.15852413,0.024551254,0.14780092,-0.062247403,0.2373873,-0.049356546,0.06652668,-0.06410606,0.03418135,-0.11201179,0.045419246,0.06917075,0.016750287,-0.20317975,0.0028837873,-0.2579052,-0.11603021,0.023248835
