,0,1,2,3,4,5,6,7,8,9,10,11,12,13,14,15,16,17,18,19,20,21,22,23,24,25,26,27,28,29,30,31,32,33,34,35,36,37,38,39,40,41,42,43,44,45,46,47,48,49,50,51,52,53,54,55,56,57,58,59,60,61,62,63,64,65,66,67,68,69,70,71,72,73,74,75,76,77,78,79,80,81,82,83,84,85,86
0,89.24034,31.47487,-8.666498,-11.854677,30.858177,-19.46474,16.510033,24.209019,25.594952,-15.395141,6.8835955,-5.432605,0.6308121,-15.860847,-6.7394524,3.3732271,3.828495,3.0011878,5.164546,4.164176,0.5868431,1.7855012,1.6158121,-8.640486,-2.0498369,-5.669689,-3.618603,4.098112,-0.6571274,-4.8721924,-1.164276,-2.2212615,-0.5083193,2.1084633,1.8470922,-0.24971841,-2.4228058,-0.08350803,-0.2572539,5.0633836,0.605675,2.2785134,1.5083638,0.61981547,1.2764812,-1.06868,-0.26759985,0.120745525,1.2861899,0.26566952,0.56130314,-0.039591093,1.2672677,0.35222667,1.1603599,-1.199248,-1.897532,1.9357687,1.7331505,-0.867051,-0.63363415,-0.4799446,-1.0023242,-0.85308486,-0.0786465,0.08565466,-0.31762928,-0.9440259,-0.27903062,0.4631001,1.0184952,0.38559663,0.29008073,-0.0692379,0.38462126,-0.06340672,-0.006605412,-0.6317252,-0.6911435,-0.6262282,0.3561695,-0.3454923,0.49485153,-0.33645332,0.80208516,0.41459498,0.4950034
1,31.47487,27.455515,-11.545515,-18.079239,19.188019,-6.9004674,6.647422,2.5608683,-5.957584,-6.919669,9.817322,-4.680325,2.9809885,-7.7600093,-4.2001634,-0.6650678,1.4703369,2.917478,3.6929839,3.2315264,0.5342625,1.4768982,1.2284985,-6.2632084,3.2186224,1.3408988,-0.31586584,4.142829,0.5126133,0.21391883,-0.42374098,-2.274158,-3.0385258,2.1934,-0.523704,1.5595981,-0.8550709,1.8829376,0.6243823,3.272289,-1.2325678,0.29309493,0.3495891,-0.23537582,1.063864,0.78896606,-1.2552829,1.2052531,1.5742681,-0.0900726,0.039345272,-0.7338256,1.0303006,0.11804379,0.11726996,-0.28916442,-0.5651072,-0.3313067,-0.24599051,-0.32542217,0.01788722,0.6929834,-1.3716199,0.07992706,-0.30922043,0.48913324,-0.39750576,0.14054465,-0.32244378,0.35498297,-0.4586038,0.61959887,0.07086288,-0.48520547,-0.61348844,-0.5634527,-0.20375344,-0.6945572,0.058775295,0.09428184,0.19353455,-0.1380353,-0.49434984,0.17278013,-0.51607317,-0.13567358,0.33683646
2,-8.666498,-11.545515,59.966206,-27.709366,-14.438181,-7.649606,-1.4776545,8.851971,19.630857,15.565894,5.1150627,0.07173695,15.939741,2.3396523,13.465967,-4.462804,-8.325098,-4.4589806,3.542292,-0.4368183,5.7281446,4.9961867,-1.3414841,2.9751725,-0.675473,1.9425246,4.8979635,-3.0882611,-0.12408475,-1.6891642,-6.3131514,-0.1799461,6.114655,-0.3476743,-2.4616423,0.45065805,1.2584274,0.00028925223,-0.15448067,-2.5841393,1.1944647,0.5229844,0.07141131,1.4949756,-1.3199878,-0.87231696,0.98175395,-0.16365066,-1.8524632,-2.5686917,0.444386,0.95457256,-0.67975676,-0.59940946,0.30636716,0.5693555,0.6100929,-0.10167417,-0.40721446,0.78610396,0.6564234,-0.39627972,0.22364105,-0.75900245,0.07088432,-0.0034084006,0.3778959,-0.76350725,0.037598174,-0.10972682,-0.24955621,0.44838777,0.06542522,-0.7531011,0.55341697,0.51724577,0.19155522,0.5952492,0.89828396,-0.19819178,-0.33996594,0.6409738,-0.31645015,-0.5683012,-0.09905415,0.1271312,-0.18911493
3,-11.854677,-18.079239,-27.709366,85.278595,1.4628351,14.208862,-17.035564,-14.440294,2.537318,-9.676329,-11.811762,-6.1396465,0.11274932,-5.3995204,-4.0558844,9.838929,-5.3604755,0.113600016,-6.9624352,-8.358533,5.58104,-4.300272,-6.130328,-0.78171617,-7.1238213,-3.6479635,-4.1869392,-1.3425379,-0.4227895,3.6560147,0.8240577,3.0700974,-0.34883422,-0.36123633,3.253729,-1.6061265,-0.08030846,-1.2180798,3.2236023,-1.0269924,-1.5400524,-1.5330257,1.3558803,0.67607707,1.7456151,-2.4552565,-1.9773115,-2.9526758,0.12492284,0.89534116,0.35845968,0.5634165,0.3379866,2.237259,0.25295675,0.75387454,-2.492414,1.1928458,1.6588857,-1.5406616,0.7012685,-0.6347667,1.1760402,-0.10216966,0.091376096,0.22627875,0.61731935,0.56078565,0.9215665,-1.0598838,1.2013237,-1.0878315,0.000688078,0.02247774,0.502783,1.1123658,0.6598504,-0.124724455,-0.40922773,-0.23659839,0.48781255,-0.24618822,0.59459734,-0.23622793,1.1006513,0.8021616,-0.73172003
4,30.858177,19.188019,-14.438181,1.4628351,43.65407,-4.6483593,-2.1994812,11.795633,-2.0401392,0.21918634,-0.8791795,-11.434885,2.4556737,-0.32904214,3.4535556,3.7070272,0.55014443,3.0516448,3.5905395,3.1887712,0.20579672,2.4463792,5.510294,-0.85322285,-1.4651961,-3.4519835,-6.4678373,5.589316,4.163781,2.9273694,2.275229,-1.3314486,-2.4346695,1.7211244,-0.76955473,-0.9193435,-0.016963035,-0.06086403,0.7138949,2.441608,-1.9689667,0.05237416,1.7433665,-0.6415647,3.9231641,0.23982388,-2.661859,-0.7712733,0.36606902,0.82833123,-0.012047145,1.1752548,0.21516979,-0.1911836,-1.2158304,1.5417485,-1.3647628,-0.5035088,0.93367,1.573776,0.05554262,0.71259046,-1.0652268,-1.3161964,-0.048848487,0.15537655,0.005169822,0.2534157,0.29524648,-0.117887184,-1.5562367,-0.14879999,-0.64582217,-1.6659912,-0.3810781,-0.026601039,-0.0042937226,-0.12929913,-1.1544709,0.22207786,0.98532677,-0.77628595,0.20383462,0.06008491,-0.4765283,0.6934646,-0.06865874
5,-19.46474,-6.9004674,-7.649606,14.208862,-4.6483593,66.62599,0.036595024,-14.92915,-5.661004,-4.754231,-0.81669986,-9.21586,4.110691,7.0156803,3.072457,-7.039303,-2.9115539,0.39486116,-0.056922823,6.5229654,-1.835155,2.3156319,-3.9371219,-2.6833205,0.8449905,0.28263056,-0.68326515,3.957983,-0.9542518,-1.9330908,2.567037,-5.37083,1.9029429,-2.517193,0.019214127,-4.8725224,-0.6855152,0.38066334,-2.0605612,-0.08301915,3.281318,2.016509,2.3225749,-0.37013784,-1.7088637,-0.025171217,0.6551404,0.7514466,-0.17373827,0.24256667,-1.3649975,0.73904574,0.660138,-0.86058676,-0.008699754,0.5176408,-0.7585776,0.7268505,0.91378313,0.7219688,1.6128993,-1.2155857,-0.5346178,-0.10468795,1.2237753,0.86746156,-0.267128,0.48417503,-0.89923334,0.48784345,0.4819052,0.7370429,1.2006717,-0.5550678,1.3859408,-0.90939,-2.052484,0.17859389,-0.17304975,-0.9387275,0.5299585,-0.13549647,0.10046878,-0.5373834,0.77553385,0.33897823,0.3653409
6,16.510033,6.647422,-1.4776545,-17.035564,-2.1994812,0.036595024,47.462086,0.56446695,-1.9523239,-5.979169,3.584946,-5.4845896,-5.5551195,5.5545645,-0.06310615,2.3839273,1.553094,6.5345592,2.0425751,-3.3053625,7.140684,0.67957866,1.2942088,-2.970067,-0.07029502,-0.9782523,0.5900932,1.246309,1.6277139,-1.7078038,-0.5634192,2.0119195,2.805185,0.7334938,1.7594132,1.8010824,-2.4864593,0.10057847,-2.3525157,-1.0643287,-0.8981252,1.2777123,-1.6119936,-0.5774723,-2.6284716,0.56069475,2.6263871,0.24413568,-0.71920204,1.326602,-2.2743864,0.4189721,-1.6146691,-2.2580962,-1.1756499,-1.6107817,-0.70819974,1.4072342,-1.0198586,0.063980415,0.57138884,-1.4630429,-0.26449132,-0.63906634,1.1470919,-0.4314022,-2.057549,0.71769595,-0.6120275,-0.47498697,0.33082792,-0.6096545,-0.51171947,0.83524156,0.082439825,-0.46836072,0.35877725,-0.3933798,-0.41124156,-0.86092865,0.37232816,0.12618358,-0.23017484,-0.17976645,1.0975878,-0.39182255,0.09946571
7,24.209019,2.5608683,8.851971,-14.440294,11.795633,-14.92915,0.56446695,27.578384,9.957944,5.7463098,-3.0594604,-3.6849654,0.28540874,-1.3941146,4.115554,3.0911298,5.708374,-0.58156955,0.112002,5.4620037,-4.39754,0.025087079,-0.9656135,1.54941,-6.492202,-0.9568465,-1.4326841,-2.7319026,1.8793727,0.013187413,0.16063246,-0.4394971,1.6675951,-3.1301796,-0.5389581,-1.4624883,0.5441536,-1.1689291,1.5236974,1.6376376,0.73651826,0.9735973,-1.339391,-0.37290585,0.04987421,0.019776667,0.23388359,-0.38362658,-0.12345976,1.3697286,-0.2632029,0.65592456,-0.55791163,-1.5658965,0.7670373,0.3047452,-0.028247979,0.256449,0.4016264,-0.21906006,0.29772136,0.19502088,0.4041928,-0.43547383,-0.19006349,-0.47948474,0.6846349,-0.2931944,-0.44718105,0.071861625,-0.022993049,-0.429568,-0.12602076,0.6377639,0.8345595,-0.6808876,-0.24200705,0.41206998,-0.29818028,0.41600412,0.16696188,-0.13057531,0.3113942,-0.08193584,0.08294698,-0.386662,0.37215462
8,25.594952,-5.957584,19.630857,2.537318,-2.0401392,-5.661004,-1.9523239,9.957944,39.69677,0.95119333,-5.0326586,6.627209,1.4561454,-3.8852673,-1.6874269,-1.8337331,-4.3041534,3.6461387,1.4554029,-1.519201,0.64404297,2.487382,-0.87953293,-0.21163607,-1.6818662,-0.17655548,-3.4715838,-0.38218936,-3.664247,-3.8541577,1.021491,-0.91063964,0.8995012,-1.8076875,-0.53757817,0.617817,0.24751869,-1.7719166,-0.9310839,-1.483884,1.1139276,-0.53124845,1.1208215,1.275809,-1.1673743,-1.4315686,0.18331933,-0.09035669,-0.25056887,-1.2693176,1.0656726,1.6920094,-0.17656872,1.0342441,-0.09056081,0.35173947,-1.1897234,1.9927113,1.26155,0.029868351,0.17619868,-1.2667763,1.0703188,-0.47040266,1.1943564,0.026262289,0.14252628,0.456953,-0.42964906,0.47262746,0.2850471,0.43754354,0.42102814,-0.92270887,0.76911354,0.3564855,-0.15769091,-0.038977187,0.17961434,-0.652094,-0.005730071,0.58713365,0.36992377,-0.27230334,0.09609385,0.5532493,0.42472607
9,-15.395141,-6.919669,15.565894,-9.676329,0.21918634,-4.754231,-5.979169,5.7463098,0.95119333,25.800623,-2.1874743,1.8655746,-4.760543,1.8605192,6.3512654,-0.39320266,-3.921677,-5.1879597,-1.3218586,4.4616413,-0.5697914,0.34058428,2.448275,0.8115673,-1.9174876,1.8863955,1.7018703,1.033952,1.3652095,1.2461243,0.69625616,0.6267849,0.69033027,-0.60636103,2.215475,1.5410453,0.20713598,0.97294325,4.416394,-1.8891252,-0.10533379,-0.8454932,0.1385887,-0.6182039,0.6713262,-0.75163615,0.53616035,-0.002075771,-1.8786963,0.73549366,-0.4197341,0.20255041,-0.37603402,-1.7605613,-1.5763963,2.027327,-0.48954764,-0.7163947,0.7230222,0.12809122,0.05605901,-0.28062975,0.5774069,-0.49280447,-0.104810335,0.38108745,-0.8228421,1.0671589,0.155411,-0.65469444,-0.29542887,1.0952067,0.22160345,-0.34658188,-0.3533554,-0.4207992,-0.26440385,-0.24002199,-0.0484122,-0.37192193,0.18998468,0.38444406,-0.468309,0.23509067,-0.37035918,-0.10654099,0.07532083
10,6.8835955,9.817322,5.1150627,-11.811762,-0.8791795,-0.81669986,3.584946,-3.0594604,-5.0326586,-2.1874743,24.911007,-6.827384,-0.8605072,-2.5179634,-1.7382896,-4.514157,-1.1861866,-1.5185593,0.8749036,-3.789998,-3.6037555,3.6375988,-2.0195699,-0.6420233,2.8168488,-0.57490814,-1.3923349,-4.4467845,-0.6117736,0.8710331,-5.1305513,-1.0026319,-0.31149393,2.4792361,-0.988551,-0.3475651,0.27521014,1.4479575,1.6383275,0.7464,-0.107359104,0.83329475,-0.731758,1.2521737,0.59527016,-2.9883418,-0.57840115,1.0629077,0.05953823,-0.25143564,0.34924906,-1.9164354,0.8475547,0.6998887,-0.6495819,0.24072993,0.1624986,0.9211966,0.04332942,-0.35324666,0.32435954,0.32250714,-0.2698009,-1.0293118,0.2543811,0.3315965,0.14728555,-0.26962918,-0.23736115,-0.37137592,-0.08717154,0.29125223,0.3821774,0.07629971,0.2757871,-0.42310563,-0.54278934,-0.44941092,0.17031346,-0.42211676,-0.17340656,0.49228016,-0.70037556,0.30171204,0.31088978,0.19662127,-0.19953695
11,-5.432605,-4.680325,0.07173695,-6.1396465,-11.434885,-9.21586,-5.4845896,-3.6849654,6.627209,1.8655746,-6.827384,26.722229,0.23314086,0.6539912,-1.2538078,-1.5195923,1.765626,1.9329045,-1.9794077,-2.6365223,-5.7085676,-1.9848996,2.8946486,0.50905657,3.5480793,-2.7034163,1.1966987,-0.6007675,-0.7559887,-1.1799942,1.1252902,-0.5026988,0.10373798,1.339792,2.2672834,0.59102225,-1.750805,-0.146916,0.39475042,1.1632781,-1.9060583,0.277238,1.648653,-1.4533277,-1.8314661,0.9716905,-0.6320065,-0.5621776,1.9705538,-0.9857302,0.5347216,-0.451686,0.3177276,-0.075848944,-0.033860583,-1.0401328,0.50995517,-0.59621,0.28582817,0.0039709527,0.5257014,-1.7135175,-1.4226687,1.1041102,0.76164913,-0.27455592,-0.43957904,0.7421161,-0.06481603,-0.22645515,0.09229231,0.57882214,0.6276543,0.04581175,-0.78669083,0.19190663,-0.16400729,-0.06499098,0.32369727,-0.017615777,0.23751898,-0.17624524,-0.009345344,0.009048903,0.013823345,-0.21434772,-0.107948184
12,0.6308121,2.9809885,15.939741,0.11274932,2.4556737,4.110691,-5.5551195,0.28540874,1.4561454,-4.760543,-0.8605072,0.23314086,27.20708,-5.4858637,6.051677,2.2012753,-1.7752517,4.5387297,-1.042036,2.0539503,2.808079,5.232689,-3.4005098,-0.94347215,0.9680573,-0.9785184,3.2512503,-2.296195,-0.23757848,0.7321708,-1.9679395,-1.1608608,0.3645603,1.1669359,-1.8069947,-1.4422625,1.0799205,-0.45904505,-0.96630883,0.11367367,-1.5834935,-0.8767279,1.8276663,-0.70121527,-0.13281488,1.172695,-0.49520573,-0.25742665,0.010316785,-0.3384611,-0.40583864,-1.0186847,-0.49514246,-0.65419155,-0.34089342,-0.28607988,-0.50185215,-1.1910082,-0.0024790945,0.441167,0.74017745,0.29629728,-1.7680047,0.8518,-0.07376745,0.009275368,0.13398333,-0.21791178,0.09402631,0.16525134,-0.52410173,-0.21425055,-0.2184205,-0.627938,-0.09156376,0.24088493,-0.24671698,0.33251226,0.3832126,0.46709448,0.56101453,-0.25679514,0.018648189,-0.56707215,0.21075898,-0.43446833,-0.3792369
13,-15.860847,-7.7600093,2.3396523,-5.3995204,-0.32904214,7.0156803,5.5545645,-1.3941146,-3.8852673,1.8605192,-2.5179634,0.6539912,-5.4858637,20.613594,3.798124,-0.45466906,-1.0981958,2.9079423,-2.0630822,-0.7274827,-0.31672782,1.2332878,0.15120894,3.8289697,1.3320394,-1.6098833,-2.5949416,1.4730592,1.760553,0.9615962,0.31609607,2.050231,3.2212944,0.72976327,-2.7892048,0.8722816,1.1313639,-1.4653124,1.0517954,0.59130657,-0.13382667,1.034512,-0.5000346,-0.066222414,-0.6038473,1.2892525,-0.7589492,-0.48003092,0.45731404,-0.32874846,1.2966793,0.7393646,-0.4417525,0.28088343,0.085259214,-0.40249348,-0.2366969,1.3033036,-0.32813,1.5156887,-0.4576666,-0.4984576,-0.17722768,-0.8477528,0.38896435,-1.307319,0.5399389,-0.00057055685,-0.4380393,0.6054076,-0.13917091,0.5391805,-0.039982006,-0.47750157,0.26293695,-0.19278713,0.08295348,-0.35490724,-0.512026,0.4526474,0.43400824,0.15470594,0.043478534,0.0094089415,0.045212183,0.11856271,0.18174127
14,-6.7394524,-4.2001634,13.465967,-4.0558844,3.4535556,3.072457,-0.06310615,4.115554,-1.6874269,6.3512654,-1.7382896,-1.2538078,6.051677,3.798124,11.459574,-1.2414918,-0.5211898,-3.6138408,0.76792926,-2.2727304,1.2369807,0.87972474,0.71612966,0.07769239,-1.5247588,-1.6620488,1.5021564,-0.46642935,1.586401,0.35957438,0.8274442,-0.013505554,1.4755049,0.4032025,-0.2996049,-0.45086396,0.58144176,-0.066003524,0.44103044,1.9208491,0.38587493,0.23376958,0.20776707,-0.5988866,0.34119213,1.108347,-0.32655174,-1.5357277,-0.99117786,-0.21802458,-0.6710092,0.31094396,-0.69402015,-0.748667,-0.16685756,1.1059012,0.02410511,-0.4676867,-0.4527067,0.42914462,1.1836002,-0.9468068,-0.85463667,-0.9376453,-0.17473328,0.2565347,0.34953034,0.052231528,0.10858189,-0.43719146,-0.86148775,0.055310514,-0.57495743,-0.20977363,0.67718893,0.02028395,0.034556895,0.4619711,-0.29149634,-0.44292688,0.24417567,-0.20170088,0.16153131,-0.66003585,0.17688736,0.09794977,-0.2218135
15,3.3732271,-0.6650678,-4.462804,9.838929,3.7070272,-7.039303,2.3839273,3.0911298,-1.8337331,-0.39320266,-4.514157,-1.5195923,2.2012753,-0.45466906,-1.2414918,14.316301,-2.3842072,3.799735,0.89923704,2.990694,0.8106016,-1.3868189,-2.5978951,0.7508142,-0.91728866,-2.4322438,3.1741533,-1.3798411,-0.7221827,3.5672953,1.0008993,3.5292861,1.0645113,1.2903619,1.2652209,-1.0651274,-1.3894885,0.18335927,1.0785542,1.0740921,-1.3741627,-0.9737828,0.6131543,0.18791103,0.071254715,-0.97277635,1.4815848,-0.025076643,-0.9195408,0.32064646,-0.9072541,1.0244925,-0.99334323,0.17156342,0.45992625,-0.58097947,-0.68824565,-0.24015817,-0.7254261,0.07317661,-1.2353218,-0.013979867,0.007912314,0.10552268,0.19350435,-0.8966814,0.26667166,-0.28514257,0.23580028,-0.027316283,0.045426864,-0.73724705,0.34951496,-0.03460619,0.063161805,-0.48579466,-0.18960844,-0.072365925,0.18739846,0.13070492,-0.028587561,-0.06093833,-0.15242454,0.578852,0.20679738,0.23459384,-0.25545073
16,3.828495,1.4703369,-8.325098,-5.3604755,0.55014443,-2.9115539,1.553094,5.708374,-4.3041534,-3.921677,-1.1861866,1.765626,-1.7752517,-1.0981958,-0.5211898,-2.3842072,13.145083,0.44405198,-2.030936,-0.47589153,-4.530695,-1.2252918,0.2322062,0.9740361,-3.1774678,-1.7114288,0.6307161,-1.2611592,3.164892,-1.4070523,2.062538,-0.9514822,0.6755591,-0.71610296,-1.7367618,-1.1268939,0.5737737,0.67818415,-1.9800267,0.73363006,0.3901711,-0.6807904,-1.0598888,-0.35682184,0.48880708,1.3640453,-0.4251238,-0.13139664,0.85332215,-0.20577136,-0.7688769,-0.31680685,0.68648106,-0.21515098,-0.33817708,0.25008553,0.32114995,-1.1120749,0.43799415,-0.3057694,-0.7128488,1.1816447,-0.08809115,0.39668584,0.25097412,0.05439939,0.05077826,-0.08104414,0.07106852,-0.47835505,0.8173585,0.18780991,-0.13734606,0.01916454,0.050783686,-0.29167503,-0.5562227,-0.5013956,0.19027326,-0.24619076,-0.1890254,0.19290999,0.15755388,-0.26227415,0.045299485,-0.4380633,-0.0069192396
17,3.0011878,2.917478,-4.4589806,0.113600016,3.0516448,0.39486116,6.5345592,-0.58156955,3.6461387,-5.1879597,-1.5185593,1.9329045,4.5387297,2.9079423,-3.6138408,3.799735,0.44405198,19.684772,-0.35723495,-2.0809631,-2.7445593,3.014981,-2.1041703,1.2295918,-0.74212754,0.23821819,0.017161366,2.5662374,1.4348469,4.2710166,0.66951656,-0.35961252,-1.5204084,-0.60083145,-0.9619283,1.3307136,3.29129,-0.4096369,0.29825488,-0.86197007,0.18921816,0.4156041,-0.40068427,-0.2905987,-1.1692617,-0.5938239,1.596111,0.48150307,0.9968623,-0.4136698,0.87888503,0.25151137,-0.5260047,-1.5315647,-0.33760446,0.4021388,-0.0889892,-0.41131368,-0.33281574,0.55743134,-0.12505643,-0.1555576,-0.15920396,0.50265825,0.58207023,0.088330165,-0.68131447,0.1533634,-0.3211642,0.10303883,-0.27191913,0.21479872,0.7224939,0.018360626,-0.34815657,0.40886894,-0.3530309,-0.38377023,0.40040395,-0.06257566,-0.17616713,0.33613035,-0.082314566,0.15024626,-0.04332812,0.3211803,-0.30446506
18,5.164546,3.6929839,3.542292,-6.9624352,3.5905395,-0.056922823,2.0425751,0.112002,1.4554029,-1.3218586,0.8749036,-1.9794077,-1.042036,-2.0630822,0.76792926,0.89923704,-2.030936,-0.35723495,11.564056,-1.0434448,0.64790285,-2.527317,4.350377,1.6482637,2.4561963,1.5242856,1.1895814,2.054091,-1.2930021,2.9975352,-0.8417046,0.2749724,0.13945629,-2.182433,0.1585526,-1.8852756,-0.28093594,1.189919,-1.5208133,0.7151795,0.9486275,-1.1675959,1.6417475,2.1681893,-0.6575582,0.33638135,0.22954232,-0.89671123,0.3821128,-0.053495094,-0.70141804,1.1783464,-0.061755687,0.523445,0.10049218,-0.34312093,0.47067565,-0.34170514,-0.21664777,0.16458863,0.98546755,0.06457546,0.09481162,-0.6644524,0.07101919,0.10512765,-0.056966297,-0.9988196,-0.33728635,0.28432745,-0.43493843,-0.24801937,0.636487,-0.4538843,0.19284354,0.12724489,-0.09913194,-0.09517394,-0.1503544,-0.053982414,-0.29340917,-0.25309128,-0.30329508,0.09359503,0.0065543912,0.030895337,-0.17231235
19,4.164176,3.2315264,-0.4368183,-8.358533,3.1887712,6.5229654,-3.3053625,5.4620037,-1.519201,4.4616413,-3.789998,-2.6365223,2.0539503,-0.7274827,-2.2727304,2.990694,-0.47589153,-2.0809631,-1.0434448,17.437294,-0.9705728,-1.1438336,-0.36438423,-1.8279834,-0.6254317,1.7818415,-0.22290455,3.149853,-1.4072537,0.31372997,-1.7987305,-0.23522815,1.2196646,-1.0447191,0.37757394,-0.8300048,0.109432936,-1.88803,-0.58367765,0.015117988,-0.13586673,-0.17375332,0.8468907,-0.7147522,-1.1486495,-0.5457404,0.4792862,1.8596706,-0.25956658,0.16542682,-0.06705456,-1.0380919,0.14087534,0.9083581,-0.18799648,-0.68624604,0.31304583,-0.5233799,0.35007304,0.16683923,-1.0585468,0.28572792,-0.3470326,0.8405887,-0.14653936,-0.75147575,0.018809311,0.8215551,0.3719327,0.38123327,0.30592608,0.23499176,-0.053319313,0.29253003,-0.48112,-0.71556497,-0.56111777,-0.35050836,-0.19842106,0.08890408,0.47629443,-0.06745985,-0.049459018,0.2666732,-0.11692783,-0.081493355,-0.03460837
20,0.5868431,0.5342625,5.7281446,5.58104,0.20579672,-1.835155,7.140684,-4.39754,0.64404297,-0.5697914,-3.6037555,-5.7085676,2.808079,-0.31672782,1.2369807,0.8106016,-4.530695,-2.7445593,0.64790285,-0.9705728,12.151072,0.40163606,-0.81641316,-1.5414648,-0.2729398,1.3769987,-0.5123515,3.0160213,1.0461397,-1.5477309,-0.55745757,0.7433232,1.918942,0.6171554,0.33111817,2.1138833,-1.1251054,0.24605875,-0.28762954,-1.8415776,-1.3976114,-2.1520877,-0.6454308,0.12034771,0.7910088,0.7948375,0.19286096,-0.21722528,-0.020664316,-0.5331242,-0.39720237,-0.16985637,0.26493466,0.25576007,0.2720815,-1.060534,-0.2287024,-0.06585728,0.054963045,-0.14307672,-0.0011099061,-0.12459377,0.083990015,0.2581639,-0.61909187,-0.05876331,-0.21552306,-0.29715258,-0.18921702,0.017846845,-0.1736401,0.15107214,-0.2811861,-0.30219474,-0.37288547,0.25670445,0.78758466,0.1518686,0.090023205,0.124379896,-0.44211063,0.22614557,0.13809034,-0.45183522,-0.22314943,-0.15000543,0.12850018
21,1.7855012,1.4768982,4.9961867,-4.300272,2.4463792,2.3156319,0.67957866,0.025087079,2.487382,0.34058428,3.6375988,-1.9848996,5.232689,1.2332878,0.87972474,-1.3868189,-1.2252918,3.014981,-2.527317,-1.1438336,0.40163606,7.118039,0.062512666,1.105521,1.41206,-1.9271624,-0.262656,-0.4081188,0.31895244,-0.87323785,1.1182839,-0.96990204,-1.0628097,1.9120835,0.8315189,-0.15006536,1.0117109,0.21235323,0.13671485,-1.7102969,-0.10660738,-0.40816563,0.087240666,-0.8151648,1.0969865,-1.1234126,1.031519,0.9962155,-0.61636025,0.6826092,0.2797311,-0.59599507,0.2053261,-0.6017396,-0.3997643,0.2361095,-0.47207204,0.93112683,-0.060248688,0.7292698,-0.11106938,0.040339723,-0.062332384,-0.10101302,-0.345468,-0.15250865,0.79326737,-0.09715408,-0.36272967,0.16045567,-0.11213468,0.8333975,-0.02224034,-0.3471902,0.062142897,-0.11288127,-0.3876667,0.12704358,-0.23053712,0.43786076,0.020335779,0.40234894,0.15898842,-0.23313457,-0.26107982,-0.3752436,0.24255025
22,1.6158121,1.2284985,-1.3414841,-6.130328,5.510294,-3.9371219,1.2942088,-0.9656135,-0.87953293,2.448275,-2.0195699,2.8946486,-3.4005098,0.15120894,0.71612966,-2.5978951,0.2322062,-2.1041703,4.350377,-0.36438423,-0.81641316,0.062512666,11.548981,1.1137595,1.2345386,-0.49363452,1.4722042,3.7120051,0.4694293,0.33074263,-0.0795054,0.33816993,-1.1265588,1.1375598,1.850352,-1.6004448,1.1171036,-0.35589612,-1.8331063,-1.5014071,0.21828696,-0.5539273,0.59299874,-0.032143526,0.30845615,-0.0740723,-1.4214003,-0.7029451,-0.6547675,0.4822773,0.30566722,-0.15323699,0.032215018,-0.09183565,-0.35525113,-0.18609974,-0.43706822,0.9744316,0.16874652,0.8129901,0.81177676,0.65690243,-0.32709554,0.5675627,0.8047317,0.00033415444,0.4265557,-0.28171006,-0.27601197,-0.60823506,0.13371274,-0.038134806,-0.44380772,0.22773972,-0.34192818,0.43251207,0.13217866,0.43858075,-0.722259,-0.13998763,0.42483532,-0.10488707,0.024918806,0.19451347,0.18964814,-0.05692876,-0.58562624
23,-8.640486,-6.2632084,2.9751725,-0.78171617,-0.85322285,-2.6833205,-2.970067,1.54941,-0.21163607,0.8115673,-0.6420233,0.50905657,-0.94347215,3.8289697,0.07769239,0.7508142,0.9740361,1.2295918,1.6482637,-1.8279834,-1.5414648,1.105521,1.1137595,6.9052286,-0.092926785,-1.4823964,-2.5938745,-2.2025266,1.4073672,1.4934516,-0.49115735,0.16172469,1.2376299,-0.3485279,0.057545476,-1.5107597,0.30108434,-0.18826666,-1.2794273,-2.4085145,0.06297968,-1.250512,0.49547386,1.186414,0.21820715,-0.6872176,0.64739656,-0.079200834,0.33171868,0.6413703,-0.25194,0.50059015,0.10821284,0.04756885,-0.44483718,0.22893554,0.94581187,-0.43967915,-0.081988305,0.5292207,-0.40560102,0.31228143,0.34885383,-0.32863203,0.01300482,-0.37133968,0.0534689,-0.5863739,-0.2666871,0.27156633,-0.024076022,-0.42862552,0.056444734,-0.19756311,-0.07865092,0.037197612,-0.21542048,0.35475993,-0.09035286,0.77049893,-0.21714482,-0.08744739,0.112282634,0.12854508,-0.14661598,-0.15361913,-0.097357996
24,-2.0498369,3.2186224,-0.675473,-7.1238213,-1.4651961,0.8449905,-0.07029502,-6.492202,-1.6818662,-1.9174876,2.8168488,3.5480793,0.9680573,1.3320394,-1.5247588,-0.91728866,-3.1774678,-0.74212754,2.4561963,-0.6254317,-0.2729398,1.41206,1.2345386,-0.092926785,7.346425,-0.23321223,0.109617494,-0.07587105,-2.8148274,0.09227423,0.2525429,0.7749593,-2.371693,0.41580626,-0.4058438,-0.27530926,-1.0541315,0.096171,-0.184636,0.6298239,-0.8512118,-0.096639834,2.1507714,-0.05104219,-0.114375755,0.82500887,0.058073394,0.560743,-0.15562293,0.48928288,0.26199204,-0.42473987,-0.4541285,0.12670104,-0.4013148,-0.79854536,0.24283463,-0.021439385,0.06723936,0.7599567,-0.3538959,0.097090065,-0.1062872,-0.5447649,-0.53883135,-0.7085155,-0.24031755,-0.4819461,-0.06772481,0.0835056,-0.3649459,0.3786267,0.3159877,-0.41952476,-0.13000959,0.21227354,0.31259304,-0.11006649,0.09291518,0.08494264,0.06046015,0.1641174,-0.22040394,-0.1862137,-0.3030553,-0.03778804,0.55691874
25,-5.669689,1.3408988,1.9425246,-3.6479635,-3.4519835,0.28263056,-0.9782523,-0.9568465,-0.17655548,1.8863955,-0.57490814,-2.7034163,-0.9785184,-1.6098833,-1.6620488,-2.4322438,-1.7114288,0.23821819,1.5242856,1.7818415,1.3769987,-1.9271624,-0.49363452,-1.4823964,-0.23321223,7.4114275,0.17966695,1.5094304,-1.7022663,0.794896,-0.8120695,-1.4127029,-0.9093033,-1.6824868,-1.8101329,1.7449543,0.91249055,-1.2413114,0.43928957,-0.03062084,0.1960955,-0.5830585,-0.48119995,0.44162768,-0.7646487,1.0114673,-0.5598109,-0.29162776,0.4048367,0.46764702,0.14597967,0.3008069,-0.0077671306,-0.24900381,0.1434158,0.7580991,0.017665118,0.18841596,-0.70276284,-0.3105725,0.4245773,0.45518368,0.8495227,0.3412872,0.31289947,0.16452166,0.13233642,0.39394885,-0.5732826,0.020736773,-0.17837024,-0.41938773,-0.0034467636,0.31353876,-0.25085747,-0.12591842,0.2961856,0.1844445,0.7080468,0.5159081,-0.52562654,0.16067427,-0.14209586,0.51099825,-0.14197578,-0.41690877,0.15821958
26,-3.618603,-0.31586584,4.8979635,-4.1869392,-6.4678373,-0.68326515,0.5900932,-1.4326841,-3.4715838,1.7018703,-1.3923349,1.1966987,3.2512503,-2.5949416,1.5021564,3.1741533,0.6307161,0.017161366,1.1895814,-0.22290455,-0.5123515,-0.262656,1.4722042,-2.5938745,0.109617494,0.17966695,11.111199,-0.10799983,-0.8029449,0.32240418,0.2649746,1.0006621,0.25065857,1.1326183,0.30260193,0.12993369,0.7856249,1.3181832,0.09983758,0.5241438,1.2716442,0.6716517,-0.97514266,-0.47080785,-0.8302778,0.25300905,0.42791596,-0.8203282,-0.8766087,0.457478,-0.24283896,0.74721825,-0.080622375,-0.57679117,1.2021099,-0.08241303,-1.1019337,-0.1901063,-0.35078442,-0.096162684,-0.2458503,0.7010855,-0.077436656,0.50681126,-0.22183792,-0.07063568,0.22179678,-0.9864507,0.8213775,-0.109375164,0.81328017,0.7576246,0.2607901,0.16729836,0.07658134,0.02160648,-0.36876565,-0.2327235,-0.2797647,-0.32908148,-0.23913902,0.1773223,-0.19186252,0.3316468,0.051713426,0.17638646,-0.05330822
27,4.098112,4.142829,-3.0882611,-1.3425379,5.589316,3.957983,1.246309,-2.7319026,-0.38218936,1.033952,-4.4467845,-0.6007675,-2.296195,1.4730592,-0.46642935,-1.3798411,-1.2611592,2.5662374,2.054091,3.149853,3.0160213,-0.4081188,3.7120051,-2.2025266,-0.07587105,1.5094304,-0.10799983,9.09009,1.6239369,0.25660893,0.32236928,-1.2653127,-0.46016937,0.7411406,1.0581568,1.2213215,0.66490805,0.014496923,0.6597964,0.15974987,0.77913785,0.25532144,1.0749766,0.19308943,0.58828264,0.055121377,0.20563579,-0.12190229,0.5974749,-1.5267854,0.72094625,-0.025781825,0.69677335,-0.17282638,0.9255685,0.289989,-0.11191673,-0.118868545,0.046485953,0.19366722,-0.19375597,0.09893769,-0.22095357,0.07458173,0.0348015,-0.08854984,0.043923415,0.06872749,-0.10009852,-0.27784553,-0.019385107,0.5825557,0.47646984,0.22054228,-0.26585475,0.5530814,-0.011376578,0.19294912,0.2512493,-0.018760895,-0.16420937,0.0038930855,0.07701567,-0.27780882,-0.09131034,-0.04599839,-0.12578993
28,-0.6571274,0.5126133,-0.12408475,-0.4227895,4.163781,-0.9542518,1.6277139,1.8793727,-3.664247,1.3652095,-0.6117736,-0.7559887,-0.23757848,1.760553,1.586401,-0.7221827,3.164892,1.4348469,-1.2930021,-1.4072537,1.0461397,0.31895244,0.4694293,1.4073672,-2.8148274,-1.7022663,-0.8029449,1.6239369,5.556968,0.4082843,-0.5017851,-0.59139025,2.4378836,0.5352094,0.5018331,-0.14082694,0.40633732,1.3769925,0.4232815,-0.735641,-0.47332048,0.21420775,-0.56430185,0.17396028,0.41956174,-0.2003502,-0.42634934,0.31025812,0.63625306,-1.1598656,-0.034193918,0.050289504,0.88166726,-0.7652791,0.5722405,0.08081047,0.56993467,-0.6397064,0.4196089,-0.19064263,-0.1192341,0.18031335,-0.41934392,0.11677527,0.030440448,0.24025753,-0.21050535,0.0224607,0.07503463,-0.665406,0.112606615,-0.015661236,0.13953076,-0.18205793,-0.20332706,0.38378203,-0.20908646,0.36558676,0.11778319,-0.09372693,0.11950041,-0.14442918,-0.026013605,-0.2520721,-0.27686757,0.078562744,0.30993837
29,-4.8721924,0.21391883,-1.6891642,3.6560147,2.9273694,-1.9330908,-1.7078038,0.013187413,-3.8541577,1.2461243,0.8710331,-1.1799942,0.7321708,0.9615962,0.35957438,3.5672953,-1.4070523,4.2710166,2.9975352,0.31372997,-1.5477309,-0.87323785,0.33074263,1.4934516,0.09227423,0.794896,0.32240418,0.25660893,0.4082843,6.084863,-1.4594481,1.1502116,-0.26541698,-1.1600907,0.74678814,-0.74470323,1.7279943,0.32607472,0.76798624,0.6789713,-1.1010666,-0.18085532,0.32862636,0.46658134,-1.5757238,-0.87378585,-0.42911556,-0.25616828,0.52349424,0.773533,-0.36193407,-0.08511258,-0.056409158,0.22449365,0.09317532,0.6309358,0.09968769,-0.15416805,0.087690085,0.20774323,0.5120343,-0.25939903,-0.06844952,-0.26563188,-0.32626492,-0.4228764,0.4313597,0.23149695,-0.14052847,-0.31549895,-0.4059239,-0.027518965,-0.11102332,-0.0461633,-0.08776861,0.0920692,0.04568641,-0.27808604,0.108092904,-0.18248615,-0.34856796,0.25206655,-0.20140587,0.09142711,-0.34435466,0.06003184,-0.14322264
30,-1.164276,-0.42374098,-6.3131514,0.8240577,2.275229,2.567037,-0.5634192,0.16063246,1.021491,0.69625616,-5.1305513,1.1252902,-1.9679395,0.31609607,0.8274442,1.0008993,2.062538,0.66951656,-0.8417046,-1.7987305,-0.55745757,1.1182839,-0.0795054,-0.49115735,0.2525429,-0.8120695,0.2649746,0.32236928,-0.5017851,-1.4594481,7.090045,0.27519566,-2.4630022,-0.086841285,0.0790429,0.39309913,-0.19133177,1.3119875,-0.6004237,0.84801763,0.3123752,-1.6644552,-0.41098222,-0.067436755,0.7229905,1.2975786,1.1782403,0.77532154,-1.3156196,-0.515213,-1.0191231,0.3236821,-0.4620434,-0.20823325,0.02005878,0.7395614,-0.26454133,0.24620497,-0.12118923,-0.1809597,-0.056717508,-0.06735209,0.04385154,0.1263006,0.00095316395,0.20813106,0.4871481,0.1076821,-0.5959376,0.1515401,-0.5650587,0.3716315,-0.15548429,-0.33032638,0.42426205,-0.3749963,-0.36281297,0.21110371,-0.0021281526,0.18013176,0.12313272,0.23104957,0.17691666,-0.20247841,-0.18043755,-0.14167833,0.04502947
31,-2.2212615,-2.274158,-0.1799461,3.0700974,-1.3314486,-5.37083,2.0119195,-0.4394971,-0.91063964,0.6267849,-1.0026319,-0.5026988,-1.1608608,2.050231,-0.013505554,3.5292861,-0.9514822,-0.35961252,0.2749724,-0.23522815,0.7433232,-0.96990204,0.33816993,0.16172469,0.7749593,-1.4127029,1.0006621,-1.2653127,-0.59139025,1.1502116,0.27519566,4.8198276,0.34031373,-0.5787889,-0.45493874,-0.69568735,1.2676189,1.0308832,0.3803177,0.23193967,-0.25745118,-0.20132557,0.30420315,0.6140421,-0.12921438,0.7651146,-0.17405698,0.5438159,-1.5424731,-0.7157303,0.382837,-0.38209087,-0.7969208,0.3216216,-0.666824,-1.032119,-0.41204298,1.0179634,0.522426,-0.43173438,-0.7419549,0.12130052,0.08454889,-0.14561594,-0.2505045,-0.05688148,-0.1692885,0.39798045,0.2559811,0.23441653,-0.14129248,-0.13203244,-0.28894556,0.21501045,-0.042817157,0.28318423,0.19969484,-0.33038938,-0.1728211,-0.4776559,0.33526993,0.017653575,-0.26972696,0.13998002,-0.083478525,-0.1035945,0.07627019
32,-0.5083193,-3.0385258,6.114655,-0.34883422,-2.4346695,1.9029429,2.805185,1.6675951,0.8995012,0.69033027,-0.31149393,0.10373798,0.3645603,3.2212944,1.4755049,1.0645113,0.6755591,-1.5204084,0.13945629,1.2196646,1.918942,-1.0628097,-1.1265588,1.2376299,-2.371693,-0.9093033,0.25065857,-0.46016937,2.4378836,-0.26541698,-2.4630022,0.34031373,5.892313,0.67561525,-0.10297848,-0.67459524,-0.16362847,-0.06844677,-0.38535947,0.5093523,-0.40639204,0.04260295,0.18164647,0.6067404,-0.314012,0.21737939,-0.13390946,-0.13283104,0.37860644,-0.6614207,0.17019418,0.34387615,1.0221288,0.23061466,-0.12651125,-0.652875,0.23304085,0.34089208,0.29543203,-0.22128473,-0.27526775,-0.73610127,-0.24074942,0.15725565,0.25644696,0.2074976,0.26002812,-0.118820876,-0.21832526,-0.11559421,0.81074435,-0.010686655,0.34449112,-0.3843174,-0.47707602,-0.11879718,-0.21096829,-0.37316436,0.07602682,0.118813895,-0.3354352,-0.17178208,0.11872235,0.36979228,0.2649155,0.025461301,0.051729456
33,2.1084633,2.1934,-0.3476743,-0.36123633,1.7211244,-2.517193,0.7334938,-3.1301796,-1.8076875,-0.60636103,2.4792361,1.339792,1.1669359,0.72976327,0.4032025,1.2903619,-0.71610296,-0.60083145,-2.182433,-1.0447191,0.6171554,1.9120835,1.1375598,-0.3485279,0.41580626,-1.6824868,1.1326183,0.7411406,0.5352094,-1.1600907,-0.086841285,-0.5787889,0.67561525,5.8209944,1.019732,1.4075737,-0.21382841,-0.40751293,0.16809118,0.6796111,-0.040002137,-0.79860735,0.72893333,0.36415547,0.6166848,-0.51503134,-0.05121782,-0.54816556,-0.11622918,0.15661055,0.34209782,-0.05172415,0.73608154,0.6555462,0.23778385,1.0865729,-0.32407784,0.2907227,-0.7961895,0.489192,-1.2386885,-0.12388715,-0.81913894,-0.11963326,0.58238345,-0.010745344,0.2544747,0.028484875,-0.026617505,0.14054796,0.4285769,-0.15898985,-0.4955594,-0.051602837,-0.11680647,-0.31606433,-0.35911584,0.31509668,0.12918286,-0.20789161,-0.15852982,-0.10830617,0.13819778,0.3419249,0.17061004,-0.04119692,-0.09983655
34,1.8470922,-0.523704,-2.4616423,3.253729,-0.76955473,0.019214127,1.7594132,-0.5389581,-0.53757817,2.215475,-0.988551,2.2672834,-1.8069947,-2.7892048,-0.2996049,1.2652209,-1.7367618,-0.9619283,0.1585526,0.37757394,0.33111817,0.8315189,1.850352,0.057545476,-0.4058438,-1.8101329,0.30260193,1.0581568,0.5018331,0.74678814,0.0790429,-0.45493874,-0.10297848,1.019732,5.5635166,-0.6972867,-0.605059,1.0092963,1.0014403,-0.3584172,0.3665555,0.3861264,0.28236252,-0.15643483,-0.8743166,-1.6463873,1.1838171,0.5798111,-0.19481581,1.1507705,-0.5404246,-0.48794353,0.45991504,-0.30048877,0.12752351,0.07989296,0.5078055,0.18905514,-0.4724071,-0.14559458,0.436887,-1.0117209,-0.21505973,0.37610763,-0.24686173,0.12820667,0.17234674,0.25916317,-0.3279466,0.24701428,0.49256524,-0.17608379,-0.17190161,-0.096582495,-0.30491647,-0.21532513,0.11067815,0.38619778,-0.25238115,0.05970932,0.08783746,0.020042362,0.30095163,-0.38289288,-0.09459515,-0.12493389,0.05087816
35,-0.24971841,1.5595981,0.45065805,-1.6061265,-0.9193435,-4.8725224,1.8010824,-1.4624883,0.617817,1.5410453,-0.3475651,0.59102225,-1.4422625,0.8722816,-0.45086396,-1.0651274,-1.1268939,1.3307136,-1.8852756,-0.8300048,2.1138833,-0.15006536,-1.6004448,-1.5107597,-0.27530926,1.7449543,0.12993369,1.2213215,-0.14082694,-0.74470323,0.39309913,-0.69568735,-0.67459524,1.4075737,-0.6972867,5.311198,-0.26048553,-0.50648755,0.8942314,0.34993106,-0.67586404,-0.73541224,-1.1506371,0.76190245,-0.7848959,0.6292923,0.87109077,-0.14429677,0.26713607,0.04802736,0.83150506,-0.05719842,0.13760433,0.62668097,0.50207925,1.1866453,0.40885586,-0.8604035,0.3997032,0.27387094,0.26912302,-0.14917743,0.059749015,-0.38713604,-0.40341955,0.06549834,-0.38563436,-0.0039091576,0.23017287,0.20306733,-0.17852545,0.3254031,-0.25128412,0.097197115,0.008309316,-0.16268685,-0.17725307,-0.44660643,-0.42362788,0.03986519,0.16907647,-0.21561518,0.054793477,0.16939355,0.07561694,0.025029194,-0.16901857
36,-2.4228058,-0.8550709,1.2584274,-0.08030846,-0.016963035,-0.6855152,-2.4864593,0.5441536,0.24751869,0.20713598,0.27521014,-1.750805,1.0799205,1.1313639,0.58144176,-1.3894885,0.5737737,3.29129,-0.28093594,0.109432936,-1.1251054,1.0117109,1.1171036,0.30108434,-1.0541315,0.91249055,0.7856249,0.66490805,0.40633732,1.7279943,-0.19133177,1.2676189,-0.16362847,-0.21382841,-0.605059,-0.26048553,4.981883,-0.7014066,0.050132047,0.21474107,1.8506598,-0.98065245,-0.4287151,0.31042627,-0.51800036,0.1876441,-0.3709618,-0.0048559094,-0.62122846,-0.21567056,0.8188833,-1.1941707,0.21411061,0.2265645,-0.5189537,0.28421763,0.11505972,0.9665917,-0.2819217,-0.8473831,-0.30657035,-0.13524516,-0.384955,0.26050752,-0.1754008,0.43346152,0.2407634,-0.021929827,0.067058,0.14540762,-0.014122637,0.30923802,-0.38944882,0.31317514,-0.2987312,0.5149472,0.23198788,0.03289536,-0.3176928,-0.3552498,-0.25429064,0.20927423,0.12792559,-0.0136919245,-0.17797095,0.039108515,0.10593563
37,-0.08350803,1.8829376,0.00028925223,-1.2180798,-0.06086403,0.38066334,0.10057847,-1.1689291,-1.7719166,0.97294325,1.4479575,-0.146916,-0.45904505,-1.4653124,-0.066003524,0.18335927,0.67818415,-0.4096369,1.189919,-1.88803,0.24605875,0.21235323,-0.35589612,-0.18826666,0.096171,-1.2413114,1.3181832,0.014496923,1.3769925,0.32607472,1.3119875,1.0308832,-0.06844677,-0.40751293,1.0092963,-0.50648755,-0.7014066,4.060956,0.5841611,-0.35535958,-0.1077939,0.74103445,-0.29025096,1.117146,-0.28572816,0.13753471,0.14160898,0.92254335,-0.23597804,-1.04707,-0.6781584,0.29876977,0.39719766,-0.28834867,0.48387074,-0.034266055,-0.35324946,0.097758025,0.9212383,-0.15112229,-0.093194366,0.4367801,-0.092681974,0.19472358,-0.24892579,0.43334317,-0.091050364,0.24151382,-0.21572903,0.80177474,-0.07120332,0.21519074,0.030963544,-0.5388953,0.022359334,-0.025995634,-0.31846946,-0.24396384,0.2681957,-0.11332221,0.16366813,-0.014359871,-0.3053129,-0.14351618,-0.4280547,-0.35078853,0.0389519
38,-0.2572539,0.6243823,-0.15448067,3.2236023,0.7138949,-2.0605612,-2.3525157,1.5236974,-0.9310839,4.416394,1.6383275,0.39475042,-0.96630883,1.0517954,0.44103044,1.0785542,-1.9800267,0.29825488,-1.5208133,-0.58367765,-0.28762954,0.13671485,-1.8331063,-1.2794273,-0.184636,0.43928957,0.09983758,0.6597964,0.4232815,0.76798624,-0.6004237,0.3803177,-0.38535947,0.16809118,1.0014403,0.8942314,0.050132047,0.5841611,5.917037,1.1253467,0.44634533,-0.036601305,-0.12949961,0.25740045,0.49347824,-0.25826973,-0.4269871,-0.6504555,0.36490276,0.32260218,0.9237497,-0.83717537,0.019699395,-0.95536864,0.09084785,-0.33418703,-0.27227485,0.048675716,0.112533055,-0.2636151,0.17079523,0.24127051,0.10929112,-0.02975412,0.425283,-0.26894557,-0.37728968,-0.11432868,-0.3333705,0.3797025,0.025559945,-0.12702486,1.028919,-0.22065654,0.045524307,-0.32222164,0.036933124,0.32148427,-0.0064744176,0.103190824,0.44228646,0.07056688,-0.22455364,-0.2364575,0.24175559,-0.35708857,0.3903761
39,5.0633836,3.272289,-2.5841393,-1.0269924,2.441608,-0.08301915,-1.0643287,1.6376376,-1.483884,-1.8891252,0.7464,1.1632781,0.11367367,0.59130657,1.9208491,1.0740921,0.73363006,-0.86197007,0.7151795,0.015117988,-1.8415776,-1.7102969,-1.5014071,-2.4085145,0.6298239,-0.03062084,0.5241438,0.15974987,-0.735641,0.6789713,0.84801763,0.23193967,0.5093523,0.6796111,-0.3584172,0.34993106,0.21474107,-0.35535958,1.1253467,5.057395,0.078138664,0.8635026,0.73697513,0.3179633,-0.43058357,1.3769855,-0.10352953,-0.059284963,-0.36317024,-0.36302328,0.3148421,-0.36680275,0.15092534,0.42327404,0.118046224,0.5313605,0.6693429,0.15760034,-0.28486097,-0.12874877,-0.009203225,-0.8081434,-0.27673346,-0.32725415,-0.20001253,0.08373158,0.62806386,-0.14982656,-0.40760654,-0.25051773,-0.013087124,-0.17143324,0.08906481,-0.41494185,0.05838085,-0.14877,0.18711942,-0.03120602,0.20297185,-0.061301332,-0.11165841,-0.046612907,0.22688673,0.009419924,0.422728,0.10532695,-0.0062385243
40,0.605675,-1.2325678,1.1944647,-1.5400524,-1.9689667,3.281318,-0.8981252,0.73651826,1.1139276,-0.10533379,-0.107359104,-1.9060583,-1.5834935,-0.13382667,0.38587493,-1.3741627,0.3901711,0.18921816,0.9486275,-0.13586673,-1.3976114,-0.10660738,0.21828696,0.06297968,-0.8512118,0.1960955,1.2716442,0.77913785,-0.47332048,-1.1010666,0.3123752,-0.25745118,-0.40639204,-0.040002137,0.3665555,-0.67586404,1.8506598,-0.1077939,0.44634533,0.078138664,3.9240658,0.24719945,-0.13207515,0.37080854,0.19273561,-0.20734587,0.6937841,-0.42319477,-0.25463536,-0.18611994,0.2622637,0.22527957,-0.08851559,0.031643555,-0.07140767,0.3597917,0.19360463,0.16100764,-1.3879344,-0.7889784,-0.6512939,0.18546443,0.027957115,-0.03402505,0.2322276,0.50303864,-0.3773404,-0.5414082,0.3403995,0.7466047,0.38844514,-0.012936213,0.21061265,-0.16921774,0.09102698,0.19767967,0.33723217,0.25831518,-0.24510041,-0.16272783,0.22542119,-0.21323553,0.04794958,-0.28345332,0.19702938,0.101113886,0.19087455
