,0,1,2,3,4,5,6,7,8,9,10,11,12,13,14,15,16,17,18,19,20,21,22,23,24,25,26,27,28,29,30,31,32,33,34,35,36,37,38,39,40,41,42,43,44,45,46,47,48,49,50,51,52,53,54,55,56,57,58,59,60,61,62,63,64,65,66,67,68,69,70,71,72,73,74,75,76,77,78,79,80,81,82,83,84,85,86,87,88,89,90,91,92,93,94,95,96,97,98,99,100,101,102
0,6.341561,16.51891,12.689732,4.9330125,-3.1456394,-3.1350245,0.7346501,1.7943063,0.8274152,-1.0859797,-2.9692988,2.2403944,0.32365757,-0.34992215,1.3568435,2.0084946,0.6131604,0.78971374,2.1180954,-0.0645394,0.76417005,0.2877365,-0.29603672,-0.020091165,-0.15660223,-0.89525867,0.22301039,-0.0966669,0.5316192,0.27455384,-0.44515413,0.14696689,-0.44099328,0.25501773,0.5431264,-0.29372475,-0.2218292,0.094281465,-0.010609349,-0.25714982,-0.84059787,-0.35435045,-0.16545662,0.51668966,-0.18259889,-0.49140012,0.64478564,0.5135695,-0.048870817,0.44604462,0.022281878,-0.26648432,0.09584702,0.058849663,0.7999041,-0.018772904,-0.2742748,-0.22771479,0.63416857,-0.24122266,0.10191938,-0.012153044,-0.18683556,0.027250756,-0.37480265,-0.091461904,0.102934524,-0.1747595,-0.21827628,0.00648443,0.055552803,0.036222063,0.23443735,-0.51238984,0.22458658,-0.1085316,-0.031925812,0.14606452,-0.15196422,0.10826421,-0.07673045,-0.04963734,0.13123295,0.11929442,-0.038548607,-0.14675501,0.07908957,0.008132808,0.02290105,0.09522587,-0.23692662,0.0122826155,-0.1074978,-0.02670911,0.012212425,-0.13552175,-0.00399033,-0.17841142,-0.21373804,0.007422038,0.11965947,-0.20942003,-0.17807543
1,16.51891,80.38299,18.858631,2.4532084,10.290922,-10.005136,5.4863853,7.165533,-3.4602737,3.8705134,-4.4842625,0.7544005,2.84991,-5.3697004,-0.23898743,4.5255246,-1.7047586,2.3487854,6.5136485,1.007735,4.564967,2.0711267,-2.9947934,0.64121747,-0.31740546,-0.41878468,3.398303,0.74131763,-0.14462385,-1.4288404,-2.409387,3.4531617,-2.0092332,1.5023751,2.434381,0.827059,-0.21252036,0.8195777,0.8865584,0.6142162,-2.8125343,-0.93186975,-0.33261538,2.0113516,-0.458147,-3.4360738,1.455301,0.706122,0.39204186,1.0201322,0.69169563,-0.53441346,2.2101974,0.7218009,2.054899,0.71057165,-2.069652,0.2822852,1.2262483,-0.2977962,0.3093778,-1.2562399,-1.7839487,-0.14460963,-1.0177879,-0.8385768,0.43783855,-0.48998588,-0.3765198,-0.11585277,-0.4783656,-0.59302896,-0.046646547,-1.0516322,0.12980816,-0.7695637,0.6848922,0.73502016,-0.41009223,-0.058973238,0.71194875,0.2217924,0.4930743,0.8967356,-0.5646856,-0.41310567,0.013671101,0.23140146,0.43687236,0.28249133,-0.8012604,-0.38154608,-0.1800555,-0.40578532,0.3038851,-0.47326773,-0.15958413,-0.8187905,-0.85537577,0.14091691,0.3555613,-0.6968626,-0.29067078
2,12.689732,18.858631,47.718933,4.5298424,-13.680822,1.3584931,1.679879,0.18794844,5.0266027,-6.464651,-4.9317327,-0.24474767,1.1729153,-0.37625042,5.1382074,10.207325,3.2307773,0.49550068,0.8979536,2.074124,1.01876,0.99280363,-0.75967574,-4.408527,0.39509976,-1.0452163,-1.0020635,0.009172789,1.9296331,1.2859764,0.0018974016,-1.0077555,-0.6132276,-0.18616301,0.016467854,-1.9674366,-0.6735047,-0.2858783,-0.8543256,-0.39508075,-1.051328,0.6728802,-0.65866464,-0.31895724,-1.2975578,-0.9037425,1.6545736,1.1411572,-1.4060584,0.21823795,-0.5352732,-0.13348132,-0.11644263,0.34855723,2.096242,0.02948071,0.10070929,-0.22169974,1.6510439,-0.7915859,0.47064906,1.002785,0.66139555,0.59566057,-0.75054854,0.49621782,-0.2829423,0.21656826,-0.16639331,-0.07737878,0.032176107,0.12781326,0.3174577,-1.3227292,0.59926987,0.3004775,-0.24442653,0.19390851,-0.27423796,0.61340165,-0.074000955,0.0071845865,0.20884544,0.19708617,0.006188756,-0.64254653,-0.054876797,-0.12874156,0.022371616,0.113247305,-0.4935929,-0.38073975,-0.28910902,0.1440098,0.28743297,-0.3585857,0.45030558,-0.27080333,-0.49580753,-0.25988764,0.40528926,-0.26233232,-0.27330878
3,4.9330125,2.4532084,4.5298424,45.52796,-6.233882,-1.0701587,0.63253367,7.8845525,8.477409,-4.16463,-6.261428,3.074719,-3.2030246,2.9037166,1.022605,-1.0878122,1.9603565,-2.0896473,-0.5506525,-3.725998,-0.6308216,-1.2090557,0.41880208,3.8125975,4.2369413,-5.0315247,-0.29483992,-1.8568676,-0.120882004,0.64171946,0.7203251,-1.1413317,-3.3786178,-1.5964081,0.5606704,0.10396272,1.4783323,-0.26965243,1.01291,-0.714173,-0.6744481,-1.2843008,0.79501164,1.0586817,1.072341,0.970978,0.13838708,0.82680225,0.45026636,0.59584,-0.50766623,-0.7858095,0.42018673,-1.0974602,0.13668402,0.07640904,0.47711772,-0.30298936,-0.67714757,-0.6502153,0.5274358,0.09068322,-0.78663355,-1.5974241,-0.36982197,0.18391159,0.29154927,-0.098245084,-0.13740921,-0.5384826,0.0023181187,-0.14234766,0.2370395,-0.11891558,0.6720412,-0.69025886,-0.189209,-0.18188295,0.20791411,0.5349771,-0.024058957,-0.062436506,0.28777885,0.369965,0.6964077,-0.12371861,0.1769349,-0.35935137,0.34819552,-0.020800773,-0.15501189,0.53923297,-0.04197061,-0.21759596,0.018850056,-0.08176379,0.32039303,0.48184234,0.15634273,-0.09807499,0.019926395,0.0305361,-0.033944495
4,-3.1456394,10.290922,-13.680822,-6.233882,20.365871,-1.1766593,2.593422,1.8889947,0.25156185,2.7513216,4.9565578,-2.9476166,-3.2060661,-1.9736218,-2.4918385,-0.92106223,-0.43775356,-0.74745524,-0.72362345,0.029957913,1.1453123,1.2023435,-0.96140635,-0.555971,-0.3581568,2.2162654,2.7333312,1.160454,-1.1077628,-2.3727942,-0.5705956,1.9580007,0.34860578,0.55514693,-0.2637664,1.2425256,0.20222892,-0.7214532,1.2060299,0.17078587,-0.5753757,0.08312128,0.2757785,0.62651443,0.3739648,-0.1398511,-0.4590183,-0.11833306,0.4810279,0.4041106,0.6214668,0.34963742,1.1151419,-0.87271726,-0.9742365,0.6198484,0.09909329,0.9200791,-1.0374994,0.23105997,-0.44249305,-0.24499786,0.10954727,-0.105614945,0.13262738,-0.8731278,0.17751956,0.11691643,0.29008463,0.52347666,-0.50787836,-0.046733037,-0.5995629,-0.014246867,-0.47089797,0.24905506,-0.25104666,0.019560333,0.10031068,0.21968701,0.3921616,0.23383519,-0.058993075,0.13414633,0.08747855,0.019123502,-0.25218123,0.5424397,0.16205826,0.2548882,-0.23177136,0.05154165,-0.024202755,-0.33903927,0.08827569,0.0921386,0.07858535,0.01495817,-0.22159933,-0.044600196,0.0116475485,-0.3412516,0.16603434
5,-3.1350245,-10.005136,1.3584931,-1.0701587,-1.1766593,14.798132,3.2540245,-4.0687714,-0.5721481,0.017792478,4.035205,-2.55157,0.66818714,-0.28829694,-0.5255998,0.98771334,-0.04882679,1.9553889,-3.6302633,3.749342,1.3086596,-0.33913583,1.4952973,-0.03232396,1.1230376,1.2381546,-0.37924427,-0.06931351,0.32412937,0.12864509,0.7037821,0.19847965,-0.96585107,-0.79245293,0.85791606,0.34869295,-0.2969154,0.5376409,-1.2430686,0.60322165,0.46133476,0.25144738,-0.3453019,-0.43351293,-0.06295329,-0.8063346,-0.12661314,0.17976579,-0.47435644,-0.32620376,-1.3578928,-0.172543,0.3105322,0.05567258,-0.5016265,0.32264268,0.055077337,0.3071577,-0.15238464,-0.09748404,0.40980476,0.23174049,0.6623701,-0.6676849,-0.21706256,0.09058672,0.21139826,0.35336995,0.36703897,-0.1344503,-0.28348467,-0.0654837,-0.36703593,0.18229422,-0.11001052,-0.1190605,-0.019216374,-0.07958515,0.17564145,-0.16278887,-0.024122627,0.28697324,-0.101502955,-0.0053964145,-0.15223347,-0.52173984,-0.230952,0.2361538,0.3455804,-0.28444543,-0.4774878,0.09234856,0.25047928,0.21764593,0.1346229,-0.036663823,0.29278904,0.272816,-0.031253926,-0.23668411,0.04208442,0.41954568,0.2994439
6,0.7346501,5.4863853,1.679879,0.63253367,2.593422,3.2540245,22.916706,1.221945,-1.3876286,5.1200724,2.8305492,0.40595856,2.702272,-2.9586434,-2.3938854,0.5675378,-2.1233125,0.17215043,-2.0557985,1.0985696,0.0844121,-1.7932657,0.53184986,-0.40734076,-1.037699,0.86557436,-1.2211446,-0.16014805,1.7330683,2.3081856,-1.1152275,2.169372,0.46639627,-0.22241801,0.6264969,-0.8642129,0.9914025,-0.72612506,-0.7634881,-0.62104255,-0.3058287,-0.82994366,0.092872165,0.918578,-0.70742124,0.5780436,0.2553947,-0.86823374,0.7153983,-0.25481936,-0.16573241,0.67753685,-0.29085505,-0.048487913,-0.119982325,-0.21364942,0.8347585,0.26584452,1.0078242,0.180904,-0.25978443,0.59290886,0.005449784,-0.6741555,-0.6623889,-0.07756274,0.23180589,0.65071064,-0.9421933,0.49915922,-0.20979543,-0.24281055,-0.35097307,-0.64651155,0.040264174,-0.4619391,-0.42991835,0.36487874,0.19912681,0.116163686,-0.22670561,0.4647706,-0.27839988,-0.07660745,0.7031746,-0.26514995,-0.080759555,-0.020852765,0.005429808,0.09688969,-0.51957524,-0.11134746,-0.2318489,-0.50451684,0.38479608,0.0160723,-0.25998625,-0.06836996,0.15731212,0.036071844,-0.30340034,0.35968497,0.0023406819
7,1.7943063,7.165533,0.18794844,7.8845525,1.8889947,-4.0687714,1.221945,7.480504,0.501835,-1.3015492,-1.5061574,-0.00052208814,-0.32484972,1.1160011,2.0891852,-0.73406744,0.34868175,-2.367259,1.6211315,-1.4192309,0.16683073,-0.95746565,-0.43292886,1.2425628,1.2173319,-0.7854854,0.1273962,0.014579302,-0.45461455,0.28091958,0.05800981,-0.07276138,0.01048404,-0.6686816,0.074490786,-0.67279315,-0.38474458,-0.21255144,0.78989697,0.2106905,-0.5748086,0.23881344,0.44522858,0.22751844,-0.50224215,0.12921995,-0.5477716,0.3610172,0.72779346,0.03413885,0.09360494,-0.056186337,0.24963823,-0.67102635,-0.57780784,0.38429943,0.3095044,-0.050474763,0.24977127,0.12286606,-0.7146859,0.16104895,-0.16075651,-0.12607375,-0.14680469,-0.25964424,-0.10978271,-0.34329578,-0.18103647,0.033952795,-0.35879636,-0.3334603,0.06263848,-0.37922108,-0.053779062,-0.21331316,0.2536862,0.1329538,-0.08008432,0.3093812,0.12761518,-0.03229374,0.071907595,0.33626816,0.10598832,-0.0369876,0.10880493,-0.13449119,-0.037311275,0.041040704,-0.02815247,0.03144079,-0.48804754,-0.03802514,0.14830397,-0.042034045,-0.20323296,-0.007777375,-0.09537136,0.18125676,-0.05845225,-0.115345135,-0.16504925
8,0.8274152,-3.4602737,5.0266027,8.477409,0.25156185,-0.5721481,-1.3876286,0.501835,14.597664,0.4766472,0.28345105,0.023696776,-1.2726036,-0.16279984,0.28280675,-1.6103121,-0.4355163,-1.1571858,-0.05044569,1.9865675,0.50890684,0.40856522,0.7371501,-0.65440094,0.28186357,-0.41399956,0.72096777,-1.3717252,-0.7448168,-0.5171965,0.40173304,-0.021843854,-0.35286283,-0.71701145,-1.2170289,-0.39924562,0.7665252,-1.1136031,0.5476577,-0.3521294,0.5606357,-0.3281284,-0.5718816,0.19303238,-0.41793525,0.5203432,-0.20549591,0.7078748,-0.4660534,-0.057755575,0.3252019,-0.036211096,0.81052804,-0.45857543,0.3360651,-0.33359182,1.0364767,-0.20073786,-0.45366216,-0.32675678,0.27688026,-0.20212084,0.081022665,-0.50115097,-0.13310516,0.032549202,-0.1720253,0.1998769,0.014857949,0.14233673,0.41864252,-0.20199037,-0.11559057,0.10767706,0.4841969,0.26521105,-0.18576512,-0.29793492,0.3083392,0.24678904,-0.12999374,-0.10394563,0.03597209,-0.08537695,0.29715794,0.06374654,-0.057138413,-0.19222888,-0.12462422,0.11448909,-0.019913614,0.08585279,0.3618672,0.02454377,0.17071873,0.2500222,0.23689757,0.060878463,-0.41095522,-0.15312146,0.1377584,-0.06319003,0.088998035
9,-1.0859797,3.8705134,-6.464651,-4.16463,2.7513216,0.017792478,5.1200724,-1.3015492,0.4766472,13.138575,2.1843202,-0.44187504,1.114573,-0.6914773,0.97335875,0.039655622,-1.5928082,-1.4402282,-0.0057620816,0.7565936,-0.35752422,0.5555573,0.4930721,1.6001925,-1.6260821,0.09628939,-0.28371653,-1.9662879,-1.0515995,1.1606476,-0.53932345,1.4477382,-0.25939286,1.4317498,0.032485597,1.4788527,0.32696778,-0.8282743,-0.47077093,-0.17492673,-0.069838844,0.5018163,0.25146762,-0.10829298,-0.13256979,0.34516934,0.021024618,-0.31179678,0.5186464,0.5785059,0.64970005,-0.2939338,-0.24171397,0.096336044,-0.51234305,0.16087133,0.122771695,-0.4000618,-0.364492,0.31081873,0.45552334,-0.5143647,-0.08443884,-0.34117416,-0.03240124,0.47743696,-0.50051016,0.108748175,-0.43808347,-0.084100485,-0.06442638,-0.40514553,-0.43022117,0.018365268,-0.017374258,0.17804083,-0.4709753,0.3471058,0.2595262,-0.2624333,0.01805105,0.22630872,-0.17776917,-0.1199878,-0.010285066,-0.17808713,-0.16905652,-0.015108358,-0.0737682,0.46009314,-0.01760022,-0.12507072,0.3529583,-0.27773666,0.25282747,-0.01695865,0.123065636,-0.28863293,-0.063952364,-0.1758022,-0.14225018,0.22958125,0.05640075
10,-2.9692988,-4.4842625,-4.9317327,-6.261428,4.9565578,4.035205,2.8305492,-1.5061574,0.28345105,2.1843202,11.612792,1.8955724,0.07958025,-0.14942,-0.18823805,-3.2629538,0.75138664,-0.050760277,-1.2928268,0.9615767,-0.11290765,-0.024140287,0.5396496,-0.40554532,-0.5264069,1.4271061,0.79706085,-0.7492192,-0.6315105,-0.9376935,0.5094599,0.75928617,0.009859649,0.23216671,-0.462103,-0.13878629,-0.6152174,-0.6102913,-0.37136364,0.28912312,0.055514358,0.82383657,0.3136219,-0.04143051,-0.5402392,-0.4902689,-0.5853917,-0.09056495,0.07629143,-0.6050942,0.11888167,0.49076647,-0.1522394,0.1346977,-0.8226328,0.8404614,0.08927858,0.6390374,0.016030598,-0.19017522,0.5055466,0.22696954,0.025181301,-0.07545478,-0.43262446,0.0322149,0.2676583,-0.0112950355,-0.10367368,0.16319376,-0.14687064,-0.14946014,-0.36128864,0.0013044487,-0.34543413,0.16349897,-0.1706071,-0.30498183,-0.2301561,0.09307204,-0.15439296,-0.16284698,0.12897997,0.29514077,0.1288351,0.16308057,-0.43833017,-0.19598265,-0.19022778,0.001267984,-0.32309288,0.26791513,0.20322663,0.13605168,-0.29880273,0.048530303,0.16562243,0.057991907,-0.30333945,-0.062345155,-0.06860192,0.15213878,-0.13812923
11,2.2403944,0.7544005,-0.24474767,3.074719,-2.9476166,-2.55157,0.40595856,-0.00052208814,0.023696776,-0.44187504,1.8955724,11.44246,-0.70205736,0.38236675,0.4258716,-1.9431789,0.16579962,0.7175374,2.4068284,-0.68828535,0.4145614,0.11881763,-1.0228288,1.3919244,-0.8312757,-0.39320308,-0.27820677,0.16666567,-0.15407193,-0.51901937,-0.7255434,-0.36630127,0.3766117,0.1919693,0.2300143,-0.953567,-0.8503841,-0.22576244,-0.55736506,-0.3256125,-1.0768033,-0.10084008,0.27862352,0.8157056,-0.25552285,0.117788166,-0.70642644,0.17384276,-0.09002958,-0.075838484,0.09814248,-0.30715692,-0.40872562,-0.39853972,0.10282089,-0.20376045,0.2520544,-1.0616183,0.5558342,-0.53811944,0.12530687,-0.13866434,0.077140525,-0.115897834,-0.01329693,-0.005464646,0.74973285,0.001063122,-0.35319465,-0.020528536,0.40314525,0.31988204,0.106574714,-0.21336399,0.22832857,-0.13336611,-0.4439028,-0.027513264,0.07413086,-0.18557864,-0.29975918,-0.3416686,-0.06017715,-0.10780685,0.122846514,0.329818,0.08511485,-0.086848766,-0.008794747,0.016379602,-0.28869286,0.4329646,0.067587405,0.043016583,-0.22290173,-0.11443989,-0.030164607,0.16780198,-0.036806174,-0.06721991,-0.37616932,0.031432368,-0.18131614
12,0.32365757,2.84991,1.1729153,-3.2030246,-3.2060661,0.66818714,2.702272,-0.32484972,-1.2726036,1.114573,0.07958025,-0.70205736,6.9233212,-1.8927095,-0.017157746,1.840632,0.08115737,-0.16828008,1.0674839,-0.33512095,-0.046548005,-0.53561205,1.4115341,0.51571536,0.19834971,-0.041586623,-0.13787577,-0.812765,-0.8560711,-0.3819365,-0.8192065,-0.14808992,0.030246858,0.07032317,-0.38010374,0.20695513,-0.5015354,0.2285232,-0.9083698,-0.6353035,0.2107763,-0.9046683,-0.31820214,0.07837978,-0.7446456,-0.017738495,0.046636328,-0.085513346,-0.13517444,-0.65004957,-0.26401928,0.2719803,-0.19412798,0.61469567,0.28226218,-0.08316142,-0.42702562,0.22543663,0.24832007,0.031679377,-0.009194383,-0.32364833,-0.38564652,0.35147512,-0.061248317,0.079793595,0.29648536,0.09661713,0.039270088,-0.23909348,-0.13792795,-0.11245404,-0.10723234,0.06441655,-0.19675234,-0.45734358,0.28777975,0.1489868,0.057005554,0.18766718,0.13464865,0.16797744,0.08349842,0.33362296,0.074178085,-0.0021252944,0.10018355,-0.6369555,-0.04337632,-0.03849428,-0.13104457,-0.15677539,0.10303885,-0.13371596,0.2478681,0.11648553,-0.23504141,-0.09476941,-0.056608588,0.056616955,-0.031034008,0.24083573,-0.03284107
13,-0.34992215,-5.3697004,-0.37625042,2.9037166,-1.9736218,-0.28829694,-2.9586434,1.1160011,-0.16279984,-0.6914773,-0.14942,0.38236675,-1.8927095,7.0708427,0.5571232,-0.09452289,0.26559842,0.4946006,0.4048552,-1.3620305,0.062812075,-0.03875707,-0.42492205,0.31089965,-0.10151996,-0.92616105,-0.52413875,-0.80138814,-0.021979995,0.7019689,-0.29592118,-0.4356859,1.7265657,-1.0085692,1.0917567,0.9110453,-0.26982853,-0.45752376,0.21410409,-0.02933192,0.43986708,0.7095934,0.056822438,0.25939357,-0.21088621,0.3730582,0.009694445,0.6839888,0.270648,-0.22093764,-0.27755183,-0.21510983,-0.31111738,-0.38528514,-0.38769796,-0.32358158,0.33216614,-0.009441705,-0.14899662,0.25869533,-0.07851347,0.20018137,0.119864136,0.09358679,-0.08311705,-0.13772394,-0.03139782,-0.17437859,0.024124892,0.0024760752,0.010323776,0.19197892,-0.20489658,-0.09001267,-0.17337322,0.03276013,0.008159541,0.16347338,-0.21330678,-0.21377963,-0.08882646,-0.07586375,-0.059295278,0.20973891,-0.066238806,0.016389415,-0.21210098,0.10298255,0.1701788,0.017468989,0.14458507,0.25818402,0.00079036586,0.5211129,0.3177938,-0.1882461,0.11353332,-0.01947422,0.13015938,-0.07825968,0.1332497,-0.07818737,-0.06131406
14,1.3568435,-0.23898743,5.1382074,1.022605,-2.4918385,-0.5255998,-2.3938854,2.0891852,0.28280675,0.97335875,-0.18823805,0.4258716,-0.017157746,0.5571232,6.273732,0.87783146,0.72255385,-1.2199242,1.3620511,0.14122394,0.6419546,-0.47934005,0.46358007,0.55639297,0.4467271,-0.048617713,-0.12814954,-0.688961,-0.6666719,0.8781407,0.010639588,-0.9041671,-0.13016748,-0.19172522,-0.4190426,0.2588719,-1.1128222,-0.33927906,0.02374848,0.08706052,-0.23924696,0.72761875,-0.025222683,-0.46950942,-0.32707524,0.14919946,0.020892303,0.28311825,-0.2578448,0.3979123,-0.12923706,-0.34254426,-0.25205234,-0.27457926,-0.101153016,0.04777306,0.20791209,-0.010625491,0.14487025,-0.17061952,0.026467644,0.1106479,0.1535066,-0.13820021,-0.15356928,0.16339222,-0.41908008,-0.19468221,-0.06615807,-0.122862026,-0.31904835,-0.3076656,0.083029136,0.05814551,-0.05345317,0.04791107,0.2181764,0.10456203,0.092329234,0.48573485,0.041855775,-0.022138456,0.12646931,-0.05276704,-0.15263787,-0.025678623,0.072723985,-0.059760325,-0.29036948,0.12868145,0.12677577,0.10963604,-0.15001756,-0.015783101,-0.018180346,-0.05160368,0.045154847,-0.20086928,-0.30410758,-0.05808872,0.013797374,-0.101185635,-0.18245366
15,2.0084946,4.5255246,10.207325,-1.0878122,-0.92106223,0.98771334,0.5675378,-0.73406744,-1.6103121,0.039655622,-3.2629538,-1.9431789,1.840632,-0.09452289,0.87783146,9.237374,1.1390574,-0.43499458,-0.04380348,-0.5303215,0.30857956,0.6184221,0.0732355,-0.6176841,0.3850541,-0.17291534,-1.0045295,-0.7416985,-0.6571776,-0.23496331,-0.44727927,-0.38819164,0.2963296,0.65383637,0.17779502,0.065930806,-0.48681983,-0.66675496,-0.31439185,-0.3847185,-0.31960046,0.14674765,0.3345909,-0.20853114,-0.08388865,-0.18273667,0.7648852,-0.34694695,-0.39402795,0.10270126,-0.2010476,0.16162044,0.20116422,-0.31065995,0.47089598,-0.017818596,0.014650364,0.061989717,-0.4370572,-0.17835891,-0.025659021,-0.14537866,0.44015467,0.44677398,0.31467032,-0.03909872,-0.09768815,0.33611467,0.19047469,0.04415953,-0.09397073,0.2794209,0.034841,-0.38789964,-0.09847894,-0.12408213,-0.2643789,0.22501206,-0.015513353,0.10030654,0.34475118,0.4086504,0.19487628,0.092197105,0.05012974,-0.24113217,-0.094699204,-0.094208986,0.06707406,0.081964016,-0.043975234,-0.25533438,-0.04552846,-0.0605815,0.41266948,-0.37666237,0.24015832,0.018871337,0.11995834,-0.2927948,0.08564496,0.093021005,-0.019793589
16,0.6131604,-1.7047586,3.2307773,1.9603565,-0.43775356,-0.04882679,-2.1233125,0.34868175,-0.4355163,-1.5928082,0.75138664,0.16579962,0.08115737,0.26559842,0.72255385,1.1390574,7.678412,0.6693213,1.1683725,0.55211234,-1.6404444,0.74378514,-0.1952525,0.48239833,0.006063725,-0.47622186,0.060071483,0.7164232,0.36097264,-0.8361114,0.01308944,0.75446,-0.61510694,0.07959728,-0.3913381,-0.35549784,-0.16794915,0.044467542,-0.19421771,-0.7141847,0.54435253,-0.35846114,0.28829002,-0.42069066,0.05783671,0.13106076,-0.49101827,-0.025477154,0.33014566,0.10285146,-0.22219236,0.3494062,-0.2361793,-0.39550018,-0.26629472,0.4238353,-0.42050275,0.35046604,-0.22198516,-0.17472072,-0.24674627,0.15425104,0.04565467,0.38991755,-0.042737804,0.12537508,-0.33835495,-0.39289242,0.35337284,0.03053725,0.044414144,-0.2687845,0.013094246,0.14866592,-0.03897113,0.10127546,-0.73166454,0.009187192,-0.2958141,0.17134368,-0.10491978,0.34550065,0.3103432,0.0475623,-0.07306485,-0.018412255,-0.15246779,-0.04010151,0.020483037,-0.035976153,0.10244567,0.007317736,0.13270985,0.20173243,0.18546855,-0.058263093,0.008016946,-0.037648194,0.07610126,0.18422261,0.1792588,-0.17067917,-0.21226037
17,0.78971374,2.3487854,0.49550068,-2.0896473,-0.74745524,1.9553889,0.17215043,-2.367259,-1.1571858,-1.4402282,-0.050760277,0.7175374,-0.16828008,0.4946006,-1.2199242,-0.43499458,0.6693213,5.798951,1.0919468,0.78583753,-0.24937469,-0.39844432,0.11481132,0.08038767,-0.39258298,-0.43501526,-0.3271546,0.7093712,0.79715985,-0.11066115,0.24461448,-0.06949976,-0.04427349,0.37550715,0.55505353,0.62375367,-0.47080028,0.4591664,0.1552689,0.2686237,0.50111604,-0.3010749,0.14483285,0.19440916,0.021178681,-0.50697035,0.5592414,-0.0051543373,0.51484144,0.29934376,-0.47535047,-0.111578226,-0.49718332,0.3574475,0.36715493,-0.2715605,0.088682234,0.46927404,0.13874704,0.008178659,-0.050038762,-0.11226405,-0.06482311,-0.3152644,0.12134277,-0.42759925,0.37082565,-0.12650952,0.07842435,0.07014259,0.4752941,-0.033362642,0.15634298,0.12954865,-0.20959117,-0.12797084,-0.037249513,0.12683341,-0.17897367,-0.17837429,-0.26042286,0.15132976,0.14512008,-0.16743582,-0.18176799,0.014290537,-0.14183198,0.41365367,0.04199048,-0.061334834,-0.08272557,0.04849915,0.5730854,0.07583612,0.032498084,0.085708216,-0.0035641994,-0.06308521,-0.04231894,0.14023128,0.26038575,-0.069274336,0.13623957
18,2.1180954,6.5136485,0.8979536,-0.5506525,-0.72362345,-3.6302633,-2.0557985,1.6211315,-0.05044569,-0.0057620816,-1.2928268,2.4068284,1.0674839,0.4048552,1.3620511,-0.04380348,1.1683725,1.0919468,5.7326794,-0.12321676,0.3894008,0.27457914,-0.42935973,0.8615328,-0.933285,-0.6739173,-0.12771823,0.3648309,-0.16077645,-0.46192068,-0.5696588,-0.46570253,0.50314546,0.5280514,-1.1170355,0.3471033,-0.74476326,0.033843357,-0.3657434,-0.14727956,-0.077501565,-0.32551295,-0.1684312,0.19080406,0.16586334,0.02001855,-0.21878186,0.23817003,0.26913038,0.016710456,0.24450575,-0.3080757,-0.2632076,-0.10736084,0.2905021,-0.06598322,0.286268,-0.21748132,0.2633707,0.30256006,-0.19283776,-0.22365493,-0.307738,0.38411576,0.27293277,-0.18814144,-0.03913466,-0.26316315,0.16435674,-0.070072085,0.0119582,-0.2105864,-0.054312892,-0.091219425,-0.113864064,-0.12125063,0.013904121,0.026494911,-0.15815574,-0.22513859,-0.02172395,-0.009871767,0.12163325,-0.18756226,-0.017076522,-0.0074573895,-0.17329061,0.08641924,-0.046600647,0.04955066,0.21000338,0.18595931,-0.09257766,0.04657396,0.10583253,-0.04689063,-0.3695845,-0.15713903,-0.17274785,-0.012812064,0.015650019,-0.0830016,-0.18217538
19,-0.0645394,1.007735,2.074124,-3.725998,0.029957913,3.749342,1.0985696,-1.4192309,1.9865675,0.7565936,0.9615767,-0.68828535,-0.33512095,-1.3620305,0.14122394,-0.5303215,0.55211234,0.78583753,-0.12321676,4.886412,0.6745248,0.19222297,0.9756746,0.10721643,-0.2976626,0.44100496,0.39836556,0.41492704,0.5702779,0.07496403,0.5523287,0.8345947,-0.039437443,-0.72033834,-0.013257616,-0.7632979,0.2700187,0.2191361,-0.51145256,-0.1274921,0.55957866,0.28281206,-0.8084148,-0.2624827,-0.30026364,-0.4189241,-0.35054243,-0.1526435,-0.24666601,-0.12678982,-0.24921519,-0.030890245,0.5012636,0.07728277,0.020303056,-0.012279566,-0.10287849,-0.10105348,-0.017314542,-0.10243198,0.13645509,0.030884419,0.26527792,-0.14236063,-0.24794243,0.07313484,-0.05117043,0.00074643886,0.13574573,0.35409167,0.09841949,-0.20488183,-0.015138682,0.21996203,0.15589231,0.03269809,-0.040586863,-0.17321406,0.06410673,-0.24828705,-0.030010229,-0.014327407,0.051332362,-0.26893896,-0.07236679,-0.004163808,-0.09065223,0.24957597,0.07353233,-0.12832162,0.061411574,0.004091849,0.07578897,0.08661614,0.10029099,0.031469457,-0.06220857,-0.291426,-0.038247876,-0.024623524,0.01891068,0.004762304,0.06558131
20,0.76417005,4.564967,1.01876,-0.6308216,1.1453123,1.3086596,0.0844121,0.16683073,0.50890684,-0.35752422,-0.11290765,0.4145614,-0.046548005,0.062812075,0.6419546,0.30857956,-1.6404444,-0.24937469,0.3894008,0.6745248,4.25572,0.76085913,-0.14828922,-0.43307984,0.02409739,0.3815755,0.5371989,0.054466132,-0.8598311,-0.10915643,-0.6831983,-0.6055503,0.82598567,-0.57032734,-0.04167667,0.16453442,0.4228202,0.28219837,0.023272486,0.005564614,-0.5881101,-0.26664466,-0.49796826,0.34407282,-0.20844027,-0.687369,-0.1563639,0.3685954,-0.0093430765,0.079448044,-0.5761008,-0.3807277,0.64247787,0.059347697,0.12654406,-0.022869296,-0.32013738,0.17348301,0.045609675,-0.20481476,-0.07709038,-0.17527479,-0.0012606971,-0.2846166,0.08666629,-0.10233134,-0.27279884,0.15257347,-0.061495323,-0.16107352,-0.15296426,-0.010376357,-0.3155987,-0.02485938,0.037379943,0.018654156,0.18075939,-0.029261889,-0.08950346,-0.14549631,-0.001112967,0.12621483,-0.21331492,-0.053545725,-0.013578937,-0.0949717,0.04557345,0.089045584,-0.13178666,0.15483876,-0.15439817,0.038114056,-0.14437723,0.24180628,-0.13710588,0.07634398,0.11915594,0.026593905,-0.08472313,-0.061683733,0.0024923962,0.03570975,-0.1277391
21,0.2877365,2.0711267,0.99280363,-1.2090557,1.2023435,-0.33913583,-1.7932657,-0.95746565,0.40856522,0.5555573,-0.024140287,0.11881763,-0.53561205,-0.03875707,-0.47934005,0.6184221,0.74378514,-0.39844432,0.27457914,0.19222297,0.76085913,3.2404468,-0.7601651,-0.5112398,-0.8931142,-0.18497062,0.5111865,0.29487652,-0.42051405,-0.9296771,-0.38771784,-0.5218335,0.43822366,0.13784412,-0.41275445,0.13444975,0.63840425,0.3810984,-0.11074243,-0.08197271,0.06264442,-0.09364638,0.11510606,0.3298015,0.52228063,-0.58474714,-0.25949186,-0.18633783,0.3050502,-0.009031136,0.010053397,0.05137022,0.29153353,0.24244167,-0.22717318,0.05534651,-0.32650122,-0.3280219,-0.29223287,-0.11901334,0.18538377,-0.025628705,-0.10137102,-0.002202746,0.13944691,0.14467482,-0.0084397355,0.1021703,0.03634083,-0.02788892,0.111847274,0.15791401,-0.08055872,-0.03545916,0.015457017,-0.014413172,-0.06746974,-0.034303624,-0.019016821,-0.05043443,-0.05337911,-0.041190892,-0.02680267,-0.0050766245,0.06218057,-0.10112324,-0.055550434,0.011088058,0.022156596,0.22612694,-0.10119283,-0.09642343,0.025897697,0.16243756,-0.0028030472,-0.18002617,0.17334345,-0.15594292,-0.09457576,-0.039905027,0.052830406,0.065412246,-0.13858432
22,-0.29603672,-2.9947934,-0.75967574,0.41880208,-0.96140635,1.4952973,0.53184986,-0.43292886,0.7371501,0.4930721,0.5396496,-1.0228288,1.4115341,-0.42492205,0.46358007,0.0732355,-0.1952525,0.11481132,-0.42935973,0.9756746,-0.14828922,-0.7601651,4.291947,1.2556524,-0.431275,-0.9673526,0.301314,-0.2899677,0.06310263,0.11229193,0.4277635,-0.14693317,0.1224509,-0.5994817,0.17905542,0.34874585,-0.28998256,-0.24752706,-0.5724889,-0.53180254,0.6123145,-0.40126997,-0.45001364,0.11310853,0.20773855,0.08719165,0.49795932,-0.088229015,0.105576634,0.32548577,-0.14481,0.06522989,-0.028204523,0.09526037,-0.33642882,0.38123477,0.09230274,0.1216256,-0.13867597,0.24940065,0.13835403,0.18692558,0.16586153,0.040430147,-0.061370276,-0.079015195,0.26490274,-0.13782506,0.07525051,0.3887846,-0.021768069,0.21961725,0.23394811,0.010999175,-0.08728163,-0.0793875,0.027200513,-0.2993254,0.016957354,0.24879566,0.014966004,-0.07320485,-0.011119432,0.012546301,0.117081426,-0.15404782,0.229439,-0.1895043,0.017042791,-0.015893904,-0.20373523,0.05277516,-0.037504945,0.19448957,-0.12835318,0.29954612,-0.0998167,-0.06331183,-0.09621083,0.016642444,0.10961652,-0.009619108,-0.0421077
23,-0.020091165,0.64121747,-4.408527,3.8125975,-0.555971,-0.03232396,-0.40734076,1.2425628,-0.65440094,1.6001925,-0.40554532,1.3919244,0.51571536,0.31089965,0.55639297,-0.6176841,0.48239833,0.08038767,0.8615328,0.10721643,-0.43307984,-0.5112398,1.2556524,3.8160005,-0.18263665,-0.94059104,0.01143576,-0.63884676,-0.074406475,-0.3651525,-0.4258119,0.23664871,-0.40964282,-0.037967216,0.079243235,0.6009993,-0.40449932,-0.20514058,0.18774189,-0.16946429,0.20323712,-0.26001692,-0.09430928,-0.34152323,-0.037819933,-0.16282976,-0.07128645,0.21272361,0.18811068,-0.23833828,-0.19681671,-0.2643869,-0.2574608,-0.26628292,-0.23003176,0.32623017,-0.015964512,0.08863547,-0.12790069,-0.008069655,-0.17651421,-0.2532268,-0.16255581,-0.239586,0.0013894059,-0.06615411,0.12544242,-0.20207569,-0.09781969,0.11106394,0.07252097,-0.026974801,0.05064857,0.12106547,0.04814172,-0.14646038,-0.16962974,-0.05533454,0.0116519425,0.023044743,-0.062876865,0.06631142,0.09409107,-0.029117154,-0.023504525,0.12719135,0.040541172,-0.032864287,0.0104284985,0.014768999,-0.06959847,0.09943095,0.008849549,-0.040056583,-0.052145638,-0.055436037,-0.117050774,0.05798769,0.12100978,-0.060211822,-0.076609775,-0.04341851,-0.11238987
24,-0.15660223,-0.31740546,0.39509976,4.2369413,-0.3581568,1.1230376,-1.037699,1.2173319,0.28186357,-1.6260821,-0.5264069,-0.8312757,0.19834971,-0.10151996,0.4467271,0.3850541,0.006063725,-0.39258298,-0.933285,-0.2976626,0.02409739,-0.8931142,-0.431275,-0.18263665,2.9378843,-0.03236047,-0.34425497,-0.3913126,-0.61874187,-0.11730282,0.37113127,-0.14625189,-1.2462115,-0.19612144,-0.04009033,0.17034903,0.46056318,0.3512659,0.14353824,0.28224492,-0.12676981,0.19455546,0.032153957,0.052517522,-0.3306371,0.018053466,0.12255714,-0.0075505115,-0.15085304,-0.03273865,0.04720241,0.31888688,0.45416078,-0.3132975,-0.02393158,0.16203454,-0.2023173,0.048442505,-0.11849203,-0.35767207,-0.002689597,-0.12111968,0.074210316,-0.053994596,0.017684503,-0.11131084,0.07635844,-0.2365554,0.13318032,-0.3261934,-0.23638928,-0.072204664,-0.05832029,-0.078673005,-0.03751623,-0.16201931,0.19368806,0.029671442,-0.03512271,-0.023238383,0.14060265,0.015027937,0.20953467,0.096950114,-0.16928372,0.03622744,-0.03336426,0.013007693,-0.081019826,-0.17508563,-0.071294345,-0.124925345,-0.011091082,-0.11291224,0.016120497,0.08999853,-0.017345179,0.08826035,0.11417097,0.05031482,-0.085514724,0.037035942,0.101604015
25,-0.89525867,-0.41878468,-1.0452163,-5.0315247,2.2162654,1.2381546,0.86557436,-0.7854854,-0.41399956,0.09628939,1.4271061,-0.39320308,-0.041586623,-0.92616105,-0.048617713,-0.17291534,-0.47622186,-0.43501526,-0.6739173,0.44100496,0.3815755,-0.18497062,-0.9673526,-0.94059104,-0.03236047,4.393334,0.3513297,-0.21863142,-0.49080402,-0.3131178,-0.04167705,0.62771404,-0.15612775,0.6747799,-0.36741775,-0.5362548,-0.024353303,-0.061337277,0.20192869,0.19921714,-0.3002023,0.009764376,0.0069378926,-0.19884454,-0.053476345,-0.19538957,0.29025954,0.13450456,-0.30873084,-0.067235,0.2628734,-0.4156962,-0.017350344,-0.060520124,0.1271283,-0.3878008,0.16817951,0.005477054,-0.2795337,0.18494976,-0.12686667,-0.10347314,0.08559241,-0.060333468,-0.23086807,-0.18367007,-0.09931763,-0.020019762,0.20139924,0.1138073,-0.19261357,-0.048695214,-0.033960007,0.15041345,0.022348935,0.01314784,0.15391633,0.27829677,-0.08468108,0.19174628,-0.114383385,-0.037638664,0.029551756,-0.15423937,0.114350304,-0.23325866,0.028724194,0.0011079811,-0.11917926,-0.038762264,-0.06554572,0.10764092,-0.3125543,0.10855637,0.06802064,-0.10254663,-0.1566621,0.12704998,0.20268002,-0.13127378,-0.07742332,-0.033427894,0.04539802
26,0.22301039,3.398303,-1.0020635,-0.29483992,2.7333312,-0.37924427,-1.2211446,0.1273962,0.72096777,-0.28371653,0.79706085,-0.27820677,-0.13787577,-0.52413875,-0.12814954,-1.0045295,0.060071483,-0.3271546,-0.12771823,0.39836556,0.5371989,0.5111865,0.301314,0.01143576,-0.34425497,0.3513297,4.1948714,0.7300693,-0.21048474,-0.9382634,0.264809,0.22218674,-0.6048566,0.028844994,0.10030888,0.30110013,-0.3790573,0.061587993,0.6642597,-0.17646423,-0.31185535,-0.06286971,-0.37603748,-0.36299694,-0.31811756,-0.079674944,0.2011087,0.2155472,-0.115641624,-0.31800547,-0.039234515,0.29885077,0.010088813,0.28055605,-0.043508418,0.03878314,-0.39566576,-0.04146763,0.23467517,0.15625782,-0.17916569,-0.10390297,-0.073341325,0.029520124,-0.124067396,-0.12767565,0.13634734,-0.08049569,-0.1609521,0.043084253,-0.01018076,-0.04426192,0.003568614,0.10360263,-0.10883489,0.0508596,-0.22794972,0.087849855,0.064906895,0.08681005,-0.048272904,-0.25921407,0.075589955,0.17960605,0.12880634,0.15028337,0.036427543,-0.0712022,0.12402882,0.17224267,-0.050973848,0.2203797,-0.12787208,0.11249975,0.054722615,0.02411985,-0.004455953,-0.18220514,-0.11580771,-0.1235946,0.2705061,-0.04366065,-0.054830007
27,-0.0966669,0.74131763,0.009172789,-1.8568676,1.160454,-0.06931351,-0.16014805,0.014579302,-1.3717252,-1.9662879,-0.7492192,0.16666567,-0.812765,-0.80138814,-0.688961,-0.7416985,0.7164232,0.7093712,0.3648309,0.41492704,0.054466132,0.29487652,-0.2899677,-0.63884676,-0.3913126,-0.21863142,0.7300693,3.272187,0.74332476,-0.31134608,0.07635744,-0.06510462,0.29454988,-0.29120123,-0.04693251,-0.31353012,-0.2284981,0.08761588,-0.3129362,0.18956736,0.26651156,-0.07664111,-0.07074338,-0.16703174,0.11421772,-0.07951631,0.05772566,-0.1915203,0.097956344,-0.036493033,-0.022390675,0.11096795,0.13354187,0.13501765,0.056941822,0.1699622,0.110269226,-0.09992414,0.42416453,0.27560216,-0.10086694,0.21180323,-0.059797037,-0.030156333,0.46222872,-0.003220317,0.021295592,0.22754775,0.027503237,-0.15590546,0.044086467,-0.15089937,-0.09378643,0.0058244457,-0.010248276,0.00841395,-0.1110035,-0.017676752,0.10130669,-0.106633425,0.27944702,0.033415586,0.061283123,-0.14838049,-0.1288259,-0.14401877,0.13094005,0.059955243,0.20839167,-0.14591295,0.01170277,0.014124513,-0.15248138,0.062083088,-0.026729563,0.19909891,-0.1904689,0.01789601,0.16439623,0.060636774,-0.048512053,-0.126982,-0.061891288
28,0.5316192,-0.14462385,1.9296331,-0.120882004,-1.1077628,0.32412937,1.7330683,-0.45461455,-0.7448168,-1.0515995,-0.6315105,-0.15407193,-0.8560711,-0.021979995,-0.6666719,-0.6571776,0.36097264,0.79715985,-0.16077645,0.5702779,-0.8598311,-0.42051405,0.06310263,-0.074406475,-0.61874187,-0.49080402,-0.21048474,0.74332476,2.4060633,0.6605729,0.10117772,0.4139859,-0.41134393,-0.45995027,0.13385105,-0.046340328,0.12296199,0.024057038,-0.09966414,0.1747505,0.21780235,0.018982328,-0.11451106,-0.34212145,0.16173908,0.17685938,0.29126215,0.051593952,0.08233504,0.116050884,-0.15462473,-0.015952077,-0.24598536,0.09996768,0.16897881,0.05346042,-0.1464386,0.023406975,0.43522686,0.07282612,0.06470206,0.19155559,-0.057326604,0.022795398,-0.07298641,-0.035941087,-0.15184936,0.039344594,-0.03479764,0.0285729,0.074140556,-0.12335949,0.015033538,-0.19811806,0.11382692,-0.0891753,-0.08274856,-0.10931133,0.15893142,-0.12285693,-0.23300987,-0.02940045,-0.0699271,0.10135058,-0.005142705,0.0059040417,-0.057902902,0.17215787,0.2004012,-0.012335014,-0.016899258,0.052546307,-0.14495164,-0.03758169,0.0108033195,-0.12695614,-0.012357464,0.070586376,0.06427342,0.017831292,-0.0928059,-0.10998969,0.0690131
29,0.27455384,-1.4288404,1.2859764,0.64171946,-2.3727942,0.12864509,2.3081856,0.28091958,-0.5171965,1.1606476,-0.9376935,-0.51901937,-0.3819365,0.7019689,0.8781407,-0.23496331,-0.8361114,-0.11066115,-0.46192068,0.07496403,-0.10915643,-0.9296771,0.11229193,-0.3651525,-0.11730282,-0.3131178,-0.9382634,-0.31134608,0.6605729,2.6387641,0.38792855,-0.014278071,0.09967784,-0.25333887,0.10038213,-0.25151563,-0.034796283,0.28121185,-0.119562,0.20656015,-0.08595309,0.39065766,0.08642937,0.031232141,0.023297813,0.4156551,0.03641147,-0.24319085,0.15750653,0.33587795,-0.049016204,0.0572906,-0.017975966,0.13775232,-0.04936222,-0.15135728,0.27252463,-0.017007131,0.45427477,-0.11562601,0.097816,0.029192198,-0.043319028,0.026909132,-0.22712684,0.017840713,-0.24658805,0.00490392,-0.22684959,-0.10091303,-0.06380436,-0.28187883,0.051295385,-0.013837695,-0.00045374513,0.011980075,0.13075124,0.12938517,0.0068408363,0.104493245,-0.027619224,0.07523121,0.05416101,-0.07007374,-0.015311852,-0.11950211,0.03327115,0.15765466,0.07400864,-0.09994151,0.17053193,-0.028809607,-0.07799411,0.01634535,0.0426545,0.0019922252,-0.037224874,-0.23968342,0.018014323,0.054568145,-0.06504458,0.01383481,0.08084123
30,-0.44515413,-2.409387,0.0018974016,0.7203251,-0.5705956,0.7037821,-1.1152275,0.05800981,0.40173304,-0.53932345,0.5094599,-0.7255434,-0.8192065,-0.29592118,0.010639588,-0.44727927,0.01308944,0.24461448,-0.5696588,0.5523287,-0.6831983,-0.38771784,0.4277635,-0.4258119,0.37113127,-0.04167705,0.264809,0.07635744,0.10117772,0.38792855,2.159492,-0.06462719,-0.7163214,0.22654226,-0.26490283,-0.5824336,-0.009800678,-0.057212982,0.1156296,0.05861634,-0.07461856,0.23808528,0.45155412,-0.35811752,0.18823956,0.041759625,-0.33349258,-0.051396802,0.08282255,0.1303426,0.27375793,0.18001032,0.08362113,0.22122365,-0.074717045,-0.1553503,0.010319509,0.03851014,-0.13844559,0.009844723,0.07967476,0.047074493,0.09371828,0.051546708,-0.08467229,-0.074937195,-0.026659539,-0.07431366,-0.048847876,-0.012909615,0.10441102,-0.1034596,0.33235723,0.07597908,-0.0015058469,0.0795493,-0.047788598,-0.13474695,-0.24225423,-0.046998445,0.005112338,-0.10564845,0.022058537,0.1911403,0.034486096,-0.05045593,-0.012891084,0.19780512,0.13102171,-0.06643061,0.0894221,0.04545603,-0.06058596,0.07870302,-0.020153958,0.08239116,0.10676106,0.03127782,-0.030751787,0.13784015,0.083587825,0.11737628,0.10160599
31,0.14696689,3.4531617,-1.0077555,-1.1413317,1.9580007,0.19847965,2.169372,-0.07276138,-0.021843854,1.4477382,0.75928617,-0.36630127,-0.14808992,-0.4356859,-0.9041671,-0.38819164,0.75446,-0.06949976,-0.46570253,0.8345947,-0.6055503,-0.5218335,-0.14693317,0.23664871,-0.14625189,0.62771404,0.22218674,-0.06510462,0.4139859,-0.014278071,-0.06462719,2.2017577,-0.3377489,0.02558409,0.48960918,0.23825075,0.18633813,-0.47361636,-0.18450075,0.14069048,0.075890824,-0.25597352,-0.039057516,0.13653937,-0.18810824,-0.11905463,-0.044130214,0.031253695,-0.20665728,0.12564348,0.30230397,0.3337735,0.011304155,-0.21500327,-0.054470427,0.11368757,-0.15367334,0.12344308,0.119714975,0.09259269,0.17419803,-0.025041817,0.07081723,0.056767695,-0.2997511,-0.1692589,-0.05033696,-0.041970797,0.18081771,-0.018611746,-0.012904848,-0.048233733,0.07435165,0.04004228,0.15925634,0.17378147,-0.115142286,0.031271227,-0.096570484,-0.10425821,-0.09962134,0.08290635,-0.025334034,0.14174525,-0.122073695,0.020033862,-0.1933544,-0.03009485,0.15739754,-0.039512344,-0.02386447,-0.016712062,-0.035163857,-0.053276304,0.24400088,-0.008965159,-0.08794145,0.023972634,0.12910524,-0.019088846,-0.015390633,-0.16139814,0.016111748
32,-0.44099328,-2.0092332,-0.6132276,-3.3786178,0.34860578,-0.96585107,0.46639627,0.01048404,-0.35286283,-0.25939286,0.009859649,0.3766117,0.030246858,1.7265657,-0.13016748,0.2963296,-0.61510694,-0.04427349,0.50314546,-0.039437443,0.82598567,0.43822366,0.1224509,-0.40964282,-1.2462115,-0.15612775,-0.6048566,0.29454988,-0.41134393,0.09967784,-0.7163214,-0.3377489,2.870797,-0.36344224,0.33808413,0.07677761,-0.17651442,-0.20261148,-0.08439213,-0.62612736,0.15285712,-0.25382388,-0.28123176,0.4456417,-0.036302254,0.1538682,-0.22936907,0.09021871,0.18884529,-0.047431722,-0.24934024,-0.14143056,-0.11001485,-0.10835157,-0.093020745,-0.21221352,0.3024923,0.04356928,0.058294762,0.18950975,-0.07784248,0.12362683,0.17879345,-8.702194e-05,0.12348498,0.06789904,0.018086668,0.26092726,-0.060645547,0.114872545,-0.088813536,0.18993458,-0.06028734,0.0567731,0.033266738,0.19675002,0.05175379,0.10442683,-0.18381476,-0.03636542,0.18745813,-0.010807313,-0.10241866,-0.17992043,-0.09079395,0.09913081,-0.018076653,-0.023258654,-0.23461883,-0.11988065,0.04253146,0.021537624,0.00032862596,0.10845347,0.05095166,0.005623552,-0.013897309,-0.15612373,0.057929344,-0.026291415,0.04402721,-0.014798617,-0.027406042
