,0,1,2,3,4,5,6,7,8,9,10,11,12,13,14,15,16,17,18,19,20,21,22,23,24,25,26,27,28,29,30,31,32,33,34,35,36,37,38,39,40,41,42,43,44,45,46,47,48,49,50,51,52,53,54,55,56,57,58,59,60,61,62,63,64,65,66,67,68,69,70,71,72,73,74,75,76,77,78,79,80,81,82,83,84,85,86,87,88,89,90,91,92,93,94,95,96,97,98,99,100,101,102
0,627.3813,-6.701182,-5.2135916,-2.061759,1.2735837,1.3305727,-0.1967758,-0.6858673,-0.40261543,0.43789345,1.2204032,-0.88119227,-0.13966441,0.15189335,-0.602559,-0.81643546,-0.28057867,-0.32695267,-0.87345886,0.08249654,-0.34450907,-0.1233557,0.13695079,0.0075652273,0.0490786,0.34041047,-0.1214643,0.07001623,-0.20799077,-0.12069367,0.12895207,-0.06513127,0.16276553,-0.13717237,-0.21454926,0.15790284,0.052469254,-0.034212552,0.058991514,0.14079677,0.30724213,0.16748574,0.06907933,-0.2115887,0.047613144,0.22744115,-0.24554113,-0.1936261,0.012511503,-0.16145429,-0.0019008294,0.09484467,-0.0019678664,-0.03987973,-0.31057394,0.0015644742,0.11822669,0.09045729,-0.31386647,0.110044286,-0.0063677314,0.016904678,0.111171246,0.003929212,0.12872106,0.05941283,-0.08629512,0.064416915,0.083672896,-0.007785408,-0.0046594488,0.000275071,-0.108765915,0.22683007,-0.09937582,0.043527365,0.025243206,-0.05764658,0.060588922,-0.05289939,0.03821817,0.014242612,-0.043124624,-0.033468284,0.018911012,0.066508636,-0.0392198,-0.0018726148,-0.013105912,-0.048328955,0.09924641,-0.0020404945,0.037589766,0.017226152,-0.00091599906,0.05218131,0.00031268492,0.06520264,0.08323796,-0.0047718477,-0.044535756,0.07833554,0.06749348
1,-6.701182,135.59566,-7.711353,-1.0102583,-4.204588,4.064535,-2.2305155,-2.9284115,1.40418,-1.5800928,1.8451095,-0.26764724,-1.1759518,2.1533377,0.09308304,-1.8520492,0.6790594,-0.94349897,-2.6704426,-0.38254994,-1.8651543,-0.8320845,1.2394382,-0.2554363,0.12527454,0.16691977,-1.3973043,-0.2932388,0.046783395,0.58766603,0.96714437,-1.4260665,0.7974379,-0.6331077,-0.9978867,-0.32198256,0.07074937,-0.3287654,-0.34474856,-0.22805777,1.1366308,0.38731217,0.13689086,-0.8157093,0.17463683,1.4123821,-0.5898365,-0.27592653,-0.15940468,-0.41141564,-0.26846015,0.20630382,-0.890717,-0.29811513,-0.82835114,-0.29220027,0.83565885,-0.11643224,-0.52056843,0.12683883,-0.10683514,0.51905346,0.7582086,0.06592606,0.40526938,0.35319823,-0.19373195,0.20051087,0.14687565,0.047724746,0.20399591,0.23950584,0.015745824,0.42821965,-0.052428376,0.31393975,-0.2727077,-0.30077618,0.16778246,0.016673205,-0.28433698,-0.09011728,-0.19656214,-0.3625263,0.2354553,0.17800026,-0.01086092,-0.09607895,-0.18282178,-0.121773675,0.33094046,0.15247357,0.068589196,0.1695497,-0.12427378,0.19103187,0.061209705,0.33010405,0.34860244,-0.053540558,-0.14070944,0.28581154,0.118247315
2,-5.2135916,-7.711353,53.603123,-1.8137684,5.583927,-0.57654995,-0.75850207,-0.0965717,-2.005309,2.637224,1.9770143,0.049223676,-0.4565083,0.17280498,-2.069454,-4.1470165,-1.280791,-0.21265027,-0.34237266,-0.89851695,-0.39509636,-0.4108696,0.28924114,1.7909462,-0.15015434,0.43804127,0.43411106,-0.028232928,-0.7784586,-0.5249738,0.035791934,0.4258441,0.2758426,0.11288643,-0.0020997375,0.7697116,0.30675972,0.10886398,0.30826405,0.12661293,0.45715517,-0.2913476,0.26635566,0.12859486,0.5494729,0.33916402,-0.686151,-0.48739403,0.5755868,-0.10175036,0.20061427,0.06740178,0.01660703,-0.12921175,-0.86868995,-0.005444796,-0.038733494,0.09252223,-0.6362893,0.30953318,-0.21982537,-0.41785717,-0.31484604,-0.2555276,0.32804543,-0.22044736,0.15383056,-0.08673389,0.07407738,0.03334033,-0.032379046,-0.05894524,-0.11888668,0.5286516,-0.24039865,-0.12250236,0.0908072,-0.07875933,0.111468144,-0.2402009,0.022807531,-0.0005058492,-0.09416294,-0.09312088,-0.009354241,0.2508443,0.027926957,0.05359883,-0.0017635658,-0.03173371,0.19381005,0.1572423,0.12420179,-0.06689476,-0.11845583,0.1489499,-0.18042044,0.11725797,0.2037082,0.1051443,-0.17117998,0.10934079,0.114048794
3,-2.061759,-1.0102583,-1.8137684,30.58795,2.573515,0.46442485,-0.2803042,-3.1774807,-3.4609962,1.6982892,2.549778,-1.3024197,1.3273098,-1.1180265,-0.42225137,0.44494638,-0.793556,0.8201658,0.26073092,1.4941452,0.26603317,0.47683364,-0.20305678,-1.5609009,-1.7252303,2.0436683,0.13022907,0.7586221,0.06949431,-0.2718965,-0.27575022,0.49714702,1.3958277,0.6732278,-0.21933267,-0.06072531,-0.58127475,0.09874002,-0.41723144,0.26278412,0.29406074,0.51348996,-0.3260907,-0.44796932,-0.42406523,-0.41240257,-0.056543864,-0.3494879,-0.18673392,-0.2403173,0.19134648,0.33047312,-0.17764942,0.44957626,-0.059072886,-0.030724846,-0.18239021,0.1353344,0.30246902,0.2649979,-0.2272946,-0.044353455,0.2852542,0.6379751,0.15391847,-0.08616301,-0.11141986,0.047278017,0.06677146,0.22088867,-0.016083235,0.06361695,-0.09706816,0.04455284,-0.27749926,0.27899837,0.06628596,0.078092024,-0.087240785,-0.2110028,0.004882182,0.022701383,-0.12121904,-0.15426055,-0.28935242,0.033996366,-0.0633291,0.1487567,-0.13458546,0.023722716,0.05611527,-0.21778826,0.023329362,0.08608811,-0.0054131337,0.034596022,-0.12463019,-0.19669291,-0.06652903,0.035822827,-0.019132208,-0.020122956,0.012991123
4,1.2735837,-4.204588,5.583927,2.573515,28.516935,0.38962227,-1.1394513,-0.84541184,-0.024124192,-1.1228473,-2.0285935,1.2307405,1.2877402,0.73222345,1.0578694,0.37185478,0.20023286,0.3441314,0.27483985,-0.045005925,-0.43928388,-0.4694319,0.41487145,0.23544459,0.15830699,-0.8790055,-1.092905,-0.49856392,0.42431474,0.98516905,0.26753312,-0.8253762,-0.14741662,-0.21220256,0.09628707,-0.52406275,-0.06819498,0.29901522,-0.5288819,-0.07599931,0.2414844,-0.04755305,-0.111596525,-0.2354683,-0.14554726,0.046198882,0.17078155,0.047029074,-0.18533906,-0.18051836,-0.23562106,-0.14541195,-0.48671955,0.36658838,0.38692984,-0.24677119,-0.05810692,-0.38210565,0.44870377,-0.10370623,0.16019474,0.0960011,-0.037405748,0.04836431,-0.034226097,0.35061663,-0.04222116,-0.04528833,-0.12538633,-0.21005058,0.20076355,-0.0013412494,0.25691247,-0.009883257,0.20270564,-0.099469945,0.102321014,-0.016550655,-0.036874704,-0.0897008,-0.15991955,-0.08762926,0.020649098,-0.06538851,-0.03266166,0.0031632283,0.096632406,-0.22516532,-0.071625665,-0.10584237,0.101952076,-0.025386237,0.009951886,0.13462847,-0.041196436,-0.03734758,-0.03674873,0.0013547721,0.095139444,0.02403515,0.0022815776,0.15807372,-0.06233552
5,1.3305727,4.064535,-0.57654995,0.46442485,0.38962227,26.543177,-1.3534381,1.5716239,0.23176174,0.00094664155,-1.5985572,1.074665,-0.30882797,0.04946901,0.23406625,-0.42909715,-0.017447421,-0.7595528,1.4222063,-1.5388618,-0.5085955,0.15983891,-0.56847453,0.03170169,-0.45275486,-0.48858726,0.14925948,0.027377205,-0.18108301,-0.038702093,-0.27027112,-0.10907717,0.3834089,0.29067588,-0.37175375,-0.14071552,0.09369071,-0.2018266,0.4838383,-0.22119865,-0.19700351,-0.11789,0.1478657,0.18228093,0.03158387,0.36005616,0.046333257,-0.04995554,0.19695272,0.11767498,0.58515614,0.06884712,-0.12793511,-0.018753558,0.20603547,-0.13266425,-0.04055568,-0.13022974,0.06775601,0.03425298,-0.17368491,-0.09228638,-0.23996586,0.27390933,0.075300574,-0.036986202,-0.08319742,-0.135955,-0.16201925,0.05283042,0.12880184,0.010203457,0.14778858,-0.08173832,0.052024186,0.04651141,0.0071641062,0.03031873,-0.07150932,0.05995483,0.009949045,-0.111353934,0.044843182,0.0017696829,0.07354283,0.22760086,0.091793984,-0.097755834,-0.14938603,0.09435122,0.2067467,-0.045826122,-0.10842181,-0.08423029,-0.060946837,0.013464133,-0.12378032,-0.107318595,0.015216591,0.105056815,-0.0038873856,-0.16712254,-0.120761886
6,-0.1967758,-2.2305155,-0.75850207,-0.2803042,-1.1394513,-1.3534381,18.835495,-0.58498484,0.5643217,-2.0853152,-1.1098235,-0.07164113,-1.1511962,1.0799108,0.9877148,-0.25900346,0.82888675,-0.019482303,0.75835484,-0.40492266,-0.03863622,0.7675797,-0.14971957,0.1883994,0.42132896,-0.3440426,0.46945864,0.068433605,-0.7613859,-0.918908,0.4325742,-0.9476165,-0.2333211,0.029006375,-0.28297558,0.3822131,-0.44979927,0.31877652,0.31623125,0.3133025,0.10611534,0.34584194,-0.030102273,-0.35722065,0.2711286,-0.1927073,-0.10454999,0.3848529,-0.2869234,0.095507935,0.103643805,-0.29624787,0.13206899,0.017111879,0.06140869,0.0830726,-0.36715022,-0.12151787,-0.45720723,-0.07259233,0.13809463,-0.2241359,0.07215798,0.28712985,0.25058267,0.051959928,-0.11070131,-0.266163,0.36145702,-0.2042382,0.11420965,0.08265717,0.13962513,0.26149723,-0.009010784,0.18968162,0.19014037,-0.15229216,-0.07851346,-0.06391711,0.10229054,-0.18379849,0.12087717,0.03365772,-0.26964393,0.13881752,0.020593759,0.0041783694,-0.015288521,-0.06856038,0.22508374,0.03657803,0.080180645,0.21374668,-0.16274089,-0.00931102,0.09423873,0.02645764,-0.05906398,-0.0009604931,0.14208966,-0.13957676,0.00056474196
7,-0.6858673,-2.9284115,-0.0965717,-3.1774807,-0.84541184,1.5716239,-0.58498484,20.488392,-0.13420936,0.5306239,0.63443875,0.06317822,0.09008074,-0.57477975,-0.7987526,0.27480912,-0.14120594,1.0224295,-0.71824855,0.55764264,-0.037690345,0.42706567,0.22343257,-0.4853612,-0.48315647,0.34752744,-0.0449322,-0.029832881,0.12802716,-0.0870458,0.005815749,-0.022896402,-0.025928583,0.2544416,-0.058363862,0.2660138,0.14742664,0.10429537,-0.36170125,-0.066899985,0.23568094,-0.113101795,-0.17599103,-0.07156038,0.21178818,-0.040256277,0.20683856,-0.13294376,-0.28530478,-0.037376262,-0.00647651,0.015684856,-0.12650362,0.2839668,0.23156634,-0.15388387,-0.15620014,0.0096508805,-0.08981793,-0.05895179,0.28043157,-0.06260976,0.100196205,0.056515448,0.06773034,0.10457544,0.07089886,0.14493844,0.05800595,-0.0106833745,0.15415683,0.107605204,-0.01519732,0.13711482,0.03603746,0.08831015,-0.09987691,-0.061357647,0.036395967,-0.13246264,-0.04955204,0.023260124,-0.030452862,-0.1468629,-0.03145451,0.037788346,-0.05179937,0.04877919,0.004513553,-0.03521158,0.024364408,-0.022741746,0.19222689,0.016721243,-0.06914058,0.016029194,0.073770076,0.009915808,0.046316043,-0.061421283,0.038703837,0.06456049,0.073216185
8,-0.40261543,1.40418,-2.005309,-3.4609962,-0.024124192,0.23176174,0.5643217,-0.13420936,14.902838,-0.19853032,-0.15593237,-0.059763975,0.5592426,0.1387876,-0.12111434,0.684216,0.20927635,0.43414325,0.07749847,-0.81281614,-0.22047082,-0.18866138,-0.34152353,0.24937741,-0.11629027,0.1620489,-0.28003752,0.55423933,0.34987417,0.19850132,-0.1625202,0.04297045,0.16075036,0.3315729,0.51689804,0.15063766,-0.27531472,0.43340832,-0.21899675,0.10962487,-0.20737602,0.14288206,0.22518463,-0.08568968,0.17039366,-0.24677986,0.084790334,-0.31196475,0.188127,0.03345174,-0.1626562,0.020826844,-0.33585346,0.18719888,-0.14286658,0.13879995,-0.40411705,0.08785245,0.19836399,0.13389081,-0.11588337,0.075527,-0.07238151,0.19665171,0.0691073,-0.018695645,0.07380031,-0.08651708,0.007854227,-0.05628027,-0.18833603,0.09536227,0.049752988,-0.04119668,-0.20260166,-0.106248096,0.07101534,0.122270405,-0.12551348,-0.09200125,0.050141267,0.038379107,-0.019544443,0.03237871,-0.13364536,-0.04425048,0.028228926,0.08067899,0.060397834,-0.021773519,-0.004072517,-0.027538138,-0.13859451,-0.015718449,-0.06430745,-0.09892957,-0.09075659,-0.026447203,0.16432974,0.053852044,-0.0705986,0.022358388,-0.03705992
9,0.43789345,-1.5800928,2.637224,1.6982892,-1.1228473,0.00094664155,-2.0853152,0.5306239,-0.19853032,11.98506,-0.8903911,0.17134446,-0.4519961,0.28893435,-0.3989572,-0.0163641,0.64752126,0.5831442,0.004875002,-0.31383407,0.14735308,-0.22896084,-0.20306748,-0.65249205,0.6623082,-0.039869722,0.11641669,0.8007728,0.4296196,-0.47497565,0.22125353,-0.58564126,0.11036192,-0.5812119,-0.011630417,-0.6041322,-0.13323532,0.3369469,0.19039571,0.06891214,0.029134186,-0.20661975,-0.10196774,0.042284712,0.0556647,-0.14073196,-0.00840215,0.12599668,-0.21162684,-0.2356916,-0.26584414,0.12164441,0.09791973,-0.03864737,0.2074753,-0.06518796,-0.048225865,0.16383079,0.15082899,-0.12766993,-0.18812355,0.20843413,0.028962266,0.13758317,0.012812937,-0.19583324,0.20475015,-0.043695115,0.17904913,0.033780977,0.024755798,0.16546336,0.17502454,-0.0072055357,0.0066387285,-0.07289207,0.19056141,-0.14083883,-0.10601658,0.10788303,-0.008352788,-0.09237495,0.07202901,0.048710138,0.0036523289,0.07066607,0.06960731,0.0067461133,0.030887578,-0.18610734,0.006660006,0.05152698,-0.1431917,0.11249563,-0.10276662,0.00700852,-0.049391504,0.11809685,0.025771748,0.07110387,0.057339117,-0.094463095,-0.02329696
10,1.2204032,1.8451095,1.9770143,2.549778,-2.0285935,-1.5985572,-1.1098235,0.63443875,-0.15593237,-0.8903911,10.749042,-0.75507843,-0.043748584,0.07755275,0.049531356,1.3124466,-0.3390389,0.016441628,0.5209453,-0.36935908,0.04315385,0.008885059,-0.21558759,0.16773206,0.20565113,-0.5964419,-0.3415499,0.33048356,0.25243124,0.37759423,-0.22311166,-0.3056548,-0.013577702,-0.1161353,0.18567279,0.070618495,0.22627279,0.25200018,0.18229556,-0.10178547,-0.04125534,-0.3335539,-0.12538454,0.0060984325,0.21304247,0.22018923,0.24766243,0.050803393,-0.03696099,0.25666338,-0.03593208,-0.20510596,0.081816375,-0.06384282,0.34704125,-0.34836882,-0.034196936,-0.25322008,-0.020397982,0.08835241,-0.193324,-0.08786522,0.009554862,0.03557206,0.15646222,-0.0051443884,-0.13462356,0.012359245,0.041155327,-0.06743796,0.0677931,0.06696543,0.13701779,0.003399703,0.13592836,-0.069671646,0.06988792,0.12722245,0.09097704,-0.043175064,0.06564371,0.06261903,-0.046193138,-0.11230502,-0.047477126,-0.0649265,0.17847787,0.0800125,0.073964044,-0.0077025057,0.1359944,-0.111742854,-0.085870706,-0.04890972,0.123187944,-0.022791017,-0.066757634,-0.02904104,0.12017651,0.025480144,0.028822806,-0.068769604,0.053489156
11,-0.88119227,-0.26764724,0.049223676,-1.3024197,1.2307405,1.074665,-0.07164113,0.06317822,-0.059763975,0.17134446,-0.75507843,10.084242,0.28073293,-0.1432922,-0.20960057,0.7904171,-0.08930443,-0.3014143,-0.97994447,0.34679243,-0.20356005,-0.05087678,0.41850424,-0.5703547,0.32379413,0.13699402,0.0840185,-0.0395078,0.07680719,0.20530494,0.24450038,0.14500694,-0.17832845,-0.10730195,-0.089485586,0.42339236,0.32016772,0.09253572,0.2830469,0.161361,0.4129526,0.06765427,-0.114335224,-0.33633834,0.07916577,-0.02955573,0.30424267,-0.057383884,0.03026339,0.051827975,-0.03865993,0.111364305,0.20290458,0.14613624,-0.02470785,0.07559606,-0.096662864,0.43333542,-0.27317423,0.23624478,-0.01374789,0.067682885,0.0038102197,0.058068953,-0.015060679,0.022510532,-0.34935737,-0.004992082,0.14278153,0.00745413,-0.1482164,-0.114486516,-0.05490904,0.1016435,-0.1009029,0.055028453,0.19086808,0.013660982,-0.030682955,0.06759761,0.13014114,0.1334074,0.032602914,0.057686046,-0.04735905,-0.12979555,-0.03898277,0.03498067,0.00035492948,-0.012883175,0.11833631,-0.17513558,-0.032396875,-0.010020558,0.09516129,0.04395192,0.011089238,-0.07850381,0.011939687,0.024786629,0.15311304,-0.019964775,0.07012239
12,-0.13966441,-1.1759518,-0.4565083,1.3273098,1.2877402,-0.30882797,-1.1511962,0.09008074,0.5592426,-0.4519961,-0.043748584,0.28073293,11.827988,0.7450102,0.03360471,-0.75147414,-0.015848484,0.082596436,-0.440314,0.10298446,0.037107505,0.22486448,-0.57069135,-0.20623504,-0.0721027,0.0310501,0.070978925,0.31171125,0.33607984,0.16222382,0.35714597,0.05213222,-0.0052709496,-0.014862169,0.14987534,-0.10060616,0.21437295,-0.091089055,0.3407319,0.24821222,-0.07624695,0.35612655,0.1303712,-0.024698442,0.31448153,-0.0019091011,-0.029384028,0.028865773,0.06013889,0.25219986,0.109226674,-0.106434554,0.05786651,-0.24172756,-0.12391066,0.03788074,0.1666806,-0.09484249,-0.080048785,-0.021531494,-0.015283624,0.12761441,0.14393634,-0.14634585,0.038115874,-0.041196868,-0.096107505,-0.037712034,-0.017689265,0.098810956,0.050007246,0.03483428,0.05188688,-0.034695335,0.08602424,0.18674248,-0.11996317,-0.06328251,-0.02186064,-0.073281705,-0.057904042,-0.06420203,-0.038271148,-0.14379036,-0.030178418,0.0025947425,-0.041183505,0.2578931,0.017251585,0.01641563,0.054628417,0.06242512,-0.040669765,0.050799407,-0.10396706,-0.046687223,0.09450324,0.044246167,0.026148662,-0.020625379,0.01484069,-0.09051615,0.016333647
13,0.15189335,2.1533377,0.17280498,-1.1180265,0.73222345,0.04946901,1.0799108,-0.57477975,0.1387876,0.28893435,0.07755275,-0.1432922,0.7450102,9.244411,-0.16559088,0.015500564,-0.10193616,-0.16007674,-0.20313948,0.49386692,0.02243441,0.04245072,0.19913146,-0.10956026,0.058827523,0.4106541,0.23594707,0.29417068,-0.041272283,-0.26483706,0.17669854,0.1485049,-0.70016915,0.4152221,-0.46847624,-0.40184772,0.11843542,0.19779986,-0.15173358,0.004747551,-0.15805504,-0.32039928,-0.018274741,-0.09446986,0.11081621,-0.15247343,-0.025370708,-0.27545944,-0.0993152,0.059541766,0.13415992,0.093986996,0.087938815,0.17482898,0.14529793,0.13710657,-0.15897447,-0.0007135634,0.10583545,-0.121394835,-0.001615325,-0.0876486,-0.051757604,-0.04611618,0.048378557,0.039883487,0.057381473,0.08181826,-0.01849162,0.002372049,-0.009338159,-0.10754827,0.09641311,0.013688515,0.084859006,-0.013643252,-0.010835925,-0.071489945,0.088957466,0.08830601,0.031606317,0.04135085,0.01787241,-0.10121338,0.034191236,0.0035939785,0.08660623,-0.04566467,-0.07419338,-0.015614722,-0.05056729,-0.11400069,-0.0013578488,-0.21510226,-0.13832843,0.0774647,-0.050754577,0.018397797,-0.04637853,0.04208059,-0.04550693,0.045401238,0.031210829
14,-0.602559,0.09308304,-2.069454,-0.42225137,1.0578694,0.23406625,0.9877148,-0.7987526,-0.12111434,-0.3989572,0.049531356,-0.20960057,0.03360471,-0.16559088,8.911998,-0.3429762,-0.27371594,0.4682604,-0.5138605,-0.06654307,-0.26953912,0.1758008,-0.21486425,-0.23763299,-0.18505992,0.0048076315,0.057736486,0.28570753,0.3023721,-0.37031597,-0.0084297,0.39448467,0.06874022,0.10399386,0.18773112,-0.110800706,0.46642917,0.12670088,0.0064425846,-0.05476495,0.09952889,-0.2940275,0.006899886,0.18313202,0.13321683,-0.08036871,-0.005662281,-0.13341996,0.09981383,-0.15160343,0.033713575,0.14197695,0.09974012,0.109523,0.039367735,-0.018472552,-0.07054436,0.011192556,-0.05984906,0.07158041,-0.012961126,-0.047332864,-0.09122597,0.055487342,0.070077494,-0.068689585,0.17231381,0.0781956,0.035396546,0.049701497,0.11722182,0.13610774,-0.03428075,-0.019591298,0.015952047,-0.020874433,-0.090275474,-0.03999347,-0.03974265,-0.19295125,-0.019091193,0.003973486,-0.053076714,0.020683322,0.054365948,-0.0019999994,-0.027805382,0.026610747,0.124727234,-0.037057687,-0.059373565,-0.038815722,0.065880045,0.0028637678,0.011642251,0.021055393,-0.013866585,0.080625415,0.12066265,0.01807889,-0.014565609,0.037192866,0.07274777
15,-0.81643546,-1.8520492,-4.1470165,0.44494638,0.37185478,-0.42909715,-0.25900346,0.27480912,0.684216,-0.0163641,1.3124466,0.7904171,-0.75147414,0.015500564,-0.3429762,6.440017,-0.44459224,0.18543765,0.01409285,0.20017484,-0.12043451,-0.2470058,-0.02747389,0.2522701,-0.15125728,0.077482164,0.41591856,0.28718936,0.26189366,0.09908984,0.18969421,0.14842263,-0.11793436,-0.2595225,-0.07449353,-0.03378356,0.20385975,0.27396506,0.112730786,0.15306777,0.13593243,-0.06435616,-0.13561441,0.091431886,0.039269336,0.0668937,-0.31732488,0.13532063,0.16373861,-0.04923749,0.07826327,-0.064261325,-0.09439586,0.13174772,-0.19756702,0.010134443,-0.0106405765,-0.02898864,0.18200973,0.066961735,0.0031886008,0.05862129,-0.18617332,-0.18342368,-0.1178481,0.012043545,0.05634389,-0.13915285,-0.0793757,-0.016688427,0.035501476,-0.12017972,-0.0075810677,0.15457994,0.043719117,0.051841807,0.10865498,-0.09291268,0.007827356,-0.039032258,-0.14132464,-0.1636993,-0.082901016,-0.04282911,-0.020615878,0.1005272,0.037113972,0.03714032,-0.026927466,-0.03287736,0.017190795,0.104182065,0.01843438,0.021712437,-0.16979283,0.15392312,-0.09946189,-0.00424695,-0.04568892,0.120966256,-0.033228137,-0.032745257,0.010212952
16,-0.28057867,0.6790594,-1.280791,-0.793556,0.20023286,-0.017447421,0.82888675,-0.14120594,0.20927635,0.64752126,-0.3390389,-0.08930443,-0.015848484,-0.10193616,-0.27371594,-0.44459224,6.3650203,-0.2762748,-0.45676795,-0.24214298,0.67006594,-0.30746782,0.06780289,-0.2024219,0.0033642973,0.2051259,-0.007111446,-0.30984968,-0.13213184,0.34158275,0.010607841,-0.30031464,0.26106387,-0.005378552,0.16682762,0.13010788,0.09726535,-0.02673703,0.05650881,0.26912722,-0.20284048,0.14628196,-0.12133692,0.1777906,-0.019826371,-0.07690482,0.19319609,-0.0032123714,-0.12956512,-0.045961626,0.07843137,-0.13753998,0.07951185,0.16781434,0.09816626,-0.16729233,0.17403504,-0.14554751,0.10983366,0.06389867,0.08918214,-0.069224745,-0.040268645,-0.1629132,0.034695804,-0.057555232,0.1546868,0.15462594,-0.13959017,-0.011225555,-0.029470045,0.10771986,0.0023252768,-0.06432946,0.018244669,-0.03850357,0.2952476,-0.007186549,0.122840896,-0.064094394,0.040156554,-0.13868369,-0.13141178,-0.025219817,0.023076095,0.0017409875,0.063011944,0.016649341,-0.004367512,0.027219117,-0.04628078,0.00026194553,-0.04889609,-0.08793588,-0.07526393,0.02664337,-0.0021484927,0.018835492,-0.02998135,-0.07745077,-0.077361986,0.07524987,0.08812749
17,-0.32695267,-0.94349897,-0.21265027,0.8201658,0.3441314,-0.7595528,-0.019482303,1.0224295,0.43414325,0.5831442,0.016441628,-0.3014143,0.082596436,-0.16007674,0.4682604,0.18543765,-0.2762748,6.302431,-0.42452693,-0.289768,0.078244045,0.1499766,-0.061615583,-0.040921483,0.15111923,0.16020828,0.120832786,-0.2732743,-0.30040488,0.03430902,-0.1266502,0.042481318,0.015817046,-0.15652007,-0.21549152,-0.23989671,0.18819642,-0.19318919,-0.03220745,-0.10573461,-0.2087758,0.13757859,-0.06122615,-0.08762257,-0.019392883,0.20608285,-0.21750782,-0.0002389737,-0.21536544,-0.107634276,0.18096249,0.04249877,0.22140987,-0.15371814,-0.14261454,0.10756078,-0.024658283,-0.1871893,-0.07897469,0.0047415458,0.03918328,0.04950627,0.026516411,0.12909055,-0.05745405,0.18155298,-0.1722929,0.047601096,-0.027244935,-0.029466458,-0.19156113,0.027648468,-0.070221074,-0.042764984,0.07817153,0.052201167,0.018106142,-0.048152097,0.07154313,0.07189474,0.10835877,-0.06679417,-0.056749344,0.07459457,0.070792295,-0.011689503,0.058677927,-0.16658479,-0.013801713,0.030430162,0.028339382,-0.015888952,-0.23302889,-0.029229948,-0.008944903,-0.03511185,0.0036127162,0.019950531,0.0141518675,-0.061333805,-0.11166288,0.019743249,-0.058406465
18,-0.87345886,-2.6704426,-0.34237266,0.26073092,0.27483985,1.4222063,0.75835484,-0.71824855,0.07749847,0.004875002,0.5209453,-0.97994447,-0.440314,-0.20313948,-0.5138605,0.01409285,-0.45676795,-0.42452693,5.3273244,0.012430806,-0.13282585,-0.09917809,0.18082248,-0.34448993,0.39165217,0.2957353,0.07209772,-0.17267275,0.04615759,0.20077488,0.26883054,0.17814155,-0.20061046,-0.19919975,0.44478154,-0.16427472,0.32221428,-0.0118610505,0.10715845,0.04509918,0.0499172,0.11635142,0.068747856,-0.06923012,-0.051846575,-0.020763887,0.07481921,-0.10276936,-0.10235891,-0.0242052,-0.094621,0.13046363,0.078855924,0.05544126,-0.12844694,0.03152736,-0.12822914,0.08553536,-0.07465044,-0.13317156,0.05566756,0.08520727,0.11486986,-0.16176175,-0.09440833,0.06456282,0.04833997,0.11089073,-0.06875026,0.03148604,-0.012825507,0.06992943,0.032454006,0.023033123,0.054737598,0.050135568,-0.010650443,-0.014426425,0.06619301,0.09475737,0.005561598,0.009990643,-0.055185758,0.0653411,0.0077093695,0.0058773435,0.07151404,-0.03739508,0.018095538,-0.019684995,-0.08347304,-0.07940978,0.039532434,-0.022691265,-0.047618262,0.020539146,0.14875692,0.07046513,0.07423277,0.009369748,-0.004113699,0.04336661,0.078515634
19,0.08249654,-0.38254994,-0.89851695,1.4941452,-0.045005925,-1.5388618,-0.40492266,0.55764264,-0.81281614,-0.31383407,-0.36935908,0.34679243,0.10298446,0.49386692,-0.06654307,0.20017484,-0.24214298,-0.289768,0.012430806,5.183929,-0.28425142,-0.06073097,-0.36489844,-0.03464228,0.1166995,-0.18506293,-0.18261956,-0.1579554,-0.25623757,-0.021473411,-0.25162125,-0.37378266,-0.012661148,0.25753593,-0.006124706,0.33665785,-0.14374769,-0.07480735,0.23395965,0.088541545,-0.25837332,-0.10584052,0.33305556,0.11750266,0.10625714,0.19688943,0.14804183,0.08227385,0.10077318,0.055532683,0.12356829,-0.0020511227,-0.18821314,-0.03922879,0.0028150417,0.0006979866,0.029726682,0.034409568,-0.027616879,0.04969765,-0.03513474,-0.0018167931,-0.059204046,0.07384141,0.0883397,-0.013885006,0.0008696411,-0.0018521212,-0.06665659,-0.14452511,-0.021247271,0.08006053,0.0026539345,-0.08505258,-0.06197014,-0.01269497,0.027962111,0.0683636,-0.024646115,0.09102845,0.019657567,0.0067355814,-0.014119901,0.11665341,0.039009895,0.01978442,0.027728159,-0.105128914,-0.039640628,0.03304583,-0.015197487,-0.005701352,-0.039317757,-0.028775748,-0.04241211,-0.01645745,0.019259084,0.11557609,0.01755884,0.014681818,0.0034996101,0.0033865017,-0.02665906
20,-0.34450907,-1.8651543,-0.39509636,0.26603317,-0.43928388,-0.5085955,-0.03863622,-0.037690345,-0.22047082,0.14735308,0.04315385,-0.20356005,0.037107505,0.02243441,-0.26953912,-0.12043451,0.67006594,0.078244045,-0.13282585,-0.28425142,5.2561617,-0.32232624,0.038188018,0.16967323,-0.011082878,-0.16033563,-0.21356851,-0.018444605,0.36763024,0.036107883,0.28517097,0.27020448,-0.3230474,0.24695747,0.024872113,-0.07621154,-0.15866494,-0.12330787,-0.009097105,-0.019743182,0.2511399,0.10568622,0.20064798,-0.15128422,0.09077111,0.2689864,0.06515269,-0.15876654,0.00085051765,-0.028806183,0.22262016,0.16155684,-0.26253235,-0.023671655,-0.05313264,0.009414293,0.14010006,-0.06334877,-0.0052829203,0.08403168,0.0261671,0.06690082,-0.022073451,0.108339645,-0.034195475,0.0356237,0.112386346,-0.059254136,0.03264682,0.065901786,0.05320633,0.010373641,0.1269506,0.009900733,-0.018789455,-0.008807165,-0.079830244,0.01477339,0.034625284,0.06362757,-0.0025146082,-0.053935785,0.084805526,0.02083506,0.00084213895,0.027253196,-0.012841279,-0.03407092,0.058950257,-0.052574843,0.057401974,-0.013389908,0.06301384,-0.1000857,0.0579837,-0.02999031,-0.04433895,-0.011777947,0.03199854,0.021579344,-0.008684478,-0.020813387,0.05086951
21,-0.1233557,-0.8320845,-0.4108696,0.47683364,-0.4694319,0.15983891,0.7675797,0.42706567,-0.18866138,-0.22896084,0.008885059,-0.05087678,0.22486448,0.04245072,0.1758008,-0.2470058,-0.30746782,0.1499766,-0.09917809,-0.06073097,-0.32232624,4.7632475,0.3014906,0.20334108,0.35787028,0.064244725,-0.21519725,-0.10848616,0.18578681,0.37209132,0.141755,0.22192132,-0.17979439,-0.05738777,0.17515483,-0.0457671,-0.2638616,-0.15883179,0.066639364,0.035429545,-0.03322579,0.04676158,-0.048202038,-0.13872921,-0.22032508,0.23913336,0.11231278,0.075994894,-0.12771644,0.013689654,-0.0084518865,-0.023300823,-0.10684518,-0.10460119,0.0970468,-0.024584975,0.14016339,0.13619804,0.107110575,0.05433491,-0.06597346,0.012127261,0.042727742,0.0037619616,-0.062290303,-0.05369049,-0.0116979815,-0.043101035,-0.012059262,0.010529216,-0.044374004,-0.055422008,0.028334558,0.020696035,-0.0107958,0.00558588,0.029150987,0.01536506,0.0069138696,0.01990463,0.023176149,0.013420178,0.013302663,0.007081802,-0.027074624,0.03788777,0.022460103,-0.0035780228,-0.008083764,-0.08933799,0.039502405,0.041478038,-0.010162367,-0.06475615,0.003949515,0.07266186,-0.069062784,0.060017195,0.03612834,0.013124851,-0.024341132,-0.03058068,0.054442517
22,0.13695079,1.2394382,0.28924114,-0.20305678,0.41487145,-0.56847453,-0.14971957,0.22343257,-0.34152353,-0.20306748,-0.21558759,0.41850424,-0.57069135,0.19913146,-0.21486425,-0.02747389,0.06780289,-0.061615583,0.18082248,-0.36489844,0.038188018,0.3014906,4.184703,-0.5158263,0.1667982,0.37860143,-0.13894007,0.134633,-0.011420459,-0.054415777,-0.2056277,0.06680661,-0.055682518,0.23046249,-0.06711727,-0.12314439,0.10317607,0.09985526,0.26468801,0.22893097,-0.26318067,0.17783192,0.182778,-0.05209294,-0.09563385,-0.025639374,-0.19178921,0.04036662,-0.048371043,-0.12038523,0.05263099,-0.029888451,0.034859337,-0.04815862,0.14516099,-0.15924884,-0.029496416,-0.04817556,0.030356795,-0.09314647,-0.03839713,-0.07109405,-0.059485488,-0.013687251,0.0125832595,0.040708244,-0.13216507,0.052256316,-0.02882846,-0.15997288,0.017017389,-0.07702951,-0.10276897,0.007120434,0.029381886,0.03220716,-0.006835079,0.12533356,-0.00810173,-0.103461325,-0.0034980979,0.025504041,0.008319531,0.0036047716,-0.048065856,0.061062388,-0.09351082,0.07834176,-0.006354303,0.004239591,0.08076213,-0.019038115,0.01350187,-0.0759218,0.05553266,-0.12298617,0.041670043,0.020338992,0.03687376,-0.010090552,-0.046236537,-0.004105497,0.014181053
23,0.0075652273,-0.2554363,1.7909462,-1.5609009,0.23544459,0.03170169,0.1883994,-0.4853612,0.24937741,-0.65249205,0.16773206,-0.5703547,-0.20623504,-0.10956026,-0.23763299,0.2522701,-0.2024219,-0.040921483,-0.34448993,-0.03464228,0.16967323,0.20334108,-0.5158263,4.163872,0.0706312,0.37631834,-0.009931594,0.2675387,0.037598602,0.1441268,0.16311735,-0.090586215,0.16652879,0.01308513,-0.028686907,-0.2391997,0.15967031,0.081693485,-0.06371938,0.07153702,-0.0872776,0.11047527,0.038101755,0.1351724,0.011503641,0.06907152,0.03309939,-0.08563046,-0.078945994,0.10255189,0.07779284,0.10670869,0.113023765,0.104870394,0.09661962,-0.1343588,0.010858746,-0.03408794,0.044900477,0.006636642,0.0773052,0.10434325,0.06593017,0.09806052,-0.00560096,0.029895542,-0.061079025,0.082232796,0.04129174,-0.04589177,-0.028140582,0.016259287,-0.023892837,-0.04544223,-0.022382071,0.059225455,0.069640175,0.02384438,-0.00549404,-0.009790728,0.026155457,-0.02901614,-0.03674395,0.014941803,0.008963708,-0.053926624,-0.016293742,0.014039254,-0.003726284,-0.004918899,0.02741228,-0.039389946,-0.0036349718,0.017437821,0.022822667,0.022093361,0.04861224,-0.025735632,-0.050762407,0.02284737,0.029593416,0.014344991,0.044399805
24,0.0490786,0.12527454,-0.15015434,-1.7252303,0.15830699,-0.45275486,0.42132896,-0.48315647,-0.11629027,0.6623082,0.20565113,0.32379413,-0.0721027,0.058827523,-0.18505992,-0.15125728,0.0033642973,0.15111923,0.39165217,0.1166995,-0.011082878,0.35787028,0.1667982,0.0706312,3.917674,0.011743817,0.14355531,0.15843028,0.26122397,0.04425302,-0.14917627,0.0683233,0.51385427,0.088294715,0.021181457,-0.073047504,-0.18013796,-0.14675358,-0.059265114,-0.12291384,0.05619697,-0.079298235,-0.014257193,-0.02364435,0.13604558,-0.014188454,-0.04968858,-0.0021882253,0.06081748,0.014802454,-0.025711866,-0.12732373,-0.18674362,0.12821832,0.007749971,-0.06512045,0.0866659,-0.018187853,0.052298725,0.14483188,-0.001265222,0.047359675,-0.040682778,0.019876072,-0.0043071024,0.043137483,-0.028911918,0.095491216,-0.051286973,0.13277508,0.091912776,0.031952243,0.02426375,0.032620654,0.014071023,0.06601414,-0.08045133,-0.011568101,0.0140579585,0.011693742,-0.058428813,-0.006958413,-0.08656144,-0.040145274,0.066200666,-0.019219575,0.015090769,-0.0043906495,0.035439447,0.076495916,0.026360884,0.052637298,0.0064712036,0.044419426,-0.005576062,-0.03596493,0.008580316,-0.03574028,-0.04715919,-0.022265859,0.031883135,-0.01631872,-0.041689854
25,0.34041047,0.16691977,0.43804127,2.0436683,-0.8790055,-0.48858726,-0.3440426,0.34752744,0.1620489,-0.039869722,-0.5964419,0.13699402,0.0310501,0.4106541,0.0048076315,0.077482164,0.2051259,0.16020828,0.2957353,-0.18506293,-0.16033563,0.064244725,0.37860143,0.37631834,0.011743817,3.1476624,-0.14078248,0.0911116,0.21662572,0.11940485,0.013865326,-0.2409372,0.0737669,-0.26234132,0.15895419,0.21545567,0.016586827,0.019650428,-0.07452631,-0.09138514,0.124317065,-0.0034492316,-0.004196791,0.0758436,0.02274555,0.06957053,-0.11618925,-0.06460029,0.12281884,0.032393962,-0.11898319,0.17189194,0.0063153002,0.023813568,-0.053252816,0.15852974,-0.060330316,0.001359122,0.11269499,-0.07484097,0.050499827,0.040841207,-0.051854,0.022873238,0.09759842,0.07289241,0.041980468,0.0070162807,-0.07736583,-0.046587437,0.07187019,0.025810402,0.013749404,-0.05839137,-0.012365999,-0.0059540486,-0.06365815,-0.11133915,0.033370122,-0.07500959,0.04518309,0.012723796,-0.013421034,0.062427953,-0.0507434,0.08779231,-0.010126369,0.0010152978,0.052609265,0.023825996,0.02191751,-0.040381685,0.12970048,-0.046378374,-0.02547737,0.04197725,0.06630835,-0.052150734,-0.08387053,0.050405487,0.026675573,0.010537026,-0.019393917
26,-0.1214643,-1.3973043,0.43411106,0.13022907,-1.092905,0.14925948,0.46945864,-0.0449322,-0.28003752,0.11641669,-0.3415499,0.0840185,0.070978925,0.23594707,0.057736486,0.41591856,-0.007111446,0.120832786,0.07209772,-0.18261956,-0.21356851,-0.21519725,-0.13894007,-0.009931594,0.14355531,-0.14078248,2.8951676,-0.30615592,0.09733038,0.3782394,-0.09466318,-0.07778199,0.25957507,0.008129319,-0.034929603,-0.13636053,0.1723656,-0.03128413,-0.2829432,0.05309268,0.14188814,0.02026052,0.1513426,0.1446087,0.13746342,0.015882857,-0.08564913,-0.100031346,0.047697537,0.1271081,0.003786917,-0.11547236,-0.01572413,-0.10953612,0.011340544,-0.013064736,0.1658255,0.01977441,-0.07973009,-0.067777485,0.06257446,0.037577853,0.0055816206,-0.018770754,0.06048236,0.04427652,-0.041664608,0.033058934,0.070617825,-0.016347405,-0.0065064626,0.01816856,0.0026490032,-0.045382794,0.044302177,-0.020493526,0.08835209,-0.03518402,-0.026512008,-0.030201746,0.016496707,0.10560191,-0.035130627,-0.07817344,-0.057066202,-0.06906983,-0.0115786195,0.029897664,-0.045852114,-0.059785984,0.01580169,-0.08756562,0.056005448,-0.04976072,-0.021715183,-0.0083073685,0.004063392,0.076223224,0.047275648,0.04847438,-0.115495086,0.017540116,0.023066789
27,0.07001623,-0.2932388,-0.028232928,0.7586221,-0.49856392,0.027377205,0.068433605,-0.029832881,0.55423933,0.8007728,0.33048356,-0.0395078,0.31171125,0.29417068,0.28570753,0.28718936,-0.30984968,-0.2732743,-0.17267275,-0.1579554,-0.018444605,-0.10848616,0.134633,0.2675387,0.15843028,0.0911116,-0.30615592,2.98096,-0.3224217,0.1329063,-0.03492019,0.0103579685,-0.13302729,0.09778424,0.00844922,0.13538805,0.07641858,-0.027663171,0.13032475,-0.06029324,-0.116749644,0.030319244,0.031641312,0.06958866,-0.048779316,0.0489341,-0.022721957,0.09114863,-0.039074667,0.01231752,0.023270175,-0.049487375,-0.04803603,-0.05660383,-0.018029962,-0.071746245,-0.053047143,0.039226606,-0.17937604,-0.109574735,0.046862423,-0.08243262,0.04685788,0.015003803,-0.19741023,0.005595605,-0.016103556,-0.08923468,-0.016795982,0.06378587,-0.008607199,0.056673378,0.035934173,-0.0038394597,0.0061082346,-0.0037538477,0.04712943,0.006844381,-0.0409945,0.038691673,-0.111386016,-0.012027209,-0.022236295,0.062488247,0.058743928,0.06694015,-0.0552373,-0.026086193,-0.089807004,0.04854069,0.00092260115,-0.009944104,0.05796022,-0.021298937,0.008911471,-0.08249814,0.07478318,-0.00835271,-0.0658398,-0.021014523,0.025220413,0.0525369,0.025513772
28,-0.20799077,0.046783395,-0.7784586,0.06949431,0.42431474,-0.18108301,-0.7613859,0.12802716,0.34987417,0.4296196,0.25243124,0.07680719,0.33607984,-0.041272283,0.3023721,0.26189366,-0.13213184,-0.30040488,0.04615759,-0.25623757,0.36763024,0.18578681,-0.011420459,0.037598602,0.26122397,0.21662572,0.09733038,-0.3224217,3.2140467,-0.25676984,-0.01851217,-0.1880919,0.16564085,0.1912319,-0.065273784,0.006547824,-0.043246258,-0.0037330515,0.010203006,-0.07347101,-0.080499485,-0.01893522,0.048125327,0.1502068,-0.05646056,-0.0762977,-0.12950557,-0.02228761,-0.027315946,-0.061891537,0.07044679,0.0075392937,0.0797528,-0.032124974,-0.07570736,-0.018301588,0.0468096,-0.015146328,-0.16195774,-0.03774426,-0.040076148,-0.07972608,0.025101021,-0.010095251,0.041709255,0.0083181895,0.08639152,-0.015115742,0.009142218,-0.009701764,-0.03186956,0.03582571,0.0024088407,0.07094354,-0.038746007,0.03734886,0.03332988,0.04112472,-0.06271084,0.05040423,0.093777135,0.01740375,0.024874788,-0.049228877,0.0048296154,0.0048837457,0.021715939,-0.07254949,-0.08413941,0.00041936207,0.01023896,-0.024736669,0.058115155,0.012998982,-0.008741118,0.052242015,0.0017846762,-0.023365352,-0.02185781,-0.0023728302,0.04302989,0.054094113,-0.024400938
29,-0.12069367,0.58766603,-0.5249738,-0.2718965,0.98516905,-0.038702093,-0.918908,-0.0870458,0.19850132,-0.47497565,0.37759423,0.20530494,0.16222382,-0.26483706,-0.37031597,0.09908984,0.34158275,0.03430902,0.20077488,-0.021473411,0.036107883,0.37209132,-0.054415777,0.1441268,0.04425302,0.11940485,0.3782394,0.1329063,-0.25676984,2.902404,-0.16854945,0.013267126,-0.039806284,0.1052161,-0.034838244,0.10680165,0.013531713,-0.11775417,0.06292196,-0.08507039,0.03191842,-0.15372676,-0.0362087,-0.016368711,-0.013822461,-0.17151935,-0.010760175,0.09678139,-0.06642667,-0.12997192,0.014203294,-0.024341762,0.013651248,-0.05944228,0.02230749,0.060610563,-0.105256885,0.009369401,-0.19209497,0.05071614,-0.034158085,-0.010985991,0.014504712,-0.010167161,0.090476334,-0.004483611,0.092090346,-0.0029780837,0.09495415,0.041035008,0.025038423,0.12091635,-0.022939943,0.009537328,-0.0029712175,-0.0048734606,-0.052412547,-0.051506296,-0.003224387,-0.042173877,0.011953187,-0.03292727,-0.021307997,0.030978236,0.0044256635,0.045262683,-0.013478385,-0.06363347,-0.028729403,0.044575714,-0.07157901,0.013712641,0.0324412,-0.006375247,-0.015275027,-0.001161586,0.016349755,0.09540702,-0.008676766,-0.024591453,0.023548026,-0.008215176,-0.034076948
30,0.12895207,0.96714437,0.035791934,-0.27575022,0.26753312,-0.27027112,0.4325742,0.005815749,-0.1625202,0.22125353,-0.22311166,0.24450038,0.35714597,0.17669854,-0.0084297,0.18969421,0.010607841,-0.1266502,0.26883054,-0.25162125,0.28517097,0.141755,-0.2056277,0.16311735,-0.14917627,0.013865326,-0.09466318,-0.03492019,-0.01851217,-0.16854945,2.992341,0.05548468,0.3144021,-0.06461857,0.11941534,0.21835978,0.027513225,0.01296895,-0.055451687,-0.053391155,0.048316896,-0.10552663,-0.18637136,0.13439053,-0.065136306,-0.038276672,0.13440263,0.0049725515,-0.035501525,-0.051829133,-0.12962331,-0.06251025,-0.044389725,-0.08598923,0.02364411,0.06551298,0.0075944625,-0.007180636,0.08121185,-0.006540025,-0.04722066,-0.027097043,-0.07608173,-0.031385496,0.043315247,0.019147377,0.023126807,0.033411525,0.029932952,0.0066071143,-0.05863741,0.046922993,-0.1328145,-0.03352809,-0.002242334,-0.03329661,0.0106436405,0.057484515,0.09728837,0.027136952,-0.0071496973,0.041145828,-0.014132225,-0.08215231,-0.021103349,0.005126913,0.012153831,-0.07831821,-0.0458833,0.043161646,-0.043841407,-0.015037029,0.03115914,-0.036552727,0.01036999,-0.031871926,-0.038248103,-0.011505518,0.010871278,-0.06076173,-0.043939546,-0.05213504,-0.04167515
31,-0.06513127,-1.4260665,0.4258441,0.49714702,-0.8253762,-0.10907717,-0.9476165,-0.022896402,0.04297045,-0.58564126,-0.3056548,0.14500694,0.05213222,0.1485049,0.39448467,0.14842263,-0.30031464,0.042481318,0.17814155,-0.37378266,0.27020448,0.22192132,0.06680661,-0.090586215,0.0683233,-0.2409372,-0.07778199,0.0103579685,-0.1880919,0.013267126,0.05548468,2.6341605,0.14372714,-0.00371729,-0.20813498,-0.11493013,-0.06771809,0.1968771,0.043292165,-0.06574477,-0.017468993,0.087333515,0.018018205,-0.05241128,0.09041834,0.044098854,0.0077120913,-0.014675997,0.08889179,-0.06528665,-0.11698103,-0.13091376,-0.025136419,0.097033516,0.014773011,-0.043175988,0.05361925,-0.05092656,-0.024340095,-0.0461589,-0.08887064,0.006121409,-0.03717327,-0.02871672,0.13078071,0.059314713,0.044507343,0.02242287,-0.07616325,0.009381132,-0.00038252145,0.0064810207,-0.023413248,-0.02748943,-0.058672965,-0.071026355,0.04205256,-0.014473417,0.04011125,0.044504177,0.0375675,-0.029158518,0.006195875,-0.06622177,0.05184818,-0.0060365675,0.07991945,0.010999022,-0.064770006,0.015254956,0.012038371,0.0035151157,0.014843186,0.019221228,-0.10319434,0.0043557463,0.034524634,-0.0044062724,-0.04954405,0.01193844,0.008662088,0.0713501,-0.0036641727
