,0,1,2,3,4,5,6,7,8,9,10,11,12,13,14,15,16,17,18,19,20,21,22,23,24,25,26,27,28,29,30,31,32,33,34,35,36,37,38,39,40,41,42,43,44,45,46,47,48,49,50,51,52
0,870.20074,99.16669,-22.33666,3.4849906,29.758022,3.2060676,-26.6502,-7.3435907,-1.9578917,-2.4033961,20.644257,-0.07117527,10.04218,-8.5094185,1.8560116,-5.077381,-1.4511654,1.5592529,1.1817281,-2.8996243,6.297348,-0.3472023,-0.8845297,-0.6047735,2.742322,3.0444064,-2.9732826,-3.3060126,-0.57341707,-1.1507814,2.5910034,-0.94793975,1.2819504,1.0994798,-2.8436763,-1.0386231,-0.5488925,-2.239388,0.06118369,-2.0109277,-0.882415,-0.6195799,-0.59276164,-1.2027857,-0.988696,1.3936889,0.64961916,1.0452306,0.92851543,0.42219776,-0.84897226,-1.2038395,-1.997709
1,99.16669,143.54713,-1.9606389,15.246553,-3.919437,-14.545673,15.826672,14.295331,-1.0333014,3.05634,-4.692318,7.7336826,1.1547079,3.5141401,-6.9913607,-0.6894536,0.8057398,-1.6849446,-0.6014352,6.4578724,1.6581376,2.5460577,-0.2222363,-0.22399986,1.4213912,-10.64518,0.7863606,2.0008097,1.6625313,-0.72732425,-2.8181686,0.6698212,-0.4152515,-2.3485303,0.94766927,0.2879544,0.09303832,2.2098598,0.708578,0.97740567,1.5483384,-1.2115623,1.6656957,3.1812057,1.3515586,-0.41816354,-2.1505861,-2.0628853,-1.1287966,-0.20999661,0.746529,1.5988158,3.3327954
2,-22.33666,-1.9606389,103.55151,8.6463175,13.31523,11.016136,3.8966522,9.989483,1.671219,0.38646922,11.173059,9.565748,0.10394375,8.284708,1.4839048,0.18680283,-3.6582627,-1.5108774,-12.105812,2.4417782,-0.5666486,3.308217,0.07668288,-1.8502145,-1.9165962,-4.0204515,-1.1701419,-1.8038235,2.1685357,0.37715375,-1.3358841,1.973053,-2.2181373,1.0453329,-2.4432988,1.6851776,0.96893334,0.8604878,0.18623628,-5.1530933,1.4299506,2.93504,-2.3800178,1.309197,-0.550634,-0.38809386,0.6653111,-0.8590795,-0.90247065,1.0490674,-0.75202096,2.5339458,-0.2920193
3,3.4849906,15.246553,8.6463175,62.269653,0.5744324,3.662706,0.25361305,3.7411392,4.563746,-2.078115,-12.004536,-1.7795436,1.886626,1.6538764,1.0354433,-0.80044603,0.22372243,0.94837105,-5.2774124,-3.2814312,4.796953,-3.745104,2.8033729,2.26246,-2.2557602,-5.374283,-0.22129528,-0.164197,-0.5282904,2.2936304,0.7327497,0.0023516812,-2.9496207,1.9091535,0.36856997,-2.4131985,-0.15942091,1.4311314,0.79015255,1.3254268,-0.13298838,-0.30274016,-0.14764804,-0.31552047,-1.2215035,-1.1440675,-0.81934184,-1.0963682,-1.8616749,2.1480565,-0.90809727,-1.4064773,0.14067715
4,29.758022,-3.919437,13.31523,0.5744324,94.27631,-0.1416499,9.802174,1.9696364,7.82978,-4.0038676,-6.83972,-3.478768,-3.147978,9.096652,-2.265676,2.7360234,-6.0078344,-1.4228213,-0.25594652,1.3770509,-3.9893217,-0.9266957,-0.42727542,-0.3375929,-4.2729387,-0.26323408,5.6553116,-1.0009536,-1.7382839,4.432807,2.4903026,-1.8274832,2.0982308,0.9252336,0.6348926,0.5943431,0.52448606,0.1476416,-0.90097106,0.7347101,1.4815516,-0.42099208,-1.222614,-1.3910325,1.0845492,-0.62251675,0.9771218,0.65460616,-0.3860355,-0.3402595,1.0747623,0.9030903,-0.17672928
5,3.2060676,-14.545673,11.016136,3.662706,-0.1416499,34.594353,0.8651445,5.704114,-1.1393701,1.9963076,0.38312447,-2.2233076,-1.6956427,5.7723036,2.7277844,1.9926311,-1.532643,-7.0548453,0.25616306,1.6897894,3.1388292,-2.0054986,1.0688494,-1.4278793,-1.2584103,1.1204592,-0.5196172,-3.038976,1.2720175,-4.405704,0.9448526,-0.6539496,-1.3696389,2.2880423,-0.62408364,-0.47124586,0.39064193,-1.1297172,-0.26456726,-0.33534533,0.6796346,-0.8978083,1.7179978,0.17862257,0.13317475,-0.056052186,-1.7897564,-0.048691034,0.7349367,-1.0544403,-0.50651336,-1.2736609,-1.2113657
6,-26.6502,15.826672,3.8966522,0.25361305,9.802174,0.8651445,32.28472,-3.6396487,-5.049463,-2.3331304,-1.8392909,4.734828,1.4401529,7.0442734,-0.13769123,-1.9746529,1.5149908,0.5825584,-2.93562,-2.4081106,-1.7571548,-2.724307,1.5258908,1.0878915,5.625391,-2.380451,-1.8100224,-1.1484838,-0.946149,-0.25357705,-0.3340649,-1.4636674,0.23692133,0.35082933,-0.76213515,-0.065303065,0.3634736,-0.7706014,-0.42226577,-0.4562183,1.806978,-1.5108503,-0.5226086,-0.8982657,1.1486356,1.6383963,-0.3885674,0.19829716,1.0719988,0.42694587,0.967581,-0.108242854,0.88918316
7,-7.3435907,14.295331,9.989483,3.7411392,1.9696364,5.704114,-3.6396487,33.174606,-3.6481442,2.0722523,-5.860797,2.8680434,8.394463,2.9474196,-1.5048304,1.1228292,2.851668,-0.41479433,-0.39198416,2.3436532,2.9446104,3.8604808,-1.2688392,2.984215,0.2769851,1.8536874,3.964819,0.08030101,-0.19699019,-0.61316746,1.3341541,0.3116544,-0.5274444,-0.629603,-0.7805962,-1.4122055,0.5019622,-0.06729303,-0.15147784,1.051219,0.90466475,1.9547106,0.19036709,0.0007053676,0.91336006,-1.4516675,-0.062398538,-0.24307682,0.1374975,-1.3888727,-0.92519367,0.47399542,0.36292553
8,-1.9578917,-1.0333014,1.671219,4.563746,7.82978,-1.1393701,-5.049463,-3.6481442,20.356956,-0.45187393,-2.368904,-0.014803847,-6.7798595,3.542511,1.7983844,-1.5939109,-1.3813828,1.2345266,1.7660182,-0.15500113,3.113,0.9166332,-2.9699764,-1.0558254,-0.6039829,-0.6381396,-0.15872633,1.2832078,-2.3616014,-1.2889137,1.3010678,-0.4925797,-2.5287533,0.39861447,-0.48982108,1.8135705,-0.095981024,0.6861271,-0.56965303,0.5413828,-1.2626245,0.5207324,-0.13641678,0.29437694,-0.025303107,-1.203089,-0.00755109,1.025071,-0.2717733,0.87711155,0.58541274,-0.39916533,0.17384446
9,-2.4033961,3.05634,0.38646922,-2.078115,-4.0038676,1.9963076,-2.3331304,2.0722523,-0.45187393,25.971703,2.2032628,2.423295,1.0316637,-2.6693676,2.85331,1.9955235,-0.78884375,-2.2587662,0.8020919,-2.820654,-3.5884907,5.019753,2.3530564,0.042503662,-2.451869,1.0659477,-2.0044446,1.7734792,-2.0852957,-0.71121204,0.5656086,0.14367703,1.0559307,-0.22127289,-1.2549876,-0.27377617,-0.118180856,0.087843455,0.4956103,0.09724972,1.2917111,-1.8991014,0.3002556,-0.4046483,0.36248368,-1.4824475,-0.060598344,-0.08898855,-0.62132573,0.21712114,-0.82641673,-0.13470513,-0.2570748
10,20.644257,-4.692318,11.173059,-12.004536,-6.83972,0.38312447,-1.8392909,-5.860797,-2.368904,2.2032628,19.677015,-1.576967,-4.631917,0.39700025,0.8239215,3.7181263,-2.6045036,-0.24840519,0.072691,-3.1581817,-2.602662,0.48149627,1.3633018,-0.7069051,1.0786006,-0.90583557,0.66527617,1.0489169,1.2891078,-1.2689241,-0.2606217,1.1979158,-0.71731037,-0.35140562,0.015227265,-0.008400433,1.151794,-0.15318948,0.9556886,-1.7418537,0.12595665,1.2485834,0.43432802,-0.6445308,0.28492755,0.35916382,-0.3718986,0.22048129,0.29664367,-0.32000864,-0.37543997,1.2658179,-0.001314126
11,-0.07117527,7.7336826,9.565748,-1.7795436,-3.478768,-2.2233076,4.734828,2.8680434,-0.014803847,2.423295,-1.576967,22.405003,-2.6354094,1.9257495,0.6685486,-0.5621437,0.54725313,1.4708779,1.4520175,-2.2752478,1.7784786,-1.8863997,1.1746693,-1.7101195,-1.0072482,1.3869524,-3.4813197,-2.4989471,-0.54190725,2.8028207,1.2182683,0.4723884,-0.16966584,-0.5131682,-0.6473664,-0.48428428,-0.11703287,1.1301908,1.0867641,0.7044023,1.0177636,0.79292536,-0.31643468,0.99086463,0.7201748,0.094507724,0.99006027,0.24069038,-1.6559101e-05,-0.42640603,0.6383049,-0.15478069,-0.15630472
12,10.04218,1.1547079,0.10394375,1.886626,-3.147978,-1.6956427,1.4401529,8.394463,-6.7798595,1.0316637,-4.631917,-2.6354094,13.729651,0.9235836,-0.9927983,-0.66805124,0.7435883,3.1092405,-1.4274362,-0.09828181,-1.8582183,0.66720587,0.21302775,1.623867,1.2754312,1.5069976,0.016176298,0.017708546,-1.0883116,-0.04976191,0.27510053,0.22719553,-0.43144584,-1.1087564,-0.3097424,-0.29764932,-0.14361176,-1.3024573,-0.2955203,-0.05403033,0.53327435,-0.7553648,0.30065146,0.8544619,-1.3141336,0.017363556,0.69008595,-0.5334132,-0.016455978,-0.43356502,-0.12541951,0.42585015,0.14155248
13,-8.5094185,3.5141401,8.284708,1.6538764,9.096652,5.7723036,7.0442734,2.9474196,3.542511,-2.6693676,0.39700025,1.9257495,0.9235836,13.139288,-1.7829009,-1.2360389,-0.6708865,-1.3268371,0.7297462,0.020255443,1.4059927,-2.609931,-2.7465112,-1.0846769,0.41247272,1.2421863,-0.2980951,0.7032982,-2.1891074,-0.7802824,0.36698848,0.27892464,-0.8116311,-1.3133206,-0.36004794,0.72832525,0.5009067,-0.6441237,0.10509947,-0.6583228,0.39990875,-0.30708122,1.0665398,0.71449864,0.53804696,0.49040776,-0.2714435,-0.03424013,0.6049702,0.6037302,-0.4783329,0.67264026,-0.28938183
14,1.8560116,-6.9913607,1.4839048,1.0354433,-2.265676,2.7277844,-0.13769123,-1.5048304,1.7983844,2.85331,0.8239215,0.6685486,-0.9927983,-1.7829009,11.141223,0.23196577,-1.3012329,-0.64616436,-1.5437567,0.043161802,1.2652497,1.3842919,2.2277765,2.2228003,0.5893382,1.2308176,0.8084162,-0.8091582,0.87712765,-0.962817,2.4736989,0.18930602,-1.668269,0.7786605,-0.1162403,-0.17401095,-0.9040854,0.13327599,-0.2820649,-0.8928563,-0.09012894,-0.23141688,-1.0215117,0.7105173,0.9748696,0.6856731,0.20579839,0.3442737,-0.0044163745,0.8080774,0.27472043,-0.11902006,-0.26392382
15,-5.077381,-0.6894536,0.18680283,-0.80044603,2.7360234,1.9926311,-1.9746529,1.1228292,-1.5939109,1.9955235,3.7181263,-0.5621437,-0.66805124,-1.2360389,0.23196577,14.53004,1.1615539,2.2053852,-1.4279232,-1.4608196,2.2843266,-0.58995014,2.6181796,-0.6981374,-0.15676716,-0.7942097,1.5376432,0.41231975,-0.8460152,-0.08003801,0.4056742,-0.4692888,0.94655204,0.14042345,0.6488035,-2.0749788,-0.8433348,1.1746144,0.4159175,-0.3007607,-0.17099573,-0.66477334,0.20291507,1.1791716,-0.03555707,-0.0058483807,0.03728889,0.89790374,-0.15187474,-0.14100328,-0.49362952,0.6190212,0.2657322
16,-1.4511654,0.8057398,-3.6582627,0.22372243,-6.0078344,-1.532643,1.5149908,2.851668,-1.3813828,-0.78884375,-2.6045036,0.54725313,0.7435883,-0.6708865,-1.3012329,1.1615539,8.084816,0.8426707,-0.25015503,1.7669749,1.9977155,0.13382792,-0.9864628,-2.0171595,1.690791,1.565117,-0.7628343,-0.3893032,0.19585463,0.42272374,-1.1511784,0.54092246,1.2233112,0.47604913,-1.2376286,-0.9873202,-0.3398562,0.3682422,-0.7664876,-0.1146535,-0.054140694,-0.33465672,-0.542765,-0.277272,-0.13538781,-0.19462277,-0.09919071,0.17801785,0.0944887,0.3527395,0.24354102,0.44160408,-0.12909062
17,1.5592529,-1.6849446,-1.5108774,0.94837105,-1.4228213,-7.0548453,0.5825584,-0.41479433,1.2345266,-2.2587662,-0.24840519,1.4708779,3.1092405,-1.3268371,-0.64616436,2.2053852,0.8426707,13.141798,-2.0011985,0.92004406,-0.23255157,0.48683727,-0.21205115,0.27108562,-0.7462316,-1.0723531,-2.5427465,0.45897508,-0.3432014,-0.55656564,0.36987737,-0.47862488,0.58713055,0.04414375,0.045719095,0.15133896,0.6209778,0.24848479,0.25782847,0.33905983,0.3880617,0.24905246,-0.5047944,0.13144556,0.2950775,-0.6668047,-0.054841105,0.044508845,0.79631555,0.38687843,0.4526304,0.050984204,-0.09832087
18,1.1817281,-0.6014352,-12.105812,-5.2774124,-0.25594652,0.25616306,-2.93562,-0.39198416,1.7660182,0.8020919,0.072691,1.4520175,-1.4274362,0.7297462,-1.5437567,-1.4279232,-0.25015503,-2.0011985,6.8053703,-1.1438594,-0.13950035,-1.0571781,0.67129207,-0.8066528,-0.49993014,0.93193614,0.39686847,-0.44968742,-0.6577266,0.20572397,0.2979201,0.5595132,-0.11342129,0.29903603,0.6889621,0.89461595,0.279087,0.58527994,-0.40530416,0.69690496,-0.030444346,-0.4999972,0.9422765,-0.4062472,0.045062162,0.21268973,0.41127688,-0.8164438,0.11184295,-0.6393213,0.05521331,0.24190675,-0.4620856
19,-2.8996243,6.4578724,2.4417782,-3.2814312,1.3770509,1.6897894,-2.4081106,2.3436532,-0.15500113,-2.820654,-3.1581817,-2.2752478,-0.09828181,0.020255443,0.043161802,-1.4608196,1.7669749,0.92004406,-1.1438594,10.423714,1.5500269,0.6368629,-0.7563776,-1.7473525,-1.8581128,-0.14537995,-0.11112067,-0.13123387,1.7648557,-0.9994419,0.1006105,0.80388045,-0.27544692,-0.46704555,1.0507002,0.55305445,0.7422037,-0.61495554,-0.27477053,-0.73485565,0.6552812,-0.67081517,-0.3932821,-0.22013348,-0.16460037,-0.2718553,0.20112863,0.2422655,0.039523635,0.36077416,0.040520996,0.22551602,-0.262581
20,6.297348,1.6581376,-0.5666486,4.796953,-3.9893217,3.1388292,-1.7571548,2.9446104,3.113,-3.5884907,-2.602662,1.7784786,-1.8582183,1.4059927,1.2652497,2.2843266,1.9977155,-0.23255157,-0.13950035,1.5500269,7.4530115,-0.44397372,0.30352035,-0.8437362,0.17955422,0.6663773,-0.38935015,-0.13569835,-0.77072036,0.00073620863,0.020724311,-0.037941467,-0.27511045,0.9227633,0.98717356,0.0937425,-1.2432765,-0.041219223,0.35047942,-0.42172372,-0.82619786,-0.2598772,-0.13051072,0.007186793,0.60821867,-0.48532706,-0.039066553,0.11897552,0.4416281,0.09097751,-0.06701803,0.23587075,0.02291758
21,-0.3472023,2.5460577,3.308217,-3.745104,-0.9266957,-2.0054986,-2.724307,3.8604808,0.9166332,5.019753,0.48149627,-1.8863997,0.66720587,-2.609931,1.3842919,-0.58995014,0.13382792,0.48683727,-1.0571781,0.6368629,-0.44397372,7.858535,-1.5747707,-0.20591366,0.3996891,1.3518946,0.15490344,0.22828822,-0.18412852,0.060635403,0.22622225,-0.5746747,-0.43853334,1.3562363,0.57983756,0.82950866,0.6774087,-0.15233426,0.10023384,0.45760778,-0.0013354273,0.38905472,-0.7627406,0.4766384,0.48560342,-0.00030029507,-0.59362346,-0.371049,-0.43198436,-0.03847803,-0.16264182,0.3949319,0.02723343
22,-0.8845297,-0.2222363,0.07668288,2.8033729,-0.42727542,1.0688494,1.5258908,-1.2688392,-2.9699764,2.3530564,1.3633018,1.1746693,0.21302775,-2.7465112,2.2277765,2.6181796,-0.9864628,-0.21205115,0.67129207,-0.7563776,0.30352035,-1.5747707,5.7245593,-0.36292994,0.26813048,-1.8489164,0.0038266727,0.3496246,0.6485856,0.23581243,0.8016235,0.8782926,-0.85176617,0.2861289,0.83825415,-1.047543,-0.2676551,-0.1970493,-0.36919588,0.014928656,0.21882153,-0.68774056,-0.24066374,-0.6924834,0.3240926,-0.13230948,0.46810907,-0.5473083,-0.2579075,-0.1813845,0.3865304,0.22129917,-0.19353938
23,-0.6047735,-0.22399986,-1.8502145,2.26246,-0.3375929,-1.4278793,1.0878915,2.984215,-1.0558254,0.042503662,-0.7069051,-1.7101195,1.623867,-1.0846769,2.2228003,-0.6981374,-2.0171595,0.27108562,-0.8066528,-1.7473525,-0.8437362,-0.20591366,-0.36292994,4.6426573,-0.3052566,-0.62251973,1.1689756,-0.4237752,0.33682817,-0.63509035,0.6696222,-0.9369662,0.3939938,-0.7585541,-0.21242946,0.22823998,-0.7321743,0.31195503,0.23511758,-0.30588847,0.14075613,0.5370206,0.08266565,-0.33958432,0.27641934,0.38875425,0.08252776,0.3034271,0.12213494,0.14910296,-0.44172192,-0.5198777,0.19166552
24,2.742322,1.4213912,-1.9165962,-2.2557602,-4.2729387,-1.2584103,5.625391,0.2769851,-0.6039829,-2.451869,1.0786006,-1.0072482,1.2754312,0.41247272,0.5893382,-0.15676716,1.690791,-0.7462316,-0.49993014,-1.8581128,0.17955422,0.3996891,0.26813048,-0.3052566,6.778135,0.13306381,1.2758015,-0.40389305,-1.0610784,-0.58571106,-1.0449953,-0.65559876,-1.2121515,-0.1424364,0.0067661814,-0.37843406,0.07064812,-0.011587102,-0.43936524,0.25993627,0.4943341,0.2427116,-1.100064,-0.54927564,0.09993528,0.10664889,0.0637058,0.1520786,0.26095188,-0.19959915,-0.06858005,0.26603946,0.024400849
25,3.0444064,-10.64518,-4.0204515,-5.374283,-0.26323408,1.1204592,-2.380451,1.8536874,-0.6381396,1.0659477,-0.90583557,1.3869524,1.5069976,1.2421863,1.2308176,-0.7942097,1.565117,-1.0723531,0.93193614,-0.14537995,0.6663773,1.3518946,-1.8489164,-0.62251973,0.13306381,4.489143,0.009563111,-0.37339598,-0.46514666,0.9831202,0.2896878,0.16599073,0.24436706,-0.120798804,-0.2013975,0.10393339,-0.7261172,-0.34665453,0.012267098,-0.20455147,-0.016949402,-0.18645671,-0.2785707,0.6078001,-0.0059570232,0.3840517,0.23012924,0.20467654,0.19836418,-0.3731448,-0.21471313,-0.03081081,-0.25474203
26,-2.9732826,0.7863606,-1.1701419,-0.22129528,5.6553116,-0.5196172,-1.8100224,3.964819,-0.15872633,-2.0044446,0.66527617,-3.4813197,0.016176298,-0.2980951,0.8084162,1.5376432,-0.7628343,-2.5427465,0.39686847,-0.11112067,-0.38935015,0.15490344,0.0038266727,1.1689756,1.2758015,0.009563111,3.9366758,-0.014106022,0.015769975,0.31763065,0.39277774,0.4683433,-0.28191936,0.1952433,0.24616379,-0.6360124,0.24374378,0.64825344,-0.044278517,0.14259082,-0.10146278,0.6918145,-0.09922044,-0.021974482,-0.124716446,0.13286634,0.18305302,0.2812506,0.02809979,-0.1266332,-0.23984814,0.20868964,0.2926629
27,-3.3060126,2.0008097,-1.8038235,-0.164197,-1.0009536,-3.038976,-1.1484838,0.08030101,1.2832078,1.7734792,1.0489169,-2.4989471,0.017708546,0.7032982,-0.8091582,0.41231975,-0.3893032,0.45897508,-0.44968742,-0.13123387,-0.13569835,0.22828822,0.3496246,-0.4237752,-0.40389305,-0.37339598,-0.014106022,3.4760847,-0.6710882,-0.24489239,0.10812263,0.48132634,-0.45023614,-0.42752317,-0.09395605,-0.17050365,-0.21384877,-0.79937565,-0.227821,-0.14021292,-0.6902112,-0.23563871,0.05490698,-0.114548296,0.4669286,-0.2530983,0.08372657,-0.04759968,-0.007856695,0.10544906,-0.06251038,0.19294955,0.5759283
28,-0.57341707,1.6625313,2.1685357,-0.5282904,-1.7382839,1.2720175,-0.946149,-0.19699019,-2.3616014,-2.0852957,1.2891078,-0.54190725,-1.0883116,-2.1891074,0.87712765,-0.8460152,0.19585463,-0.3432014,-0.6577266,1.7648557,-0.77072036,-0.18412852,0.6485856,0.33682817,-1.0610784,-0.46514666,0.015769975,-0.6710882,2.921967,-0.088839516,-0.0720627,0.62656707,0.077089995,-0.45599085,0.011289316,-0.065316945,-0.5754242,0.026725892,-0.11481254,-0.25726998,0.10676016,0.7164665,-0.032331094,-0.0113148,0.05978553,0.24109054,-0.3906032,-0.13973072,-0.25165775,-0.24873288,0.33804172,-0.057057556,-0.24167322
29,-1.1507814,-0.72732425,0.37715375,2.2936304,4.432807,-4.405704,-0.25357705,-0.61316746,-1.2889137,-0.71121204,-1.2689241,2.8028207,-0.04976191,-0.7802824,-0.962817,-0.08003801,0.42272374,-0.55656564,0.20572397,-0.9994419,0.00073620863,0.060635403,0.23581243,-0.63509035,-0.58571106,0.9831202,0.31763065,-0.24489239,-0.088839516,2.5941815,-0.17106655,0.56959224,0.40215862,0.2732325,0.36311927,-0.35845232,-0.41326332,0.37264776,0.37515056,0.110014156,-0.03362478,0.12476059,-0.3860829,0.12510581,-0.22548711,0.21209924,0.4264434,-0.14364797,-0.24920511,-0.14847824,0.17181623,0.14217362,0.17633037
30,2.5910034,-2.8181686,-1.3358841,0.7327497,2.4903026,0.9448526,-0.3340649,1.3341541,1.3010678,0.5656086,-0.2606217,1.2182683,0.27510053,0.36698848,2.4736989,0.4056742,-1.1511784,0.36987737,0.2979201,0.1006105,0.020724311,0.22622225,0.8016235,0.6696222,-1.0449953,0.2896878,0.39277774,0.10812263,-0.0720627,-0.17106655,2.1395657,0.044492133,-0.9066858,0.22015235,0.05260451,-0.19295739,0.5489702,-0.2933108,-0.13484287,0.39010707,-0.24440062,0.06576529,0.115818456,0.3096933,0.19631806,0.23275347,0.33873084,0.3522211,-0.19204804,0.23804024,0.17452508,-0.14866969,-0.056483902
31,-0.94793975,0.6698212,1.973053,0.0023516812,-1.8274832,-0.6539496,-1.4636674,0.3116544,-0.4925797,0.14367703,1.1979158,0.4723884,0.22719553,0.27892464,0.18930602,-0.4692888,0.54092246,-0.47862488,0.5595132,0.80388045,-0.037941467,-0.5746747,0.8782926,-0.9369662,-0.65559876,0.16599073,0.4683433,0.48132634,0.62656707,0.56959224,0.044492133,2.0486324,-0.28022784,0.015706602,-0.106585994,-0.4457018,-0.016247276,0.104730934,0.21951705,-0.2794683,-0.104100406,0.43977374,0.41090396,0.011522174,-0.23692046,0.070178516,-0.005191018,-0.1690549,0.19428208,0.21746862,0.35851896,0.36571854,-0.05820325
32,1.2819504,-0.4152515,-2.2181373,-2.9496207,2.0982308,-1.3696389,0.23692133,-0.5274444,-2.5287533,1.0559307,-0.71731037,-0.16966584,-0.43144584,-0.8116311,-1.668269,0.94655204,1.2233112,0.58713055,-0.11342129,-0.27544692,-0.27511045,-0.43853334,-0.85176617,0.3939938,-1.2121515,0.24436706,-0.28191936,-0.45023614,0.077089995,0.40215862,-0.9066858,-0.28022784,2.7844481,-0.11308465,-0.5303217,-0.05212979,-0.40210968,0.60344386,0.046514645,-0.11036325,-0.033112504,-0.120091826,0.12186043,-0.083515435,0.29491395,-0.09648147,-0.1976653,-0.0185373,0.37755224,0.2567277,-0.23880741,-0.023000099,-0.2419844
33,1.0994798,-2.3485303,1.0453329,1.9091535,0.9252336,2.2880423,0.35082933,-0.629603,0.39861447,-0.22127289,-0.35140562,-0.5131682,-1.1087564,-1.3133206,0.7786605,0.14042345,0.47604913,0.04414375,0.29903603,-0.46704555,0.9227633,1.3562363,0.2861289,-0.7585541,-0.1424364,-0.120798804,0.1952433,-0.42752317,-0.45599085,0.2732325,0.22015235,0.015706602,-0.11308465,2.7943482,0.05890771,0.1528801,0.73716426,0.26735687,0.072101,0.11295248,-0.3863693,-0.295026,-0.075000934,-0.055388942,0.04665277,0.08713587,-0.14192823,-0.35495093,0.3426453,-0.06968117,0.33011883,0.04585521,0.2928164
34,-2.8436763,0.94766927,-2.4432988,0.36856997,0.6348926,-0.62408364,-0.76213515,-0.7805962,-0.48982108,-1.2549876,0.015227265,-0.6473664,-0.3097424,-0.36004794,-0.1162403,0.6488035,-1.2376286,0.045719095,0.6889621,1.0507002,0.98717356,0.57983756,0.83825415,-0.21242946,0.0067661814,-0.2013975,0.24616379,-0.09395605,0.011289316,0.36311927,0.05260451,-0.106585994,-0.5303217,0.05890771,1.4963231,0.33266252,-0.009723498,-0.1010809,0.31005552,0.052086543,0.15521473,-0.27851528,-0.07980573,-0.14983495,0.083533354,0.1680058,0.099773414,-0.2843864,-0.10505344,-0.19388466,-0.15697896,0.16606605,-0.09563713
35,-1.0386231,0.2879544,1.6851776,-2.4131985,0.5943431,-0.47124586,-0.065303065,-1.4122055,1.8135705,-0.27377617,-0.008400433,-0.48428428,-0.29764932,0.72832525,-0.17401095,-2.0749788,-0.9873202,0.15133896,0.89461595,0.55305445,0.0937425,0.82950866,-1.047543,0.22823998,-0.37843406,0.10393339,-0.6360124,-0.17050365,-0.065316945,-0.35845232,-0.19295739,-0.4457018,-0.05212979,0.1528801,0.33266252,1.5785483,-0.23129262,-0.052501105,0.0057430454,-0.34847,-0.02976171,-0.17000979,0.017036453,-0.053583845,0.023197165,0.010075392,0.14381313,-0.2997427,0.06766786,-0.12497978,-0.038928885,0.2231425,-0.098283686
36,-0.5488925,0.09303832,0.96893334,-0.15942091,0.52448606,0.39064193,0.3634736,0.5019622,-0.095981024,-0.118180856,1.151794,-0.11703287,-0.14361176,0.5009067,-0.9040854,-0.8433348,-0.3398562,0.6209778,0.279087,0.7422037,-1.2432765,0.6774087,-0.2676551,-0.7321743,0.07064812,-0.7261172,0.24374378,-0.21384877,-0.5754242,-0.41326332,0.5489702,-0.016247276,-0.40210968,0.73716426,-0.009723498,-0.23129262,2.211324,-0.08358921,-0.10386716,0.636164,0.1601166,0.08711568,0.14853579,-0.122467645,-0.15617645,-0.00041873357,-0.040756784,-0.0835095,-0.040053982,0.3272714,-0.094021514,0.019801512,-0.025298528
37,-2.239388,2.2098598,0.8604878,1.4311314,0.1476416,-1.1297172,-0.7706014,-0.06729303,0.6861271,0.087843455,-0.15318948,1.1301908,-1.3024573,-0.6441237,0.13327599,1.1746144,0.3682422,0.24848479,0.58527994,-0.61495554,-0.041219223,-0.15233426,-0.1970493,0.31195503,-0.011587102,-0.34665453,0.64825344,-0.79937565,0.026725892,0.37264776,-0.2933108,0.104730934,0.60344386,0.26735687,-0.1010809,-0.052501105,-0.08358921,1.2402039,0.09439148,0.05244213,0.16613285,0.24900705,-0.08425876,0.22453406,-0.029140363,0.123324916,-0.004606991,-0.07469851,0.020357434,0.24889791,-0.19721937,0.03705413,-0.13646284
38,0.06118369,0.708578,0.18623628,0.79015255,-0.90097106,-0.26456726,-0.42226577,-0.15147784,-0.56965303,0.4956103,0.9556886,1.0867641,-0.2955203,0.10509947,-0.2820649,0.4159175,-0.7664876,0.25782847,-0.40530416,-0.27477053,0.35047942,0.10023384,-0.36919588,0.23511758,-0.43936524,0.012267098,-0.044278517,-0.227821,-0.11481254,0.37515056,-0.13484287,0.21951705,0.046514645,0.072101,0.31005552,0.0057430454,-0.10386716,0.09439148,0.9841676,-0.0761199,0.18310797,0.34617984,0.3374151,-0.11025156,-0.14995793,-0.11127244,-0.12653133,0.23293082,0.21472052,-0.10515316,-0.031604435,-0.004663777,0.12121313
39,-2.0109277,0.97740567,-5.1530933,1.3254268,0.7347101,-0.33534533,-0.4562183,1.051219,0.5413828,0.09724972,-1.7418537,0.7044023,-0.05403033,-0.6583228,-0.8928563,-0.3007607,-0.1146535,0.33905983,0.69690496,-0.73485565,-0.42172372,0.45760778,0.014928656,-0.30588847,0.25993627,-0.20455147,0.14259082,-0.14021292,-0.25726998,0.110014156,0.39010707,-0.2794683,-0.11036325,0.11295248,0.052086543,-0.34847,0.636164,0.05244213,-0.0761199,1.2405642,-0.09090752,0.33740336,0.15101746,0.042930387,0.022739979,-0.25684866,-0.19164652,-0.021863837,-0.20481485,-0.07975902,0.12610573,-0.26857376,-0.11663219
40,-0.882415,1.5483384,1.4299506,-0.13298838,1.4815516,0.6796346,1.806978,0.90466475,-1.2626245,1.2917111,0.12595665,1.0177636,0.53327435,0.39990875,-0.09012894,-0.17099573,-0.054140694,0.3880617,-0.030444346,0.6552812,-0.82619786,-0.0013354273,0.21882153,0.14075613,0.4943341,-0.016949402,-0.10146278,-0.6902112,0.10676016,-0.03362478,-0.24440062,-0.104100406,-0.033112504,-0.3863693,0.15521473,-0.02976171,0.1601166,0.16613285,0.18310797,-0.09090752,0.89797986,-0.14079279,-0.1761793,-0.34701997,-0.021108571,-0.028012618,0.021545544,-0.02145945,0.049238432,-0.11452286,-0.17893842,-0.032880984,-0.19616124
41,-0.6195799,-1.2115623,2.93504,-0.30274016,-0.42099208,-0.8978083,-1.5108503,1.9547106,0.5207324,-1.8991014,1.2485834,0.79292536,-0.7553648,-0.30708122,-0.23141688,-0.66477334,-0.33465672,0.24905246,-0.4999972,-0.67081517,-0.2598772,0.38905472,-0.68774056,0.5370206,0.2427116,-0.18645671,0.6918145,-0.23563871,0.7164665,0.12476059,0.06576529,0.43977374,-0.120091826,-0.295026,-0.27851528,-0.17000979,0.08711568,0.24900705,0.34617984,0.33740336,-0.14079279,1.4904326,0.07716817,-0.119785994,0.06768091,-0.09124248,-0.25541475,0.22903904,0.048042484,0.009741583,0.12184553,0.012170065,-0.13009475
42,-0.59276164,1.6656957,-2.3800178,-0.14764804,-1.222614,1.7179978,-0.5226086,0.19036709,-0.13641678,0.3002556,0.43432802,-0.31643468,0.30065146,1.0665398,-1.0215117,0.20291507,-0.542765,-0.5047944,0.9422765,-0.3932821,-0.13051072,-0.7627406,-0.24066374,0.08266565,-1.100064,-0.2785707,-0.09922044,0.05490698,-0.032331094,-0.3860829,0.115818456,0.41090396,0.12186043,-0.075000934,-0.07980573,0.017036453,0.14853579,-0.08425876,0.3374151,0.15101746,-0.1761793,0.07716817,1.0034558,0.17036949,-0.24296361,0.03901396,-0.27535823,-0.022838868,0.13388354,-0.06973081,0.08500321,-0.0028985203,0.045355964
43,-1.2027857,3.1812057,1.309197,-0.31552047,-1.3910325,0.17862257,-0.8982657,0.0007053676,0.29437694,-0.4046483,-0.6445308,0.99086463,0.8544619,0.71449864,0.7105173,1.1791716,-0.277272,0.13144556,-0.4062472,-0.22013348,0.007186793,0.4766384,-0.6924834,-0.33958432,-0.54927564,0.6078001,-0.021974482,-0.114548296,-0.0113148,0.12510581,0.3096933,0.011522174,-0.083515435,-0.055388942,-0.14983495,-0.053583845,-0.122467645,0.22453406,-0.11025156,0.042930387,-0.34701997,-0.119785994,0.17036949,1.4968455,-0.14001085,0.41499814,-0.112516165,-0.0751262,-0.21021426,0.0774803,0.030316979,0.074822634,0.1534999
44,-0.988696,1.3515586,-0.550634,-1.2215035,1.0845492,0.13317475,1.1486356,0.91336006,-0.025303107,0.36248368,0.28492755,0.7201748,-1.3141336,0.53804696,0.9748696,-0.03555707,-0.13538781,0.2950775,0.045062162,-0.16460037,0.60821867,0.48560342,0.3240926,0.27641934,0.09993528,-0.0059570232,-0.124716446,0.4669286,0.05978553,-0.22548711,0.19631806,-0.23692046,0.29491395,0.04665277,0.083533354,0.023197165,-0.15617645,-0.029140363,-0.14995793,0.022739979,-0.021108571,0.06768091,-0.24296361,-0.14001085,1.0006853,0.075647764,-0.22051996,-0.18582428,0.21076155,0.11296224,-0.03651548,0.05362516,-0.13082704
45,1.3936889,-0.41816354,-0.38809386,-1.1440675,-0.62251675,-0.056052186,1.6383963,-1.4516675,-1.203089,-1.4824475,0.35916382,0.094507724,0.017363556,0.49040776,0.6856731,-0.0058483807,-0.19462277,-0.6668047,0.21268973,-0.2718553,-0.48532706,-0.00030029507,-0.13230948,0.38875425,0.10664889,0.3840517,0.13286634,-0.2530983,0.24109054,0.21209924,0.23275347,0.070178516,-0.09648147,0.08713587,0.1680058,0.010075392,-0.00041873357,0.123324916,-0.11127244,-0.25684866,-0.028012618,-0.09124248,0.03901396,0.41499814,0.075647764,1.0048186,-0.0022176676,-0.10459931,-0.00055297697,0.2144694,-0.0722201,-0.020480651,-0.018519199
46,0.64961916,-2.1505861,0.6653111,-0.81934184,0.9771218,-1.7897564,-0.3885674,-0.062398538,-0.00755109,-0.060598344,-0.3718986,0.99006027,0.69008595,-0.2714435,0.20579839,0.03728889,-0.09919071,-0.054841105,0.41127688,0.20112863,-0.039066553,-0.59362346,0.46810907,0.08252776,0.0637058,0.23012924,0.18305302,0.08372657,-0.3906032,0.4264434,0.33873084,-0.005191018,-0.1976653,-0.14192823,0.099773414,0.14381313,-0.040756784,-0.004606991,-0.12653133,-0.19164652,0.021545544,-0.25541475,-0.27535823,-0.112516165,-0.22051996,-0.0022176676,0.70778924,0.09555882,-0.111941785,-0.054404594,-0.058134895,0.12800056,0.06497849
47,1.0452306,-2.0628853,-0.8590795,-1.0963682,0.65460616,-0.048691034,0.19829716,-0.24307682,1.025071,-0.08898855,0.22048129,0.24069038,-0.5334132,-0.03424013,0.3442737,0.89790374,0.17801785,0.044508845,-0.8164438,0.2422655,0.11897552,-0.371049,-0.5473083,0.3034271,0.1520786,0.20467654,0.2812506,-0.04759968,-0.13973072,-0.14364797,0.3522211,-0.1690549,-0.0185373,-0.35495093,-0.2843864,-0.2997427,-0.0835095,-0.07469851,0.23293082,-0.021863837,-0.02145945,0.22903904,-0.022838868,-0.0751262,-0.18582428,-0.10459931,0.09555882,0.78932047,0.05976547,0.08132735,0.055408195,-0.24889815,0.13479877
48,0.92851543,-1.1287966,-0.90247065,-1.8616749,-0.3860355,0.7349367,1.0719988,0.1374975,-0.2717733,-0.62132573,0.29664367,-1.6559101e-05,-0.016455978,0.6049702,-0.0044163745,-0.15187474,0.0944887,0.79631555,0.11184295,0.039523635,0.4416281,-0.43198436,-0.2579075,0.12213494,0.26095188,0.19836418,0.02809979,-0.007856695,-0.25165775,-0.24920511,-0.19204804,0.19428208,0.37755224,0.3426453,-0.10505344,0.06766786,-0.040053982,0.020357434,0.21472052,-0.20481485,0.049238432,0.048042484,0.13388354,-0.21021426,0.21076155,-0.00055297697,-0.111941785,0.05976547,0.6065026,-0.023668077,0.08418573,-0.03305064,0.040078055
49,0.42219776,-0.20999661,1.0490674,2.1480565,-0.3402595,-1.0544403,0.42694587,-1.3888727,0.87711155,0.21712114,-0.32000864,-0.42640603,-0.43356502,0.6037302,0.8080774,-0.14100328,0.3527395,0.38687843,-0.6393213,0.36077416,0.09097751,-0.03847803,-0.1813845,0.14910296,-0.19959915,-0.3731448,-0.1266332,0.10544906,-0.24873288,-0.14847824,0.23804024,0.21746862,0.2567277,-0.06968117,-0.19388466,-0.12497978,0.3272714,0.24889791,-0.10515316,-0.07975902,-0.11452286,0.009741583,-0.06973081,0.0774803,0.11296224,0.2144694,-0.054404594,0.08132735,-0.023668077,0.88053006,-0.15044995,0.020550042,-0.2485477
50,-0.84897226,0.746529,-0.75202096,-0.90809727,1.0747623,-0.50651336,0.967581,-0.92519367,0.58541274,-0.82641673,-0.37543997,0.6383049,-0.12541951,-0.4783329,0.27472043,-0.49362952,0.24354102,0.4526304,0.05521331,0.040520996,-0.06701803,-0.16264182,0.3865304,-0.44172192,-0.06858005,-0.21471313,-0.23984814,-0.06251038,0.33804172,0.17181623,0.17452508,0.35851896,-0.23880741,0.33011883,-0.15697896,-0.038928885,-0.094021514,-0.19721937,-0.031604435,0.12610573,-0.17893842,0.12184553,0.08500321,0.030316979,-0.03651548,-0.0722201,-0.058134895,0.055408195,0.08418573,-0.15044995,0.63173324,0.032351755,0.15914722
51,-1.2038395,1.5988158,2.5339458,-1.4064773,0.9030903,-1.2736609,-0.108242854,0.47399542,-0.39916533,-0.13470513,1.2658179,-0.15478069,0.42585015,0.67264026,-0.11902006,0.6190212,0.44160408,0.050984204,0.24190675,0.22551602,0.23587075,0.3949319,0.22129917,-0.5198777,0.26603946,-0.03081081,0.20868964,0.19294955,-0.057057556,0.14217362,-0.14866969,0.36571854,-0.023000099,0.04585521,0.16606605,0.2231425,0.019801512,0.03705413,-0.004663777,-0.26857376,-0.032880984,0.012170065,-0.0028985203,0.074822634,0.05362516,-0.020480651,0.12800056,-0.24889815,-0.03305064,0.020550042,0.032351755,0.64839005,-0.04016623
52,-1.997709,3.3327954,-0.2920193,0.14067715,-0.17672928,-1.2113657,0.88918316,0.36292553,0.17384446,-0.2570748,-0.001314126,-0.15630472,0.14155248,-0.28938183,-0.26392382,0.2657322,-0.12909062,-0.09832087,-0.4620856,-0.262581,0.02291758,0.02723343,-0.19353938,0.19166552,0.024400849,-0.25474203,0.2926629,0.5759283,-0.24167322,0.17633037,-0.056483902,-0.05820325,-0.2419844,0.2928164,-0.09563713,-0.098283686,-0.025298528,-0.13646284,0.12121313,-0.11663219,-0.19616124,-0.13009475,0.045355964,0.1534999,-0.13082704,-0.018519199,0.06497849,0.13479877,0.040078055,-0.2485477,0.15914722,-0.04016623,0.6507259
