,0,1,2,3,4,5,6,7,8,9,10,11,12,13,14,15,16,17,18,19,20,21,22,23,24,25,26,27,28,29,30,31,32,33,34,35,36,37,38,39,40,41
0,0.013227889,-0.00014984605,-0.0027755084,0.16804977,0.021147512,0.039839968,0.0028112275,-0.0041960375,-0.0018251329,0.000977939,0.00054917624,0.0021558797,-0.0008720039,0.00012617488,0.00028480962,0.0011927669,0.0012768856,-0.00072448654,0.0013317035,0.0012912811,0.00029532477,0.0005939717,0.00052414596,-0.00037358684,4.7171907e-05,0.00021306021,0.00044267133,-0.000638437,8.288345e-05,0.00020783258,0.00017675626,0.0002624481,6.6929744e-05,3.5067835e-05,0.00014815753,-6.6344764e-05,3.23162e-07,5.477403e-05,-2.7104735e-10,4.3377787e-10,1.5506671e-10,5.403282e-11
1,-0.00014984605,0.0012516719,0.0005055452,0.00510959,0.007790674,-0.0029345062,-0.0029808406,0.0057685385,0.003934776,-0.0012401761,0.0040696124,0.0010385131,-0.0013268597,-0.00042219379,0.0008667135,-9.968811e-05,-0.00028092606,0.00029576104,-0.0007548731,-0.00047406167,0.00023425672,5.8312296e-05,0.0003711092,0.00019454688,-0.00013700456,0.00024195983,0.00022275576,0.00016705791,-9.1136986e-05,0.00037712784,3.0327308e-05,0.0004093888,-1.9974803e-05,-1.643282e-05,-4.965454e-05,-0.00013168293,3.1613822e-06,1.5665867e-06,6.7816672e-12,-1.04566314e-10,2.7125557e-11,-4.4574535e-12
2,-0.0027755084,0.0005055452,0.049568824,-0.11184693,0.11223529,-0.0008037236,0.018473174,0.040092282,-0.009600809,-0.0051880605,-0.0094808545,-0.012202735,-0.0036892756,0.0009928944,-0.0031819858,0.0040924572,0.0024003596,0.00074562465,-0.0014759891,0.0068533043,-0.0012161543,0.002532525,0.0038605365,-4.513123e-05,-0.00043941487,0.0015540803,-0.0009041702,-7.720821e-05,-0.00026491005,-0.0012845644,7.321694e-05,-0.0017005459,-9.764006e-06,0.00042551724,-0.00018372685,0.0009067291,0.00012133097,1.1825663e-05,1.0063279e-09,-4.011151e-11,7.29027e-11,-7.091123e-11
3,0.16804977,0.00510959,-0.11184693,2.451327,0.15236285,0.48512602,-0.03666929,-0.07583481,0.002609189,0.027560279,0.071010515,0.029815186,-0.009506764,-0.014834863,0.016219748,0.0015168516,-0.0057529174,0.000410543,0.007302615,0.0031344874,0.006454562,-0.0016477024,-0.0068718605,0.00095755456,-0.00086415384,-6.723005e-05,0.0010493672,0.0005913632,-0.00022253793,-0.00026291487,-0.00061944674,0.002061402,-0.0010417632,-0.0008281989,-0.00043389952,-0.00046326104,0.0014842262,0.0003762314,-2.528953e-09,3.320645e-09,2.42043e-09,2.6239547e-10
4,0.021147512,0.007790674,0.11223529,0.15236285,0.44110686,0.05483181,0.058455497,0.12469491,-0.00510926,0.02973076,0.0046344595,-0.0023896145,-0.0012036148,0.004740876,-0.00458357,0.005377084,0.0012903516,-0.005642874,-0.015043642,0.009804862,-0.006589789,0.0070690317,0.007397077,0.0016371583,-0.0011916035,0.0044974163,-0.0013418095,0.0007147478,-0.0025355443,-0.0019471908,-6.119536e-05,-0.0007883771,0.0008206227,0.00028935535,-0.00084815675,0.0006132926,-0.0005839874,-0.000428599,1.8150463e-09,-2.9100629e-09,5.1629145e-10,-6.7793116e-10
5,0.039839968,-0.0029345062,-0.0008037236,0.48512602,0.05483181,0.1546691,0.008653348,-0.007513134,-0.029320763,-0.019190436,-0.019895885,-0.001391636,-0.0011072941,-0.00043234768,-0.002970985,0.0010627856,0.0009023121,0.0007969653,0.0006065312,-0.00034767773,0.00050310744,0.000111727175,-0.0016521432,-0.00014784677,-0.00048969715,0.0016674441,0.0010716713,-0.0010186757,-4.900003e-05,0.00092403847,0.0015041942,0.00023568509,0.0008209824,-3.0287873e-05,0.00091295777,0.00019901767,-0.00036905118,0.000115786075,-2.6045885e-09,7.1450124e-10,-1.1915171e-09,-6.173506e-10
6,0.0028112275,-0.0029808406,0.018473174,-0.03666929,0.058455497,0.008653348,0.03670124,0.0039468687,-0.0065802927,0.014452975,-0.019884828,0.007372208,0.007901862,0.0013816619,-0.0007705674,0.0020208745,0.0037898447,-0.0050207106,0.00034060166,0.0033037632,-0.0010627098,0.0020327368,0.0019886852,-0.0023732125,0.00089710415,-0.00062078546,-0.0024319421,-0.0013463311,-4.2721163e-05,-0.0012859391,0.0011965798,-0.0005340368,-8.9035464e-05,-0.00053493574,0.0017038469,-0.00092529284,0.00021835025,-0.00012574674,-8.1229307e-10,-1.6176446e-09,-5.194344e-10,-2.2673655e-10
7,-0.0041960375,0.0057685385,0.040092282,-0.07583481,0.12469491,-0.007513134,0.0039468687,0.08704909,0.0031614671,-0.015914615,0.008418178,0.0029405262,-0.0004897962,2.4792993e-05,0.00031749252,-0.001564792,2.4513585e-05,0.003359158,0.0026711551,-0.0017678912,-0.00041002798,-0.00028188102,-0.004070014,-0.0006527112,0.0016095771,0.0018043974,-0.0007052745,-2.5931036e-05,-0.0008240426,0.00097358815,0.00071506866,3.233908e-05,-0.00039478455,-0.0005138018,0.00016647612,0.00020532255,0.0007000143,0.0002388255,-1.5279633e-09,-1.1449826e-09,-1.558721e-10,1.03286775e-10
8,-0.0018251329,0.003934776,-0.009600809,0.002609189,-0.00510926,-0.029320763,-0.0065802927,0.0031614671,0.028211866,0.002539041,0.014867919,0.012593161,-0.0036893156,-0.0031170934,0.0076425225,0.0020942888,0.0011085449,-0.0016945477,-0.0012101969,0.0005151061,0.0029693404,0.0010430086,0.0028462685,-0.0010476657,0.0003604945,-0.000446042,0.00079694815,-0.0012335118,-0.0006855591,-8.741298e-05,-0.00072392245,0.0019186835,2.9461175e-05,0.00030696197,0.00034915574,-0.00015166684,0.0009777511,-1.1690077e-05,-4.3014375e-10,-5.7276395e-10,2.1325823e-10,4.957686e-10
9,0.000977939,-0.0012401761,-0.0051880605,0.027560279,0.02973076,-0.019190436,0.014452975,-0.015914615,0.002539041,0.049978353,0.008740313,-0.0035302427,0.0061170086,0.0050339955,0.0011360921,-0.0031989985,0.0018121656,-0.0011393325,-0.0017828627,0.0001431286,-0.0014719696,0.00068452617,-0.0007716788,-0.0012057087,0.00095062586,0.00013969914,0.00058983563,0.00013766957,-0.00043755598,8.194381e-05,0.00031083042,-0.0014753889,0.00019895053,-0.00067137554,0.00064251025,-8.5366686e-05,0.0004085302,-0.00048614154,1.5269728e-09,-9.209622e-10,3.0687844e-10,-1.8480526e-11
10,0.00054917624,0.0040696124,-0.0094808545,0.071010515,0.0046344595,-0.019895885,-0.019884828,0.008418178,0.014867919,0.008740313,0.032927267,-0.0022157398,-0.0038909423,0.00044307177,-0.002200155,-0.00019528726,-0.00228982,0.0013671258,0.002370458,0.0005217959,0.00083338463,-0.00036009506,-0.0007802937,0.0011113004,0.00018893619,-0.0004466225,-0.0008266575,0.00081407477,0.0010738055,0.00054999784,-0.0006893822,0.000997968,-0.0010714519,0.0004379081,-0.0006728029,-6.327519e-05,-0.00056710944,-0.0002581613,7.477663e-10,3.817633e-10,1.2700745e-09,8.6149955e-11
11,0.0021558797,0.0010385131,-0.012202735,0.029815186,-0.0023896145,-0.001391636,0.007372208,0.0029405262,0.012593161,-0.0035302427,-0.0022157398,0.028363172,0.0064931912,-0.00085815263,0.0027014022,0.0030552999,-0.00045967958,-0.0052935793,-4.08642e-05,-0.0022306691,-0.000689702,-0.0022898181,0.00014308686,-0.00084078696,0.0023306562,-0.00071073725,0.00055932696,0.00018373426,0.00038694398,0.00023231463,-0.0009387467,0.0006852966,0.00018553267,-0.00032294978,-0.00044732942,-0.0008400904,-0.00025021576,0.00034063,-7.3333006e-10,-1.0557762e-10,8.403114e-10,6.61208e-10
12,-0.0008720039,-0.0013268597,-0.0036892756,-0.009506764,-0.0012036148,-0.0011072941,0.007901862,-0.0004897962,-0.0036893156,0.0061170086,-0.0038909423,0.0064931912,0.012844729,0.00013994453,-0.0014075892,0.0012687107,-0.0045191227,0.0019895746,0.0011047712,0.00019046068,-0.0016307974,-0.000349985,-0.0018056913,0.0022819093,0.0020380407,-0.0023759701,-0.00021348026,-0.00016464738,-0.0006407101,0.00017922817,0.0005617291,0.00024359599,-7.3546405e-05,-3.8244754e-05,0.00057381694,-2.9510931e-05,0.000294074,-8.704202e-05,8.0471366e-11,-7.7906814e-10,1.9960648e-12,8.7359685e-12
13,0.00012617488,-0.00042219379,0.0009928944,-0.014834863,0.004740876,-0.00043234768,0.0013816619,2.4792993e-05,-0.0031170934,0.0050339955,0.00044307177,-0.00085815263,0.00013994453,0.0067966143,-0.006085785,0.00071399024,0.0017631284,-0.0018710713,0.0009840645,-0.0006899403,0.00038864493,0.0005130714,-0.00090209255,-0.0006535915,0.00029883086,0.00030328997,0.0024686335,-0.00019535449,-0.0002921382,0.0011763345,-3.4417353e-05,0.0002760838,-0.00013929018,0.00060693687,-0.00029778053,-8.294363e-05,-0.0003698268,0.00044335512,8.506801e-11,1.56514e-09,8.7406243e-10,-2.3368328e-11
14,0.00028480962,0.0008667135,-0.0031819858,0.016219748,-0.00458357,-0.002970985,-0.0007705674,0.00031749252,0.0076425225,0.0011360921,-0.002200155,0.0027014022,-0.0014075892,-0.006085785,0.014510015,-0.0020046416,0.0017309112,0.0031790147,-0.00024301538,-0.00080338086,-0.002634924,0.0009514602,0.00042822846,-0.00051412,-0.00044467053,0.00055497,0.0005487662,-0.00024067836,8.611285e-05,-0.0005191405,0.00045680633,-0.00080075866,0.0004783619,0.00030396006,0.00010859968,-0.00020542172,0.0009862606,1.9539919e-05,8.85123e-10,-3.4162748e-10,-1.0362723e-09,2.6454633e-10
15,0.0011927669,-9.968811e-05,0.0040924572,0.0015168516,0.005377084,0.0010627856,0.0020208745,-0.001564792,0.0020942888,-0.0031989985,-0.00019528726,0.0030552999,0.0012687107,0.00071399024,-0.0020046416,0.010507152,-0.000604587,0.002474288,-0.0016673622,0.0028928816,0.00096787815,0.0018265077,0.001123999,-0.0020412952,0.0009046975,-0.0019847117,0.000765671,0.00047925563,0.0015773543,0.0005075922,-0.00035510003,-0.00047669158,-0.00015772766,0.00034945036,-0.00037406318,0.00050920824,-0.00011204237,3.1886336e-07,-5.3841973e-11,2.2328815e-10,7.851038e-10,2.0501219e-10
16,0.0012768856,-0.00028092606,0.0024003596,-0.0057529174,0.0012903516,0.0009023121,0.0037898447,2.4513585e-05,0.0011085449,0.0018121656,-0.00228982,-0.00045967958,-0.0045191227,0.0017631284,0.0017309112,-0.000604587,0.006089664,-0.002662949,0.0032209882,-2.4272418e-05,-0.00025328516,0.0011235734,0.00061622134,-0.0019467645,-0.0002678109,0.0010572517,0.0005589798,-0.000243776,0.0011270347,0.00054687925,0.0003167445,-1.5151923e-05,0.00038589793,-0.00021784577,0.00021697974,0.0003510043,0.0002945002,0.00020394349,-5.8474814e-10,3.9105046e-11,-1.5131744e-10,3.8140743e-10
17,-0.00072448654,0.00029576104,0.00074562465,0.000410543,-0.005642874,0.0007969653,-0.0050207106,0.003359158,-0.0016945477,-0.0011393325,0.0013671258,-0.0052935793,0.0019895746,-0.0018710713,0.0031790147,0.002474288,-0.002662949,0.008180473,-0.00040111283,0.00079790025,-0.00034917545,-0.00017784834,-0.0006024422,-0.0005340078,0.00064432895,-0.0005504606,0.00086821005,-0.00064949086,-0.00021915679,0.0012468447,0.0005869854,-0.00086295244,-6.679109e-05,-8.548169e-05,0.00020836394,-0.00029454037,1.4778332e-05,-0.00039277307,1.069268e-09,3.079483e-10,-2.1356264e-10,-1.7119453e-10
18,0.0013317035,-0.0007548731,-0.0014759891,0.007302615,-0.015043642,0.0006065312,0.00034060166,0.0026711551,-0.0012101969,-0.0017828627,0.002370458,-4.08642e-05,0.0011047712,0.0009840645,-0.00024301538,-0.0016673622,0.0032209882,-0.00040111283,0.010650903,0.0025557196,-0.000675348,7.402527e-05,-0.00059230224,0.0002278654,0.0011770683,-0.0004228648,-0.00069228536,-0.000492309,2.2580041e-05,0.00041796622,0.0003244575,-0.00026132708,0.00038690152,6.231344e-05,-0.00020747652,-0.00023545252,0.00026937778,0.00019856861,7.5757745e-10,6.156501e-10,7.569322e-10,6.0295563e-10
19,0.0012912811,-0.00047406167,0.0068533043,0.0031344874,0.009804862,-0.00034767773,0.0033037632,-0.0017678912,0.0005151061,0.0001431286,0.0005217959,-0.0022306691,0.00019046068,-0.0006899403,-0.00080338086,0.0028928816,-2.4272418e-05,0.00079790025,0.0025557196,0.00628656,-0.0006024231,-0.00081019395,0.0026455233,-0.00024394545,-0.0003823056,-0.0008173157,-0.0005050538,-0.0002489586,-0.0008874886,-0.00030938146,-0.0008516587,-0.00037679984,-0.00041574723,0.00032859476,0.0001573979,0.00022546823,0.00020204663,8.821055e-05,1.7905097e-09,1.2715697e-09,8.5683666e-10,2.1652968e-10
20,0.00029532477,0.00023425672,-0.0012161543,0.006454562,-0.006589789,0.00050310744,-0.0010627098,-0.00041002798,0.0029693404,-0.0014719696,0.00083338463,-0.000689702,-0.0016307974,0.00038864493,-0.002634924,0.00096787815,-0.00025328516,-0.00034917545,-0.000675348,-0.0006024231,0.006013898,0.0005653091,0.00021769597,-0.0005695803,0.0014059551,0.00036623696,-0.00027311646,-0.0001352994,-0.00081511494,-0.0004992876,0.0005096962,-0.00037691425,0.00018362155,-0.0003308712,0.00035577023,-0.00023094405,0.00066284474,-6.590267e-05,-1.4150972e-09,-8.7095975e-10,7.4673656e-11,-9.123651e-11
21,0.0005939717,5.8312296e-05,0.002532525,-0.0016477024,0.0070690317,0.000111727175,0.0020327368,-0.00028188102,0.0010430086,0.00068452617,-0.00036009506,-0.0022898181,-0.000349985,0.0005130714,0.0009514602,0.0018265077,0.0011235734,-0.00017784834,7.402527e-05,-0.00081019395,0.0005653091,0.0053240713,-0.00014381009,0.0005572573,-0.00046733182,-0.0013214806,7.8067154e-05,-0.00044409776,0.00050932425,-0.0005027623,0.0010123621,0.0005930137,0.00047614524,0.00024293181,-0.0007137004,-0.0002772899,0.00023174883,9.236931e-05,-5.0306115e-10,-1.0479072e-09,-1.7699221e-10,-3.6780495e-11
22,0.00052414596,0.0003711092,0.0038605365,-0.0068718605,0.007397077,-0.0016521432,0.0019886852,-0.004070014,0.0028462685,-0.0007716788,-0.0007802937,0.00014308686,-0.0018056913,-0.00090209255,0.00042822846,0.001123999,0.00061622134,-0.0006024422,-0.00059230224,0.0026455233,0.00021769597,-0.00014381009,0.004721736,0.0014705297,0.00012942945,0.00081740506,0.0002114606,0.00012417526,4.444007e-05,0.00053852756,0.00027551863,0.00012703528,0.000119771066,-0.00027457936,0.000126903,-0.0003382297,-0.00019642446,-9.767944e-05,1.0260968e-09,8.932988e-11,2.0109228e-10,1.5135868e-10
23,-0.00037358684,0.00019454688,-4.513123e-05,0.00095755456,0.0016371583,-0.00014784677,-0.0023732125,-0.0006527112,-0.0010476657,-0.0012057087,0.0011113004,-0.00084078696,0.0022819093,-0.0006535915,-0.00051412,-0.0020412952,-0.0019467645,-0.0005340078,0.0002278654,-0.00024394545,-0.0005695803,0.0005572573,0.0014705297,0.0046480466,0.000784946,0.00028581457,0.00040778017,0.00018320304,5.704841e-05,-0.00038786052,0.00057592645,0.00034693064,-6.7267785e-05,-5.9333033e-05,-0.0003470895,0.00030386547,0.00014074307,0.000109117114,2.9503092e-10,-3.2281489e-10,-9.759593e-11,1.892311e-10
24,4.7171907e-05,-0.00013700456,-0.00043941487,-0.00086415384,-0.0011916035,-0.00048969715,0.00089710415,0.0016095771,0.0003604945,0.00095062586,0.00018893619,0.0023306562,0.0020380407,0.00029883086,-0.00044467053,0.0009046975,-0.0002678109,0.00064432895,0.0011770683,-0.0003823056,0.0014059551,-0.00046733182,0.00012942945,0.000784946,0.0025161398,0.0007326839,0.0003732175,-0.00033792743,0.0006203888,-0.00014465034,0.00035191374,-0.00077539,0.0003696056,0.0002880712,8.727821e-05,0.00017313055,-2.055301e-06,-0.00025099269,-5.611497e-10,-3.9780637e-10,-2.6330814e-11,1.885096e-10
25,0.00021306021,0.00024195983,0.0015540803,-6.723005e-05,0.0044974163,0.0016674441,-0.00062078546,0.0018043974,-0.000446042,0.00013969914,-0.0004466225,-0.00071073725,-0.0023759701,0.00030328997,0.00055497,-0.0019847117,0.0010572517,-0.0005504606,-0.0004228648,-0.0008173157,0.00036623696,-0.0013214806,0.00081740506,0.00028581457,0.0007326839,0.001994737,0.00058679655,-0.00023157703,0.00026242022,-2.455206e-05,9.113057e-05,-0.00056839304,6.492488e-05,0.00023099029,0.00015129196,-3.293548e-05,-0.0002474513,-0.00010496714,-1.13791414e-10,3.4855024e-10,-2.273823e-10,-1.5324714e-11
26,0.00044267133,0.00022275576,-0.0009041702,0.0010493672,-0.0013418095,0.0010716713,-0.0024319421,-0.0007052745,0.00079694815,0.00058983563,-0.0008266575,0.00055932696,-0.00021348026,0.0024686335,0.0005487662,0.000765671,0.0005589798,0.00086821005,-0.00069228536,-0.0005050538,-0.00027311646,7.8067154e-05,0.0002114606,0.00040778017,0.0003732175,0.00058679655,0.0031328772,-0.00061809947,-0.00041435525,0.00080098445,-0.00012549749,-0.000113219416,-0.00019064426,0.00033099222,-0.00036673984,0.0002692636,0.000194711,0.0004178075,5.741309e-10,1.551082e-09,3.7477432e-10,2.2661018e-10
27,-0.000638437,0.00016705791,-7.720821e-05,0.0005913632,0.0007147478,-0.0010186757,-0.0013463311,-2.5931036e-05,-0.0012335118,0.00013766957,0.00081407477,0.00018373426,-0.00016464738,-0.00019535449,-0.00024067836,0.00047925563,-0.000243776,-0.00064949086,-0.000492309,-0.0002489586,-0.0001352994,-0.00044409776,0.00012417526,0.00018320304,-0.00033792743,-0.00023157703,-0.00061809947,0.0035505134,0.00021042908,0.0005647995,0.0002565858,-0.0005216121,0.0004615966,0.00027711317,-1.8342453e-05,-4.754714e-05,0.00034601975,0.00030584363,3.6532039e-10,-4.970615e-10,3.1401587e-10,-4.1295304e-11
28,8.288345e-05,-9.1136986e-05,-0.00026491005,-0.00022253793,-0.0025355443,-4.900003e-05,-4.2721163e-05,-0.0008240426,-0.0006855591,-0.00043755598,0.0010738055,0.00038694398,-0.0006407101,-0.0002921382,8.611285e-05,0.0015773543,0.0011270347,-0.00021915679,2.2580041e-05,-0.0008874886,-0.00081511494,0.00050932425,4.444007e-05,5.704841e-05,0.0006203888,0.00026242022,-0.00041435525,0.00021042908,0.0025430007,-4.222533e-05,0.00046109274,-0.00019792952,-0.000539146,-0.000110615976,0.00014720566,0.00039734144,-0.00035502296,-0.00011125779,-9.064268e-10,-4.3836512e-10,-3.3484068e-10,8.485769e-11
29,0.00020783258,0.00037712784,-0.0012845644,-0.00026291487,-0.0019471908,0.00092403847,-0.0012859391,0.00097358815,-8.741298e-05,8.194381e-05,0.00054999784,0.00023231463,0.00017922817,0.0011763345,-0.0005191405,0.0005075922,0.00054687925,0.0012468447,0.00041796622,-0.00030938146,-0.0004992876,-0.0005027623,0.00053852756,-0.00038786052,-0.00014465034,-2.455206e-05,0.00080098445,0.0005647995,-4.222533e-05,0.0020095212,0.00039640826,0.00055967696,0.000422826,-0.0005122693,0.00030234602,-0.00016728847,-0.00011448139,-4.7563015e-05,2.8808533e-10,-9.86682e-11,5.6971164e-11,4.3503708e-11
30,0.00017675626,3.0327308e-05,7.321694e-05,-0.00061944674,-6.119536e-05,0.0015041942,0.0011965798,0.00071506866,-0.00072392245,0.00031083042,-0.0006893822,-0.0009387467,0.0005617291,-3.4417353e-05,0.00045680633,-0.00035510003,0.0003167445,0.0005869854,0.0003244575,-0.0008516587,0.0005096962,0.0010123621,0.00027551863,0.00057592645,0.00035191374,9.113057e-05,-0.00012549749,0.0002565858,0.00046109274,0.00039640826,0.0011215059,0.000125955,-0.00017863253,-2.2929227e-05,0.00047698483,-0.00046610305,0.00011922467,3.2618605e-05,-4.0343873e-10,-4.82022e-10,-3.1444425e-10,-1.6290073e-10
31,0.0002624481,0.0004093888,-0.0017005459,0.002061402,-0.0007883771,0.00023568509,-0.0005340368,3.233908e-05,0.0019186835,-0.0014753889,0.000997968,0.0006852966,0.00024359599,0.0002760838,-0.00080075866,-0.00047669158,-1.5151923e-05,-0.00086295244,-0.00026132708,-0.00037679984,-0.00037691425,0.0005930137,0.00012703528,0.00034693064,-0.00077539,-0.00056839304,-0.000113219416,-0.0005216121,-0.00019792952,0.00055967696,0.000125955,0.0016717156,0.00015750776,0.00011796964,0.0005654658,0.00017928239,-4.6234396e-05,-9.976007e-05,-6.8471684e-10,-5.21718e-10,-4.318293e-10,-1.4129778e-10
32,6.6929744e-05,-1.9974803e-05,-9.764006e-06,-0.0010417632,0.0008206227,0.0008209824,-8.9035464e-05,-0.00039478455,2.9461175e-05,0.00019895053,-0.0010714519,0.00018553267,-7.3546405e-05,-0.00013929018,0.0004783619,-0.00015772766,0.00038589793,-6.679109e-05,0.00038690152,-0.00041574723,0.00018362155,0.00047614524,0.000119771066,-6.7267785e-05,0.0003696056,6.492488e-05,-0.00019064426,0.0004615966,-0.000539146,0.000422826,-0.00017863253,0.00015750776,0.001956028,0.00020412792,-0.00037113938,0.00026858773,-6.762984e-05,-0.0004500664,-7.786133e-11,-1.2951598e-09,-2.4771554e-10,1.11265455e-10
33,3.5067835e-05,-1.643282e-05,0.00042551724,-0.0008281989,0.00028935535,-3.0287873e-05,-0.00053493574,-0.0005138018,0.00030696197,-0.00067137554,0.0004379081,-0.00032294978,-3.8244754e-05,0.00060693687,0.00030396006,0.00034945036,-0.00021784577,-8.548169e-05,6.231344e-05,0.00032859476,-0.0003308712,0.00024293181,-0.00027457936,-5.9333033e-05,0.0002880712,0.00023099029,0.00033099222,0.00027711317,-0.000110615976,-0.0005122693,-2.2929227e-05,0.00011796964,0.00020412792,0.0022210907,0.00038700938,-0.00011743528,-0.0001850601,2.5908179e-05,-6.4408555e-11,6.587574e-10,-1.3765195e-10,-3.6279368e-10
34,0.00014815753,-4.965454e-05,-0.00018372685,-0.00043389952,-0.00084815675,0.00091295777,0.0017038469,0.00016647612,0.00034915574,0.00064251025,-0.0006728029,-0.00044732942,0.00057381694,-0.00029778053,0.00010859968,-0.00037406318,0.00021697974,0.00020836394,-0.00020747652,0.0001573979,0.00035577023,-0.0007137004,0.000126903,-0.0003470895,8.727821e-05,0.00015129196,-0.00036673984,-1.8342453e-05,0.00014720566,0.00030234602,0.00047698483,0.0005654658,-0.00037113938,0.00038700938,0.0013552333,0.00015355393,0.00025702207,-7.350347e-05,-8.200153e-10,-2.7154748e-10,-5.8878985e-10,-2.569457e-10
35,-6.6344764e-05,-0.00013168293,0.0009067291,-0.00046326104,0.0006132926,0.00019901767,-0.00092529284,0.00020532255,-0.00015166684,-8.5366686e-05,-6.327519e-05,-0.0008400904,-2.9510931e-05,-8.294363e-05,-0.00020542172,0.00050920824,0.0003510043,-0.00029454037,-0.00023545252,0.00022546823,-0.00023094405,-0.0002772899,-0.0003382297,0.00030386547,0.00017313055,-3.293548e-05,0.0002692636,-4.754714e-05,0.00039734144,-0.00016728847,-0.00046610305,0.00017928239,0.00026858773,-0.00011743528,0.00015355393,0.0013081598,0.0003842971,-7.447845e-05,-6.564498e-10,-4.3465578e-10,-3.0885627e-10,2.6020164e-10
36,3.23162e-07,3.1613822e-06,0.00012133097,0.0014842262,-0.0005839874,-0.00036905118,0.00021835025,0.0007000143,0.0009777511,0.0004085302,-0.00056710944,-0.00025021576,0.000294074,-0.0003698268,0.0009862606,-0.00011204237,0.0002945002,1.4778332e-05,0.00026937778,0.00020204663,0.00066284474,0.00023174883,-0.00019642446,0.00014074307,-2.055301e-06,-0.0002474513,0.000194711,0.00034601975,-0.00035502296,-0.00011448139,0.00011922467,-4.6234396e-05,-6.762984e-05,-0.0001850601,0.00025702207,0.0003842971,0.0007179896,0.00021485556,-2.1966759e-10,-1.8011856e-10,-6.5415146e-11,1.3443921e-10
37,5.477403e-05,1.5665867e-06,1.1825663e-05,0.0003762314,-0.000428599,0.000115786075,-0.00012574674,0.0002388255,-1.1690077e-05,-0.00048614154,-0.0002581613,0.00034063,-8.704202e-05,0.00044335512,1.9539919e-05,3.1886336e-07,0.00020394349,-0.00039277307,0.00019856861,8.821055e-05,-6.590267e-05,9.236931e-05,-9.767944e-05,0.000109117114,-0.00025099269,-0.00010496714,0.0004178075,0.00030584363,-0.00011125779,-4.7563015e-05,3.2618605e-05,-9.976007e-05,-0.0004500664,2.5908179e-05,-7.350347e-05,-7.447845e-05,0.00021485556,0.00033032589,2.0896246e-10,5.672728e-10,2.5037708e-10,4.118892e-11
38,-2.7104735e-10,6.7816672e-12,1.0063279e-09,-2.528953e-09,1.8150463e-09,-2.6045885e-09,-8.1229307e-10,-1.5279633e-09,-4.3014375e-10,1.5269728e-09,7.477663e-10,-7.3333006e-10,8.0471366e-11,8.506801e-11,8.85123e-10,-5.3841973e-11,-5.8474814e-10,1.069268e-09,7.5757745e-10,1.7905097e-09,-1.4150972e-09,-5.0306115e-10,1.0260968e-09,2.9503092e-10,-5.611497e-10,-1.13791414e-10,5.741309e-10,3.6532039e-10,-9.064268e-10,2.8808533e-10,-4.0343873e-10,-6.8471684e-10,-7.786133e-11,-6.4408555e-11,-8.200153e-10,-6.564498e-10,-2.1966759e-10,2.0896246e-10,2.0994953e-15,1.2517972e-15,8.3323923e-16,1.155211e-16
39,4.3377787e-10,-1.04566314e-10,-4.011151e-11,3.320645e-09,-2.9100629e-09,7.1450124e-10,-1.6176446e-09,-1.1449826e-09,-5.7276395e-10,-9.209622e-10,3.817633e-10,-1.0557762e-10,-7.7906814e-10,1.56514e-09,-3.4162748e-10,2.2328815e-10,3.9105046e-11,3.079483e-10,6.156501e-10,1.2715697e-09,-8.7095975e-10,-1.0479072e-09,8.932988e-11,-3.2281489e-10,-3.9780637e-10,3.4855024e-10,1.551082e-09,-4.970615e-10,-4.3836512e-10,-9.86682e-11,-4.82022e-10,-5.21718e-10,-1.2951598e-09,6.587574e-10,-2.7154748e-10,-4.3465578e-10,-1.8011856e-10,5.672728e-10,1.2517972e-15,2.5652346e-15,8.035702e-16,-2.1776327e-17
40,1.5506671e-10,2.7125557e-11,7.29027e-11,2.42043e-09,5.1629145e-10,-1.1915171e-09,-5.194344e-10,-1.558721e-10,2.1325823e-10,3.0687844e-10,1.2700745e-09,8.403114e-10,1.9960648e-12,8.7406243e-10,-1.0362723e-09,7.851038e-10,-1.5131744e-10,-2.1356264e-10,7.569322e-10,8.5683666e-10,7.4673656e-11,-1.7699221e-10,2.0109228e-10,-9.759593e-11,-2.6330814e-11,-2.273823e-10,3.7477432e-10,3.1401587e-10,-3.3484068e-10,5.6971164e-11,-3.1444425e-10,-4.318293e-10,-2.4771554e-10,-1.3765195e-10,-5.8878985e-10,-3.0885627e-10,-6.5415146e-11,2.5037708e-10,8.3323923e-16,8.035702e-16,7.451966e-16,1.3854129e-16
41,5.403282e-11,-4.4574535e-12,-7.091123e-11,2.6239547e-10,-6.7793116e-10,-6.173506e-10,-2.2673655e-10,1.03286775e-10,4.957686e-10,-1.8480526e-11,8.6149955e-11,6.61208e-10,8.7359685e-12,-2.3368328e-11,2.6454633e-10,2.0501219e-10,3.8140743e-10,-1.7119453e-10,6.0295563e-10,2.1652968e-10,-9.123651e-11,-3.6780495e-11,1.5135868e-10,1.892311e-10,1.885096e-10,-1.5324714e-11,2.2661018e-10,-4.1295304e-11,8.485769e-11,4.3503708e-11,-1.6290073e-10,-1.4129778e-10,1.11265455e-10,-3.6279368e-10,-2.569457e-10,2.6020164e-10,1.3443921e-10,4.118892e-11,1.155211e-16,-2.1776327e-17,1.3854129e-16,2.3337372e-16
