,0,1,2,3,4,5,6,7,8,9,10,11,12,13,14,15,16,17,18,19,20,21,22,23,24,25,26,27,28,29,30,31,32,33,34,35,36,37,38,39,40,41
0,645.34924,0.060167413,-0.00612403,-0.08693305,-0.0038082576,-0.012989801,0.0019649137,-0.0008673852,0.005803583,-0.0011318899,-0.000229723,-0.0017130064,0.00041748397,0.00013090392,-0.0012049505,-0.00089611055,-0.00029414712,0.0013891857,-0.00039390623,-0.0011861816,-0.00047625453,-0.0006224782,-0.00038167177,0.00022712849,-2.3166715e-05,-7.5333584e-05,-0.00030310336,0.00035010176,4.789798e-05,-0.00021831418,-0.00018661903,-0.00016557623,7.1714414e-05,-1.6022577e-05,-0.00017138105,-1.0993105e-05,6.311846e-05,3.663244e-05,4.934169e-10,6.1108185e-10,1.73955e-10,-1.2668532e-10
1,0.060167413,302.49792,-0.08172441,0.027010873,0.0036922826,-0.012430904,0.004564166,-0.003457521,-0.0030219043,-0.0017049245,-0.002343718,-0.0023763403,0.0034621598,0.00025918108,-0.0014244737,-0.000921584,0.0014175323,0.0015103944,4.740387e-05,7.188516e-05,0.00025213778,-0.00066348,0.00031712197,-0.00062528416,5.9240178e-05,0.00034380995,0.00032004813,4.848236e-06,0.0010077483,-0.0008372405,-0.0009618306,0.0006221769,0.0005138346,-0.000104682564,-0.00022106305,-0.00050645904,0.0003713872,0.00039552362,1.8716355e-09,5.0008735e-09,1.6198197e-09,-3.8605105e-10
2,-0.00612403,-0.08172441,4.61,-0.0028839847,0.01284396,0.0025786676,-0.013021842,-0.03920608,0.0019644517,-0.0021769446,0.0076163104,0.00649406,0.0008783579,-0.001815964,0.003017091,-0.0019840463,-0.0012539082,0.00054542115,0.0027964092,-0.004316811,0.0013092589,-0.0021323175,-0.0032728151,-0.00031270727,0.0011089996,-0.0010200555,0.0010001175,0.0002184296,0.0001872456,0.00046142325,-0.00013669091,0.001485598,-9.038964e-05,-0.0005476355,0.00029151907,-0.0006723435,8.756554e-05,9.486396e-05,-1.397542e-09,2.2825963e-09,4.0839968e-10,1.2410709e-10
3,-0.08693305,0.027010873,-0.0028839847,1.1855525,-0.13583738,-0.44114956,0.032966807,0.06885488,-0.0023051708,-0.024690665,-0.06463501,-0.027740538,0.008575539,0.013109665,-0.0148248235,-0.0012602553,0.0050976323,0.00013071162,-0.0069269557,-0.0026707547,-0.005830848,0.0012879793,0.0062937597,-0.0010362782,0.0012543303,0.0001638286,-0.0012770933,-0.00087177975,0.00025557002,0.0002716583,0.0003493062,-0.0017428019,0.0012442919,0.00065039156,0.0003532145,0.0004189799,-0.0016035722,0.00031985925,5.962865e-09,-3.7073267e-09,5.907763e-10,6.309217e-10
4,-0.0038082576,0.0036922826,0.01284396,-0.13583738,0.3949111,-0.049929664,-0.05327112,-0.11332121,0.0048305676,-0.026776249,-0.00415444,0.0021831272,0.0011704655,-0.0043713283,0.0041520055,-0.004900689,-0.001200651,0.005174484,0.013560386,-0.008934934,0.005984389,-0.006491502,-0.006738483,-0.0015023556,0.0011473994,-0.004072927,0.0011250463,-0.0007254067,0.0023288515,0.0018093481,4.7586866e-05,0.00074850034,-0.00067051227,-0.00026338414,0.00074833096,-0.000561662,0.0004964941,0.00050240994,-3.375345e-10,5.995749e-09,1.8862683e-09,-1.7377469e-10
5,-0.012989801,-0.012430904,0.0025786676,-0.44114956,-0.049929664,0.21289968,-0.0077673825,0.0067547923,0.026587531,0.017495358,0.01818161,0.0012154221,0.0010560276,0.00032186566,0.0027097585,-0.00090628787,-0.0007427214,-0.00080725236,-0.0006053916,0.00031477393,-0.0004728659,-0.00018813173,0.0014683981,0.0001682381,0.00041538803,-0.0014887559,-0.0011019288,0.0008844936,8.63219e-05,-0.0007936555,-0.0012888056,-0.00018695986,-0.0006298751,8.4278676e-05,-0.0008718374,-0.00018481938,0.00042795998,-0.0001239888,-6.7117456e-10,3.1204057e-09,1.1847315e-09,-7.6663215e-10
6,0.0019649137,0.004564166,-0.013021842,0.032966807,-0.05327112,-0.0077673825,0.121898174,-0.003609728,0.005791638,-0.013394344,0.018162798,-0.0063229683,-0.0071647074,-0.0010019569,0.0007610212,-0.0018784779,-0.0033157347,0.0041781478,-8.45514e-05,-0.003094758,0.00094486284,-0.0017402454,-0.0018259496,0.002289869,-0.0011889084,0.0005142917,0.0023707813,0.0014407532,4.2454003e-06,0.0011371886,-0.00093450444,0.0003996382,-4.0056784e-07,0.00057688914,-0.0015282944,0.00084186695,4.574054e-05,-0.00035367953,-2.8918499e-09,-3.6638381e-09,-2.093178e-09,-3.6341447e-10
7,-0.0008673852,-0.003457521,-0.03920608,0.06885488,-0.11332121,0.0067547923,-0.003609728,0.04382007,-0.0028857961,0.014684092,-0.0075489683,-0.0029155111,0.0004877907,-0.00021562206,-0.00031506363,0.0015165486,-6.652241e-07,-0.002941361,-0.0026193,0.0016659579,0.00036581798,8.859449e-05,0.0036794553,0.00056554994,-0.0013170021,-0.0015728205,0.00039442792,-0.00015185843,0.00081101106,-0.00082366413,-0.00064079947,4.8231777e-05,0.0005778077,0.00048252108,-0.00020849885,-0.00019237967,-0.00064792664,2.4088808e-05,7.4753925e-10,7.4733164e-10,9.432604e-10,-2.1809386e-10
8,0.005803583,-0.0030219043,0.0019644517,-0.0023051708,0.0048305676,0.026587531,0.005791638,-0.0028857961,0.054011133,-0.0021129227,-0.013544694,-0.011696752,0.003343673,0.0026673817,-0.0069848364,-0.0018616738,-0.0010751613,0.0017563197,0.00094974105,-0.00040504802,-0.0026886216,-0.0010390109,-0.0025760483,0.00088036794,-0.000108357344,0.00044450478,-0.0008604027,0.0009759953,0.00064908323,0.000103961895,0.00057392137,-0.001683692,7.748048e-05,-0.0003249286,-0.00033622884,0.0001356567,-0.0010144613,0.0003056901,2.1519178e-09,2.7203708e-09,2.5564528e-09,-6.474332e-11
9,-0.0011318899,-0.0017049245,-0.0021769446,-0.024690665,-0.026776249,0.017495358,-0.013394344,0.014684092,-0.0021129227,0.014991545,-0.008203203,0.0033342596,-0.005674743,-0.0044101705,-0.0010547254,0.0027334737,-0.001872146,0.0013089558,0.0017697386,-0.0001296993,0.0013874355,-0.00037553787,0.00078460306,0.0009863063,-0.00072784163,-0.00021228656,-0.00015818159,4.0144074e-05,0.00029125664,-0.0002011545,-0.00048731122,0.0012735229,-0.0005716193,0.00044548453,-0.00046833412,9.710599e-05,-0.00067250454,0.00049680343,8.251492e-10,2.1559503e-09,1.6621837e-09,5.4328603e-12
10,-0.000229723,-0.002343718,0.0076163104,-0.06463501,-0.00415444,0.01818161,0.018162798,-0.0075489683,-0.013544694,-0.008203203,0.019333983,0.0023275046,0.003489952,-0.00014928519,0.0020342334,7.235083e-05,0.002078688,-0.0014181833,-0.0019198707,-0.00054794434,-0.00075157935,0.0005217244,0.00073313003,-0.00095953164,-0.00038969732,0.0003301676,0.001039518,-0.0005273428,-0.0010492636,-0.000572384,0.0006367328,-0.0010019988,0.0007333589,-0.00040110754,0.00067568285,6.233841e-05,0.0005692971,-8.777011e-05,-8.536133e-10,-1.6586177e-09,-9.904197e-10,-2.683123e-10
11,-0.0017130064,-0.0023763403,0.00649406,-0.027740538,0.0021831272,0.0012154221,-0.0063229683,-0.0029155111,-0.011696752,0.0033342596,0.0023275046,0.014024902,-0.005793264,0.00065341673,-0.0024457208,-0.0026144278,0.00062514516,0.0046228906,-0.0001440626,0.0020499146,0.00058287365,0.0018514742,-0.00020860092,0.00085310306,-0.0022177002,0.0007361447,-0.00083890825,-0.0003244573,-0.00025228312,-0.0001025609,0.0010713292,-0.0005542192,0.00014301727,0.00043292882,0.00030016684,0.0007507797,0.00047096383,-0.0003211152,-3.7423747e-10,-5.1866937e-09,-2.7184364e-09,5.5365823e-10
12,0.00041748397,0.0034621598,0.0008783579,0.008575539,0.0011704655,0.0010560276,-0.0071647074,0.0004877907,0.003343673,-0.005674743,0.003489952,-0.005793264,0.016721584,-4.532294e-05,0.0012965752,-0.0011890021,0.0041100234,-0.0018963903,-0.00090232224,-0.00020692483,0.0014829442,0.00039301906,0.001645046,-0.0020500822,-0.0019304645,0.002124107,0.0003054782,0.00025805933,0.0005570495,-0.0001872738,-0.0004991768,-0.0002556151,-2.9701285e-05,3.8689115e-05,-0.0004967733,2.9365872e-05,-0.00024116857,-6.45761e-05,6.4907835e-10,1.2635675e-09,-3.887004e-10,-2.0716001e-10
13,0.00013090392,0.00025918108,-0.001815964,0.013109665,-0.0043713283,0.00032186566,-0.0010019569,-0.00021562206,0.0026673817,-0.0044101705,-0.00014928519,0.00065341673,-4.532294e-05,0.016668903,0.0055210344,-0.0005256672,-0.0014786012,0.001664418,-0.0010876697,0.00067073444,-0.00037837247,-0.0006654203,0.00077470444,0.0006297436,-0.00028006564,-0.00018757628,-0.0025272968,1.3004928e-06,0.00034302688,-0.0009914974,0.00015521533,-0.0001819287,0.00039870825,-0.0004721953,0.00018845742,6.562101e-05,0.00046713586,-0.0002948279,2.622647e-10,-2.355553e-09,-1.2473985e-09,2.268541e-10
14,-0.0012049505,-0.0014244737,0.003017091,-0.0148248235,0.0041520055,0.0027097585,0.0007610212,-0.00031506363,-0.0069848364,-0.0010547254,0.0020342334,-0.0024457208,0.0012965752,0.0055210344,0.008815829,0.0018450525,-0.0015313622,-0.0029646517,0.00022002423,0.0007196797,0.0023835788,-0.0008841412,-0.0004088749,0.00049324555,0.00036549612,-0.00050260674,-0.00052830327,0.00022404523,-6.3606974e-05,0.000490251,-0.0003659572,0.0007296806,-0.00041416928,-0.0002459538,-0.00011200524,0.00018440673,-0.0008418688,-7.259599e-05,-7.3506146e-10,1.0402981e-10,1.6744417e-10,1.6861354e-10
15,-0.00089611055,-0.000921584,-0.0019840463,-0.0012602553,-0.004900689,-0.00090628787,-0.0018784779,0.0015165486,-0.0018616738,0.0027334737,7.235083e-05,-0.0026144278,-0.0011890021,-0.0005256672,0.0018450525,0.009820022,0.00052149524,-0.00231865,0.0016712516,-0.002675814,-0.00087450614,-0.0015265483,-0.0010085818,0.001866878,-0.0009090796,0.0017467979,-0.0005052744,-0.00029592944,-0.0014811992,-0.0005082609,0.00029968284,0.00037265866,-3.1849657e-05,-0.00033661618,0.00038649724,-0.00045662912,9.0767586e-05,-0.00017660992,-4.5041132e-10,-1.3931544e-09,-1.3112719e-09,1.7959607e-10
16,-0.00029414712,0.0014175323,-0.0012539082,0.0050976323,-0.001200651,-0.0007427214,-0.0033157347,-6.652241e-07,-0.0010751613,-0.001872146,0.002078688,0.00062514516,0.0041100234,-0.0014786012,-0.0015313622,0.00052149524,0.01140618,0.0021860641,-0.002770238,-4.4923756e-05,0.00021005003,-0.0009282038,-0.00058568583,0.001841719,5.3817283e-05,-0.0010100482,-0.00037589006,0.00038125372,-0.001044289,-0.00051221077,-0.00020108641,-4.537461e-05,-0.00046855333,0.0002457767,-0.00017697139,-0.00031805778,-0.00014735993,-0.0004909665,-8.1709134e-10,-2.0128348e-09,-1.2484593e-09,8.1212155e-11
17,0.0013891857,0.0015103944,0.00054542115,0.00013071162,0.005174484,-0.00080725236,0.0041781478,-0.002941361,0.0017563197,0.0013089558,-0.0014181833,0.0046228906,-0.0018963903,0.001664418,-0.0029646517,-0.00231865,0.0021860641,0.007125336,0.0002615131,-0.0006401771,0.00037481613,0.00018368059,0.0006525985,0.0003399111,-0.0002927222,0.0005148316,-0.0007497522,0.00047109678,0.00015062065,-0.0011988415,-0.00080037233,0.0008206173,5.1648458e-05,-8.3181534e-05,-0.00013814238,0.00026911276,-0.0003196564,0.0007914648,2.6106943e-09,2.7615714e-09,1.883288e-09,-1.339514e-10
18,-0.00039390623,4.740387e-05,0.0027964092,-0.0069269557,0.013560386,-0.0006053916,-8.45514e-05,-0.0026193,0.00094974105,0.0017697386,-0.0019198707,-0.0001440626,-0.00090232224,-0.0010876697,0.00022002423,0.0016712516,-0.002770238,0.0002615131,0.0029115044,-0.002298027,0.00057450566,-0.00028965468,0.00046146466,-0.00015469638,-0.0010647845,0.00046658012,0.00030676194,0.00028069702,8.314973e-05,-0.00026727834,-0.00013084013,0.0003179607,-7.892007e-05,5.3350093e-05,8.8497894e-05,0.00020095569,-7.958891e-05,-0.00011256808,-2.653476e-11,-1.1550356e-09,-1.1032643e-09,-3.3313154e-11
19,-0.0011861816,7.188516e-05,-0.004316811,-0.0026707547,-0.008934934,0.00031477393,-0.003094758,0.0016659579,-0.00040504802,-0.0001296993,-0.00054794434,0.0020499146,-0.00020692483,0.00067073444,0.0007196797,-0.002675814,-4.4923756e-05,-0.0006401771,-0.002298027,0.005715543,0.00056461326,0.0007906437,-0.002373656,0.00018956268,0.00038542092,0.00072701136,0.00054068945,0.0002428474,0.00077664474,0.00024766143,0.00070446613,0.0003289804,0.0003059582,-0.00034590083,-0.00011433737,-0.00020168006,-0.00026549218,-3.384409e-05,-6.3922745e-10,7.471074e-10,7.032333e-10,3.3315287e-10
20,-0.00047625453,0.00025213778,0.0013092589,-0.005830848,0.005984389,-0.0004728659,0.00094486284,0.00036581798,-0.0026886216,0.0013874355,-0.00075157935,0.00058287365,0.0014829442,-0.00037837247,0.0023835788,-0.00087450614,0.00021005003,0.00037481613,0.00057450566,0.00056461326,0.0026095277,-0.0005354619,-0.00018960702,0.000500979,-0.0012295218,-0.0003228356,0.0002215611,9.4392e-05,0.0007450364,0.00045497555,-0.00048170832,0.00035847712,-0.000143607,0.00028716197,-0.00032591913,0.00020986146,-0.0006355946,0.00013498838,1.1157203e-10,7.976658e-10,5.322729e-10,9.306044e-11
21,-0.0006224782,-0.00066348,-0.0021323175,0.0012879793,-0.006491502,-0.00018813173,-0.0017402454,8.859449e-05,-0.0010390109,-0.00037553787,0.0005217244,0.0018514742,0.00039301906,-0.0006654203,-0.0008841412,-0.0015265483,-0.0009282038,0.00018368059,-0.00028965468,0.0007906437,-0.0005354619,0.0026293818,8.804332e-05,-0.00049648003,0.00049878546,0.0012922494,-0.0003971932,0.00018888147,-0.0003765241,0.0005469654,-0.0008415592,-0.00045228814,-0.00012857768,-0.00015677173,0.0005626063,0.00024065521,-0.0001252671,0.00011150173,1.1547023e-09,-6.156992e-10,-2.3259045e-10,3.0708702e-10
22,-0.00038167177,0.00031712197,-0.0032728151,0.0062937597,-0.006738483,0.0014683981,-0.0018259496,0.0036794553,-0.0025760483,0.00078460306,0.00073313003,-0.00020860092,0.001645046,0.00077470444,-0.0004088749,-0.0010085818,-0.00058568583,0.0006525985,0.00046146466,-0.002373656,-0.00018960702,8.804332e-05,0.0028097706,-0.0013667013,-3.6159792e-05,-0.0007196901,-0.0002471212,-0.00017773204,-3.124751e-05,-0.00048373762,-0.00027637603,-8.806765e-05,-6.457779e-05,0.0002296159,-0.00012490925,0.0003080059,0.0001262332,0.00022140617,8.335308e-10,7.2844347e-10,3.9501277e-10,-3.938495e-10
23,0.00022712849,-0.00062528416,-0.00031270727,-0.0010362782,-0.0015023556,0.0001682381,0.002289869,0.00056554994,0.00088036794,0.0009863063,-0.00095953164,0.00085310306,-0.0020500822,0.0006297436,0.00049324555,0.001866878,0.001841719,0.0003399111,-0.00015469638,0.00018956268,0.000500979,-0.00049648003,-0.0013667013,0.0021497568,-0.0008235149,-0.00027037057,-0.00035721133,-0.00010944954,-4.333424e-05,0.00036521646,-0.0004400374,-0.00033485994,4.358287e-05,0.000102785896,0.0003056256,-0.00027582422,-2.9403043e-05,-0.00026118825,-3.7704637e-10,-1.8703e-09,-8.746408e-10,3.8302783e-10
24,-2.3166715e-05,5.9240178e-05,0.0011089996,0.0012543303,0.0011473994,0.00041538803,-0.0011889084,-0.0013170021,-0.000108357344,-0.00072784163,-0.00038969732,-0.0022177002,-0.0019304645,-0.00028006564,0.00036549612,-0.0009090796,5.3817283e-05,-0.0002927222,-0.0010647845,0.00038542092,-0.0012295218,0.00049878546,-3.6159792e-05,-0.0008235149,0.003413301,-0.0006861766,-0.00023778129,0.00027603906,-0.0006167528,6.9568676e-05,-0.0005427181,0.00070467364,-0.00041604915,-0.00038844216,-2.5134676e-05,-0.00015146863,-0.0002388035,0.0004747178,7.9859336e-10,3.6029153e-09,2.3966056e-09,-2.3474656e-10
25,-7.5333584e-05,0.00034380995,-0.0010200555,0.0001638286,-0.004072927,-0.0014887559,0.0005142917,-0.0015728205,0.00044450478,-0.00021228656,0.0003301676,0.0007361447,0.002124107,-0.00018757628,-0.00050260674,0.0017467979,-0.0010100482,0.0005148316,0.00046658012,0.00072701136,-0.0003228356,0.0012922494,-0.0007196901,-0.00027037057,-0.0006861766,0.0032803724,-0.00039850018,0.0002881453,-0.00027702842,-1.9948948e-05,-0.00012832962,0.0004825467,-0.00017782135,-0.0002448281,-9.8747354e-05,3.359267e-05,0.00017842629,3.9212184e-05,4.266419e-10,-3.446731e-10,-8.3484164e-10,2.7041244e-10
26,-0.00030310336,0.00032004813,0.0010001175,-0.0012770933,0.0011250463,-0.0011019288,0.0023707813,0.00039442792,-0.0008604027,-0.00015818159,0.001039518,-0.00083890825,0.0003054782,-0.0025272968,-0.00052830327,-0.0005052744,-0.00037589006,-0.0007497522,0.00030676194,0.00054068945,0.0002215611,-0.0003971932,-0.0002471212,-0.00035721133,-0.00023778129,-0.00039850018,0.001458342,0.00024667196,0.0005007988,-0.00060126686,0.00022163833,0.0002301468,0.0006326707,-0.00020932985,0.00020780176,-0.0002608602,-5.2262025e-05,-8.7081164e-05,-3.2097772e-10,5.831674e-10,-3.223735e-11,-1.9857163e-10
27,0.00035010176,4.848236e-06,0.0002184296,-0.00087177975,-0.0007254067,0.0008844936,0.0014407532,-0.00015185843,0.0009759953,4.0144074e-05,-0.0005273428,-0.0003244573,0.00025805933,1.3004928e-06,0.00022404523,-0.00029592944,0.00038125372,0.00047109678,0.00028069702,0.0002428474,9.4392e-05,0.00018888147,-0.00017773204,-0.00010944954,0.00027603906,0.0002881453,0.00024667196,0.00066844723,-9.215844e-05,-0.00040662944,-7.98728e-05,0.0005476234,-0.00013623542,-0.0001370237,-8.370995e-05,3.209368e-05,-0.00013471126,-0.00023746741,-3.861132e-10,-8.185805e-10,-8.5960294e-10,-6.5555547e-12
28,4.789798e-05,0.0010077483,0.0001872456,0.00025557002,0.0023288515,8.63219e-05,4.2454003e-06,0.00081101106,0.00064908323,0.00029125664,-0.0010492636,-0.00025228312,0.0005570495,0.00034302688,-6.3606974e-05,-0.0014811992,-0.001044289,0.00015062065,8.314973e-05,0.00077664474,0.0007450364,-0.0003765241,-3.124751e-05,-4.333424e-05,-0.0006167528,-0.00027702842,0.0005007988,-9.215844e-05,0.0012135496,7.684059e-06,-0.00043541443,0.00014250801,0.00037962542,8.856813e-05,-0.00010280854,-0.00035709603,0.00031687997,-1.4783504e-05,-6.67517e-11,8.7923363e-10,2.2574255e-10,-2.8368835e-11
29,-0.00021831418,-0.0008372405,0.00046142325,0.0002716583,0.0018093481,-0.0007936555,0.0011371886,-0.00082366413,0.000103961895,-0.0002011545,-0.000572384,-0.0001025609,-0.0001872738,-0.0009914974,0.000490251,-0.0005082609,-0.00051221077,-0.0011988415,-0.00026727834,0.00024766143,0.00045497555,0.0005469654,-0.00048373762,0.00036521646,6.9568676e-05,-1.9948948e-05,-0.00060126686,-0.00040662944,7.684059e-06,0.0015478798,-0.00036969394,-0.0005499674,-0.000499235,0.00045699917,-0.00024298698,0.000156166,0.000104734754,-9.057481e-05,-4.0352777e-10,-6.278556e-10,-1.997093e-10,2.5816235e-10
30,-0.00018661903,-0.0009618306,-0.00013669091,0.0003493062,4.7586866e-05,-0.0012888056,-0.00093450444,-0.00064079947,0.00057392137,-0.00048731122,0.0006367328,0.0010713292,-0.0004991768,0.00015521533,-0.0003659572,0.00029968284,-0.00020108641,-0.00080037233,-0.00013084013,0.00070446613,-0.00048170832,-0.0008415592,-0.00027637603,-0.0004400374,-0.0005427181,-0.00012832962,0.00022163833,-7.98728e-05,-0.00043541443,-0.00036969394,0.002181498,-0.00017379186,7.941248e-05,8.3726554e-05,-0.00042215644,0.00042581343,4.2082735e-05,-0.00035588985,-1.5400032e-09,-1.9531883e-09,-1.1443861e-09,-1.2776279e-10
31,-0.00016557623,0.0006221769,0.001485598,-0.0017428019,0.00074850034,-0.00018695986,0.0003996382,4.8231777e-05,-0.001683692,0.0012735229,-0.0010019988,-0.0005542192,-0.0002556151,-0.0001819287,0.0007296806,0.00037265866,-4.537461e-05,0.0008206173,0.0003179607,0.0003289804,0.00035847712,-0.00045228814,-8.806765e-05,-0.00033485994,0.00070467364,0.0004825467,0.0002301468,0.0005476234,0.00014250801,-0.0005499674,-0.00017379186,0.0013303246,-0.0002576087,-0.00014727801,-0.00047661795,-0.00015734255,-2.153979e-05,5.6440666e-05,-2.4452565e-10,1.4078809e-09,2.9241323e-10,-1.551189e-10
32,7.1714414e-05,0.0005138346,-9.038964e-05,0.0012442919,-0.00067051227,-0.0006298751,-4.0056784e-07,0.0005778077,7.748048e-05,-0.0005716193,0.0007333589,0.00014301727,-2.9701285e-05,0.00039870825,-0.00041416928,-3.1849657e-05,-0.00046855333,5.1648458e-05,-7.892007e-05,0.0003059582,-0.000143607,-0.00012857768,-6.457779e-05,4.358287e-05,-0.00041604915,-0.00017782135,0.0006326707,-0.00013623542,0.00037962542,-0.000499235,7.941248e-05,-0.0002576087,0.00043739926,-0.00027251858,0.00045057002,-0.00022913041,-6.6708664e-05,0.00015035609,2.8546782e-10,2.1815222e-10,6.09789e-10,-5.0246595e-12
33,-1.6022577e-05,-0.000104682564,-0.0005476355,0.00065039156,-0.00026338414,8.4278676e-05,0.00057688914,0.00048252108,-0.0003249286,0.00044548453,-0.00040110754,0.00043292882,3.8689115e-05,-0.0004721953,-0.0002459538,-0.00033661618,0.0002457767,-8.3181534e-05,5.3350093e-05,-0.00034590083,0.00028716197,-0.00015677173,0.0002296159,0.000102785896,-0.00038844216,-0.0002448281,-0.00020932985,-0.0001370237,8.856813e-05,0.00045699917,8.3726554e-05,-0.00014727801,-0.00027251858,0.0003848439,-0.0003390811,0.00010851376,0.00024940423,-0.0002371517,-7.1912165e-10,-1.2015029e-09,-8.3869395e-10,3.443728e-11
34,-0.00017138105,-0.00022106305,0.00029151907,0.0003532145,0.00074833096,-0.0008718374,-0.0015282944,-0.00020849885,-0.00033622884,-0.00046833412,0.00067568285,0.00030016684,-0.0004967733,0.00018845742,-0.00011200524,0.00038649724,-0.00017697139,-0.00013814238,8.8497894e-05,-0.00011433737,-0.00032591913,0.0005626063,-0.00012490925,0.0003056256,-2.5134676e-05,-9.8747354e-05,0.00020780176,-8.370995e-05,-0.00010280854,-0.00024298698,-0.00042215644,-0.00047661795,0.00045057002,-0.0003390811,0.00081165,-0.00014296515,-0.00022736294,0.00018231347,9.88997e-10,1.9348895e-10,4.823687e-10,1.0106359e-10
35,-1.0993105e-05,-0.00050645904,-0.0006723435,0.0004189799,-0.000561662,-0.00018481938,0.00084186695,-0.00019237967,0.0001356567,9.710599e-05,6.233841e-05,0.0007507797,2.9365872e-05,6.562101e-05,0.00018440673,-0.00045662912,-0.00031805778,0.00026911276,0.00020095569,-0.00020168006,0.00020986146,0.00024065521,0.0003080059,-0.00027582422,-0.00015146863,3.359267e-05,-0.0002608602,3.209368e-05,-0.00035709603,0.000156166,0.00042581343,-0.00015734255,-0.00022913041,0.00010851376,-0.00014296515,0.000475974,-0.0003478473,8.271336e-05,1.3926474e-10,-3.5154968e-10,8.2819494e-11,-9.214638e-12
36,6.311846e-05,0.0003713872,8.756554e-05,-0.0016035722,0.0004964941,0.00042795998,4.574054e-05,-0.00064792664,-0.0010144613,-0.00067250454,0.0005692971,0.00047096383,-0.00024116857,0.00046713586,-0.0008418688,9.0767586e-05,-0.00014735993,-0.0003196564,-7.958891e-05,-0.00026549218,-0.0006355946,-0.0001252671,0.0001262332,-2.9403043e-05,-0.0002388035,0.00017842629,-5.2262025e-05,-0.00013471126,0.00031687997,0.000104734754,4.2082735e-05,-2.153979e-05,-6.6708664e-05,0.00024940423,-0.00022736294,-0.0003478473,0.0010569895,-0.00058306917,-1.4999184e-09,-2.4281996e-09,-2.1002104e-09,5.2313417e-11
37,3.663244e-05,0.00039552362,9.486396e-05,0.00031985925,0.00050240994,-0.0001239888,-0.00035367953,2.4088808e-05,0.0003056901,0.00049680343,-8.777011e-05,-0.0003211152,-6.45761e-05,-0.0002948279,-7.259599e-05,-0.00017660992,-0.0004909665,0.0007914648,-0.00011256808,-3.384409e-05,0.00013498838,0.00011150173,0.00022140617,-0.00026118825,0.0004747178,3.9212184e-05,-8.7081164e-05,-0.00023746741,-1.4783504e-05,-9.057481e-05,-0.00035588985,5.6440666e-05,0.00015035609,-0.0002371517,0.00018231347,8.271336e-05,-0.00058306917,0.00081982114,1.9151918e-09,3.7914742e-09,2.8767468e-09,-1.3222237e-10
38,4.934169e-10,1.8716355e-09,-1.397542e-09,5.962865e-09,-3.375345e-10,-6.7117456e-10,-2.8918499e-09,7.4753925e-10,2.1519178e-09,8.251492e-10,-8.536133e-10,-3.7423747e-10,6.4907835e-10,2.622647e-10,-7.3506146e-10,-4.5041132e-10,-8.1709134e-10,2.6106943e-09,-2.653476e-11,-6.3922745e-10,1.1157203e-10,1.1547023e-09,8.335308e-10,-3.7704637e-10,7.9859336e-10,4.266419e-10,-3.2097772e-10,-3.861132e-10,-6.67517e-11,-4.0352777e-10,-1.5400032e-09,-2.4452565e-10,2.8546782e-10,-7.1912165e-10,9.88997e-10,1.3926474e-10,-1.4999184e-09,1.9151918e-09,5.1137954e-15,7.560154e-15,6.3803295e-15,-1.0624684e-16
39,6.1108185e-10,5.0008735e-09,2.2825963e-09,-3.7073267e-09,5.995749e-09,3.1204057e-09,-3.6638381e-09,7.4733164e-10,2.7203708e-09,2.1559503e-09,-1.6586177e-09,-5.1866937e-09,1.2635675e-09,-2.355553e-09,1.0402981e-10,-1.3931544e-09,-2.0128348e-09,2.7615714e-09,-1.1550356e-09,7.471074e-10,7.976658e-10,-6.156992e-10,7.2844347e-10,-1.8703e-09,3.6029153e-09,-3.446731e-10,5.831674e-10,-8.185805e-10,8.7923363e-10,-6.278556e-10,-1.9531883e-09,1.4078809e-09,2.1815222e-10,-1.2015029e-09,1.9348895e-10,-3.5154968e-10,-2.4281996e-09,3.7914742e-09,7.560154e-15,1.9672869e-14,1.452726e-14,-8.516936e-16
40,1.73955e-10,1.6198197e-09,4.0839968e-10,5.907763e-10,1.8862683e-09,1.1847315e-09,-2.093178e-09,9.432604e-10,2.5564528e-09,1.6621837e-09,-9.904197e-10,-2.7184364e-09,-3.887004e-10,-1.2473985e-09,1.6744417e-10,-1.3112719e-09,-1.2484593e-09,1.883288e-09,-1.1032643e-09,7.032333e-10,5.322729e-10,-2.3259045e-10,3.9501277e-10,-8.746408e-10,2.3966056e-09,-8.3484164e-10,-3.223735e-11,-8.5960294e-10,2.2574255e-10,-1.997093e-10,-1.1443861e-09,2.9241323e-10,6.09789e-10,-8.3869395e-10,4.823687e-10,8.2819494e-11,-2.1002104e-09,2.8767468e-09,6.3803295e-15,1.452726e-14,1.0852771e-14,-5.753693e-16
41,-1.2668532e-10,-3.8605105e-10,1.2410709e-10,6.309217e-10,-1.7377469e-10,-7.6663215e-10,-3.6341447e-10,-2.1809386e-10,-6.474332e-11,5.4328603e-12,-2.683123e-10,5.5365823e-10,-2.0716001e-10,2.268541e-10,1.6861354e-10,1.7959607e-10,8.1212155e-11,-1.339514e-10,-3.3313154e-11,3.3315287e-10,9.306044e-11,3.0708702e-10,-3.938495e-10,3.8302783e-10,-2.3474656e-10,2.7041244e-10,-1.9857163e-10,-6.5555547e-12,-2.8368835e-11,2.5816235e-10,-1.2776279e-10,-1.551189e-10,-5.0246595e-12,3.443728e-11,1.0106359e-10,-9.214638e-12,5.2313417e-11,-1.3222237e-10,-1.0624684e-16,-8.516936e-16,-5.753693e-16,1.6521106e-16
