,0,1,2,3,4,5,6,7,8,9,10,11,12,13,14,15,16,17,18,19,20,21,22,23,24,25,26,27,28,29,30,31,32,33,34,35,36,37,38,39,40,41,42,43,44,45,46,47,48,49
0,0.24135567,-1.3718863,0.3061129,0.19557546,-0.017670367,-0.24740043,0.06417686,-0.29165882,-0.06844683,0.017470308,0.13714433,0.12087326,-0.03590835,0.036411345,0.026991438,-0.053635366,-0.009001873,0.048048683,-0.036193334,0.031844966,-0.022151414,-0.051980194,-0.008832704,-0.05660115,0.0035225176,-0.0062243156,0.03640547,0.019268231,-0.01853432,0.011159113,-0.01984077,0.016018264,0.0036106966,-0.0044583734,-0.0011446585,0.026593909,-0.02881563,-0.017688975,-0.014220843,-0.009636541,0.012542962,0.009915623,0.023840781,0.018170219,-0.032989256,-0.020014606,-0.011582028,-0.006913162,-0.0057052053,-0.017457277
1,-1.3718863,12.813628,-0.9734669,-0.8961363,-1.6968926,0.47949487,-0.28602105,0.9202807,0.3998353,-0.043563973,-0.29610306,-0.19349399,0.42626774,-0.11519411,0.18439624,0.38941675,0.23761143,-0.3837586,0.35347432,0.12800694,0.24054345,0.2828772,-0.07144763,0.1847445,-0.23605767,0.119684115,-0.13710713,-0.058235824,0.40988815,-0.100658335,0.15683481,-0.06616758,0.075451344,0.03616977,-0.13274977,-0.22136557,0.08892473,0.34421873,0.072808184,0.20316851,0.018290028,-0.09946692,0.023832753,-0.12082488,0.049314916,0.19689324,0.059342988,0.1593095,0.07832659,0.07685168
2,0.3061129,-0.9734669,7.4711375,1.2085651,-0.56119037,0.20963466,0.048289157,-0.002787234,0.3187234,0.24994841,0.046416674,0.034126014,-0.07245475,0.2502221,-0.1941117,0.20977825,0.12943003,0.017908558,0.30660707,0.008720731,0.1703054,-0.010380434,-0.1470191,-0.28702015,-0.008145478,-0.48683846,0.20335123,0.22184925,-0.06631237,-0.070062116,0.18242332,0.15919504,-0.06612255,0.17026371,-0.017283197,-0.08133462,-0.06798613,0.0067915977,0.04593839,-0.031518992,-0.009564459,-0.011164257,0.069824666,-0.03308633,0.0016964521,-0.055688288,-0.024078757,0.12224449,-0.051058445,0.011385301
3,0.19557546,-0.8961363,1.2085651,4.916524,-0.39729118,0.1316007,0.5973085,0.5235677,-0.12442736,0.08715756,0.47616798,0.00016537095,0.44379014,0.073626325,0.11404586,0.10622464,0.07925389,-0.08326377,-0.25572,-0.07413429,0.16338095,-0.24335234,-0.0031891195,0.19616154,-0.047505826,0.2463389,-0.03362547,-0.018031832,0.004822138,-0.06352891,-0.14760455,-0.0538804,0.013249574,-0.031077407,-0.09705891,0.044675454,-0.0132571,-0.055567995,-0.062512696,-0.0035706866,0.01481499,-0.053286977,0.02637295,0.018014748,0.056668147,-0.0034288578,0.017454535,0.025153063,-0.028086338,0.013737536
4,-0.017670367,-1.6968926,-0.56119037,-0.39729118,2.5225844,-0.42653608,-0.13129684,-0.036113787,0.15534711,0.16992667,-0.21312502,-0.096864946,0.03898955,0.008697877,0.07370415,0.116117686,-0.1897679,0.0044115474,-0.06416593,-0.008339185,-0.048320927,-0.04070916,-0.14234906,0.07231942,0.06269456,-0.01879587,-0.04696856,0.11735807,-0.02681858,0.047287036,-0.074751586,0.012314077,-0.11682686,0.02265983,-0.11291797,-0.0730892,0.09547244,-0.045300603,-0.011193801,-0.0004250853,-0.07026817,0.05064273,-0.0984412,-0.01425837,0.14691773,0.04714556,0.042875625,0.016977787,-0.026636513,-0.0043539573
5,-0.24740043,0.47949487,0.20963466,0.1316007,-0.42653608,2.3842092,-0.14199272,0.045755863,0.13276836,-0.106303826,-0.020242792,0.15941924,0.09593465,-0.0065677846,-0.053050235,0.07214747,-0.15879753,0.15332231,-0.007953703,-0.16939165,0.20636883,0.11156416,0.16553372,0.09663573,0.087335005,0.0047982153,-0.09321332,0.01569817,-0.028249223,0.11179282,0.07683757,0.054743834,0.02955297,-0.046555854,0.09641407,-0.017508984,0.15165633,-0.05072034,-0.057935975,-0.021451714,-0.02635412,-0.018091206,-0.046039034,-0.011929963,0.03113595,-0.0014630896,0.020211257,0.00074769143,-0.03334386,0.0677595
6,0.06417686,-0.28602105,0.048289157,0.5973085,-0.13129684,-0.14199272,2.3709974,-0.20265277,-0.16213709,0.2994598,-0.33057505,-0.11461946,0.27314597,0.19429436,-0.06663567,-0.051823106,-0.13755545,-0.039539605,0.1680927,0.009728562,-0.19085507,-0.04363233,-0.059698433,0.07905563,-0.17790152,0.07889609,-0.06374489,-0.08045203,0.095417485,-0.0071128355,0.061994873,0.04780346,0.058421306,0.0109661855,0.078400426,0.033452567,0.022440672,-0.034324534,0.06936338,0.03826663,-0.042154558,0.034792192,0.023065291,-0.041474104,0.04519155,-0.034553196,-0.025162522,-0.006331267,-0.03199768,-0.02789016
7,-0.29165882,0.9202807,-0.002787234,0.5235677,-0.036113787,0.045755863,-0.20265277,1.950642,-0.28841996,0.052028067,-0.15617651,-0.24922904,-0.24856888,-0.05293505,-0.0054051764,-0.04685326,0.2080099,0.12802291,-0.013061542,0.010027576,-0.062470913,0.17445347,0.05076579,-0.04536515,0.05716037,0.015905619,0.034662947,0.051374417,0.012445809,-0.019061789,-0.055577658,-0.040310964,0.018907642,0.00020161862,0.053205866,0.041594736,-0.03288827,-0.015306425,0.030948304,-0.030089242,-0.070558965,0.07032726,-0.027494684,-0.030405095,0.08764609,-0.002415373,0.045435734,-0.027799549,-0.0010013948,0.0013998011
8,-0.06844683,0.3998353,0.3187234,-0.12442736,0.15534711,0.13276836,-0.16213709,-0.28841996,1.5181366,-0.015407756,0.008206165,-0.043361083,0.10256863,-0.008966712,-0.26648027,-0.11400515,0.31168675,-0.0013990614,0.13301921,0.13042116,-0.028582815,-0.06042198,0.0047077965,0.16402385,-0.026477113,0.03601169,-0.009803476,0.019254778,0.084843665,-0.07160567,-0.044599164,0.05597087,-0.06336413,0.029908061,0.0023594243,-0.052622274,0.014644706,-0.03846925,-0.028400384,-0.029517625,0.005790078,-0.0050522136,-0.14718412,0.0029477002,-0.026686434,0.0080157295,0.008534757,-0.0123368865,-0.015265874,0.0008766339
9,0.017470308,-0.043563973,0.24994841,0.08715756,0.16992667,-0.106303826,0.2994598,0.052028067,-0.015407756,1.246965,0.036331654,-0.016030665,-0.06316817,-0.16067827,-0.2539125,-0.00989203,-0.013713288,0.0020760156,0.16572332,0.0811196,0.02186295,0.082539834,0.057699792,-0.14462042,0.062779054,0.09049636,-0.025766479,-0.0017399767,0.07537337,0.086646035,0.014050492,0.012201811,0.04637315,0.02571122,-0.039196476,0.03696943,0.04120677,0.051302433,-0.01439827,0.034591347,-0.0054911696,-0.006291936,-0.022787537,0.05030192,0.009251108,-0.0073519247,-0.015098164,0.038237333,0.03574699,-0.009129705
10,0.13714433,-0.29610306,0.046416674,0.47616798,-0.21312502,-0.020242792,-0.33057505,-0.15617651,0.008206165,0.036331654,0.8989519,0.17159341,-0.10811224,0.1613968,-0.015802093,-0.0924996,0.035215773,-0.018018264,0.03083082,0.029835027,-0.005558203,0.07661216,0.08740091,0.05908039,0.02259304,-0.040679507,0.0036569706,-0.062211435,0.025955534,0.017579915,-0.012387998,0.04279802,-0.09002273,-0.09096713,-0.029341092,0.023299754,0.024499884,0.048904125,0.010574002,0.0011310936,0.048390463,0.016717825,0.038490586,-0.0008873717,-0.003284702,0.0029081185,0.039913937,-0.0045384434,0.031432725,-0.017271806
11,0.12087326,-0.19349399,0.034126014,0.00016537095,-0.096864946,0.15941924,-0.11461946,-0.24922904,-0.043361083,-0.016030665,0.17159341,0.64975226,0.06053932,-0.033555627,0.11749731,0.0047524404,-0.005574296,0.25159782,0.102508545,-0.029225446,0.022496527,-0.010416796,0.03005042,-0.077581644,0.050020617,0.12327933,0.033710625,0.044560567,0.00163479,0.0016625773,-0.03495135,0.029458487,0.022630092,-0.02744775,-0.023608087,-0.025308512,-0.012379164,-0.032744814,-0.04484357,0.053765398,-0.008319972,0.039492063,-0.016556378,-0.05226855,-0.01283433,0.01591588,-0.025458034,0.013042612,0.03335377,-0.027239058
12,-0.03590835,0.42626774,-0.07245475,0.44379014,0.03898955,0.09593465,0.27314597,-0.24856888,0.10256863,-0.06316817,-0.10811224,0.06053932,0.82502913,-0.20818534,0.05574343,-0.077065796,0.0403789,0.10123515,-0.025173996,-0.095948964,-0.077769056,0.01862637,-0.053593423,-0.021663126,0.016360234,-0.05176478,0.004900256,0.020010801,0.0069072577,0.018031873,-0.025837535,-0.011607865,0.011022117,-0.08617119,0.009656673,0.003264534,0.035480395,0.0487253,0.026090138,0.042177826,-0.007592147,-0.035979375,-0.01672206,0.026496705,0.038891338,-0.051022492,0.011914815,0.008599367,0.023134274,0.018910307
13,0.036411345,-0.11519411,0.2502221,0.073626325,0.008697877,-0.0065677846,0.19429436,-0.05293505,-0.008966712,-0.16067827,0.1613968,-0.033555627,-0.20818534,0.66947544,0.1777471,0.1347897,-0.072622076,-0.07344643,0.05208368,0.02833717,-0.06907765,-0.033725888,0.09146783,-0.05859963,0.022001734,-0.019916972,-0.03224984,-0.004729,0.09600307,-0.02677178,-0.010035107,0.0071213227,-0.08946559,0.016445419,0.06908977,0.009317478,0.037639122,-0.013335709,0.022131933,-0.010028651,0.04013201,-0.015501322,-0.022687413,-0.02956441,0.02382027,0.022102145,0.023399852,0.0009777903,-0.01031198,-0.003946186
14,0.026991438,0.18439624,-0.1941117,0.11404586,0.07370415,-0.053050235,-0.06663567,-0.0054051764,-0.26648027,-0.2539125,-0.015802093,0.11749731,0.05574343,0.1777471,0.68374753,-0.022431776,-0.0064519504,0.008161664,0.051706202,-0.0008054634,0.041058585,-0.024104804,-0.022351388,0.015200044,0.012520541,0.010977708,0.03996244,0.011847638,0.09149269,0.0911268,0.0478668,-0.016412651,0.033813428,0.05966828,-0.03927482,0.041495204,-0.0074955723,-0.007390801,0.019655813,0.0055889715,-0.0012768544,0.014778143,-0.031785585,-0.0072862413,-0.022046447,-0.034071047,0.0011001689,0.006434461,0.0012347773,-0.00518722
15,-0.053635366,0.38941675,0.20977825,0.10622464,0.116117686,0.07214747,-0.051823106,-0.04685326,-0.11400515,-0.00989203,-0.0924996,0.0047524404,-0.077065796,0.1347897,-0.022431776,0.6300236,-0.05627347,-0.08119174,-0.06475051,-0.038695127,0.018661777,0.034512717,-0.157613,-0.00024943965,0.12316261,0.032393157,-0.023573097,-0.037951138,0.023934564,-0.063990206,-0.05698146,0.094717756,0.044324204,0.009265363,0.023162931,-0.0051947916,0.0075820573,0.012962583,-0.018859468,-0.0070192437,0.02056345,-0.01363287,-0.029791053,-0.011810333,0.0062552374,0.010503229,-0.019897666,0.009985891,0.016843557,-0.00886505
16,-0.009001873,0.23761143,0.12943003,0.07925389,-0.1897679,-0.15879753,-0.13755545,0.2080099,0.31168675,-0.013713288,0.035215773,-0.005574296,0.0403789,-0.072622076,-0.0064519504,-0.05627347,0.5786342,-0.12807214,-0.023944583,-0.11467031,-0.03374941,-0.04177995,-0.057276566,-0.08402194,0.02716143,0.06430572,0.022148862,-0.020069133,0.020627968,0.047273755,0.0069986694,0.021096397,-0.030757934,-0.000103261584,0.009116491,0.007874552,0.010285214,-0.041825213,0.029699292,-0.0119490195,-0.011673601,0.0050764875,-0.0021225014,-0.00818763,-0.05076619,-0.0073549906,-0.0016276543,-0.01660901,0.018534537,-0.015908677
17,0.048048683,-0.3837586,0.017908558,-0.08326377,0.0044115474,0.15332231,-0.039539605,0.12802291,-0.0013990614,0.0020760156,-0.018018264,0.25159782,0.10123515,-0.07344643,0.008161664,-0.08119174,-0.12807214,0.47894686,0.017480526,0.008688401,-0.079238474,0.023950126,-0.03232975,-0.06691323,0.010858383,-0.0136941075,-0.015331591,0.063676454,0.08096708,-0.046399213,0.012258173,-0.011238055,0.022372562,-0.036211673,-0.0030621774,-0.023432132,-0.026623353,0.0043808715,-0.035435926,-0.03377614,0.00943897,0.013757721,-0.022033136,0.0014479866,-0.01968997,0.0017536635,-0.004508354,-0.011424664,-0.0061540334,-0.0049028527
18,-0.036193334,0.35347432,0.30660707,-0.25572,-0.06416593,-0.007953703,0.1680927,-0.013061542,0.13301921,0.16572332,0.03083082,0.102508545,-0.025173996,0.05208368,0.051706202,-0.06475051,-0.023944583,0.017480526,0.49462962,-0.07650267,-0.032998964,0.036564283,0.003674265,0.07398245,0.015742999,-0.027759716,0.0072078975,-0.060597256,-0.017159667,0.011057135,-0.026264787,-0.028550845,0.009857874,0.063536145,-0.007213463,0.020040393,-0.0667523,0.0029769377,-0.006880246,0.01945653,-0.0027694723,0.0075155417,-0.01760584,-0.0065223603,0.013129203,0.009999291,0.022719674,-0.0062765637,0.027704373,0.015160266
19,0.031844966,0.12800694,0.008720731,-0.07413429,-0.008339185,-0.16939165,0.009728562,0.010027576,0.13042116,0.0811196,0.029835027,-0.029225446,-0.095948964,0.02833717,-0.0008054634,-0.038695127,-0.11467031,0.008688401,-0.07650267,0.42973685,-0.040664554,0.024227578,0.044662803,0.0033900063,-0.04366405,0.019561999,0.09390938,0.008626742,0.030364646,-0.0009983041,-0.041705586,-0.01700322,0.033607114,-0.0046632923,0.0035913829,0.04263742,0.048825987,0.0051597524,-0.0025420527,-0.0024824957,-0.0075659966,-0.01894581,-0.015004168,0.0024222531,-0.026525531,0.008780288,-0.0037834551,0.04806099,0.0018510146,0.00807743
20,-0.022151414,0.24054345,0.1703054,0.16338095,-0.048320927,0.20636883,-0.19085507,-0.062470913,-0.028582815,0.02186295,-0.005558203,0.022496527,-0.077769056,-0.06907765,0.041058585,0.018661777,-0.03374941,-0.079238474,-0.032998964,-0.040664554,0.38008177,0.043615874,0.0353754,-0.0014298082,-0.1296308,-0.005979146,-0.049728014,0.016961645,0.00058413186,-0.023676276,-0.000518678,-0.004334406,0.027250964,0.036792975,-0.018933062,0.0024754363,0.0004980617,-0.02704103,-0.026783776,0.015069857,0.004456523,0.0101101305,-0.024528215,0.046683013,0.010204582,-0.00017103046,-0.013725396,0.003564124,0.019197073,-0.02505248
21,-0.051980194,0.2828772,-0.010380434,-0.24335234,-0.04070916,0.11156416,-0.04363233,0.17445347,-0.06042198,0.082539834,0.07661216,-0.010416796,0.01862637,-0.033725888,-0.024104804,0.034512717,-0.04177995,0.023950126,0.036564283,0.024227578,0.043615874,0.31599063,-0.05229508,0.041270137,-0.01814044,-0.020633088,0.047256567,-0.010528032,0.03264933,0.0429033,-0.03404803,0.06546737,-0.0033096722,-0.065139994,0.019108873,0.015760485,-0.019114409,-0.007594321,0.0070714233,0.005707482,0.008976146,-0.01992089,-0.004307816,0.029576309,0.0034487261,-0.04341297,-0.0028815176,0.0044630514,-0.024431549,0.0029690093
22,-0.008832704,-0.07144763,-0.1470191,-0.0031891195,-0.14234906,0.16553372,-0.059698433,0.05076579,0.0047077965,0.057699792,0.08740091,0.03005042,-0.053593423,0.09146783,-0.022351388,-0.157613,-0.057276566,-0.03232975,0.003674265,0.044662803,0.0353754,-0.05229508,0.42752025,-0.028082352,0.061510887,0.014725096,-0.029259639,-0.023431437,-0.00748068,-0.033060994,-0.007850273,0.010459702,0.041314796,0.016073123,-0.0042865286,-0.028593548,0.0008114858,0.010746662,0.019277073,0.0054608528,-0.010537194,-0.0052493857,-0.0025757141,-0.0031046271,0.019973796,-0.018112604,0.0019985014,-0.0071626934,-0.0053053815,-0.0049757203
23,-0.05660115,0.1847445,-0.28702015,0.19616154,0.07231942,0.09663573,0.07905563,-0.04536515,0.16402385,-0.14462042,0.05908039,-0.077581644,-0.021663126,-0.05859963,0.015200044,-0.00024943965,-0.08402194,-0.06691323,0.07398245,0.0033900063,-0.0014298082,0.041270137,-0.028082352,0.40630257,0.054359667,0.034190733,0.04501124,0.041514218,-0.016057644,-0.042945594,0.014630315,-0.009070229,-0.008310325,0.0051818956,-0.022702452,-0.008175744,-0.015426297,0.004733418,0.008701228,-0.020065766,-0.013935875,0.002197973,0.012390062,0.01375778,-0.0065495577,-0.01988577,0.013605427,0.005091812,0.0025566022,-0.008903323
24,0.0035225176,-0.23605767,-0.008145478,-0.047505826,0.06269456,0.087335005,-0.17790152,0.05716037,-0.026477113,0.062779054,0.02259304,0.050020617,0.016360234,0.022001734,0.012520541,0.12316261,0.02716143,0.010858383,0.015742999,-0.04366405,-0.1296308,-0.01814044,0.061510887,0.054359667,0.30011666,0.021078842,0.008612601,-0.017302202,-0.041813977,9.1812406e-05,0.017168045,0.022665434,0.01877312,0.01335158,0.009892,-0.0018954037,0.01779922,0.017835584,0.023073215,0.011555191,-0.029482227,0.0060040094,0.008381948,0.022360373,-0.014479492,-0.014874439,-0.013342202,0.021679837,0.0039593396,-0.0011379276
25,-0.0062243156,0.119684115,-0.48683846,0.2463389,-0.01879587,0.0047982153,0.07889609,0.015905619,0.03601169,0.09049636,-0.040679507,0.12327933,-0.05176478,-0.019916972,0.010977708,0.032393157,0.06430572,-0.0136941075,-0.027759716,0.019561999,-0.005979146,-0.020633088,0.014725096,0.034190733,0.021078842,0.20527954,-0.0078682415,0.0087796,0.022698235,0.021753114,-0.02331924,-0.0036631897,0.0036003352,0.009733247,0.022680966,-0.006004991,-0.0018169989,-0.021480598,-0.033089075,0.019652296,-0.0047847484,-0.004224972,0.0072603393,-0.0032412913,-0.021440309,0.027838081,-0.023344189,0.009939229,-0.008885229,-0.0035560024
26,0.03640547,-0.13710713,0.20335123,-0.03362547,-0.04696856,-0.09321332,-0.06374489,0.034662947,-0.009803476,-0.025766479,0.0036569706,0.033710625,0.004900256,-0.03224984,0.03996244,-0.023573097,0.022148862,-0.015331591,0.0072078975,0.09390938,-0.049728014,0.047256567,-0.029259639,0.04501124,0.008612601,-0.0078682415,0.2572808,-0.011111235,-0.0011956838,0.012518033,-0.0061958414,0.004986311,0.02732654,0.00043408616,0.012304976,-0.020417426,0.019970724,-0.0037837417,-0.011844599,0.011586898,0.0032140545,-0.012255391,0.009482778,-0.0035207062,0.018865056,-0.0011164647,-0.00038301037,-0.027941033,-0.016676975,-0.028678287
27,0.019268231,-0.058235824,0.22184925,-0.018031832,0.11735807,0.01569817,-0.08045203,0.051374417,0.019254778,-0.0017399767,-0.062211435,0.044560567,0.020010801,-0.004729,0.011847638,-0.037951138,-0.020069133,0.063676454,-0.060597256,0.008626742,0.016961645,-0.010528032,-0.023431437,0.041514218,-0.017302202,0.0087796,-0.011111235,0.2970057,-0.0004581446,-0.004211859,-0.0031005584,0.02379122,-0.0008437459,0.02116419,0.028049953,0.004524817,-0.00317789,0.014863968,0.027159844,0.022135027,0.006029295,-0.0044699847,0.014790595,-0.00026999437,-0.012633933,0.010755918,0.023209378,0.006172541,0.024201332,0.0023851562
28,-0.01853432,0.40988815,-0.06631237,0.004822138,-0.02681858,-0.028249223,0.095417485,0.012445809,0.084843665,0.07537337,0.025955534,0.00163479,0.0069072577,0.09600307,0.09149269,0.023934564,0.020627968,0.08096708,-0.017159667,0.030364646,0.00058413186,0.03264933,-0.00748068,-0.016057644,-0.041813977,0.022698235,-0.0011956838,-0.0004581446,0.21377249,-0.01437974,0.010535277,0.020092014,-0.015098738,-0.0048098,0.0004953728,-0.0468283,0.020127663,0.0123609025,-0.0040774313,-0.0353029,-0.0015452708,0.025950909,0.008420415,0.022390012,-0.01241453,-0.010014678,-0.0048938924,-0.009538079,0.0033659479,-0.0049619684
29,0.011159113,-0.100658335,-0.070062116,-0.06352891,0.047287036,0.11179282,-0.0071128355,-0.019061789,-0.07160567,0.086646035,0.017579915,0.0016625773,0.018031873,-0.02677178,0.0911268,-0.063990206,0.047273755,-0.046399213,0.011057135,-0.0009983041,-0.023676276,0.0429033,-0.033060994,-0.042945594,9.1812406e-05,0.021753114,0.012518033,-0.004211859,-0.01437974,0.19763535,-0.0038751466,0.030504387,-0.013557995,0.008376761,-0.018139005,-0.013687052,0.008512076,-0.028315667,-0.003769306,0.0033508257,-0.007051183,-0.023595806,0.011610832,-0.0059006074,0.008091869,-0.002480296,0.026303101,0.03072216,-0.0090403855,3.3651937e-05
30,-0.01984077,0.15683481,0.18242332,-0.14760455,-0.074751586,0.07683757,0.061994873,-0.055577658,-0.044599164,0.014050492,-0.012387998,-0.03495135,-0.025837535,-0.010035107,0.0478668,-0.05698146,0.0069986694,0.012258173,-0.026264787,-0.041705586,-0.000518678,-0.03404803,-0.007850273,0.014630315,0.017168045,-0.02331924,-0.0061958414,-0.0031005584,0.010535277,-0.0038751466,0.20988613,0.010062784,-0.014875063,0.0059304982,-0.004845328,0.011960447,0.029251125,0.012915462,0.0023893516,-0.025662102,-0.038200036,-0.025308814,0.0015614203,0.01794421,0.00092840544,0.01394251,-0.010234656,-0.0048957057,-0.0076521407,-0.02225116
31,0.016018264,-0.06616758,0.15919504,-0.0538804,0.012314077,0.054743834,0.04780346,-0.040310964,0.05597087,0.012201811,0.04279802,0.029458487,-0.011607865,0.0071213227,-0.016412651,0.094717756,0.021096397,-0.011238055,-0.028550845,-0.01700322,-0.004334406,0.06546737,0.010459702,-0.009070229,0.022665434,-0.0036631897,0.004986311,0.02379122,0.020092014,0.030504387,0.010062784,0.14490251,0.010458831,-0.010115968,-0.03392449,0.00041109987,-0.009413961,0.0014037897,0.0079319095,0.011716859,-0.0025112017,0.0010588315,-0.01235779,-0.0010415325,0.0057928385,-0.0038049577,-0.011324773,-0.022199938,-0.014776187,-0.000872153
32,0.0036106966,0.075451344,-0.06612255,0.013249574,-0.11682686,0.02955297,0.058421306,0.018907642,-0.06336413,0.04637315,-0.09002273,0.022630092,0.011022117,-0.08946559,0.033813428,0.044324204,-0.030757934,0.022372562,0.009857874,0.033607114,0.027250964,-0.0033096722,0.041314796,-0.008310325,0.01877312,0.0036003352,0.02732654,-0.0008437459,-0.015098738,-0.013557995,-0.014875063,0.010458831,0.16080394,0.022532746,-0.016289242,-0.0050950586,-0.014901772,-0.0188497,0.027794711,-0.028597713,0.017369695,-0.024745438,-0.0019541949,0.003574273,-0.0095078405,0.0073713227,0.0030795182,-0.015936958,0.0029430306,-0.0012372797
33,-0.0044583734,0.03616977,0.17026371,-0.031077407,0.02265983,-0.046555854,0.0109661855,0.00020161862,0.029908061,0.02571122,-0.09096713,-0.02744775,-0.08617119,0.016445419,0.05966828,0.009265363,-0.000103261584,-0.036211673,0.063536145,-0.0046632923,0.036792975,-0.065139994,0.016073123,0.0051818956,0.01335158,0.009733247,0.00043408616,0.02116419,-0.0048098,0.008376761,0.0059304982,-0.010115968,0.022532746,0.12744007,0.021785805,-0.01371102,0.006428363,-0.0084473025,-0.018560171,0.021157134,-0.0023521506,0.0046031815,-0.001790607,0.012730159,-0.0129626645,-0.007778277,0.0141614415,-0.0055926377,-0.0084216,0.011227988
34,-0.0011446585,-0.13274977,-0.017283197,-0.09705891,-0.11291797,0.09641407,0.078400426,0.053205866,0.0023594243,-0.039196476,-0.029341092,-0.023608087,0.009656673,0.06908977,-0.03927482,0.023162931,0.009116491,-0.0030621774,-0.007213463,0.0035913829,-0.018933062,0.019108873,-0.0042865286,-0.022702452,0.009892,0.022680966,0.012304976,0.028049953,0.0004953728,-0.018139005,-0.004845328,-0.03392449,-0.016289242,0.021785805,0.16543832,0.007423911,0.0064706914,0.0071066413,-0.021605227,0.007935774,-0.000937835,-0.0028309696,0.0061837137,-0.0009079604,-0.010559058,-0.019882515,0.00738825,-0.00021124395,0.0016292791,-0.016365357
35,0.026593909,-0.22136557,-0.08133462,0.044675454,-0.0730892,-0.017508984,0.033452567,0.041594736,-0.052622274,0.03696943,0.023299754,-0.025308512,0.003264534,0.009317478,0.041495204,-0.0051947916,0.007874552,-0.023432132,0.020040393,0.04263742,0.0024754363,0.015760485,-0.028593548,-0.008175744,-0.0018954037,-0.006004991,-0.020417426,0.004524817,-0.0468283,-0.013687052,0.011960447,0.00041109987,-0.0050950586,-0.01371102,0.007423911,0.17224136,0.009452216,0.025078934,-0.009796897,-0.009214785,0.004567175,-0.0026271334,-0.039127134,0.020381805,-0.016902592,-0.00319037,-0.0017212327,-0.005501955,0.012913568,0.0044760024
36,-0.02881563,0.08892473,-0.06798613,-0.0132571,0.09547244,0.15165633,0.022440672,-0.03288827,0.014644706,0.04120677,0.024499884,-0.012379164,0.035480395,0.037639122,-0.0074955723,0.0075820573,0.010285214,-0.026623353,-0.0667523,0.048825987,0.0004980617,-0.019114409,0.0008114858,-0.015426297,0.01779922,-0.0018169989,0.019970724,-0.00317789,0.020127663,0.008512076,0.029251125,-0.009413961,-0.014901772,0.006428363,0.0064706914,0.009452216,0.12788725,-0.008527019,0.014800249,0.02111214,-0.0060041538,-0.00089468237,-0.007623763,0.0034913353,0.004758928,0.0015687717,0.013359557,-0.014705244,0.009715157,0.01580961
37,-0.017688975,0.34421873,0.0067915977,-0.055567995,-0.045300603,-0.05072034,-0.034324534,-0.015306425,-0.03846925,0.051302433,0.048904125,-0.032744814,0.0487253,-0.013335709,-0.007390801,0.012962583,-0.041825213,0.0043808715,0.0029769377,0.0051597524,-0.02704103,-0.007594321,0.010746662,0.004733418,0.017835584,-0.021480598,-0.0037837417,0.014863968,0.0123609025,-0.028315667,0.012915462,0.0014037897,-0.0188497,-0.0084473025,0.0071066413,0.025078934,-0.008527019,0.115840286,-0.013155127,0.012311682,0.004933512,0.0017045602,0.0163818,-0.015205244,0.007596686,0.003894847,-0.005254396,0.0017899994,-0.005897072,0.00020086631
38,-0.014220843,0.072808184,0.04593839,-0.062512696,-0.011193801,-0.057935975,0.06936338,0.030948304,-0.028400384,-0.01439827,0.010574002,-0.04484357,0.026090138,0.022131933,0.019655813,-0.018859468,0.029699292,-0.035435926,-0.006880246,-0.0025420527,-0.026783776,0.0070714233,0.019277073,0.008701228,0.023073215,-0.033089075,-0.011844599,0.027159844,-0.0040774313,-0.003769306,0.0023893516,0.0079319095,0.027794711,-0.018560171,-0.021605227,-0.009796897,0.014800249,-0.013155127,0.13014567,0.004017962,0.02774409,0.015101715,-0.004791513,0.0030139205,-0.003314388,0.006784451,-0.014114346,0.005288415,0.010318088,0.0029586165
39,-0.009636541,0.20316851,-0.031518992,-0.0035706866,-0.0004250853,-0.021451714,0.03826663,-0.030089242,-0.029517625,0.034591347,0.0011310936,0.053765398,0.042177826,-0.010028651,0.0055889715,-0.0070192437,-0.0119490195,-0.03377614,0.01945653,-0.0024824957,0.015069857,0.005707482,0.0054608528,-0.020065766,0.011555191,0.019652296,0.011586898,0.022135027,-0.0353029,0.0033508257,-0.025662102,0.011716859,-0.028597713,0.021157134,0.007935774,-0.009214785,0.02111214,0.012311682,0.004017962,0.12870078,0.015199197,0.00809043,0.0029469659,0.007992744,0.0007230463,-0.0014336819,-0.006590156,-0.015899863,-0.0054640668,-0.008268882
40,0.012542962,0.018290028,-0.009564459,0.01481499,-0.07026817,-0.02635412,-0.042154558,-0.070558965,0.005790078,-0.0054911696,0.048390463,-0.008319972,-0.007592147,0.04013201,-0.0012768544,0.02056345,-0.011673601,0.00943897,-0.0027694723,-0.0075659966,0.004456523,0.008976146,-0.010537194,-0.013935875,-0.029482227,-0.0047847484,0.0032140545,0.006029295,-0.0015452708,-0.007051183,-0.038200036,-0.0025112017,0.017369695,-0.0023521506,-0.000937835,0.004567175,-0.0060041538,0.004933512,0.02774409,0.015199197,0.08153912,-0.0069505014,-0.009340326,0.004332519,-0.012834113,0.0051423283,0.018419128,-0.0052467603,-0.015802842,-0.0012690504
41,0.009915623,-0.09946692,-0.011164257,-0.053286977,0.05064273,-0.018091206,0.034792192,0.07032726,-0.0050522136,-0.006291936,0.016717825,0.039492063,-0.035979375,-0.015501322,0.014778143,-0.01363287,0.0050764875,0.013757721,0.0075155417,-0.01894581,0.0101101305,-0.01992089,-0.0052493857,0.002197973,0.0060040094,-0.004224972,-0.012255391,-0.0044699847,0.025950909,-0.023595806,-0.025308814,0.0010588315,-0.024745438,0.0046031815,-0.0028309696,-0.0026271334,-0.00089468237,0.0017045602,0.015101715,0.00809043,-0.0069505014,0.11580522,-0.00034090702,0.02113448,0.008800644,-0.008746071,-0.008232607,0.0075769173,-0.007375617,0.004931234
42,0.023840781,0.023832753,0.069824666,0.02637295,-0.0984412,-0.046039034,0.023065291,-0.027494684,-0.14718412,-0.022787537,0.038490586,-0.016556378,-0.01672206,-0.022687413,-0.031785585,-0.029791053,-0.0021225014,-0.022033136,-0.01760584,-0.015004168,-0.024528215,-0.004307816,-0.0025757141,0.012390062,0.008381948,0.0072603393,0.009482778,0.014790595,0.008420415,0.011610832,0.0015614203,-0.01235779,-0.0019541949,-0.001790607,0.0061837137,-0.039127134,-0.007623763,0.0163818,-0.004791513,0.0029469659,-0.009340326,-0.00034090702,0.095424615,0.0141301565,-0.013160856,0.008289542,0.0007934208,-0.0021966062,0.0017095348,0.008981537
43,0.018170219,-0.12082488,-0.03308633,0.018014748,-0.01425837,-0.011929963,-0.041474104,-0.030405095,0.0029477002,0.05030192,-0.0008873717,-0.05226855,0.026496705,-0.02956441,-0.0072862413,-0.011810333,-0.00818763,0.0014479866,-0.0065223603,0.0024222531,0.046683013,0.029576309,-0.0031046271,0.01375778,0.022360373,-0.0032412913,-0.0035207062,-0.00026999437,0.022390012,-0.0059006074,0.01794421,-0.0010415325,0.003574273,0.012730159,-0.0009079604,0.020381805,0.0034913353,-0.015205244,0.0030139205,0.007992744,0.004332519,0.02113448,0.0141301565,0.11007984,-0.005179416,0.008977799,0.005996398,-0.0012669007,-0.010991629,-0.008345876
44,-0.032989256,0.049314916,0.0016964521,0.056668147,0.14691773,0.03113595,0.04519155,0.08764609,-0.026686434,0.009251108,-0.003284702,-0.01283433,0.038891338,0.02382027,-0.022046447,0.0062552374,-0.05076619,-0.01968997,0.013129203,-0.026525531,0.010204582,0.0034487261,0.019973796,-0.0065495577,-0.014479492,-0.021440309,0.018865056,-0.012633933,-0.01241453,0.008091869,0.00092840544,0.0057928385,-0.0095078405,-0.0129626645,-0.010559058,-0.016902592,0.004758928,0.007596686,-0.003314388,0.0007230463,-0.012834113,0.008800644,-0.013160856,-0.005179416,0.07188296,0.016182214,0.015333328,-0.0068569286,0.0063953074,-0.01392283
45,-0.020014606,0.19689324,-0.055688288,-0.0034288578,0.04714556,-0.0014630896,-0.034553196,-0.002415373,0.0080157295,-0.0073519247,0.0029081185,0.01591588,-0.051022492,0.022102145,-0.034071047,0.010503229,-0.0073549906,0.0017536635,0.009999291,0.008780288,-0.00017103046,-0.04341297,-0.018112604,-0.01988577,-0.014874439,0.027838081,-0.0011164647,0.010755918,-0.010014678,-0.002480296,0.01394251,-0.0038049577,0.0073713227,-0.007778277,-0.019882515,-0.00319037,0.0015687717,0.003894847,0.006784451,-0.0014336819,0.0051423283,-0.008746071,0.008289542,0.008977799,0.016182214,0.07821648,-0.0008085918,0.0011755803,-0.005219792,-0.0058234213
46,-0.011582028,0.059342988,-0.024078757,0.017454535,0.042875625,0.020211257,-0.025162522,0.045435734,0.008534757,-0.015098164,0.039913937,-0.025458034,0.011914815,0.023399852,0.0011001689,-0.019897666,-0.0016276543,-0.004508354,0.022719674,-0.0037834551,-0.013725396,-0.0028815176,0.0019985014,0.013605427,-0.013342202,-0.023344189,-0.00038301037,0.023209378,-0.0048938924,0.026303101,-0.010234656,-0.011324773,0.0030795182,0.0141614415,0.00738825,-0.0017212327,0.013359557,-0.005254396,-0.014114346,-0.006590156,0.018419128,-0.008232607,0.0007934208,0.005996398,0.015333328,-0.0008085918,0.058667608,0.0029641045,0.00047141704,0.00053619366
47,-0.006913162,0.1593095,0.12224449,0.025153063,0.016977787,0.00074769143,-0.006331267,-0.027799549,-0.0123368865,0.038237333,-0.0045384434,0.013042612,0.008599367,0.0009777903,0.006434461,0.009985891,-0.01660901,-0.011424664,-0.0062765637,0.04806099,0.003564124,0.0044630514,-0.0071626934,0.005091812,0.021679837,0.009939229,-0.027941033,0.006172541,-0.009538079,0.03072216,-0.0048957057,-0.022199938,-0.015936958,-0.0055926377,-0.00021124395,-0.005501955,-0.014705244,0.0017899994,0.005288415,-0.015899863,-0.0052467603,0.0075769173,-0.0021966062,-0.0012669007,-0.0068569286,0.0011755803,0.0029641045,0.08231458,-0.0035476398,-0.006219856
48,-0.0057052053,0.07832659,-0.051058445,-0.028086338,-0.026636513,-0.03334386,-0.03199768,-0.0010013948,-0.015265874,0.03574699,0.031432725,0.03335377,0.023134274,-0.01031198,0.0012347773,0.016843557,0.018534537,-0.0061540334,0.027704373,0.0018510146,0.019197073,-0.024431549,-0.0053053815,0.0025566022,0.0039593396,-0.008885229,-0.016676975,0.024201332,0.0033659479,-0.0090403855,-0.0076521407,-0.014776187,0.0029430306,-0.0084216,0.0016292791,0.012913568,0.009715157,-0.005897072,0.010318088,-0.0054640668,-0.015802842,-0.007375617,0.0017095348,-0.010991629,0.0063953074,-0.005219792,0.00047141704,-0.0035476398,0.076705635,-0.012015479
49,-0.017457277,0.07685168,0.011385301,0.013737536,-0.0043539573,0.0677595,-0.02789016,0.0013998011,0.0008766339,-0.009129705,-0.017271806,-0.027239058,0.018910307,-0.003946186,-0.00518722,-0.00886505,-0.015908677,-0.0049028527,0.015160266,0.00807743,-0.02505248,0.0029690093,-0.0049757203,-0.008903323,-0.0011379276,-0.0035560024,-0.028678287,0.0023851562,-0.0049619684,3.3651937e-05,-0.02225116,-0.000872153,-0.0012372797,0.011227988,-0.016365357,0.0044760024,0.01580961,0.00020086631,0.0029586165,-0.008268882,-0.0012690504,0.004931234,0.008981537,-0.008345876,-0.01392283,-0.0058234213,0.00053619366,-0.006219856,-0.012015479,0.076241516
