,0,1,2,3,4,5,6,7,8,9,10,11,12,13,14,15,16,17,18,19,20,21,22,23,24,25,26,27,28,29,30,31,32,33,34,35,36,37,38,39,40,41,42,43,44,45,46,47,48,49
0,1278.5524,0.69357073,-0.134651,-0.436413,-0.2773085,0.08998102,0.007486901,0.2642158,-0.010434028,-0.07665165,0.0372227,-0.05823092,0.12438707,-0.0040572034,-0.04050401,0.041235037,0.06275524,-0.07448432,0.003528868,-0.029600233,0.015256787,0.06777616,-0.035894305,0.07044776,-0.022215694,0.057701226,-0.06103059,0.004439332,-0.014471574,-0.01564684,-0.004645488,-0.037331346,0.06714631,0.04919459,-0.011029163,-0.070882484,0.07740541,0.066576324,-0.005101756,-0.022209425,-0.028286017,0.006958214,-0.06925475,-0.00073516124,0.06322789,0.017991012,0.00617081,0.01826394,-0.0075186146,0.015873801
1,0.69357073,15.91773,1.5055407,1.4087422,2.6945472,-0.88837004,0.6286911,-1.4072791,-0.9643729,-0.060466822,0.5500665,0.37137443,-1.1498265,0.057636306,-0.45284516,-0.63133335,-0.37340844,0.7257551,-0.4241796,-0.24552026,-0.33554614,-0.34891874,-0.029071892,-0.23051187,0.2993909,-0.08910381,0.18837178,0.070552304,-0.643386,0.10007275,-0.12397724,0.17093849,-0.12701112,-0.108061895,0.14384732,0.38030607,-0.030767195,-0.61002415,-0.11573285,-0.22661078,-0.049637493,0.16402134,-0.018549526,0.11484801,-0.14312163,-0.34804863,-0.023615021,-0.23056844,-0.10056715,-0.086612284
2,-0.134651,1.5055407,6.645832,-2.0184393,0.9257506,-0.36363018,-0.059009116,0.022410607,-0.56334794,-0.4288687,-0.068262585,-0.04935904,0.07240735,-0.43216965,0.30764568,-0.35011002,-0.21274325,-0.019440453,-0.494301,-0.018154811,-0.2782848,0.03300032,0.2294711,0.48689413,0.006162973,0.8258739,-0.3438818,-0.37376437,0.11312321,0.11091555,-0.2884693,-0.25935203,0.11090192,-0.2884506,0.021377645,0.13535072,0.12610546,-0.013695746,-0.07752627,0.06521907,0.012168804,0.016786538,-0.11389705,0.04518974,-0.008769979,0.09132823,0.047561925,-0.1999487,0.086043015,-0.014224768
3,-0.436413,1.4087422,-2.0184393,3.770386,0.6487614,-0.22145599,-0.98549914,-0.8667078,0.19065234,-0.15352969,-0.79318714,0.00019767281,-0.7663338,-0.12885675,-0.20109254,-0.17695604,-0.13012674,0.14338714,0.4342769,0.12460404,-0.26797372,0.4131689,-0.0032100165,-0.32430732,0.07114628,-0.40376604,0.054202136,0.029870622,-0.0046517816,0.102482915,0.25213665,0.093495674,-0.0226166,0.04854423,0.15919676,-0.07388782,0.03042737,0.08904745,0.10591899,0.012533431,-0.025409393,0.08985448,-0.043117948,-0.034632146,-0.098472565,0.004404029,-0.024570374,-0.03913124,0.049881153,-0.019295719
4,-0.2773085,2.6945472,0.9257506,0.6487614,4.4202075,0.69874644,0.23870313,0.0764973,-0.29678053,-0.30036366,0.36065313,0.16622247,-0.11897923,-0.029463392,-0.14378667,-0.18987063,0.31820655,0.00086314767,0.123803526,0.010643976,0.09011899,0.08343649,0.22030099,-0.11227343,-0.11766549,0.04533299,0.073665075,-0.1971063,0.0495092,-0.08676663,0.1398704,-0.012804793,0.19493948,-0.04451275,0.17923625,0.12217943,-0.14370865,0.07027003,0.019695405,0.014013147,0.11466607,-0.08299674,0.1677312,0.013514444,-0.25143206,-0.08094916,-0.062042184,-0.023742951,0.049082313,0.012784319
5,0.08998102,-0.88837004,-0.36363018,-0.22145599,0.69874644,2.8877695,0.24611765,-0.06469086,-0.24935073,0.16499506,0.037679166,-0.26356718,-0.1961969,-0.00056109583,0.07534408,-0.116036996,0.26532513,-0.24900055,0.029858604,0.27777702,-0.33793718,-0.17984647,-0.2886486,-0.15352255,-0.15430781,-0.0006756689,0.15186362,-0.0285415,0.051662445,-0.19189605,-0.116696,-0.08652005,-0.049498998,0.07378119,-0.16890222,0.030044328,-0.2433609,0.0815828,0.09789555,0.044913467,0.044535518,0.030453121,0.07913841,0.012970483,-0.055901423,0.000307279,-0.026176076,0.001041183,0.05906975,-0.11140869
6,0.007486901,0.6286911,-0.059009116,-0.98549914,0.23870313,0.24611765,2.3444867,0.3156978,0.31472352,-0.48032683,0.54281867,0.18483654,-0.39313632,-0.3054101,0.13527623,0.08330934,0.22730073,0.055579618,-0.3014106,-0.011835178,0.30901098,0.056200836,0.11956234,-0.142012,0.30991036,-0.1478816,0.111878484,0.13716632,-0.16421998,0.019926649,-0.12139391,-0.087605536,-0.09775622,-0.01148905,-0.120365925,-0.055052705,-0.054595374,0.061771277,-0.11586179,-0.07946885,0.07237148,-0.058511376,-0.043006737,0.081247374,-0.06855728,0.060215756,0.030809224,0.0055755484,0.049220733,0.041237473
7,0.2642158,-1.4072791,0.022410607,-0.8667078,0.0764973,-0.06469086,0.3156978,1.4704505,0.5212966,-0.070239976,0.2518248,0.40958518,0.46979022,0.10517344,0.030099707,0.07471152,-0.3478535,-0.22172064,0.0032462343,-0.011683101,0.0954243,-0.30609936,-0.06672886,0.06600466,-0.08391885,-0.041093178,-0.052641198,-0.08272937,-0.025373682,0.03928773,0.07583365,0.05974707,-0.032215923,0.0059556253,-0.0787539,-0.06870277,0.039596673,0.029351719,-0.051437818,0.036187593,0.12009139,-0.11757,0.041358292,0.061884295,-0.14019382,0.006332303,-0.085540704,0.04207452,-0.0017764331,-0.0069955313
8,-0.010434028,-0.9643729,-0.56334794,0.19065234,-0.29678053,-0.24935073,0.31472352,0.5212966,2.0032394,-0.013131967,0.003938239,0.08515711,-0.29829955,-0.023949794,0.39872146,0.19954038,-0.5164928,0.022278652,-0.17776977,-0.22941446,0.06925905,0.13577412,-0.049504906,-0.25082374,0.0161868,-0.028154694,0.0045807,-0.03792654,-0.13017738,0.09998503,0.113995835,-0.075284675,0.10662089,-0.0648899,-0.028175848,0.08882289,0.009817647,0.05428312,0.04790458,0.080796175,-0.015059942,0.009551129,0.25456512,-0.030491708,0.029377174,-0.019038206,0.008236903,0.030083194,0.034759052,0.009988422
9,-0.07665165,-0.060466822,-0.4288687,-0.15352969,-0.30036366,0.16499506,-0.48032683,-0.070239976,-0.013131967,1.5673888,-0.05340689,0.033568084,0.050130084,0.25070876,0.40368134,0.021208715,0.024926577,0.0056856796,-0.25461587,-0.1408338,-0.026926681,-0.12309945,-0.114256024,0.2515095,-0.11672685,-0.1378832,0.038276177,-0.00030883867,-0.12014952,-0.15426661,-0.005992735,-0.012308098,-0.07721242,-0.0493076,0.053945556,-0.06019659,-0.053696096,-0.09079609,0.025018467,-0.04345268,0.0072168056,0.011452053,0.041437272,-0.09455179,-0.02243907,0.009544907,0.035577696,-0.059343696,-0.054901935,0.01922999
10,0.0372227,0.5500665,-0.068262585,-0.79318714,0.36065313,0.037679166,0.54281867,0.2518248,0.003938239,-0.05340689,1.3060644,-0.28891787,0.20408806,-0.2611117,0.03417608,0.15258853,-0.05927671,0.025267275,-0.061114706,-0.046814032,0.005877662,-0.13362372,-0.13761297,-0.10342166,-0.03289909,0.061756372,-0.0035775257,0.105366796,-0.045097873,-0.025732934,0.012568127,-0.07440476,0.14980039,0.15404263,0.053878196,-0.03903056,-0.04681683,-0.08025895,-0.017390635,-0.007984202,-0.08000927,-0.027431183,-0.06578595,0.0063981735,0.008190269,-0.0038113561,-0.07089623,0.0060189087,-0.053685322,0.027117033
11,-0.05823092,0.37137443,-0.04935904,0.00019767281,0.16622247,-0.26356718,0.18483654,0.40958518,0.08515711,0.033568084,-0.28891787,1.6098442,-0.0819373,0.062327873,-0.19025499,-0.009199353,0.00825979,-0.42352384,-0.1801732,0.051102936,-0.039970547,0.013151035,-0.043532304,0.12506399,-0.0798546,-0.20964614,-0.054406352,-0.072643265,-0.004615619,0.0007729206,0.051500477,-0.051499262,-0.037673656,0.047531426,0.043760017,0.04135409,0.016107995,0.055876363,0.074564084,-0.09464511,0.014093062,-0.06542656,0.026762983,0.09087182,0.023865536,-0.025590386,0.038701713,-0.023038112,-0.056828283,0.044437543
12,0.12438707,-1.1498265,0.07240735,-0.7663338,-0.11897923,-0.1961969,-0.39313632,0.46979022,-0.29829955,0.050130084,0.20408806,-0.0819373,1.0219631,0.2917933,-0.15531333,0.13996004,-0.061146833,-0.13748747,0.107314035,0.14403197,0.15857163,0.017801149,0.029629275,0.068261795,-0.066377565,0.13096538,-0.024745781,-0.04277897,0.0047223927,-0.05766054,0.09939079,0.04435847,-0.017841041,0.12314744,-0.049833294,-0.0025521484,-0.0110947825,-0.095410235,-0.04194006,-0.025090324,0.0054708594,0.06060909,0.03919339,-0.07993689,-0.087430105,0.0768799,0.011857687,-0.00066418794,-0.025606066,-0.015482966
13,-0.0040572034,0.057636306,-0.43216965,-0.12885675,-0.029463392,-0.00056109583,-0.3054101,0.10517344,-0.023949794,0.25070876,-0.2611117,0.062327873,0.2917933,1.2628803,-0.31434464,-0.22108158,0.12300588,0.13256902,-0.06561354,-0.05278319,0.12385041,0.071094096,-0.17080347,0.108165264,-0.04830113,0.046788212,0.048497796,0.0046354523,-0.15509275,0.035762783,0.034764733,-0.0042045293,0.14936036,-0.033562057,-0.12607175,-0.014285099,-0.048371166,0.018129747,-0.036568984,0.030678619,-0.0690202,0.025577499,0.04110845,0.038160503,-0.04673446,-0.039322764,-0.029216155,0.0023793858,0.020946018,0.0112746935
14,-0.04050401,-0.45284516,0.30764568,-0.20109254,-0.14378667,0.07534408,0.13527623,0.030099707,0.39872146,0.40368134,0.03417608,-0.19025499,-0.15531333,-0.31434464,0.63183695,0.04189776,0.012112243,-0.005044898,-0.066445515,-0.0034278883,-0.05764998,0.05747159,0.017457284,-0.015368967,-0.035025388,-0.0022168788,-0.07199429,-0.022088455,-0.14682984,-0.16060945,-0.061890543,0.036048993,-0.055777658,-0.10699961,0.054667234,-0.06964425,0.030208169,0.00694837,-0.03212006,0.0061888644,-0.0005580223,-0.023162358,0.05798433,-5.236001e-05,0.029952563,0.054052576,0.009336675,-0.0056407647,0.002847178,0.014249796
15,0.041235037,-0.63133335,-0.35011002,-0.17695604,-0.18987063,-0.116036996,0.08330934,0.07471152,0.19954038,0.021208715,0.15258853,-0.009199353,0.13996004,-0.22108158,0.04189776,0.6851452,0.09423584,0.13503838,0.104370534,0.06668104,-0.034281686,-0.060540985,0.26616994,-0.0019170181,-0.20238775,-0.056219094,0.040161945,0.06329431,-0.041124634,0.10922174,0.091173455,-0.15994114,-0.07415056,-0.013545038,-0.035262708,0.008408707,-0.015722267,-0.020351224,0.031292684,0.009052906,-0.03382045,0.02182402,0.04816415,0.021982761,-0.009397289,-0.016863383,0.030830722,-0.017393839,-0.02956751,0.014065903
16,0.06275524,-0.37340844,-0.21274325,-0.13012674,0.31820655,0.26532513,0.22730073,-0.3478535,-0.5164928,0.024926577,-0.05927671,0.00825979,-0.061146833,0.12300588,0.012112243,0.09423584,0.6933347,0.21119547,0.036449622,0.19120476,0.05576834,0.06805975,0.09777254,0.13893831,-0.044195227,-0.10860951,-0.03636261,0.034140028,-0.035008922,-0.077661455,-0.013751071,-0.035902098,0.051489804,0.0005588648,-0.014280947,-0.013782915,-0.018631622,0.07033786,-0.04972157,0.018124849,0.019757507,-0.00806638,0.0038671088,0.014803879,0.085938014,0.012524684,0.0016210151,0.027100503,-0.031208701,0.025894456
17,-0.07448432,0.7257551,-0.019440453,0.14338714,0.00086314767,-0.24900055,0.055579618,-0.22172064,0.022278652,0.0056856796,0.025267275,-0.42352384,-0.13748747,0.13256902,-0.005044898,0.13503838,0.21119547,0.75538874,-0.042718194,-0.011971138,0.12815025,-0.048578225,0.06494039,0.10545138,-0.012371147,0.015146056,0.028566616,-0.1033891,-0.1379205,0.082425535,-0.03105769,0.014533788,-0.037069567,0.06329793,0.010795228,0.037529953,0.036497183,-0.004996825,0.058718674,0.048033465,-0.01416564,-0.02184818,0.03602337,0.0039470317,0.037745677,-0.0015272404,0.0022684373,0.016643414,0.008674337,0.0052982084
18,0.003528868,-0.4241796,-0.494301,0.4342769,0.123803526,0.029858604,-0.3014106,0.0032462343,-0.17776977,-0.25461587,-0.061114706,-0.1801732,0.107314035,-0.06561354,-0.066445515,0.104370534,0.036449622,-0.042718194,0.5076112,0.13427913,0.044995874,-0.079080254,0.016074535,-0.13639778,-0.0134024145,0.030463379,-0.0059343087,0.10596164,0.02275127,-0.006695153,0.021652434,0.038199127,-0.016380802,-0.098903686,0.025366144,-0.03614472,0.094420955,0.00047933095,0.010881523,-0.049550913,0.007796104,-0.01179516,0.026538378,0.0240135,-0.012410097,-0.013675142,-0.04949069,0.005479809,-0.05042853,-0.030614305
19,-0.029600233,-0.24552026,-0.018154811,0.12460404,0.010643976,0.27777702,-0.011835178,-0.011683101,-0.22941446,-0.1408338,-0.046814032,0.051102936,0.14403197,-0.05278319,-0.0034278883,0.06668104,0.19120476,-0.011971138,0.13427913,0.55743515,0.07079765,-0.036408287,-0.07977846,-0.0018789059,0.06967239,-0.029126626,-0.15808368,-0.015500385,-0.049168415,-0.0015828606,0.075386554,0.030768666,-0.055786163,0.0058745523,-0.010250952,-0.0705094,-0.07752563,-0.00969428,0.0041388357,0.008167437,0.012038425,0.031590723,0.026251022,-0.007396966,0.0423207,-0.015424599,0.009384763,-0.079160914,-0.0019181905,-0.01257537
20,0.015256787,-0.33554614,-0.2782848,-0.26797372,0.09011899,-0.33793718,0.30901098,0.0954243,0.06925905,-0.026926681,0.005877662,-0.039970547,0.15857163,0.12385041,-0.05764998,-0.034281686,0.05576834,0.12815025,0.044995874,0.07079765,0.6005041,-0.0801547,-0.04947368,-0.0027700982,0.22295934,0.003274974,0.08539213,-0.027145857,-0.003891735,0.044153478,-0.0079368055,0.0029172034,-0.045503132,-0.05765021,0.03750904,-0.004565779,-0.008750515,0.047744244,0.044078976,-0.032192223,-0.006516575,-0.01767071,0.038584426,-0.07218313,-0.013649269,0.001752144,0.017562993,-0.008095449,-0.034707345,0.03941728
21,0.06777616,-0.34891874,0.03300032,0.4131689,0.08343649,-0.17984647,0.056200836,-0.30609936,0.13577412,-0.12309945,-0.13362372,0.013151035,0.017801149,0.071094096,0.05747159,-0.060540985,0.06805975,-0.048578225,-0.079080254,-0.036408287,-0.0801547,0.5768132,0.10363148,-0.07741225,0.04133356,0.022489378,-0.07419367,0.020049049,-0.059097048,-0.06457296,0.041776903,-0.11556179,0.0055810865,0.113929585,-0.022942329,-0.026783422,0.018873613,0.016293827,-0.012405625,-0.021667505,-0.013849846,0.033070043,0.004049355,-0.039693393,0.00017704064,0.07467601,-0.0039296495,-0.01104462,0.037084233,-0.009111492
22,-0.035894305,-0.029071892,0.2294711,-0.0032100165,0.22030099,-0.2886486,0.11956234,-0.06672886,-0.049504906,-0.114256024,-0.13761297,-0.043532304,0.029629275,-0.17080347,0.017457284,0.26616994,0.09777254,0.06494039,0.016074535,-0.07977846,-0.04947368,0.10363148,0.36351812,0.05765285,-0.115375265,-0.009639484,0.04314156,0.03579077,0.017751696,0.045767352,0.0321846,-0.009117405,-0.06866974,-0.0335055,-0.004119214,0.049023964,0.014365624,-0.022524226,-0.031644087,0.0059365015,0.015024477,0.008553697,0.007671143,-0.0067476965,-0.041084237,0.027534533,0.00705765,0.016405147,0.012981184,0.013797448
23,0.07044776,-0.23051187,0.48689413,-0.32430732,-0.11227343,-0.15352255,-0.142012,0.06600466,-0.25082374,0.2515095,-0.10342166,0.12506399,0.068261795,0.108165264,-0.015368967,-0.0019170181,0.13893831,0.10545138,-0.13639778,-0.0018789059,-0.0027700982,-0.07741225,0.05765285,0.2887721,-0.08408803,-0.0646438,-0.071963064,-0.06706769,0.023869503,0.077282295,-0.035358414,0.010494361,0.013695352,-0.005072606,0.044722218,0.012541813,0.017551035,-0.005455454,-0.014575832,0.02519159,0.024575844,-0.0034347961,-0.022505246,-0.016334755,0.015206641,0.034623384,-0.028505027,-0.010782894,-0.006456281,0.012280007
24,-0.022215694,0.2993909,0.006162973,0.07114628,-0.11766549,-0.15430781,0.30991036,-0.08391885,0.0161868,-0.11672685,-0.03289909,-0.0798546,-0.066377565,-0.04830113,-0.035025388,-0.20238775,-0.044195227,-0.012371147,-0.0134024145,0.06967239,0.22295934,0.04133356,-0.115375265,-0.08408803,0.33661383,-0.025515335,-0.017727159,0.027355358,0.07341616,-0.0062651336,-0.016836654,-0.032007962,-0.031192396,-0.027093546,-0.023592258,0.003717258,-0.01887425,-0.033239402,-0.037945956,-0.009655573,0.047459144,-0.00921367,-0.011198685,-0.045006193,0.019184683,0.022946123,0.029017527,-0.033016197,-0.0033177673,0.00574765
25,0.057701226,-0.08910381,0.8258739,-0.40376604,0.04533299,-0.0006756689,-0.1478816,-0.041093178,-0.028154694,-0.1378832,0.061756372,-0.20964614,0.13096538,0.046788212,-0.0022168788,-0.056219094,-0.10860951,0.015146056,0.030463379,-0.029126626,0.003274974,0.022489378,-0.009639484,-0.0646438,-0.025515335,0.4321718,0.017263077,-0.012281127,-0.041877747,-0.030131843,0.025296368,0.0001807779,-0.006155189,-0.011329241,-0.030023307,0.009840405,-0.009014273,0.039033826,0.054880176,-0.043954983,0.0096009765,0.0070028407,-0.0150567265,0.014315482,0.04107622,-0.044413365,0.031092335,-0.019987438,0.011831477,0.0019232408
26,-0.06103059,0.18837178,-0.3438818,0.054202136,0.073665075,0.15186362,0.111878484,-0.052641198,0.0045807,0.038276177,-0.0035775257,-0.054406352,-0.024745781,0.048497796,-0.07199429,0.040161945,-0.03636261,0.028566616,-0.0059343087,-0.15808368,0.08539213,-0.07419367,0.04314156,-0.071963064,-0.017727159,0.017263077,0.26654902,0.017522685,0.0034418388,-0.02331915,0.015696842,-0.0060301963,-0.04547309,-0.0025369334,-0.023628592,0.034319326,-0.028988916,0.0051998906,0.019739749,-0.015159719,-0.006110895,0.020254917,-0.014801998,0.0024690237,-0.033569276,0.0011303081,0.0034528114,0.047763634,0.02879458,0.049326405
27,0.004439332,0.070552304,-0.37376437,0.029870622,-0.1971063,-0.0285415,0.13716632,-0.08272937,-0.03792654,-0.00030883867,0.105366796,-0.072643265,-0.04277897,0.0046354523,-0.022088455,0.06329431,0.034140028,-0.1033891,0.10596164,-0.015500385,-0.027145857,0.020049049,0.03579077,-0.06706769,0.027355358,-0.012281127,0.017522685,0.17833628,0.0015849486,0.0052688355,0.008684743,-0.038406745,0.0014501318,-0.03604189,-0.048716046,-0.00693617,0.0075741457,-0.025453748,-0.0452232,-0.034191675,-0.010565082,0.0068904827,-0.024556588,-0.001530087,0.01955545,-0.01829366,-0.03690207,-0.009598168,-0.039958887,-0.0033347043
28,-0.014471574,-0.643386,0.11312321,-0.0046517816,0.0495092,0.051662445,-0.16421998,-0.025373682,-0.13017738,-0.12014952,-0.045097873,-0.004615619,0.0047223927,-0.15509275,-0.14682984,-0.041124634,-0.035008922,-0.1379205,0.02275127,-0.049168415,-0.003891735,-0.059097048,0.017751696,0.023869503,0.07341616,-0.041877747,0.0034418388,0.0015849486,0.27529088,0.026779454,-0.022574838,-0.035958335,0.025173545,0.009982547,0.0022703414,0.07754174,-0.038007446,-0.018958714,0.0065467344,0.05469212,0.0034568522,-0.043517932,-0.014955787,-0.03416884,0.022955675,0.017429968,0.005265548,0.01457105,-0.006973307,0.006757441
29,-0.01564684,0.10007275,0.11091555,0.102482915,-0.08676663,-0.19189605,0.019926649,0.03928773,0.09998503,-0.15426661,-0.025732934,0.0007729206,-0.05766054,0.035762783,-0.16060945,0.10922174,-0.077661455,0.082425535,-0.006695153,-0.0015828606,0.044153478,-0.06457296,0.045767352,0.077282295,-0.0062651336,-0.030131843,-0.02331915,0.0052688355,0.026779454,0.259216,0.015745685,-0.04678224,0.022506258,-0.017140845,0.024030715,0.02404576,-0.0070842374,0.0446745,0.006816454,0.0014813996,0.011033419,0.03952998,-0.01783917,0.0044191116,-0.017256593,0.002700049,-0.03862944,-0.049188673,0.017450001,0.0018849077
30,-0.004645488,-0.12397724,-0.2884693,0.25213665,0.1398704,-0.116696,-0.12139391,0.07583365,0.113995835,-0.005992735,0.012568127,0.051500477,0.09939079,0.034764733,-0.061890543,0.091173455,-0.013751071,-0.03105769,0.021652434,0.075386554,-0.0079368055,0.041776903,0.0321846,-0.035358414,-0.016836654,0.025296368,0.015696842,0.008684743,-0.022574838,0.015745685,0.19531095,-0.024627803,0.024732763,-0.0036708696,0.019532338,-0.021496955,-0.06315349,-0.017407268,-0.004260372,0.028535455,0.06571635,0.042531736,-0.0058511216,-0.018547896,0.0058651287,-0.020612907,0.0070992657,0.0041377814,0.008921044,0.032374695
31,-0.037331346,0.17093849,-0.25935203,0.093495674,-0.012804793,-0.08652005,-0.087605536,0.05974707,-0.075284675,-0.012308098,-0.07440476,-0.051499262,0.04435847,-0.0042045293,0.036048993,-0.15994114,-0.035902098,0.014533788,0.038199127,0.030768666,0.0029172034,-0.11556179,-0.009117405,0.010494361,-0.032007962,0.0001807779,-0.0060301963,-0.038406745,-0.035958335,-0.04678224,-0.024627803,0.28776163,-0.01745956,0.019795492,0.06151741,-0.0012321171,0.008996204,-0.00019715384,-0.013641078,-0.02577601,0.004940268,-0.002036753,0.01898073,0.006660217,-0.0065142387,0.007563117,0.014319489,0.03514675,0.022549845,-0.00062462117
32,0.06714631,-0.12701112,0.11090192,-0.0226166,0.19493948,-0.049498998,-0.09775622,-0.032215923,0.10662089,-0.07721242,0.14980039,-0.037673656,-0.017841041,0.14936036,-0.055777658,-0.07415056,0.051489804,-0.037069567,-0.016380802,-0.055786163,-0.045503132,0.0055810865,-0.06866974,0.013695352,-0.031192396,-0.006155189,-0.04547309,0.0014501318,0.025173545,0.022506258,0.024732763,-0.01745956,0.22554824,-0.03749242,0.027321031,0.008792341,0.024657242,0.03132338,-0.04621896,0.047574207,-0.029045328,0.041123934,0.002955794,-0.0058421725,0.015664697,-0.012244531,-0.0052777603,0.02656719,-0.004909396,0.0021881554
33,0.04919459,-0.108061895,-0.2884506,0.04854423,-0.04451275,0.07378119,-0.01148905,0.0059556253,-0.0648899,-0.0493076,0.15404263,0.047531426,0.12314744,-0.033562057,-0.10699961,-0.013545038,0.0005588648,0.06329793,-0.098903686,0.0058745523,-0.05765021,0.113929585,-0.0335055,-0.005072606,-0.027093546,-0.011329241,-0.0025369334,-0.03604189,0.009982547,-0.017140845,-0.0036708696,0.019795492,-0.03749242,0.25142837,-0.040289067,0.023054693,-0.00516195,0.012340583,0.031196792,-0.030260291,0.0032828366,-0.0072277607,0.004558566,-0.025237292,0.019208245,0.011974102,-0.01990594,0.010856458,0.015804417,-0.016924681
34,-0.011029163,0.14384732,0.021377645,0.15919676,0.17923625,-0.16890222,-0.120365925,-0.0787539,-0.028175848,0.053945556,0.053878196,0.043760017,-0.049833294,-0.12607175,0.054667234,-0.035262708,-0.014280947,0.010795228,0.025366144,-0.010250952,0.03750904,-0.022942329,-0.004119214,0.044722218,-0.023592258,-0.030023307,-0.023628592,-0.048716046,0.0022703414,0.024030715,0.019532338,0.06151741,0.027321031,-0.040289067,0.15655106,-0.011264564,-0.0021790517,-0.0145513285,0.03620684,-0.0047263093,0.00027771032,0.0048944284,-0.008086681,-0.0053028483,0.0132823875,0.031505838,-0.006114938,0.0027094933,-0.000103648905,0.029835248
35,-0.070882484,0.38030607,0.13535072,-0.07388782,0.12217943,0.030044328,-0.055052705,-0.06870277,0.08882289,-0.06019659,-0.03903056,0.04135409,-0.0025521484,-0.014285099,-0.06964425,0.008408707,-0.013782915,0.037529953,-0.03614472,-0.0705094,-0.004565779,-0.026783422,0.049023964,0.012541813,0.003717258,0.009840405,0.034319326,-0.00693617,0.07754174,0.02404576,-0.021496955,-0.0012321171,0.008792341,0.023054693,-0.011264564,0.13754657,-0.016171247,-0.041328628,0.015986059,0.014484694,-0.007588447,0.004686228,0.06574324,-0.033440255,0.029238056,0.0055749253,0.0023103373,0.009015622,-0.02184762,-0.0076036938
36,0.07740541,-0.030767195,0.12610546,0.03042737,-0.14370865,-0.2433609,-0.054595374,0.039596673,0.009817647,-0.053696096,-0.04681683,0.016107995,-0.0110947825,-0.048371166,0.030208169,-0.015722267,-0.018631622,0.036497183,0.094420955,-0.07752563,-0.008750515,0.018873613,0.014365624,0.017551035,-0.01887425,-0.009014273,-0.028988916,0.0075741457,-0.038007446,-0.0070842374,-0.06315349,0.008996204,0.024657242,-0.00516195,-0.0021790517,-0.016171247,0.15606134,0.018302014,-0.025277607,-0.04726597,0.011900097,0.0009175944,0.009483387,0.0036136576,-0.002107757,-0.0004388422,-0.030851077,0.020703685,-0.019889016,-0.030617818
37,0.066576324,-0.61002415,-0.013695746,0.08904745,0.07027003,0.0815828,0.061771277,0.029351719,0.05428312,-0.09079609,-0.08025895,0.055876363,-0.095410235,0.018129747,0.00694837,-0.020351224,0.07033786,-0.004996825,0.00047933095,-0.00969428,0.047744244,0.016293827,-0.022524226,-0.005455454,-0.033239402,0.039033826,0.0051998906,-0.025453748,-0.018958714,0.0446745,-0.017407268,-0.00019715384,0.03132338,0.012340583,-0.0145513285,-0.041328628,0.018302014,0.16491008,0.022545885,-0.01685699,-0.008684672,-0.00235683,-0.026543554,0.022723084,-0.014581341,-0.0072351787,0.011489306,-0.0017502016,0.011325182,0.0007804396
38,-0.005101756,-0.11573285,-0.07752627,0.10591899,0.019695405,0.09789555,-0.11586179,-0.051437818,0.04790458,0.025018467,-0.017390635,0.074564084,-0.04194006,-0.036568984,-0.03212006,0.031292684,-0.04972157,0.058718674,0.010881523,0.0041388357,0.044078976,-0.012405625,-0.031644087,-0.014575832,-0.037945956,0.054880176,0.019739749,-0.0452232,0.0065467344,0.006816454,-0.004260372,-0.013641078,-0.04621896,0.031196792,0.03620684,0.015986059,-0.025277607,0.022545885,0.11442176,-0.0071853427,-0.04592611,-0.025416661,0.008110946,-0.0048233997,0.0060225297,-0.011213113,0.023197945,-0.009097752,-0.017572623,-0.0051721996
39,-0.022209425,-0.22661078,0.06521907,0.012533431,0.014013147,0.044913467,-0.07946885,0.036187593,0.080796175,-0.04345268,-0.007984202,-0.09464511,-0.025090324,0.030678619,0.0061888644,0.009052906,0.018124849,0.048033465,-0.049550913,0.008167437,-0.032192223,-0.021667505,0.0059365015,0.02519159,-0.009655573,-0.043954983,-0.015159719,-0.034191675,0.05469212,0.0014813996,0.028535455,-0.02577601,0.047574207,-0.030260291,-0.0047263093,0.014484694,-0.04726597,-0.01685699,-0.0071853427,0.09996608,-0.023530038,-0.013506363,-0.0075358343,-0.004362694,0.004593853,0.00444436,0.0029187128,0.023021761,0.005924995,0.0099557955
40,-0.028286017,-0.049637493,0.012168804,-0.025409393,0.11466607,0.044535518,0.07237148,0.12009139,-0.015059942,0.0072168056,-0.08000927,0.014093062,0.0054708594,-0.0690202,-0.0005580223,-0.03382045,0.019757507,-0.01416564,0.007796104,0.012038425,-0.006516575,-0.013849846,0.015024477,0.024575844,0.047459144,0.0096009765,-0.006110895,-0.010565082,0.0034568522,0.011033419,0.06571635,0.004940268,-0.029045328,0.0032828366,0.00027771032,-0.007588447,0.011900097,-0.008684672,-0.04592611,-0.023530038,0.15972057,0.01148168,0.015919743,-0.008532236,0.020632945,-0.008962592,-0.029308237,0.009197996,0.026879687,0.0024817414
41,0.006958214,0.16402134,0.016786538,0.08985448,-0.08299674,0.030453121,-0.058511376,-0.11757,0.009551129,0.011452053,-0.027431183,-0.06542656,0.06060909,0.025577499,-0.023162358,0.02182402,-0.00806638,-0.02184818,-0.01179516,0.031590723,-0.01767071,0.033070043,0.008553697,-0.0034347961,-0.00921367,0.0070028407,0.020254917,0.0068904827,-0.043517932,0.03952998,0.042531736,-0.002036753,0.041123934,-0.0072277607,0.0048944284,0.004686228,0.0009175944,-0.00235683,-0.025416661,-0.013506363,0.01148168,0.09482442,2.5536077e-05,-0.035241187,-0.01496087,0.01466154,0.0133903455,-0.0127885705,0.0116863325,-0.008217733
42,-0.06925475,-0.018549526,-0.11389705,-0.043117948,0.1677312,0.07913841,-0.043006737,0.041358292,0.25456512,0.041437272,-0.06578595,0.026762983,0.03919339,0.04110845,0.05798433,0.04816415,0.0038671088,0.03602337,0.026538378,0.026251022,0.038584426,0.004049355,0.007671143,-0.022505246,-0.011198685,-0.0150567265,-0.014801998,-0.024556588,-0.014955787,-0.01783917,-0.0058511216,0.01898073,0.002955794,0.004558566,-0.008086681,0.06574324,0.009483387,-0.026543554,0.008110946,-0.0075358343,0.015919743,2.5536077e-05,0.12443979,-0.021253098,0.022727646,-0.013328202,-0.0033984482,0.002853295,-0.0038093436,-0.015940662
43,-0.00073516124,0.11484801,0.04518974,-0.034632146,0.013514444,0.012970483,0.081247374,0.061884295,-0.030491708,-0.09455179,0.0063981735,0.09087182,-0.07993689,0.038160503,-5.236001e-05,0.021982761,0.014803879,0.0039470317,0.0240135,-0.007396966,-0.07218313,-0.039693393,-0.0067476965,-0.016334755,-0.045006193,0.014315482,0.0024690237,-0.001530087,-0.03416884,0.0044191116,-0.018547896,0.006660217,-0.0058421725,-0.025237292,-0.0053028483,-0.033440255,0.0036136576,0.022723084,-0.0048233997,-0.004362694,-0.008532236,-0.035241187,-0.021253098,0.080179594,0.0041943723,-0.016587947,-0.0037198896,0.0047304737,0.020783741,0.01702585
44,0.06322789,-0.14312163,-0.008769979,-0.098472565,-0.25143206,-0.055901423,-0.06855728,-0.14019382,0.029377174,-0.02243907,0.008190269,0.023865536,-0.087430105,-0.04673446,0.029952563,-0.009397289,0.085938014,0.037745677,-0.012410097,0.0423207,-0.013649269,0.00017704064,-0.041084237,0.015206641,0.019184683,0.04107622,-0.033569276,0.01955545,0.022955675,-0.017256593,0.0058651287,-0.0065142387,0.015664697,0.019208245,0.0132823875,0.029238056,-0.002107757,-0.014581341,0.0060225297,0.004593853,0.020632945,-0.01496087,0.022727646,0.0041943723,0.13273406,-0.028064167,-0.021595327,0.013127005,-0.008994637,0.025233366
45,0.017991012,-0.34804863,0.09132823,0.004404029,-0.08094916,0.000307279,0.060215756,0.006332303,-0.019038206,0.009544907,-0.0038113561,-0.025590386,0.0768799,-0.039322764,0.054052576,-0.016863383,0.012524684,-0.0015272404,-0.013675142,-0.015424599,0.001752144,0.07467601,0.027534533,0.034623384,0.022946123,-0.044413365,0.0011303081,-0.01829366,0.017429968,0.002700049,-0.020612907,0.007563117,-0.012244531,0.011974102,0.031505838,0.0055749253,-0.0004388422,-0.0072351787,-0.011213113,0.00444436,-0.008962592,0.01466154,-0.013328202,-0.016587947,-0.028064167,0.09813769,0.0028066752,-0.001328751,0.009371081,0.010473182
46,0.00617081,-0.023615021,0.047561925,-0.024570374,-0.062042184,-0.026176076,0.030809224,-0.085540704,0.008236903,0.035577696,-0.07089623,0.038701713,0.011857687,-0.029216155,0.009336675,0.030830722,0.0016210151,0.0022684373,-0.04949069,0.009384763,0.017562993,-0.0039296495,0.00705765,-0.028505027,0.029017527,0.031092335,0.0034528114,-0.03690207,0.005265548,-0.03862944,0.0070992657,0.014319489,-0.0052777603,-0.01990594,-0.006114938,0.0023103373,-0.030851077,0.011489306,0.023197945,0.0029187128,-0.029308237,0.0133903455,-0.0033984482,-0.0037198896,-0.021595327,0.0028066752,0.1058889,-0.007414588,-0.0031685005,-0.0035030795
47,0.01826394,-0.23056844,-0.1999487,-0.03913124,-0.023742951,0.001041183,0.0055755484,0.04207452,0.030083194,-0.059343696,0.0060189087,-0.023038112,-0.00066418794,0.0023793858,-0.0056407647,-0.017393839,0.027100503,0.016643414,0.005479809,-0.079160914,-0.008095449,-0.01104462,0.016405147,-0.010782894,-0.033016197,-0.019987438,0.047763634,-0.009598168,0.01457105,-0.049188673,0.0041377814,0.03514675,0.02656719,0.010856458,0.0027094933,0.009015622,0.020703685,-0.0017502016,-0.009097752,0.023021761,0.009197996,-0.0127885705,0.002853295,0.0047304737,0.013127005,-0.001328751,-0.007414588,0.060282838,0.004832161,0.009186822
48,-0.0075186146,-0.10056715,0.086043015,0.049881153,0.049082313,0.05906975,0.049220733,-0.0017764331,0.034759052,-0.054901935,-0.053685322,-0.056828283,-0.025606066,0.020946018,0.002847178,-0.02956751,-0.031208701,0.008674337,-0.05042853,-0.0019181905,-0.034707345,0.037084233,0.012981184,-0.006456281,-0.0033177673,0.011831477,0.02879458,-0.039958887,-0.006973307,0.017450001,0.008921044,0.022549845,-0.004909396,0.015804417,-0.000103648905,-0.02184762,-0.019889016,0.011325182,-0.017572623,0.005924995,0.026879687,0.0116863325,-0.0038093436,0.020783741,-0.008994637,0.009371081,-0.0031685005,0.004832161,0.06517343,0.01885229
49,0.015873801,-0.086612284,-0.014224768,-0.019295719,0.012784319,-0.11140869,0.041237473,-0.0069955313,0.009988422,0.01922999,0.027117033,0.044437543,-0.015482966,0.0112746935,0.014249796,0.014065903,0.025894456,0.0052982084,-0.030614305,-0.01257537,0.03941728,-0.009111492,0.013797448,0.012280007,0.00574765,0.0019232408,0.049326405,-0.0033347043,0.006757441,0.0018849077,0.032374695,-0.00062462117,0.0021881554,-0.016924681,0.029835248,-0.0076036938,-0.030617818,0.0007804396,-0.0051721996,0.0099557955,0.0024817414,-0.008217733,-0.015940662,0.01702585,0.025233366,0.010473182,-0.0035030795,0.009186822,0.01885229,0.051745296
