,0,1,2,3,4,5,6,7,8,9,10,11,12,13,14,15,16,17,18,19,20,21,22,23,24,25,26,27,28,29,30,31,32,33,34,35,36,37,38,39,40,41,42,43,44,45,46,47,48,49
0,0.037292127,0.0032340917,-0.007094232,0.008702404,0.00899698,0.0014498415,0.0059520444,0.007617481,-0.011864556,0.0016789119,-0.0018196213,0.0035855344,0.027661115,0.007234644,-0.010075489,0.008720811,-0.0049868217,-0.0012722193,-0.003035634,-0.0018626254,-0.0027880925,-0.0009877759,-0.0008850567,0.00030452188,0.0016310647,-0.0001287408,-0.00012782907,0.00032241043,0.00019554613,0.00018555246,-0.00079663313,0.00036647098,0.0001575084,-0.00050254643,-0.0003416611,0.00010504118,0.0009391715,-2.1374413e-05,-0.00024213319,3.862483e-05,-0.00049820775,-0.0001395152,6.980117e-05,6.333839e-05,0.00022546091,7.4147276e-05,-7.373764e-05,0.00030426143,0.00033750822,-0.00035289204
1,0.0032340917,0.0015226785,0.0018927923,0.0005893593,0.0025081157,0.00020445845,0.0003793002,0.0008740759,-0.0013157078,0.00010592495,-0.0007532622,-0.00030870154,-0.001790052,0.0011879709,-0.00087131315,0.0019784074,-0.0004844232,-0.000929385,-0.00039651262,-0.00050879957,0.0003745669,-0.0004603038,-0.0003593738,-2.844209e-05,-0.00013982749,0.00022055735,-0.00014888935,0.00013561177,0.0001741265,-3.2907796e-05,-0.00019920175,7.0589886e-05,-9.5851414e-05,-0.0001322445,-4.488164e-05,-0.00014076535,-5.077227e-05,-0.00029098633,-8.947007e-05,-1.7195563e-05,-0.0001985085,-1.9567335e-06,-1.8397575e-05,4.087136e-05,4.358302e-05,-0.00010114774,3.2579155e-05,-4.3293192e-05,2.6604856e-05,-5.736332e-05
2,-0.007094232,0.0018927923,0.010164942,-0.0027528931,0.0024118463,-0.0005627641,-0.0026686378,-0.002151406,0.001694236,-0.0005067535,-0.0014836036,-0.0030927104,-0.018173926,0.00078499655,-0.0007495872,0.0014762881,0.0010270283,-0.0022762453,0.000708577,-0.00064400875,0.00070631923,-0.0015330887,-0.00022602995,-0.00045068614,-0.0013033574,0.0004967395,0.0001701852,0.00011018121,0.00025316083,-0.00013013315,-7.847055e-05,-3.8150472e-05,-0.00027871848,5.7826073e-05,0.00025676543,6.874161e-05,-0.00042600284,-0.0005018525,-2.7604588e-05,-5.0646857e-05,-0.0002047153,-5.078947e-05,-0.00012086392,0.00027221144,5.0251816e-05,-0.00016012578,-0.00010204985,-0.0002508292,-2.873145e-05,0.00013266949
3,0.008702404,0.0005893593,-0.0027528931,0.0045232945,0.0020480244,-0.0005064254,0.0032183072,0.0009044553,-0.0028272509,9.219033e-05,-0.0004830151,0.0015772711,0.00960928,-0.0004760609,-9.081815e-06,0.0018128846,-0.0022828486,-0.00067101966,-0.0005851091,0.00033608676,-0.0011199703,0.0006254739,0.00049518066,0.00063443964,0.00015336857,-4.1912695e-05,0.00036916992,0.00017997014,0.00019473881,0.00022060872,-0.00030308828,2.4489804e-05,0.00011977703,-0.00020060461,-0.00026688044,4.5799614e-05,0.00029339961,-3.8172864e-05,6.426032e-05,7.7409975e-05,-0.00037885603,-0.00011394215,0.000157629,1.4466716e-05,-1.5195757e-05,0.00011225082,3.097684e-06,0.0001028811,9.7571436e-05,-0.00018371391
4,0.00899698,0.0025081157,0.0024118463,0.0020480244,0.005919683,0.0011436932,0.0012921707,0.0022145836,-0.0036011115,0.0005104098,-0.001456642,0.00018038283,0.0011963136,0.0031324807,-0.0029736236,0.0045130625,-0.0012550784,-0.0014379267,-0.0013577116,-0.00062859245,0.00030286182,-0.00082960783,-0.00014413195,0.00048718177,0.00014529709,-5.6502737e-05,7.661233e-05,0.00019153059,0.00062637136,0.00010698755,-0.00022055267,7.7095596e-05,-4.1432286e-05,-0.0002436515,-6.20646e-05,-0.00010168005,1.3043549e-05,-0.0005494179,9.995363e-06,-3.317557e-05,-0.00031228145,-0.000111824775,2.000855e-05,0.00015004026,9.1810805e-05,-6.7873465e-05,-4.211117e-05,-7.555456e-05,0.00011691051,-0.00015957508
5,0.0014498415,0.00020445845,-0.0005627641,-0.0005064254,0.0011436932,0.0015039636,-2.9768416e-05,0.0015405315,-0.00075896387,0.0003317372,0.0001741482,0.0002863662,0.0013973325,0.0016198136,-0.00074330135,0.0007696198,0.0007704813,0.0001413023,-0.00068241183,-0.00026491465,0.00073983904,-0.00021672974,-0.0003475154,1.7317878e-05,0.00040319713,-0.00025516836,-0.00017395485,-6.604892e-05,0.00030277533,1.3961329e-05,8.766673e-05,5.6956407e-05,0.00020974303,-1.1483907e-06,-8.249024e-06,-8.328822e-05,-4.129027e-05,-0.00011717391,5.9546666e-05,-4.2062744e-05,6.76261e-05,2.933012e-05,5.812962e-05,-1.7739541e-05,2.5586989e-05,-2.7457147e-05,-5.9299146e-06,9.74823e-06,5.0805204e-05,-4.752715e-05
6,0.0059520444,0.0003793002,-0.0026686378,0.0032183072,0.0012921707,-2.9768416e-05,0.0030972934,0.0016307193,-0.0021438769,6.140534e-05,4.9130645e-05,0.0015288596,0.008632686,-0.00012801173,0.0010208779,0.0012166891,-0.0011128729,-0.00054232066,-0.0005697588,0.00012369629,-0.0001567296,0.00073320087,6.015876e-05,0.0003585232,0.00014518786,1.7005677e-05,0.00013016505,0.00011586399,0.00025446236,0.00038411317,-0.0001517917,2.1802227e-05,0.00026746967,-0.00010574682,-0.00033604132,2.517916e-05,0.00018393004,-0.00010763985,2.7138743e-05,8.243804e-05,-0.0003773725,-5.5153876e-05,0.00013757101,-1.3985738e-05,-5.783439e-05,0.00011553663,-3.7511063e-06,5.213693e-05,4.928198e-05,-0.00016924362
7,0.007617481,0.0008740759,-0.002151406,0.0009044553,0.0022145836,0.0015405315,0.0016307193,0.004783796,-0.0028408752,0.00094441435,0.00012848977,0.0013708969,0.0067823073,0.003978122,-0.000919536,0.0025069767,0.0007896612,-7.439358e-05,-0.0020122263,-0.001228852,0.001565042,-5.3917007e-05,-0.00032679713,-0.00016008999,0.00054274336,5.2883817e-05,-0.0005294669,0.00029040372,9.148917e-05,0.00037290846,0.00020545407,9.155013e-05,0.00023141108,-6.604323e-05,-0.00016597808,0.00016158124,0.00019508637,2.0570042e-05,-9.564116e-05,-1.8344912e-05,-0.00010822281,9.029719e-05,5.1236915e-05,-3.772105e-05,4.2172258e-05,3.5535028e-05,3.6312354e-05,7.0237365e-05,4.0418694e-05,-0.00010861631
8,-0.011864556,-0.0013157078,0.001694236,-0.0028272509,-0.0036011115,-0.00075896387,-0.0021438769,-0.0028408752,0.004157576,-0.00058590004,0.0006065818,-0.0011210673,-0.008722959,-0.0027679226,0.0030821562,-0.0032773744,0.001577945,0.00061275787,0.0011957028,0.0006504189,0.00047447882,0.00031720335,0.00038960157,-0.00020910328,-0.00045667408,2.261351e-05,6.035199e-05,-5.3470125e-05,-0.00035241232,-6.741268e-05,0.00026015053,-0.00012351816,-0.00014757986,9.752985e-05,0.00014501534,-1.7092559e-06,-0.00024863763,8.323151e-05,9.621891e-05,3.139537e-05,0.00024838463,3.2871067e-05,-4.748912e-05,-9.0190566e-05,-4.3639986e-05,-5.946951e-05,9.483587e-06,-9.599447e-05,-8.8745495e-05,9.2470356e-05
9,0.0016789119,0.00010592495,-0.0005067535,9.219033e-05,0.0005104098,0.0003317372,6.140534e-05,0.00094441435,-0.00058590004,0.00035538408,-4.1249077e-05,0.00026764127,0.0013382917,0.0010767716,-0.00057302,0.0005501238,5.4874083e-05,0.00021129785,-0.00056979345,-0.000272756,0.00027327056,-6.312359e-05,0.00014803367,7.680761e-05,0.00017565921,-3.608344e-05,-0.000114927876,0.00010948228,1.5470245e-05,9.493534e-07,0.000104345716,2.2366583e-05,-1.4278357e-05,1.7768334e-06,1.2476187e-05,7.188249e-05,5.0352508e-05,7.579832e-05,-1.4400949e-05,-2.5425667e-05,7.1482464e-05,2.0741074e-05,-1.8543587e-05,1.3539004e-06,1.5163417e-06,1.6183702e-05,1.5562793e-05,3.336719e-05,-5.8726364e-06,1.2403509e-06
10,-0.0018196213,-0.0007532622,-0.0014836036,-0.0004830151,-0.001456642,0.0001741482,4.9130645e-05,0.00012848977,0.0006065818,-4.1249077e-05,0.0006738613,0.00029837812,0.0016667377,-0.0004364634,0.00093579886,-0.0011300999,0.0005562521,0.00053227996,0.000150879,0.00015880069,0.00024971418,0.00031908316,-0.00012498893,-9.586865e-05,0.00013407462,-5.3727075e-05,-6.890587e-05,-9.7774464e-05,-1.8429244e-05,4.7484227e-05,0.00010527495,-1.9306044e-05,0.00015759947,9.8074874e-05,-4.596041e-05,-2.6069195e-06,-6.233655e-06,0.00012424128,6.3146344e-06,-4.6232876e-06,5.9025107e-05,3.7144826e-05,1.9074574e-05,-4.560697e-05,-2.8544593e-05,4.591634e-05,1.6670518e-05,3.267866e-05,-3.706258e-05,2.2645612e-05
11,0.0035855344,-0.00030870154,-0.0030927104,0.0015772711,0.00018038283,0.0002863662,0.0015288596,0.0013708969,-0.0011210673,0.00026764127,0.00029837812,0.0014237807,0.0070318487,0.00030353363,0.0004013742,0.0003301541,-0.0003420883,0.00046657756,-0.0007646031,0.00017344282,-2.6001508e-06,0.0006312997,0.000321212,0.00028949277,0.0004440336,-0.00022676066,2.8434093e-05,6.485727e-05,8.867869e-06,0.0003175799,8.510542e-05,-3.9101178e-05,8.8526336e-05,-6.713796e-05,-0.00012882869,4.5918347e-05,0.00020122685,7.379597e-05,7.026379e-05,4.8326718e-05,-3.7743117e-05,-3.268202e-05,4.642772e-05,-5.5120967e-05,-5.0616745e-06,0.000101538564,3.9225565e-06,3.2242253e-05,3.8368296e-05,-0.00012065646
12,0.027661115,-0.001790052,-0.018173926,0.00960928,0.0011963136,0.0013973325,0.008632686,0.0067823073,-0.008722959,0.0013382917,0.0016667377,0.0070318487,0.044606935,0.0018992183,-0.002683103,0.002184194,-0.0042758086,0.0022169342,-0.002450122,0.0006360889,-0.0026110737,0.0023799967,0.0002384122,0.001202439,0.0024926122,-0.0009723165,0.0002720747,-0.0003043071,0.0004350439,0.0008182048,-0.00018439889,0.00011813323,0.0008758088,-5.8392397e-05,-0.00076418935,0.00022284938,0.0010702992,0.0006157098,4.4334494e-05,9.8290155e-05,-0.00027908196,-7.918141e-05,0.00027005374,-0.0001317407,-0.00010780991,0.0005825679,-1.3151785e-05,0.00042936503,0.00018422036,-0.00039074704
13,0.007234644,0.0011879709,0.00078499655,-0.0004760609,0.0031324807,0.0016198136,-0.00012801173,0.003978122,-0.0027679226,0.0010767716,-0.0004364634,0.00030353363,0.0018992183,0.0054515554,-0.0036218525,0.0030619854,0.0009835626,-0.00027061556,-0.0020643198,-0.0015721595,0.0011021128,-0.0008617374,-0.000312215,-0.00033041812,0.00041661982,-7.0876586e-06,-0.000427911,0.00033583463,0.00020973069,0.00024506848,0.00026876817,6.1886836e-05,1.8654853e-05,7.7370365e-05,8.134535e-05,0.00025372737,0.00015110089,5.003449e-05,-9.1863796e-05,-6.758864e-05,0.00013109745,3.8453094e-05,-0.00010336359,9.358657e-05,9.5119176e-05,7.223489e-05,-4.1269246e-05,2.6046157e-05,3.0483066e-05,3.3716155e-05
14,-0.010075489,-0.00087131315,-0.0007495872,-9.081815e-06,-0.0029736236,-0.00074330135,0.0010208779,-0.000919536,0.0030821562,-0.00057302,0.00093579886,0.0004013742,-0.002683103,-0.0036218525,0.0071371356,-0.0025628204,0.0011912698,7.501283e-05,0.0003424856,0.0008276958,0.0016997142,0.0015202274,0.00059479906,0.00024103583,-0.0005576522,0.00021757976,-0.00012614169,0.00014709713,-2.4436067e-05,0.00021381292,0.00019583925,-7.026203e-05,0.00020067894,-2.9603943e-05,-0.00027799554,-0.00011398292,-0.0001664779,6.4404935e-06,0.00013178372,8.958785e-05,-0.00028382524,6.812798e-05,0.00018058941,-0.00013053464,-0.0001319237,-2.7248641e-05,0.00012746107,-1.6924707e-05,-9.9139084e-05,-0.0001007893
15,0.008720811,0.0019784074,0.0014762881,0.0018128846,0.0045130625,0.0007696198,0.0012166891,0.0025069767,-0.0032773744,0.0005501238,-0.0011300999,0.0003301541,0.002184194,0.0030619854,-0.0025628204,0.0038981435,-0.00090750953,-0.001146185,-0.0013206466,-0.0008126709,0.00029830117,-0.0007089074,-0.00012178828,0.00024645467,0.00013755017,8.136613e-05,-9.244219e-05,0.00018277134,0.000316352,8.871654e-05,-0.00015809548,9.7499564e-05,-2.9405273e-05,-0.00022497398,-5.1079565e-05,2.1640655e-05,0.00010679022,-0.0002852541,-3.4920376e-05,-4.0787687e-05,-0.0002946818,-5.2547854e-05,2.811173e-05,0.00012410936,7.044042e-05,-5.9090577e-05,-3.514463e-05,-1.9743484e-05,8.433431e-05,-0.00013268986
16,-0.0049868217,-0.0004844232,0.0010270283,-0.0022828486,-0.0012550784,0.0007704813,-0.0011128729,0.0007896612,0.001577945,5.4874083e-05,0.0005562521,-0.0003420883,-0.0042758086,0.0009835626,0.0011912698,-0.00090750953,0.0025417274,0.00012165406,-0.00040088443,-0.0004188469,0.0013527034,-7.021918e-05,-0.00014096985,-0.00048808166,-3.61758e-05,-1.5835845e-05,-0.00023582761,0.00017298484,-0.00017219706,0.00032695776,0.00036753365,-7.082685e-05,0.00011171862,6.034619e-05,8.443523e-05,0.00013519847,-8.5434585e-05,4.939681e-05,8.9882065e-05,4.3669563e-05,0.00015183011,3.3368196e-05,1.7398994e-05,-8.0228485e-05,4.065514e-05,3.6274537e-06,-5.5674558e-05,-5.6535107e-05,-1.4281191e-05,2.8231607e-05
17,-0.0012722193,-0.000929385,-0.0022762453,-0.00067101966,-0.0014379267,0.0001413023,-0.00054232066,-7.439358e-05,0.00061275787,0.00021129785,0.00053227996,0.00046657756,0.0022169342,-0.00027061556,7.501283e-05,-0.001146185,0.00012165406,0.0013951838,-0.000121918594,0.00034819648,0.00010104236,0.00029871237,0.00030592637,0.00030335714,0.0004672881,-0.00020264863,-9.606924e-05,-9.293089e-05,-0.00020647747,-5.8301288e-05,0.00022234031,-5.8902253e-05,-0.00010677792,-1.779057e-05,9.6645614e-05,-3.5300745e-05,6.589398e-05,0.00019530297,-1.5375299e-06,-2.5375513e-05,0.00026019878,1.0124713e-05,-3.613509e-05,-7.9096266e-05,-1.5589998e-06,2.228009e-05,3.4337318e-05,3.3796014e-06,-5.5624187e-05,2.7925413e-05
18,-0.003035634,-0.00039651262,0.000708577,-0.0005851091,-0.0013577116,-0.00068241183,-0.0005697588,-0.0020122263,0.0011957028,-0.00056979345,0.000150879,-0.0007646031,-0.002450122,-0.0020643198,0.0003424856,-0.0013206466,-0.00040088443,-0.000121918594,0.0015406809,0.00044459171,-0.0007863045,-0.00017363709,-0.00034504355,-0.00021320864,-0.0002873115,0.00012829484,0.00020054652,-0.00030621173,-8.137227e-05,-0.00024899674,-0.00020011721,3.1533316e-05,3.8591133e-06,5.2262614e-05,-1.9829327e-05,-7.8525845e-05,-0.00018000726,-9.6473406e-05,-4.6398993e-05,-4.705868e-06,-4.4736953e-05,1.3921215e-05,-1.3114763e-05,3.7716754e-06,-2.0594314e-05,-7.239712e-05,-1.1985969e-05,-2.6278278e-05,-1.7984501e-05,5.5347264e-05
19,-0.0018626254,-0.00050879957,-0.00064400875,0.00033608676,-0.00062859245,-0.00026491465,0.00012369629,-0.001228852,0.0006504189,-0.000272756,0.00015880069,0.00017344282,0.0006360889,-0.0015721595,0.0008276958,-0.0008126709,-0.0004188469,0.00034819648,0.00044459171,0.0007545441,-0.00038927363,0.00033676001,0.00029163653,0.00037172367,5.385223e-05,-0.00016970834,0.0002613109,-0.00013496475,4.467881e-05,1.0683896e-05,-1.464195e-05,-6.496935e-05,-7.2084426e-06,-5.362844e-05,-2.0922043e-07,-9.029514e-05,-2.0990567e-05,-4.830474e-05,0.000101452184,1.8410716e-05,-9.925014e-06,-7.0493465e-05,3.1420837e-05,-6.3089096e-06,-1.6907143e-05,1.7159258e-05,-2.094499e-05,-3.444281e-05,-2.9435606e-07,-3.7081132e-05
20,-0.0027880925,0.0003745669,0.00070631923,-0.0011199703,0.00030286182,0.00073983904,-0.0001567296,0.001565042,0.00047447882,0.00027327056,0.00024971418,-2.6001508e-06,-0.0026110737,0.0011021128,0.0016997142,0.00029830117,0.0013527034,0.00010104236,-0.0007863045,-0.00038927363,0.0019499504,8.027751e-05,-2.836919e-05,3.942873e-05,-1.943342e-05,0.0001314675,-0.00038356794,0.0001736417,7.955058e-05,0.00011816565,0.00027708843,-2.2377797e-05,6.6817374e-05,-3.149972e-05,-3.2063934e-05,-3.7486563e-05,-9.8094766e-05,-9.684166e-05,-2.4077239e-05,-3.514254e-05,-3.5974386e-05,6.8730296e-05,2.7799808e-05,-3.165493e-05,-3.4218172e-06,-5.559296e-05,7.60972e-05,-3.990221e-05,-6.114638e-05,-2.5734684e-05
21,-0.0009877759,-0.0004603038,-0.0015330887,0.0006254739,-0.00082960783,-0.00021672974,0.00073320087,-5.3917007e-05,0.00031720335,-6.312359e-05,0.00031908316,0.0006312997,0.0023799967,-0.0008617374,0.0015202274,-0.0007089074,-7.021918e-05,0.00029871237,-0.00017363709,0.00033676001,8.027751e-05,0.00072465674,0.00027209308,0.0001484476,2.8131912e-05,-7.566171e-05,2.3262275e-05,4.5077075e-05,5.587288e-05,0.00015455601,4.710652e-05,-3.342412e-05,2.8733491e-05,4.07248e-05,-9.213503e-05,-1.9591249e-05,6.384739e-05,8.4373096e-05,4.8750204e-05,3.4194432e-05,5.813771e-06,3.3707593e-06,1.7386894e-05,-3.6798054e-05,-6.2372026e-05,8.87859e-05,3.0797164e-05,2.2624561e-05,-1.0873316e-05,-2.8394774e-05
22,-0.0008850567,-0.0003593738,-0.00022602995,0.00049518066,-0.00014413195,-0.0003475154,6.015876e-05,-0.00032679713,0.00038960157,0.00014803367,-0.00012498893,0.000321212,0.0002384122,-0.000312215,0.00059479906,-0.00012178828,-0.00014096985,0.00030592637,-0.00034504355,0.00029163653,-2.836919e-05,0.00027209308,0.0009760027,0.00041336176,-2.0092912e-05,-0.00015650893,0.00021427858,0.00019024748,-0.00011233172,0.000108492415,0.0002332731,-0.000110944195,-0.00013534928,-4.1995307e-05,3.831782e-05,0.0001867357,8.794527e-05,0.00010454287,0.00013510941,2.805193e-05,8.131055e-05,-7.382863e-05,4.745543e-06,7.10464e-06,1.5277154e-05,4.97187e-05,-2.1802456e-05,2.9275918e-06,-6.2017652e-06,-2.0410935e-05
23,0.00030452188,-2.844209e-05,-0.00045068614,0.00063443964,0.00048718177,1.7317878e-05,0.0003585232,-0.00016008999,-0.00020910328,7.680761e-05,-9.586865e-05,0.00028949277,0.001202439,-0.00033041812,0.00024103583,0.00024645467,-0.00048808166,0.00030335714,-0.00021320864,0.00037172367,3.942873e-05,0.0001484476,0.00041336176,0.0006104601,0.0001460611,-0.00010037239,9.7128504e-05,1.5046029e-05,6.655401e-05,-1.7507013e-05,8.216566e-05,-3.5515175e-05,-3.404133e-05,-0.00013957858,1.7938848e-05,-3.6314956e-05,3.8770617e-05,-3.660816e-05,5.5388096e-05,1.9668325e-05,-4.504088e-05,-6.935277e-05,6.3207364e-05,1.4911686e-07,-3.123359e-06,-4.328218e-06,-1.1581091e-05,-2.9594952e-05,-1.9853856e-05,-4.2032298e-05
24,0.0016310647,-0.00013982749,-0.0013033574,0.00015336857,0.00014529709,0.00040319713,0.00014518786,0.00054274336,-0.00045667408,0.00017565921,0.00013407462,0.0004440336,0.0024926122,0.00041661982,-0.0005576522,0.00013755017,-3.61758e-05,0.0004672881,-0.0002873115,5.385223e-05,-1.943342e-05,2.8131912e-05,-2.0092912e-05,0.0001460611,0.0003905813,-0.00014736509,-4.884543e-05,-4.021104e-05,-4.4786968e-05,3.8787435e-05,3.8245467e-05,-5.240543e-06,-1.93433e-05,-7.4852716e-05,1.443388e-05,-3.9935345e-05,5.339411e-05,1.38580435e-05,1.1755894e-05,-3.844071e-06,6.793882e-05,-1.6576978e-05,6.6583625e-06,-4.9033428e-05,2.3211905e-05,-2.760447e-06,-3.3271353e-06,-9.463143e-06,1.6903425e-05,-4.2693973e-05
25,-0.0001287408,0.00022055735,0.0004967395,-4.1912695e-05,-5.6502737e-05,-0.00025516836,1.7005677e-05,5.2883817e-05,2.261351e-05,-3.608344e-05,-5.3727075e-05,-0.00022676066,-0.0009723165,-7.0876586e-06,0.00021757976,8.136613e-05,-1.5835845e-05,-0.00020264863,0.00012829484,-0.00016970834,0.0001314675,-7.566171e-05,-0.00015650893,-0.00010037239,-0.00014736509,0.0002474219,-0.00010063161,5.0346018e-05,-3.0944535e-05,-3.617299e-05,-3.8305374e-05,6.281612e-05,-4.164299e-05,-3.496486e-05,-3.209537e-05,-1.3155836e-06,-4.3355867e-05,-4.3114287e-06,-7.3105446e-05,4.473798e-06,-8.232803e-05,3.167946e-05,-7.76647e-06,-8.7456624e-07,-3.27078e-06,-3.1651784e-05,6.0152415e-06,-1.2252286e-05,-3.385136e-05,2.2225926e-05
26,-0.00012782907,-0.00014888935,0.0001701852,0.00036916992,7.661233e-05,-0.00017395485,0.00013016505,-0.0005294669,6.035199e-05,-0.000114927876,-6.890587e-05,2.8434093e-05,0.0002720747,-0.000427911,-0.00012614169,-9.244219e-05,-0.00023582761,-9.606924e-05,0.00020054652,0.0002613109,-0.00038356794,2.3262275e-05,0.00021427858,9.7128504e-05,-4.884543e-05,-0.00010063161,0.000293963,-2.023546e-05,1.1899454e-05,0.00011816897,-4.6553187e-06,-7.3429066e-05,6.033144e-06,1.0673828e-05,1.308501e-05,8.1795544e-05,8.146371e-06,-6.321986e-05,5.096529e-05,1.8915205e-05,-1.5342458e-06,-5.3875177e-05,1.1444875e-05,2.0683838e-05,1.4033589e-05,5.5092103e-05,-3.385787e-05,-2.5291725e-05,3.1761716e-05,-8.688752e-06
27,0.00032241043,0.00013561177,0.00011018121,0.00017997014,0.00019153059,-6.604892e-05,0.00011586399,0.00029040372,-5.3470125e-05,0.00010948228,-9.7774464e-05,6.485727e-05,-0.0003043071,0.00033583463,0.00014709713,0.00018277134,0.00017298484,-9.293089e-05,-0.00030621173,-0.00013496475,0.0001736417,4.5077075e-05,0.00019024748,1.5046029e-05,-4.021104e-05,5.0346018e-05,-2.023546e-05,0.0002489025,-5.6147564e-05,0.00010922717,8.062615e-05,-1.8983617e-05,-5.0426006e-05,-3.3586668e-05,-7.765018e-06,6.068482e-05,2.7727529e-05,2.8911218e-05,2.9288462e-05,4.2665135e-05,2.3689721e-05,-3.105436e-05,-2.0205087e-05,-2.2743247e-05,1.6452672e-05,1.3482566e-05,-1.2877863e-05,6.468529e-06,-7.0207825e-06,-4.023393e-06
28,0.00019554613,0.0001741265,0.00025316083,0.00019473881,0.00062637136,0.00030277533,0.00025446236,9.148917e-05,-0.00035241232,1.5470245e-05,-1.8429244e-05,8.867869e-06,0.0004350439,0.00020973069,-2.4436067e-05,0.000316352,-0.00017219706,-0.00020647747,-8.137227e-05,4.467881e-05,7.955058e-05,5.587288e-05,-0.00011233172,6.655401e-05,-4.4786968e-05,-3.0944535e-05,1.1899454e-05,-5.6147564e-05,0.00038946973,-5.214945e-05,-5.078438e-05,5.8088925e-05,9.787988e-05,9.598865e-05,-7.197383e-05,-6.300045e-05,-6.2729174e-05,-5.600409e-05,2.5476971e-05,-3.949785e-05,-4.564417e-05,9.243586e-06,-6.012297e-06,7.48812e-05,-4.528864e-05,3.9010883e-05,2.3628168e-06,1.8802082e-05,-7.3750225e-06,1.0969044e-05
29,0.00018555246,-3.2907796e-05,-0.00013013315,0.00022060872,0.00010698755,1.3961329e-05,0.00038411317,0.00037290846,-6.741268e-05,9.493534e-07,4.7484227e-05,0.0003175799,0.0008182048,0.00024506848,0.00021381292,8.871654e-05,0.00032695776,-5.8301288e-05,-0.00024899674,1.0683896e-05,0.00011816565,0.00015455601,0.000108492415,-1.7507013e-05,3.8787435e-05,-3.617299e-05,0.00011816897,0.00010922717,-5.214945e-05,0.0004071153,7.155232e-05,-8.38732e-05,-3.3972988e-06,-3.5654455e-05,-1.5549069e-05,9.058431e-05,3.0715673e-05,-7.3536045e-05,3.8662794e-05,5.0409464e-05,-1.288261e-05,-5.341592e-05,1.3843485e-06,-1.8231487e-05,1.0498623e-05,8.7403874e-05,-5.8103993e-05,-5.2542502e-05,1.0515581e-05,-3.3505043e-05
30,-0.00079663313,-0.00019920175,-7.847055e-05,-0.00030308828,-0.00022055267,8.766673e-05,-0.0001517917,0.00020545407,0.00026015053,0.000104345716,0.00010527495,8.510542e-05,-0.00018439889,0.00026876817,0.00019583925,-0.00015809548,0.00036753365,0.00022234031,-0.00020011721,-1.464195e-05,0.00027708843,4.710652e-05,0.0002332731,8.216566e-05,3.8245467e-05,-3.8305374e-05,-4.6553187e-06,8.062615e-05,-5.078438e-05,7.155232e-05,0.0001960765,-4.0514366e-05,-2.4529489e-05,1.2640524e-07,1.8544508e-05,8.04665e-05,1.8837149e-05,3.3497294e-05,2.8901319e-05,3.4589535e-05,5.4176926e-05,-1.50017895e-05,-1.0963922e-05,-2.1400978e-05,3.1720803e-05,1.1476686e-05,-1.6241956e-05,-2.361733e-05,-1.5619426e-05,4.232376e-06
31,0.00036647098,7.0589886e-05,-3.8150472e-05,2.4489804e-05,7.7095596e-05,5.6956407e-05,2.1802227e-05,9.155013e-05,-0.00012351816,2.2366583e-05,-1.9306044e-05,-3.9101178e-05,0.00011813323,6.1886836e-05,-7.026203e-05,9.7499564e-05,-7.082685e-05,-5.8902253e-05,3.1533316e-05,-6.496935e-05,-2.2377797e-05,-3.342412e-05,-0.000110944195,-3.5515175e-05,-5.240543e-06,6.281612e-05,-7.3429066e-05,-1.8983617e-05,5.8088925e-05,-8.38732e-05,-4.0514366e-05,8.193438e-05,1.1450729e-05,-1.1820795e-05,-2.6699163e-05,-2.6913089e-05,-2.2113041e-05,6.508406e-06,-1.5494246e-05,-2.0529683e-06,-2.8840328e-05,2.9005956e-05,2.5788422e-06,6.0524794e-06,-1.3234492e-05,-2.7891661e-05,1.2125304e-06,6.8624686e-06,7.3282365e-07,-1.6984841e-06
32,0.0001575084,-9.5851414e-05,-0.00027871848,0.00011977703,-4.1432286e-05,0.00020974303,0.00026746967,0.00023141108,-0.00014757986,-1.4278357e-05,0.00015759947,8.8526336e-05,0.0008758088,1.8654853e-05,0.00020067894,-2.9405273e-05,0.00011171862,-0.00010677792,3.8591133e-06,-7.2084426e-06,6.6817374e-05,2.8733491e-05,-0.00013534928,-3.404133e-05,-1.93433e-05,-4.164299e-05,6.033144e-06,-5.0426006e-05,9.787988e-05,-3.3972988e-06,-2.4529489e-05,1.1450729e-05,0.0002015254,5.6594763e-05,-2.9149505e-05,-8.239599e-07,1.1709075e-05,1.721682e-05,1.36048875e-05,-9.91999e-06,-5.20818e-05,1.30757035e-05,4.5640845e-05,1.8799503e-05,-2.7582115e-05,2.1414759e-05,5.0057247e-06,4.2929172e-05,5.4727816e-06,-9.848691e-06
33,-0.00050254643,-0.0001322445,5.7826073e-05,-0.00020060461,-0.0002436515,-1.1483907e-06,-0.00010574682,-6.604323e-05,9.752985e-05,1.7768334e-06,9.8074874e-05,-6.713796e-05,-5.8392397e-05,7.7370365e-05,-2.9603943e-05,-0.00022497398,6.034619e-05,-1.779057e-05,5.2262614e-05,-5.362844e-05,-3.149972e-05,4.07248e-05,-4.1995307e-05,-0.00013957858,-7.4852716e-05,-3.496486e-05,1.0673828e-05,-3.3586668e-05,9.598865e-05,-3.5654455e-05,1.2640524e-07,-1.1820795e-05,5.6594763e-05,0.00015320416,-1.1671702e-05,3.295458e-05,-1.1759484e-05,5.7276477e-05,-1.382776e-05,-3.145355e-05,5.1081122e-05,2.399828e-05,-2.9934388e-05,4.0172265e-05,-2.8051614e-05,5.1464463e-05,2.3713652e-05,4.2478263e-05,-5.593294e-06,4.868517e-05
34,-0.0003416611,-4.488164e-05,0.00025676543,-0.00026688044,-6.20646e-05,-8.249024e-06,-0.00033604132,-0.00016597808,0.00014501534,1.2476187e-05,-4.596041e-05,-0.00012882869,-0.00076418935,8.134535e-05,-0.00027799554,-5.1079565e-05,8.443523e-05,9.6645614e-05,-1.9829327e-05,-2.0922043e-07,-3.2063934e-05,-9.213503e-05,3.831782e-05,1.7938848e-05,1.443388e-05,-3.209537e-05,1.308501e-05,-7.765018e-06,-7.197383e-05,-1.5549069e-05,1.8544508e-05,-2.6699163e-05,-2.9149505e-05,-1.1671702e-05,7.890508e-05,4.0986674e-06,2.123951e-05,1.747224e-05,1.206002e-06,-8.007064e-06,5.105421e-05,-4.1060307e-06,-4.896508e-06,-3.7721338e-07,5.4277457e-06,5.89377e-07,1.7242364e-06,-8.047806e-06,7.6473e-07,1.080657e-05
35,0.00010504118,-0.00014076535,6.874161e-05,4.5799614e-05,-0.00010168005,-8.328822e-05,2.517916e-05,0.00016158124,-1.7092559e-06,7.188249e-05,-2.6069195e-06,4.5918347e-05,0.00022284938,0.00025372737,-0.00011398292,2.1640655e-05,0.00013519847,-3.5300745e-05,-7.8525845e-05,-9.029514e-05,-3.7486563e-05,-1.9591249e-05,0.0001867357,-3.6314956e-05,-3.9935345e-05,-1.3155836e-06,8.1795544e-05,6.068482e-05,-6.300045e-05,9.058431e-05,8.04665e-05,-2.6913089e-05,-8.239599e-07,3.295458e-05,4.0986674e-06,0.00015802371,2.2211905e-05,4.894543e-05,6.092664e-06,1.3054163e-05,2.3357163e-05,-6.3924576e-06,2.959295e-06,1.26169925e-05,4.1281755e-06,4.3369073e-05,-2.3019738e-05,3.6670663e-06,8.170532e-06,1.6000155e-05
36,0.0009391715,-5.077227e-05,-0.00042600284,0.00029339961,1.3043549e-05,-4.129027e-05,0.00018393004,0.00019508637,-0.00024863763,5.0352508e-05,-6.233655e-06,0.00020122685,0.0010702992,0.00015110089,-0.0001664779,0.00010679022,-8.5434585e-05,6.589398e-05,-0.00018000726,-2.0990567e-05,-9.8094766e-05,6.384739e-05,8.794527e-05,3.8770617e-05,5.339411e-05,-4.3355867e-05,8.146371e-06,2.7727529e-05,-6.2729174e-05,3.0715673e-05,1.8837149e-05,-2.2113041e-05,1.1709075e-05,-1.1759484e-05,2.123951e-05,2.2211905e-05,0.000107229265,5.554202e-05,1.3488318e-05,1.4639467e-05,1.007632e-05,-1.1774583e-05,7.0609613e-06,-5.202809e-07,3.8433723e-06,2.1048105e-05,1.0143881e-05,8.846133e-06,1.6171052e-05,-2.4523404e-05
37,-2.1374413e-05,-0.00029098633,-0.0005018525,-3.8172864e-05,-0.0005494179,-0.00011717391,-0.00010763985,2.0570042e-05,8.323151e-05,7.579832e-05,0.00012424128,7.379597e-05,0.0006157098,5.003449e-05,6.4404935e-06,-0.0002852541,4.939681e-05,0.00019530297,-9.6473406e-05,-4.830474e-05,-9.684166e-05,8.4373096e-05,0.00010454287,-3.660816e-05,1.38580435e-05,-4.3114287e-06,-6.321986e-05,2.8911218e-05,-5.600409e-05,-7.3536045e-05,3.3497294e-05,6.508406e-06,1.721682e-05,5.7276477e-05,1.747224e-05,4.894543e-05,5.554202e-05,0.0001835967,1.0783424e-06,-1.47772735e-05,5.6828794e-05,1.49364805e-05,-4.0745654e-06,7.039189e-06,-1.7445254e-05,2.3781146e-05,6.713014e-06,5.8947036e-05,-1.9476134e-05,3.8071077e-05
38,-0.00024213319,-8.947007e-05,-2.7604588e-05,6.426032e-05,9.995363e-06,5.9546666e-05,2.7138743e-05,-9.564116e-05,9.621891e-05,-1.4400949e-05,6.3146344e-06,7.026379e-05,4.4334494e-05,-9.1863796e-05,0.00013178372,-3.4920376e-05,8.9882065e-05,-1.5375299e-06,-4.6398993e-05,0.000101452184,-2.4077239e-05,4.8750204e-05,0.00013510941,5.5388096e-05,1.1755894e-05,-7.3105446e-05,5.096529e-05,2.9288462e-05,2.5476971e-05,3.8662794e-05,2.8901319e-05,-1.5494246e-05,1.36048875e-05,-1.382776e-05,1.206002e-06,6.092664e-06,1.3488318e-05,1.0783424e-06,7.394448e-05,8.029685e-06,9.054468e-06,-2.9278599e-05,4.8573497e-06,6.409078e-06,-2.8855558e-07,4.9588007e-06,-2.1640888e-05,8.107544e-07,8.745408e-06,-2.3345525e-05
39,3.862483e-05,-1.7195563e-05,-5.0646857e-05,7.7409975e-05,-3.317557e-05,-4.2062744e-05,8.243804e-05,-1.8344912e-05,3.139537e-05,-2.5425667e-05,-4.6232876e-06,4.8326718e-05,9.8290155e-05,-6.758864e-05,8.958785e-05,-4.0787687e-05,4.3669563e-05,-2.5375513e-05,-4.705868e-06,1.8410716e-05,-3.514254e-05,3.4194432e-05,2.805193e-05,1.9668325e-05,-3.844071e-06,4.473798e-06,1.8915205e-05,4.2665135e-05,-3.949785e-05,5.0409464e-05,3.4589535e-05,-2.0529683e-06,-9.91999e-06,-3.145355e-05,-8.007064e-06,1.3054163e-05,1.4639467e-05,-1.47772735e-05,8.029685e-06,5.119218e-05,-2.375953e-05,-1.6222235e-05,7.1754575e-06,-2.0181913e-05,2.5739795e-05,-6.133174e-06,-1.6194155e-05,-2.5988356e-05,9.021334e-06,-1.2215194e-05
40,-0.00049820775,-0.0001985085,-0.0002047153,-0.00037885603,-0.00031228145,6.76261e-05,-0.0003773725,-0.00010822281,0.00024838463,7.1482464e-05,5.9025107e-05,-3.7743117e-05,-0.00027908196,0.00013109745,-0.00028382524,-0.0002946818,0.00015183011,0.00026019878,-4.4736953e-05,-9.925014e-06,-3.5974386e-05,5.813771e-06,8.131055e-05,-4.504088e-05,6.793882e-05,-8.232803e-05,-1.5342458e-06,2.3689721e-05,-4.564417e-05,-1.288261e-05,5.4176926e-05,-2.8840328e-05,-5.20818e-05,5.1081122e-05,5.105421e-05,2.3357163e-05,1.007632e-05,5.6828794e-05,9.054468e-06,-2.375953e-05,0.00015952514,5.3863605e-06,-3.7569163e-05,-1.7548897e-05,-1.3900903e-05,2.660784e-05,7.4058617e-06,2.2022083e-05,-2.945894e-06,3.0115703e-05
41,-0.0001395152,-1.9567335e-06,-5.078947e-05,-0.00011394215,-0.000111824775,2.933012e-05,-5.5153876e-05,9.029719e-05,3.2871067e-05,2.0741074e-05,3.7144826e-05,-3.268202e-05,-7.918141e-05,3.8453094e-05,6.812798e-05,-5.2547854e-05,3.3368196e-05,1.0124713e-05,1.3921215e-05,-7.0493465e-05,6.8730296e-05,3.3707593e-06,-7.382863e-05,-6.935277e-05,-1.6576978e-05,3.167946e-05,-5.3875177e-05,-3.105436e-05,9.243586e-06,-5.341592e-05,-1.50017895e-05,2.9005956e-05,1.30757035e-05,2.399828e-05,-4.1060307e-06,-6.3924576e-06,-1.1774583e-05,1.49364805e-05,-2.9278599e-05,-1.6222235e-05,5.3863605e-06,3.9432533e-05,-2.46854e-06,-2.6582022e-06,-1.3327073e-05,-7.1436416e-06,2.3728397e-05,9.57619e-06,-1.1355207e-06,8.2975275e-06
42,6.980117e-05,-1.8397575e-05,-0.00012086392,0.000157629,2.000855e-05,5.812962e-05,0.00013757101,5.1236915e-05,-4.748912e-05,-1.8543587e-05,1.9074574e-05,4.642772e-05,0.00027005374,-0.00010336359,0.00018058941,2.811173e-05,1.7398994e-05,-3.613509e-05,-1.3114763e-05,3.1420837e-05,2.7799808e-05,1.7386894e-05,4.745543e-06,6.3207364e-05,6.6583625e-06,-7.76647e-06,1.1444875e-05,-2.0205087e-05,-6.012297e-06,1.3843485e-06,-1.0963922e-05,2.5788422e-06,4.5640845e-05,-2.9934388e-05,-4.896508e-06,2.959295e-06,7.0609613e-06,-4.0745654e-06,4.8573497e-06,7.1754575e-06,-3.7569163e-05,-2.46854e-06,5.7445402e-05,-8.499144e-06,1.714063e-06,-4.3183263e-06,-2.1765434e-06,8.431775e-06,8.8720235e-06,-7.358898e-06
43,6.333839e-05,4.087136e-05,0.00027221144,1.4466716e-05,0.00015004026,-1.7739541e-05,-1.3985738e-05,-3.772105e-05,-9.0190566e-05,1.3539004e-06,-4.560697e-05,-5.5120967e-05,-0.0001317407,9.358657e-05,-0.00013053464,0.00012410936,-8.0228485e-05,-7.9096266e-05,3.7716754e-06,-6.3089096e-06,-3.165493e-05,-3.6798054e-05,7.10464e-06,1.4911686e-07,-4.9033428e-05,-8.7456624e-07,2.0683838e-05,-2.2743247e-05,7.48812e-05,-1.8231487e-05,-2.1400978e-05,6.0524794e-06,1.8799503e-05,4.0172265e-05,-3.7721338e-07,1.26169925e-05,-5.202809e-07,7.039189e-06,6.409078e-06,-2.0181913e-05,-1.7548897e-05,-2.6582022e-06,-8.499144e-06,4.979894e-05,-1.8047176e-05,1.8181468e-05,1.2051364e-06,6.8474124e-06,-1.1417756e-06,7.794586e-06
44,0.00022546091,4.358302e-05,5.0251816e-05,-1.5195757e-05,9.1810805e-05,2.5586989e-05,-5.783439e-05,4.2172258e-05,-4.3639986e-05,1.5163417e-06,-2.8544593e-05,-5.0616745e-06,-0.00010780991,9.5119176e-05,-0.0001319237,7.044042e-05,4.065514e-05,-1.5589998e-06,-2.0594314e-05,-1.6907143e-05,-3.4218172e-06,-6.2372026e-05,1.5277154e-05,-3.123359e-06,2.3211905e-05,-3.27078e-06,1.4033589e-05,1.6452672e-05,-4.528864e-05,1.0498623e-05,3.1720803e-05,-1.3234492e-05,-2.7582115e-05,-2.8051614e-05,5.4277457e-06,4.1281755e-06,3.8433723e-06,-1.7445254e-05,-2.8855558e-07,2.5739795e-05,-1.3900903e-05,-1.3327073e-05,1.714063e-06,-1.8047176e-05,5.2983527e-05,-2.184463e-05,-1.00225025e-05,-1.8789111e-05,8.133158e-06,-1.9096503e-06
45,7.4147276e-05,-0.00010114774,-0.00016012578,0.00011225082,-6.7873465e-05,-2.7457147e-05,0.00011553663,3.5535028e-05,-5.946951e-05,1.6183702e-05,4.591634e-05,0.000101538564,0.0005825679,7.223489e-05,-2.7248641e-05,-5.9090577e-05,3.6274537e-06,2.228009e-05,-7.239712e-05,1.7159258e-05,-5.559296e-05,8.87859e-05,4.97187e-05,-4.328218e-06,-2.760447e-06,-3.1651784e-05,5.5092103e-05,1.3482566e-05,3.9010883e-05,8.7403874e-05,1.1476686e-05,-2.7891661e-05,2.1414759e-05,5.1464463e-05,5.89377e-07,4.3369073e-05,2.1048105e-05,2.3781146e-05,4.9588007e-06,-6.133174e-06,2.660784e-05,-7.1436416e-06,-4.3183263e-06,1.8181468e-05,-2.184463e-05,6.3042426e-05,-3.3130364e-06,1.2415525e-05,-1.6321301e-06,1.4142435e-05
46,-7.373764e-05,3.2579155e-05,-0.00010204985,3.097684e-06,-4.211117e-05,-5.9299146e-06,-3.7511063e-06,3.6312354e-05,9.483587e-06,1.5562793e-05,1.6670518e-05,3.9225565e-06,-1.3151785e-05,-4.1269246e-05,0.00012746107,-3.514463e-05,-5.5674558e-05,3.4337318e-05,-1.1985969e-05,-2.094499e-05,7.60972e-05,3.0797164e-05,-2.1802456e-05,-1.1581091e-05,-3.3271353e-06,6.0152415e-06,-3.385787e-05,-1.2877863e-05,2.3628168e-06,-5.8103993e-05,-1.6241956e-05,1.2125304e-06,5.0057247e-06,2.3713652e-05,1.7242364e-06,-2.3019738e-05,1.0143881e-05,6.713014e-06,-2.1640888e-05,-1.6194155e-05,7.4058617e-06,2.3728397e-05,-2.1765434e-06,1.2051364e-06,-1.00225025e-05,-3.3130364e-06,4.5098186e-05,1.14972045e-05,2.5113054e-06,-3.12051e-06
47,0.00030426143,-4.3293192e-05,-0.0002508292,0.0001028811,-7.555456e-05,9.74823e-06,5.213693e-05,7.0237365e-05,-9.599447e-05,3.336719e-05,3.267866e-05,3.2242253e-05,0.00042936503,2.6046157e-05,-1.6924707e-05,-1.9743484e-05,-5.6535107e-05,3.3796014e-06,-2.6278278e-05,-3.444281e-05,-3.990221e-05,2.2624561e-05,2.9275918e-06,-2.9594952e-05,-9.463143e-06,-1.2252286e-05,-2.5291725e-05,6.468529e-06,1.8802082e-05,-5.2542502e-05,-2.361733e-05,6.8624686e-06,4.2929172e-05,4.2478263e-05,-8.047806e-06,3.6670663e-06,8.846133e-06,5.8947036e-05,8.107544e-07,-2.5988356e-05,2.2022083e-05,9.57619e-06,8.431775e-06,6.8474124e-06,-1.8789111e-05,1.2415525e-05,1.14972045e-05,5.7195786e-05,-6.4870433e-06,1.9439312e-05
48,0.00033750822,2.6604856e-05,-2.873145e-05,9.7571436e-05,0.00011691051,5.0805204e-05,4.928198e-05,4.0418694e-05,-8.8745495e-05,-5.8726364e-06,-3.706258e-05,3.8368296e-05,0.00018422036,3.0483066e-05,-9.9139084e-05,8.433431e-05,-1.4281191e-05,-5.5624187e-05,-1.7984501e-05,-2.9435606e-07,-6.114638e-05,-1.0873316e-05,-6.2017652e-06,-1.9853856e-05,1.6903425e-05,-3.385136e-05,3.1761716e-05,-7.0207825e-06,-7.3750225e-06,1.0515581e-05,-1.5619426e-05,7.3282365e-07,5.4727816e-06,-5.593294e-06,7.6473e-07,8.170532e-06,1.6171052e-05,-1.9476134e-05,8.745408e-06,9.021334e-06,-2.945894e-06,-1.1355207e-06,8.8720235e-06,-1.1417756e-06,8.133158e-06,-1.6321301e-06,2.5113054e-06,-6.4870433e-06,2.6876252e-05,-1.6522023e-05
49,-0.00035289204,-5.736332e-05,0.00013266949,-0.00018371391,-0.00015957508,-4.752715e-05,-0.00016924362,-0.00010861631,9.2470356e-05,1.2403509e-06,2.2645612e-05,-0.00012065646,-0.00039074704,3.3716155e-05,-0.0001007893,-0.00013268986,2.8231607e-05,2.7925413e-05,5.5347264e-05,-3.7081132e-05,-2.5734684e-05,-2.8394774e-05,-2.0410935e-05,-4.2032298e-05,-4.2693973e-05,2.2225926e-05,-8.688752e-06,-4.023393e-06,1.0969044e-05,-3.3505043e-05,4.232376e-06,-1.6984841e-06,-9.848691e-06,4.868517e-05,1.080657e-05,1.6000155e-05,-2.4523404e-05,3.8071077e-05,-2.3345525e-05,-1.2215194e-05,3.0115703e-05,8.2975275e-06,-7.358898e-06,7.794586e-06,-1.9096503e-06,1.4142435e-05,-3.12051e-06,1.9439312e-05,-1.6522023e-05,5.002468e-05
