,0,1,2,3,4,5,6,7,8,9,10,11,12,13,14,15,16,17,18,19,20,21,22,23,24,25,26,27,28,29,30,31,32,33,34,35,36,37,38,39,40,41,42,43,44,45,46,47,48,49,50,51,52,53,54,55,56,57,58,59,60,61,62,63,64,65,66,67,68,69,70,71,72,73,74,75,76,77,78,79
0,352.53183,-10.73591,4.3113995,-6.4342947,3.7434359,6.194581,-6.210265,-6.1737924,3.734064,-7.9812727,0.83515316,-3.962609,0.7116824,-5.924603,3.1442065,5.436667,-4.6457653,5.53981,-4.22619,3.3009162,-2.543251,-2.8389106,-2.4897463,1.9029474,-1.5731299,-1.3178185,-0.4933921,-2.7323482,-1.7165947,0.9623832,-0.84519374,-1.08605,2.0733507,-0.657475,-2.33139,-0.30490094,-2.8146267,-3.7643905,0.7451395,0.038918845,-0.89101803,0.74210155,-2.9266548,0.4816039,0.9615287,-1.4639338,0.07398696,0.46675912,-0.49347353,-0.46915537,-0.458139,-1.246974,-0.6018982,-0.01502068,-0.78278875,-0.21687317,0.9062918,-0.752064,-1.0333018,1.78671,0.013001619,0.3209393,0.4614482,1.2884624,0.039650798,-0.86749053,1.3614459,1.1762457,-0.9188122,-0.5768643,-0.8542098,-0.91334105,-0.09926584,-1.1926211,0.08356831,-0.9023224,-0.02129513,-0.69231224,0.0774177,0.00497001
1,-10.73591,153.53105,4.0155187,-2.0456288,2.1725016,2.5083535,0.7209025,-4.7797465,-1.6376693,-1.1508605,1.2301352,0.8896564,0.13488992,-1.1812117,1.6947453,2.7470455,-1.236384,0.9792435,-0.5846125,-0.09097173,-0.008113588,-1.300426,-1.1386368,0.80407166,-0.57253414,-0.6911535,0.2075432,-0.45127502,-0.81824553,0.084022745,0.678679,-0.9793983,0.6145836,0.028473329,0.81279445,-0.53155684,0.047647145,-0.33828133,-0.41605607,-0.9815084,-0.14658535,0.39327073,-1.1845443,0.03911931,0.5653806,0.396838,-0.13345496,0.46552205,-0.38658315,-0.49865258,-0.6535374,-0.04810006,-0.18775396,0.45315492,0.10513681,0.09666622,0.21626958,0.02518109,0.26995602,0.5302993,-0.222909,0.24491097,0.19618553,0.170486,0.08683799,-0.16351771,0.33390492,0.048202816,0.16456392,0.07799946,-0.16628543,-0.052752398,0.16652024,-0.14790617,0.11843403,-0.008991636,-0.1322135,-0.1565732,-0.080608636,-0.031440206
2,4.3113995,4.0155187,128.52538,2.2523363,-0.23904374,-2.6762538,-1.4789958,5.747837,5.0985255,0.7748605,-1.1722858,-2.8672023,0.5334591,-0.049504615,-0.2647357,-1.4944217,0.70042443,-0.51319534,-0.10534719,0.04337884,-1.6216991,-0.07556654,1.0928793,-1.577741,-0.3453803,1.003299,0.098167926,0.0665359,1.2716751,-0.5769143,-0.09157373,-0.044215538,-0.28424007,0.2535237,-1.0858736,-0.6369559,-0.3241933,-0.4423012,-0.41481066,0.5981517,0.45441973,-0.40409845,0.3667896,0.5151098,-0.8738828,-0.2819212,0.18655035,-0.4375119,0.7800979,-0.009159652,0.1452035,0.42478436,0.68561494,-0.08036354,0.6091877,-0.22263452,0.07722238,0.1387495,-0.40801346,-0.65284216,0.21252072,-0.57306516,-0.048497498,0.17580405,-0.3903438,0.11647139,-0.024825737,-0.21310455,0.061427563,0.26991916,0.34464818,0.15467265,-0.108410224,0.060156897,0.28344882,-0.17524788,0.20147529,-0.04385798,0.12245889,-0.010760518
3,-6.4342947,-2.0456288,2.2523363,88.72514,-0.65730435,0.76920563,1.2546586,-5.881346,-0.9732736,-1.1884272,0.8530582,0.22804032,1.555881,-1.4148396,-0.7447274,1.0654088,-1.3173513,0.02194073,0.21086822,-0.37467718,-0.29902774,0.17159787,-0.2793767,0.6114242,0.017931396,0.40950617,0.35845256,-0.024148576,-0.6406368,0.17651016,-0.27536315,0.0054018684,-0.26444548,0.5694394,-1.0291356,-0.08839187,-1.0471594,-0.27478945,0.48291954,-0.081080005,-0.07233242,0.33499402,-0.95789266,-0.9684383,0.64291835,-0.022841869,-0.36319113,-0.18114793,-0.49846387,0.47678962,0.39148468,-0.4566986,-0.29588264,-0.00073278986,-0.24238431,0.12269899,0.25220507,-0.27605295,-0.019999698,0.4466089,-0.14494523,0.28553134,0.3750696,-0.17019637,-0.2796386,-0.10946396,-0.22516881,-0.39470303,0.14452256,0.008539449,-0.08454527,-0.050917745,0.5215982,0.026498118,0.13865387,-0.28093553,-0.053203493,-0.0149235595,-0.23633623,0.11038217
4,3.7434359,2.1725016,-0.23904374,-0.65730435,56.073353,0.47592074,-0.7038054,1.9774375,0.6671129,-1.7214117,-0.25951445,-2.5074372,1.7003676,1.1866747,0.49808025,-1.425585,-1.5020651,-0.30470687,1.3297071,-1.0313711,1.7882466,0.43099028,0.4135704,1.0097666,-1.1637897,1.4653274,-0.4017254,0.91232413,-0.16277707,-0.1137044,-0.6830847,1.2487795,-1.037457,0.43840197,-0.41432363,0.9026116,-0.13420707,0.059457675,0.2157788,0.3378347,-0.21489784,0.028684461,0.8968419,-0.51013017,-0.046750326,0.38082698,0.25972116,0.25336266,0.034901008,0.5145823,0.7594998,-0.32202584,-0.6740284,0.16208631,-0.35086507,0.17050315,-0.18784145,0.3804708,0.37041205,0.18200494,-0.13600281,-0.12662157,0.13732544,-0.67809904,-0.17406589,-0.036281005,-0.06363422,-0.09522568,0.07778619,-0.321432,0.072666876,-0.029881984,0.14539629,-0.115838945,-0.066657126,-0.16138095,0.0006171876,0.011598149,-0.15893494,0.14929764
5,6.194581,2.5083535,-2.6762538,0.76920563,0.47592074,47.303486,0.33147323,4.409041,1.9467573,2.7782276,-0.68987554,0.21429792,1.0602791,2.4382756,0.39372015,-1.744982,0.57849884,-0.506679,0.6663387,-0.7446288,-0.64010364,0.18201557,0.28083754,-1.1719997,0.9766443,-0.37441218,0.011858268,-0.7412823,0.2835328,-0.1995103,-0.46718138,-0.24401787,-0.13062023,-0.33944625,-0.3803404,-0.29194883,-0.61190003,0.09931564,0.41224736,-0.63446856,0.052015986,0.15183538,-0.31610972,0.1260691,-0.42307654,0.091248274,-0.13260593,-0.2767824,-0.07989614,0.4995474,-0.020177513,0.10336824,0.17185676,-0.36082673,-0.24129748,-0.17082378,0.14244947,-0.36948305,-0.3036238,-0.5685135,0.011609279,0.16558033,-0.07664403,0.352575,-0.18775505,0.075706065,-0.17086285,-0.3561943,0.06856579,0.28240132,0.09879711,0.1525157,0.19550622,0.23886347,0.17822017,0.1346102,-0.08315927,0.09075078,-0.104813695,-0.10794442
6,-6.210265,0.7209025,-1.4789958,1.2546586,-0.7038054,0.33147323,38.15297,2.956672,3.924912,-2.4833007,0.16301666,-1.0884035,-1.7981739,-0.7467658,0.97932357,-0.67197406,-2.8395069,1.672061,-2.1165504,1.960329,-0.4235422,0.22881474,0.0007293476,0.5489911,-0.39808273,0.586033,0.24876092,0.24733666,-0.007876147,0.27246344,-0.11168719,0.16275759,-0.5621259,-0.15288228,-0.7805191,0.13548219,-0.7920116,-0.8058043,0.088867776,-0.30243102,0.20081124,-0.08879721,0.9225015,0.38746,0.24231455,0.20940396,-0.06488139,0.2252199,0.15959826,0.37857205,-0.0185413,-0.18663028,-0.17338532,-0.05044356,-0.5149303,-0.4531743,0.6795799,0.34159774,-0.02151229,-0.4820841,0.27305642,0.10480131,-0.5837609,0.36987466,-0.363091,0.112656415,0.43882573,0.23188631,-0.38389683,-0.16529806,0.14767864,-0.04756709,-0.26086953,0.23376784,-0.3001401,0.026570521,0.5623992,0.24728905,0.041631307,-0.10675429
7,-6.1737924,-4.7797465,5.747837,-5.881346,1.9774375,4.409041,2.956672,22.65576,-6.5624347,-1.0602039,2.380034,4.297081,0.45047563,-3.8303018,-5.0463076,3.073267,-0.009622909,0.48991328,0.4886421,-1.5265379,-0.23103447,0.98627293,-1.4157656,-0.08380293,0.15100335,0.5123017,0.8206674,1.0276022,-0.6815302,0.7864765,-0.32226005,-0.5423928,-0.008147612,0.7971761,-0.9008361,-0.23805144,-0.35085326,-0.20541155,-0.053418335,0.24547578,0.5824791,0.24090166,-0.1979472,-0.744344,0.8357822,0.31836262,-0.9026927,0.13436341,-0.24091986,0.009264994,-0.34001875,-0.34908754,0.33458337,0.8625555,0.011068547,-0.03689284,0.06406091,0.0050369008,-0.3200224,0.29612258,-0.23539487,-0.10862331,0.086796336,0.04376895,-0.06139934,0.1070607,0.23374486,-0.20562562,0.02671778,-0.087384604,0.043093417,0.033705894,0.04531746,-0.103771895,-0.077670455,-0.040558733,0.20990855,-0.0481745,-0.15690303,0.1794655
8,3.734064,-1.6376693,5.0985255,-0.9732736,0.6671129,1.9467573,3.924912,-6.5624347,25.707005,1.8260686,-0.048578165,3.702464,-1.4121366,-0.79830253,-1.3741528,-1.15099,1.1466672,-0.78039145,1.2216804,-1.1350061,2.4852557,-0.45818007,-1.2195208,0.84778047,0.9826169,-0.69896185,-0.60899854,1.0552347,-1.3582757,0.5219555,0.78255665,0.48428977,0.42913717,0.19211212,-0.16311699,0.216066,1.047077,0.4928568,1.0391567,-0.15027076,-0.5369879,0.18124035,0.009539489,-0.5324873,-0.25651675,-0.0058293883,-0.16190933,0.15476328,-0.13634762,-0.45873934,-0.49117562,0.01864638,-0.15559196,0.124089845,0.09014365,0.21277681,-0.29132217,-0.40436134,0.017540282,0.077134356,-0.27310416,0.07546217,0.11681389,-0.4881518,0.39398307,0.023828315,-0.051156476,0.34018528,-0.21532923,-0.18428518,-0.1188204,-0.0047565936,-0.11731763,-0.16469732,0.1396366,0.20810905,-0.09921573,-0.013167349,-0.047972597,0.090062454
9,-7.9812727,-1.1508605,0.7748605,-1.1884272,-1.7214117,2.7782276,-2.4833007,-1.0602039,1.8260686,19.12079,3.3202767,-2.153792,0.91686666,0.0011070801,0.034199294,2.9422956,-1.4401604,1.9391586,-1.2421204,2.1400464,-0.08241548,0.30630124,-1.0610154,0.2774701,-1.7046647,1.0579395,-0.604616,0.32257658,-0.3900957,-0.061068375,-0.12324028,0.9980289,1.0007255,0.11632958,-0.825373,-0.028823473,0.6533268,-0.45450127,0.004295242,0.6920974,-0.060789198,-0.5933244,0.3878144,0.044753745,-0.08269219,0.44503927,0.5050109,-0.25224927,-0.1500227,0.34028605,0.46103325,-0.3504156,-0.26627934,-0.45882243,-0.08536415,-0.09318928,-0.07777423,0.37543583,0.3577481,0.21614355,-0.63976026,0.13286573,0.12776443,-0.11134332,0.093455106,0.2933601,-0.20169991,0.15639985,-0.07911374,-0.057002608,0.10738843,0.059979852,-0.03597957,-0.20325449,0.054628916,0.06071259,-0.30177176,0.15988055,0.0669315,0.15490097
10,0.83515316,1.2301352,-1.1722858,0.8530582,-0.25951445,-0.68987554,0.16301666,2.380034,-0.048578165,3.3202767,21.140465,-0.70473623,-1.2866851,-0.8858432,0.7678361,-2.0971131,0.24202974,-1.2568288,1.2698206,-0.85268724,-0.2833134,-0.4158935,0.9244152,1.1973519,0.5054549,-0.797001,0.37208897,-0.26392084,0.14779378,-0.035160974,-0.078031756,0.16303216,-0.61676955,-0.5589509,-0.39154977,0.024330309,-0.1585499,-0.9815211,0.25186175,0.3375246,-0.19623071,0.029995304,-0.049678475,-0.18822697,0.24907658,-0.36337078,0.011575331,0.062471997,0.46321088,0.008192486,-0.41419208,0.732437,0.018846206,0.1252592,-0.3456306,0.058048837,-0.4662208,-0.033953752,-0.40340948,0.20221315,0.28241366,-0.05134839,-0.113032885,-0.14296275,0.019994687,0.03230825,0.22038573,0.19042769,0.036915835,0.007814642,-0.02594231,-0.27688032,0.105837986,0.1481643,-0.16600701,-0.33564,0.275693,-0.10635812,0.12714018,0.09031525
11,-3.962609,0.8896564,-2.8672023,0.22804032,-2.5074372,0.21429792,-1.0884035,4.297081,3.702464,-2.153792,-0.70473623,18.261843,2.4320655,0.8187286,1.8396341,-0.11494623,-0.64243317,-0.31165695,0.17720155,0.11527689,-0.3637553,-0.6252314,0.22346248,0.5528047,-0.7882849,1.653089,-0.6012602,0.11392531,0.5896933,-0.81902826,-0.38909143,0.67246294,-0.10125023,0.10495874,-0.7280994,0.34055328,0.35585457,-0.6161962,-0.4999615,0.9648194,-0.15579864,-0.011622211,-0.5136638,-0.33305168,-0.37952945,-0.18031444,-0.09287312,-0.059641622,0.16806522,0.094672784,0.14341557,0.11694202,0.40793812,0.09718999,0.38744625,-0.043405686,0.021892646,0.29128742,-0.06256154,0.43186933,-0.08174126,-0.051585533,0.15576077,-0.23586899,-0.21774396,-0.24878734,0.14340937,0.15970507,-0.11396889,-0.12933382,-0.123195335,-0.22267918,0.06206283,-0.0634011,0.03676522,-0.2292516,-0.020801563,-0.2652831,-0.06627973,0.0989262
12,0.7116824,0.13488992,0.5334591,1.555881,1.7003676,1.0602791,-1.7981739,0.45047563,-1.4121366,0.91686666,-1.2866851,2.4320655,12.542769,-4.3062587,0.4714078,-1.3246546,-1.2049608,-0.8540857,-1.2009084,2.75698,0.33960593,-0.22373009,1.2206128,-0.38269547,-0.1594663,-1.3821061,-0.25601548,0.4389984,-0.31192595,-0.01809379,0.05449183,-0.3159506,0.2133849,-0.008464651,0.48706192,-0.33500868,0.4425615,-0.060468577,-0.10855082,-0.08724865,0.38164097,0.10227677,0.4634487,0.2520268,-0.06319553,0.12481083,0.08568899,-0.06547544,-0.052056335,-0.17540698,-0.2141498,0.103294775,-0.43605897,-0.21560207,-0.063706376,-0.093180545,-0.21432677,0.01294768,-0.1252976,-0.034645833,0.18656147,-0.35472417,-0.011813657,-0.41169745,0.28106767,0.32230625,0.15362161,0.31363732,0.03906382,-0.108787134,0.41477826,-0.036709383,-0.02207071,0.33753064,0.04369059,0.10520387,0.056663953,0.16385433,0.20556727,0.09933546
13,-5.924603,-1.1812117,-0.049504615,-1.4148396,1.1866747,2.4382756,-0.7467658,-3.8303018,-0.79830253,0.0011070801,-0.8858432,0.8187286,-4.3062587,10.684254,-1.3925353,-0.944867,-2.4477057,-0.03592854,-1.3620915,1.1783717,0.105318025,-0.7019446,2.0684896,0.6561605,-0.56606585,0.18813422,1.4919184,-0.032380085,0.1266641,-0.15777296,0.06008955,-0.3348893,-0.4036689,0.513376,0.08637664,-0.08479124,-0.13360135,-0.60174155,-0.083826676,0.26265833,0.25896317,0.010971367,-0.17096415,-0.22284648,-0.5199622,-0.52101606,-0.14249453,-0.3125711,0.34536207,-0.2870524,-0.085257486,-0.03054306,0.31883293,0.07748494,0.12588702,-0.11517698,-0.064737044,0.15498367,-0.09831993,0.21354593,-0.23132145,-0.24954474,0.20848568,-0.019360114,-0.10024549,-0.038877383,-0.15940404,0.13032536,-0.102059126,-0.15825637,0.26095948,0.0035263256,0.14424142,-0.16540445,0.2028233,-0.2124061,-0.19509618,-0.18838018,0.15572596,0.03915548
14,3.1442065,1.6947453,-0.2647357,-0.7447274,0.49808025,0.39372015,0.97932357,-5.0463076,-1.3741528,0.034199294,0.7678361,1.8396341,0.4714078,-1.3925353,10.808643,0.08483492,1.43906,0.62008727,-0.42398348,-0.7484424,-0.35653156,2.064878,0.42575592,-1.027934,0.010846274,-0.6829722,0.97465247,0.04832946,-0.02933537,0.43954933,-1.176228,0.60493124,-0.25190702,-0.17237043,-0.5408278,0.792949,0.4169146,-0.17902336,-0.12637217,0.8742163,0.03489629,-0.4290989,0.7085973,0.1922341,-0.44623303,-0.36716545,0.3667184,0.19004712,0.24718247,0.32123223,0.47257555,0.102444395,0.33454084,0.033672553,0.2234293,-0.22727609,0.060579266,0.019351676,-0.15655112,-0.3330146,0.016106391,0.086632684,-0.0800627,0.26457673,-0.26465088,-0.031710453,-0.27927095,-0.21450067,-0.07604625,-0.049573332,-0.006551449,0.022975504,-0.18814287,0.066851735,-0.07690339,-0.04790873,0.0054333713,-0.22713512,0.026044957,0.003616069
15,5.436667,2.7470455,-1.4944217,1.0654088,-1.425585,-1.744982,-0.67197406,3.073267,-1.15099,2.9422956,-2.0971131,-0.11494623,-1.3246546,-0.944867,0.08483492,10.799193,-0.92911994,-0.31190726,0.94471216,-0.01828606,1.430141,-0.53251296,1.5956261,0.35756928,0.3246914,-0.12942371,-0.106692374,1.2864044,-0.15113622,0.53263617,-0.38307253,1.0789042,-0.7049178,0.29279816,-1.1074564,0.363707,-0.43671155,0.33138272,0.1359179,-0.03302983,-0.4066045,-0.10839977,0.10607212,-0.04173871,-0.5524263,-0.031072326,0.048623882,-0.0043567787,0.2256634,0.3370946,-0.520174,-0.024331067,0.09572918,0.15549713,-0.060441054,-0.18564877,-0.1077816,-0.39284992,-0.051303074,-0.0637005,0.05899308,-0.1491264,-0.08983828,0.16206324,-0.017392628,-0.3506198,-0.096699156,0.09657649,-0.29926035,0.15060264,-0.110294715,0.039507322,-0.012938451,-0.104699194,0.120995514,0.15827513,0.024507161,0.108499676,-0.14883843,-0.09269145
16,-4.6457653,-1.236384,0.70042443,-1.3173513,-1.5020651,0.57849884,-2.8395069,-0.009622909,1.1466672,-1.4401604,0.24202974,-0.64243317,-1.2049608,-2.4477057,1.43906,-0.92911994,11.402235,1.2163641,-0.24412367,0.09580372,1.1052572,-0.31442636,0.8957294,0.9964858,-1.4030868,0.24494871,0.615717,-0.17160583,-0.4081647,-0.53173184,-0.39995036,0.34266737,-0.3564062,0.19026059,-0.3646139,0.09696026,-0.12482639,-0.062050045,0.098841086,-0.97398984,0.16062218,0.45291615,-0.5770579,-0.14283255,0.2450524,0.42298228,-0.6324886,-0.056667216,-0.0240081,0.3783986,-0.043477774,-0.13142672,-0.15607104,-0.0854077,-0.3948219,-0.27540433,0.348894,0.09636347,0.30107892,-0.2391182,-0.23029363,0.0029343183,0.2789431,0.02200099,0.002390084,-0.08300638,0.29316607,-0.32333565,-0.15922794,-0.14924996,0.21463132,0.0937687,0.026718067,0.07446085,0.078255266,-0.012663738,-0.048553035,0.089182176,0.099398844,0.044852518
17,5.53981,0.9792435,-0.51319534,0.02194073,-0.30470687,-0.506679,1.672061,0.48991328,-0.78039145,1.9391586,-1.2568288,-0.31165695,-0.8540857,-0.03592854,0.62008727,-0.31190726,1.2163641,11.019004,0.06652895,0.75289667,-0.6867076,0.115696296,-0.030553441,0.22061631,1.5292075,0.5557202,-0.4254558,0.12318258,0.4860543,-0.57678753,0.2918452,-0.33942455,-0.53839844,0.27737713,0.37980604,0.32530555,0.6799736,0.3492506,0.20621479,0.094126776,-0.22350046,0.23051459,-0.08537629,-0.9851457,-0.30163488,0.32878307,-0.12141839,-0.19324063,-0.40842098,0.23025969,0.103870764,0.2154569,-0.039766535,0.32547382,0.33511466,0.17854322,0.042957544,0.19699338,-0.36895332,-0.019835822,0.0011117477,-0.10785666,0.09136971,-0.4297728,0.025583979,0.050168574,0.01890828,-0.10096599,0.15661547,-0.20098987,0.2550484,0.08505512,0.24516577,0.0905998,0.0032101187,-0.19058987,0.20797196,-0.06344934,-0.08146347,0.168675
18,-4.22619,-0.5846125,-0.10534719,0.21086822,1.3297071,0.6663387,-2.1165504,0.4886421,1.2216804,-1.2421204,1.2698206,0.17720155,-1.2009084,-1.3620915,-0.42398348,0.94471216,-0.24412367,0.06652895,8.599905,1.9789168,-1.0894158,0.4120651,-0.5043913,0.33785746,0.41980064,-0.22046593,0.17105597,-0.4422581,-0.28048617,-0.10812698,0.87979925,-0.30307215,-0.23013386,0.09617594,0.2908038,0.75297636,0.33045387,0.09720368,0.016561206,-0.2497502,-0.22143587,-0.090393454,0.12940371,-0.41770732,-0.1672101,-0.4055281,0.55993253,0.025060609,0.250752,0.0692689,0.24269357,-0.23498863,0.16301234,-0.02402163,0.056060564,0.18827967,0.73287773,-0.08940543,0.04217353,-0.18923226,0.38111705,-0.107590884,-0.010164453,0.14281672,-0.18765986,-0.12398258,0.12166636,-0.024529664,-0.107577965,-0.024883945,-0.09406218,0.04227397,-0.044932872,0.3445121,-6.208685e-05,0.13431758,-0.058277324,-0.15115213,-0.21121469,-0.0852303
19,3.3009162,-0.09097173,0.04337884,-0.37467718,-1.0313711,-0.7446288,1.960329,-1.5265379,-1.1350061,2.1400464,-0.85268724,0.11527689,2.75698,1.1783717,-0.7484424,-0.01828606,0.09580372,0.75289667,1.9789168,6.458712,1.0562708,-0.28001237,-0.33031952,-0.12786749,-0.9915146,-0.052905403,1.3011115,-0.42663231,-0.07869485,-0.43490785,-0.08152866,0.13442303,-0.6486323,-0.27119267,0.4464407,-0.120182104,-0.1050786,-0.69489944,0.35476092,-0.3059714,0.363631,0.14465272,-0.038347743,0.078020275,0.034318298,0.17972022,-0.1557485,-0.092238486,0.90202427,-0.32868207,-0.048586227,-0.048861235,0.010126135,-0.15488595,0.10289216,-0.07872846,0.10577929,0.19032526,0.058677863,-0.16854647,0.014207674,-0.15743896,-0.14333203,-0.18995366,-0.14468539,-0.00045682,0.29640776,0.060314436,-0.24136795,-0.06767891,-0.09151402,0.04115673,0.12116054,0.03206655,-0.01885727,-0.08306782,0.019983057,-0.11712584,-0.1048761,0.040469073
20,-2.543251,-0.008113588,-1.6216991,-0.29902774,1.7882466,-0.64010364,-0.4235422,-0.23103447,2.4852557,-0.08241548,-0.2833134,-0.3637553,0.33960593,0.105318025,-0.35653156,1.430141,1.1052572,-0.6867076,-1.0894158,1.0562708,7.6127696,0.6376204,-0.259035,-0.3753159,0.55918,-0.31242478,0.25056386,-0.2610249,1.0368981,0.16049013,-0.06459917,-0.5042678,-0.23104921,0.13160628,-0.208395,-0.50230646,0.03673186,-0.31530085,-0.17368627,0.20642963,0.0027564622,-0.2013056,-0.57746714,0.019876659,0.34970534,0.2963863,0.26084113,-0.19869983,0.3637067,0.31177816,-0.38667375,-0.2362811,0.3925395,0.26895365,-0.296512,0.079350874,0.081223175,0.046858277,-0.5383326,-0.25629342,0.40435904,-0.020180121,-0.060608122,0.22381328,-0.046820894,0.041518442,-0.10818875,-0.10227221,0.17513841,0.06485182,0.08222014,-0.08771509,0.06373124,0.12161263,-0.013551591,-0.22022623,0.03754992,0.04662744,-0.047792256,0.08800144
21,-2.8389106,-1.300426,-0.07556654,0.17159787,0.43099028,0.18201557,0.22881474,0.98627293,-0.45818007,0.30630124,-0.4158935,-0.6252314,-0.22373009,-0.7019446,2.064878,-0.53251296,-0.31442636,0.115696296,0.4120651,-0.28001237,0.6376204,7.190804,-0.33893847,0.014655108,-0.1285596,0.1052243,0.092902154,0.14822334,-0.053691044,-0.09381664,0.5923501,-0.57822895,0.44566792,-0.29854262,-0.015969327,-0.6327233,-0.29970738,-0.708742,-0.20393723,-0.29084527,-0.670331,-0.38857418,-0.29905504,0.022517662,-0.30282545,-0.38415623,-0.48792452,-0.088958666,-0.1994761,-0.6177984,-0.37394863,-0.24206176,-0.126774,0.21320426,0.06731978,0.07657544,-0.37366247,0.19971111,0.15471488,0.03273497,-0.14231883,-0.18221313,0.14965805,-0.05737789,-0.07923898,0.09532368,-0.2569532,0.10485213,-0.30462968,-0.07742594,-0.20773095,0.2842918,0.012261523,-0.052041993,0.2800839,0.033873394,0.097967,0.11506857,-0.26047003,0.0386625
22,-2.4897463,-1.1386368,1.0928793,-0.2793767,0.4135704,0.28083754,0.0007293476,-1.4157656,-1.2195208,-1.0610154,0.9244152,0.22346248,1.2206128,2.0684896,0.42575592,1.5956261,0.8957294,-0.030553441,-0.5043913,-0.33031952,-0.259035,-0.33893847,6.9449477,0.0021737753,0.3979175,0.06729099,-0.53839976,-0.014949809,-0.6616264,-0.28333494,0.7470418,-0.40122974,0.46084124,-0.18845819,-0.60786843,-0.22422463,0.0777812,-0.8491093,0.20049348,-0.25700778,-0.38701636,0.25978285,0.44045523,-0.29120544,0.07180835,0.4166994,0.052528508,0.16890062,-0.17036444,0.12976354,-0.09994699,0.03110306,-0.16771618,0.018340249,0.0012998213,0.10222998,0.13350174,0.097120136,-0.29279372,-0.31247476,0.13379787,-0.2024231,-0.022075836,-0.100478195,0.28301665,-0.06625335,0.16951774,0.14153609,-0.18130933,-0.13080952,0.07709201,0.046462167,-0.10993326,0.042360656,0.15421483,0.07398766,-0.009452768,-0.069773,-0.09415564,0.05807501
23,1.9029474,0.80407166,-1.577741,0.6114242,1.0097666,-1.1719997,0.5489911,-0.08380293,0.84778047,0.2774701,1.1973519,0.5528047,-0.38269547,0.6561605,-1.027934,0.35756928,0.9964858,0.22061631,0.33785746,-0.12786749,-0.3753159,0.014655108,0.0021737753,5.863486,-0.8012465,-0.455539,-0.51327276,0.14485127,0.38991594,-0.31901085,-1.5549601,-0.24740836,0.9063648,0.24796717,0.0042679743,-0.35650486,-0.32110387,0.088014916,-0.43593597,0.13643071,0.31520772,0.08418521,-0.16594765,-0.015223406,-0.4868732,0.43057323,-0.16791311,-0.17594829,-0.09783769,-0.28827375,0.019722521,-0.5583317,-0.027437491,-0.19798118,0.46668714,0.101300925,0.034621906,-0.024219643,-0.20119062,-0.21968327,0.083538145,-0.37385178,0.050933912,0.0020448496,-0.18862787,0.2216377,0.07465318,-0.008621082,0.0650515,0.05214378,-0.0224841,0.21233049,-0.0925518,0.17449382,0.13506404,0.09797609,0.051291496,0.13114476,0.029267179,-0.065709025
24,-1.5731299,-0.57253414,-0.3453803,0.017931396,-1.1637897,0.9766443,-0.39808273,0.15100335,0.9826169,-1.7046647,0.5054549,-0.7882849,-0.1594663,-0.56606585,0.010846274,0.3246914,-1.4030868,1.5292075,0.41980064,-0.9915146,0.55918,-0.1285596,0.3979175,-0.8012465,5.758871,-0.60987246,0.0968687,0.45610797,-0.10561933,-0.31952012,-0.4173742,0.72082806,0.13327478,0.7025436,0.26039872,-0.79837334,0.5793344,-0.4045487,-0.5854133,0.25023583,-0.15339205,-0.16269556,-0.09421024,0.23542613,0.31192774,0.16671264,0.0052370164,0.34589887,0.64746344,-0.025152486,0.1318014,0.022442646,-0.3751919,0.00069965876,0.07377261,0.36332858,0.07468592,0.028862054,0.071509145,0.030681368,-0.09656021,-0.14309034,0.039101988,-0.12069628,0.07703842,0.024010103,0.19693285,-0.09040791,0.18605182,0.04097573,-0.1695315,0.081225544,0.036292918,0.056531608,-0.039977085,0.052859023,-0.0556062,0.08525443,-0.0063576624,-0.091076076
25,-1.3178185,-0.6911535,1.003299,0.40950617,1.4653274,-0.37441218,0.586033,0.5123017,-0.69896185,1.0579395,-0.797001,1.653089,-1.3821061,0.18813422,-0.6829722,-0.12942371,0.24494871,0.5557202,-0.22046593,-0.052905403,-0.31242478,0.1052243,0.06729099,-0.455539,-0.60987246,4.573982,0.30382764,-0.4650218,-0.633262,0.101434104,-0.2347691,0.37364006,0.47004402,-0.9090374,0.22861297,-0.17284247,0.45217344,0.00832729,-0.10891518,-0.017734844,-0.5177041,-0.2069181,-0.5856613,0.32168573,0.3763548,0.05533862,0.3880183,0.12500983,-0.020152638,0.48870873,-0.26881963,0.14482084,-0.7681167,-0.3631901,0.011088657,-0.17336494,-0.093126275,-0.27490157,-0.08494512,-0.21849367,0.4853552,-0.059275802,0.095251545,0.023466067,0.008992996,-0.12906326,-0.029879864,-0.14035231,-0.030997472,-0.00017055811,-0.25961587,-0.05449932,0.009893969,0.05525539,0.013419056,-0.0023317635,-0.056272507,0.020612743,-0.02199566,-0.038368143
26,-0.4933921,0.2075432,0.098167926,0.35845256,-0.4017254,0.011858268,0.24876092,0.8206674,-0.60899854,-0.604616,0.37208897,-0.6012602,-0.25601548,1.4919184,0.97465247,-0.106692374,0.615717,-0.4254558,0.17105597,1.3011115,0.25056386,0.092902154,-0.53839976,-0.51327276,0.0968687,0.30382764,4.9411435,0.70387244,-0.3350129,0.36347598,-0.37519968,-0.16424423,0.6572347,0.31097913,-0.73243606,0.08873209,0.5337789,0.53251123,0.22368431,-0.0749189,0.5527898,-0.074577235,-0.24370864,0.23672235,-0.08123629,-0.14375085,0.05491721,0.33765233,-0.052926745,-0.051146366,0.013045319,0.25485292,-0.12768686,0.29275596,-0.21988922,0.21674572,-0.030456208,-0.3408851,-0.24200417,0.372805,-0.007821245,-0.16270968,0.15755835,-0.08105466,-0.03807114,0.01035643,0.29823348,0.10323438,0.09391676,-0.31454143,-0.13240606,-0.027772548,-0.11407474,0.052095912,0.17947626,-0.0066735884,0.04220662,-0.024811178,-0.008744761,0.041476913
27,-2.7323482,-0.45127502,0.0665359,-0.024148576,0.91232413,-0.7412823,0.24733666,1.0276022,1.0552347,0.32257658,-0.26392084,0.11392531,0.4389984,-0.032380085,0.04832946,1.2864044,-0.17160583,0.12318258,-0.4422581,-0.42663231,-0.2610249,0.14822334,-0.014949809,0.14485127,0.45610797,-0.4650218,0.70387244,4.8992844,-0.0030380897,-0.44029784,-0.33026615,-0.5354234,0.20998427,-0.5076003,0.9814072,0.27561542,-0.076835655,-0.5050881,0.46746057,-0.08051589,-0.16605401,0.3218449,-0.25262174,0.03061787,-0.40099993,-0.4454441,0.13141896,0.08005422,-0.31742448,0.21366856,0.14881381,0.1827318,0.29329318,-0.49035907,-0.33776572,0.10151805,0.009331835,-0.20261607,0.096981645,-0.04129812,-0.11626901,-0.017392933,0.25655347,0.21034412,0.11829302,0.20958883,0.25554127,-0.16062073,-0.058987923,0.023110045,0.05411925,0.092485994,-0.024998661,-0.19546121,-0.015680581,0.06374457,0.06727839,-0.14135975,0.1259005,0.15646504
28,-1.7165947,-0.81824553,1.2716751,-0.6406368,-0.16277707,0.2835328,-0.007876147,-0.6815302,-1.3582757,-0.3900957,0.14779378,0.5896933,-0.31192595,0.1266641,-0.02933537,-0.15113622,-0.4081647,0.4860543,-0.28048617,-0.07869485,1.0368981,-0.053691044,-0.6616264,0.38991594,-0.10561933,-0.633262,-0.3350129,-0.0030380897,5.675945,0.020322317,0.20251158,0.15816501,0.13245335,-0.30525458,-0.51047957,0.037211567,-0.14407443,-0.41960874,0.20969559,-0.28855348,0.09150188,0.081511855,0.07496098,-0.28709623,0.0076058414,-0.032969877,0.38057196,0.37740493,-0.26699626,0.018985685,0.11681074,0.43034738,-0.28297675,-0.31707188,0.16141777,-0.020391256,0.10288425,-0.30139747,0.11467098,0.25240242,-0.05316406,0.09072555,0.14634803,-0.099746,-0.11307897,-0.13989232,0.13283494,-0.084948085,-0.0048217988,0.16895302,0.061946638,-0.13117826,-0.049048446,0.13259915,0.22078706,0.013062695,-0.021537904,-0.012745621,-0.1664992,-0.07314494
29,0.9623832,0.084022745,-0.5769143,0.17651016,-0.1137044,-0.1995103,0.27246344,0.7864765,0.5219555,-0.061068375,-0.035160974,-0.81902826,-0.01809379,-0.15777296,0.43954933,0.53263617,-0.53173184,-0.57678753,-0.10812698,-0.43490785,0.16049013,-0.09381664,-0.28333494,-0.31901085,-0.31952012,0.101434104,0.36347598,-0.44029784,0.020322317,5.1615696,0.3908801,-0.09378897,0.12205127,-0.24525052,0.003245083,0.23161478,0.6809205,-0.36597115,-0.37797922,0.0026574812,0.22765735,0.64125454,-0.10700312,-0.5557654,-0.088749394,0.21273132,-0.40599346,-0.2676959,0.10039802,0.07903314,0.13432583,0.18316552,0.1471167,-0.30034804,0.34154013,-0.22794405,-0.018328188,0.14588358,-0.13437518,-0.10898183,0.13600887,-0.08290312,0.14999588,-0.24024644,0.05067341,0.08779058,0.040722784,-0.23919426,-0.014563713,-0.13298588,0.021103133,0.10388847,0.032658324,0.029368399,-0.0019361341,0.15662143,-0.15920071,-0.032163747,0.012164695,-0.111304626
30,-0.84519374,0.678679,-0.09157373,-0.27536315,-0.6830847,-0.46718138,-0.11168719,-0.32226005,0.78255665,-0.12324028,-0.078031756,-0.38909143,0.05449183,0.06008955,-1.176228,-0.38307253,-0.39995036,0.2918452,0.87979925,-0.08152866,-0.06459917,0.5923501,0.7470418,-1.5549601,-0.4173742,-0.2347691,-0.37519968,-0.33026615,0.20251158,0.3908801,3.2175286,0.18949208,0.22114584,-0.30483168,0.31981647,0.5843518,-0.2389926,-0.15346399,-0.05180119,-0.01354304,0.111456856,-0.43551075,-0.4119937,-0.15583786,-0.2594823,0.3081407,-0.0010638763,0.18066736,-0.5721042,0.10671827,-0.2042098,-0.19644049,0.018157003,0.049874045,-0.27106243,0.093686834,-0.05072394,0.30757058,-0.27184063,0.33142954,-0.27431226,-0.043386936,0.059556514,0.14807841,-0.11042513,-0.059002884,0.11240584,0.15637998,-0.10385576,-0.13782376,0.11081055,-0.21089157,-0.01785173,0.20666517,-0.017466491,-0.15689643,0.021834537,0.047994465,-0.031188965,0.1555199
31,-1.08605,-0.9793983,-0.044215538,0.0054018684,1.2487795,-0.24401787,0.16275759,-0.5423928,0.48428977,0.9980289,0.16303216,0.67246294,-0.3159506,-0.3348893,0.60493124,1.0789042,0.34266737,-0.33942455,-0.30307215,0.13442303,-0.5042678,-0.57822895,-0.40122974,-0.24740836,0.72082806,0.37364006,-0.16424423,-0.5354234,0.15816501,-0.09378897,0.18949208,4.2992764,0.0030073472,-0.18053292,0.66268903,-0.13573101,-0.542746,-0.31023598,-0.48722136,-0.41685036,0.6693753,0.2230688,0.1317721,0.046426482,0.01378653,-0.014428987,-0.1858683,0.17935622,-0.10077442,-0.23138352,-0.058881965,0.28387946,-0.038642153,0.24594437,-0.1228172,0.21536276,-0.040418312,-0.033145342,-0.025705274,-0.089959234,0.037279822,-0.09930247,0.06299634,0.2586994,-0.21242751,-0.10120931,-0.1499847,0.07091448,0.058260582,-0.31425,0.053331625,0.14123909,-0.033178844,-0.0065070186,0.2125635,-0.0036707271,0.09838064,0.015803091,-0.069434315,-0.047715273
32,2.0733507,0.6145836,-0.28424007,-0.26444548,-1.037457,-0.13062023,-0.5621259,-0.008147612,0.42913717,1.0007255,-0.61676955,-0.10125023,0.2133849,-0.4036689,-0.25190702,-0.7049178,-0.3564062,-0.53839844,-0.23013386,-0.6486323,-0.23104921,0.44566792,0.46084124,0.9063648,0.13327478,0.47004402,0.6572347,0.20998427,0.13245335,0.12205127,0.22114584,0.0030073472,4.2382174,0.27851197,0.57227635,0.033061504,-0.24650629,-0.08666917,-0.0285183,0.026658528,0.1496956,0.17124175,0.18535972,-0.14413933,0.005308494,0.065415844,0.24278888,0.38169008,0.21705922,0.2204512,0.22260869,-0.19656502,-0.036582045,0.24726617,-0.19023888,-0.116822064,0.15441349,-0.03788836,-0.08687326,-0.0014936338,0.10902624,0.11863853,-0.17293422,-0.24597614,-0.20200822,-0.03686861,0.19231015,-0.1561573,0.06518725,-0.094119385,0.09130287,-0.035928354,-0.1185185,0.0074961963,-0.0032572504,-0.20984435,0.032701492,0.15969267,-0.25324494,-0.026529279
33,-0.657475,0.028473329,0.2535237,0.5694394,0.43840197,-0.33944625,-0.15288228,0.7971761,0.19211212,0.11632958,-0.5589509,0.10495874,-0.008464651,0.513376,-0.17237043,0.29279816,0.19026059,0.27737713,0.09617594,-0.27119267,0.13160628,-0.29854262,-0.18845819,0.24796717,0.7025436,-0.9090374,0.31097913,-0.5076003,-0.30525458,-0.24525052,-0.30483168,-0.18053292,0.27851197,3.5672748,-0.20646802,0.96435016,-0.0131914355,-0.2740808,-0.3357563,-0.1300574,0.069365114,-0.1932531,0.1544764,0.32760483,0.13035592,-0.36238146,-0.1359654,-0.35057867,-0.20549844,-0.06477484,-0.05763741,0.17881916,-0.30295503,-0.13186717,-0.052305587,-0.4050429,-0.39963928,0.23796394,-0.20392632,-0.11208451,-0.16806936,-0.018751495,0.14159274,-0.05060273,-0.19602722,0.07893054,0.14966412,0.037072666,-0.014020894,-0.16015506,0.03482478,-0.13662642,-0.0041624587,0.11146365,0.019801967,0.05611077,-0.14683293,0.023085177,-0.08267751,-0.08771902
34,-2.33139,0.81279445,-1.0858736,-1.0291356,-0.41432363,-0.3803404,-0.7805191,-0.9008361,-0.16311699,-0.825373,-0.39154977,-0.7280994,0.48706192,0.08637664,-0.5408278,-1.1074564,-0.3646139,0.37980604,0.2908038,0.4464407,-0.208395,-0.015969327,-0.60786843,0.0042679743,0.26039872,0.22861297,-0.73243606,0.9814072,-0.51047957,0.003245083,0.31981647,0.66268903,0.57227635,-0.20646802,2.3245273,0.24244247,-0.33039486,-0.4381444,0.20155922,0.01932379,0.040283784,0.1641343,-0.075222895,0.04788001,0.25458926,-0.005563673,-0.058956888,-0.34218782,0.24903388,0.060785703,-0.11167519,0.13315684,0.08726169,0.10916315,-0.015780266,-0.32117996,-0.18864304,-0.13948399,-0.22414774,-0.25540793,0.15097636,0.024939932,0.20831499,0.06763269,-0.15147513,-0.0026393621,-0.07323989,-0.18885437,-0.07473591,0.1420191,0.06759414,0.0022584433,-0.052899074,0.07225226,0.12524009,-0.06176242,0.10954099,-0.15726301,0.074973986,-0.0073521947
35,-0.30490094,-0.53155684,-0.6369559,-0.08839187,0.9026116,-0.29194883,0.13548219,-0.23805144,0.216066,-0.028823473,0.024330309,0.34055328,-0.33500868,-0.08479124,0.792949,0.363707,0.09696026,0.32530555,0.75297636,-0.120182104,-0.50230646,-0.6327233,-0.22422463,-0.35650486,-0.79837334,-0.17284247,0.08873209,0.27561542,0.037211567,0.23161478,0.5843518,-0.13573101,0.033061504,0.96435016,0.24244247,2.6301415,-0.2817459,-0.44333875,0.3857739,0.41516644,-0.05092152,-0.30437356,-0.18436545,0.34467462,-0.1465733,0.06322895,-0.43622845,0.30366713,-0.21428463,0.16607618,-0.14366806,0.17248705,0.17098388,-0.34496897,0.08454567,-0.03305296,0.07484162,-0.14013365,-0.26419368,-0.034796856,0.17688489,0.051039055,-0.20098999,-0.15343344,0.11685638,-0.010373659,-0.22831663,-0.046305306,0.13024956,0.19714385,0.13748732,-0.020290855,-0.08004971,-0.026526865,0.15860833,-0.10712387,0.018008793,0.1338626,0.0824281,-0.07953491
36,-2.8146267,0.047647145,-0.3241933,-1.0471594,-0.13420707,-0.61190003,-0.7920116,-0.35085326,1.047077,0.6533268,-0.1585499,0.35585457,0.4425615,-0.13360135,0.4169146,-0.43671155,-0.12482639,0.6799736,0.33045387,-0.1050786,0.03673186,-0.29970738,0.0777812,-0.32110387,0.5793344,0.45217344,0.5337789,-0.076835655,-0.14407443,0.6809205,-0.2389926,-0.542746,-0.24650629,-0.0131914355,-0.33039486,-0.2817459,2.1704636,-0.06487054,0.0010561091,0.02644685,0.17025757,0.29076582,0.46162158,-0.2786968,0.2371543,-0.07341419,0.041117325,-0.22056633,-0.5149267,0.045059547,0.15212007,-0.31938487,-0.38148412,-0.114621244,-0.1022151,0.053364336,-0.16541928,-0.18502507,0.100009866,0.1221495,0.107393354,-0.23645988,-0.07298975,0.13410425,-0.12495285,-0.13367298,0.05800739,0.12687518,0.15438545,0.3348022,0.09221953,-0.014155213,-0.037684474,-0.08106061,0.03668485,-0.18895581,0.062201485,0.067977645,0.06430339,-0.11363158
37,-3.7643905,-0.33828133,-0.4423012,-0.27478945,0.059457675,0.09931564,-0.8058043,-0.20541155,0.4928568,-0.45450127,-0.9815211,-0.6161962,-0.060468577,-0.60174155,-0.17902336,0.33138272,-0.062050045,0.3492506,0.09720368,-0.69489944,-0.31530085,-0.708742,-0.8491093,0.088014916,-0.4045487,0.00832729,0.53251123,-0.5050881,-0.41960874,-0.36597115,-0.15346399,-0.31023598,-0.08666917,-0.2740808,-0.4381444,-0.44333875,-0.06487054,2.471397,-0.104178675,0.17309654,-0.28742594,0.09472116,0.37086502,-0.1349881,-0.32457,0.088246964,0.21320489,0.38474554,0.2019113,-0.005657308,-0.08033214,0.22637513,0.029569589,-0.0740343,-0.18977517,-0.05763609,-0.18511736,0.14194912,-0.30737603,0.19769663,0.05788282,0.071629584,-0.03918238,0.053828347,0.0146526005,0.17411423,-0.069764584,0.15802827,-0.073588766,-0.05174523,0.0017823126,0.016642682,0.089031614,0.14515993,0.05882381,-0.0782813,0.16283461,-0.08628895,-0.16867566,0.036689468
38,0.7451395,-0.41605607,-0.41481066,0.48291954,0.2157788,0.41224736,0.088867776,-0.053418335,1.0391567,0.004295242,0.25186175,-0.4999615,-0.10855082,-0.083826676,-0.12637217,0.1359179,0.098841086,0.20621479,0.016561206,0.35476092,-0.17368627,-0.20393723,0.20049348,-0.43593597,-0.5854133,-0.10891518,0.22368431,0.46746057,0.20969559,-0.37797922,-0.05180119,-0.48722136,-0.0285183,-0.3357563,0.20155922,0.3857739,0.0010561091,-0.104178675,2.5852911,0.42002052,0.2513169,0.30821246,0.19800457,0.24925844,0.4462376,0.19866684,-0.08995911,0.2420933,-0.07936886,-0.013526867,-0.07593464,0.1894418,0.01527551,0.49421918,0.40128005,0.016497675,-0.3941816,-0.0047237417,0.31938195,0.037779965,0.11435692,-0.098878995,0.061120808,0.06859967,0.10959272,-0.18907124,0.009736361,-0.05019543,0.036423467,0.106633335,-0.047657944,0.035492886,-0.025802188,0.118483625,0.021630794,0.2343384,-0.036971897,0.02188709,-0.18644582,-0.011633993
39,0.038918845,-0.9815084,0.5981517,-0.081080005,0.3378347,-0.63446856,-0.30243102,0.24547578,-0.15027076,0.6920974,0.3375246,0.9648194,-0.08724865,0.26265833,0.8742163,-0.03302983,-0.97398984,0.094126776,-0.2497502,-0.3059714,0.20642963,-0.29084527,-0.25700778,0.13643071,0.25023583,-0.017734844,-0.0749189,-0.08051589,-0.28855348,0.0026574812,-0.01354304,-0.41685036,0.026658528,-0.1300574,0.01932379,0.41516644,0.02644685,0.17309654,0.42002052,2.3205361,-0.02301203,-0.24145201,-0.18338929,0.059232906,0.21289144,0.40005785,0.28490487,0.045581263,0.09745906,-0.44238907,-0.15594226,0.0019965868,-0.07833454,0.16074023,-0.15819106,-0.12234369,0.37092182,0.42820603,-0.04197915,0.03183602,-0.10285224,-0.19705486,0.041533306,0.23573698,0.0067814738,-0.035604447,0.008463244,-0.43088192,0.02158942,0.13928226,-0.013352913,0.20859325,0.000744479,0.03690185,0.05524708,-0.16926035,-0.15651041,-0.03383974,0.03664144,-0.08311033
40,-0.89101803,-0.14658535,0.45441973,-0.07233242,-0.21489784,0.052015986,0.20081124,0.5824791,-0.5369879,-0.060789198,-0.19623071,-0.15579864,0.38164097,0.25896317,0.03489629,-0.4066045,0.16062218,-0.22350046,-0.22143587,0.363631,0.0027564622,-0.670331,-0.38701636,0.31520772,-0.15339205,-0.5177041,0.5527898,-0.16605401,0.09150188,0.22765735,0.111456856,0.6693753,0.1496956,0.069365114,0.040283784,-0.05092152,0.17025757,-0.28742594,0.2513169,-0.02301203,1.887688,-0.06665237,0.07156734,-0.1679839,-0.2621404,-0.27283895,-0.10354845,0.2313552,-0.35707852,0.08441483,-0.10727321,-0.42121887,-0.17142162,0.29905224,0.04405531,0.232155,0.104263976,0.20500794,-0.081599265,-0.41309798,-0.18198109,-0.016772352,0.19191577,0.08544083,0.18654598,-0.059204616,-0.08034088,0.008015966,0.16189663,0.29494852,-0.17090169,-0.06346765,-0.03817454,0.05911827,-0.25015563,-0.060198758,-0.005383598,-0.078724325,-0.08098135,0.06475102
41,0.74210155,0.39327073,-0.40409845,0.33499402,0.028684461,0.15183538,-0.08879721,0.24090166,0.18124035,-0.5933244,0.029995304,-0.011622211,0.10227677,0.010971367,-0.4290989,-0.10839977,0.45291615,0.23051459,-0.090393454,0.14465272,-0.2013056,-0.38857418,0.25978285,0.08418521,-0.16269556,-0.2069181,-0.074577235,0.3218449,0.081511855,0.64125454,-0.43551075,0.2230688,0.17124175,-0.1932531,0.1641343,-0.30437356,0.29076582,0.09472116,0.30821246,-0.24145201,-0.06665237,2.09062,0.22937968,0.16524762,0.14256275,-0.38254866,0.09225301,-0.1773777,0.033980906,-0.13296102,0.09136923,0.35835016,0.0813888,-0.13968396,-0.011732716,0.23579945,0.052062795,0.3447857,-0.10156867,0.13783658,-0.12226486,-0.3000365,-0.20142984,0.05677759,0.014313484,-0.05133391,-0.29335654,-0.14229564,-0.21780078,0.008027351,-0.097321324,0.058648415,0.093702115,0.1262048,0.124931276,-0.16778776,0.07290648,0.17250112,-0.066699296,0.11136724
42,-2.9266548,-1.1845443,0.3667896,-0.95789266,0.8968419,-0.31610972,0.9225015,-0.1979472,0.009539489,0.3878144,-0.049678475,-0.5136638,0.4634487,-0.17096415,0.7085973,0.10607212,-0.5770579,-0.08537629,0.12940371,-0.038347743,-0.57746714,-0.29905504,0.44045523,-0.16594765,-0.09421024,-0.5856613,-0.24370864,-0.25262174,0.07496098,-0.10700312,-0.4119937,0.1317721,0.18535972,0.1544764,-0.075222895,-0.18436545,0.46162158,0.37086502,0.19800457,-0.18338929,0.07156734,0.22937968,1.8745693,-0.06987541,0.0045467643,0.07380437,-0.1205689,-0.13809858,-0.05751709,-0.14562386,-0.37211698,-0.25235835,0.17551222,-0.012261327,0.09117958,-0.18992966,0.1309078,-0.33345145,0.05652737,0.16383433,0.07704361,0.40785676,0.24866384,0.015811149,-0.042526733,-0.030902945,0.036226954,-0.098760895,-0.076204866,-0.009188319,-0.09110652,0.0041404166,0.049697004,0.1089887,0.12789741,-0.2074381,0.012033706,0.008038009,-0.07361141,0.09080793
