,0,1,2,3,4,5,6,7,8,9,10,11,12,13,14,15,16,17,18,19,20,21,22,23,24,25,26,27,28,29,30,31,32,33,34,35,36,37,38,39,40,41,42,43,44,45,46,47,48,49,50,51,52,53,54,55,56,57,58,59,60,61,62,63,64,65,66,67,68,69,70,71,72,73,74,75,76,77,78,79
0,121.2742,23.489145,-9.577969,14.054298,-8.670038,-13.761314,13.363883,13.480173,-8.219345,18.096054,-2.293757,8.952381,-1.9961152,13.296849,-6.760991,-12.085688,10.023489,-12.757498,9.382205,-7.186962,5.8025455,6.3912363,5.688818,-4.4450493,3.6735358,2.685275,0.85968864,6.0160913,3.8206806,-2.1416528,1.8572102,2.224625,-4.6424417,1.6246918,5.1704063,0.7823807,6.247164,8.27277,-1.6362484,0.016085409,2.004723,-1.8371851,6.58926,-1.0438085,-2.0661128,3.4469976,-0.2469354,-1.0057111,1.1758325,0.8173609,1.1950705,2.7787447,1.3092313,-0.02587045,1.8254871,0.471942,-1.8843952,1.585001,2.354077,-3.9782453,-0.10998951,-0.6618712,-0.9894656,-2.7319415,-0.12012579,1.7487184,-3.0577679,-2.579581,2.1074584,1.2086623,1.8513933,1.998899,0.24146718,2.7493672,-0.26797396,2.060587,-0.020059714,1.3755903,-0.16721326,0.00974026
1,23.489145,12.918228,-8.624257,4.394909,-4.80552,-5.558701,-1.8504674,10.337913,3.5991712,2.6946964,-2.9110975,-2.0198631,-0.25092202,2.7329054,-3.6670785,-6.16516,2.5016212,-2.3499303,1.2925485,0.2294504,0.074550256,2.897954,2.5904832,-1.8455019,1.4059799,1.4028928,-0.48650503,1.0718181,1.8081124,-0.105865225,-1.5742767,2.0336895,-1.3796861,-0.073353276,-1.8033006,1.1289954,-0.09491673,0.7650585,0.8872405,2.0983229,0.38943356,-1.0645934,2.712212,-0.06703089,-1.4011688,-0.70835173,0.14453822,-1.1347764,0.886696,1.0362713,1.6397791,0.14695075,0.404068,-0.99397486,-0.19907501,-0.1997276,-0.38489604,-0.15066409,-0.54582477,-1.1795624,0.5263353,-0.47063267,-0.36660534,-0.33319774,-0.3525036,0.25424367,-0.7309998,-0.1473051,-0.3513288,-0.22108005,0.32758814,0.06302839,-0.39212027,0.4350367,-0.38888955,0.06750181,0.24891804,0.24659488,0.21079612,0.115063086
2,-9.577969,-8.624257,14.973188,-4.840395,0.6468953,5.8606167,3.5888429,-12.442085,-11.278677,-1.8752036,2.8389478,6.370713,-0.9894242,-0.057769462,0.4255129,3.2439947,-1.152687,1.3255022,0.012100536,-0.062526524,3.3936653,-0.073334865,-2.589049,3.4328125,0.5440704,-2.3522243,-0.16738309,-0.035649344,-2.8180609,1.4048567,0.3467327,0.14865157,0.56587565,-0.4742957,2.4271374,1.2153571,0.5634421,1.0356731,0.96589994,-1.2177141,-1.086596,0.91907084,-0.7515166,-1.2993982,1.9642651,0.51780516,-0.1894786,1.0090132,-1.817591,0.15630992,-0.5179316,-0.9897913,-1.5943645,0.3169927,-1.455092,0.4659083,-0.36213964,-0.21200727,0.8184513,1.4844844,-0.4768722,1.1751165,0.0026313257,-0.42833108,0.9366962,0.002037478,0.06103968,0.3380311,-0.2055826,-0.5384172,-0.6430489,-0.31590265,0.27002957,-0.24947321,-0.4917362,0.499915,-0.46931612,0.2580101,-0.26007813,0.03222461
3,14.054298,4.394909,-4.840395,10.98016,1.3959901,-1.6974722,-2.7517176,12.915932,2.1873553,2.6360066,-1.8962266,-0.5111945,-3.4034,3.1644871,1.6838725,-2.3000643,2.6816847,-0.04026847,-0.33517188,0.75591207,0.7724161,-0.27820343,0.6914897,-1.3112265,0.13542116,-0.85303295,-0.82476807,-0.00085390394,1.4112594,-0.47363025,0.54464346,-0.029191244,0.62348175,-1.2987924,2.2872186,0.27648306,2.452179,0.6569923,-1.111037,0.12728743,0.16961974,-0.6857412,2.0769365,2.2214556,-1.4172289,0.050031416,0.7298819,0.3932123,1.1467602,-1.0898035,-0.78002113,1.0232205,0.7172804,-0.058145083,0.58888,-0.23159708,-0.4659807,0.6087279,0.047664884,-1.0132539,0.30339825,-0.58453494,-0.80592597,0.38757312,0.5759927,0.16515124,0.5134841,0.9313934,-0.307096,-0.050597988,0.15409242,0.06794819,-1.1802151,-0.010260984,-0.35804677,0.55816823,0.15267609,-0.01268625,0.5482657,-0.24800244
4,-8.670038,-4.80552,0.6468953,1.3959901,12.283066,-1.0774171,1.6190807,-4.4674854,-1.4170028,3.9291692,0.5727683,5.559249,-3.6250033,-2.6853561,-1.0515751,3.1785269,3.2580807,0.626152,-2.9365396,2.262744,-3.9166923,-0.91706157,-0.8194685,-2.2188513,2.6127245,-3.2423172,0.8448417,-2.0648816,0.32329327,0.25166953,1.5094283,-2.850731,2.3581688,-1.0234511,0.90120775,-1.9250232,0.3528232,-0.10036965,-0.44598562,-0.75146276,0.49014384,-0.046226546,-2.0143242,1.1407416,0.120047465,-0.82832646,-0.64357775,-0.53497505,-0.056175992,-1.1732473,-1.6415484,0.7275481,1.4984322,-0.37207454,0.80629575,-0.35459054,0.47091225,-0.86394763,-0.83169824,-0.41018552,0.2526398,0.30732477,-0.307069,1.5353115,0.37390196,0.045395806,0.12587029,0.23817664,-0.15823305,0.69099885,-0.15265709,0.034328938,-0.3130836,0.2913404,0.11840761,0.36098045,-0.0064712837,-0.03424444,0.3761545,-0.31834483
5,-13.761314,-5.558701,5.8606167,-1.6974722,-1.0774171,9.898111,-0.5304564,-9.729354,-4.3202677,-6.315012,1.6563799,-0.46749204,-2.3691854,-5.472248,-0.9173279,3.9457684,-1.2678411,1.2235409,-1.4722412,1.603683,1.3663841,-0.45774725,-0.70513666,2.565226,-2.1570117,0.8424984,0.03315885,1.7022424,-0.6307716,0.43035465,1.0577071,0.61371124,0.27454293,0.75330746,0.8420528,0.55698496,1.3709425,-0.17578873,-0.9242524,1.3739424,-0.12535718,-0.3020646,0.70789087,-0.29409558,0.94806874,-0.26025498,0.33807704,0.6186447,0.1628738,-1.0368407,0.01748654,-0.25608015,-0.36369127,0.832713,0.5294312,0.41141376,-0.36839157,0.8707825,0.64673656,1.2568593,-0.016752142,-0.3525942,0.1407861,-0.8357662,0.38313466,-0.09236677,0.42126417,0.78366274,-0.20309983,-0.60220957,-0.19292668,-0.34953353,-0.44878137,-0.56710106,-0.3708024,-0.31773365,0.21593675,-0.17904547,0.25953043,0.2098909
6,13.363883,-1.8504674,3.5888429,-2.7517176,1.6190807,-0.5304564,15.743444,-6.68614,-8.8057,5.416395,-0.314154,2.296843,3.9648438,1.7028966,-2.1968727,1.482702,6.133003,-3.6242926,4.8596497,-4.346513,1.122393,-0.4062398,-0.05073732,-1.1512051,0.97859514,-1.2462237,-0.52394694,-0.6361346,0.06156093,-0.6605598,0.16089484,-0.36776966,1.3327136,0.2845227,1.7586,-0.19007832,1.8139799,1.8291042,-0.22967799,0.6310617,-0.39920825,0.25293475,-2.1662993,-0.82829404,-0.58787715,-0.46194297,0.04383257,-0.5604869,-0.3962029,-0.9180342,0.11009672,0.50750405,0.46313807,0.11112261,1.1232661,1.1205719,-1.4581645,-0.83481705,0.06885296,0.9565417,-0.54903185,-0.24192914,1.2770936,-0.8017065,0.7799981,-0.3559881,-1.0172613,-0.48280418,0.93323886,0.33092755,-0.3378615,0.084481165,0.6255473,-0.46364143,0.5304356,-0.14259082,-1.1940889,-0.5757098,-0.106020615,0.15988478
7,13.480173,10.337913,-12.442085,12.915932,-4.4674854,-9.729354,-6.68614,39.969254,14.5458555,2.4733694,-5.409274,-9.596235,-1.014657,8.610241,11.281427,-6.7654066,-0.22388119,-1.1877282,-0.96278137,3.3852904,0.6942926,-2.0399294,3.273056,0.23404953,-0.14280763,-1.0852605,-1.870919,-2.3642607,1.5086238,-1.8543844,0.60228145,1.1726743,0.07686597,-1.8063729,2.019308,0.6919961,0.9177554,0.45187598,0.06977042,-0.62284493,-1.2580571,-0.48116696,0.3636026,1.7415695,-1.8430564,-0.6950935,1.8787014,-0.3132528,0.5876564,-0.09419955,0.89785486,0.79299015,-0.68897724,-1.9912949,0.041853413,0.1321183,-0.004595915,-0.07952828,0.7349807,-0.68299973,0.5026626,0.2953491,-0.14423832,-0.02451305,0.11077639,-0.38731024,-0.5404033,0.54100245,-0.014186163,0.14655073,-0.13534051,-0.12136292,-0.10983,0.31771523,0.09077738,0.024863679,-0.44663012,0.025804486,0.36709362,-0.3928604
8,-8.219345,3.5991712,-11.278677,2.1873553,-1.4170028,-4.3202677,-8.8057,14.5458555,19.69637,-4.0536766,0.060938828,-8.212748,3.0364008,1.8186868,3.0799677,2.525756,-2.5747766,1.7234144,-2.6937058,2.54485,-5.521926,1.0489442,2.710654,-1.8467839,-2.1802459,1.5824931,1.3594234,-2.3914385,3.0427086,-1.182135,-1.7705662,-1.0659478,-0.9509779,-0.41739824,0.36135533,-0.4479717,-2.3264613,-1.1219404,-2.334729,0.33512825,1.2091262,-0.412546,-0.021287274,1.2154876,0.5546429,0.053024687,0.35154772,-0.3551031,0.3107648,0.9977976,1.1012192,-0.028207773,0.35572147,-0.31887192,-0.1870577,-0.4769981,0.64761466,0.89291155,-0.011179365,-0.18030697,0.63858604,-0.17715414,-0.24126273,1.0747415,-0.86936796,-0.089134455,0.10599839,-0.7370852,0.5014603,0.4110436,0.21813451,0.015843756,0.25139546,0.3704756,-0.3254888,-0.4881664,0.22046964,0.015359728,0.08339995,-0.20653531
9,18.096054,2.6946964,-1.8752036,2.6360066,3.9291692,-6.315012,5.416395,2.4733694,-4.0536766,17.793026,-7.408043,4.8922663,-1.9758878,0.04198525,-0.03999596,-6.6289406,3.4470124,-4.4401927,2.578988,-4.6090717,0.11537312,-0.75364816,2.4359407,-0.6577438,3.6176546,-2.433148,1.2744049,-0.72427225,0.8795443,0.17718741,0.3427416,-2.2503715,-2.271423,-0.17759985,1.8561904,0.07723214,-1.5521908,0.94622815,0.0018483726,-1.4611247,0.07832813,1.2685106,-0.8061598,-0.172394,0.19435605,-1.0104578,-1.0041146,0.5958222,0.35336977,-0.7169298,-1.0932361,0.7511698,0.49451405,1.0536761,0.15810764,0.16449323,0.11516476,-0.82370716,-0.83157307,-0.3898939,1.4255164,-0.3438417,-0.28553692,0.3142289,-0.109499246,-0.576306,0.40957943,-0.38017958,0.15007702,0.16351274,-0.19858252,-0.1160554,0.08759081,0.41128978,-0.008859376,-0.040457565,0.59467363,-0.29599053,-0.16655287,-0.27024084
10,-2.293757,-2.9110975,2.8389478,-1.8962266,0.5727683,1.6563799,-0.314154,-5.409274,0.060938828,-7.408043,9.485198,1.4669483,2.8027644,1.9755249,-1.6752639,4.6719713,-0.75074613,2.8286986,-2.661086,1.8425202,0.7112159,1.0610366,-2.0548344,-2.5633798,-0.99113905,1.8526452,-0.80736446,0.48528168,-0.31256086,0.01233912,0.07378997,-0.3583269,1.4839747,1.206075,0.8487825,0.051452525,0.44771805,2.2179878,-0.5575917,-0.7746191,0.5077733,-0.0151601555,0.036273096,0.47239202,-0.5526817,0.850802,-0.16115242,-0.17031494,-1.0585566,-0.118594214,1.0211495,-1.5729463,0.049497616,-0.32273147,0.80241853,-0.06583133,1.0929147,0.016842771,0.9480945,-0.559335,-0.62654287,0.13193828,0.25791293,0.3068939,-0.09069643,-0.1797244,-0.5026401,-0.37486583,-0.0025841405,-0.07229406,-0.00021319305,0.5924247,-0.22888154,-0.27381793,0.253234,0.65945065,-0.5551343,0.16369793,-0.28639865,-0.26219213
11,8.952381,-2.0198631,6.370713,-0.5111945,5.559249,-0.46749204,2.296843,-9.596235,-8.212748,4.8922663,1.4669483,11.907841,-5.50956,-1.7333949,-4.049882,0.27420777,1.314893,0.6161697,-0.3312778,-0.26172814,0.8765888,1.4872569,-0.41841102,-1.1744411,1.8378034,-3.6319566,1.2565148,-0.3287391,-1.3162906,1.7668843,0.8255044,-1.5072215,0.2506657,-0.20582937,1.6208342,-0.6547092,-0.7159754,1.3386409,1.0949224,-2.099869,0.36205116,0.053978506,1.0981038,0.7851744,0.88002616,0.41760036,0.17448434,0.13844071,-0.35422933,-0.27290678,-0.26290745,-0.2616005,-0.874229,-0.2742355,-0.83086586,0.082767464,0.036657378,-0.6583016,0.16780843,-0.9697695,0.13699096,0.11284826,-0.3137341,0.55280817,0.50659835,0.46749508,-0.32370296,-0.3190229,0.2928751,0.25556463,0.24507804,0.4898868,-0.14308335,0.17015986,-0.11325528,0.47843403,0.055150814,0.5438591,0.12909839,-0.2203218
12,-1.9961152,-0.25092202,-0.9894242,-3.4034,-3.6250033,-2.3691854,3.9648438,-1.014657,3.0364008,-1.9758878,2.8027644,-5.50956,15.643086,9.509642,-0.9682766,2.8318,2.8102071,1.9384923,2.5454614,-6.0539255,-0.8145467,0.4827667,-2.6655946,0.91187596,0.24271476,3.1124163,0.63236654,-1.0074948,0.7128797,0.04444096,-0.15228242,0.68324304,-0.40683722,-0.01615281,-1.0969704,0.80194193,-1.0368278,0.10939038,0.23823088,0.16993852,-0.8317128,-0.23372118,-1.0115353,-0.5579914,0.10861434,-0.23109591,-0.2000657,0.14279473,0.11433509,0.370749,0.45334384,-0.18504865,0.93935996,0.46572834,0.15365507,0.21495193,0.41014186,-0.078298464,0.29045534,0.06782455,-0.35502565,0.76324105,0.00927274,0.91171926,-0.58410573,-0.6983065,-0.39479375,-0.68279815,-0.045440562,0.25353178,-0.9619119,0.088280745,0.061208382,-0.757002,-0.06397128,-0.22956765,-0.16095553,-0.32730216,-0.46536708,-0.18630822
13,13.296849,2.7329054,-0.057769462,3.1644871,-2.6853561,-5.472248,1.7028966,8.610241,1.8186868,0.04198525,1.9755249,-1.7333949,9.509642,17.575336,3.1456227,2.0860572,5.54031,0.018937545,2.9080644,-2.5904174,-0.30184835,1.501771,-4.5823336,-1.5462875,1.1760616,-0.4708649,-3.3469179,0.09214716,-0.28316385,0.39534655,-0.06573379,0.7418865,0.8775843,-1.0944078,-0.19478971,0.14577618,0.23609886,1.3367944,0.22281548,-0.5231205,-0.59952295,-0.07482885,0.43120933,0.4495501,1.1827537,1.1672249,0.39304513,0.7339524,-0.7756346,0.6547745,0.1517086,0.047026597,-0.7507575,-0.13903242,-0.2827358,0.25026387,0.09092341,-0.32543397,0.18706033,-0.45043707,0.5018991,0.5473173,-0.48880136,0.05058967,0.24944344,0.1501143,0.36329374,-0.3148557,0.20326445,0.35949925,-0.54759264,0.0005109619,-0.31737924,0.33457005,-0.39067525,0.5295064,0.4040606,0.43965065,-0.33682692,-0.06682315
14,-6.760991,-3.6670785,0.4255129,1.6838725,-1.0515751,-0.9173279,-2.1968727,11.281427,3.0799677,-0.03999596,-1.6752639,-4.049882,-0.9682766,3.1456227,12.991445,-0.11673658,-3.123342,-1.330156,0.9319734,1.6580241,0.7893188,-4.6280017,-0.9528252,2.2926595,-0.03501129,1.5227549,-2.1847863,-0.046202447,0.040435784,-0.98698646,2.6259487,-1.3431184,0.54508126,0.40366167,1.2023408,-1.7696103,-0.9095658,0.35529423,0.2751423,-1.953471,-0.091188654,1.0268254,-1.6097536,-0.44221866,1.0259826,0.69027483,-0.7958758,-0.4201355,-0.5335425,-0.6764916,-1.0978374,-0.26888704,-0.7517141,-0.043730624,-0.5184001,0.46023518,-0.10296446,0.0023769317,0.33667886,0.7758205,-0.099218264,-0.21345836,0.18178596,-0.585033,0.6285527,0.09687208,0.6227535,0.4798494,0.13978693,0.135209,0.06653485,-0.04186661,0.4480142,-0.15460142,0.20106494,0.11343555,-0.011729679,0.5373769,-0.04983694,0.0008951397
15,-12.085688,-6.16516,3.2439947,-2.3000643,3.1785269,3.9457684,1.482702,-6.7654066,2.525756,-6.6289406,4.6719713,0.27420777,2.8318,2.0860572,-0.11673658,12.344726,2.1503742,0.7311693,-2.190491,0.059472337,-3.2187767,1.081848,-3.5970025,-0.84398854,-0.8104304,0.20293716,0.25689268,-2.8415549,0.3662464,-1.1580386,0.91670144,-2.3529572,1.5150784,-0.60656595,2.4782333,-0.8956181,0.8940424,-0.7419177,-0.30148894,0.14042014,0.89646614,0.17103119,-0.19586268,0.05011318,1.2173946,0.10523957,0.01355686,0.014724805,-0.52008617,-0.72469246,1.1049613,0.041900348,-0.24794486,-0.31561583,0.10544212,0.39638054,0.14343295,0.8882145,0.091443256,0.15073329,-0.07834344,0.28742528,0.14702755,-0.3652109,0.035972036,0.8671517,0.21528682,-0.2536184,0.6477696,-0.31848615,0.27564144,-0.078401305,0.006640071,0.19075763,-0.22858776,-0.31717914,-0.08163586,-0.21279716,0.33130643,0.20554984
16,10.023489,2.5016212,-1.152687,2.6816847,3.2580807,-1.2678411,6.133003,-0.22388119,-2.5747766,3.4470124,-0.75074613,1.314893,2.8102071,5.54031,-3.123342,2.1503742,10.5270405,-2.8686872,0.6454259,-0.24387181,-2.289122,0.8795625,-1.7787327,-2.1492982,3.3126152,-0.4965627,-1.4371645,0.31906605,0.87068397,1.0882077,0.75399417,-0.85845983,0.86499923,-0.46702975,0.8011153,-0.01761001,0.43660802,0.11693892,-0.24075788,2.0404906,-0.3106435,-0.954862,1.2259607,0.4072886,-0.5117615,-0.95351934,1.2011645,0.116381995,0.13501957,-0.9429008,0.26163343,0.29081553,0.3805914,0.111818045,0.97343516,0.6162784,-0.5834327,-0.29714787,-0.6344055,0.54147035,0.45651248,0.06955588,-0.53781104,0.053218804,-0.03263542,0.008223117,-0.684867,0.8173943,0.39974678,0.27446356,-0.5251484,-0.26451775,-0.06941262,-0.03976368,-0.2449854,-0.008170624,0.102861315,-0.30400056,-0.18810087,-0.04514064
17,-12.757498,-2.3499303,1.3255022,-0.04026847,0.626152,1.2235409,-3.6242926,-1.1877282,1.7234144,-4.4401927,2.8286986,0.6161697,1.9384923,0.018937545,-1.330156,0.7311693,-2.8686872,8.004798,-0.02385784,-1.8053038,1.5649569,-0.19220512,0.065885186,-0.39527127,-3.3227324,-1.1429089,1.0088147,-0.28945345,-1.0991884,1.2545964,-0.6806494,0.79174316,1.2666593,-0.7303636,-0.8637868,-0.7229339,-1.4361198,-0.7235676,-0.43896347,-0.2663415,0.56634116,-0.49836403,0.15356384,2.2421598,0.64132893,-0.67733496,0.18221156,0.4141872,0.9003164,-0.5274643,-0.17457929,-0.4541989,0.1412628,-0.75309646,-0.72053444,-0.36374342,-0.066594176,-0.4504642,0.8467271,-0.00893759,0.011876421,0.27634996,-0.20127857,0.9052992,-0.14230284,-0.14871952,-0.019444177,0.2526168,-0.33370075,0.42050844,-0.5988682,-0.21392184,-0.5778931,-0.17640907,-0.0744056,0.361624,-0.4225483,0.10349469,0.19591184,-0.41015208
18,9.382205,1.2925485,0.012100536,-0.33517188,-2.9365396,-1.4722412,4.8596497,-0.96278137,-2.6937058,2.578988,-2.661086,-0.3312778,2.5454614,2.9080644,0.9319734,-2.190491,0.6454259,-0.02385784,8.541092,-4.392421,2.3043802,-1.0536568,0.9785812,-0.8470763,-1.0344055,0.41751367,-0.33179903,1.0371993,0.64709747,0.326948,-1.856735,0.7209259,0.4583361,-0.18507937,-0.6333802,-1.8342427,-0.8596513,-0.17222139,-0.035381578,0.6379596,0.46219644,0.1112939,-0.21476519,0.8787054,0.3243978,0.9862627,-1.1112653,-0.05077403,-0.6216551,-0.09655806,-0.618156,0.5389436,-0.3847127,0.10969901,-0.16885781,-0.38962024,-1.7703464,0.23765725,-0.124105126,0.395729,-0.7848016,0.20809393,-0.04634435,-0.39085686,0.39196265,0.3936926,-0.23858997,-0.039923184,0.21207955,0.07753916,0.22999582,-0.0788031,0.100863755,-0.84969866,0.02133426,-0.26711023,0.12885238,0.40527815,0.46573424,0.1603703
19,-7.186962,0.2294504,-0.062526524,0.75591207,2.262744,1.603683,-4.346513,3.3852904,2.54485,-4.6090717,1.8425202,-0.26172814,-6.0539255,-2.5904174,1.6580241,0.059472337,-0.24387181,-1.8053038,-4.392421,11.545674,-2.3440278,0.7119541,0.8180467,0.29606336,2.2349648,0.13714725,-2.9488087,0.91990244,0.14219436,0.98308384,0.15596974,-0.348518,1.4632623,0.612038,-1.0068334,0.3276122,0.28146422,1.5572438,-0.7506776,0.6638954,-0.78792965,-0.3248632,0.09107377,-0.16843748,-0.056589782,-0.41007078,0.25733918,0.22490205,-2.0011964,0.69890535,0.16557813,0.08485784,-0.018762864,0.34273472,-0.18698668,0.16118202,-0.15734062,-0.4409771,-0.12084437,0.3832245,-0.08314625,0.3843397,0.37257424,0.46832025,0.31780058,-0.064567715,-0.6555767,-0.13320503,0.54229295,0.11836159,0.1897575,-0.11070762,-0.27199984,-0.032747157,0.015153299,0.20401853,-0.0444431,0.21835354,0.23718992,-0.062615
20,5.8025455,0.074550256,3.3936653,0.7724161,-3.9166923,1.3663841,1.122393,0.6942926,-5.521926,0.11537312,0.7112159,0.8765888,-0.8145467,-0.30184835,0.7893188,-3.2187767,-2.289122,1.5649569,2.3043802,-2.3440278,7.198739,-1.5074018,0.50059915,0.78883207,-1.3521085,0.6686353,-0.51305795,0.61786747,-2.2932882,-0.30154186,0.21141203,1.1990025,0.49497727,-0.24160294,0.46075886,0.99137914,-0.15677685,0.72782356,0.41152462,-0.39949405,-0.020623231,0.4017748,1.3492959,-0.111423984,-0.77959454,-0.64659965,-0.47661304,0.45577353,-0.8637438,-0.6279582,0.802822,0.4994896,-0.89543796,-0.54392076,0.6324463,-0.17944261,-0.30109793,-0.06741157,1.171072,0.5720941,-0.87197715,0.022817332,0.09753746,-0.5457855,0.10161635,0.0306951,0.27504134,0.16182,-0.42544252,-0.12505102,-0.15878575,0.21118855,-0.16495153,-0.34468153,0.09281146,0.534624,-0.08519302,-0.06574265,0.11079195,-0.19843408
21,6.3912363,2.897954,-0.073334865,-0.27820343,-0.91706157,-0.45774725,-0.4062398,-2.0399294,1.0489442,-0.75364816,1.0610366,1.4872569,0.4827667,1.501771,-4.6280017,1.081848,0.8795625,-0.19220512,-1.0536568,0.7119541,-1.5074018,6.330404,0.61647844,-0.15086168,0.17838655,-0.36921406,-0.19000414,-0.24473381,0.14034933,0.30610085,-1.2258962,1.3128654,-1.0690539,0.7440608,0.06815002,1.2527206,0.521703,1.6015725,0.4353519,0.73562217,1.424996,0.7904886,0.7389971,-0.15314838,0.6377065,0.8775479,1.2487876,0.19569668,0.39252377,1.4526803,0.7482934,0.54700375,0.22597885,-0.38851684,-0.22969879,-0.14455289,0.7017355,-0.407645,-0.4021087,-0.059582897,0.35474533,0.36191386,-0.40606618,0.10906995,0.18598458,-0.0716669,0.5755167,-0.33354136,0.64066064,0.20416108,0.523329,-0.61246765,-0.0061137322,0.034156457,-0.5638445,-0.000558738,-0.24160664,-0.17234945,0.5787631,-0.0877845
22,5.688818,2.5904832,-2.589049,0.6914897,-0.8194685,-0.70513666,-0.05073732,3.273056,2.710654,2.4359407,-2.0548344,-0.41841102,-2.6655946,-4.5823336,-0.9528252,-3.5970025,-1.7787327,0.065885186,0.9785812,0.8180467,0.50059915,0.61647844,5.971063,-0.050988898,-1.0048302,-0.23963538,1.1885933,0.09441152,1.4722791,0.68845546,-1.6063967,0.9021833,-1.0745113,0.50027335,1.3601657,0.44102252,-0.2665879,1.8457966,-0.45260563,0.6324899,0.820799,-0.60141027,-0.92760056,0.5719938,-0.15329,-0.96110266,-0.0006965429,-0.36415398,0.37255448,-0.23645367,0.15095922,-0.09295397,0.30595502,0.006263885,-0.050004356,-0.26674554,-0.36409944,-0.18408588,0.61486185,0.7523868,-0.30242372,0.4062701,0.019831821,0.2445499,-0.576885,0.24550709,-0.3941197,-0.36378974,0.3734755,0.3213603,-0.119502224,-0.08502129,0.26141766,-0.14209902,-0.25451064,-0.08551118,-0.028398868,0.21510912,0.21181159,-0.08714478
23,-4.4450493,-1.8455019,3.4328125,-1.3112265,-2.2188513,2.565226,-1.1512051,0.23404953,-1.8467839,-0.6577438,-2.5633798,-1.1744411,0.91187596,-1.5462875,2.2926595,-0.84398854,-2.1492982,-0.39527127,-0.8470763,0.29606336,0.78883207,-0.15086168,-0.050988898,8.045519,1.713064,0.96120906,1.1673903,-0.25451404,-0.8744515,0.7620741,3.514697,0.5621944,-2.0210714,-0.5502631,-0.0073128175,0.72467065,0.6322693,-0.18333705,0.9679559,-0.2781099,-0.72893715,-0.21977514,0.41261142,-0.0074941018,1.057769,-0.93041027,0.44178605,0.39936662,0.2000966,0.68149245,-0.09110741,1.2612021,0.028290946,0.47986597,-1.0718056,-0.19909656,-0.1521509,0.07877807,0.40899247,0.4952317,-0.16291425,0.83127487,-0.16337436,-0.03453786,0.4089787,-0.4096896,-0.16243471,-0.02473927,-0.16811557,-0.09875034,0.08258732,-0.47557104,0.22815493,-0.4365121,-0.26368886,-0.18248677,-0.13245812,-0.23127097,-0.040433675,0.1550734
24,3.6735358,1.4059799,0.5440704,0.13542116,2.6127245,-2.1570117,0.97859514,-0.14280763,-2.1802459,3.6176546,-0.99113905,1.8378034,0.24271476,1.1760616,-0.03501129,-0.8104304,3.3126152,-3.3227324,-1.0344055,2.2349648,-1.3521085,0.17838655,-1.0048302,1.713064,7.070916,1.3202648,-0.16714406,-0.9768467,0.26560786,0.7801602,1.0140562,-1.5321459,-0.32627857,-1.53515,-0.5466286,1.6480174,-1.4095095,0.9296412,1.317927,-0.47194514,0.29863214,0.2979468,0.26013783,-0.6005751,-0.7234229,-0.33141273,0.14257321,-0.7573687,-1.5026921,0.11962429,-0.38875782,-0.03849447,0.8016039,0.06105791,-0.23046872,-0.78809893,-0.3108379,-0.03739487,-0.192213,-0.08100051,0.2811877,0.27018374,-0.14171027,0.2252132,-0.14795774,0.06244783,-0.4226215,0.128814,-0.43481898,-0.057817206,0.40714836,-0.14110905,-0.079196446,-0.21860382,0.14408396,-0.0881076,0.11937234,-0.12038404,-0.0120302625,0.17768432
25,2.685275,1.4028928,-2.3522243,-0.85303295,-3.2423172,0.8424984,-1.2462237,-1.0852605,1.5824931,-2.433148,1.8526452,-3.6319566,3.1124163,-0.4708649,1.5227549,0.20293716,-0.4965627,-1.1429089,0.41751367,0.13714725,0.6686353,-0.36921406,-0.23963538,0.96120906,1.3202648,7.786158,-0.6722464,1.0721319,1.4177144,-0.16935816,0.5803916,-0.8186898,-1.0779388,2.074495,-0.4867049,0.28772062,-1.0937259,0.017865852,0.23019236,0.12894571,1.1210692,0.40907902,1.3459907,-0.7823446,-0.86992663,-0.07470921,-0.75208604,-0.28342566,0.010502417,-1.0580516,0.5598686,-0.30252463,1.6840905,0.85607314,-0.07624374,0.39878756,0.11577235,0.63423455,0.15108916,0.47194308,-1.0520898,0.10024808,-0.27324677,-0.065027386,-0.038948208,0.37717852,0.064358264,0.23157439,0.060606316,0.0028036823,0.61235535,0.115534425,-0.010417871,-0.1729092,-0.017155137,0.046877794,0.11105989,0.008705089,0.061590057,0.0821308
26,0.85968864,-0.48650503,-0.16738309,-0.82476807,0.8448417,0.03315885,-0.52394694,-1.870919,1.3594234,1.2744049,-0.80736446,1.2565148,0.63236654,-3.3469179,-2.1847863,0.25689268,-1.4371645,1.0088147,-0.33179903,-2.9488087,-0.51305795,-0.19000414,1.1885933,1.1673903,-0.16714406,-0.6722464,5.947751,-1.5696237,0.73607814,-0.825912,0.82139504,0.35107136,-1.4453274,-0.72305477,1.6277988,-0.19116783,-1.1554952,-1.156835,-0.4923509,0.15179011,-1.2175162,0.19470492,0.5152147,-0.50962245,0.18132532,0.31259382,-0.14930087,-0.7513998,0.119979054,0.09984374,-0.023148423,-0.5597078,0.30664784,-0.6554695,0.4960981,-0.48080882,0.083845876,0.7563171,0.54121065,-0.8514465,0.009737894,0.3618459,-0.35849106,0.17437887,0.064184785,-0.037168086,-0.6659746,-0.2250922,-0.19917536,0.689114,0.2916921,0.04879373,0.2544467,-0.0994163,-0.4314637,-0.011175171,-0.076869294,0.054304905,0.027032413,-0.105688825
27,6.0160913,1.0718181,-0.035649344,-0.00085390394,-2.0648816,1.7022424,-0.6361346,-2.3642607,-2.3914385,-0.72427225,0.48528168,-0.3287391,-1.0074948,0.09214716,-0.046202447,-2.8415549,0.31906605,-0.28945345,1.0371993,0.91990244,0.61786747,-0.24473381,0.09441152,-0.25451404,-0.9768467,1.0721319,-1.5696237,5.5503187,0.022371145,0.9188597,0.6879182,1.1758862,-0.44694042,1.1157045,-2.1883492,-0.5435351,0.221342,1.1111805,-1.0391951,0.16158545,0.38190633,-0.69285727,0.5383111,-0.024900556,0.9215583,0.991133,-0.32479364,-0.1782754,0.737404,-0.52938175,-0.31201047,-0.40542454,-0.6334249,1.0374353,0.78383434,-0.25812653,0.019444093,0.43260646,-0.18839045,0.08950501,0.2720719,0.03073412,-0.5506886,-0.45238402,-0.24869625,-0.5142348,-0.5865804,0.40489334,0.16526368,-0.061598934,-0.16468704,-0.20300472,0.029938273,0.46187574,0.038588215,-0.18158461,-0.14968309,0.27948883,-0.29908866,-0.33438128
28,3.8206806,1.8081124,-2.8180609,1.4112594,0.32329327,-0.6307716,0.06156093,1.5086238,3.0427086,0.8795443,-0.31256086,-1.3162906,0.7128797,-0.28316385,0.040435784,0.3662464,0.87068397,-1.0991884,0.64709747,0.14219436,-2.2932882,0.14034933,1.4722791,-0.8744515,0.26560786,1.4177144,0.73607814,0.022371145,3.3388648,-0.03784675,-0.45453277,-0.3614629,-0.28696543,0.66075796,1.1274266,-0.083470665,0.34781238,0.94789815,-0.4530673,0.62623227,-0.19151086,-0.17605075,-0.1757294,0.64171994,-0.017596647,0.067937754,-0.8891749,-0.8363663,0.5871823,-0.04358623,-0.23570883,-0.9619988,0.64175427,0.7140975,-0.34915608,0.052819654,-0.19987565,0.6661953,-0.2505522,-0.57236516,0.088167824,-0.1797772,-0.31671458,0.21986327,0.22733602,0.2878867,-0.28192502,0.18727675,0.0048448727,-0.38631982,-0.13106593,0.28292826,0.11203864,-0.2827484,-0.5199639,-0.03299787,0.061789967,0.012844367,0.3806795,0.15006162
29,-2.1416528,-0.105865225,1.4048567,-0.47363025,0.25166953,0.43035465,-0.6605598,-1.8543844,-1.182135,0.17718741,0.01233912,1.7668843,0.04444096,0.39534655,-0.98698646,-1.1580386,1.0882077,1.2545964,0.326948,0.98308384,-0.30154186,0.30610085,0.68845546,0.7620741,0.7801602,-0.16935816,-0.825912,0.9188597,-0.03784675,3.3081238,-0.9354103,0.16047171,-0.25483066,0.5267422,-0.018891934,-0.4251957,-1.4440684,0.7975831,0.8149974,-0.05382485,-0.5050031,-1.371501,0.1969338,1.2882717,0.21476346,-0.49580592,0.828433,0.58547324,-0.18232812,-0.21878669,-0.26807898,-0.39656705,-0.29845595,0.61240745,-0.7263218,0.5000249,0.11046547,-0.34134865,0.32804954,0.2383287,-0.30877376,0.19081834,-0.30146402,0.54170597,-0.098019876,-0.27018178,-0.10899055,0.5884899,0.06126175,0.29351008,-0.090274975,-0.23586023,-0.07330456,-0.023456592,-0.019535318,-0.39850405,0.36697248,0.04238992,-0.042492323,0.2491414
30,1.8572102,-1.5742767,0.3467327,0.54464346,1.5094283,1.0577071,0.16089484,0.60228145,-1.7705662,0.3427416,0.07378997,0.8255044,-0.15228242,-0.06573379,2.6259487,0.91670144,0.75399417,-0.6806494,-1.856735,0.15596974,0.21141203,-1.2258962,-1.6063967,3.514697,1.0140562,0.5803916,0.82139504,0.6879182,-0.45453277,-0.9354103,7.21922,-0.4381776,-0.45978624,0.66038764,-0.73606884,-1.2064874,0.6077105,0.30394477,0.101600185,-0.025348514,-0.20596999,1.0180701,0.8749989,0.41300017,0.60044104,-0.7050363,-0.10095042,-0.40863946,1.312464,-0.29094392,0.5065862,0.43514383,-0.0032697702,-0.17243154,0.6493732,-0.22537234,0.1962309,-0.6937001,0.6441146,-0.74554855,0.5848485,0.12231745,-0.090720266,-0.32382292,0.23538548,0.03704629,-0.25598615,-0.28444374,0.2564919,0.2894795,-0.28967673,0.45478514,0.04019035,-0.40866712,-0.0077590826,0.30071914,-0.032089103,-0.15955524,0.07194778,-0.34879786
31,2.224625,2.0336895,0.14865157,-0.029191244,-2.850731,0.61371124,-0.36776966,1.1726743,-1.0659478,-2.2503715,-0.3583269,-1.5072215,0.68324304,0.7418865,-1.3431184,-2.3529572,-0.85845983,0.79174316,0.7209259,-0.348518,1.1990025,1.3128654,0.9021833,0.5621944,-1.5321459,-0.8186898,0.35107136,1.1758862,-0.3614629,0.16047171,-0.4381776,4.043594,0.030846316,0.38128555,-1.4645023,0.3479305,1.2455996,0.6899692,1.0801694,0.92755365,-1.4707019,-0.45466477,-0.3348721,-0.07692836,-0.01179338,0.030516386,0.383902,-0.38843232,0.23214118,0.48901117,0.15751368,-0.62290716,0.120117515,-0.5669339,0.28800055,-0.4636565,0.11325465,0.07109688,0.06090738,0.16941822,-0.1049092,0.2369394,-0.14895302,-0.5716042,0.45449984,0.18467695,0.33560938,-0.13811953,-0.114426255,0.6809169,-0.116487846,-0.33202183,0.08338675,0.020752784,-0.51372194,-0.02758763,-0.19565749,-0.04674281,0.17344809,0.08335675
32,-4.6424417,-1.3796861,0.56587565,0.62348175,2.3581688,0.27454293,1.3327136,0.07686597,-0.9509779,-2.271423,1.4839747,0.2506657,-0.40683722,0.8775843,0.54508126,1.5150784,0.86499923,1.2666593,0.4583361,1.4632623,0.49497727,-1.0690539,-1.0745113,-2.0210714,-0.32627857,-1.0779388,-1.4453274,-0.44694042,-0.28696543,-0.25483066,-0.45978624,0.030846316,3.5889163,-0.60899144,-1.2425163,-0.12081976,0.5115977,0.21679324,0.034022287,-0.025405198,-0.3675866,-0.3825123,-0.4062696,0.28668243,-0.037677355,-0.14737043,-0.45524287,-0.85661435,-0.503651,-0.43058628,-0.52645445,0.44231406,0.06741332,-0.51651156,0.38526306,0.28627074,-0.39895588,0.09895402,0.1570237,0.012155918,-0.21751037,-0.28498715,0.348015,0.54186976,0.45856762,0.15255326,-0.4272955,0.31001043,-0.16285267,0.223634,-0.17273104,0.08094242,0.2612682,-0.05828264,0.03609646,0.48124242,-0.07500636,-0.30291197,0.56405795,0.061324857
33,1.6246918,-0.073353276,-0.4742957,-1.2987924,-1.0234511,0.75330746,0.2845227,-1.8063729,-0.41739824,-0.17759985,1.206075,-0.20582937,-0.01615281,-1.0944078,0.40366167,-0.60656595,-0.46702975,-0.7303636,-0.18507937,0.612038,-0.24160294,0.7440608,0.50027335,-0.5502631,-1.53515,2.074495,-0.72305477,1.1157045,0.66075796,0.5267422,0.66038764,0.38128555,-0.60899144,4.6593237,0.46717453,-2.0880103,0.08159027,0.59508216,0.75278765,0.24872962,-0.1413613,0.42547086,-0.36905408,-0.6983516,-0.2854145,0.80754197,0.24552193,0.78599346,0.4782345,0.1323198,0.17536783,-0.40397695,0.6731255,0.2760207,0.13945812,0.911672,0.95848936,-0.5590478,0.4627843,0.26315278,0.3543859,0.07120539,-0.2793749,0.1441327,0.43448395,-0.23988311,-0.32899392,-0.045489892,0.030670427,0.34700477,-0.07683997,0.30016032,3.310386e-05,-0.21406117,-0.064250425,-0.13203362,0.32626814,-0.08724334,0.18055388,0.2020641
34,5.1704063,-1.8033006,2.4271374,2.2872186,0.90120775,0.8420528,1.7586,2.019308,0.36135533,1.8561904,0.8487825,1.6208342,-1.0969704,-0.19478971,1.2023408,2.4782333,0.8011153,-0.8637868,-0.6333802,-1.0068334,0.46075886,0.06815002,1.3601657,-0.0073128175,-0.5466286,-0.4867049,1.6277988,-2.1883492,1.1274266,-0.018891934,-0.73606884,-1.4645023,-1.2425163,0.46717453,6.732075,-0.5155957,0.7609616,0.9837347,-0.44170165,-0.050505362,-0.08098516,-0.34170428,0.16061506,-0.10272272,-0.5472646,0.0030693877,0.10854793,0.7668673,-0.5583271,-0.1465623,0.27283227,-0.29937702,-0.17609933,-0.24646689,0.05017329,0.72508603,0.43430862,0.30465716,0.5028274,0.5534049,-0.35261127,-0.04165525,-0.45186567,-0.14371899,0.33667994,-0.012748564,0.16654462,0.4282186,0.17335722,-0.32624152,-0.15832135,-0.010125755,0.12152335,-0.15821615,-0.28464258,0.12520932,-0.23091978,0.3346887,-0.16228053,0.012736298
35,0.7823807,1.1289954,1.2153571,0.27648306,-1.9250232,0.55698496,-0.19007832,0.6919961,-0.4479717,0.07723214,0.051452525,-0.6547092,0.80194193,0.14577618,-1.7696103,-0.8956181,-0.01761001,-0.7229339,-1.8342427,0.3276122,0.99137914,1.2527206,0.44102252,0.72467065,1.6480174,0.28772062,-0.19116783,-0.5435351,-0.083470665,-0.4251957,-1.2064874,0.3479305,-0.12081976,-2.0880103,-0.5155957,5.741531,0.5188992,1.0011523,-0.85188186,-0.84284914,0.07156615,0.6019423,0.48437262,-0.86185193,0.29498446,-0.11507377,1.1000888,-0.66867775,0.42925692,-0.28113246,0.26660925,-0.39808792,-0.4412905,0.84216464,-0.24693695,0.08329928,-0.28166237,0.3372193,0.5367092,0.11494393,-0.37285656,-0.13887435,0.39765292,0.33436185,-0.2560628,0.16121417,0.5224008,0.015354486,-0.33663917,-0.41441673,-0.24389131,0.053811267,0.16760926,-0.013330735,-0.2804681,0.32995468,-0.074030794,-0.23425011,-0.17166126,0.19719645
36,6.247164,-0.09491673,0.5634421,2.452179,0.3528232,1.3709425,1.8139799,0.9177554,-2.3264613,-1.5521908,0.44771805,-0.7159754,-1.0368278,0.23609886,-0.9095658,0.8940424,0.43660802,-1.4361198,-0.8596513,0.28146422,-0.15677685,0.521703,-0.2665879,0.6322693,-1.4095095,-1.0937259,-1.1554952,0.221342,0.34781238,-1.4440684,0.6077105,1.2455996,0.5115977,0.08159027,0.7609616,0.5188992,6.066456,0.16167217,-0.0035863207,0.019268027,-0.41968063,-0.7078415,-0.9725896,0.5372642,-0.55273724,0.18907687,0.056193367,0.49400616,1.099124,-0.04747696,-0.41457355,0.7205219,0.80420196,0.3192499,0.16403869,-0.097849414,0.2396176,0.43530172,-0.26669317,-0.26989582,-0.18371108,0.479362,0.094880275,-0.31378675,0.29197112,0.41640502,-0.12962887,-0.34799492,-0.36421758,-0.715382,-0.15792269,0.049644195,0.094544634,0.10816285,-0.024873715,0.47016215,-0.1619304,-0.08215522,-0.14480439,0.24670605
37,8.27277,0.7650585,1.0356731,0.6569923,-0.10036965,-0.17578873,1.8291042,0.45187598,-1.1219404,0.94622815,2.2179878,1.3386409,0.10939038,1.3367944,0.35529423,-0.7419177,0.11693892,-0.7235676,-0.17222139,1.5572438,0.72782356,1.6015725,1.8457966,-0.18333705,0.9296412,0.017865852,-1.156835,1.1111805,0.94789815,0.7975831,0.30394477,0.6899692,0.21679324,0.59508216,0.9837347,1.0011523,0.16167217,4.9364357,0.21116737,-0.40600467,0.6399429,-0.1752684,-0.85987866,0.306392,0.70665765,-0.20900202,-0.49297786,-0.87638235,-0.46769196,0.0022042997,0.18561554,-0.4753996,-0.034916677,0.1684473,0.41143948,0.16573793,0.41657984,-0.33159262,0.68967474,-0.482462,-0.11074471,-0.16580716,0.08003492,-0.13060223,-0.03201209,-0.4100967,0.14851521,-0.3441913,0.18643117,0.11434614,-0.009996023,-0.0337829,-0.17774007,-0.31665492,-0.16552061,0.13690552,-0.33441284,0.1966722,0.3651048,-0.11264585
38,-1.6362484,0.8872405,0.96589994,-1.111037,-0.44598562,-0.9242524,-0.22967799,0.06977042,-2.334729,0.0018483726,-0.5575917,1.0949224,0.23823088,0.22281548,0.2751423,-0.30148894,-0.24075788,-0.43896347,-0.035381578,-0.7506776,0.41152462,0.4353519,-0.45260563,0.9679559,1.317927,0.23019236,-0.4923509,-1.0391951,-0.4530673,0.8149974,0.101600185,1.0801694,0.034022287,0.75278765,-0.44170165,-0.85188186,-0.0035863207,0.21116737,4.5138297,-0.9534834,-0.57179713,-0.675058,-0.4467396,-0.53494716,-1.0026497,-0.45426953,0.20780334,-0.55461884,0.19757521,0.041219212,0.1661557,-0.41647595,-0.036184534,-1.1122353,-0.89244306,-0.035410218,0.8793317,0.0114265485,-0.71182865,-0.06884695,-0.23553973,0.21644717,-0.13794951,-0.1511486,-0.23875362,0.41865167,-0.03011275,0.122517884,-0.083769605,-0.22612247,0.100014806,-0.080578715,0.057756133,-0.25804204,-0.045850642,-0.5293486,0.078009896,-0.040896595,0.4141279,0.032438777
39,0.016085409,2.0983229,-1.2177141,0.12728743,-0.75146276,1.3739424,0.6310617,-0.62284493,0.33512825,-1.4611247,-0.7746191,-2.099869,0.16993852,-0.5231205,-1.953471,0.14042014,2.0404906,-0.2663415,0.6379596,0.6638954,-0.39949405,0.73562217,0.6324899,-0.2781099,-0.47194514,0.12894571,0.15179011,0.16158545,0.62623227,-0.05382485,-0.025348514,0.92755365,-0.025405198,0.24872962,-0.050505362,-0.84284914,0.019268027,-0.40600467,-0.9534834,4.757056,0.073670335,0.5778408,0.36749431,-0.07122269,-0.4714707,-0.9081813,-0.7304201,-0.10938431,-0.18516386,0.96968645,0.40833193,-0.002051334,0.20718056,-0.40350577,0.38890925,0.2971608,-0.7373233,-0.96209604,0.11376388,-0.06983699,0.20215453,0.4904042,-0.04382515,-0.5223927,-0.029478714,-0.009057229,-0.0041092844,1.0190065,-0.04542163,-0.32024303,0.0036234495,-0.47790682,-0.00046351098,-0.040795412,-0.15810215,0.3385202,0.3687842,0.030121613,-0.0721152,0.17948169
40,2.004723,0.38943356,-1.086596,0.16961974,0.49014384,-0.12535718,-0.39920825,-1.2580571,1.2091262,0.07832813,0.5077733,0.36205116,-0.8317128,-0.59952295,-0.091188654,0.89646614,-0.3106435,0.56634116,0.46219644,-0.78792965,-0.020623231,1.424996,0.820799,-0.72893715,0.29863214,1.1210692,-1.2175162,0.38190633,-0.19151086,-0.5050031,-0.20596999,-1.4707019,-0.3675866,-0.1413613,-0.08098516,0.07156615,-0.41968063,0.6399429,-0.57179713,0.073670335,4.942457,0.15093103,-0.15121457,0.35220975,0.5808642,0.58335567,0.30148223,-0.5096406,0.79288673,-0.1495683,0.18465644,0.9353976,0.36442578,-0.6458865,-0.1249689,-0.5147513,-0.28509736,-0.42903626,0.15350008,0.9337711,0.42899498,0.016729597,-0.45762625,-0.20630401,-0.39846915,0.19235206,0.17810124,-0.03549113,-0.38118255,-0.63326526,0.40295523,0.1487081,0.0901485,-0.1637518,0.58773863,0.14226288,0.007341557,0.21731874,0.18192977,-0.14337647
41,-1.8371851,-1.0645934,0.91907084,-0.6857412,-0.046226546,-0.3020646,0.25293475,-0.48116696,-0.412546,1.2685106,-0.0151601555,0.053978506,-0.23372118,-0.07482885,1.0268254,0.17103119,-0.954862,-0.49836403,0.1112939,-0.3248632,0.4017748,0.7904886,-0.60141027,-0.21977514,0.2979468,0.40907902,0.19470492,-0.69285727,-0.17605075,-1.371501,1.0180701,-0.45466477,-0.3825123,0.42547086,-0.34170428,0.6019423,-0.7078415,-0.1752684,-0.675058,0.5778408,0.15093103,3.875045,-0.46139097,-0.41309193,-0.3639478,0.93589413,-0.13921776,0.39353037,-0.11501667,0.3263642,-0.19963059,-0.7841425,-0.20855322,0.34879947,0.0022602975,-0.49202347,-0.19817337,-0.7829145,0.19968541,-0.3140357,0.32575506,0.6635244,0.4110883,-0.12782903,-0.07025581,0.17976174,0.6608849,0.26247242,0.47188276,-0.023442268,0.236561,-0.13832006,-0.23327428,-0.31598783,-0.2685963,0.41275585,-0.18048748,-0.36457354,0.16146131,-0.24203902
42,6.58926,2.712212,-0.7515166,2.0769365,-2.0143242,0.70789087,-2.1662993,0.3636026,-0.021287274,-0.8061598,0.036273096,1.0981038,-1.0115353,0.43120933,-1.6097536,-0.19586268,1.2259607,0.15356384,-0.21476519,0.09107377,1.3492959,0.7389971,-0.92760056,0.41261142,0.26013783,1.3459907,0.5152147,0.5383111,-0.1757294,0.1969338,0.8749989,-0.3348721,-0.4062696,-0.36905408,0.16061506,0.48437262,-0.9725896,-0.85987866,-0.4467396,0.36749431,-0.15121457,-0.46139097,4.1443167,0.20148107,0.013299898,-0.20018241,0.20277111,0.30503333,0.16344447,0.28642246,0.84099376,0.55776167,-0.37693018,-0.011883343,-0.18266788,0.39472523,-0.2119214,0.7275672,-0.099044636,-0.3537966,-0.20293295,-0.9026726,-0.5159985,-0.014470602,0.11991609,-0.0035019123,-0.09835951,0.26565793,0.18759206,0.017009474,0.18348506,-0.0035782424,-0.09963566,-0.19834608,-0.30465418,0.43273473,-0.022705216,-0.042397454,0.14912581,-0.19775996
43,-1.0438085,-0.06703089,-1.2993982,2.2214556,1.1407416,-0.29409558,-0.82829404,1.7415695,1.2154876,-0.172394,0.47239202,0.7851744,-0.5579914,0.4495501,-0.44221866,0.05011318,0.4072886,2.2421598,0.8787054,-0.16843748,-0.111423984,-0.15314838,0.5719938,-0.0074941018,-0.6005751,-0.7823446,-0.50962245,-0.024900556,0.64171994,1.2882717,0.41300017,-0.07692836,0.28668243,-0.6983516,-0.10272272,-0.86185193,0.5372642,0.306392,-0.53494716,-0.07122269,0.35220975,-0.41309193,0.20148107,4.6062546,0.16080502,-0.89424,0.37334704,0.7513734,-0.039930277,-0.71643794,0.07628818,-0.3641437,-0.01519989,0.5989978,-0.113019705,-0.76307136,0.049751826,0.16005236,0.044633556,-0.62123924,0.18445799,0.21170498,-0.19016607,-0.23781136,0.14469752,0.1679288,0.277217,0.14216417,0.03272749,-0.106228724,0.4478444,-0.13466993,0.098398715,-0.78629565,0.20870978,0.055586204,-0.010673454,-0.33720875,0.0528925,0.05783248
44,-2.0661128,-1.4011688,1.9642651,-1.4172289,0.120047465,0.94806874,-0.58787715,-1.8430564,0.5546429,0.19435605,-0.5526817,0.88002616,0.10861434,1.1827537,1.0259826,1.2173946,-0.5117615,0.64132893,0.3243978,-0.056589782,-0.77959454,0.6377065,-0.15329,1.057769,-0.7234229,-0.86992663,0.18132532,0.9215583,-0.017596647,0.21476346,0.60044104,-0.01179338,-0.037677355,-0.2854145,-0.5472646,0.29498446,-0.55273724,0.70665765,-1.0026497,-0.4714707,0.5808642,-0.3639478,0.013299898,0.16080502,3.789978,-0.11491744,-0.5669186,-0.22354877,-0.14389005,-0.10645029,-0.22276756,0.3071076,-0.3894133,0.2048122,-0.45327237,0.56598735,0.10904993,0.48116183,0.14926805,0.14026517,0.4656865,0.13717014,-0.33086017,-0.36540103,0.26109606,-0.41189906,0.16332021,-0.37866622,-0.22069642,0.13434038,-0.080601215,-0.37864172,0.20437464,0.26156604,-0.5351781,0.1644301,0.18920186,0.5023055,0.15248097,-0.04479088
