,0,1,2,3,4,5,6,7,8,9,10,11,12,13,14,15,16,17,18,19,20,21,22,23,24,25,26,27,28,29,30,31,32,33,34,35,36,37,38,39,40,41,42,43,44,45,46,47,48,49
0,0.09136467,-0.014283213,-0.007852757,-0.008362667,0.00791865,-0.010822931,0.003754404,0.007812887,-0.0075960606,0.0011023949,-0.00023162976,-0.01666043,0.003683796,-7.316796e-05,0.00975825,0.0079614185,-0.017281968,0.0009327427,-0.001992809,-0.0028972744,0.0011581084,-0.004791579,-0.0033316924,0.0016560098,0.0036515486,-0.00013518524,0.00052067183,0.0024738882,0.00017687024,0.0009793777,0.0013140378,-0.0024514468,0.00079397473,-0.0013548492,0.00046598478,-0.0009563302,-0.0012179548,0.00092140434,-0.0003115992,-0.0013297419,-0.00059023895,0.00034592347,0.0011941334,-0.00048459764,0.00085541635,-0.0011679509,-0.0004308881,0.00058988645,-0.00020527666,-0.00081265613
1,-0.014283213,0.0047204434,-0.0003950892,0.0003436922,-0.0005692942,0.0021042677,-0.00077439635,-0.0013609978,0.0011915617,-0.00084803114,0.0012073522,0.0017541323,-0.00048899744,-0.0010770162,-0.002404417,-0.0013304527,0.0018046278,6.9664144e-05,-0.0012113301,0.0006940203,-0.00022218637,0.001259391,0.0011282796,0.00016700575,-0.00035671433,-0.0009179887,-0.00032847322,-0.00072008686,-0.00019899521,-0.00044109614,-0.00028494775,0.0009756229,0.00045617513,0.0007408279,-4.252237e-05,0.0006298687,0.0006541102,0.00016767939,-5.0639042e-05,0.00035263147,-0.00024653348,-9.979884e-05,-0.00015818665,-7.031004e-05,-6.51263e-05,0.00017250128,-0.00023694485,-0.00028201405,-2.415763e-05,0.00027701742
2,-0.007852757,-0.0003950892,0.0043278425,0.0018880663,-0.0014680808,-0.0023761517,-4.0982915e-05,-0.00089139445,-0.0025541768,0.0025606754,-0.00021014808,0.002436989,0.0014226013,0.00059188914,-8.150408e-05,-0.00017446984,0.002246236,0.00038933725,0.0019493058,-4.954837e-05,0.00043277437,0.0002113388,-0.00010005456,-0.0001059642,-0.00057094806,0.00064894673,8.147048e-05,0.00018515276,0.0004369989,0.00011897263,6.157253e-05,1.491898e-05,-0.00045174058,0.00035167462,-4.2337317e-05,5.73293e-05,-6.7825524e-05,5.338988e-05,6.959144e-05,0.00012822216,0.0004000073,0.00038458128,0.000113143076,0.00027776248,0.0001625465,0.00011898177,4.1912528e-05,9.41776e-05,8.4739324e-05,6.848729e-05
3,-0.008362667,0.0003436922,0.0018880663,0.0023397866,-0.00046268338,-0.00078644766,0.0003599,-0.00055659586,-0.0013503528,0.00014345365,-0.00083402114,0.0016441339,0.0015100368,-0.00013751141,-0.00022510168,-0.0004418337,0.0021368463,-0.00013115199,0.000731559,0.00043441443,-0.0001857067,5.746015e-05,0.0001455878,-0.0005538665,-0.0009065627,0.00032304035,0.0001265439,0.00019281846,-0.00021577178,-5.1181305e-05,-0.00020576402,0.00016797504,-0.00020227564,-0.00021547903,-0.00012673013,-9.585201e-05,-3.4609257e-05,-0.0003375423,6.1314568e-06,0.00011342611,-2.915498e-05,-6.514787e-05,0.00011866212,1.5296784e-05,-0.00011713308,0.00023906145,0.00018026619,4.27737e-06,-3.950786e-05,-5.6941786e-05
4,0.00791865,-0.0005692942,-0.0014680808,-0.00046268338,0.0026364292,-0.00110521,0.0008329476,0.0011421428,-0.0009999655,-0.0015335351,-0.00053152954,-0.0013982819,0.002057761,-0.0011192664,0.00024878894,0.0014309224,-0.0016719965,-0.0001487299,-0.00075454125,-1.9875035e-05,-0.00050388265,0.0001482464,-8.409958e-05,0.00021162734,0.0001776471,-1.2699891e-05,-0.00016900827,0.00014554584,-0.0002772053,-0.00012023006,-0.00029324094,-4.9201386e-05,0.00024125625,-0.00039593768,-0.000101890786,-0.00012407181,0.00042786557,0.00023502618,-2.7483184e-06,-0.00016720776,-0.00021979732,-6.99927e-06,0.0001593274,-0.00013037774,-4.330393e-05,-0.00031667468,-0.00011958582,-6.744216e-05,1.01229325e-05,-0.0002889693
5,-0.010822931,0.0021042677,-0.0023761517,-0.00078644766,-0.00110521,0.008252487,-0.0020710388,-0.00076994626,0.008783351,-0.0015997011,0.001910594,0.0025352254,-0.004255022,0.0010297874,-0.0020011794,-0.0019021673,0.001216097,-0.0016653792,-0.0012085597,0.0003014697,-0.0007671102,0.0007763929,-0.0002382497,-0.00040452564,7.5762124e-05,-0.00065200985,0.00026619696,-0.00024701472,-7.1250994e-05,0.00011477007,-0.00070946565,-0.00025625416,0.00024420526,-0.00055095716,-0.00021103429,8.879088e-05,-0.00020982669,-0.00016556255,-8.139475e-05,0.00015640652,0.00029556025,-0.00055236224,-0.0006167249,-0.00022871973,-0.00029548426,-0.00015523931,0.0002477884,-0.00033754317,0.00018895979,6.1293875e-05
6,0.003754404,-0.00077439635,-4.0982915e-05,0.0003599,0.0008329476,-0.0020710388,0.0016398571,0.00030588324,-0.0033239564,-0.0011189922,-0.0020864867,-0.0012838725,0.0016955717,-0.00088624505,0.00082421966,0.00038330947,-0.00019862456,-8.010312e-07,0.0002171042,0.0005320502,-0.000510284,-0.0006888229,4.632272e-05,0.0003144727,-0.00061871513,0.00032747138,0.00019870696,6.472503e-05,4.1334217e-05,-7.0326126e-07,0.00025253708,0.00021806898,-1.7522609e-05,-0.00022493818,-3.1867065e-05,-0.00029808073,7.223244e-05,-0.00014202466,2.4828822e-05,-0.000109746295,-0.00015765836,0.00011670607,0.00022815177,0.00013898377,-4.11621e-05,4.1179635e-05,-0.0003357572,0.00015463907,-2.78538e-05,-9.852866e-05
7,0.007812887,-0.0013609978,-0.00089139445,-0.00055659586,0.0011421428,-0.00076994626,0.00030588324,0.0011776863,-0.00016549724,-0.00056719425,-0.0007978175,-0.0013353082,0.0007261316,-0.00013379677,0.0007269458,0.0010537505,-0.0015024801,4.2616535e-05,-0.000118384676,-0.0004021235,6.130466e-05,-0.00020128136,-0.0003280061,-0.00015293507,0.0001940279,-2.0223953e-05,-9.871373e-05,0.00017598638,0.00019867753,-8.677697e-06,-0.00022622998,-0.00036043342,0.00015400132,-0.00025658682,7.664347e-05,-0.0001339731,-2.4649536e-05,0.00022570105,3.951084e-05,-0.00020130607,-9.16198e-05,1.26143495e-05,-1.2142336e-05,-0.00010048061,6.806261e-05,-0.00023201448,0.00011741812,2.8218657e-05,-8.5900676e-05,-0.00021795454
8,-0.0075960606,0.0011915617,-0.0025541768,-0.0013503528,-0.0009999655,0.008783351,-0.0033239564,-0.00016549724,0.013912221,0.0019105463,0.0062403725,0.0012336664,-0.006984744,0.0023318715,-0.0027003125,-0.00072354596,0.00014756202,-0.0013969216,-0.00095952477,-0.0005250671,-0.0009816416,0.0013716456,-0.00086066587,-0.0011877837,4.8762526e-05,-0.00043847167,-3.0776744e-05,-6.290163e-05,-5.2201125e-05,0.00031989405,-0.0009137103,-0.0002960146,0.00065226847,-0.0005423683,-0.00016992734,-0.00027798582,-0.00023230698,0.00014110279,-2.9229966e-05,0.00022793876,0.00039176512,-0.00023172375,-0.0006286851,-0.0002584724,-0.0003819506,-0.0003222482,0.0007122097,-8.405262e-05,6.370126e-05,-0.0002750829
9,0.0011023949,-0.00084803114,0.0025606754,0.00014345365,-0.0015335351,-0.0015997011,-0.0011189922,-0.00056719425,0.0019105463,0.0077808625,0.006420887,-0.00053000305,-0.0023700271,0.0018442896,-0.00073081127,0.0006192384,-0.0006339854,0.0009984665,0.0015695251,-0.0005844039,-8.204501e-05,-0.00046441765,-0.0009137587,0.0001386989,-0.0003237894,0.00025110683,0.0006519739,0.00043677876,0.00035978638,0.0002171603,0.00011355836,0.00030860025,0.0002467683,0.00031934638,-0.00012264613,0.00013378204,-0.00026864506,5.9058453e-05,-0.00026235537,0.0002782199,-3.074357e-05,0.00040621427,0.00022197588,-9.1390975e-06,0.0002887222,0.0002483545,5.8610487e-05,7.378306e-05,0.00010003079,9.253393e-05
10,-0.00023162976,0.0012073522,-0.00021014808,-0.00083402114,-0.00053152954,0.001910594,-0.0020864867,-0.0007978175,0.0062403725,0.006420887,0.010037783,-0.00041492295,-0.0034995326,0.0011036705,-0.0025129123,0.00014344686,-0.0015336055,0.00044941867,-0.0008432879,-0.00030351948,-0.00044135767,0.0007410529,-0.00014275752,-0.00010667063,0.00034540205,-0.0003697049,2.989257e-05,0.00030683144,-0.0009244286,0.00021833862,-9.539486e-05,0.00035327254,0.00040484208,-0.0001070569,-0.00046028534,0.00016203131,-0.00012261783,-1.3390978e-05,-0.0002955016,0.00032023445,-0.00022651709,0.00014038254,0.00040603138,-0.00019559546,5.4960703e-05,0.0003291085,3.386049e-05,-3.3610982e-06,0.00019904845,0.00016937988
11,-0.01666043,0.0017541323,0.002436989,0.0016441339,-0.0013982819,0.0025352254,-0.0012838725,-0.0013353082,0.0012336664,-0.00053000305,-0.00041492295,0.00656628,0.0010042393,0.00025621397,-0.0018346122,-0.00093578594,0.0030028904,-0.00021584841,0.000996494,9.832243e-05,0.00032383628,0.0013493777,0.0005022174,0.00016095699,0.00062395027,0.00043571665,-4.3134558e-05,-0.00012065392,4.3730623e-05,-0.00021334284,-0.00062758813,7.7928984e-05,-0.0005703982,-0.0003629626,-0.00016524465,0.00036153372,4.9987284e-05,-0.00039863336,-0.00023915671,0.00020385324,0.00029652572,-0.0003560923,-0.000306111,0.00015416105,-9.486508e-06,0.00010793701,0.00013280378,-0.0002546846,0.00016374992,0.000261307
12,0.003683796,-0.00048899744,0.0014226013,0.0015100368,0.002057761,-0.004255022,0.0016955717,0.0007261316,-0.006984744,-0.0023700271,-0.0034995326,0.0010042393,0.008302604,-0.002015742,0.0017020677,0.00068197,-0.00094379985,-0.00043576304,-0.00020028625,0.00033592858,6.9263435e-05,-0.00024441368,0.00069069804,-0.00046946952,0.00016738224,-0.000119794895,-6.235138e-05,-0.00026610855,-0.00023458581,-0.00034559204,-0.00056976173,0.000511936,0.00031045143,-0.00021061131,-0.00026777913,0.00042465638,0.00011335882,-7.248299e-05,-0.00019202182,-3.4633806e-05,-5.8344303e-06,6.799e-05,0.00029648026,-0.00014818239,0.0001775382,6.532726e-05,2.5661415e-05,-5.6014338e-05,0.00019737057,2.0652283e-06
13,-7.316796e-05,-0.0010770162,0.00059188914,-0.00013751141,-0.0011192664,0.0010297874,-0.00088624505,-0.00013379677,0.0023318715,0.0018442896,0.0011036705,0.00025621397,-0.002015742,0.0021834485,0.00075732416,-0.00019459715,-8.9782145e-05,0.0002414101,0.00030472956,-0.00012316325,9.60156e-05,-0.00025839274,-0.0008050031,-0.00018226229,0.00035302853,0.00064840395,0.00024769595,1.3119297e-05,0.0003099195,3.29529e-05,8.413528e-05,-0.00015614557,-0.00035817665,-0.00011546032,0.0003657694,-3.2446493e-05,-0.00023803201,-0.000121390316,-3.5097935e-05,0.00018051738,0.00027852063,-4.1781826e-05,-0.00039389794,-0.00017630182,-1.8942454e-05,3.789024e-05,0.000357082,-6.67596e-05,3.1970805e-05,-0.00016218665
14,0.00975825,-0.002404417,-8.150408e-05,-0.00022510168,0.00024878894,-0.0020011794,0.00082421966,0.0007269458,-0.0027003125,-0.00073081127,-0.0025129123,-0.0018346122,0.0017020677,0.00075732416,0.0035991725,0.00021249133,-0.0014930668,-0.00018057684,-0.0003488648,-7.1482405e-05,0.00024277472,-0.0010956235,-0.000939977,-0.00019062906,3.0642957e-07,0.00019745671,0.00017917043,0.0002360582,0.00012625798,-0.00019769376,0.0004758481,-0.00017916961,-9.891663e-05,4.5636785e-05,0.0003745007,-5.98567e-05,-0.00039737322,-0.00021120108,-0.00015323047,7.580731e-05,0.00038888556,8.881099e-06,-1.7734077e-05,-0.000118198455,-9.61506e-05,0.000116354866,0.00021847335,-3.2448725e-07,-4.8514026e-05,-0.00010802079
15,0.0079614185,-0.0013304527,-0.00017446984,-0.0004418337,0.0014309224,-0.0019021673,0.00038330947,0.0010537505,-0.00072354596,0.0006192384,0.00014344686,-0.00093578594,0.00068197,-0.00019459715,0.00021249133,0.0024556522,-0.0014139652,0.00037904392,0.00064301514,-0.00053974905,0.00011601922,7.980456e-05,-0.00026301888,0.00040339795,0.00031058554,0.00022584054,5.1708543e-05,0.000102769656,0.00039592464,-1.0061419e-05,-3.6434965e-05,0.00011841007,-0.00015952223,-0.00022301945,9.714237e-05,-0.00016103208,0.00030240152,0.00038967005,-0.00010261417,-0.00010375711,-0.00026233905,0.00019730194,0.00019931217,7.7056284e-05,5.7404045e-06,-0.0001761925,-2.648839e-05,1.49582875e-05,-2.2756512e-05,-0.00027280799
16,-0.017281968,0.0018046278,0.002246236,0.0021368463,-0.0016719965,0.001216097,-0.00019862456,-0.0015024801,0.00014756202,-0.0006339854,-0.0015336055,0.0030028904,-0.00094379985,-8.9782145e-05,-0.0014930668,-0.0014139652,0.0047914595,-1.8969895e-05,0.0011608436,0.00046675254,-0.00017071588,0.000486017,0.00046165183,-6.8345245e-05,-0.001042028,1.7175404e-05,0.00017707197,0.00017522901,0.00023531743,9.604585e-05,0.00016237215,7.872848e-05,-0.00036332337,9.676502e-06,8.443104e-05,5.3898042e-05,0.00022361439,-0.00013465741,0.00028649805,0.00018574201,0.0003344381,-1.0161927e-05,-9.118399e-05,0.0001785529,-0.00032931427,0.00014029825,0.000110610505,-2.0452539e-05,-3.3513814e-05,0.00014194712
17,0.0009327427,6.9664144e-05,0.00038933725,-0.00013115199,-0.0001487299,-0.0016653792,-8.010312e-07,4.2616535e-05,-0.0013969216,0.0009984665,0.00044941867,-0.00021584841,-0.00043576304,0.0002414101,-0.00018057684,0.00037904392,-1.8969895e-05,0.0024249998,-3.8838418e-05,0.000104906394,0.00025393773,0.0003759943,-0.00012079101,0.0010741738,0.00034188095,0.00018378072,-0.00031169062,7.0281894e-05,0.00035635295,-0.00034997053,0.00029483598,-0.00022484835,-0.0004103004,-0.00016586178,0.0004449248,0.00028292224,0.00020821547,6.608882e-06,-7.5148773e-06,-3.704441e-05,-0.00025972683,-8.598392e-05,-3.7646285e-05,-5.131958e-05,9.19146e-05,0.00017610658,-2.0044517e-05,1.7958793e-05,-0.00013108904,-0.00010948969
18,-0.001992809,-0.0012113301,0.0019493058,0.000731559,-0.00075454125,-0.0012085597,0.0002171042,-0.000118384676,-0.00095952477,0.0015695251,-0.0008432879,0.000996494,-0.00020028625,0.00030472956,-0.0003488648,0.00064301514,0.0011608436,-3.8838418e-05,0.0031258187,-0.00045172285,0.0005232757,-0.0006246418,-0.00013346372,0.00018365224,0.0001237873,0.00055717095,0.00063345523,-8.9110545e-05,0.0005647683,0.00040994797,0.00021183434,7.9550926e-05,-0.00017878867,0.0001374817,-0.00017182293,-5.9548656e-05,-9.4772004e-05,0.00013749523,8.655157e-05,-1.6318489e-05,-0.000102665115,6.7902794e-05,2.9367664e-05,0.00028768778,1.9400119e-05,-3.5118952e-05,-1.6212321e-05,0.00010250918,0.00019201628,1.5041638e-06
19,-0.0028972744,0.0006940203,-4.954837e-05,0.00043441443,-1.9875035e-05,0.0003014697,0.0005320502,-0.0004021235,-0.0005250671,-0.0005844039,-0.00030351948,9.832243e-05,0.00033592858,-0.00012316325,-7.1482405e-05,-0.00053974905,0.00046675254,0.000104906394,-0.00045172285,0.0010079955,-0.0006658073,-8.567574e-05,1.6904703e-05,0.00036360158,-0.00054165814,0.0001757527,8.61177e-05,-0.00010819103,-0.0001588522,-0.0002436606,4.3304222e-05,0.00037912407,-8.252384e-06,-0.00020074786,6.684989e-05,-5.6597622e-05,6.9355934e-05,-0.00018487844,-5.817625e-06,6.58844e-05,-6.409986e-05,-0.00011675843,-3.265313e-05,-1.6622336e-05,-5.8272788e-05,0.0001518717,-0.00018806066,-2.4157518e-05,-1.760626e-05,-4.073418e-06
20,0.0011581084,-0.00022218637,0.00043277437,-0.0001857067,-0.00050388265,-0.0007671102,-0.000510284,6.130466e-05,-0.0009816416,-8.204501e-05,-0.00044135767,0.00032383628,6.9263435e-05,9.60156e-05,0.00024277472,0.00011601922,-0.00017071588,0.00025393773,0.0005232757,-0.0006658073,0.0015061637,0.00012961571,0.00034821854,-0.00017916206,0.0009558104,-8.423288e-05,-0.00032651756,-1.4411354e-05,-0.0001652627,0.00017352127,0.00014407063,-0.00038571353,-0.0004295844,0.00044553322,-1.9966514e-05,0.00028610433,-0.00016783048,0.00012623053,6.6513036e-05,-1.1912065e-05,-6.609202e-05,-7.8535275e-05,9.252851e-05,7.4762866e-05,0.00015567326,1.45323265e-05,9.816162e-05,-3.44576e-05,-1.7452893e-06,0.00013635756
21,-0.004791579,0.001259391,0.0002113388,5.746015e-05,0.0001482464,0.0007763929,-0.0006888229,-0.00020128136,0.0013716456,-0.00046441765,0.0007410529,0.0013493777,-0.00024441368,-0.00025839274,-0.0010956235,7.980456e-05,0.000486017,0.0003759943,-0.0006246418,-8.567574e-05,0.00012961571,0.0019948918,0.00024665718,-6.137042e-05,3.7649967e-05,0.00014423467,-0.00070662785,-9.02717e-05,4.2055857e-05,-0.00031603,-0.00027895893,-0.00026005943,-8.173392e-05,0.000105031155,-9.180896e-06,3.7810827e-05,0.00027679536,0.00018980567,0.00023171311,-0.00014785884,5.1429233e-05,-1.224281e-05,-4.109783e-06,8.218834e-05,-5.9901256e-05,-0.0001076292,-9.519427e-05,0.00017321193,-2.1635517e-05,1.7016851e-05
22,-0.0033316924,0.0011282796,-0.00010005456,0.0001455878,-8.409958e-05,-0.0002382497,4.632272e-05,-0.0003280061,-0.00086066587,-0.0009137587,-0.00014275752,0.0005022174,0.00069069804,-0.0008050031,-0.000939977,-0.00026301888,0.00046165183,-0.00012079101,-0.00013346372,1.6904703e-05,0.00034821854,0.00024665718,0.0013588277,-0.00040279704,0.00044720687,0.00010658037,-0.00023709706,-0.0004616307,-0.0003963778,7.707552e-05,5.437414e-05,0.00029839226,4.5560173e-06,9.024145e-05,-0.00012744637,0.00013256815,0.00014483539,9.8327946e-05,7.5299584e-05,2.1915013e-05,-0.00018378615,0.00014575206,0.00012213655,1.055428e-05,-2.1108284e-05,0.00010357496,-1.642591e-05,4.0109095e-05,1.9389681e-05,0.00021703515
23,0.0016560098,0.00016700575,-0.0001059642,-0.0005538665,0.00021162734,-0.00040452564,0.0003144727,-0.00015293507,-0.0011877837,0.0001386989,-0.00010667063,0.00016095699,-0.00046946952,-0.00018226229,-0.00019062906,0.00040339795,-6.8345245e-05,0.0010741738,0.00018365224,0.00036360158,-0.00017916206,-6.137042e-05,-0.00040279704,0.0018927701,0.00016611765,-4.5721557e-05,0.00024051245,0.00019696951,0.00036061095,-3.0095878e-05,0.00041325673,7.3317366e-05,-0.00021689979,-1.2564953e-05,0.00028458313,0.00026453089,0.00023537001,4.1405896e-05,-1.3234192e-05,-6.117711e-05,-0.0001693313,-0.00024222431,8.669731e-05,4.587682e-05,6.843454e-05,5.35175e-05,-0.0003244982,-0.000129502,-4.8809718e-05,0.00012653548
24,0.0036515486,-0.00035671433,-0.00057094806,-0.0009065627,0.0001776471,7.5762124e-05,-0.00061871513,0.0001940279,4.8762526e-05,-0.0003237894,0.00034540205,0.00062395027,0.00016738224,0.00035302853,3.0642957e-07,0.00031058554,-0.001042028,0.00034188095,0.0001237873,-0.00054165814,0.0009558104,3.7649967e-05,0.00044720687,0.00016611765,0.0020335524,0.0002757141,-0.0001064784,-0.00022796544,-0.0001743848,0.00017139353,0.00011133439,-6.7955145e-05,-0.00026684033,-0.0001262522,9.968932e-05,0.00035923108,5.5497923e-05,3.7902191e-06,-3.0328149e-05,9.3243565e-05,-6.314774e-05,-0.00025668595,-0.00014297667,-0.00013303009,8.550027e-05,-0.00010492361,0.00011154218,-8.218251e-05,0.00010160753,2.9030414e-06
25,-0.00013518524,-0.0009179887,0.00064894673,0.00032304035,-1.2699891e-05,-0.00065200985,0.00032747138,-2.0223953e-05,-0.00043847167,0.00025110683,-0.0003697049,0.00043571665,-0.000119794895,0.00064840395,0.00019745671,0.00022584054,1.7175404e-05,0.00018378072,0.00055717095,0.0001757527,-8.423288e-05,0.00014423467,0.00010658037,-4.5721557e-05,0.0002757141,0.0016825303,-9.0372065e-05,-5.6693098e-05,-3.1687603e-05,0.00015614767,3.8975475e-05,-6.1616665e-05,-0.00044430903,-0.00039359392,3.496058e-05,-0.00027677766,9.1232316e-05,-0.00019221415,-3.3797844e-06,4.4905748e-05,-4.9440514e-06,5.2429037e-05,-2.519347e-05,6.949844e-05,-1.4782462e-05,-7.1934286e-05,-9.42029e-05,0.00015595273,-8.122202e-06,-5.3946183e-05
26,0.00052067183,-0.00032847322,8.147048e-05,0.0001265439,-0.00016900827,0.00026619696,0.00019870696,-9.871373e-05,-3.0776744e-05,0.0006519739,2.989257e-05,-4.3134558e-05,-6.235138e-05,0.00024769595,0.00017917043,5.1708543e-05,0.00017707197,-0.00031169062,0.00063345523,8.61177e-05,-0.00032651756,-0.00070662785,-0.00023709706,0.00024051245,-0.0001064784,-9.0372065e-05,0.001047845,9.362039e-05,0.00048910547,0.00019006486,-7.038644e-06,8.6969165e-05,0.00031218387,-0.00022653083,-5.93927e-05,0.00027320633,-6.758517e-05,-1.2254609e-05,-9.681791e-05,5.261728e-05,-3.621067e-05,-6.689502e-06,-4.9721064e-05,-0.00013636278,-3.067752e-05,7.157858e-05,-3.887462e-05,-2.7000833e-05,0.000117956195,5.188714e-05
27,0.0024738882,-0.00072008686,0.00018515276,0.00019281846,0.00014554584,-0.00024701472,6.472503e-05,0.00017598638,-6.290163e-05,0.00043677876,0.00030683144,-0.00012065392,-0.00026610855,1.3119297e-05,0.0002360582,0.000102769656,0.00017522901,7.0281894e-05,-8.9110545e-05,-0.00010819103,-1.4411354e-05,-9.02717e-05,-0.0004616307,0.00019696951,-0.00022796544,-5.6693098e-05,9.362039e-05,0.00141405,-0.00016871151,0.00019917573,-8.246045e-05,-0.00044334057,7.3806164e-05,-0.0002458519,5.120258e-05,7.479905e-05,-0.00019511399,-5.768869e-05,1.1086852e-05,-0.00015447277,5.2810603e-05,-0.00020759251,5.508706e-05,3.8053236e-05,5.727558e-05,-9.098811e-06,-0.00016869852,-1.3452436e-05,-9.9086545e-05,8.7756336e-05
28,0.00017687024,-0.00019899521,0.0004369989,-0.00021577178,-0.0002772053,-7.1250994e-05,4.1334217e-05,0.00019867753,-5.2201125e-05,0.00035978638,-0.0009244286,4.3730623e-05,-0.00023458581,0.0003099195,0.00012625798,0.00039592464,0.00023531743,0.00035635295,0.0005647683,-0.0001588522,-0.0001652627,4.2055857e-05,-0.0003963778,0.00036061095,-0.0001743848,-3.1687603e-05,0.00048910547,-0.00016871151,0.0014155419,0.000116022005,-0.00020658353,3.0739877e-06,0.00020208237,-7.70235e-05,0.0001883452,0.00026622746,0.00017942255,0.0002623696,5.22282e-05,-7.5364924e-06,0.000102304766,0.00013042305,-0.00019738282,-4.6001933e-05,5.4558048e-05,-0.00020141187,-3.162079e-05,7.964084e-05,6.802619e-05,-0.00010614841
29,0.0009793777,-0.00044109614,0.00011897263,-5.1181305e-05,-0.00012023006,0.00011477007,-7.0326126e-07,-8.677697e-06,0.00031989405,0.0002171603,0.00021833862,-0.00021334284,-0.00034559204,3.29529e-05,-0.00019769376,-1.0061419e-05,9.604585e-05,-0.00034997053,0.00040994797,-0.0002436606,0.00017352127,-0.00031603,7.707552e-05,-3.0095878e-05,0.00017139353,0.00015614767,0.00019006486,0.00019917573,0.000116022005,0.0009534372,-2.1342661e-05,-0.00015585517,4.6332127e-05,0.00010685995,-7.367175e-05,4.3290634e-05,-1.1776755e-05,-1.3457799e-06,0.00014856823,-4.15494e-05,-8.620552e-06,0.000102134545,0.00016960359,6.7236775e-05,3.126327e-05,-6.652251e-05,6.0857023e-05,6.2264764e-05,7.8919235e-05,-6.8742925e-06
30,0.0013140378,-0.00028494775,6.157253e-05,-0.00020576402,-0.00029324094,-0.00070946565,0.00025253708,-0.00022622998,-0.0009137103,0.00011355836,-9.539486e-05,-0.00062758813,-0.00056976173,8.413528e-05,0.0004758481,-3.6434965e-05,0.00016237215,0.00029483598,0.00021183434,4.3304222e-05,0.00014407063,-0.00027895893,5.437414e-05,0.00041325673,0.00011133439,3.8975475e-05,-7.038644e-06,-8.246045e-05,-0.00020658353,-2.1342661e-05,0.00086290116,0.00017005502,-0.00026104948,0.00018300235,0.00017739512,-0.0001452303,6.8878708e-06,4.3624743e-05,0.00010281686,8.861851e-05,1.3737817e-05,6.67736e-05,0.0001420386,2.8104472e-05,-0.00017582225,0.00021361152,1.8422641e-05,7.1755174e-05,-3.078816e-05,4.903374e-05
31,-0.0024514468,0.0009756229,1.491898e-05,0.00016797504,-4.9201386e-05,-0.00025625416,0.00021806898,-0.00036043342,-0.0002960146,0.00030860025,0.00035327254,7.7928984e-05,0.000511936,-0.00015614557,-0.00017916961,0.00011841007,7.872848e-05,-0.00022484835,7.9550926e-05,0.00037912407,-0.00038571353,-0.00026005943,0.00029839226,7.3317366e-05,-6.7955145e-05,-6.1616665e-05,8.6969165e-05,-0.00044334057,3.0739877e-06,-0.00015585517,0.00017005502,0.0013089738,0.0001426608,0.00024417014,4.1673164e-05,4.5350163e-05,0.0002582413,-3.785563e-05,-0.00014720834,0.0003301773,-0.00013062684,-2.0302858e-05,-9.9858466e-05,-2.0653128e-05,-0.000107081796,0.00011356313,3.0056358e-06,-6.547665e-05,5.7778096e-05,-1.6177048e-05
32,0.00079397473,0.00045617513,-0.00045174058,-0.00020227564,0.00024125625,0.00024420526,-1.7522609e-05,0.00015400132,0.00065226847,0.0002467683,0.00040484208,-0.0005703982,0.00031045143,-0.00035817665,-9.891663e-05,-0.00015952223,-0.00036332337,-0.0004103004,-0.00017878867,-8.252384e-06,-0.0004295844,-8.173392e-05,4.5560173e-06,-0.00021689979,-0.00026684033,-0.00044430903,0.00031218387,7.3806164e-05,0.00020208237,4.6332127e-05,-0.00026104948,0.0001426608,0.001018173,0.00015825682,4.7595357e-05,0.0001872884,3.8649346e-06,0.00016947827,7.0566257e-06,-1.4309617e-05,4.00431e-05,6.226533e-05,-7.926483e-05,-9.7328e-05,-2.5828936e-05,-6.4411455e-05,3.2927708e-06,2.0423347e-05,-2.0601194e-05,7.7911754e-05
33,-0.0013548492,0.0007408279,0.00035167462,-0.00021547903,-0.00039593768,-0.00055095716,-0.00022493818,-0.00025658682,-0.0005423683,0.00031934638,-0.0001070569,-0.0003629626,-0.00021061131,-0.00011546032,4.5636785e-05,-0.00022301945,9.676502e-06,-0.00016586178,0.0001374817,-0.00020074786,0.00044553322,0.000105031155,9.024145e-05,-1.2564953e-05,-0.0001262522,-0.00039359392,-0.00022653083,-0.0002458519,-7.70235e-05,0.00010685995,0.00018300235,0.00024417014,0.00015825682,0.0011633111,4.6671157e-05,0.00010551835,8.269494e-05,0.00025951615,0.00016447078,-8.270821e-05,3.3869665e-06,0.00018409768,-1.3099481e-05,0.00012656715,0.00011397217,4.6012632e-05,7.30142e-06,-9.226088e-05,-4.490408e-05,0.000111569156
34,0.00046598478,-4.252237e-05,-4.2337317e-05,-0.00012673013,-0.000101890786,-0.00021103429,-3.1867065e-05,7.664347e-05,-0.00016992734,-0.00012264613,-0.00046028534,-0.00016524465,-0.00026777913,0.0003657694,0.0003745007,9.714237e-05,8.443104e-05,0.0004449248,-0.00017182293,6.684989e-05,-1.9966514e-05,-9.180896e-06,-0.00012744637,0.00028458313,9.968932e-05,3.496058e-05,-5.93927e-05,5.120258e-05,0.0001883452,-7.367175e-05,0.00017739512,4.1673164e-05,4.7595357e-05,4.6671157e-05,0.0005972024,3.1193587e-05,8.279385e-05,3.8009824e-05,9.86636e-05,2.2062028e-05,8.3010294e-05,-8.196412e-06,-0.00014991069,-7.258408e-05,-0.00012566865,7.115335e-05,0.00013410137,-0.00014082689,-8.086434e-05,1.2181087e-06
35,-0.0009563302,0.0006298687,5.73293e-05,-9.585201e-05,-0.00012407181,8.879088e-05,-0.00029808073,-0.0001339731,-0.00027798582,0.00013378204,0.00016203131,0.00036153372,0.00042465638,-3.2446493e-05,-5.98567e-05,-0.00016103208,5.3898042e-05,0.00028292224,-5.9548656e-05,-5.6597622e-05,0.00028610433,3.7810827e-05,0.00013256815,0.00026453089,0.00035923108,-0.00027677766,0.00027320633,7.479905e-05,0.00026622746,4.3290634e-05,-0.0001452303,4.5350163e-05,0.0001872884,0.00010551835,3.1193587e-05,0.0006982984,6.165585e-05,0.00014309137,-5.0149167e-05,9.061594e-05,-3.3838878e-05,-0.00016103643,-6.272881e-05,-0.00017386337,0.00011040137,8.083394e-05,-7.444486e-06,-0.00012827647,8.256583e-05,0.00013576925
36,-0.0012179548,0.0006541102,-6.7825524e-05,-3.4609257e-05,0.00042786557,-0.00020982669,7.223244e-05,-2.4649536e-05,-0.00023230698,-0.00026864506,-0.00012261783,4.9987284e-05,0.00011335882,-0.00023803201,-0.00039737322,0.00030240152,0.00022361439,0.00020821547,-9.4772004e-05,6.9355934e-05,-0.00016783048,0.00027679536,0.00014483539,0.00023537001,5.5497923e-05,9.1232316e-05,-6.758517e-05,-0.00019511399,0.00017942255,-1.1776755e-05,6.8878708e-06,0.0002582413,3.8649346e-06,8.269494e-05,8.279385e-05,6.165585e-05,0.00045953956,0.00016731479,2.7444214e-05,0.00010429666,-4.7006393e-05,7.111115e-05,-1.9504856e-05,-1.9255569e-05,-6.3862964e-05,-0.000105902844,-4.218785e-05,-6.211392e-05,-1.7058479e-05,-0.0001328119
37,0.00092140434,0.00016767939,5.338988e-05,-0.0003375423,0.00023502618,-0.00016556255,-0.00014202466,0.00022570105,0.00014110279,5.9058453e-05,-1.3390978e-05,-0.00039863336,-7.248299e-05,-0.000121390316,-0.00021120108,0.00038967005,-0.00013465741,6.608882e-06,0.00013749523,-0.00018487844,0.00012623053,0.00018980567,9.8327946e-05,4.1405896e-05,3.7902191e-06,-0.00019221415,-1.2254609e-05,-5.768869e-05,0.0002623696,-1.3457799e-06,4.3624743e-05,-3.785563e-05,0.00016947827,0.00025951615,3.8009824e-05,0.00014309137,0.00016731479,0.00057676854,0.00010255248,-3.4341676e-05,-6.138229e-06,0.0001964269,-5.1184765e-05,-7.030925e-05,6.127039e-05,-0.00011453984,-1.838175e-05,-4.7499547e-05,-6.884864e-06,-1.5596757e-05
38,-0.0003115992,-5.0639042e-05,6.959144e-05,6.1314568e-06,-2.7483184e-06,-8.139475e-05,2.4828822e-05,3.951084e-05,-2.9229966e-05,-0.00026235537,-0.0002955016,-0.00023915671,-0.00019202182,-3.5097935e-05,-0.00015323047,-0.00010261417,0.00028649805,-7.5148773e-06,8.655157e-05,-5.817625e-06,6.6513036e-05,0.00023171311,7.5299584e-05,-1.3234192e-05,-3.0328149e-05,-3.3797844e-06,-9.681791e-05,1.1086852e-05,5.22282e-05,0.00014856823,0.00010281686,-0.00014720834,7.0566257e-06,0.00016447078,9.86636e-05,-5.0149167e-05,2.7444214e-05,0.00010255248,0.00039539277,-0.00019112631,3.9743973e-05,2.8509844e-06,3.217298e-05,-1.4881813e-05,-4.801277e-05,-4.1049487e-05,5.5117198e-05,9.5170515e-05,-8.4735275e-06,4.1760257e-05
39,-0.0013297419,0.00035263147,0.00012822216,0.00011342611,-0.00016720776,0.00015640652,-0.000109746295,-0.00020130607,0.00022793876,0.0002782199,0.00032023445,0.00020385324,-3.4633806e-05,0.00018051738,7.580731e-05,-0.00010375711,0.00018574201,-3.704441e-05,-1.6318489e-05,6.58844e-05,-1.1912065e-05,-0.00014785884,2.1915013e-05,-6.117711e-05,9.3243565e-05,4.4905748e-05,5.261728e-05,-0.00015447277,-7.5364924e-06,-4.15494e-05,8.861851e-05,0.0003301773,-1.4309617e-05,-8.270821e-05,2.2062028e-05,9.061594e-05,0.00010429666,-3.4341676e-05,-0.00019112631,0.00037755628,7.653178e-05,1.1114104e-05,-8.754183e-06,-6.402924e-05,-6.7421206e-05,7.668398e-06,3.095986e-05,-6.557298e-05,-1.4392472e-05,-6.5747656e-05
40,-0.00059023895,-0.00024653348,0.0004000073,-2.915498e-05,-0.00021979732,0.00029556025,-0.00015765836,-9.16198e-05,0.00039176512,-3.074357e-05,-0.00022651709,0.00029652572,-5.8344303e-06,0.00027852063,0.00038888556,-0.00026233905,0.0003344381,-0.00025972683,-0.000102665115,-6.409986e-05,-6.609202e-05,5.1429233e-05,-0.00018378615,-0.0001693313,-6.314774e-05,-4.9440514e-06,-3.621067e-05,5.2810603e-05,0.000102304766,-8.620552e-06,1.3737817e-05,-0.00013062684,4.00431e-05,3.3869665e-06,8.3010294e-05,-3.3838878e-05,-4.7006393e-05,-6.138229e-06,3.9743973e-05,7.653178e-05,0.0004337822,0.0001064269,-2.5385061e-05,2.034968e-05,-6.891604e-05,-0.00010200095,9.4250194e-05,-1.7359107e-05,-2.4707215e-05,-2.4197251e-07
41,0.00034592347,-9.979884e-05,0.00038458128,-6.514787e-05,-6.99927e-06,-0.00055236224,0.00011670607,1.26143495e-05,-0.00023172375,0.00040621427,0.00014038254,-0.0003560923,6.799e-05,-4.1781826e-05,8.881099e-06,0.00019730194,-1.0161927e-05,-8.598392e-05,6.7902794e-05,-0.00011675843,-7.8535275e-05,-1.224281e-05,0.00014575206,-0.00024222431,-0.00025668595,5.2429037e-05,-6.689502e-06,-0.00020759251,0.00013042305,0.000102134545,6.67736e-05,-2.0302858e-05,6.226533e-05,0.00018409768,-8.196412e-06,-0.00016103643,7.111115e-05,0.0001964269,2.8509844e-06,1.1114104e-05,0.0001064269,0.00044407224,9.418245e-05,7.142559e-05,-7.1410404e-06,-2.9328508e-05,-7.392716e-06,5.2746786e-05,-6.4314536e-06,-3.3345303e-05
42,0.0011941334,-0.00015818665,0.000113143076,0.00011866212,0.0001593274,-0.0006167249,0.00022815177,-1.2142336e-05,-0.0006286851,0.00022197588,0.00040603138,-0.000306111,0.00029648026,-0.00039389794,-1.7734077e-05,0.00019931217,-9.118399e-05,-3.7646285e-05,2.9367664e-05,-3.265313e-05,9.252851e-05,-4.109783e-06,0.00012213655,8.669731e-05,-0.00014297667,-2.519347e-05,-4.9721064e-05,5.508706e-05,-0.00019738282,0.00016960359,0.0001420386,-9.9858466e-05,-7.926483e-05,-1.3099481e-05,-0.00014991069,-6.272881e-05,-1.9504856e-05,-5.1184765e-05,3.217298e-05,-8.754183e-06,-2.5385061e-05,9.418245e-05,0.00041979106,7.148733e-05,-2.033331e-06,3.229316e-05,-7.519763e-05,8.092933e-05,-3.6337216e-05,8.8062225e-05
43,-0.00048459764,-7.031004e-05,0.00027776248,1.5296784e-05,-0.00013037774,-0.00022871973,0.00013898377,-0.00010048061,-0.0002584724,-9.1390975e-06,-0.00019559546,0.00015416105,-0.00014818239,-0.00017630182,-0.000118198455,7.7056284e-05,0.0001785529,-5.131958e-05,0.00028768778,-1.6622336e-05,7.4762866e-05,8.218834e-05,1.055428e-05,4.587682e-05,-0.00013303009,6.949844e-05,-0.00013636278,3.8053236e-05,-4.6001933e-05,6.7236775e-05,2.8104472e-05,-2.0653128e-05,-9.7328e-05,0.00012656715,-7.258408e-05,-0.00017386337,-1.9255569e-05,-7.030925e-05,-1.4881813e-05,-6.402924e-05,2.034968e-05,7.142559e-05,7.148733e-05,0.00025214898,6.5140603e-06,1.1049064e-05,-0.00012794114,8.405524e-05,-1.4355928e-05,-8.488902e-06
44,0.00085541635,-6.51263e-05,0.0001625465,-0.00011713308,-4.330393e-05,-0.00029548426,-4.11621e-05,6.806261e-05,-0.0003819506,0.0002887222,5.4960703e-05,-9.486508e-06,0.0001775382,-1.8942454e-05,-9.61506e-05,5.7404045e-06,-0.00032931427,9.19146e-05,1.9400119e-05,-5.8272788e-05,0.00015567326,-5.9901256e-05,-2.1108284e-05,6.843454e-05,8.550027e-05,-1.4782462e-05,-3.067752e-05,5.727558e-05,5.4558048e-05,3.126327e-05,-0.00017582225,-0.000107081796,-2.5828936e-05,0.00011397217,-0.00012566865,0.00011040137,-6.3862964e-05,6.127039e-05,-4.801277e-05,-6.7421206e-05,-6.891604e-05,-7.1410404e-06,-2.033331e-06,6.5140603e-06,0.0002882925,-7.5485754e-05,-0.00011090176,2.7247082e-05,-4.8177375e-05,1.6568214e-05
45,-0.0011679509,0.00017250128,0.00011898177,0.00023906145,-0.00031667468,-0.00015523931,4.1179635e-05,-0.00023201448,-0.0003222482,0.0002483545,0.0003291085,0.00010793701,6.532726e-05,3.789024e-05,0.000116354866,-0.0001761925,0.00014029825,0.00017610658,-3.5118952e-05,0.0001518717,1.45323265e-05,-0.0001076292,0.00010357496,5.35175e-05,-0.00010492361,-7.1934286e-05,7.157858e-05,-9.098811e-06,-0.00020141187,-6.652251e-05,0.00021361152,0.00011356313,-6.4411455e-05,4.6012632e-05,7.115335e-05,8.083394e-05,-0.000105902844,-0.00011453984,-4.1049487e-05,7.668398e-06,-0.00010200095,-2.9328508e-05,3.229316e-05,1.1049064e-05,-7.5485754e-05,0.00039960342,3.8708808e-05,-1.845008e-05,3.6716567e-05,6.4707434e-05
46,-0.0004308881,-0.00023694485,4.1912528e-05,0.00018026619,-0.00011958582,0.0002477884,-0.0003357572,0.00011741812,0.0007122097,5.8610487e-05,3.386049e-05,0.00013280378,2.5661415e-05,0.000357082,0.00021847335,-2.648839e-05,0.000110610505,-2.0044517e-05,-1.6212321e-05,-0.00018806066,9.816162e-05,-9.519427e-05,-1.642591e-05,-0.0003244982,0.00011154218,-9.42029e-05,-3.887462e-05,-0.00016869852,-3.162079e-05,6.0857023e-05,1.8422641e-05,3.0056358e-06,3.2927708e-06,7.30142e-06,0.00013410137,-7.444486e-06,-4.218785e-05,-1.838175e-05,5.5117198e-05,3.095986e-05,9.4250194e-05,-7.392716e-06,-7.519763e-05,-0.00012794114,-0.00011090176,3.8708808e-05,0.00045223132,-7.220924e-05,-9.447206e-06,-8.06281e-05
47,0.00058988645,-0.00028201405,9.41776e-05,4.27737e-06,-6.744216e-05,-0.00033754317,0.00015463907,2.8218657e-05,-8.405262e-05,7.378306e-05,-3.3610982e-06,-0.0002546846,-5.6014338e-05,-6.67596e-05,-3.2448725e-07,1.49582875e-05,-2.0452539e-05,1.7958793e-05,0.00010250918,-2.4157518e-05,-3.44576e-05,0.00017321193,4.0109095e-05,-0.000129502,-8.218251e-05,0.00015595273,-2.7000833e-05,-1.3452436e-05,7.964084e-05,6.2264764e-05,7.1755174e-05,-6.547665e-05,2.0423347e-05,-9.226088e-05,-0.00014082689,-0.00012827647,-6.211392e-05,-4.7499547e-05,9.5170515e-05,-6.557298e-05,-1.7359107e-05,5.2746786e-05,8.092933e-05,8.405524e-05,2.7247082e-05,-1.845008e-05,-7.220924e-05,0.0003372673,-2.5389345e-05,-1.6554925e-05
48,-0.00020527666,-2.415763e-05,8.4739324e-05,-3.950786e-05,1.01229325e-05,0.00018895979,-2.78538e-05,-8.5900676e-05,6.370126e-05,0.00010003079,0.00019904845,0.00016374992,0.00019737057,3.1970805e-05,-4.8514026e-05,-2.2756512e-05,-3.3513814e-05,-0.00013108904,0.00019201628,-1.760626e-05,-1.7452893e-06,-2.1635517e-05,1.9389681e-05,-4.8809718e-05,0.00010160753,-8.122202e-06,0.000117956195,-9.9086545e-05,6.802619e-05,7.8919235e-05,-3.078816e-05,5.7778096e-05,-2.0601194e-05,-4.490408e-05,-8.086434e-05,8.256583e-05,-1.7058479e-05,-6.884864e-06,-8.4735275e-06,-1.4392472e-05,-2.4707215e-05,-6.4314536e-06,-3.6337216e-05,-1.4355928e-05,-4.8177375e-05,3.6716567e-05,-9.447206e-06,-2.5389345e-05,0.00023749414,1.0914657e-05
49,-0.00081265613,0.00027701742,6.848729e-05,-5.6941786e-05,-0.0002889693,6.1293875e-05,-9.852866e-05,-0.00021795454,-0.0002750829,9.253393e-05,0.00016937988,0.000261307,2.0652283e-06,-0.00016218665,-0.00010802079,-0.00027280799,0.00014194712,-0.00010948969,1.5041638e-06,-4.073418e-06,0.00013635756,1.7016851e-05,0.00021703515,0.00012653548,2.9030414e-06,-5.3946183e-05,5.188714e-05,8.7756336e-05,-0.00010614841,-6.8742925e-06,4.903374e-05,-1.6177048e-05,7.7911754e-05,0.000111569156,1.2181087e-06,0.00013576925,-0.0001328119,-1.5596757e-05,4.1760257e-05,-6.5747656e-05,-2.4197251e-07,-3.3345303e-05,8.8062225e-05,-8.488902e-06,1.6568214e-05,6.4707434e-05,-8.06281e-05,-1.6554925e-05,1.0914657e-05,0.0003705057
