,0,1,2,3,4,5,6,7,8,9,10,11,12,13,14,15,16,17,18,19,20,21,22,23,24,25,26,27,28,29,30,31,32,33,34,35,36,37,38,39,40,41,42,43,44,45,46,47,48,49,50,51,52,53,54,55,56,57,58,59,60,61,62,63,64,65,66,67,68,69,70,71,72,73,74,75,76,77,78,79
0,405.64172,46.709976,-63.515068,-12.066953,-5.089666,8.923317,74.396706,12.378985,26.734436,-114.82913,-44.324768,42.547935,-11.745851,7.9468517,0.807696,-6.997098,-14.152416,-5.810141,-29.157627,-20.104084,-1.0814224,-3.0528328,-2.8881998,18.149126,4.8456173,-3.8246138,5.9593973,3.0305119,4.707691,9.236778,-9.578819,-4.5958924,-6.3994727,-7.9797053,-3.8125286,-6.88304,-2.1927977,-2.306148,-4.557307,0.7198937,6.602867,-0.007283166,-9.846647,-2.9415421,-2.187001,-0.87485105,-7.5782714,3.7109118,-6.569296,-4.455715,-1.4903034,-1.6584382,-4.2415056,6.36884,-0.8046176,2.6535997,2.1081462,-5.1995687,-5.061736,-0.42773128,0.5346416,-1.4905493,3.0187106,3.0455832,1.2310581,-3.4342873,3.1977766,0.12824655,-2.7106147,3.6372797,-1.386769,2.3125725,1.5092777,-3.037882,0.69054914,1.4311066,2.6550896,-5.772045,1.199008,-1.834492
1,46.709976,37.63535,-5.224925,-9.77757,-28.111752,-7.586521,-7.78599,5.7908206,-4.546288,-18.576887,-0.6057795,5.826741,-7.758333,-1.4741473,0.45176345,-2.2039762,-7.2502766,-3.0395765,-0.22308332,-9.023941,-3.9859548,8.226761,-7.6141973,-1.0876744,3.1313376,-5.7043834,-1.4972924,-3.2504752,6.978386,6.703277,1.8646605,-5.5327187,-1.7488627,0.3749246,-1.9250512,-1.8238096,-0.8280554,-3.0112333,-4.7302804,-2.4794888,-2.9551668,-3.47991,-0.75492895,-0.78735787,-1.4362078,-1.4377822,-0.99619305,-4.5413365,-0.75268257,-1.8740813,-2.9270167,-0.72211504,0.96254003,0.89214456,2.5932026,0.7423637,-0.12236114,-3.6102796,1.9825485,3.1856751,-1.923066,2.332047,-0.5978059,-2.0828724,0.3912564,-1.0054095,1.2465479,-1.8419912,0.32869208,-1.9623063,0.093667254,-1.2543703,-0.3872734,-0.3060384,-0.28350604,0.784824,0.033810373,-1.4180138,0.27400303,-1.3311021
2,-63.515068,-5.224925,34.585983,-1.9169877,-4.2817564,-8.487647,-15.011854,4.27017,-14.818103,20.188011,22.62629,-4.7205505,3.3771312,3.5278816,13.194809,1.1386092,3.9102998,3.693904,-4.0700426,0.02824431,1.821384,1.7779801,7.314425,-5.2472973,3.0316894,-0.86906415,4.522855,-0.646998,-2.82229,0.79405004,-0.53191376,5.139902,-0.93368447,0.4484953,-1.1606601,0.19284241,3.2048378,-4.0761356,-0.90029776,-0.4261658,3.4128096,-1.9528465,2.0498223,-1.1343253,2.2231798,-1.9719788,-1.3706162,0.8693671,1.2156789,2.178948,-1.1680727,-1.8316338,1.1104108,0.6761525,1.8877863,1.0229454,-0.86794496,-1.2346525,-0.60391533,0.19834268,-0.51934236,-0.68504405,-0.7999574,-0.13311987,0.4416633,1.434957,-1.6943483,1.2228498,1.588473,-0.9062331,2.8922079,0.6855318,-1.3845602,0.18426579,-0.6837581,-1.3242654,-0.48567167,-1.0156673,0.4329129,0.019424686
3,-12.066953,-9.77757,-1.9169877,40.2445,23.12349,21.393494,-14.88536,14.429661,-4.372042,9.186932,-7.836069,-2.8631558,-7.654373,4.3239603,-16.608944,9.303829,15.872665,2.7731693,-3.0761065,2.5565999,8.882347,1.0121384,4.343291,7.4014664,-4.6091013,9.284268,1.2183156,-4.2033563,1.9698026,0.48726413,-0.36931708,5.4731092,2.6189938,-2.0720663,-1.9360389,-4.2553663,-1.3952069,-0.88063264,2.1191497,-4.1715736,0.8140619,0.60404944,-2.8841002,-1.5008786,0.15948552,6.4023046,-3.0077984,-0.74919236,-0.5358218,1.2885282,0.33657613,-1.1625671,-2.0258527,1.7299979,0.24416195,1.4056275,-1.2309414,-0.0583407,0.38934112,0.5465365,0.86662555,0.12986553,1.1832478,-0.46703774,-0.5672116,-1.1336628,0.7768134,-1.0732902,0.39378124,-0.6235194,-0.5512564,-0.62397254,0.0736471,-0.39282137,1.1029426,0.57661194,0.47373056,0.71913266,-1.2008133,0.16508451
4,-5.089666,-28.111752,-4.2817564,23.12349,49.078846,11.304848,29.788921,5.8699617,5.9470315,12.334677,-13.707666,-4.691864,0.9267825,-1.3349729,-1.4651034,4.3897343,9.879019,15.5361,-4.688626,9.104273,3.8275275,4.7068167,4.3191347,4.187106,-1.1757965,10.349554,1.5727203,1.0532293,-6.2545977,-5.9692736,-3.412025,7.787267,2.2235718,-1.991966,-0.4023324,-2.9071803,-0.345936,0.47443438,3.2689986,-1.0884784,2.6725616,2.573318,2.1110072,-0.92796624,-1.1204021,2.503014,-2.0215569,2.49751,0.30046222,0.7312585,0.83885056,-1.4992001,-3.2238193,1.6396375,-0.9653576,-0.60074484,-0.21505594,3.0949316,-0.09147361,-2.215347,0.84625596,-0.54853845,0.593812,0.33157372,-0.26279706,-1.860988,0.22796333,-0.39229736,-0.24718636,0.45408472,-1.7641621,1.4324005,0.812158,-0.24377364,0.74352515,0.08426397,0.38883686,2.0844417,-1.4603074,2.6486807
5,8.923317,-7.586521,-8.487647,21.393494,11.304848,24.339241,0.03847252,0.163506,5.425414,-3.5333245,-19.130009,-4.3577805,-3.3319387,3.2057164,-11.952288,9.790595,9.730455,-0.13212317,0.79794574,1.3951619,12.5012,-2.6535053,4.7757826,3.1917036,-1.3008596,0.93359333,-3.6386633,-0.7025217,3.6353126,-2.6195712,2.5580795,1.7973056,-0.51844263,-0.24447256,-1.3404949,-1.6596587,-2.0996597,0.49915215,0.11621159,-3.7683575,-0.3309107,-0.14254478,-2.8899012,-1.0539441,-0.5180048,2.9983103,-0.19228485,0.3318616,-1.4789774,1.4663811,0.57885575,-1.4512029,-0.10582684,-0.17165446,-1.9136282,1.1508429,1.385273,-0.015741624,-0.2169852,-0.5393514,1.462443,-0.32476404,0.04163375,1.2737658,-0.5449394,0.7048885,0.14952198,0.88792443,-0.29904565,-0.010445023,1.0419579,-0.3599882,-0.20874903,0.3548354,0.37771833,0.3025119,0.03330888,0.55676556,-0.20170417,-0.7288629
6,74.396706,-7.78599,-15.011854,-14.88536,29.788921,0.03847252,81.12884,2.9570222,10.612934,-16.57399,-18.71944,0.0011766646,0.19629247,-11.354918,19.40661,5.8038597,-3.513078,16.68994,-7.2244816,-1.7864099,-1.8964077,9.204451,1.3540252,0.7680232,6.4809837,0.05047641,-4.6711903,6.5480475,-3.411369,-8.257011,-6.959183,1.1922202,-2.0624208,6.329317,-0.697475,1.0815418,-2.1255908,-1.6148639,0.10808009,-0.3044385,-0.6569639,-0.39063552,3.7251139,-0.27324814,-0.9311509,-4.7033043,1.0293744,2.0527265,-1.4761524,0.49183074,-0.04831177,-0.26630092,-2.8983169,1.8062509,-1.5158572,-3.1602516,0.59432906,1.069581,0.012963133,-4.507695,0.84470093,-0.5954319,-1.0678278,1.2054408,-0.78877205,0.0677212,0.3951896,0.9799459,-2.5283356,0.9307903,-1.3735623,0.9392531,0.31128633,-0.33059573,-0.53632504,0.6265075,0.5198165,0.43731385,-0.1301682,0.4421947
7,12.378985,5.7908206,4.27017,14.429661,5.8699617,0.163506,2.9570222,31.835533,-11.826585,2.4596138,22.335884,-0.26737183,-13.075542,-4.621538,-2.3508964,14.785082,4.764837,1.3660474,-0.6461463,-8.401266,-2.6664171,7.7465525,2.0379558,9.016331,0.5964699,1.216207,0.9518746,0.40825182,0.5374074,0.42427766,-4.3582134,2.6798277,-1.2410549,0.9128983,-3.6499257,-2.4790838,-1.4314361,-2.689782,0.43962914,-0.2557762,0.49473017,0.413216,-0.18425989,-1.2316658,-0.7186798,1.8655254,-3.0082786,-1.7779746,-1.464098,-1.8260051,-1.4568621,0.3039555,-2.767067,3.7434506,-0.43558317,1.0712075,-1.1279297,-1.9083853,-0.6239177,0.7070192,-0.14879291,-0.36685646,0.3775211,-0.75324255,-0.81926703,-1.4287766,-0.008160058,-1.0850223,-1.2532315,0.9626787,-1.5820522,-0.302509,-0.21361463,-0.60586345,0.39523476,0.59754086,0.5150679,-0.71945703,0.003798318,0.5226817
8,26.734436,-4.546288,-14.818103,-4.372042,5.9470315,5.425414,10.612934,-11.826585,16.676441,-9.391302,-18.111595,-0.621045,4.230157,0.37733772,-4.0216208,-2.092774,-4.527649,1.1227199,4.847392,6.012996,3.7203743,-1.2508054,-2.9917536,-4.1436825,1.5785174,-2.4827075,-0.6635927,1.4546874,-1.5874693,-1.5930321,3.7256498,-0.2987127,-3.2479846,-2.8854718,1.9958334,-0.16804309,0.14047366,2.635334,0.9051477,1.6153734,-0.14300722,1.2971606,-0.040422093,0.43794778,-1.0175902,0.5747323,0.10864821,0.46181116,-0.19152518,-1.49107,0.26253003,0.59555906,0.11638018,0.37662017,-2.3200862,0.16382101,2.5613155,1.4526969,0.09163832,0.07127357,0.42059946,-0.39200276,1.6231816,1.2494862,0.31865352,0.010491723,-0.23062587,0.537107,-0.5312307,0.73885286,-0.79352033,0.32260388,0.74840015,-0.0762582,0.48136798,-0.27515227,-0.0028986032,0.55174613,0.5453103,0.7886467
9,-114.82913,-18.576887,20.188011,9.186932,12.334677,-3.5333245,-16.57399,2.4596138,-9.391302,39.199524,18.126884,-13.829559,1.8483863,-3.1376863,-1.2525617,2.7643905,6.5195937,3.6516361,7.595249,7.0156693,-1.976717,3.090753,1.5057931,-2.5786753,-3.0706992,5.1830397,0.79541194,0.21183693,-3.9624724,-3.7446303,1.1342711,4.2212477,1.492322,1.1047046,-0.06559095,0.7595879,1.102263,-0.6203088,1.1650429,-1.1519227,0.3962368,-1.058239,2.5281708,-0.11960843,0.26158664,-0.32251507,1.2391953,-0.40266672,0.3558895,1.6680453,0.34011894,-0.20716245,-0.11805263,-0.8896253,0.31528038,-0.6554424,-0.88117754,1.8024383,2.1137602,-1.2541335,-0.09028025,-0.15559688,-0.03590247,-0.28207046,-0.12090652,0.903518,-0.3401358,-0.029133826,1.0973382,-0.8691637,-0.7063627,-0.39910614,0.10344665,0.038902074,0.030609006,-0.14781153,-0.46616524,1.4969656,-0.5081348,0.9559172
10,-44.324768,-0.6057795,22.62629,-7.836069,-13.707666,-19.130009,-18.71944,22.335884,-18.111595,18.126884,57.560184,-2.923275,-1.9214151,-4.5830965,2.5736196,7.3353524,-3.0506773,-6.140518,3.492743,-5.605665,-5.46306,-0.13893828,5.823352,5.6339674,3.8522632,-2.7135143,2.2232342,1.3984494,-3.6602798,-0.2516934,-5.3998938,-0.7866537,-4.1449795,1.5463903,-3.4976091,-0.46491808,1.0401723,-1.0474579,-0.7484348,5.03876,0.50525343,-0.4244355,0.47369888,0.8002622,1.0432701,-0.904974,-0.47898114,0.41725308,0.94629824,-1.7775681,-1.1305965,2.228722,-0.84147,0.21819496,-0.3105923,0.39674613,-1.7072308,-0.23085788,-2.1193373,-0.5612665,-0.70559573,-1.6389279,0.27582622,-0.10336325,0.26093543,-0.12525216,-0.017765392,-0.22921312,-0.6998518,1.9740527,-0.55891925,1.5942215,0.8860013,0.32532716,-0.4302368,-0.028373215,0.33116764,-1.4618012,-0.055285413,-0.115142256
11,42.547935,5.826741,-4.7205505,-2.8631558,-4.691864,-4.3577805,0.0011766646,-0.26737183,-0.621045,-13.829559,-2.923275,10.568204,-0.13238315,3.142013,3.2603607,-5.7349353,-1.8601071,-2.1005518,-7.7725077,-3.2830606,-4.2428427,-3.1484313,-1.3363565,2.392344,-1.3920808,0.92392814,2.5363774,0.02046876,0.24895692,4.0654874,-2.3410425,-0.5094073,1.9244897,-1.4221244,1.1625731,0.5171896,-0.014873625,0.42498028,1.3118665,1.7171266,0.5615899,2.183112,-1.4516269,0.69866514,0.532714,0.9193851,-1.2229984,0.9014774,0.820184,-0.6813033,0.8502151,0.88710535,0.15866132,-0.08950096,1.4240073,0.21313314,-1.6625323,-0.11565645,-1.3174953,0.9661786,-0.3075294,-0.16850722,-0.27160305,-0.3713588,-0.049205005,-0.88582385,0.07979119,-0.5573775,-0.0053430945,0.102771044,0.11762191,0.18411988,-0.19118023,-0.1647891,0.125143,0.10393374,0.3192184,-0.62504065,-0.11939928,-0.119283214
12,-11.745851,-7.758333,3.3771312,-7.654373,0.9267825,-3.3319387,0.19629247,-13.075542,4.230157,1.8483863,-1.9214151,-0.13238315,11.934582,2.3837948,2.5241919,-7.128671,-0.9798895,1.1943192,-4.9711647,4.7955856,3.0575223,-5.4801517,5.1915984,-4.4412737,2.977387,-0.6369343,0.2769441,-0.14902444,-2.821427,-0.19689313,-0.60409236,-2.2980695,-0.28922307,-0.011767435,0.59047616,-0.07476327,0.8128954,1.1228452,-0.60164696,1.6337483,0.084338084,0.6345516,1.6379437,1.2009792,1.2394085,0.5044206,0.20991361,1.2217312,2.4753985,0.6035819,-0.3871995,1.1285871,0.47589597,-2.2510104,-0.24079609,-0.74192744,1.2666473,1.3417791,-0.22463271,-0.8977672,-0.15381166,0.07104944,1.3893784,-0.8286233,1.6263914,1.3675663,-0.31198502,0.49880585,0.52101606,-0.20622805,0.0610324,0.19296686,0.3043424,0.0066783708,-0.6580817,-0.99062854,-0.46075702,0.039979793,0.011935793,0.5641382
13,7.9468517,-1.4741473,3.5278816,4.3239603,-1.3349729,3.2057164,-11.354918,-4.621538,0.37733772,-3.1376863,-4.5830965,3.142013,2.3837948,7.183012,-1.3771352,-4.3747644,1.636311,-1.9620848,-3.400786,1.5387269,1.9534671,-3.483429,2.580209,0.8767864,-1.7063915,-0.17605728,2.387434,-1.4578943,-0.6781223,1.9748502,0.5675856,1.1346817,1.0850339,-2.9742308,0.32569826,-1.8817114,1.1513064,0.783701,0.019741599,0.05259625,2.4863453,0.32917053,-0.41135633,-1.6677592,0.39498022,0.5926955,-1.1167271,1.2940412,0.56810576,-0.092280984,-0.21020976,-1.2718419,0.7286689,-0.40088454,0.6334673,1.065437,0.2630629,0.43585026,-0.4844712,0.5160185,0.3747905,0.23562652,0.5895734,0.52709,0.6448804,0.46109027,0.084976524,0.68313193,0.8571166,-0.4202344,1.4004574,0.5582567,-0.42166376,-0.23040724,0.03528924,-0.68214667,-0.16213077,-0.64231527,-0.22882195,-0.10350343
14,0.807696,0.45176345,13.194809,-16.608944,-1.4651034,-11.952288,19.40661,-2.3508964,-4.0216208,-1.2525617,2.5736196,3.2603607,2.5241919,-1.3771352,21.471027,-2.698979,-3.8536656,7.184294,-6.4008822,-2.3376167,-4.8924103,3.930923,0.12887052,-5.3558264,3.4880142,-2.4769268,1.9122498,2.6921606,-2.102704,0.6865754,-2.1043057,3.1472418,-0.3110159,2.5559158,1.6370089,3.110242,1.509247,-2.4439898,1.3759196,1.4085197,0.65497553,0.12786345,2.4908097,0.4243704,1.5012286,-3.297829,-0.4069814,1.2456857,0.97435474,1.0538645,0.48826805,-0.06185741,1.2139757,0.88229334,2.1047363,-0.85823214,-1.8504279,-0.02713328,-0.50401807,-0.07874271,-0.38164276,-0.6574429,-1.2567763,0.5735096,-0.66474956,0.6498523,-1.1587642,0.9233124,0.12153454,-0.71550643,1.8554826,0.58273417,-1.0552068,0.24134424,-0.25399518,-0.48766485,0.038899027,-0.41265547,0.45017743,-0.33145043
15,-6.997098,-2.2039762,1.1386092,9.303829,4.3897343,9.790595,5.8038597,14.785082,-2.092774,2.7643905,7.3353524,-5.7349353,-7.128671,-4.3747644,-2.698979,17.070835,5.226803,1.6850555,3.3257647,-4.4747763,5.4569798,3.6627464,3.8424435,2.9817972,2.807713,-3.3140588,-3.5410526,3.363114,2.229735,-2.2506127,0.90260077,2.4513588,-4.06073,1.6895096,-2.3023787,0.62278557,-2.4339964,-1.5329323,0.7296427,-0.9961672,-1.717371,0.6409674,-1.2343433,0.71950364,-1.1002736,1.768434,-1.1962438,-0.84668297,-1.6029799,-0.09745583,0.02531588,0.6190356,-0.014696261,1.2192247,-2.0258424,1.0681306,0.51887345,-0.52538925,-0.5262432,0.25340623,0.3907861,-1.3492409,0.0008311003,0.985681,-1.1185045,0.2644654,-0.747169,0.47892904,-1.1916056,0.64598894,0.22016452,-0.0962898,-0.1324983,0.67628264,0.32871148,0.5315436,0.19089538,0.5103522,0.45961538,-0.2586335
16,-14.152416,-7.2502766,3.9102998,15.872665,9.879019,9.730455,-3.513078,4.764837,-4.527649,6.5195937,-3.0506773,-1.8601071,-0.9798895,1.636311,-3.8536656,5.226803,11.534011,1.1226392,-6.333235,-0.34422463,3.282782,-1.4416125,5.390976,1.8363135,-3.1657028,4.931651,-0.058969364,2.3999004,0.39791167,0.5873328,-0.64358175,2.5346456,1.1007905,-0.18183756,-0.7269989,-0.028299231,-1.8913615,-2.4037025,0.86611176,-3.166643,0.80030787,0.4539149,-2.1817298,0.5687585,-0.48707977,2.158671,-1.3187425,-0.31360364,-0.97590876,2.055746,0.028578913,0.5898291,-0.5115435,-0.76675427,-0.5259831,0.22999784,0.20467085,-0.4959243,0.92217803,-0.85944754,0.1250872,-0.58914465,0.3883473,-0.89144135,0.47054833,0.69454,-0.19026956,0.0708081,0.19219474,-0.6369404,0.12757811,-0.4589912,-0.4855829,-0.056191117,-0.7630923,0.2864088,-0.22452945,0.24100451,-0.5123474,-0.25092524
17,-5.810141,-3.0395765,3.693904,2.7731693,15.5361,-0.13212317,16.68994,1.3660474,1.1227199,3.6516361,-6.140518,-2.1005518,1.1943192,-1.9620848,7.184294,1.6850555,1.1226392,12.535119,-3.856341,2.9891856,2.8990674,7.527976,0.9074451,-2.7165952,4.9432344,0.5440439,-0.35767826,-0.7466639,-1.0987105,-0.7712003,-0.38335234,3.3457718,-1.3881701,0.6406914,-0.2284657,-0.83183634,0.031673387,-1.7542026,0.25710738,-0.51248926,-0.9510911,0.1431346,2.409975,0.23427634,-0.32527632,0.9341051,-1.8262658,-0.12503675,1.421947,0.18467927,-0.61182094,-0.860996,0.077163056,1.0313752,1.7107651,-0.24450347,-0.77927667,0.8539537,0.39689416,0.66996837,-0.58710337,0.4371664,-0.16232572,-0.4497338,-0.2687189,-1.0583535,-0.06279737,-0.681512,0.2060388,-1.0944467,0.032589935,0.8301785,0.1723324,0.2712739,0.36459464,-0.13046706,0.16704462,1.244082,-0.5908828,0.9979013
18,-29.157627,-0.22308332,-4.0700426,-3.0761065,-4.688626,0.79794574,-7.2244816,-0.6461463,4.847392,7.595249,3.492743,-7.7725077,-4.9711647,-3.400786,-6.4008822,3.3257647,-6.333235,-3.856341,18.5615,2.9927464,-0.5010501,3.2090087,-7.283289,-1.4694474,-1.4340894,-2.9932952,-1.7443402,-1.3864594,0.48144573,-3.828185,4.513482,-0.4276823,-0.80266744,-0.4383614,1.1320753,0.17781004,1.388206,2.7091742,0.6989218,1.0197899,-0.6261808,-1.2858628,1.398335,-1.2001659,-0.9777618,-2.2196705,2.6829214,-1.1378386,-1.3095667,-1.3394086,0.19350463,-1.064848,0.11617224,1.8692106,-2.3247242,-0.20426923,1.4176707,0.081098214,0.44380623,0.565827,0.71334004,0.29982674,-0.23043425,1.6029061,-1.2310433,-0.94431543,0.0066251955,0.43159682,-0.6653019,1.2721831,0.16604078,0.57332945,0.43519092,0.73776567,0.77471983,0.15452178,0.05517047,0.49067122,0.22171472,-0.2117245
19,-20.104084,-9.023941,0.02824431,2.5565999,9.104273,1.3951619,-1.7864099,-8.401266,6.012996,7.0156693,-5.605665,-3.2830606,4.7955856,1.5387269,-2.3376167,-4.4747763,-0.34422463,2.9891856,2.9927464,10.093911,4.333948,-0.057751384,-2.0681167,-5.8610506,0.95399743,3.5555806,1.6959713,-1.7012565,-3.6403823,-1.4492993,1.1454947,1.5256264,-2.484608,-2.1788535,1.8165054,-2.2529588,1.3843355,1.5615311,1.0659115,1.1951358,0.19889036,-0.18239993,-0.5088901,-0.6339887,0.67642486,0.20836224,0.92165536,0.24583963,1.822857,-0.7650529,-0.31392193,0.43380886,-1.2222428,-0.07801597,-0.62208647,-0.28129852,0.054348618,1.6604497,0.51684064,-0.77732253,0.032571904,-0.09852336,-0.05309918,0.053692155,0.47781858,-0.16655757,0.39229226,-0.36959463,-0.02612909,-0.27721423,-0.37290138,0.41097903,0.55695593,-0.09373698,-0.08731736,0.010238904,0.00916986,-0.35382292,-0.5773391,0.3286186
20,-1.0814224,-3.9859548,1.821384,8.882347,3.8275275,12.5012,-1.8964077,-2.6664171,3.7203743,-1.976717,-5.46306,-4.2428427,3.0575223,1.9534671,-4.8924103,5.4569798,3.282782,2.8990674,-0.5010501,4.333948,16.92542,-2.4024825,5.5165844,-4.3354597,7.307794,-0.35631543,-1.4950705,-4.608973,2.0124054,-2.128684,1.4330803,0.20215347,-4.215783,0.6509534,-1.6714523,-2.1911085,0.46368504,-0.38796836,-1.5350308,-0.8718574,-1.3845903,-1.2187498,-1.91681,0.5145155,1.920794,2.4867842,0.073497504,0.18214682,1.8430853,1.2821264,-0.5227673,-0.83313143,-0.6035558,0.4295032,-1.0702317,0.9074802,0.77094483,-0.99229836,-2.0158806,0.06808421,0.28604782,-0.5233629,-0.7856926,-0.034732748,-0.008466192,-0.17286432,-0.5145379,0.033266958,-0.182156,0.40613058,1.42152,0.37417036,0.3082881,0.91288793,0.10124095,-0.21714447,0.19322854,-0.35043895,0.1512644,-0.3800241
21,-3.0528328,8.226761,1.7779801,1.0121384,4.7068167,-2.6535053,9.204451,7.7465525,-1.2508054,3.090753,-0.13893828,-3.1484313,-5.4801517,-3.483429,3.930923,3.6627464,-1.4416125,7.527976,3.2090087,-0.057751384,-2.4024825,11.739264,-4.0361576,-1.2973592,2.1665614,-1.275126,-0.6044277,-0.00997323,0.18855548,0.49733555,0.9811186,2.2574716,-2.0092487,0.040731393,-0.47529325,-1.8773959,-0.15222928,-2.0025544,-0.07365604,-1.1719975,-0.99850637,-1.5386546,2.1760807,-1.4127936,-1.5942698,-0.93254626,-1.4704839,-2.206298,-0.4325834,-1.2771833,-1.714097,-0.85559475,-0.08369282,2.1593468,1.0964692,-0.13485953,-0.27466297,-0.04767661,2.204545,1.1782931,-0.6728569,1.018043,0.43119594,-0.25791776,-0.373312,-0.96279216,0.73536074,-0.73949325,-0.15075882,-1.3373002,-0.17951742,0.4040722,-0.013747895,-0.06445769,0.3127715,0.40279064,0.1592596,0.273556,-0.5859985,0.028781611
22,-2.8881998,-7.6141973,7.314425,4.343291,4.3191347,4.7757826,1.3540252,2.0379558,-2.9917536,1.5057931,5.823352,-1.3363565,5.1915984,2.580209,0.12887052,3.8424435,5.390976,0.9074451,-7.283289,-2.0681167,5.5165844,-4.0361576,11.685131,3.7467585,2.6467166,-1.9372559,-1.3637304,0.52788377,-0.38504928,-0.9554583,-2.5032492,-0.6558139,0.46819824,1.3769538,-2.6518192,-1.1163626,-0.62378633,-0.5234835,-1.061655,-0.38045424,0.9040047,0.26177385,1.5074096,0.060213856,0.73231316,1.6120836,-1.5226426,1.5236796,0.79206467,1.4096584,-0.674294,-0.1953087,0.45742437,-1.3112206,-0.5299722,0.144404,1.283596,0.37739044,-0.9340421,-0.95547664,0.5731982,-0.19759424,1.7922313,-0.16319466,1.100871,1.5814018,-0.22800276,1.2137327,0.24575396,0.15606828,0.99933076,0.5803737,-0.102120966,0.180836,-0.41928098,-0.9333874,-0.27900052,0.049435243,-0.15057808,0.016279211
23,18.149126,-1.0876744,-5.2472973,7.4014664,4.187106,3.1917036,0.7680232,9.016331,-4.1436825,-2.5786753,5.6339674,2.392344,-4.4412737,0.8767864,-5.3558264,2.9817972,1.8363135,-2.7165952,-1.4694474,-5.8610506,-4.3354597,-1.2973592,3.7467585,13.218044,-3.6150784,-1.1418147,-2.2400663,0.19984698,1.2573042,-1.0700772,-3.0696435,-1.0913484,3.9190633,0.34680414,-2.68043,-1.2820704,-1.6452308,1.812564,-0.8796401,-0.2882315,0.83628845,0.8806249,1.0102103,-1.6255479,-1.5777787,0.7665043,-0.6775012,1.7615819,-1.2844374,-0.71841735,0.57335913,-1.637497,0.45594037,-1.1862073,0.78792727,0.41416317,-0.6442098,1.3646724,-0.73052794,-0.3786726,0.8383483,0.6557976,0.3311687,1.0493767,-0.33409745,-0.3053677,1.3210578,0.26678878,0.06297476,0.46855628,-0.4166082,0.7674811,0.38346747,-0.21542433,0.65779746,0.12650977,0.19939783,0.88902223,-0.80173194,0.25988436
24,4.8456173,3.1313376,3.0316894,-4.6091013,-1.1757965,-1.3008596,6.4809837,0.5964699,1.5785174,-3.0706992,3.8522632,-1.3920808,2.977387,-1.7063915,3.4880142,2.807713,-3.1657028,4.9432344,-1.4340894,0.95399743,7.307794,2.1665614,2.6467166,-3.6150784,8.797159,-3.7459998,-1.234204,-2.4474063,0.4599892,-0.66012037,-0.25545102,-0.80431163,-4.661875,1.4166753,-1.6785294,-1.2982905,0.38600317,-0.41385928,-1.7009319,1.2818913,-2.228094,-0.5362325,0.67284274,0.7296035,1.2055876,0.98958933,-0.61653495,-0.12184891,2.244376,-0.6516696,-0.9162203,0.08595385,-0.010688247,0.30891463,0.46689302,0.47598416,-0.23151529,0.0030184526,-1.3251666,0.6374872,-0.5505874,-0.12195048,-0.35862267,-0.2083515,0.0393661,-0.11840148,-0.25967228,-0.41046375,-0.2255655,-0.12486529,0.26823848,0.19233051,0.43425697,0.412274,0.32667285,-0.20900437,0.21505845,-0.22832388,0.38419437,0.2642504
25,-3.8246138,-5.7043834,-0.86906415,9.284268,10.349554,0.93359333,0.05047641,1.216207,-2.4827075,5.1830397,-2.7135143,0.92392814,-0.6369343,-0.17605728,-2.4769268,-3.3140588,4.931651,0.5440439,-2.9932952,3.5555806,-0.35631543,-1.275126,-1.9372559,-1.1418147,-3.7459998,9.87005,3.1558905,-1.2195756,-1.534744,-0.04049658,-2.2267861,1.606756,2.5755625,-0.39925104,1.0021421,-0.33861506,0.5175856,-1.1470313,1.4502227,-1.4015689,1.1599252,-0.35046557,-2.1892953,0.5236068,1.0397468,0.2185703,0.7294643,-0.26463705,-0.058645435,1.6886699,0.5989324,0.5620289,-2.5667617,0.7307553,-0.17875573,-1.0071878,-1.1924887,-0.9214879,0.3283825,-1.3893661,-0.12632981,-0.37488747,-0.83662534,-1.376056,0.05726996,-1.1162027,0.24759763,-1.053827,-0.018478326,0.24434984,-0.9205017,-0.36027157,0.1222797,-0.2622167,-0.46199906,0.6801318,0.2614987,-0.52031374,-0.63472116,-0.097392276
26,5.9593973,-1.4972924,4.522855,1.2183156,1.5727203,-3.6386633,-4.6711903,0.9518746,-0.6635927,0.79541194,2.2232342,2.5363774,0.2769441,2.387434,1.9122498,-3.5410526,-0.058969364,-0.35767826,-1.7443402,1.6959713,-1.4950705,-0.6044277,-1.3637304,-2.2400663,-1.234204,3.1558905,5.0975037,-0.60428345,-2.3318796,1.6458049,-0.21956418,2.8432426,-0.04941102,-2.391251,0.9142506,-0.23667565,2.0184164,-0.9626685,0.9838737,0.5682972,2.725956,0.019165719,-0.80338126,-0.38118294,1.1157708,-0.17395031,-1.085536,0.41747454,-0.21088672,0.20283157,0.15268205,-0.15578273,-0.9092412,1.7733707,0.2611611,0.5467179,-0.4071013,-0.7764811,-0.42388043,0.15899286,-0.16285796,-0.70770645,0.49177897,0.08263952,0.16884917,-0.29941565,-0.60321283,-0.009400432,0.4931376,0.35341138,-0.15611875,-0.10020362,-0.18413097,-0.6702612,0.21563739,-0.29876637,0.17417389,-0.8945689,0.5109457,0.40705344
27,3.0305119,-3.2504752,-0.646998,-4.2033563,1.0532293,-0.7025217,6.5480475,0.40825182,1.4546874,0.21183693,1.3984494,0.02046876,-0.14902444,-1.4578943,2.6921606,3.363114,2.3999004,-0.7466639,-1.3864594,-1.7012565,-4.608973,-0.00997323,0.52788377,0.19984698,-2.4474063,-1.2195756,-0.60428345,8.353337,-1.8359162,0.48395985,0.9110182,1.563509,-2.3987708,-1.6924734,0.8256142,2.3024023,-2.1050014,-1.1454843,1.2218502,0.06642997,0.74166954,1.6627312,-1.6606925,1.2613437,-2.6161017,-0.9838808,-0.6679398,0.2823012,-2.0280468,-0.4030795,0.24524924,1.8246477,0.8747157,-1.3953853,-1.53902,0.22941582,1.0729767,0.82296616,1.1140304,-0.7901747,-0.31301802,-1.406553,0.3394906,0.60171664,0.4443162,0.8931033,-0.36763442,0.7239288,-0.46260774,-0.0069386605,-0.2501059,0.44536167,-0.14959002,0.08189663,-0.9548118,0.43635833,-0.30042958,0.21629262,0.045626644,0.022523459
28,4.707691,6.978386,-2.82229,1.9698026,-6.2545977,3.6353126,-3.411369,0.5374074,-1.5874693,-3.9624724,-3.6602798,0.24895692,-2.821427,-0.6781223,-2.102704,2.229735,0.39791167,-1.0987105,0.48144573,-3.6403823,2.0124054,0.18855548,-0.38504928,1.2573042,0.4599892,-1.534744,-2.3318796,-1.8359162,4.381293,0.7450725,1.1517484,-1.4720929,1.2658162,1.9378877,-0.73333335,1.1661127,-0.7789992,-0.7155031,-0.9003848,-1.714169,-1.864329,-0.85046715,-0.43920645,0.7790831,0.12144237,0.79378974,0.17627457,-0.8607842,-0.520193,1.1795566,0.45401138,-0.6073312,1.1198709,-0.060140844,0.854285,0.01568123,-0.370336,-1.1926498,-0.1027758,0.9956513,-0.006229219,0.4853302,-0.40853935,-0.13091518,-0.676214,-0.32183927,0.09348661,-0.22189462,0.18454169,-0.28907222,0.64006615,-0.3813979,-0.066262946,0.49768648,0.37671012,0.24653354,0.14076743,0.6263236,0.10186177,-0.7497304
29,9.236778,6.703277,0.79405004,0.48726413,-5.9692736,-2.6195712,-8.257011,0.42427766,-1.5930321,-3.7446303,-0.2516934,4.0654874,-0.19689313,1.9748502,0.6865754,-2.2506127,0.5873328,-0.7712003,-3.828185,-1.4492993,-2.128684,0.49733555,-0.9554583,-1.0700772,-0.66012037,-0.04049658,1.6458049,0.48395985,0.7450725,4.3762097,0.53411514,0.25299042,-0.23602048,-1.2719868,0.89948845,0.22853264,-0.25077856,-1.2608701,0.93866557,0.13036644,-0.27937907,0.5609694,-0.9004499,0.81151175,-0.028248452,1.3884118,-1.823054,-1.0752907,0.27454972,-0.2166087,-0.32008266,1.2782662,0.79202855,0.18160382,1.1018461,0.24483694,-0.4968733,-0.4577799,0.76974815,1.4037217,-0.6214161,0.083465815,1.2367722,-0.77764845,0.38608032,-0.07197592,0.07833274,-0.4875972,0.30531612,-0.813411,0.10003424,-0.16432807,-0.17470154,-0.17225349,-0.07030287,0.02587299,0.044907022,-0.28797185,-0.119411774,-0.41947937
30,-9.578819,1.8646605,-0.53191376,-0.36931708,-3.412025,2.5580795,-6.959183,-4.3582134,3.7256498,1.1342711,-5.3998938,-2.3410425,-0.60409236,0.5675856,-2.1043057,0.90260077,-0.64358175,-0.38335234,4.513482,1.1454947,1.4330803,0.9811186,-2.5032492,-3.0696435,-0.25545102,-2.2267861,-0.21956418,0.9110182,1.1517484,0.53411514,4.431536,1.0839463,-1.4324471,-1.8744817,0.7402129,1.1837867,0.13962293,-0.31886578,-0.17869376,-0.8319995,-0.049281623,-0.106242225,-0.5744455,0.49139237,-1.1510041,0.052277353,-0.25428063,-0.65192366,-1.024935,0.06944242,0.18180129,-0.5436858,1.4393339,0.14896277,-0.37066442,0.8859266,1.1025432,-0.29540688,0.56617033,1.2087225,-0.26290816,-0.1906524,0.10687575,0.6014823,-0.17563802,-0.09076666,-0.59418565,0.24295422,0.4843163,-0.25403035,0.4745074,-0.0068404377,-0.052273747,0.31510207,0.25111538,-0.072906524,-0.17495026,0.69543934,0.5090855,0.20513372
31,-4.5958924,-5.5327187,5.139902,5.4731092,7.787267,1.7973056,1.1922202,2.6798277,-0.2987127,4.2212477,-0.7866537,-0.5094073,-2.2980695,1.1346817,3.1472418,2.4513588,2.5346456,3.3457718,-0.4276823,1.5256264,0.20215347,2.2574716,-0.6558139,-1.0913484,-0.80431163,1.606756,2.8432426,1.563509,-1.4720929,0.25299042,1.0839463,5.6183505,-1.5357113,-1.7287283,0.72356504,0.6855813,0.76232946,-1.4123764,1.8160021,-0.32295313,1.7324876,0.32059994,-1.1159685,-0.3256335,0.12706897,0.25553462,-1.4778688,0.84581596,-0.9932101,0.52456415,0.9243109,-0.59514403,0.27799597,1.4842217,0.604825,0.92872596,-1.0418129,0.3558284,-0.11312939,0.21695271,0.13919711,-1.2179649,-0.009023914,1.4711353,-0.7593441,-0.06914848,-0.5360538,0.4309358,0.37958044,-0.17152122,0.4661373,0.3398155,-0.17350361,-0.23085822,0.6606151,0.07234739,0.31775668,0.14151233,0.27238485,0.1586687
32,-6.3994727,-1.7488627,-0.93368447,2.6189938,2.2235718,-0.51844263,-2.0624208,-1.2410549,-3.2479846,1.492322,-4.1449795,1.9244897,-0.28922307,1.0850339,-0.3110159,-4.06073,1.1007905,-1.3881701,-0.80266744,-2.484608,-4.215783,-2.0092487,0.46819824,3.9190633,-4.661875,2.5755625,-0.04941102,-2.3987708,1.2658162,-0.23602048,-1.4324471,-1.5357113,8.337778,1.3357353,0.43394637,0.9771925,0.67502415,0.9938714,0.90651107,-1.0104204,0.96512353,0.60183537,3.0158505,-0.12763964,0.36434975,-0.31413883,0.6850245,0.27417475,0.079357736,1.7592969,0.785021,-1.3560598,0.13826847,0.20193821,0.36504024,-1.3116707,0.09026331,-0.6578543,-0.15880156,0.295537,0.52024865,1.3143091,0.2101061,-1.0786387,-0.22988912,-0.89948785,-0.14526325,0.093014695,0.47696123,0.34986287,0.61190975,0.10748812,-0.52234435,0.45533335,0.122407764,-0.5027517,-0.19376388,0.899915,-0.50273436,0.19615576
33,-7.9797053,0.3749246,0.4484953,-2.0720663,-1.991966,-0.24447256,6.329317,0.9128983,-2.8854718,1.1047046,1.5463903,-1.4221244,-0.011767435,-2.9742308,2.5559158,1.6895096,-0.18183756,0.6406914,-0.4383614,-2.1788535,0.6509534,0.040731393,1.3769538,0.34680414,1.4166753,-0.39925104,-2.391251,-1.6924734,1.9378877,-1.2719868,-1.8744817,-1.7287283,1.3357353,4.8216705,-0.32438993,1.3326745,-0.3685359,-0.3730231,-0.007418162,-0.40397814,-2.1458116,-1.1847315,1.2289345,0.5714403,1.7716382,0.0062076324,1.1223607,-0.3912809,0.41332245,1.4210258,0.4486153,0.5358342,0.0020502484,0.06537005,0.708194,-1.3869917,-0.9292464,-0.40685695,0.046145342,-0.6890032,0.48981193,0.3609591,0.1350855,-0.150876,-0.6208959,0.7639165,0.1894438,0.14732203,-0.3823008,-0.0729485,0.014429264,-0.71729434,-0.027244374,0.047109798,0.18226194,0.028828153,0.16834629,0.23124194,0.06923771,-0.9357759
34,-3.8125286,-1.9250512,-1.1606601,-1.9360389,-0.4023324,-1.3404949,-0.697475,-3.6499257,1.9958334,-0.06559095,-3.4976091,1.1625731,0.59047616,0.32569826,1.6370089,-2.3023787,-0.7269989,-0.2284657,1.1320753,1.8165054,-1.6714523,-0.47529325,-2.6518192,-2.68043,-1.6785294,1.0021421,0.9142506,0.8256142,-0.73333335,0.89948845,0.7402129,0.72356504,0.43394637,-0.32438993,2.527583,1.3996464,0.332838,0.18796703,2.2287397,1.0413482,-0.04177562,0.81154174,-0.18313682,0.7561841,0.24535558,0.038209945,0.23606111,-0.3206631,0.19506669,0.083634615,0.4924971,1.1884694,0.20556207,0.56554234,-0.24565783,-0.6947439,-0.109302506,0.04384043,0.31951553,0.31853867,0.109604426,-0.2032027,0.37292776,-0.06994288,-0.23143816,-0.3022262,-0.29868263,0.02532498,-0.3338387,0.18087712,0.16721067,0.3166053,-0.12518628,0.19234082,-0.16680214,-0.04555444,0.017594585,0.11668891,-0.18023069,-0.3156478
35,-6.88304,-1.8238096,0.19284241,-4.2553663,-2.9071803,-1.6596587,1.0815418,-2.4790838,-0.16804309,0.7595879,-0.46491808,0.5171896,-0.07476327,-1.8817114,3.110242,0.62278557,-0.028299231,-0.83183634,0.17781004,-2.2529588,-2.1911085,-1.8773959,-1.1163626,-1.2820704,-1.2982905,-0.33861506,-0.23667565,2.3024023,1.1661127,0.22853264,1.1837867,0.6855813,0.9771925,1.3326745,1.3996464,4.413705,-0.33619875,-1.0668734,1.1092684,-0.054823384,-0.42482594,0.7457483,-0.5619553,2.3624554,0.09345855,-0.025484744,0.3238197,0.19727822,-1.153445,1.6432631,1.6159906,0.79423404,1.3015943,-0.0629947,0.15058067,-0.3850658,-0.2675483,-0.72226596,-0.37914932,0.2700446,-0.034930445,-0.87488186,-0.2607931,0.36117673,-0.74628854,-0.027482545,-1.0217927,0.3231592,0.065979004,0.53172433,0.108708344,-0.10613652,-0.109551966,0.37503117,0.07154517,0.009039573,0.03868071,1.0502751,0.61283374,-0.085086875
36,-2.1927977,-0.8280554,3.2048378,-1.3952069,-0.345936,-2.0996597,-2.1255908,-1.4314361,0.14047366,1.102263,1.0401723,-0.014873625,0.8128954,1.1513064,1.509247,-2.4339964,-1.8913615,0.031673387,1.388206,1.3843355,0.46368504,-0.15222928,-0.62378633,-1.6452308,0.38600317,0.5175856,2.0184164,-2.1050014,-0.7789992,-0.25077856,0.13962293,0.76232946,0.67502415,-0.3685359,0.332838,-0.33619875,1.8155575,0.13122937,0.11411199,0.45358837,1.214498,-0.6702563,0.86905,-0.61609715,1.1100098,-0.6912252,0.12193988,0.36469978,0.31105685,0.3672906,0.03310013,-0.885996,-0.27469224,1.2020407,0.1534872,-0.013158398,-0.0131375315,-0.4670797,-0.52297705,0.14940026,0.16954052,0.038926028,0.15926975,0.24009252,-0.104195714,-0.23734581,-0.308739,0.24216072,0.31786507,0.35092384,0.454821,0.1910417,-0.07969583,-0.07529205,0.32289463,-0.41620988,0.09101454,-0.36733612,0.26662123,0.09067725
37,-2.306148,-3.0112333,-4.0761356,-0.88063264,0.47443438,0.49915215,-1.6148639,-2.689782,2.635334,-0.6203088,-1.0474579,0.42498028,1.1228452,0.783701,-2.4439898,-1.5329323,-2.4037025,-1.7542026,2.7091742,1.5615311,-0.38796836,-2.0025544,-0.5234835,1.812564,-0.41385928,-1.1470313,-0.9626685,-1.1454843,-0.7155031,-1.2608701,-0.31886578,-1.4123764,0.9938714,-0.3730231,0.18796703,-1.0668734,0.13122937,3.1983576,0.5278888,1.707279,-0.5331044,1.2639877,0.89430845,-0.8017504,0.11196315,0.19387192,1.0235083,0.8484256,1.2199697,-1.4149084,0.43722874,-0.09781306,-0.116227716,-0.8494812,-0.444627,0.007958876,-0.21699357,1.6421704,-0.66840696,-0.044196226,0.45341676,0.38373816,-0.31822783,0.45196742,-0.16676655,0.017674193,0.32953885,0.054528452,-0.24222383,0.2622276,-0.13982192,-0.016755227,0.13575968,0.12703782,0.43264955,-0.08719902,-0.038670536,0.035691343,-0.19016701,0.33642298
38,-4.557307,-4.7302804,-0.90029776,2.1191497,3.2689986,0.11621159,0.10808009,0.43962914,0.9051477,1.1650429,-0.7484348,1.3118665,-0.60164696,0.019741599,1.3759196,0.7296427,0.86611176,0.25710738,0.6989218,1.0659115,-1.5350308,-0.07365604,-1.061655,-0.8796401,-1.7009319,1.4502227,0.9838737,1.2218502,-0.9003848,0.93866557,-0.17869376,1.8160021,0.90651107,-0.007418162,2.2287397,1.1092684,0.11411199,0.5278888,4.016316,1.5248313,-0.40867445,1.6756729,0.119853705,0.9645478,0.68278754,1.0594893,-0.5133265,-0.14795306,0.53780603,0.1897715,0.96144557,1.7782371,0.058216535,1.1070963,-0.5840876,-0.84148175,-0.69847655,0.63883686,0.12312281,0.4216593,0.41171265,-0.58843637,1.2285614,0.18321039,-0.58307004,-0.30904043,-0.22509588,0.17198074,-0.6261404,0.2837854,0.42340535,0.45532888,-0.09521583,0.46438187,0.2995476,0.07650319,0.26031154,0.08802134,-0.39502007,-0.61183083
39,0.7198937,-2.4794888,-0.4261658,-4.1715736,-1.0884784,-3.7683575,-0.3044385,-0.2557762,1.6153734,-1.1519227,5.03876,1.7171266,1.6337483,0.05259625,1.4085197,-0.9961672,-3.166643,-0.51248926,1.0197899,1.1951358,-0.8718574,-1.1719975,-0.38045424,-0.2882315,1.2818913,-1.4015689,0.5682972,0.06642997,-1.714169,0.13036644,-0.8319995,-0.32295313,-1.0104204,-0.40397814,1.0413482,-0.054823384,0.45358837,1.707279,1.5248313,3.0493193,-0.41713625,1.6005962,0.5378171,0.38931623,0.5344991,0.5414401,-0.024697252,0.54575115,1.4309261,-1.442658,0.22857097,1.2545071,-0.09819573,0.16883877,-0.3466817,-0.14427437,-0.41275895,1.0375373,-0.9596453,0.3472311,0.10465096,-0.30878264,0.3350261,0.2404266,-0.11400406,-0.28808463,-0.1517264,-0.04880245,-0.56971014,0.624804,-0.14918777,0.55067945,0.24247041,0.1897802,0.19403553,-0.21186641,0.123596326,-0.17469701,-0.06794087,0.22154513
40,6.602867,-2.9551668,3.4128096,0.8140619,2.6725616,-0.3309107,-0.6569639,0.49473017,-0.14300722,0.3962368,0.50525343,0.5615899,0.084338084,2.4863453,0.65497553,-1.717371,0.80030787,-0.9510911,-0.6261808,0.19889036,-1.3845903,-0.99850637,0.9040047,0.83628845,-2.228094,1.1599252,2.725956,0.74166954,-1.864329,-0.27937907,-0.049281623,1.7324876,0.96512353,-2.1458116,-0.04177562,-0.42482594,1.214498,-0.5331044,-0.40867445,-0.41713625,3.3963346,-0.27957505,0.16395238,-1.2352326,-0.34174743,-1.2771084,-0.5103885,0.96158516,-1.2228494,0.28314734,-0.2583713,-1.3568549,-0.43603146,0.8252183,-0.52085567,0.5648277,1.0295112,-0.62446666,-0.2785396,-0.47081876,0.23145482,-0.26877677,0.22187826,0.45177162,0.43745854,0.016939964,-0.44854608,0.6904671,0.45213398,0.56245327,0.2721635,0.44473255,-0.29907405,-0.4535243,-0.23748173,-0.4924798,-0.1611546,-0.41401786,0.29041272,0.5429784
41,-0.007283166,-3.47991,-1.9528465,0.60404944,2.573318,-0.14254478,-0.39063552,0.413216,1.2971606,-1.058239,-0.4244355,2.183112,0.6345516,0.32917053,0.12786345,0.6409674,0.4539149,0.1431346,-1.2858628,-0.18239993,-1.2187498,-1.5386546,0.26177385,0.8806249,-0.5362325,-0.35046557,0.019165719,1.6627312,-0.85046715,0.5609694,-0.106242225,0.32059994,0.60183537,-1.1847315,0.81154174,0.7457483,-0.6702563,1.2639877,1.6756729,1.6005962,-0.27957505,2.8500407,0.021754567,1.0175242,-0.60636973,1.3517026,-0.55636203,0.44922912,0.85012394,-0.9496216,0.617066,1.0230966,0.19919693,-0.5031438,-0.54527885,0.2892905,-0.12342752,0.88646793,-0.80613434,0.7079847,-0.12817729,-0.3490846,-0.19472134,-0.2892756,-0.11339638,-0.5341006,-0.5942428,-0.23178142,-0.31015074,0.34894344,-0.21457925,0.17402917,-0.12710693,0.3805929,0.042688563,-0.06789978,-0.10301946,0.5093572,-0.051755406,0.79431975
42,-9.846647,-0.75492895,2.0498223,-2.8841002,2.1110072,-2.8899012,3.7251139,-0.18425989,-0.040422093,2.5281708,0.47369888,-1.4516269,1.6379437,-0.41135633,2.4908097,-1.2343433,-2.1817298,2.409975,1.398335,-0.5088901,-1.91681,2.1760807,1.5074096,1.0102103,0.67284274,-2.1892953,-0.80338126,-1.6606925,-0.43920645,-0.9004499,-0.5744455,-1.1159685,3.0158505,1.2289345,-0.18313682,-0.5619553,0.86905,0.89430845,0.119853705,0.5378171,0.16395238,0.021754567,4.50182,-0.77101576,0.1366694,-0.37853697,-0.29813248,-0.157734,0.83292294,-0.079974785,-0.69130576,-0.8644088,0.35895282,0.73066497,0.1305197,-0.8700612,0.9587394,0.32941338,0.33971548,0.5197996,0.30656564,1.2642331,1.4547563,-0.45903087,0.20162773,-0.050124362,-0.09083269,0.38560316,0.14115673,-0.011941256,0.29087,0.36592066,-0.18030585,0.14581323,0.26498562,-0.86732495,-0.23939201,0.65441465,-0.17974746,0.52068156
43,-2.9415421,-0.78735787,-1.1343253,-1.5008786,-0.92796624,-1.0539441,-0.27324814,-1.2316658,0.43794778,-0.11960843,0.8002622,0.69866514,1.2009792,-1.6677592,0.4243704,0.71950364,0.5687585,0.23427634,-1.2001659,-0.6339887,0.5145155,-1.4127936,0.060213856,-1.6255479,0.7296035,0.5236068,-0.38118294,1.2613437,0.7790831,0.81151175,0.49139237,-0.3256335,-0.12763964,0.5714403,0.7561841,2.3624554,-0.61609715,-0.8017504,0.9645478,0.38931623,-1.2352326,1.0175242,-0.77101576,2.616863,0.01900409,1.1466823,-0.21618658,-0.3680927,0.15649523,0.93852973,0.7381271,1.4661449,0.5381117,-0.24628094,-0.24911717,-0.42018127,-0.062044516,-0.494953,-0.36836153,0.47688824,-0.41240036,-0.6235836,0.13867092,-0.63303363,-0.1479678,-0.58155656,-0.58201146,-0.36823595,-0.18035619,0.38858178,-0.12935185,0.1994931,0.25330937,0.6255119,-0.14427406,0.15457055,0.08448017,0.7105161,0.07947728,-0.0027748432
44,-2.187001,-1.4362078,2.2231798,0.15948552,-1.1204021,-0.5180048,-0.9311509,-0.7186798,-1.0175902,0.26158664,1.0432701,0.532714,1.2394085,0.39498022,1.5012286,-1.1002736,-0.48707977,-0.32527632,-0.9777618,0.67642486,1.920794,-1.5942698,0.73231316,-1.5777787,1.2055876,1.0397468,1.1157708,-2.6161017,0.12144237,-0.028248452,-1.1510041,0.12706897,0.36434975,1.7716382,0.24535558,0.09345855,1.1100098,0.11196315,0.68278754,0.5344991,-0.34174743,-0.60636973,0.1366694,0.01900409,2.427981,0.49745125,0.31406656,0.228922,0.93568844,0.8452251,0.51296276,0.31692263,-0.49443743,0.8132571,0.52718866,-0.42784798,-1.0183619,-0.28627393,-0.6262833,-0.2710384,0.40089172,-0.18085001,0.3767123,0.13526534,-0.3485385,0.54632545,-0.14853264,0.14462173,0.0076341685,0.119941875,0.16833043,-0.6393597,-0.070349336,-0.25366285,0.4764562,-0.20747872,0.26085192,-0.5709074,0.35585803,-0.52785575
45,-0.87485105,-1.4377822,-1.9719788,6.4023046,2.503014,2.9983103,-4.7033043,1.8655254,0.5747323,-0.32251507,-0.904974,0.9193851,0.5044206,0.5926955,-3.297829,1.768434,2.158671,0.9341051,-2.2196705,0.20836224,2.4867842,-0.93254626,1.6120836,0.7665043,0.98958933,0.2185703,-0.17395031,-0.9838808,0.79378974,1.3884118,0.052277353,0.25553462,-0.31413883,0.0062076324,0.038209945,-0.025484744,-0.6912252,0.19387192,1.0594893,0.5414401,-1.2771084,1.3517026,-0.37853697,1.1466823,0.49745125,3.188536,-1.40681,-0.364367,0.9268296,-0.13815078,0.31498468,1.1503339,0.20984021,0.07553282,0.4127813,0.27731335,-0.45830098,0.3749087,-0.325979,0.9586705,-0.03601204,-0.08550468,1.1492934,-0.41564217,-0.07464741,-0.17194343,-0.11977736,-0.5130666,-0.040352575,-0.11364193,-0.54703224,-0.3180015,0.26097837,-0.013355607,0.50557864,-0.08811395,0.15660176,0.5991348,-0.028936464,0.2631695
