,0,1,2,3,4,5,6,7,8,9,10,11,12,13,14,15,16,17,18,19,20,21,22,23,24,25,26,27,28,29,30,31,32,33,34,35,36,37,38,39,40,41,42,43,44,45,46,47,48,49
0,160.51997,146.75122,-0.8518975,0.008245826,-0.004841469,0.00042572932,0.0006011111,0.00083407364,0.0018590554,-0.0008124862,0.00026081852,-0.00044118817,0.00018663674,0.0005053603,-0.00050155504,-0.00046119373,1.6674814e-05,-0.0001176659,0.0001742722,9.058129e-05,4.7268135e-05,0.0003782208,-0.0002001895,-0.000109450935,-0.00012475553,-9.8976225e-06,7.6211036e-05,-0.00013792451,-0.000110686036,-4.533716e-05,1.502399e-05,6.443499e-05,1.205724e-05,-9.321503e-05,6.9468006e-05,-8.1226004e-05,6.4885708e-06,-4.6352034e-05,4.7674737e-05,4.2219424e-05,2.4239562e-05,3.3074248e-05,1.9125337e-05,0.000117821735,2.8872308e-05,-3.4794182e-05,-6.81439e-05,-2.6775193e-05,7.481578e-05,4.4548822e-05
1,146.75122,134.21268,0.0993091,0.0011810362,-0.0022122068,6.484062e-05,-0.00041364337,0.0003935798,0.0010716415,9.165666e-06,0.00017793017,-0.00048012752,7.9325066e-05,0.0005667311,-0.0003731453,-0.0002084616,0.000109474946,-0.000395582,6.6213586e-05,0.00012030768,2.2598557e-05,0.00029535533,-0.00019382483,-0.00011092375,-8.8451074e-05,-4.714358e-06,1.7478014e-05,-0.00012809705,-6.611087e-05,-3.8812996e-06,4.8815877e-05,6.982069e-05,7.11004e-07,-9.941668e-05,-7.2356734e-06,-5.648002e-05,-3.606068e-06,-1.5287182e-05,1.5886166e-05,6.693297e-05,9.827259e-06,3.817831e-05,6.035094e-06,8.865135e-05,2.8922486e-05,-4.407708e-05,-5.768839e-05,-1.167735e-06,7.244566e-05,2.7913084e-05
2,-0.8518975,0.0993091,16.421951,0.00029669638,0.000500445,-0.00038909202,-0.00038388305,0.00058585836,0.000117202406,-0.00013109538,0.0002718541,-0.00030294596,0.00011539567,-1.8953066e-05,-7.1547605e-05,0.00016807452,9.2175294e-05,-3.4610028e-05,-2.4200555e-05,0.00017960205,-6.937451e-05,1.09371795e-05,-6.967436e-05,-7.962639e-05,2.3507728e-05,-1.8630733e-05,-8.3380655e-05,5.7809713e-05,4.0235966e-05,9.321032e-05,4.4905257e-05,9.547892e-06,5.2159427e-05,-5.794358e-05,-2.7332622e-05,1.1116041e-05,-1.0939571e-05,-2.364957e-06,-2.8531136e-05,1.2425434e-05,-6.1979576e-06,-8.002512e-06,1.5597663e-05,-8.657386e-06,3.2770622e-05,1.53622e-05,9.035202e-06,3.3095952e-05,-1.3433419e-05,-1.1019844e-05
3,0.008245826,0.0011810362,0.00029669638,0.021890242,-0.004193343,0.0013812992,0.0022961977,0.0003615229,0.0030632764,-0.000535647,-0.00054141093,5.830264e-05,0.0004985527,-0.0003371613,-0.00062676385,4.8076938e-05,-0.00021019537,0.0004057263,0.00024025395,-0.00013756058,-9.851594e-05,-6.8237814e-06,-4.9893137e-05,0.00034520024,-0.00011544902,-0.00016109613,0.00020633459,5.4222255e-05,-3.9920713e-05,-0.00014356077,-0.00023216361,6.342927e-05,-3.1080483e-05,-1.017611e-05,6.4516564e-05,-2.0667885e-05,-6.354666e-05,2.6731697e-05,9.182643e-05,2.599288e-06,2.7876038e-05,-4.7460017e-05,-5.3522752e-05,3.398049e-05,-6.0029826e-05,-3.936548e-05,-1.5581969e-05,-5.0389055e-05,2.6432172e-05,2.5168083e-06
4,-0.004841469,-0.0022122068,0.000500445,-0.004193343,0.013197271,0.0012981177,0.0008049761,-0.0022377921,-0.0006311608,0.0013851025,-0.001234558,0.00020064431,5.38904e-05,-0.00016624713,-4.432012e-05,-0.00032765034,-0.0006904312,0.0002991942,0.0002291688,-0.0003024178,0.00019958909,-9.110171e-05,0.00034826895,0.0005585116,-0.00016983831,-0.00033044274,0.00011344663,-7.3582836e-05,-5.5949364e-05,-0.0002001342,-0.0002022695,-6.07493e-05,-0.00017355854,0.00029740293,8.445133e-05,4.3370765e-05,-3.513287e-05,-3.9453473e-05,0.00013880528,-4.9750847e-06,4.429026e-05,-1.1320979e-05,-0.000101120044,8.027378e-05,-9.105244e-05,-8.609242e-05,-7.0016504e-05,-0.000113117305,7.104818e-05,4.8301386e-06
5,0.00042572932,6.484062e-05,-0.00038909202,0.0013812992,0.0012981177,0.0031560545,0.00037220056,0.00065281615,-0.00034973287,0.00022479617,-0.00025910552,0.00015653697,0.00052669196,-0.00054212945,0.0006626381,0.00036562106,0.00024969177,0.0004315037,-0.00025346462,7.053286e-05,0.00022285052,-0.0004613719,-5.443626e-05,0.0002840433,-4.2020372e-05,-0.00013958913,1.1675967e-05,0.0001790605,9.824522e-05,5.3833275e-05,-7.571333e-06,-4.0643004e-05,7.133176e-05,0.00011366914,4.2060048e-05,-3.207696e-05,-4.0148974e-05,-6.6679204e-06,-7.898918e-06,-0.00010512008,-5.384512e-05,4.093616e-05,-6.9402784e-05,-5.3253707e-06,2.4980029e-05,-1.38446285e-05,2.0739976e-06,1.583758e-05,-4.4414315e-05,8.911205e-06
6,0.0006011111,-0.00041364337,-0.00038388305,0.0022961977,0.0008049761,0.00037220056,0.0019792593,-0.00015808143,-0.0003787709,-0.000629345,6.1664025e-05,0.0005806221,-0.0003321428,-0.0003643357,0.000162387,-0.0005678667,-6.655602e-05,0.00014115774,0.00017284064,0.0001500464,0.0001971969,0.00028774847,-0.00010123363,0.00022558866,-0.00012696823,5.925511e-06,5.8899386e-05,9.615266e-05,-4.790473e-05,3.450147e-05,-5.1719064e-05,-4.3132874e-05,2.3639586e-05,1.7658336e-05,-9.0470385e-06,3.5809415e-05,-6.5956876e-05,5.9652255e-05,1.8347731e-05,3.873778e-06,6.370564e-05,2.5658184e-05,-3.3694356e-05,-2.1010655e-05,3.573066e-06,5.2377363e-06,-4.7097474e-05,-4.1604435e-06,1.26765635e-05,1.488741e-05
7,0.00083407364,0.0003935798,0.00058585836,0.0003615229,-0.0022377921,0.00065281615,-0.00015808143,0.001586957,-0.0005737493,3.893153e-05,0.00032197178,-0.00035980548,0.00030641357,-0.00025673947,-0.00021341078,-6.65358e-05,-6.604044e-05,0.00046021232,-4.9462702e-05,0.00027860087,3.8160477e-05,-0.00015040938,-9.9209654e-05,-8.1060614e-05,6.91763e-05,6.868677e-05,-0.0002462198,7.810145e-05,1.0004323e-05,0.00010114087,4.0130103e-06,-1.7284898e-05,2.9832496e-05,-4.135733e-05,6.112551e-05,-3.3965046e-07,-2.5582096e-05,-1.2942895e-05,-2.925672e-05,-2.7613321e-05,-3.6894933e-05,7.5305597e-06,3.7406076e-05,-2.071953e-05,-2.0008167e-05,1.5766125e-06,-9.011807e-06,4.8165784e-05,-1.11996815e-05,5.6549184e-06
8,0.0018590554,0.0010716415,0.000117202406,0.0030632764,-0.0006311608,-0.00034973287,-0.0003787709,-0.0005737493,0.0017877321,0.0007312064,-2.4305855e-05,-0.00032949366,-0.00012425781,6.0761307e-05,0.00011147522,-7.8027224e-05,0.00018772809,-0.00023726717,2.2368255e-05,-0.00032567652,6.774807e-05,-5.7863486e-05,9.9532925e-05,5.452143e-07,9.8516255e-05,3.2364875e-05,8.401955e-05,-0.00013814174,-1.566824e-05,4.496396e-05,7.386533e-05,-1.941268e-05,3.4144e-06,5.1178562e-05,-6.251369e-05,1.2306651e-05,2.4196808e-05,-3.4933448e-05,-3.727493e-06,1.7698894e-05,-3.571847e-05,3.1587377e-05,1.3732804e-05,3.300549e-05,2.7441298e-05,-2.2482178e-05,-4.2816023e-06,-3.1131458e-05,7.0667547e-06,-3.8714134e-06
9,-0.0008124862,9.165666e-06,-0.00013109538,-0.000535647,0.0013851025,0.00022479617,-0.000629345,3.893153e-05,0.0007312064,0.002345896,-0.00021646057,-0.00012462318,0.00026718192,-0.00034001877,-0.00027665956,-4.782018e-06,8.270868e-05,-0.00010852498,0.00019550385,3.8044738e-05,1.1726036e-07,8.282763e-06,-0.00015459958,8.2702885e-05,0.00014557611,9.661471e-06,-0.00015925441,7.376257e-05,2.6210573e-05,0.00014014287,1.9057836e-05,3.3613047e-05,3.6396745e-05,1.0967826e-05,-9.085593e-05,-4.2546064e-05,-5.96552e-06,-2.0135423e-05,-3.450794e-05,4.676087e-05,-2.634341e-05,3.630625e-05,-2.9394516e-06,-2.4286204e-05,1.8335091e-05,-7.659632e-06,4.9476953e-06,1.0592132e-05,3.262765e-05,-9.216164e-07
10,0.00026081852,0.00017793017,0.0002718541,-0.00054141093,-0.001234558,-0.00025910552,6.1664025e-05,0.00032197178,-2.4305855e-05,-0.00021646057,0.0011607518,0.00018572042,-0.00036482787,-6.271925e-05,-0.0001261871,-0.00021637154,6.0240105e-05,1.0350131e-05,3.2225827e-05,-0.00013466968,-4.115745e-05,-0.00033526102,-6.5349275e-05,-3.3189463e-05,5.5094447e-06,-4.780615e-05,-0.00013233391,1.6917686e-05,5.746582e-05,6.44801e-05,7.534774e-05,-7.457817e-05,1.0966181e-05,6.466575e-05,-4.4644934e-05,1.4076068e-05,3.2494143e-05,-3.1697193e-05,4.7188743e-05,2.0836456e-05,6.552627e-05,4.2403866e-05,-2.9029543e-05,-1.08880395e-05,-1.698575e-05,1.7170707e-05,-5.501541e-06,-2.2588063e-05,3.21377e-05,1.7875429e-05
11,-0.00044118817,-0.00048012752,-0.00030294596,5.830264e-05,0.00020064431,0.00015653697,0.0005806221,-0.00035980548,-0.00032949366,-0.00012462318,0.00018572042,0.0019001656,0.0001780143,-7.40157e-05,-0.00019151263,0.000110498295,0.00019167647,-2.3034841e-05,6.472663e-05,-0.00016857851,-2.6886926e-05,3.289389e-05,-1.6206155e-05,-1.0544958e-05,8.121479e-05,3.1749936e-05,1.2477847e-05,-1.232371e-05,1.1125454e-05,5.8488265e-05,-3.6538288e-06,4.6404466e-06,3.6181405e-07,4.5601173e-08,-4.2185202e-05,-3.141931e-05,9.053951e-06,1.6923757e-05,-1.700034e-05,4.8790753e-05,-6.200558e-05,-5.5883947e-06,4.432191e-07,1.8200324e-05,2.73199e-05,-3.8043036e-06,2.7394824e-05,-1.295238e-05,4.7273338e-07,5.9446957e-06
12,0.00018663674,7.9325066e-05,0.00011539567,0.0004985527,5.38904e-05,0.00052669196,-0.0003321428,0.00030641357,-0.00012425781,0.00026718192,-0.00036482787,0.0001780143,0.0010815078,0.000310299,-7.6787954e-05,-0.00013272787,6.1413564e-05,0.000121836216,-0.00011400442,1.5356525e-05,-6.0273225e-05,7.181009e-08,-9.690111e-05,-4.8105132e-05,-9.481519e-05,-9.83682e-06,-1.8766174e-05,-3.0299221e-05,-3.7430684e-05,3.840736e-05,1.3582827e-05,-4.3085878e-05,-1.1663914e-05,3.419359e-06,1.40633965e-05,-6.053324e-08,0.000101407684,-2.3557513e-05,-3.3455726e-05,-2.3805692e-06,-2.3107637e-05,-1.9799158e-05,-1.2241415e-05,-1.2251719e-05,-1.15376915e-05,-4.651224e-06,4.138684e-05,1.9383986e-06,5.7345424e-06,-1.7787113e-05
13,0.0005053603,0.0005667311,-1.8953066e-05,-0.0003371613,-0.00016624713,-0.00054212945,-0.0003643357,-0.00025673947,6.0761307e-05,-0.00034001877,-6.271925e-05,-7.40157e-05,0.000310299,0.0012263827,-0.00017284167,-4.0629853e-05,6.4819775e-05,-6.719139e-05,0.00014113441,-9.855061e-05,0.0001931492,-9.184603e-05,1.5945558e-05,4.577519e-05,-9.062029e-05,-5.6796453e-05,7.747843e-06,7.2782227e-06,-3.706209e-05,2.6273907e-05,4.5744648e-05,5.3910742e-05,1.938367e-05,-4.68585e-05,2.519655e-05,6.0558773e-06,-5.0337898e-05,3.548924e-05,5.1928037e-05,2.0093838e-05,-1.5843007e-05,-3.70306e-06,-1.2967344e-05,4.2371125e-06,1.7821289e-05,2.480617e-05,1.5667858e-06,-4.1250773e-06,1.5701022e-07,-8.589735e-06
14,-0.00050155504,-0.0003731453,-7.1547605e-05,-0.00062676385,-4.432012e-05,0.0006626381,0.000162387,-0.00021341078,0.00011147522,-0.00027665956,-0.0001261871,-0.00019151263,-7.6787954e-05,-0.00017284167,0.0011582124,-2.5707406e-05,0.00019338928,-3.3504825e-06,0.00017294812,-0.00018770905,-2.0136513e-05,-2.3101427e-05,-6.773077e-05,4.329342e-05,-2.1165077e-05,1.2432899e-05,6.314469e-05,-1.1947457e-05,1.3303934e-05,4.4952736e-05,7.06437e-05,-1.5629968e-05,8.508302e-06,-6.880223e-05,2.7821741e-05,8.088004e-06,2.892763e-05,1.920395e-05,-3.2407017e-05,-3.9874692e-07,-4.924939e-06,-1.7129479e-06,2.414329e-05,-6.1811647e-06,1.0007157e-05,-7.188612e-06,1.1100458e-05,4.1202748e-06,-9.362121e-06,-2.9286693e-06
15,-0.00046119373,-0.0002084616,0.00016807452,4.8076938e-05,-0.00032765034,0.00036562106,-0.0005678667,-6.65358e-05,-7.8027224e-05,-4.782018e-06,-0.00021637154,0.000110498295,-0.00013272787,-4.0629853e-05,-2.5707406e-05,0.001172558,5.057826e-05,1.3570794e-05,0.00010151519,5.3756914e-05,-2.7139376e-05,-0.00015369672,-1.0265141e-05,-5.902254e-05,-9.620844e-06,7.3954598e-06,7.274088e-05,-3.0707175e-05,-2.6641263e-05,-4.4567445e-05,-6.998572e-05,6.7898654e-05,4.6759997e-05,2.0669304e-05,-2.790094e-05,1.6658476e-05,-3.6322414e-05,2.8131213e-05,-4.1880932e-05,1.3245162e-05,2.9247356e-05,-4.5983106e-06,-5.641912e-06,1.3872523e-05,-1.6924132e-05,3.1651674e-05,-3.5285882e-06,3.6749663e-07,-1.00058905e-05,-1.30967455e-05
16,1.6674814e-05,0.000109474946,9.2175294e-05,-0.00021019537,-0.0006904312,0.00024969177,-6.655602e-05,-6.604044e-05,0.00018772809,8.270868e-05,6.0240105e-05,0.00019167647,6.1413564e-05,6.4819775e-05,0.00019338928,5.057826e-05,0.0010168031,-0.00013743716,-4.3650813e-05,0.00018953971,0.00010185057,5.9463804e-05,8.420555e-05,6.0862905e-05,-1.8037896e-05,-7.4598756e-05,-0.00011807194,-2.7717508e-05,-1.7535813e-05,-3.966894e-05,1.4396532e-05,4.216347e-05,-3.3125318e-05,2.018241e-05,1.984128e-05,8.068422e-06,1.9586956e-05,-4.13601e-05,8.670215e-06,-1.5065114e-05,2.0872933e-05,1.6215023e-05,2.4330172e-06,-1.5719306e-05,-1.5386933e-05,-1.6434167e-05,-1.3652314e-05,-1.0190825e-05,1.420276e-05,-4.4517205e-06
17,-0.0001176659,-0.000395582,-3.4610028e-05,0.0004057263,0.0002991942,0.0004315037,0.00014115774,0.00046021232,-0.00023726717,-0.00010852498,1.0350131e-05,-2.3034841e-05,0.000121836216,-6.719139e-05,-3.3504825e-06,1.3570794e-05,-0.00013743716,0.0006187848,0.00022602119,-3.3805293e-06,7.627233e-05,-3.557963e-05,0.00018404785,-7.87279e-06,1.9095376e-05,2.0538522e-05,-7.3536095e-05,-5.77951e-05,-2.2252929e-05,-2.156633e-06,4.6099965e-05,2.7450793e-05,8.2299375e-06,3.8498292e-05,-1.8721563e-05,1.1268601e-05,1.215335e-05,-3.9063765e-05,3.1076073e-05,-1.1310358e-05,-7.729379e-06,2.7570104e-05,4.8184364e-05,-1.333388e-05,-1.5813472e-05,2.080081e-05,8.78124e-06,2.098389e-05,1.6953054e-06,-1.9281908e-05
18,0.0001742722,6.6213586e-05,-2.4200555e-05,0.00024025395,0.0002291688,-0.00025346462,0.00017284064,-4.9462702e-05,2.2368255e-05,0.00019550385,3.2225827e-05,6.472663e-05,-0.00011400442,0.00014113441,0.00017294812,0.00010151519,-4.3650813e-05,0.00022602119,0.0007924633,2.6710826e-05,-1.6565808e-06,5.7315126e-05,-0.00012329998,-9.65502e-05,1.3957248e-05,-3.1085954e-05,-5.2880256e-05,-3.904634e-05,-4.6028246e-05,1.5424699e-05,4.105975e-05,4.7735637e-05,-2.2235715e-06,-5.2728326e-05,7.462223e-06,-2.5663267e-06,-1.8856934e-05,-3.2336913e-05,5.103582e-05,4.0797117e-06,1.2781851e-05,-1.5592737e-05,-2.8359096e-05,-1.2254648e-06,8.385137e-06,-1.5992675e-05,-2.3902087e-06,-1.0789607e-05,2.618647e-05,5.737329e-07
19,9.058129e-05,0.00012030768,0.00017960205,-0.00013756058,-0.0003024178,7.053286e-05,0.0001500464,0.00027860087,-0.00032567652,3.8044738e-05,-0.00013466968,-0.00016857851,1.5356525e-05,-9.855061e-05,-0.00018770905,5.3756914e-05,0.00018953971,-3.3805293e-06,2.6710826e-05,0.0006915748,-2.0997097e-05,7.7205885e-05,-1.8115894e-05,4.129309e-05,1.9136336e-05,-6.4218784e-06,0.00010883999,-2.5436766e-05,1.5891701e-06,2.6742415e-05,6.975322e-05,-3.2433032e-05,-2.6854257e-05,3.781392e-06,5.63086e-06,9.622183e-06,-4.042455e-05,1.6355987e-05,4.600879e-05,1.2067121e-05,8.374076e-06,-1.5681451e-05,-1.3914458e-05,1.882284e-05,1.8573592e-05,-1.6017992e-05,-6.865681e-06,-7.307932e-06,1.6307076e-05,7.740391e-06
20,4.7268135e-05,2.2598557e-05,-6.937451e-05,-9.851594e-05,0.00019958909,0.00022285052,0.0001971969,3.8160477e-05,6.774807e-05,1.1726036e-07,-4.115745e-05,-2.6886926e-05,-6.0273225e-05,0.0001931492,-2.0136513e-05,-2.7139376e-05,0.00010185057,7.627233e-05,-1.6565808e-06,-2.0997097e-05,0.00065347337,-3.2428267e-07,-5.1102386e-05,-2.5679266e-05,9.970338e-05,7.591437e-05,4.9447764e-05,2.6649755e-05,2.77951e-05,2.0671885e-06,-4.1593135e-05,-4.238935e-05,1.6064001e-05,3.878402e-05,-2.7294485e-05,-1.1746852e-06,-2.3332988e-05,-1.0323989e-05,-1.7906012e-05,-2.3707737e-05,2.1314703e-05,1.226812e-06,1.5065685e-05,2.8808051e-06,-1.7156111e-05,-6.5840113e-06,-9.680617e-06,2.3617446e-05,-4.086235e-06,8.981051e-06
21,0.0003782208,0.00029535533,1.09371795e-05,-6.8237814e-06,-9.110171e-05,-0.0004613719,0.00028774847,-0.00015040938,-5.7863486e-05,8.282763e-06,-0.00033526102,3.289389e-05,7.181009e-08,-9.184603e-05,-2.3101427e-05,-0.00015369672,5.9463804e-05,-3.557963e-05,5.7315126e-05,7.7205885e-05,-3.2428267e-07,0.00046223297,4.7259487e-06,-7.969883e-05,-2.0720589e-05,1.90399e-05,-4.2875163e-06,-1.1393183e-05,4.701308e-06,-1.1646e-05,-2.1053474e-05,2.764916e-05,6.499703e-05,-2.433188e-05,-5.006751e-06,8.579735e-06,1.0006615e-05,-6.964219e-06,-1.8640647e-05,-1.4365825e-05,4.8755387e-06,1.7692408e-05,1.4510733e-05,-5.9097174e-06,-1.5065734e-05,2.9672672e-05,-3.6510496e-06,1.1480728e-05,-1.4567028e-05,-1.8528452e-05
22,-0.0002001895,-0.00019382483,-6.967436e-05,-4.9893137e-05,0.00034826895,-5.443626e-05,-0.00010123363,-9.9209654e-05,9.9532925e-05,-0.00015459958,-6.5349275e-05,-1.6206155e-05,-9.690111e-05,1.5945558e-05,-6.773077e-05,-1.0265141e-05,8.420555e-05,0.00018404785,-0.00012329998,-1.8115894e-05,-5.1102386e-05,4.7259487e-06,0.0005142741,1.9787334e-05,6.4591324e-05,1.6625343e-06,1.1105081e-05,-2.6838658e-05,-2.4327346e-05,4.011189e-05,1.2392904e-05,4.7631605e-05,3.680327e-05,-4.1795727e-05,-1.8136914e-05,-5.081889e-06,-5.791785e-06,-2.8457029e-05,-3.8346107e-06,-8.82391e-06,1.4229178e-05,8.907958e-06,-3.2114026e-06,-4.0709265e-06,-1.5151886e-07,-2.429245e-05,5.25256e-06,-8.387057e-06,1.00901325e-05,4.524217e-06
23,-0.000109450935,-0.00011092375,-7.962639e-05,0.00034520024,0.0005585116,0.0002840433,0.00022558866,-8.1060614e-05,5.452143e-07,8.2702885e-05,-3.3189463e-05,-1.0544958e-05,-4.8105132e-05,4.577519e-05,4.329342e-05,-5.902254e-05,6.0862905e-05,-7.87279e-06,-9.65502e-05,4.129309e-05,-2.5679266e-05,-7.969883e-05,1.9787334e-05,0.0003532991,-3.3841152e-05,3.5560064e-05,-5.74389e-05,4.906493e-06,-1.0800088e-05,-7.614435e-06,3.623982e-05,1.0980077e-05,-5.816023e-06,-2.5927111e-05,-1.0405853e-06,7.671259e-06,-4.129915e-05,3.4696008e-05,2.0853462e-05,3.451381e-05,7.1644117e-06,-3.5597142e-05,-9.215482e-06,7.1543473e-06,1.0069699e-05,5.5074976e-05,3.6840243e-06,2.2764543e-05,-1.5102864e-06,-6.6367193e-06
24,-0.00012475553,-8.8451074e-05,2.3507728e-05,-0.00011544902,-0.00016983831,-4.2020372e-05,-0.00012696823,6.91763e-05,9.8516255e-05,0.00014557611,5.5094447e-06,8.121479e-05,-9.481519e-05,-9.062029e-05,-2.1165077e-05,-9.620844e-06,-1.8037896e-05,1.9095376e-05,1.3957248e-05,1.9136336e-05,9.970338e-05,-2.0720589e-05,6.4591324e-05,-3.3841152e-05,0.00038257518,-1.38205805e-05,1.8072844e-05,2.058299e-05,-1.0043657e-05,-2.4595578e-05,-1.0230963e-06,-4.4153203e-05,-1.3692872e-05,-6.28852e-05,5.4904263e-05,6.014676e-06,3.901535e-05,3.3743076e-05,3.098235e-05,9.391864e-06,-2.6402071e-05,-1.819137e-05,-8.246205e-06,-4.140177e-06,8.585284e-06,2.3478991e-05,3.2876435e-06,-5.8245687e-06,-9.14014e-06,-1.2617218e-05
25,-9.8976225e-06,-4.714358e-06,-1.8630733e-05,-0.00016109613,-0.00033044274,-0.00013958913,5.925511e-06,6.868677e-05,3.2364875e-05,9.661471e-06,-4.780615e-05,3.1749936e-05,-9.83682e-06,-5.6796453e-05,1.2432899e-05,7.3954598e-06,-7.4598756e-05,2.0538522e-05,-3.1085954e-05,-6.4218784e-06,7.591437e-05,1.90399e-05,1.6625343e-06,3.5560064e-05,-1.38205805e-05,0.000449484,-3.0770134e-05,-2.22771e-05,-4.576864e-06,-7.725926e-06,4.8361624e-05,5.1586805e-05,-3.8078757e-05,1.9468174e-05,1.1201875e-05,2.7373023e-06,-2.8225777e-06,8.174762e-06,-3.71772e-05,1.8591454e-05,8.0571135e-06,-1.14248505e-05,-2.4956682e-05,4.8532047e-06,1.3306533e-05,-9.574961e-06,1.5187843e-06,-1.45964605e-05,7.741429e-06,-3.184468e-06
26,7.6211036e-05,1.7478014e-05,-8.3380655e-05,0.00020633459,0.00011344663,1.1675967e-05,5.8899386e-05,-0.0002462198,8.401955e-05,-0.00015925441,-0.00013233391,1.2477847e-05,-1.8766174e-05,7.747843e-06,6.314469e-05,7.274088e-05,-0.00011807194,-7.3536095e-05,-5.2880256e-05,0.00010883999,4.9447764e-05,-4.2875163e-06,1.1105081e-05,-5.74389e-05,1.8072844e-05,-3.0770134e-05,0.00029836438,2.0672334e-05,1.5394628e-05,4.7062484e-05,5.3669733e-05,-1.427934e-06,-2.7742737e-05,3.064455e-05,-1.329708e-05,-1.1883592e-05,2.5121259e-05,-1.6903978e-05,1.5035812e-06,2.4738694e-05,-9.712678e-06,7.573256e-06,-7.730998e-06,-1.4557369e-05,5.5943847e-06,9.724625e-06,1.7138867e-05,8.6979435e-07,1.3657269e-05,5.7156794e-06
27,-0.00013792451,-0.00012809705,5.7809713e-05,5.4222255e-05,-7.3582836e-05,0.0001790605,9.615266e-05,7.810145e-05,-0.00013814174,7.376257e-05,1.6917686e-05,-1.232371e-05,-3.0299221e-05,7.2782227e-06,-1.1947457e-05,-3.0707175e-05,-2.7717508e-05,-5.77951e-05,-3.904634e-05,-2.5436766e-05,2.6649755e-05,-1.1393183e-05,-2.6838658e-05,4.906493e-06,2.058299e-05,-2.22771e-05,2.0672334e-05,0.00038264444,-3.9692604e-05,-1.2494751e-05,1.9923384e-05,8.338425e-05,2.199682e-05,-2.9368159e-05,-7.537038e-06,8.2613005e-06,-8.1266944e-07,-1.9392373e-05,3.404643e-06,-9.277475e-07,1.4623435e-05,8.195821e-06,6.047785e-06,3.6325791e-06,-2.8564011e-06,-9.17987e-06,1.0000501e-05,-1.9388397e-05,3.2676317e-06,-3.051165e-06
28,-0.000110686036,-6.611087e-05,4.0235966e-05,-3.9920713e-05,-5.5949364e-05,9.824522e-05,-4.790473e-05,1.0004323e-05,-1.566824e-05,2.6210573e-05,5.746582e-05,1.1125454e-05,-3.7430684e-05,-3.706209e-05,1.3303934e-05,-2.6641263e-05,-1.7535813e-05,-2.2252929e-05,-4.6028246e-05,1.5891701e-06,2.77951e-05,4.701308e-06,-2.4327346e-05,-1.0800088e-05,-1.0043657e-05,-4.576864e-06,1.5394628e-05,-3.9692604e-05,0.00034255226,4.5359866e-06,-2.795133e-05,5.3854536e-05,2.2490713e-05,-1.3230176e-05,-9.72226e-06,-4.882708e-06,-2.0064675e-05,-2.2539596e-05,4.424598e-05,1.1260154e-07,-1.7391463e-05,-7.6255837e-06,-4.5970755e-06,5.2256833e-06,-7.95578e-06,6.3885375e-07,7.8654975e-06,6.9403296e-07,1.0789576e-05,-1.2996595e-05
29,-4.533716e-05,-3.8812996e-06,9.321032e-05,-0.00014356077,-0.0002001342,5.3833275e-05,3.450147e-05,0.00010114087,4.496396e-05,0.00014014287,6.44801e-05,5.8488265e-05,3.840736e-05,2.6273907e-05,4.4952736e-05,-4.4567445e-05,-3.966894e-05,-2.156633e-06,1.5424699e-05,2.6742415e-05,2.0671885e-06,-1.1646e-05,4.011189e-05,-7.614435e-06,-2.4595578e-05,-7.725926e-06,4.7062484e-05,-1.2494751e-05,4.5359866e-06,0.00032688968,-1.1965221e-05,1.6799793e-05,-2.4098622e-06,-5.9980025e-06,1.5250804e-05,1.4000917e-05,-1.1316864e-05,1.719597e-05,-1.3551702e-05,-7.567324e-06,2.3878987e-05,-4.1411404e-06,3.1246445e-06,5.57864e-06,-4.819596e-06,6.316232e-06,-7.310173e-06,-5.0661743e-06,-1.1862081e-05,1.2361215e-06
30,1.502399e-05,4.8815877e-05,4.4905257e-05,-0.00023216361,-0.0002022695,-7.571333e-06,-5.1719064e-05,4.0130103e-06,7.386533e-05,1.9057836e-05,7.534774e-05,-3.6538288e-06,1.3582827e-05,4.5744648e-05,7.06437e-05,-6.998572e-05,1.4396532e-05,4.6099965e-05,4.105975e-05,6.975322e-05,-4.1593135e-05,-2.1053474e-05,1.2392904e-05,3.623982e-05,-1.0230963e-06,4.8361624e-05,5.3669733e-05,1.9923384e-05,-2.795133e-05,-1.1965221e-05,0.00018627074,-1.01567275e-05,4.140122e-05,2.4653378e-05,-4.1991116e-05,-2.8852075e-05,1.1570732e-05,-2.5397544e-06,2.3631343e-05,1.3544954e-05,-4.8829366e-05,4.198757e-06,-6.3557372e-06,1.0711434e-05,-1.5584283e-05,6.689753e-06,8.989383e-06,-8.524985e-06,-2.2904055e-06,-4.803229e-06
31,6.443499e-05,6.982069e-05,9.547892e-06,6.342927e-05,-6.07493e-05,-4.0643004e-05,-4.3132874e-05,-1.7284898e-05,-1.941268e-05,3.3613047e-05,-7.457817e-05,4.6404466e-06,-4.3085878e-05,5.3910742e-05,-1.5629968e-05,6.7898654e-05,4.216347e-05,2.7450793e-05,4.7735637e-05,-3.2433032e-05,-4.238935e-05,2.764916e-05,4.7631605e-05,1.0980077e-05,-4.4153203e-05,5.1586805e-05,-1.427934e-06,8.338425e-05,5.3854536e-05,1.6799793e-05,-1.01567275e-05,0.00018338821,-2.467763e-05,7.829433e-06,2.0473039e-05,-4.10092e-06,3.4179822e-05,8.800735e-06,2.0220381e-05,-1.0638409e-05,-1.8230836e-05,1.0618018e-06,6.7443443e-06,-9.880538e-06,1.1105734e-06,1.3058276e-06,-1.6682578e-05,1.73729e-05,-1.7779532e-06,3.7308791e-06
32,1.205724e-05,7.11004e-07,5.2159427e-05,-3.1080483e-05,-0.00017355854,7.133176e-05,2.3639586e-05,2.9832496e-05,3.4144e-06,3.6396745e-05,1.0966181e-05,3.6181405e-07,-1.1663914e-05,1.938367e-05,8.508302e-06,4.6759997e-05,-3.3125318e-05,8.2299375e-06,-2.2235715e-06,-2.6854257e-05,1.6064001e-05,6.499703e-05,3.680327e-05,-5.816023e-06,-1.3692872e-05,-3.8078757e-05,-2.7742737e-05,2.199682e-05,2.2490713e-05,-2.4098622e-06,4.140122e-05,-2.467763e-05,0.0002573648,3.393735e-05,1.3627956e-05,1.7334031e-06,-4.8862594e-06,1.7740265e-05,-2.1911963e-05,1.3553664e-05,1.4316352e-06,-1.8451694e-05,-1.6268492e-05,4.388836e-06,1.2328612e-05,-2.0832697e-06,-4.737019e-06,3.2207568e-06,5.4892175e-06,1.3979304e-06
33,-9.321503e-05,-9.941668e-05,-5.794358e-05,-1.017611e-05,0.00029740293,0.00011366914,1.7658336e-05,-4.135733e-05,5.1178562e-05,1.0967826e-05,6.466575e-05,4.5601173e-08,3.419359e-06,-4.68585e-05,-6.880223e-05,2.0669304e-05,2.018241e-05,3.8498292e-05,-5.2728326e-05,3.781392e-06,3.878402e-05,-2.433188e-05,-4.1795727e-05,-2.5927111e-05,-6.28852e-05,1.9468174e-05,3.064455e-05,-2.9368159e-05,-1.3230176e-05,-5.9980025e-06,2.4653378e-05,7.829433e-06,3.393735e-05,0.00016919133,3.1149146e-05,9.258367e-06,3.4109966e-05,-2.8857312e-06,2.5837318e-05,-8.561465e-06,4.842046e-06,1.141009e-05,1.8099057e-05,-1.2712106e-05,6.0089224e-06,-9.29767e-07,-5.4184165e-06,-1.3759761e-05,-6.392443e-06,-3.506855e-06
34,6.9468006e-05,-7.2356734e-06,-2.7332622e-05,6.4516564e-05,8.445133e-05,4.2060048e-05,-9.0470385e-06,6.112551e-05,-6.251369e-05,-9.085593e-05,-4.4644934e-05,-4.2185202e-05,1.40633965e-05,2.519655e-05,2.7821741e-05,-2.790094e-05,1.984128e-05,-1.8721563e-05,7.462223e-06,5.63086e-06,-2.7294485e-05,-5.006751e-06,-1.8136914e-05,-1.0405853e-06,5.4904263e-05,1.1201875e-05,-1.329708e-05,-7.537038e-06,-9.72226e-06,1.5250804e-05,-4.1991116e-05,2.0473039e-05,1.3627956e-05,3.1149146e-05,0.00021298182,-1.571455e-05,-3.795435e-06,-7.381572e-06,2.402218e-06,2.1637876e-05,-1.1996145e-05,7.2701714e-06,-6.5933773e-06,8.4117155e-06,-9.4086096e-07,1.322687e-06,1.1023534e-05,-1.1150999e-05,6.305141e-06,5.337306e-06
35,-8.1226004e-05,-5.648002e-05,1.1116041e-05,-2.0667885e-05,4.3370765e-05,-3.207696e-05,3.5809415e-05,-3.3965046e-07,1.2306651e-05,-4.2546064e-05,1.4076068e-05,-3.141931e-05,-6.053324e-08,6.0558773e-06,8.088004e-06,1.6658476e-05,8.068422e-06,1.1268601e-05,-2.5663267e-06,9.622183e-06,-1.1746852e-06,8.579735e-06,-5.081889e-06,7.671259e-06,6.014676e-06,2.7373023e-06,-1.1883592e-05,8.2613005e-06,-4.882708e-06,1.4000917e-05,-2.8852075e-05,-4.10092e-06,1.7334031e-06,9.258367e-06,-1.571455e-05,0.0002363492,1.07036585e-05,-3.3329802e-06,2.1375236e-06,1.292696e-05,-2.3812365e-05,-5.1163397e-07,-7.050815e-06,1.9913587e-06,2.7656338e-06,-1.2157703e-06,6.168529e-06,-3.6905494e-06,4.376855e-06,-1.9264503e-06
36,6.4885708e-06,-3.606068e-06,-1.0939571e-05,-6.354666e-05,-3.513287e-05,-4.0148974e-05,-6.5956876e-05,-2.5582096e-05,2.4196808e-05,-5.96552e-06,3.2494143e-05,9.053951e-06,0.000101407684,-5.0337898e-05,2.892763e-05,-3.6322414e-05,1.9586956e-05,1.215335e-05,-1.8856934e-05,-4.042455e-05,-2.3332988e-05,1.0006615e-05,-5.791785e-06,-4.129915e-05,3.901535e-05,-2.8225777e-06,2.5121259e-05,-8.1266944e-07,-2.0064675e-05,-1.1316864e-05,1.1570732e-05,3.4179822e-05,-4.8862594e-06,3.4109966e-05,-3.795435e-06,1.07036585e-05,0.00013605999,8.929217e-06,2.0081137e-05,-6.255162e-06,2.79847e-05,-1.7746384e-05,-8.930558e-06,1.1945935e-05,-4.239434e-06,8.923083e-06,-1.1599184e-05,1.880568e-05,4.0189234e-06,3.0469969e-06
37,-4.6352034e-05,-1.5287182e-05,-2.364957e-06,2.6731697e-05,-3.9453473e-05,-6.6679204e-06,5.9652255e-05,-1.2942895e-05,-3.4933448e-05,-2.0135423e-05,-3.1697193e-05,1.6923757e-05,-2.3557513e-05,3.548924e-05,1.920395e-05,2.8131213e-05,-4.13601e-05,-3.9063765e-05,-3.2336913e-05,1.6355987e-05,-1.0323989e-05,-6.964219e-06,-2.8457029e-05,3.4696008e-05,3.3743076e-05,8.174762e-06,-1.6903978e-05,-1.9392373e-05,-2.2539596e-05,1.719597e-05,-2.5397544e-06,8.800735e-06,1.7740265e-05,-2.8857312e-06,-7.381572e-06,-3.3329802e-06,8.929217e-06,0.00015923513,1.5619898e-05,-2.4144236e-05,-6.8320237e-06,1.3747742e-05,9.102552e-06,-8.949217e-06,-1.1445179e-05,-1.983366e-05,-7.429981e-06,8.202571e-06,1.3226259e-05,-1.2560925e-05
38,4.7674737e-05,1.5886166e-05,-2.8531136e-05,9.182643e-05,0.00013880528,-7.898918e-06,1.8347731e-05,-2.925672e-05,-3.727493e-06,-3.450794e-05,4.7188743e-05,-1.700034e-05,-3.3455726e-05,5.1928037e-05,-3.2407017e-05,-4.1880932e-05,8.670215e-06,3.1076073e-05,5.103582e-05,4.600879e-05,-1.7906012e-05,-1.8640647e-05,-3.8346107e-06,2.0853462e-05,3.098235e-05,-3.71772e-05,1.5035812e-06,3.404643e-06,4.424598e-05,-1.3551702e-05,2.3631343e-05,2.0220381e-05,-2.1911963e-05,2.5837318e-05,2.402218e-06,2.1375236e-06,2.0081137e-05,1.5619898e-05,7.5014395e-05,2.9447742e-06,5.535603e-06,-4.738827e-06,-2.853423e-06,-2.886802e-07,1.0556745e-05,-1.0417221e-05,-3.9884944e-06,3.7429313e-06,-9.982797e-06,-9.345118e-06
39,4.2219424e-05,6.693297e-05,1.2425434e-05,2.599288e-06,-4.9750847e-06,-0.00010512008,3.873778e-06,-2.7613321e-05,1.7698894e-05,4.676087e-05,2.0836456e-05,4.8790753e-05,-2.3805692e-06,2.0093838e-05,-3.9874692e-07,1.3245162e-05,-1.5065114e-05,-1.1310358e-05,4.0797117e-06,1.2067121e-05,-2.3707737e-05,-1.4365825e-05,-8.82391e-06,3.451381e-05,9.391864e-06,1.8591454e-05,2.4738694e-05,-9.277475e-07,1.1260154e-07,-7.567324e-06,1.3544954e-05,-1.0638409e-05,1.3553664e-05,-8.561465e-06,2.1637876e-05,1.292696e-05,-6.255162e-06,-2.4144236e-05,2.9447742e-06,0.00013647282,1.8354847e-05,9.170659e-06,1.953041e-05,-9.814262e-06,-1.4257857e-05,-1.2197264e-05,-1.3223345e-05,1.805893e-05,-4.5434335e-06,-4.4826274e-06
40,2.4239562e-05,9.827259e-06,-6.1979576e-06,2.7876038e-05,4.429026e-05,-5.384512e-05,6.370564e-05,-3.6894933e-05,-3.571847e-05,-2.634341e-05,6.552627e-05,-6.200558e-05,-2.3107637e-05,-1.5843007e-05,-4.924939e-06,2.9247356e-05,2.0872933e-05,-7.729379e-06,1.2781851e-05,8.374076e-06,2.1314703e-05,4.8755387e-06,1.4229178e-05,7.1644117e-06,-2.6402071e-05,8.0571135e-06,-9.712678e-06,1.4623435e-05,-1.7391463e-05,2.3878987e-05,-4.8829366e-05,-1.8230836e-05,1.4316352e-06,4.842046e-06,-1.1996145e-05,-2.3812365e-05,2.79847e-05,-6.8320237e-06,5.535603e-06,1.8354847e-05,0.000112340786,-8.14776e-06,-1.0941198e-05,1.833645e-06,6.076136e-06,-2.0888768e-07,8.020359e-06,2.2359072e-06,9.25723e-06,-1.8324963e-05
41,3.3074248e-05,3.817831e-05,-8.002512e-06,-4.7460017e-05,-1.1320979e-05,4.093616e-05,2.5658184e-05,7.5305597e-06,3.1587377e-05,3.630625e-05,4.2403866e-05,-5.5883947e-06,-1.9799158e-05,-3.70306e-06,-1.7129479e-06,-4.5983106e-06,1.6215023e-05,2.7570104e-05,-1.5592737e-05,-1.5681451e-05,1.226812e-06,1.7692408e-05,8.907958e-06,-3.5597142e-05,-1.819137e-05,-1.14248505e-05,7.573256e-06,8.195821e-06,-7.6255837e-06,-4.1411404e-06,4.198757e-06,1.0618018e-06,-1.8451694e-05,1.141009e-05,7.2701714e-06,-5.1163397e-07,-1.7746384e-05,1.3747742e-05,-4.738827e-06,9.170659e-06,-8.14776e-06,0.00012385065,-1.2513218e-05,6.509109e-06,5.4427574e-06,6.366016e-06,-1.5043195e-06,9.050504e-06,3.5117073e-06,-7.592137e-06
42,1.9125337e-05,6.035094e-06,1.5597663e-05,-5.3522752e-05,-0.000101120044,-6.9402784e-05,-3.3694356e-05,3.7406076e-05,1.3732804e-05,-2.9394516e-06,-2.9029543e-05,4.432191e-07,-1.2241415e-05,-1.2967344e-05,2.414329e-05,-5.641912e-06,2.4330172e-06,4.8184364e-05,-2.8359096e-05,-1.3914458e-05,1.5065685e-05,1.4510733e-05,-3.2114026e-06,-9.215482e-06,-8.246205e-06,-2.4956682e-05,-7.730998e-06,6.047785e-06,-4.5970755e-06,3.1246445e-06,-6.3557372e-06,6.7443443e-06,-1.6268492e-05,1.8099057e-05,-6.5933773e-06,-7.050815e-06,-8.930558e-06,9.102552e-06,-2.853423e-06,1.953041e-05,-1.0941198e-05,-1.2513218e-05,0.000118119955,7.2984535e-06,8.0062655e-06,9.607397e-07,8.45028e-07,-4.8161246e-06,8.657086e-06,-3.0555311e-06
43,0.000117821735,8.865135e-05,-8.657386e-06,3.398049e-05,8.027378e-05,-5.3253707e-06,-2.1010655e-05,-2.071953e-05,3.300549e-05,-2.4286204e-05,-1.08880395e-05,1.8200324e-05,-1.2251719e-05,4.2371125e-06,-6.1811647e-06,1.3872523e-05,-1.5719306e-05,-1.333388e-05,-1.2254648e-06,1.882284e-05,2.8808051e-06,-5.9097174e-06,-4.0709265e-06,7.1543473e-06,-4.140177e-06,4.8532047e-06,-1.4557369e-05,3.6325791e-06,5.2256833e-06,5.57864e-06,1.0711434e-05,-9.880538e-06,4.388836e-06,-1.2712106e-05,8.4117155e-06,1.9913587e-06,1.1945935e-05,-8.949217e-06,-2.886802e-07,-9.814262e-06,1.833645e-06,6.509109e-06,7.2984535e-06,0.00012837928,-2.14481e-06,-3.1642662e-06,-3.3204392e-06,4.4191474e-06,-3.335585e-07,-1.8900795e-06
44,2.8872308e-05,2.8922486e-05,3.2770622e-05,-6.0029826e-05,-9.105244e-05,2.4980029e-05,3.573066e-06,-2.0008167e-05,2.7441298e-05,1.8335091e-05,-1.698575e-05,2.73199e-05,-1.15376915e-05,1.7821289e-05,1.0007157e-05,-1.6924132e-05,-1.5386933e-05,-1.5813472e-05,8.385137e-06,1.8573592e-05,-1.7156111e-05,-1.5065734e-05,-1.5151886e-07,1.0069699e-05,8.585284e-06,1.3306533e-05,5.5943847e-06,-2.8564011e-06,-7.95578e-06,-4.819596e-06,-1.5584283e-05,1.1105734e-06,1.2328612e-05,6.0089224e-06,-9.4086096e-07,2.7656338e-06,-4.239434e-06,-1.1445179e-05,1.0556745e-05,-1.4257857e-05,6.076136e-06,5.4427574e-06,8.0062655e-06,-2.14481e-06,0.000112648566,-6.0274994e-07,-3.0773293e-07,5.111834e-06,-1.6828403e-06,3.0374503e-09
45,-3.4794182e-05,-4.407708e-05,1.53622e-05,-3.936548e-05,-8.609242e-05,-1.38446285e-05,5.2377363e-06,1.5766125e-06,-2.2482178e-05,-7.659632e-06,1.7170707e-05,-3.8043036e-06,-4.651224e-06,2.480617e-05,-7.188612e-06,3.1651674e-05,-1.6434167e-05,2.080081e-05,-1.5992675e-05,-1.6017992e-05,-6.5840113e-06,2.9672672e-05,-2.429245e-05,5.5074976e-05,2.3478991e-05,-9.574961e-06,9.724625e-06,-9.17987e-06,6.3885375e-07,6.316232e-06,6.689753e-06,1.3058276e-06,-2.0832697e-06,-9.29767e-07,1.322687e-06,-1.2157703e-06,8.923083e-06,-1.983366e-05,-1.0417221e-05,-1.2197264e-05,-2.0888768e-07,6.366016e-06,9.607397e-07,-3.1642662e-06,-6.0274994e-07,9.8935256e-05,-7.4415966e-06,-1.7553047e-06,7.0585106e-06,-3.7943978e-06
46,-6.81439e-05,-5.768839e-05,9.035202e-06,-1.5581969e-05,-7.0016504e-05,2.0739976e-06,-4.7097474e-05,-9.011807e-06,-4.2816023e-06,4.9476953e-06,-5.501541e-06,2.7394824e-05,4.138684e-05,1.5667858e-06,1.1100458e-05,-3.5285882e-06,-1.3652314e-05,8.78124e-06,-2.3902087e-06,-6.865681e-06,-9.680617e-06,-3.6510496e-06,5.25256e-06,3.6840243e-06,3.2876435e-06,1.5187843e-06,1.7138867e-05,1.0000501e-05,7.8654975e-06,-7.310173e-06,8.989383e-06,-1.6682578e-05,-4.737019e-06,-5.4184165e-06,1.1023534e-05,6.168529e-06,-1.1599184e-05,-7.429981e-06,-3.9884944e-06,-1.3223345e-05,8.020359e-06,-1.5043195e-06,8.45028e-07,-3.3204392e-06,-3.0773293e-07,-7.4415966e-06,8.119984e-05,1.2871099e-05,6.483223e-06,-9.719719e-06
47,-2.6775193e-05,-1.167735e-06,3.3095952e-05,-5.0389055e-05,-0.000113117305,1.583758e-05,-4.1604435e-06,4.8165784e-05,-3.1131458e-05,1.0592132e-05,-2.2588063e-05,-1.295238e-05,1.9383986e-06,-4.1250773e-06,4.1202748e-06,3.6749663e-07,-1.0190825e-05,2.098389e-05,-1.0789607e-05,-7.307932e-06,2.3617446e-05,1.1480728e-05,-8.387057e-06,2.2764543e-05,-5.8245687e-06,-1.45964605e-05,8.6979435e-07,-1.9388397e-05,6.9403296e-07,-5.0661743e-06,-8.524985e-06,1.73729e-05,3.2207568e-06,-1.3759761e-05,-1.1150999e-05,-3.6905494e-06,1.880568e-05,8.202571e-06,3.7429313e-06,1.805893e-05,2.2359072e-06,9.050504e-06,-4.8161246e-06,4.4191474e-06,5.111834e-06,-1.7553047e-06,1.2871099e-05,6.289511e-05,-2.5495165e-06,1.270702e-05
48,7.481578e-05,7.244566e-05,-1.3433419e-05,2.6432172e-05,7.104818e-05,-4.4414315e-05,1.26765635e-05,-1.11996815e-05,7.0667547e-06,3.262765e-05,3.21377e-05,4.7273338e-07,5.7345424e-06,1.5701022e-07,-9.362121e-06,-1.00058905e-05,1.420276e-05,1.6953054e-06,2.618647e-05,1.6307076e-05,-4.086235e-06,-1.4567028e-05,1.00901325e-05,-1.5102864e-06,-9.14014e-06,7.741429e-06,1.3657269e-05,3.2676317e-06,1.0789576e-05,-1.1862081e-05,-2.2904055e-06,-1.7779532e-06,5.4892175e-06,-6.392443e-06,6.305141e-06,4.376855e-06,4.0189234e-06,1.3226259e-05,-9.982797e-06,-4.5434335e-06,9.25723e-06,3.5117073e-06,8.657086e-06,-3.335585e-07,-1.6828403e-06,7.0585106e-06,6.483223e-06,-2.5495165e-06,7.176684e-05,9.288677e-06
49,4.4548822e-05,2.7913084e-05,-1.1019844e-05,2.5168083e-06,4.8301386e-06,8.911205e-06,1.488741e-05,5.6549184e-06,-3.8714134e-06,-9.216164e-07,1.7875429e-05,5.9446957e-06,-1.7787113e-05,-8.589735e-06,-2.9286693e-06,-1.30967455e-05,-4.4517205e-06,-1.9281908e-05,5.737329e-07,7.740391e-06,8.981051e-06,-1.8528452e-05,4.524217e-06,-6.6367193e-06,-1.2617218e-05,-3.184468e-06,5.7156794e-06,-3.051165e-06,-1.2996595e-05,1.2361215e-06,-4.803229e-06,3.7308791e-06,1.3979304e-06,-3.506855e-06,5.337306e-06,-1.9264503e-06,3.0469969e-06,-1.2560925e-05,-9.345118e-06,-4.4826274e-06,-1.8324963e-05,-7.592137e-06,-3.0555311e-06,-1.8900795e-06,3.0374503e-09,-3.7943978e-06,-9.719719e-06,1.270702e-05,9.288677e-06,4.8094058e-05
