,0,1,2,3,4,5,6,7,8,9,10,11,12,13,14,15,16,17,18,19,20,21,22,23,24,25,26,27,28,29,30,31,32,33,34,35,36,37,38,39,40,41,42,43,44,45,46,47,48,49
0,0.9075269,-0.14070836,-8.486837,-0.49428272,-1.511549,0.035010085,-0.16863683,0.28856915,0.05138611,-0.1694001,-0.002520278,0.0239495,0.0019619577,-0.020011298,-0.0018442685,-0.05399204,-0.09375245,-0.02336749,0.024658307,-0.01777542,-0.0908452,-0.028432932,0.029203825,0.08400069,-0.006261724,0.07331626,0.050168194,0.050400876,0.04068522,0.11907989,0.006266292,-0.002541337,-0.041659817,0.053542845,-0.019415429,0.0028479635,0.047109164,0.03428843,-0.02052513,0.03805297,0.052996308,-0.02756432,0.0069113197,0.087614164,-0.010077462,-0.011414725,-0.0054744016,0.018263556,6.3139865e-05,-0.049368024
1,-0.14070836,0.8124738,-8.105739,0.4127285,1.7765989,-0.08651824,0.07372061,-0.33001435,-0.07999934,0.03021241,-0.03668776,0.12513861,-0.034373574,0.0077049006,-0.0776034,0.060797513,0.113194756,0.006707249,0.037395105,-0.027870748,0.033592112,-0.018213825,0.023389123,-0.09460254,-0.01490139,-0.018082574,0.048506454,0.020473095,0.0657469,0.03774086,0.00089346024,0.02678109,0.017809816,-0.008254762,0.0059629176,0.02668693,-0.063835844,-0.011740955,0.035279226,-0.012049381,-0.0029335986,0.019266674,0.015359333,-0.059878044,0.008996164,0.022113252,0.023949653,-0.011328144,-0.020983733,1.26993755e-05
2,-8.486837,-8.105739,289.0839,1.5223801,-0.32445824,0.5340134,0.29495835,-0.40468505,-0.12387656,0.21808279,-0.1478757,-0.24918568,0.22174284,-0.20829818,-0.05380118,0.07638858,-0.11656666,-0.038209576,0.04341997,0.008090672,-0.22919863,0.058789887,-0.00028876503,0.047937687,0.0246507,-0.07133947,-0.049302094,-0.019596491,-0.04756334,0.11695511,0.0061455085,-0.06481813,0.04456645,0.0066902265,0.012840671,0.030347664,0.07617401,-0.050085086,-0.01373103,0.057724692,0.032120626,-0.025513988,-0.0048460905,-0.0158833,0.00890371,0.045034766,-0.015181238,-0.017521739,0.017652467,0.030148389
3,-0.49428272,0.4127285,1.5223801,0.7519619,1.7317088,0.14859003,0.20232114,-0.122385874,-0.2691803,0.17903931,0.10392548,0.23983178,0.026908156,0.13012059,0.0007351629,-0.050721075,0.18616703,0.04477901,-0.015298551,0.10574832,0.07126266,-0.055422697,-0.03074537,-0.05793657,0.023199204,-0.0035112752,0.024174057,-0.007857885,-0.013392888,-0.043921284,0.030767094,0.0056636445,-0.015291992,-0.06371108,-0.015943728,0.028470736,-0.06080778,0.00827816,-0.0085350005,0.012323529,-0.015338138,0.042679243,0.009525574,-0.07768344,0.0012371208,-0.018055592,0.009845264,-0.01086963,-0.021989215,0.0118058715
4,-1.511549,1.7765989,-0.32445824,1.7317088,6.664416,0.025584146,0.1988704,-0.8723018,-0.36913833,0.4817467,-0.120349616,0.48457807,0.12040262,0.028423287,-0.058789097,0.15110627,0.46149194,-0.021327669,0.08771315,0.065663725,0.3268516,-0.13840857,-0.02996001,-0.328013,-0.14686015,-0.06735823,0.2639714,-0.06723929,0.22244838,-0.025715746,0.03067423,0.1045097,0.051062252,-0.09095085,-0.05531496,0.06233678,-0.232221,-0.013525765,0.06781611,-0.045814216,-0.07375932,0.08183105,0.08788782,-0.18687594,0.008569557,0.00387468,0.07216464,0.033652864,-0.035819896,0.05936134
5,0.035010085,-0.08651824,0.5340134,0.14859003,0.025584146,0.5946472,-0.0833702,0.19371715,-0.110543326,0.10514589,0.17293274,0.043105457,0.07153295,0.21112585,0.041307118,-0.19223851,0.13813455,-0.022928216,-0.09063355,0.1306903,0.04258627,-0.045686755,-0.022564903,0.04128701,-0.1698797,0.08059028,0.0084148515,-0.06048481,0.030116968,-0.04245176,0.036816645,0.09486197,-0.0891628,-0.11047207,0.014105873,-0.021571381,0.0121428035,0.03606888,-0.028881315,0.04841344,0.04803666,0.039704226,0.03188741,0.021403965,0.0027441815,-0.053801224,-0.019828102,-0.01627487,-0.0013366889,-0.03447217
6,-0.16863683,0.07372061,0.29495835,0.20232114,0.1988704,-0.0833702,0.5328477,-0.10723442,-0.15480608,0.018313117,-0.031332463,0.085466936,-0.09376845,0.10278463,0.10188058,0.024958704,-0.16011788,0.080652334,-0.13929728,0.08405567,0.05549266,0.05817768,0.03758733,0.016180478,0.06697518,-0.034123935,-0.035185926,0.051410582,-0.03944035,-0.10906398,-0.043593157,-0.035503242,-0.018376462,-0.03644982,-0.0011257571,0.010633521,-0.007587202,0.012669834,0.03987476,-0.038172103,-0.029204253,-0.024455559,-0.061482865,-0.010095626,-0.0050650644,-0.022507459,0.0030456122,-0.0366448,-0.0134519525,0.01133699
7,0.28856915,-0.33001435,-0.40468505,-0.122385874,-0.8723018,0.19371715,-0.10723442,0.5930349,0.0030527713,0.17238322,0.062564224,0.04655922,0.025868531,0.038520794,-0.025964411,-0.043828983,0.015168332,0.01563283,-0.0936212,0.052093655,-0.10563974,-0.04289606,-0.00816686,0.060241863,-0.037936788,0.0022093249,-0.0326163,0.014904946,0.015471293,0.05058468,-0.00603419,-0.01919423,-0.025607971,-0.037135303,-0.016770422,-0.009111939,0.020365853,0.030362543,-0.019883856,0.02457191,0.035790134,0.008443257,0.030602712,0.052129935,0.020793386,-0.061283596,-0.021358095,0.018210178,0.013056744,-0.0089010345
8,0.05138611,-0.07999934,-0.12387656,-0.2691803,-0.36913833,-0.110543326,-0.15480608,0.0030527713,0.32653633,0.028959751,-0.14381391,-0.14827956,-0.0488943,-0.12827995,-0.05685796,0.08632985,-0.02375548,-0.0040030866,0.011447458,-0.12698695,-0.08985105,0.010028151,-0.002182605,-0.0027641351,-0.023064066,0.010233737,-0.06966999,0.048183404,0.01267205,0.061630625,-0.025945792,0.018850986,0.044428885,0.03062639,0.01899191,-0.015261329,-0.0014445706,0.0012318081,-0.024520505,-0.028295837,-0.020637805,0.025141273,0.0066266153,-0.007993447,-8.591599e-05,0.043699116,-0.0049986867,0.003988377,-0.016353248,0.012780564
9,-0.1694001,0.03021241,0.21808279,0.17903931,0.4817467,0.10514589,0.018313117,0.17238322,0.028959751,0.44340894,-0.023500524,0.03054353,-0.026557697,0.018336777,0.041835573,0.020881932,0.08976342,-0.0014536539,-0.054430492,0.04498036,0.01892626,-0.0034521054,0.011693057,0.013634961,-0.034948558,-0.021555824,-0.0120565295,0.0058957003,0.016825916,0.010325734,0.0035220282,0.022801032,-0.00088080065,-0.025064755,-0.0154985385,0.01980836,-0.06181763,0.054812614,0.002731042,0.015222235,-0.0015265659,0.03609936,0.03313729,-0.010103525,0.0102958195,-0.02891587,-0.003137189,0.028202571,-0.005628952,0.020384502
10,-0.002520278,-0.03668776,-0.1478757,0.10392548,-0.120349616,0.17293274,-0.031332463,0.062564224,-0.14381391,-0.023500524,0.32975328,-0.038927287,-0.0043371953,0.07568587,-0.07858448,-0.070880964,0.08308706,-0.018193224,0.0055378717,0.0847201,0.039823294,-0.0031657114,-0.0043863975,-0.00071994227,-0.015116883,-0.04842225,-0.039244115,-0.05207964,-0.07492119,-0.045271754,0.035327174,-0.0016726933,-0.019679256,-0.03269427,-0.006534728,0.04276629,0.030867407,-0.021889348,-0.008575458,0.028535675,0.03785015,-0.0033693796,0.015049217,0.0047282767,0.014597722,-0.0254744,0.0018403627,-0.010716159,0.014552759,-0.015194537
11,0.0239495,0.12513861,-0.24918568,0.23983178,0.48457807,0.043105457,0.085466936,0.04655922,-0.14827956,0.03054353,-0.038927287,0.32295188,0.047671802,0.01959861,0.034262646,-0.008562505,-0.040542386,0.0402464,0.074038364,0.072756596,0.041444268,-0.03950247,-0.00931504,-0.03041302,0.01422577,0.025143087,0.07398491,0.035440747,0.02907658,0.035414953,0.017820567,-0.007117614,-0.06455019,-0.004318959,-0.035643574,0.0075248806,-0.009338904,0.015604592,0.020740114,0.017674766,-0.0055792956,0.0071843397,-0.007950357,-0.0023263162,-0.008565308,-0.027278684,0.002695209,0.014281598,-0.013067083,-0.011398861
12,0.0019619577,-0.034373574,0.22174284,0.026908156,0.12040262,0.07153295,-0.09376845,0.025868531,-0.0488943,-0.026557697,-0.0043371953,0.047671802,0.21354406,0.06823936,0.10959417,-0.06434597,0.0014364829,0.048390165,-0.0043737073,0.008165054,0.043527156,0.007385822,-0.062543705,-0.014940007,-0.016846946,0.014190987,0.044885136,-0.011208402,0.05572687,-0.038685974,0.006799887,0.01837653,-0.004271401,-0.028498966,-0.031249166,-0.016657008,0.0035572043,0.010767711,0.0015220142,-0.008524107,-0.009648539,-0.0041382667,0.0061542494,-0.003140862,0.0039434345,-0.021360032,-0.0026934529,0.021359347,-0.002198409,0.008776026
13,-0.020011298,0.0077049006,-0.20829818,0.13012059,0.028423287,0.21112585,0.10278463,0.038520794,-0.12827995,0.018336777,0.07568587,0.01959861,0.06823936,0.29372376,0.049304612,-0.10411782,-0.050125353,0.0138903,-0.068327144,0.12447941,0.02154623,-0.00855395,7.752872e-05,0.012740949,-0.016234681,-0.0063051763,-0.0033420231,-0.017812118,0.013581628,-0.08138306,0.0015085979,0.06723222,-0.032780774,-0.055463962,-0.002660226,-0.03015501,-0.028729796,0.019659039,0.031136444,-0.020048767,0.012067962,-0.0073296875,-0.007534863,0.0016374593,0.0112179965,-0.042601056,0.0070263026,-0.018071193,0.014743773,-0.029790705
14,-0.0018442685,-0.0776034,-0.05380118,0.0007351629,-0.058789097,0.041307118,0.10188058,-0.025964411,-0.05685796,0.041835573,-0.07858448,0.034262646,0.10959417,0.049304612,0.34990382,-0.012482833,0.033359736,0.06593585,-0.07503989,-0.024812728,0.03892079,0.02326309,-0.024732772,0.004110921,0.016011752,0.022950243,0.04975807,-0.017104879,0.048985437,-0.07970287,-0.011976905,0.0023695973,0.019982789,-0.041341558,-0.0075194826,-0.03136672,-0.0021860963,0.04507266,0.01575415,-0.006774362,-0.013397438,0.0054314528,-0.004947328,0.022440534,-0.008212591,-0.01121759,-0.0023050378,0.020717457,-0.024244146,0.008711241
15,-0.05399204,0.060797513,0.07638858,-0.050721075,0.15110627,-0.19223851,0.024958704,-0.043828983,0.08632985,0.020881932,-0.070880964,-0.008562505,-0.06434597,-0.10411782,-0.012482833,0.32275042,-0.11064513,-0.09653198,-0.0030148928,-0.10085225,-0.023184832,0.0018202027,0.038092665,-0.092554584,0.0037450336,-0.0698172,0.0151444655,-0.002724634,0.031270426,0.061772194,-0.03681762,-0.020312082,0.05596541,0.030820431,0.0053485306,0.014713514,0.023258917,-0.025657088,-0.013547003,-0.012320936,-0.024593335,-0.0013397993,-0.015887715,-0.0059814993,0.0096339835,-0.0034928988,0.017172188,0.020137625,2.0705203e-05,-0.0027286652
16,-0.09375245,0.113194756,-0.11656666,0.18616703,0.46149194,0.13813455,-0.16011788,0.015168332,-0.02375548,0.08976342,0.08308706,-0.040542386,0.0014364829,-0.050125353,0.033359736,-0.11064513,0.45154405,0.023114592,-0.004512457,-0.051602304,-0.08868327,-0.03539335,-0.015242629,0.036582336,-0.0215031,0.058805536,-0.00396665,-0.047410436,0.0046502827,0.025792684,0.01648406,-0.012027374,0.020874603,-0.004343968,0.014373615,0.032006808,-0.03984166,0.02971964,-0.024954565,0.04619949,-0.0111591555,0.058107637,0.062173106,-0.015059244,0.008911643,0.020541627,-0.010513417,-0.012690691,-0.013848864,0.020894533
17,-0.02336749,0.006707249,-0.038209576,0.04477901,-0.021327669,-0.022928216,0.080652334,0.01563283,-0.0040030866,-0.0014536539,-0.018193224,0.0402464,0.048390165,0.0138903,0.06593585,-0.09653198,0.023114592,0.26047358,-0.047434647,0.04920701,-0.0021781658,0.034654886,-0.030062135,0.03315002,0.061957624,0.032634825,-0.033589236,0.067852035,0.016669754,-0.044434007,-0.04242889,-0.0007649022,-0.026504692,-0.033898816,0.008558162,0.0015305851,0.008716786,0.009818938,0.024892109,0.024656165,-0.009817416,-0.013402756,-0.007170494,-0.0076158876,0.04021947,0.018044965,-0.014126319,-0.001352467,0.018340573,0.0052790544
18,0.024658307,0.037395105,0.04341997,-0.015298551,0.08771315,-0.09063355,-0.13929728,-0.0936212,0.011447458,-0.054430492,0.0055378717,0.074038364,-0.0043737073,-0.068327144,-0.07503989,-0.0030148928,-0.004512457,-0.047434647,0.29224485,-0.0050542094,0.054002766,-0.00020253343,-0.005333902,-0.018846294,0.01697066,0.01702473,0.06659837,-0.005026515,-0.038429983,0.028079044,0.01526756,-0.027766477,-0.042303883,0.052454636,-0.003592493,0.022369502,-0.023440454,-0.016417898,0.0049788994,0.011338092,-0.0048964685,-0.011342421,0.005979848,-0.004854056,-0.010486273,0.024366282,0.0032917387,-0.0041776244,0.01566954,0.008723257
19,-0.01777542,-0.027870748,0.008090672,0.10574832,0.065663725,0.1306903,0.08405567,0.052093655,-0.12698695,0.04498036,0.0847201,0.072756596,0.008165054,0.12447941,-0.024812728,-0.10085225,-0.051602304,0.04920701,-0.0050542094,0.27430028,0.06721379,-0.032098502,-0.024720628,0.048485868,0.036037393,0.023048101,0.024442896,0.004467559,-0.020270564,-0.057626605,0.0072932253,0.041270137,-0.075137794,-0.011021834,0.0036389122,-0.016998643,0.008673219,-0.00054342666,0.022695966,-0.0037811866,-0.009839483,-0.014771981,-0.015044303,0.01564211,0.01308256,-0.03982404,0.00043305673,0.0024905563,0.032091603,-0.030836893
20,-0.0908452,0.033592112,-0.22919863,0.07126266,0.3268516,0.04258627,0.05549266,-0.10563974,-0.08985105,0.01892626,0.039823294,0.041444268,0.043527156,0.02154623,0.03892079,-0.023184832,-0.08868327,-0.0021781658,0.054002766,0.06721379,0.3096828,-0.008945334,0.012042943,-0.028245874,-0.012470314,-0.041234538,0.04712227,-0.044073783,-0.0010691681,-0.05935501,0.021459147,-0.00064318476,-0.029553082,-0.031557545,-0.048457157,-0.00060747715,0.02555345,-0.009240011,-0.017281912,0.017951634,-0.0039238255,-0.026504818,-0.009996976,0.02190848,-0.0036005029,-0.022114884,-0.0051360293,0.0022775815,0.011216294,0.009058161
21,-0.028432932,-0.018213825,0.058789887,-0.055422697,-0.13840857,-0.045686755,0.05817768,-0.04289606,0.010028151,-0.0034521054,-0.0031657114,-0.03950247,0.007385822,-0.00855395,0.02326309,0.0018202027,-0.03539335,0.034654886,-0.00020253343,-0.032098502,-0.008945334,0.19009662,-0.010076471,0.0003458524,-0.02716874,-0.014798539,-0.03662238,0.016228441,-0.0059224097,0.0032413038,-0.03321869,0.005437443,-0.021141177,0.015197951,0.003234711,0.021772023,0.017485762,0.021114288,0.030781748,0.027635995,-0.0021188883,-0.0060096793,-0.000708116,-0.038241304,0.010466728,0.01556178,0.024747614,-0.022244431,0.014258832,0.003961696
22,0.029203825,0.023389123,-0.00028876503,-0.03074537,-0.02996001,-0.022564903,0.03758733,-0.00816686,-0.002182605,0.011693057,-0.0043863975,-0.00931504,-0.062543705,7.752872e-05,-0.024732772,0.038092665,-0.015242629,-0.030062135,-0.005333902,-0.024720628,0.012042943,-0.010076471,0.1162442,-0.014811397,0.020230446,-0.017586729,0.012363053,-0.0064968187,0.021924961,0.016495388,-0.006645674,-0.008009547,-0.010775332,0.018842215,0.0070156436,-0.009236824,-0.002969014,-0.001394453,0.013989292,-0.005363129,0.008364363,-0.00903079,0.011011151,0.016519304,0.0050164065,-0.013424879,0.014048217,-0.0060574077,0.01835658,-0.008247892
23,0.08400069,-0.09460254,0.047937687,-0.05793657,-0.328013,0.04128701,0.016180478,0.060241863,-0.0027641351,0.013634961,-0.00071994227,-0.03041302,-0.014940007,0.012740949,0.004110921,-0.092554584,0.036582336,0.03315002,-0.018846294,0.048485868,-0.028245874,0.0003458524,-0.014811397,0.13681701,0.021077424,0.041101813,-0.019491196,0.017196123,-0.0022058222,-0.010795615,-0.014829116,-0.005239187,-0.040268883,-0.009789111,0.027337763,0.0057120696,-0.0029794914,0.013282927,-0.025835034,0.0071458034,0.009249581,-0.00036948104,-0.013442557,0.01835901,0.01455923,0.005251609,-0.013221572,-0.020077817,-0.012222759,-0.003569718
24,-0.006261724,-0.01490139,0.0246507,0.023199204,-0.14686015,-0.1698797,0.06697518,-0.037936788,-0.023064066,-0.034948558,-0.015116883,0.01422577,-0.016846946,-0.016234681,0.016011752,0.0037450336,-0.0215031,0.061957624,0.01697066,0.036037393,-0.012470314,-0.02716874,0.020230446,0.021077424,0.19981878,0.00026549364,0.0015269124,0.03272841,-0.029821914,-0.01623457,-0.005479111,-0.043864585,0.005444515,0.032618284,0.01685813,-0.0091721695,0.017547894,-0.021531757,0.00028956588,-0.01648732,-0.030908167,-0.01470076,-0.024122335,-0.005602735,0.014362148,0.0064755986,0.005912655,0.0056207785,-0.00049813604,0.004037512
25,0.07331626,-0.018082574,-0.07133947,-0.0035112752,-0.06735823,0.08059028,-0.034123935,0.0022093249,0.010233737,-0.021555824,-0.04842225,0.025143087,0.014190987,-0.0063051763,0.022950243,-0.0698172,0.058805536,0.032634825,0.01702473,0.023048101,-0.041234538,-0.014798539,-0.017586729,0.041101813,0.00026549364,0.16981639,0.030471936,0.026892748,0.010906205,-0.008346857,-0.00029682985,0.0054294337,-0.007657048,0.003492325,0.038456723,-0.014114015,-0.020371243,0.016320534,-0.005429592,0.008211636,-0.004131592,0.0008458667,-0.008311825,-0.0055246735,0.00707426,0.017207207,0.0014912556,0.0017244413,-0.024202207,-0.0042834436
26,0.050168194,0.048506454,-0.049302094,0.024174057,0.2639714,0.0084148515,-0.035185926,-0.0326163,-0.06966999,-0.0120565295,-0.039244115,0.07398491,0.044885136,-0.0033420231,0.04975807,0.0151444655,-0.00396665,-0.033589236,0.06659837,0.024442896,0.04712227,-0.03662238,0.012363053,-0.019491196,0.0015269124,0.030471936,0.15699083,-0.024316838,0.039702274,0.012967993,0.0020963424,-0.0020284015,-0.008828379,0.008487662,-0.010021154,0.001935153,-0.0061817737,0.025191396,-0.0037126162,-0.003053971,0.0060571115,-0.028123556,0.00023278236,0.019036258,-0.0020458563,-0.0086660115,0.0026667179,0.024199601,5.927695e-05,-0.010818496
27,0.050400876,0.020473095,-0.019596491,-0.007857885,-0.06723929,-0.06048481,0.051410582,0.014904946,0.048183404,0.0058957003,-0.05207964,0.035440747,-0.011208402,-0.017812118,-0.017104879,-0.002724634,-0.047410436,0.067852035,-0.005026515,0.004467559,-0.044073783,0.016228441,-0.0064968187,0.017196123,0.03272841,0.026892748,-0.024316838,0.11713844,0.016964661,0.011017522,-0.009997666,0.0058437474,-0.018191785,0.022773448,-0.009084685,0.014776247,-0.0045522517,0.0055541154,0.0027326327,0.0018819476,0.009930501,-0.0074102487,-0.00905255,-0.01628378,0.017442925,0.018917868,0.0143048335,0.0038849688,-0.011567602,0.0008775982
28,0.04068522,0.0657469,-0.04756334,-0.013392888,0.22244838,0.030116968,-0.03944035,0.015471293,0.01267205,0.016825916,-0.07492119,0.02907658,0.05572687,0.013581628,0.048985437,0.031270426,0.0046502827,0.016669754,-0.038429983,-0.020270564,-0.0010691681,-0.0059224097,0.021924961,-0.0022058222,-0.029821914,0.010906205,0.039702274,0.016964661,0.14127475,0.031509727,-0.023820536,0.014948807,-0.008847861,-0.0020720204,0.01008909,-0.0045695496,0.005063666,0.0024426416,0.0031282334,0.004058842,0.0070360713,0.010866843,0.012935425,0.009711174,0.013788203,0.0006886708,0.008955995,0.017252099,0.012211135,-0.00891589
29,0.11907989,0.03774086,0.11695511,-0.043921284,-0.025715746,-0.04245176,-0.10906398,0.05058468,0.061630625,0.010325734,-0.045271754,0.035414953,-0.038685974,-0.08138306,-0.07970287,0.061772194,0.025792684,-0.044434007,0.028079044,-0.057626605,-0.05935501,0.0032413038,0.016495388,-0.010795615,-0.01623457,-0.008346857,0.012967993,0.011017522,0.031509727,0.18246801,-0.008051924,-0.01749538,0.0044148527,0.02234295,-0.012332703,0.0100596845,0.013082882,0.010973671,-0.011795479,0.019400468,0.008214401,0.014998844,0.020113738,0.007917071,-0.00862544,0.01284112,0.00014795142,0.0043902616,-0.0059995083,-0.018545661
30,0.006266292,0.00089346024,0.0061455085,0.030767094,0.03067423,0.036816645,-0.043593157,-0.00603419,-0.025945792,0.0035220282,0.035327174,0.017820567,0.006799887,0.0015085979,-0.011976905,-0.03681762,0.01648406,-0.04242889,0.01526756,0.0072932253,0.021459147,-0.03321869,-0.006645674,-0.014829116,-0.005479111,-0.00029682985,0.0020963424,-0.009997666,-0.023820536,-0.008051924,0.094014294,-0.0054353797,0.008075616,0.0064230785,-0.012280846,-0.007815225,-0.012237925,0.01361289,-0.014468737,0.0034680269,0.012394024,-0.008390462,0.0036964323,0.0013620852,-0.018465081,0.01257495,0.012038445,0.015351112,-0.008023578,0.009101443
31,-0.002541337,0.02678109,-0.06481813,0.0056636445,0.1045097,0.09486197,-0.035503242,-0.01919423,0.018850986,0.022801032,-0.0016726933,-0.007117614,0.01837653,0.06723222,0.0023695973,-0.020312082,-0.012027374,-0.0007649022,-0.027766477,0.041270137,-0.00064318476,0.005437443,-0.008009547,-0.005239187,-0.043864585,0.0054294337,-0.0020284015,0.0058437474,0.014948807,-0.01749538,-0.0054353797,0.111213736,-0.016052388,-0.0025314447,-0.011848571,0.0041683456,-0.008543206,0.010057401,0.008406889,-0.00044378167,0.00647433,0.0035312132,0.010255134,-0.007959168,-0.0024064449,-0.019177813,0.008071983,-0.002412345,0.0027502696,-0.028836813
32,-0.041659817,0.017809816,0.04456645,-0.015291992,0.051062252,-0.0891628,-0.018376462,-0.025607971,0.044428885,-0.00088080065,-0.019679256,-0.06455019,-0.004271401,-0.032780774,0.019982789,0.05596541,0.020874603,-0.026504692,-0.042303883,-0.075137794,-0.029553082,-0.021141177,-0.010775332,-0.040268883,0.005444515,-0.007657048,-0.008828379,-0.018191785,-0.008847861,0.0044148527,0.008075616,-0.016052388,0.11458826,0.002136747,-0.02050029,-0.0059917485,-0.006667684,0.008092646,-0.005296091,-0.025984596,-0.0032118857,0.0036570937,0.0037100022,0.0020989357,-0.015466046,0.008173599,-0.004472355,0.016970223,-0.025893757,0.019001368
33,0.053542845,-0.008254762,0.0066902265,-0.06371108,-0.09095085,-0.11047207,-0.03644982,-0.037135303,0.03062639,-0.025064755,-0.03269427,-0.004318959,-0.028498966,-0.055463962,-0.041341558,0.030820431,-0.004343968,-0.033898816,0.052454636,-0.011021834,-0.031557545,0.015197951,0.018842215,-0.009789111,0.032618284,0.003492325,0.008487662,0.022773448,-0.0020720204,0.02234295,0.0064230785,-0.0025314447,0.002136747,0.10005077,-0.004017143,0.011965266,-0.00929356,-0.006749544,-0.00081351254,0.008094372,-0.015442029,0.008299691,0.013924092,-0.012333052,-0.00046633737,0.009769294,0.01641003,0.010590626,0.012743519,0.009497612
34,-0.019415429,0.0059629176,0.012840671,-0.015943728,-0.05531496,0.014105873,-0.0011257571,-0.016770422,0.01899191,-0.0154985385,-0.006534728,-0.035643574,-0.031249166,-0.002660226,-0.0075194826,0.0053485306,0.014373615,0.008558162,-0.003592493,0.0036389122,-0.048457157,0.003234711,0.0070156436,0.027337763,0.01685813,0.038456723,-0.010021154,-0.009084685,0.01008909,-0.012332703,-0.012280846,-0.011848571,-0.02050029,-0.004017143,0.094970375,-0.013959574,0.001905931,-0.022494689,0.0034019763,0.008134464,0.0010761346,0.01568807,-0.0137052685,-0.002052053,0.01682546,0.013326693,-0.00066992297,-0.009984996,0.005632648,-0.012891352
35,0.0028479635,0.02668693,0.030347664,0.028470736,0.06233678,-0.021571381,0.010633521,-0.009111939,-0.015261329,0.01980836,0.04276629,0.0075248806,-0.016657008,-0.03015501,-0.03136672,0.014713514,0.032006808,0.0015305851,0.022369502,-0.016998643,-0.00060747715,0.021772023,-0.009236824,0.0057120696,-0.0091721695,-0.014114015,0.001935153,0.014776247,-0.0045695496,0.0100596845,-0.007815225,0.0041683456,-0.0059917485,0.011965266,-0.013959574,0.07341116,0.0014920656,0.00505549,-0.009664321,0.0232868,0.004199129,0.0055726636,0.0015646198,-0.0104937395,0.00037869645,0.0041672494,0.009951661,-0.004043646,-0.0038329535,0.00948721
36,0.047109164,-0.063835844,0.07617401,-0.06080778,-0.232221,0.0121428035,-0.007587202,0.020365853,-0.0014445706,-0.06181763,0.030867407,-0.009338904,0.0035572043,-0.028729796,-0.0021860963,0.023258917,-0.03984166,0.008716786,-0.023440454,0.008673219,0.02555345,0.017485762,-0.002969014,-0.0029794914,0.017547894,-0.020371243,-0.0061817737,-0.0045522517,0.005063666,0.013082882,-0.012237925,-0.008543206,-0.006667684,-0.00929356,0.001905931,0.0014920656,0.075301826,-0.015605726,-0.015109774,0.01831806,0.007484977,-0.00033018627,-0.0061756065,-0.002383999,-7.832226e-05,0.00080694695,-0.00047204987,0.0028223759,0.010078933,-0.01462475
37,0.03428843,-0.011740955,-0.050085086,0.00827816,-0.013525765,0.03606888,0.012669834,0.030362543,0.0012318081,0.054812614,-0.021889348,0.015604592,0.010767711,0.019659039,0.04507266,-0.025657088,0.02971964,0.009818938,-0.016417898,-0.00054342666,-0.009240011,0.021114288,-0.001394453,0.013282927,-0.021531757,0.016320534,0.025191396,0.0055541154,0.0024426416,0.010973671,0.01361289,0.010057401,0.008092646,-0.006749544,-0.022494689,0.00505549,-0.015605726,0.07739801,0.007706982,0.004375192,0.004478533,-0.0046919975,0.0027739424,0.0023981808,0.0021471197,-0.0026305271,0.0038918403,0.00010971834,-0.0125506595,0.005590577
38,-0.02052513,0.035279226,-0.01373103,-0.0085350005,0.06781611,-0.028881315,0.03987476,-0.019883856,-0.024520505,0.002731042,-0.008575458,0.020740114,0.0015220142,0.031136444,0.01575415,-0.013547003,-0.024954565,0.024892109,0.0049788994,0.022695966,-0.017281912,0.030781748,0.013989292,-0.025835034,0.00028956588,-0.005429592,-0.0037126162,0.0027326327,0.0031282334,-0.011795479,-0.014468737,0.008406889,-0.005296091,-0.00081351254,0.0034019763,-0.009664321,-0.015109774,0.007706982,0.09312993,-0.0071395356,-0.00059763074,-0.017256571,0.009141986,-0.0020416547,0.0032752887,-0.007203432,0.0005518538,-0.006896332,0.013494861,-0.009434193
39,0.03805297,-0.012049381,0.057724692,0.012323529,-0.045814216,0.04841344,-0.038172103,0.02457191,-0.028295837,0.015222235,0.028535675,0.017674766,-0.008524107,-0.020048767,-0.006774362,-0.012320936,0.04619949,0.024656165,0.011338092,-0.0037811866,0.017951634,0.027635995,-0.005363129,0.0071458034,-0.01648732,0.008211636,-0.003053971,0.0018819476,0.004058842,0.019400468,0.0034680269,-0.00044378167,-0.025984596,0.008094372,0.008134464,0.0232868,0.01831806,0.004375192,-0.0071395356,0.0769972,0.012601463,0.008049509,0.011275968,-0.0078096716,0.009680376,0.009740022,0.011284527,-0.00811731,0.01596432,-0.008627637
40,0.052996308,-0.0029335986,0.032120626,-0.015338138,-0.07375932,0.04803666,-0.029204253,0.035790134,-0.020637805,-0.0015265659,0.03785015,-0.0055792956,-0.009648539,0.012067962,-0.013397438,-0.024593335,-0.0111591555,-0.009817416,-0.0048964685,-0.009839483,-0.0039238255,-0.0021188883,0.008364363,0.009249581,-0.030908167,-0.004131592,0.0060571115,0.009930501,0.0070360713,0.008214401,0.012394024,0.00647433,-0.0032118857,-0.015442029,0.0010761346,0.004199129,0.007484977,0.004478533,-0.00059763074,0.012601463,0.058812197,-0.011256884,0.0029870793,0.0028114724,0.0007287474,0.010472474,0.0029766914,0.005671949,-0.0030591239,-0.018983861
41,-0.02756432,0.019266674,-0.025513988,0.042679243,0.08183105,0.039704226,-0.024455559,0.008443257,0.025141273,0.03609936,-0.0033693796,0.0071843397,-0.0041382667,-0.0073296875,0.0054314528,-0.0013397993,0.058107637,-0.013402756,-0.011342421,-0.014771981,-0.026504818,-0.0060096793,-0.00903079,-0.00036948104,-0.01470076,0.0008458667,-0.028123556,-0.0074102487,0.010866843,0.014998844,-0.008390462,0.0035312132,0.0036570937,0.008299691,0.01568807,0.0055726636,-0.00033018627,-0.0046919975,-0.017256571,0.008049509,-0.011256884,0.06488048,0.012153825,-0.005207289,-0.0057491013,-0.010776607,-0.0025244937,0.0025097542,-0.005650936,0.009211342
42,0.0069113197,0.015359333,-0.0048460905,0.009525574,0.08788782,0.03188741,-0.061482865,0.030602712,0.0066266153,0.03313729,0.015049217,-0.007950357,0.0061542494,-0.007534863,-0.004947328,-0.015887715,0.062173106,-0.007170494,0.005979848,-0.015044303,-0.009996976,-0.000708116,0.011011151,-0.013442557,-0.024122335,-0.008311825,0.00023278236,-0.00905255,0.012935425,0.020113738,0.0036964323,0.010255134,0.0037100022,0.013924092,-0.0137052685,0.0015646198,-0.0061756065,0.0027739424,0.009141986,0.011275968,0.0029870793,0.012153825,0.04548947,-0.0022156753,-0.0001623689,-0.004203776,0.0002141066,0.002988704,0.01229154,0.004769019
43,0.087614164,-0.059878044,-0.0158833,-0.07768344,-0.18687594,0.021403965,-0.010095626,0.052129935,-0.007993447,-0.010103525,0.0047282767,-0.0023263162,-0.003140862,0.0016374593,0.022440534,-0.0059814993,-0.015059244,-0.0076158876,-0.004854056,0.01564211,0.02190848,-0.038241304,0.016519304,0.01835901,-0.005602735,-0.0055246735,0.019036258,-0.01628378,0.009711174,0.007917071,0.0013620852,-0.007959168,0.0020989357,-0.012333052,-0.002052053,-0.0104937395,-0.002383999,0.0023981808,-0.0020416547,-0.0078096716,0.0028114724,-0.005207289,-0.0022156753,0.06191938,-0.002200534,-0.025148287,-0.009208854,0.0055853385,-0.0056994976,-0.00086588296
44,-0.010077462,0.008996164,0.00890371,0.0012371208,0.008569557,0.0027441815,-0.0050650644,0.020793386,-8.591599e-05,0.0102958195,0.014597722,-0.008565308,0.0039434345,0.0112179965,-0.008212591,0.0096339835,0.008911643,0.04021947,-0.010486273,0.01308256,-0.0036005029,0.010466728,0.0050164065,0.01455923,0.014362148,0.00707426,-0.0020458563,0.017442925,0.013788203,-0.00862544,-0.018465081,-0.0024064449,-0.015466046,-0.00046633737,0.01682546,0.00037869645,-7.832226e-05,0.0021471197,0.0032752887,0.009680376,0.0007287474,-0.0057491013,-0.0001623689,-0.002200534,0.04518373,-0.007594675,0.0022319881,-0.0021290355,0.0073512355,0.002873868
45,-0.011414725,0.022113252,0.045034766,-0.018055592,0.00387468,-0.053801224,-0.022507459,-0.061283596,0.043699116,-0.02891587,-0.0254744,-0.027278684,-0.021360032,-0.042601056,-0.01121759,-0.0034928988,0.020541627,0.018044965,0.024366282,-0.03982404,-0.022114884,0.01556178,-0.013424879,0.005251609,0.0064755986,0.017207207,-0.0086660115,0.018917868,0.0006886708,0.01284112,0.01257495,-0.019177813,0.008173599,0.009769294,0.013326693,0.0041672494,0.00080694695,-0.0026305271,-0.007203432,0.009740022,0.010472474,-0.010776607,-0.004203776,-0.025148287,-0.007594675,0.06717042,0.0092221275,-0.00360021,0.005249167,0.0017510238
46,-0.0054744016,0.023949653,-0.015181238,0.009845264,0.07216464,-0.019828102,0.0030456122,-0.021358095,-0.0049986867,-0.003137189,0.0018403627,0.002695209,-0.0026934529,0.0070263026,-0.0023050378,0.017172188,-0.010513417,-0.014126319,0.0032917387,0.00043305673,-0.0051360293,0.024747614,0.014048217,-0.013221572,0.005912655,0.0014912556,0.0026667179,0.0143048335,0.008955995,0.00014795142,0.012038445,0.008071983,-0.004472355,0.01641003,-0.00066992297,0.009951661,-0.00047204987,0.0038918403,0.0005518538,0.011284527,0.0029766914,-0.0025244937,0.0002141066,-0.009208854,0.0022319881,0.0092221275,0.046586588,-0.0004408934,0.0061782934,-0.006558243
47,0.018263556,-0.011328144,-0.017521739,-0.01086963,0.033652864,-0.01627487,-0.0366448,0.018210178,0.003988377,0.028202571,-0.010716159,0.014281598,0.021359347,-0.018071193,0.020717457,0.020137625,-0.012690691,-0.001352467,-0.0041776244,0.0024905563,0.0022775815,-0.022244431,-0.0060574077,-0.020077817,0.0056207785,0.0017244413,0.024199601,0.0038849688,0.017252099,0.0043902616,0.015351112,-0.002412345,0.016970223,0.010590626,-0.009984996,-0.004043646,0.0028223759,0.00010971834,-0.006896332,-0.00811731,0.005671949,0.0025097542,0.002988704,0.0055853385,-0.0021290355,-0.00360021,-0.0004408934,0.055406507,0.0005335931,0.0043898895
48,6.3139865e-05,-0.020983733,0.017652467,-0.021989215,-0.035819896,-0.0013366889,-0.0134519525,0.013056744,-0.016353248,-0.005628952,0.014552759,-0.013067083,-0.002198409,0.014743773,-0.024244146,2.0705203e-05,-0.013848864,0.018340573,0.01566954,0.032091603,0.011216294,0.014258832,0.01835658,-0.012222759,-0.00049813604,-0.024202207,5.927695e-05,-0.011567602,0.012211135,-0.0059995083,-0.008023578,0.0027502696,-0.025893757,0.012743519,0.005632648,-0.0038329535,0.010078933,-0.0125506595,0.013494861,0.01596432,-0.0030591239,-0.005650936,0.01229154,-0.0056994976,0.0073512355,0.005249167,0.0061782934,0.0005335931,0.06649735,-0.0020862287
49,-0.049368024,1.26993755e-05,0.030148389,0.0118058715,0.05936134,-0.03447217,0.01133699,-0.0089010345,0.012780564,0.020384502,-0.015194537,-0.011398861,0.008776026,-0.029790705,0.008711241,-0.0027286652,0.020894533,0.0052790544,0.008723257,-0.030836893,0.009058161,0.003961696,-0.008247892,-0.003569718,0.004037512,-0.0042834436,-0.010818496,0.0008775982,-0.00891589,-0.018545661,0.009101443,-0.028836813,0.019001368,0.009497612,-0.012891352,0.00948721,-0.01462475,0.005590577,-0.009434193,-0.008627637,-0.018983861,0.009211342,0.004769019,-0.00086588296,0.002873868,0.0017510238,-0.006558243,0.0043898895,-0.0020862287,0.053620607
