,0,1,2,3,4,5,6,7,8,9,10,11,12,13,14,15,16,17,18,19,20,21,22,23,24,25,26,27,28,29,30,31,32,33,34,35,36,37,38,39,40,41,42,43,44,45,46,47,48,49,50,51,52,53,54,55,56,57,58,59
0,46.936783,-54.8766,-45.778595,33.216194,11.901724,-13.277935,29.02862,30.167763,5.9652424,-12.1730175,7.2224607,-9.590786,-4.2724333,9.218362,0.026704973,-0.2122049,0.05370406,-1.8169957,4.5672455,-2.8120322,2.2211027,-4.9132853,0.54209083,0.58153653,-1.863625,-0.40081632,3.3684258,2.0448906,2.336599,-0.51951075,0.74757147,-0.8693442,0.23632857,-0.5437727,-1.0545573,-0.29040113,0.7088958,-0.06269427,0.62688226,-1.4187946,0.2847307,-0.35977995,0.38380963,-0.49565786,0.25861752,-0.20432296,-1.137038,0.47803319,0.23052187,0.15668896,-0.0240242,0.2691242,-1.2323059,-0.9964738,0.50191426,0.13039203,0.2682293,0.35073167,0.6106373,-0.6492423
1,-54.8766,202.6554,107.57901,19.906387,-57.07186,-5.6073503,-14.421988,-44.4813,22.458153,22.9789,-13.545666,21.930725,15.894297,-19.06665,13.627347,1.1863773,15.62426,4.4129477,-0.79507935,-2.3089771,-7.235077,4.7290444,1.2867996,-0.13115746,13.905775,-2.603695,-5.577076,-2.7759619,-6.438736,1.7851648,-3.512711,-0.37527475,0.6894771,-0.55206096,6.843362,0.49906978,1.8882774,-3.188148,1.3695006,1.7551689,0.41523504,1.4441698,0.7319185,0.51086044,0.11058527,0.51784086,-0.8718512,-0.16740587,-0.68173265,0.49751598,0.07771492,-1.4247417,-0.648571,0.4076082,0.59965587,-0.9649841,-0.008476682,0.4514567,0.90844965,-1.7074642
2,-45.778595,107.57901,77.44452,-16.956406,-37.716904,3.4008455,-23.50376,-35.013874,1.235853,13.732499,-7.1025105,12.725111,6.100725,-8.169833,9.950082,3.7676203,6.762167,2.7896552,-3.0072045,-0.032413702,-2.7757154,4.857254,1.3338022,0.31096017,5.867964,-0.43054342,-4.985714,-3.0690677,-1.9402626,-1.271121,-0.885659,1.1431246,-0.18374434,-0.066210225,1.8855236,0.5306026,0.74364674,-1.6231358,2.087007,1.9748816,0.72665584,1.5318909,0.21438268,0.6102718,-0.08302995,-0.74499726,-0.58993375,-0.32953942,0.11157937,-0.28338748,0.8830744,-1.0750673,0.6341002,0.44130653,-0.60093987,0.018105425,-0.3475058,0.6471223,0.78364074,-0.33313018
3,33.216194,19.906387,-16.956406,63.08684,-7.160305,-17.69017,23.087181,18.085247,9.407396,-7.738738,3.449309,-0.43838233,2.8638334,2.709199,0.49305013,-0.16898155,3.334567,1.0154454,3.6155992,-1.4614842,-2.3465858,-1.7706735,0.107452706,-1.0302415,5.2836614,-0.1359628,2.110318,3.0078197,-1.7815052,2.2002585,-1.5522809,-3.060698,0.60618764,-0.60084057,1.7635722,-1.2771156,0.41161442,-1.5168655,1.1151713,-2.6589808,1.0683371,0.9395061,1.0638497,-1.2157137,1.3051125,0.20784695,-1.6409297,0.6487038,0.5394461,1.7823265,-1.1037743,0.10203492,-2.1929502,-1.1026576,1.0099711,-0.74125016,0.35013404,0.66360945,0.93409956,-1.0622982
4,11.901724,-57.07186,-37.716904,-7.160305,42.358902,1.6845968,-0.70193195,6.7953796,-8.386725,0.5867506,0.5465224,-9.129835,3.2467527,4.614073,-5.6407576,-1.2255636,-3.190166,-4.2114267,2.8950782,-1.5492629,2.616569,-0.44925243,-0.014801197,-2.5049992,-4.884549,-1.223398,4.0593567,0.17737147,-2.9115758,-0.1034641,-0.100784466,0.7932056,0.61616397,1.880908,-3.0516424,0.6686416,-1.1327446,0.9178455,-2.4652884,0.486883,-2.5176768,-1.2405088,0.9732264,0.06304286,-1.5140152,0.37466472,0.0715423,-0.569216,-1.9088006,-0.40548545,-1.3957841,0.4930639,-1.5708,0.21067151,2.0388072,0.035393283,0.9034397,-1.1663853,-0.9767207,0.19036716
5,-13.277935,-5.6073503,3.4008455,-17.69017,1.6845968,34.93205,-4.954959,-4.700508,-9.255947,-0.60451794,-2.332419,-3.8544195,2.3929799,0.21723795,4.5629826,-9.032537,1.5737157,4.0685134,-1.7084388,-1.5452013,1.1054273,1.6859659,0.63625455,-2.6977744,-1.3280206,1.5143231,-2.4286873,0.61020255,2.8752918,1.4453795,2.1505957,1.6970375,0.44335732,-0.7092876,0.12761694,1.4128089,-3.8020725,0.4490026,-1.5637971,-0.36069953,0.44575822,0.11705038,1.9727224,0.5161954,-1.979157,-1.6357937,0.6525372,-1.1603088,0.71163005,0.061880637,0.6576858,0.43625128,0.41610032,-0.8452172,-0.027183492,0.5609776,-0.37475246,-0.45088714,-0.5515349,0.1209479
6,29.02862,-14.421988,-23.50376,23.087181,-0.70193195,-4.954959,50.04338,13.141844,10.30563,-10.415992,1.846942,1.7329901,-1.685971,-0.3995195,8.902473,1.8184049,2.9943538,3.383494,2.5340385,-4.747178,0.2978502,-7.9038186,2.3371692,-0.89659196,-0.54949105,-2.6379824,0.24504806,0.22278243,2.6603193,-0.5146104,0.45358038,-1.5994737,-1.0747486,-1.1780679,-0.019760896,1.2005844,1.6029388,0.0032769241,-0.64621115,-1.2692786,0.24066845,-0.7092978,-1.5707638,1.5497077,-1.2509017,1.3300359,0.09998281,-0.15786289,0.36462295,-0.95910084,0.9654335,0.35681796,0.17519927,-0.18805669,0.61277926,0.21647705,-0.7625253,-0.3207882,0.07111844,-0.730582
7,30.167763,-44.4813,-35.013874,18.085247,6.7953796,-4.700508,13.141844,34.205883,2.6383028,-4.1769104,7.1443663,-5.0248938,-1.4492146,5.98687,-3.2319016,-5.7713766,-0.22493607,-3.8925884,3.080889,0.65205514,2.102858,-3.1295633,-0.6713631,3.8828807,-1.6547365,0.2750144,1.5064147,1.0510904,2.3266115,1.4238834,1.3208425,1.3650639,0.5276928,-1.409311,1.250647,-0.2175974,1.0270654,0.6579813,-0.66479415,-1.0899991,0.360531,-0.8680192,0.429879,-0.8896457,0.3821975,0.4714695,-0.59425384,0.07135822,1.1595225,0.53513324,0.67191434,-0.1936881,0.080505386,-0.66097045,-0.06856689,-0.45410803,-0.19239753,0.19835764,0.04766543,0.08424723
8,5.9652424,22.458153,1.235853,9.407396,-8.386725,-9.255947,10.30563,2.6383028,37.292164,6.9711742,-8.546354,-3.702036,-1.6176608,-5.423155,-1.5646307,-1.1873834,3.4262354,-0.9966072,0.6259146,-4.2833214,-1.1751916,-3.5078096,-2.3423615,1.3613367,0.890726,-2.459784,0.22678892,0.12910762,1.1776428,0.72959405,-0.22057614,-0.1900051,0.58619785,-0.2825158,3.8209848,0.2991252,2.034646,0.80328715,-0.272421,1.7144499,-0.47444922,-2.3013663,0.18609457,0.3012129,-0.05508102,0.7961843,1.1287212,0.43057895,-0.94081324,-0.2349722,0.258589,0.34505373,-0.06892386,-0.3436582,-0.21284035,-0.46287155,0.3531527,-0.55796194,0.0010248347,-0.84936196
9,-12.1730175,22.9789,13.732499,-7.738738,0.5867506,-0.60451794,-10.415992,-4.1769104,6.9711742,15.493083,-3.9285586,1.7432203,5.89454,0.18906294,2.432925,-0.9551446,0.6811744,-1.996593,-0.3640313,0.6246513,-0.69540024,1.1604493,-1.9448068,2.168212,1.0293932,-2.6991675,-0.4376607,-1.6290487,-1.2135372,-0.17319362,0.69977224,1.5259638,0.7752011,-0.7285714,0.14729066,0.9743701,2.006601,0.59271157,-0.41912445,0.6591053,-0.22543108,-0.6634934,0.14973703,-0.4290486,-0.29753804,-0.27839607,0.43604374,-0.5669058,-0.4526546,-0.5274664,0.2028054,0.042057954,-0.5553845,-0.14700964,0.10398826,-0.35321656,0.26213875,-0.17098516,-0.28753668,-0.41779888
10,7.2224607,-13.545666,-7.1025105,3.449309,0.5465224,-2.332419,1.846942,7.1443663,-8.546354,-3.9285586,13.974987,1.3609283,-1.9011021,3.3813133,-1.3156381,-1.1026025,3.6940212,-0.69505394,-0.37067497,-0.14789966,0.7313818,-0.6055462,0.6930101,1.319718,-0.553838,-0.51487416,-0.35996842,-0.26064587,0.12761965,-0.621871,0.4640345,-0.27482316,-0.64082116,-1.6670009,-0.6789236,-1.5940083,0.47960788,-0.9852315,0.27980348,-0.07609771,-0.1118544,0.06422685,-0.17635366,0.37395984,0.33085954,-1.1821585,-0.5764742,0.7615383,0.3833607,-0.54381853,0.47841328,-0.70060366,0.55909127,-0.39184415,-0.55750966,0.0017030508,-0.056472324,0.6952703,-0.50599366,0.06988317
11,-9.590786,21.930725,12.725111,-0.43838233,-9.129835,-3.8544195,1.7329901,-5.0248938,-3.702036,1.7432203,1.3609283,12.616678,1.1067349,-4.2161427,0.67456865,3.3211274,0.6793301,1.1402837,-1.786766,1.2580993,-1.13882,-0.46328047,-0.26755434,2.2596388,2.2582002,0.9069003,-0.8389839,0.11058397,-1.6291187,0.9364532,-0.6903045,-0.119856775,-0.7322625,-0.08492549,0.13563718,-1.1531656,0.8643848,0.8974055,-0.10161097,-0.8946878,0.6585325,-0.15670022,-1.0856643,0.50109386,0.47185233,0.5037273,0.84282714,-0.296009,0.65828973,0.09022984,0.15014705,-0.31186235,0.947963,0.6662476,-0.597029,-0.05903858,-0.3767696,-0.22397989,-0.4688514,0.37374908
12,-4.2724333,15.894297,6.100725,2.8638334,3.2467527,2.3929799,-1.685971,-1.4492146,-1.6176608,5.89454,-1.9011021,1.1067349,9.373534,-1.5299234,2.2273688,-1.2682471,0.8806501,-0.7638839,0.31762117,-0.14494485,0.44537508,-0.8833855,-0.022347547,1.1035875,0.2260389,-1.9329729,0.58139765,-0.59536934,-1.572545,-0.41081217,0.72580194,0.78584987,0.1627984,-0.15822512,0.5044053,0.7512299,-0.20254263,-0.3696863,-0.083385065,0.011487173,-0.5283513,-0.49484128,0.70642793,-0.1756373,-0.8731024,0.21515538,-0.43743837,-0.52722955,0.57993186,-0.26236343,-0.31641376,-0.3537598,-1.0098746,-0.2134678,0.9365326,-0.25316015,-0.24314201,-0.3485141,-0.2217618,0.030489914
13,9.218362,-19.06665,-8.169833,2.709199,4.614073,0.21723795,-0.3995195,5.98687,-5.423155,0.18906294,3.3813133,-4.2161427,-1.5299234,11.470077,1.8827667,0.15434888,-0.82263005,-0.043972846,-0.9768262,-1.3550599,-0.69249856,1.9583364,-0.40311056,-1.1394668,0.572379,0.08538751,-0.5230913,-0.9685887,1.6023494,-0.42755073,0.58409524,-0.14430967,0.7969428,-1.0385195,-1.9412193,0.07238251,0.023702417,-1.0500748,0.6321707,0.107138544,-0.122013345,0.6604564,0.29706335,-0.95343626,-0.012210343,-1.4451225,-0.29911035,0.25529546,-0.26825905,0.105442286,0.7101604,0.16468026,-0.26320782,-0.7873777,0.3429383,0.31550455,0.26058817,0.3936956,0.77385664,0.12614615
14,0.026704973,13.627347,9.950082,0.49305013,-5.6407576,4.5629826,8.902473,-3.2319016,-1.5646307,2.432925,-1.3156381,0.67456865,2.2273688,1.8827667,11.777233,0.16887468,2.0686774,0.7913102,0.9428481,-0.9889159,0.40246028,-1.1441987,0.9106655,-0.032491352,0.5810653,-2.1731172,0.05778813,-0.068080194,0.20508216,-1.1449728,0.7880963,0.31223065,0.0319141,-0.032052718,-0.7267244,1.9740767,0.5321196,0.18400547,0.67430377,-0.64605427,1.1528056,0.79838866,0.15515165,-0.07363345,-0.9132284,-0.45655453,-0.535926,-0.52582073,0.12164082,-0.77739036,0.6948755,0.124012955,-0.44370034,-0.26419094,0.106518194,0.61820155,0.01321459,0.40655145,0.19541639,-0.81409127
15,-0.2122049,1.1863773,3.7676203,-0.16898155,-1.2255636,-9.032537,1.8184049,-5.7713766,-1.1873834,-0.9551446,-1.1026025,3.3211274,-1.2682471,0.15434888,0.16887468,12.363693,-0.5475156,-0.71205676,-1.1386104,-0.31532705,-1.5723257,-0.11174649,1.4242977,-1.842052,-2.1210678,0.57883614,-0.56613076,-1.2686396,-0.6828731,-2.005537,-0.15053111,-1.1369158,-1.1751685,-0.19942775,-1.7968318,-0.6685983,1.7451245,0.42215002,1.2259278,0.07475172,0.21735519,-0.1370385,-0.89680105,0.77664125,-0.28485498,0.6583555,-0.14599691,-0.1869888,0.44378084,-0.024555618,-0.24464151,-0.47409588,-0.19368798,0.44560847,0.61333126,0.04216651,-0.22830419,0.26114768,0.25889325,0.75703996
16,0.05370406,15.62426,6.762167,3.334567,-3.190166,1.5737157,2.9943538,-0.22493607,3.4262354,0.6811744,3.6940212,0.6793301,0.8806501,-0.82263005,2.0686774,-0.5475156,8.868738,-0.29425073,-0.041214675,-3.4561768,1.5545182,0.6583595,1.1224146,1.0216824,-0.7780751,0.24059123,-1.2130117,-0.23609015,-0.6940949,0.501185,0.22063532,0.043607596,-0.023997707,-0.75887865,0.5524256,-0.5032469,0.16934127,-1.1347373,-0.7396599,0.94974023,-0.98689234,-0.2054689,0.6356251,0.30319527,-1.1032162,-0.9398817,-0.3643465,-0.02009911,-0.37494287,-0.58389544,0.20950791,-0.36326802,0.03012808,-0.055580273,0.5954753,0.4764376,0.3782522,0.108841866,-0.3528095,-0.16795926
17,-1.8169957,4.4129477,2.7896552,1.0154454,-4.2114267,4.0685134,3.383494,-3.8925884,-0.9966072,-1.996593,-0.69505394,1.1402837,-0.7638839,-0.043972846,0.7913102,-0.71205676,-0.29425073,5.818928,-1.5507431,-1.1286877,0.6083901,2.4213336,1.0077734,-0.052468248,0.5543494,0.9290737,-0.80461717,0.08082011,1.9777086,0.036449246,-0.115469486,-0.85832083,-0.2753371,0.053215288,-0.5275917,-0.2537504,-0.48869497,-0.52864337,0.16665825,-0.5576189,0.2981087,1.0242902,-0.035669137,0.3698666,0.4818582,-0.76880264,0.35439345,-0.16500854,0.6747821,0.122889936,0.4676017,0.195505,0.4319832,-0.15282336,-0.27005357,-0.1466856,0.22078246,-0.22071356,-0.2720899,-0.31756306
18,4.5672455,-0.79507935,-3.0072045,3.6155992,2.8950782,-1.7084388,2.5340385,3.080889,0.6259146,-0.3640313,-0.37067497,-1.786766,0.31762117,-0.9768262,0.9428481,-1.1386104,-0.041214675,-1.5507431,5.351326,0.62702787,-0.6413139,-1.3922453,1.0479761,-0.70204157,0.65128446,0.5246986,0.76166505,-0.022020325,0.8509308,-0.52609515,0.21788847,1.3287876,0.8098787,0.24707618,0.026448999,0.53354824,0.027583165,0.82375276,0.08184886,-0.18914998,-0.07122804,-0.21393158,0.217675,0.38807836,0.5074996,0.114579216,-0.713061,0.28241262,-0.75245166,-0.027945,-0.42750168,-0.12347744,-0.81512725,0.24568312,0.28792846,-0.17719853,0.22500885,-0.015026649,0.23006031,-0.6436498
19,-2.8120322,-2.3089771,-0.032413702,-1.4614842,-1.5492629,-1.5452013,-4.747178,0.65205514,-4.2833214,0.6246513,-0.14789966,1.2580993,-0.14494485,-1.3550599,-0.9889159,-0.31532705,-3.4561768,-1.1286877,0.62702787,4.894861,-1.2482953,-0.5662595,-1.40447,0.56746215,0.6694388,0.021179136,-0.028734818,0.2429713,0.08019359,-0.28565067,-0.022333926,0.017915394,-0.10522388,-0.23995464,0.090335175,0.35505497,0.26592675,0.8020774,0.1123981,-0.7951046,0.4289741,0.07589626,-0.78024185,-0.4228808,0.62076896,0.4126485,0.06854756,0.009302768,0.031631544,0.28176898,-0.63509345,0.2730477,-0.18649557,0.21913348,-0.6490202,-0.12805158,-0.47015798,0.39717424,0.10528655,0.046729572
20,2.2211027,-7.235077,-2.7757154,-2.3465858,2.616569,1.1054273,0.2978502,2.102858,-1.1751916,-0.69540024,0.7313818,-1.13882,0.44537508,-0.69249856,0.40246028,-1.5723257,1.5545182,0.6083901,-0.6413139,-1.2482953,4.95644,0.7513354,0.33594173,1.865758,-2.0315008,-0.40947807,1.0831169,0.5300278,-1.0477815,-0.44581455,0.8788032,0.41933423,-0.49714887,1.4226487,-0.35934258,-0.3310817,-0.20714751,-0.39482868,0.065375656,0.319503,-0.16485591,0.36393654,0.53469306,-0.4421563,-0.03068798,-0.36590073,-0.25486612,-0.30196315,0.3653313,-0.6342639,0.36870325,0.2527297,-0.064683676,0.027387124,-0.30705678,0.2099759,0.39315015,0.035631426,-0.56516063,-0.15376008
21,-4.9132853,4.7290444,4.857254,-1.7706735,-0.44925243,1.6859659,-7.9038186,-3.1295633,-3.5078096,1.1604493,-0.6055462,-0.46328047,-0.8833855,1.9583364,-1.1441987,-0.11174649,0.6583595,2.4213336,-1.3922453,-0.5662595,0.7513354,5.3397713,1.0206871,-0.2600657,-0.2652449,1.8457208,-0.5011133,-0.13445795,0.12415522,1.0081959,-0.16781351,-0.75009334,0.12861875,0.23991367,-0.7862058,-0.28224355,-0.074719936,-1.121597,-0.105456695,-0.07985091,-0.34299922,1.5041065,0.010418916,-0.49868846,0.30791935,-0.50579214,0.019311598,-0.07135637,0.22806585,0.019554453,-0.03694451,-0.11183764,0.3677389,-0.06436333,0.22746648,0.11566204,0.68352604,0.13841993,-0.06174572,-0.016275048
22,0.54209083,1.2867996,1.3338022,0.107452706,-0.014801197,0.63625455,2.3371692,-0.6713631,-2.3423615,-1.9448068,0.6930101,-0.26755434,-0.022347547,-0.40311056,0.9106655,1.4242977,1.1224146,1.0077734,1.0479761,-1.40447,0.33594173,1.0206871,2.7758512,-1.0053502,-1.2028456,1.1028329,0.14479987,-0.25705564,0.3974494,-0.3202982,0.17011836,-0.06327019,-0.1541445,0.122599386,-0.20587942,-0.10000077,0.26359954,-0.83566993,-0.070975766,-0.11453064,0.1191024,0.6483865,0.13711172,0.58195674,-0.18502384,0.30463755,-0.43660673,0.116667435,0.37182227,-0.1787153,0.39391333,-0.5998961,0.09008095,0.08138788,0.42236865,-0.24305993,0.18846685,-0.04108215,-0.023412287,-0.016956806
23,0.58153653,-0.13115746,0.31096017,-1.0302415,-2.5049992,-2.6977744,-0.89659196,3.8828807,1.3613367,2.168212,1.319718,2.2596388,1.1035875,-1.1394668,-0.032491352,-1.842052,1.0216824,-0.052468248,-0.70204157,0.56746215,1.865758,-0.2600657,-1.0053502,6.2298355,0.116861,-0.14553002,0.54225665,0.88426006,0.012279192,0.46249604,-0.13540307,0.5953975,0.6285689,-1.1143665,-0.21971712,-0.16125718,0.63964146,-0.26895067,-0.4380148,-0.5845219,0.5767592,-0.30591485,-0.65515625,-0.40002114,0.30576217,-0.33282903,0.099613905,-0.23089415,0.80423534,-0.22046714,0.17155859,-0.1548841,0.3705663,0.2924467,-0.3840832,0.29875672,0.16388895,-0.3661285,-0.076345146,-0.2519002
24,-1.863625,13.905775,5.867964,5.2836614,-4.884549,-1.3280206,-0.54949105,-1.6547365,0.890726,1.0293932,-0.553838,2.2582002,0.2260389,0.572379,0.5810653,-2.1210678,-0.7780751,0.5543494,0.65128446,0.6694388,-2.0315008,-0.2652449,-1.2028456,0.116861,4.113746,-0.064168856,-0.09212324,0.038083054,0.049555086,0.50395775,-1.1301451,0.20507587,0.69686633,-0.39881653,0.55234003,-0.106245175,-0.43331403,-0.08442284,0.28799683,-0.24971049,0.26850918,-0.0028963527,-0.05100546,-0.31718606,0.68273854,-0.38053936,0.15852524,0.20012169,-0.4809277,0.6220681,0.02534465,0.056795754,-0.18457767,-0.06869577,-0.28033715,-0.15837893,0.0044017937,-0.0490682,0.51364565,-0.35596633
25,-0.40081632,-2.603695,-0.43054342,-0.1359628,-1.223398,1.5143231,-2.6379824,0.2750144,-2.459784,-2.6991675,-0.51487416,0.9069003,-1.9329729,0.08538751,-2.1731172,0.57883614,0.24059123,0.9290737,0.5246986,0.021179136,-0.40947807,1.8457208,1.1028329,-0.14553002,-0.064168856,3.8978138,-0.5466535,1.073575,1.0609543,0.9860433,0.036849327,0.031590823,0.49196425,0.049698517,-0.15966047,-0.82409793,-0.7002531,-0.23042336,-0.38469842,-0.3562162,-0.034119576,0.34628618,-0.051378578,0.12513722,0.14166746,-0.08192997,0.22507209,0.2053487,0.13711095,0.3597464,-0.25152627,-0.109423935,0.24044885,0.09102358,0.075452864,0.13196158,0.07454774,-0.16322371,0.24806693,0.30656472
26,3.3684258,-5.577076,-4.985714,2.110318,4.0593567,-2.4286873,0.24504806,1.5064147,0.22678892,-0.4376607,-0.35996842,-0.8389839,0.58139765,-0.5230913,0.05778813,-0.56613076,-1.2130117,-0.80461717,0.76166505,-0.028734818,1.0831169,-0.5011133,0.14479987,0.54225665,-0.09212324,-0.5466535,3.035971,0.8137237,-1.3765436,-0.1663742,-0.21886656,-0.20931247,-0.22508694,0.95645785,0.24464598,0.009558272,-0.17047468,-0.0625552,0.16444667,-0.61576664,0.25052577,0.1278544,0.14897165,-0.6252761,0.27631646,0.30359468,0.12210977,0.15267119,0.15332258,-0.19118676,0.005850611,-0.35048845,-0.32895243,0.1520657,-0.054892585,-0.09756413,0.5948375,-0.06415279,-0.28458428,-0.23502915
27,2.0448906,-2.7759619,-3.0690677,3.0078197,0.17737147,0.61020255,0.22278243,1.0510904,0.12910762,-1.6290487,-0.26064587,0.11058397,-0.59536934,-0.9685887,-0.068080194,-1.2686396,-0.23609015,0.08082011,-0.022020325,0.2429713,0.5300278,-0.13445795,-0.25705564,0.88426006,0.038083054,1.073575,0.8137237,2.1539373,-0.6173872,0.94363177,-0.13788608,-0.0933377,0.2507728,0.5452355,0.05754101,-0.15903355,-0.6714215,0.35282016,-0.3273761,-0.68250436,0.59953356,0.06376076,0.18127109,-0.09948904,-0.013105962,0.133031,0.11047986,0.07242803,0.23415609,0.17777807,-0.33614367,0.25471145,0.07533336,-0.044708334,-0.2165613,0.12816328,0.099835455,-0.14800182,-0.06499078,-0.11775505
28,2.336599,-6.438736,-1.9402626,-1.7815052,-2.9115758,2.8752918,2.6603193,2.3266115,1.1776428,-1.2135372,0.12761965,-1.6291187,-1.572545,1.6023494,0.20508216,-0.6828731,-0.6940949,1.9777086,0.8509308,0.08019359,-1.0477815,0.12415522,0.3974494,0.012279192,0.049555086,1.0609543,-1.3765436,-0.6173872,3.6616054,-0.4703287,0.65437317,0.1663148,0.38454133,-1.0331316,-0.06618816,0.21087472,-0.014468279,0.17018524,0.42914522,-0.025364613,-0.07806438,0.024985503,-0.24235573,0.38049102,0.3491721,-0.6380428,0.07892449,0.26954108,0.27860194,0.005388404,0.24525404,0.023662928,0.19395316,-0.19043761,-0.085738674,0.022930756,-0.17170513,-0.0029599248,0.1839473,-0.064472735
29,-0.51951075,1.7851648,-1.271121,2.2002585,-0.1034641,1.4453795,-0.5146104,1.4238834,0.72959405,-0.17319362,-0.621871,0.9364532,-0.41081217,-0.42755073,-1.1449728,-2.005537,0.501185,0.036449246,-0.52609515,-0.28565067,-0.44581455,1.0081959,-0.3202982,0.46249604,0.50395775,0.9860433,-0.1663742,0.94363177,-0.4703287,2.4220114,-0.52022326,-0.38257483,0.13022274,-0.21273044,0.075215966,0.22964597,-0.38828802,0.20986992,-0.8695663,-0.45085424,0.08421688,0.25185537,0.028345397,-0.13368614,-0.23308927,0.10255948,0.41556036,-0.29591298,-0.08628605,0.2517839,-0.40118432,0.06553163,0.49443576,-0.016771201,0.035821386,0.19375286,0.20079595,-0.30121198,-0.030644145,0.03625022
30,0.74757147,-3.512711,-0.885659,-1.5522809,-0.100784466,2.1505957,0.45358038,1.3208425,-0.22057614,0.69977224,0.4640345,-0.6903045,0.72580194,0.58409524,0.7880963,-0.15053111,0.22063532,-0.115469486,0.21788847,-0.022333926,0.8788032,-0.16781351,0.17011836,-0.13540307,-1.1301451,0.036849327,-0.21886656,-0.13788608,0.65437317,-0.52022326,1.7161496,0.29681277,-0.1272182,0.070486285,-0.08291441,-0.09440186,0.19380185,-0.08798125,0.31338832,-0.005328383,-0.14482805,-0.08576864,0.020935502,-0.1236106,-0.06631336,-0.16036019,-0.11050223,0.23227197,0.39616543,-0.591022,0.0771813,-0.04020676,-0.110643916,-0.20461336,-0.17450327,0.037688337,-0.10569283,0.23491848,-0.1594982,0.09610854
31,-0.8693442,-0.37527475,1.1431246,-3.060698,0.7932056,1.6970375,-1.5994737,1.3650639,-0.1900051,1.5259638,-0.27482316,-0.119856775,0.78584987,-0.14430967,0.31223065,-1.1369158,0.043607596,-0.85832083,1.3287876,0.017915394,0.41933423,-0.75009334,-0.06327019,0.5953975,0.20507587,0.031590823,-0.20931247,-0.0933377,0.1663148,-0.38257483,0.29681277,1.6844053,0.43865544,-0.0812774,-0.14045273,0.098959,-0.21511035,0.63982606,-0.30351275,0.20847511,0.24442147,-0.4962163,0.31982255,0.31271,0.039845005,-0.065789714,-0.23249976,-0.22950572,-0.108052224,0.12685858,0.26351163,0.05895295,-0.0690775,0.07246888,-0.09835224,-0.2029571,-0.10931277,-0.18401341,0.17150839,-0.15811656
32,0.23632857,0.6894771,-0.18374434,0.60618764,0.61616397,0.44335732,-1.0747486,0.5276928,0.58619785,0.7752011,-0.64082116,-0.7322625,0.1627984,0.7969428,0.0319141,-1.1751685,-0.023997707,-0.2753371,0.8098787,-0.10522388,-0.49714887,0.12861875,-0.1541445,0.6285689,0.69686633,0.49196425,-0.22508694,0.2507728,0.38454133,0.13022274,-0.1272182,0.43865544,1.3283764,-0.15682746,0.19922687,-0.122543454,-0.0700665,-0.23833129,-0.14296201,-0.014697194,-0.004051934,-0.100537494,-0.05177968,-0.09097491,0.40428078,0.032674387,-0.18104607,0.3364265,-0.18738481,0.11960752,-0.021172453,0.33011496,-0.16422665,0.02999859,0.34497297,0.25449002,-0.110756844,-0.109909005,0.22841409,-0.15812466
33,-0.5437727,-0.55206096,-0.066210225,-0.60084057,1.880908,-0.7092876,-1.1780679,-1.409311,-0.2825158,-0.7285714,-1.6670009,-0.08492549,-0.15822512,-1.0385195,-0.032052718,-0.19942775,-0.75887865,0.053215288,0.24707618,-0.23995464,1.4226487,0.23991367,0.122599386,-1.1143665,-0.39881653,0.049698517,0.95645785,0.5452355,-1.0331316,-0.21273044,0.070486285,-0.0812774,-0.15682746,2.5085506,0.719772,-0.2335242,-0.531631,0.5291918,0.4710712,0.3839079,-0.2407924,0.24987271,0.71074295,-0.26268342,0.3871533,0.33924907,-0.11881356,0.33374423,-0.2676677,0.0032287748,0.031382818,0.37055847,-0.14917678,0.25229508,-0.002625516,-0.078719854,0.23252738,-0.00016730829,-0.5142168,0.07309672
34,-1.0545573,6.843362,1.8855236,1.7635722,-3.0516424,0.12761694,-0.019760896,1.250647,3.8209848,0.14729066,-0.6789236,0.13563718,0.5044053,-1.9412193,-0.7267244,-1.7968318,0.5524256,-0.5275917,0.026448999,0.090335175,-0.35934258,-0.7862058,-0.20587942,-0.21971712,0.55234003,-0.15966047,0.24464598,0.05754101,-0.06618816,0.075215966,-0.08291441,-0.14045273,0.19922687,0.719772,2.28125,-0.3261632,-0.17790413,-0.223363,0.15348184,0.4293426,-0.33022842,-0.28087986,0.3049935,-0.28095567,0.23802441,0.58831906,0.053827867,0.58288515,0.06399819,0.12574714,0.25927472,-0.06683518,0.072201416,0.05231947,0.058597386,-0.19315648,-0.16949072,0.0902727,-0.25609228,0.17284526
35,-0.29040113,0.49906978,0.5306026,-1.2771156,0.6686416,1.4128089,1.2005844,-0.2175974,0.2991252,0.9743701,-1.5940083,-1.1531656,0.7512299,0.07238251,1.9740767,-0.6685983,-0.5032469,-0.2537504,0.53354824,0.35505497,-0.3310817,-0.28224355,-0.10000077,-0.16125718,-0.106245175,-0.82409793,0.009558272,-0.15903355,0.21087472,0.22964597,-0.09440186,0.098959,-0.122543454,-0.2335242,-0.3261632,1.2313689,-0.037705243,0.46613306,-0.12603293,-0.07281861,0.099103734,0.041513644,-0.027606605,-0.005508559,-0.40238473,0.059576754,-0.03732596,-0.347113,-0.17488524,-0.085215345,-0.15226297,0.08340707,-0.053327218,-0.016226757,0.12236252,0.09252393,0.06262338,-0.07153619,0.12394467,-0.20876662
36,0.7088958,1.8882774,0.74364674,0.41161442,-1.1327446,-3.8020725,1.6029388,1.0270654,2.034646,2.006601,0.47960788,0.8643848,-0.20254263,0.023702417,0.5321196,1.7451245,0.16934127,-0.48869497,0.027583165,0.26592675,-0.20714751,-0.074719936,0.26359954,0.63964146,-0.43331403,-0.7002531,-0.17047468,-0.6714215,-0.014468279,-0.38828802,0.19380185,-0.21511035,-0.0700665,-0.531631,-0.17790413,-0.037705243,1.6511409,-0.29592347,0.06957967,-0.16952482,0.14157486,0.02855203,-0.4426685,0.19046429,0.013900887,0.25771296,-0.012097437,-0.055336904,0.15199223,-0.25986534,0.13932964,-0.21576808,-0.05738703,-0.058184937,-0.07895711,-0.13183072,-0.11151243,0.17233866,-0.041891396,-0.11857741
37,-0.06269427,-3.188148,-1.6231358,-1.5168655,0.9178455,0.4490026,0.0032769241,0.6579813,0.80328715,0.59271157,-0.9852315,0.8974055,-0.3696863,-1.0500748,0.18400547,0.42215002,-1.1347373,-0.52864337,0.82375276,0.8020774,-0.39482868,-1.121597,-0.83566993,-0.26895067,-0.08442284,-0.23042336,-0.0625552,0.35282016,0.17018524,0.20986992,-0.08798125,0.63982606,-0.23833129,0.5291918,-0.223363,0.46613306,-0.29592347,2.1937897,0.15382288,-0.117388785,0.34477136,-0.4555809,0.24407229,0.36544108,0.22189534,-0.00035726267,0.20720303,-0.36392578,-0.22285317,0.2197902,-0.32123268,0.46328527,0.08958929,0.17199156,-0.18663955,0.051697455,-0.029420815,-0.13679144,-0.2880717,-0.08533147
38,0.62688226,1.3695006,2.087007,1.1151713,-2.4652884,-1.5637971,-0.64621115,-0.66479415,-0.272421,-0.41912445,0.27980348,-0.10161097,-0.083385065,0.6321707,0.67430377,1.2259278,-0.7396599,0.16665825,0.08184886,0.1123981,0.065375656,-0.105456695,-0.070975766,-0.4380148,0.28799683,-0.38469842,0.16444667,-0.3273761,0.42914522,-0.8695663,0.31338832,-0.30351275,-0.14296201,0.4710712,0.15348184,-0.12603293,0.06957967,0.15382288,1.3869925,0.1844075,-0.025176909,0.10263474,0.12093587,-0.20893593,0.54523784,-0.23689151,-0.2354231,0.41926736,0.26492015,-0.14755039,0.01511124,0.0012578429,-0.2117131,-0.11251157,-0.052598692,0.098189235,0.019226246,0.31869727,-0.05307842,0.031928353
39,-1.4187946,1.7551689,1.9748816,-2.6589808,0.486883,-0.36069953,-1.2692786,-1.0899991,1.7144499,0.6591053,-0.07609771,-0.8946878,0.011487173,0.107138544,-0.64605427,0.07475172,0.94974023,-0.5576189,-0.18914998,-0.7951046,0.319503,-0.07985091,-0.11453064,-0.5845219,-0.24971049,-0.3562162,-0.61576664,-0.68250436,-0.025364613,-0.45085424,-0.005328383,0.20847511,-0.014697194,0.3839079,0.4293426,-0.07281861,-0.16952482,-0.117388785,0.1844075,1.1364046,-0.6761508,-0.35843444,0.24491781,0.038113922,-0.1348823,-0.039546028,-0.13794437,0.24399844,-0.44585577,-0.09358467,0.17018269,0.09637622,0.010511003,0.048467338,0.18128152,-0.025672246,-0.02162496,-0.0017523677,-0.0131610315,0.20037833
40,0.2847307,0.41523504,0.72665584,1.0683371,-2.5176768,0.44575822,0.24066845,0.360531,-0.47444922,-0.22543108,-0.1118544,0.6585325,-0.5283513,-0.122013345,1.1528056,0.21735519,-0.98689234,0.2981087,-0.07122804,0.4289741,-0.16485591,-0.34299922,0.1191024,0.5767592,0.26850918,-0.034119576,0.25052577,0.59953356,-0.07806438,0.08421688,-0.14482805,0.24442147,-0.004051934,-0.2407924,-0.33022842,0.099103734,0.14157486,0.34477136,-0.025176909,-0.6761508,1.2039967,0.23714828,0.04666859,0.11248597,0.17181048,0.037714593,-0.051472593,-0.28837848,0.34611216,0.28588876,0.28451037,-0.017834406,0.10332322,-0.015776012,-0.4031223,-0.16165061,-0.027002295,-0.02804138,0.15814647,-0.17865807
41,-0.35977995,1.4441698,1.5318909,0.9395061,-1.2405088,0.11705038,-0.7092978,-0.8680192,-2.3013663,-0.6634934,0.06422685,-0.15670022,-0.49484128,0.6604564,0.79838866,-0.1370385,-0.2054689,1.0242902,-0.21393158,0.07589626,0.36393654,1.5041065,0.6483865,-0.30591485,-0.0028963527,0.34628618,0.1278544,0.06376076,0.024985503,0.25185537,-0.08576864,-0.4962163,-0.100537494,0.24987271,-0.28087986,0.041513644,0.02855203,-0.4555809,0.10263474,-0.35843444,0.23714828,1.0322877,-0.1106622,-0.23362836,0.20276877,-0.034451514,-0.15086173,-0.1159723,0.13776392,-0.050413094,0.025797699,-0.024865357,0.11872205,-0.012054324,-0.030053174,0.11444546,0.16303635,0.20573522,0.029450826,-0.11104384
42,0.38380963,0.7319185,0.21438268,1.0638497,0.9732264,1.9727224,-1.5707638,0.429879,0.18609457,0.14973703,-0.17635366,-1.0856643,0.70642793,0.29706335,0.15515165,-0.89680105,0.6356251,-0.035669137,0.217675,-0.78024185,0.53469306,0.010418916,0.13711172,-0.65515625,-0.05100546,-0.051378578,0.14897165,0.18127109,-0.24235573,0.028345397,0.020935502,0.31982255,-0.05177968,0.71074295,0.3049935,-0.027606605,-0.4426685,0.24407229,0.12093587,0.24491781,0.04666859,-0.1106622,1.1314452,0.067108124,-0.1836417,-0.44634056,-0.15183577,-0.07646149,-0.14155807,0.29721045,0.17265923,0.023307899,-0.34651428,-0.16416125,0.035244957,-0.26291668,0.18805574,-0.12554142,-0.21208102,-0.033762716
43,-0.49565786,0.51086044,0.6102718,-1.2157137,0.06304286,0.5161954,1.5497077,-0.8896457,0.3012129,-0.4290486,0.37395984,0.50109386,-0.1756373,-0.95343626,-0.07363345,0.77664125,0.30319527,0.3698666,0.38807836,-0.4228808,-0.4421563,-0.49868846,0.58195674,-0.40002114,-0.31718606,0.12513722,-0.6252761,-0.09948904,0.38049102,-0.13368614,-0.1236106,0.31271,-0.09097491,-0.26268342,-0.28095567,-0.005508559,0.19046429,0.36544108,-0.20893593,0.038113922,0.11248597,-0.23362836,0.067108124,0.83310455,-0.2522288,0.085876286,-0.032545485,-0.2219089,0.0009366875,0.08894803,-0.03904772,-0.07462335,0.10760695,-0.0477765,0.027105946,-0.14215596,-0.22988722,-0.16279814,-0.027594572,-0.060443778
44,0.25861752,0.11058527,-0.08302995,1.3051125,-1.5140152,-1.979157,-1.2509017,0.3821975,-0.05508102,-0.29753804,0.33085954,0.47185233,-0.8731024,-0.012210343,-0.9132284,-0.28485498,-1.1032162,0.4818582,0.5074996,0.62076896,-0.03068798,0.30791935,-0.18502384,0.30576217,0.68273854,0.14166746,0.27631646,-0.013105962,0.3491721,-0.23308927,-0.06631336,0.039845005,0.40428078,0.3871533,0.23802441,-0.40238473,0.013900887,0.22189534,0.54523784,-0.1348823,0.17181048,0.20276877,-0.1836417,-0.2522288,1.1345541,-0.033350926,-0.09021418,0.49357486,0.06690453,0.056187876,0.122221455,0.26330626,0.06811507,0.21023436,-0.15173602,-0.02228592,0.12908414,0.10826935,-0.088638976,-0.12979084
45,-0.20432296,0.51784086,-0.74499726,0.20784695,0.37466472,-1.6357937,1.3300359,0.4714695,0.7961843,-0.27839607,-1.1821585,0.5037273,0.21515538,-1.4451225,-0.45655453,0.6583555,-0.9398817,-0.76880264,0.114579216,0.4126485,-0.36590073,-0.50579214,0.30463755,-0.33282903,-0.38053936,-0.08192997,0.30359468,0.133031,-0.6380428,0.10255948,-0.16036019,-0.065789714,0.032674387,0.33924907,0.58831906,0.059576754,0.25771296,-0.00035726267,-0.23689151,-0.039546028,0.037714593,-0.034451514,-0.44634056,0.085876286,-0.033350926,1.1373265,-0.052412894,0.05137714,0.16082898,0.006717867,-0.083660744,-0.046118204,0.22177362,0.1612112,0.19532979,-0.054441772,-0.30331802,0.009888232,0.070596114,0.16483334
46,-1.137038,-0.8718512,-0.58993375,-1.6409297,0.0715423,0.6525372,0.09998281,-0.59425384,1.1287212,0.43604374,-0.5764742,0.84282714,-0.43743837,-0.29911035,-0.535926,-0.14599691,-0.3643465,0.35439345,-0.713061,0.06854756,-0.25486612,0.019311598,-0.43660673,0.099613905,0.15852524,0.22507209,0.12210977,0.11047986,0.07892449,0.41556036,-0.11050223,-0.23249976,-0.18104607,-0.11881356,0.053827867,-0.03732596,-0.012097437,0.20720303,-0.2354231,-0.13794437,-0.051472593,-0.15086173,-0.15183577,-0.032545485,-0.09021418,-0.052412894,0.5565692,-0.12496559,-0.041357633,-0.019406673,-0.022330552,0.03865747,0.17403284,-0.035843015,-0.18802163,0.050411195,0.02862493,-0.119850844,-0.12578765,0.054071806
47,0.47803319,-0.16740587,-0.32953942,0.6487038,-0.569216,-1.1603088,-0.15786289,0.07135822,0.43057895,-0.5669058,0.7615383,-0.296009,-0.52722955,0.25529546,-0.52582073,-0.1869888,-0.02009911,-0.16500854,0.28241262,0.009302768,-0.30196315,-0.07135637,0.116667435,-0.23089415,0.20012169,0.2053487,0.15267119,0.07242803,0.26954108,-0.29591298,0.23227197,-0.22950572,0.3364265,0.33374423,0.58288515,-0.347113,-0.055336904,-0.36392578,0.41926736,0.24399844,-0.28837848,-0.1159723,-0.07646149,-0.2219089,0.49357486,0.05137714,-0.12496559,0.8596985,0.008859004,-0.1516932,0.14246264,0.018454768,0.016488768,0.12145622,0.09720284,-0.05591204,0.09652375,0.09781773,-0.09407228,0.10299516
48,0.23052187,-0.68173265,0.11157937,0.5394461,-1.9088006,0.71163005,0.36462295,1.1595225,-0.94081324,-0.4526546,0.3833607,0.65828973,0.57993186,-0.26825905,0.12164082,0.44378084,-0.37494287,0.6747821,-0.75245166,0.031631544,0.3653313,0.22806585,0.37182227,0.80423534,-0.4809277,0.13711095,0.15332258,0.23415609,0.27860194,-0.08628605,0.39616543,-0.108052224,-0.18738481,-0.2676677,0.06399819,-0.17488524,0.15199223,-0.22285317,0.26492015,-0.44585577,0.34611216,0.13776392,-0.14155807,0.0009366875,0.06690453,0.16082898,-0.041357633,0.008859004,0.91092074,-0.06353919,0.16648872,-0.25668848,0.23016512,-0.08284219,-0.039457962,-0.0713291,-0.09270531,0.042495478,-0.0800288,0.12026699
49,0.15668896,0.49751598,-0.28338748,1.7823265,-0.40548545,0.061880637,-0.95910084,0.53513324,-0.2349722,-0.5274664,-0.54381853,0.09022984,-0.26236343,0.105442286,-0.77739036,-0.024555618,-0.58389544,0.122889936,-0.027945,0.28176898,-0.6342639,0.019554453,-0.1787153,-0.22046714,0.6220681,0.3597464,-0.19118676,0.17777807,0.005388404,0.2517839,-0.591022,0.12685858,0.11960752,0.0032287748,0.12574714,-0.085215345,-0.25986534,0.2197902,-0.14755039,-0.09358467,0.28588876,-0.050413094,0.29721045,0.08894803,0.056187876,0.006717867,-0.019406673,-0.1516932,-0.06353919,0.583781,0.033968076,0.048166536,-0.048144475,0.024585813,0.00068667566,-0.22957906,-0.05647809,-0.13757926,0.14944866,0.0510683
50,-0.0240242,0.07771492,0.8830744,-1.1037743,-1.3957841,0.6576858,0.9654335,0.67191434,0.258589,0.2028054,0.47841328,0.15014705,-0.31641376,0.7101604,0.6948755,-0.24464151,0.20950791,0.4676017,-0.42750168,-0.63509345,0.36870325,-0.03694451,0.39391333,0.17155859,0.02534465,-0.25152627,0.005850611,-0.33614367,0.24525404,-0.40118432,0.0771813,0.26351163,-0.021172453,0.031382818,0.25927472,-0.15226297,0.13932964,-0.32123268,0.01511124,0.17018269,0.28451037,0.025797699,0.17265923,-0.03904772,0.122221455,-0.083660744,-0.022330552,0.14246264,0.16648872,0.033968076,0.7628816,-0.099208504,0.1779589,0.045726627,-0.1267004,-0.26784548,0.08418222,-0.039530218,-0.029077165,0.028168147
51,0.2691242,-1.4247417,-1.0750673,0.10203492,0.4930639,0.43625128,0.35681796,-0.1936881,0.34505373,0.042057954,-0.70060366,-0.31186235,-0.3537598,0.16468026,0.124012955,-0.47409588,-0.36326802,0.195505,-0.12347744,0.2730477,0.2527297,-0.11183764,-0.5998961,-0.1548841,0.056795754,-0.109423935,-0.35048845,0.25471145,0.023662928,0.06553163,-0.04020676,0.05895295,0.33011496,0.37055847,-0.06683518,0.08340707,-0.21576808,0.46328527,0.0012578429,0.09637622,-0.017834406,-0.024865357,0.023307899,-0.07462335,0.26330626,-0.046118204,0.03865747,0.018454768,-0.25668848,0.048166536,-0.099208504,0.6529306,-0.047527295,0.01980998,0.01162181,0.22188658,-0.12520057,0.009554353,-0.049382873,-0.07320539
52,-1.2323059,-0.648571,0.6341002,-2.1929502,-1.5708,0.41610032,0.17519927,0.080505386,-0.06892386,-0.5553845,0.55909127,0.947963,-1.0098746,-0.26320782,-0.44370034,-0.19368798,0.03012808,0.4319832,-0.81512725,-0.18649557,-0.064683676,0.3677389,0.09008095,0.3705663,-0.18457767,0.24044885,-0.32895243,0.07533336,0.19395316,0.49443576,-0.110643916,-0.0690775,-0.16422665,-0.14917678,0.072201416,-0.053327218,-0.05738703,0.08958929,-0.2117131,0.010511003,0.10332322,0.11872205,-0.34651428,0.10760695,0.06811507,0.22177362,0.17403284,0.016488768,0.23016512,-0.048144475,0.1779589,-0.047527295,0.66472906,0.11385386,-0.12833202,0.05733858,-0.02789766,-0.046076175,-0.051787145,0.12846686
53,-0.9964738,0.4076082,0.44130653,-1.1026576,0.21067151,-0.8452172,-0.18805669,-0.66097045,-0.3436582,-0.14700964,-0.39184415,0.6662476,-0.2134678,-0.7873777,-0.26419094,0.44560847,-0.055580273,-0.15282336,0.24568312,0.21913348,0.027387124,-0.06436333,0.08138788,0.2924467,-0.06869577,0.09102358,0.1520657,-0.044708334,-0.19043761,-0.016771201,-0.20461336,0.07246888,0.02999859,0.25229508,0.05231947,-0.016226757,-0.058184937,0.17199156,-0.11251157,0.048467338,-0.015776012,-0.012054324,-0.16416125,-0.0477765,0.21023436,0.1612112,-0.035843015,0.12145622,-0.08284219,0.024585813,0.045726627,0.01980998,0.11385386,0.37981007,0.08436978,-0.0228533,0.12706758,-0.104979664,-0.080261,0.06616387
54,0.50191426,0.59965587,-0.60093987,1.0099711,2.0388072,-0.027183492,0.61277926,-0.06856689,-0.21284035,0.10398826,-0.55750966,-0.597029,0.9365326,0.3429383,0.106518194,0.61333126,0.5954753,-0.27005357,0.28792846,-0.6490202,-0.30705678,0.22746648,0.42236865,-0.3840832,-0.28033715,0.075452864,-0.054892585,-0.2165613,-0.085738674,0.035821386,-0.17450327,-0.09835224,0.34497297,-0.002625516,0.058597386,0.12236252,-0.07895711,-0.18663955,-0.052598692,0.18128152,-0.4031223,-0.030053174,0.035244957,0.027105946,-0.15173602,0.19532979,-0.18802163,0.09720284,-0.039457962,0.00068667566,-0.1267004,0.01162181,-0.12833202,0.08436978,0.65027475,0.14246476,0.017050082,-0.08888555,0.019819852,0.09799844
55,0.13039203,-0.9649841,0.018105425,-0.74125016,0.035393283,0.5609776,0.21647705,-0.45410803,-0.46287155,-0.35321656,0.0017030508,-0.05903858,-0.25316015,0.31550455,0.61820155,0.04216651,0.4764376,-0.1466856,-0.17719853,-0.12805158,0.2099759,0.11566204,-0.24305993,0.29875672,-0.15837893,0.13196158,-0.09756413,0.12816328,0.022930756,0.19375286,0.037688337,-0.2029571,0.25449002,-0.078719854,-0.19315648,0.09252393,-0.13183072,0.051697455,0.098189235,-0.025672246,-0.16165061,0.11444546,-0.26291668,-0.14215596,-0.02228592,-0.054441772,0.050411195,-0.05591204,-0.0713291,-0.22957906,-0.26784548,0.22188658,0.05733858,-0.0228533,0.14246476,0.56225914,-0.08187318,0.103703156,0.026899092,-0.01849145
56,0.2682293,-0.008476682,-0.3475058,0.35013404,0.9034397,-0.37475246,-0.7625253,-0.19239753,0.3531527,0.26213875,-0.056472324,-0.3767696,-0.24314201,0.26058817,0.01321459,-0.22830419,0.3782522,0.22078246,0.22500885,-0.47015798,0.39315015,0.68352604,0.18846685,0.16388895,0.0044017937,0.07454774,0.5948375,0.099835455,-0.17170513,0.20079595,-0.10569283,-0.10931277,-0.110756844,0.23252738,-0.16949072,0.06262338,-0.11151243,-0.029420815,0.019226246,-0.02162496,-0.027002295,0.16303635,0.18805574,-0.22988722,0.12908414,-0.30331802,0.02862493,0.09652375,-0.09270531,-0.05647809,0.08418222,-0.12520057,-0.02789766,0.12706758,0.017050082,-0.08187318,0.4993419,-0.08287318,-0.13459486,-0.11385846
57,0.35073167,0.4514567,0.6471223,0.66360945,-1.1663853,-0.45088714,-0.3207882,0.19835764,-0.55796194,-0.17098516,0.6952703,-0.22397989,-0.3485141,0.3936956,0.40655145,0.26114768,0.108841866,-0.22071356,-0.015026649,0.39717424,0.035631426,0.13841993,-0.04108215,-0.3661285,-0.0490682,-0.16322371,-0.06415279,-0.14800182,-0.0029599248,-0.30121198,0.23491848,-0.18401341,-0.109909005,-0.00016730829,0.0902727,-0.07153619,0.17233866,-0.13679144,0.31869727,-0.0017523677,-0.02804138,0.20573522,-0.12554142,-0.16279814,0.10826935,0.009888232,-0.119850844,0.09781773,0.042495478,-0.13757926,-0.039530218,0.009554353,-0.046076175,-0.104979664,-0.08888555,0.103703156,-0.08287318,0.31772876,0.03029786,-0.010392696
58,0.6106373,0.90844965,0.78364074,0.93409956,-0.9767207,-0.5515349,0.07111844,0.04766543,0.0010248347,-0.28753668,-0.50599366,-0.4688514,-0.2217618,0.77385664,0.19541639,0.25889325,-0.3528095,-0.2720899,0.23006031,0.10528655,-0.56516063,-0.06174572,-0.023412287,-0.076345146,0.51364565,0.24806693,-0.28458428,-0.06499078,0.1839473,-0.030644145,-0.1594982,0.17150839,0.22841409,-0.5142168,-0.25609228,0.12394467,-0.041891396,-0.2880717,-0.05307842,-0.0131610315,0.15814647,0.029450826,-0.21208102,-0.027594572,-0.088638976,0.070596114,-0.12578765,-0.09407228,-0.0800288,0.14944866,-0.029077165,-0.049382873,-0.051787145,-0.080261,0.019819852,0.026899092,-0.13459486,0.03029786,0.49246782,-0.018111542
