,0,1,2,3,4,5,6,7,8,9,10,11,12,13,14,15,16,17,18,19,20,21,22,23,24,25,26,27,28,29,30,31,32,33,34,35,36,37,38,39,40,41,42,43,44,45,46,47,48,49
0,71.554,4.3955946,0.7301103,-1.2661133,-0.60861933,0.028989404,0.014200062,-0.080064595,-0.14200535,0.0066472357,0.024279227,0.17768241,0.0108051635,-0.007268379,-0.04666634,-0.0035415855,0.030014668,-0.023452267,-0.034061126,-0.0067371232,0.0450885,-0.062063903,0.0038625766,-0.045272727,0.015187331,0.03419964,0.001302447,0.02935727,0.04672204,0.039526217,-0.017349552,0.027024334,0.0051196623,0.00654425,-0.008653619,0.00314746,-0.029749593,0.001062898,-0.0025698259,0.0015093363,0.003519162,0.0043698093,0.012095488,0.0071226493,-0.009269016,0.0005269911,-0.0072434023,-0.0067478097,-0.0027997917,-0.00034058065
1,4.3955946,29.54617,0.3697586,0.47832268,0.45757228,-0.12845948,0.125765,-0.27848724,-0.022032063,-0.16023949,0.018692832,-0.01822289,-0.042779543,0.02500248,-0.09029521,0.015636373,0.00891906,0.03393432,-0.045057066,0.0011115344,-0.02808187,0.03438028,0.028743902,0.015172904,0.034308963,-0.001502904,0.014131466,-0.0049489103,0.029348932,0.013565522,0.026319433,0.008712005,0.0046130596,0.011594294,0.015483311,-0.014658036,0.0033128196,0.010873726,-0.010016915,0.014366325,0.027040325,-0.0022712275,0.010477884,0.03044299,-0.011570788,-0.016935762,-0.03237106,-0.008177936,-0.0011937064,0.0004045232
2,0.7301103,0.3697586,0.52265173,-1.0013571,-0.2070297,-0.35915586,-0.22702548,0.23913392,0.12967074,-0.19445992,0.10802455,0.07547325,-0.15228549,0.053354956,-0.0048201345,-0.016099898,0.0667046,0.011550348,-0.014959002,-0.06346473,0.11356303,0.0019046137,-0.0027982844,-0.027813362,-0.0027934206,0.03111321,-0.006634699,0.0068840366,0.0048767887,-0.044134296,-0.011237181,0.012077236,-0.014681446,0.019434549,0.0036042794,-0.006190669,-0.0070245815,0.011717492,-0.0070028845,-0.013530776,-0.018240761,0.02010414,0.004160224,0.0025665737,-0.004657409,-0.0006541684,0.0057327235,0.007988814,5.7100275e-05,-0.009928029
3,-1.2661133,0.47832268,-1.0013571,11.032456,-0.4969828,-0.04457652,-0.05828257,0.0340415,0.077944905,-0.05145494,-0.029870272,-0.06806868,-0.00799397,-0.037321083,0.000114326496,0.014426827,-0.052567497,-0.012291171,0.005032721,-0.031782262,-0.020110512,0.016516544,0.009059124,0.016678875,-0.006270276,0.0010628939,-0.0065278383,0.003174251,0.0039619934,0.012514492,-0.009060412,-0.001851405,0.004460003,0.018633166,0.005151634,-0.0074022664,0.017537978,-0.0022022002,0.0022834328,-0.0037660033,0.004570092,-0.012392493,-0.0031275,0.022378042,-0.00016978194,0.0050180177,-0.002929652,0.0032035192,0.00622827,-0.0030550454
4,-0.60861933,0.45757228,-0.2070297,-0.4969828,3.3489647,-0.0049608536,-0.05346726,0.2554869,0.101625666,-0.1383293,0.0368174,-0.13612011,-0.033469617,-0.0062869345,0.017395973,-0.04339291,-0.13306737,0.0062194904,-0.024779659,-0.016219841,-0.09279448,0.03719197,0.008438919,0.09313828,0.042413607,0.020507354,-0.076884165,0.019656217,-0.062868536,0.008673671,-0.007806697,-0.03102307,-0.013351928,0.02668987,0.014753533,-0.017525388,0.06617299,0.0049284426,-0.01935817,0.012057742,0.021115992,-0.023093093,-0.024943247,0.05365687,-0.0021356398,-0.001329155,-0.02070937,-0.010294341,0.010255571,-0.017254898
5,0.028989404,-0.12845948,-0.35915586,-0.04457652,-0.0049608536,3.8098407,0.02311587,-0.057236485,0.03304947,-0.030233545,-0.049658388,-0.013107706,-0.02116049,-0.061145987,-0.011192884,0.05560531,-0.038794555,0.0072307643,0.025943764,-0.03863418,-0.012258688,0.013595607,0.0067693493,-0.011808807,0.048721302,-0.023648437,-0.0021271138,0.01754567,-0.008478019,0.011815364,-0.011243064,-0.027198208,0.025208078,0.031618815,-0.0034112833,0.0067247506,-0.003459849,-0.010465619,0.008453198,-0.013607022,-0.013862569,-0.011399696,-0.009184043,-0.0060065254,-0.00087561115,0.015497273,0.0056595737,0.0047978703,0.00036917813,0.010287694
6,0.014200062,0.125765,-0.22702548,-0.05828257,-0.05346726,0.02311587,1.4795547,0.029665362,0.044510417,-0.004920178,0.0082704425,-0.02393496,0.026806906,-0.028966216,-0.029430106,-0.007835156,0.04579169,-0.022929966,0.04064606,-0.024744311,-0.015942873,-0.016121678,-0.010880573,-0.0043792,-0.018976502,0.010195695,0.0105943205,-0.014090115,0.011296371,0.03143022,0.012926577,0.010028805,0.0053870915,0.010653373,0.000537572,-0.0028999872,0.0022986997,-0.0035425615,-0.011716129,0.010513252,0.008687376,0.006725738,0.017172042,0.0028541584,0.0017522676,0.00616346,-0.0009780793,0.01052043,0.0037866128,-0.0032588406
7,-0.080064595,-0.27848724,0.23913392,0.0340415,0.2554869,-0.057236485,0.029665362,1.2915717,0.0008488579,-0.049147956,-0.018786173,-0.014573023,-0.008207865,-0.012229368,0.007923125,0.013455046,-0.0033222656,-0.0038264683,0.026743378,-0.016394295,0.029937895,0.013004769,0.0026432679,-0.017085116,0.010634176,-0.0016464379,0.009815763,-0.0041414388,-0.004275217,-0.015050193,0.00067791354,0.0056169834,0.006871618,0.010330271,0.0056230575,0.0030523394,-0.0059804507,-0.008963648,0.0059222756,-0.00665499,-0.010421986,-0.0025085942,-0.008794472,-0.014715299,-0.006119866,0.017710876,0.0061838906,-0.0050146985,-0.003723661,0.0029610877
8,-0.14200535,-0.022032063,0.12967074,0.077944905,0.101625666,0.03304947,0.044510417,0.0008488579,1.2018304,-0.008654768,0.042167686,0.042357605,0.013957639,0.03676555,0.016435686,-0.02403637,0.006693503,0.00092440564,-0.0038631144,0.037276637,0.025931558,-0.0038444754,0.0005032222,0.000453636,0.006352638,-0.0030711237,0.01930581,-0.014343014,-0.0034326962,-0.017590221,0.007133219,-0.0055132536,-0.012654428,-0.008924196,-0.0057835793,0.0042292783,0.00021113084,-0.0002626474,0.0073295087,0.008233616,0.005653791,-0.0069216965,-0.0014479243,0.0023398688,-0.00015069132,-0.012292571,0.0016175433,-0.0012765575,0.0047631105,-0.0037328228
9,0.0066472357,-0.16023949,-0.19445992,-0.05145494,-0.1383293,-0.030233545,-0.004920178,-0.049147956,-0.008654768,0.8359347,0.007089869,-0.008503259,0.0076724933,-0.004993858,-0.012069199,-0.0060507017,-0.025733221,0.0003609794,0.015550553,-0.012769574,-0.0053310078,0.00095373404,-0.003252836,-0.0039324975,0.010204198,0.0063813236,0.0033194895,-0.0016572597,-0.0048504258,-0.0028573286,-0.00089684327,-0.0065517924,0.00037092797,0.00730861,0.004410643,-0.005615835,0.017744169,-0.015593343,-0.0008043336,-0.0044211205,0.000505589,-0.010323806,-0.009477815,0.002882583,-0.002928367,0.0082188435,0.0008731835,-0.008080935,0.0015643446,-0.0058433963
10,0.024279227,0.018692832,0.10802455,-0.029870272,0.0368174,-0.049658388,0.0082704425,-0.018786173,0.042167686,0.007089869,0.7428422,0.011274929,0.0011532058,-0.02176791,0.021914518,0.019660054,-0.02402395,0.004905045,-0.0012889474,-0.02465308,-0.0116274115,0.0016731195,0.0010213163,0.0005945531,0.0042410903,0.014074114,0.011779854,0.015093334,0.021097317,0.012898548,-0.009646671,0.00075754337,0.005472007,0.009391168,0.0018463327,-0.012628518,-0.008649675,0.006040125,0.0021318067,-0.008187341,-0.010656046,0.00075397734,-0.0046035107,-0.0014800006,-0.0041149375,0.0071927346,-0.00062645203,0.0031617042,-0.0041804733,0.004167999
11,0.17768241,-0.01822289,0.07547325,-0.06806868,-0.13612011,-0.013107706,-0.02393496,-0.014573023,0.042357605,-0.008503259,0.011274929,0.65895253,-0.013540907,-0.005428927,-0.00916045,0.0027576792,0.012088273,-0.010975931,-0.021067254,-0.021338753,-0.011892261,0.011314457,0.0030165617,0.008567264,-0.0038257213,-0.0074483464,-0.021131039,-0.009809973,-0.008049492,-0.010162048,-0.0056082243,0.0017811982,0.018609175,0.0012039726,0.010625606,-0.0015196609,0.0025743826,-0.0042943526,-0.005764232,-0.005220729,0.0016170219,-0.002097701,0.0021912511,0.00079469313,0.0025366293,0.0077258768,-0.0007776425,-0.004107994,0.0036859475,0.003593436
12,0.0108051635,-0.042779543,-0.15228549,-0.00799397,-0.033469617,-0.02116049,0.026806906,-0.008207865,0.013957639,0.0076724933,0.0011532058,-0.013540907,0.5824023,-0.019375611,-0.031178419,0.018643059,-8.522424e-05,-0.0135514345,0.0014600506,-0.0027264915,-0.012343944,-0.0019694201,0.01814733,0.0043130834,0.005057616,-0.004106557,-0.012834585,0.003433875,-0.015893115,0.011123218,-0.0020915326,-0.005395241,0.0012979212,0.008215269,0.009191167,0.0049840044,-0.0010590492,-0.0030496924,-0.0004188891,0.0023426895,0.0028205412,0.0011615339,-0.0018430182,0.00096085086,-0.0010823195,0.006064019,0.0007167869,-0.0061237095,0.00058912334,-0.002367861
13,-0.007268379,0.02500248,0.053354956,-0.037321083,-0.0062869345,-0.061145987,-0.028966216,-0.012229368,0.03676555,-0.004993858,-0.02176791,-0.005428927,-0.019375611,0.47907272,-0.0136610335,0.029962048,0.014697058,-0.003500056,0.019845296,-0.03614303,-0.006183913,0.0025999476,0.00029851712,-0.0036379024,0.004946259,0.0017311424,0.0010812923,0.005474038,-0.0037195163,0.023368167,-0.0006139596,-0.019443825,0.009476269,0.015979351,0.0011409791,0.0091030635,0.008185654,-0.0055190334,-0.008847432,0.005632719,-0.0033898675,0.0020166705,0.0020249407,-0.00035891472,-0.0031069138,0.012107432,-0.0020937175,0.0052167787,-0.0042869495,0.008795497
14,-0.04666634,-0.09029521,-0.0048201345,0.000114326496,0.017395973,-0.011192884,-0.029430106,0.007923125,0.016435686,-0.012069199,0.021914518,-0.00916045,-0.031178419,-0.0136610335,0.41770393,0.0025846567,-0.010198072,-0.01957371,0.021787219,0.0074298005,-0.011192143,-0.006179522,0.006771329,-0.0008558843,-0.0045453566,-0.005893002,-0.013920261,0.0049177282,-0.014475674,0.023066152,0.0043812227,-0.0004256087,-0.005677373,0.0120078195,0.0018090911,0.0083185285,0.0008531022,-0.013026532,-0.004967914,0.0017993351,0.0040852525,-0.0017002474,0.0011498589,-0.006652585,0.0024628376,0.0030193294,0.00051063066,-0.005912438,0.006928806,-0.0029069507
15,-0.0035415855,0.015636373,-0.016099898,0.014426827,-0.04339291,0.05560531,-0.007835156,0.013455046,-0.02403637,-0.0060507017,0.019660054,0.0027576792,0.018643059,0.029962048,0.0025846567,0.41161212,0.030917272,0.026849922,0.0009861325,0.029119812,0.006539367,3.731749e-05,-0.011373306,0.026877195,-0.0012543715,0.020579243,-0.003973796,0.0005658963,-0.00955418,-0.017641334,0.011432617,0.0062486148,-0.016074643,-0.00879563,-0.001948786,-0.005062536,-0.0063895937,0.007136704,0.0034204356,0.0035748787,0.007231162,0.00022334246,0.0043036463,0.0014480765,-0.002773887,0.0008851122,-0.0050256504,-0.00570904,3.818525e-05,0.00032965123
16,0.030014668,0.00891906,0.0667046,-0.052567497,-0.13306737,-0.038794555,0.04579169,-0.0033222656,0.006693503,-0.025733221,-0.02402395,0.012088273,-8.522424e-05,0.014697058,-0.010198072,0.030917272,0.30462158,-0.0071659517,0.0013760906,0.015251022,0.025394574,0.010287525,0.004074431,-0.010313681,0.006093698,-0.016337477,0.0012236714,0.013397973,-0.0016714169,-0.007219178,-0.0039941906,0.0036574497,-0.0058394484,0.0012955461,-0.0045155482,-0.009767665,0.011562381,-0.00855767,0.0068581905,-0.013271727,0.0033335655,-0.016733209,-0.017949441,0.0041295993,-0.0025504557,-0.00598701,0.0029349616,0.0036230749,0.003996523,-0.006326525
17,-0.023452267,0.03393432,0.011550348,-0.012291171,0.0062194904,0.0072307643,-0.022929966,-0.0038264683,0.00092440564,0.0003609794,0.004905045,-0.010975931,-0.0135514345,-0.003500056,-0.01957371,0.026849922,-0.0071659517,0.33902508,0.013797423,-0.013714288,0.0006213545,-0.009718614,0.008369253,-0.009284874,-0.017677242,-0.0087638,0.009831332,-0.019368432,-0.0050466014,0.012955669,0.012923127,0.00034733408,0.0077279247,0.009860278,-0.0027795546,-0.00084467314,-0.0023319023,-0.0028263438,-0.007446943,-0.007246061,0.0030318256,0.0037449768,0.001861906,0.0020186063,-0.011394975,-0.0053366013,0.0039460547,0.00036513462,-0.005275933,-0.0018169968
18,-0.034061126,-0.045057066,-0.014959002,0.005032721,-0.024779659,0.025943764,0.04064606,0.026743378,-0.0038631144,0.015550553,-0.0012889474,-0.021067254,0.0014600506,0.019845296,0.021787219,0.0009861325,0.0013760906,0.013797423,0.28278863,0.0015620788,-0.015410133,-0.00016718551,0.0016710202,0.0052711116,-0.0047076736,-0.0048430264,-0.019204251,0.0015630547,0.011187688,-0.007926792,-0.0044068163,0.0078007667,0.012297386,-0.014982701,0.0010597378,-0.0061550057,0.0066511817,0.004880964,-0.0013463693,-0.0033756425,0.0014447493,0.0032649923,-0.0016962128,0.0014463235,0.003042818,-0.007030349,-0.00095500145,0.0011264163,-0.0045188786,-0.0023994974
19,-0.0067371232,0.0011115344,-0.06346473,-0.031782262,-0.016219841,-0.03863418,-0.024744311,-0.016394295,0.037276637,-0.012769574,-0.02465308,-0.021338753,-0.0027264915,-0.03614303,0.0074298005,0.029119812,0.015251022,-0.013714288,0.0015620788,0.26436648,-0.019367136,0.009579675,0.0071801636,-0.013791096,-0.010388017,-0.006988613,-0.006714711,-0.0010064692,0.0058798213,0.016289506,-0.0025147917,-0.011860266,0.021325208,0.0031035612,-0.0006256784,0.0052140662,-0.0025083707,6.260674e-05,-0.006452443,0.0011403186,0.0028089595,0.0041353656,0.004201534,-0.004395513,-0.0037088182,0.0114300195,-9.897424e-05,-0.0006222187,-0.009208183,0.00905632
20,0.0450885,-0.02808187,0.11356303,-0.020110512,-0.09279448,-0.012258688,-0.015942873,0.029937895,0.025931558,-0.0053310078,-0.0116274115,-0.011892261,-0.012343944,-0.006183913,-0.011192143,0.006539367,0.025394574,0.0006213545,-0.015410133,-0.019367136,0.22733107,0.0027467082,-0.0034185946,0.008172029,0.0035806354,0.011829841,-0.013372812,0.0126511175,0.00022390409,0.016982023,-0.0060813474,0.00024150545,0.008447941,0.00903148,0.01393717,0.0001459684,-0.007280022,0.0026146453,0.004899975,-0.005118437,0.0011664437,0.007545023,0.0027775266,-0.0062968372,0.0010400566,0.0062926123,0.0014274892,-0.000618993,-0.0032219123,-0.0025830846
21,-0.062063903,0.03438028,0.0019046137,0.016516544,0.03719197,0.013595607,-0.016121678,0.013004769,-0.0038444754,0.00095373404,0.0016731195,0.011314457,-0.0019694201,0.0025999476,-0.006179522,3.731749e-05,0.010287525,-0.009718614,-0.00016718551,0.009579675,0.0027467082,0.22010009,0.0030689512,-0.00039538508,0.00789093,0.0040769577,0.010037502,-0.0047629466,0.0019278933,-0.00081974134,0.00915671,-0.0017660522,0.006174823,-0.0043627443,-0.000994561,-0.0060026776,-0.005185835,-0.0059102997,-0.008556189,-0.00794653,0.0004632503,0.0018994664,0.00043703287,0.011048257,-0.0030494314,-0.0043697893,-0.0070191505,0.0062629376,-0.0040970724,-0.0010069025
22,0.0038625766,0.028743902,-0.0027982844,0.009059124,0.008438919,0.0067693493,-0.010880573,0.0026432679,0.0005032222,-0.003252836,0.0010213163,0.0030165617,0.01814733,0.00029851712,0.006771329,-0.011373306,0.004074431,0.008369253,0.0016710202,0.0071801636,-0.0034185946,0.0030689512,0.23150536,0.004382117,-0.0057085594,0.005355858,-0.0034815096,0.0018508575,-0.006529268,-0.0046118423,0.0023035398,0.0024024597,0.0031997235,-0.005366218,-0.0021672368,0.0023396579,0.00095435895,0.00036143066,-0.004205692,0.0014629721,-0.0022712946,0.002517964,-0.003285032,-0.004830859,-0.0014064497,0.0037636992,-0.004092832,0.0017441001,-0.005265887,0.0022030952
23,-0.045272727,0.015172904,-0.027813362,0.016678875,0.09313828,-0.011808807,-0.0043792,-0.017085116,0.000453636,-0.0039324975,0.0005945531,0.008567264,0.0043130834,-0.0036379024,-0.0008558843,0.026877195,-0.010313681,-0.009284874,0.0052711116,-0.013791096,0.008172029,-0.00039538508,0.004382117,0.21968946,-0.006021939,-0.011943549,0.005366012,-0.0049843583,0.00081654126,0.0030897916,0.00395088,0.0013826557,0.011599207,0.002760897,-0.0077918074,-0.0014438173,0.0007676037,-0.0037135307,0.0075667314,-0.0020289673,-0.0027379873,0.00019856193,0.0039861244,-0.0051875534,-0.0042261714,-0.0014415494,0.0038281702,0.0056998543,0.0035006008,0.0011404105
24,0.015187331,0.034308963,-0.0027934206,-0.006270276,0.042413607,0.048721302,-0.018976502,0.010634176,0.006352638,0.010204198,0.0042410903,-0.0038257213,0.005057616,0.004946259,-0.0045453566,-0.0012543715,0.006093698,-0.017677242,-0.0047076736,-0.010388017,0.0035806354,0.00789093,-0.0057085594,-0.006021939,0.18170911,7.1335955e-05,-0.00041584932,-0.009305948,0.008514136,0.004720979,0.0017086642,0.01255089,-0.0014460854,-0.009311446,-0.004792597,0.0026470274,-0.004969056,0.006234632,-0.00013127997,0.0046573523,0.008955566,0.00414339,0.0068243407,0.0016029361,-0.0040776897,-0.0019247786,-0.0017268695,-0.0015830835,0.00010715043,-0.0011351367
25,0.03419964,-0.001502904,0.03111321,0.0010628939,0.020507354,-0.023648437,0.010195695,-0.0016464379,-0.0030711237,0.0063813236,0.014074114,-0.0074483464,-0.004106557,0.0017311424,-0.005893002,0.020579243,-0.016337477,-0.0087638,-0.0048430264,-0.006988613,0.011829841,0.0040769577,0.005355858,-0.011943549,7.1335955e-05,0.17140742,-0.008811516,-0.007516823,-0.0027985084,0.0023357302,-0.00048170803,-0.0017992016,0.0022170607,-0.0010631026,-0.010662284,0.0045929644,0.0056880815,-0.004548938,0.0018010202,-0.0023809734,0.0011214942,-0.00021466096,0.0024332935,0.0017485033,-0.00201992,-0.0048973924,-0.00038936664,-0.0005001165,0.0068996726,0.0015458411
26,0.001302447,0.014131466,-0.006634699,-0.0065278383,-0.076884165,-0.0021271138,0.0105943205,0.009815763,0.01930581,0.0033194895,0.011779854,-0.021131039,-0.012834585,0.0010812923,-0.013920261,-0.003973796,0.0012236714,0.009831332,-0.019204251,-0.006714711,-0.013372812,0.010037502,-0.0034815096,0.005366012,-0.00041584932,-0.008811516,0.16229963,0.0069421027,-0.011117801,-0.003655841,-0.0007871508,0.00038118125,0.0026417347,-0.00243149,0.0028306623,-0.00035057234,0.0016567188,-0.0070721647,0.0012328506,0.0008006417,-0.0018138466,0.008167459,9.1272275e-05,-0.005373846,0.00059041125,0.0025287487,-0.00068950525,-0.007017432,-2.167755e-05,0.003187423
27,0.02935727,-0.0049489103,0.0068840366,0.003174251,0.019656217,0.01754567,-0.014090115,-0.0041414388,-0.014343014,-0.0016572597,0.015093334,-0.009809973,0.003433875,0.005474038,0.0049177282,0.0005658963,0.013397973,-0.019368432,0.0015630547,-0.0010064692,0.0126511175,-0.0047629466,0.0018508575,-0.0049843583,-0.009305948,-0.007516823,0.0069421027,0.16408494,-0.004762915,-0.0029727612,0.0031310585,-0.0017746228,0.0054294076,-0.006482032,0.0024700135,-0.004223407,0.0013111917,-0.0014186541,-0.0008397868,-0.000695014,-0.0027362525,0.0020729043,0.0025393902,0.004651038,-0.0049501215,-0.005496948,-0.004125506,-0.0011830973,0.0032887552,-0.00029088085
28,0.04672204,0.029348932,0.0048767887,0.0039619934,-0.062868536,-0.008478019,0.011296371,-0.004275217,-0.0034326962,-0.0048504258,0.021097317,-0.008049492,-0.015893115,-0.0037195163,-0.014475674,-0.00955418,-0.0016714169,-0.0050466014,0.011187688,0.0058798213,0.00022390409,0.0019278933,-0.006529268,0.00081654126,0.008514136,-0.0027985084,-0.011117801,-0.004762915,0.14430028,-0.00894689,0.007336315,-0.0041954108,0.0025543754,0.0006688249,-0.0030635188,0.0010635271,-0.0013271933,-0.00073137914,-0.0011356722,-0.0012771313,-0.0018699402,-0.0032312623,-0.0038771327,-0.0028836904,-0.003850453,-0.0003003938,-0.0026300405,-0.0049458696,-0.0034967219,0.0023707142
29,0.039526217,0.013565522,-0.044134296,0.012514492,0.008673671,0.011815364,0.03143022,-0.015050193,-0.017590221,-0.0028573286,0.012898548,-0.010162048,0.011123218,0.023368167,0.023066152,-0.017641334,-0.007219178,0.012955669,-0.007926792,0.016289506,0.016982023,-0.00081974134,-0.0046118423,0.0030897916,0.004720979,0.0023357302,-0.003655841,-0.0029727612,-0.00894689,0.11414657,0.0022179643,0.004928553,-0.001205947,-0.006389601,0.0037001248,-0.0026528258,-0.003757847,-0.003077676,0.0034098946,-0.005618812,-0.0023138323,-0.004345609,-0.0058330954,-0.002217872,0.0025230863,-0.0037280344,-5.0526698e-05,-0.0012367311,0.0016972946,0.005426688
30,-0.017349552,0.026319433,-0.011237181,-0.009060412,-0.007806697,-0.011243064,0.012926577,0.00067791354,0.007133219,-0.00089684327,-0.009646671,-0.0056082243,-0.0020915326,-0.0006139596,0.0043812227,0.011432617,-0.0039941906,0.012923127,-0.0044068163,-0.0025147917,-0.0060813474,0.00915671,0.0023035398,0.00395088,0.0017086642,-0.00048170803,-0.0007871508,0.0031310585,0.007336315,0.0022179643,0.12773257,0.001190711,-0.0023339223,-0.0018895564,0.003961929,0.003054428,0.0032696829,-0.00373003,0.004536871,-0.0010344875,-0.0036721244,0.0024896506,-0.00092572835,-0.00017932241,0.005311096,-0.0035239921,-0.0033823154,-0.004444899,0.002261266,-0.0021596672
31,0.027024334,0.008712005,0.012077236,-0.001851405,-0.03102307,-0.027198208,0.010028805,0.0056169834,-0.0055132536,-0.0065517924,0.00075754337,0.0017811982,-0.005395241,-0.019443825,-0.0004256087,0.0062486148,0.0036574497,0.00034733408,0.0078007667,-0.011860266,0.00024150545,-0.0017660522,0.0024024597,0.0013826557,0.01255089,-0.0017992016,0.00038118125,-0.0017746228,-0.0041954108,0.004928553,0.001190711,0.118272275,0.0045455443,0.0006578272,0.0034630438,-0.0010629043,0.0023659053,-0.0028921068,-0.002237035,0.00022591747,-0.0019928012,-0.00090908294,-0.0027947663,0.0023383664,0.0006141236,0.0056043463,-0.002252211,0.00068919506,-0.00077929406,0.008370379
32,0.0051196623,0.0046130596,-0.014681446,0.004460003,-0.013351928,0.025208078,0.0053870915,0.006871618,-0.012654428,0.00037092797,0.005472007,0.018609175,0.0012979212,0.009476269,-0.005677373,-0.016074643,-0.0058394484,0.0077279247,0.012297386,0.021325208,0.008447941,0.006174823,0.0031997235,0.011599207,-0.0014460854,0.0022170607,0.0026417347,0.0054294076,0.0025543754,-0.001205947,-0.0023339223,0.0045455443,0.10760973,-0.00056317914,0.0060135815,0.0018593168,0.0019051551,-0.0022900396,0.0014907522,0.007343953,0.00097598264,-0.0010983374,-0.001168188,-0.00057451223,0.0045118053,-0.002415537,0.0012243821,-0.0048449757,0.007388956,-0.005377871
33,0.00654425,0.011594294,0.019434549,0.018633166,0.02668987,0.031618815,0.010653373,0.010330271,-0.008924196,0.00730861,0.009391168,0.0012039726,0.008215269,0.015979351,0.0120078195,-0.00879563,0.0012955461,0.009860278,-0.014982701,0.0031035612,0.00903148,-0.0043627443,-0.005366218,0.002760897,-0.009311446,-0.0010631026,-0.00243149,-0.006482032,0.0006688249,-0.006389601,-0.0018895564,0.0006578272,-0.00056317914,0.10713021,0.0011880917,-0.0033308226,0.0026471964,0.0019976364,0.00026077742,-0.0023625132,0.004457251,-0.0024111671,-0.0040051015,0.0035482852,0.00013843217,-0.0028062495,-0.0046858313,-0.0030458104,-0.0036672931,-0.002669948
34,-0.008653619,0.015483311,0.0036042794,0.005151634,0.014753533,-0.0034112833,0.000537572,0.0056230575,-0.0057835793,0.004410643,0.0018463327,0.010625606,0.009191167,0.0011409791,0.0018090911,-0.001948786,-0.0045155482,-0.0027795546,0.0010597378,-0.0006256784,0.01393717,-0.000994561,-0.0021672368,-0.0077918074,-0.004792597,-0.010662284,0.0028306623,0.0024700135,-0.0030635188,0.0037001248,0.003961929,0.0034630438,0.0060135815,0.0011880917,0.09170879,0.003654668,-0.00047406869,0.006463201,-0.001120595,-0.0023975288,-0.00022647623,-0.004509793,0.0038911276,0.0004920212,-0.0048215734,-0.0038772617,0.00015988178,0.0028280863,-0.0016026134,0.0034840605
35,0.00314746,-0.014658036,-0.006190669,-0.0074022664,-0.017525388,0.0067247506,-0.0028999872,0.0030523394,0.0042292783,-0.005615835,-0.012628518,-0.0015196609,0.0049840044,0.0091030635,0.0083185285,-0.005062536,-0.009767665,-0.00084467314,-0.0061550057,0.0052140662,0.0001459684,-0.0060026776,0.0023396579,-0.0014438173,0.0026470274,0.0045929644,-0.00035057234,-0.004223407,0.0010635271,-0.0026528258,0.003054428,-0.0010629043,0.0018593168,-0.0033308226,0.003654668,0.09521505,-0.00026350317,-0.0014463293,0.0024275496,-0.006831518,-0.0009815795,-0.0017387709,-0.00064121536,0.0028477723,-2.592416e-05,-0.0013428542,-0.0029401588,0.0011338661,0.0010905535,-0.0030446872
36,-0.029749593,0.0033128196,-0.0070245815,0.017537978,0.06617299,-0.003459849,0.0022986997,-0.0059804507,0.00021113084,0.017744169,-0.008649675,0.0025743826,-0.0010590492,0.008185654,0.0008531022,-0.0063895937,0.011562381,-0.0023319023,0.0066511817,-0.0025083707,-0.007280022,-0.005185835,0.00095435895,0.0007676037,-0.004969056,0.0056880815,0.0016567188,0.0013111917,-0.0013271933,-0.003757847,0.0032696829,0.0023659053,0.0019051551,0.0026471964,-0.00047406869,-0.00026350317,0.09180768,0.004496494,0.004457457,-0.005237961,-0.0022032084,0.00015067437,0.0018509666,0.00073784555,5.9274116e-06,-0.00019216753,0.00016076979,-0.00083087827,-0.002895575,0.004291836
37,0.001062898,0.010873726,0.011717492,-0.0022022002,0.0049284426,-0.010465619,-0.0035425615,-0.008963648,-0.0002626474,-0.015593343,0.006040125,-0.0042943526,-0.0030496924,-0.0055190334,-0.013026532,0.007136704,-0.00855767,-0.0028263438,0.004880964,6.260674e-05,0.0026146453,-0.0059102997,0.00036143066,-0.0037135307,0.006234632,-0.004548938,-0.0070721647,-0.0014186541,-0.00073137914,-0.003077676,-0.00373003,-0.0028921068,-0.0022900396,0.0019976364,0.006463201,-0.0014463293,0.004496494,0.08145889,-0.0023009467,-0.00137045,-0.0012019188,0.001283383,-0.00091202767,-0.0006998859,-0.00053610397,0.0006663718,-0.0011567806,-4.386621e-05,0.0035827137,-0.0016296097
38,-0.0025698259,-0.010016915,-0.0070028845,0.0022834328,-0.01935817,0.008453198,-0.011716129,0.0059222756,0.0073295087,-0.0008043336,0.0021318067,-0.005764232,-0.0004188891,-0.008847432,-0.004967914,0.0034204356,0.0068581905,-0.007446943,-0.0013463693,-0.006452443,0.004899975,-0.008556189,-0.004205692,0.0075667314,-0.00013127997,0.0018010202,0.0012328506,-0.0008397868,-0.0011356722,0.0034098946,0.004536871,-0.002237035,0.0014907522,0.00026077742,-0.001120595,0.0024275496,0.004457457,-0.0023009467,0.07035457,0.0020468072,0.00025653138,0.004870304,-0.0027240943,0.0004846488,-0.00091957615,0.00201146,-0.00019738908,0.0020104018,-0.0038539546,0.0025159435
39,0.0015093363,0.014366325,-0.013530776,-0.0037660033,0.012057742,-0.013607022,0.010513252,-0.00665499,0.008233616,-0.0044211205,-0.008187341,-0.005220729,0.0023426895,0.005632719,0.0017993351,0.0035748787,-0.013271727,-0.007246061,-0.0033756425,0.0011403186,-0.005118437,-0.00794653,0.0014629721,-0.0020289673,0.0046573523,-0.0023809734,0.0008006417,-0.000695014,-0.0012771313,-0.005618812,-0.0010344875,0.00022591747,0.007343953,-0.0023625132,-0.0023975288,-0.006831518,-0.005237961,-0.00137045,0.0020468072,0.068226695,-0.0036734797,-0.002257016,-0.0031578396,0.0022075996,-0.0028143856,-0.002728432,-0.0031939524,0.0023412062,-0.004551462,0.0024017897
40,0.003519162,0.027040325,-0.018240761,0.004570092,0.021115992,-0.013862569,0.008687376,-0.010421986,0.005653791,0.000505589,-0.010656046,0.0016170219,0.0028205412,-0.0033898675,0.0040852525,0.007231162,0.0033335655,0.0030318256,0.0014447493,0.0028089595,0.0011664437,0.0004632503,-0.0022712946,-0.0027379873,0.008955566,0.0011214942,-0.0018138466,-0.0027362525,-0.0018699402,-0.0023138323,-0.0036721244,-0.0019928012,0.00097598264,0.004457251,-0.00022647623,-0.0009815795,-0.0022032084,-0.0012019188,0.00025653138,-0.0036734797,0.0691188,0.0032493207,-0.00083801383,-0.00075561076,-0.00017442649,-0.0030137817,-0.00085433567,-0.0016531455,0.00085016305,0.0055504013
41,0.0043698093,-0.0022712275,0.02010414,-0.012392493,-0.023093093,-0.011399696,0.006725738,-0.0025085942,-0.0069216965,-0.010323806,0.00075397734,-0.002097701,0.0011615339,0.0020166705,-0.0017002474,0.00022334246,-0.016733209,0.0037449768,0.0032649923,0.0041353656,0.007545023,0.0018994664,0.002517964,0.00019856193,0.00414339,-0.00021466096,0.008167459,0.0020729043,-0.0032312623,-0.004345609,0.0024896506,-0.00090908294,-0.0010983374,-0.0024111671,-0.004509793,-0.0017387709,0.00015067437,0.001283383,0.004870304,-0.002257016,0.0032493207,0.06563509,-0.0035354435,0.0014564414,0.0016272161,0.00308385,0.00071300357,-0.00068361254,0.0016306143,-0.0026927656
42,0.012095488,0.010477884,0.004160224,-0.0031275,-0.024943247,-0.009184043,0.017172042,-0.008794472,-0.0014479243,-0.009477815,-0.0046035107,0.0021912511,-0.0018430182,0.0020249407,0.0011498589,0.0043036463,-0.017949441,0.001861906,-0.0016962128,0.004201534,0.0027775266,0.00043703287,-0.003285032,0.0039861244,0.0068243407,0.0024332935,9.1272275e-05,0.0025393902,-0.0038771327,-0.0058330954,-0.00092572835,-0.0027947663,-0.001168188,-0.0040051015,0.0038911276,-0.00064121536,0.0018509666,-0.00091202767,-0.0027240943,-0.0031578396,-0.00083801383,-0.0035354435,0.06707881,0.00057327957,3.6120764e-05,0.0012029654,-6.9679045e-05,-0.00079953886,-0.0035031377,-0.0014566404
43,0.0071226493,0.03044299,0.0025665737,0.022378042,0.05365687,-0.0060065254,0.0028541584,-0.014715299,0.0023398688,0.002882583,-0.0014800006,0.00079469313,0.00096085086,-0.00035891472,-0.006652585,0.0014480765,0.0041295993,0.0020186063,0.0014463235,-0.004395513,-0.0062968372,0.011048257,-0.004830859,-0.0051875534,0.0016029361,0.0017485033,-0.005373846,0.004651038,-0.0028836904,-0.002217872,-0.00017932241,0.0023383664,-0.00057451223,0.0035482852,0.0004920212,0.0028477723,0.00073784555,-0.0006998859,0.0004846488,0.0022075996,-0.00075561076,0.0014564414,0.00057327957,0.05810191,0.00064852554,0.007165384,0.0026097028,-0.0015956819,0.0016400896,0.00014942937
44,-0.009269016,-0.011570788,-0.004657409,-0.00016978194,-0.0021356398,-0.00087561115,0.0017522676,-0.006119866,-0.00015069132,-0.002928367,-0.0041149375,0.0025366293,-0.0010823195,-0.0031069138,0.0024628376,-0.002773887,-0.0025504557,-0.011394975,0.003042818,-0.0037088182,0.0010400566,-0.0030494314,-0.0014064497,-0.0042261714,-0.0040776897,-0.00201992,0.00059041125,-0.0049501215,-0.003850453,0.0025230863,0.005311096,0.0006141236,0.0045118053,0.00013843217,-0.0048215734,-2.592416e-05,5.9274116e-06,-0.00053610397,-0.00091957615,-0.0028143856,-0.00017442649,0.0016272161,3.6120764e-05,0.00064852554,0.06098062,0.0021570916,-0.0006569109,0.00058417494,-0.002114162,-0.0007853273
45,0.0005269911,-0.016935762,-0.0006541684,0.0050180177,-0.001329155,0.015497273,0.00616346,0.017710876,-0.012292571,0.0082188435,0.0071927346,0.0077258768,0.006064019,0.012107432,0.0030193294,0.0008851122,-0.00598701,-0.0053366013,-0.007030349,0.0114300195,0.0062926123,-0.0043697893,0.0037636992,-0.0014415494,-0.0019247786,-0.0048973924,0.0025287487,-0.005496948,-0.0003003938,-0.0037280344,-0.0035239921,0.0056043463,-0.002415537,-0.0028062495,-0.0038772617,-0.0013428542,-0.00019216753,0.0006663718,0.00201146,-0.002728432,-0.0030137817,0.00308385,0.0012029654,0.007165384,0.0021570916,0.05310746,-0.002646266,0.0010520968,-0.0014864088,-0.00057585386
46,-0.0072434023,-0.03237106,0.0057327235,-0.002929652,-0.02070937,0.0056595737,-0.0009780793,0.0061838906,0.0016175433,0.0008731835,-0.00062645203,-0.0007776425,0.0007167869,-0.0020937175,0.00051063066,-0.0050256504,0.0029349616,0.0039460547,-0.00095500145,-9.897424e-05,0.0014274892,-0.0070191505,-0.004092832,0.0038281702,-0.0017268695,-0.00038936664,-0.00068950525,-0.004125506,-0.0026300405,-5.0526698e-05,-0.0033823154,-0.002252211,0.0012243821,-0.0046858313,0.00015988178,-0.0029401588,0.00016076979,-0.0011567806,-0.00019738908,-0.0031939524,-0.00085433567,0.00071300357,-6.9679045e-05,0.0026097028,-0.0006569109,-0.002646266,0.0555063,0.00013932328,-0.0017569363,0.0018329436
47,-0.0067478097,-0.008177936,0.007988814,0.0032035192,-0.010294341,0.0047978703,0.01052043,-0.0050146985,-0.0012765575,-0.008080935,0.0031617042,-0.004107994,-0.0061237095,0.0052167787,-0.005912438,-0.00570904,0.0036230749,0.00036513462,0.0011264163,-0.0006222187,-0.000618993,0.0062629376,0.0017441001,0.0056998543,-0.0015830835,-0.0005001165,-0.007017432,-0.0011830973,-0.0049458696,-0.0012367311,-0.004444899,0.00068919506,-0.0048449757,-0.0030458104,0.0028280863,0.0011338661,-0.00083087827,-4.386621e-05,0.0020104018,0.0023412062,-0.0016531455,-0.00068361254,-0.00079953886,-0.0015956819,0.00058417494,0.0010520968,0.00013932328,0.050398834,-0.00014328405,-0.0012623998
48,-0.0027997917,-0.0011937064,5.7100275e-05,0.00622827,0.010255571,0.00036917813,0.0037866128,-0.003723661,0.0047631105,0.0015643446,-0.0041804733,0.0036859475,0.00058912334,-0.0042869495,0.006928806,3.818525e-05,0.003996523,-0.005275933,-0.0045188786,-0.009208183,-0.0032219123,-0.0040970724,-0.005265887,0.0035006008,0.00010715043,0.0068996726,-2.167755e-05,0.0032887552,-0.0034967219,0.0016972946,0.002261266,-0.00077929406,0.007388956,-0.0036672931,-0.0016026134,0.0010905535,-0.002895575,0.0035827137,-0.0038539546,-0.004551462,0.00085016305,0.0016306143,-0.0035031377,0.0016400896,-0.002114162,-0.0014864088,-0.0017569363,-0.00014328405,0.040850826,0.00059579517
49,-0.00034058065,0.0004045232,-0.009928029,-0.0030550454,-0.017254898,0.010287694,-0.0032588406,0.0029610877,-0.0037328228,-0.0058433963,0.004167999,0.003593436,-0.002367861,0.008795497,-0.0029069507,0.00032965123,-0.006326525,-0.0018169968,-0.0023994974,0.00905632,-0.0025830846,-0.0010069025,0.0022030952,0.0011404105,-0.0011351367,0.0015458411,0.003187423,-0.00029088085,0.0023707142,0.005426688,-0.0021596672,0.008370379,-0.005377871,-0.002669948,0.0034840605,-0.0030446872,0.004291836,-0.0016296097,0.0025159435,0.0024017897,0.0055504013,-0.0026927656,-0.0014566404,0.00014942937,-0.0007853273,-0.00057585386,0.0018329436,-0.0012623998,0.00059579517,0.04101643
