,0,1,2,3,4,5,6,7,8,9,10,11,12,13,14,15,16,17,18,19,20,21,22,23,24,25,26,27,28,29,30,31,32,33,34,35,36,37,38,39,40
0,453.29535,27.491753,7.506876,35.93017,40.512825,-2.8396697,-16.85558,2.7553394,-8.118,8.884236,1.0233462,-10.403512,-10.783122,0.16135341,-1.7047389,5.7002106,-5.3459845,-5.781646,-10.465702,2.2697358,-6.4121075,-2.8938613,-4.246187,0.20294741,-0.24249545,-3.2841597,0.41317606,1.0032334,3.4448962,0.7443905,-0.469916,-0.7667485,0.5196297,-1.2378913,0.67716867,0.5708281,-1.0310206,0.094859645,-1.196516,0.3885996,-1.5839854e-07
1,27.491753,206.94392,-11.485728,-8.094261,19.076677,-18.81202,-19.541494,23.83593,-4.6577706,8.638409,10.210264,17.125355,18.628342,-0.89892143,-4.517126,-2.2922654,-1.1527188,6.142358,2.0664818,-2.6035619,2.339717,5.5465784,3.8226504,-0.80274165,5.1119814,2.607117,0.54147595,-2.8709857,-0.38963246,0.2745494,-1.8316112,1.8296301,-1.6550279,0.74028456,-1.1088076,-1.8589205,-0.30479568,0.73487794,0.898883,1.3616099,-6.6825683e-09
2,7.506876,-11.485728,53.658627,-5.452305,12.727149,25.275743,-0.45872954,-7.939128,-11.256383,2.896627,11.07258,-7.5353217,9.213263,5.8772726,1.3327129,0.008016481,6.0867896,2.607235,-0.057784498,0.82706994,5.1814194,1.4615953,-3.0681252,2.210702,-1.6991009,-2.3160527,0.8478149,-0.9201042,-0.15692315,-0.5771818,-0.57659996,-0.71987426,0.3664459,-0.33931443,-1.2495265,0.8622128,0.28757524,-0.7886673,0.65145624,-0.35238296,-2.863889e-08
3,35.93017,-8.094261,-5.452305,75.94835,-13.83876,8.272709,11.4760895,-5.782486,-0.36137348,-3.8916993,3.0970573,10.596817,4.5191154,-0.90883327,3.2834926,-0.2735295,-1.218577,0.55707043,1.8415225,-0.8609184,1.8116543,-1.8711746,1.8175257,-2.392602,-1.5598468,0.40827668,1.5915377,0.24050921,-0.14449233,-0.10177794,-0.82629573,0.7820033,-1.3365378,-0.0034090816,0.7518463,0.003602948,0.11438136,-0.067610465,0.101571746,0.8530754,-2.1776873e-07
4,40.512825,19.076677,12.727149,-13.83876,43.572296,-3.6996071,14.334459,6.43048,-1.683477,-5.2519064,0.32234102,-0.4825833,-1.9850652,1.0675694,3.4106903,-4.9347258,0.55239475,-0.9385999,3.3539279,2.832294,4.0155745,0.1020902,-3.0275898,-1.7398471,1.1806228,-0.28611457,0.5273463,0.021617979,-1.1056747,-0.7099805,-1.301302,0.23641616,1.2316754,0.8684447,-0.77738035,0.39819574,-0.01769522,0.29946053,0.62013113,-0.8051702,6.0723255e-07
5,-2.8396697,-18.81202,25.275743,8.272709,-3.6996071,54.789177,-7.1049824,6.6403303,-6.0434337,-2.187201,-0.84973514,2.9029024,-3.2349923,3.7834287,-5.559164,0.76485026,-1.5268071,6.161969,-1.0216917,0.890892,1.0791452,-0.12877649,-1.775538,1.3785924,1.0377493,1.8555605,0.49959382,0.60886085,-0.79927945,-1.3708749,-0.32905877,-0.048145194,0.630817,0.5231737,-0.36676943,-0.020577656,-0.12201038,0.68924475,0.35551667,-0.33778358,1.9325536e-07
6,-16.85558,-19.541494,-0.45872954,11.4760895,14.334459,-7.1049824,46.78638,2.180122,0.49359688,-1.3322936,2.519609,-0.8151402,6.500996,-0.37324426,-5.004323,-0.6716329,-0.17832437,-1.2342552,-1.1509469,0.10586764,-2.5881758,-0.5272865,-1.1732407,-1.2510412,0.42002708,1.3622055,-0.8807292,1.123213,-0.16759568,-0.062109124,-0.332231,-0.49204504,0.87370026,0.31968784,-0.17739052,0.15468171,0.46001828,0.5729712,-0.029584002,-0.7473011,-1.1659148e-08
7,2.7553394,23.83593,-7.939128,-5.782486,6.43048,6.6403303,2.180122,24.068886,-3.4190907,-11.335255,-3.4286435,0.38530523,1.2818143,-3.001359,-1.9814587,3.7410693,-0.8341686,0.54915434,1.5181377,0.50818783,-2.543756,-2.247709,1.4462268,2.5744016,0.61440235,1.9715513,0.8653922,0.47259736,-0.3086206,-0.32079053,0.3014169,-0.6388769,-0.5922131,0.021647224,-0.18266664,-0.07361828,-0.064500526,0.304456,-0.0650287,0.122734144,4.0752553e-07
8,-8.118,-4.6577706,-11.256383,-0.36137348,-1.683477,-6.0434337,0.49359688,-3.4190907,9.39425,1.7617683,-1.9097188,1.2740612,-4.1045694,-2.1580021,-4.1984024,-1.095967,-3.2886834,-2.3850298,1.7560687,-0.48565027,0.8872093,1.469317,-2.0859952,-0.0852191,-0.7964523,-0.28627226,1.5305316,-0.38693735,-0.7199129,-0.68198806,-0.62183046,0.86949176,0.034114234,0.49031627,0.532511,-0.32230574,-0.10274243,0.2217568,-0.4127036,0.12119332,-4.2089204e-07
9,8.884236,8.638409,2.896627,-3.8916993,-5.2519064,-2.187201,-1.3322936,-11.335255,1.7617683,13.929973,4.4756904,-0.3858245,0.84662175,4.1266127,-3.7074447,-1.4345467,-2.391983,0.44913995,-1.8290472,-0.21396634,-1.9683498,2.8688593,-0.05791943,-1.3666046,0.55631125,0.17955437,-1.2514333,0.23113447,-0.006140466,-0.40770587,-0.22670504,-0.19292346,0.04189183,0.26519585,-0.66111183,-0.2515564,0.0649271,-0.101353005,0.08973533,0.122081146,-5.8605417e-07
10,1.0233462,10.210264,11.07258,3.0970573,0.32234102,-0.84973514,2.519609,-3.4286435,-1.9097188,4.4756904,22.836811,0.36568296,-1.6259508,0.5309074,-0.39216504,1.2254472,1.4726927,-0.094439514,5.6407843,-2.995318,-1.489897,-0.022084683,0.41194588,1.9519378,-0.24617109,-0.07923928,0.025141703,-0.26855588,0.15800455,0.78143764,0.92468905,-0.17279352,0.07641544,-0.57510066,-0.5067893,-0.03479434,0.09939346,0.7594756,-0.085013315,-0.3149376,-1.9461365e-07
11,-10.403512,17.125355,-7.5353217,10.596817,-0.4825833,2.9029024,-0.8151402,0.38530523,1.2740612,-0.3858245,0.36568296,12.19822,-3.5850244,-2.654613,-0.38144425,-0.20871845,3.0070224,1.359998,0.058796547,0.73137474,-0.6128154,2.2276793,0.46885517,-1.7436337,1.6721759,-0.20758791,0.03161339,0.72849846,-0.82903874,0.23073769,-0.4639547,1.6119492,0.24598792,0.1368632,-0.23576504,0.32241255,0.014369754,0.36121547,0.5773041,-0.18243083,-1.3122252e-07
12,-10.783122,18.628342,9.213263,4.5191154,-1.9850652,-3.2349923,6.500996,1.2818143,-4.1045694,0.84662175,-1.6259508,-3.5850244,15.109905,1.5285659,-0.38067028,0.12304528,1.1623867,1.2315259,-2.4256,-0.41757566,1.2899976,0.52011466,0.54616165,0.8051933,-0.39600635,-0.62003756,0.31154293,-0.5581877,0.32764602,-1.0603995,0.19836167,-0.16623648,-0.3999824,-0.362127,0.27591336,-0.07443298,-0.47128797,-0.51095086,-0.40378523,0.5397714,-2.3517651e-07
13,0.16135341,-0.89892143,5.8772726,-0.90883327,1.0675694,3.7834287,-0.37324426,-3.001359,-2.1580021,4.1266127,0.5309074,-2.654613,1.5285659,9.5375595,1.9044538,-2.2991333,-2.2998366,-1.7764504,-0.6916362,2.3293338,0.017724548,-0.04672926,2.956992,0.48955843,0.46094567,1.9261787,-0.37696022,-0.43845373,-1.1814578,-0.45390725,-0.30982673,0.40947312,-0.2831586,-0.25783676,0.09441504,0.472988,0.3192191,0.45850363,-0.05179495,-0.0700909,-7.349412e-08
14,-1.7047389,-4.517126,1.3327129,3.2834926,3.4106903,-5.559164,-5.004323,-1.9814587,-4.1984024,-3.7074447,-0.39216504,-0.38144425,-0.38067028,1.9044538,11.49432,-2.192287,1.7944889,-0.43220347,1.194658,-0.3991,1.6759596,-0.53476083,1.6116602,-0.3945316,0.37510353,0.9895433,-0.29627517,1.751123,0.85410285,-0.24866523,0.607818,-0.053086363,0.45770442,-0.12955253,-0.13522688,0.23839232,0.03140431,-0.3187852,0.10133518,0.14311089,1.4434194e-08
15,5.7002106,-2.2922654,0.008016481,-0.2735295,-4.9347258,0.76485026,-0.6716329,3.7410693,-1.095967,-1.4345467,1.2254472,-0.20871845,0.12304528,-2.2991333,-2.192287,5.382699,1.930868,-0.2646863,-0.12018523,0.8327801,-1.8022943,0.46661136,0.9519019,1.3330742,-0.5514958,-1.0221355,0.24580704,0.4716742,0.18253946,0.3785149,-0.5572969,-0.5454923,0.2951882,-0.67002743,-0.25048167,-0.10429931,1.0610973,-0.3159067,-0.41849267,0.1648075,-3.7022647e-07
16,-5.3459845,-1.1527188,6.0867896,-1.218577,0.55239475,-1.5268071,-0.17832437,-0.8341686,-3.2886834,-2.391983,1.4726927,3.0070224,1.1623867,-2.2998366,1.7944889,1.930868,6.935773,0.32568422,-1.393926,1.2199471,-0.309134,1.2135761,-0.4199018,0.4872651,-0.3998735,-1.0116792,-0.3127864,0.06897488,0.53894436,1.0919042,0.09408041,0.9968299,0.0913628,-0.5496248,-0.26334912,0.8285492,-0.10276461,-0.2603276,0.078747824,-0.27691072,1.9240878e-07
17,-5.781646,6.142358,2.607235,0.55707043,-0.9385999,6.161969,-1.2342552,0.54915434,-2.3850298,0.44913995,-0.094439514,1.359998,1.2315259,-1.7764504,-0.43220347,-0.2646863,0.32568422,4.581449,0.38644123,0.35479146,0.2604043,-0.3539741,-0.2804386,-1.9866675,0.59778726,-0.31596482,-1.3147088,-0.23392352,0.8535393,0.28963053,0.30453223,-0.7084919,0.60103595,0.31290376,-0.2223674,-0.51094043,-0.480581,-0.030045234,-0.3607781,0.029565036,4.4556015e-07
18,-10.465702,2.0664818,-0.057784498,1.8415225,3.3539279,-1.0216917,-1.1509469,1.5181377,1.7560687,-1.8290472,5.6407843,0.058796547,-2.4256,-0.6916362,1.194658,-0.12018523,-1.393926,0.38644123,6.921689,1.5215359,0.33314002,-0.6735662,-0.11220324,-0.2561281,-1.1970059,-0.1926738,-0.0028631473,-0.14925091,-0.3987144,-0.96092534,-0.3245567,-0.23236623,-0.22196655,-0.041721553,-0.37455505,-0.4347459,-0.21954031,-0.21746087,-0.42777422,0.13895398,2.6380582e-07
19,2.2697358,-2.6035619,0.82706994,-0.8609184,2.832294,0.890892,0.10586764,0.50818783,-0.48565027,-0.21396634,-2.995318,0.73137474,-0.41757566,2.3293338,-0.3991,0.8327801,1.2199471,0.35479146,1.5215359,6.308096,-1.2795365,0.96747464,1.2887692,-1.5373847,-1.2860956,0.22623824,-0.2963149,-0.830797,-0.5095353,-0.06027025,-0.7909287,0.22020656,0.018360898,-0.62786126,-0.24402916,0.25176024,-0.2989112,-0.360619,-0.49244088,-0.10755129,5.6499164e-07
20,-6.4121075,2.339717,5.1814194,1.8116543,4.0155745,1.0791452,-2.5881758,-2.543756,0.8872093,-1.9683498,-1.489897,-0.6128154,1.2899976,0.017724548,1.6759596,-1.8022943,-0.309134,0.2604043,0.33314002,-1.2795365,5.511199,0.08268127,-0.79359484,0.2162669,-0.093065,-0.7516601,0.6405046,-0.5259695,-0.11703208,0.70925105,-1.2302771,-0.0012765182,0.07209976,0.46722355,0.7035614,-0.3651008,0.29687625,0.29720414,-0.19094992,0.0004964984,2.2916814e-07
21,-2.8938613,5.5465784,1.4615953,-1.8711746,0.1020902,-0.12877649,-0.5272865,-2.247709,1.469317,2.8688593,-0.022084683,2.2276793,0.52011466,-0.04672926,-0.53476083,0.46661136,1.2135761,-0.3539741,-0.6735662,0.96747464,0.08268127,4.504789,-0.30297402,0.02428279,-0.5167128,0.6243884,1.6197455,1.5579174,0.04913433,0.039996907,-0.69408405,-0.181018,0.44482476,-0.008549542,-0.111935765,-0.0013311787,-0.32981467,-0.043319013,-0.160442,-0.031527363,-2.7266503e-07
22,-4.246187,3.8226504,-3.0681252,1.8175257,-3.0275898,-1.775538,-1.1732407,1.4462268,-2.0859952,-0.05791943,0.41194588,0.46885517,0.54616165,2.956992,1.6116602,0.9519019,-0.4199018,-0.2804386,-0.11220324,1.2887692,-0.79359484,-0.30297402,4.082467,-0.35870212,0.83245355,-0.21966262,0.12301624,0.1214036,-0.987141,0.56256133,0.042408295,-0.90299237,0.06317923,-0.50228167,0.32252708,0.123297125,0.2984739,0.391607,-0.115114346,-0.044384666,1.44121675e-08
23,0.20294741,-0.80274165,2.210702,-2.392602,-1.7398471,1.3785924,-1.2510412,2.5744016,-0.0852191,-1.3666046,1.9519378,-1.7436337,0.8051933,0.48955843,-0.3945316,1.3330742,0.4872651,-1.9866675,-0.2561281,-1.5373847,0.2162669,0.02428279,-0.35870212,3.2660606,-0.23928145,0.30405354,0.1009427,0.78435254,-0.07600828,-0.21961972,-0.35022804,0.6619126,-0.6602204,-0.20246771,0.35260418,0.16513428,0.1288716,0.25870636,-0.23387243,0.0060204817,-1.7587547e-07
24,-0.24249545,5.1119814,-1.6991009,-1.5598468,1.1806228,1.0377493,0.42002708,0.61440235,-0.7964523,0.55631125,-0.24617109,1.6721759,-0.39600635,0.46094567,0.37510353,-0.5514958,-0.3998735,0.59778726,-1.1970059,-1.2860956,-0.093065,-0.5167128,0.83245355,-0.23928145,2.0165498,-0.6577693,-0.7053924,0.54545045,-0.4843483,-0.38354748,0.31787366,0.20397846,0.5790678,0.12352842,0.15261704,0.02859316,0.29003942,0.44033265,0.057829656,-0.07872406,-3.247444e-07
25,-3.2841597,2.607117,-2.3160527,0.40827668,-0.28611457,1.8555605,1.3622055,1.9715513,-0.28627226,0.17955437,-0.07923928,-0.20758791,-0.62003756,1.9261787,0.9895433,-1.0221355,-1.0116792,-0.31596482,-0.1926738,0.22623824,-0.7516601,0.6243884,-0.21966262,0.30405354,-0.6577693,3.8902135,0.28163418,-0.008753343,1.1986634,0.5347605,0.060236737,0.3783808,-0.008110102,0.11098088,-0.23972207,-0.21233547,0.044406947,0.107500836,0.076101154,0.017860537,2.2627972e-07
26,0.41317606,0.54147595,0.8478149,1.5915377,0.5273463,0.49959382,-0.8807292,0.8653922,1.5305316,-1.2514333,0.025141703,0.03161339,0.31154293,-0.37696022,-0.29627517,0.24580704,-0.3127864,-1.3147088,-0.0028631473,-0.2963149,0.6405046,1.6197455,0.12301624,0.1009427,-0.7053924,0.28163418,3.5165272,-0.45076454,-0.45530012,-0.0262401,0.6241236,-0.4683109,0.6401318,-0.07381559,0.123442054,0.23995021,-0.035292145,0.04158829,0.21136853,0.102198556,-4.999598e-07
27,1.0032334,-2.8709857,-0.9201042,0.24050921,0.021617979,0.60886085,1.123213,0.47259736,-0.38693735,0.23113447,-0.26855588,0.72849846,-0.5581877,-0.43845373,1.751123,0.4716742,0.06897488,-0.23392352,-0.14925091,-0.830797,-0.5259695,1.5579174,0.1214036,0.78435254,0.54545045,-0.008753343,-0.45076454,2.9126093,-0.0012283348,-0.6271477,-0.47646493,-0.5309784,-0.085705236,0.1994083,-0.07401676,-0.07484035,-0.22733891,-0.0050615235,-0.107572734,-0.022970758,-1.7688046e-07
28,3.4448962,-0.38963246,-0.15692315,-0.14449233,-1.1056747,-0.79927945,-0.16759568,-0.3086206,-0.7199129,-0.006140466,0.15800455,-0.82903874,0.32764602,-1.1814578,0.85410285,0.18253946,0.53894436,0.8535393,-0.3987144,-0.5095353,-0.11703208,0.04913433,-0.987141,-0.07600828,-0.4843483,1.1986634,-0.45530012,-0.0012283348,1.5065043,0.4128401,0.1301344,0.093923464,0.33380085,-0.17855355,-0.021344792,-0.45422024,-0.0026656243,-0.18261197,-0.14764416,0.04363676,1.9578165e-07
29,0.7443905,0.2745494,-0.5771818,-0.10177794,-0.7099805,-1.3708749,-0.062109124,-0.32079053,-0.68198806,-0.40770587,0.78143764,0.23073769,-1.0603995,-0.45390725,-0.24866523,0.3785149,1.0919042,0.28963053,-0.96092534,-0.06027025,0.70925105,0.039996907,0.56256133,-0.21961972,-0.38354748,0.5347605,-0.0262401,-0.6271477,0.4128401,2.2550497,-0.31149542,-0.56786954,-0.29097557,0.34968555,0.07118294,0.17967835,0.082481384,0.35431963,-0.06770529,-0.20058021,4.922181e-07
30,-0.469916,-1.8316112,-0.57659996,-0.82629573,-1.301302,-0.32905877,-0.332231,0.3014169,-0.62183046,-0.22670504,0.92468905,-0.4639547,0.19836167,-0.30982673,0.607818,-0.5572969,0.09408041,0.30453223,-0.3245567,-0.7909287,-1.2302771,-0.69408405,0.042408295,-0.35022804,0.31787366,0.060236737,0.6241236,-0.47646493,0.1301344,-0.31149542,1.5623976,0.029613338,0.43877658,0.04220647,-0.10329181,0.37968385,-0.41528094,0.0571357,0.023201345,0.058837913,-2.5816206e-07
31,-0.7667485,1.8296301,-0.71987426,0.7820033,0.23641616,-0.048145194,-0.49204504,-0.6388769,0.86949176,-0.19292346,-0.17279352,1.6119492,-0.16623648,0.40947312,-0.053086363,-0.5454923,0.9968299,-0.7084919,-0.23236623,0.22020656,-0.0012765182,-0.181018,-0.90299237,0.6619126,0.20397846,0.3783808,-0.4683109,-0.5309784,0.093923464,-0.56786954,0.029613338,1.820977,0.067422874,-0.21525067,0.13972855,0.21691692,0.10503815,0.094493344,-0.15060428,0.019643418,-1.6309602e-07
32,0.5196297,-1.6550279,0.3664459,-1.3365378,1.2316754,0.630817,0.87370026,-0.5922131,0.034114234,0.04189183,0.07641544,0.24598792,-0.3999824,-0.2831586,0.45770442,0.2951882,0.0913628,0.60103595,-0.22196655,0.018360898,0.07209976,0.44482476,0.06317923,-0.6602204,0.5790678,-0.008110102,0.6401318,-0.085705236,0.33380085,-0.29097557,0.43877658,0.067422874,1.4244435,-0.2706749,0.09826441,-0.21367714,0.41268402,0.12943785,-0.31126484,0.006430339,-3.8844524e-07
33,-1.2378913,0.74028456,-0.33931443,-0.0034090816,0.8684447,0.5231737,0.31968784,0.021647224,0.49031627,0.26519585,-0.57510066,0.1368632,-0.362127,-0.25783676,-0.12955253,-0.67002743,-0.5496248,0.31290376,-0.041721553,-0.62786126,0.46722355,-0.008549542,-0.50228167,-0.20246771,0.12352842,0.11098088,-0.07381559,0.1994083,-0.17855355,0.34968555,0.04220647,-0.21525067,-0.2706749,1.1900953,-0.5364678,0.5234854,0.051869676,0.070925795,-0.24616247,0.19630472,-1.796667e-07
34,0.67716867,-1.1088076,-1.2495265,0.7518463,-0.77738035,-0.36676943,-0.17739052,-0.18266664,0.532511,-0.66111183,-0.5067893,-0.23576504,0.27591336,0.09441504,-0.13522688,-0.25048167,-0.26334912,-0.2223674,-0.37455505,-0.24402916,0.7035614,-0.111935765,0.32252708,0.35260418,0.15261704,-0.23972207,0.123442054,-0.07401676,-0.021344792,0.07118294,-0.10329181,0.13972855,0.09826441,-0.5364678,0.83339816,-0.34185177,-0.3411491,0.33490795,-0.1278236,-0.18323499,2.3680076e-07
35,0.5708281,-1.8589205,0.8622128,0.003602948,0.39819574,-0.020577656,0.15468171,-0.07361828,-0.32230574,-0.2515564,-0.03479434,0.32241255,-0.07443298,0.472988,0.23839232,-0.10429931,0.8285492,-0.51094043,-0.4347459,0.25176024,-0.3651008,-0.0013311787,0.123297125,0.16513428,0.02859316,-0.21233547,0.23995021,-0.07484035,-0.45422024,0.17967835,0.37968385,0.21691692,-0.21367714,0.5234854,-0.34185177,0.79786956,-0.06628829,0.06317718,-0.123006664,0.06397457,-2.0275269e-07
36,-1.0310206,-0.30479568,0.28757524,0.11438136,-0.01769522,-0.12201038,0.46001828,-0.064500526,-0.10274243,0.0649271,0.09939346,0.014369754,-0.47128797,0.3192191,0.03140431,1.0610973,-0.10276461,-0.480581,-0.21954031,-0.2989112,0.29687625,-0.32981467,0.2984739,0.1288716,0.29003942,0.044406947,-0.035292145,-0.22733891,-0.0026656243,0.082481384,-0.41528094,0.10503815,0.41268402,0.051869676,-0.3411491,-0.06628829,1.2281505,-0.12950268,0.076481864,0.15332928,-4.2673986e-07
37,0.094859645,0.73487794,-0.7886673,-0.067610465,0.29946053,0.68924475,0.5729712,0.304456,0.2217568,-0.101353005,0.7594756,0.36121547,-0.51095086,0.45850363,-0.3187852,-0.3159067,-0.2603276,-0.030045234,-0.21746087,-0.360619,0.29720414,-0.043319013,0.391607,0.25870636,0.44033265,0.107500836,0.04158829,-0.0050615235,-0.18261197,0.35431963,0.0571357,0.094493344,0.12943785,0.070925795,0.33490795,0.06317718,-0.12950268,0.46701622,-0.23711501,-0.12595662,5.7572336e-08
38,-1.196516,0.898883,0.65145624,0.101571746,0.62013113,0.35551667,-0.029584002,-0.0650287,-0.4127036,0.08973533,-0.085013315,0.5773041,-0.40378523,-0.05179495,0.10133518,-0.41849267,0.078747824,-0.3607781,-0.42777422,-0.49244088,-0.19094992,-0.160442,-0.115114346,-0.23387243,0.057829656,0.076101154,0.21136853,-0.107572734,-0.14764416,-0.06770529,0.023201345,-0.15060428,-0.31126484,-0.24616247,-0.1278236,-0.123006664,0.076481864,-0.23711501,0.89679855,-0.12651473,8.30627e-08
39,0.3885996,1.3616099,-0.35238296,0.8530754,-0.8051702,-0.33778358,-0.7473011,0.122734144,0.12119332,0.122081146,-0.3149376,-0.18243083,0.5397714,-0.0700909,0.14311089,0.1648075,-0.27691072,0.029565036,0.13895398,-0.10755129,0.0004964984,-0.031527363,-0.044384666,0.0060204817,-0.07872406,0.017860537,0.102198556,-0.022970758,0.04363676,-0.20058021,0.058837913,0.019643418,0.006430339,0.19630472,-0.18323499,0.06397457,0.15332928,-0.12595662,-0.12651473,0.18741845,-1.8961649e-07
40,-1.5839854e-07,-6.6825683e-09,-2.863889e-08,-2.1776873e-07,6.0723255e-07,1.9325536e-07,-1.1659148e-08,4.0752553e-07,-4.2089204e-07,-5.8605417e-07,-1.9461365e-07,-1.3122252e-07,-2.3517651e-07,-7.349412e-08,1.4434194e-08,-3.7022647e-07,1.9240878e-07,4.4556015e-07,2.6380582e-07,5.6499164e-07,2.2916814e-07,-2.7266503e-07,1.44121675e-08,-1.7587547e-07,-3.247444e-07,2.2627972e-07,-4.999598e-07,-1.7688046e-07,1.9578165e-07,4.922181e-07,-2.5816206e-07,-1.6309602e-07,-3.8844524e-07,-1.796667e-07,2.3680076e-07,-2.0275269e-07,-4.2673986e-07,5.7572336e-08,8.30627e-08,-1.8961649e-07,5.477891e-13
