,0,1,2,3,4,5,6,7,8,9,10,11,12,13,14,15,16,17,18,19,20,21,22,23,24,25,26,27,28,29,30,31,32,33,34,35,36,37,38,39,40,41,42,43,44,45,46,47,48,49,50,51,52,53,54,55,56,57,58,59,60,61,62,63,64,65,66,67,68,69,70,71,72,73,74,75,76,77,78,79,80,81,82,83,84,85,86,87,88,89,90,91,92,93,94,95,96,97,98,99,100,101,102
0,31.309824,23.716385,10.361532,1.528421,5.387466,-2.2064157,5.5841293,-15.866119,0.44456303,-3.8745172,-4.936702,3.3071117,2.7127185,3.9709718,2.4595904,-2.4119797,0.72193825,-2.961007,0.91205823,0.63221854,-0.94347703,-1.2750891,-0.13256319,1.1665238,0.17994447,-0.5400625,0.13697894,0.11882807,-0.84740627,0.04536877,0.7379159,-0.6128061,-0.011240138,-0.022969088,-0.27948707,-0.19232717,-0.38021147,0.08920457,0.34399447,0.81930923,-0.076248944,-0.10568892,0.18081364,0.20416698,-0.13683522,-0.5547223,0.21335956,0.32668695,0.49705186,0.6393342,0.1698975,-0.016100928,0.09475176,-0.17297715,-0.018271942,0.047232974,-0.18009037,0.062148117,-0.15080824,0.0036159623,-0.010276871,0.00497801,0.07222174,0.10420583,-0.24159887,0.2915873,-0.22778697,0.0042714165,-0.10875925,-0.06642075,0.021633748,0.03945181,-0.044727303,-0.25131744,-0.029412296,-0.094589606,0.07977876,-0.10116607,-0.13590515,-0.030130628,-0.062006056,0.1266844,-0.045144647,0.15226659,-0.006558715,-0.06118317,-0.005869073,-0.15557444,-0.030945709,0.015171077,0.022623532,-0.043317735,-0.053842746,-0.079412594,0.066724166,-0.04348528,0.039736964,-0.025042742,0.018340189,0.055674795,0.11282695,-0.044050284,-0.06123875
1,23.716385,85.39708,11.695894,6.849843,8.056583,-8.653648,-4.5967064,-1.4468417,-5.1324573,2.4338174,0.3990367,3.387753,6.25594,-0.7729163,-0.758793,-0.468346,-0.7768489,-0.40395847,-0.044892676,3.2097282,1.260324,-1.2330338,-1.7824452,0.82407594,-1.1347077,0.6444526,2.0400724,0.8929744,-0.5687144,1.1203108,-0.26471692,0.51841056,-0.64490056,-1.4363714,-0.04528419,1.1919761,0.099735856,0.4130221,0.8017649,1.1890616,-0.611061,-1.4615765,0.89089227,0.9180609,-0.1788904,-1.1896276,0.7141324,0.29990375,0.10604381,0.57533014,0.105784446,0.26028478,0.3534794,0.17151567,0.6230826,-0.18342629,0.03941942,0.36271897,0.02530684,-0.026684418,0.2218787,0.22608918,-0.17110774,0.35264355,-0.43819183,0.25112444,-0.048227478,0.06701444,0.1786236,-0.059389316,0.5023762,0.22251582,-0.34043068,-0.60887265,-0.38785398,-0.44288826,0.014764865,-0.1985777,-0.25489885,0.068222225,0.10823683,0.17368454,-0.25490826,0.12143509,-0.36522907,-0.25723147,0.11719799,-0.19186519,0.059728637,-0.10406166,0.060429867,-0.49014962,-0.12989685,-0.2983688,0.40376973,-0.17005004,0.0392511,-0.3370086,0.14152107,-0.022413936,0.043623358,-0.1429987,-0.0857246
2,10.361532,11.695894,34.355324,-2.1582506,-7.7524204,3.558503,1.3789833,-0.42998904,2.3470054,-2.651633,-1.8631084,-0.42846632,-0.24961968,0.43824905,3.1764612,2.3227983,0.68675387,-1.901655,0.054766897,0.2658822,-0.4294628,0.76080537,-0.18173772,-1.3786752,0.7089951,-0.50807583,0.28133032,0.38465685,1.0085428,-0.19163069,0.39526373,0.29105318,0.33222377,-0.6454919,-0.9497959,-0.6680266,-0.48463088,-0.40147024,-0.624197,-0.27212173,-0.1064081,-0.024700005,0.3521167,0.8534852,-0.113574035,-0.93053365,0.54941916,0.34844816,-0.23274043,-0.17881134,0.21080917,-0.055193342,-0.28062198,0.065705575,0.8433188,-0.46578038,0.23248604,0.21902537,0.2382747,-0.17397106,0.11652102,0.35644534,0.28415596,0.2548205,-0.24003044,0.013621439,-0.034190193,-0.060205966,-0.30110642,0.033756975,-0.01924749,-0.1257751,-0.035884537,-0.29586053,0.09318181,-0.040594812,-0.14475216,-0.04319308,-0.045335986,0.003032105,-0.4238722,0.14888778,0.1546076,0.12116267,-0.08442344,-0.24951619,0.092147335,-0.11638668,-0.07650174,-0.0059454967,-0.17416981,-0.12956297,0.100485295,-0.094656065,0.18183972,0.066052675,0.22293387,-0.054617077,-0.26260033,-0.10896896,0.22802633,-0.20821866,-0.14360875
3,1.528421,6.849843,-2.1582506,32.05532,-3.8879256,0.5982189,2.0507631,2.5641909,2.3084807,-0.4952945,-1.2454934,0.03742846,-0.04934314,1.8268839,0.65647584,0.66430295,1.3167889,-0.130179,-0.80646557,-0.30424774,0.29013342,-0.94159627,-0.48907316,0.71646297,0.022961518,-1.4883108,0.64104605,-0.10605864,-0.6499934,0.08265501,0.13331814,-0.55464387,-0.8260976,0.05990775,0.14436461,0.23932257,1.155724,0.743683,0.50562227,0.11111799,0.13528542,-0.36582023,0.31443238,-0.33701557,0.46710843,0.41671085,-0.3293727,0.009569358,-0.5665597,0.31740224,0.062409505,-0.3092888,-0.21586218,-0.0488531,-0.3147416,0.049583144,0.38545316,-0.31278962,0.043549754,-0.044011984,0.47955418,0.053686533,-0.23893091,-0.6517589,0.07103257,-0.15732732,0.16810265,-0.097133264,0.06503707,-0.16537255,0.0965312,0.08705048,-0.26698488,-0.136709,0.014965326,-0.21679705,-0.17243949,-0.1760025,-0.0032963248,0.2100575,-0.10893526,-0.039327003,-0.094331115,0.02300324,0.2759738,0.014733154,0.11319618,-0.049438193,-0.11099799,0.0076194406,-0.0014196024,0.14773738,-0.05818081,0.12219991,-0.069515795,-0.24529667,-0.0010475273,0.12023169,0.14082396,0.025914418,-0.038515985,0.16182227,0.040674835
4,5.387466,8.056583,-7.7524204,-3.8879256,22.636162,1.9344592,2.5536304,-1.3869946,3.892587,-1.901988,0.102226645,0.903907,-1.0904667,-0.10405324,0.384896,0.6317423,0.07733207,-1.0366603,-0.43636313,-0.72798795,0.3546322,-0.46481335,-0.18128279,-0.27629358,-0.08223307,0.08025354,0.72708267,0.3048039,-0.5145755,-0.64299464,0.43589598,0.66303974,0.15433756,-0.312235,0.026528938,0.730825,0.251466,-0.12175934,0.28189415,0.058046043,-0.58980113,-0.08934757,0.467074,-0.09498992,0.23556355,0.039232336,0.10495223,-0.28287995,0.5054453,-0.1070348,-0.3367911,-0.04907178,0.11826396,-0.09539606,0.16391265,0.3170827,-0.08639224,0.29811358,-0.065157175,0.21292542,-0.29369047,0.09879945,-0.12132448,-0.016412586,-0.110814616,-0.07184314,0.14402492,-0.005832351,0.18040702,0.103873774,-0.010920754,0.071233064,-0.1283719,-0.16590095,-0.082311705,0.15774196,-0.22010003,0.07520647,0.0647346,0.21919179,0.05889322,-0.21301392,0.0017025622,-0.0814788,-0.18897495,-0.0139773,-0.14181799,0.23395342,0.13426247,0.0021265468,0.0637175,-0.08770296,0.013418954,-0.033541583,-0.032182075,0.0036702626,-0.080377646,-0.15528083,0.0090864925,-0.009767529,-0.101574615,-0.07012439,-0.014088882
5,-2.2064157,-8.653648,3.558503,0.5982189,1.9344592,20.1422,-0.19451138,-1.1655018,-0.7389538,1.0838857,-0.50553745,-1.4283037,1.909718,-0.8503212,0.25012147,1.1269579,-0.37420505,-0.20468542,-0.3981225,0.3535058,0.66838294,-1.28121,-0.06507336,0.3346764,-0.35497713,-0.14962347,0.17040789,0.6560077,-0.14896369,0.06369972,0.13834843,0.90207744,-0.30388927,-0.78275156,0.38602245,-0.5779041,0.1337522,-0.12549303,-0.30116773,0.08908494,0.26811883,0.036005333,0.29781494,-0.019669108,0.051147357,-0.305083,0.016765974,-0.068228334,0.37625232,-0.4496172,-0.1835193,-0.3968113,0.052689187,0.2554325,-0.006378335,-0.045712866,-0.011398421,-0.14409462,-0.036405534,-0.0012207789,0.038673878,-0.20646794,0.41335464,-0.37978196,-0.116553895,-0.11505502,0.06090194,-0.2606026,0.06309761,0.041550603,0.061284073,0.088970795,-0.035246566,0.08321175,-0.10256341,0.019368041,0.09438948,-0.039550424,0.08681528,-0.009227059,-0.24755928,0.080008775,-0.020092146,-0.06326623,-0.11877701,-0.047210418,-0.19817993,0.20995775,-0.006232325,0.005062682,-0.21800196,0.17026201,0.076419905,0.1783208,0.090442374,0.101948544,0.07560937,0.111267194,-0.20607321,-0.10012498,0.033567056,0.17768791,0.013595104
6,5.5841293,-4.5967064,1.3789833,2.0507631,2.5536304,-0.19451138,22.771603,-0.45128638,-0.8776102,0.49902076,-0.47155488,0.57950634,0.29969364,-0.70510304,0.58525014,-0.60273623,-0.04072207,0.4976452,0.24286893,0.36808932,-0.7133871,0.31947505,0.69680154,-0.38965213,-0.15813884,-0.15765393,0.034592867,-0.31193578,-0.098095514,0.21129967,-0.25910848,0.23229487,0.3222984,0.25827178,0.29622078,-0.24446502,-0.10880342,-0.060806386,0.07436283,0.44808242,-0.1517531,0.2001572,-0.13312945,0.412466,-0.17497441,-0.15831062,0.050215304,0.043515146,0.0035107862,-0.004688553,0.15172625,0.14393969,0.17906103,-0.12327783,0.012715131,-0.26299328,-0.119440295,0.29551375,0.029620374,0.14136925,0.116786376,0.13754894,0.0108261295,-0.108204424,-0.13624838,0.018602706,-0.1499644,0.2537269,-0.19304286,0.0967993,0.035462327,-0.15158239,-0.3325279,0.060482785,-0.07616897,-0.18906125,-0.009192731,0.16428006,-0.07506797,-0.05297035,0.08581068,0.011070815,-0.12659806,0.02440388,0.061384164,0.14531425,-0.04915408,0.06678804,0.0119765615,-0.0877751,-0.04923479,-0.07218599,-0.22905892,-0.0038023891,-0.058875117,0.086934246,-0.022502245,-0.020657118,0.101881936,0.012213843,-0.08213416,0.07696682,0.0056003644
7,-15.866119,-1.4468417,-0.42998904,2.5641909,-1.3869946,-1.1655018,-0.45128638,18.813763,0.4105813,0.76684546,1.0190873,-0.09307317,-1.0177827,-1.2103534,0.6437892,-0.04129317,-0.47276652,0.36173737,0.12490586,-0.27935243,0.27984938,0.011243852,-0.24816126,-0.48852468,-0.15151988,-0.11150752,0.03339147,0.28375733,0.0065555796,0.18247505,-0.38112503,0.22801082,-0.25320953,-0.29016495,0.23714526,0.07118739,-0.3496719,-0.35414842,-0.14834616,-0.054108683,-0.22084665,-0.47129965,0.14673531,0.13083388,-0.013381289,-0.11023369,0.23392236,0.05990707,0.15087733,-0.26748717,-0.07452552,-0.05688918,0.14863148,-0.118345946,0.053897396,-0.17138034,0.010019113,0.22255337,-0.057064578,-0.13903463,-0.27235928,0.3051076,-0.000114817754,0.19047076,-0.010063145,-0.1337586,0.10187575,-0.1726819,0.10055557,0.041003585,0.0014383227,-0.09240383,0.059049875,-0.06435055,-0.07229899,-0.03329178,-0.07890023,0.007062264,-0.05731116,-0.02760669,0.07889451,-0.110940054,0.052410513,0.012767893,-0.17474268,-0.02779343,-0.11589363,0.0018816785,-0.06827586,-0.024841197,0.026828706,0.0029989043,-0.15939592,0.07910824,0.071307465,0.050253086,0.10216349,-0.10481701,0.007913368,-0.025658038,-0.06462784,0.01482399,-0.046864316
8,0.44456303,-5.1324573,2.3470054,2.3084807,3.892587,-0.7389538,-0.8776102,0.4105813,16.227587,0.72767,-0.022217765,0.3166082,0.43756384,0.041590586,-0.5710137,-0.2593915,0.07647148,0.013140806,0.28638566,0.03663702,0.06784412,0.12148914,0.113362394,0.20106624,0.15562297,0.30669224,-0.22983438,-0.110663556,0.17202464,-0.1410973,0.27754155,-0.026134226,-0.15497325,0.11419129,0.01685875,0.1011579,-0.02458277,-0.08394283,-0.087065026,-0.01741365,-0.021139849,0.2672672,-0.43518543,0.14667371,-0.14614698,0.06210516,-0.09117836,-0.008328173,0.029774737,-0.016850494,0.15886387,-0.09967775,0.04704199,0.06594035,0.22130229,-0.12715355,0.05987921,-0.0069207214,-0.15864405,0.035291567,0.12983647,-0.055046193,0.04199891,-0.09236402,-0.10491678,0.21749912,0.050068177,0.009324141,-0.010036586,0.0023277653,-0.021323003,-0.039840136,0.18749322,-0.14158669,0.16063125,0.07745452,0.025114875,0.029062625,-0.028005771,-0.07393505,-0.10970494,0.014510021,0.015510324,-0.028771374,0.019729864,-0.024138408,0.033617042,-0.124005064,-0.04337638,-0.110900834,-0.0667641,-0.03823302,-0.03713044,0.051454894,-0.008803833,-0.03698595,0.0304465,-0.096097544,-0.064295836,-0.0065446533,0.09191485,-0.07231869,-0.036998786
9,-3.8745172,2.4338174,-2.651633,-0.4952945,-1.901988,1.0838857,0.49902076,0.76684546,0.72767,13.358166,0.78564334,0.08766629,-0.1948427,0.5647037,0.18032086,0.36558893,0.08236416,-0.5811823,0.0754609,0.02163635,-0.1566112,-0.14944898,0.44006896,0.08477706,0.09981812,0.14141053,-0.05552965,-0.3437912,0.20373023,-0.252634,-0.051271655,0.22025982,0.09008731,0.2800138,-0.2507978,0.08027173,0.32719046,-0.04981205,0.22298779,0.07973315,-0.097290024,0.17714642,-0.00017345222,0.025664061,-0.11673754,-0.11281846,0.10218488,-0.18347631,0.1594178,0.056152534,0.20179328,0.10305497,-0.04411245,0.19074011,-0.0068814317,-0.00715441,0.15284958,-0.016713852,0.115176514,0.17826952,-0.030466225,-0.39811948,0.033210456,0.013954373,-0.060721036,-0.029687982,-0.07571392,0.07080322,-0.0105877975,-0.009453366,0.12579532,0.17881362,0.0014944025,0.10515638,-0.17170946,0.026745327,-0.022632077,0.18810315,0.04399898,-0.040019624,0.19496396,0.1351045,-0.029373238,-0.05491811,0.044363312,-0.0245457,-0.033465963,-0.056865647,0.073739514,0.018168176,-0.01658623,-0.06015384,0.01958618,-0.066086955,-0.05186537,0.0550541,0.030664116,-0.0564152,-0.04614244,-0.0625141,-0.08826859,-0.046658892,0.057937726
10,-4.936702,0.3990367,-1.8631084,-1.2454934,0.102226645,-0.50553745,-0.47155488,1.0190873,-0.022217765,0.78564334,11.267142,-0.012405591,1.3103645,-0.023983834,-0.13506389,-0.47814202,0.097469494,-0.19246233,-0.40429413,0.42379507,-0.19069561,0.34249032,0.031127943,-0.36458087,0.3614688,-0.01922021,0.3838494,0.04175291,0.22182114,-0.10965751,-0.10133103,0.0057075256,0.14635879,0.11534946,0.1834588,-0.008325115,-0.1379866,0.0730548,0.011347985,0.20044184,0.09210904,0.16635567,0.12486336,0.3612144,-0.17166445,0.10244562,-0.13918424,0.026962677,-0.003603945,-0.11726791,-0.04563658,0.019357502,-0.08916804,0.17061836,-0.22176428,0.05895489,-0.016222717,0.0076079257,0.011881284,-0.07621314,0.3156162,0.016116977,0.16588444,0.021161448,-0.081931226,-0.0798901,-0.08792593,0.25207457,-0.07277089,0.21548451,-0.15485816,-0.16830966,-0.12663001,-0.023364512,0.14115427,0.09340136,-0.1490765,0.013938394,-0.05250009,0.18687655,-0.30273438,-0.07620092,0.07128425,0.00964168,0.003292581,-0.045477122,-0.016587675,0.024173986,-0.045338497,-0.081666216,-0.02877079,0.030919127,0.03168328,-0.006271829,-0.15586063,-0.03642076,-0.07514395,0.14593121,-0.047314525,0.00074076245,0.01891144,0.046917588,-0.03769149
11,3.3071117,3.387753,-0.42846632,0.03742846,0.903907,-1.4283037,0.57950634,-0.09307317,0.3166082,0.08766629,-0.012405591,11.111846,-0.94757366,-0.22017884,0.25581512,-0.49395907,-0.046132155,-0.031129492,-0.026778199,-0.010912532,0.17701548,0.18449803,-0.026520886,0.3363409,-0.26783496,-0.31487316,-0.48028836,-0.037993446,0.016613219,-0.0006841391,-0.5973382,-0.4626311,-0.20827682,-0.3393492,-0.06232619,-0.6188774,-0.20850271,-0.037609495,-0.14291446,-0.062068723,-0.06561941,-0.010668384,0.21312915,-0.10985337,-0.3093589,-0.008412248,-0.061280247,0.036191065,-0.027450252,0.1076498,0.07126868,0.11739331,-0.16228323,-0.07356325,-0.023174226,-0.09746725,0.058707613,-0.08142461,-0.11417251,-0.06303664,0.10475694,-0.11411643,-0.008813082,-0.08214906,0.04491079,-0.079164796,0.028816732,0.09679856,0.18047479,0.061324045,-0.021465339,0.11879251,0.12379078,0.0073959744,0.09140339,-0.21243927,-0.04311738,0.058294214,0.025903523,-0.054055654,-0.16197672,-0.097991556,0.022704601,0.007385579,-0.05218356,0.0111326855,-0.118659526,0.05382482,0.026202258,-0.000247085,-0.042060073,0.042466063,0.03393712,0.084970385,-0.044023894,0.0417865,-0.033053134,0.017421793,-0.033007085,-0.08993108,0.045581706,0.08378051,-0.023507314
12,2.7127185,6.25594,-0.24961968,-0.04934314,-1.0904667,1.909718,0.29969364,-1.0177827,0.43756384,-0.1948427,1.3103645,-0.94757366,9.608303,-0.11341016,0.45534116,-0.07429861,0.058895543,-0.14390981,0.19481874,-0.5251993,-0.431925,0.13624384,-0.08063759,0.14708947,-0.6885894,-0.12234604,-0.05316831,0.02774379,-0.4935706,0.10717645,-0.26660335,-0.16077657,-0.2323328,-0.21233013,0.07263835,-0.1558303,0.24102283,-0.040813304,-0.32747513,-0.21705538,-0.20440368,-0.16533655,0.03742725,0.09681931,-0.050145235,0.07920042,0.038254175,0.27725148,0.16663834,0.19851083,0.041489758,-0.027193261,-0.12572524,-0.0056343246,-0.00804854,0.009741084,-0.06848405,0.1022048,0.029840559,-0.2080299,-0.01794378,-0.18924156,-0.059154123,0.20158935,0.004622933,0.0637618,0.18440923,0.050711907,0.054330856,0.045319475,-0.10188895,-0.057479013,0.3353179,0.07284993,-0.039344855,-0.12958977,0.12964007,0.029519632,0.08130967,-0.049078774,0.143989,0.010324948,-0.05117402,-0.045165874,-0.08592552,0.039886855,-0.095277734,-0.045295067,-0.089809194,-0.003406086,-0.037174225,-0.0728068,-0.09845348,-0.040023282,0.09119581,0.012258148,-0.008859044,0.0077472934,0.15084335,0.016473725,-0.05156459,0.03678873,-0.040036157
13,3.9709718,-0.7729163,0.43824905,1.8268839,-0.10405324,-0.8503212,-0.70510304,-1.2103534,0.041590586,0.5647037,-0.023983834,-0.22017884,-0.11341016,9.148001,-0.13637301,-0.8375313,-5.9078913e-05,-0.3609297,0.05475539,0.035256788,0.12172949,-0.27828062,-0.25917375,-0.44168565,-0.09269729,-0.27797762,-0.33963233,-0.16104771,0.15073544,-0.021519208,0.10644329,-0.042168096,0.23729327,0.10138136,0.5037821,0.28649312,-0.21031332,-0.0939794,0.1448822,-0.16058818,-0.095890865,0.051340573,0.040431216,-0.0709683,0.112196386,-0.25391027,0.14003778,-0.06551424,0.030971048,-0.18841523,-0.17993113,0.0086699985,-0.10429905,-0.1387859,-0.026977956,-0.0339863,0.10041336,0.13019049,-0.029988658,-0.12851468,-0.04256621,0.18441918,0.090244696,0.13614285,0.068305016,-0.09619416,-0.039166696,-0.017394926,0.01014361,0.119623095,0.009201481,0.08774187,0.019045899,-0.019203573,0.051075973,0.07798129,0.016893528,0.13732512,0.10126266,-0.06004733,0.045365877,0.0051459633,0.0063687856,0.05478635,-0.059030596,0.02161166,-0.08436152,-0.04289136,0.035142437,0.040075585,-0.03101218,0.06415584,-0.12508573,0.10884884,0.050652854,0.119607575,-0.026077803,-0.022488035,0.010672086,0.00079669576,-0.051884092,0.012061572,0.00018580421
14,2.4595904,-0.758793,3.1764612,0.65647584,0.384896,0.25012147,0.58525014,0.6437892,-0.5710137,0.18032086,-0.13506389,0.25581512,0.45534116,-0.13637301,8.624907,-0.40994847,-0.08914258,0.033077613,0.3141104,0.046826243,-0.10475314,-0.47597092,-0.1481476,-0.03667507,0.14187963,0.11080575,-0.047939636,-0.052719586,-0.24231032,-0.3261251,0.17469367,-0.37758905,0.20810974,-0.114012,-0.00335217,0.24773362,0.035774015,-0.09158852,-0.101450965,-0.15373175,0.12662607,0.28672907,-0.048020177,-0.13467179,0.2699265,0.07795374,-0.09407041,0.08600232,0.007350508,0.08658667,-0.14289536,0.099271074,0.06855733,-0.084362924,-0.11408359,0.19022381,0.09654948,0.00559593,0.0073285648,0.0771579,0.06774437,-0.24818116,0.11004616,0.11038046,-0.065574884,-0.10154098,-0.11035618,0.0015793152,-0.022584729,-0.04052632,-0.046307154,0.076605394,0.05451118,0.022054076,0.15274802,0.079668924,-0.09390094,0.031569354,0.098288625,0.019570794,0.02443843,0.007995766,0.053061165,0.011022367,0.058939468,-0.05251362,0.06486344,-0.04493556,-0.039142855,-0.03838173,0.06679045,-0.048591822,0.055230502,0.0353242,-0.10238183,-0.069773674,0.04994484,-0.004452564,-0.04163068,0.018901996,-0.011540093,-0.057582907,0.0059179496
15,-2.4119797,-0.468346,2.3227983,0.66430295,0.6317423,1.1269579,-0.60273623,-0.04129317,-0.2593915,0.36558893,-0.47814202,-0.49395907,-0.07429861,-0.8375313,-0.40994847,7.5847626,0.3763759,-0.073803574,0.1978445,0.1310662,0.37564653,0.35137397,-0.32265055,-0.03648504,-0.03820008,-0.147341,-0.32357234,-0.40245667,0.10377398,-0.1291439,-0.04208503,-0.27498728,0.007437448,0.20301583,0.35215077,0.17828105,-0.17614068,-0.004298868,0.10076656,-0.065265805,-0.0101880785,0.06173554,0.057657693,0.018134847,-0.03555537,0.2905777,0.06264101,-0.18517423,-0.080348805,0.12697427,-0.08063872,0.15653628,-0.08854881,-0.010241156,0.100890815,-0.0066906633,0.00816145,0.015881648,-0.05660657,-0.10142577,0.10077369,0.065156706,0.03889786,0.014386345,0.03923455,-0.0073671825,0.047990225,0.17494613,0.112800345,0.04843514,-0.069013715,0.07731184,-0.008442626,-0.06429868,0.08129435,-0.030196588,-0.048258767,0.2039057,0.005346493,0.02218394,0.042842798,0.0036674307,0.09160587,0.01858832,0.06401126,-0.019432012,0.07725838,0.06939489,0.07756357,0.021061197,0.04770305,-0.054206282,-0.104268685,-0.021008551,-0.038551584,-0.06569526,-0.02715069,-0.0948544,0.056703135,-0.09095432,0.04523699,0.05585192,-0.094860956
16,0.72193825,-0.7768489,0.68675387,1.3167889,0.07733207,-0.37420505,-0.04072207,-0.47276652,0.07647148,0.08236416,0.097469494,-0.046132155,0.058895543,-5.9078913e-05,-0.08914258,0.3763759,7.1231656,0.19364426,0.20504254,0.42740712,0.19950886,0.18150574,-0.0136353085,0.26182425,0.25305903,-0.06570023,0.1532621,-0.058851227,0.06285148,0.3372807,0.019997718,0.15086086,-0.073833875,0.036026105,-0.09562577,-0.31075564,0.07784384,-0.19274044,-0.14083889,0.21136227,0.09633091,-0.060331948,-0.048081078,-0.08209632,-0.093826026,0.050764836,-0.016660893,0.17098364,-0.102799065,-0.2059131,-0.077465065,-0.10452743,0.10862132,0.093016244,-0.13716838,0.10249816,-0.116570786,0.10946541,-0.0030060783,0.1672695,-0.22872493,-0.034231845,0.08518781,0.19035113,0.11307129,-0.04723589,-0.055723958,-0.12809324,0.069294766,0.012295587,-0.03999085,-0.064915806,0.15543711,-0.054830402,-0.093547136,0.02516103,-0.20229885,0.0819033,-0.045698427,-0.01926811,0.06399967,-0.10415164,0.019184638,-0.024379604,-0.007592314,-0.015420734,-0.050454043,0.0054119797,-0.03669451,-0.0516169,0.022409726,-0.026783373,0.10858743,0.03986555,-0.034480527,0.054148465,0.03263985,-0.009000414,-0.011834217,0.025970884,-0.04558988,-0.112380914,-0.041375548
17,-2.961007,-0.40395847,-1.901655,-0.130179,-1.0366603,-0.20468542,0.4976452,0.36173737,0.013140806,-0.5811823,-0.19246233,-0.031129492,-0.14390981,-0.3609297,0.033077613,-0.073803574,0.19364426,6.0850525,-0.093168706,-0.051461734,0.058627166,0.031760886,0.1768648,0.091413274,-0.46474046,0.14241962,0.004464226,-0.0319324,0.08768663,-0.17133462,0.036470678,0.07673745,-0.05145764,0.0073422203,0.276273,0.43368882,0.20757636,0.06957796,-0.112199515,-0.05376254,-0.10258632,0.19880918,0.059592374,0.041073196,-0.14454874,-0.1453474,0.07518847,-0.07131641,0.026238257,0.012269883,-0.027133888,-0.052775577,-0.013751439,0.12805493,0.20792228,-0.055370934,0.0902046,0.08804034,-0.052361883,-0.0047614034,0.10527407,-0.03981279,0.05585535,-0.029532764,0.028152175,-0.08199363,-0.008423789,-0.04742793,-0.019355975,-0.004484779,0.07694951,0.14156473,0.18269914,-0.05918818,-0.029393116,-0.054371677,0.029031126,0.096276656,-0.062756374,-0.018916916,-0.049365826,0.08574104,-0.031664632,-0.053032003,-0.036936738,0.11287624,0.083652005,0.12862176,0.09089132,-0.04889749,0.05067621,-0.031100221,0.10385005,0.058795925,0.07396117,-0.020300817,-0.09163052,-0.069383174,-0.035583112,0.059618756,-0.059065696,-0.066575006,0.024708986
18,0.91205823,-0.044892676,0.054766897,-0.80646557,-0.43636313,-0.3981225,0.24286893,0.12490586,0.28638566,0.0754609,-0.40429413,-0.026778199,0.19481874,0.05475539,0.3141104,0.1978445,0.20504254,-0.093168706,6.1708474,0.018819015,0.08344426,0.20135632,-0.10623794,0.3542559,0.0047151167,0.21311226,0.04840687,0.3451972,-0.3316368,-0.02866669,-0.27376628,0.029571272,-0.06609783,-0.12504038,-0.060660478,-0.10969362,-0.2460396,0.022077171,0.16784269,0.020658407,0.05381098,-0.15994266,0.02466669,-0.010690919,0.1351611,0.1550568,-0.00908176,-0.06278882,0.079890594,0.042948343,-0.12747663,-0.064836845,-0.09152178,-0.0294874,0.018626168,-0.02673691,0.07852237,-0.047000617,0.09368625,-0.06257887,0.052508272,0.014038205,0.010812098,0.004722932,0.011063078,-0.12782386,0.07953432,-0.048085064,-0.03349085,0.050894164,-0.030265227,-0.08327467,-0.099327624,-0.07503989,-0.022280822,0.034422785,0.08294146,0.13550748,-0.09993887,0.0006584161,-0.026992647,0.044670694,0.034892175,0.029864963,-0.022053096,0.03364823,0.020241126,-0.034083888,0.06727476,0.065292686,-0.001613757,0.0749831,-0.0015333921,0.015775757,-0.07166922,0.028108243,0.020299822,0.057331905,-0.004720395,0.0120480005,-0.010763867,-0.062305443,-0.0142671885
19,0.63221854,3.2097282,0.2658822,-0.30424774,-0.72798795,0.3535058,0.36808932,-0.27935243,0.03663702,0.02163635,0.42379507,-0.010912532,-0.5251993,0.035256788,0.046826243,0.1310662,0.42740712,-0.051461734,0.018819015,5.279909,-0.054431226,-0.060217865,0.005663853,-0.55139893,-0.37245727,0.060615953,-0.3437119,0.35184282,-0.14376628,-0.07561418,0.04321641,0.06998594,-0.15234914,-0.033138454,0.034723558,0.21522255,0.052598663,-0.19536355,0.16267201,0.094833374,-0.075662136,-0.13177544,-0.2175175,-0.19438843,-0.1909284,0.02894466,-0.1218585,-0.15093184,-0.06487339,-0.036654614,0.047770694,-0.09319426,0.16094336,0.018278342,-0.10914088,0.08595152,0.02171944,0.03621185,-0.061659813,0.036757387,0.027319528,-0.0015886822,-0.018560193,-0.13479155,-0.17496213,0.056141905,0.116070986,-0.04620137,0.07406996,0.020059168,0.1148383,-0.02880738,-0.014310006,0.061000854,0.15897882,0.051964846,0.033324998,-0.047770098,0.013270346,-0.10377721,-0.0620746,-0.034652278,0.09236418,-0.04160846,-0.019073896,0.010298309,0.06735562,0.018194653,-0.02776702,-0.023537133,0.03733451,-0.023485374,-0.05313413,0.07550493,0.008011227,0.027849631,0.020089572,-0.056392126,-0.0005223183,-0.02352079,0.026631683,0.030106945,0.10471907
20,-0.94347703,1.260324,-0.4294628,0.29013342,0.3546322,0.66838294,-0.7133871,0.27984938,0.06784412,-0.1566112,-0.19069561,0.17701548,-0.431925,0.12172949,-0.10475314,0.37564653,0.19950886,0.058627166,0.08344426,-0.054431226,5.063809,0.1446602,0.36241946,-0.059550367,-0.3148238,-0.11127227,0.22090945,0.17107464,0.048016056,0.113297306,-0.10796958,-0.08083965,0.24107996,0.046648487,-0.09334342,-0.19673899,0.31173608,0.100373074,-0.09586769,-0.06052112,-0.10758072,0.05154896,-0.33617136,-0.056645334,-0.104854465,-0.11191796,-0.062203184,0.17430031,-0.01878291,0.012162751,0.0054828823,0.048159473,0.012084017,-0.085501745,-0.09907032,0.0028446917,-0.12908418,-0.02416128,-0.101537466,0.06256938,0.107842445,0.0103141405,0.0049926946,-0.07059309,-0.12154648,-0.06797397,-0.018758627,0.00885886,-0.17518434,0.02881876,0.015269967,-0.10247317,-0.057235964,0.0356463,-0.010114541,-0.002346099,0.08369629,0.034911685,-0.013476953,-0.067292005,0.05362887,0.13679382,-0.022418045,-0.004943655,-0.08333427,0.002576436,-0.03183704,-0.05764445,-0.07410036,0.05833243,-0.06977296,-0.054801576,0.021242553,-0.048280418,-0.062177703,0.09085722,-0.009841042,0.09833887,0.041089132,-0.0011469987,-0.060495667,-0.022742417,0.014033098
21,-1.2750891,-1.2330338,0.76080537,-0.94159627,-0.46481335,-1.28121,0.31947505,0.011243852,0.12148914,-0.14944898,0.34249032,0.18449803,0.13624384,-0.27828062,-0.47597092,0.35137397,0.18150574,0.031760886,0.20135632,-0.060217865,0.1446602,4.4455476,0.15462232,-0.11090727,-0.048237503,-0.20201883,0.075898066,-0.0065527433,-0.12587255,0.0279492,0.32296032,0.08947526,-0.085721135,-0.21600127,0.029054489,0.21589816,0.25462103,0.08190298,0.13715535,-0.2019451,-0.007900153,0.05077025,0.12148334,-0.03648137,0.18448918,-0.2971056,-0.0757095,-0.00056161475,-0.026962578,-0.04689312,-0.012279087,-0.12328297,0.08763173,-0.17792614,-0.10171889,0.048123296,0.047194857,-0.117551744,-0.055680856,-0.010811752,0.017287485,-0.1251234,-0.11420854,-0.062363204,0.06424275,0.07703905,0.02415701,-0.03951624,-0.06663811,0.0037219273,0.081542864,0.06676185,-0.047983512,0.15895739,-0.036370546,0.06622225,0.07906021,0.005018105,0.06279042,-0.035454795,0.013327181,-0.059525028,-0.016246138,-0.02105549,-0.0045445757,-0.10624333,-0.041930273,-0.008785889,0.025769904,0.0515624,-0.013460677,-0.026419839,-0.049580388,-0.014996697,0.020949082,-0.0151898265,0.034736693,-0.011511618,0.001020987,-0.00086522906,-0.015857168,0.024051763,-0.016942512
22,-0.13256319,-1.7824452,-0.18173772,-0.48907316,-0.18128279,-0.06507336,0.69680154,-0.24816126,0.113362394,0.44006896,0.031127943,-0.026520886,-0.08063759,-0.25917375,-0.1481476,-0.32265055,-0.0136353085,0.1768648,-0.10623794,0.005663853,0.36241946,0.15462232,4.1492543,0.3755535,-0.1451133,-0.1675041,0.057057705,-0.049691204,-0.029192403,-0.018732935,0.36904782,-0.097773135,0.15171322,-0.4955192,0.22564791,-0.009589076,-0.21537274,0.14925465,-0.009053221,0.04484102,-0.03472159,-0.20172891,0.13814463,-0.23976123,0.04526893,0.113521054,0.091742106,-0.10859026,-0.15998857,0.003209758,-0.065028995,-0.12314112,0.043095767,-0.01919215,0.02801763,0.003998506,0.00888431,0.05582951,0.046282545,-0.07088052,0.1022808,0.13801041,0.06257985,0.10820015,-0.020840582,0.046383325,0.066543624,-0.001971199,0.07642859,-0.03477966,-0.05797486,0.12727919,0.09721668,-0.05603225,0.009040094,0.001833357,-0.0011765976,-0.09878423,-0.05072201,0.07866441,-0.009767804,0.06324008,0.08763422,0.025663994,-0.01761212,-0.033255175,-0.0033868281,-0.048303574,-0.13274866,0.035299577,-0.013201045,0.023044307,0.034410276,-0.005858983,-0.00522478,0.03663259,-0.02659501,0.067866825,-0.011597619,-0.033752725,0.07524899,-0.024117878,-0.008442905
23,1.1665238,0.82407594,-1.3786752,0.71646297,-0.27629358,0.3346764,-0.38965213,-0.48852468,0.20106624,0.08477706,-0.36458087,0.3363409,0.14708947,-0.44168565,-0.03667507,-0.03648504,0.26182425,0.091413274,0.3542559,-0.55139893,-0.059550367,-0.11090727,0.3755535,3.787188,0.24714881,-0.2613873,0.29778704,-0.033948433,0.04666245,0.1647544,-0.14184552,0.09948456,-0.10949577,0.17994404,0.06137176,0.3016795,-0.2165235,-0.107315764,-0.22711787,-0.016715523,0.033920817,-0.14062718,-0.23929141,0.07298374,-0.23110163,-0.11737575,-0.09739146,-0.08313597,0.14514665,0.011683673,-0.005636124,-0.065908045,0.03485591,-0.06928864,-0.14632589,0.0045418665,0.11077229,0.07009287,-0.048054297,-0.0025995602,-0.0014904949,0.079727635,-0.006981057,-0.062291764,-0.0042002145,0.04501137,-0.100189514,-0.0010362295,0.035906903,0.04839061,-0.014595145,0.024384387,-0.03296152,0.07463863,0.11372493,0.06491923,-0.03974098,0.018769596,0.033411644,-0.026140869,-0.01367071,0.028777873,-0.040130403,0.04941731,-0.0023788577,-0.029946947,0.053595755,-0.0012289248,0.036791634,-0.033846136,0.042253204,0.0074371155,-0.039143078,-0.05577553,0.031634025,-0.04692021,0.004191758,-0.028109308,-0.010185367,-0.028564813,-0.004383386,0.053720787,-0.013420664
24,0.17994447,-1.1347077,0.7089951,0.022961518,-0.08223307,-0.35497713,-0.15813884,-0.15151988,0.15562297,0.09981812,0.3614688,-0.26783496,-0.6885894,-0.09269729,0.14187963,-0.03820008,0.25305903,-0.46474046,0.0047151167,-0.37245727,-0.3148238,-0.048237503,-0.1451133,0.24714881,3.8804243,-0.121555835,-0.18146615,0.12785368,-0.08927805,0.06018696,0.020588897,0.072316036,0.0357686,-0.15904397,0.090494424,-0.15220584,0.24647291,-0.06517804,-0.019569088,0.10433433,-0.2016891,-0.04018969,-0.06767669,0.085713916,-0.05630917,-0.1024629,0.1372394,0.08410292,-0.07254858,-0.0636417,0.018763382,-0.02652938,0.011060268,0.01506856,0.05937648,0.07044165,-0.14917207,0.062005177,-0.060519524,-0.07205204,0.028692553,-0.014978957,0.0212252,-0.17398515,-0.071788386,-0.042769197,0.050653405,-0.0439765,0.103097215,-0.049571246,0.016840633,0.005994962,0.016223071,0.040510997,0.012802855,-0.114588276,0.04763572,0.0040353006,-0.009845396,-0.02708307,0.052537024,0.013464648,-0.0016968821,-0.027299937,-0.042825043,0.03952057,0.020995587,0.012303278,-0.05304722,-0.022607613,0.037168473,-0.031627245,-0.010522343,-0.018527478,0.04115402,0.026594322,0.0029129777,-0.010701489,0.021321502,0.023116779,-0.03405258,0.011271831,0.0438122
25,-0.5400625,0.6444526,-0.50807583,-1.4883108,0.08025354,-0.14962347,-0.15765393,-0.11150752,0.30669224,0.14141053,-0.01922021,-0.31487316,-0.12234604,-0.27797762,0.11080575,-0.147341,-0.06570023,0.14241962,0.21311226,0.060615953,-0.11127227,-0.20201883,-0.1675041,-0.2613873,-0.121555835,3.7710505,0.09311267,-0.20285623,-0.086953096,0.15881103,0.14348763,0.0046947403,-0.06031836,0.022127476,0.053821184,-0.1581426,0.15395327,-0.034189865,0.0026791487,0.05317384,-0.13335057,-0.039705995,-0.11893955,0.0056196614,0.08842845,0.068453565,-0.03161864,0.048357368,-0.25015438,-0.05576019,0.006406771,-0.14792278,-0.036888946,-0.06544429,-0.09848751,-0.054635793,-0.014914708,0.017941555,-0.0426946,0.07898797,0.055662595,0.1615471,0.011270018,-0.10339278,0.056352854,-0.07035847,0.033622198,-0.0069309897,0.08930629,-0.09157488,-0.034296617,0.017575808,-0.057993025,-0.03095062,-0.03508967,-0.03749548,-0.036164317,0.016869362,0.03557298,-0.0013279975,0.0039337385,0.07660717,-0.021884518,-0.0052767145,0.04813593,-0.05243574,-0.011922846,-0.035792224,-0.06354907,0.008372724,-0.04468774,0.029446006,-0.039866563,-0.028312773,0.007438033,-0.019717686,-0.0047229333,0.008943152,0.007911706,-0.038885903,0.0028004986,0.010383777,0.016390698
26,0.13697894,2.0400724,0.28133032,0.64104605,0.72708267,0.17040789,0.034592867,0.03339147,-0.22983438,-0.05552965,0.3838494,-0.48028836,-0.05316831,-0.33963233,-0.047939636,-0.32357234,0.1532621,0.004464226,0.04840687,-0.3437119,0.22090945,0.075898066,0.057057705,0.29778704,-0.18146615,0.09311267,3.2476783,-0.11947261,0.09316589,-0.24924316,-0.047411643,0.06281489,0.025096834,0.082487,0.023948224,-0.11984728,0.078307785,-0.121892124,0.2597099,-0.10554701,0.08519228,0.11676866,0.06773697,-0.0642499,0.0116172135,-0.053307347,0.025523236,0.05237381,-0.057681806,-0.02364705,-0.10574008,0.09917696,0.0010070907,0.09086515,0.019316968,-0.055713307,-0.08061837,-0.05798389,0.08229873,-0.012548277,0.028280914,0.0716236,-0.035854794,0.031395126,0.021507224,-0.05525142,-0.023804529,-0.035991482,-0.01687642,0.06321818,-0.07753575,0.012338569,-0.017279638,0.039501894,-0.009837754,0.007321355,0.011587054,-0.020559244,0.0557708,-0.032824915,-0.012395956,-0.050018616,0.05043359,0.051723298,0.078966446,0.0022831291,0.030520808,-0.03928878,0.0038337617,-0.018952645,0.0053497995,0.047019742,-0.06468548,0.10550892,0.025207778,0.040106293,0.04399988,-0.12274298,0.009083055,-0.030516867,0.040784903,-0.009571274,0.05448212
27,0.11882807,0.8929744,0.38465685,-0.10605864,0.3048039,0.6560077,-0.31193578,0.28375733,-0.110663556,-0.3437912,0.04175291,-0.037993446,0.02774379,-0.16104771,-0.052719586,-0.40245667,-0.058851227,-0.0319324,0.3451972,0.35184282,0.17107464,-0.0065527433,-0.049691204,-0.033948433,0.12785368,-0.20285623,-0.11947261,3.2890046,0.18759559,-0.04459522,0.1200486,0.11651539,0.12078928,0.092970684,0.15350145,0.13208893,0.017141625,0.10279975,-0.13012686,0.080070004,-0.002482751,0.09489167,-0.03676685,-0.0847777,0.05995772,-0.027107343,-0.06684326,-0.023704357,-0.03610654,0.09174608,0.08640525,0.12514502,0.0025514315,-0.013933112,-0.03479042,-0.0915354,-0.01259109,-0.019565761,0.06534684,0.058643956,0.04647601,0.019637832,0.08604212,-0.045893185,0.13111573,0.05172444,-0.07007484,0.048437376,-0.04062192,-0.0053839753,-0.029653942,0.1167453,0.026148729,0.026339317,-0.025477916,-0.1017399,-0.09275989,0.01153951,-0.014976542,0.078853324,0.09676491,0.040281463,-0.029718518,-0.033906326,0.0421606,-0.011445921,-0.021121088,-0.026667397,-0.02307722,-0.012969495,0.0106084645,0.030158844,-0.020319218,0.005661342,-0.062718704,-0.02312472,-0.06877849,-0.047039658,0.015237464,-0.012425946,-0.029427113,-0.01841513,-0.018960852
28,-0.84740627,-0.5687144,1.0085428,-0.6499934,-0.5145755,-0.14896369,-0.098095514,0.0065555796,0.17202464,0.20373023,0.22182114,0.016613219,-0.4935706,0.15073544,-0.24231032,0.10377398,0.06285148,0.08768663,-0.3316368,-0.14376628,0.048016056,-0.12587255,-0.029192403,0.04666245,-0.08927805,-0.086953096,0.09316589,0.18759559,2.8470392,0.118467726,0.056772843,0.03037343,-0.09177046,-0.07820186,-0.151751,-0.14205462,0.04683253,-0.05431577,0.0010362387,-0.0029269657,0.11472426,0.023503236,0.026728168,0.038134735,0.15960154,0.042632747,-0.08530575,0.10122597,0.036505856,0.2637627,-0.1537821,-0.0047333674,-0.131127,-0.049563028,0.077312075,0.05392605,-0.0033680585,0.07368401,0.12978941,0.11823899,0.03157893,0.028442232,0.0072359294,0.024042876,-0.11106841,-0.025257759,0.011173881,-0.05482305,0.03547819,0.0030336648,0.05120431,0.0654593,-0.07284011,-0.04454638,0.08430671,-0.1422655,0.088776805,0.08101326,0.004943412,-0.060115933,-0.024408242,0.03314969,-0.05036415,0.044422787,0.014452297,0.042982034,0.006052641,0.059914418,0.022922263,-0.06276547,-0.039903708,-0.054846782,-0.044818766,-0.066872105,0.00754841,0.023707876,-0.025747035,0.003622598,0.0340103,-0.042639926,0.029862968,-0.02892491,0.013531055
29,0.04536877,1.1203108,-0.19163069,0.08265501,-0.64299464,0.06369972,0.21129967,0.18247505,-0.1410973,-0.252634,-0.10965751,-0.0006841391,0.10717645,-0.021519208,-0.3261251,-0.1291439,0.3372807,-0.17133462,-0.02866669,-0.07561418,0.113297306,0.0279492,-0.018732935,0.1647544,0.06018696,0.15881103,-0.24924316,-0.04459522,0.118467726,3.060285,0.07354806,0.14572886,0.048986357,-0.123236954,0.06363062,0.10042242,-0.028082184,-0.03902441,0.080568686,-0.010974834,0.053124696,0.1174373,0.03334286,0.018856674,0.037903,0.060234144,0.040495336,-0.03197451,0.108651474,0.026959877,-0.08261819,0.10020706,0.021634717,0.07162043,0.10129127,-0.03208196,-0.016482636,-0.103649154,0.080940254,-0.0056225327,0.062402807,-0.009718382,0.043125674,0.060680673,-0.021313295,0.043170832,0.031668134,0.05282397,-0.04214035,0.009715147,-0.06509954,-0.034790535,-0.021358844,-0.0472574,0.019579507,0.08051777,0.024369761,-0.019458342,0.061190527,0.059564736,-0.051109053,0.027789157,-0.0040113837,-0.010071415,0.03463978,0.01947201,0.01989863,0.03888712,-0.029040003,0.066049635,0.05426102,0.02360646,-0.050031222,0.033696003,-0.043978438,6.258699e-05,-0.007232339,-0.03676667,-0.03481568,0.015821427,-0.0143468985,0.032724164,0.0701326
30,0.7379159,-0.26471692,0.39526373,0.13331814,0.43589598,0.13834843,-0.25910848,-0.38112503,0.27754155,-0.051271655,-0.10133103,-0.5973382,-0.26660335,0.10644329,0.17469367,-0.04208503,0.019997718,0.036470678,-0.27376628,0.04321641,-0.10796958,0.32296032,0.36904782,-0.14184552,0.020588897,0.14348763,-0.047411643,0.1200486,0.056772843,0.07354806,2.7049603,-0.20019469,-0.15817323,0.027519964,0.111451596,-0.123527,-0.027294062,-0.04068166,0.04407406,-0.03669718,0.08121207,-0.2434847,0.0409554,0.13795069,-0.2124703,0.059262525,-0.12408891,-0.023845801,0.09849505,0.1422067,0.115520924,0.20268986,-0.093435585,0.088113576,-0.111758776,-0.10119282,0.08947876,-0.015131235,0.018506695,-0.11059067,-0.055771284,-0.06829836,-0.080182515,0.016622918,-0.024754304,-0.17438035,-0.020495215,-0.0576112,0.050087757,0.014556148,0.0135104,-0.04688859,0.023930958,-0.026377711,-0.036071382,-0.048198957,-0.037493177,-0.008075058,-0.07196375,0.015033986,0.024539711,-0.05169025,-0.043511868,0.010781294,-0.07544023,-0.021035476,0.020169865,-0.018578602,0.0690998,0.03097384,0.08119801,0.039030295,-0.003815264,-0.015845755,-0.037219614,-0.011200436,0.04615051,0.009080198,0.030382957,-0.017018184,-0.032778554,0.018737089,-0.019732073
31,-0.6128061,0.51841056,0.29105318,-0.55464387,0.66303974,0.90207744,0.23229487,0.22801082,-0.026134226,0.22025982,0.0057075256,-0.4626311,-0.16077657,-0.042168096,-0.37758905,-0.27498728,0.15086086,0.07673745,0.029571272,0.06998594,-0.08083965,0.08947526,-0.097773135,0.09948456,0.072316036,0.0046947403,0.06281489,0.11651539,0.03037343,0.14572886,-0.20019469,2.5505555,-0.04943563,0.057099797,-0.0057029845,-0.12951128,-0.14698166,0.116840616,-0.026064554,-0.12649973,0.022296587,-0.009969026,0.094408125,-0.027774196,-0.07661235,-0.066266015,0.05055946,0.06488331,-0.13221338,0.08212801,0.0547925,0.11958216,-0.022830911,-0.119940035,-0.10869745,0.086029634,0.14515077,0.020672897,-0.049625434,-0.019423056,0.010741401,-0.022465184,-0.09798834,0.03159049,-0.023857009,-0.0753205,-0.011101071,0.020953888,0.019716155,-0.033520594,0.056583263,0.024494674,0.058889546,-0.0035494315,0.1157874,0.012350355,-0.031018209,-0.013059144,0.049943887,-0.023134265,-0.039389327,-0.00041251013,-0.054584228,0.047717325,0.016725514,0.0111917835,0.04206374,-0.044528697,-0.011324413,0.017479116,0.040373467,0.026067678,0.036126845,-0.027494341,0.037295714,-0.036532305,0.0028624972,0.028718652,0.057974495,0.03710459,-0.01900025,0.0029345015,-0.0104491385
