,0,1,2,3,4,5,6,7,8,9,10,11,12,13,14,15,16,17,18,19,20,21,22,23,24,25,26,27,28,29,30,31,32,33,34,35,36,37,38,39,40,41,42,43,44,45,46,47,48,49,50,51,52,53,54,55,56,57,58,59,60,61,62,63,64,65,66,67,68,69,70,71,72,73,74,75,76,77,78,79,80,81,82,83,84,85,86,87,88,89,90,91,92,93,94,95,96,97,98,99,100,101,102
0,1609.4507,-66.21991,-29.15995,-4.295876,-15.143969,6.114119,-15.438452,44.19622,-1.2969644,10.816126,13.735836,-9.02026,-7.567123,-11.180507,-6.861762,6.7237864,-1.9649622,8.268442,-2.6129203,-1.6761986,2.55752,3.5731635,0.4096544,-3.272429,-0.52977574,1.4669578,-0.4671808,-0.29764473,2.3325012,-0.1211611,-2.164188,1.7085667,-0.013271801,0.06610547,0.8044545,0.61193085,1.0109172,-0.2257524,-0.91090775,-2.240683,0.12815808,0.33545342,-0.51683074,-0.50434184,0.37178043,1.5646422,-0.56414545,-0.90829945,-1.3902018,-1.77752,-0.43778813,0.0388375,-0.22386116,0.44189698,0.098039135,-0.14086273,0.48611647,-0.20627138,0.3322513,0.019640785,0.04526579,0.007265182,-0.13527879,-0.24602592,0.64429486,-0.778351,0.55990475,-0.032067396,0.2751845,0.19042206,-0.019792244,-0.101579875,0.08639501,0.74719656,0.042084277,0.25433612,-0.19730237,0.27376914,0.37519407,0.07894513,0.17687699,-0.36111012,0.14629847,-0.3950323,0.024786893,0.22365665,-0.012094045,0.43411916,0.07457126,-0.074224934,-0.052318063,0.12129763,0.13230388,0.23490417,-0.19013993,0.120271176,-0.12728965,0.0662362,-0.048700176,-0.15105179,-0.28707474,0.1412825,0.16152373
1,-66.21991,214.4733,-33.422794,-19.063692,-22.885284,24.056297,12.603539,3.748227,14.148992,-6.7463074,-1.3748457,-9.017651,-17.363905,1.8244109,2.2557092,1.2700272,2.4706414,1.1260792,0.018732201,-8.777107,-3.7533534,3.4542685,5.0216417,-2.3977456,3.100081,-1.8439065,-5.905284,-2.50949,1.5060799,-3.145143,0.5817707,-1.3739476,1.7536232,4.1594486,0.25119668,-3.222515,-0.28645298,-1.1524544,-2.251832,-3.3268032,1.5470738,4.1469107,-2.5161333,-2.3648224,0.53599614,3.2790618,-1.9159772,-0.97358084,-0.2866529,-1.6208961,-0.25554594,-0.6797904,-0.92507625,-0.51443607,-1.6483392,0.505988,-0.14523372,-1.0844047,-0.11102856,0.10657214,-0.6330348,-0.60232484,0.6191827,-0.9434044,1.1693072,-0.6395031,-0.013275591,-0.24538243,-0.5825083,0.19818318,-1.3692617,-0.621189,0.83931565,1.8113563,0.9354992,1.2091798,-0.008354934,0.5215474,0.7026002,-0.15111783,-0.31963855,-0.49863756,0.73473334,-0.28327772,1.0091835,0.792559,-0.3764739,0.5412152,-0.1544722,0.2860551,-0.1794619,1.3800616,0.30645865,0.859272,-1.1412046,0.49017704,-0.15089786,0.94553685,-0.36700806,0.08327488,-0.09767404,0.45202515,0.19946685
2,-29.15995,-33.422794,100.11782,6.1998067,21.2692,-9.930479,-4.502597,0.9259054,-6.6868706,7.444581,4.9077477,1.367384,0.8491014,-1.4985956,-8.65143,-6.5382376,-1.6266334,5.293808,-0.16128552,-0.6675737,1.0195166,-2.145827,0.5045694,3.7414598,-2.017258,1.4399827,-0.898309,-1.2005143,-2.8712933,0.4892411,-1.0780001,-0.6845063,-0.8888461,2.0032406,2.7855916,1.8413318,1.4666371,1.0815139,1.6162051,0.62467617,0.28894016,0.06333339,-0.99782896,-2.2432356,0.3943863,2.4787295,-1.4879782,-1.1968136,0.67009515,0.4575256,-0.6084491,0.23406056,0.7748824,-0.14080027,-2.3322196,1.3129754,-0.6727938,-0.6293236,-0.52543926,0.47140872,-0.40487015,-1.0020705,-0.7290555,-0.7593281,0.6458479,-0.041245844,0.027964836,0.13554502,0.7907833,-0.05550337,0.005013166,0.33961308,0.017801907,0.87348443,-0.39207795,0.09024276,0.39409557,0.091624446,0.12181215,0.06526959,1.1450262,-0.42038965,-0.4482451,-0.33373427,0.20777941,0.68438625,-0.27759892,0.3320591,0.2641331,0.09994706,0.44510636,0.3780998,-0.31691402,0.2767839,-0.52319896,-0.16022812,-0.65000236,0.17103595,0.764568,0.33046103,-0.6667658,0.6150559,0.3661998
3,-4.295876,-19.063692,6.1998067,42.824966,10.881947,-1.6203249,-5.7770743,-7.0986047,-6.432175,1.3794701,3.5239387,-0.22519471,0.1289163,-5.0291367,-1.8713264,-1.8421005,-3.7390099,0.37653902,2.2796533,0.80505466,-0.7638354,2.6152778,1.3674581,-1.974668,-0.053031795,4.1672273,-1.7406886,0.3016608,1.8254371,-0.23049542,-0.31071696,1.541022,2.3226979,-0.18746868,-0.42566305,-0.70201993,-3.2230997,-2.0876226,-1.416837,-0.3169713,-0.35368448,0.99895084,-0.8673315,0.89593184,-1.3096788,-1.1436077,0.89986825,-0.017668592,1.5767648,-0.88392794,-0.17940202,0.85297126,0.5904696,0.15817632,0.85382545,-0.13578033,-1.0681372,0.8915051,-0.08826174,0.10821316,-1.3404503,-0.15822472,0.6532643,1.8028722,-0.19125563,0.42645866,-0.43541515,0.28622407,-0.16827153,0.4509697,-0.28464252,-0.24465019,0.7629661,0.3548772,-0.014150957,0.60895133,0.4710849,0.49677774,0.0074644824,-0.59178656,0.30384433,0.111992195,0.25869152,-0.0780297,-0.77084196,-0.0716177,-0.30214652,0.13862687,0.31107968,-0.012979117,0.0034438737,-0.4132492,0.1708614,-0.34598845,0.19732106,0.68139756,0.013598492,-0.3348414,-0.39950937,-0.07406764,0.09481391,-0.46628746,-0.10968609
4,-15.143969,-22.885284,21.2692,10.881947,35.890606,-5.426041,-7.3865376,3.73323,-10.927814,5.3306437,-0.48073804,-2.399888,3.096349,0.118975475,-0.9436295,-1.7676066,-0.031104859,2.8965673,1.1913564,2.0810616,-1.104483,1.2936612,0.51338655,0.71495026,0.21054628,-0.19420251,-2.0935483,-0.9249711,1.4155009,1.7737381,-1.245479,-1.8044848,-0.41537338,0.99048656,0.0012527069,-2.028255,-0.6510143,0.30924624,-0.8690932,-0.20358619,1.603514,0.27563995,-1.3106626,0.36645666,-0.63674974,-0.15846995,-0.26601923,0.6832584,-1.3939211,0.2868592,0.9308777,0.1795007,-0.32470387,0.2804571,-0.44625616,-0.8759672,0.23535457,-0.86430967,0.2448473,-0.6127521,0.7977193,-0.27573636,0.3687337,0.03772351,0.3061177,0.21959288,-0.437325,-0.022689702,-0.5429765,-0.2738646,0.015434038,-0.20675975,0.3169759,0.5147263,0.16237773,-0.44742793,0.6196611,-0.2319664,-0.17730741,-0.5740521,-0.18018043,0.5932307,-0.0031942595,0.24541742,0.50850123,0.044824176,0.38522816,-0.6478857,-0.35418224,0.02031083,-0.1950844,0.25782442,-0.062892355,0.09787516,0.08395323,0.0054601044,0.20900352,0.44265813,-0.0051065045,0.03464795,0.27743387,0.22448495,0.016498346
5,6.114119,24.056297,-9.930479,-1.6203249,-5.426041,31.539589,0.4259615,3.2333446,2.039924,-3.005985,1.4458103,3.9832447,-5.300376,2.3913846,-0.7383076,-3.1600995,1.0397775,0.56651556,1.1328211,-0.9924081,-1.8577197,3.5718753,0.17593908,-0.9282058,0.98481035,0.3907802,-0.4923343,-1.7875681,0.40350407,-0.17506003,-0.35529658,-2.5035877,0.8407762,2.1866205,-1.0782087,1.6015007,-0.3901084,0.34418118,0.87115717,-0.2611409,-0.7535485,-0.11127828,-0.83665144,0.038012415,-0.121246174,0.86276895,-0.049033437,0.18328458,-1.0590088,1.2480183,0.51941836,1.1036667,-0.13690388,-0.71177953,0.031519614,0.121731706,0.029557925,0.4125381,0.1004256,0.014771031,-0.11249956,0.5748893,-1.1250659,1.0552709,0.31209373,0.314767,-0.17060143,0.7435173,-0.17376703,-0.11889888,-0.17056468,-0.2513925,0.08825184,-0.25037605,0.2813576,-0.057846636,-0.27104425,0.11548439,-0.24969897,0.020037558,0.68826675,-0.22635762,0.053024933,0.17182772,0.33558214,0.12530556,0.5562306,-0.58452415,0.01682348,-0.012026835,0.6057816,-0.4795361,-0.21494606,-0.49395484,-0.25140285,-0.28790337,-0.207513,-0.31299233,0.57227075,0.28427303,-0.09685773,-0.5059695,-0.03707625
6,-15.438452,12.603539,-4.502597,-5.7770743,-7.3865376,0.4259615,12.574904,1.0623686,2.330757,-1.3733089,1.1739904,-1.1381525,-0.8197521,1.702267,-1.5848019,1.6552563,0.29407522,-1.3858292,-0.81615543,-0.8334081,1.8035045,-0.8541662,-1.8827814,1.0267382,0.38137996,0.36197335,-0.29850036,0.9184406,0.20568264,-0.5853478,0.49046856,-0.6389275,-0.98891115,-0.67662156,-0.75052226,0.8402047,0.22086662,0.20818703,-0.12818155,-1.1732244,0.24271719,-0.46515018,0.34140408,-0.9852429,0.48220897,0.45190203,-0.06592584,-0.14394495,-0.01005144,0.022875115,-0.35971642,-0.39594388,-0.41320902,0.2596114,0.06913009,0.71616435,0.3006575,-0.90115035,-0.2458337,-0.33438486,-0.29554588,-0.34148854,0.107872725,0.39119044,0.32134253,0.024130482,0.25771755,-0.7609325,0.47097933,-0.25093803,-0.019872453,0.4348324,0.8397654,-0.060333245,0.109355405,0.50780904,0.077253655,-0.48153335,0.20538315,0.14909616,-0.23476687,-0.04589846,0.39181483,-0.00058653415,-0.16247699,-0.2906536,0.07796313,-0.18587688,-0.05201734,0.1865855,0.1530559,0.20503688,0.5942507,0.038315587,0.15526685,-0.23941019,0.024652023,0.051329568,-0.2693596,-0.024425756,0.2860586,-0.16630323,-0.03923244
7,44.19622,3.748227,0.9259054,-7.0986047,3.73323,3.2333446,1.0623686,11.078782,-1.1980131,-2.1138678,-2.9473476,0.3589845,2.89265,3.2825942,-1.7155035,0.09424102,1.4497886,-1.0430474,-0.36620986,0.7970984,-0.84721124,-0.029558979,0.6836883,1.3218307,0.4071961,0.30944657,-0.15529194,-0.8215096,-0.04357651,-0.52292454,1.0437671,-0.5876921,0.7167968,0.8938675,-0.613046,-0.1937546,1.010587,0.974886,0.3580072,0.11779524,0.61142397,1.3213859,-0.41987848,-0.30644906,0.07553989,0.2664903,-0.6337333,-0.23881876,-0.41591787,0.7295433,0.20115781,0.19381303,-0.41755247,0.33101082,-0.1274172,0.48027867,-0.03537269,-0.63726234,0.1875237,0.385254,0.7422492,-0.8482474,0.0032285661,-0.54278994,0.019364526,0.37870938,-0.3053035,0.46756354,-0.30566525,-0.09841253,-0.014348924,0.24924393,-0.20063776,0.2097784,0.14768313,0.08183429,0.21804908,-0.027975973,0.15615395,0.100721024,-0.23326378,0.30616,-0.14654192,-0.028972853,0.4783411,0.09067337,0.3181798,0.00026351248,0.20667607,0.086714864,-0.089906245,-0.0038463771,0.42839888,-0.21719825,-0.2056321,-0.12905553,-0.29660708,0.29794455,-0.009857699,0.081338376,0.17785013,-0.028384592,0.11673577
8,-1.2969644,14.148992,-6.6868706,-6.432175,-10.927814,2.039924,2.330757,-1.1980131,10.848961,-2.0226493,-0.045548897,-0.8534497,-1.1926548,-0.19064038,1.6804123,0.73303163,-0.12691064,-0.036191005,-0.80480933,-0.09215599,-0.23776262,-0.3412448,-0.3197658,-0.5854871,-0.43688634,-0.8221059,0.63185334,0.24980928,-0.47843575,0.38511062,-0.77765906,0.09528634,0.44804674,-0.25339448,-0.011896945,-0.28686056,0.1145567,0.21160614,0.17907348,0.020031989,0.061771654,-0.7306849,1.2113223,-0.36113542,0.41523844,-0.20991722,0.26074836,-0.031739008,-0.071321644,0.040670916,-0.45941228,0.30169487,-0.13878635,-0.1719381,-0.6242703,0.36252993,-0.16646995,0.0039905934,0.49061072,-0.1162166,-0.37744418,0.14888716,-0.12678793,0.24754271,0.302205,-0.6038452,-0.14261389,-0.048643015,0.015300366,0.00036129245,0.045708537,0.107292786,-0.53474486,0.41658273,-0.47302252,-0.21673769,-0.06956449,-0.09300349,0.08319613,0.22741406,0.29778546,-0.038969528,-0.04541474,0.084614925,-0.06868684,0.06429846,-0.095373586,0.34841675,0.13362326,0.3282833,0.17533147,0.11434294,0.09601618,-0.14543079,0.022373455,0.11322418,-0.09034182,0.27411503,0.1891428,0.019040702,-0.262328,0.21610714,0.09432842
9,10.816126,-6.7463074,7.444581,1.3794701,5.3306437,-3.005985,-1.3733089,-2.1138678,-2.0226493,9.410349,-2.1679237,-0.27065182,0.5291054,-1.5605462,-0.5239746,-1.0261592,-0.25955063,1.6281083,-0.20312703,-0.06914434,0.45399025,0.41638798,-1.2288251,-0.2281455,-0.27499926,-0.39464208,0.16789833,0.96282506,-0.56520164,0.7042788,0.15460072,-0.62256116,-0.25052825,-0.80058753,0.6911148,-0.22897646,-0.9187298,0.13963327,-0.6111892,-0.21810937,0.2768038,-0.50065035,0.0052685193,-0.087930515,0.3201325,0.32319033,-0.28891593,0.5218893,-0.44673595,-0.15162838,-0.56389076,-0.29361367,0.12418842,-0.5295445,0.01306425,0.018884689,-0.4241225,0.05518143,-0.31997496,-0.4974966,0.088047035,1.1093707,-0.092546426,-0.03929178,0.16857761,0.0797811,0.2176351,-0.19122872,0.03597624,0.02335044,-0.35258913,-0.49842918,0.0033921432,-0.3032152,0.48997754,-0.072631314,0.061779246,-0.5223508,-0.12149207,0.10729584,-0.54128647,-0.3763304,0.08074344,0.15024376,-0.12143141,0.06245827,0.09589864,0.15742081,-0.20769493,-0.051464096,0.048757643,0.16647767,-0.052192844,0.18373518,0.14645869,-0.15616661,-0.08255093,0.15603942,0.12708658,0.17323357,0.24515902,0.12603149,-0.15872622
10,13.735836,-1.3748457,4.9077477,3.5239387,-0.48073804,1.4458103,1.1739904,-2.9473476,-0.045548897,-2.1679237,10.121267,0.18585944,-3.6440182,-0.03842879,0.34111,1.2816882,-0.20182535,0.54455894,1.0963011,-1.1219345,0.4655743,-0.9526839,-0.05899623,0.9927339,-1.0392877,0.0010124154,-1.1696229,-0.06926808,-0.66897523,0.29224998,0.24368945,0.0050767604,-0.4312129,-0.3025025,-0.47625506,0.060280412,0.33331257,-0.19812909,0.017075613,-0.54575515,-0.3456055,-0.46128154,-0.35108164,-0.9676094,0.4970072,-0.259117,0.41978955,-0.11302367,0.00040022784,0.3291132,0.16111532,-0.04902319,0.290582,-0.488123,0.66431236,-0.17537007,0.03230758,-0.029085314,-0.06268606,0.2356951,-0.8734898,-0.029802486,-0.36674488,-0.04010227,0.18421057,0.24947408,0.18408182,-0.7018151,0.16930524,-0.5945251,0.44671723,0.46615005,0.30631435,0.091888785,-0.44612592,-0.2742908,0.4247383,-0.04281178,0.13672273,-0.51909566,0.84157777,0.20393126,-0.18774454,-0.006323792,-0.0013692185,0.14765495,0.031146223,-0.06529829,0.12583867,0.21781714,0.082094945,-0.08695161,-0.11576835,0.033095073,0.43175575,0.099273175,0.19828525,-0.40988714,0.13967025,0.010997803,-0.044219706,-0.12391259,0.08966422
11,-9.02026,-9.017651,1.367384,-0.22519471,-2.399888,3.9832447,-1.1381525,0.3589845,-0.8534497,-0.27065182,0.18585944,8.64103,2.5421007,0.70879394,-0.84325016,1.3952166,-0.010880227,0.08907226,0.026523883,0.037008308,-0.4335838,-0.49186546,0.10367446,-0.8925955,0.7515756,0.83572704,1.345546,0.19974789,-0.039859407,0.024719238,1.5788565,1.2175677,0.53738844,0.8235327,0.110763855,1.7895656,0.48033035,0.14960724,0.496678,0.28672224,0.13625963,0.049099658,-0.58846784,0.26412314,0.8126054,0.106003635,0.16825387,0.032639496,0.061525136,-0.27095658,-0.16236684,-0.37471032,0.4797527,0.15530303,0.08344254,0.25844032,-0.16064394,0.21976599,0.17904733,0.201678,-0.2324142,0.33909917,0.022865921,0.28402826,-0.1347518,0.24716586,-0.090580866,-0.2609478,-0.49689204,-0.18732864,0.11088801,-0.321037,-0.32331467,-0.014330655,-0.2072652,0.597922,0.14195758,-0.14957747,-0.07302278,0.10599041,0.47628647,0.27117667,-0.039291617,-0.004209537,0.1678074,0.011598453,0.32508552,-0.15367736,-0.108187795,-0.06830047,0.14865616,-0.12774995,-0.08703286,-0.23607968,0.12796941,-0.13098809,0.09623546,-0.060937304,0.0762309,0.24035905,-0.09182917,-0.24236605,0.077722885
12,-7.567123,-17.363905,0.8491014,0.1289163,3.096349,-5.300376,-0.8197521,2.89265,-1.1926548,0.5291054,-3.6440182,2.5421007,12.635642,0.3552887,-1.2677677,0.2255857,-0.21697405,0.4108522,-0.5269894,1.4282112,1.2394911,-0.38999814,0.22517501,-0.39607483,1.9350896,0.37254226,0.20334488,-0.11001575,1.3972285,-0.30191654,0.7849941,0.44310427,0.6703702,0.577366,-0.21682887,0.40798146,-0.6451045,0.10567672,0.88056314,0.5965708,0.61436844,0.447887,-0.09369916,-0.29631898,0.12578501,-0.22403389,-0.122880995,-0.77036905,-0.4615594,-0.55063033,-0.13191213,0.07238947,0.3313725,0.035493933,-0.009976713,-0.020571291,0.19783595,-0.27323645,-0.047529366,0.5618275,0.043059684,0.51845956,0.12886286,-0.5770525,0.0015343686,-0.1911376,-0.48542392,-0.1382947,-0.13633506,-0.13193315,0.26727152,0.16165254,-0.91336524,-0.21951708,0.13490066,0.36782253,-0.36759153,-0.081434816,-0.22232808,0.13810061,-0.4015494,-0.024298739,0.13744578,0.11322659,0.23464665,-0.1340746,0.2742364,0.12595952,0.25496823,0.022610288,0.10259226,0.20543107,0.28558353,0.10370222,-0.25277895,-0.033255473,0.030913716,-0.018453475,-0.42440173,-0.050380588,0.13389409,-0.10823607,0.11617766
13,-11.180507,1.8244109,-1.4985956,-5.0291367,0.118975475,2.3913846,1.702267,3.2825942,-0.19064038,-1.5605462,-0.03842879,0.70879394,0.3552887,7.210596,0.42948967,2.297511,0.11390439,1.023108,-0.15749162,-0.048528533,-0.42015502,0.7683361,0.7298299,1.1911614,0.23698342,0.7699599,0.8862268,0.41717207,-0.45121598,0.03779249,-0.29348677,0.15925184,-0.6589838,-0.21805626,-1.3513206,-0.7978406,0.608444,0.24756938,-0.4238053,0.40815085,0.22815445,-0.14541763,-0.113407835,0.25239104,-0.28995907,0.68508625,-0.3663339,0.09319048,-0.08216418,0.5192588,0.5029471,-0.00020669168,0.30730385,0.40440995,0.08959471,0.09533341,-0.29103023,-0.36744535,0.13348183,0.36090258,0.096221894,-0.5144262,-0.18600692,-0.38911104,-0.21224645,0.27676532,0.06843,0.038733236,-0.05313623,-0.31946778,-0.040140346,-0.24896696,-0.08970848,0.074993275,-0.19802786,-0.22621821,-0.04688177,-0.39489317,-0.2844755,0.19263355,-0.13784122,-0.017456766,-0.020805411,-0.14415935,0.15785994,-0.06585044,0.22531211,0.120389014,-0.082329385,-0.08633156,0.0750335,-0.17313005,0.32701558,-0.29446042,-0.14585947,-0.32805005,0.061049655,0.06692442,-0.0151360845,0.0087861745,0.13413227,-0.019143067,-0.016664088
14,-6.861762,2.2557092,-8.65143,-1.8713264,-0.9436295,-0.7383076,-1.5848019,-1.7155035,1.6804123,-0.5239746,0.34111,-0.84325016,-1.2677677,0.42948967,6.9617796,1.2048287,0.22908485,-0.08422345,-0.8473723,-0.17458004,0.32146388,1.3196906,0.39345884,0.11403552,-0.37131506,-0.24103191,0.22243433,0.07344305,0.7237222,0.9176589,-0.4447154,1.0462253,-0.5536221,0.3360442,-0.004837252,-0.7291564,-0.027854102,0.23309577,0.20437676,0.40051806,-0.2810169,-0.79387707,0.13701859,0.36519048,-0.771144,-0.2527458,0.23577693,-0.24225868,-0.0059945444,-0.24461329,0.3600089,-0.27293527,-0.22917788,0.25952286,0.26892775,-0.5165059,-0.25833625,-0.01704415,0.04167954,-0.2468811,-0.20517981,0.6748454,-0.38509458,-0.3301007,0.22768278,0.26280642,0.360169,-0.018847885,0.086105615,0.10885918,0.10693146,-0.2113291,-0.11535664,-0.07417543,-0.39111215,-0.20892397,0.25535798,-0.09250798,-0.2632617,-0.04533811,-0.06998913,-0.013277884,-0.1582064,-0.046510838,-0.18063182,0.11944814,-0.16782784,0.1242152,0.11655177,0.12736994,-0.19354,0.1415652,-0.13442397,-0.113560595,0.28788608,0.20177062,-0.13150355,0.018234953,0.114095226,-0.064774275,0.01832987,0.16240379,-0.008834017
15,6.7237864,1.2700272,-6.5382376,-1.8421005,-1.7676066,-3.1600995,1.6552563,0.09424102,0.73303163,-1.0261592,1.2816882,1.3952166,0.2255857,2.297511,1.2048287,6.31544,-1.0146881,0.20106974,-0.55621505,-0.35769358,-1.0707564,-0.98224235,0.8944626,0.08681753,0.10564539,0.43042284,0.9063021,1.0759957,-0.2877251,0.3556077,0.11680851,0.78574646,-0.0130500635,-0.53779584,-0.96639943,-0.5020138,0.53200674,0.0078002303,-0.32099515,0.15885702,0.05373736,-0.16927451,-0.16237353,-0.028150618,0.10422893,-0.84487253,-0.17188242,0.4832493,0.23118162,-0.35959616,0.2104081,-0.4239632,0.2349152,0.03484423,-0.2885728,0.023410153,-0.02703018,-0.04753117,0.1843712,0.27811915,-0.2979887,-0.18488383,-0.12588711,-0.04973006,-0.1027921,0.014348103,-0.13760959,-0.4975397,-0.3141036,-0.12678269,0.18244764,-0.21378118,0.019822452,0.18731958,-0.24019256,0.082946405,0.13455805,-0.5741343,-0.0119653335,-0.048106372,-0.124359235,-0.009205284,-0.25958043,-0.054840446,-0.18618025,0.053651027,-0.21928182,-0.19409055,-0.20708868,-0.04321784,-0.13992462,0.15446864,0.29126135,0.05759097,0.10437918,0.18895094,0.07052978,0.26832002,-0.1539043,0.2547313,-0.13135535,-0.14820953,0.26259005
16,-1.9649622,2.4706414,-1.6266334,-3.7390099,-0.031104859,1.0397775,0.29407522,1.4497886,-0.12691064,-0.25955063,-0.20182535,-0.010880227,-0.21697405,0.11390439,0.22908485,-1.0146881,5.531814,-0.5341626,-0.54941726,-1.2402894,-0.4839648,-0.5062048,0.02026012,-0.6997329,-0.68019867,0.21403176,-0.34449393,0.15248258,-0.13594662,-0.92920166,-0.03332525,-0.4614993,0.21654275,-0.14989439,0.2172277,0.8432706,-0.20791945,0.54243183,0.38354692,-0.5738025,-0.2263101,0.15931883,0.14474085,0.17438984,0.23366119,-0.13101262,0.020877322,-0.41788048,0.2894868,0.58335876,0.19872203,0.27534783,-0.3301304,-0.25134966,0.34703147,-0.28107715,0.33764136,-0.29378954,0.017259905,-0.48137644,0.6505993,0.08870426,-0.30216727,-0.53867435,-0.28160638,0.11869547,0.20961219,0.36399615,-0.16813076,-0.042246558,0.10534998,0.18399808,-0.38731176,0.13184565,0.31647247,-0.05743597,0.5603281,-0.22003783,0.13374615,0.042418096,-0.16982368,0.29739785,-0.057536036,0.055366296,0.021889072,0.023971975,0.15766926,-0.019126186,0.09526552,0.13600479,-0.056548834,0.07263814,-0.28276825,-0.12197071,0.100604475,-0.1548257,-0.07899237,0.023207493,0.025017854,-0.08475078,0.12131263,0.3031875,0.12831202
17,8.268442,1.1260792,5.293808,0.37653902,2.8965673,0.56651556,-1.3858292,-1.0430474,-0.036191005,1.6281083,0.54455894,0.08907226,0.4108522,1.023108,-0.08422345,0.20106974,-0.5341626,6.3907204,0.25650826,0.123998396,-0.15365666,-0.085821,-0.50397897,-0.2596681,1.2982625,-0.40344283,-0.019308303,0.09178044,-0.24735351,0.47688714,-0.10577297,-0.20289813,0.15099528,-0.014272178,-0.770422,-1.2126346,-0.5705886,-0.18936226,0.2968105,0.14688239,0.3128698,-0.5607574,-0.16973713,-0.11759198,0.41789347,0.39407855,-0.21036597,0.20189358,-0.07410529,-0.041099846,0.071285516,0.15547535,0.028161872,-0.3630498,-0.57438445,0.15457383,-0.25147003,-0.24551123,0.13816343,0.013621211,-0.29558063,0.11197446,-0.18469724,0.077072375,-0.07808245,0.22352651,0.030388214,0.13581792,0.054950036,0.015913265,-0.21668708,-0.3981334,-0.51186657,0.16517603,0.078215614,0.14886786,-0.085053526,-0.26547235,0.17325415,0.053560823,0.13568723,-0.2396445,0.087134466,0.14389232,0.10339013,-0.30709994,-0.23168823,-0.35637861,-0.25080568,0.13799833,-0.14429887,0.08556667,-0.2874648,-0.16652939,-0.20843303,0.05914266,0.25475302,0.19485073,0.09887564,-0.1644789,0.16700625,0.18347575,-0.06785366
18,-2.6129203,0.018732201,-0.16128552,2.2796533,1.1913564,1.1328211,-0.81615543,-0.36620986,-0.80480933,-0.20312703,1.0963011,0.026523883,-0.5269894,-0.15749162,-0.8473723,-0.55621505,-0.54941726,0.25650826,3.4617891,-0.075841814,-0.23272082,-0.56955326,0.28758407,-0.9951148,-0.008690335,-0.5739631,-0.12226628,-0.9930012,0.9276787,0.071363725,0.79994154,-0.06705706,0.20760995,0.37805772,0.18076438,0.27940872,0.71499085,-0.07790409,-0.50657433,-0.08586597,-0.12809402,0.43431753,-0.06560843,0.029544476,-0.36577743,-0.45053953,0.02101912,0.14473543,-0.21875966,-0.12612353,0.34268555,0.19458106,0.24136838,0.10151856,-0.06540922,0.07997589,-0.21477968,0.13747808,-0.21283063,0.15812765,-0.1593332,-0.046548508,-0.04594318,-0.03330061,-0.024365434,0.34771302,-0.20429635,0.13424233,0.09309535,-0.14059108,0.06456754,0.22668393,0.27788514,0.20376617,0.057939105,-0.09616698,-0.24041808,-0.37998068,0.27996007,0.009557676,0.06895432,-0.12291941,-0.1044109,-0.09087071,0.055042014,-0.11269833,-0.048969157,0.097199485,-0.17717564,-0.16212296,-0.004223588,-0.20641363,0.0038550934,-0.04713232,0.19967489,-0.07427506,-0.05430194,-0.15586872,0.016731594,-0.031630836,0.01797092,0.1724774,0.036888152
19,-1.6761986,-8.777107,-0.6675737,0.80505466,2.0810616,-0.9924081,-0.8334081,0.7970984,-0.09215599,-0.06914434,-1.1219345,0.037008308,1.4282112,-0.048528533,-0.17458004,-0.35769358,-1.2402894,0.123998396,-0.075841814,4.480308,0.18176258,0.17648456,-0.00968959,1.5497746,1.0426285,-0.18870312,0.9578418,-0.9463485,0.40361375,0.21744427,-0.1603586,-0.21787424,0.4165442,0.047657475,-0.12143022,-0.5782833,-0.17919518,0.57009554,-0.4311309,-0.2224873,0.20964727,0.36870176,0.60814166,0.5243857,0.5204157,-0.056184396,0.3393884,0.47767207,0.17634904,0.10803452,-0.121580265,0.24839675,-0.44893625,-0.071937025,0.31311882,-0.24329951,-0.059277304,-0.10592061,0.11331639,-0.09434885,-0.05433974,0.013098324,0.02945662,0.3926646,0.4872306,-0.14887986,-0.32331187,0.1328943,-0.20546745,-0.058650136,-0.30316362,0.08244963,0.0491878,-0.164415,-0.42749593,-0.14419979,-0.08697468,0.13994235,-0.038469948,0.274386,0.18089056,0.09646574,-0.24943179,0.12003607,0.06182678,-0.007634728,-0.18941388,-0.05045791,0.06631148,0.04093495,-0.09372696,0.062420085,0.15324277,-0.21285078,-0.022535525,-0.08118428,-0.05597713,0.15467197,-0.0044847387,0.062501155,-0.06016314,-0.08721815,-0.28757668
20,2.55752,-3.7533534,1.0195166,-0.7638354,-1.104483,-1.8577197,1.8035045,-0.84721124,-0.23776262,0.45399025,0.4655743,-0.4335838,1.2394911,-0.42015502,0.32146388,-1.0707564,-0.4839648,-0.15365666,-0.23272082,0.18176258,4.6416492,-0.40804273,-1.0067024,0.14296381,0.864899,0.30601478,-0.65735275,-0.48961702,-0.15366244,-0.32694545,0.30622217,0.25129077,-0.672011,-0.08455575,0.29608065,0.5495617,-0.8621098,-0.29322413,0.26142725,0.14290522,0.2705609,-0.14134982,0.93436456,0.19347978,0.30989307,0.29853266,0.18790638,-0.5405472,0.054568596,-0.039732188,-0.011761002,-0.1197086,-0.020842917,0.24701533,0.2885748,-0.008045632,0.3547982,0.06318852,0.3111605,-0.17352086,-0.31426135,-0.029055974,0.030921036,0.19230503,0.32507744,0.19524994,0.027393332,-0.0311779,0.4726319,-0.07428115,-0.049027935,0.28230828,0.13447875,-0.088477254,-0.0063672476,0.0008467093,-0.23408872,-0.105005175,0.035805374,0.20183547,-0.15718505,-0.38426602,0.06063114,0.01998136,0.22845069,-0.010106042,0.08284277,0.16221267,0.2154135,-0.14796211,0.18714073,0.15612929,-0.07320669,0.14104837,0.17158489,-0.25023577,0.021606844,-0.27212787,-0.10628007,0.010261569,0.16355142,0.07135898,-0.048957907
21,3.5731635,3.4542685,-2.145827,2.6152778,1.2936612,3.5718753,-0.8541662,-0.029558979,-0.3412448,0.41638798,-0.9526839,-0.49186546,-0.38999814,0.7683361,1.3196906,-0.98224235,-0.5062048,-0.085821,-0.56955326,0.17648456,-0.40804273,4.005312,-0.4278568,0.3108536,0.13246506,0.5584816,-0.22008938,0.026904691,0.3491621,-0.07654415,-0.9164643,-0.25613624,0.23168515,0.59672093,-0.08192441,-0.5913707,-0.7223054,-0.22677127,-0.37177774,0.5758754,0.0073884777,-0.13508773,-0.33900607,0.10610542,-0.5193014,0.837297,0.2141624,0.008817891,0.07400728,0.13507277,0.038800173,0.34076792,-0.23678751,0.49003673,0.28933936,-0.13642186,-0.13180706,0.32459617,0.1415543,0.033815816,-0.04097713,0.3521905,0.32691303,0.1823042,-0.18245503,-0.20882873,-0.07357643,0.108439654,0.1831689,-0.011351941,-0.22088023,-0.18576953,0.13205504,-0.43850243,0.101050764,-0.18472028,-0.21679932,-0.014268182,-0.17481181,0.09550528,-0.03476374,0.16533554,0.048955183,0.06362474,0.014462102,0.30319136,0.11513887,0.02411896,-0.07553694,-0.1520267,0.04051341,0.073195755,0.1359164,0.043185517,-0.057805955,0.04137253,-0.09763827,0.030453857,-0.0026921795,0.0016571016,0.049073078,-0.0656095,0.04686064
22,0.4096544,5.0216417,0.5045694,1.3674581,0.51338655,0.17593908,-1.8827814,0.6836883,-0.3197658,-1.2288251,-0.05899623,0.10367446,0.22517501,0.7298299,0.39345884,0.8944626,0.02026012,-0.50397897,0.28758407,-0.00968959,-1.0067024,-0.4278568,4.4226985,-1.0456094,0.40102974,0.447947,-0.17161496,0.15973069,0.075098746,0.055372648,-1.0443132,0.27411819,-0.4341178,1.3656659,-0.63483673,0.038876716,0.5882865,-0.40418336,0.045556754,-0.11454372,0.099495225,0.5626476,-0.38856626,0.6646453,-0.123588264,-0.31143087,-0.25340682,0.31644392,0.44187117,-0.009080252,0.18816873,0.33815163,-0.11502236,0.041461706,-0.0669651,-0.015168257,-0.029234663,-0.15506662,-0.15951404,0.21047969,-0.2827484,-0.38090706,-0.17102315,-0.2941694,0.04972113,-0.12926859,-0.19686128,0.011034039,-0.21079704,0.097901836,0.17114748,-0.3523878,-0.2752151,0.15503886,-0.026641129,-0.0076002623,0.005553458,0.27876544,0.1388517,-0.22589046,0.029335322,-0.17833658,-0.24206144,-0.071173325,0.05378995,0.10525103,0.004528228,0.1345315,0.36657804,-0.10625659,0.040229082,-0.06713329,-0.09473589,0.018146235,0.0135023985,-0.10427567,0.07211636,-0.19124499,0.02944289,0.09549018,-0.20332119,0.06533924,0.025988847
23,-3.272429,-2.3977456,3.7414598,-1.974668,0.71495026,-0.9282058,1.0267382,1.3218307,-0.5854871,-0.2281455,0.9927339,-0.8925955,-0.39607483,1.1911614,0.11403552,0.08681753,-0.6997329,-0.2596681,-0.9951148,1.5497746,0.14296381,0.3108536,-1.0456094,4.830031,-0.6979234,0.72230864,-0.8559989,0.092737556,-0.1431312,-0.46457303,0.3909585,-0.26150668,0.30260313,-0.48275617,-0.15519343,-0.8357378,0.60769546,0.29364038,0.62852526,0.04051783,-0.10234752,0.39516732,0.6656298,-0.18617588,0.6556842,0.32181215,0.27907977,0.20638317,-0.4065734,-0.034053415,0.016718447,0.19057094,-0.08949325,0.1917819,0.41890526,-0.014853537,-0.31299555,-0.19734573,0.13819587,0.011268082,-0.0002466092,-0.22047448,0.034928218,0.17460214,0.0011663154,-0.122595355,0.26575804,0.001661181,-0.10711388,-0.13157585,0.040049627,-0.06956482,0.07700453,-0.20143838,-0.33574942,-0.18559453,0.11163192,-0.054657593,-0.09493383,0.07736934,0.03529757,-0.08267294,0.11349854,-0.13478196,0.0052563613,0.088731885,-0.15318146,0.004664398,-0.099050984,0.09768568,-0.120989285,-0.02047072,0.102081195,0.1587426,-0.089658484,0.13287339,-0.015463157,0.078567944,0.031620897,0.08364278,0.013178935,-0.14714007,0.033101074
24,-0.52977574,3.100081,-2.017258,-0.053031795,0.21054628,0.98481035,0.38137996,0.4071961,-0.43688634,-0.27499926,-1.0392877,0.7515756,1.9350896,0.23698342,-0.37131506,0.10564539,-0.68019867,1.2982625,-0.008690335,1.0426285,0.864899,0.13246506,0.40102974,-0.6979234,2.9460485,0.34763348,0.50380063,-0.37377587,0.24921232,-0.17094427,-0.05091481,-0.19312456,-0.09461762,0.463813,-0.24077785,0.41911638,-0.6728995,0.17491966,0.039907895,-0.30602872,0.56575227,0.113681644,0.18731275,-0.22741586,0.16233382,0.27241176,-0.38121617,-0.25394776,0.20595536,0.1742313,-0.057683468,0.081467524,-0.033118896,-0.0363866,-0.16808552,-0.19430399,0.41618055,-0.17476225,0.18732964,0.19687963,-0.087683626,0.0390053,-0.057927646,0.47986495,0.20246412,0.117511064,-0.1421493,0.11808497,-0.28983673,0.14068484,-0.05278349,-0.018034969,-0.048785686,-0.11102546,-0.043582156,0.31957078,-0.1345267,-0.014542228,0.02882477,0.08260369,-0.14971045,-0.037037216,0.001765367,0.075803146,0.115791604,-0.114237905,-0.058909465,-0.03395518,0.15256493,0.072108805,-0.10786387,0.09021151,0.027557809,0.05160407,-0.115383,-0.071688496,-0.009277489,0.0316926,-0.056374624,-0.063641354,0.091389194,-0.028014258,-0.12428012
25,1.4669578,-1.8439065,1.4399827,4.1672273,-0.19420251,0.3907802,0.36197335,0.30944657,-0.8221059,-0.39464208,0.0010124154,0.83572704,0.37254226,0.7699599,-0.24103191,0.43042284,0.21403176,-0.40344283,-0.5739631,-0.18870312,0.30601478,0.5584816,0.447947,0.72230864,0.34763348,2.8324466,-0.22980288,0.51400614,0.2596878,-0.44346863,-0.36909947,0.004732659,0.18666217,-0.021215148,-0.13912891,0.4148357,-0.3730126,0.07554119,-0.06448184,-0.18675523,0.4192698,0.11302757,0.3284617,-0.005568369,-0.23773815,-0.23118289,0.07860194,-0.16781697,0.7071563,0.14622521,-0.044144675,0.42729947,0.081347205,0.19846043,0.254843,0.16044632,0.044686288,-0.050594226,0.17050615,-0.23645702,-0.17643908,-0.4621034,-0.069413565,0.26822397,-0.13713217,0.1807363,-0.07140149,0.010566374,-0.24017915,0.25860897,0.07714418,-0.05049993,0.16923514,0.08056411,0.098450914,0.10793188,0.09342627,-0.051736638,-0.09445639,0.017604385,-0.017431213,-0.21016474,0.051551536,0.004629976,-0.14628701,0.13139084,0.038946252,0.10055973,0.18839648,-0.00029923348,0.1137378,-0.078384414,0.117838666,0.07268354,-0.021382138,0.062138744,0.01460944,-0.020204697,-0.019184936,0.10618705,-0.018894969,-0.025744185,-0.044501945
26,-0.4671808,-5.905284,-0.898309,-1.7406886,-2.0935483,-0.4923343,-0.29850036,-0.15529194,0.63185334,0.16789833,-1.1696229,1.345546,0.20334488,0.8862268,0.22243433,0.9063021,-0.34449393,-0.019308303,-0.12226628,0.9578418,-0.65735275,-0.22008938,-0.17161496,-0.8559989,0.50380063,-0.22980288,3.3029795,0.2743755,-0.26049972,0.68607366,0.16102633,-0.13577396,-0.048948817,-0.15663974,-0.030315872,0.31129956,-0.15734932,0.31422555,-0.79238355,0.24147657,-0.20952265,-0.32374653,-0.19473207,0.21598911,-0.009402374,0.09980194,-0.069348775,-0.21695915,0.17087838,0.05115752,0.27321658,-0.25000212,-0.017655056,-0.23345631,-0.06267236,0.16351366,0.22308996,0.15652837,-0.16392758,0.019335834,-0.10867806,-0.20936307,0.088091105,-0.11107187,-0.05180438,0.14405614,0.06937662,0.08719974,0.041729696,-0.167858,0.19354631,-0.038847797,0.03490692,-0.1037925,0.00019498455,-0.023025852,-0.039739408,0.047871597,-0.15365243,0.115786895,0.022026055,0.14076814,-0.14972334,-0.14971396,-0.23503017,-0.019538809,-0.084444165,0.11243742,0.007298451,0.08516052,-0.03125942,-0.124989584,0.17651741,-0.29642823,-0.07356268,-0.101657234,-0.12686288,0.34960717,-0.016901704,0.08901796,-0.12733589,0.035448402,-0.15908614
27,-0.29764473,-2.50949,-1.2005143,0.3016608,-0.9249711,-1.7875681,0.9184406,-0.8215096,0.24980928,0.96282506,-0.06926808,0.19974789,-0.11001575,0.41717207,0.07344305,1.0759957,0.15248258,0.09178044,-0.9930012,-0.9463485,-0.48961702,0.026904691,0.15973069,0.092737556,-0.37377587,0.51400614,0.2743755,2.4867127,-0.55647004,0.11825912,-0.378561,-0.3342275,-0.3618448,-0.29794264,-0.42819342,-0.3317095,-0.11338453,-0.26350188,0.43267813,-0.18299755,-0.054781295,-0.26940048,0.10678278,0.23613366,-0.16839337,0.11683397,0.20651418,0.0846311,0.08845493,-0.24449152,-0.20962809,-0.36040017,0.025258278,0.018287247,0.13041498,0.24320185,0.027637336,0.0577043,-0.24051863,-0.13835868,-0.10783023,-0.038919874,-0.18035349,0.15225211,-0.40036613,-0.12426224,0.15552914,-0.12318697,0.09782311,0.01661219,0.10336673,-0.32519656,-0.09337942,-0.062064424,0.05426649,0.2759955,0.26814586,-0.027484637,0.035373397,-0.2323559,-0.26378062,-0.11863874,0.094219506,0.10887195,-0.1026678,0.05428665,0.0487016,0.07344791,0.054445326,0.012076156,-0.01860164,-0.08918446,0.04232087,-0.004716965,0.17436069,0.056791555,0.18637832,0.12503827,-0.04211811,0.04129247,0.09560177,0.04990162,0.048430573
28,2.3325012,1.5060799,-2.8712933,1.8254371,1.4155009,0.40350407,0.20568264,-0.04357651,-0.47843575,-0.56520164,-0.66897523,-0.039859407,1.3972285,-0.45121598,0.7237222,-0.2877251,-0.13594662,-0.24735351,0.9276787,0.40361375,-0.15366244,0.3491621,0.075098746,-0.1431312,0.24921232,0.2596878,-0.26049972,-0.55647004,3.4135885,-0.33464473,-0.15347472,-0.071108654,0.26577008,0.24996537,0.4404761,0.38894272,-0.10268813,0.14237241,-0.033950288,-0.0133879315,-0.308316,-0.061975285,-0.07704053,-0.08653806,-0.43827957,-0.14436187,0.24015331,-0.31040663,-0.09543984,-0.7416314,0.41888326,0.026031766,0.35809734,0.1453487,-0.22064707,-0.14607072,0.009261249,-0.20986852,-0.33542383,-0.3379214,-0.09996842,-0.083161816,-0.029610656,-0.07611503,0.31598186,0.06710375,-0.03057931,0.1440657,-0.101756305,-0.003951863,-0.1518797,-0.18418647,0.19905555,0.12991685,-0.24666052,0.39650834,-0.24959356,-0.23113054,-0.011196617,0.17936376,0.063253716,-0.091465265,0.13648728,-0.12499888,-0.04683353,-0.1234656,-0.0175951,-0.16640179,-0.056417674,0.18865032,0.10474728,0.15627408,0.12357825,0.18554056,-0.022501577,-0.061315782,0.06944287,-0.0067931386,-0.09036422,0.11982952,-0.08807214,0.086683884,-0.04055106
29,-0.1211611,-3.145143,0.4892411,-0.23049542,1.7737381,-0.17506003,-0.5853478,-0.52292454,0.38511062,0.7042788,0.29224998,0.024719238,-0.30191654,0.03779249,0.9176589,0.3556077,-0.92920166,0.47688714,0.071363725,0.21744427,-0.32694545,-0.07654415,0.055372648,-0.46457303,-0.17094427,-0.44346863,0.68607366,0.11825912,-0.33464473,2.1844842,-0.21529406,-0.40307933,-0.13749292,0.3485261,-0.17128378,-0.27370596,0.08057582,0.10880609,-0.23094444,0.033350963,-0.15231922,-0.32497978,-0.09208721,-0.042760346,-0.10603503,-0.1696704,-0.10887887,0.08123374,-0.30277503,-0.073557466,0.23045594,-0.27696204,-0.057583235,-0.20138147,-0.27984852,0.08913733,0.044529356,0.2866059,-0.22661456,0.01625078,-0.17368928,0.028855711,-0.11742124,-0.16680154,0.056014366,-0.11693965,-0.09542175,-0.15043382,0.113737255,-0.025016177,0.18203333,0.09707533,0.054962527,0.13899079,-0.061606035,-0.22589979,-0.06569499,0.052658014,-0.17021966,-0.16407922,0.14239213,-0.07806626,0.013191087,0.030900463,-0.097423255,-0.04990408,-0.057943016,-0.10828323,0.08212255,-0.1847556,-0.15152028,-0.06501979,0.13639155,-0.09328577,0.12192437,0.0010171063,0.017665554,0.10287126,0.09897445,-0.043352604,0.04173206,-0.08824948,-0.19785884
30,-2.164188,0.5817707,-1.0780001,-0.31071696,-1.245479,-0.35529658,0.49046856,1.0437671,-0.77765906,0.15460072,0.24368945,1.5788565,0.7849941,-0.29348677,-0.4447154,0.11680851,-0.03332525,-0.10577297,0.79994154,-0.1603586,0.30622217,-0.9164643,-1.0443132,0.3909585,-0.05091481,-0.36909947,0.16102633,-0.378561,-0.15347472,-0.21529406,2.9108582,0.59039736,0.4750666,-0.030904707,-0.2967021,0.2956379,0.12876968,0.084603876,-0.18232514,0.04865241,-0.17821467,0.6581792,-0.11137287,-0.39252988,0.61448956,-0.19596162,0.3344025,0.012758447,-0.27057663,-0.40964612,-0.3455383,-0.547654,0.2370596,-0.21281618,0.28863078,0.2902791,-0.24550153,0.056523398,0.029783007,0.28583494,0.12777317,0.1763626,0.19987124,-0.081685856,0.07907826,0.46554366,0.08699994,0.16560525,-0.13349792,-0.039538577,-0.070757106,0.12408293,-0.06540497,0.05548543,0.09652604,0.13392778,0.08806618,0.020797802,0.2005004,-0.025201201,-0.07971894,0.1465421,0.10837517,-0.047200635,0.19916318,0.024388596,-0.04414993,0.05486685,-0.17523983,-0.05071576,-0.2418461,-0.10566223,0.013548663,0.03916473,0.10325937,0.03730993,-0.124017045,-0.019062534,-0.08198686,0.05102301,0.069555074,-0.058064714,0.052524973
31,1.7085667,-1.3739476,-0.6845063,1.541022,-1.8044848,-2.5035877,-0.6389275,-0.5876921,0.09528634,-0.62256116,0.0050767604,1.2175677,0.44310427,0.15925184,1.0462253,0.78574646,-0.4614993,-0.20289813,-0.06705706,-0.21787424,0.25129077,-0.25613624,0.27411819,-0.26150668,-0.19312456,0.004732659,-0.13577396,-0.3342275,-0.071108654,-0.40307933,0.59039736,2.410158,0.14651355,-0.17064132,-0.00012076134,0.34252426,0.42080122,-0.33348516,0.06134104,0.34852284,-0.041309662,0.020924892,-0.25831947,0.05492211,0.20409685,0.18961236,-0.1546272,-0.17408833,0.3688877,-0.22765401,-0.1601364,-0.3408841,0.052751146,0.34690362,0.2839169,-0.2369285,-0.4011735,-0.049657956,0.15902665,0.044215046,-0.033178665,0.05683769,0.2560925,-0.096581414,0.077259354,0.20158082,0.05263764,-0.054027006,-0.043933958,0.08759988,-0.16610813,-0.066735566,-0.14940767,-0.004036193,-0.302805,-0.0304381,0.08257755,0.038443595,-0.13858265,0.062123552,0.110425845,0.0033773077,0.14970644,-0.14170575,-0.049289964,-0.0483391,-0.11023924,0.12365678,0.032121006,-0.044029415,-0.11278488,-0.07264541,-0.09280445,0.07262462,-0.10220916,0.100951485,-0.0021017357,-0.079478525,-0.16627064,-0.106810324,0.04576,-0.014734135,0.032756317
32,-0.013271801,1.7536232,-0.8888461,2.3226979,-0.41537338,0.8407762,-0.98891115,0.7167968,0.44804674,-0.25052825,-0.4312129,0.53738844,0.6703702,-0.6589838,-0.5536221,-0.0130500635,0.21654275,0.15099528,0.20760995,0.4165442,-0.672011,0.23168515,-0.4341178,0.30260313,-0.09461762,0.18666217,-0.048948817,-0.3618448,0.26577008,-0.13749292,0.4750666,0.14651355,2.154123,-0.43091458,0.13165793,-0.00018004485,-0.22845277,0.32046735,0.26338482,0.28149742,-0.47797868,0.6449319,-0.03441464,-0.3636232,0.18439361,-0.26762685,-0.048613198,0.037624985,0.18751258,-0.052481197,0.116428286,0.3653563,-0.12686235,-0.18353204,-0.08856298,-0.05362256,-0.26174366,0.3044623,0.20109552,0.15709041,-0.18272436,-0.16796789,0.12626168,0.07272586,-0.04756885,0.1168575,-0.13694827,0.015074074,-0.013738353,0.079526335,-0.11633776,-0.06467171,-0.06946728,-0.061682574,-0.005875041,0.00554601,0.13272141,0.029355463,0.21130507,0.019868437,0.07613973,0.039799303,0.08351196,-0.122465536,-0.10819161,-0.046118505,0.0024614602,-0.049196355,0.14768201,0.09114337,-0.21183348,-0.06428182,0.16986632,-0.09723832,-0.021784807,0.13922158,-0.10989532,0.16952792,0.010245368,0.0074131787,0.03995677,0.11801627,0.09981546
33,0.06610547,4.1594486,2.0032406,-0.18746868,0.99048656,2.1866205,-0.67662156,0.8938675,-0.25339448,-0.80058753,-0.3025025,0.8235327,0.577366,-0.21805626,0.3360442,-0.53779584,-0.14989439,-0.014272178,0.37805772,0.047657475,-0.08455575,0.59672093,1.3656659,-0.48275617,0.463813,-0.021215148,-0.15663974,-0.29794264,0.24996537,0.3485261,-0.030904707,-0.17064132,-0.43091458,2.2092633,0.14147672,0.058531396,0.46111703,-0.12599269,0.2584983,-0.105242155,0.08566132,0.27880263,-0.31761867,0.33193737,-0.01213452,0.08242786,-0.12966989,-0.0939243,-0.102624506,-0.31886527,0.27906972,-0.076265156,-0.11859806,0.1847207,-0.13399108,0.05807568,0.2467291,0.03833431,0.12866592,0.036988012,-0.14903903,0.12116884,0.052307524,-0.028087068,0.08531282,-0.23582804,-0.24353959,0.19685806,0.018448194,-0.13815841,0.10025192,-0.044000696,-0.14389008,0.08877712,0.15266612,-0.019402474,-0.07616861,-0.012163876,0.039283313,-0.049916185,0.0899723,-0.029843487,-0.1863917,0.17321464,0.13087767,0.16043888,-0.015776746,0.019477945,0.061742272,-0.2334863,0.08798692,0.10342699,0.0063604433,-0.049159583,0.069892004,0.061339024,-0.09240392,-0.051835448,0.043984238,0.07124866,-0.108460635,-0.060288098,-0.041564226
