,0,1,2,3,4,5,6,7,8,9,10,11,12,13,14,15,16,17,18,19,20,21,22,23,24,25,26,27,28,29,30,31,32,33,34,35,36,37,38,39,40,41,42,43,44,45,46,47,48,49,50,51,52,53,54,55,56,57,58,59,60,61,62,63,64
0,45.446247,-21.499577,-27.361103,-4.708528,-10.276476,-13.33448,11.226059,-0.08757861,4.2475038,-3.497867,-7.8006234,0.120920755,6.6878734,-1.2018436,0.7522123,-3.497425,0.2964609,3.7103155,2.1749785,0.03700874,0.3575651,-0.29944533,-2.121902,-4.107887,-0.76782846,-2.6671584,-0.37345272,-1.3934568,2.0884457,-1.649668,1.5017116,-1.4954545,-1.9708431,0.88194823,-1.1511171,0.9117056,1.7203026,1.4038426,-1.1512954,-0.026418813,-0.8732848,-0.77378404,1.905416,0.21467155,0.025735281,0.68397903,-0.4006073,1.1180606,-0.7928106,0.09265538,0.40150526,-0.4278276,0.35323957,-0.53233194,0.41463807,-0.8915118,-0.119170725,-0.6254629,0.034018353,-0.22842956,0.50068796,-0.014413654,0.37489772,0.3521719,-0.22152181
1,-21.499577,38.61416,33.387978,9.271627,-2.227406,10.12056,-8.46053,0.5836923,-6.0935307,-0.42288208,8.232687,-2.504015,0.19762895,-1.3975198,-2.6193068,-5.902368,2.7151532,2.3147535,5.210661,1.0774648,3.6037157,1.3776954,3.6437469,0.23716229,1.7837932,2.5659442,1.8592061,0.59289736,0.6137613,-0.12557715,0.3645696,-0.66226757,0.4307111,-0.5770652,0.58497,0.8631319,-0.43418875,0.21494603,0.19409552,1.5866743,0.0483173,-0.2143232,-2.1246552,-0.23759009,0.58085954,0.530879,-0.18918456,-0.043922074,0.37616926,0.050906405,-0.24466696,-0.017237391,-0.55103207,0.15155202,-0.041531093,-0.36974296,-0.19679603,0.539046,0.3621941,0.34765065,0.34436935,-0.30903167,-0.14069308,0.1371134,-0.059180517
2,-27.361103,33.387978,111.36603,-0.4558583,-0.12572369,-10.742313,2.3080742,-2.6586502,-1.7490253,-5.590761,-0.9298048,-2.5673962,-0.7460533,-2.2803612,-0.42568398,-5.5622716,-4.858225,-0.44082606,1.1769805,0.74562645,-0.9876044,-2.8846064,1.1061001,0.04255827,-1.6673045,-1.6065264,0.1105228,-1.3248534,-1.8007572,0.36684647,-0.08279897,-1.5118597,0.3564985,-0.19197783,-1.2871852,-0.9813365,-0.56822234,0.59544945,-0.1403494,1.0871266,1.7131555,0.18080533,-0.28803074,-0.47416073,-0.707626,0.43950862,0.9042705,-0.5968355,0.01649604,0.3516153,-0.31390774,-0.10546267,0.44724858,-0.13067064,-0.4595369,0.53790814,-0.30537564,0.53527725,-0.21289092,-0.022753319,0.2166418,-0.23261297,-0.5906762,0.8339218,-0.5060549
3,-4.708528,9.271627,-0.4558583,79.02106,1.5676225,4.367332,-3.507286,5.033646,9.682682,-0.021670297,-3.0535145,1.15853,-2.4718318,-3.705893,2.1096373,0.0033233315,2.2986064,1.1177512,-0.82790536,2.898148,3.4688518,-3.3953588,-1.1525424,-1.2573984,2.8785503,1.4493778,-0.78732973,0.96867687,0.10767419,-1.6063409,0.39859205,-1.7512816,0.2369129,1.1473119,-0.72648084,-0.99249405,-0.4483863,0.56364775,1.2628014,-0.7964068,0.18432535,-0.2835365,-0.8527968,-0.3915786,1.7822481,0.4357118,-0.5838953,-0.7880365,-0.64265645,-0.14289597,0.74275017,0.8628098,-0.10971635,-0.5356799,0.7817789,-0.5386317,-0.3915407,-0.32370985,-0.24675718,0.121650346,-0.7466721,0.1289025,-0.44435945,0.07617387,-0.1136201
4,-10.276476,-2.227406,-0.12572369,1.5676225,50.403618,-1.5138407,4.9977345,-3.761927,-8.34382,2.7139304,-5.3091345,7.2066793,-3.2394147,0.5075108,-3.7219467,-0.31510913,-2.382569,-0.95900583,-1.6047589,0.7359266,3.0803888,2.793089,-0.44780946,1.778378,2.4677079,-0.67288935,0.6089731,0.32742387,-0.08694133,1.501536,-0.5578321,-1.0582794,0.67271215,0.52397174,1.0184088,-1.0378126,-0.15841751,-1.0511369,-0.37230372,-0.72089374,0.8467301,-1.2291582,-1.5547819,-0.7358922,0.29709667,-0.6476544,0.2764772,-0.046978466,-0.49147063,0.042897105,0.4114319,0.3378157,-0.29969653,-0.06550335,-0.050152257,-0.06554746,0.28632462,0.45102328,-0.04915288,-0.09106554,-0.1497674,-0.3613987,-0.0155083835,-0.26450673,0.1076826
5,-13.33448,10.12056,-10.742313,4.367332,-1.5138407,56.87581,3.850862,-0.86004937,-2.0001552,0.12210576,0.6671251,-0.25336513,-0.18157727,7.464257,-0.6888124,-0.8638343,-2.2234619,-3.4294562,1.2331909,0.56613386,-0.2777557,0.2546718,0.8979482,0.18994467,-1.522394,-1.2436454,2.1713185,1.0167258,-0.115511,1.0491266,1.2157862,-0.45055562,0.08457534,-0.26175916,-0.49392292,-0.26058877,0.21024582,-0.67219985,-0.2337288,0.34781352,-0.30121225,0.25044078,-0.09554394,-0.10273216,-0.21909139,0.4605476,0.2693378,0.120545186,0.4070825,0.38358808,-0.14795864,-0.49937195,-0.03808008,-0.34025595,-0.13514112,-0.13108206,0.052737255,0.17358513,-0.110658675,0.16288853,-0.09410872,-0.029048204,-0.16967952,0.039444834,-0.2960102
6,11.226059,-8.46053,2.3080742,-3.507286,4.9977345,3.850862,42.487003,3.708099,-0.88720757,1.5282948,-1.1121817,-0.2871365,-0.307352,-2.0437927,-5.7494116,-0.27513486,-1.5706584,0.4335825,-0.27876383,0.41892925,-0.790784,-2.1034684,0.6555354,1.0183114,-0.5999411,-0.086707756,-2.4750848,-0.2906859,-1.1007106,-0.50585717,0.5581271,-0.39657593,-0.22150174,0.36206755,-0.3096727,0.59072804,-0.49727318,1.16306,0.55128527,-0.00052789925,-0.30406338,0.6600044,0.41885394,0.5168313,0.045555055,0.19146922,0.6977439,0.669083,0.07108318,0.36215132,0.621547,-0.31401157,0.5036664,0.18711355,0.42310935,-0.61577535,-0.5667834,0.28223693,-0.6384547,0.068721905,-0.5708631,-0.6712986,0.050583713,0.30376667,0.033539943
7,-0.08757861,0.5836923,-2.6586502,5.033646,-3.761927,-0.86004937,3.708099,34.28652,-2.7373652,1.6006463,-0.39077896,3.315095,-0.28971756,-0.018818121,-0.38989165,2.2709422,0.13748199,1.839339,0.605245,-0.28913024,0.7084087,1.2843364,0.62784517,-1.0929239,-1.4580326,1.2962179,0.51542056,-0.10014186,-0.9190763,0.6462343,-0.674251,-0.5314685,1.5234618,-0.34305075,-0.15795341,-0.15351558,0.40479147,-0.2658034,0.3010573,0.55552065,-0.39889616,0.4963833,-0.25041124,0.03815172,-0.3325682,-0.31311667,-0.22516264,-0.40202862,0.006607198,-0.121373475,-0.14510995,0.056903914,0.0362027,-0.34359753,-0.047686182,0.27506578,-0.114954874,0.017396042,-0.44212776,-0.2474876,0.7256974,0.34465888,-0.0074889506,0.027563505,-0.017108008
8,4.2475038,-6.0935307,-1.7490253,9.682682,-8.34382,-2.0001552,-0.88720757,-2.7373652,27.047665,0.3925519,-1.3228552,-1.0873728,-0.7045507,0.3934309,-1.8701121,1.1208858,-3.4025812,-1.4180186,1.0263816,-0.47802168,1.328512,0.10672775,0.5988008,2.071856,0.18771553,-1.0526206,-0.9776835,-0.015698861,0.14116362,1.1630634,-0.10068437,0.74772,0.22886994,-1.3781134,-0.16664913,0.22080734,-0.018135803,-0.64317876,0.041465994,-0.3017767,-0.21040058,-0.07548465,0.2808624,-0.72639585,-0.5329563,-0.121140584,0.3403366,-0.056550797,-0.51166177,0.46694827,0.24079695,-0.42312676,0.0020591698,-0.29821283,0.029414305,0.34692603,-0.2388061,0.1029851,-0.14769478,0.3122522,0.2981005,-0.10420357,0.07082174,0.31985593,0.035077386
9,-3.497867,-0.42288208,-5.590761,-0.021670297,2.7139304,0.12210576,1.5282948,1.6006463,0.3925519,22.288748,3.5507054,-4.471283,-1.4561515,-1.1862503,3.0589466,-1.0077386,-1.6782424,-1.406417,1.0680374,-0.7642894,0.37361875,0.2735539,0.083857395,1.7115345,-1.2158053,-1.3557386,-1.026011,-1.4595556,-0.5935235,0.1950661,-0.41528258,0.13782252,0.75140214,0.50593853,0.62017137,-0.34516978,0.61064667,0.20894328,-0.5420159,0.8112414,-0.26827857,-0.359729,-0.94318116,0.85785717,0.49158898,-0.5547415,-0.34325212,0.5210021,-0.0174488,-0.34016836,0.47321105,0.5000583,-0.17234969,0.019371532,-0.12400022,0.45032322,0.17099184,-0.07827288,0.5322695,0.15457854,-0.013193116,0.060832463,-0.30742544,0.16348585,0.1461306
10,-7.8006234,8.232687,-0.9298048,-3.0535145,-5.3091345,0.6671251,-1.1121817,-0.39077896,-1.3228552,3.5507054,23.336126,1.7339431,-1.9664346,-1.5192349,-0.70632887,-1.8300877,2.7311912,-2.5420399,-0.90573347,1.1479516,0.5016221,0.07607955,0.3050503,0.54822344,1.2145467,0.6404923,-1.2472453,1.0901766,0.109580204,-0.037560623,-0.814478,-0.33772725,0.010481549,0.53166986,0.21791986,-0.157769,-0.25941193,0.5568392,-0.059117135,-0.6954101,-0.9372684,0.27288496,0.5322436,0.03652202,-0.31528318,0.06997875,-0.28796932,-0.038759183,-0.21323751,0.52816266,0.1808609,0.46759433,0.072372094,-0.049574785,-0.34410363,-0.059452016,-0.04208978,0.49801046,0.3255617,0.07828598,0.08571704,-0.08507481,0.30045122,0.014734004,0.26880634
11,0.120920755,-2.504015,-2.5673962,1.15853,7.2066793,-0.25336513,-0.2871365,3.315095,-1.0873728,-4.471283,1.7339431,18.244005,1.4316595,-2.2581716,0.4953078,1.6406739,-0.490838,-1.5357652,0.015198233,-0.55469465,-0.90540636,0.082745895,1.6743181,0.27216905,-0.45586342,-0.9272984,-0.016094923,0.25216222,0.20059815,-0.018539216,-0.3099234,-0.26627702,0.37819678,-0.19207159,0.24186249,0.044963386,-1.0590134,0.01462234,-0.28724074,-0.13294983,-0.56587327,-0.1065255,0.63908076,-0.52185,0.71524715,0.1347627,0.6743364,0.17236558,-0.070729494,0.06332369,0.0573131,-0.097220555,0.46586603,-0.3111516,0.12308867,0.06705092,0.28912282,-0.16458482,0.45892572,0.083361715,0.08801694,-0.16595632,0.613744,0.3045259,-0.030402862
12,6.6878734,0.19762895,-0.7460533,-2.4718318,-3.2394147,-0.18157727,-0.307352,-0.28971756,-0.7045507,-1.4561515,-1.9664346,1.4316595,19.651983,-0.22997454,2.362771,-1.8380067,-2.2362628,-1.6893466,0.501252,-0.025519256,-0.65103924,-0.72724026,0.7012345,0.16130896,1.8031675,0.7227005,0.19456,0.449516,-1.1272035,-0.42590606,1.0131166,-0.01754748,0.8162366,0.23337302,0.6440156,0.9264505,1.633748,-0.34942573,-0.14198123,-0.37701225,-0.36863482,0.03352949,-0.7938427,-0.20713912,0.1168016,-0.29978287,-0.2792371,-0.15861064,-0.068328686,-0.11184941,-0.035849538,0.028217424,0.19326435,-0.15279582,0.18953693,-0.26837438,0.19313468,0.19830322,0.039916784,-0.22346276,0.23954648,-0.12229097,-0.025207335,-0.030025266,0.2800666
13,-1.2018436,-1.3975198,-2.2803612,-3.705893,0.5075108,7.464257,-2.0437927,-0.018818121,0.3934309,-1.1862503,-1.5192349,-2.2581716,-0.22997454,15.852119,2.2017803,-0.3538763,-0.35259438,2.8786263,-0.3780076,-0.9525424,0.38799834,-0.4751674,0.55093515,-0.25227207,1.1212685,0.68428326,-1.1965669,-0.80707526,-0.07417072,-1.1919298,-1.0104196,0.45351675,-0.3349716,-0.09421259,0.18786517,-0.4358633,-0.70552695,0.2682997,0.08346546,-0.03553463,0.53252196,0.14797232,0.17096941,-0.1538096,0.3273428,-0.13215595,0.4289567,-0.20296663,-0.58784986,0.03204362,0.0319002,0.27739185,0.65561247,0.16782993,-0.092741996,0.11905813,-0.25662524,0.2617237,-0.06844629,-0.1687446,0.24774855,0.021393953,0.12853347,0.13679087,0.43109557
14,0.7522123,-2.6193068,-0.42568398,2.1096373,-3.7219467,-0.6888124,-5.7494116,-0.38989165,-1.8701121,3.0589466,-0.70632887,0.4953078,2.362771,2.2017803,11.030066,0.73894596,-1.1875247,-0.5914103,-0.4966119,0.41182923,0.2525023,1.6707702,-0.15998372,-0.17919269,-0.5526788,-0.9656203,-0.8527825,0.013577333,-0.6268717,-0.15352261,-0.16033891,-0.8844297,-0.27301612,0.33004493,-0.408934,0.48249936,-0.46560487,0.47254646,0.77843773,0.013046268,0.4222211,0.2666554,0.39722794,0.2672356,0.11192244,0.069605306,0.17077857,0.12866758,0.20022422,0.18244258,0.25182587,0.03878153,-0.0003989596,-0.10007033,0.0023540766,-0.085449785,0.21848348,-0.057726957,-0.19161691,0.18329917,-0.3894843,-0.26084805,-0.0825506,-0.33604705,-0.053914208
15,-3.497425,-5.902368,-5.5622716,0.0033233315,-0.31510913,-0.8638343,-0.27513486,2.2709422,1.1208858,-1.0077386,-1.8300877,1.6406739,-1.8380067,-0.3538763,0.73894596,13.518435,1.093297,-1.9574685,0.5772783,0.71557254,-0.4876905,-0.8445171,-0.5057827,1.0388188,0.74711037,0.3902953,-0.23094818,0.07262893,-0.6896946,-0.16859563,-0.060325883,-0.39593574,-0.7941659,0.05581655,0.086944364,0.17451395,-0.036082596,0.54596734,-0.3276051,0.2036818,0.45642522,0.052680943,-0.15625861,-0.026597958,-0.53953195,0.12253919,0.029908665,-0.16675521,0.078688964,0.25857466,-0.01944368,0.08091462,-0.32345194,0.18905339,-0.39040166,0.21818484,0.0036901478,0.2827542,0.30979764,-0.06175357,-0.0016324555,-0.106689945,-0.28897703,0.025306078,0.12819287
16,0.2964609,2.7151532,-4.858225,2.2986064,-2.382569,-2.2234619,-1.5706584,0.13748199,-3.4025812,-1.6782424,2.7311912,-0.490838,-2.2362628,-0.35259438,-1.1875247,1.093297,10.096757,0.77650887,1.6947508,-0.8507689,-0.16791329,-0.5653012,0.75154215,-1.1320547,1.2450367,-1.9746945,0.6561409,-0.29259223,-0.23896179,-0.44583848,0.5578371,1.10148,-0.06271908,-0.10993436,-0.023631964,0.2757326,0.102985814,-0.4414195,0.22612166,-0.17834696,-0.08926205,0.42390972,-0.31423885,-0.03995172,0.1302904,0.030235332,0.23701578,-0.11222344,-0.23055756,-0.05361701,0.04904928,0.18145545,0.14162485,-0.018120874,0.18071517,-0.38030434,0.2727961,-0.012456969,-0.19246206,0.119431466,-0.1286464,0.0027911891,-0.26853245,0.077312365,-0.03323001
17,3.7103155,2.3147535,-0.44082606,1.1177512,-0.95900583,-3.4294562,0.4335825,1.839339,-1.4180186,-1.406417,-2.5420399,-1.5357652,-1.6893466,2.8786263,-0.5914103,-1.9574685,0.77650887,11.769039,-0.0049020043,0.47703606,0.7932428,0.8452018,0.28567445,1.2467415,0.27383786,0.07806316,0.38453335,1.1413159,0.08856641,-0.07973466,-0.79616594,-0.21341714,0.09165782,0.110982694,-0.16108707,0.36171058,0.15440983,-0.114953354,-0.3579589,0.19626728,-0.42307857,0.090069875,0.3604461,-0.13735385,-0.08782968,0.015411642,-0.26326588,0.4485324,0.023735646,0.21312839,0.32123977,-0.0670101,0.2543292,-0.3299148,-0.19002154,-0.08316439,0.14260153,-0.030041587,0.17998055,-0.023932308,-0.029821418,-0.1402228,-0.04228767,-0.07484627,0.1737226
18,2.1749785,5.210661,1.1769805,-0.82790536,-1.6047589,1.2331909,-0.27876383,0.605245,1.0263816,1.0680374,-0.90573347,0.015198233,0.501252,-0.3780076,-0.4966119,0.5772783,1.6947508,-0.0049020043,13.28776,-0.16858159,-0.38985974,0.5257145,-0.27857548,0.20246395,-0.0067728213,0.4509838,0.18923862,-0.034678057,-0.11112311,0.07733278,-0.4986743,-0.5955039,-0.08830474,0.21497819,0.076357074,-0.23190624,0.15884289,0.13544154,-0.064439125,-0.09436595,0.217938,-0.4822241,0.008449683,-0.037121914,0.33527333,0.038235597,0.18772584,0.42425704,0.053293455,-0.09720674,-0.067708224,-0.1667822,0.2483362,0.28679132,-0.06553749,0.03138528,-0.022689927,0.05428136,-0.01708595,0.03584727,0.08628884,-0.22999161,0.016642634,-0.015943363,-0.10645101
19,0.03700874,1.0774648,0.74562645,2.898148,0.7359266,0.56613386,0.41892925,-0.28913024,-0.47802168,-0.7642894,1.1479516,-0.55469465,-0.025519256,-0.9525424,0.41182923,0.71557254,-0.8507689,0.47703606,-0.16858159,10.989007,-0.12884633,1.1922343,0.64839214,-0.31779623,0.83798295,0.2194719,-0.36410266,0.11722003,0.21727316,0.31842858,0.2488302,0.25743905,-0.45901757,-0.15053374,0.48507354,-0.24242198,0.88574225,0.40757573,-0.12689598,0.09048696,-0.36260292,0.15139535,0.4260081,0.29491746,0.4622786,0.1560902,0.19785391,-0.009788785,-0.28897476,-0.16370969,-0.40295056,-0.64833385,-0.019875068,0.08274022,-0.1272996,0.25128084,0.2689406,0.061651632,-0.085396186,-0.08998107,-0.32783234,0.21906513,-0.158652,0.058350835,0.1440946
20,0.3575651,3.6037157,-0.9876044,3.4688518,3.0803888,-0.2777557,-0.790784,0.7084087,1.328512,0.37361875,0.5016221,-0.90540636,-0.65103924,0.38799834,0.2525023,-0.4876905,-0.16791329,0.7932428,-0.38985974,-0.12884633,9.760059,-0.21730837,-0.5986999,-0.37397557,0.1379509,0.051617287,0.44879156,-0.84920406,-0.6617179,0.1280361,0.36008877,0.015189784,-0.074440256,0.5168027,0.65623385,0.8142874,0.020858286,-0.09404893,-0.61965835,-0.208947,0.07918832,-0.19381338,0.19489716,0.21247852,-0.34423834,-0.2515699,0.23267704,0.20801187,0.25368762,-0.2339536,-0.35705417,-0.027248293,-0.10287625,0.2202203,0.03642065,-0.24440083,0.06703207,0.0905993,0.03132675,0.1663833,0.115386486,-0.29952925,0.23548785,0.03314921,-0.04098112
21,-0.29944533,1.3776954,-2.8846064,-3.3953588,2.793089,0.2546718,-2.1034684,1.2843364,0.10672775,0.2735539,0.07607955,0.082745895,-0.72724026,-0.4751674,1.6707702,-0.8445171,-0.5653012,0.8452018,0.5257145,1.1922343,-0.21730837,7.06956,0.06154759,0.005750835,0.4652057,-0.118980795,-0.5461609,0.06722775,0.76894355,0.12360361,0.8513411,0.21569285,0.72925454,-0.49959713,-0.8809532,0.17014962,-0.3069787,0.17595206,0.4459305,0.27554047,-0.088186055,0.1242639,-0.5075332,-0.2427575,-0.53831506,0.03597653,0.03296813,-0.1653081,-0.06467316,0.1978654,0.033554148,-0.22511184,0.017066538,0.18016738,-0.05133131,-0.26140022,-0.010642489,-0.103382364,0.15129152,0.028331582,0.18319747,-0.1677087,0.063432276,-0.06453362,-0.188451
22,-2.121902,3.6437469,1.1061001,-1.1525424,-0.44780946,0.8979482,0.6555354,0.62784517,0.5988008,0.083857395,0.3050503,1.6743181,0.7012345,0.55093515,-0.15998372,-0.5057827,0.75154215,0.28567445,-0.27857548,0.64839214,-0.5986999,0.06154759,8.469542,0.75100315,0.6793016,0.43300015,-0.80953985,-1.1366405,0.24598263,-0.6041416,-0.101776056,0.20254797,-0.14735824,-0.3698787,-0.03063837,0.39029443,0.0378723,-0.411888,-0.20470324,-0.28985503,0.06406283,-0.39878374,0.1246757,0.114337035,0.005815009,0.0058174646,-0.23950186,0.17115174,-0.34033003,-0.14118242,-0.060525056,0.027590705,-0.30127835,-0.12634033,0.012862185,0.013906246,-0.08181265,-0.06348031,-0.18698978,0.30091473,0.2737171,-0.21277341,-0.018699804,-0.20063369,6.872349e-05
23,-4.107887,0.23716229,0.04255827,-1.2573984,1.778378,0.18994467,1.0183114,-1.0929239,2.071856,1.7115345,0.54822344,0.27216905,0.16130896,-0.25227207,-0.17919269,1.0388188,-1.1320547,1.2467415,0.20246395,-0.31779623,-0.37397557,0.005750835,0.75100315,6.832696,0.70893043,0.10142712,1.3687603,0.4770249,0.037930913,-0.07640256,-0.003286196,-0.019316724,0.3310712,0.57014155,-0.18106964,0.12585011,-0.36195973,0.12698174,0.22049797,0.12015952,-0.3279872,0.057761263,0.20434773,-0.10527785,0.026326302,0.034873486,0.038831722,-0.14693148,0.103245035,-0.09624618,-0.15633817,0.16417035,0.15484363,0.16677812,0.17072642,0.045924336,0.3375079,-0.06404196,-0.1343396,-0.021663684,0.07281468,0.14811085,-0.2650023,0.05073195,-0.085430816
24,-0.76782846,1.7837932,-1.6673045,2.8785503,2.4677079,-1.522394,-0.5999411,-1.4580326,0.18771553,-1.2158053,1.2145467,-0.45586342,1.8031675,1.1212685,-0.5526788,0.74711037,1.2450367,0.27383786,-0.0067728213,0.83798295,0.1379509,0.4652057,0.6793016,0.70893043,6.266316,-0.035513848,-0.030056486,-0.63197213,-0.15456629,0.30006382,-0.484124,-0.35405815,0.14267808,-0.29800943,-0.42966986,0.3149637,0.1164415,-0.10281404,-0.25801933,0.20369813,0.34552228,-0.0031243684,-0.3343694,0.34184715,-0.103661604,0.10704683,0.022900477,-0.20121172,0.27764916,0.3025371,0.29331023,-0.10210599,0.21504965,0.0741373,-0.025780583,0.15491462,-0.1113171,-0.12088622,-0.09195778,-0.27152303,0.043903716,0.079161026,0.19542716,-0.0169002,0.010454502
25,-2.6671584,2.5659442,-1.6065264,1.4493778,-0.67288935,-1.2436454,-0.086707756,1.2962179,-1.0526206,-1.3557386,0.6404923,-0.9272984,0.7227005,0.68428326,-0.9656203,0.3902953,-1.9746945,0.07806316,0.4509838,0.2194719,0.051617287,-0.118980795,0.43300015,0.10142712,-0.035513848,5.7929015,-0.16694698,0.11262822,-0.50506234,-0.10835044,0.09074902,0.21818314,-0.37546298,0.2801956,0.22079204,-0.71375585,0.0610371,0.016725011,0.51373035,-0.37160832,0.48344257,0.35382771,-0.312973,0.11693992,-0.03428775,0.15733586,-0.010660614,0.08534122,-0.07981086,0.026730444,0.078920275,0.15233703,-0.042140484,0.12780428,-0.14453714,-0.07524537,-0.020015273,-0.14721408,0.30213484,0.08044438,-0.08744857,-0.06002592,0.04398955,-0.1610989,-0.10509904
26,-0.37345272,1.8592061,0.1105228,-0.78732973,0.6089731,2.1713185,-2.4750848,0.51542056,-0.9776835,-1.026011,-1.2472453,-0.016094923,0.19456,-1.1965669,-0.8527825,-0.23094818,0.6561409,0.38453335,0.18923862,-0.36410266,0.44879156,-0.5461609,-0.80953985,1.3687603,-0.030056486,-0.16694698,5.0146265,-0.47037172,-0.037872523,-0.045154534,0.31693417,0.30426985,0.2693885,-0.3112935,-0.18783328,-0.11161058,0.010388891,0.40186876,0.30182412,0.05408781,-0.1778959,-0.08246798,0.036077064,0.10813506,-0.10110378,0.0492015,-0.068381846,0.0075760717,-0.3307997,0.11692135,-0.078247875,-0.1766392,-0.054635573,-0.13301447,0.02316598,0.42479575,-0.080525905,-0.05265113,0.121312685,-0.08514106,-0.0277486,-0.07161029,-0.08571161,-0.013519514,0.17924835
27,-1.3934568,0.59289736,-1.3248534,0.96867687,0.32742387,1.0167258,-0.2906859,-0.10014186,-0.015698861,-1.4595556,1.0901766,0.25216222,0.449516,-0.80707526,0.013577333,0.07262893,-0.29259223,1.1413159,-0.034678057,0.11722003,-0.84920406,0.06722775,-1.1366405,0.4770249,-0.63197213,0.11262822,-0.47037172,5.328428,0.022451114,0.08481123,0.2507038,-0.029964846,0.02631959,-0.3763821,0.08068372,0.124250144,-0.05605621,-0.5337094,-0.28549328,0.04688016,0.2753908,-0.29979265,0.025103092,0.48993617,0.08692016,-0.17406562,-0.110256106,0.023832113,0.13099521,-0.042661954,0.067192845,0.16053256,-0.061551914,0.028304592,0.010752061,-0.015048504,-0.04919242,0.22724897,-0.18107945,0.23646909,0.10553855,-0.16173822,-0.06455645,-0.038871367,-0.060617164
28,2.0884457,0.6137613,-1.8007572,0.10767419,-0.08694133,-0.115511,-1.1007106,-0.9190763,0.14116362,-0.5935235,0.109580204,0.20059815,-1.1272035,-0.07417072,-0.6268717,-0.6896946,-0.23896179,0.08856641,-0.11112311,0.21727316,-0.6617179,0.76894355,0.24598263,0.037930913,-0.15456629,-0.50506234,-0.037872523,0.022451114,4.2726855,-0.060542926,-0.22289956,-0.8282592,0.10649463,0.58059436,0.40567344,0.02906712,0.3836579,0.335213,0.23608623,0.12626371,-0.11436197,0.5113318,-0.12476869,0.013628595,0.04452692,-0.20270607,0.0739049,0.026162632,0.06516199,-0.15511833,0.12513895,0.04702279,0.044902273,-0.059501935,0.07527892,0.120103255,-0.24486741,0.028399084,-0.088589504,-0.04097958,0.22620429,-0.015444275,-0.05445741,0.04804702,-0.10195985
29,-1.649668,-0.12557715,0.36684647,-1.6063409,1.501536,1.0491266,-0.50585717,0.6462343,1.1630634,0.1950661,-0.037560623,-0.018539216,-0.42590606,-1.1919298,-0.15352261,-0.16859563,-0.44583848,-0.07973466,0.07733278,0.31842858,0.1280361,0.12360361,-0.6041416,-0.07640256,0.30006382,-0.10835044,-0.045154534,0.08481123,-0.060542926,3.9992833,-0.33603555,0.24491951,-0.3734184,0.07866707,-0.27686617,0.31972325,0.10232003,-0.074966125,0.1809622,-0.05264644,0.16725726,0.3788448,0.07674411,0.24096343,0.09434769,0.1323438,-0.31038302,-0.0047178473,-0.074904755,-0.0032997786,-0.053653304,0.102596134,0.3301009,-0.008438874,-0.08918991,-0.1225759,0.02509572,0.02303752,-0.14156389,0.09490117,0.15203151,0.026052274,0.027816102,-0.1890066,0.11520017
30,1.5017116,0.3645696,-0.08279897,0.39859205,-0.5578321,1.2157862,0.5581271,-0.674251,-0.10068437,-0.41528258,-0.814478,-0.3099234,1.0131166,-1.0104196,-0.16033891,-0.060325883,0.5578371,-0.79616594,-0.4986743,0.2488302,0.36008877,0.8513411,-0.101776056,-0.003286196,-0.484124,0.09074902,0.31693417,0.2507038,-0.22289956,-0.33603555,2.8196697,-0.1746549,-0.11188953,0.20929,-0.16878502,0.1350624,-0.19652328,0.22404373,-0.14464618,-0.16122492,0.07673639,-0.18158092,-0.21679267,-0.097819075,0.07736126,0.056702897,-0.22071704,0.021625286,-0.12678525,-0.049569122,0.11081185,0.172192,0.27597177,0.018343946,-0.19086699,0.06939891,0.2313269,-0.15720949,-0.1293881,-0.034334496,0.20760658,0.07153486,0.06855418,0.089066334,-0.070953056
31,-1.4954545,-0.66226757,-1.5118597,-1.7512816,-1.0582794,-0.45055562,-0.39657593,-0.5314685,0.74772,0.13782252,-0.33772725,-0.26627702,-0.01754748,0.45351675,-0.8844297,-0.39593574,1.10148,-0.21341714,-0.5955039,0.25743905,0.015189784,0.21569285,0.20254797,-0.019316724,-0.35405815,0.21818314,0.30426985,-0.029964846,-0.8282592,0.24491951,-0.1746549,3.5455678,0.33804375,0.0161997,0.14161614,-0.20485824,-0.06859355,0.21409504,-0.06504028,0.14497127,0.12093155,0.15853329,0.025959846,0.02664145,0.24212581,-0.08412328,0.05542907,-0.03151081,0.037723444,0.07148342,0.077855036,-0.02555158,-0.12680343,0.0036503107,0.047696073,-0.033633966,0.035418265,0.032182626,-0.12376174,-0.01584934,0.04059372,-0.015229992,-0.044529844,-0.027495528,-0.052053783
32,-1.9708431,0.4307111,0.3564985,0.2369129,0.67271215,0.08457534,-0.22150174,1.5234618,0.22886994,0.75140214,0.010481549,0.37819678,0.8162366,-0.3349716,-0.27301612,-0.7941659,-0.06271908,0.09165782,-0.08830474,-0.45901757,-0.074440256,0.72925454,-0.14735824,0.3310712,0.14267808,-0.37546298,0.2693885,0.02631959,0.10649463,-0.3734184,-0.11188953,0.33804375,3.0642948,-0.07320455,0.03772053,0.07276089,0.08626594,0.08464435,0.15146805,-0.42085382,0.37603647,-0.12202169,0.28907236,0.2001123,0.08078918,0.13724497,-0.11053823,-0.25046718,0.2752493,-0.00096580375,0.04676505,-0.053896874,-0.06763009,-0.0061938753,-0.070729494,0.120661885,-0.08468419,-0.04814115,-0.040631305,0.14766666,-0.20225415,0.14433901,-0.047290266,0.03062553,0.035716884
33,0.88194823,-0.5770652,-0.19197783,1.1473119,0.52397174,-0.26175916,0.36206755,-0.34305075,-1.3781134,0.50593853,0.53166986,-0.19207159,0.23337302,-0.09421259,0.33004493,0.05581655,-0.10993436,0.110982694,0.21497819,-0.15053374,0.5168027,-0.49959713,-0.3698787,0.57014155,-0.29800943,0.2801956,-0.3112935,-0.3763821,0.58059436,0.07866707,0.20929,0.0161997,-0.07320455,2.884258,-0.29126045,-0.032376967,0.17470655,-0.28080076,0.07628369,-0.096250355,0.062965736,0.03983755,0.16800508,-0.05412048,0.05290778,0.25392818,-0.056305062,-0.12277293,-0.14938755,0.24169958,-0.065784365,-0.22555962,-0.090843834,-0.05181131,-0.05271724,0.020114154,0.037402175,-0.016319996,-0.09151772,0.0723873,0.1639422,0.1324275,0.01703561,-0.035683528,0.051212717
34,-1.1511171,0.58497,-1.2871852,-0.72648084,1.0184088,-0.49392292,-0.3096727,-0.15795341,-0.16664913,0.62017137,0.21791986,0.24186249,0.6440156,0.18786517,-0.408934,0.086944364,-0.023631964,-0.16108707,0.076357074,0.48507354,0.65623385,-0.8809532,-0.03063837,-0.18106964,-0.42966986,0.22079204,-0.18783328,0.08068372,0.40567344,-0.27686617,-0.16878502,0.14161614,0.03772053,-0.29126045,3.1890223,0.14423755,-0.20416027,-0.043490313,0.23958856,0.32794607,0.074350655,-0.049630977,-0.047393396,-0.019653969,-0.10326749,0.072231725,-0.09771128,-0.07873309,0.032258336,0.09836691,0.0449754,-0.11770135,0.23066959,-0.058635186,0.009299399,0.074588016,-0.040719807,-0.13126892,-0.12694448,0.03119037,0.08999839,-0.027110172,-0.14056817,-0.042212524,-0.053586952
35,0.9117056,0.8631319,-0.9813365,-0.99249405,-1.0378126,-0.26058877,0.59072804,-0.15351558,0.22080734,-0.34516978,-0.157769,0.044963386,0.9264505,-0.4358633,0.48249936,0.17451395,0.2757326,0.36171058,-0.23190624,-0.24242198,0.8142874,0.17014962,0.39029443,0.12585011,0.3149637,-0.71375585,-0.11161058,0.124250144,0.02906712,0.31972325,0.1350624,-0.20485824,0.07276089,-0.032376967,0.14423755,2.3146136,-0.2896574,0.073037386,0.38015625,0.012025956,0.054026287,0.073399186,-0.21182182,0.124971546,0.14488372,0.2073347,0.057155482,0.16322476,0.008539932,-0.033404596,-0.06637064,0.025754401,-0.007094709,0.057030495,-0.16312078,0.06921191,-0.14720261,0.20492911,0.060938537,0.0077265636,-0.043818012,0.06109519,-0.083096445,0.06062022,-0.1118063
36,1.7203026,-0.43418875,-0.56822234,-0.4483863,-0.15841751,0.21024582,-0.49727318,0.40479147,-0.018135803,0.61064667,-0.25941193,-1.0590134,1.633748,-0.70552695,-0.46560487,-0.036082596,0.102985814,0.15440983,0.15884289,0.88574225,0.020858286,-0.3069787,0.0378723,-0.36195973,0.1164415,0.0610371,0.010388891,-0.05605621,0.3836579,0.10232003,-0.19652328,-0.06859355,0.08626594,0.17470655,-0.20416027,-0.2896574,2.1278696,-0.099711776,-0.13971177,0.11855843,-0.08626728,-0.11599679,0.14758617,-0.009036706,-0.1501469,-0.18415678,0.2252852,-0.101174496,0.17804503,0.089443654,0.071607605,0.27404112,-0.048994943,-0.092479095,0.055984885,0.054163013,0.03503642,0.10421224,-0.028569194,0.09722337,-0.06410749,-0.07201651,-0.004643337,0.06597623,0.008745447
37,1.4038426,0.21494603,0.59544945,0.56364775,-1.0511369,-0.67219985,1.16306,-0.2658034,-0.64317876,0.20894328,0.5568392,0.01462234,-0.34942573,0.2682997,0.47254646,0.54596734,-0.4414195,-0.114953354,0.13544154,0.40757573,-0.09404893,0.17595206,-0.411888,0.12698174,-0.10281404,0.016725011,0.40186876,-0.5337094,0.335213,-0.074966125,0.22404373,0.21409504,0.08464435,-0.28080076,-0.043490313,0.073037386,-0.099711776,2.5664752,-0.12579653,-0.1590371,0.14698587,-0.060375936,-0.09262177,-0.06804621,0.095803365,0.038040943,-0.014731932,-0.066571824,0.095575154,-0.05488344,0.052811522,0.09882443,0.043779634,-0.10860637,-0.0027116667,-0.11063595,-0.06103055,0.09429204,-0.11297436,0.045092076,0.18205404,-0.06892279,0.03176713,-0.091178015,0.048407532
38,-1.1512954,0.19409552,-0.1403494,1.2628014,-0.37230372,-0.2337288,0.55128527,0.3010573,0.041465994,-0.5420159,-0.059117135,-0.28724074,-0.14198123,0.08346546,0.77843773,-0.3276051,0.22612166,-0.3579589,-0.064439125,-0.12689598,-0.61965835,0.4459305,-0.20470324,0.22049797,-0.25801933,0.51373035,0.30182412,-0.28549328,0.23608623,0.1809622,-0.14464618,-0.06504028,0.15146805,0.07628369,0.23958856,0.38015625,-0.13971177,-0.12579653,2.3968327,0.12623423,0.124911554,-0.078399636,0.16574013,-0.10506024,-0.14699075,-0.1835038,0.10535261,-0.015957285,-0.07745524,0.012887323,-0.058591235,0.030925803,-0.13794586,0.09033477,0.07835298,-0.061851814,0.033211924,0.097995825,-0.009434365,-0.01204613,-0.11481928,-0.012764951,0.0580293,0.096425876,0.13815479
39,-0.026418813,1.5866743,1.0871266,-0.7964068,-0.72089374,0.34781352,-0.00052789925,0.55552065,-0.3017767,0.8112414,-0.6954101,-0.13294983,-0.37701225,-0.03553463,0.013046268,0.2036818,-0.17834696,0.19626728,-0.09436595,0.09048696,-0.208947,0.27554047,-0.28985503,0.12015952,0.20369813,-0.37160832,0.05408781,0.04688016,0.12626371,-0.05264644,-0.16122492,0.14497127,-0.42085382,-0.096250355,0.32794607,0.012025956,0.11855843,-0.1590371,0.12623423,1.997045,-0.01171275,-0.18030891,-0.05777853,-0.08969559,0.23821181,0.24303672,-0.0016495881,-0.13463509,-0.062466137,-0.013389959,0.055041075,0.09539284,-0.09618077,-0.046350516,0.013400104,-0.09726848,0.100693166,-0.028282583,0.01910226,-0.03309145,-0.009170592,0.009569952,0.20093067,0.04203329,-0.0048415363
40,-0.8732848,0.0483173,1.7131555,0.18432535,0.8467301,-0.30121225,-0.30406338,-0.39889616,-0.21040058,-0.26827857,-0.9372684,-0.56587327,-0.36863482,0.53252196,0.4222211,0.45642522,-0.08926205,-0.42307857,0.217938,-0.36260292,0.07918832,-0.088186055,0.06406283,-0.3279872,0.34552228,0.48344257,-0.1778959,0.2753908,-0.11436197,0.16725726,0.07673639,0.12093155,0.37603647,0.062965736,0.074350655,0.054026287,-0.08626728,0.14698587,0.124911554,-0.01171275,1.4435835,0.24453354,0.19271845,0.16856593,0.12915695,-0.0012479128,-0.01365841,0.12159595,0.053446874,-0.0130033735,0.15707563,0.013881531,-0.044869028,-0.16840234,-0.010554869,0.046143316,0.14043477,0.13091955,-0.033233143,0.0588807,0.15355995,0.06981872,0.07960017,0.040239986,-0.080315694
41,-0.77378404,-0.2143232,0.18080533,-0.2835365,-1.2291582,0.25044078,0.6600044,0.4963833,-0.07548465,-0.359729,0.27288496,-0.1065255,0.03352949,0.14797232,0.2666554,0.052680943,0.42390972,0.090069875,-0.4822241,0.15139535,-0.19381338,0.1242639,-0.39878374,0.057761263,-0.0031243684,0.35382771,-0.08246798,-0.29979265,0.5113318,0.3788448,-0.18158092,0.15853329,-0.12202169,0.03983755,-0.049630977,0.073399186,-0.11599679,-0.060375936,-0.078399636,-0.18030891,0.24453354,1.553499,-0.28040212,-0.094227955,0.06845555,-0.09956503,0.0018636524,0.052779917,0.046991542,-0.032815762,-0.06299802,-0.09286597,0.078547284,-0.020611364,0.18033326,0.1775944,0.16670573,-0.11066774,0.0062913783,-0.007685844,-0.06203694,-0.16411668,-0.028269954,0.11120641,-0.08587245
42,1.905416,-2.1246552,-0.28803074,-0.8527968,-1.5547819,-0.09554394,0.41885394,-0.25041124,0.2808624,-0.94318116,0.5322436,0.63908076,-0.7938427,0.17096941,0.39722794,-0.15625861,-0.31423885,0.3604461,0.008449683,0.4260081,0.19489716,-0.5075332,0.1246757,0.20434773,-0.3343694,-0.312973,0.036077064,0.025103092,-0.12476869,0.07674411,-0.21679267,0.025959846,0.28907236,0.16800508,-0.047393396,-0.21182182,0.14758617,-0.09262177,0.16574013,-0.05777853,0.19271845,-0.28040212,1.6020143,0.089973256,0.07101281,0.036748976,-0.085502304,-0.1482698,0.037858434,-0.08700116,-0.03316302,-0.040188383,0.11241321,0.04635253,-0.09694365,0.032969017,0.07330978,-0.0019159808,0.049153827,-0.048980556,0.028625779,-0.041186526,0.071744055,-0.06303511,-0.08779967
43,0.21467155,-0.23759009,-0.47416073,-0.3915786,-0.7358922,-0.10273216,0.5168313,0.03815172,-0.72639585,0.85785717,0.03652202,-0.52185,-0.20713912,-0.1538096,0.2672356,-0.026597958,-0.03995172,-0.13735385,-0.037121914,0.29491746,0.21247852,-0.2427575,0.114337035,-0.10527785,0.34184715,0.11693992,0.10813506,0.48993617,0.013628595,0.24096343,-0.097819075,0.02664145,0.2001123,-0.05412048,-0.019653969,0.124971546,-0.009036706,-0.06804621,-0.10506024,-0.08969559,0.16856593,-0.094227955,0.089973256,1.5500993,-0.15887679,0.09291686,0.24922357,-0.017809216,-0.17988041,0.0058098077,0.091908984,0.016179813,-0.01445259,0.019041112,0.118493475,0.066514075,-0.016002225,-0.08035448,-0.0011115549,-0.21610484,0.06277211,-0.030333385,-0.0060755135,0.15053895,-0.026837785
44,0.025735281,0.58085954,-0.707626,1.7822481,0.29709667,-0.21909139,0.045555055,-0.3325682,-0.5329563,0.49158898,-0.31528318,0.71524715,0.1168016,0.3273428,0.11192244,-0.53953195,0.1302904,-0.08782968,0.33527333,0.4622786,-0.34423834,-0.53831506,0.005815009,0.026326302,-0.103661604,-0.03428775,-0.10110378,0.08692016,0.04452692,0.09434769,0.07736126,0.24212581,0.08078918,0.05290778,-0.10326749,0.14488372,-0.1501469,0.095803365,-0.14699075,0.23821181,0.12915695,0.06845555,0.07101281,-0.15887679,1.4527847,-0.21950966,-0.13362893,-0.0179948,0.07262558,0.03343817,0.008389533,-0.0042816005,-0.033661462,0.0674317,-0.029248545,0.020587163,-0.074106514,0.058900706,0.016150428,-0.0646262,0.014570173,0.06971784,0.030899305,0.012355548,0.00854137
45,0.68397903,0.530879,0.43950862,0.4357118,-0.6476544,0.4605476,0.19146922,-0.31311667,-0.121140584,-0.5547415,0.06997875,0.1347627,-0.29978287,-0.13215595,0.069605306,0.12253919,0.030235332,0.015411642,0.038235597,0.1560902,-0.2515699,0.03597653,0.0058174646,0.034873486,0.10704683,0.15733586,0.0492015,-0.17406562,-0.20270607,0.1323438,0.056702897,-0.08412328,0.13724497,0.25392818,0.072231725,0.2073347,-0.18415678,0.038040943,-0.1835038,0.24303672,-0.0012479128,-0.09956503,0.036748976,0.09291686,-0.21950966,1.4525988,-0.093645945,0.03842683,0.04851508,-0.08623849,0.08979504,0.08745059,-0.068745665,-0.04000169,0.13587183,-0.026616856,-0.027845955,-0.07107316,-0.01973613,-0.022636998,-0.044666544,-0.03549388,-0.040284008,-0.07248752,0.07001802
46,-0.4006073,-0.18918456,0.9042705,-0.5838953,0.2764772,0.2693378,0.6977439,-0.22516264,0.3403366,-0.34325212,-0.28796932,0.6743364,-0.2792371,0.4289567,0.17077857,0.029908665,0.23701578,-0.26326588,0.18772584,0.19785391,0.23267704,0.03296813,-0.23950186,0.038831722,0.022900477,-0.010660614,-0.068381846,-0.110256106,0.0739049,-0.31038302,-0.22071704,0.05542907,-0.11053823,-0.056305062,-0.09771128,0.057155482,0.2252852,-0.014731932,0.10535261,-0.0016495881,-0.01365841,0.0018636524,-0.085502304,0.24922357,-0.13362893,-0.093645945,1.3976661,-0.0792959,0.07289878,-0.052179277,0.018821103,0.03955417,0.029455125,-0.06707907,-0.0004922198,-0.003737046,0.069286525,0.007188652,-0.036718536,0.05405961,0.036717504,0.14930706,-0.021720456,-0.06426008,-0.007623654
47,1.1180606,-0.043922074,-0.5968355,-0.7880365,-0.046978466,0.120545186,0.669083,-0.40202862,-0.056550797,0.5210021,-0.038759183,0.17236558,-0.15861064,-0.20296663,0.12866758,-0.16675521,-0.11222344,0.4485324,0.42425704,-0.009788785,0.20801187,-0.1653081,0.17115174,-0.14693148,-0.20121172,0.08534122,0.0075760717,0.023832113,0.026162632,-0.0047178473,0.021625286,-0.03151081,-0.25046718,-0.12277293,-0.07873309,0.16322476,-0.101174496,-0.066571824,-0.015957285,-0.13463509,0.12159595,0.052779917,-0.1482698,-0.017809216,-0.0179948,0.03842683,-0.0792959,1.0486342,0.06424975,0.046743646,-0.011662437,-0.0008149798,-0.1534366,-0.16028124,0.014133332,0.1354206,0.04852509,-0.02038433,-0.021119665,-0.017690428,-0.080211535,0.19664341,0.08353315,-0.012052182,0.048713416
48,-0.7928106,0.37616926,0.01649604,-0.64265645,-0.49147063,0.4070825,0.07108318,0.006607198,-0.51166177,-0.0174488,-0.21323751,-0.070729494,-0.068328686,-0.58784986,0.20022422,0.078688964,-0.23055756,0.023735646,0.053293455,-0.28897476,0.25368762,-0.06467316,-0.34033003,0.103245035,0.27764916,-0.07981086,-0.3307997,0.13099521,0.06516199,-0.074904755,-0.12678525,0.037723444,0.2752493,-0.14938755,0.032258336,0.008539932,0.17804503,0.095575154,-0.07745524,-0.062466137,0.053446874,0.046991542,0.037858434,-0.17988041,0.07262558,0.04851508,0.07289878,0.06424975,1.0905625,0.07680294,-0.027279306,-0.047015086,-0.04380399,0.043197744,0.022219295,-0.04883486,-0.027290618,-0.14586559,0.022702081,-0.06017935,-0.0238237,-0.050997224,-0.050959762,-0.048890956,0.08297775
49,0.09265538,0.050906405,0.3516153,-0.14289597,0.042897105,0.38358808,0.36215132,-0.121373475,0.46694827,-0.34016836,0.52816266,0.06332369,-0.11184941,0.03204362,0.18244258,0.25857466,-0.05361701,0.21312839,-0.09720674,-0.16370969,-0.2339536,0.1978654,-0.14118242,-0.09624618,0.3025371,0.026730444,0.11692135,-0.042661954,-0.15511833,-0.0032997786,-0.049569122,0.07148342,-0.00096580375,0.24169958,0.09836691,-0.033404596,0.089443654,-0.05488344,0.012887323,-0.013389959,-0.0130033735,-0.032815762,-0.08700116,0.0058098077,0.03343817,-0.08623849,-0.052179277,0.046743646,0.07680294,1.2432718,-0.015751228,0.018028203,0.0009346724,-0.06305872,0.014868347,-0.041534103,-0.08328819,-0.041597314,-0.019778308,-0.034241408,0.027770098,-0.009601575,0.011670511,0.04146727,-0.06138946
50,0.40150526,-0.24466696,-0.31390774,0.74275017,0.4114319,-0.14795864,0.621547,-0.14510995,0.24079695,0.47321105,0.1808609,0.0573131,-0.035849538,0.0319002,0.25182587,-0.01944368,0.04904928,0.32123977,-0.067708224,-0.40295056,-0.35705417,0.033554148,-0.060525056,-0.15633817,0.29331023,0.078920275,-0.078247875,0.067192845,0.12513895,-0.053653304,0.11081185,0.077855036,0.04676505,-0.065784365,0.0449754,-0.06637064,0.071607605,0.052811522,-0.058591235,0.055041075,0.15707563,-0.06299802,-0.03316302,0.091908984,0.008389533,0.08979504,0.018821103,-0.011662437,-0.027279306,-0.015751228,1.0390247,-0.17850164,0.01897858,0.07590915,-0.05919271,0.05097796,0.06356214,0.07964717,0.055663727,0.07847023,0.014619413,-0.00036352218,-0.012569526,0.006026242,-0.010804851
51,-0.4278276,-0.017237391,-0.10546267,0.8628098,0.3378157,-0.49937195,-0.31401157,0.056903914,-0.42312676,0.5000583,0.46759433,-0.097220555,0.028217424,0.27739185,0.03878153,0.08091462,0.18145545,-0.0670101,-0.1667822,-0.64833385,-0.027248293,-0.22511184,0.027590705,0.16417035,-0.10210599,0.15233703,-0.1766392,0.16053256,0.04702279,0.102596134,0.172192,-0.02555158,-0.053896874,-0.22555962,-0.11770135,0.025754401,0.27404112,0.09882443,0.030925803,0.09539284,0.013881531,-0.09286597,-0.040188383,0.016179813,-0.0042816005,0.08745059,0.03955417,-0.0008149798,-0.047015086,0.018028203,-0.17850164,0.9435828,0.15416917,-0.023177572,0.0005454395,0.075236335,0.0018668086,0.013978833,-0.087621376,-0.007828852,-0.021880869,-0.003356662,0.03766624,0.0202776,-0.036675334
52,0.35323957,-0.55103207,0.44724858,-0.10971635,-0.29969653,-0.03808008,0.5036664,0.0362027,0.0020591698,-0.17234969,0.072372094,0.46586603,0.19326435,0.65561247,-0.0003989596,-0.32345194,0.14162485,0.2543292,0.2483362,-0.019875068,-0.10287625,0.017066538,-0.30127835,0.15484363,0.21504965,-0.042140484,-0.054635573,-0.061551914,0.044902273,0.3301009,0.27597177,-0.12680343,-0.06763009,-0.090843834,0.23066959,-0.007094709,-0.048994943,0.043779634,-0.13794586,-0.09618077,-0.044869028,0.078547284,0.11241321,-0.01445259,-0.033661462,-0.068745665,0.029455125,-0.1534366,-0.04380399,0.0009346724,0.01897858,0.15416917,0.8242024,0.00030790744,0.016007748,0.007814513,-0.015091402,-0.05334192,0.09797834,0.03103379,-0.09385437,0.08310984,-0.0539542,-0.033795856,0.034368508
