,0,1,2,3,4,5,6,7,8,9,10,11,12,13,14,15,16,17,18,19,20,21,22,23,24,25,26,27,28,29,30,31,32,33,34,35,36,37,38,39,40,41,42,43,44,45,46,47,48,49,50,51,52,53,54,55,56,57,58,59,60,61,62,63,64
0,384.66885,38.005585,48.50749,8.092204,18.241686,23.657024,-19.748781,0.17555639,-7.57055,6.073905,13.409851,-0.152863,-11.914547,2.4030945,-1.5028311,6.097927,-0.430382,-6.610448,-3.9042797,-0.028259773,-0.59239537,0.7256316,3.7769995,7.191267,1.442733,4.686291,0.58476067,2.4675686,-3.6678257,2.941893,-2.7364957,2.7381444,3.442061,-1.60254,2.0144,-1.6324457,-2.962419,-2.4350352,2.1042995,0.028024953,1.5132558,1.3029091,-3.357606,-0.30260253,-0.014291007,-1.1755564,0.6854388,-1.9485462,1.3741264,-0.19095019,-0.7653922,0.7187706,-0.63337255,0.91931605,-0.710675,1.6305766,0.15330844,1.0845772,-0.025047157,0.4273231,-0.8851254,0.020849608,-0.6952783,-0.60725546,0.39888206
1,38.005585,319.601,-59.045517,-16.480692,4.0762873,-17.929089,14.938599,-0.9466719,10.796415,0.8550535,-14.713156,4.374777,-0.3416357,2.627596,4.508629,10.461276,-4.7797375,-4.0789905,-9.253273,-1.91782,-6.395898,-2.3532124,-6.492988,-0.42250764,-3.1383395,-4.523573,-3.3153834,-1.0557446,-1.0981935,0.24876109,-0.652321,1.2281177,-0.7807369,1.0222486,-1.0489923,-1.5117798,0.8048563,-0.36467898,-0.3274038,-2.8085465,-0.11039686,0.34844872,3.754313,0.4259428,-1.015326,-0.95880437,0.2912488,0.104901314,-0.67326367,-0.10035133,0.4236318,0.0218308,0.9518747,-0.30061877,0.085833564,0.66829133,0.31309313,-0.9618169,-0.6293391,-0.594481,-0.6074569,0.5619974,0.25184095,-0.23611975,0.093922436
2,48.50749,-59.045517,72.36697,0.43959394,0.38801524,19.153194,-3.7431045,4.8031464,3.1668477,9.96019,1.0765983,4.5066347,1.2184815,4.4015555,0.36124256,9.770675,8.780933,0.85766137,-2.1730528,-1.3547605,1.9430703,5.4802995,-1.9220794,-0.1611378,3.0371618,2.756208,-0.30830592,2.4463468,3.1879735,-0.63483876,0.05863461,2.8335643,-0.6595558,0.269827,2.228614,1.6796955,1.158077,-0.9688866,0.31654608,-1.913384,-3.1101215,-0.38845724,0.51437044,0.8917805,1.3018137,-0.7402562,-1.6982245,1.1457509,-0.06496555,-0.6635593,0.5052642,0.13218915,-0.83004904,0.18115313,0.8411615,-0.8417629,0.4110595,-0.961463,0.41189474,0.09151402,-0.36898583,0.46505132,1.0270936,-1.4708402,0.8665251
3,8.092204,-16.480692,0.43959394,58.311207,-2.4787352,-7.78333,5.873809,-8.829401,-17.201742,0.098300956,5.666848,-2.2491496,4.527116,6.3422613,-3.7969582,0.08305699,-4.1827374,-2.147512,1.4910277,-5.201911,-6.0523596,5.9949713,2.0090008,2.289215,-5.204945,-2.4578953,1.3901951,-1.6894324,-0.26008308,2.7502046,-0.62383103,2.9213352,-0.4040585,-2.1289759,1.2252207,1.7787042,0.8232858,-1.0378611,-2.2572684,1.4297321,-0.25464833,0.58829737,1.5492461,0.677075,-3.1096005,-0.75304043,0.99872875,1.3201523,1.1658227,0.261386,-1.3072495,-1.4875435,0.18369955,0.99967825,-1.4059694,0.917686,0.7002958,0.59280515,0.3631637,-0.21184891,1.2710435,-0.21350572,0.768994,-0.108885854,0.18318346
4,18.241686,4.0762873,0.38801524,-2.4787352,53.766956,2.4629905,-8.857216,6.7559366,14.707331,-4.4509387,9.898406,-12.659164,5.938839,-1.1989616,7.1783543,0.59478724,3.948518,1.7667615,2.965753,-1.1735938,-5.6078453,-5.4158964,0.7395992,-2.9717102,-4.49899,1.3163486,-0.9277222,-0.62725884,0.03665931,-2.7495427,0.9823961,1.7550933,-1.1301365,-0.73212945,-1.7129877,1.9336541,-0.018808948,1.7132506,0.54519707,1.2795969,-1.5079666,2.2576883,2.6720839,1.1892296,-0.6084034,1.0851165,-0.39249736,0.040976122,0.9307406,-0.006228598,-0.68435,-0.5813263,0.60050225,0.13117597,0.029946042,0.025986869,-0.3971067,-0.7502397,0.059755653,0.08769723,0.27959234,0.6097717,0.07823911,0.43015695,-0.14673471
5,23.657024,-17.929089,19.153194,-7.78333,2.4629905,23.330833,-6.797451,1.5524285,3.7536077,-0.12559548,-0.806206,0.5736247,0.3017133,-13.278181,1.4840603,1.5318693,3.825696,6.1948137,-2.1512537,-0.9455189,0.4251157,-0.66375786,-1.6142237,-0.2836882,2.6017356,2.201788,-3.7001576,-1.819943,0.19244385,-1.9135785,-2.115108,0.764644,-0.0704671,0.51889473,0.9361521,0.50275373,-0.4707951,1.1494344,0.337144,-0.5694777,0.5487295,-0.3595652,0.11334927,0.12359644,0.34623724,-0.83541656,-0.40469664,-0.22214672,-0.68578935,-0.6433549,0.323515,0.88771886,0.09652387,0.6239209,0.22267783,0.17833614,-0.05389298,-0.2939177,0.15278992,-0.32940537,0.16636848,0.0692364,0.34551817,-0.0939389,0.51380384
6,-19.748781,14.938599,-3.7431045,5.873809,-8.857216,-6.797451,31.565844,-6.524274,1.8576303,-2.8298035,1.8952856,0.7056541,0.38349897,3.8555393,10.16138,0.43079004,2.7443535,-0.6464078,0.44232732,-0.66957915,1.3608203,3.7323647,-1.1708344,-1.8470526,1.0346807,0.068249814,4.5124273,0.53550506,1.941915,0.8288795,-0.98632956,0.7565919,0.4549337,-0.6930492,0.590513,-1.0092311,0.90133464,-2.0402534,-1.0016403,0.04050453,0.5256961,-1.1877396,-0.78434813,-0.89571667,-0.07104645,-0.30912402,-1.1905303,-1.1612679,-0.11217554,-0.6248883,-1.0913262,0.5339977,-0.8840523,-0.33082348,-0.7275188,1.1036334,0.96794856,-0.5293497,1.095854,-0.120388985,1.0089884,1.1979762,-0.08002864,-0.5604354,-0.06620576
7,0.17555639,-0.9466719,4.8031464,-8.829401,6.7559366,1.5524285,-6.524274,15.857513,4.8811054,-2.7218912,0.613171,-5.773735,0.4267636,0.16917299,0.5961824,-4.0054135,-0.078294225,-3.1752884,-1.1256107,0.46846503,-1.1642361,-2.2164958,-1.0720332,1.971965,2.555572,-2.3444982,-0.9827676,0.22380345,1.6689041,-1.1158664,1.1647254,0.9461922,-2.7240696,0.630944,0.21908635,0.21381901,-0.6958859,0.5129371,-0.5309617,-0.9995585,0.65652734,-0.9170086,0.44534177,-0.081879675,0.58813393,0.5580112,0.36975586,0.7545815,-0.028856203,0.1872583,0.24343473,-0.09511038,-0.09008394,0.5890217,0.07889117,-0.45664465,0.20759904,-0.033971764,0.82956684,0.45376205,-1.2489333,-0.59854543,0.009801134,-0.059217066,0.028777916
8,-7.57055,10.796415,3.1668477,-17.201742,14.707331,3.7536077,1.8576303,4.8811054,22.194765,-0.83766794,1.8007448,1.7124836,1.2790487,-0.73686993,3.0424175,-2.0358183,6.095551,2.405723,-1.8674201,0.7920983,-2.2419405,0.11179077,-1.0166776,-3.7817402,-0.16112489,1.8222964,1.6302167,0.06832382,-0.24997042,-2.0471678,0.13087803,-1.2220421,-0.4353822,2.339219,0.3011968,-0.42716533,0.13277592,1.1779339,0.030890886,0.5247068,0.3744102,0.08389704,-0.4385949,1.345546,0.96728057,0.22158213,-0.66309506,0.10508622,0.86654633,-0.8454684,-0.48458272,0.72775024,-0.014328426,0.5221806,-0.03732793,-0.53984666,0.3425197,-0.18404731,0.2852108,-0.5229914,-0.52877104,0.19525841,-0.16982791,-0.5455002,-0.06586322
9,6.073905,0.8550535,9.96019,0.098300956,-4.4509387,-0.12559548,-2.8298035,-2.7218912,-0.83766794,26.197004,-6.563713,7.805502,2.5759838,2.269139,-5.6282682,1.8001099,3.0297647,2.3839922,-1.960788,1.2439162,-0.69510615,-0.3032953,-0.20403865,-3.1014981,2.215196,2.429708,1.6875336,2.589292,1.0323615,-0.22449428,0.70528597,-0.17658913,-1.4473181,-0.87116,-1.1468856,0.5908552,-0.95942676,-0.3205021,1.0642253,-1.4766414,0.42562932,0.48053566,1.6754022,-1.4618046,-0.8220866,0.97893095,0.52361983,-0.90412235,-0.0001525686,0.55501413,-0.87689847,-0.8892665,0.25848365,-0.082673594,0.2493358,-0.7611294,-0.3629617,0.104935266,-0.8819533,-0.23521835,0.06496002,-0.11946279,0.5011003,-0.27257162,-0.24960881
10,13.409851,-14.713156,1.0765983,5.666848,9.898406,-0.806206,1.8952856,0.613171,1.8007448,-6.563713,18.072561,-3.5894928,3.439539,2.43146,0.6503744,3.3245153,-4.6378794,4.177687,1.4936521,-2.305625,-0.65686214,0.48095298,-0.4839915,-1.1447132,-1.9492409,-1.1763442,1.9000738,-1.7898843,-0.1452227,0.13959463,1.4361179,0.616431,-0.11831502,-1.1240994,-0.5256555,0.15441117,0.71754694,-0.89598364,0.27615237,1.1877446,1.6971927,-0.56319785,-0.80288553,-0.005518445,0.63101554,-0.0935733,0.37137806,0.03799835,0.30758852,-1.0155888,-0.41462272,-0.7898264,-0.2070592,0.10771179,0.60581434,0.21020618,-0.022677202,-0.8815344,-0.53859836,-0.081012055,-0.16433117,0.18139207,-0.6334692,0.04129632,-0.5116051
11,-0.152863,4.374777,4.5066347,-2.2491496,-12.659164,0.5736247,0.7056541,-5.773735,1.7124836,7.805502,-3.5894928,21.385855,-2.5690215,4.276452,-1.1475332,-3.014895,1.0155634,2.6140552,-0.08968537,0.9823242,1.6718848,0.18399024,-2.947937,-0.6145824,0.9672475,1.6267377,-0.14354378,-0.43148994,-0.32733607,0.12186788,0.4477944,0.61375976,-0.7633915,0.31506854,-0.45860332,-0.12328403,2.0183766,0.033557754,0.61712337,0.20275143,0.96412724,0.09534843,-1.0972353,1.0170932,-1.2271496,-0.2189685,-1.269486,-0.26466495,0.07323954,-0.15695678,-0.17006369,0.12184621,-0.84313107,0.5105388,-0.1893739,-0.04784241,-0.6109294,0.2792709,-0.75057536,-0.115348056,-0.149245,0.3051468,-1.1275344,-0.5053022,0.044306017
12,-11.914547,-0.3416357,1.2184815,4.527116,5.938839,0.3017133,0.38349897,0.4267636,1.2790487,2.5759838,3.439539,-2.5690215,15.4810095,0.4228177,-4.288328,3.3213592,4.00148,3.021593,-0.90542614,-0.011990055,1.134054,1.3788658,-1.2574513,-0.29253983,-3.1914523,-1.3302083,-0.37691897,-0.7640548,2.0249357,0.7636476,-1.7912233,0.039011665,-1.4435871,-0.42309135,-1.1842004,-1.6577008,-2.874343,0.64449584,0.23871562,0.65461373,0.6295892,-0.09780185,1.4077556,0.34576595,-0.21122754,0.53137994,0.48283026,0.30055785,0.11572993,0.1797049,0.051918812,-0.030562881,-0.37481993,0.25737044,-0.33922106,0.4927706,-0.33720803,-0.3628956,-0.059796937,0.41088057,-0.42289054,0.21763635,0.041743536,0.05484085,-0.49774384
13,2.4030945,2.627596,4.4015555,6.3422613,-1.1989616,-13.278181,3.8555393,0.16917299,-0.73686993,2.269139,2.43146,4.276452,0.4228177,18.387617,-3.7965999,0.47907692,0.7620423,-5.000738,0.5928012,1.849111,-0.72327405,0.823233,-0.9693421,0.46173948,-1.939717,-1.1707449,2.0550942,1.3777993,0.13663875,2.205584,1.6464581,-0.6709337,0.50776505,0.31977743,-0.32286006,0.77707136,1.2263638,-0.46705192,-0.10576661,0.023070207,-1.0458775,-0.3551718,-0.35027838,0.322307,-0.58665776,0.22082663,-0.7698147,0.43395674,1.007402,-0.07195375,-0.0964746,-0.5611062,-1.1440172,-0.36653268,0.18117966,-0.19166805,0.4251849,-0.4659686,0.22196855,0.29492038,-0.38371748,-0.041205514,-0.22212565,-0.24859923,-0.7418302
14,-1.5028311,4.508629,0.36124256,-3.7969582,7.1783543,1.4840603,10.16138,0.5961824,3.0424175,-5.6282682,0.6503744,-1.1475332,-4.288328,-3.7965999,16.98355,-1.2989626,2.390411,0.8415929,0.7595278,-0.928371,-0.18203446,-2.3955188,0.35570198,0.170454,1.1179352,1.6334038,1.2298288,0.0788025,1.189601,0.33464783,0.25163686,1.6043601,0.38345468,-0.7759961,0.5661548,-0.98313624,1.0994062,-0.70547307,-1.2284676,-0.056547657,-0.7434614,-0.55184484,-0.58312356,-0.3808908,-0.10705459,-0.0632059,-0.43806803,-0.21421164,-0.4210236,-0.41198927,-0.5399493,-0.0623226,-0.07773529,0.17490783,0.018496946,0.26225922,-0.49158671,0.07903324,0.38387275,-0.25304666,0.6794828,0.49083406,0.057298943,0.6532564,0.062098943
15,6.097927,10.461276,9.770675,0.08305699,0.59478724,1.5318693,0.43079004,-4.0054135,-2.0358183,1.8001099,3.3245153,-3.014895,3.3213592,0.47907692,-1.2989626,11.683331,-1.986872,3.4341836,-0.9910389,-1.3038261,0.856178,1.470784,0.88539207,-1.8313172,-1.3220414,-0.6672429,0.4152204,-0.13663499,1.2001982,0.29805344,0.14011863,0.6738032,1.4136336,-0.11149307,-0.14540201,-0.3027652,0.056353968,-0.98178,0.5783677,-0.35633162,-0.78325987,-0.07173375,0.28743374,0.03300426,0.95639044,-0.22903892,-0.061362773,0.2756853,-0.1316568,-0.45213148,0.045531645,-0.13027835,0.5721506,-0.3267894,0.68889236,-0.39885813,0.00134084,-0.4941857,-0.56558394,0.10866912,-0.007067249,0.187772,0.5137381,-0.040525123,-0.23016554
16,-0.430382,-4.7797375,8.780933,-4.1827374,3.948518,3.825696,2.7443535,-0.078294225,6.095551,3.0297647,-4.6378794,1.0155634,4.00148,0.7620423,2.390411,-1.986872,13.782828,-1.3149915,-2.994915,1.6414686,0.12577856,0.8003529,-1.3887641,2.030454,-2.2260923,3.5574007,-1.0592057,0.44891065,0.37627256,0.7904705,-1.0074558,-1.923362,0.11643691,0.30170888,0.113718525,-0.41103163,-0.26438293,0.7206867,-0.42603415,0.3166858,0.14520535,-0.7534183,0.49208283,0.06367463,-0.25390902,-0.080270395,-0.36299616,0.20242658,0.42289138,0.12442505,-0.06814234,-0.34597933,-0.21709803,0.018660285,-0.31987846,0.62426394,-0.46390766,0.027274054,0.3438912,-0.24728714,0.23713784,-0.014127795,0.50148565,-0.14776334,0.073228806
17,-6.610448,-4.0789905,0.85766137,-2.147512,1.7667615,6.1948137,-0.6464078,-3.1752884,2.405723,2.3839922,4.177687,2.6140552,3.021593,-5.000738,0.8415929,3.4341836,-1.3149915,9.846903,-0.046650387,-0.877041,-1.3194385,-1.2883871,-0.49579906,-2.2841346,-0.4101258,-0.12476814,-0.757705,-1.9904773,-0.17072186,0.1749839,1.3794754,0.4404906,-0.20806068,-0.2474198,0.26329008,-0.6620614,-0.17187054,0.23924679,0.718529,-0.34859842,0.73865074,-0.20194206,-0.61176276,0.2994547,0.19609505,-0.0038227485,0.41363978,-0.7878903,-0.0680387,-0.39778814,-0.60190773,0.097158045,-0.4659798,0.5729424,0.35428876,0.19444498,-0.3248462,0.04537507,-0.30597144,0.06858695,0.05479031,0.26414174,0.04148833,0.1499129,-0.31591016
18,-3.9042797,-9.253273,-2.1730528,1.4910277,2.965753,-2.1512537,0.44232732,-1.1256107,-1.8674201,-1.960788,1.4936521,-0.08968537,-0.90542614,0.5928012,0.7595278,-0.9910389,-2.994915,-0.046650387,3.7473242,0.25840044,0.72283554,-0.8501482,0.5009258,-0.37341505,0.023450598,-0.81394434,-0.35932943,0.08690122,0.19772722,-0.15938744,0.89536315,1.0291228,0.15520477,-0.4438607,-0.16338395,0.4031024,-0.25487974,-0.22560373,0.1293259,0.16111328,-0.37404805,0.8381307,0.012349835,0.07666083,-0.5748395,-0.0513365,-0.3428896,-0.76601017,-0.09619539,0.165003,0.09968245,0.31127757,-0.45248145,-0.49776363,0.115422234,-0.036506433,0.034931686,-0.10545179,0.020839687,-0.048066847,-0.16500722,0.39809173,-0.050755724,0.03502741,0.19239771
19,-0.028259773,-1.91782,-1.3547605,-5.201911,-1.1735938,-0.9455189,-0.66957915,0.46846503,0.7920983,1.2439162,-2.305625,0.9823242,-0.011990055,1.849111,-0.928371,-1.3038261,1.6414686,-0.877041,0.25840044,6.8035855,0.27283278,-1.9562557,-1.1194265,0.5066352,-1.4144366,-0.41776812,0.5681662,-0.19735828,-0.34004334,-0.51401377,-0.46950305,-0.3924244,0.76932967,0.22576731,-0.8837012,0.39483315,-1.4807116,-0.6774646,0.26309508,-0.18043289,0.6275384,-0.31984457,-0.72386837,-0.47259113,-0.799035,-0.26034784,-0.39121434,0.040437832,0.48152453,0.2679565,0.6847946,1.1336788,0.018812474,-0.1640752,0.2470231,-0.40602055,-0.51381874,-0.12236716,0.18441203,0.18907815,0.58224225,-0.38979554,0.26271784,-0.0930816,-0.25897652
20,-0.59239537,-6.395898,1.9430703,-6.0523596,-5.6078453,0.4251157,1.3608203,-1.1642361,-2.2419405,-0.69510615,-0.65686214,1.6718848,1.134054,-0.72327405,-0.18203446,0.856178,0.12577856,-1.3194385,0.72283554,0.27283278,6.5921745,0.20113415,1.0065866,0.65420836,-0.24653408,-0.10736811,-0.68613124,1.4646904,1.125977,-0.21261719,-0.6302221,0.0067179054,0.15516633,-0.8225007,-1.0813973,-1.3886521,-0.106450826,0.1197597,1.0671815,0.36875427,-0.14912933,0.31013983,-0.40996748,-0.40199614,0.5817621,0.41942084,-0.3554095,-0.36331272,-0.4294724,0.43699217,0.66097003,0.03992313,0.20535392,-0.40212348,-0.05858545,0.39757538,-0.09295941,-0.16704655,-0.058163352,-0.32647958,-0.18640336,0.5099258,-0.39093447,-0.079493925,0.08911973
21,0.7256316,-2.3532124,5.4802995,5.9949713,-5.4158964,-0.66375786,3.7323647,-2.2164958,0.11179077,-0.3032953,0.48095298,0.18399024,1.3788658,0.823233,-2.3955188,1.470784,0.8003529,-1.2883871,-0.8501482,-1.9562557,0.20113415,8.937895,-0.14135554,0.13169476,-0.97795266,0.27036297,1.1984737,-0.22428395,-1.4067478,-0.2521178,-1.4737637,-0.43752646,-1.220444,1.0531406,1.6751199,-0.21902071,0.32535166,-0.40351158,-0.9015317,-0.45552582,0.15231395,-0.1381306,0.80023843,0.35963723,0.88603497,-0.10169511,0.06454714,0.2870742,0.16606095,-0.28530964,0.030452475,0.38857478,0.035866037,-0.31224728,0.07491601,0.35882574,0.12100669,0.19904256,-0.297107,-0.11617391,-0.3033082,0.27843174,-0.03834063,0.0646285,0.3595315
22,3.7769995,-6.492988,-1.9220794,2.0090008,0.7395992,-1.6142237,-1.1708344,-1.0720332,-1.0166776,-0.20403865,-0.4839915,-2.947937,-1.2574513,-0.9693421,0.35570198,0.88539207,-1.3887641,-0.49579906,0.5009258,-1.1194265,1.0065866,-0.14135554,5.8324466,-1.3479462,-1.1986079,-0.7721462,1.4670649,2.0107722,-0.45060685,1.0651848,0.17698368,-0.34463257,0.27110958,0.67339873,0.079464875,-0.6737584,-0.074828476,0.7124429,0.35235602,0.51534414,-0.11379705,0.7014425,-0.2395164,-0.20247498,-0.016984677,-0.009152449,0.4427863,-0.30326322,0.60699606,0.2587421,0.11487442,-0.056641277,0.5431922,0.22444752,-0.021128554,-0.03211637,0.14274114,0.113121726,0.3229426,-0.5428671,-0.4875133,0.37532783,0.039229438,0.35178596,0.0020898436
23,7.191267,-0.42250764,-0.1611378,2.289215,-2.9717102,-0.2836882,-1.8470526,1.971965,-3.7817402,-3.1014981,-1.1447132,-0.6145824,-0.29253983,0.46173948,0.170454,-1.8313172,2.030454,-2.2841346,-0.37341505,0.5066352,0.65420836,0.13169476,-1.3479462,6.412502,-1.1870553,-0.18083262,-2.5013595,-0.83302295,-0.068234,0.18804729,-0.0076561393,0.08015221,-0.629568,-1.023805,0.30213934,-0.2378039,0.7122899,-0.20403662,-0.34609056,-0.23353645,0.5716884,-0.16232285,-0.34397444,0.21372688,-0.02763925,-0.0631362,-0.116122864,0.2665616,-0.20107083,0.14883313,0.2533098,-0.2928764,-0.29596308,-0.31408936,-0.2890495,-0.05598603,-0.6340489,0.10445282,0.25933677,0.059150882,-0.12629089,-0.26456672,0.44946155,-0.073866814,0.14786944
24,1.442733,-3.1383395,3.0371618,-5.204945,-4.49899,2.6017356,1.0346807,2.555572,-0.16112489,2.215196,-1.9492409,0.9672475,-3.1914523,-1.939717,1.1179352,-1.3220414,-2.2260923,-0.4101258,0.023450598,-1.4144366,-0.24653408,-0.97795266,-1.1986079,-1.1870553,7.1000943,0.08551259,0.13645825,1.1048684,0.27439585,-0.5780462,0.8721231,0.57798946,-0.216065,0.5520054,0.77039886,-0.5362038,-0.27147418,0.15946193,0.40242103,-0.34017372,-0.6114636,0.06118546,0.566948,-0.62852764,0.1660493,-0.18185423,0.0039181802,0.3533017,-0.47294515,-0.5128156,-0.48917896,0.18198293,-0.36317438,-0.117117256,0.03318419,-0.30545092,0.23259206,0.22193941,0.13974796,0.46452355,-0.08254613,-0.13598606,-0.32202485,0.013301287,-0.015084725
25,4.686291,-4.523573,2.756208,-2.4578953,1.3163486,2.201788,0.068249814,-2.3444982,1.8222964,2.429708,-1.1763442,1.6267377,-1.3302083,-1.1707449,1.6334038,-0.6672429,3.5574007,-0.12476814,-0.81394434,-0.41776812,-0.10736811,0.27036297,-0.7721462,-0.18083262,0.08551259,5.6934533,0.24902815,-0.20112062,0.9288807,0.22488809,-0.16379823,-0.3683195,0.645818,-0.49205768,-0.41696948,1.2474673,-0.08900368,-0.01009181,-0.9064096,0.6399371,-0.8700427,-0.65572596,0.5641755,-0.21254043,0.05756454,-0.29163164,0.0012425384,-0.1333995,0.1292027,-0.06388074,-0.15103942,-0.2614023,0.05435045,-0.24155602,0.25693023,0.14130284,0.04070338,0.2552973,-0.5094007,-0.13204631,0.16009004,0.105127744,-0.08032958,0.2912013,0.1842438
26,0.58476067,-3.3153834,-0.30830592,1.3901951,-0.9277222,-3.7001576,4.5124273,-0.9827676,1.6302167,1.6875336,1.9000738,-0.14354378,-0.37691897,2.0550942,1.2298288,0.4152204,-1.0592057,-0.757705,-0.35932943,0.5681662,-0.68613124,1.1984737,1.4670649,-2.5013595,0.13645825,0.24902815,5.995548,0.8821344,0.10061562,0.093823776,-0.5562103,-0.497632,-0.48333722,0.44926763,0.30607465,0.15488137,0.079429746,-0.66048574,-0.486113,-0.09197098,0.3331512,0.13327712,-0.011639043,-0.15970233,0.20445642,-0.07103231,0.07099199,-0.016947579,0.56542194,-0.227375,0.11343378,0.31756985,0.07442659,0.24099292,-0.026604699,-0.7003437,0.09162316,0.08508855,-0.21664849,0.18345231,0.035066433,0.13767156,0.12596218,0.039258488,-0.33521783
27,2.4675686,-1.0557446,2.4463468,-1.6894324,-0.62725884,-1.819943,0.53550506,0.22380345,0.06832382,2.589292,-1.7898843,-0.43148994,-0.7640548,1.3777993,0.0788025,-0.13663499,0.44891065,-1.9904773,0.08690122,-0.19735828,1.4646904,-0.22428395,2.0107722,-0.83302295,1.1048684,-0.20112062,0.8821344,4.06362,-0.07119121,-0.15476795,-0.4249333,0.044184953,-0.030755041,0.6856921,-0.105282456,-0.20813239,0.08068903,0.9181584,0.48354,-0.079100974,-0.47762913,0.53899026,-0.06095376,-0.87984884,-0.16136396,0.29951224,0.2033582,-0.046212222,-0.22142075,0.09046074,-0.09857498,-0.28739017,0.12401162,-0.046927292,-0.014915055,0.009335391,0.09692307,-0.39677018,0.3096069,-0.42951888,-0.18293118,0.28163004,0.12774143,0.057777658,0.108800665
28,-3.6678257,-1.0981935,3.1879735,-0.26008308,0.03665931,0.19244385,1.941915,1.6689041,-0.24997042,1.0323615,-0.1452227,-0.32733607,2.0249357,0.13663875,1.189601,1.2001982,0.37627256,-0.17072186,0.19772722,-0.34004334,1.125977,-1.4067478,-0.45060685,-0.068234,0.27439585,0.9288807,0.10061562,-0.07119121,4.117025,0.10434647,0.39424014,1.4701831,-0.1852305,-1.0102026,-0.6947503,-0.022635221,-0.7048882,-0.6104573,-0.41393957,-0.21689789,0.21401191,-0.889711,0.21057735,-0.017473988,-0.083720535,0.3538916,-0.10327458,-0.058998168,-0.11122389,0.28599915,-0.21534377,-0.089438215,-0.06574138,0.11092791,-0.13579528,-0.23264855,0.4402027,-0.048752427,0.14978126,0.058635335,-0.40582812,0.02492505,0.100646906,-0.082638375,0.18338019
29,2.941893,0.24876109,-0.63483876,2.7502046,-2.7495427,-1.9135785,0.8288795,-1.1158664,-2.0471678,-0.22449428,0.13959463,0.12186788,0.7636476,2.205584,0.33464783,0.29805344,0.7904705,0.1749839,-0.15938744,-0.51401377,-0.21261719,-0.2521178,1.0651848,0.18804729,-0.5780462,0.22488809,0.093823776,-0.15476795,0.10434647,2.8520486,0.58105075,-0.4634329,0.6665976,-0.12005851,0.47046304,-0.55036086,-0.2194665,0.11608866,-0.33599547,0.09790085,-0.30746838,-0.639099,-0.14709595,-0.44332087,-0.17337671,-0.2354247,0.5684121,0.014347778,0.13511407,0.011504525,0.09208029,-0.183951,-0.58210135,0.018445332,0.13823716,0.2023651,-0.028296728,-0.028964743,0.24977268,-0.18026021,-0.27223384,-0.03164228,-0.043956645,0.33586565,-0.20393558
30,-2.7364957,-0.652321,0.05863461,-0.62383103,0.9823961,-2.115108,-0.98632956,1.1647254,0.13087803,0.70528597,1.4361179,0.4477944,-1.7912233,1.6464581,0.25163686,0.14011863,-1.0074558,1.3794754,0.89536315,-0.46950305,-0.6302221,-1.4737637,0.17698368,-0.0076561393,0.8721231,-0.16379823,-0.5562103,-0.4249333,0.39424014,0.58105075,4.6436415,0.2994908,0.21826905,-0.39563608,0.30421475,-0.23724043,0.34447062,-0.40092736,0.2525183,0.29419035,-0.11542088,0.33987862,0.39506578,0.15873447,-0.14293736,-0.10649939,0.39162695,-0.05628027,0.22926591,0.0927784,-0.19216973,-0.28977507,-0.49127424,-0.019564122,0.33152136,-0.1207799,-0.4103107,0.2829467,0.21175319,0.061074242,-0.37870318,-0.12353416,-0.12274808,-0.15549305,0.119601086
31,2.7381444,1.2281177,2.8335643,2.9213352,1.7550933,0.764644,0.7565919,0.9461922,-1.2220421,-0.17658913,0.616431,0.61375976,0.039011665,-0.6709337,1.6043601,0.6738032,-1.923362,0.4404906,1.0291228,-0.3924244,0.0067179054,-0.43752646,-0.34463257,0.08015221,0.57798946,-0.3683195,-0.497632,0.044184953,1.4701831,-0.4634329,0.2994908,2.6600401,-0.58547103,-0.022679184,-0.2533111,0.37511587,0.09296355,-0.38066673,0.10212895,-0.24193592,-0.22600582,-0.25400513,-0.059012134,-0.04543157,-0.4294642,0.15822385,-0.07669442,0.066211134,-0.06326769,-0.116291925,-0.13162969,0.034007974,0.23404738,-0.004683519,-0.08960379,0.05239909,-0.0554464,-0.05492133,0.21506181,0.023425717,-0.069389604,0.03622468,0.08855115,0.03910353,0.09395228
32,3.442061,-0.7807369,-0.6595558,-0.4040585,-1.1301365,-0.0704671,0.4549337,-2.7240696,-0.4353822,-1.4473181,-0.11831502,-0.7633915,-1.4435871,0.50776505,0.38345468,1.4136336,0.11643691,-0.20806068,0.15520477,0.76932967,0.15516633,-1.220444,0.27110958,-0.629568,-0.216065,0.645818,-0.48333722,-0.030755041,-0.1852305,0.6665976,0.21826905,-0.58547103,3.15957,0.07853551,-0.05979696,-0.13915554,-0.1122825,-0.1335046,-0.24522603,0.75238454,-0.64466727,0.20822039,-0.49092722,-0.33793908,-0.12932298,-0.2353604,0.18314025,0.42932078,-0.4913785,-1.2857534e-05,-0.08465624,0.10134445,0.11537175,0.020144744,0.1360693,-0.19770621,0.13051847,0.0772848,0.05985209,-0.24938542,0.3514823,-0.2580589,0.073303,-0.05145082,-0.06789878
33,-1.60254,1.0222486,0.269827,-2.1289759,-0.73212945,0.51889473,-0.6930492,0.630944,2.339219,-0.87116,-1.1240994,0.31506854,-0.42309135,0.31977743,-0.7759961,-0.11149307,0.30170888,-0.2474198,-0.4438607,0.22576731,-0.8225007,1.0531406,0.67339873,-1.023805,0.5520054,-0.49205768,0.44926763,0.6856921,-1.0102026,-0.12005851,-0.39563608,-0.022679184,0.07853551,2.2851121,0.44889927,0.022377506,-0.2223852,0.5351563,-0.08202248,0.1536487,-0.12559728,-0.10157034,-0.26400456,0.12951627,-0.05762068,-0.43405885,0.047556326,0.23355478,0.23866193,-0.45995212,0.07865396,0.39355528,0.13289021,0.08148721,0.09698622,-0.006329594,-0.098978415,0.02435437,0.19031861,-0.1053913,-0.2870236,-0.2191587,-0.059266753,0.08464761,-0.10011996
34,2.0144,-1.0489923,2.228614,1.2252207,-1.7129877,0.9361521,0.590513,0.21908635,0.3011968,-1.1468856,-0.5256555,-0.45860332,-1.1842004,-0.32286006,0.5661548,-0.14540201,0.113718525,0.26329008,-0.16338395,-0.8837012,-1.0813973,1.6751199,0.079464875,0.30213934,0.77039886,-0.41696948,0.30607465,-0.105282456,-0.6947503,0.47046304,0.30421475,-0.2533111,-0.05979696,0.44889927,1.4823141,-0.2763822,0.40669158,0.10601775,-0.4121643,-0.5732454,-0.12358379,0.093967356,0.11038387,0.04724033,0.19925506,-0.108807914,0.15710975,0.13839637,-0.064682245,-0.18309712,-0.093334526,0.21516357,-0.4219395,0.11361313,-0.01549375,-0.10610039,0.05226627,0.22781536,0.21645054,-0.03804777,-0.17021778,0.058063164,0.23577978,0.079908036,0.084451824
35,-1.6324457,-1.5117798,1.6796955,1.7787042,1.9336541,0.50275373,-1.0092311,0.21381901,-0.42716533,0.5908552,0.15441117,-0.12328403,-1.6577008,0.77707136,-0.98313624,-0.3027652,-0.41103163,-0.6620614,0.4031024,0.39483315,-1.3886521,-0.21902071,-0.6737584,-0.2378039,-0.5362038,1.2474673,0.15488137,-0.20813239,-0.022635221,-0.55036086,-0.23724043,0.37511587,-0.13915554,0.022377506,-0.2763822,2.4217584,0.54997337,-0.10072004,-0.65987945,-0.02350039,-0.09519244,-0.13673615,0.39937967,-0.20962599,-0.24945861,-0.36372733,-0.12830058,-0.2847734,-0.025027761,0.047519214,0.10925751,-0.041006226,-0.0006805443,-0.10373244,0.29523158,-0.10332883,0.24766034,-0.36756742,-0.10046984,0.0043716338,0.07584146,-0.1060292,0.13922082,-0.102527216,0.19212627
36,-2.962419,0.8048563,1.158077,0.8232858,-0.018808948,-0.4707951,0.90133464,-0.6958859,0.13277592,-0.95942676,0.71754694,2.0183766,-2.874343,1.2263638,1.0994062,0.056353968,-0.26438293,-0.17187054,-0.25487974,-1.4807116,-0.106450826,0.32535166,-0.074828476,0.7122899,-0.27147418,-0.08900368,0.079429746,0.08068903,-0.7048882,-0.2194665,0.34447062,0.09296355,-0.1122825,-0.2223852,0.40669158,0.54997337,2.6374934,0.12245929,0.18620041,-0.20019083,0.1444692,0.24814229,-0.31101787,-0.031575885,0.2254771,0.30686876,-0.33939564,0.17979175,-0.2928161,-0.1274651,-0.0969508,-0.48764306,0.11797087,0.17058535,-0.11948398,-0.13512176,-0.014229303,-0.16617334,0.042152833,-0.20843816,0.12416546,0.12521154,0.041176435,-0.14061335,-0.0040777354
37,-2.4350352,-0.36467898,-0.9688866,-1.0378611,1.7132506,1.1494344,-2.0402534,0.5129371,1.1779339,-0.3205021,-0.89598364,0.033557754,0.64449584,-0.46705192,-0.70547307,-0.98178,0.7206867,0.23924679,-0.22560373,-0.6774646,0.1197597,-0.40351158,0.7124429,-0.20403662,0.15946193,-0.01009181,-0.66048574,0.9181584,-0.6104573,0.11608866,-0.40092736,-0.38066673,-0.1335046,0.5351563,0.10601775,-0.10072004,0.12245929,1.4456725,0.20893154,0.29189128,-0.26303685,0.12560222,0.13877872,0.10831687,-0.183045,-0.07678381,0.05808553,0.115238,-0.15709612,0.11154261,-0.08156538,-0.18162914,-0.061281875,0.19286719,-0.0001304287,0.1753911,0.12249982,-0.16426083,0.1921934,-0.09755769,-0.31968004,0.119959325,-0.043815777,0.1544416,-0.07908408
38,2.1042995,-0.3274038,0.31654608,-2.2572684,0.54519707,0.337144,-1.0016403,-0.5309617,0.030890886,1.0642253,0.27615237,0.61712337,0.23871562,-0.10576661,-1.2284676,0.5783677,-0.42603415,0.718529,0.1293259,0.26309508,1.0671815,-0.9015317,0.35235602,-0.34609056,0.40242103,-0.9064096,-0.486113,0.48354,-0.41393957,-0.33599547,0.2525183,0.10212895,-0.24522603,-0.08202248,-0.4121643,-0.65987945,0.18620041,0.20893154,1.6342764,-0.21165955,-0.23512799,0.17150997,-0.32507324,0.15665358,0.23575777,0.31573206,-0.15272579,0.03972029,0.15030701,-0.013339212,0.12599052,-0.05851952,0.25399706,-0.16194007,-0.14945737,0.084658556,-0.030791368,-0.16740942,0.013645781,0.0017583198,0.21003821,0.029451014,-0.08027449,-0.18116538,-0.24307168
39,0.028024953,-2.8085465,-1.913384,1.4297321,1.2795969,-0.5694777,0.04050453,-0.9995585,0.5247068,-1.4766414,1.1877446,0.20275143,0.65461373,0.023070207,-0.056547657,-0.35633162,0.3166858,-0.34859842,0.16111328,-0.18043289,0.36875427,-0.45552582,0.51534414,-0.23353645,-0.34017372,0.6399371,-0.09197098,-0.079100974,-0.21689789,0.09790085,0.29419035,-0.24193592,0.75238454,0.1536487,-0.5732454,-0.02350039,-0.20019083,0.29189128,-0.21165955,1.6173481,0.027626114,0.3143474,0.107193515,0.16075784,-0.42021573,-0.43271965,0.004492219,0.23532751,0.10942052,0.022296809,-0.09759918,-0.16565946,0.1674922,0.08414504,-0.019634757,0.17881441,-0.18475398,0.04469478,-0.036829665,0.06092789,0.016893305,-0.016861945,-0.35880768,-0.07451594,0.0059134187
40,1.5132558,-0.11039686,-3.1101215,-0.25464833,-1.5079666,0.5487295,0.5256961,0.65652734,0.3744102,0.42562932,1.6971927,0.96412724,0.6295892,-1.0458775,-0.7434614,-0.78325987,0.14520535,0.73865074,-0.37404805,0.6275384,-0.14912933,0.15231395,-0.11379705,0.5716884,-0.6114636,-0.8700427,0.3331512,-0.47762913,0.21401191,-0.30746838,-0.11542088,-0.22600582,-0.64466727,-0.12559728,-0.12358379,-0.09519244,0.1444692,-0.26303685,-0.23512799,0.027626114,2.5109208,-0.41653144,-0.33690894,-0.31163388,-0.23912634,-0.00040045573,0.03624782,-0.22952151,-0.0892527,0.028879095,-0.26846206,-0.010983648,0.08014339,0.3113426,0.014565444,-0.08573464,-0.23950052,-0.23032898,0.044695593,-0.107331395,-0.27952904,-0.12466264,-0.13835427,-0.07310851,0.13908014
41,1.3029091,0.34844872,-0.38845724,0.58829737,2.2576883,-0.3595652,-1.1877396,-0.9170086,0.08389704,0.48053566,-0.56319785,0.09534843,-0.09780185,-0.3551718,-0.55184484,-0.07173375,-0.7534183,-0.20194206,0.8381307,-0.31984457,0.31013983,-0.1381306,0.7014425,-0.16232285,0.06118546,-0.65572596,0.13327712,0.53899026,-0.889711,-0.639099,0.33987862,-0.25400513,0.20822039,-0.10157034,0.093967356,-0.13673615,0.24814229,0.12560222,0.17150997,0.3143474,-0.41653144,1.8813144,0.51162827,0.18150564,-0.11316429,0.17585507,-0.005104097,-0.10520794,-0.09196683,0.04956132,0.10588148,0.17558175,-0.15081552,0.0398769,-0.3086514,-0.3019076,-0.30667415,0.18163535,-0.0085899765,0.02158327,0.1102697,0.28197658,0.03585714,-0.19159406,0.15108857
42,-3.357606,3.754313,0.51437044,1.5492461,2.6720839,0.11334927,-0.78434813,0.44534177,-0.4385949,1.6754022,-0.80288553,-1.0972353,1.4077556,-0.35027838,-0.58312356,0.28743374,0.49208283,-0.61176276,0.012349835,-0.72386837,-0.40996748,0.80023843,-0.2395164,-0.34397444,0.566948,0.5641755,-0.011639043,-0.06095376,0.21057735,-0.14709595,0.39506578,-0.059012134,-0.49092722,-0.26400456,0.11038387,0.39937967,-0.31101787,0.13877872,-0.32507324,0.107193515,-0.33690894,0.51162827,1.6618848,-0.1789347,-0.14381325,-0.07327561,0.18302554,0.2551112,-0.053548552,0.16971788,0.077259034,0.07484208,-0.18628845,-0.07790117,0.16606557,-0.08140658,-0.106441386,0.0065322937,-0.0994823,0.07172171,-0.05366802,0.06567059,-0.111431986,0.10324326,0.16126853
43,-0.30260253,0.4259428,0.8917805,0.677075,1.1892296,0.12359644,-0.89571667,-0.081879675,1.345546,-1.4618046,-0.005518445,1.0170932,0.34576595,0.322307,-0.3808908,0.03300426,0.06367463,0.2994547,0.07666083,-0.47259113,-0.40199614,0.35963723,-0.20247498,0.21372688,-0.62852764,-0.21254043,-0.15970233,-0.87984884,-0.017473988,-0.44332087,0.15873447,-0.04543157,-0.33793908,0.12951627,0.04724033,-0.20962599,-0.031575885,0.10831687,0.15665358,0.16075784,-0.31163388,0.18150564,-0.1789347,1.592755,0.2622198,-0.16853407,-0.41488522,0.04268381,0.32481882,-0.0009679806,-0.15614541,-0.03459122,0.036862925,-0.036616914,-0.21685246,-0.12824866,0.04721925,0.1464414,0.0040652915,0.37104315,-0.1088592,0.052203223,0.025466088,-0.27537698,0.05311127
44,-0.014291007,-1.015326,1.3018137,-3.1096005,-0.6084034,0.34623724,-0.07104645,0.58813393,0.96728057,-0.8220866,0.63101554,-1.2271496,-0.21122754,-0.58665776,-0.10705459,0.95639044,-0.25390902,0.19609505,-0.5748395,-0.799035,0.5817621,0.88603497,-0.016984677,-0.02763925,0.1660493,0.05756454,0.20445642,-0.16136396,-0.083720535,-0.17337671,-0.14293736,-0.4294642,-0.12932298,-0.05762068,0.19925506,-0.24945861,0.2254771,-0.183045,0.23575777,-0.42021573,-0.23912634,-0.11316429,-0.14381325,0.2622198,1.25259,0.37947196,0.25152984,0.03749471,-0.121100284,-0.051586464,-0.0041710814,0.006115554,0.06758476,-0.1229396,0.046548273,-0.047119252,0.14592353,-0.09948175,-0.028277326,0.10443657,-0.019817788,-0.12512791,-0.041977093,-0.030419456,-0.010471212
45,-1.1755564,-0.95880437,-0.7402562,-0.75304043,1.0851165,-0.83541656,-0.30912402,0.5580112,0.22158213,0.97893095,-0.0935733,-0.2189685,0.53137994,0.22082663,-0.0632059,-0.22903892,-0.080270395,-0.0038227485,-0.0513365,-0.26034784,0.41942084,-0.10169511,-0.009152449,-0.0631362,-0.18185423,-0.29163164,-0.07103231,0.29951224,0.3538916,-0.2354247,-0.10649939,0.15822385,-0.2353604,-0.43405885,-0.108807914,-0.36372733,0.30686876,-0.07678381,0.31573206,-0.43271965,-0.00040045573,0.17585507,-0.07327561,-0.16853407,0.37947196,0.9891873,0.17766559,-0.06350501,-0.08359891,0.15774535,-0.15573645,-0.16085574,0.13090207,0.06862788,-0.23975915,0.04389386,0.056207933,0.12740794,0.036112282,0.033227116,0.08059151,0.057574615,0.07759106,0.12401657,-0.1189439
46,0.6854388,0.2912488,-1.6982245,0.99872875,-0.39249736,-0.40469664,-1.1905303,0.36975586,-0.66309506,0.52361983,0.37137806,-1.269486,0.48283026,-0.7698147,-0.43806803,-0.061362773,-0.36299616,0.41363978,-0.3428896,-0.39121434,-0.3554095,0.06454714,0.4427863,-0.116122864,0.0039181802,0.0012425384,0.07099199,0.2033582,-0.10327458,0.5684121,0.39162695,-0.07669442,0.18314025,0.047556326,0.15710975,-0.12830058,-0.33939564,0.05808553,-0.15272579,0.004492219,0.03624782,-0.005104097,0.18302554,-0.41488522,0.25152984,0.17766559,0.9081099,0.13812283,-0.14287525,0.07791087,-0.0444782,-0.07211068,-0.06305763,0.12181513,0.010259804,0.027457763,-0.14856014,-0.018021302,0.066428855,-0.08066596,-0.07381842,-0.25749207,0.023218427,0.12753946,0.0028700596
47,-1.9485462,0.104901314,1.1457509,1.3201523,0.040976122,-0.22214672,-1.1612679,0.7545815,0.10508622,-0.90412235,0.03799835,-0.26466495,0.30055785,0.43395674,-0.21421164,0.2756853,0.20242658,-0.7878903,-0.76601017,0.040437832,-0.36331272,0.2870742,-0.30326322,0.2665616,0.3533017,-0.1333995,-0.016947579,-0.046212222,-0.058998168,0.014347778,-0.05628027,0.066211134,0.42932078,0.23355478,0.13839637,-0.2847734,0.17979175,0.115238,0.03972029,0.23532751,-0.22952151,-0.10520794,0.2551112,0.04268381,0.03749471,-0.06350501,0.13812283,1.1649697,-0.117507786,-0.08319684,0.015402788,-0.0100069875,0.27466905,0.27625117,-0.023723982,-0.23721819,-0.09373225,0.03645888,0.046593316,0.031306803,0.1490092,-0.34656382,-0.15000191,0.02048577,-0.082301825
48,1.3741264,-0.67326367,-0.06496555,1.1658227,0.9307406,-0.68578935,-0.11217554,-0.028856203,0.86654633,-0.0001525686,0.30758852,0.07323954,0.11572993,1.007402,-0.4210236,-0.1316568,0.42289138,-0.0680387,-0.09619539,0.48152453,-0.4294724,0.16606095,0.60699606,-0.20107083,-0.47294515,0.1292027,0.56542194,-0.22142075,-0.11122389,0.13511407,0.22926591,-0.06326769,-0.4913785,0.23866193,-0.064682245,-0.025027761,-0.2928161,-0.15709612,0.15030701,0.10942052,-0.0892527,-0.09196683,-0.053548552,0.32481882,-0.121100284,-0.08359891,-0.14287525,-0.117507786,0.9268639,-0.14208332,0.040901877,0.08791763,0.07068717,-0.07509161,-0.035689738,0.09810284,0.038555183,0.2542537,-0.040792868,0.115070835,0.04014528,0.089070916,0.08161016,0.09040721,-0.14884382
49,-0.19095019,-0.10035133,-0.6635593,0.261386,-0.006228598,-0.6433549,-0.6248883,0.1872583,-0.8454684,0.55501413,-1.0155888,-0.15695678,0.1797049,-0.07195375,-0.41198927,-0.45213148,0.12442505,-0.39778814,0.165003,0.2679565,0.43699217,-0.28530964,0.2587421,0.14883313,-0.5128156,-0.06388074,-0.227375,0.09046074,0.28599915,0.011504525,0.0927784,-0.116291925,-1.2857534e-05,-0.45995212,-0.18309712,0.047519214,-0.1274651,0.11154261,-0.013339212,0.022296809,0.028879095,0.04956132,0.16971788,-0.0009679806,-0.051586464,0.15774535,0.07791087,-0.08319684,-0.14208332,0.49680194,0.021128066,-0.028792974,-0.009474943,0.1126161,-0.02135915,0.08764517,0.1349499,0.06994383,0.03436299,0.07170935,-0.054410797,0.017838126,-0.027302349,-0.06964603,0.10382978
50,-0.7653922,0.4236318,0.5052642,-1.3072495,-0.68435,0.323515,-1.0913262,0.24343473,-0.48458272,-0.87689847,-0.41462272,-0.17006369,0.051918812,-0.0964746,-0.5399493,0.045531645,-0.06814234,-0.60190773,0.09968245,0.6847946,0.66097003,0.030452475,0.11487442,0.2533098,-0.48917896,-0.15103942,0.11343378,-0.09857498,-0.21534377,0.09208029,-0.19216973,-0.13162969,-0.08465624,0.07865396,-0.093334526,0.10925751,-0.0969508,-0.08156538,0.12599052,-0.09759918,-0.26846206,0.10588148,0.077259034,-0.15614541,-0.0041710814,-0.15573645,-0.0444782,0.015402788,0.040901877,0.021128066,0.7163461,0.32210118,-0.043165937,-0.1291169,0.10384806,-0.07466109,-0.12675609,-0.14264628,-0.100082584,-0.13129678,-0.0316429,0.005716889,0.0096334275,-0.0030656233,0.013258273
51,0.7187706,0.0218308,0.13218915,-1.4875435,-0.5813263,0.88771886,0.5339977,-0.09511038,0.72775024,-0.8892665,-0.7898264,0.12184621,-0.030562881,-0.5611062,-0.0623226,-0.13027835,-0.34597933,0.097158045,0.31127757,1.1336788,0.03992313,0.38857478,-0.056641277,-0.2928764,0.18198293,-0.2614023,0.31756985,-0.28739017,-0.089438215,-0.183951,-0.28977507,0.034007974,0.10134445,0.39355528,0.21516357,-0.041006226,-0.48764306,-0.18162914,-0.05851952,-0.16565946,-0.010983648,0.17558175,0.07484208,-0.03459122,0.006115554,-0.16085574,-0.07211068,-0.0100069875,0.08791763,-0.028792974,0.32210118,0.8321373,-0.27217132,0.04649499,-0.0017942858,-0.14000863,-0.00091061176,-0.022184893,0.14563064,0.012375805,0.03299117,0.0051057125,-0.06557038,-0.033604924,0.062216785
52,-0.63337255,0.9518747,-0.83004904,0.18369955,0.60050225,0.09652387,-0.8840523,-0.09008394,-0.014328426,0.25848365,-0.2070592,-0.84313107,-0.37481993,-1.1440172,-0.07773529,0.5721506,-0.21709803,-0.4659798,-0.45248145,0.018812474,0.20535392,0.035866037,0.5431922,-0.29596308,-0.36317438,0.05435045,0.07442659,0.12401162,-0.06574138,-0.58210135,-0.49127424,0.23404738,0.11537175,0.13289021,-0.4219395,-0.0006805443,0.11797087,-0.061281875,0.25399706,0.1674922,0.08014339,-0.15081552,-0.18628845,0.036862925,0.06758476,0.13090207,-0.06305763,0.27466905,0.07068717,-0.009474943,-0.043165937,-0.27217132,0.8436945,-0.00010968818,-0.024282213,0.00047294062,0.014737903,0.08950427,-0.17113501,-0.045661762,0.16304225,-0.14585063,0.08734621,0.063974515,-0.064416945
53,0.91931605,-0.30061877,0.18115313,0.99967825,0.13117597,0.6239209,-0.33082348,0.5890217,0.5221806,-0.082673594,0.10771179,0.5105388,0.25737044,-0.36653268,0.17490783,-0.3267894,0.018660285,0.5729424,-0.49776363,-0.1640752,-0.40212348,-0.31224728,0.22444752,-0.31408936,-0.117117256,-0.24155602,0.24099292,-0.046927292,0.11092791,0.018445332,-0.019564122,-0.004683519,0.020144744,0.08148721,0.11361313,-0.10373244,0.17058535,0.19286719,-0.16194007,0.08414504,0.3113426,0.0398769,-0.07790117,-0.036616914,-0.1229396,0.06862788,0.12181513,0.27625117,-0.07509161,0.1126161,-0.1291169,0.04649499,-0.00010968818,0.614887,-0.1907788,0.037234433,0.13578238,0.15171209,0.08042539,0.033139236,-0.06379566,-0.054693192,-0.120689884,-0.03288605,-0.021911263
