,0,1,2,3,4,5,6,7,8,9,10,11,12,13,14,15,16,17,18,19,20,21,22,23,24,25,26,27,28,29,30,31,32,33,34,35,36,37,38,39,40,41,42,43,44,45,46,47,48,49
0,793.3738,79.081726,76.10234,-16.102737,20.215088,-2.5663037,-0.00337166,0.001239862,0.0029034433,-0.0006130129,0.0027739746,0.0018022567,-0.0016789375,-0.0015720623,0.0017945361,-0.00056712795,0.0010067325,-0.00042797884,-0.0012467869,0.0017124993,-0.00014973411,-0.0013964553,0.00033579156,-0.00046106626,0.00037843958,-0.0017080199,0.00058779115,-8.439587e-05,0.0009221033,0.00039532373,-6.550525e-05,-0.00011138292,-0.0002832926,1.3987361e-05,-0.0004732613,-0.00028075257,1.981761e-06,7.861451e-05,-0.00018705118,-1.4293197e-05,-0.0002878416,0.00042597574,-0.00013694858,-0.00017480573,2.3531364e-05,0.00041539958,0.00041367533,-0.00011056733,-6.5383574e-05,4.6781483e-05
1,79.081726,291.38928,-101.87363,-52.542885,-18.311417,-32.903107,-0.007422566,0.0067304457,0.00057878497,-0.0005139754,0.00076135335,-0.0011185212,-0.00016025528,0.00063110015,0.00019022226,-0.0008200625,-0.0008212951,0.0019211994,-0.0009902085,0.00078819774,-0.0016770957,0.00010850165,0.00025405828,0.00020531773,-0.00029125088,0.00030973507,0.0005859364,-9.856847e-05,-6.82573e-05,8.8427725e-05,0.0004843758,-0.0006989827,0.00018144166,-0.0001709736,-0.00028880316,-8.139003e-06,0.0001121109,-0.0003191245,7.01135e-05,-2.1130878e-05,5.296676e-05,-0.00017229581,8.961243e-05,6.6930974e-05,0.00019928362,-5.341835e-05,-0.00014417197,-0.00016385394,2.6315112e-05,-0.00010114405
2,76.10234,-101.87363,57.931007,21.26371,-13.630385,12.492868,0.0012019885,-0.002544134,-0.0026054485,0.0020532564,-0.0017197144,0.0013940871,0.0007667751,0.002236702,-0.0005086048,0.001308596,0.00015967814,-0.0002680961,0.00040185562,-0.0005756625,0.00010283602,-0.000368473,-0.0006744623,-6.5022377e-06,0.00026041904,0.00023060966,-0.0004227215,-0.0011643011,-0.00069629896,-0.0008049039,0.00019844549,0.00031684246,-0.00026135315,8.291904e-06,0.00041472347,0.00053999503,-8.520308e-06,0.0003302286,-0.00027913065,-4.7701455e-05,-7.724427e-05,5.135674e-05,0.00024549296,3.2473275e-05,1.12764665e-05,-8.014642e-05,4.0258405e-05,-0.00012053559,4.551592e-05,0.000120589764
3,-16.102737,-52.542885,21.26371,10.661197,-5.5470943,5.967207,0.00032542367,0.0024947547,-0.0029000347,7.659818e-05,-0.0007995359,0.00016784265,0.00045036053,0.0024601738,-0.00019368425,0.0019789094,-5.3583237e-05,-2.9223891e-05,0.00047328198,-0.00028987217,0.0007340844,7.2833165e-05,-0.0008315285,4.3652486e-05,0.000559447,0.00010512561,-5.3528995e-05,-0.00016374423,-0.000745146,-0.00014852341,0.0005594528,-0.0002273486,0.00016930711,0.00021193421,3.6101985e-05,0.00065027183,0.00012819399,-0.00014801344,-0.0002349872,-6.459141e-05,-7.3946285e-05,-0.00041586306,0.0002436002,5.9174054e-05,-0.00010726553,0.00022030555,-9.1358685e-05,-7.782495e-06,4.9295042e-05,6.0915856e-05
4,20.215088,-18.311417,-13.630385,-5.5470943,67.52852,1.8940966,-9.855152e-05,0.0099678915,-0.0007922909,-0.00024528807,0.00027736468,-0.00027348066,-0.001075738,-0.0004413447,0.0007469469,6.267599e-05,0.0005581954,-0.0006682025,-0.00011181453,-0.00038530398,-0.00019869706,-0.000372989,0.00056282815,-0.00013714535,-0.0004498056,-0.00027294585,0.00061127753,0.0001862047,-4.287167e-05,-8.685036e-06,-0.00013865001,0.00024536974,-0.00015963745,0.00032563094,-3.8143608e-05,0.0001475267,-0.00017688812,-4.7692913e-05,0.0002927542,1.4229394e-05,-0.0002354573,0.00012147798,-5.030124e-05,-9.259314e-05,0.00014904034,-0.00013400477,-2.2230226e-05,-4.975775e-05,-9.774354e-05,-4.8924587e-05
5,-2.5663037,-32.903107,12.492868,5.967207,1.8940966,3.7731254,0.0006228901,-0.004572451,0.0026536896,-0.0018336272,0.001278772,-0.00049391814,-0.00017288094,-0.0005646902,0.00085129053,-0.00095150375,-0.000101283484,-8.0778176e-05,-0.0006184526,0.0012228411,-0.00050642074,0.00058910216,-0.0002902958,7.4484533e-06,-0.00037988002,-0.00029149913,0.00030120532,0.00036748138,0.00078051793,0.0001111508,-0.00024727944,-0.00024429846,5.975284e-05,-0.00023604414,-0.00027255592,-0.00029589198,-5.898032e-06,-0.00022717648,6.282766e-05,-3.304075e-05,-2.4354942e-05,2.9959403e-05,-4.2446067e-05,-0.00022005333,0.00022799268,-7.690393e-05,-4.0256906e-05,-0.00017265287,-6.681636e-05,-9.616373e-05
6,-0.00337166,-0.007422566,0.0012019885,0.00032542367,-9.855152e-05,0.0006228901,0.005017392,0.0009931994,0.0028367399,0.00058957725,-0.00064577797,0.0021625296,-0.00084574625,-0.0011485398,-0.00014943327,-0.0009875458,0.00072505267,0.0006136942,-0.00041986158,-0.00054310623,0.00032795832,0.00046775906,1.8652949e-05,-0.0001467182,-0.00025037516,0.00052032043,-0.0006120049,-0.00023523175,-8.230016e-05,0.00069104345,-0.000115911884,-0.00011677221,0.0002054142,-0.0002372939,0.00038485363,-0.00017641467,-4.5580076e-05,0.00042077844,0.00047070457,-0.00029593118,-0.00015222134,2.4275245e-05,-0.00018081677,0.00062695716,-2.7112994e-05,0.0003741373,0.00013204341,0.00015275068,0.000111011934,-0.00013702785
7,0.001239862,0.0067304457,-0.002544134,0.0024947547,0.0099678915,-0.004572451,0.0009931994,0.0148962205,-0.0013012432,0.0014504788,-0.0036672368,0.002406108,0.0018230131,0.003474225,-0.0010198073,0.0017833642,-0.0005509422,-0.00047832687,-0.00014078713,-0.001121832,0.0014619494,0.001704955,-0.0015664513,0.0003529035,0.0012385253,0.0011743899,-0.0011894244,-0.0006021707,-0.0008514332,-0.0013986679,0.0003076088,-1.24739245e-05,0.0004317733,-5.3981763e-05,5.8406185e-05,0.00046225998,0.00026143016,0.00019333855,-0.00029505193,-0.00023541843,-4.8072583e-05,-0.00032110212,0.0003034331,1.2886831e-05,-0.00026349485,0.0003913473,0.00026321574,0.00018825996,0.0002461949,-7.75924e-05
8,0.0029034433,0.00057878497,-0.0026054485,-0.0029000347,-0.0007922909,0.0026536896,0.0028367399,-0.0013012432,0.011996013,-0.0030632387,-0.0011340538,0.0017127602,0.0017124346,-0.0004546762,0.0016273572,-0.0022081155,0.00027671765,-0.0011148932,-0.0017682915,0.0009597653,0.0002830266,0.0006300685,0.0004988001,0.0002199712,-0.00065986894,-0.0004241695,-0.00056197436,0.0006694223,7.789582e-06,-0.00047359904,-0.00039295835,-0.00058823265,0.00041565188,-0.00016230627,0.0003476616,-0.00078736665,-0.00019911648,-3.6008903e-05,5.696898e-05,-0.00023526163,-0.00023793569,4.767202e-05,-0.00037586945,0.00019944468,0.00025562546,0.00019352819,7.636414e-05,-0.00034258666,1.5159038e-05,-0.0005331082
9,-0.0006130129,-0.0005139754,0.0020532564,7.659818e-05,-0.00024528807,-0.0018336272,0.00058957725,0.0014504788,-0.0030632387,0.0070717875,0.00055954844,-0.0012761545,0.00013925973,-0.0013944312,-0.0015556761,0.000344306,-0.00041503803,-0.00020495466,0.00021078816,-0.0003674894,0.0012657471,0.00089858146,-0.00013285632,-0.00014447221,0.0002680373,0.00041336752,0.0003561505,-0.00064483145,-0.00066198886,-3.058775e-05,-0.00012922056,0.00018981131,4.1990592e-05,0.00015422428,8.429913e-05,3.5711855e-05,3.7277292e-05,0.0004233474,0.00041904446,-5.359079e-05,-0.00021229187,0.00015443252,-5.2592382e-05,9.0271e-05,-0.00013286376,-0.0002574864,2.6451922e-05,0.00023175581,4.8286125e-05,5.4355383e-05
10,0.0027739746,0.00076135335,-0.0017197144,-0.0007995359,0.00027736468,0.001278772,-0.00064577797,-0.0036672368,-0.0011340538,0.00055954844,0.0043555363,-0.0023849825,-0.0014958337,-0.0015956586,0.0009991417,-0.000562279,-0.00038200527,0.00014916566,-0.00072039245,0.0007506894,1.9484309e-05,0.00022576019,0.00034789433,-8.265494e-05,-0.00012917818,0.00020808872,0.00017049545,0.0003355604,0.0005173885,0.0007176857,-5.2313208e-05,-0.00027760438,0.00050720753,0.00019969392,-0.00032161758,-3.7568723e-05,6.404387e-05,-0.00016181117,-4.194428e-05,-9.2082795e-05,-9.962874e-06,-0.0001868663,0.0001530044,-6.898043e-05,0.00011336659,7.587777e-06,-8.481909e-05,9.1744776e-05,7.438544e-05,8.463508e-05
11,0.0018022567,-0.0011185212,0.0013940871,0.00016784265,-0.00027348066,-0.00049391814,0.0021625296,0.002406108,0.0017127602,-0.0012761545,-0.0023849825,0.00631704,0.0004096932,0.0006783576,-0.0007451243,-0.0011064165,0.0008794734,-0.00027663453,0.00012928361,0.000814443,-0.00075303385,-0.0008934138,-0.00076530734,6.22171e-05,0.00023924258,6.0325765e-05,-0.00020784247,-0.00022363497,6.455339e-06,-0.00031443156,0.00061402866,5.753005e-05,-0.00028598518,-0.00014784001,0.00032169852,-0.00020427129,8.6894164e-05,0.000549212,-0.00028995142,-0.0003887007,-0.00024937745,0.00016411227,-0.00021042241,0.00019100956,-0.00015148945,0.00016227628,5.4118238e-05,0.0001923744,4.65982e-05,-1.6212307e-05
12,-0.0016789375,-0.00016025528,0.0007667751,0.00045036053,-0.001075738,-0.00017288094,-0.00084574625,0.0018230131,0.0017124346,0.00013925973,-0.0014958337,0.0004096932,0.0030018757,0.0020503514,0.0004905943,-0.0002920262,0.00020521517,-0.0010875212,0.00021270795,0.0001240382,0.0004035459,5.7822675e-05,-4.950339e-05,0.00014297529,0.00046072842,-3.6606252e-05,0.00041202563,0.00024302004,-3.2294236e-05,-0.00065000076,1.7149318e-05,-8.54008e-05,-0.00035606718,0.00029267522,-5.976331e-05,-0.00034126686,6.9895985e-05,-0.00013049808,7.16514e-05,1.241099e-05,-6.828345e-05,-0.00011032549,-5.404984e-05,-0.00029036123,2.3516066e-05,-2.7503484e-05,0.00014623345,-3.170578e-05,3.8412534e-05,-5.0723866e-05
13,-0.0015720623,0.00063110015,0.002236702,0.0024601738,-0.0004413447,-0.0005646902,-0.0011485398,0.003474225,-0.0004546762,-0.0013944312,-0.0015956586,0.0006783576,0.0020503514,0.0057705594,0.0010426112,0.000698368,0.0005412231,-0.00014040491,0.00018043308,-0.00020918128,-0.00053306145,5.2504387e-05,-0.00019649144,0.00020429825,-3.243859e-05,0.00061373954,0.000703785,0.00020982965,-0.00010636532,-0.0004357911,6.0600425e-05,-7.046667e-05,-0.00020692215,0.00029752136,0.00018396834,0.00046142202,2.902365e-06,-2.9510167e-05,0.0002001538,-4.5261608e-05,0.00011556007,-0.00042285078,0.0003346102,-0.00016832667,0.00015564969,0.00028005597,-8.687145e-05,-9.4529925e-05,6.8680174e-06,-0.00018346723
14,0.0017945361,0.00019022226,-0.0005086048,-0.00019368425,0.0007469469,0.00085129053,-0.00014943327,-0.0010198073,0.0016273572,-0.0015556761,0.0009991417,-0.0007451243,0.0004905943,0.0010426112,0.0032908723,2.743065e-07,-0.0005181863,0.000534426,-0.00061288197,1.8292149e-05,-0.0007823417,-0.00024311806,0.00031134943,-4.5423392e-05,0.0006548622,0.00023686628,6.152894e-05,1.491486e-05,0.00012741832,0.00045048285,0.0003555397,2.8508048e-05,0.00015272699,0.00030544068,6.505614e-05,-3.826661e-05,0.00024869997,-5.397437e-05,-0.00019344527,-0.00012971878,0.00014409272,-0.00028999336,-0.00013716944,-5.938715e-06,7.7023404e-05,0.000102043436,0.00013456536,-0.000118266,-6.567508e-05,-0.00013604443
15,-0.00056712795,-0.0008200625,0.001308596,0.0019789094,6.267599e-05,-0.00095150375,-0.0009875458,0.0017833642,-0.0022081155,0.000344306,-0.000562279,-0.0011064165,-0.0002920262,0.000698368,2.743065e-07,0.0032944875,-0.00043133728,0.0005805992,0.00079349487,0.00018385242,-4.663966e-05,-0.00016288809,-4.3006447e-05,-0.00035336922,0.00056165166,-0.00033256024,-1.3102066e-05,-0.00043427164,-0.0004238434,3.882467e-05,-0.00023909188,-0.00014904464,-2.4008896e-05,-0.00013384793,-9.891158e-05,0.00022339332,-0.00018499001,6.12046e-05,2.3591632e-05,8.17951e-06,1.2588436e-05,-0.00019471609,0.00016619745,9.2560265e-05,-9.978637e-05,2.7402086e-05,2.1275328e-06,-7.994614e-05,-0.00012324474,-3.3428383e-05
16,0.0010067325,-0.0008212951,0.00015967814,-5.3583237e-05,0.0005581954,-0.000101283484,0.00072505267,-0.0005509422,0.00027671765,-0.00041503803,-0.00038200527,0.0008794734,0.00020521517,0.0005412231,-0.0005181863,-0.00043133728,0.0016292679,0.0004402317,0.0003980646,-0.00025872528,0.00012193929,7.861511e-05,0.00028253882,-0.0002767322,-4.847312e-05,0.00022708991,0.00022934422,0.00029740683,0.00011172058,0.00011695303,0.00018074583,0.00013797905,-0.000114442715,-0.0002740519,0.0002467766,-0.00025888538,-0.00011732686,0.00014185645,0.00012464864,6.375927e-05,-4.4221488e-05,-6.358622e-05,0.0001461168,9.9133606e-05,0.00017226767,0.00010548409,-6.26349e-05,-3.7371523e-05,-1.1632439e-05,5.2008174e-05
17,-0.00042797884,0.0019211994,-0.0002680961,-2.9223891e-05,-0.0006682025,-8.0778176e-05,0.0006136942,-0.00047832687,-0.0011148932,-0.00020495466,0.00014916566,-0.00027663453,-0.0010875212,-0.00014040491,0.000534426,0.0005805992,0.0004402317,0.0020472228,0.00037349312,-0.00040194954,-0.000275578,0.00047637487,-7.9204576e-05,-0.00021884561,0.00022514214,0.00019570073,9.750346e-05,-0.0003114824,-0.0001315474,0.00028978236,0.0003556272,0.00030920492,0.00021227307,-0.00043091137,0.00025166105,-0.000110149274,-5.129489e-05,1.528257e-05,-8.21365e-05,2.030078e-05,3.5882884e-05,-0.0001371004,0.00010337837,4.643835e-05,0.00017780461,0.00011183538,-0.00010647553,-0.00010487863,-0.00011749008,5.4742144e-05
18,-0.0012467869,-0.0009902085,0.00040185562,0.00047328198,-0.00011181453,-0.0006184526,-0.00041986158,-0.00014078713,-0.0017682915,0.00021078816,-0.00072039245,0.00012928361,0.00021270795,0.00018043308,-0.00061288197,0.00079349487,0.0003980646,0.00037349312,0.0020574753,0.0004054773,0.0002733823,-0.00023770897,0.0003616066,2.905397e-05,0.00018324848,-0.00024423987,0.00037296192,6.5978275e-05,-7.075102e-05,0.00012225668,-0.00015721642,0.00021033346,-0.0002521776,-5.079019e-05,0.00017430706,0.00012307306,-6.898932e-05,0.00010551537,-0.00012745091,6.818953e-05,-0.00030399876,0.0001510556,0.0001843017,-0.00017344658,-5.7997862e-05,0.00012182142,7.434539e-05,4.0463965e-05,-0.000114226226,0.00012983439
19,0.0017124993,0.00078819774,-0.0005756625,-0.00028987217,-0.00038530398,0.0012228411,-0.00054310623,-0.001121832,0.0009597653,-0.0003674894,0.0007506894,0.000814443,0.0001240382,-0.00020918128,1.8292149e-05,0.00018385242,-0.00025872528,-0.00040194954,0.0004054773,0.00242339,-0.0003762219,5.3444528e-05,-0.0004613889,0.00013829046,-5.251498e-05,-0.0004597102,0.00036410848,0.0001257507,0.00014637478,3.8126112e-05,-1.629438e-05,-0.00043750703,3.0616626e-05,3.659397e-05,-0.00018266166,-3.896311e-05,-8.0603684e-05,0.0001008386,-0.000114511415,-0.00026367954,-0.00036767637,0.00015727458,0.00013740608,-0.00016077148,3.0226409e-05,-6.6523444e-06,4.0247265e-05,-0.00012933854,-5.1358584e-05,-4.6630506e-05
20,-0.00014973411,-0.0016770957,0.00010283602,0.0007340844,-0.00019869706,-0.00050642074,0.00032795832,0.0014619494,0.0002830266,0.0012657471,1.9484309e-05,-0.00075303385,0.0004035459,-0.00053306145,-0.0007823417,-4.663966e-05,0.00012193929,-0.000275578,0.0002733823,-0.0003762219,0.0015093898,0.00068834116,0.00015471391,2.311072e-05,8.982168e-05,-1.3492092e-05,8.8129535e-05,0.00036746013,-0.00025024093,-2.2464563e-05,-1.2928189e-05,-3.372799e-05,0.00030782778,7.542295e-06,3.743876e-05,-0.00016152348,3.214626e-05,-0.0001980176,0.00012358694,5.1410192e-05,-0.0001727367,-2.8430683e-05,-5.3600153e-05,-3.357893e-05,-0.0001184895,0.00013242304,-1.5894082e-05,6.547781e-05,6.47443e-05,8.970732e-05
21,-0.0013964553,0.00010850165,-0.000368473,7.2833165e-05,-0.000372989,0.00058910216,0.00046775906,0.001704955,0.0006300685,0.00089858146,0.00022576019,-0.0008934138,5.7822675e-05,5.2504387e-05,-0.00024311806,-0.00016288809,7.861511e-05,0.00047637487,-0.00023770897,5.3444528e-05,0.00068834116,0.0019093725,-0.00041417312,7.237344e-05,8.261579e-05,0.00034935703,7.10571e-05,8.728185e-05,0.00022597394,-4.7172434e-05,-0.0001828114,1.9065063e-05,0.00031542048,-0.00044869696,2.4038101e-05,-0.00015749826,0.00013661475,-7.65132e-06,0.00013296548,8.659748e-06,-7.4504875e-05,2.751945e-05,7.284361e-05,-0.00020002379,0.00012410358,0.000115882256,8.61514e-06,-8.358979e-05,-6.7197645e-05,-6.291873e-05
22,0.00033579156,0.00025405828,-0.0006744623,-0.0008315285,0.00056282815,-0.0002902958,1.8652949e-05,-0.0015664513,0.0004988001,-0.00013285632,0.00034789433,-0.00076530734,-4.950339e-05,-0.00019649144,0.00031134943,-4.3006447e-05,0.00028253882,-7.9204576e-05,0.0003616066,-0.0004613889,0.00015471391,-0.00041417312,0.00099479,-0.0001301303,-0.00020601638,-1.0704702e-05,-7.989824e-05,0.00012627854,1.18675125e-05,0.00016066758,-0.00033227023,0.00020525604,-6.081633e-06,0.00011835028,0.0001551745,-7.768098e-05,-4.780519e-05,1.02639515e-05,5.558108e-05,5.117132e-05,-2.5152724e-05,3.89957e-05,8.421108e-06,3.8804737e-05,8.869011e-05,9.880113e-05,6.1299186e-05,2.3543722e-05,-2.3433928e-05,2.9318926e-05
23,-0.00046106626,0.00020531773,-6.5022377e-06,4.3652486e-05,-0.00013714535,7.4484533e-06,-0.0001467182,0.0003529035,0.0002199712,-0.00014447221,-8.265494e-05,6.22171e-05,0.00014297529,0.00020429825,-4.5423392e-05,-0.00035336922,-0.0002767322,-0.00021884561,2.905397e-05,0.00013829046,2.311072e-05,7.237344e-05,-0.0001301303,0.00059568865,-0.0002875154,-5.3202916e-06,0.00010161786,-8.0447855e-05,-0.000111163026,-0.00012976209,-0.00016335984,4.0431703e-05,0.00013312665,0.00017349405,9.950581e-05,0.00012626141,-3.1895265e-06,-6.880058e-05,-2.9410367e-05,-9.0808826e-05,8.58907e-06,8.440904e-05,-2.4047291e-05,-0.00010821772,-0.00012472778,-1.3532965e-05,-4.389488e-05,8.979987e-05,-4.1453713e-05,-7.324928e-05
24,0.00037843958,-0.00029125088,0.00026041904,0.000559447,-0.0004498056,-0.00037988002,-0.00025037516,0.0012385253,-0.00065986894,0.0002680373,-0.00012917818,0.00023924258,0.00046072842,-3.243859e-05,0.0006548622,0.00056165166,-4.847312e-05,0.00022514214,0.00018324848,-5.251498e-05,8.982168e-05,8.261579e-05,-0.00020601638,-0.0002875154,0.0010827746,7.140936e-05,-5.6732228e-05,-8.478142e-06,0.00010002394,9.05581e-05,0.00035694998,0.000157228,-0.0001738492,-3.415226e-05,-0.000120659155,-0.00015540814,0.00020392082,0.0001068634,-0.00017264308,7.423939e-05,2.4820372e-05,-0.00012148441,-7.085828e-05,-0.00011226162,-6.707784e-05,-1.846316e-05,6.573419e-05,4.7345042e-05,-6.888654e-05,2.8957664e-05
25,-0.0017080199,0.00030973507,0.00023060966,0.00010512561,-0.00027294585,-0.00029149913,0.00052032043,0.0011743899,-0.0004241695,0.00041336752,0.00020808872,6.0325765e-05,-3.6606252e-05,0.00061373954,0.00023686628,-0.00033256024,0.00022708991,0.00019570073,-0.00024423987,-0.0004597102,-1.3492092e-05,0.00034935703,-1.0704702e-05,-5.3202916e-06,7.140936e-05,0.0008158206,-3.6819034e-05,-8.677845e-05,0.00020022067,-0.00010503025,-2.7873093e-06,0.00017740912,0.00019844415,-8.601585e-05,8.07958e-05,0.00011421062,7.9828555e-05,7.230483e-05,7.596693e-05,-3.9058243e-05,2.6776816e-05,-0.000120083285,0.00010341902,8.089589e-05,8.726121e-06,-1.9512328e-05,4.0307164e-05,8.368086e-05,8.3334584e-05,-5.338773e-06
26,0.00058779115,0.0005859364,-0.0004227215,-5.3528995e-05,0.00061127753,0.00030120532,-0.0006120049,-0.0011894244,-0.00056197436,0.0003561505,0.00017049545,-0.00020784247,0.00041202563,0.000703785,6.152894e-05,-1.3102066e-05,0.00022934422,9.750346e-05,0.00037296192,0.00036410848,8.8129535e-05,7.10571e-05,-7.989824e-05,0.00010161786,-5.6732228e-05,-3.6819034e-05,0.001027074,0.0002730682,5.5338984e-05,0.00014710418,9.588718e-05,7.0526716e-05,7.331828e-05,-1.3068855e-05,1.7881313e-05,6.336099e-05,0.00015961021,-0.00012676205,7.968041e-05,-5.141527e-05,-7.5067575e-05,-8.722606e-05,-0.00010633298,-8.326064e-05,-5.1975436e-05,-6.531738e-05,-6.665721e-05,6.576438e-05,-9.8103636e-05,-5.071477e-05
27,-8.439587e-05,-9.856847e-05,-0.0011643011,-0.00016374423,0.0001862047,0.00036748138,-0.00023523175,-0.0006021707,0.0006694223,-0.00064483145,0.0003355604,-0.00022363497,0.00024302004,0.00020982965,1.491486e-05,-0.00043427164,0.00029740683,-0.0003114824,6.5978275e-05,0.0001257507,0.00036746013,8.728185e-05,0.00012627854,-8.0447855e-05,-8.478142e-06,-8.677845e-05,0.0002730682,0.00088223966,0.00025497697,0.000116006006,7.174675e-05,2.4662172e-06,3.4085348e-05,2.4252327e-05,-8.109069e-05,-0.000120885845,-8.422167e-05,5.8794772e-05,-4.0461804e-05,0.00017285475,0.000107229425,-4.1171486e-05,6.025282e-05,-3.1085956e-06,-0.00011356424,0.00011135617,-3.675851e-05,2.2035529e-06,5.1417508e-05,-2.9757493e-05
28,0.0009221033,-6.82573e-05,-0.00069629896,-0.000745146,-4.287167e-05,0.00078051793,-8.230016e-05,-0.0008514332,7.789582e-06,-0.00066198886,0.0005173885,6.455339e-06,-3.2294236e-05,-0.00010636532,0.00012741832,-0.0004238434,0.00011172058,-0.0001315474,-7.075102e-05,0.00014637478,-0.00025024093,0.00022597394,1.18675125e-05,-0.000111163026,0.00010002394,0.00020022067,5.5338984e-05,0.00025497697,0.0006998803,8.700787e-05,-0.0002448474,7.858686e-05,-0.000119675766,-0.00016252347,-0.00018865718,-0.0001100519,0.00012544214,4.7928224e-05,1.5572308e-05,4.2396066e-05,8.675303e-05,3.0825657e-05,1.2679029e-05,-0.00011339471,2.4983652e-05,7.821551e-06,9.324053e-05,6.2474646e-05,-5.067582e-06,1.4942848e-05
29,0.00039532373,8.8427725e-05,-0.0008049039,-0.00014852341,-8.685036e-06,0.0001111508,0.00069104345,-0.0013986679,-0.00047359904,-3.058775e-05,0.0007176857,-0.00031443156,-0.00065000076,-0.0004357911,0.00045048285,3.882467e-05,0.00011695303,0.00028978236,0.00012225668,3.8126112e-05,-2.2464563e-05,-4.7172434e-05,0.00016066758,-0.00012976209,9.05581e-05,-0.00010503025,0.00014710418,0.000116006006,8.700787e-05,0.0008408157,8.0967686e-05,-3.6789133e-05,-7.663731e-05,7.964313e-05,4.7651654e-05,0.00010250689,0.00015455537,8.806227e-05,0.00016593045,-3.8424612e-05,-1.4197186e-05,3.089486e-05,-0.00011046369,0.00010636985,-4.0348452e-05,0.00015951923,2.7437572e-05,4.7298545e-07,-8.529078e-05,2.0002695e-05
30,-6.550525e-05,0.0004843758,0.00019844549,0.0005594528,-0.00013865001,-0.00024727944,-0.000115911884,0.0003076088,-0.00039295835,-0.00012922056,-5.2313208e-05,0.00061402866,1.7149318e-05,6.0600425e-05,0.0003555397,-0.00023909188,0.00018074583,0.0003556272,-0.00015721642,-1.629438e-05,-1.2928189e-05,-0.0001828114,-0.00033227023,-0.00016335984,0.00035694998,-2.7873093e-06,9.588718e-05,7.174675e-05,-0.0002448474,8.0967686e-05,0.0008553398,-2.8219045e-05,5.968583e-05,5.676369e-05,6.919763e-05,-5.2298918e-05,3.7673235e-05,-2.9150073e-05,-0.00016516092,7.68249e-05,-5.732925e-05,-0.000107006315,-8.731656e-05,5.87436e-05,-5.1905627e-05,-3.9186627e-05,-0.000110655164,-8.591343e-05,2.1785036e-05,0.00010429685
31,-0.00011138292,-0.0006989827,0.00031684246,-0.0002273486,0.00024536974,-0.00024429846,-0.00011677221,-1.24739245e-05,-0.00058823265,0.00018981131,-0.00027760438,5.753005e-05,-8.54008e-05,-7.046667e-05,2.8508048e-05,-0.00014904464,0.00013797905,0.00030920492,0.00021033346,-0.00043750703,-3.372799e-05,1.9065063e-05,0.00020525604,4.0431703e-05,0.000157228,0.00017740912,7.0526716e-05,2.4662172e-06,7.858686e-05,-3.6789133e-05,-2.8219045e-05,0.000526299,-1.9877349e-05,-5.2793046e-05,6.931748e-05,-6.2912244e-05,0.000102214966,8.569971e-05,-5.066849e-05,7.939383e-05,0.00010664505,0.00011030884,-4.4473043e-05,-5.8309983e-05,-5.689294e-06,7.349944e-06,2.7252972e-05,0.00010015318,-0.000100828445,-2.7911225e-05
32,-0.0002832926,0.00018144166,-0.00026135315,0.00016930711,-0.00015963745,5.975284e-05,0.0002054142,0.0004317733,0.00041565188,4.1990592e-05,0.00050720753,-0.00028598518,-0.00035606718,-0.00020692215,0.00015272699,-2.4008896e-05,-0.000114442715,0.00021227307,-0.0002521776,3.0616626e-05,0.00030782778,0.00031542048,-6.081633e-06,0.00013312665,-0.0001738492,0.00019844415,7.331828e-05,3.4085348e-05,-0.000119675766,-7.663731e-05,5.968583e-05,-1.9877349e-05,0.0005878139,-8.7522945e-05,8.3960185e-05,-5.388541e-05,-1.1403607e-05,-0.00014550812,-6.360002e-05,-0.00012703156,-3.4831683e-05,-8.00308e-05,-4.4063294e-05,5.5185992e-05,-8.271437e-05,7.050776e-06,-2.8157825e-05,4.7626163e-05,4.775248e-05,-1.9907875e-05
33,1.3987361e-05,-0.0001709736,8.291904e-06,0.00021193421,0.00032563094,-0.00023604414,-0.0002372939,-5.3981763e-05,-0.00016230627,0.00015422428,0.00019969392,-0.00014784001,0.00029267522,0.00029752136,0.00030544068,-0.00013384793,-0.0002740519,-0.00043091137,-5.079019e-05,3.659397e-05,7.542295e-06,-0.00044869696,0.00011835028,0.00017349405,-3.415226e-05,-8.601585e-05,-1.3068855e-05,2.4252327e-05,-0.00016252347,7.964313e-05,5.676369e-05,-5.2793046e-05,-8.7522945e-05,0.00047367526,-1.9012557e-05,7.665725e-05,-2.7725566e-05,-2.3376822e-05,8.147761e-05,-3.650862e-05,2.213566e-05,-2.1004676e-06,-3.524062e-05,4.772329e-06,-7.710069e-05,5.3419702e-05,2.7383421e-06,4.4633824e-05,2.6928057e-05,3.4061177e-05
34,-0.0004732613,-0.00028880316,0.00041472347,3.6101985e-05,-3.8143608e-05,-0.00027255592,0.00038485363,5.8406185e-05,0.0003476616,8.429913e-05,-0.00032161758,0.00032169852,-5.976331e-05,0.00018396834,6.505614e-05,-9.891158e-05,0.0002467766,0.00025166105,0.00017430706,-0.00018266166,3.743876e-05,2.4038101e-05,0.0001551745,9.950581e-05,-0.000120659155,8.07958e-05,1.7881313e-05,-8.109069e-05,-0.00018865718,4.7651654e-05,6.919763e-05,6.931748e-05,8.3960185e-05,-1.9012557e-05,0.00028694636,1.6663045e-05,-4.8621303e-05,0.000105982996,-1.3524897e-06,-2.8015393e-05,-5.846188e-05,2.8542992e-05,-2.6600275e-05,4.6508874e-05,-3.3383047e-05,4.2654618e-05,-3.6708065e-05,-2.652419e-05,-2.8998316e-05,2.072495e-06
35,-0.00028075257,-8.139003e-06,0.00053999503,0.00065027183,0.0001475267,-0.00029589198,-0.00017641467,0.00046225998,-0.00078736665,3.5711855e-05,-3.7568723e-05,-0.00020427129,-0.00034126686,0.00046142202,-3.826661e-05,0.00022339332,-0.00025888538,-0.000110149274,0.00012307306,-3.896311e-05,-0.00016152348,-0.00015749826,-7.768098e-05,0.00012626141,-0.00015540814,0.00011421062,6.336099e-05,-0.000120885845,-0.0001100519,0.00010250689,-5.2298918e-05,-6.2912244e-05,-5.388541e-05,7.665725e-05,1.6663045e-05,0.00058578,0.00011261515,-2.2779153e-05,-4.4525623e-05,5.597751e-06,-7.139814e-05,1.7670485e-05,7.521502e-05,0.00010036749,2.6119774e-06,-1.1716383e-05,-1.2770908e-05,-1.1357984e-05,-2.6757007e-05,-9.259945e-05
36,1.981761e-06,0.0001121109,-8.520308e-06,0.00012819399,-0.00017688812,-5.898032e-06,-4.5580076e-05,0.00026143016,-0.00019911648,3.7277292e-05,6.404387e-05,8.6894164e-05,6.9895985e-05,2.902365e-06,0.00024869997,-0.00018499001,-0.00011732686,-5.129489e-05,-6.898932e-05,-8.0603684e-05,3.214626e-05,0.00013661475,-4.780519e-05,-3.1895265e-06,0.00020392082,7.9828555e-05,0.00015961021,-8.422167e-05,0.00012544214,0.00015455537,3.7673235e-05,0.000102214966,-1.1403607e-05,-2.7725566e-05,-4.8621303e-05,0.00011261515,0.00037201305,-9.58933e-05,-4.49101e-05,-9.1393056e-05,-6.766897e-05,6.803586e-06,-0.00015083993,-6.443773e-05,4.1809864e-05,1.692482e-05,8.932996e-05,5.635684e-05,-7.502099e-05,-2.798647e-06
37,7.861451e-05,-0.0003191245,0.0003302286,-0.00014801344,-4.7692913e-05,-0.00022717648,0.00042077844,0.00019333855,-3.6008903e-05,0.0004233474,-0.00016181117,0.000549212,-0.00013049808,-2.9510167e-05,-5.397437e-05,6.12046e-05,0.00014185645,1.528257e-05,0.00010551537,0.0001008386,-0.0001980176,-7.65132e-06,1.02639515e-05,-6.880058e-05,0.0001068634,7.230483e-05,-0.00012676205,5.8794772e-05,4.7928224e-05,8.806227e-05,-2.9150073e-05,8.569971e-05,-0.00014550812,-2.3376822e-05,0.000105982996,-2.2779153e-05,-9.58933e-05,0.00040851985,-1.542099e-05,3.9741375e-05,4.2276708e-05,8.216317e-05,6.058912e-05,8.546465e-05,-8.648085e-05,4.4034303e-05,1.7445844e-05,1.4238887e-05,-1.6389984e-05,-4.22446e-05
38,-0.00018705118,7.01135e-05,-0.00027913065,-0.0002349872,0.0002927542,6.282766e-05,0.00047070457,-0.00029505193,5.696898e-05,0.00041904446,-4.194428e-05,-0.00028995142,7.16514e-05,0.0002001538,-0.00019344527,2.3591632e-05,0.00012464864,-8.21365e-05,-0.00012745091,-0.000114511415,0.00012358694,0.00013296548,5.558108e-05,-2.9410367e-05,-0.00017264308,7.596693e-05,7.968041e-05,-4.0461804e-05,1.5572308e-05,0.00016593045,-0.00016516092,-5.066849e-05,-6.360002e-05,8.147761e-05,-1.3524897e-06,-4.4525623e-05,-4.49101e-05,-1.542099e-05,0.00036853453,-2.2498985e-05,6.790122e-06,2.5206543e-06,-3.8445418e-05,6.0521957e-05,7.79683e-06,3.6625104e-05,-1.706574e-05,-3.820007e-06,9.799773e-06,1.2981012e-05
39,-1.4293197e-05,-2.1130878e-05,-4.7701455e-05,-6.459141e-05,1.4229394e-05,-3.304075e-05,-0.00029593118,-0.00023541843,-0.00023526163,-5.359079e-05,-9.2082795e-05,-0.0003887007,1.241099e-05,-4.5261608e-05,-0.00012971878,8.17951e-06,6.375927e-05,2.030078e-05,6.818953e-05,-0.00026367954,5.1410192e-05,8.659748e-06,5.117132e-05,-9.0808826e-05,7.423939e-05,-3.9058243e-05,-5.141527e-05,0.00017285475,4.2396066e-05,-3.8424612e-05,7.68249e-05,7.939383e-05,-0.00012703156,-3.650862e-05,-2.8015393e-05,5.597751e-06,-9.1393056e-05,3.9741375e-05,-2.2498985e-05,0.00025087755,4.921014e-05,1.8308463e-05,3.3696306e-05,-2.6087719e-05,-1.1174141e-05,-2.6582795e-05,-9.0386704e-05,-2.3527147e-05,-2.8876577e-05,-2.4466606e-05
40,-0.0002878416,5.296676e-05,-7.724427e-05,-7.3946285e-05,-0.0002354573,-2.4354942e-05,-0.00015222134,-4.8072583e-05,-0.00023793569,-0.00021229187,-9.962874e-06,-0.00024937745,-6.828345e-05,0.00011556007,0.00014409272,1.2588436e-05,-4.4221488e-05,3.5882884e-05,-0.00030399876,-0.00036767637,-0.0001727367,-7.4504875e-05,-2.5152724e-05,8.58907e-06,2.4820372e-05,2.6776816e-05,-7.5067575e-05,0.000107229425,8.675303e-05,-1.4197186e-05,-5.732925e-05,0.00010664505,-3.4831683e-05,2.213566e-05,-5.846188e-05,-7.139814e-05,-6.766897e-05,4.2276708e-05,6.790122e-06,4.921014e-05,0.000311287,-4.6273486e-05,4.8528727e-06,-1.3626964e-05,-5.513327e-05,-4.711529e-05,6.0275233e-06,3.533469e-05,2.5515648e-05,-2.2331249e-05
41,0.00042597574,-0.00017229581,5.135674e-05,-0.00041586306,0.00012147798,2.9959403e-05,2.4275245e-05,-0.00032110212,4.767202e-05,0.00015443252,-0.0001868663,0.00016411227,-0.00011032549,-0.00042285078,-0.00028999336,-0.00019471609,-6.358622e-05,-0.0001371004,0.0001510556,0.00015727458,-2.8430683e-05,2.751945e-05,3.89957e-05,8.440904e-05,-0.00012148441,-0.000120083285,-8.722606e-05,-4.1171486e-05,3.0825657e-05,3.089486e-05,-0.000107006315,0.00011030884,-8.00308e-05,-2.1004676e-06,2.8542992e-05,1.7670485e-05,6.803586e-06,8.216317e-05,2.5206543e-06,1.8308463e-05,-4.6273486e-05,0.0002390349,-2.405116e-05,-4.0891814e-06,-1.5158334e-05,2.6079535e-05,4.9193586e-05,-2.6021457e-05,-5.0666655e-05,-1.1000223e-05
42,-0.00013694858,8.961243e-05,0.00024549296,0.0002436002,-5.030124e-05,-4.2446067e-05,-0.00018081677,0.0003034331,-0.00037586945,-5.2592382e-05,0.0001530044,-0.00021042241,-5.404984e-05,0.0003346102,-0.00013716944,0.00016619745,0.0001461168,0.00010337837,0.0001843017,0.00013740608,-5.3600153e-05,7.284361e-05,8.421108e-06,-2.4047291e-05,-7.085828e-05,0.00010341902,-0.00010633298,6.025282e-05,1.2679029e-05,-0.00011046369,-8.731656e-05,-4.4473043e-05,-4.4063294e-05,-3.524062e-05,-2.6600275e-05,7.521502e-05,-0.00015083993,6.058912e-05,-3.8445418e-05,3.3696306e-05,4.8528727e-06,-2.405116e-05,0.0002619145,9.515558e-06,8.153264e-05,3.5359866e-05,-4.328969e-06,-6.182367e-05,5.4975957e-05,6.100089e-06
43,-0.00017480573,6.6930974e-05,3.2473275e-05,5.9174054e-05,-9.259314e-05,-0.00022005333,0.00062695716,1.2886831e-05,0.00019944468,9.0271e-05,-6.898043e-05,0.00019100956,-0.00029036123,-0.00016832667,-5.938715e-06,9.2560265e-05,9.9133606e-05,4.643835e-05,-0.00017344658,-0.00016077148,-3.357893e-05,-0.00020002379,3.8804737e-05,-0.00010821772,-0.00011226162,8.089589e-05,-8.326064e-05,-3.1085956e-06,-0.00011339471,0.00010636985,5.87436e-05,-5.8309983e-05,5.5185992e-05,4.772329e-06,4.6508874e-05,0.00010036749,-6.443773e-05,8.546465e-05,6.0521957e-05,-2.6087719e-05,-1.3626964e-05,-4.0891814e-06,9.515558e-06,0.00030384737,-5.010693e-05,3.711218e-05,1.4211605e-05,-2.7343667e-05,5.7739908e-05,-3.5560388e-05
44,2.3531364e-05,0.00019928362,1.12764665e-05,-0.00010726553,0.00014904034,0.00022799268,-2.7112994e-05,-0.00026349485,0.00025562546,-0.00013286376,0.00011336659,-0.00015148945,2.3516066e-05,0.00015564969,7.7023404e-05,-9.978637e-05,0.00017226767,0.00017780461,-5.7997862e-05,3.0226409e-05,-0.0001184895,0.00012410358,8.869011e-05,-0.00012472778,-6.707784e-05,8.726121e-06,-5.1975436e-05,-0.00011356424,2.4983652e-05,-4.0348452e-05,-5.1905627e-05,-5.689294e-06,-8.271437e-05,-7.710069e-05,-3.3383047e-05,2.6119774e-06,4.1809864e-05,-8.648085e-05,7.79683e-06,-1.1174141e-05,-5.513327e-05,-1.5158334e-05,8.153264e-05,-5.010693e-05,0.00026491715,3.46614e-05,2.0641233e-05,-7.731268e-05,-1.9599667e-05,-1.9665245e-05
45,0.00041539958,-5.341835e-05,-8.014642e-05,0.00022030555,-0.00013400477,-7.690393e-05,0.0003741373,0.0003913473,0.00019352819,-0.0002574864,7.587777e-06,0.00016227628,-2.7503484e-05,0.00028005597,0.000102043436,2.7402086e-05,0.00010548409,0.00011183538,0.00012182142,-6.6523444e-06,0.00013242304,0.000115882256,9.880113e-05,-1.3532965e-05,-1.846316e-05,-1.9512328e-05,-6.531738e-05,0.00011135617,7.821551e-06,0.00015951923,-3.9186627e-05,7.349944e-06,7.050776e-06,5.3419702e-05,4.2654618e-05,-1.1716383e-05,1.692482e-05,4.4034303e-05,3.6625104e-05,-2.6582795e-05,-4.711529e-05,2.6079535e-05,3.5359866e-05,3.711218e-05,3.46614e-05,0.00023303207,3.3592754e-05,-3.643971e-06,-1.876628e-05,-5.8328687e-06
46,0.00041367533,-0.00014417197,4.0258405e-05,-9.1358685e-05,-2.2230226e-05,-4.0256906e-05,0.00013204341,0.00026321574,7.636414e-05,2.6451922e-05,-8.481909e-05,5.4118238e-05,0.00014623345,-8.687145e-05,0.00013456536,2.1275328e-06,-6.26349e-05,-0.00010647553,7.434539e-05,4.0247265e-05,-1.5894082e-05,8.61514e-06,6.1299186e-05,-4.389488e-05,6.573419e-05,4.0307164e-05,-6.665721e-05,-3.675851e-05,9.324053e-05,2.7437572e-05,-0.000110655164,2.7252972e-05,-2.8157825e-05,2.7383421e-06,-3.6708065e-05,-1.2770908e-05,8.932996e-05,1.7445844e-05,-1.706574e-05,-9.0386704e-05,6.0275233e-06,4.9193586e-05,-4.328969e-06,1.4211605e-05,2.0641233e-05,3.3592754e-05,0.00015735296,-2.9679827e-06,2.2976194e-05,2.3110137e-05
47,-0.00011056733,-0.00016385394,-0.00012053559,-7.782495e-06,-4.975775e-05,-0.00017265287,0.00015275068,0.00018825996,-0.00034258666,0.00023175581,9.1744776e-05,0.0001923744,-3.170578e-05,-9.4529925e-05,-0.000118266,-7.994614e-05,-3.7371523e-05,-0.00010487863,4.0463965e-05,-0.00012933854,6.547781e-05,-8.358979e-05,2.3543722e-05,8.979987e-05,4.7345042e-05,8.368086e-05,6.576438e-05,2.2035529e-06,6.2474646e-05,4.7298545e-07,-8.591343e-05,0.00010015318,4.7626163e-05,4.4633824e-05,-2.652419e-05,-1.1357984e-05,5.635684e-05,1.4238887e-05,-3.820007e-06,-2.3527147e-05,3.533469e-05,-2.6021457e-05,-6.182367e-05,-2.7343667e-05,-7.731268e-05,-3.643971e-06,-2.9679827e-06,0.00016590527,-1.3816895e-05,-2.534535e-05
48,-6.5383574e-05,2.6315112e-05,4.551592e-05,4.9295042e-05,-9.774354e-05,-6.681636e-05,0.000111011934,0.0002461949,1.5159038e-05,4.8286125e-05,7.438544e-05,4.65982e-05,3.8412534e-05,6.8680174e-06,-6.567508e-05,-0.00012324474,-1.1632439e-05,-0.00011749008,-0.000114226226,-5.1358584e-05,6.47443e-05,-6.7197645e-05,-2.3433928e-05,-4.1453713e-05,-6.888654e-05,8.3334584e-05,-9.8103636e-05,5.1417508e-05,-5.067582e-06,-8.529078e-05,2.1785036e-05,-0.000100828445,4.775248e-05,2.6928057e-05,-2.8998316e-05,-2.6757007e-05,-7.502099e-05,-1.6389984e-05,9.799773e-06,-2.8876577e-05,2.5515648e-05,-5.0666655e-05,5.4975957e-05,5.7739908e-05,-1.9599667e-05,-1.876628e-05,2.2976194e-05,-1.3816895e-05,0.00011489623,5.1713723e-05
49,4.6781483e-05,-0.00010114405,0.000120589764,6.0915856e-05,-4.8924587e-05,-9.616373e-05,-0.00013702785,-7.75924e-05,-0.0005331082,5.4355383e-05,8.463508e-05,-1.6212307e-05,-5.0723866e-05,-0.00018346723,-0.00013604443,-3.3428383e-05,5.2008174e-05,5.4742144e-05,0.00012983439,-4.6630506e-05,8.970732e-05,-6.291873e-05,2.9318926e-05,-7.324928e-05,2.8957664e-05,-5.338773e-06,-5.071477e-05,-2.9757493e-05,1.4942848e-05,2.0002695e-05,0.00010429685,-2.7911225e-05,-1.9907875e-05,3.4061177e-05,2.072495e-06,-9.259945e-05,-2.798647e-06,-4.22446e-05,1.2981012e-05,-2.4466606e-05,-2.2331249e-05,-1.1000223e-05,6.100089e-06,-3.5560388e-05,-1.9665245e-05,-5.8328687e-06,2.3110137e-05,-2.534535e-05,5.1713723e-05,0.00016837906
