,0,1,2,3,4,5,6,7,8,9,10,11,12,13,14,15,16,17,18,19,20,21,22,23,24,25,26
0,0.2267892,-0.0036586747,-0.033066977,0.33082962,0.029376552,0.25032037,0.057773042,0.052264273,-0.038608514,-0.17531559,-0.29692104,0.05693326,0.06614804,-0.021499477,0.06386137,-0.003030675,-0.0009703886,0.0048059425,-0.09063758,-0.066315085,0.23225965,0.05334807,-0.024661161,0.10722205,-0.07240426,0.1337782,-0.0675081
1,-0.0036586747,0.07814524,-0.08603817,-0.12505361,0.07174496,-0.15623176,0.02077234,0.07015295,-0.038687594,0.011163618,0.043859206,0.005454952,0.05038798,0.042371023,0.028348578,-0.089630134,-0.0797965,-0.0072338055,0.046827577,-0.023370555,-0.054336764,-0.026567878,-0.005211097,0.022995034,0.010600757,0.05818409,-0.021323152
2,-0.033066977,-0.08603817,0.43935633,0.2331166,-0.43079042,0.28398514,-0.13716081,-0.095862165,0.15699467,-0.063580975,0.13762756,-0.03563173,0.059430752,-0.08912524,-0.07270238,0.13474646,0.059200227,0.15442307,-0.12878248,0.04952053,-0.0031210152,0.13706438,0.08060256,-0.012368085,0.008333701,-0.054784536,0.022939991
3,0.33082962,-0.12505361,0.2331166,1.5128164,0.21656829,1.1517843,0.7170751,0.31373197,-0.13148129,-0.21154991,-0.32170224,-0.17833874,-0.05184844,-0.36533403,0.13971801,0.048724577,0.072307065,0.062342845,-0.26086348,-0.21286431,0.47664934,0.25420544,0.014481746,0.012565458,-0.05673137,0.3635462,-0.31034154
4,0.029376552,0.07174496,-0.43079042,0.21656829,1.5132968,0.17807613,0.48911172,0.39798635,-0.5918207,0.06780336,-0.25695437,-0.010548031,-0.36450344,-0.28546804,-0.11917327,-0.20220256,0.012327418,-0.10630849,0.35921893,-0.3388545,0.012677057,-0.079501614,0.08238194,0.09688209,0.22690219,0.20363402,-0.06829493
5,0.25032037,-0.15623176,0.28398514,1.1517843,0.17807613,1.3741724,0.46976966,-0.09055373,-0.13068461,-0.28851277,-0.42463106,0.05051201,0.07857211,-0.37108985,-0.17936637,0.12911862,0.278996,0.17826846,-0.23485711,-0.104699805,0.43575722,0.32344738,0.10633834,0.0004249945,-0.05197552,0.24434541,-0.35145077
6,0.057773042,0.02077234,-0.13716081,0.7170751,0.48911172,0.46976966,1.5838377,0.1880332,-0.12183125,-0.1774458,-0.15862966,-0.3366294,-0.20684716,-0.39747047,0.06700146,-0.27257144,-0.10850374,0.031568177,0.12222305,-0.32506466,0.27697784,-0.12270001,-0.11283043,0.027196925,0.018011551,0.3767924,-0.41498622
7,0.052264273,0.07015295,-0.095862165,0.31373197,0.39798635,-0.09055373,0.1880332,1.0684241,-0.20445037,0.14361978,0.16330318,-0.20663133,-0.24218956,-0.07846476,0.20447096,-0.04524803,-0.043253172,0.00025066384,0.09539832,-0.097220644,0.09850067,-0.09003031,-0.0058474215,-0.037047286,0.08362088,0.14429238,-0.0071106507
8,-0.038608514,-0.038687594,0.15699467,-0.13148129,-0.5918207,-0.13068461,-0.12183125,-0.20445037,0.57941777,-0.238868,0.10682556,-0.070042975,-0.076492965,0.16655415,0.16803145,0.10923619,-0.012269516,-0.04558293,-0.14390224,0.05723218,0.004981531,0.007948785,-0.06705602,0.1350834,0.05749599,-0.13749519,0.00014922838
9,-0.17531559,0.011163618,-0.063580975,-0.21154991,0.06780336,-0.28851277,-0.1774458,0.14361978,-0.238868,0.98172796,0.5382229,0.17031753,0.2313649,-0.2378707,0.13786629,-0.05009079,-0.090783365,-0.1563581,0.019573864,0.23213059,-0.21973461,0.12603277,0.12803203,-0.2645778,-0.0598958,-0.19262195,0.094077915
10,-0.29692104,0.043859206,0.13762756,-0.32170224,-0.25695437,-0.42463106,-0.15862966,0.16330318,0.10682556,0.5382229,0.8559815,-0.039836917,0.07501945,0.013911052,0.06251587,-0.020001926,-0.2212973,-0.08540368,-0.0014792206,0.16680229,-0.41360188,0.040120438,-0.0027518205,-0.20636691,0.07073359,-0.18829274,0.13537177
11,0.05693326,0.005454952,-0.03563173,-0.17833874,-0.010548031,0.05051201,-0.3366294,-0.20663133,-0.070042975,0.17031753,-0.039836917,0.53938586,0.25364292,-0.047900982,-0.078541964,0.15926498,-0.005671894,-0.1345382,0.028757272,0.110517845,0.058036372,0.16621612,0.16163865,-0.0068371873,0.034982987,-0.109496415,0.013334505
12,0.06614804,0.05038798,0.059430752,-0.05184844,-0.36450344,0.07857211,-0.20684716,-0.24218956,-0.076492965,0.2313649,0.07501945,0.25364292,0.7223567,0.075436205,-0.04801814,0.0970148,-0.12601995,0.045902774,-0.18336084,0.24713802,0.07675104,0.31995416,0.14284712,-0.048329517,-0.11345574,0.071965694,-0.062462367
13,-0.021499477,0.042371023,-0.08912524,-0.36533403,-0.28546804,-0.37108985,-0.39747047,-0.07846476,0.16655415,-0.2378707,0.013911052,-0.047900982,0.075436205,0.7105812,-0.061520867,0.17709363,0.0672144,-0.009507206,-0.17140485,0.24195188,-0.09677611,-0.022373594,-0.12527353,-0.042323116,0.0035566376,0.04382193,0.1310279
14,0.06386137,0.028348578,-0.07270238,0.13971801,-0.11917327,-0.17936637,0.06700146,0.20447096,0.16803145,0.13786629,0.06251587,-0.078541964,-0.04801814,-0.061520867,0.5196464,-0.06380257,-0.07122284,-0.019941367,-0.103622355,-0.017871566,0.022213742,0.04176424,-0.02437692,0.06533071,-0.03010163,-0.015399581,-0.1314759
15,-0.003030675,-0.089630134,0.13474646,0.048724577,-0.20220256,0.12911862,-0.27257144,-0.04524803,0.10923619,-0.05009079,-0.020001926,0.15926498,0.0970148,0.17709363,-0.06380257,0.45961088,0.08693066,-0.004336319,-0.13403854,0.18711671,0.0885593,0.1313589,0.10732527,-0.03506574,0.09900933,-0.07011655,0.058119413
16,-0.0009703886,-0.0797965,0.059200227,0.072307065,0.012327418,0.278996,-0.10850374,-0.043253172,-0.012269516,-0.090783365,-0.2212973,-0.005671894,-0.12601995,0.0672144,-0.07122284,0.08693066,0.57864386,0.104723364,-0.18793094,0.08240252,0.13745904,0.048844464,0.1504474,-0.12526464,-0.057077568,-0.10113624,-0.0830255
17,0.0048059425,-0.0072338055,0.15442307,0.062342845,-0.10630849,0.17826846,0.031568177,0.00025066384,-0.04558293,-0.1563581,-0.08540368,-0.1345382,0.045902774,-0.009507206,-0.019941367,-0.004336319,0.104723364,0.43436208,-0.05888263,-0.019158546,-0.109517835,0.020381024,0.019941863,-0.0048594614,-0.0831122,0.055734366,-0.06425351
18,-0.09063758,0.046827577,-0.12878248,-0.26086348,0.35921893,-0.23485711,0.12222305,0.09539832,-0.14390224,0.019573864,-0.0014792206,0.028757272,-0.18336084,-0.17140485,-0.103622355,-0.13403854,-0.18793094,-0.05888263,0.4478435,-0.14582412,-0.13918185,-0.18200444,-0.013039693,0.07270871,0.08654453,-0.012134165,0.06361377
19,-0.066315085,-0.023370555,0.04952053,-0.21286431,-0.3388545,-0.104699805,-0.32506466,-0.097220644,0.05723218,0.23213059,0.16680229,0.110517845,0.24713802,0.24195188,-0.017871566,0.18711671,0.08240252,-0.019158546,-0.14582412,0.3876546,-0.059336074,0.13639998,0.0022508549,-0.1446451,0.009878675,-0.07903381,0.08306859
20,0.23225965,-0.054336764,-0.0031210152,0.47664934,0.012677057,0.43575722,0.27697784,0.09850067,0.004981531,-0.21973461,-0.41360188,0.058036372,0.07675104,-0.09677611,0.022213742,0.0885593,0.13745904,-0.109517835,-0.13918185,-0.059336074,0.6255814,0.07630953,0.05228047,0.14014399,-0.035422392,0.18217346,-0.14315799
21,0.05334807,-0.026567878,0.13706438,0.25420544,-0.079501614,0.32344738,-0.12270001,-0.09003031,0.007948785,0.12603277,0.040120438,0.16621612,0.31995416,-0.022373594,0.04176424,0.1313589,0.048844464,0.020381024,-0.18200444,0.13639998,0.07630953,0.4320181,0.13063568,0.01564148,0.021851696,-0.020811144,-0.06682754
22,-0.024661161,-0.005211097,0.08060256,0.014481746,0.08238194,0.10633834,-0.11283043,-0.0058474215,-0.06705602,0.12803203,-0.0027518205,0.16163865,0.14284712,-0.12527353,-0.02437692,0.10732527,0.1504474,0.019941863,-0.013039693,0.0022508549,0.05228047,0.13063568,0.38265938,-0.026414443,0.073218256,-0.05549112,-0.022321148
23,0.10722205,0.022995034,-0.012368085,0.012565458,0.09688209,0.0004249945,0.027196925,-0.037047286,0.1350834,-0.2645778,-0.20636691,-0.0068371873,-0.048329517,-0.042323116,0.06533071,-0.03506574,-0.12526464,-0.0048594614,0.07270871,-0.1446451,0.14014399,0.01564148,-0.026414443,0.35441166,0.1242467,0.05225268,0.025024824
24,-0.07240426,0.010600757,0.008333701,-0.05673137,0.22690219,-0.05197552,0.018011551,0.08362088,0.05749599,-0.0598958,0.07073359,0.034982987,-0.11345574,0.0035566376,-0.03010163,0.09900933,-0.057077568,-0.0831122,0.08654453,0.009878675,-0.035422392,0.021851696,0.073218256,0.1242467,0.36841664,-0.027000325,0.073826164
25,0.1337782,0.05818409,-0.054784536,0.3635462,0.20363402,0.24434541,0.3767924,0.14429238,-0.13749519,-0.19262195,-0.18829274,-0.109496415,0.071965694,0.04382193,-0.015399581,-0.07011655,-0.10113624,0.055734366,-0.012134165,-0.07903381,0.18217346,-0.020811144,-0.05549112,0.05225268,-0.027000325,0.41979417,-0.17887513
26,-0.0675081,-0.021323152,0.022939991,-0.31034154,-0.06829493,-0.35145077,-0.41498622,-0.0071106507,0.00014922838,0.094077915,0.13537177,0.013334505,-0.062462367,0.1310279,-0.1314759,0.058119413,-0.0830255,-0.06425351,0.06361377,0.08306859,-0.14315799,-0.06682754,-0.022321148,0.025024824,0.073826164,-0.17887513,0.529831
