,0,1,2,3,4,5,6,7,8,9,10,11,12,13,14,15,16,17,18,19,20,21,22,23,24,25,26,27,28,29,30,31,32,33,34,35,36,37,38,39,40,41,42,43,44,45,46,47,48,49
0,8.152704,22.194792,-25.929523,0.084068924,-0.017204171,-0.09036769,-0.06779288,-0.16780958,-0.014448147,0.07834533,0.041592382,0.009645466,-0.019588936,-0.060407773,0.01902749,-0.013704276,0.009762131,-0.012596037,-0.005740948,0.008419753,-0.0076151993,0.003534501,-0.003889104,-0.0016793571,0.0006992209,-0.003784722,-0.002221261,0.0031695561,0.006871471,0.0017772573,0.0010071963,0.00039927685,-0.0023258612,0.0027577989,-0.0056487042,-0.0015705014,0.0025915513,-0.004636666,-0.0026732332,-0.0004648713,-0.00094707374,0.00065750454,0.0029388121,0.0031571882,-0.0058622854,-0.001992124,0.0009978986,-0.00040842456,0.0008500207,-0.0007811849
1,22.194792,61.064823,-71.31843,-0.2838372,0.15487924,-0.045806937,0.030269958,-0.060734533,-0.030575424,-0.012160756,0.016821615,0.021641403,0.00069456693,-0.011558524,0.0028066637,-0.015477375,-0.0030360362,-0.0041833073,-0.008266658,-0.0010096503,-0.012033047,0.0054831877,-0.0028052297,-0.0022850095,0.0034341854,-0.0010242811,0.0026015101,0.0055367127,0.0010560575,-0.0012725532,0.0011444349,0.0010342028,0.001428669,0.002891128,-0.0017541929,-0.0003059983,0.007268033,-0.0013653899,-0.00091471046,-0.0006878547,-0.0008266816,0.00030785982,0.0006545539,0.0015057554,-0.0023284229,-0.0017165194,-0.0013832528,-0.000106812935,-0.0010120382,0.00040050692
2,-25.929523,-71.31843,83.309906,0.31812462,-0.17199874,0.074422985,-0.030123055,0.0835406,0.029517207,0.010799939,-0.016629975,-0.02325388,0.010967142,0.023970794,-0.008656882,0.0167619,0.0039683487,0.00973817,0.002239665,-0.0043230895,0.009400524,-0.011040136,-0.0019362381,0.0034343437,-0.0042228415,0.0006799337,-0.0037499154,-0.003797398,-0.002453716,-0.00022605759,-0.0025004707,0.0016846332,-0.0009403428,-0.003981808,0.0013153378,0.00081803574,-0.0050739604,-1.6215163e-05,0.0014178059,0.00035588315,0.0005528022,0.0008212211,-0.000106476116,-0.0016492133,0.0015809797,0.0008240558,-0.00062350946,0.00069190416,-0.0013956351,0.00014712405
3,0.084068924,-0.2838372,0.31812462,0.46296832,-0.12537178,-0.16276233,-0.17002738,-0.32175994,-0.045323774,0.19385679,0.089503735,0.007222064,-0.062332608,-0.11140387,0.03698378,-0.015582055,0.032252744,-0.01557581,5.1776464e-05,0.027328394,-0.0028097765,-0.0035862438,-0.016571566,-0.008527359,-0.0067638294,-0.0025025732,0.00030699218,0.0006898359,0.015818795,0.003977987,0.0037739933,0.0003127203,-0.0035563046,0.00601382,-0.012709109,0.0014139544,-0.002766008,-0.008842489,0.00071706,0.0020934916,-0.0018680869,-0.00057014736,0.007350093,0.0032691364,-0.009964689,-0.0055376254,0.0038720719,-0.00070847094,0.0044779936,0.00034221937
4,-0.017204171,0.15487924,-0.17199874,-0.12537178,0.25482908,0.03845731,0.048692837,0.18726535,-0.10517685,-0.040074706,-0.03359352,0.019912785,-0.00453284,0.03527049,-0.053592168,0.033211,-0.009263493,0.0072485395,0.005027205,0.006277468,0.007040741,-0.029759895,0.0035999482,0.008213192,-0.011631981,0.0033079975,-0.0029119374,-0.0053177737,-0.0118595045,-0.008551698,-0.0072135935,-0.0011509557,0.0042197653,-0.002538716,-0.004751307,0.009532547,-0.0025006463,0.0082390215,0.0019024811,0.0014624314,-0.0042807255,-0.0046696775,-0.0018620412,0.0038381268,0.0060277097,0.0026056394,0.0039511975,0.0018123771,0.0009475915,0.0026382199
5,-0.09036769,-0.045806937,0.074422985,-0.16276233,0.03845731,0.2091605,-0.009302657,0.09921301,0.038756467,-0.066025466,-0.022360079,-0.009575002,0.028129546,0.046967093,-0.038759273,-0.0029485188,-0.015189084,0.013430003,-0.019959915,-0.0035883195,-0.023307975,-0.00045339752,0.016721627,-0.0072499183,0.011053331,-0.0031041997,0.0030330825,0.004293521,0.00071513676,-0.0018886114,0.0028402754,-0.0050319284,0.006797463,0.0003621361,0.0025565256,4.4005952e-05,0.0043950146,0.004951398,0.0015420582,0.00037849543,0.0020546652,-0.0020722635,0.0016799655,-0.0043209903,0.0059181526,-0.003937661,-0.0050242823,0.0019844228,-0.0002531518,0.0013006607
6,-0.06779288,0.030269958,-0.030123055,-0.17002738,0.048692837,-0.009302657,0.1469299,0.12773453,-0.01860963,-0.08638622,-0.016456362,-0.0005976189,0.015138494,0.07404703,-0.0010227251,0.0021666368,-0.006750851,0.012960943,0.018442858,-0.020242319,0.013061239,0.0058660638,-0.008894416,0.0063223517,-0.0056231157,0.010203641,0.005356258,-0.0047474457,-0.008120154,0.0018913422,-0.00034475193,-0.00023460228,-0.0007059736,-0.0007745526,0.005180736,8.8933346e-05,-0.0027727066,0.0007083978,-0.000572447,0.002518468,-0.0007924682,0.001766622,-0.004435693,-0.0031337827,0.002161574,0.0023330073,0.0013226088,0.0014479728,-0.003563633,0.00048733468
7,-0.16780958,-0.060734533,0.0835406,-0.32175994,0.18726535,0.09921301,0.12773453,0.30033004,-0.012035319,-0.1364207,-0.06598724,0.0031861637,0.04002925,0.074332304,-0.023143757,0.027161226,-0.012586312,0.009113759,0.004288648,-0.013117924,0.009360408,-0.014007121,0.008133596,0.0069298833,-0.007411184,0.0033109079,0.0005011782,-0.004504093,-0.013005506,-0.009734913,-0.0057937326,-0.0008239867,0.0050953175,-0.0051391292,0.0063034575,0.005263257,0.0029795838,0.0068613817,0.0040436774,0.002220848,-0.0021752664,-0.0013819155,-0.006188157,0.00048847974,0.008447245,0.0051987236,-0.00027876807,0.0008455882,-0.0018032508,0.0014530595
8,-0.014448147,-0.030575424,0.029517207,-0.045323774,-0.10517685,0.038756467,-0.01860963,-0.012035319,0.10604123,-0.025136847,-0.006095974,-0.012497207,0.023173105,-0.014529716,0.03064653,-0.00909446,0.002663604,-0.0033255438,-0.01184427,0.0020975424,-0.0010257442,0.016532717,0.0022180304,-0.0072231665,0.008457035,-0.00087637705,-0.0009259742,0.0017993089,0.0031272061,0.00041026974,0.004189765,-0.0047154715,-0.0015564687,0.0006135958,0.008209339,-0.0059986943,0.0036968547,-0.0013750845,0.0020068,-0.0014255685,0.002978954,0.0016424535,-0.0003953479,-0.0018593299,0.0006254225,0.0020519437,-0.006068104,-0.00064248545,0.0010098983,-0.0023807264
9,0.07834533,-0.012160756,0.010799939,0.19385679,-0.040074706,-0.066025466,-0.08638622,-0.1364207,-0.025136847,0.091179416,0.030700006,0.0047593703,-0.023170583,-0.055717453,0.006799536,-0.0056438297,0.008210718,-0.00946608,-0.006272907,0.012028679,-0.004014292,-0.00621463,-0.0040920535,0.00040440663,-0.00076598313,-0.0041926494,-0.0029170113,0.002065945,0.0059798714,5.283769e-05,-0.000947537,0.002184478,-0.0007715113,0.0018940938,-0.0064489692,0.0006935074,-0.0010813759,-0.0028706803,-0.0005720629,-0.0009401552,-0.00080935704,-0.0003970842,0.0028875908,0.0032694275,-0.004655011,-0.0015946388,0.0015979916,0.00028484556,0.00083221565,3.535831e-05
10,0.041592382,0.016821615,-0.016629975,0.089503735,-0.03359352,-0.022360079,-0.016456362,-0.06598724,-0.006095974,0.030700006,0.054820918,0.0058045387,-0.0046978327,-0.006849065,0.013503227,-0.010460292,0.016911333,0.005777836,-0.0026234654,-0.002551769,-0.0027625794,0.0028600646,-0.005798584,1.7079428e-05,-0.0029142573,0.0050314255,-7.545309e-05,-0.0039265063,0.004180708,0.005934097,0.004946646,-0.003537772,-0.00067931827,0.0024782517,-0.0032551778,-0.0015837702,0.0003818736,-0.0035367287,-0.002595313,0.0007979087,-0.0018828055,0.0016844997,0.001459232,0.001735905,-0.0009122045,-0.0027240426,-0.00026956227,0.00023402256,-8.653538e-06,0.0013602606
11,0.009645466,0.021641403,-0.02325388,0.007222064,0.019912785,-0.009575002,-0.0005976189,0.0031861637,-0.012497207,0.0047593703,0.0058045387,0.00965834,0.0006383724,0.00012905401,-0.0020188245,0.0007344872,0.005209226,0.0020330483,-0.00039935572,0.0013362737,0.00094531843,-0.0021686936,-0.0020722884,0.0008973659,8.156977e-06,-0.00010982144,-0.0050973464,-0.0007416238,-0.0021077832,0.00028700475,0.00040638522,0.0024389813,0.0008237525,-0.0017415598,0.0004968088,0.00094778475,0.0011750739,0.00041674497,1.0335713e-05,-0.0018707389,-0.00083304127,-0.00018860667,0.00017437339,0.001150731,-0.0009834291,0.00015358279,-0.00031352922,-0.00070215785,-0.00029061973,4.0905274e-05
12,-0.019588936,0.00069456693,0.010967142,-0.062332608,-0.00453284,0.028129546,0.015138494,0.04002925,0.023173105,-0.023170583,-0.0046978327,0.0006383724,0.036836434,0.006028415,0.0025978833,-0.0014343897,0.0027666087,7.618831e-05,-0.009536903,-0.0039451052,-0.0061500706,0.004082783,-0.0019467318,0.0064433506,-0.00017363552,-0.0022180662,-0.0018394908,0.004231439,-0.004477652,-0.003426108,-0.0023911987,0.0009350098,0.00014417294,0.00013409858,0.0035115061,-0.0014296202,0.001958921,-0.00080651446,0.0010470622,-0.0029996373,-0.0013614112,0.003002382,0.00023566684,0.0020259111,-1.2267083e-06,0.0014427875,-0.0024680947,-0.0006450518,-0.0026589772,-0.0004129518
13,-0.060407773,-0.011558524,0.023970794,-0.11140387,0.03527049,0.046967093,0.07404703,0.074332304,-0.014529716,-0.055717453,-0.006849065,0.00012905401,0.006028415,0.064371936,-0.01619777,-0.0014141251,-0.0039583305,0.013331769,0.0084825335,-0.0110853035,0.0015254146,0.002004705,-0.004491046,-0.003467176,0.0023184486,0.006825961,0.003024985,-0.0025488783,-0.0032816697,0.004479234,0.0018198082,0.0007995869,0.00045963327,-0.00080802245,0.0021413853,0.001015225,0.0004229402,0.0019238964,-0.0014561198,0.00044132484,0.0013957957,0.0004773361,-0.0006854788,-0.0034319344,0.0027332157,-0.002163635,3.4742276e-05,0.0008185877,-0.002388841,0.00023458696
14,0.01902749,0.0028066637,-0.008656882,0.03698378,-0.053592168,-0.038759273,-0.0010227251,-0.023143757,0.03064653,0.006799536,0.013503227,-0.0020188245,0.0025978833,-0.01619777,0.04928089,-0.0064442353,0.01045498,-0.0048468923,0.008087986,-0.00048458832,0.0016556743,0.0059861103,-0.003820436,-0.0031155935,-0.0021649736,0.0015673487,0.0013655428,0.00042722837,-0.0025558313,0.002094287,-0.001053019,-0.0012625584,0.0010694864,0.0007684042,0.0024217581,0.0005812937,0.0017335291,-0.0035418589,0.0030633586,-0.0006486246,-0.00029554655,-0.00014501662,-0.00017791221,-0.00029716996,-0.0022070552,0.0011668795,-0.0011469771,-0.00037612751,0.0007551153,-0.0015941458
15,-0.013704276,-0.015477375,0.0167619,-0.015582055,0.033211,-0.0029485188,0.0021666368,0.027161226,-0.00909446,-0.0056438297,-0.010460292,0.0007344872,-0.0014343897,-0.0014141251,-0.0064442353,0.020882728,0.001896534,-0.0059415465,0.00762703,-0.00063332083,0.0005829172,-0.0072332756,0.0009942132,-0.00045081344,-0.0049173385,0.00079518114,0.00065841316,-0.00047649513,-0.0008630152,-0.0016435292,0.00081494835,-0.00079093146,0.00025751384,0.0010075325,0.0015583399,-0.0010045756,0.00014402746,9.282913e-05,0.0018882882,0.0011175345,-0.001426575,-0.0011143663,0.0014084149,0.00014219846,0.0021323226,0.00026625386,0.001138509,0.00022791486,0.0013186354,0.0009608397
16,0.009762131,-0.0030360362,0.0039683487,0.032252744,-0.009263493,-0.015189084,-0.006750851,-0.012586312,0.002663604,0.008210718,0.016911333,0.005209226,0.0027666087,-0.0039583305,0.01045498,0.001896534,0.019240007,-0.0034475226,0.0027411308,0.003578252,0.0013058712,0.0011139526,-0.0059168907,-0.0045058858,-0.003218154,0.00065995485,-0.0006604511,-0.0020163283,0.0008683441,0.0015007316,0.0021978184,-0.000381289,-0.0014727835,3.3494034e-05,0.0016990397,-0.001169076,0.00066484115,-0.0011588564,0.0004476215,-0.00019157096,-0.0008332699,0.0016177942,0.0010640728,0.0012697655,0.00058585114,-0.0016133415,-0.0005063397,-0.0020288536,-0.00069729896,-0.00021102844
17,-0.012596037,-0.0041833073,0.00973817,-0.01557581,0.0072485395,0.013430003,0.012960943,0.009113759,-0.0033255438,-0.00946608,0.005777836,0.0020330483,7.618831e-05,0.013331769,-0.0048468923,-0.0059415465,-0.0034475226,0.021650666,-0.0035749795,-0.0038289698,0.002452733,0.002107827,-0.0028462638,0.0023540282,6.800017e-05,0.0050316947,0.0010487306,0.0013802322,-0.00072734314,-0.0019165205,0.0025534583,0.0019272978,0.001119397,0.0010448501,-0.0021927608,0.0010315967,0.0019481943,-0.0016025954,0.0011357408,-0.0019996765,0.0006917417,-0.00017415915,-0.00080224604,-0.001298457,-0.001726782,-0.00034112026,-0.0018759822,0.00030971575,0.0003715022,0.0007261981
18,-0.005740948,-0.008266658,0.002239665,5.1776464e-05,0.005027205,-0.019959915,0.018442858,0.004288648,-0.01184427,-0.006272907,-0.0026234654,-0.00039935572,-0.009536903,0.0084825335,0.008087986,0.00762703,0.0027411308,-0.0035749795,0.024125526,-0.0015709731,-0.0008622486,0.00164404,0.002196249,-0.003640254,-0.0020557183,0.0017299317,0.0025368338,-0.0025152725,-0.0005921925,0.001433466,0.001097194,-0.0015464833,-0.0021232949,0.0006129731,0.0017569887,-0.00052276277,-0.0013596914,0.0002769886,0.001040793,0.0008570063,0.00021412256,-0.0016588729,0.0009665748,-0.0015840863,0.00084843603,-0.00057277444,0.0016977764,-0.00032178135,0.0011381113,-0.0016480958
19,0.008419753,-0.0010096503,-0.0043230895,0.027328394,0.006277468,-0.0035883195,-0.020242319,-0.013117924,0.0020975424,0.012028679,-0.002551769,0.0013362737,-0.0039451052,-0.0110853035,-0.00048458832,-0.00063332083,0.003578252,-0.0038289698,-0.0015709731,0.017009547,0.0014894418,0.0016532661,-0.0040871305,-0.0038857963,0.0013489968,0.0006099432,0.0010783928,-0.00015934605,-0.0005853607,-0.0008604876,-0.0009570833,-0.0019334758,3.257e-05,0.0005895349,0.00086902454,0.0011220551,-0.003085744,0.0019067875,0.0018815036,0.00025377408,0.0007959037,0.00068124104,0.0010468238,0.000792654,0.00066841376,0.0011837634,0.00012984121,-0.00030880998,0.0019353619,-0.00063237024
20,-0.0076151993,-0.012033047,0.009400524,-0.0028097765,0.007040741,-0.023307975,0.013061239,0.009360408,-0.0010257442,-0.004014292,-0.0027625794,0.00094531843,-0.0061500706,0.0015254146,0.0016556743,0.0005829172,0.0013058712,0.002452733,-0.0008622486,0.0014894418,0.013667786,-0.0007501601,-0.0034587537,-0.0009906434,-0.0008077182,0.0024235407,0.00033216435,-0.0030505038,-0.00020150992,0.00067545346,0.00055532606,0.0004903913,-0.0009749616,-0.0012537204,-0.00050030067,0.0010895592,-0.00016578862,-0.00017225968,0.0003276982,0.00050666207,0.0003231388,0.0007264111,-0.00066808163,8.2412924e-05,0.0004867057,0.00029012852,0.001053158,-0.00059033843,0.0007514227,-0.00021336557
21,0.003534501,0.0054831877,-0.011040136,-0.0035862438,-0.029759895,-0.00045339752,0.0058660638,-0.014007121,0.016532717,-0.00621463,0.0028600646,-0.0021686936,0.004082783,0.002004705,0.0059861103,-0.0072332756,0.0011139526,0.002107827,0.00164404,0.0016532661,-0.0007501601,0.014266306,-0.0006098606,-0.00060976564,0.00015554512,0.0018569496,-3.1104417e-05,0.0017912968,-0.00029525335,0.001938587,0.00015832044,-0.0012184081,-0.00023363918,0.0007219636,0.00059787714,-0.0007293033,-0.0016517962,-0.001002702,0.00067065936,-0.0012792025,-0.00056099694,0.0009362543,5.2822033e-05,-0.0011006375,-0.0002928917,0.0005117285,-0.00025917072,-0.0012993135,0.00054440356,-0.0015988117
22,-0.003889104,-0.0028052297,-0.0019362381,-0.016571566,0.0035999482,0.016721627,-0.008894416,0.008133596,0.0022180304,-0.0040920535,-0.005798584,-0.0020722884,-0.0019467318,-0.004491046,-0.003820436,0.0009942132,-0.0059168907,-0.0028462638,0.002196249,-0.0040871305,-0.0034587537,-0.0006098606,0.014249438,0.002136759,0.0019104569,-0.0035899463,-0.00094569306,0.00045021184,0.0006098826,-0.00037269533,0.00027583452,-0.0008921767,0.00086035044,-0.0009722173,-0.00025422417,-0.00018244318,1.0012004e-06,0.0009934669,-0.0014183882,0.0012285064,-0.00028070994,-0.0011254173,-0.00079664285,-9.834545e-05,0.00047379266,-0.00061181735,0.0009216636,0.00041209662,0.0009540973,-0.0008300438
23,-0.0016793571,-0.0022850095,0.0034343437,-0.008527359,0.008213192,-0.0072499183,0.0063223517,0.0069298833,-0.0072231665,0.00040440663,1.7079428e-05,0.0008973659,0.0064433506,-0.003467176,-0.0031155935,-0.00045081344,-0.0045058858,0.0023540282,-0.003640254,-0.0038857963,-0.0009906434,-0.00060976564,0.002136759,0.010951293,-0.0018240145,0.00011413047,-0.0015729722,0.0017420191,-0.0009179966,-0.0024084123,-0.0006015839,0.00095784594,0.00022903338,0.00030942188,-0.00015965369,0.00010064115,-0.0005140171,-0.0007086394,-0.00050251087,-0.0014279914,-0.00096956344,-0.0004949035,-0.000736643,0.0013676053,-0.00091365713,0.0012823595,0.0015842062,0.0012780397,-0.00014851941,0.00096466346
24,0.0006992209,0.0034341854,-0.0042228415,-0.0067638294,-0.011631981,0.011053331,-0.0056231157,-0.007411184,0.008457035,-0.00076598313,-0.0029142573,8.156977e-06,-0.00017363552,0.0023184486,-0.0021649736,-0.0049173385,-0.003218154,6.800017e-05,-0.0020557183,0.0013489968,-0.0008077182,0.00015554512,0.0019104569,-0.0018240145,0.008452755,-0.0016472933,-0.0016482852,0.00035305216,5.8852267e-05,0.0011956391,0.00073333597,0.0008742872,0.00013929288,-0.0011612204,0.0015262899,-0.0006255355,0.00021236126,0.0014866089,-0.00046092848,-0.00029557565,0.0017370387,-0.00031493907,0.0009449119,-0.00032350328,0.00017318064,8.0972975e-05,-0.0010566843,0.00045675942,-0.00044547,-0.0005498235
25,-0.003784722,-0.0010242811,0.0006799337,-0.0025025732,0.0033079975,-0.0031041997,0.010203641,0.0033109079,-0.00087637705,-0.0041926494,0.0050314255,-0.00010982144,-0.0022180662,0.006825961,0.0015673487,0.00079518114,0.00065995485,0.0050316947,0.0017299317,0.0006099432,0.0024235407,0.0018569496,-0.0035899463,0.00011413047,-0.0016472933,0.0070078396,0.0025264788,-0.0012588318,-0.00038202718,0.0013273667,0.0010568858,-0.0010863098,0.00023164786,0.00079089776,-0.000511367,0.00043992297,-0.00020276994,-0.0008847513,0.001050988,-2.887231e-05,-0.0002910252,0.0006550539,-0.000110865076,0.00036523334,-0.0002865646,-0.00080154557,0.0003384679,0.0008417681,0.001111322,0.0005891967
26,-0.002221261,0.0026015101,-0.0037499154,0.00030699218,-0.0029119374,0.0030330825,0.005356258,0.0005011782,-0.0009259742,-0.0029170113,-7.545309e-05,-0.0050973464,-0.0018394908,0.003024985,0.0013655428,0.00065841316,-0.0006604511,0.0010487306,0.0025368338,0.0010783928,0.00033216435,-3.1104417e-05,-0.00094569306,-0.0015729722,-0.0016482852,0.0025264788,0.009266553,-0.00058521936,-0.00017527356,8.078691e-05,0.0001329944,-0.002069673,0.000502017,0.0010073828,-0.00084657874,-0.0007348533,-0.002811801,-0.0006733971,0.0008681582,0.00096675847,0.0001972235,0.0011213906,-0.00032696093,-0.00020829451,0.0011786475,-0.00094812224,-2.140781e-05,-0.000223702,0.00082283793,0.00065967266
27,0.0031695561,0.0055367127,-0.003797398,0.0006898359,-0.0053177737,0.004293521,-0.0047474457,-0.004504093,0.0017993089,0.002065945,-0.0039265063,-0.0007416238,0.004231439,-0.0025488783,0.00042722837,-0.00047649513,-0.0020163283,0.0013802322,-0.0025152725,-0.00015934605,-0.0030505038,0.0017912968,0.00045021184,0.0017420191,0.00035305216,-0.0012588318,-0.00058521936,0.006980665,-0.0027746742,-0.0016202864,-0.0020153024,0.0016269789,0.00092611543,0.00092648243,0.0009282414,0.00090991193,-7.255093e-05,-0.0011560924,0.0012982971,-0.000620006,-0.0006096648,0.00018086743,0.00085605786,-0.0007009777,-0.0010535581,0.0006612439,-0.00026676623,0.00029363172,-0.0005396048,-0.00049992686
28,0.006871471,0.0010560575,-0.002453716,0.015818795,-0.0118595045,0.00071513676,-0.008120154,-0.013005506,0.0031272061,0.0059798714,0.004180708,-0.0021077832,-0.004477652,-0.0032816697,-0.0025558313,-0.0008630152,0.0008683441,-0.00072734314,-0.0005921925,-0.0005853607,-0.00020150992,-0.00029525335,0.0006098826,-0.0009179966,5.8852267e-05,-0.00038202718,-0.00017527356,-0.0027746742,0.006815986,-0.0007608116,0.002075085,-0.0007386124,-0.00041834003,0.00038210215,-0.00040059167,-0.000999986,0.000103407394,-0.00038827801,-0.00096841436,0.0010568646,0.00030563597,-0.0004959408,-0.00085037283,0.0001009253,0.0005545021,-0.00073567743,0.00041513407,-0.00016869103,0.0002227395,0.00011599786
29,0.0017772573,-0.0012725532,-0.00022605759,0.003977987,-0.008551698,-0.0018886114,0.0018913422,-0.009734913,0.00041026974,5.283769e-05,0.005934097,0.00028700475,-0.003426108,0.004479234,0.002094287,-0.0016435292,0.0015007316,-0.0019165205,0.001433466,-0.0008604876,0.00067545346,0.001938587,-0.00037269533,-0.0024084123,0.0011956391,0.0013273667,8.078691e-05,-0.0016202864,-0.0007608116,0.006620426,0.0006174472,0.00012904662,-0.00018940668,-0.00015554731,6.3427474e-06,4.9456146e-05,-0.00018665698,0.0008417008,-0.0007147883,-0.0006192438,8.555055e-05,0.00044302436,0.0010290141,0.00058581005,0.00030588664,-0.0006254541,0.0010522781,-0.00076447974,-0.0002942931,0.00022447956
30,0.0010071963,0.0011444349,-0.0025004707,0.0037739933,-0.0072135935,0.0028402754,-0.00034475193,-0.0057937326,0.004189765,-0.000947537,0.004946646,0.00040638522,-0.0023911987,0.0018198082,-0.001053019,0.00081494835,0.0021978184,0.0025534583,0.001097194,-0.0009570833,0.00055532606,0.00015832044,0.00027583452,-0.0006015839,0.00073333597,0.0010568858,0.0001329944,-0.0020153024,0.002075085,0.0006174472,0.005200018,-0.0005220657,-0.0012090732,-0.00038371718,0.0012285588,-0.0013275617,0.00072841067,6.690018e-05,0.000950531,0.00063568424,0.00058413425,-0.0007437835,0.0003706289,-0.00026854392,0.00016623034,-0.0002698325,-0.00043778773,-0.00028048287,0.0003215404,0.00051697023
31,0.00039927685,0.0010342028,0.0016846332,0.0003127203,-0.0011509557,-0.0050319284,-0.00023460228,-0.0008239867,-0.0047154715,0.002184478,-0.003537772,0.0024389813,0.0009350098,0.0007995869,-0.0012625584,-0.00079093146,-0.000381289,0.0019272978,-0.0015464833,-0.0019334758,0.0004903913,-0.0012184081,-0.0008921767,0.00095784594,0.0008742872,-0.0010863098,-0.002069673,0.0016269789,-0.0007386124,0.00012904662,-0.0005220657,0.006161817,0.0005340703,-0.0018511331,-0.00010007048,0.001154958,0.0019956115,-0.00047995977,0.00037679193,-0.0013259616,0.00015595258,0.0007784454,0.00017681584,0.00026863144,-0.0014035131,0.0002918443,-0.00046182814,-0.0007595783,-0.0005154202,0.00036619345
32,-0.0023258612,0.001428669,-0.0009403428,-0.0035563046,0.0042197653,0.006797463,-0.0007059736,0.0050953175,-0.0015564687,-0.0007715113,-0.00067931827,0.0008237525,0.00014417294,0.00045963327,0.0010694864,0.00025751384,-0.0014727835,0.001119397,-0.0021232949,3.257e-05,-0.0009749616,-0.00023363918,0.00086035044,0.00022903338,0.00013929288,0.00023164786,0.000502017,0.00092611543,-0.00041834003,-0.00018940668,-0.0012090732,0.0005340703,0.0063601304,0.00076019304,-0.00029481156,0.00016530998,-0.0009360027,-0.00089229085,0.0006383301,0.000109906774,-0.00076460175,-5.4448457e-05,-0.00020366203,-0.00012437715,0.00034141872,-0.00045028934,-0.0003005616,0.00033622904,0.0002512976,0.0005963419
33,0.0027577989,0.002891128,-0.003981808,0.00601382,-0.002538716,0.0003621361,-0.0007745526,-0.0051391292,0.0006135958,0.0018940938,0.0024782517,-0.0017415598,0.00013409858,-0.00080802245,0.0007684042,0.0010075325,3.3494034e-05,0.0010448501,0.0006129731,0.0005895349,-0.0012537204,0.0007219636,-0.0009722173,0.00030942188,-0.0011612204,0.00079089776,0.0010073828,0.00092648243,0.00038210215,-0.00015554731,-0.00038371718,-0.0018511331,0.00076019304,0.0041764965,-1.7950417e-05,4.9110455e-05,-0.0011961113,-4.9106995e-05,0.0009355423,7.964048e-05,7.8586534e-05,-0.00034831744,0.00012349145,-0.000348421,0.00069349806,-0.00024383828,-4.4566586e-05,0.00012389156,-0.0003354072,0.0005574627
34,-0.0056487042,-0.0017541929,0.0013153378,-0.012709109,-0.004751307,0.0025565256,0.005180736,0.0063034575,0.008209339,-0.0064489692,-0.0032551778,0.0004968088,0.0035115061,0.0021413853,0.0024217581,0.0015583399,0.0016990397,-0.0021927608,0.0017569887,0.00086902454,-0.00050030067,0.00059787714,-0.00025422417,-0.00015965369,0.0015262899,-0.000511367,-0.00084657874,0.0009282414,-0.00040059167,6.3427474e-06,0.0012285588,-0.00010007048,-0.00029481156,-1.7950417e-05,0.004850506,-0.00095629867,-0.00030918606,0.00069745537,0.0010069595,0.0003305024,0.00022942979,-0.00039072052,0.00056591944,0.00038436722,0.00044346516,0.0006467402,0.00015198952,-0.0003598869,-0.00013983576,1.5544649e-05
35,-0.0015705014,-0.0003059983,0.00081803574,0.0014139544,0.009532547,4.4005952e-05,8.8933346e-05,0.005263257,-0.0059986943,0.0006935074,-0.0015837702,0.00094778475,-0.0014296202,0.001015225,0.0005812937,-0.0010045756,-0.001169076,0.0010315967,-0.00052276277,0.0011220551,0.0010895592,-0.0007293033,-0.00018244318,0.00010064115,-0.0006255355,0.00043992297,-0.0007348533,0.00090991193,-0.000999986,4.9456146e-05,-0.0013275617,0.001154958,0.00016530998,4.9110455e-05,-0.00095629867,0.004240307,0.00070222304,-2.7930531e-05,0.0014759654,-0.00067447516,-0.0004873742,-0.00015286049,-0.00016196512,-0.00023102135,-0.00063575996,-0.00030944633,0.00031988404,0.00015229889,-0.0002578159,-0.00010140108
36,0.0025915513,0.007268033,-0.0050739604,-0.002766008,-0.0025006463,0.0043950146,-0.0027727066,0.0029795838,0.0036968547,-0.0010813759,0.0003818736,0.0011750739,0.001958921,0.0004229402,0.0017335291,0.00014402746,0.00066484115,0.0019481943,-0.0013596914,-0.003085744,-0.00016578862,-0.0016517962,1.0012004e-06,-0.0005140171,0.00021236126,-0.00020276994,-0.002811801,-7.255093e-05,0.000103407394,-0.00018665698,0.00072841067,0.0019956115,-0.0009360027,-0.0011961113,-0.00030918606,0.00070222304,0.004719062,-0.0006798947,9.708652e-05,-0.00020529606,0.00042493298,-0.00011768851,0.0005782723,4.719675e-05,-0.0013424789,-6.144639e-05,-0.0005013846,0.00014943787,-0.00047061202,-6.163067e-05
37,-0.004636666,-0.0013653899,-1.6215163e-05,-0.008842489,0.0082390215,0.004951398,0.0007083978,0.0068613817,-0.0013750845,-0.0028706803,-0.0035367287,0.00041674497,-0.00080651446,0.0019238964,-0.0035418589,9.282913e-05,-0.0011588564,-0.0016025954,0.0002769886,0.0019067875,-0.00017225968,-0.001002702,0.0009934669,-0.0007086394,0.0014866089,-0.0008847513,-0.0006733971,-0.0011560924,-0.00038827801,0.0008417008,6.690018e-05,-0.00047995977,-0.00089229085,-4.9106995e-05,0.00069745537,-2.7930531e-05,-0.0006798947,0.0031457804,-0.00025423744,-0.0003057188,0.00030384673,-0.00044707238,9.1538255e-05,0.00020960433,0.0005063009,0.0005589067,0.00036494352,-0.000344479,5.261866e-05,0.00029879867
38,-0.0026732332,-0.00091471046,0.0014178059,0.00071706,0.0019024811,0.0015420582,-0.000572447,0.0040436774,0.0020068,-0.0005720629,-0.002595313,1.0335713e-05,0.0010470622,-0.0014561198,0.0030633586,0.0018882882,0.0004476215,0.0011357408,0.001040793,0.0018815036,0.0003276982,0.00067065936,-0.0014183882,-0.00050251087,-0.00046092848,0.001050988,0.0008681582,0.0012982971,-0.00096841436,-0.0007147883,0.000950531,0.00037679193,0.0006383301,0.0009355423,0.0010069595,0.0014759654,9.708652e-05,-0.00025423744,0.00537567,-0.0004535723,-0.000496648,-0.00062598684,0.0013294143,-0.00011267577,0.00032419816,0.00016906229,-0.0008453338,-0.00019382784,0.00020311047,0.00027777103
39,-0.0004648713,-0.0006878547,0.00035588315,0.0020934916,0.0014624314,0.00037849543,0.002518468,0.002220848,-0.0014255685,-0.0009401552,0.0007979087,-0.0018707389,-0.0029996373,0.00044132484,-0.0006486246,0.0011175345,-0.00019157096,-0.0019996765,0.0008570063,0.00025377408,0.00050666207,-0.0012792025,0.0012285064,-0.0014279914,-0.00029557565,-2.887231e-05,0.00096675847,-0.000620006,0.0010568646,-0.0006192438,0.00063568424,-0.0013259616,0.000109906774,7.964048e-05,0.0003305024,-0.00067447516,-0.00020529606,-0.0003057188,-0.0004535723,0.0044903597,0.00020245998,0.00046931478,9.49616e-05,8.125948e-05,0.0005917124,-0.00049636164,0.00034217368,0.00047593197,0.00021127373,0.00024527957
40,-0.00094707374,-0.0008266816,0.0005528022,-0.0018680869,-0.0042807255,0.0020546652,-0.0007924682,-0.0021752664,0.002978954,-0.00080935704,-0.0018828055,-0.00083304127,-0.0013614112,0.0013957957,-0.00029554655,-0.001426575,-0.0008332699,0.0006917417,0.00021412256,0.0007959037,0.0003231388,-0.00056099694,-0.00028070994,-0.00096956344,0.0017370387,-0.0002910252,0.0001972235,-0.0006096648,0.00030563597,8.555055e-05,0.00058413425,0.00015595258,-0.00076460175,7.8586534e-05,0.00022942979,-0.0004873742,0.00042493298,0.00030384673,-0.000496648,0.00020245998,0.0021445965,-0.0002207558,-6.9005386e-05,-0.0002702874,0.0001565618,0.00019954224,-0.00030579063,0.00018109987,-0.0003369638,1.4085524e-05
41,0.00065750454,0.00030785982,0.0008212211,-0.00057014736,-0.0046696775,-0.0020722635,0.001766622,-0.0013819155,0.0016424535,-0.0003970842,0.0016844997,-0.00018860667,0.003002382,0.0004773361,-0.00014501662,-0.0011143663,0.0016177942,-0.00017415915,-0.0016588729,0.00068124104,0.0007264111,0.0009362543,-0.0011254173,-0.0004949035,-0.00031493907,0.0006550539,0.0011213906,0.00018086743,-0.0004959408,0.00044302436,-0.0007437835,0.0007784454,-5.4448457e-05,-0.00034831744,-0.00039072052,-0.00015286049,-0.00011768851,-0.00044707238,-0.00062598684,0.00046931478,-0.0002207558,0.002751403,-9.36361e-05,0.0010217526,-0.00018631095,-0.00027840005,0.00011145913,-0.00068798714,-0.00022427418,-3.743422e-05
42,0.0029388121,0.0006545539,-0.000106476116,0.007350093,-0.0018620412,0.0016799655,-0.004435693,-0.006188157,-0.0003953479,0.0028875908,0.001459232,0.00017437339,0.00023566684,-0.0006854788,-0.00017791221,0.0014084149,0.0010640728,-0.00080224604,0.0009665748,0.0010468238,-0.00066808163,5.2822033e-05,-0.00079664285,-0.000736643,0.0009449119,-0.000110865076,-0.00032696093,0.00085605786,-0.00085037283,0.0010290141,0.0003706289,0.00017681584,-0.00020366203,0.00012349145,0.00056591944,-0.00016196512,0.0005782723,9.1538255e-05,0.0013294143,9.49616e-05,-6.9005386e-05,-9.36361e-05,0.0027517518,0.00021546669,0.00032849118,-0.00017770787,0.0004111678,0.0001138832,0.00020180986,1.8660503e-06
43,0.0031571882,0.0015057554,-0.0016492133,0.0032691364,0.0038381268,-0.0043209903,-0.0031337827,0.00048847974,-0.0018593299,0.0032694275,0.001735905,0.001150731,0.0020259111,-0.0034319344,-0.00029716996,0.00014219846,0.0012697655,-0.001298457,-0.0015840863,0.000792654,8.2412924e-05,-0.0011006375,-9.834545e-05,0.0013676053,-0.00032350328,0.00036523334,-0.00020829451,-0.0007009777,0.0001009253,0.00058581005,-0.00026854392,0.00026863144,-0.00012437715,-0.000348421,0.00038436722,-0.00023102135,4.719675e-05,0.00020960433,-0.00011267577,8.125948e-05,-0.0002702874,0.0010217526,0.00021546669,0.0028287491,3.2916672e-05,-0.0001951984,0.0011426412,-0.00082635647,-0.00021517575,0.00042040087
44,-0.0058622854,-0.0023284229,0.0015809797,-0.009964689,0.0060277097,0.0059181526,0.002161574,0.008447245,0.0006254225,-0.004655011,-0.0009122045,-0.0009834291,-1.2267083e-06,0.0027332157,-0.0022070552,0.0021323226,0.00058585114,-0.001726782,0.00084843603,0.00066841376,0.0004867057,-0.0002928917,0.00047379266,-0.00091365713,0.00017318064,-0.0002865646,0.0011786475,-0.0010535581,0.0005545021,0.00030588664,0.00016623034,-0.0014035131,0.00034141872,0.00069349806,0.00044346516,-0.00063575996,-0.0013424789,0.0005063009,0.00032419816,0.0005917124,0.0001565618,-0.00018631095,0.00032849118,3.2916672e-05,0.0025584067,-0.0002817498,-3.7277445e-05,-0.00043756954,9.78689e-05,0.0002631546
45,-0.001992124,-0.0017165194,0.0008240558,-0.0055376254,0.0026056394,-0.003937661,0.0023330073,0.0051987236,0.0020519437,-0.0015946388,-0.0027240426,0.00015358279,0.0014427875,-0.002163635,0.0011668795,0.00026625386,-0.0016133415,-0.00034112026,-0.00057277444,0.0011837634,0.00029012852,0.0005117285,-0.00061181735,0.0012823595,8.0972975e-05,-0.00080154557,-0.00094812224,0.0006612439,-0.00073567743,-0.0006254541,-0.0002698325,0.0002918443,-0.00045028934,-0.00024383828,0.0006467402,-0.00030944633,-6.144639e-05,0.0005589067,0.00016906229,-0.00049636164,0.00019954224,-0.00027840005,-0.00017770787,-0.0001951984,-0.0002817498,0.0034993931,1.1234346e-05,0.0002581331,0.00028629563,-0.00022149981
46,0.0009978986,-0.0013832528,-0.00062350946,0.0038720719,0.0039511975,-0.0050242823,0.0013226088,-0.00027876807,-0.006068104,0.0015979916,-0.00026956227,-0.00031352922,-0.0024680947,3.4742276e-05,-0.0011469771,0.001138509,-0.0005063397,-0.0018759822,0.0016977764,0.00012984121,0.001053158,-0.00025917072,0.0009216636,0.0015842062,-0.0010566843,0.0003384679,-2.140781e-05,-0.00026676623,0.00041513407,0.0010522781,-0.00043778773,-0.00046182814,-0.0003005616,-4.4566586e-05,0.00015198952,0.00031988404,-0.0005013846,0.00036494352,-0.0008453338,0.00034217368,-0.00030579063,0.00011145913,0.0004111678,0.0011426412,-3.7277445e-05,1.1234346e-05,0.003782386,-0.0001493007,0.00074613275,0.00045723523
47,-0.00040842456,-0.000106812935,0.00069190416,-0.00070847094,0.0018123771,0.0019844228,0.0014479728,0.0008455882,-0.00064248545,0.00028484556,0.00023402256,-0.00070215785,-0.0006450518,0.0008185877,-0.00037612751,0.00022791486,-0.0020288536,0.00030971575,-0.00032178135,-0.00030880998,-0.00059033843,-0.0012993135,0.00041209662,0.0012780397,0.00045675942,0.0008417681,-0.000223702,0.00029363172,-0.00016869103,-0.00076447974,-0.00028048287,-0.0007595783,0.00033622904,0.00012389156,-0.0003598869,0.00015229889,0.00014943787,-0.000344479,-0.00019382784,0.00047593197,0.00018109987,-0.00068798714,0.0001138832,-0.00082635647,-0.00043756954,0.0002581331,-0.0001493007,0.0025919285,8.763386e-05,-0.00025440392
48,0.0008500207,-0.0010120382,-0.0013956351,0.0044779936,0.0009475915,-0.0002531518,-0.003563633,-0.0018032508,0.0010098983,0.00083221565,-8.653538e-06,-0.00029061973,-0.0026589772,-0.002388841,0.0007551153,0.0013186354,-0.00069729896,0.0003715022,0.0011381113,0.0019353619,0.0007514227,0.00054440356,0.0009540973,-0.00014851941,-0.00044547,0.001111322,0.00082283793,-0.0005396048,0.0002227395,-0.0002942931,0.0003215404,-0.0005154202,0.0002512976,-0.0003354072,-0.00013983576,-0.0002578159,-0.00047061202,5.261866e-05,0.00020311047,0.00021127373,-0.0003369638,-0.00022427418,0.00020180986,-0.00021517575,9.78689e-05,0.00028629563,0.00074613275,8.763386e-05,0.0024973215,0.0003121958
49,-0.0007811849,0.00040050692,0.00014712405,0.00034221937,0.0026382199,0.0013006607,0.00048733468,0.0014530595,-0.0023807264,3.535831e-05,0.0013602606,4.0905274e-05,-0.0004129518,0.00023458696,-0.0015941458,0.0009608397,-0.00021102844,0.0007261981,-0.0016480958,-0.00063237024,-0.00021336557,-0.0015988117,-0.0008300438,0.00096466346,-0.0005498235,0.0005891967,0.00065967266,-0.00049992686,0.00011599786,0.00022447956,0.00051697023,0.00036619345,0.0005963419,0.0005574627,1.5544649e-05,-0.00010140108,-6.163067e-05,0.00029879867,0.00027777103,0.00024527957,1.4085524e-05,-3.743422e-05,1.8660503e-06,0.00042040087,0.0002631546,-0.00022149981,0.00045723523,-0.00025440392,0.0003121958,0.0021879023
