,0,1,2,3,4,5,6,7,8,9,10,11,12,13,14,15,16,17,18,19,20,21,22,23,24,25,26,27
0,179.8337,114.19766,28.415344,-24.24198,-21.56103,-34.180122,11.264906,20.944134,7.008381,33.125458,1.7400383,22.273813,-15.02133,18.050838,-0.7405212,-13.666164,2.871231,12.414898,1.3435111,3.3242824,-3.805521,-3.2581196,2.4869947,-4.2916565,5.0798445,0.84997827,-0.3188389,2.2061539
1,114.19766,121.84519,-3.7968593,-15.347475,-35.08947,-22.871307,-21.389324,22.752193,10.48698,29.358006,-6.264659,-7.011385,-15.892418,6.101557,7.835726,2.4880407,9.728352,2.5206883,-4.0111666,3.0787995,-0.45301375,2.929925,2.0150537,-3.7795224,3.8500915,2.827357,-0.58627295,-0.34735447
2,28.415344,-3.7968593,96.37102,4.6096544,-15.606125,-46.55436,23.773424,-13.7908535,-13.603754,-5.2154446,8.846526,20.66566,-11.599524,0.69449794,-4.4192085,12.713198,4.061431,3.6816702,1.0181569,-0.3704737,3.6803527,1.4331502,-0.7608573,6.5882273,-5.5833445,-1.9482112,-2.5310807,-0.11947034
3,-24.24198,-15.347475,4.6096544,151.12709,29.804678,-8.8698845,-23.135494,27.004526,-8.352627,15.594465,-2.503103,11.109838,1.9137552,-14.072353,-1.067342,0.753214,4.6535954,4.371344,6.3970265,-9.54615,1.9198601,-0.010608254,-0.6188823,-0.44215336,-0.85639954,-2.6793823,-0.999598,0.15303591
4,-21.56103,-35.08947,-15.606125,29.804678,102.08062,-19.854616,-1.359817,-23.98307,17.10186,0.63874006,-4.6149826,-1.2365029,-8.155588,4.065207,6.155361,-17.43438,-6.9041204,1.4001203,0.011379376,3.1202524,0.9019364,0.32332712,3.1329803,-2.7701106,-1.5206263,-5.9237022,-2.4206975,-1.7214829
5,-34.180122,-22.871307,-46.55436,-8.8698845,-19.854616,66.037636,18.038574,33.636723,-2.860537,-5.3823013,2.3919415,-7.723523,5.953983,-1.554166,-5.6029415,-7.684593,-3.254104,-4.7002935,-3.3327966,-2.963694,1.8194472,-0.120491385,2.3255448,-2.4266648,-0.34989107,-1.3188734,0.78041524,1.2922561
6,11.264906,-21.389324,23.773424,-23.135494,-1.359817,18.038574,53.441525,5.110029,-1.223865,1.9938605,10.863199,7.9577513,-3.7566025,0.5294924,-13.832228,-3.7451186,-4.699607,-0.10935369,2.3152714,4.8308916,6.522763,0.7775626,2.6665678,-2.075418,-1.9103777,-5.138794,-2.6362758,1.7398043
7,20.944134,22.752193,-13.7908535,27.004526,-23.98307,33.636723,5.110029,57.949764,0.69852126,-3.8088999,3.1731598,4.848911,-10.675091,-3.5585237,4.868017,-4.7297993,0.7036719,0.487957,2.670642,0.40382516,-0.08551665,3.1916986,3.216755,0.5404475,-0.2801514,-0.2536636,0.72696835,-0.43174875
8,7.008381,10.48698,-13.603754,-8.352627,17.10186,-2.860537,-1.223865,0.69852126,24.566984,1.1310794,11.233854,4.992444,-0.7995695,-6.4711103,7.2583666,-2.2462897,0.1802007,-4.0707674,-2.093863,5.493285,3.0201793,0.9735863,0.8302779,-2.131163,2.5991015,1.4330542,0.06996701,-1.1920111
9,33.125458,29.358006,-5.2154446,15.594465,0.63874006,-5.3823013,1.9938605,-3.8088999,1.1310794,36.77282,3.8727233,-4.4330854,10.28763,2.7669616,-7.751506,-3.638978,-1.4636453,1.432748,-4.740491,-0.6737067,1.9265468,3.732521,-0.17624205,-1.1582749,0.9012657,-1.5545485,-0.4294903,-0.72344434
10,1.7400383,-6.264659,8.846526,-2.503103,-4.6149826,2.3919415,10.863199,3.1731598,11.233854,3.8727233,27.20039,10.442682,6.275832,-2.7159204,6.3523903,0.5331087,-2.5804956,-1.2347444,-1.8580987,-0.2991537,1.2672616,-0.16529402,-0.74226415,1.1673634,-3.106419,0.4374405,3.296639,1.210634
11,22.273813,-7.011385,20.66566,11.109838,-1.2365029,-7.723523,7.9577513,4.848911,4.992444,-4.4330854,10.442682,25.235992,3.3523803,-0.40185517,1.3016315,-2.8540375,0.6955373,-0.20614319,0.7394208,-1.5404649,-0.0059386115,-4.6391354,-1.0154263,0.6239644,2.7802944,0.40284008,0.18573478,0.09353066
12,-15.02133,-15.892418,-11.599524,1.9137552,-8.155588,5.953983,-3.7566025,-10.675091,-0.7995695,10.28763,6.275832,3.3523803,30.372375,1.9783237,-1.8857106,0.74443984,2.2623258,-2.0319195,2.5153115,-0.5924228,-1.0567422,-0.075550884,2.4573076,1.3295639,1.0889695,1.5563607,0.014721845,-0.6478735
13,18.050838,6.101557,0.69449794,-14.072353,4.065207,-1.554166,0.5294924,-3.5585237,-6.4711103,2.7669616,-2.7159204,-0.40185517,1.9783237,19.430077,3.744299,-6.009016,0.19153094,-2.0503843,2.2329226,-5.3106127,-1.3139899,1.9199661,2.70755,1.9560161,0.8665519,-3.5330706,0.97523475,0.742527
14,-0.7405212,7.835726,-4.4192085,-1.067342,6.155361,-5.6029415,-13.832228,4.868017,7.2583666,-7.751506,6.3523903,1.3016315,-1.8857106,3.744299,17.157804,3.7728405,-0.65122664,-2.532617,-0.5322591,-1.9505682,-1.8855957,0.55936426,2.0585933,0.5371916,-0.62596697,-0.33251494,0.6509727,0.31915912
15,-13.666164,2.4880407,12.713198,0.753214,-17.43438,-7.684593,-3.7451186,-4.7297993,-2.2462897,-3.638978,0.5331087,-2.8540375,0.74443984,-6.009016,3.7728405,18.365648,-2.338053,0.4605795,0.07438056,-1.9183137,3.1033542,0.55282897,2.1715407,-1.327347,1.0268853,0.8129206,-1.5479523,0.22305533
16,2.871231,9.728352,4.061431,4.6535954,-6.9041204,-3.254104,-4.699607,0.7036719,0.1802007,-1.4636453,-2.5804956,0.6955373,2.2623258,0.19153094,-0.65122664,-2.338053,18.284431,-6.6492357,1.2421005,1.728039,0.70665437,-2.4708273,0.70231724,-0.26279,-2.3569489,-0.104565896,-1.208952,-0.12263462
17,12.414898,2.5206883,3.6816702,4.371344,1.4001203,-4.7002935,-0.10935369,0.487957,-4.0707674,1.432748,-1.2347444,-0.20614319,-2.0319195,-2.0503843,-2.532617,0.4605795,-6.6492357,11.642654,1.5135462,0.1138373,-1.5021322,-2.3233383,2.6848478,-0.41194963,-1.830909,2.5423467,1.7328714,-0.30010116
18,1.3435111,-4.0111666,1.0181569,6.3970265,0.011379376,-3.3327966,2.3152714,2.670642,-2.093863,-4.740491,-1.8580987,0.7394208,2.5153115,2.2329226,-0.5322591,0.07438056,1.2421005,1.5135462,14.93233,3.9613233,-1.6242838,1.8014023,1.1122978,0.031155705,1.7527355,-0.24458179,0.99091554,1.0105422
19,3.3242824,3.0787995,-0.3704737,-9.54615,3.1202524,-2.963694,4.8308916,0.40382516,5.493285,-0.6737067,-0.2991537,-1.5404649,-0.5924228,-5.3106127,-1.9505682,-1.9183137,1.728039,0.1138373,3.9613233,9.233621,-0.63595325,1.033782,-0.46122974,0.30693954,-0.50024295,1.022918,-0.73709464,-1.8479712
20,-3.805521,-0.45301375,3.6803527,1.9198601,0.9019364,1.8194472,6.522763,-0.08551665,3.0201793,1.9265468,1.2672616,-0.0059386115,-1.0567422,-1.3139899,-1.8855957,3.1033542,0.70665437,-1.5021322,-1.6242838,-0.63595325,5.377431,1.1842151,3.0769062,-0.22844961,0.64599144,-0.82203,-0.9570317,-0.57570136
21,-3.2581196,2.929925,1.4331502,-0.010608254,0.32332712,-0.120491385,0.7775626,3.1916986,0.9735863,3.732521,-0.16529402,-4.6391354,-0.075550884,1.9199661,0.55936426,0.55282897,-2.4708273,-2.3233383,1.8014023,1.033782,1.1842151,8.164933,0.061845057,3.005526,0.7174673,-0.78055847,-0.7788767,0.34687406
22,2.4869947,2.0150537,-0.7608573,-0.6188823,3.1329803,2.3255448,2.6665678,3.216755,0.8302779,-0.17624205,-0.74226415,-1.0154263,2.4573076,2.70755,2.0585933,2.1715407,0.70231724,2.6848478,1.1122978,-0.46122974,3.0769062,0.061845057,7.8750563,-0.46654552,-0.89514315,-0.3080178,-0.48939258,-1.289989
23,-4.2916565,-3.7795224,6.5882273,-0.44215336,-2.7701106,-2.4266648,-2.075418,0.5404475,-2.131163,-1.1582749,1.1673634,0.6239644,1.3295639,1.9560161,0.5371916,-1.327347,-0.26279,-0.41194963,0.031155705,0.30693954,-0.22844961,3.005526,-0.46654552,4.556621,-0.98129916,0.65943307,0.8948009,-0.89004135
24,5.0798445,3.8500915,-5.5833445,-0.85639954,-1.5206263,-0.34989107,-1.9103777,-0.2801514,2.5991015,0.9012657,-3.106419,2.7802944,1.0889695,0.8665519,-0.62596697,1.0268853,-2.3569489,-1.830909,1.7527355,-0.50024295,0.64599144,0.7174673,-0.89514315,-0.98129916,5.1118364,-0.10429223,-0.34041423,-0.17151743
25,0.84997827,2.827357,-1.9482112,-2.6793823,-5.9237022,-1.3188734,-5.138794,-0.2536636,1.4330542,-1.5545485,0.4374405,0.40284008,1.5563607,-3.5330706,-0.33251494,0.8129206,-0.104565896,2.5423467,-0.24458179,1.022918,-0.82203,-0.78055847,-0.3080178,0.65943307,-0.10429223,2.8136644,0.94342786,-0.18736945
26,-0.3188389,-0.58627295,-2.5310807,-0.999598,-2.4206975,0.78041524,-2.6362758,0.72696835,0.06996701,-0.4294903,3.296639,0.18573478,0.014721845,0.97523475,0.6509727,-1.5479523,-1.208952,1.7328714,0.99091554,-0.73709464,-0.9570317,-0.7788767,-0.48939258,0.8948009,-0.34041423,0.94342786,2.7764003,-0.55044544
27,2.2061539,-0.34735447,-0.11947034,0.15303591,-1.7214829,1.2922561,1.7398043,-0.43174875,-1.1920111,-0.72344434,1.210634,0.09353066,-0.6478735,0.742527,0.31915912,0.22305533,-0.12263462,-0.30010116,1.0105422,-1.8479712,-0.57570136,0.34687406,-1.289989,-0.89004135,-0.17151743,-0.18736945,-0.55044544,3.8483467
