,0,1,2,3,4,5,6,7,8,9,10,11,12,13,14,15,16,17,18,19,20,21,22,23,24,25,26,27,28,29,30,31,32,33,34,35,36,37,38,39,40,41,42,43,44,45,46,47,48,49,50,51,52,53,54,55,56,57,58,59,60,61,62,63,64,65,66,67,68
0,319.41272,-33.087112,-43.061237,-15.474005,4.701317,21.804203,-7.566073,-5.280599,5.591179,1.2097056,-0.72144485,-13.653709,1.992623,-4.084235,-1.0000935,-0.70080477,-6.1686516,2.0998645,-6.6231503,-0.051921837,4.207772,-0.8851909,0.029533803,-1.9603381,-2.1833205,3.0354424,-0.21336535,2.0601301,-0.30124274,-1.4268115,-0.28327638,2.2571263,3.1677496,1.9262903,0.3162446,-0.97946733,-0.40530547,0.7100871,0.014487088,-0.65596867,1.002151,1.1122746,-0.94892097,1.0039128,0.35137144,-0.6328017,-0.14000134,0.5324651,0.9199008,-0.5284852,-0.67951983,-0.10764069,0.3953098,-0.35261863,-0.7812164,0.90907156,-0.7028446,-1.366659,0.19259088,0.28104532,-1.394925,0.37996265,-0.17565128,-0.4022841,-0.05832881,-0.045335647,0.64813364,-0.23936719,-0.3312628
1,-33.087112,85.20168,-45.083244,-9.992878,-6.997418,-5.9655476,2.462327,0.08922788,-0.270368,1.8813728,1.3821821,1.0426505,2.1056426,-4.0168285,-0.3972461,-0.81977123,0.12703468,2.2193425,1.3128434,0.8201803,1.4408423,-0.9867097,0.53441286,-1.5573223,-0.24917269,-0.14738165,-0.15835084,-0.65805376,0.8163531,0.26607418,0.35803032,0.6637504,-0.5754944,-0.38064343,-0.4980725,-0.43670684,0.520464,0.1651403,0.29419667,0.33186942,-0.17603737,-0.75252056,-0.03963317,0.0034446642,-0.26396683,-0.44162422,0.062474884,-0.47172502,-0.015195377,-0.08968653,0.06744825,0.06424547,0.25281915,0.13916248,-0.06795585,0.14447229,0.09473828,0.17586778,0.42894953,0.10622849,0.25114956,-0.09532527,0.043946963,0.31539327,0.0749217,0.05166672,-0.0549397,0.18110216,0.168528
2,-43.061237,-45.083244,47.507435,-2.044518,-8.820997,-5.0383444,5.356037,0.54382086,-5.169903,-0.49720582,3.0379071,-2.6554701,0.902542,3.462557,-0.83348715,1.8038565,2.644383,-2.0835986,0.823484,-0.8409749,-1.2168032,-0.83572334,0.77391535,-0.21778537,0.2515712,0.7095167,0.13537967,0.34211951,-0.09916541,0.3949144,-1.1373883,0.10841253,0.1599501,0.49952555,0.05205726,0.63502604,-0.41501957,-0.05177774,-0.21381783,-0.14994079,0.17549989,0.29553133,-0.4361156,-0.34219143,0.21104562,0.4464785,-0.0043115094,-0.22587389,-0.1627504,-0.018697437,0.33618528,-0.16657403,-0.18458122,0.30717576,0.09544435,-0.31435737,-0.016370233,-0.027060369,-0.3041263,-0.018815346,0.099383846,-0.22919658,-0.2194536,-0.012035461,0.06181452,0.0026458725,0.15539421,0.021828873,0.004084547
3,-15.474005,-9.992878,-2.044518,71.601204,-2.810169,6.4885526,-0.7453573,-0.18291879,6.879874,8.115093,-3.3621452,-1.5216769,2.0072565,-5.454238,-2.7419903,-1.046123,-1.3930953,1.8527291,0.9054595,1.565465,1.6297464,1.6351893,-1.098485,0.8220267,0.62285507,0.7069615,-0.5031847,-1.1013658,-0.85564137,0.23798442,1.4836079,-0.08912724,-0.009694554,-0.7119675,-0.67787814,-0.027300563,0.37337247,-0.64943326,0.3381937,0.26389748,-0.045802392,-0.6007717,0.36679554,-0.13519232,-0.28040332,0.47198015,0.0047675967,0.019700442,-0.54488885,-0.10715194,-0.6655248,0.039843306,0.27810082,-0.5224902,0.23902547,0.45191732,-0.025613034,0.062419225,0.6321837,0.0011386136,-0.09595045,-0.11063599,0.37430024,0.2820831,-0.21939391,0.06253801,-0.06195899,-0.10162247,-0.20853098
4,4.701317,-6.997418,-8.820997,-2.810169,50.614952,-0.4948992,2.8591132,3.598033,0.6252564,0.98469055,-0.85420763,0.3647899,-0.30593085,-0.56275284,-0.509462,0.73642844,1.354313,0.53157926,1.817311,0.27330828,-0.9598483,0.6080198,-1.9642212,0.8936283,1.1083935,0.6454706,0.40482154,-0.21959108,-0.49660498,0.2832825,0.62819636,0.22777534,-0.97576004,-0.40389904,-0.46100932,0.23193151,0.43005508,-1.0233405,-0.8635869,-0.4145828,0.05526457,0.0735682,0.298235,-0.19041789,0.14370678,-0.04581766,-0.08070734,0.20299484,-0.2044439,0.25902185,-0.055320896,-0.36778715,0.005869237,0.06665894,0.20889688,-0.035456717,0.29397807,0.365238,-0.12584542,-0.18531698,0.29408723,-0.08221136,0.090210296,0.28054565,-0.037895393,0.019676436,-0.48472106,-0.015475747,-0.12988436
5,21.804203,-5.9655476,-5.0383444,6.4885526,-0.4948992,38.606564,2.0394406,-1.5397277,-4.3620043,-0.091281995,2.6522608,6.597724,-0.5803836,0.9132694,1.912256,-1.9203404,1.8076735,1.1347266,3.6299624,0.5777897,-0.60689723,-2.0586019,0.6795076,-1.7806823,-0.25610405,-1.084658,-0.6550698,-0.1740149,0.93915415,0.026027955,0.22378772,-0.97749555,-0.7671081,0.26921993,0.14129995,0.49151558,-0.16435432,0.2258505,0.419992,-0.2772749,-0.0861775,-0.41920507,0.06432928,0.0039325785,-0.30679166,0.28000268,-0.51565593,-0.56404746,-0.42090932,0.16645744,-0.1668715,-0.046887778,0.17061529,-0.11665498,0.044149883,0.005544353,0.13138458,0.18933722,0.14946815,-0.16530845,0.14341113,-0.2512334,0.36156887,-0.072520025,-0.06648673,-0.07798046,0.12911154,0.10102028,0.11267994
6,-7.566073,2.462327,5.356037,-0.7453573,2.8591132,2.0394406,39.413437,-7.4986353,-0.21911713,2.2108397,0.38235372,-3.1065197,-1.8782319,0.81921923,1.0690393,-3.0101619,-0.94385433,-0.3556252,0.04905499,-0.5293483,1.3731601,-0.8820465,0.9894272,-1.9748659,0.6582358,1.0824878,0.66529953,-0.0992288,-0.41725194,0.5641601,0.8746029,0.41518676,0.6077618,-0.18461096,0.6386865,-0.496074,0.16371635,-0.47441167,-0.03033312,0.34272486,0.50208986,-0.24551073,0.0132543715,0.17051938,0.6421848,0.12953198,-0.464549,-0.37537897,0.54942966,0.044032015,-0.111903965,-0.00783962,-0.20558242,0.17678341,0.0997712,0.22670966,0.3322099,-0.3076405,0.04237987,-0.3744818,-0.02421285,0.028066784,0.00666672,-0.057635337,-0.021213295,0.28409272,-0.04314507,-0.26609626,-0.024252445
7,-5.280599,0.08922788,0.54382086,-0.18291879,3.598033,-1.5397277,-7.4986353,26.494051,-0.8890233,6.9228516,1.1482286,-2.3925667,-2.6859446,2.2710278,0.45592245,-3.7212172,-0.40323904,-0.9455785,2.5327332,-1.1777834,1.2607293,-1.0765977,1.0827962,-0.8502367,0.43224335,0.07572085,0.44782603,-0.19381145,0.9280408,-0.07584785,0.33938688,-0.44079944,0.3455996,0.5872667,0.53347015,-0.24874833,-0.30046105,-0.33365503,-0.13648641,0.11458519,0.41286433,-0.16869116,0.113945045,0.3001896,0.1516038,0.27087575,0.21181962,-0.19784774,0.326136,-0.15841687,-0.44422144,0.037389927,0.0001451727,-0.48515627,-0.20801547,-0.053261817,-0.054248773,-0.13683823,0.15780064,-0.18619385,-0.30004644,-0.18914099,0.08035162,-0.3388213,-0.00078629237,0.12710862,0.19766746,-0.107815094,0.16731721
8,5.591179,-0.270368,-5.169903,6.879874,0.6252564,-4.3620043,-0.21911713,-0.8890233,32.601448,-2.9654946,2.3775787,0.8326546,-0.48969966,2.474749,1.9854453,-0.30208045,1.4395492,-0.8861563,-0.07560155,-0.047256745,-1.2130356,-1.358989,0.9219301,-0.58200145,0.4481722,0.34009376,0.30885866,-0.35427463,-0.05517672,0.22962616,-0.514566,-0.26479352,0.083771184,0.39064634,0.3289654,-0.4475637,0.13488618,0.25083706,0.2083978,-0.3600061,-0.027754623,0.083210774,-0.050786152,0.2772884,0.108620316,0.029396413,-0.17963192,0.103206545,0.17640993,0.02180046,-0.05630922,-0.028670814,-0.09563166,0.051742677,0.20080703,-0.09652074,0.01601995,0.03649204,-0.28271443,-0.24803364,0.011255636,-0.23543666,-0.08969246,-0.24044082,0.024637394,0.14950868,0.036180682,-0.1581428,0.16428387
9,1.2097056,1.8813728,-0.49720582,8.115093,0.98469055,-0.091281995,2.2108397,6.9228516,-2.9654946,22.494398,0.86807376,0.12144671,1.2729377,0.7285764,3.0047088,1.1761742,-0.5385324,0.70585257,-2.750013,0.22609158,-0.7451606,-1.382096,-0.2917382,-1.7232324,-0.7483609,0.12587415,0.48866552,0.4399851,-0.8899547,0.33485785,-0.0038736574,0.60248005,-0.3016253,0.7782001,-0.005917798,-0.2798113,0.0895898,0.6750692,0.13810964,-0.27804148,-0.30549562,0.11504686,-0.28787208,0.22081502,-0.18056154,-0.56352997,-0.742625,0.13704231,-0.017154157,-0.14266826,-0.100164674,-0.029185764,-0.072750404,0.46135604,0.41423297,0.03908886,0.054910116,-0.1064208,-0.40420103,-0.0923939,0.00076030084,-0.18718024,-0.09638436,0.10241773,-0.023042185,-0.0733054,-0.17931287,0.01497961,-0.19278699
10,-0.72144485,1.3821821,3.0379071,-3.3621452,-0.85420763,2.6522608,0.38235372,1.1482286,2.3775787,0.86807376,25.406483,-1.0039887,0.18009843,-0.5472726,-1.7021403,0.7212035,-0.6757225,0.22528055,-0.2920823,-0.22633307,0.40419787,0.9864139,-0.43667483,0.2627992,-0.6307433,-0.014593249,0.4516809,-0.5958369,-0.3549897,0.22133756,0.03873828,-0.33099335,-0.49678993,-0.31637132,-0.15881549,0.19478574,0.038801756,-0.020804096,-0.12844682,0.15915555,-0.061335184,-0.30636007,-0.03073904,-0.19882494,0.16411486,0.15629402,0.16963369,-0.20568359,-0.16743304,-0.0036439411,0.27627853,0.09203909,-0.05971209,-0.05802811,-0.14119129,-0.1177825,0.055684492,0.06297291,0.10700832,0.20942181,0.0674576,0.18695621,-0.06619037,0.053164206,-0.0557392,-0.09976791,-0.19021872,0.098953895,-0.18426771
11,-13.653709,1.0426505,-2.6554701,-1.5216769,0.3647899,6.597724,-3.1065197,-2.3925667,0.8326546,0.12144671,-1.0039887,13.608297,-1.0319303,1.7387035,-0.20450568,-0.18855716,-0.19817811,-1.721005,-1.6031554,-0.9389968,0.7116954,0.22668153,-0.9222946,0.51036125,-0.17943755,0.7221965,1.2744372,-0.31292576,-0.3257504,0.38502654,-0.2656865,0.12427238,-0.07165165,0.40963638,-0.24150535,-0.29996502,0.024929909,-0.10111212,-0.5608853,0.7372621,-0.19541603,-0.17960188,0.00232232,-0.066810295,0.36898,-0.37696612,0.25827122,0.33592486,0.2612335,-0.107783616,-0.024991266,0.058176346,-0.21012399,-0.01482228,0.17935915,0.003977528,0.088112354,-0.061393257,-0.1986478,-0.045042925,0.0027118633,-0.053809587,-0.21498153,-0.22649762,0.0022460434,-0.082859814,-0.17564094,0.0017706254,-0.050290443
12,1.992623,2.1056426,0.902542,2.0072565,-0.30593085,-0.5803836,-1.8782319,-2.6859446,-0.48969966,1.2729377,0.18009843,-1.0319303,15.472962,1.7914414,0.273965,-0.35590863,0.20925678,-0.42453435,1.2612357,-0.31859842,0.39099175,-0.69179875,-0.47316778,0.34757876,0.35153934,0.59866977,0.2829377,0.27510518,0.3621832,-0.9004813,-0.20813788,-0.41258413,-0.13456894,0.6295505,-0.3815982,0.09029352,0.05633933,-0.123666026,-0.73146033,-0.25508523,0.46407765,-0.16597769,0.09353614,0.14943631,0.5535643,-0.28122404,-0.21711203,-0.044881668,-0.000834228,0.09492494,0.06022398,-0.27505398,-0.08004224,0.3556217,-0.43773538,0.26430094,0.4179463,0.021419354,-0.08733475,-0.1224269,0.11493651,0.25301325,0.13596448,0.00485728,-0.10345015,-0.089811206,-0.030122317,0.005226934,-0.24389806
13,-4.084235,-4.0168285,3.462557,-5.454238,-0.56275284,0.9132694,0.81921923,2.2710278,2.474749,0.7285764,-0.5472726,1.7387035,1.7914414,13.732964,-0.0750267,-0.030142255,-1.007576,2.2681763,-0.11233184,1.4920486,0.52431047,0.34655458,-0.22951522,-0.39433166,0.12563872,-0.080721036,-0.8512675,-0.3120538,0.36669016,-0.14485198,0.71488357,0.51785624,0.1532507,-0.47104385,-0.082730696,-0.6008594,0.7372549,0.03274156,0.311778,0.06484399,0.11353098,0.072255716,0.022966698,0.086777814,-0.11928041,-0.27184552,-0.06063407,0.07886196,0.12609561,0.093170874,-0.3664426,0.0059546796,0.29443577,-0.09862834,0.016704295,0.23846364,-0.052535187,0.053343594,0.36946428,0.10210584,-0.021184422,-0.021669906,0.1856112,0.0914329,0.032236144,0.09034583,-0.066790566,-0.112611815,0.10032925
14,-1.0000935,-0.3972461,-0.83348715,-2.7419903,-0.509462,1.912256,1.0690393,0.45592245,1.9854453,3.0047088,-1.7021403,-0.20450568,0.273965,-0.0750267,10.647849,1.0140749,-0.46952927,0.2072414,0.45042306,-0.3803218,0.0069447076,1.4955192,0.20506114,0.471631,-0.47277474,-0.27498895,-0.03716628,-0.31761247,0.06816467,0.04712063,-0.0591679,-0.45631862,-0.31534684,0.026434217,0.24628644,0.51816607,-0.3926224,-0.1162354,-0.016338298,-0.054704487,0.09125525,-0.086156964,-0.20262209,-0.14343943,0.18105051,0.5808751,-0.028215267,-0.089840025,-0.18747155,0.022198075,0.2436363,-0.053941626,-0.12807423,-0.048617687,-0.19432229,0.04027188,-0.0762568,0.04612519,0.11358006,0.09423782,0.036581594,0.09351946,0.11060442,-0.09080587,-0.13567798,0.08068887,-0.07652098,0.018536808,-0.15516342
15,-0.70080477,-0.81977123,1.8038565,-1.046123,0.73642844,-1.9203404,-3.0101619,-3.7212172,-0.30208045,1.1761742,0.7212035,-0.18855716,-0.35590863,-0.030142255,1.0140749,8.97022,0.26174396,0.18255308,0.2788385,0.39208576,0.5127929,-1.1199002,0.40789768,-0.9115884,0.13887657,0.5493399,0.30444276,0.25363287,-0.015286204,0.11749351,0.15641499,0.086028814,-0.018984232,-0.40113208,0.03781798,0.2247948,-0.12894863,-0.14477742,0.16044894,0.3566839,-0.20241554,-0.27766246,0.34227493,-0.45594388,-0.2847767,0.015042664,0.3268359,-0.09026403,0.19722301,-0.18586814,-0.3527085,-0.0606903,0.21908998,-0.30118424,0.16295299,0.057782996,-0.15298173,0.10699336,0.14430267,-0.1612018,-0.24204051,-0.016803836,-0.063682646,0.040991135,-0.012557717,-0.29612345,-0.10199554,-0.06890717,-0.120041884
16,-6.1686516,0.12703468,2.644383,-1.3930953,1.354313,1.8076735,-0.94385433,-0.40323904,1.4395492,-0.5385324,-0.6757225,-0.19817811,0.20925678,-1.007576,-0.46952927,0.26174396,7.8838987,0.42624277,-0.41926026,-0.55462015,0.78899205,0.56100833,0.79437196,-0.967502,-0.43057418,-0.5066703,-0.18161222,0.14820017,0.02944315,-0.47433925,0.031835984,0.47807568,-0.059201833,0.56852186,-0.00010023697,-0.16417973,0.29432267,0.31689218,0.18446535,-0.22987211,0.36571038,0.07261795,0.14188874,-0.054600425,0.055448893,-0.13105258,0.4006701,-0.20090657,0.11810182,-0.24679546,0.05856675,0.06835693,-0.08642172,0.10527322,-0.44022402,-0.07513063,-0.12211217,-0.018718818,0.032446958,0.18578705,0.098617986,-0.13430819,-0.19249354,0.35814714,0.012146729,0.0624897,-0.030014811,0.15958685,0.033730593
17,2.0998645,2.2193425,-2.0835986,1.8527291,0.53157926,1.1347266,-0.3556252,-0.9455785,-0.8861563,0.70585257,0.22528055,-1.721005,-0.42453435,2.2681763,0.2072414,0.18255308,0.42624277,6.6719117,0.20161557,-0.44063348,-0.14017309,0.11495505,-0.21872823,0.6856715,0.8593291,-0.24389295,-0.094027475,0.12928887,-0.5570866,0.035521455,-0.3147964,-0.30085048,0.4902923,0.34316295,-0.2760576,0.19902995,0.23659612,0.041155055,0.024263855,0.7515046,0.17321727,0.11382556,0.17743826,-0.2817126,-0.100300215,0.064658806,-0.052307073,-0.086973906,-0.39486614,-0.06923826,-0.16160148,0.2706955,-0.22384158,0.13194743,0.25578964,-0.14399329,-0.04069626,0.029949792,-0.16807143,0.1254532,0.20315707,-0.32489258,-0.050818868,0.02692886,-0.11367092,0.003858273,0.32971615,-0.0636473,0.085715644
18,-6.6231503,1.3128434,0.823484,0.9054595,1.817311,3.6299624,0.04905499,2.5327332,-0.07560155,-2.750013,-0.2920823,-1.6031554,1.2612357,-0.11233184,0.45042306,0.2788385,-0.41926026,0.20161557,6.238948,0.51347125,-0.3698324,-0.04419009,0.9256626,-0.26163697,-0.39552325,0.8801929,0.30678684,0.36627102,-0.55349326,-0.26828033,0.26546097,0.14003983,0.14280915,0.07119833,-0.057363264,0.16471419,-0.39631772,0.55562466,0.29009426,0.24427094,-0.23028952,-0.21697956,-0.14715925,0.110742666,-0.013802521,0.03414631,-0.22362196,0.047254693,-0.23655456,-0.14924008,-0.21783069,0.04687767,-0.16755375,0.15002027,0.34826535,0.076355875,-0.06957195,-0.17256163,0.05496733,-0.12343414,-0.12773603,-0.047690753,-0.043288685,-0.16291197,-0.033130877,-0.011276383,-0.00027247146,-0.02398787,-0.06990484
19,-0.051921837,0.8201803,-0.8409749,1.565465,0.27330828,0.5777897,-0.5293483,-1.1777834,-0.047256745,0.22609158,-0.22633307,-0.9389968,-0.31859842,1.4920486,-0.3803218,0.39208576,-0.55462015,-0.44063348,0.51347125,7.101287,0.121233225,0.55792356,-0.22429156,-0.24556926,-0.3673492,-0.82647943,0.43073606,0.118401125,0.29290885,0.42142358,0.032997936,0.28148034,-0.42077947,0.14007217,0.24543563,0.2532983,-0.41136128,-0.109240465,-0.35862032,-0.04976402,-0.014903041,0.18447095,-0.17398247,0.16543886,-0.075203925,-0.027867062,0.16423176,0.03271829,0.11851035,-0.13087839,0.16811655,0.03663771,-0.28135115,0.107219644,-0.12664887,-0.21803385,0.060496762,-0.1806232,-0.2083399,-0.1007834,0.012051137,-0.2011089,-0.03494893,0.12704745,0.10406077,0.14380148,0.021181086,0.12997875,0.20243767
20,4.207772,1.4408423,-1.2168032,1.6297464,-0.9598483,-0.60689723,1.3731601,1.2607293,-1.2130356,-0.7451606,0.40419787,0.7116954,0.39099175,0.52431047,0.0069447076,0.5127929,0.78899205,-0.14017309,-0.3698324,0.121233225,6.3623085,0.44986677,0.72830963,0.21958658,0.2984382,0.7042878,0.27081066,-0.0704899,0.22992352,-0.18314525,-0.045275416,-0.08434424,-0.015921623,-0.7435112,0.12638806,0.21704009,0.06411267,0.024267731,-0.24765074,-0.26148778,0.28594857,0.4279772,0.11679379,0.09232134,0.15272781,0.20078734,0.33961314,0.23802313,0.061359122,0.15131348,-0.15317422,-0.04622903,-0.024030391,-0.019311525,0.1198954,-0.16595325,-0.1419203,0.090698406,-0.08347445,-0.143965,-0.048765495,-0.06343092,-0.058169857,-0.018623417,0.15564527,-0.1329006,-0.1439681,0.0017081529,0.09932473
21,-0.8851909,-0.9867097,-0.83572334,1.6351893,0.6080198,-2.0586019,-0.8820465,-1.0765977,-1.358989,-1.382096,0.9864139,0.22668153,-0.69179875,0.34655458,1.4955192,-1.1199002,0.56100833,0.11495505,-0.04419009,0.55792356,0.44986677,5.8223543,-0.51452315,-0.2824695,-0.12633517,0.5189043,0.09936212,0.12499001,-0.26245856,-0.28979,-0.06680782,-0.40700752,0.24550445,0.015586089,-0.37792158,-0.282026,-0.006386645,0.058408644,0.14022684,-0.13884693,-0.13848466,-0.21846554,0.09082103,0.2944383,-0.15876374,-0.289178,-0.12936482,-0.12479386,-0.07215461,0.004454759,-0.14059561,0.038801454,0.18471819,-0.23892403,0.052681632,0.09907689,0.10163435,-0.017840125,0.028965715,0.02805334,-0.244322,0.09619512,-0.14383434,0.038066216,-0.11419381,0.045057245,0.0974664,0.021119153,-0.07626587
22,0.029533803,0.53441286,0.77391535,-1.098485,-1.9642212,0.6795076,0.9894272,1.0827962,0.9219301,-0.2917382,-0.43667483,-0.9222946,-0.47316778,-0.22951522,0.20506114,0.40789768,0.79437196,-0.21872823,0.9256626,-0.22429156,0.72830963,-0.51452315,3.5943944,0.31131524,-0.81018734,-0.2380591,-0.22686478,0.056066804,-0.51429904,0.3927589,-0.26215464,-0.20543775,-0.05459015,-0.40063322,-0.5489055,0.0077055735,0.22365925,-0.5151769,-0.39483523,-0.01658297,-0.2743287,0.41980222,0.18710524,-0.10216546,0.07315863,-0.597807,0.09257361,0.236659,0.08820288,0.27705157,0.23016793,-0.03483656,0.13313791,-0.45800197,-0.069724746,0.1377005,0.22885127,-0.2246624,-0.216224,0.06342497,-0.07420198,-0.012235595,-0.035346806,-0.046477415,-0.122642845,-0.05803551,0.009007112,-0.035301857,0.1320384
23,-1.9603381,-1.5573223,-0.21778537,0.8220267,0.8936283,-1.7806823,-1.9748659,-0.8502367,-0.58200145,-1.7232324,0.2627992,0.51036125,0.34757876,-0.39433166,0.471631,-0.9115884,-0.967502,0.6856715,-0.26163697,-0.24556926,0.21958658,-0.2824695,0.31131524,4.443865,-1.1320533,-0.055533804,-0.17838457,-0.30783752,-0.03899289,0.38956892,-0.002197655,0.073598996,-0.08906134,-0.59251755,0.39046007,0.2679823,0.34377155,0.3229227,0.26178908,0.14748268,0.28782436,0.20241994,0.1834867,-0.36122218,0.440481,-0.097433746,0.12825432,-0.3723514,0.31449312,-0.0039845016,0.20660803,0.09325496,-0.17926162,0.004577141,-0.1463582,-0.024003658,0.015894273,-0.25984412,-0.09167205,-0.063062206,0.023811577,-0.16901454,-0.112611264,-0.052212797,-0.05521837,-0.02683755,-0.1393097,-0.0036345432,0.055829987
24,-2.1833205,-0.24917269,0.2515712,0.62285507,1.1083935,-0.25610405,0.6582358,0.43224335,0.4481722,-0.7483609,-0.6307433,-0.17943755,0.35153934,0.12563872,-0.47277474,0.13887657,-0.43057418,0.8593291,-0.39552325,-0.3673492,0.2984382,-0.12633517,-0.81018734,-1.1320533,4.0464287,-0.3287385,0.18464266,-0.13763526,0.12076621,0.011014327,-0.28061584,-0.62204623,-0.5429311,0.11957738,0.023100974,0.42503262,-0.55723023,0.46299008,0.1497809,0.061128765,-0.1773639,0.08815286,-0.07242736,0.06869276,0.29863855,0.119574666,0.10188551,-0.14126296,0.0118892435,0.23446475,0.1355011,-0.011027448,-0.07169229,-0.41066337,-0.2595296,0.29268658,-0.031627234,-0.117795765,-0.07550873,0.0061668465,-0.15526809,-0.00344057,0.07262954,-0.11414236,-0.10295057,-0.09688422,0.14775133,-0.0019056174,0.007391455
25,3.0354424,-0.14738165,0.7095167,0.7069615,0.6454706,-1.084658,1.0824878,0.07572085,0.34009376,0.12587415,-0.014593249,0.7221965,0.59866977,-0.080721036,-0.27498895,0.5493399,-0.5066703,-0.24389295,0.8801929,-0.82647943,0.7042878,0.5189043,-0.2380591,-0.055533804,-0.3287385,4.326244,-0.4154408,-0.3537249,0.63925165,0.61237794,-0.34115446,0.1978133,-0.077645086,0.45820478,0.24935816,-0.025756754,0.03353513,0.11950229,0.17751111,0.39614445,-0.2526374,0.0985749,-0.18164816,-0.13339409,-0.31219387,-0.15194961,-0.015293907,0.05913659,0.046785742,-0.23462963,0.17055395,0.18346126,-0.06697056,0.12491672,-0.032519802,-0.15011692,-0.04179129,-0.007112031,-0.08083275,0.17215934,0.047944754,-0.08285934,0.08557083,0.08312106,0.05535855,0.08658352,0.0773098,0.16660252,0.12682164
26,-0.21336535,-0.15835084,0.13537967,-0.5031847,0.40482154,-0.6550698,0.66529953,0.44782603,0.30885866,0.48866552,0.4516809,1.2744372,0.2829377,-0.8512675,-0.03716628,0.30444276,-0.18161222,-0.094027475,0.30678684,0.43073606,0.27081066,0.09936212,-0.22686478,-0.17838457,0.18464266,-0.4154408,4.261358,0.22408062,0.051423013,-0.244946,-0.42076772,-0.040039964,1.0110973,-0.13102269,-0.088974215,0.11576822,0.20691729,-0.0029296614,0.5108069,0.02882884,0.13046092,0.42533898,0.21893668,-0.29925072,0.114992484,-0.00024055729,0.07920404,-0.00030629558,0.107200384,-0.05329654,0.25764316,0.10615507,0.019327963,0.10014421,-0.025993463,0.040434517,0.033161435,-0.29339194,-0.0014017364,0.026438177,0.02452752,0.06293683,-0.035798665,0.02230113,-0.08635254,-0.02690237,0.098245844,0.0724491,0.024719592
27,2.0601301,-0.65805376,0.34211951,-1.1013658,-0.21959108,-0.1740149,-0.0992288,-0.19381145,-0.35427463,0.4399851,-0.5958369,-0.31292576,0.27510518,-0.3120538,-0.31761247,0.25363287,0.14820017,0.12928887,0.36627102,0.118401125,-0.0704899,0.12499001,0.056066804,-0.30783752,-0.13763526,-0.3537249,0.22408062,3.1276784,0.074337855,0.81275594,-0.421165,-0.72488403,-0.204361,0.0137456525,-0.048908487,-0.6176916,0.72125626,0.33363593,0.22783402,0.06706311,-0.0958485,-0.28579384,0.048158407,0.24140188,0.15585849,0.026268229,-0.05865702,0.22501248,0.005984205,-0.19705434,-0.061693422,0.22675604,-0.035033707,-0.04209839,0.12775683,0.07171296,0.11777942,0.0092954375,-0.06411418,-0.064610176,0.0060025332,-0.112592295,0.13819858,-0.035414454,-0.06588323,0.10643089,-0.09977348,0.022734933,-0.08432761
28,-0.30124274,0.8163531,-0.09916541,-0.85564137,-0.49660498,0.93915415,-0.41725194,0.9280408,-0.05517672,-0.8899547,-0.3549897,-0.3257504,0.3621832,0.36669016,0.06816467,-0.015286204,0.02944315,-0.5570866,-0.55349326,0.29290885,0.22992352,-0.26245856,-0.51429904,-0.03899289,0.12076621,0.63925165,0.051423013,0.074337855,3.1192663,0.22787076,0.15668483,-0.06960577,0.041960098,0.24508911,-0.10877086,-0.041788146,0.20782784,-0.1849424,0.4333224,-0.5413734,-0.22630128,-0.21141104,0.22550882,-0.33001447,0.108933434,0.40067577,-0.09771776,-0.28271645,-0.31127197,-0.007622228,0.059083216,-0.016422309,-0.074370325,-0.29280952,0.031565383,-0.13852069,0.22301582,-0.15803744,0.009463395,-0.056841843,0.05290623,-0.08257858,-0.042550035,0.12285784,-0.026999177,0.05297073,0.010822694,-0.17692593,0.06844288
29,-1.4268115,0.26607418,0.3949144,0.23798442,0.2832825,0.026027955,0.5641601,-0.07584785,0.22962616,0.33485785,0.22133756,0.38502654,-0.9004813,-0.14485198,0.04712063,0.11749351,-0.47433925,0.035521455,-0.26828033,0.42142358,-0.18314525,-0.28979,0.3927589,0.38956892,0.011014327,0.61237794,-0.244946,0.81275594,0.22787076,3.127302,0.014631692,-0.12960273,0.080024615,0.23405227,-0.50329673,0.20138806,0.012621217,0.26366165,-0.16126823,-0.2678484,0.38065755,0.026451774,0.28571463,0.10694499,0.17353077,-0.21975687,0.27339363,-0.1565071,-0.2476783,0.069077715,-0.11942819,-0.09757338,-0.020261439,0.022016231,-0.37750056,0.037416868,-0.008460725,0.09002134,0.10488637,0.12439865,0.029626848,0.05227982,-0.117992714,0.056403555,-0.02967095,-0.03975813,0.09868419,0.109085515,0.027804174
30,-0.28327638,0.35803032,-1.1373883,1.4836079,0.62819636,0.22378772,0.8746029,0.33938688,-0.514566,-0.0038736574,0.03873828,-0.2656865,-0.20813788,0.71488357,-0.0591679,0.15641499,0.031835984,-0.3147964,0.26546097,0.032997936,-0.045275416,-0.06680782,-0.26215464,-0.002197655,-0.28061584,-0.34115446,-0.42076772,-0.421165,0.15668483,0.014631692,3.2586756,-0.4252977,0.22844675,0.7568585,0.01669809,0.11895393,0.100759864,0.24714749,0.14605956,-0.056101672,-0.031985432,0.22015604,-0.013540428,-0.19207096,-0.0074196095,0.14149565,0.018868968,0.31132343,0.06642286,-0.1844165,-0.08034636,-0.049377136,0.05520071,0.0059101814,-0.039692145,0.19323143,-0.0880673,-0.052183703,-0.15669161,-0.05851835,-0.123356834,-0.02979259,0.1496588,-0.01324472,-0.1740069,-0.167615,0.06963886,-0.060095325,-0.2533843
31,2.2571263,0.6637504,0.10841253,-0.08912724,0.22777534,-0.97749555,0.41518676,-0.44079944,-0.26479352,0.60248005,-0.33099335,0.12427238,-0.41258413,0.51785624,-0.45631862,0.086028814,0.47807568,-0.30085048,0.14003983,0.28148034,-0.08434424,-0.40700752,-0.20543775,0.073598996,-0.62204623,0.1978133,-0.040039964,-0.72488403,-0.06960577,-0.12960273,-0.4252977,3.0574203,0.007973636,-0.18801741,-0.32566214,0.052125372,-0.05391898,0.21832311,0.24170734,0.091421075,-0.011798231,-0.22306873,0.12126608,0.0938034,0.17910025,0.1731275,0.10487893,-0.09534316,-0.14707182,0.071748964,0.08781912,0.10844836,0.014137585,-0.21068794,-0.041727126,0.14583838,0.050202824,0.026777027,0.032508437,0.026304659,-0.06819043,0.057378046,-0.072278336,-0.044436947,-0.18306088,-0.014109382,0.06284361,0.0524519,-0.10093348
32,3.1677496,-0.5754944,0.1599501,-0.009694554,-0.97576004,-0.7671081,0.6077618,0.3455996,0.083771184,-0.3016253,-0.49678993,-0.07165165,-0.13456894,0.1532507,-0.31534684,-0.018984232,-0.059201833,0.4902923,0.14280915,-0.42077947,-0.015921623,0.24550445,-0.05459015,-0.08906134,-0.5429311,-0.077645086,1.0110973,-0.204361,0.041960098,0.080024615,0.22844675,0.007973636,2.5476174,0.0994408,0.008379826,0.25148875,-0.11213532,0.22489743,-0.43377966,-0.11197229,-0.24418503,-0.4862908,-0.068739615,-0.09735769,-0.07684716,-0.17314027,0.12645331,-0.0653186,-0.18585955,-0.0743798,-0.17065668,-0.16259879,-0.13724238,-0.084637314,-0.2332187,-0.0630472,0.055184845,0.229622,0.013045277,-0.0106640775,0.04360466,-0.18716523,0.108679935,-0.020655401,0.048605166,0.07493001,-0.12153882,-0.079938084,0.05609583
33,1.9262903,-0.38064343,0.49952555,-0.7119675,-0.40389904,0.26921993,-0.18461096,0.5872667,0.39064634,0.7782001,-0.31637132,0.40963638,0.6295505,-0.47104385,0.026434217,-0.40113208,0.56852186,0.34316295,0.07119833,0.14007217,-0.7435112,0.015586089,-0.40063322,-0.59251755,0.11957738,0.45820478,-0.13102269,0.0137456525,0.24508911,0.23405227,0.7568585,-0.18801741,0.0994408,2.1759176,-0.032877248,0.68727213,-0.22958852,-0.14573863,-0.27917272,0.36993438,0.23399884,0.25707874,-0.05204793,0.2267275,-0.10485645,-0.086397745,-0.26334733,-0.057001118,-0.22804898,0.11159285,-0.2398806,0.0872692,-0.08971448,0.053438775,0.35117492,0.09488403,0.04459264,-0.2781509,0.03280151,-0.17488334,-0.19837895,-0.15646946,0.07187178,-0.056087613,-0.12138995,0.14078024,0.08158849,-0.0044259364,0.01815677
34,0.3162446,-0.4980725,0.05205726,-0.67787814,-0.46100932,0.14129995,0.6386865,0.53347015,0.3289654,-0.005917798,-0.15881549,-0.24150535,-0.3815982,-0.082730696,0.24628644,0.03781798,-0.00010023697,-0.2760576,-0.057363264,0.24543563,0.12638806,-0.37792158,-0.5489055,0.39046007,0.023100974,0.24935816,-0.088974215,-0.048908487,-0.10877086,-0.50329673,0.01669809,-0.32566214,0.008379826,-0.032877248,2.7379203,0.010348088,0.07064666,0.16463509,-0.034829672,0.07881482,-0.02134157,-0.21920246,0.30296403,0.15356553,-0.07800037,-0.25456238,0.16336957,0.029228065,-0.26944602,-0.022202026,-0.053829998,0.11798945,0.027339295,0.008512353,0.02983262,0.11034537,0.10393913,-0.03986699,0.041681126,-0.048823554,0.12971094,-0.088765584,-0.06422362,0.18715736,-0.06692855,-0.12868455,0.098261,0.18674678,0.0051697027
35,-0.97946733,-0.43670684,0.63502604,-0.027300563,0.23193151,0.49151558,-0.496074,-0.24874833,-0.4475637,-0.2798113,0.19478574,-0.29996502,0.09029352,-0.6008594,0.51816607,0.2247948,-0.16417973,0.19902995,0.16471419,0.2532983,0.21704009,-0.282026,0.0077055735,0.2679823,0.42503262,-0.025756754,0.11576822,-0.6176916,-0.041788146,0.20138806,0.11895393,0.052125372,0.25148875,0.68727213,0.010348088,2.4263184,0.41254377,-0.13008325,0.21136682,-0.2133086,0.010322068,-0.049338482,-0.1280691,0.55855584,0.026856888,0.0101344,-0.20732713,0.14854261,0.16714622,0.13658804,-0.043687772,0.08461583,0.12985426,-0.072783545,0.10637194,0.057429105,-0.016951997,0.13859475,-0.010338823,0.065628044,0.12651926,-0.039844513,0.00073601527,-0.0448587,0.047714785,0.13710919,-0.023560803,-0.039109237,0.094434425
36,-0.40530547,0.520464,-0.41501957,0.37337247,0.43005508,-0.16435432,0.16371635,-0.30046105,0.13488618,0.0895898,0.038801756,0.024929909,0.05633933,0.7372549,-0.3926224,-0.12894863,0.29432267,0.23659612,-0.39631772,-0.41136128,0.06411267,-0.006386645,0.22365925,0.34377155,-0.55723023,0.03353513,0.20691729,0.72125626,0.20782784,0.012621217,0.100759864,-0.05391898,-0.11213532,-0.22958852,0.07064666,0.41254377,2.1500263,-0.17053817,0.1064374,0.08285585,-0.32284826,-0.13115934,-0.21258572,0.185556,-0.23118883,0.22624642,0.078514315,0.02726277,0.1004397,0.07312952,0.18815282,-0.12859716,-0.0011196726,-0.0339192,0.057753276,0.20559135,-0.11826061,0.019140054,-0.021326525,-0.13648826,-0.13233607,0.11136748,-0.113814026,0.051569264,-0.028731592,0.02635023,0.050933227,0.0697002,-0.03679321
37,0.7100871,0.1651403,-0.05177774,-0.64943326,-1.0233405,0.2258505,-0.47441167,-0.33365503,0.25083706,0.6750692,-0.020804096,-0.10111212,-0.123666026,0.03274156,-0.1162354,-0.14477742,0.31689218,0.041155055,0.55562466,-0.109240465,0.024267731,0.058408644,-0.5151769,0.3229227,0.46299008,0.11950229,-0.0029296614,0.33363593,-0.1849424,0.26366165,0.24714749,0.21832311,0.22489743,-0.14573863,0.16463509,-0.13008325,-0.17053817,2.5403905,-0.02060185,-0.068234816,-0.033752374,0.16492027,0.028200343,0.028743923,0.036092654,0.1537101,0.012713576,0.03727769,0.20953414,0.15607235,0.17400467,-0.09821077,0.055104334,-0.09849022,0.16016155,-0.057180792,-0.016389433,0.092087805,-0.038864948,0.0060178703,-0.006254526,0.115799256,-0.16801386,0.047144964,0.00071267504,0.10059578,-0.21298069,0.020853095,-0.0052988417
38,0.014487088,0.29419667,-0.21381783,0.3381937,-0.8635869,0.419992,-0.03033312,-0.13648641,0.2083978,0.13810964,-0.12844682,-0.5608853,-0.73146033,0.311778,-0.016338298,0.16044894,0.18446535,0.024263855,0.29009426,-0.35862032,-0.24765074,0.14022684,-0.39483523,0.26178908,0.1497809,0.17751111,0.5108069,0.22783402,0.4333224,-0.16126823,0.14605956,0.24170734,-0.43377966,-0.27917272,-0.034829672,0.21136682,0.1064374,-0.02060185,2.3705518,-0.05311285,0.18726248,0.075841255,-0.107677646,0.04625232,0.039829552,-0.3630675,-0.03217983,0.054656833,-0.043670677,0.04397848,-0.08367808,-0.07711047,-0.020727668,0.12832835,-0.1562309,-0.09339309,0.07850162,-0.0031931314,-0.023300357,0.030708103,0.0011022459,0.046985157,0.1004066,-0.068747,0.07916008,-0.04229814,-0.012379716,-0.021880347,-0.017202675
39,-0.65596867,0.33186942,-0.14994079,0.26389748,-0.4145828,-0.2772749,0.34272486,0.11458519,-0.3600061,-0.27804148,0.15915555,0.7372621,-0.25508523,0.06484399,-0.054704487,0.3566839,-0.22987211,0.7515046,0.24427094,-0.04976402,-0.26148778,-0.13884693,-0.01658297,0.14748268,0.061128765,0.39614445,0.02882884,0.06706311,-0.5413734,-0.2678484,-0.056101672,0.091421075,-0.11197229,0.36993438,0.07881482,-0.2133086,0.08285585,-0.068234816,-0.05311285,1.6079581,0.0415001,0.106074154,0.04065533,0.21039855,0.0807573,0.17250606,0.096729845,0.040327482,0.0040906756,-0.028683014,0.07106755,-0.16076079,0.060035415,-0.23790596,-0.2984718,-0.15208761,0.05658962,-0.16753882,-0.0202372,-0.06702129,-0.084938645,0.027017564,0.0072850883,0.024002008,0.070770666,0.08016078,-0.027417459,-0.055562057,0.029220508
40,1.002151,-0.17603737,0.17549989,-0.045802392,0.05526457,-0.0861775,0.50208986,0.41286433,-0.027754623,-0.30549562,-0.061335184,-0.19541603,0.46407765,0.11353098,0.09125525,-0.20241554,0.36571038,0.17321727,-0.23028952,-0.014903041,0.28594857,-0.13848466,-0.2743287,0.28782436,-0.1773639,-0.2526374,0.13046092,-0.0958485,-0.22630128,0.38065755,-0.031985432,-0.011798231,-0.24418503,0.23399884,-0.02134157,0.010322068,-0.32284826,-0.033752374,0.18726248,0.0415001,2.2576466,-0.29745466,-0.060632456,-0.06984612,-0.25463322,0.049254827,-0.05383895,0.13368718,-0.045203824,-0.14040396,0.012454952,-0.024137974,0.039543256,-0.12566993,0.19184986,0.0142244175,0.019409964,-0.023773655,0.02929413,-0.10079925,-0.061037593,-0.021660045,0.029151151,-0.043466207,-0.010734035,-0.008682501,-0.06319624,0.033248313,-0.011461269
41,1.1122746,-0.75252056,0.29553133,-0.6007717,0.0735682,-0.41920507,-0.24551073,-0.16869116,0.083210774,0.11504686,-0.30636007,-0.17960188,-0.16597769,0.072255716,-0.086156964,-0.27766246,0.07261795,0.11382556,-0.21697956,0.18447095,0.4279772,-0.21846554,0.41980222,0.20241994,0.08815286,0.0985749,0.42533898,-0.28579384,-0.21141104,0.026451774,0.22015604,-0.22306873,-0.4862908,0.25707874,-0.21920246,-0.049338482,-0.13115934,0.16492027,0.075841255,0.106074154,-0.29745466,1.773342,-0.033223104,0.03266643,-0.1112811,0.024605818,-0.24005698,-0.11841273,-0.27236867,-0.10873179,-0.021077303,-0.00287888,-0.0030241418,0.07640049,0.06542322,0.07753119,0.13169128,0.080816284,0.1855787,-0.059433497,0.12764063,0.002904166,0.06357768,-0.011357795,-0.036235433,0.011613824,-0.04972733,0.075512975,-0.06811369
42,-0.94892097,-0.03963317,-0.4361156,0.36679554,0.298235,0.06432928,0.0132543715,0.113945045,-0.050786152,-0.28787208,-0.03073904,0.00232232,0.09353614,0.022966698,-0.20262209,0.34227493,0.14188874,0.17743826,-0.14715925,-0.17398247,0.11679379,0.09082103,0.18710524,0.1834867,-0.07242736,-0.18164816,0.21893668,0.048158407,0.22550882,0.28571463,-0.013540428,0.12126608,-0.068739615,-0.05204793,0.30296403,-0.1280691,-0.21258572,0.028200343,-0.107677646,0.04065533,-0.060632456,-0.033223104,2.0745995,0.14243852,-0.11872281,0.032966647,-0.2479581,0.014486644,0.13371661,0.047135178,0.07384023,-0.024729382,0.07960409,0.10021494,-0.04526213,0.03963664,-0.021161862,-0.014389987,0.042555667,0.04435345,-0.049375135,0.12768161,0.113944046,-0.11558241,0.04490924,0.0034114623,0.073262066,-0.1332892,-0.03102147
43,1.0039128,0.0034446642,-0.34219143,-0.13519232,-0.19041789,0.0039325785,0.17051938,0.3001896,0.2772884,0.22081502,-0.19882494,-0.066810295,0.14943631,0.086777814,-0.14343943,-0.45594388,-0.054600425,-0.2817126,0.110742666,0.16543886,0.09232134,0.2944383,-0.10216546,-0.36122218,0.06869276,-0.13339409,-0.29925072,0.24140188,-0.33001447,0.10694499,-0.19207096,0.0938034,-0.09735769,0.2267275,0.15356553,0.55855584,0.185556,0.028743923,0.04625232,0.21039855,-0.06984612,0.03266643,0.14243852,1.5822895,0.06217151,0.1350522,0.05654339,-0.084243745,-0.08109243,-0.20418672,-0.10505723,-0.061016552,-0.05449092,0.028576408,0.041351244,-0.11897956,0.056294717,-0.039422605,0.044866003,-0.030095955,-0.009701152,-0.035415877,0.101799145,-0.020019658,-0.042898364,-0.1894451,-0.11617918,-0.09487207,-0.1325465
44,0.35137144,-0.26396683,0.21104562,-0.28040332,0.14370678,-0.30679166,0.6421848,0.1516038,0.108620316,-0.18056154,0.16411486,0.36898,0.5535643,-0.11928041,0.18105051,-0.2847767,0.055448893,-0.100300215,-0.013802521,-0.075203925,0.15272781,-0.15876374,0.07315863,0.440481,0.29863855,-0.31219387,0.114992484,0.15585849,0.108933434,0.17353077,-0.0074196095,0.17910025,-0.07684716,-0.10485645,-0.07800037,0.026856888,-0.23118883,0.036092654,0.039829552,0.0807573,-0.25463322,-0.1112811,-0.11872281,0.06217151,1.6361927,-0.09870939,0.10533352,0.102908954,-0.079389766,-0.1860287,-0.14576827,0.07350783,0.14592825,-0.056534678,0.07790637,-0.06571396,-0.21849915,0.07297997,0.021318711,0.079583265,-0.112244196,-0.09213591,-0.018988209,0.08900624,0.02478641,-0.059312373,0.11754646,0.020857655,0.0007972084
45,-0.6328017,-0.44162422,0.4464785,0.47198015,-0.04581766,0.28000268,0.12953198,0.27087575,0.029396413,-0.56352997,0.15629402,-0.37696612,-0.28122404,-0.27184552,0.5808751,0.015042664,-0.13105258,0.064658806,0.03414631,-0.027867062,0.20078734,-0.289178,-0.597807,-0.097433746,0.119574666,-0.15194961,-0.00024055729,0.026268229,0.40067577,-0.21975687,0.14149565,0.1731275,-0.17314027,-0.086397745,-0.25456238,0.0101344,0.22624642,0.1537101,-0.3630675,0.17250606,0.049254827,0.024605818,0.032966647,0.1350522,-0.09870939,1.5795833,-0.13220412,0.11541215,-0.12360026,-0.1074678,-0.17108688,0.010543241,-0.03397288,0.14286572,-0.023973804,0.064994745,0.05215995,-0.048718404,-0.051241152,0.046367005,-0.01794741,-0.12032017,0.046957634,-0.07269186,-0.06259363,0.09574123,0.03211792,0.0492715,0.022742834
46,-0.14000134,0.062474884,-0.0043115094,0.0047675967,-0.08070734,-0.51565593,-0.464549,0.21181962,-0.17963192,-0.742625,0.16963369,0.25827122,-0.21711203,-0.06063407,-0.028215267,0.3268359,0.4006701,-0.052307073,-0.22362196,0.16423176,0.33961314,-0.12936482,0.09257361,0.12825432,0.10188551,-0.015293907,0.07920404,-0.05865702,-0.09771776,0.27339363,0.018868968,0.10487893,0.12645331,-0.26334733,0.16336957,-0.20732713,0.078514315,0.012713576,-0.03217983,0.096729845,-0.05383895,-0.24005698,-0.2479581,0.05654339,0.10533352,-0.13220412,1.6597223,-0.16127297,0.012899604,0.13416094,0.29468226,0.024031721,0.043917097,0.22757418,-0.04411709,0.09785923,0.15852347,-0.047323797,0.053569555,0.08940846,0.10658029,0.27187163,0.08026114,-0.12864009,0.025173584,0.075133875,0.0798425,-0.059208836,-0.042488057
47,0.5324651,-0.47172502,-0.22587389,0.019700442,0.20299484,-0.56404746,-0.37537897,-0.19784774,0.103206545,0.13704231,-0.20568359,0.33592486,-0.044881668,0.07886196,-0.089840025,-0.09026403,-0.20090657,-0.086973906,0.047254693,0.03271829,0.23802313,-0.12479386,0.236659,-0.3723514,-0.14126296,0.05913659,-0.00030629558,0.22501248,-0.28271645,-0.1565071,0.31132343,-0.09534316,-0.0653186,-0.057001118,0.029228065,0.14854261,0.02726277,0.03727769,0.054656833,0.040327482,0.13368718,-0.11841273,0.014486644,-0.084243745,0.102908954,0.11541215,-0.16127297,1.6022224,-0.2457344,0.09059721,0.09949564,0.09194897,-0.10072183,-0.027709115,-0.04433185,-0.18942013,0.04112628,-0.006197845,0.0816089,0.17596604,0.08715759,0.03271383,-0.061696433,-0.05743917,-0.04320357,0.09530279,0.08916134,-0.0051453053,-0.006937122
48,0.9199008,-0.015195377,-0.1627504,-0.54488885,-0.2044439,-0.42090932,0.54942966,0.326136,0.17640993,-0.017154157,-0.16743304,0.2612335,-0.000834228,0.12609561,-0.18747155,0.19722301,0.11810182,-0.39486614,-0.23655456,0.11851035,0.061359122,-0.07215461,0.08820288,0.31449312,0.0118892435,0.046785742,0.107200384,0.005984205,-0.31127197,-0.2476783,0.06642286,-0.14707182,-0.18585955,-0.22804898,-0.26944602,0.16714622,0.1004397,0.20953414,-0.043670677,0.0040906756,-0.045203824,-0.27236867,0.13371661,-0.08109243,-0.079389766,-0.12360026,0.012899604,-0.2457344,1.6203277,-0.05295321,0.04256032,0.105588354,-0.050788604,-0.03751979,-0.095278546,-0.17158175,0.049426615,0.007534139,0.08404769,0.1567631,0.053827636,0.018368406,-0.043523002,-0.009165401,0.0071352045,0.030605134,0.11880015,0.069574006,0.04193886
49,-0.5284852,-0.08968653,-0.018697437,-0.10715194,0.25902185,0.16645744,0.044032015,-0.15841687,0.02180046,-0.14266826,-0.0036439411,-0.107783616,0.09492494,0.093170874,0.022198075,-0.18586814,-0.24679546,-0.06923826,-0.14924008,-0.13087839,0.15131348,0.004454759,0.27705157,-0.0039845016,0.23446475,-0.23462963,-0.05329654,-0.19705434,-0.007622228,0.069077715,-0.1844165,0.071748964,-0.0743798,0.11159285,-0.022202026,0.13658804,0.07312952,0.15607235,0.04397848,-0.028683014,-0.14040396,-0.10873179,0.047135178,-0.20418672,-0.1860287,-0.1074678,0.13416094,0.09059721,-0.05295321,1.5655351,-0.09560513,0.027489565,-0.04220419,0.08378312,-0.0068942425,-0.10946345,0.0331781,-0.06740411,-9.5596595e-05,-0.050135065,-0.1154602,-0.050582126,-0.001801962,0.09177138,7.092499e-05,0.0064189816,-0.06146296,0.06352268,-0.05261124
