,0,1,2,3,4,5,6,7,8,9,10,11,12,13,14,15,16,17,18,19,20,21,22,23,24,25,26,27,28,29,30,31,32,33,34,35,36,37,38,39,40,41,42,43,44,45,46,47,48,49,50,51,52,53,54,55,56,57,58,59,60,61,62,63,64,65,66,67,68
0,335.00143,100.020134,135.23947,56.2798,-10.491971,-59.555164,14.090146,8.827347,-18.112934,1.3875171,2.4453478,36.114716,-7.855132,18.57421,7.9954967,-4.6679344,15.867222,-8.542042,24.658535,-3.5959954,-9.44525,0.42685774,-2.844843,5.49974,9.01664,-10.173246,2.1830728,-2.16143,-0.7577542,5.208422,3.353632,-4.382323,-9.49998,-0.4300256,-1.1546398,4.033267,-0.7507434,-4.2479444,-0.92090595,1.8482164,-3.0410802,-2.9002118,3.094308,-2.1994686,-3.1415968,2.5118546,-1.7733017,-1.5684407,-3.916542,1.0394669,0.042201485,-0.057661813,-1.5623786,1.3516114,3.8172646,-2.0481255,1.9825048,4.023037,-1.5544277,-1.8053946,4.100004,-2.2625108,1.3698704,2.793518,-0.51880527,0.6194137,-0.7387843,0.4070134,0.22943433
1,100.020134,124.85342,140.53381,25.95647,19.778053,14.735464,-5.805146,0.8853798,0.3168697,-7.208493,-3.7051158,-0.7117935,-6.1580667,10.745678,-1.0606265,4.44646,1.0202005,-7.11371,-6.2599497,-1.845488,-5.314786,3.7606368,-0.70821464,5.2847624,-0.09717132,1.0112419,0.72040224,0.5680164,-2.2723188,-1.0042646,-3.0432942,-2.9512558,1.8126571,-1.9897015,1.5918636,0.88903534,-0.7937734,0.21041009,-0.5819886,-1.0456063,0.46938968,1.950839,0.27120104,-0.3259318,1.3073847,0.90153384,1.2055995,1.387359,0.72355485,0.46379536,1.1471596,0.11441171,-0.67543304,-0.5524845,-0.7860077,-0.782861,-0.37987334,-0.41458166,-1.1037514,0.12260413,-0.7177912,0.9401979,-0.667951,-1.3852897,0.15795459,-0.43267626,-0.2151264,-0.41787964,0.16709937
2,135.23947,140.53381,230.49846,6.2864895,27.669352,15.643288,-16.916126,-2.2989109,16.374722,1.4154633,-9.449745,7.7755446,-2.9594693,-10.546547,2.6594753,-5.5574617,-8.3148155,6.2285547,-2.4618764,2.5715532,3.710221,2.5665467,-2.0783875,0.7139252,-0.74047625,-2.2247982,-0.48654836,-1.1721692,0.27394128,-1.2028407,3.6969352,-0.29577804,-0.5133636,-1.6094829,-0.16778848,-2.022074,1.2557771,0.16169038,0.60906076,0.45542878,-0.541834,-0.8899969,1.3157393,1.083525,-0.6200788,-1.4387193,-0.051380195,0.7570042,0.5186796,0.034432113,-1.1202416,0.44901425,0.6562761,-0.9858534,-0.29441842,1.0164963,0.06763987,0.024616709,0.98828447,0.020839116,-0.3014733,0.6886413,0.72131014,0.06566827,-0.2150448,0.007391665,-0.44476116,-0.105389535,-0.12681045
3,56.2798,25.95647,6.2864895,58.009506,10.818611,-15.541191,2.7742553,3.2338517,-20.939419,-22.833115,8.762219,2.7769198,-5.6766443,17.814072,12.004534,0.9666339,2.0951993,-3.9188051,0.19234098,-5.096974,-3.921119,-5.8191757,1.0913428,-3.7383192,-1.0086778,-3.355907,0.4879229,6.1051846,2.5271738,-1.21007,-1.6210024,1.2298722,-0.07731241,7.2696753,1.9835739,0.8702138,-2.477213,0.7543753,-1.1432447,-0.48203212,0.14072406,2.72644,-1.6245825,0.78916794,0.27809682,-0.7426199,-2.2917926,-0.17347318,0.63306,0.11455696,0.25342762,-0.60246766,-1.1426497,2.0180614,1.0179973,-1.0791961,0.38352078,-0.287979,-2.1401114,-0.5552326,0.2640366,-0.4605318,-0.2943611,-0.65710664,-0.19389604,0.11010467,0.2653645,0.030726243,-0.22999251
4,-10.491971,19.778053,27.669352,10.818611,20.448704,2.1392305,-7.0822616,-8.508299,-1.74067,-2.880705,1.8268676,-0.80482334,1.3470452,1.1918596,2.0416436,-2.185843,-4.2871537,-0.64268994,-5.4869304,-0.3633963,2.8300877,-2.0001247,5.594225,-3.2122283,-3.5087287,-2.303296,-1.9471343,0.8645848,1.8511873,-1.1584531,-1.3840457,-0.83097875,2.895108,2.344408,1.4039296,-0.5657216,-1.4186348,2.9315505,2.7161484,1.4340137,-0.121735334,0.03002889,-1.0928532,0.5703231,-0.4131528,0.41487223,-0.27134302,-0.70379186,0.46505597,-0.7572582,-0.117871076,1.0184652,-0.072283894,-0.11832005,-0.24491984,0.07328678,-0.7756603,-1.0666221,0.46419436,0.42987904,-0.8729546,0.121528804,-0.11552611,-1.0128038,-0.094916336,-0.05008436,1.3525832,0.08712539,0.2729444
5,-59.555164,14.735464,15.643288,-15.541191,2.1392305,41.80125,-2.452195,9.945427,14.296832,-0.43200773,-9.407568,-19.095123,2.7773361,-4.4407325,-4.847638,5.9599113,-6.199277,-1.0653977,-10.1301365,-0.76264346,2.2502422,6.0530014,-3.8612068,4.4593983,0.5937402,2.4028878,0.344471,2.1237965,-2.6323628,-0.72419775,0.8892982,2.9869266,2.2320545,1.6628289,-0.3211644,-0.8473698,0.02330064,-1.3104204,-0.8659792,1.263153,0.062032245,1.5519791,-0.67493683,-0.18390912,0.9945828,-0.55365944,0.32689786,1.5701554,0.6575605,-0.41958332,-0.12223932,-0.3238495,-0.6070619,0.5685158,0.6235331,0.07806428,-0.05845903,-0.6509162,-0.16296907,0.4241649,-0.46448737,0.5520272,-0.7056477,-0.2326093,-0.15830189,0.15767437,-1.0249621,-0.12689766,-0.4487968
6,14.090146,-5.805146,-16.916126,2.7742553,-7.0822616,-2.452195,21.104982,16.18377,0.26485294,-4.147649,-0.31441903,5.5814953,4.2683263,1.3830428,-1.942696,6.285821,1.7446842,-1.6265545,0.98016584,-0.55147016,-2.9662943,1.8231754,-3.0166996,6.4172516,-0.83548033,-3.1490302,-0.4653715,1.0722706,0.28234524,-1.0480595,-2.657745,-0.11509306,-1.5304635,1.3969069,-2.1294246,1.6497605,-1.1461394,0.92136085,-0.5613232,-1.3945498,-1.4620347,0.8191339,0.15588109,0.13617882,-2.9596806,-0.39536157,1.3133025,1.4296374,-1.7869017,-0.5257254,-0.19407573,0.097705685,0.6277909,-0.60008,-0.22020005,-0.2714436,-1.311228,0.8178257,-0.6791171,0.8233524,-0.06832869,-0.51912516,0.07898163,1.1586041,-0.07118319,-0.57334876,1.0741777,0.6021812,-0.26286978
7,8.827347,0.8853798,-2.2989109,3.2338517,-8.508299,9.945427,16.18377,30.677309,2.5787103,-18.044552,-3.0764694,2.3957138,7.0474405,-2.5775008,1.0982134,7.8907146,-1.0621079,0.4273746,-5.4929495,1.1525464,-2.2937965,2.410047,-4.0510116,2.5965266,0.15405402,-0.43377128,-0.054324817,2.204411,-4.0858135,0.8743443,0.25766203,2.8004546,-0.7246221,0.37842155,-1.8448774,1.0228639,-0.2637192,0.10127429,-0.20571716,-0.60641,-1.1766875,0.8418931,-0.18386748,-0.21419188,-1.6389294,-0.7759561,-1.5095181,0.89757144,-1.454952,-0.05211202,0.22458991,-0.112347744,-0.049765617,1.532444,1.3134458,0.72331274,-0.06053215,0.21502393,-1.0827595,0.052507646,0.7625366,-0.13916887,0.1559419,2.1012988,-0.41762996,0.002307552,0.3486393,-0.036115643,-1.1227424
8,-18.112934,0.3168697,16.374722,-20.939419,-1.74067,14.296832,0.26485294,2.5787103,15.130631,9.621297,-7.5001955,-2.917528,1.5624528,-7.364341,-5.833893,0.63836175,-4.8203897,2.661339,0.46040037,-0.101283535,3.8343105,4.219196,-2.9883046,1.7874496,-1.2767243,-1.0670633,-0.8766,1.1148536,0.12902203,-0.6876004,1.7848356,0.9348172,-0.2871952,-0.99646103,-1.0672586,1.4140632,-0.51427376,-0.895558,-0.6341268,1.1548696,0.106566824,-0.16593504,0.18234667,-0.7996454,-0.4283833,-0.031157391,0.4524541,-0.34362453,-0.6091932,-0.11171327,0.06955096,0.07719301,0.2569375,-0.11466496,-0.49409413,0.33553296,-0.07025245,-0.068460695,0.829782,0.6626116,-0.043506272,0.65442634,0.26856995,0.83732164,-0.16999409,-0.44844663,-0.06405347,0.4532913,-0.56306505
9,1.3875171,-7.208493,1.4154633,-22.833115,-2.880705,-0.43200773,-4.147649,-18.044552,9.621297,31.272774,-3.3445172,0.6445905,-3.2848234,-3.506411,-8.74164,-3.1035943,1.5109112,-0.6991925,9.019521,0.005392329,2.2050753,4.1887937,0.20811103,4.8455195,2.108562,-0.88868284,-2.4675863,-0.64021826,3.0004032,-1.5035564,0.78247464,-2.078875,0.81039244,-1.4977746,0.11030127,1.1038823,-0.43026447,-2.263009,-0.15817484,1.0864291,0.8268777,-0.29976255,0.7654684,-0.80631614,0.6820364,1.9107513,1.5670384,-0.52603084,-0.18843204,0.5419536,0.024420284,-0.18583599,0.2075512,-1.3199999,-0.86273694,-0.076636344,0.02161489,0.3007289,1.492451,0.25866467,0.009528901,0.4990584,0.4945533,-0.6516649,-0.09964558,0.17134802,0.16279754,0.04862862,0.5321347
10,2.4453478,-3.7051158,-9.449745,8.762219,1.8268676,-9.407568,-0.31441903,-3.0764694,-7.5001955,-3.3445172,6.729549,3.98241,-0.3542746,0.99167883,4.392146,-1.417917,2.6015716,-0.59198296,0.23155749,1.125577,-1.71734,-2.684619,1.8241738,-0.60698396,1.6247065,0.33030212,-1.3450353,1.0840878,1.3024117,-0.67356634,-0.716932,0.67909193,1.5388758,-0.066292055,0.515787,-0.77833927,0.19267216,0.40860188,0.4976099,-0.519923,0.20104238,0.81669515,0.16448903,0.46198726,-0.19754228,-0.60046494,-0.014979464,0.6247008,0.7187278,0.11616579,-0.4564739,-0.14860201,0.2073825,0.13648328,0.10953362,0.22761594,-0.20810232,-0.12923169,-0.26487714,-0.47825184,-0.16925246,-0.38226646,0.03528426,-0.3360445,0.35541952,0.23707524,0.45992446,-0.25795913,0.7269835
11,36.114716,-0.7117935,7.7755446,2.7769198,-0.80482334,-19.095123,5.5814953,2.3957138,-2.917528,0.6445905,3.98241,17.659473,2.2618237,-3.3495135,0.6487395,-0.538751,0.3952526,3.2516828,4.9869986,1.7899877,-1.9901448,-0.79089224,3.7672815,-0.95879924,1.0870485,-1.7223451,-2.6368322,0.5688873,0.5710255,-0.62590027,0.20718706,-0.0032271133,0.4307283,-1.995306,0.67504406,0.70224404,-0.084985435,0.399557,1.3153017,-2.6276014,0.7148963,0.457636,0.23928663,0.4585485,-1.4588085,1.0231919,-0.2797281,-0.8574002,-0.6078588,0.186932,0.079410225,0.06268589,0.69676065,-0.064367086,-0.825006,0.1245781,-0.51207554,0.16317101,0.2762336,0.100873515,-0.045308784,0.09785955,0.5743585,1.2416801,0.12570235,0.42378956,1.163596,-0.15710118,0.04810551
12,-7.855132,-6.1580667,-2.9594693,-5.6766443,1.3470452,2.7773361,4.2683263,7.0474405,1.5624528,-3.2848234,-0.3542746,2.2618237,9.829486,-4.6784115,-0.42059657,0.33408305,-0.93458354,0.8253698,-3.5081239,0.47309107,-0.7474924,1.7916117,1.3578317,-1.0381954,-0.7648642,-1.847471,-0.54017735,-0.5091652,-1.3821735,2.9205112,0.7309142,1.5872221,0.5303054,-1.5973394,1.1566088,-0.18213251,-0.4136213,0.19122972,2.1198454,0.72362447,-1.4473112,0.5381831,-0.33969766,-0.276659,-1.9850323,0.92318654,0.5144495,0.20959833,-0.044419035,-0.39572906,-0.33147115,0.83962834,0.2194807,-1.0843813,1.4179189,-0.6910487,-1.3319128,-0.103346236,0.14562607,0.28942415,-0.3985051,-0.89559287,-0.34575456,0.21637076,0.26268274,0.35582393,0.2788263,-0.06671126,0.6415001
13,18.57421,10.745678,-10.546547,17.814072,1.1918596,-4.4407325,1.3830428,-2.5775008,-7.364341,-3.506411,0.99167883,-3.3495135,-4.6784115,12.932881,-0.07013254,1.4903662,3.5391626,-5.238693,0.049550958,-3.4014182,-2.1968088,-0.7642555,0.3051656,0.8265482,-0.9416573,-0.0803191,1.5270666,0.9494457,-0.613172,-0.01344035,-1.8994306,-2.1411917,-0.69402134,1.6627139,0.33050203,1.9404764,-2.0934405,0.025509901,-0.60931295,0.06604283,-0.41054416,-0.1885368,-0.22941922,-0.5351367,0.7985331,0.9482888,-0.03693702,-0.40301007,-0.50248456,-0.099484,1.183625,-0.18689,-0.9379691,0.36993372,0.11721027,-0.9270226,0.3586688,-0.12783685,-0.8379203,-0.21170834,0.12438773,0.18695198,-0.53127277,-0.8056885,-0.1343889,-0.42219204,-0.3144449,0.48360735,-0.20766205
14,7.9954967,-1.0606265,2.6594753,12.004534,2.0416436,-4.847638,-1.942696,1.0982134,-5.833893,-8.74164,4.392146,0.6487395,-0.42059657,-0.07013254,8.436823,-3.546905,0.85459197,0.590202,-0.48235416,1.4218243,0.30406004,-4.9220085,-1.5519617,-2.0426655,1.5975685,0.41865003,-0.5127628,1.889925,-0.12733445,-0.45599577,1.281427,1.5757524,0.9288665,1.7085714,-0.79401684,-1.3045627,0.7807536,-0.07254276,0.14873141,0.36142838,-0.31190836,0.6199477,0.33868435,0.49128824,-0.663627,-1.523172,-0.84449035,0.21359058,0.19500566,-0.13266583,-1.2939711,0.0013740957,0.27309832,0.32953453,1.2202847,-0.047438204,0.3895661,-0.13855556,-0.32007048,-0.45765874,-0.092713885,-0.51546913,0.0024396013,0.19131151,0.099985324,-0.20090392,0.049170844,-0.12165554,0.19855008
15,-4.6679344,4.44646,-5.5574617,0.9666339,-2.185843,5.9599113,6.285821,7.8907146,0.63836175,-3.1035943,-1.417917,-0.538751,0.33408305,1.4903662,-3.546905,8.725237,-0.70711446,-2.1728096,-1.2027533,-2.1550307,-1.3246459,3.2811508,-0.6702844,3.286942,-0.21371484,-1.3418584,0.047441307,-1.149744,-0.38700846,-0.041039217,-1.2739713,-0.023905776,0.22472653,0.01373823,-0.13676636,-0.9807812,0.46295172,0.5440434,-0.7368679,-1.3630192,0.6674171,0.6334439,-0.7712245,1.5669367,0.60130286,-0.25703835,-0.4787074,0.3954665,-0.32403457,0.4602316,1.4245359,0.33463842,-0.6100931,0.81333756,-0.93059057,-0.080464154,0.2424314,-0.3627134,-0.5957056,0.49484506,0.7144009,0.121518984,-0.013166683,0.19231528,0.19796121,0.9623954,0.6948085,0.17470339,0.4892335
16,15.867222,1.0202005,-8.3148155,2.0951993,-4.2871537,-6.199277,1.7446842,-1.0621079,-4.8203897,1.5109112,2.6015716,0.3952526,-0.93458354,3.5391626,0.85459197,-0.70711446,8.206527,-2.3348851,0.7465422,1.4139903,-2.5849638,-1.522014,-1.8876457,3.3398156,1.2834258,1.7826322,0.98618567,-0.9242859,-0.21092579,1.6455022,-0.6155902,-1.500701,0.21662402,-2.830583,-0.0063405028,0.30691394,-0.70730054,-0.7834469,-0.64147174,0.5893378,-1.1244258,-0.37428868,-0.27433935,0.08168013,-0.14653118,0.12755272,-0.713674,0.69862497,-0.13788143,0.737208,0.10491963,-0.09519797,0.4250877,-0.473422,1.0220909,0.2682668,0.28268796,0.054267522,-0.08961651,-0.5006393,-0.2917626,0.5080822,0.39033204,-1.0530341,0.12028225,-0.22964108,0.22033319,-0.4798193,0.072973475
17,-8.542042,-7.11371,6.2285547,-3.9188051,-0.64268994,-1.0653977,-1.6265545,0.4273746,2.661339,-0.6991925,-0.59198296,3.2516828,0.8253698,-5.238693,0.590202,-2.1728096,-2.3348851,8.459252,0.55436933,0.39554226,1.1134152,-0.7824774,0.30888557,-2.1751409,-1.9797924,0.6067703,0.77015805,0.45037702,1.2514462,0.08448717,1.662901,1.5619767,-1.4245656,0.2743499,0.77566916,-0.472961,-1.2432243,-0.51188564,-0.33408013,-2.3806968,-0.5140753,-0.16849798,-0.54588413,1.2563636,-0.15447667,-0.059533533,-0.33761007,0.368439,0.9435389,-0.00556194,-0.12148304,-0.8994385,0.63197,-0.3384316,-0.37263334,0.69697845,0.060957298,-0.2021369,0.2725391,-0.6309519,-0.7071334,0.6697978,0.38575977,0.36719763,0.11281352,0.18385687,-0.6354858,0.01386006,-0.5944653
18,24.658535,-6.2599497,-2.4618764,0.19234098,-5.4869304,-10.1301365,0.98016584,-5.4929495,0.46040037,9.019521,0.23155749,4.9869986,-3.5081239,0.049550958,-0.48235416,-1.2027533,0.7465422,0.55436933,10.138177,-1.4374524,1.4466844,-0.067462854,-3.6694522,0.3723901,1.3711427,-3.1065645,-1.4764283,-0.3508719,1.7491083,0.559744,0.10636407,-0.31915838,-0.50111043,1.4122584,0.17790043,-0.23079711,0.86344314,-2.0601478,-0.79369843,-0.5626515,0.6643838,0.93510354,0.21203074,-0.19572869,-0.041079924,0.19920759,-0.048823573,-0.21305473,0.324478,0.4142434,0.17475331,-0.32835084,0.3540253,-0.25955892,-0.492647,-0.20504749,0.34314376,0.502905,-0.17744623,0.25951725,0.3730219,-0.024984997,0.46403843,0.47698087,-0.19395012,0.095983416,-0.15329249,-0.011270261,-0.061294936
19,-3.5959954,-1.845488,2.5715532,-5.096974,-0.3633963,-0.76264346,-0.55147016,1.1525464,-0.101283535,0.005392329,1.125577,1.7899877,0.47309107,-3.4014182,1.4218243,-2.1550307,1.4139903,0.39554226,-1.4374524,4.5158753,-0.006310741,-1.9902349,0.7267816,0.8754498,1.474376,2.684533,-0.77388906,-0.18986154,-1.2321348,-1.0527273,-0.24424979,-0.54079854,1.4323726,-0.38825303,-0.80623746,-0.7837379,1.130568,0.2119772,0.9269929,0.027621228,0.059848286,-0.61805844,0.6245245,-0.34226537,-0.0676641,0.015766457,-0.42390603,-0.01802714,-0.31969494,0.28371313,-0.59400284,-0.033223882,0.8912865,-0.3727649,0.29782766,0.7991912,-0.2765059,0.52157474,0.48599952,0.24212047,-0.08776215,0.52025497,0.08127969,-0.09863944,-0.32402083,-0.3714735,0.21728082,-0.4440266,-0.6503816
20,-9.44525,-5.314786,3.710221,-3.921119,2.8300877,2.2502422,-2.9662943,-2.2937965,3.8343105,2.2050753,-1.71734,-1.9901448,-0.7474924,-2.1968088,0.30406004,-1.3246459,-2.5849638,1.1134152,1.4466844,-0.006310741,5.770652,-1.1463904,-2.2593203,-0.7835635,-1.0095098,-2.2558413,-1.162235,0.17601275,-0.4547199,0.3863805,0.5648695,0.12981112,-0.046556883,2.9046116,-0.39488435,-0.65708673,-0.1905056,-0.08909488,0.84871906,0.9014617,-0.86156833,-1.1171159,-0.4044306,-0.348123,-0.29871374,-0.45068836,-1.308475,-0.796227,-0.33700335,-0.41854948,0.2214607,0.13867542,-0.009528209,0.15191482,-0.04701058,0.4630183,0.4956877,-0.22931594,0.26356912,0.42343193,0.19764638,0.1525887,0.332507,-0.03360849,-0.6071503,0.44627345,0.3571325,-0.085141435,-0.49831143
21,0.42685774,3.7606368,2.5665467,-5.8191757,-2.0001247,6.0530014,1.8231754,2.410047,4.219196,4.1887937,-2.684619,-0.79089224,1.7916117,-0.7642555,-4.9220085,3.2811508,-1.522014,-0.7824774,-0.067462854,-1.9902349,-1.1463904,5.9012055,1.6948919,1.0145966,0.43181717,-1.4825438,-0.037037946,-0.39668605,0.62873745,0.9960209,-0.24908385,1.3384757,-0.6558685,-0.62616473,1.2152419,0.83789647,0.058170814,-0.1617975,-0.48492357,0.3300245,0.36575305,0.4949677,-0.2709086,-0.8589883,0.36003417,0.7901814,0.5940978,0.41576397,0.36395425,-0.012954075,0.6862612,-0.10615663,-0.54206836,0.7063724,-0.43740898,-0.26668358,-0.3537253,0.016070869,-0.10479881,-0.03177026,0.718763,-0.20968181,0.35102436,-0.03960152,0.4420904,-0.15322918,-0.2440762,-0.01086112,0.34417745
22,-2.844843,-0.70821464,-2.0783875,1.0913428,5.594225,-3.8612068,-3.0166996,-4.0510116,-2.9883046,0.20811103,1.8241738,3.7672815,1.3578317,0.3051656,-1.5519617,-0.6702844,-1.8876457,0.30888557,-3.6694522,0.7267816,-2.2593203,1.6948919,11.8875,-0.7625189,2.2411914,0.90973747,0.88112366,-0.54833746,1.5525632,-1.1134827,0.098222435,0.4553718,0.1707787,-0.085597165,1.7548964,-0.14294747,-0.42189705,1.8493963,1.2951516,-0.050926078,0.8064617,-1.6292708,-0.4830475,0.1383501,-0.13989973,1.5620891,0.23812246,-0.75642395,-0.01035946,-0.7907308,-0.12731569,0.15598911,-0.30098537,1.3080399,-0.32966918,-0.53025013,-0.7389468,0.68506885,0.7720842,-0.026939865,0.2171404,0.28826448,-0.14890578,0.010806493,0.64466465,0.041437514,-0.12330571,0.2342906,-0.03982202
23,5.49974,5.2847624,0.7139252,-3.7383192,-3.2122283,4.4593983,6.4172516,2.5965266,1.7874496,4.8455195,-0.60698396,-0.95879924,-1.0381954,0.8265482,-2.0426655,3.286942,3.3398156,-2.1751409,0.3723901,0.8754498,-0.7835635,1.0145966,-0.7625189,8.770013,3.2848835,0.2926428,0.58160925,0.6467035,0.14131159,-1.2152267,-0.40290368,-0.35992306,0.27604783,1.1307983,-1.1707232,-0.92516804,-0.87653685,-0.82051545,-0.7397394,-0.4929337,-0.92814076,-0.77827764,-0.5241983,1.0068619,-1.2314663,0.14786994,-0.0660403,1.1402481,-0.8123526,0.06311497,-0.30243123,-0.24268761,0.61091703,-0.059740715,0.16089663,0.008535389,-0.058165796,0.8040811,0.36030924,0.31035626,-0.06637518,0.6826038,0.21144255,0.051263258,0.29310125,0.011407058,0.33791634,0.053341426,-0.0030043893
24,9.01664,-0.09717132,-0.74047625,-1.0086778,-3.5087287,0.5937402,-0.83548033,0.15405402,-1.2767243,2.108562,1.6247065,1.0870485,-0.7648642,-0.9416573,1.5975685,-0.21371484,1.2834258,-1.9797924,1.3711427,1.474376,-1.0095098,0.43181717,2.2411914,3.2848835,7.8763657,0.8572899,-0.9427428,0.65433526,-0.2555339,-0.21630019,1.1683301,1.8377106,1.6228344,0.073546976,-0.048793152,-1.23317,1.6912835,-1.4799709,-0.34753472,-0.10147649,0.5204619,-0.21552642,0.14669143,-0.2740757,-0.8510934,-0.30462193,-0.55695164,0.3853179,-0.15332887,-0.6956631,-0.51716685,-0.023403278,0.18812166,1.3271279,0.95744145,-0.91681576,0.17369698,0.36138177,0.31114477,-0.012924727,0.49395669,-0.0091952635,-0.14561729,0.20231926,0.24949911,0.27978238,-0.62547433,0.020919994,-0.043563306
25,-10.173246,1.0112419,-2.2247982,-3.355907,-2.303296,2.4028878,-3.1490302,-0.43377128,-1.0670633,-0.88868284,0.33030212,-1.7223451,-1.847471,-0.0803191,0.41865003,-1.3418584,1.7826322,0.6067703,-3.1065645,2.684533,-2.2558413,-1.4825438,0.90973747,0.2926428,0.8572899,5.873547,1.3582954,0.86618763,-1.975396,-1.8375797,0.72167945,-0.76123875,0.24697958,-2.121543,-0.7550505,0.053132962,0.02306349,-0.21255428,-0.47141963,-1.2790402,0.75145197,-0.46444756,0.57043964,0.30263066,1.073746,0.31625545,0.32527137,-0.1809062,-0.022483673,0.76896775,-0.25577462,-0.51481724,0.26003855,-0.4432459,-0.17344087,0.41563648,0.12346741,0.03230629,0.3164008,-0.42470193,-0.14157018,0.3813686,-0.38061947,-0.35696673,-0.046008524,-0.33975202,-0.32558763,-0.46041822,-0.22244163
26,2.1830728,0.72040224,-0.48654836,0.4879229,-1.9471343,0.344471,-0.4653715,-0.054324817,-0.8766,-2.4675863,-1.3450353,-2.6368322,-0.54017735,1.5270666,-0.5127628,0.047441307,0.98618567,0.77015805,-1.4764283,-0.77388906,-1.162235,-0.037037946,0.88112366,0.58160925,-0.9427428,1.3582954,4.2711873,-1.0291072,0.023779675,0.64026463,0.9670774,-0.23732592,-3.1830764,-0.41525698,0.32736784,-0.40322506,-0.42216003,0.27453518,-1.3831793,-0.06593779,-0.47098848,-1.4924165,-0.7015685,0.7314793,-0.070614964,-0.14992239,0.015802436,-0.04790681,-0.20056084,0.27386293,-0.42057824,-0.29891956,-0.017586607,-0.3329062,-0.18631205,-0.25393856,-0.045812853,0.9221344,0.17263582,0.103538856,-0.048969872,0.006390474,0.0001646108,-0.356906,0.40275687,-0.032862052,-0.5776793,-0.15230355,0.118413836
27,-2.16143,0.5680164,-1.1721692,6.1051846,0.8645848,2.1237965,1.0722706,2.204411,1.1148536,-0.64021826,1.0840878,0.5688873,-0.5091652,0.9494457,1.889925,-1.149744,-0.9242859,0.45037702,-0.3508719,-0.18986154,0.17601275,-0.39668605,-0.54833746,0.6467035,0.65433526,0.86618763,-1.0291072,7.2834077,-0.06863738,-2.7056758,2.1474557,2.4193056,0.57247347,1.5536661,0.10483289,2.064965,-2.4793267,-1.2695107,-0.72323436,-0.04873364,0.34267294,1.250776,-0.2861143,-0.63134634,-0.5008809,0.23028287,-0.45307696,-0.74257576,-0.35030156,0.5649164,-0.40773624,-0.78410727,-0.035279483,0.29026625,0.22320569,-0.18567994,-0.27842465,-0.018252252,0.11161717,0.07491293,0.0038829297,0.12738803,-0.14749324,0.1474479,-0.049362324,-0.21513754,0.3205878,-0.21727946,-0.115734294
28,-0.7577542,-2.2723188,0.27394128,2.5271738,1.8511873,-2.6323628,0.28234524,-4.0858135,0.12902203,3.0004032,1.3024117,0.5710255,-1.3821735,-0.613172,-0.12733445,-0.38700846,-0.21092579,1.2514462,1.7491083,-1.2321348,-0.4547199,0.62873745,1.5525632,0.14131159,-0.2555339,-1.975396,0.023779675,-0.06863738,6.064501,-0.61789525,-0.55218107,0.40007704,-0.07092991,-0.7523767,0.329599,0.16297708,-0.7205577,0.47723746,-1.4098814,1.6339554,0.6773696,0.6263455,-0.688215,1.0754888,-0.4778899,-1.316891,0.3280187,0.92028725,0.9892535,-0.025317306,-0.1827319,0.0445301,0.28008986,0.86920094,-0.17475796,0.50962627,-0.71953547,0.45468906,-0.063844554,0.1495263,-0.1860397,0.21775717,0.10931887,-0.27266073,0.079192,-0.15397936,0.06160196,0.55409443,-0.18438315
29,5.208422,-1.0042646,-1.2028407,-1.21007,-1.1584531,-0.72419775,-1.0480595,0.8743443,-0.6876004,-1.5035564,-0.67356634,-0.62590027,2.9205112,-0.01344035,-0.45599577,-0.041039217,1.6455022,0.08448717,0.559744,-1.0527273,0.3863805,0.9960209,-1.1134827,-1.2152267,-0.21630019,-1.8375797,0.64026463,-2.7056758,-0.61789525,4.503535,-0.24125198,0.22153696,-0.26796818,-1.0989919,1.5838706,-0.6501894,0.08725992,-0.715363,0.60020953,0.83401966,-1.2177243,-0.14675394,-0.92107016,-0.41483343,-0.42398494,0.614537,-0.71429396,0.45747033,0.83843756,-0.16303259,0.55328566,0.3324925,0.08331159,-0.07344893,1.0195585,-0.1548033,0.056249563,-0.2637986,-0.24565956,-0.3138175,-0.0771908,-0.06787268,0.3041558,-0.29445934,0.13330066,0.07146631,-0.4347685,-0.2888841,0.012855698
30,3.353632,-3.0432942,3.6969352,-1.6210024,-1.3840457,0.8892982,-2.657745,0.25766203,1.7848356,0.78247464,-0.716932,0.20718706,0.7309142,-1.8994306,1.281427,-1.2739713,-0.6155902,1.662901,0.10636407,-0.24424979,0.5648695,-0.24908385,0.098222435,-0.40290368,1.1683301,0.72167945,0.9670774,2.1474557,-0.55218107,-0.24125198,3.7445414,1.598186,-0.7308382,-0.7423448,-0.05484096,-0.1304326,-0.69947207,-1.2019265,-0.49750274,0.31464222,0.066274464,-0.4145428,-0.10739366,0.8389062,-0.22002023,-0.11961153,-0.82103026,-1.0093329,-0.56196105,0.52498055,-0.29584998,-0.06500226,-0.30569467,0.15161519,0.69151014,-0.49192083,0.3448742,0.1111622,0.40940237,-0.017867917,0.3443951,-0.13328162,-0.17312576,0.17181808,0.24028754,0.6208928,-0.1945113,0.11730379,0.48329598
31,-4.382323,-2.9512558,-0.29577804,1.2298722,-0.83097875,2.9869266,-0.11509306,2.8004546,0.9348172,-2.078875,0.67909193,-0.0032271133,1.5872221,-2.1411917,1.5757524,-0.023905776,-1.500701,1.5619767,-0.31915838,-0.54079854,0.12981112,1.3384757,0.4553718,-0.35992306,1.8377106,-0.76123875,-0.23732592,2.4193056,0.40007704,0.22153696,1.598186,3.3023045,-0.095110476,1.1020112,1.0219669,-0.13693589,0.17154253,-0.7175956,-0.67044926,-0.17112604,0.017265147,0.8138314,-0.44380966,-0.36662263,-0.4321077,-0.44556004,-0.5285782,0.22899324,0.3824458,-0.17292453,-0.39270487,-0.3993095,-0.068130106,0.72247016,0.33172637,-0.49285543,-0.07739535,-0.068301104,-0.04022415,-0.085859336,0.23986767,-0.1802415,0.29872423,0.026369672,0.49005973,0.029629808,-0.31886318,-0.1782693,0.24038795
32,-9.49998,1.8126571,-0.5133636,-0.07731241,2.895108,2.2320545,-1.5304635,-0.7246221,-0.2871952,0.81039244,1.5388758,0.4307283,0.5303054,-0.69402134,0.9288665,0.22472653,0.21662402,-1.4245656,-0.50111043,1.4323726,-0.046556883,-0.6558685,0.1707787,0.27604783,1.6228344,0.24697958,-3.1830764,0.57247347,-0.07092991,-0.26796818,-0.7308382,-0.095110476,4.4079623,-0.37506652,-0.029792499,-0.7704377,0.3800066,-0.6524989,1.3926686,0.373893,0.7593937,1.5088674,0.21465644,0.25911388,0.29681104,0.5344444,-0.36023277,0.19493644,0.58725595,0.246614,0.5509308,0.5305011,0.41447425,0.26269668,0.7207737,0.16384988,-0.16498005,-0.68651843,-0.027501885,0.06907935,-0.12823099,0.60000366,-0.3455999,0.015121078,-0.13633156,-0.24765366,0.32936338,0.25474414,-0.15861034
33,-0.4300256,-1.9897015,-1.6094829,7.2696753,2.344408,1.6628289,1.3969069,0.37842155,-0.99646103,-1.4977746,-0.066292055,-1.995306,-1.5973394,1.6627139,1.7085714,0.01373823,-2.830583,0.2743499,1.4122584,-0.38825303,2.9046116,-0.62616473,-0.085597165,1.1307983,0.073546976,-2.121543,-0.41525698,1.5536661,-0.7523767,-1.0989919,-0.7423448,1.1020112,-0.37506652,8.037045,0.10449163,-1.609277,0.040290125,-0.27404782,0.91852725,-0.8697528,-0.83308625,-0.34171343,-0.188801,-0.48358923,0.05220162,0.7123805,-0.51789296,0.09124961,0.07948948,-0.3971417,-0.23060247,-0.65856266,0.14472698,0.07473593,-0.12823674,-0.05940836,0.09790836,0.77164465,-0.13678533,0.26244846,0.57175195,0.049744528,0.23121254,0.2449238,-0.11423309,-0.30407244,-0.33051276,-0.060628925,-0.50624025
34,-1.1546398,1.5918636,-0.16778848,1.9835739,1.4039296,-0.3211644,-2.1294246,-1.8448774,-1.0672586,0.11030127,0.515787,0.67504406,1.1566088,0.33050203,-0.79401684,-0.13676636,-0.0063405028,0.77566916,0.17790043,-0.80623746,-0.39488435,1.2152419,1.7548964,-1.1707232,-0.048793152,-0.7550505,0.32736784,0.10483289,0.329599,1.5838706,-0.05484096,1.0219669,-0.029792499,0.10449163,2.5392318,-0.037341528,-0.20520627,-0.49443132,0.09248226,-0.25294638,0.07801701,0.6969541,-0.9530673,-0.46681726,0.24065995,0.79068935,-0.46209097,-0.080809444,0.82866514,0.053925615,0.1588926,-0.3497647,-0.086045444,-0.030237194,-0.089806974,-0.33487958,-0.32940292,0.12731999,-0.14545211,0.1457709,-0.40213597,0.27007517,0.19574788,-0.56026053,0.20936248,0.40637565,-0.28163055,-0.594797,-0.02137215
35,4.033267,0.88903534,-2.022074,0.8702138,-0.5657216,-0.8473698,1.6497605,1.0228639,1.4140632,1.1038823,-0.77833927,0.70224404,-0.18213251,1.9404764,-1.3045627,-0.9807812,0.30691394,-0.472961,-0.23079711,-0.7837379,-0.65708673,0.83789647,-0.14294747,-0.92516804,-1.23317,0.053132962,-0.40322506,2.064965,0.16297708,-0.6501894,-0.1304326,-0.13693589,-0.7704377,-1.609277,-0.037341528,3.4130418,-1.3721504,0.29149216,-0.65720034,0.6728245,-0.025330037,0.27372354,0.32627627,-1.6997845,-0.11814122,0.06693884,0.45195347,-0.45486638,-0.6346853,-0.43670648,-0.05354242,-0.25310287,-0.45003846,0.26823276,-0.1597099,-0.12381302,0.08240259,-0.40914935,-0.02299893,-0.25112757,-0.39459538,0.02648506,0.100415364,0.17297551,-0.23509482,-0.37998456,0.082016505,0.098140016,-0.38646412
36,-0.7507434,-0.7937734,1.2557771,-2.477213,-1.4186348,0.02330064,-1.1461394,-0.2637192,-0.51427376,-0.43026447,0.19267216,-0.084985435,-0.4136213,-2.0934405,0.7807536,0.46295172,-0.70730054,-1.2432243,0.86344314,1.130568,-0.1905056,0.058170814,-0.42189705,-0.87653685,1.6912835,0.02306349,-0.42216003,-2.4793267,-0.7205577,0.08725992,-0.69947207,0.17154253,0.3800066,0.040290125,-0.20520627,-1.3721504,3.771247,0.63424504,-0.37888816,-0.35411182,0.99591184,0.2768896,0.70335096,-0.6376222,0.7056388,-0.8719722,0.08951555,-0.05885595,-0.15568462,-0.22840053,-0.334896,0.46074346,0.086254254,0.020538907,-0.45488268,-0.636016,0.33107725,-0.072038755,0.07865191,0.48384088,0.4114116,-0.2591585,0.22055615,-0.14203414,0.20938161,-0.11272742,-0.09580276,-0.17738727,0.25470668
37,-4.2479444,0.21041009,0.16169038,0.7543753,2.9315505,-1.3104204,0.92136085,0.10127429,-0.895558,-2.263009,0.40860188,0.399557,0.19122972,0.025509901,-0.07254276,0.5440434,-0.7834469,-0.51188564,-2.0601478,0.2119772,-0.08909488,-0.1617975,1.8493963,-0.82051545,-1.4799709,-0.21255428,0.27453518,-1.2695107,0.47723746,-0.715363,-1.2019265,-0.7175956,-0.6524989,-0.27404782,-0.49443132,0.29149216,0.63424504,2.256037,0.03828702,0.12647659,0.0881066,-0.67676103,0.0014928081,-0.1026256,-0.10847463,-0.6245595,0.280402,-0.09200411,-0.49281782,-0.4816571,-0.27508694,0.3802262,-0.124699414,0.2483995,-0.7741139,0.16510744,-0.00042711198,-0.30510926,0.12649786,0.060147546,0.009809944,-0.2602635,0.39623004,-0.12832242,0.118568234,-0.33761808,0.6994062,-0.039119065,0.14494742
38,-0.92090595,-0.5819886,0.60906076,-1.1432447,2.7161484,-0.8659792,-0.5613232,-0.20571716,-0.6341268,-0.15817484,0.4976099,1.3153017,2.1198454,-0.60931295,0.14873141,-0.7368679,-0.64147174,-0.33408013,-0.79369843,0.9269929,0.84871906,-0.48492357,1.2951516,-0.7397394,-0.34753472,-0.47141963,-1.3831793,-0.72323436,-1.4098814,0.60020953,-0.49750274,-0.67044926,1.3926686,0.91852725,0.09248226,-0.65720034,-0.37888816,0.03828702,2.3193982,0.13102221,-0.5492125,-0.21286032,0.35881317,-0.07654866,-0.18892056,1.1581273,0.12951002,-0.14000517,0.12866966,-0.16384125,0.21362093,0.27699018,0.03411573,-0.3941831,0.494094,0.30830693,-0.28709745,0.017402308,-0.011960056,-0.11969158,-0.014987368,-0.17687228,-0.29958704,0.32150304,-0.23877157,0.16741866,0.14211649,0.038536303,0.0016300008
39,1.8482164,-1.0456063,0.45542878,-0.48203212,1.4340137,1.263153,-1.3945498,-0.60641,1.1548696,1.0864291,-0.519923,-2.6276014,0.72362447,0.06604283,0.36142838,-1.3630192,0.5893378,-2.3806968,-0.5626515,0.027621228,0.9014617,0.3300245,-0.050926078,-0.4929337,-0.10147649,-1.2790402,-0.06593779,-0.04873364,1.6339554,0.83401966,0.31464222,-0.17112604,0.373893,-0.8697528,-0.25294638,0.6728245,-0.35411182,0.12647659,0.13102221,3.7403178,-0.116775215,-0.2669569,-0.09500203,-0.609409,-0.31077623,-0.48786348,-0.42416853,-0.11361569,-0.054243006,0.06108601,-0.3360167,0.47414052,-0.19913696,0.74666727,1.0228298,0.51545334,-0.19067487,0.5144099,0.028141342,0.16244754,0.25233734,-0.14395982,0.006380271,-0.009314097,-0.25627685,-0.22422543,0.13759622,0.15903589,-0.15380901
40,-3.0410802,0.46938968,-0.541834,0.14072406,-0.121735334,0.062032245,-1.4620347,-1.1766875,0.106566824,0.8268777,0.20104238,0.7148963,-1.4473112,-0.41054416,-0.31190836,0.6674171,-1.1244258,-0.5140753,0.6643838,0.059848286,-0.86156833,0.36575305,0.8064617,-0.92814076,0.5204619,0.75145197,-0.47098848,0.34267294,0.6773696,-1.2177243,0.066274464,0.017265147,0.7593937,-0.83308625,0.07801701,-0.025330037,0.99591184,0.0881066,-0.5492125,-0.116775215,1.6527821,0.8887557,0.17363793,0.21774118,0.777355,-0.18728112,0.14215556,-0.41565073,0.16368115,0.44012165,0.013388277,0.049150925,-0.09921764,0.38531905,-0.6349379,-0.027554395,-0.045428485,0.05666563,-0.04845313,0.3173185,0.18162519,0.08222171,-0.107565306,0.1089443,0.024613205,0.007400457,0.15128979,-0.07815341,0.070534445
41,-2.9002118,1.950839,-0.8899969,2.72644,0.03002889,1.5519791,0.8191339,0.8418931,-0.16593504,-0.29976255,0.81669515,0.457636,0.5381831,-0.1885368,0.6199477,0.6334439,-0.37428868,-0.16849798,0.93510354,-0.61805844,-1.1171159,0.4949677,-1.6292708,-0.77827764,-0.21552642,-0.46444756,-1.4924165,1.250776,0.6263455,-0.14675394,-0.4145428,0.8138314,1.5088674,-0.34171343,0.6969541,0.27372354,0.2768896,-0.67676103,-0.21286032,-0.2669569,0.8887557,2.4278567,0.06586325,-0.07618433,0.27007335,-0.019442772,0.48046103,0.35286403,0.7448964,0.3375969,-0.088948935,-0.10953842,0.009910256,-0.20943181,-0.054317918,-0.1930899,-0.37187815,-0.26754004,-0.56061286,0.1324169,-0.4091434,-0.079016834,-0.13809124,0.042787336,0.040653855,-0.035438564,0.12541896,-0.21126993,0.16643232
42,3.094308,0.27120104,1.3157393,-1.6245825,-1.0928532,-0.67493683,0.15588109,-0.18386748,0.18234667,0.7654684,0.16448903,0.23928663,-0.33969766,-0.22941922,0.33868435,-0.7712245,-0.27433935,-0.54588413,0.21203074,0.6245245,-0.4044306,-0.2709086,-0.4830475,-0.5241983,0.14669143,0.57043964,-0.7015685,-0.2861143,-0.688215,-0.92107016,-0.10739366,-0.44380966,0.21465644,-0.188801,-0.9530673,0.32627627,0.70335096,0.0014928081,0.35881317,-0.09500203,0.17363793,0.06586325,1.3474371,-0.45576137,0.42711884,-0.15959613,0.87151724,-0.031474344,-0.32040584,-0.15444955,-0.07478133,0.07534274,-0.21019028,-0.33458138,0.02898103,-0.14352532,0.07326507,0.039865818,-0.064999744,-0.10578386,0.15630387,-0.3309714,-0.4136436,0.3027442,-0.100011736,-0.048834287,-0.28984827,0.4294029,0.1551121
43,-2.1994686,-0.3259318,1.083525,0.78916794,0.5703231,-0.18390912,0.13617882,-0.21419188,-0.7996454,-0.80631614,0.46198726,0.4585485,-0.276659,-0.5351367,0.49128824,1.5669367,0.08168013,1.2563636,-0.19572869,-0.34226537,-0.348123,-0.8589883,0.1383501,1.0068619,-0.2740757,0.30263066,0.7314793,-0.63134634,1.0754888,-0.41483343,0.8389062,-0.36662263,0.25911388,-0.48358923,-0.46681726,-1.6997845,-0.6376222,-0.1026256,-0.07654866,-0.609409,0.21774118,-0.07618433,-0.45576137,2.6180682,-0.14632225,-0.3877794,-0.31251636,0.24037407,0.16856205,0.6352011,0.2551849,0.16057587,0.14995168,-0.074347794,-0.025293197,0.3824085,-0.14476597,0.12319385,-0.08529858,0.07973473,0.03793016,0.07939036,-0.27080664,-0.0349939,0.10477675,0.5739546,0.26674044,0.3111529,0.4109
44,-3.1415968,1.3073847,-0.6200788,0.27809682,-0.4131528,0.9945828,-2.9596806,-1.6389294,-0.4283833,0.6820364,-0.19754228,-1.4588085,-1.9850323,0.7985331,-0.663627,0.60130286,-0.14653118,-0.15447667,-0.041079924,-0.0676641,-0.29871374,0.36003417,-0.13989973,-1.2314663,-0.8510934,1.073746,-0.070614964,-0.5008809,-0.4778899,-0.42398494,-0.22002023,-0.4321077,0.29681104,0.05220162,0.24065995,-0.11814122,0.7056388,-0.10847463,-0.18892056,-0.31077623,0.777355,0.27007335,0.42711884,-0.14632225,1.8458209,0.23759,-0.17581224,-0.28492576,0.33311862,0.55404735,0.5515549,-0.20278814,-0.4232792,0.13829339,-0.39511657,0.24251848,0.6291614,-0.2412507,-0.111335605,-0.24390157,0.3285191,0.30125937,-0.012598928,-0.16912785,-0.025010511,0.1880281,-0.2634808,-0.05800945,0.048995677
45,2.5118546,0.90153384,-1.4387193,-0.7426199,0.41487223,-0.55365944,-0.39536157,-0.7759561,-0.031157391,1.9107513,-0.60046494,1.0231919,0.92318654,0.9482888,-1.523172,-0.25703835,0.12755272,-0.059533533,0.19920759,0.015766457,-0.45068836,0.7901814,1.5620891,0.14786994,-0.30462193,0.31625545,-0.14992239,0.23028287,-1.316891,0.614537,-0.11961153,-0.44556004,0.5344444,0.7123805,0.79068935,0.06693884,-0.8719722,-0.6245595,1.1581273,-0.48786348,-0.18728112,-0.019442772,-0.15959613,-0.3877794,0.23759,1.9941536,0.17603093,-0.35031885,0.26814163,0.29597124,0.38439798,-0.09698585,0.1052369,-0.41972244,0.20990199,-0.12784289,-0.12976709,0.11487033,0.17865837,-0.1958074,0.035209414,0.28693748,-0.07163957,0.22355427,0.09833836,-0.2867316,-0.13819948,-0.16069677,-0.11324847
46,-1.7733017,1.2055995,-0.051380195,-2.2917926,-0.27134302,0.32689786,1.3133025,-1.5095181,0.4524541,1.5670384,-0.014979464,-0.2797281,0.5144495,-0.03693702,-0.84449035,-0.4787074,-0.713674,-0.33761007,-0.048823573,-0.42390603,-1.308475,0.5940978,0.23812246,-0.0660403,-0.55695164,0.32527137,0.015802436,-0.45307696,0.3280187,-0.71429396,-0.82103026,-0.5285782,-0.36023277,-0.51789296,-0.46209097,0.45195347,0.08951555,0.280402,0.12951002,-0.42416853,0.14215556,0.48046103,0.87151724,-0.31251636,-0.17581224,0.17603093,2.0435002,0.5152404,0.25550118,-0.34750223,-0.41817862,0.039438818,-0.031548936,-0.81919307,-0.35595345,-0.36485994,-0.54024065,0.16472274,-0.091604605,-0.12347083,-0.31890294,-0.6320496,-0.4969225,0.32231885,0.1602042,-0.3145901,-0.26732475,0.28082335,0.39061654
47,-1.5684407,1.387359,0.7570042,-0.17347318,-0.70379186,1.5701554,1.4296374,0.89757144,-0.34362453,-0.52603084,0.6247008,-0.8574002,0.20959833,-0.40301007,0.21359058,0.3954665,0.69862497,0.368439,-0.21305473,-0.01802714,-0.796227,0.41576397,-0.75642395,1.1402481,0.3853179,-0.1809062,-0.04790681,-0.74257576,0.92028725,0.45747033,-1.0093329,0.22899324,0.19493644,0.09124961,-0.080809444,-0.45486638,-0.05885595,-0.09200411,-0.14000517,-0.11361569,-0.41565073,0.35286403,-0.031474344,0.24037407,-0.28492576,-0.35031885,0.5152404,1.454124,0.7682572,-0.25604987,-0.2799704,-0.2843135,0.30594894,0.08221777,0.1263134,0.571563,-0.123836204,0.032286957,-0.23986104,-0.52739555,-0.26928762,-0.089007705,0.17629421,0.13979398,0.1466592,-0.30722746,-0.31146252,0.036767222,0.05042568
48,-3.916542,0.72355485,0.5186796,0.63306,0.46505597,0.6575605,-1.7869017,-1.454952,-0.6091932,-0.18843204,0.7187278,-0.6078588,-0.044419035,-0.50248456,0.19500566,-0.32403457,-0.13788143,0.9435389,0.324478,-0.31969494,-0.33700335,0.36395425,-0.01035946,-0.8123526,-0.15332887,-0.022483673,-0.20056084,-0.35030156,0.9892535,0.83843756,-0.56196105,0.3824458,0.58725595,0.07948948,0.82866514,-0.6346853,-0.15568462,-0.49281782,0.12866966,-0.054243006,0.16368115,0.7448964,-0.32040584,0.16856205,0.33311862,0.26814163,0.25550118,0.7682572,1.3193086,0.19838957,0.0942079,-0.2561288,0.20680542,0.0532162,0.076320335,0.45823494,-0.1898185,-0.0029632088,-0.23937774,-0.41086692,-0.14935222,0.04682806,0.014568742,-0.007624365,0.08833477,-0.13437718,-0.35520935,-0.19835761,-0.02676956
49,1.0394669,0.46379536,0.034432113,0.11455696,-0.7572582,-0.41958332,-0.5257254,-0.05211202,-0.11171327,0.5419536,0.11616579,0.186932,-0.39572906,-0.099484,-0.13266583,0.4602316,0.737208,-0.00556194,0.4142434,0.28371313,-0.41854948,-0.012954075,-0.7907308,0.06311497,-0.6956631,0.76896775,0.27386293,0.5649164,-0.025317306,-0.16303259,0.52498055,-0.17292453,0.246614,-0.3971417,0.053925615,-0.43670648,-0.22840053,-0.4816571,-0.16384125,0.06108601,0.44012165,0.3375969,-0.15444955,0.6352011,0.55404735,0.29597124,-0.34750223,-0.25604987,0.19838957,1.0778658,0.32454348,-0.04433908,0.14980835,-0.2790525,-0.036186516,0.3615867,-0.1174524,0.20818031,-0.0150209535,0.14823577,0.35703284,0.15512946,-0.016980886,-0.24572733,0.009747657,-0.018025741,0.22611839,-0.2109402,0.17542416
50,0.042201485,1.1471596,-1.1202416,0.25342762,-0.117871076,-0.12223932,-0.19407573,0.22458991,0.06955096,0.024420284,-0.4564739,0.079410225,-0.33147115,1.183625,-1.2939711,1.4245359,0.10491963,-0.12148304,0.17475331,-0.59400284,0.2214607,0.6862612,-0.12731569,-0.30243123,-0.51716685,-0.25577462,-0.42057824,-0.40773624,-0.1827319,0.55328566,-0.29584998,-0.39270487,0.5509308,-0.23060247,0.1588926,-0.05354242,-0.334896,-0.27508694,0.21362093,-0.3360167,0.013388277,-0.088948935,-0.07478133,0.2551849,0.5515549,0.38439798,-0.41817862,-0.2799704,0.0942079,0.32454348,1.2799423,0.23898068,-0.11747253,0.102292135,0.039824992,-0.090603024,0.014157634,-0.3920163,-0.1066667,0.10727826,0.45507115,0.31847715,-0.2603333,-0.35668975,-0.15597624,0.13665518,-0.052914895,0.3604011,-0.1587966
51,-0.057661813,0.11441171,0.44901425,-0.60246766,1.0184652,-0.3238495,0.097705685,-0.112347744,0.07719301,-0.18583599,-0.14860201,0.06268589,0.83962834,-0.18689,0.0013740957,0.33463842,-0.09519797,-0.8994385,-0.32835084,-0.033223882,0.13867542,-0.10615663,0.15598911,-0.24268761,-0.023403278,-0.51481724,-0.29891956,-0.78410727,0.0445301,0.3324925,-0.06500226,-0.3993095,0.5305011,-0.65856266,-0.3497647,-0.25310287,0.46074346,0.3802262,0.27699018,0.47414052,0.049150925,-0.10953842,0.07534274,0.16057587,-0.20278814,-0.09698585,0.039438818,-0.2843135,-0.2561288,-0.04433908,0.23898068,0.6358623,0.009386768,-0.08033902,0.23517022,-0.39095098,-0.08566037,-0.2508811,0.13034329,0.26373696,0.1736809,-0.108569354,-0.1863437,-0.08303815,0.023046147,-0.04464398,0.25543702,0.28344738,0.16380876
