,0,1,2,3,4,5,6,7,8,9,10,11,12,13,14,15,16,17,18,19,20,21,22,23,24,25,26,27,28,29,30,31,32,33,34,35,36,37,38,39,40,41,42,43,44,45,46,47,48,49
0,485.78143,1.5242231,0.86700463,-0.15311426,0.04407197,0.06509848,0.018270958,0.018449325,-0.0108245965,-0.008352742,0.01190613,0.007792139,-0.014448822,0.002421951,-0.0025575762,0.004175805,-0.0061099557,0.002860915,0.0020862808,-0.00106284,-0.0013968013,5.869034e-05,-0.00035851696,0.0015266305,0.0009772705,0.0024191388,0.0011198146,-0.0008855958,-0.0006912014,0.00061092677,-0.001763717,-0.0019763345,0.000128823,0.000992531,-0.00030929863,0.0004251192,0.0007647036,-0.00026562886,-7.985971e-05,-0.0004730059,-0.00028764977,-0.00014706349,5.7432793e-05,-0.0006391194,-0.00020082197,0.00045390666,0.00069449004,-0.0003612879,-7.582527e-05,-0.0004170068
1,1.5242231,112.80701,1.8254676,-0.47446367,0.6418654,0.028849201,0.0064099655,0.039145984,0.012676407,0.0065091206,-0.004129136,-0.010391066,0.002992359,0.001835577,0.0026546572,-0.00044602418,-0.004167291,0.0029473961,-0.0020148486,0.0004407363,0.0007979881,-0.0015524626,0.0013651189,0.000110027664,-0.00044876797,0.0017265836,0.0015867508,7.6170996e-05,-0.0009316098,6.383163e-06,-0.0003863892,-0.0006523117,-5.275834e-05,-0.00063211925,-0.00070232415,0.00027343596,-1.6078835e-05,-0.00018031783,-8.388198e-05,-0.00014904173,-0.00029046374,6.683331e-05,9.61415e-05,-0.0002051609,-0.0001749671,-0.000117476375,7.811609e-05,-0.00022275504,-1.672183e-05,-0.0003826185
2,0.86700463,1.8254676,46.524555,-0.1561249,0.057739623,-0.0015821503,0.0034033065,0.006205578,0.0014765855,0.0032160152,-0.00013190137,-0.0007042113,0.0022618026,-4.164376e-05,0.0005111374,-0.00065841665,0.00036624854,-0.00045163507,-0.0010517358,0.000120150275,-6.2170366e-05,-0.00020638027,2.2328099e-05,-0.0003557013,-0.00045194488,-0.00038963076,0.00030343706,7.969908e-05,-0.00032065494,7.3772004e-05,4.0371935e-05,-0.00010922314,-0.0002433763,-0.00016269501,-0.00017060066,1.4229177e-05,-0.0002281113,-8.534986e-06,-0.00022293127,9.263925e-05,0.00011473936,-2.7892842e-05,8.7476394e-05,0.00015707931,8.633694e-06,-6.90854e-05,-0.0001831053,-4.7175334e-05,3.8367376e-05,5.411546e-05
3,-0.15311426,-0.47446367,-0.1561249,5.1649218,0.17686193,-0.007903781,0.014754539,-0.0067313276,-0.0035725152,-0.0010336514,0.00059249066,0.003350171,0.0011648382,0.0005359581,-0.0014585785,-1.8085193e-05,0.00050839497,-0.00062959443,-0.0011359882,-0.00064168556,-0.0006071251,0.0007419452,-3.853464e-05,0.0004001524,0.00070615934,-0.00055328594,-0.0013452566,0.0005575318,0.00020664881,3.0147396e-05,0.0002692536,0.00057535176,-0.0005330818,0.00020456512,2.651977e-05,-4.0089697e-05,4.5238674e-05,1.4446227e-05,-0.000102797494,0.0003689656,0.00025754434,-0.00013275717,0.00014190507,0.00010298754,-9.928373e-05,-4.1512052e-05,-0.00023041377,-0.000185607,3.6819296e-05,-7.6624834e-05
4,0.04407197,0.6418654,0.057739623,0.17686193,1.0563761,-0.008513021,-0.017419856,-0.0023028948,0.0032444615,0.001996216,-0.0030650625,-0.0010597892,-0.0018437873,-0.00016186322,0.001246779,-0.000118779106,-0.0010253629,4.3118518e-05,0.00067558687,1.1364676e-05,0.0003385696,0.00035052036,0.00061049964,-0.0004088332,-0.00020580253,7.068204e-05,-0.000149426,5.43033e-05,0.0011406536,-0.00020522405,-7.748812e-06,-1.5658907e-05,0.00019948375,-0.00014413809,0.00018342132,-0.00026892632,0.00014807438,-8.126188e-06,3.175299e-05,2.4179748e-05,-0.00013390572,-0.000102612874,-0.00016169471,-2.8617455e-05,0.00023262433,-3.545437e-05,0.00017015764,0.000108033026,-4.735589e-05,0.00012738717
5,0.06509848,0.028849201,-0.0015821503,-0.007903781,-0.008513021,0.13794693,0.014116984,0.0057844147,-0.0011277884,0.00022926787,0.007890649,-0.0056242784,-0.010717601,-0.00022965617,0.002127592,0.0009875984,-0.0020757238,0.002177902,0.0015605919,0.0016456384,-0.00090994337,-0.0012995692,0.0009360021,0.0012051128,0.00036263856,0.0021479605,0.00023262999,-0.00032078533,8.033955e-05,0.00013077029,-0.0007683425,-5.093826e-05,0.00047137408,0.00031304674,8.052128e-05,-6.4994776e-05,0.00039994073,5.903502e-05,0.0002662365,-0.0002339716,-0.00020146067,-0.00035657105,-0.00022111041,-0.0005848472,0.00013472023,0.00044321694,0.0005213155,7.334441e-06,0.00018238818,-0.00026300724
6,0.018270958,0.0064099655,0.0034033065,0.014754539,-0.017419856,0.014116984,0.0888799,0.0008500712,-0.0006722027,-0.00347707,0.0024186,0.005278374,0.0035271365,-0.0005038496,-0.001990119,8.216911e-05,0.0012239488,-0.0006002842,-0.00092354865,0.0003300832,-0.0006835176,8.434778e-06,-0.0013844343,0.0010167977,0.00047030312,-0.00042645,-0.00044554585,-0.00021079966,-0.0012090418,0.00035059714,-8.5313426e-05,0.000114950715,-0.00029070146,0.0001722342,-0.00021268755,6.144498e-06,-0.00050040847,6.2739695e-05,-7.585826e-05,0.00017256392,0.00024108117,0.00018954706,0.00025832222,0.00036069646,-0.0006338783,0.00014410068,-0.00039809744,-0.00021064238,0.000111593414,-5.110803e-05
7,0.018449325,0.039145984,0.006205578,-0.0067313276,-0.0023028948,0.0057844147,0.0008500712,0.052206974,0.009882532,0.0060348483,-0.0030942773,-0.005901123,0.0011174583,0.00052506686,0.001216522,-0.0029919292,0.00043986065,-0.00073741714,-0.0002730335,0.0010691343,0.00037122786,0.00021679213,0.00067064236,-1.5337653e-05,-0.0003446035,-4.3575048e-05,-0.0006479777,0.00016148256,-0.00046385432,-0.0003914727,0.0002884848,0.0010467311,-0.00025222075,-0.00021632596,-5.7521703e-07,-6.872344e-05,-0.00029879154,-0.00011100834,-0.0002069357,7.034169e-05,-2.0515958e-05,-6.0226106e-05,-9.661721e-05,0.00015643783,-3.1290536e-05,4.2664156e-05,-0.00015792612,0.00012826554,0.00013224038,4.1647312e-05
8,-0.0108245965,0.012676407,0.0014765855,-0.0035725152,0.0032444615,-0.0011277884,-0.0006722027,0.009882532,0.020789018,-0.0043214858,0.0007143095,0.0041472986,0.00044066252,0.00038513698,-0.0032491433,0.001195374,-3.1246374e-05,0.0015842603,0.0010965243,-0.00066475186,0.00067157886,0.00026296644,0.00017486303,2.2565317e-05,3.582953e-05,-0.00020507401,0.00046027772,-0.00038799114,0.00032669996,-0.0003006928,-0.00022367836,-0.00012263379,0.000140735,-0.00027258473,-8.8885194e-05,-3.2136268e-05,5.647743e-05,0.0001298948,-4.2810834e-06,-0.00024579818,-0.00018669039,-5.6253288e-05,6.179548e-05,-3.702889e-05,9.4946365e-05,1.1312566e-05,3.9398343e-05,6.787716e-05,-0.00017092582,3.289709e-05
9,-0.008352742,0.0065091206,0.0032160152,-0.0010336514,0.001996216,0.00022926787,-0.00347707,0.0060348483,-0.0043214858,0.018548224,0.0037894743,0.002059679,-0.0006657825,0.0017558924,-0.0010901598,0.0003535183,-0.0013371323,0.00040922733,-0.0012016515,-0.00073281326,-0.00044939131,0.00087018707,0.0002809822,0.00015920022,0.0007312227,-0.0006040863,-0.0010270943,0.000385987,0.00012176565,0.0003218826,-0.00050333125,0.000104925835,-0.00024932268,0.00027062866,-6.175661e-05,-0.00010449192,0.0001141656,-6.520278e-05,-0.0002802615,-6.6333378e-06,0.0002376228,-0.00024097087,4.03296e-06,4.523446e-05,0.000106536056,-7.97651e-05,-4.9124177e-05,-0.00010963179,-7.038172e-05,1.9031988e-05
10,0.01190613,-0.004129136,-0.00013190137,0.00059249066,-0.0030650625,0.007890649,0.0024186,-0.0030942773,0.0007143095,0.0037894743,0.012931515,-0.0013186322,0.0019450419,-0.00114589,-0.0011371628,0.00051908905,0.0016517031,-2.8615703e-05,-3.7119291e-06,-0.00017792953,3.664484e-05,1.4748487e-05,0.00023296784,-0.00053288834,-0.00078164774,-0.001252579,0.00036261094,-8.7868495e-05,0.0008383633,-2.6908923e-05,0.0003164474,-0.00012923451,0.00018876113,-0.00024988814,-0.00033331465,-0.0002539748,0.00013856306,0.00034384112,0.00024790835,-8.581577e-06,2.640273e-05,-8.792173e-05,-0.00015422539,-4.512775e-05,0.00013568065,-0.00026484794,-7.575662e-05,-7.4922586e-06,-3.4327753e-05,0.00020976795
11,0.007792139,-0.010391066,-0.0007042113,0.003350171,-0.0010597892,-0.0056242784,0.005278374,-0.005901123,0.0041472986,0.002059679,-0.0013186322,0.01330129,-0.0014910491,0.00094888377,-8.102282e-05,-0.00037735794,-6.3851156e-05,-0.00077856216,-0.00010179652,0.00075162435,-0.000771192,8.105546e-05,0.0011989615,0.00059576903,-5.475167e-06,-6.26529e-05,-0.0002723498,0.0002856446,0.00041018243,-0.0001210052,-0.00021276998,0.0005444851,7.7986784e-05,0.00014264321,4.458989e-05,-0.0001869698,0.00023137186,-2.7994625e-05,8.846737e-06,5.32037e-05,-3.2893138e-06,-0.00021198673,-0.00010515755,-9.247534e-05,9.255654e-05,3.7389756e-05,0.00012993408,4.214607e-05,2.9196864e-05,-1.131321e-05
12,-0.014448822,0.002992359,0.0022618026,0.0011648382,-0.0018437873,-0.010717601,0.0035271365,0.0011174583,0.00044066252,-0.0006657825,0.0019450419,-0.0014910491,0.008903778,-0.00026449648,0.0014074851,0.0011657011,-0.00035553233,0.0015765955,-0.0006504225,0.0007012603,-0.00028216303,-0.000762413,-0.0002828553,0.00016489695,-0.00044959088,6.238114e-05,-0.0003414125,2.5511281e-05,0.0002004686,-0.00016801323,-0.00012877694,8.231151e-06,-7.103797e-05,2.404668e-05,-0.00012676115,-2.1519016e-05,0.00015809896,0.00020011979,-9.589564e-05,6.601574e-05,8.54641e-05,-0.00025950396,8.691213e-06,-0.00011811911,2.7496784e-05,0.00020483044,2.919065e-05,1.7863902e-06,3.043751e-05,-9.4081195e-05
13,0.002421951,0.001835577,-4.164376e-05,0.0005359581,-0.00016186322,-0.00022965617,-0.0005038496,0.00052506686,0.00038513698,0.0017558924,-0.00114589,0.00094888377,-0.00026449648,0.006457943,0.0007999351,-6.297647e-05,0.00018274799,0.00048077188,-0.0007538422,-0.00022410955,-0.00030157607,-0.0002579581,-0.00024491767,0.00047493313,-0.0003514138,9.101587e-06,0.00036441145,-0.0002620368,-0.00034964515,0.0001201383,2.9894254e-05,-0.00028214295,0.0004703483,-0.0002117083,-0.00049192563,-1.583848e-05,-0.0001492335,7.381397e-06,0.00021923264,-6.445136e-05,2.0445203e-05,3.134381e-05,-1.4262676e-05,3.4155204e-05,-8.8723435e-05,2.647538e-05,-6.195599e-05,5.730855e-05,-2.0398087e-05,-7.708753e-06
14,-0.0025575762,0.0026546572,0.0005111374,-0.0014585785,0.001246779,0.002127592,-0.001990119,0.001216522,-0.0032491433,-0.0010901598,-0.0011371628,-8.102282e-05,0.0014074851,0.0007999351,0.0056176065,-3.328595e-05,0.0008470175,0.0002823979,0.0010832562,0.00036083604,-0.00029414752,-3.325614e-05,0.00033804867,0.0006782296,0.00018665974,-0.00030514828,5.6029585e-06,-0.00025968254,0.00013151817,-0.00015849093,-0.0002672222,0.000446397,1.1136037e-05,9.669288e-06,-5.9332375e-05,-0.0002498749,9.402124e-05,0.0001339925,6.020571e-05,-8.180139e-06,1.028187e-05,-3.2061624e-05,-1.5784559e-05,-4.4456945e-05,-0.000115160066,-5.984513e-05,4.6526566e-05,6.980827e-05,1.2999235e-06,1.5516694e-06
15,0.004175805,-0.00044602418,-0.00065841665,-1.8085193e-05,-0.000118779106,0.0009875984,8.216911e-05,-0.0029919292,0.001195374,0.0003535183,0.00051908905,-0.00037735794,0.0011657011,-6.297647e-05,-3.328595e-05,0.004703237,-0.0006860161,0.0010512611,0.00072631345,-2.837022e-05,-5.9763486e-05,0.0001441174,0.00018640436,-0.00019764564,0.0007015996,-0.00015428955,-0.0006735972,-7.2268405e-05,-0.0003393917,0.0002646358,0.00012350624,0.00048560757,0.00017490302,-0.00022889802,0.00023168851,8.389699e-06,-0.00018903679,-0.0002348435,8.090168e-05,9.663263e-05,-7.984752e-05,0.000108616514,-6.9439346e-05,-1.0691646e-05,-3.278199e-06,-6.538037e-05,-7.724288e-05,7.43641e-05,-6.479799e-05,2.1120193e-05
16,-0.0061099557,-0.004167291,0.00036624854,0.00050839497,-0.0010253629,-0.0020757238,0.0012239488,0.00043986065,-3.1246374e-05,-0.0013371323,0.0016517031,-6.3851156e-05,-0.00035553233,0.00018274799,0.0008470175,-0.0006860161,0.005844115,-0.00022224686,-0.00010999402,-0.00080411555,0.0003153115,0.00024646608,0.00031834465,-0.0004383159,0.00014100371,0.00022643106,8.3239225e-05,0.00029430108,-4.67579e-05,0.00013987804,-2.6439524e-05,5.9055095e-05,-4.7379042e-05,-1.4021856e-05,0.0001655098,-5.9985607e-05,-0.00013934271,-0.00020633095,-1.4838886e-05,-2.4465558e-05,5.6511308e-05,-0.00010950178,1.7304252e-05,-5.1066316e-05,0.00016070038,6.9656366e-05,-1.9856227e-05,7.446323e-05,-2.1758286e-05,-2.1055032e-05
17,0.002860915,0.0029473961,-0.00045163507,-0.00062959443,4.3118518e-05,0.002177902,-0.0006002842,-0.00073741714,0.0015842603,0.00040922733,-2.8615703e-05,-0.00077856216,0.0015765955,0.00048077188,0.0002823979,0.0010512611,-0.00022224686,0.0034799932,-0.00016883828,-0.0003950362,-0.00013392267,7.736785e-06,0.00037711844,0.00017501369,0.0001742779,0.000269274,0.0004154073,0.00032662257,-5.062132e-06,0.00020002297,-9.311833e-05,-0.00020803785,-1.7284241e-05,0.00020047354,0.00014602774,-0.0001746357,3.7692105e-05,-0.00014954702,7.985758e-06,-5.4731376e-05,-4.289238e-05,0.00010098618,6.1968036e-05,6.6401626e-05,5.7894867e-05,5.7554753e-05,4.4924356e-05,-6.820427e-05,5.008828e-05,-1.1186257e-06
18,0.0020862808,-0.0020148486,-0.0010517358,-0.0011359882,0.00067558687,0.0015605919,-0.00092354865,-0.0002730335,0.0010965243,-0.0012016515,-3.7119291e-06,-0.00010179652,-0.0006504225,-0.0007538422,0.0010832562,0.00072631345,-0.00010999402,-0.00016883828,0.003102418,-0.00025721744,-0.00024873676,0.0003922211,7.00979e-05,5.953048e-05,-0.0002838564,-0.0004487917,-0.00029692886,0.0002506047,0.00011380967,-4.2465736e-06,-0.000162437,-1.9063506e-05,0.0001593513,0.00010787301,-0.0001653229,8.246234e-05,3.787667e-05,7.0867776e-05,-0.00018810785,0.00010149955,0.000113864924,-0.00010297015,9.031275e-05,0.00014168485,-6.1151135e-05,-7.677799e-05,-9.912967e-06,-5.511862e-05,1.6153456e-06,-4.3668256e-06
19,-0.00106284,0.0004407363,0.000120150275,-0.00064168556,1.1364676e-05,0.0016456384,0.0003300832,0.0010691343,-0.00066475186,-0.00073281326,-0.00017792953,0.00075162435,0.0007012603,-0.00022410955,0.00036083604,-2.837022e-05,-0.00080411555,-0.0003950362,-0.00025721744,0.0028893459,2.6245232e-05,0.00014089295,0.00020785374,-0.000515986,-0.00012220177,-6.490353e-05,0.00040522503,-8.274873e-05,0.00012529944,0.00020695815,9.5907235e-05,5.0323986e-05,-8.0068414e-05,3.1073814e-05,7.530035e-05,3.7485916e-05,-0.00012374367,-0.00016370456,-4.2215954e-05,-2.8771883e-06,-5.9509017e-05,-0.00011907532,-9.0809284e-05,-1.1592854e-05,3.7889404e-05,-3.8470866e-05,-2.0034666e-05,1.3329612e-05,3.9343184e-05,-7.6705124e-05
20,-0.0013968013,0.0007979881,-6.2170366e-05,-0.0006071251,0.0003385696,-0.00090994337,-0.0006835176,0.00037122786,0.00067157886,-0.00044939131,3.664484e-05,-0.000771192,-0.00028216303,-0.00030157607,-0.00029414752,-5.9763486e-05,0.0003153115,-0.00013392267,-0.00024873676,2.6245232e-05,0.00263156,-7.7246195e-06,5.068977e-05,0.00063160947,0.00045935146,-0.00018942941,-0.000110979425,-9.540521e-05,0.00018660791,6.1320825e-05,8.393923e-05,1.9502337e-05,-8.2928826e-05,0.00019927154,4.674494e-05,9.2664675e-05,0.00016794092,-5.015039e-05,0.00024114155,-2.330501e-05,1.5961425e-05,-1.218356e-05,-4.773908e-05,1.7787315e-05,-7.454961e-05,-3.2474927e-05,-7.074963e-05,-0.00010743807,-7.821091e-05,-3.3388715e-05
21,5.869034e-05,-0.0015524626,-0.00020638027,0.0007419452,0.00035052036,-0.0012995692,8.434778e-06,0.00021679213,0.00026296644,0.00087018707,1.4748487e-05,8.105546e-05,-0.000762413,-0.0002579581,-3.325614e-05,0.0001441174,0.00024646608,7.736785e-06,0.0003922211,0.00014089295,-7.7246195e-06,0.0028234674,-0.00041641248,0.00015235333,5.9293445e-05,-6.957463e-05,3.770554e-05,-0.00019279309,-0.00015269409,9.4471034e-05,0.00026184088,-0.00011759302,2.5919897e-05,-2.5594756e-05,9.572346e-05,-0.00015788428,3.150708e-05,3.1514843e-05,-7.351872e-05,0.00013516536,-3.4976892e-05,-8.316601e-06,2.0077973e-06,-5.2357496e-05,-2.126235e-05,0.00018410335,-3.0224035e-05,4.2489814e-06,-5.8913947e-06,-8.254196e-06
22,-0.00035851696,0.0013651189,2.2328099e-05,-3.853464e-05,0.00061049964,0.0009360021,-0.0013844343,0.00067064236,0.00017486303,0.0002809822,0.00023296784,0.0011989615,-0.0002828553,-0.00024491767,0.00033804867,0.00018640436,0.00031834465,0.00037711844,7.00979e-05,0.00020785374,5.068977e-05,-0.00041641248,0.0029087379,-0.00014916412,-9.441686e-05,-9.520957e-05,-4.9332455e-05,-0.0001027245,-0.00011249997,-4.7253388e-07,0.00020359975,-0.0002491417,-0.00020361182,-9.322619e-06,4.6561778e-05,0.00012597091,-6.8383255e-05,7.91301e-05,8.184744e-05,0.00013940806,0.00011873686,7.961727e-05,3.095511e-05,-2.2016422e-05,-7.052452e-05,-1.8450348e-05,1.5343256e-05,-4.695147e-05,-7.016649e-06,-3.288649e-05
23,0.0015266305,0.000110027664,-0.0003557013,0.0004001524,-0.0004088332,0.0012051128,0.0010167977,-1.5337653e-05,2.2565317e-05,0.00015920022,-0.00053288834,0.00059576903,0.00016489695,0.00047493313,0.0006782296,-0.00019764564,-0.0004383159,0.00017501369,5.953048e-05,-0.000515986,0.00063160947,0.00015235333,-0.00014916412,0.0020812068,-0.00018466139,-9.17864e-06,-1.19458855e-05,0.00013758999,0.00014948356,0.00010156946,1.5977574e-05,-7.871162e-05,-9.091069e-05,-3.6630598e-05,0.00017889234,-4.7987505e-05,-3.973201e-05,0.00011964691,-2.9426032e-05,3.6064368e-05,1.8568891e-05,9.744041e-06,2.1065898e-05,-0.00010535102,4.6631845e-05,-8.810582e-05,4.940888e-06,4.0676292e-05,4.3430036e-06,9.832996e-06
24,0.0009772705,-0.00044876797,-0.00045194488,0.00070615934,-0.00020580253,0.00036263856,0.00047030312,-0.0003446035,3.582953e-05,0.0007312227,-0.00078164774,-5.475167e-06,-0.00044959088,-0.0003514138,0.00018665974,0.0007015996,0.00014100371,0.0001742779,-0.0002838564,-0.00012220177,0.00045935146,5.9293445e-05,-9.441686e-05,-0.00018466139,0.0022539406,-5.541645e-06,0.00022238924,-9.1840455e-05,8.358969e-05,-0.0003013878,-1.7744962e-05,0.00011860029,2.0159427e-05,-7.849117e-05,-5.684985e-05,1.6846172e-05,-0.00010523466,4.155036e-05,-7.700063e-05,3.9649978e-05,4.195579e-05,-8.8074e-05,5.3432934e-05,5.0571787e-05,-1.7466848e-05,1.5022802e-05,-4.9864168e-05,3.472899e-05,5.889409e-05,-2.255308e-05
25,0.0024191388,0.0017265836,-0.00038963076,-0.00055328594,7.068204e-05,0.0021479605,-0.00042645,-4.3575048e-05,-0.00020507401,-0.0006040863,-0.001252579,-6.26529e-05,6.238114e-05,9.101587e-06,-0.00030514828,-0.00015428955,0.00022643106,0.000269274,-0.0004487917,-6.490353e-05,-0.00018942941,-6.957463e-05,-9.520957e-05,-9.17864e-06,-5.541645e-06,0.001613632,-0.00030233577,8.754484e-05,0.00022387666,1.4569156e-05,5.963447e-05,4.465311e-05,-5.2455225e-06,-7.997028e-05,-5.1167804e-05,-4.9171318e-05,1.157017e-05,0.00010861912,3.7177546e-05,5.102975e-05,0.00010320149,-6.135713e-05,-5.8278616e-05,3.8111204e-05,1.625975e-05,4.1220726e-05,-7.632652e-06,-5.15626e-05,-2.5720637e-05,1.9280542e-06
26,0.0011198146,0.0015867508,0.00030343706,-0.0013452566,-0.000149426,0.00023262999,-0.00044554585,-0.0006479777,0.00046027772,-0.0010270943,0.00036261094,-0.0002723498,-0.0003414125,0.00036441145,5.6029585e-06,-0.0006735972,8.3239225e-05,0.0004154073,-0.00029692886,0.00040522503,-0.000110979425,3.770554e-05,-4.9332455e-05,-1.19458855e-05,0.00022238924,-0.00030233577,0.0014153351,3.554805e-05,-0.000230848,5.6488003e-05,-8.579944e-05,1.5198282e-05,1.2221785e-06,-6.5480446e-05,4.1913292e-05,-7.26336e-05,1.9597988e-05,7.045489e-05,-2.0160896e-05,3.7400172e-05,5.5059547e-05,-2.4461683e-06,-5.3830016e-05,5.1228995e-05,-9.501846e-06,-5.143127e-05,2.2282295e-05,-4.7416535e-05,-2.35565e-06,6.0048642e-05
27,-0.0008855958,7.6170996e-05,7.969908e-05,0.0005575318,5.43033e-05,-0.00032078533,-0.00021079966,0.00016148256,-0.00038799114,0.000385987,-8.7868495e-05,0.0002856446,2.5511281e-05,-0.0002620368,-0.00025968254,-7.2268405e-05,0.00029430108,0.00032662257,0.0002506047,-8.274873e-05,-9.540521e-05,-0.00019279309,-0.0001027245,0.00013758999,-9.1840455e-05,8.754484e-05,3.554805e-05,0.0014020478,-0.000118337106,-8.086664e-05,0.00017996985,4.764067e-05,1.9425555e-05,1.8437542e-05,-3.6853635e-05,5.4890563e-05,-7.323707e-05,-1.7887118e-05,-3.811544e-05,1.4277823e-05,1.3685696e-05,-3.8642094e-05,-9.874173e-05,-3.7500545e-06,-2.7750208e-05,1.922198e-06,-1.1579712e-05,-4.4461216e-05,5.9843893e-05,-4.95349e-06
28,-0.0006912014,-0.0009316098,-0.00032065494,0.00020664881,0.0011406536,8.033955e-05,-0.0012090418,-0.00046385432,0.00032669996,0.00012176565,0.0008383633,0.00041018243,0.0002004686,-0.00034964515,0.00013151817,-0.0003393917,-4.67579e-05,-5.062132e-06,0.00011380967,0.00012529944,0.00018660791,-0.00015269409,-0.00011249997,0.00014948356,8.358969e-05,0.00022387666,-0.000230848,-0.000118337106,0.0012118635,6.28634e-05,-1.7286657e-06,-7.9747435e-05,5.349287e-06,-0.00011846486,2.8457174e-05,-5.6170647e-05,-0.00013123723,-4.948435e-06,2.1932958e-05,-4.792459e-05,-3.325611e-05,-2.5399396e-07,-5.3660035e-05,9.682287e-05,-7.8805664e-05,5.377454e-05,1.3175978e-05,-1.4324735e-07,3.6016972e-05,3.873414e-06
29,0.00061092677,6.383163e-06,7.3772004e-05,3.0147396e-05,-0.00020522405,0.00013077029,0.00035059714,-0.0003914727,-0.0003006928,0.0003218826,-2.6908923e-05,-0.0001210052,-0.00016801323,0.0001201383,-0.00015849093,0.0002646358,0.00013987804,0.00020002297,-4.2465736e-06,0.00020695815,6.1320825e-05,9.4471034e-05,-4.7253388e-07,0.00010156946,-0.0003013878,1.4569156e-05,5.6488003e-05,-8.086664e-05,6.28634e-05,0.0011395381,6.97888e-05,0.0001312434,-6.765913e-05,-6.457693e-05,9.0932794e-05,0.00013066053,-8.474126e-06,-1.7039401e-05,-3.7738122e-05,-8.970859e-05,-2.0387823e-05,1.645472e-06,3.8329876e-05,7.098541e-05,4.9256385e-05,1.8981496e-05,-3.5556623e-05,3.971212e-05,-4.0974814e-05,2.0366948e-05
30,-0.001763717,-0.0003863892,4.0371935e-05,0.0002692536,-7.748812e-06,-0.0007683425,-8.5313426e-05,0.0002884848,-0.00022367836,-0.00050333125,0.0003164474,-0.00021276998,-0.00012877694,2.9894254e-05,-0.0002672222,0.00012350624,-2.6439524e-05,-9.311833e-05,-0.000162437,9.5907235e-05,8.393923e-05,0.00026184088,0.00020359975,1.5977574e-05,-1.7744962e-05,5.963447e-05,-8.579944e-05,0.00017996985,-1.7286657e-06,6.97888e-05,0.0011301283,5.9320333e-05,0.000119715136,1.372475e-06,-7.307393e-05,-0.00012301665,2.3453358e-05,8.416985e-05,-9.181657e-07,-2.6293219e-05,-2.2301521e-05,4.7823967e-05,4.695097e-05,-1.3537059e-05,-5.704625e-05,-4.467737e-05,7.063318e-05,8.3967225e-06,4.7876485e-05,-4.917977e-06
31,-0.0019763345,-0.0006523117,-0.00010922314,0.00057535176,-1.5658907e-05,-5.093826e-05,0.000114950715,0.0010467311,-0.00012263379,0.000104925835,-0.00012923451,0.0005444851,8.231151e-06,-0.00028214295,0.000446397,0.00048560757,5.9055095e-05,-0.00020803785,-1.9063506e-05,5.0323986e-05,1.9502337e-05,-0.00011759302,-0.0002491417,-7.871162e-05,0.00011860029,4.465311e-05,1.5198282e-05,4.764067e-05,-7.9747435e-05,0.0001312434,5.9320333e-05,0.0009687985,3.7715763e-06,-5.703349e-05,1.5284811e-06,9.002408e-06,3.8040125e-05,5.6666955e-05,0.00011785051,5.8480164e-06,1.0555223e-05,5.0979354e-05,-2.0402298e-05,-6.5542695e-06,2.0476093e-05,-6.5321583e-06,4.356147e-05,-3.9416263e-05,-3.9113045e-05,4.554949e-05
32,0.000128823,-5.275834e-05,-0.0002433763,-0.0005330818,0.00019948375,0.00047137408,-0.00029070146,-0.00025222075,0.000140735,-0.00024932268,0.00018876113,7.7986784e-05,-7.103797e-05,0.0004703483,1.1136037e-05,0.00017490302,-4.7379042e-05,-1.7284241e-05,0.0001593513,-8.0068414e-05,-8.2928826e-05,2.5919897e-05,-0.00020361182,-9.091069e-05,2.0159427e-05,-5.2455225e-06,1.2221785e-06,1.9425555e-05,5.349287e-06,-6.765913e-05,0.000119715136,3.7715763e-06,0.00078798446,4.4452136e-05,5.936413e-05,9.891059e-05,1.729482e-05,1.0120937e-05,4.4053675e-05,-4.2072017e-05,1.6840222e-05,-2.719496e-05,-7.42329e-05,-4.56595e-06,2.1983533e-05,-1.76126e-05,2.0607473e-05,8.117823e-06,-1.5719e-05,-1.7229351e-05
33,0.000992531,-0.00063211925,-0.00016269501,0.00020456512,-0.00014413809,0.00031304674,0.0001722342,-0.00021632596,-0.00027258473,0.00027062866,-0.00024988814,0.00014264321,2.404668e-05,-0.0002117083,9.669288e-06,-0.00022889802,-1.4021856e-05,0.00020047354,0.00010787301,3.1073814e-05,0.00019927154,-2.5594756e-05,-9.322619e-06,-3.6630598e-05,-7.849117e-05,-7.997028e-05,-6.5480446e-05,1.8437542e-05,-0.00011846486,-6.457693e-05,1.372475e-06,-5.703349e-05,4.4452136e-05,0.00087626796,-5.797229e-06,-3.965404e-05,-6.448325e-05,5.9215245e-06,6.508095e-05,-2.7633661e-05,-5.581128e-05,2.0533578e-05,1.8188206e-05,4.9319366e-05,2.9656441e-05,5.986006e-05,-4.707042e-06,3.4125114e-05,-2.899702e-05,1.13821025e-05
34,-0.00030929863,-0.00070232415,-0.00017060066,2.651977e-05,0.00018342132,8.052128e-05,-0.00021268755,-5.7521703e-07,-8.8885194e-05,-6.175661e-05,-0.00033331465,4.458989e-05,-0.00012676115,-0.00049192563,-5.9332375e-05,0.00023168851,0.0001655098,0.00014602774,-0.0001653229,7.530035e-05,4.674494e-05,9.572346e-05,4.6561778e-05,0.00017889234,-5.684985e-05,-5.1167804e-05,4.1913292e-05,-3.6853635e-05,2.8457174e-05,9.0932794e-05,-7.307393e-05,1.5284811e-06,5.936413e-05,-5.797229e-06,0.0007603633,-2.7681977e-05,-8.975966e-06,1.9527182e-05,-1.0177981e-05,-4.9338087e-05,3.2831267e-05,-8.380774e-06,-3.216887e-05,-2.3837187e-05,-2.4357578e-06,4.65839e-06,1.8054587e-05,2.6624705e-06,2.844575e-05,-6.5125832e-06
35,0.0004251192,0.00027343596,1.4229177e-05,-4.0089697e-05,-0.00026892632,-6.4994776e-05,6.144498e-06,-6.872344e-05,-3.2136268e-05,-0.00010449192,-0.0002539748,-0.0001869698,-2.1519016e-05,-1.583848e-05,-0.0002498749,8.389699e-06,-5.9985607e-05,-0.0001746357,8.246234e-05,3.7485916e-05,9.2664675e-05,-0.00015788428,0.00012597091,-4.7987505e-05,1.6846172e-05,-4.9171318e-05,-7.26336e-05,5.4890563e-05,-5.6170647e-05,0.00013066053,-0.00012301665,9.002408e-06,9.891059e-05,-3.965404e-05,-2.7681977e-05,0.0006810117,-1.0934582e-06,5.0611423e-05,1.5829712e-05,4.3473333e-06,2.9899431e-05,1.3375114e-06,4.463157e-05,-2.3238303e-05,2.1413742e-05,6.7136076e-05,-1.3104394e-05,8.704903e-06,1.0117608e-05,-9.046817e-06
36,0.0007647036,-1.6078835e-05,-0.0002281113,4.5238674e-05,0.00014807438,0.00039994073,-0.00050040847,-0.00029879154,5.647743e-05,0.0001141656,0.00013856306,0.00023137186,0.00015809896,-0.0001492335,9.402124e-05,-0.00018903679,-0.00013934271,3.7692105e-05,3.787667e-05,-0.00012374367,0.00016794092,3.150708e-05,-6.8383255e-05,-3.973201e-05,-0.00010523466,1.157017e-05,1.9597988e-05,-7.323707e-05,-0.00013123723,-8.474126e-06,2.3453358e-05,3.8040125e-05,1.729482e-05,-6.448325e-05,-8.975966e-06,-1.0934582e-06,0.0007150943,-3.359359e-05,1.9215026e-05,1.6608767e-06,3.189996e-05,3.2226264e-06,-9.659603e-06,1.1054125e-05,-9.188509e-06,3.7436203e-05,-3.800595e-05,-2.5986346e-05,4.8724287e-05,-9.281885e-06
37,-0.00026562886,-0.00018031783,-8.534986e-06,1.4446227e-05,-8.126188e-06,5.903502e-05,6.2739695e-05,-0.00011100834,0.0001298948,-6.520278e-05,0.00034384112,-2.7994625e-05,0.00020011979,7.381397e-06,0.0001339925,-0.0002348435,-0.00020633095,-0.00014954702,7.0867776e-05,-0.00016370456,-5.015039e-05,3.1514843e-05,7.91301e-05,0.00011964691,4.155036e-05,0.00010861912,7.045489e-05,-1.7887118e-05,-4.948435e-06,-1.7039401e-05,8.416985e-05,5.6666955e-05,1.0120937e-05,5.9215245e-06,1.9527182e-05,5.0611423e-05,-3.359359e-05,0.00068074267,-1.3205317e-05,8.259814e-06,-2.0269496e-05,-1.5290767e-05,7.878962e-06,3.0500902e-05,4.5727153e-05,8.982572e-06,-3.9938655e-05,2.7932942e-06,-9.002526e-06,-7.904237e-06
38,-7.985971e-05,-8.388198e-05,-0.00022293127,-0.000102797494,3.175299e-05,0.0002662365,-7.585826e-05,-0.0002069357,-4.2810834e-06,-0.0002802615,0.00024790835,8.846737e-06,-9.589564e-05,0.00021923264,6.020571e-05,8.090168e-05,-1.4838886e-05,7.985758e-06,-0.00018810785,-4.2215954e-05,0.00024114155,-7.351872e-05,8.184744e-05,-2.9426032e-05,-7.700063e-05,3.7177546e-05,-2.0160896e-05,-3.811544e-05,2.1932958e-05,-3.7738122e-05,-9.181657e-07,0.00011785051,4.4053675e-05,6.508095e-05,-1.0177981e-05,1.5829712e-05,1.9215026e-05,-1.3205317e-05,0.0005058026,3.6347723e-05,-1.7613223e-05,-3.4677192e-05,-8.833807e-06,-1.3620397e-06,-1.2095793e-06,-6.2371346e-06,-3.9397808e-05,1.2234332e-05,1.8327704e-05,2.0816984e-05
39,-0.0004730059,-0.00014904173,9.263925e-05,0.0003689656,2.4179748e-05,-0.0002339716,0.00017256392,7.034169e-05,-0.00024579818,-6.6333378e-06,-8.581577e-06,5.32037e-05,6.601574e-05,-6.445136e-05,-8.180139e-06,9.663263e-05,-2.4465558e-05,-5.4731376e-05,0.00010149955,-2.8771883e-06,-2.330501e-05,0.00013516536,0.00013940806,3.6064368e-05,3.9649978e-05,5.102975e-05,3.7400172e-05,1.4277823e-05,-4.792459e-05,-8.970859e-05,-2.6293219e-05,5.8480164e-06,-4.2072017e-05,-2.7633661e-05,-4.9338087e-05,4.3473333e-06,1.6608767e-06,8.259814e-06,3.6347723e-05,0.00049279927,-5.360489e-05,9.44374e-06,-5.9745304e-05,2.8999679e-05,3.886529e-05,1.17628715e-05,-5.171046e-06,-1.0598664e-05,2.6527487e-05,9.316204e-06
40,-0.00028764977,-0.00029046374,0.00011473936,0.00025754434,-0.00013390572,-0.00020146067,0.00024108117,-2.0515958e-05,-0.00018669039,0.0002376228,2.640273e-05,-3.2893138e-06,8.54641e-05,2.0445203e-05,1.028187e-05,-7.984752e-05,5.6511308e-05,-4.289238e-05,0.000113864924,-5.9509017e-05,1.5961425e-05,-3.4976892e-05,0.00011873686,1.8568891e-05,4.195579e-05,0.00010320149,5.5059547e-05,1.3685696e-05,-3.325611e-05,-2.0387823e-05,-2.2301521e-05,1.0555223e-05,1.6840222e-05,-5.581128e-05,3.2831267e-05,2.9899431e-05,3.189996e-05,-2.0269496e-05,-1.7613223e-05,-5.360489e-05,0.0005238348,7.233058e-06,-1.4377607e-05,3.501211e-05,-9.026311e-06,-1.2894029e-06,3.1184586e-06,2.1574702e-05,-1.1915046e-05,1.9307328e-05
41,-0.00014706349,6.683331e-05,-2.7892842e-05,-0.00013275717,-0.000102612874,-0.00035657105,0.00018954706,-6.0226106e-05,-5.6253288e-05,-0.00024097087,-8.792173e-05,-0.00021198673,-0.00025950396,3.134381e-05,-3.2061624e-05,0.000108616514,-0.00010950178,0.00010098618,-0.00010297015,-0.00011907532,-1.218356e-05,-8.316601e-06,7.961727e-05,9.744041e-06,-8.8074e-05,-6.135713e-05,-2.4461683e-06,-3.8642094e-05,-2.5399396e-07,1.645472e-06,4.7823967e-05,5.0979354e-05,-2.719496e-05,2.0533578e-05,-8.380774e-06,1.3375114e-06,3.2226264e-06,-1.5290767e-05,-3.4677192e-05,9.44374e-06,7.233058e-06,0.00045068748,-7.4683776e-05,1.511851e-05,1.3639022e-05,1.6786547e-05,-2.2473336e-05,6.560678e-06,4.670377e-06,-1.0197158e-05
42,5.7432793e-05,9.61415e-05,8.7476394e-05,0.00014190507,-0.00016169471,-0.00022111041,0.00025832222,-9.661721e-05,6.179548e-05,4.03296e-06,-0.00015422539,-0.00010515755,8.691213e-06,-1.4262676e-05,-1.5784559e-05,-6.9439346e-05,1.7304252e-05,6.1968036e-05,9.031275e-05,-9.0809284e-05,-4.773908e-05,2.0077973e-06,3.095511e-05,2.1065898e-05,5.3432934e-05,-5.8278616e-05,-5.3830016e-05,-9.874173e-05,-5.3660035e-05,3.8329876e-05,4.695097e-05,-2.0402298e-05,-7.42329e-05,1.8188206e-05,-3.216887e-05,4.463157e-05,-9.659603e-06,7.878962e-06,-8.833807e-06,-5.9745304e-05,-1.4377607e-05,-7.4683776e-05,0.0003708863,-1.5563788e-05,2.0588595e-05,-2.0884865e-05,2.048185e-05,-2.0868123e-05,4.8325404e-05,2.457013e-05
43,-0.0006391194,-0.0002051609,0.00015707931,0.00010298754,-2.8617455e-05,-0.0005848472,0.00036069646,0.00015643783,-3.702889e-05,4.523446e-05,-4.512775e-05,-9.247534e-05,-0.00011811911,3.4155204e-05,-4.4456945e-05,-1.0691646e-05,-5.1066316e-05,6.6401626e-05,0.00014168485,-1.1592854e-05,1.7787315e-05,-5.2357496e-05,-2.2016422e-05,-0.00010535102,5.0571787e-05,3.8111204e-05,5.1228995e-05,-3.7500545e-06,9.682287e-05,7.098541e-05,-1.3537059e-05,-6.5542695e-06,-4.56595e-06,4.9319366e-05,-2.3837187e-05,-2.3238303e-05,1.1054125e-05,3.0500902e-05,-1.3620397e-06,2.8999679e-05,3.501211e-05,1.511851e-05,-1.5563788e-05,0.00044765815,4.4052786e-06,8.345278e-07,8.27146e-06,1.455094e-05,4.4296676e-06,5.258759e-06
44,-0.00020082197,-0.0001749671,8.633694e-06,-9.928373e-05,0.00023262433,0.00013472023,-0.0006338783,-3.1290536e-05,9.4946365e-05,0.000106536056,0.00013568065,9.255654e-05,2.7496784e-05,-8.8723435e-05,-0.000115160066,-3.278199e-06,0.00016070038,5.7894867e-05,-6.1151135e-05,3.7889404e-05,-7.454961e-05,-2.126235e-05,-7.052452e-05,4.6631845e-05,-1.7466848e-05,1.625975e-05,-9.501846e-06,-2.7750208e-05,-7.8805664e-05,4.9256385e-05,-5.704625e-05,2.0476093e-05,2.1983533e-05,2.9656441e-05,-2.4357578e-06,2.1413742e-05,-9.188509e-06,4.5727153e-05,-1.2095793e-06,3.886529e-05,-9.026311e-06,1.3639022e-05,2.0588595e-05,4.4052786e-06,0.0004020352,6.0842567e-06,-6.4451333e-06,-5.0513036e-06,1.0837046e-05,-1.843751e-05
45,0.00045390666,-0.000117476375,-6.90854e-05,-4.1512052e-05,-3.545437e-05,0.00044321694,0.00014410068,4.2664156e-05,1.1312566e-05,-7.97651e-05,-0.00026484794,3.7389756e-05,0.00020483044,2.647538e-05,-5.984513e-05,-6.538037e-05,6.9656366e-05,5.7554753e-05,-7.677799e-05,-3.8470866e-05,-3.2474927e-05,0.00018410335,-1.8450348e-05,-8.810582e-05,1.5022802e-05,4.1220726e-05,-5.143127e-05,1.922198e-06,5.377454e-05,1.8981496e-05,-4.467737e-05,-6.5321583e-06,-1.76126e-05,5.986006e-05,4.65839e-06,6.7136076e-05,3.7436203e-05,8.982572e-06,-6.2371346e-06,1.17628715e-05,-1.2894029e-06,1.6786547e-05,-2.0884865e-05,8.345278e-07,6.0842567e-06,0.00030573888,4.8474772e-05,-2.1559605e-05,1.6994745e-05,3.0598163e-05
46,0.00069449004,7.811609e-05,-0.0001831053,-0.00023041377,0.00017015764,0.0005213155,-0.00039809744,-0.00015792612,3.9398343e-05,-4.9124177e-05,-7.575662e-05,0.00012993408,2.919065e-05,-6.195599e-05,4.6526566e-05,-7.724288e-05,-1.9856227e-05,4.4924356e-05,-9.912967e-06,-2.0034666e-05,-7.074963e-05,-3.0224035e-05,1.5343256e-05,4.940888e-06,-4.9864168e-05,-7.632652e-06,2.2282295e-05,-1.1579712e-05,1.3175978e-05,-3.5556623e-05,7.063318e-05,4.356147e-05,2.0607473e-05,-4.707042e-06,1.8054587e-05,-1.3104394e-05,-3.800595e-05,-3.9938655e-05,-3.9397808e-05,-5.171046e-06,3.1184586e-06,-2.2473336e-05,2.048185e-05,8.27146e-06,-6.4451333e-06,4.8474772e-05,0.00028964542,-1.3866062e-05,-1.6747708e-05,2.7743896e-05
47,-0.0003612879,-0.00022275504,-4.7175334e-05,-0.000185607,0.000108033026,7.334441e-06,-0.00021064238,0.00012826554,6.787716e-05,-0.00010963179,-7.4922586e-06,4.214607e-05,1.7863902e-06,5.730855e-05,6.980827e-05,7.43641e-05,7.446323e-05,-6.820427e-05,-5.511862e-05,1.3329612e-05,-0.00010743807,4.2489814e-06,-4.695147e-05,4.0676292e-05,3.472899e-05,-5.15626e-05,-4.7416535e-05,-4.4461216e-05,-1.4324735e-07,3.971212e-05,8.3967225e-06,-3.9416263e-05,8.117823e-06,3.4125114e-05,2.6624705e-06,8.704903e-06,-2.5986346e-05,2.7932942e-06,1.2234332e-05,-1.0598664e-05,2.1574702e-05,6.560678e-06,-2.0868123e-05,1.455094e-05,-5.0513036e-06,-2.1559605e-05,-1.3866062e-05,0.00031773053,2.4831625e-05,7.712287e-06
48,-7.582527e-05,-1.672183e-05,3.8367376e-05,3.6819296e-05,-4.735589e-05,0.00018238818,0.000111593414,0.00013224038,-0.00017092582,-7.038172e-05,-3.4327753e-05,2.9196864e-05,3.043751e-05,-2.0398087e-05,1.2999235e-06,-6.479799e-05,-2.1758286e-05,5.008828e-05,1.6153456e-06,3.9343184e-05,-7.821091e-05,-5.8913947e-06,-7.016649e-06,4.3430036e-06,5.889409e-05,-2.5720637e-05,-2.35565e-06,5.9843893e-05,3.6016972e-05,-4.0974814e-05,4.7876485e-05,-3.9113045e-05,-1.5719e-05,-2.899702e-05,2.844575e-05,1.0117608e-05,4.8724287e-05,-9.002526e-06,1.8327704e-05,2.6527487e-05,-1.1915046e-05,4.670377e-06,4.8325404e-05,4.4296676e-06,1.0837046e-05,1.6994745e-05,-1.6747708e-05,2.4831625e-05,0.00024906374,1.8452404e-06
49,-0.0004170068,-0.0003826185,5.411546e-05,-7.6624834e-05,0.00012738717,-0.00026300724,-5.110803e-05,4.1647312e-05,3.289709e-05,1.9031988e-05,0.00020976795,-1.131321e-05,-9.4081195e-05,-7.708753e-06,1.5516694e-06,2.1120193e-05,-2.1055032e-05,-1.1186257e-06,-4.3668256e-06,-7.6705124e-05,-3.3388715e-05,-8.254196e-06,-3.288649e-05,9.832996e-06,-2.255308e-05,1.9280542e-06,6.0048642e-05,-4.95349e-06,3.873414e-06,2.0366948e-05,-4.917977e-06,4.554949e-05,-1.7229351e-05,1.13821025e-05,-6.5125832e-06,-9.046817e-06,-9.281885e-06,-7.904237e-06,2.0816984e-05,9.316204e-06,1.9307328e-05,-1.0197158e-05,2.457013e-05,5.258759e-06,-1.843751e-05,3.0598163e-05,2.7743896e-05,7.712287e-06,1.8452404e-06,0.00025945564
