,0,1,2,3,4,5,6,7,8,9,10,11,12,13,14,15,16,17,18,19,20,21,22,23,24,25,26,27,28,29,30,31,32,33,34,35,36,37,38,39,40,41,42,43,44,45,46,47,48,49
0,0.010773311,-0.0052274847,0.027453093,0.019688513,-0.006641357,0.0153038595,0.027684476,0.016042672,-0.013715228,-0.0057176696,0.0091946535,-0.00072389364,-0.0072213337,0.00053139526,-0.0022202074,-0.0025564223,-0.006247416,-0.0026754797,-0.0036986172,-0.0031752088,-0.0002773041,2.5345778e-05,0.0020405937,0.0012058455,0.003185899,0.001416368,-0.00089913764,0.0023728758,0.00056055665,-0.00061296916,-0.0006912398,0.00030034824,0.00027215487,0.00014761474,-0.00051551615,0.00022105321,-2.0627665e-05,-2.3230066e-05,-1.5876856e-05,2.4714e-06,1.667519e-05,-2.5228848e-05,4.540411e-06,3.990104e-06,5.002784e-06,1.8883117e-06,1.0381759e-06,-8.633671e-06,2.7016338e-06,-2.224866e-06
1,-0.0052274847,0.005064814,-0.021609858,-0.011295386,0.0023740833,-0.003994256,-0.024043381,-0.013780955,0.012915194,0.006797591,-0.0056045353,-0.0002520033,-0.003858863,-0.0008782603,0.0014181933,0.0021996014,0.0023302762,0.0023434767,-3.321715e-05,0.001980539,0.0013530939,-0.00069207477,0.0009560754,-0.0012759746,-0.0017712589,5.3891534e-05,-0.00037444127,-0.00064699247,-0.000109872504,0.00077682105,-0.000635123,-0.00031913252,-0.00018097491,0.000111790636,-0.00016291492,0.00041836587,0.00025205177,-1.5975824e-05,4.215803e-05,4.355911e-06,4.2310688e-07,7.992734e-06,-7.1013274e-06,-8.032994e-06,1.7928961e-06,-3.732333e-06,-3.184452e-06,-2.1055691e-06,-7.2100765e-06,1.3831124e-06
2,0.027453093,-0.021609858,0.3767782,0.10424088,-0.2981379,0.04545784,0.11686767,0.19274561,0.054920558,-0.027065113,0.0014768883,-0.0102942865,0.030702878,0.015439474,0.006850869,0.016081795,-0.008206743,-0.016597848,-0.0022104264,-0.015142158,0.010024704,-0.0004284763,0.0036778762,0.003621957,0.002837449,-0.0047847526,-0.0053642364,0.0057122475,0.0031843004,-0.0048792157,0.0027226051,0.0002532149,0.0019178361,-0.0007955546,-0.0007754219,-0.0010167868,-0.0005981709,1.1677198e-06,-7.693602e-05,-1.3407954e-06,1.6374346e-05,-2.905251e-05,2.4182777e-05,2.915723e-05,9.730335e-07,3.588494e-06,3.205875e-07,-7.824427e-06,1.7968006e-05,-1.4670599e-05
3,0.019688513,-0.011295386,0.10424088,0.07959402,-0.07621867,0.044051804,0.054837085,0.05653713,0.0043517286,-0.027286544,0.020369846,0.00919044,0.010642111,0.012823227,-0.011414419,-0.019221725,-0.01516038,0.0020918264,-0.016796704,0.002448102,0.0024763616,0.0008174877,0.0019581618,-0.0020788438,0.005264685,0.0014806354,0.0037271855,0.0017374007,0.0026183976,-0.0023123699,-0.0034115552,0.00023807233,0.002702371,0.00035207887,-0.0013779274,0.00055810047,0.0005043744,-4.7159574e-06,-2.8793282e-05,1.9779127e-05,1.9426298e-05,-3.0522966e-05,1.1478481e-05,-1.4642004e-05,1.8341718e-05,-1.26016075e-05,-9.427726e-06,-2.0549578e-05,-3.273427e-06,-1.07329815e-05
4,-0.006641357,0.0023740833,-0.2981379,-0.07621867,0.3219222,-0.022798702,-0.048157334,-0.12801981,-0.10148847,0.0101816,0.006738985,0.016905103,-0.029070556,-0.019539393,-0.0015032792,-0.023862729,-0.0096392315,0.00019631971,0.003717179,0.0023064488,-0.020214062,0.0039118095,-0.0046578553,-0.0030613015,0.008585388,0.0011351068,0.0006455466,-0.0028389734,-0.0047243717,0.00020924574,0.0040737735,0.0015296564,-0.00057964015,2.1705891e-05,0.0017692093,-0.0022470732,-0.0014578495,6.8121866e-05,-0.00018026363,-1.4974149e-05,-3.6398145e-05,-7.5412245e-06,1.8657525e-05,4.5393354e-05,-1.4574491e-05,1.9015053e-05,1.3424689e-05,3.316291e-05,4.579731e-05,1.4849996e-05
5,0.0153038595,-0.003994256,0.04545784,0.044051804,-0.022798702,0.062193368,-0.004956378,0.03425052,0.016095664,0.00702792,0.0036797277,0.013144771,-0.016656447,0.0007263763,-0.010763587,-0.012624763,-0.017331243,-0.004665752,-0.022339981,-0.0025461582,0.003175056,0.01029586,0.006203561,0.0028754475,0.006681757,0.002801417,0.00072213024,0.0044750515,-0.002789997,-0.002739455,-0.0014676497,0.0009499438,0.0010057788,-0.0009048979,-0.00083872053,-0.00043092808,0.00024950926,5.0738636e-06,-8.3712555e-05,5.2766472e-06,1.4147154e-05,-2.4917545e-05,2.8062916e-05,2.2638931e-05,-3.7815034e-06,-2.7393394e-06,5.6231747e-06,-3.2339688e-07,2.0795957e-05,-1.0331854e-05
6,0.027684476,-0.024043381,0.11686767,0.054837085,-0.048157334,-0.004956378,0.15688139,0.052563854,-0.07713748,-0.0400931,0.042635083,-0.018233068,0.017901504,0.008540052,-0.00875474,0.0047153356,0.0020475697,-0.00788525,0.0064301644,-0.0076196403,-0.0018963218,-0.008386329,-0.0036833743,0.005890905,0.0059445435,0.0034481196,0.0025803149,0.0043117283,0.0034797112,-0.0014512031,-0.0009806068,0.00034145662,-0.00045061324,0.00044291318,-0.0005491494,0.0002661927,-0.0003734064,1.588333e-05,-5.72785e-05,-9.6362255e-06,1.7990315e-05,-5.440201e-05,5.834744e-06,9.293184e-07,6.816722e-06,1.095705e-05,3.1430027e-06,-2.3235843e-05,-5.6094214e-06,-1.0653073e-05
7,0.016042672,-0.013780955,0.19274561,0.05653713,-0.12801981,0.03425052,0.052563854,0.11359713,0.025745396,-0.015354734,-0.005935471,0.005578679,0.019208856,0.0054957233,0.007790718,-0.001459355,-0.013066998,-0.014189478,-0.0018011561,-0.00776368,0.00014744358,0.0057352516,-0.00082822435,0.0010804855,0.004847195,-0.00444248,-0.005210871,0.0022300174,-0.00073758606,-0.0021632514,0.0025373907,0.00016093397,0.0011041034,-0.00024787808,-0.00021137844,-0.0017813961,-0.0011567334,-1.1814194e-05,-0.0001411781,-1.2965513e-05,-7.2690204e-06,-2.1857459e-05,2.1821368e-05,3.7855774e-05,1.7905859e-06,2.4148285e-06,2.5002178e-06,9.852882e-06,3.6847792e-05,-3.628771e-06
8,-0.013715228,0.012915194,0.054920558,0.0043517286,-0.10148847,0.016095664,-0.07713748,0.025745396,0.093119726,0.01412886,-0.027956516,0.008013187,0.0052637053,0.003932377,0.0040341495,0.00036279563,0.00091848406,0.004540199,-0.0062294765,0.0064784754,0.009434557,0.0023254708,0.005352933,-0.004888661,-0.005214724,-0.004465383,-0.0020563067,-0.0027362765,-0.0014603818,-0.00023350464,-0.00026787983,0.00016727747,-0.00039995756,-0.0003784041,0.00012911622,0.0006066022,0.0009615733,-4.0879655e-05,9.816516e-05,1.6848975e-05,8.289679e-06,2.4438905e-05,-1.0816557e-05,-2.2013977e-05,3.0656909e-06,-1.458686e-05,-4.8905385e-06,4.984053e-06,-1.3667559e-05,-9.980258e-07
9,-0.0057176696,0.006797591,-0.027065113,-0.027286544,0.0101816,0.00702792,-0.0400931,-0.015354734,0.01412886,0.03365894,-0.015343718,-0.0031730665,-0.015773129,-0.0066954456,0.0006854591,0.019147191,0.005684721,-0.00550068,-0.0069583906,-0.0036721593,0.0019756677,0.0051319217,-5.5225057e-05,0.0021057301,-0.0003689846,0.0033452464,0.0012927782,0.0023312997,-0.0028677676,0.00017487141,0.00064695603,-0.0014938398,0.00058077555,-0.00088566844,-0.00029629588,-0.0006520583,-0.00066532736,2.0042795e-05,-6.829949e-05,-1.170098e-05,-3.613611e-05,2.1323005e-05,6.2673676e-06,3.349899e-05,-1.3855139e-05,-3.14106e-06,-1.4495608e-06,7.828503e-06,2.1349028e-05,-3.339486e-07
10,0.0091946535,-0.0056045353,0.0014768883,0.020369846,0.006738985,0.0036797277,0.042635083,-0.005935471,-0.027956516,-0.015343718,0.024458395,-0.00509981,-0.0025224723,0.003769991,-0.009452605,-0.0056254463,-0.000120778204,0.0029789102,-0.0021150243,0.0010521573,0.0015680853,-0.0053681536,0.0035558762,0.0014170662,0.0029773558,0.0024175225,0.0011086252,0.001869126,0.00062835834,-0.0009880832,-0.0022369935,0.0011230721,-0.0010712708,-9.37631e-05,-0.0008087681,0.0007073448,0.0009859791,5.3114854e-05,5.9566722e-05,1.4554129e-05,2.1986452e-05,-1.2843967e-05,1.0533364e-05,-1.5440433e-05,-2.493984e-06,5.8287073e-06,-4.9489024e-08,-1.4646754e-05,-1.933674e-05,-1.1242133e-05
11,-0.00072389364,-0.0002520033,-0.0102942865,0.00919044,0.016905103,0.013144771,-0.018233068,0.005578679,0.008013187,-0.0031730665,-0.00509981,0.013305166,0.0052838367,0.0011892568,-0.000524673,-0.013347875,-0.008985829,0.0004512267,-0.0052946154,0.0022445559,-0.003147012,0.0053595942,-0.0024461602,-0.0012227176,0.0010163536,-0.0020587775,0.00029210577,-0.0017857819,-0.0009382236,0.0008735708,-0.00012676272,0.0005360064,0.0004815351,0.00014947749,0.00015140967,-0.00081083854,-0.00026899425,2.0302241e-07,-6.304343e-05,3.0449837e-07,-5.2806754e-06,3.198647e-06,8.021009e-06,7.483754e-06,4.089234e-06,-1.7439523e-06,1.8757087e-06,1.1874701e-05,1.5528118e-05,3.6315337e-06
12,-0.0072213337,-0.003858863,0.030702878,0.010642111,-0.029070556,-0.016656447,0.017901504,0.019208856,0.0052637053,-0.015773129,-0.0025224723,0.0052838367,0.04207115,0.0065843696,-0.0015325262,-0.00677739,0.008597987,-0.0015856279,0.0062004146,0.009460429,-0.0012618869,0.002883668,-0.00979722,-0.0011637236,-0.0009614881,-0.0022159056,0.0045802854,-0.0045502554,-0.0022259508,7.140554e-05,0.0002564324,-0.0011575014,-0.00048705254,0.00013555869,0.0009670437,-0.0008303589,-0.00053609384,2.9651503e-05,-7.473793e-05,-2.43853e-05,-4.4003093e-05,1.7372071e-05,-7.191695e-06,-9.316424e-06,2.7701014e-07,-1.17474265e-05,-3.4029172e-06,1.22509655e-05,6.005298e-06,-2.4511128e-06
13,0.00053139526,-0.0008782603,0.015439474,0.012823227,-0.019539393,0.0007263763,0.008540052,0.0054957233,0.003932377,-0.0066954456,0.003769991,0.0011892568,0.0065843696,0.0050471304,-0.003324321,-0.0008726999,-0.00067598396,0.0026111975,-0.0038172768,0.0012017589,0.00029438583,-0.0026190598,-0.0014949474,-0.0016336846,-0.0006748828,-0.0009096579,0.0018711393,-0.0011521794,0.0011755567,0.0013360265,-0.0011986657,0.000543052,-1.1192162e-05,0.00022570029,-0.00032083102,3.6450663e-05,0.00018269704,8.410694e-06,-1.520446e-06,1.3240226e-05,3.0875685e-06,2.4113288e-06,3.3851728e-07,-5.570967e-06,6.912932e-06,-1.3475797e-06,-2.6892585e-06,-1.3006451e-06,-2.834906e-06,1.01688336e-07
14,-0.0022202074,0.0014181933,0.006850869,-0.011414419,-0.0015032792,-0.010763587,-0.00875474,0.007790718,0.0040341495,0.0006854591,-0.009452605,-0.000524673,-0.0015325262,-0.003324321,0.015060188,0.0013303193,-0.0023696194,-0.001849272,0.009242762,-0.00086800975,-0.0031503122,-2.5599335e-05,-0.0006744377,-0.0026066764,-0.0005385783,-0.0006413157,-0.0056009553,0.00017602497,0.0014416457,0.00053816946,0.0003349416,-0.0022601564,0.0020390274,0.000809101,-0.00090312026,-7.375379e-05,-0.0006322084,-3.1530573e-05,2.3693196e-05,-8.107791e-06,-1.8292361e-05,1.1357675e-05,-6.0476677e-06,5.258309e-06,5.8804053e-06,-5.310616e-06,-1.3494649e-05,-6.6766843e-06,4.504808e-06,5.2455202e-06
15,-0.0025564223,0.0021996014,0.016081795,-0.019221725,-0.023862729,-0.012624763,0.0047153356,-0.001459355,0.00036279563,0.019147191,-0.0056254463,-0.013347875,-0.00677739,-0.0008726999,0.0013303193,0.030315584,0.010342218,-0.005301852,-0.0026214016,-0.00658379,0.0010845982,-0.0063175485,-0.0020898306,-0.0011655344,-0.00089504523,0.0009888336,0.0014308674,0.0012097731,8.736091e-05,0.0020090844,0.0008390442,-0.0005082103,-0.00024059179,-0.00038763048,-0.00054084905,-0.00064403954,-0.00078967295,2.4689845e-05,-6.3170795e-05,8.052267e-06,-3.0011443e-05,1.245224e-05,1.1909365e-06,3.297247e-05,-3.889693e-06,3.2860062e-06,-5.0405642e-06,2.941403e-06,1.6708062e-05,1.9068486e-06
16,-0.006247416,0.0023302762,-0.008206743,-0.01516038,-0.0096392315,-0.017331243,0.0020475697,-0.013066998,0.00091848406,0.005684721,-0.000120778204,-0.008985829,0.008597987,-0.00067598396,-0.0023696194,0.010342218,0.014636048,-0.0010758302,0.0052350573,0.0042842887,0.003644791,-0.0022423107,-0.0007678834,0.0003877791,-0.0010000601,0.0019165692,0.0025613578,-0.00036908092,-0.002075967,-0.0013436467,0.000300029,-0.0010999138,-0.0011955012,-0.000438057,0.00047716382,0.00044291525,0.00015170245,1.9634725e-05,2.6864394e-05,-1.3251001e-05,-2.1521359e-05,8.6038835e-06,-1.100414e-05,-1.02287995e-05,-9.0332505e-06,-6.0701664e-06,-2.4593212e-06,-2.9374041e-06,-1.1195922e-05,-6.354261e-06
17,-0.0026754797,0.0023434767,-0.016597848,0.0020918264,0.00019631971,-0.004665752,-0.00788525,-0.014189478,0.004540199,-0.00550068,0.0029789102,0.0004512267,-0.0015856279,0.0026111975,-0.001849272,-0.005301852,-0.0010758302,0.009078661,-0.00014654514,0.00037134992,0.0011515913,-0.0021310658,0.0015654196,-0.00026033344,-0.0038328227,-0.00048168818,0.0017717632,-0.0010263696,0.003698228,-0.00018332008,-0.0004201625,0.00058028667,0.001213325,0.00014187435,0.0002369042,0.0008088008,0.0007084372,8.57823e-06,8.1327926e-05,1.4655487e-05,2.4173627e-05,1.0717751e-05,-4.778143e-06,-2.4038964e-05,3.2419441e-06,1.1847349e-06,5.640126e-07,-5.482143e-06,-2.1013195e-05,2.6916482e-06
18,-0.0036986172,-3.321715e-05,-0.0022104264,-0.016796704,0.003717179,-0.022339981,0.0064301644,-0.0018011561,-0.0062294765,-0.0069583906,-0.0021150243,-0.0052946154,0.0062004146,-0.0038172768,0.009242762,-0.0026214016,0.0052350573,-0.00014654514,0.01710232,0.0012060375,-0.00028358848,0.00019139628,0.00038753334,0.0023260382,-0.0023477473,-0.00064583647,-0.0041922033,-0.0002703104,0.00040422042,-0.0010729713,0.0011353104,-0.0010148361,-0.00056521466,0.00034737878,0.0006238594,0.0006013912,0.00013649948,-3.1674088e-05,8.7256674e-05,-2.1478416e-05,7.3426068e-06,2.3444005e-07,-1.3932648e-05,-1.9316278e-05,-3.7295922e-06,1.4771551e-06,1.7743171e-06,-4.5580628e-06,-1.8088598e-05,1.047582e-06
19,-0.0031752088,0.001980539,-0.015142158,0.002448102,0.0023064488,-0.0025461582,-0.0076196403,-0.00776368,0.0064784754,-0.0036721593,0.0010521573,0.0022445559,0.009460429,0.0012017589,-0.00086800975,-0.00658379,0.0042842887,0.00037134992,0.0012060375,0.009565713,0.001353807,-0.00024005894,-0.00024319887,-0.0034770155,0.0018983302,0.0012898359,0.00054418587,-0.001292591,-0.0025407653,-0.00076137774,-0.0017217312,-0.0014508211,-0.00045014278,0.0003366514,-0.00042812753,0.0006109588,0.00026615147,-1.3344975e-05,3.0210536e-05,-6.5784393e-06,-1.863399e-05,-9.824447e-07,-1.0778682e-05,-1.9534642e-05,4.3849705e-06,-1.512815e-05,-1.1292657e-05,-9.003124e-06,-9.02244e-06,-6.198098e-06
20,-0.0002773041,0.0013530939,0.010024704,0.0024763616,-0.020214062,0.003175056,-0.0018963218,0.00014744358,0.009434557,0.0019756677,0.0015680853,-0.003147012,-0.0012618869,0.00029438583,-0.0031503122,0.0010845982,0.003644791,0.0011515913,-0.00028358848,0.001353807,0.004112973,2.8787545e-05,0.0029781344,0.0015257073,-0.00071312574,0.0010932987,0.0005510743,0.00080648635,-0.0005719438,-0.0013471614,-0.00037458714,8.703437e-05,-0.0006717463,-0.00035278156,0.00016085038,0.0006735324,0.0005943692,-5.636134e-07,5.3441447e-05,-9.147338e-07,1.1439098e-05,-2.0797895e-06,-3.3003048e-06,-1.3693292e-05,-4.447574e-06,-1.6599633e-06,2.1803096e-06,-5.301953e-06,-1.4024149e-05,-5.209131e-06
21,2.5345778e-05,-0.00069207477,-0.0004284763,0.0008174877,0.0039118095,0.01029586,-0.008386329,0.0057352516,0.0023254708,0.0051319217,-0.0053681536,0.0053595942,0.002883668,-0.0026190598,-2.5599335e-05,-0.0063175485,-0.0022423107,-0.0021310658,0.00019139628,-0.00024005894,2.8787545e-05,0.010497978,-0.0021126717,0.0061344393,-0.0011386215,0.0018202036,0.000654533,0.0011461158,-0.001206997,-0.00049987977,-0.00031336356,-0.0010280826,0.00063951086,-0.00024202278,0.00036329348,-0.00021013124,-0.00019720738,-1.410422e-05,-2.733208e-05,-2.6791273e-05,-5.2966693e-06,5.3602544e-06,2.465682e-06,2.9502469e-06,-6.6763832e-06,-2.5845509e-06,6.577192e-06,4.899527e-06,4.59574e-06,-3.8193622e-07
22,0.0020405937,0.0009560754,0.0036778762,0.0019581618,-0.0046578553,0.006203561,-0.0036833743,-0.00082822435,0.005352933,-5.5225057e-05,0.0035558762,-0.0024461602,-0.00979722,-0.0014949474,-0.0006744377,-0.0020898306,-0.0007678834,0.0015654196,0.00038753334,-0.00024319887,0.0029781344,-0.0021126717,0.006373244,-0.00036986865,0.0011308005,0.00020476598,-0.0020724507,0.0013310837,-0.00017135986,-0.0024536415,0.00063671276,0.00070408673,-0.00038268566,-0.00037909683,4.8850878e-05,0.00060498586,0.00068387203,1.3263063e-05,6.900745e-05,8.090411e-06,2.1092845e-05,-6.6455827e-06,3.1059394e-06,-1.0522194e-05,-5.856965e-06,3.2321236e-06,1.8010707e-06,-6.105642e-06,-1.2641742e-05,-5.1538195e-06
23,0.0012058455,-0.0012759746,0.003621957,-0.0020788438,-0.0030613015,0.0028754475,0.005890905,0.0010804855,-0.004888661,0.0021057301,0.0014170662,-0.0012227176,-0.0011637236,-0.0016336846,-0.0026066764,-0.0011655344,0.0003877791,-0.00026033344,0.0023260382,-0.0034770155,0.0015257073,0.0061344393,-0.00036986865,0.008403716,-0.0028756952,0.0011980679,0.00013289234,0.0016271686,-2.4243623e-06,0.0005682061,-0.00054024236,0.00051193184,-0.0010500269,-0.0003546598,0.0004856284,0.00013491498,0.00035211263,-5.4340735e-06,2.4478908e-05,-1.5800804e-05,2.0936106e-05,1.1720019e-06,3.3762408e-06,-3.3425436e-06,-8.8039105e-06,8.350067e-06,1.4145662e-05,3.7191842e-06,-8.369745e-06,-7.1454514e-07
24,0.003185899,-0.0017712589,0.002837449,0.005264685,0.008585388,0.006681757,0.0059445435,0.004847195,-0.005214724,-0.0003689846,0.0029773558,0.0010163536,-0.0009614881,-0.0006748828,-0.0005385783,-0.00089504523,-0.0010000601,-0.0038328227,-0.0023477473,0.0018983302,-0.00071312574,-0.0011386215,0.0011308005,-0.0028756952,0.0044924375,0.0005677453,-0.000771116,0.0005535046,-0.0022325264,-0.0012689317,0.00022565018,-0.0002823954,-0.00015396415,-0.00011779647,-0.0004210197,-0.00036279619,-0.00024076173,1.9197225e-05,-4.086715e-05,4.6513247e-07,-1.676089e-05,-7.950006e-06,6.5707372e-06,1.0864822e-05,-1.4856903e-06,-3.1550758e-06,-5.558946e-06,-1.11639e-06,1.1137029e-05,-4.9302075e-06
25,0.001416368,5.3891534e-05,-0.0047847526,0.0014806354,0.0011351068,0.002801417,0.0034481196,-0.00444248,-0.004465383,0.0033452464,0.0024175225,-0.0020587775,-0.0022159056,-0.0009096579,-0.0006413157,0.0009888336,0.0019165692,-0.00048168818,-0.00064583647,0.0012898359,0.0010932987,0.0018202036,0.00020476598,0.0011980679,0.0005677453,0.0030398972,0.00084213,0.0014360892,-0.00026311303,-0.00073287956,-0.0011670602,-0.001443424,0.0008695511,4.44736e-05,-0.0005388922,0.00046668196,2.2077767e-05,-2.0522916e-06,1.31396955e-05,-8.814775e-06,-8.764357e-06,1.8088001e-06,-2.6610642e-06,-4.9391165e-06,-8.435756e-07,-6.7581277e-06,-5.7272846e-06,-9.569913e-06,-4.331165e-06,-3.650789e-06
26,-0.00089913764,-0.00037444127,-0.0053642364,0.0037271855,0.0006455466,0.00072213024,0.0025803149,-0.005210871,-0.0020563067,0.0012927782,0.0011086252,0.00029210577,0.0045802854,0.0018711393,-0.0056009553,0.0014308674,0.0025613578,0.0017717632,-0.0041922033,0.00054418587,0.0005510743,0.000654533,-0.0020724507,0.00013289234,-0.000771116,0.00084213,0.0047252337,-0.00066464685,0.0005836353,-0.0007286652,0.00045145885,-9.1377915e-06,0.0007982643,-0.0002757614,0.00060431066,-8.563185e-06,-0.0001267143,1.47824485e-05,-3.6375714e-05,-1.0465465e-06,-6.2935533e-06,2.7951671e-06,-2.2385034e-06,-1.9058141e-06,-5.8900963e-07,-2.9805278e-06,1.7106572e-06,2.4961905e-06,1.607523e-06,5.5107284e-07
27,0.0023728758,-0.00064699247,0.0057122475,0.0017374007,-0.0028389734,0.0044750515,0.0043117283,0.0022300174,-0.0027362765,0.0023312997,0.001869126,-0.0017857819,-0.0045502554,-0.0011521794,0.00017602497,0.0012097731,-0.00036908092,-0.0010263696,-0.0002703104,-0.001292591,0.00080648635,0.0011461158,0.0013310837,0.0016271686,0.0005535046,0.0014360892,-0.00066464685,0.0015129948,-0.00010391604,-0.00056518486,-0.00033562133,-0.00040861522,0.000283346,-0.00010800983,-0.00033364128,0.00015687951,6.728099e-05,5.594148e-06,1.0810825e-05,-3.581045e-06,1.7306745e-06,-2.0644927e-07,3.101297e-06,1.2002087e-06,-3.051445e-06,2.936889e-07,-6.183652e-07,-4.278224e-06,-1.4132632e-06,-2.500322e-06
28,0.00056055665,-0.000109872504,0.0031843004,0.0026183976,-0.0047243717,-0.002789997,0.0034797112,-0.00073758606,-0.0014603818,-0.0028677676,0.00062835834,-0.0009382236,-0.0022259508,0.0011755567,0.0014416457,8.736091e-05,-0.002075967,0.003698228,0.00040422042,-0.0025407653,-0.0005719438,-0.001206997,-0.00017135986,-2.4243623e-06,-0.0022325264,-0.00026311303,0.0005836353,-0.00010391604,0.0031435445,0.0002789675,0.00013115065,-8.041692e-06,0.0014453067,0.00026965374,2.7553786e-05,0.0003339275,2.530286e-05,-9.235015e-06,2.3807834e-05,6.599349e-06,1.2699107e-05,3.1687555e-06,-3.6926879e-06,-7.0904543e-06,5.0742683e-06,1.2910582e-06,-6.9997566e-07,-3.9829474e-06,-6.141733e-06,4.6756704e-06
29,-0.00061296916,0.00077682105,-0.0048792157,-0.0023123699,0.00020924574,-0.002739455,-0.0014512031,-0.0021632514,-0.00023350464,0.00017487141,-0.0009880832,0.0008735708,7.140554e-05,0.0013360265,0.00053816946,0.0020090844,-0.0013436467,-0.00018332008,-0.0010729713,-0.00076137774,-0.0013471614,-0.00049987977,-0.0024536415,0.0005682061,-0.0012689317,-0.00073287956,-0.0007286652,-0.00056518486,0.0002789675,0.0034624906,-0.0017276828,0.00037985592,-0.0009971536,0.00046370356,-0.0005493459,-0.00015136192,-5.1408137e-05,-2.6905946e-05,-6.016173e-06,5.781778e-06,3.3309923e-06,-2.8249985e-07,-1.4795156e-06,4.538627e-06,7.480074e-06,2.040434e-06,3.1126729e-07,1.659405e-06,2.2943339e-06,3.875476e-06
30,-0.0006912398,-0.000635123,0.0027226051,-0.0034115552,0.0040737735,-0.0014676497,-0.0009806068,0.0025373907,-0.00026787983,0.00064695603,-0.0022369935,-0.00012676272,0.0002564324,-0.0011986657,0.0003349416,0.0008390442,0.000300029,-0.0004201625,0.0011353104,-0.0017217312,-0.00037458714,-0.00031336356,0.00063671276,-0.00054024236,0.00022565018,-0.0011670602,0.00045145885,-0.00033562133,0.00013115065,-0.0017276828,0.002309223,0.00053458905,0.0003430294,-0.0004064977,0.0008458287,-0.00037169666,-0.00020504494,1.8269278e-05,-2.4415072e-05,-1.1350602e-06,-1.197689e-06,-2.5519876e-07,2.7302708e-06,6.466881e-06,-5.5524024e-06,3.87573e-06,4.574561e-06,7.0364886e-06,5.5126507e-06,1.2225956e-06
31,0.00030034824,-0.00031913252,0.0002532149,0.00023807233,0.0015296564,0.0009499438,0.00034145662,0.00016093397,0.00016727747,-0.0014938398,0.0011230721,0.0005360064,-0.0011575014,0.000543052,-0.0022601564,-0.0005082103,-0.0010999138,0.00058028667,-0.0010148361,-0.0014508211,8.703437e-05,-0.0010280826,0.00070408673,0.00051193184,-0.0002823954,-0.001443424,-9.1377915e-06,-0.00040861522,-8.041692e-06,0.00037985592,0.00053458905,0.0013796369,-0.0010266879,-0.00019418284,0.00041919705,-0.00018865525,0.00018073081,5.6601943e-06,-2.2967324e-06,6.962703e-06,1.3209775e-05,-4.4662675e-06,3.5896933e-06,2.040216e-06,-1.4414866e-06,6.688173e-06,6.998296e-06,5.942377e-06,1.773958e-07,9.918003e-07
32,0.00027215487,-0.00018097491,0.0019178361,0.002702371,-0.00057964015,0.0010057788,-0.00045061324,0.0011041034,-0.00039995756,0.00058077555,-0.0010712708,0.0004815351,-0.00048705254,-1.1192162e-05,0.0020390274,-0.00024059179,-0.0011955012,0.001213325,-0.00056521466,-0.00045014278,-0.0006717463,0.00063951086,-0.00038268566,-0.0010500269,-0.00015396415,0.0008695511,0.0007982643,0.000283346,0.0014453067,-0.0009971536,0.0003430294,-0.0010266879,0.002044323,8.589379e-05,-0.00019045846,5.440641e-05,-0.0002450472,9.953843e-06,-7.130806e-06,-1.4192499e-06,-9.215735e-06,7.883438e-06,-1.8937948e-07,-1.7086563e-08,1.0418032e-06,-4.348788e-06,-5.9651584e-06,-3.994075e-06,1.8939002e-06,1.0419676e-06
33,0.00014761474,0.000111790636,-0.0007955546,0.00035207887,2.1705891e-05,-0.0009048979,0.00044291318,-0.00024787808,-0.0003784041,-0.00088566844,-9.37631e-05,0.00014947749,0.00013555869,0.00022570029,0.000809101,-0.00038763048,-0.000438057,0.00014187435,0.00034737878,0.0003366514,-0.00035278156,-0.00024202278,-0.00037909683,-0.0003546598,-0.00011779647,4.44736e-05,-0.0002757614,-0.00010800983,0.00026965374,0.00046370356,-0.0004064977,-0.00019418284,8.589379e-05,0.00019469207,-0.0001597305,9.780774e-05,-2.75081e-05,-1.30051485e-05,4.270717e-06,3.9022166e-07,1.4337085e-07,-1.7287614e-06,-2.5385652e-06,-1.5432263e-06,3.0813217e-06,-1.3955412e-06,-1.6293604e-06,-1.9633542e-06,-8.4164117e-07,8.8400213e-07
34,-0.00051551615,-0.00016291492,-0.0007754219,-0.0013779274,0.0017692093,-0.00083872053,-0.0005491494,-0.00021137844,0.00012911622,-0.00029629588,-0.0008087681,0.00015140967,0.0009670437,-0.00032083102,-0.00090312026,-0.00054084905,0.00047716382,0.0002369042,0.0006238594,-0.00042812753,0.00016085038,0.00036329348,4.8850878e-05,0.0004856284,-0.0004210197,-0.0005388922,0.00060431066,-0.00033364128,2.7553786e-05,-0.0005493459,0.0008458287,0.00041919705,-0.00019045846,-0.0001597305,0.0005572673,-3.279048e-05,2.135564e-07,-2.7812048e-06,-4.9242744e-06,-1.8253822e-06,4.622383e-06,-3.0239607e-06,-1.334156e-06,-1.0370885e-06,-1.6144634e-06,1.8245696e-06,4.284425e-06,3.40174e-06,-2.9114122e-07,1.0056215e-06
35,0.00022105321,0.00041836587,-0.0010167868,0.00055810047,-0.0022470732,-0.00043092808,0.0002661927,-0.0017813961,0.0006066022,-0.0006520583,0.0007073448,-0.00081083854,-0.0008303589,3.6450663e-05,-7.375379e-05,-0.00064403954,0.00044291525,0.0008088008,0.0006013912,0.0006109588,0.0006735324,-0.00021013124,0.00060498586,0.00013491498,-0.00036279619,0.00046668196,-8.563185e-06,0.00015687951,0.0003339275,-0.00015136192,-0.00037169666,-0.00018865525,5.440641e-05,9.780774e-05,-3.279048e-05,0.00034195714,0.00014187588,-1.49700245e-05,2.176352e-05,-3.5087197e-07,4.603902e-06,-3.333303e-06,-4.1843437e-06,-6.4088417e-06,1.817191e-06,-1.7916587e-06,-6.9339535e-07,-3.9515544e-06,-5.6492354e-06,-2.8064227e-07
36,-2.0627665e-05,0.00025205177,-0.0005981709,0.0005043744,-0.0014578495,0.00024950926,-0.0003734064,-0.0011567334,0.0009615733,-0.00066532736,0.0009859791,-0.00026899425,-0.00053609384,0.00018269704,-0.0006322084,-0.00078967295,0.00015170245,0.0007084372,0.00013649948,0.00026615147,0.0005943692,-0.00019720738,0.00068387203,0.00035211263,-0.00024076173,2.2077767e-05,-0.0001267143,6.728099e-05,2.530286e-05,-5.1408137e-05,-0.00020504494,0.00018073081,-0.0002450472,-2.75081e-05,2.135564e-07,0.00014187588,0.00018012007,7.1386876e-07,1.621584e-05,1.330379e-06,4.9395403e-06,-3.207944e-07,-6.920039e-08,-3.6795102e-06,-5.2747646e-07,6.428926e-07,8.627918e-07,-9.567873e-07,-3.838198e-06,-8.09468e-07
37,-2.3230066e-05,-1.5975824e-05,1.1677198e-06,-4.7159574e-06,6.8121866e-05,5.0738636e-06,1.588333e-05,-1.1814194e-05,-4.0879655e-05,2.0042795e-05,5.3114854e-05,2.0302241e-07,2.9651503e-05,8.410694e-06,-3.1530573e-05,2.4689845e-05,1.9634725e-05,8.57823e-06,-3.1674088e-05,-1.3344975e-05,-5.636134e-07,-1.410422e-05,1.3263063e-05,-5.4340735e-06,1.9197225e-05,-2.0522916e-06,1.47824485e-05,5.594148e-06,-9.235015e-06,-2.6905946e-05,1.8269278e-05,5.6601943e-06,9.953843e-06,-1.30051485e-05,-2.7812048e-06,-1.49700245e-05,7.1386876e-07,1.8173488e-06,-4.2110483e-07,9.647789e-08,-3.3890987e-07,4.3002785e-07,3.5712566e-07,2.5581707e-07,-2.583598e-07,9.705095e-08,-2.2555287e-08,1.2557905e-07,1.2818505e-07,-1.055471e-07
38,-1.5876856e-05,4.215803e-05,-7.693602e-05,-2.8793282e-05,-0.00018026363,-8.3712555e-05,-5.72785e-05,-0.0001411781,9.816516e-05,-6.829949e-05,5.9566722e-05,-6.304343e-05,-7.473793e-05,-1.520446e-06,2.3693196e-05,-6.3170795e-05,2.6864394e-05,8.1327926e-05,8.7256674e-05,3.0210536e-05,5.3441447e-05,-2.733208e-05,6.900745e-05,2.4478908e-05,-4.086715e-05,1.31396955e-05,-3.6375714e-05,1.0810825e-05,2.3807834e-05,-6.016173e-06,-2.4415072e-05,-2.2967324e-06,-7.130806e-06,4.270717e-06,-4.9242744e-06,2.176352e-05,1.621584e-05,-4.2110483e-07,2.1903375e-06,5.7909638e-08,4.5649517e-07,-1.428672e-08,-1.5669073e-07,-4.830481e-07,2.1354323e-08,-1.2182699e-08,-1.4511688e-08,-2.2838432e-07,-4.8362546e-07,-4.5877627e-08
39,2.4714e-06,4.355911e-06,-1.3407954e-06,1.9779127e-05,-1.4974149e-05,5.2766472e-06,-9.6362255e-06,-1.2965513e-05,1.6848975e-05,-1.170098e-05,1.4554129e-05,3.0449837e-07,-2.43853e-05,1.3240226e-05,-8.107791e-06,8.052267e-06,-1.3251001e-05,1.4655487e-05,-2.1478416e-05,-6.5784393e-06,-9.147338e-07,-2.6791273e-05,8.090411e-06,-1.5800804e-05,4.6513247e-07,-8.814775e-06,-1.0465465e-06,-3.581045e-06,6.599349e-06,5.781778e-06,-1.1350602e-06,6.962703e-06,-1.4192499e-06,3.9022166e-07,-1.8253822e-06,-3.5087197e-07,1.330379e-06,9.647789e-08,5.7909638e-08,1.2333034e-07,5.96391e-08,5.1351847e-09,2.6407246e-08,7.854968e-09,2.2329818e-08,2.4969285e-08,-6.481267e-09,2.8750693e-09,-2.7099216e-09,7.650801e-09
40,1.667519e-05,4.2310688e-07,1.6374346e-05,1.9426298e-05,-3.6398145e-05,1.4147154e-05,1.7990315e-05,-7.2690204e-06,8.289679e-06,-3.613611e-05,2.1986452e-05,-5.2806754e-06,-4.4003093e-05,3.0875685e-06,-1.8292361e-05,-3.0011443e-05,-2.1521359e-05,2.4173627e-05,7.3426068e-06,-1.863399e-05,1.1439098e-05,-5.2966693e-06,2.1092845e-05,2.0936106e-05,-1.676089e-05,-8.764357e-06,-6.2935533e-06,1.7306745e-06,1.2699107e-05,3.3309923e-06,-1.197689e-06,1.3209775e-05,-9.215735e-06,1.4337085e-07,4.622383e-06,4.603902e-06,4.9395403e-06,-3.3890987e-07,4.5649517e-07,5.96391e-08,3.0325862e-07,-1.3456751e-07,-3.8148826e-08,-9.4442726e-08,2.3093632e-08,6.071891e-08,8.974868e-08,-7.305385e-09,-1.1691526e-07,1.8944363e-08
41,-2.5228848e-05,7.992734e-06,-2.905251e-05,-3.0522966e-05,-7.5412245e-06,-2.4917545e-05,-5.440201e-05,-2.1857459e-05,2.4438905e-05,2.1323005e-05,-1.2843967e-05,3.198647e-06,1.7372071e-05,2.4113288e-06,1.1357675e-05,1.245224e-05,8.6038835e-06,1.0717751e-05,2.3444005e-07,-9.824447e-07,-2.0797895e-06,5.3602544e-06,-6.6455827e-06,1.1720019e-06,-7.950006e-06,1.8088001e-06,2.7951671e-06,-2.0644927e-07,3.1687555e-06,-2.8249985e-07,-2.5519876e-07,-4.4662675e-06,7.883438e-06,-1.7287614e-06,-3.0239607e-06,-3.333303e-06,-3.207944e-07,4.3002785e-07,-1.428672e-08,5.1351847e-09,-1.3456751e-07,1.9474582e-07,7.208677e-08,5.1182052e-08,-5.403035e-08,3.249891e-09,-3.308805e-08,2.0599582e-08,1.9722547e-08,-1.3671112e-08
42,4.540411e-06,-7.1013274e-06,2.4182777e-05,1.1478481e-05,1.8657525e-05,2.8062916e-05,5.834744e-06,2.1821368e-05,-1.0816557e-05,6.2673676e-06,1.0533364e-05,8.021009e-06,-7.191695e-06,3.3851728e-07,-6.0476677e-06,1.1909365e-06,-1.100414e-05,-4.778143e-06,-1.3932648e-05,-1.0778682e-05,-3.3003048e-06,2.465682e-06,3.1059394e-06,3.3762408e-06,6.5707372e-06,-2.6610642e-06,-2.2385034e-06,3.101297e-06,-3.6926879e-06,-1.4795156e-06,2.7302708e-06,3.5896933e-06,-1.8937948e-07,-2.5385652e-06,-1.334156e-06,-4.1843437e-06,-6.920039e-08,3.5712566e-07,-1.5669073e-07,2.6407246e-08,-3.8148826e-08,7.208677e-08,9.637689e-08,8.1228364e-08,-5.043014e-08,3.704055e-08,9.056921e-09,3.9339167e-08,5.0888772e-08,-1.7117378e-08
43,3.990104e-06,-8.032994e-06,2.915723e-05,-1.4642004e-05,4.5393354e-05,2.2638931e-05,9.293184e-07,3.7855774e-05,-2.2013977e-05,3.349899e-05,-1.5440433e-05,7.483754e-06,-9.316424e-06,-5.570967e-06,5.258309e-06,3.297247e-05,-1.02287995e-05,-2.4038964e-05,-1.9316278e-05,-1.9534642e-05,-1.3693292e-05,2.9502469e-06,-1.0522194e-05,-3.3425436e-06,1.0864822e-05,-4.9391165e-06,-1.9058141e-06,1.2002087e-06,-7.0904543e-06,4.538627e-06,6.466881e-06,2.040216e-06,-1.7086563e-08,-1.5432263e-06,-1.0370885e-06,-6.4088417e-06,-3.6795102e-06,2.5581707e-07,-4.830481e-07,7.854968e-09,-9.4442726e-08,5.1182052e-08,8.1228364e-08,1.4796926e-07,-2.784695e-08,3.193385e-08,2.8844054e-09,6.3861215e-08,1.3091736e-07,8.744393e-09
44,5.002784e-06,1.7928961e-06,9.730335e-07,1.8341718e-05,-1.4574491e-05,-3.7815034e-06,6.816722e-06,1.7905859e-06,3.0656909e-06,-1.3855139e-05,-2.493984e-06,4.089234e-06,2.7701014e-07,6.912932e-06,5.8804053e-06,-3.889693e-06,-9.0332505e-06,3.2419441e-06,-3.7295922e-06,4.3849705e-06,-4.447574e-06,-6.6763832e-06,-5.856965e-06,-8.8039105e-06,-1.4856903e-06,-8.435756e-07,-5.8900963e-07,-3.051445e-06,5.0742683e-06,7.480074e-06,-5.5524024e-06,-1.4414866e-06,1.0418032e-06,3.0813217e-06,-1.6144634e-06,1.817191e-06,-5.2747646e-07,-2.583598e-07,2.1354323e-08,2.2329818e-08,2.3093632e-08,-5.403035e-08,-5.043014e-08,-2.784695e-08,6.133045e-08,-2.3846047e-08,-2.0066041e-08,-2.811389e-08,-8.608346e-09,1.9676751e-08
45,1.8883117e-06,-3.732333e-06,3.588494e-06,-1.26016075e-05,1.9015053e-05,-2.7393394e-06,1.095705e-05,2.4148285e-06,-1.458686e-05,-3.14106e-06,5.8287073e-06,-1.7439523e-06,-1.17474265e-05,-1.3475797e-06,-5.310616e-06,3.2860062e-06,-6.0701664e-06,1.1847349e-06,1.4771551e-06,-1.512815e-05,-1.6599633e-06,-2.5845509e-06,3.2321236e-06,8.350067e-06,-3.1550758e-06,-6.7581277e-06,-2.9805278e-06,2.936889e-07,1.2910582e-06,2.040434e-06,3.87573e-06,6.688173e-06,-4.348788e-06,-1.3955412e-06,1.8245696e-06,-1.7916587e-06,6.428926e-07,9.705095e-08,-1.2182699e-08,2.4969285e-08,6.071891e-08,3.249891e-09,3.704055e-08,3.193385e-08,-2.3846047e-08,4.825828e-08,4.0088207e-08,3.6161012e-08,7.068408e-09,5.1438076e-09
46,1.0381759e-06,-3.184452e-06,3.205875e-07,-9.427726e-06,1.3424689e-05,5.6231747e-06,3.1430027e-06,2.5002178e-06,-4.8905385e-06,-1.4495608e-06,-4.9489024e-08,1.8757087e-06,-3.4029172e-06,-2.6892585e-06,-1.3494649e-05,-5.0405642e-06,-2.4593212e-06,5.640126e-07,1.7743171e-06,-1.1292657e-05,2.1803096e-06,6.577192e-06,1.8010707e-06,1.4145662e-05,-5.558946e-06,-5.7272846e-06,1.7106572e-06,-6.183652e-07,-6.9997566e-07,3.1126729e-07,4.574561e-06,6.998296e-06,-5.9651584e-06,-1.6293604e-06,4.284425e-06,-6.9339535e-07,8.627918e-07,-2.2555287e-08,-1.4511688e-08,-6.481267e-09,8.974868e-08,-3.308805e-08,9.056921e-09,2.8844054e-09,-2.0066041e-08,4.0088207e-08,5.9625556e-08,3.9984485e-08,-5.836651e-09,8.197492e-09
47,-8.633671e-06,-2.1055691e-06,-7.824427e-06,-2.0549578e-05,3.316291e-05,-3.2339688e-07,-2.3235843e-05,9.852882e-06,4.984053e-06,7.828503e-06,-1.4646754e-05,1.1874701e-05,1.22509655e-05,-1.3006451e-06,-6.6766843e-06,2.941403e-06,-2.9374041e-06,-5.482143e-06,-4.5580628e-06,-9.003124e-06,-5.301953e-06,4.899527e-06,-6.105642e-06,3.7191842e-06,-1.11639e-06,-9.569913e-06,2.4961905e-06,-4.278224e-06,-3.9829474e-06,1.659405e-06,7.0364886e-06,5.942377e-06,-3.994075e-06,-1.9633542e-06,3.40174e-06,-3.9515544e-06,-9.567873e-07,1.2557905e-07,-2.2838432e-07,2.8750693e-09,-7.305385e-09,2.0599582e-08,3.9339167e-08,6.3861215e-08,-2.811389e-08,3.6161012e-08,3.9984485e-08,6.849305e-08,5.2848463e-08,9.923792e-09
48,2.7016338e-06,-7.2100765e-06,1.7968006e-05,-3.273427e-06,4.579731e-05,2.0795957e-05,-5.6094214e-06,3.6847792e-05,-1.3667559e-05,2.1349028e-05,-1.933674e-05,1.5528118e-05,6.005298e-06,-2.834906e-06,4.504808e-06,1.6708062e-05,-1.1195922e-05,-2.1013195e-05,-1.8088598e-05,-9.02244e-06,-1.4024149e-05,4.59574e-06,-1.2641742e-05,-8.369745e-06,1.1137029e-05,-4.331165e-06,1.607523e-06,-1.4132632e-06,-6.141733e-06,2.2943339e-06,5.5126507e-06,1.773958e-07,1.8939002e-06,-8.4164117e-07,-2.9114122e-07,-5.6492354e-06,-3.838198e-06,1.2818505e-07,-4.8362546e-07,-2.7099216e-09,-1.1691526e-07,1.9722547e-08,5.0888772e-08,1.3091736e-07,-8.608346e-09,7.068408e-09,-5.836651e-09,5.2848463e-08,1.2124772e-07,9.639098e-09
49,-2.224866e-06,1.3831124e-06,-1.4670599e-05,-1.07329815e-05,1.4849996e-05,-1.0331854e-05,-1.0653073e-05,-3.628771e-06,-9.980258e-07,-3.339486e-07,-1.1242133e-05,3.6315337e-06,-2.4511128e-06,1.01688336e-07,5.2455202e-06,1.9068486e-06,-6.354261e-06,2.6916482e-06,1.047582e-06,-6.198098e-06,-5.209131e-06,-3.8193622e-07,-5.1538195e-06,-7.1454514e-07,-4.9302075e-06,-3.650789e-06,5.5107284e-07,-2.500322e-06,4.6756704e-06,3.875476e-06,1.2225956e-06,9.918003e-07,1.0419676e-06,8.8400213e-07,1.0056215e-06,-2.8064227e-07,-8.09468e-07,-1.055471e-07,-4.5877627e-08,7.650801e-09,1.8944363e-08,-1.3671112e-08,-1.7117378e-08,8.744393e-09,1.9676751e-08,5.1438076e-09,8.197492e-09,9.923792e-09,9.639098e-09,2.0876334e-08
