,0,1,2,3,4,5,6,7,8,9,10,11,12,13,14,15,16,17,18,19,20,21,22,23,24,25,26,27,28,29,30,31,32,33,34,35,36,37,38,39,40,41,42,43,44,45,46,47,48,49
0,3.2031024,0.59906065,-1.5875778,-0.1297755,-0.077185825,0.13657083,-0.07102631,0.012837091,0.012922483,0.009001205,-0.117563725,-0.0320891,-0.009389995,0.0057672295,0.0026787356,0.0002941083,0.0005011133,-0.0026786723,0.00902539,-0.009444801,0.00095014996,0.0052399365,0.000831957,-0.0025915443,-0.0014857193,-0.0017211222,-0.0019955193,0.00032755456,-0.0016725615,-0.0005903435,0.00074790814,-0.000369735,0.00010260433,0.00020707778,-0.00028632995,-0.0003134405,-1.1211163e-05,-0.00013404101,-0.0001251761,0.00030361273,0.00040090864,6.805002e-06,0.00012955468,0.00056684535,0.00120702,-1.6231592e-05,-0.00020858562,-1.5317195e-05,9.5864816e-05,0.00039147123
1,0.59906065,1.7022341,-0.22440627,0.12536076,0.15651439,0.17550552,0.16043648,0.084853545,0.07484723,-0.064747006,0.2661637,0.07334976,0.006261466,0.004513509,-0.01716937,-0.0150267035,-0.0020834873,-0.005184536,0.0014696182,0.0024697236,-0.00075781695,-0.00307295,0.00010352032,-0.0006480719,0.00015510693,-0.002147695,-0.00036444253,-0.00079748046,-0.00058160955,-0.0006532838,0.00027587477,0.00043520133,-0.00042449558,-0.00037341524,-0.0004546384,0.00038923754,-0.00030081032,0.00042823493,-9.489815e-05,-0.0005667462,-0.00034026903,-0.00035684556,3.034226e-05,-0.00055131817,0.00016361263,-0.00018070449,-0.00012040813,-7.975057e-05,0.00028940354,-0.0005722324
2,-1.5875778,-0.22440627,0.8417756,0.047305457,-0.0053303684,-0.03455314,0.02519134,-0.0038395093,0.032208458,0.03432729,0.0840987,0.022492852,0.005897741,-0.009410303,-0.002642141,0.002063043,0.00503568,-0.001653594,0.00023220864,-0.0038121669,0.001319333,0.0013513835,0.00021821093,-0.0009058915,0.00015692491,-0.00026320794,3.230238e-05,0.00031530618,-0.0013199674,0.0003932657,0.00054290466,3.6350335e-05,6.526084e-05,-0.000567099,-0.00015085516,-0.00056205806,5.202773e-05,0.00041157473,0.0001975268,-0.0005394275,-0.00011696614,-7.9544705e-05,-0.00025379052,-3.552644e-05,0.0006523145,6.605247e-05,-0.000103568156,0.0001759514,-8.297558e-06,0.00010031776
3,-0.1297755,0.12536076,0.047305457,0.48298928,0.42110682,0.15107463,0.06154477,0.03101697,0.032147903,0.012594176,-0.061627038,0.016871708,-0.0030104131,0.045688182,0.0040617716,0.0010800321,0.0020942392,-0.0030316655,0.0030585097,-0.00046378365,-0.00073431316,0.0015896626,-4.49319e-05,-0.0006505308,-0.00040277708,0.00012402333,-0.0010065369,0.00021797343,-0.00060972606,0.00030637076,7.54503e-05,0.000109239176,0.00022766869,0.0005838645,-3.7311238e-05,-0.00028436334,-0.00020101559,-0.000108984495,4.0173065e-05,0.00014001637,0.00013195898,0.00014892619,0.00015085276,-0.0001328821,-1.2085107e-05,-8.0925325e-05,-0.00020910706,6.211587e-05,0.00025902432,3.2362168e-05
4,-0.077185825,0.15651439,-0.0053303684,0.42110682,0.41650796,0.09089193,0.06308398,0.05218468,-0.03574748,-0.028706532,-0.04637397,-0.0003651551,0.00030944461,0.043354973,-0.018578425,-0.00084723334,-0.011878806,-0.001680101,0.0012441474,0.0007595072,-0.0014744531,-0.00047900056,6.7036226e-06,0.00030398124,0.0005645511,-0.00017836108,-0.0002131043,0.00014238516,0.00016816842,-0.00024024025,-0.00014637638,-0.00023834896,0.00033545878,-4.2545653e-05,-0.00037773253,0.00065163156,7.759682e-05,-1.8127022e-05,-1.6625527e-05,0.00031110097,0.00027465343,6.4238e-05,0.00027943164,-1.08161585e-05,-0.0002408689,-2.3941507e-06,4.871924e-05,-7.794467e-05,0.00019119866,3.0903466e-05
5,0.13657083,0.17550552,-0.03455314,0.15107463,0.09089193,0.18248707,-0.024534918,0.030530082,0.055377558,0.096697755,0.013215973,0.017004177,-0.013703499,0.043924406,0.0116368765,0.023629919,0.018462896,0.00021291732,-0.0040888432,-0.00047595418,0.0016951767,-0.0014649964,-0.0001380101,0.00021463797,-0.0002890013,0.0005171541,0.0018663539,0.0007394999,3.325341e-05,5.034721e-05,0.00016876773,-9.344563e-06,6.702331e-05,-1.1850684e-06,0.00019989103,-0.00035991485,-0.00044203558,-0.00031571396,0.00030047723,-0.00016035972,-0.0002448415,0.00012241211,-0.00030016465,-0.0003059584,0.000101341946,-2.1433922e-05,-0.00014859269,-2.7898834e-05,-0.00035946793,0.00018472933
6,-0.07102631,0.16043648,0.02519134,0.06154477,0.06308398,-0.024534918,0.07199083,-0.032008447,0.029478144,-0.07282065,0.0076750056,0.022051483,-1.34656475e-05,0.0014081819,0.008357562,-0.005811271,-0.008076643,0.004366843,0.0018421902,-0.00039045594,8.522093e-05,0.0014015178,0.0008671911,0.00057032297,-0.00028457196,-0.00028830266,0.0005655016,-0.00011309593,0.00047058813,0.00026547717,-0.0003130073,3.121783e-05,-0.00023347337,0.0002214899,0.00023931087,-0.00022147346,0.000108016204,9.62182e-05,8.2134815e-05,-5.3944523e-06,0.00015363004,-1.4069973e-05,9.071229e-05,0.0001448344,-4.476643e-05,-0.00013189252,-1.1191922e-06,-4.5994566e-05,0.00025555672,-7.6435754e-05
7,0.012837091,0.084853545,-0.0038395093,0.03101697,0.05218468,0.030530082,-0.032008447,0.09301099,-0.06896164,0.058264345,0.0325355,-0.02323829,0.0019350862,-0.01349071,-0.0047453414,-0.0084232595,-0.015067809,0.0081167985,-0.00042600775,0.0008509704,-0.0011197983,0.0013039364,0.00038289023,-0.00015515133,0.00073472294,-7.140577e-05,-0.00052208133,5.2873576e-05,0.00067697046,0.0003365436,8.557578e-05,0.00025045485,-9.5882904e-05,0.00018083482,-8.759538e-06,6.0428163e-05,0.00011201914,4.9925693e-05,-0.00046835298,0.00016392815,0.00016963537,7.067874e-05,0.00012739637,3.2333926e-05,-0.00016446457,-4.1261624e-06,1.8474006e-05,-5.275761e-05,0.0001752162,-0.0001252937
8,0.012922483,0.07484723,0.032208458,0.032147903,-0.03574748,0.055377558,0.029478144,-0.06896164,0.19403353,0.028209716,-0.02116308,0.037108794,0.00746808,-0.008812933,-0.012653534,0.0031388353,-0.006108906,0.002646996,0.00066877506,-0.0004171009,-3.29945e-05,0.0008142411,-0.00065916375,0.00073342863,0.00013494567,-0.00019732358,-0.00051726104,-0.00036722815,0.0002223078,0.0002166295,-0.0001263851,0.0002478512,-5.055248e-05,-0.00016654379,-0.00023800679,3.079173e-05,0.00010897429,0.00027632006,0.0002007663,0.00020832133,-9.645224e-05,-7.7025165e-05,-0.00024008314,-4.5189565e-05,5.6984005e-05,-6.6035864e-05,-0.000107735264,1.5096819e-05,-4.5085326e-05,6.67009e-05
9,0.009001205,-0.064747006,0.03432729,0.012594176,-0.028706532,0.096697755,-0.07282065,0.058264345,0.028209716,0.14186278,0.004626858,-0.0059420783,-0.004833579,-0.0015380655,0.002225543,-0.0072548455,-0.002729049,-0.0015094437,-0.0012893314,-0.0005972415,0.00011291691,0.00037681605,0.0001138133,-0.0010487231,-6.395193e-05,4.8051985e-05,-0.00031559382,-6.1927334e-05,0.00029243523,0.00011950438,-6.278136e-05,-1.0897946e-05,0.0001765817,6.403382e-05,0.00018036872,-0.00017126644,3.9863107e-06,-0.00011023483,-3.797117e-05,-0.00020979386,3.8784343e-05,9.3304414e-05,3.618076e-05,-1.3448749e-05,3.2316253e-05,0.000112318034,4.1960142e-05,1.3187076e-05,-4.3162367e-05,-0.00012395429
10,-0.117563725,0.2661637,0.0840987,-0.061627038,-0.04637397,0.013215973,0.0076750056,0.0325355,-0.02116308,0.004626858,0.091435164,0.006786148,-0.00086186593,5.9548e-05,-0.0012595153,0.0066728136,0.002300715,-0.00069611694,0.0015595906,0.00061622536,-0.0003147091,-0.00016072465,-0.00028171443,8.834174e-05,-0.0001241403,-0.0002698091,0.00023291024,-0.00029376632,0.00017490645,0.00018431086,-9.7390344e-05,0.00022142785,-2.62262e-05,0.00017570458,1.3441135e-05,-4.87428e-05,-0.00016742112,0.00012757114,-5.6843546e-05,0.00019501543,2.0618962e-05,-0.00019818384,-0.00025340376,9.8124e-05,2.921949e-05,-5.992536e-05,4.8498412e-05,-0.00010042961,0.00022899531,7.553796e-05
11,-0.0320891,0.07334976,0.022492852,0.016871708,-0.0003651551,0.017004177,0.022051483,-0.02323829,0.037108794,-0.0059420783,0.006786148,0.027065704,-0.012437789,0.02800588,0.01152976,-0.011015642,-7.320601e-05,-0.0018556605,-0.0006105771,0.00029987135,7.298909e-05,8.268847e-05,0.0005328114,-5.0320377e-05,-1.3432471e-05,-0.00027595647,-0.00020734235,2.5871948e-05,0.000260428,-0.00013406933,-6.732851e-05,-7.1045724e-05,0.00016287787,-4.728027e-05,1.4804678e-05,0.00026521616,-6.2559134e-06,-0.00019066717,2.848509e-05,6.4301224e-05,-0.000117853604,8.249685e-05,-2.495441e-05,-5.7281934e-05,-4.701125e-05,5.3910015e-05,-3.789668e-05,5.0826842e-05,-1.5834587e-05,-6.143714e-05
12,-0.009389995,0.006261466,0.005897741,-0.0030104131,0.00030944461,-0.013703499,-1.34656475e-05,0.0019350862,0.00746808,-0.004833579,-0.00086186593,-0.012437789,0.018309297,-0.03403297,-0.015857704,0.0027171718,0.008044608,0.00070249574,0.0011791715,0.00022859577,-0.0008531405,-0.00035100145,-0.00035028474,-0.00052969897,0.00018715751,-0.00024287999,-0.0003461353,-0.00021086873,0.00027052299,4.5717163e-05,0.00010623185,0.000102057806,-0.0002361699,7.1445274e-06,-1.2308847e-05,0.00013034401,-2.6955484e-05,-1.4925831e-05,-0.00012328464,2.5630723e-05,0.00018022074,2.0764506e-05,0.00010687151,7.148404e-05,-5.29758e-05,4.5756722e-05,3.3863333e-05,-4.7377765e-05,0.00012376098,6.081022e-05
13,0.0057672295,0.004513509,-0.009410303,0.045688182,0.043354973,0.043924406,0.0014081819,-0.01349071,-0.008812933,-0.0015380655,5.9548e-05,0.02800588,-0.03403297,0.1121924,-0.0133200465,0.0015503275,-0.002046744,0.00070479733,-0.0009144653,0.0010791323,0.0003524069,0.00022711037,0.0003689819,-0.00032158825,6.113129e-05,0.00016557073,-0.0003597986,-3.5247398e-05,0.00014820523,-8.369624e-05,-4.6833804e-05,-0.0003411425,0.00028592598,-3.3900946e-05,-4.863732e-05,-2.9513978e-05,-0.00012592983,-0.000112469104,6.218633e-05,4.5302702e-05,-8.767016e-05,-1.149163e-06,-1.9560737e-05,-0.00014337142,-8.103731e-05,-0.00012459987,-5.7512665e-05,2.1852658e-05,-0.00011363895,-7.840987e-06
14,0.0026787356,-0.01716937,-0.002642141,0.0040617716,-0.018578425,0.0116368765,0.008357562,-0.0047453414,-0.012653534,0.002225543,-0.0012595153,0.01152976,-0.015857704,-0.0133200465,0.07941673,0.001347515,-0.0016278952,0.0010746508,5.3878008e-05,0.00022732357,2.4738803e-05,-9.847941e-05,0.00032728183,-0.00023794248,-0.00052361866,-3.3255546e-05,-0.00014821297,5.0394174e-06,4.451782e-06,0.00022679009,7.651084e-05,-0.000116816576,-4.2512285e-05,-6.924177e-05,-5.2947362e-05,-2.4156576e-05,-2.9442049e-06,7.4503e-05,1.9195826e-05,-8.8457e-05,-0.00023566194,-4.0102517e-05,-8.8971676e-05,3.565012e-05,8.64262e-05,-3.663891e-05,0.0001297752,6.563532e-05,-4.757267e-05,6.235154e-05
15,0.0002941083,-0.0150267035,0.002063043,0.0010800321,-0.00084723334,0.023629919,-0.005811271,-0.0084232595,0.0031388353,-0.0072548455,0.0066728136,-0.011015642,0.0027171718,0.0015503275,0.001347515,0.052019186,-0.0010118234,-0.0002602605,-0.0010489281,0.00027092424,7.727202e-05,-0.00047534372,0.00026536227,0.00021446234,-5.8270565e-05,0.00014504298,7.3756004e-05,-0.00025337905,-0.00034530717,0.00016903793,-5.535525e-05,-0.00015342224,0.00023527484,-3.237289e-05,7.24352e-05,-8.594033e-05,-9.8114324e-05,0.00041705352,0.00014564917,8.996703e-05,-0.0001344702,-0.00016999211,-2.857079e-05,-4.542529e-05,-1.3826468e-06,-2.0155689e-05,7.253114e-05,-9.910483e-05,3.3447257e-05,8.7190885e-05
16,0.0005011133,-0.0020834873,0.00503568,0.0020942392,-0.011878806,0.018462896,-0.008076643,-0.015067809,-0.006108906,-0.002729049,0.002300715,-7.320601e-05,0.008044608,-0.002046744,-0.0016278952,-0.0010118234,0.04712358,-0.0009626852,8.2364204e-05,-0.00033484033,2.4480778e-05,-0.00033697675,-0.000852418,-1.4645318e-05,-0.00039219958,-0.00010758565,-9.575992e-08,-9.0216956e-05,9.4469135e-05,-7.389699e-06,-0.00020666415,0.0002877246,-4.1115196e-05,0.00021341271,8.8831315e-05,-8.648896e-06,-0.00012465823,4.788961e-05,4.5063298e-05,0.00013166654,0.00014936144,2.355513e-05,-5.4440556e-05,2.027204e-05,-0.00020343543,-3.3995082e-05,-6.458434e-05,4.145033e-05,-2.4010089e-05,-1.6553573e-05
17,-0.0026786723,-0.005184536,-0.001653594,-0.0030316655,-0.001680101,0.00021291732,0.004366843,0.0081167985,0.002646996,-0.0015094437,-0.00069611694,-0.0018556605,0.00070249574,0.00070479733,0.0010746508,-0.0002602605,-0.0009626852,0.031985786,0.00033286848,0.0004980825,-3.999315e-05,0.00031320035,4.9584243e-05,2.6510908e-05,-2.3539318e-05,0.00020831476,0.00016777031,0.00030381617,0.00016772858,0.00015495694,-5.3961285e-06,-9.9232544e-05,-0.00011466677,3.775451e-05,7.443098e-05,-3.186155e-05,0.00011496732,-6.7348665e-05,2.430384e-05,-8.919665e-05,2.7488895e-05,-1.4535287e-05,-7.038303e-05,7.564069e-06,1.092212e-05,2.1887168e-05,8.8117486e-05,2.6941576e-05,-5.4492834e-06,2.8699544e-05
18,0.00902539,0.0014696182,0.00023220864,0.0030585097,0.0012441474,-0.0040888432,0.0018421902,-0.00042600775,0.00066877506,-0.0012893314,0.0015595906,-0.0006105771,0.0011791715,-0.0009144653,5.3878008e-05,-0.0010489281,8.2364204e-05,0.00033286848,0.0071297414,-0.00044072358,-0.00030452106,0.00075781206,-0.0005957916,0.0004939551,-2.8012523e-06,-0.0005514879,0.0003939871,-0.00020361779,-0.00019707505,6.251859e-05,-6.753235e-05,7.7876946e-05,-0.00035921903,0.00019693666,-8.052829e-05,0.00014897807,5.3151234e-05,-9.0378744e-05,7.010429e-05,0.00016095865,0.00017744728,-8.506339e-05,0.00018467069,7.687045e-05,0.00018522338,4.0652478e-05,6.0862662e-06,6.974795e-05,0.00024277112,0.000112749316
19,-0.009444801,0.0024697236,-0.0038121669,-0.00046378365,0.0007595072,-0.00047595418,-0.00039045594,0.0008509704,-0.0004171009,-0.0005972415,0.00061622536,0.00029987135,0.00022859577,0.0010791323,0.00022732357,0.00027092424,-0.00033484033,0.0004980825,-0.00044072358,0.004742302,-0.0007835536,-0.000905553,-0.00010461596,0.0005636158,0.000611443,0.00047008597,-2.0815796e-05,-1.9746805e-05,0.00033097388,-5.821697e-05,-0.00010020865,-9.0607544e-05,9.950453e-05,4.686458e-05,0.00024513568,-2.2620867e-05,6.0347378e-05,0.00010922227,-0.00013623008,-4.0738363e-05,-3.813277e-05,-2.9446583e-05,-0.0002383572,-0.0001981704,-0.00012530305,-3.7792117e-05,4.2212432e-05,3.5151726e-05,5.081726e-05,-2.9206218e-05
20,0.00095014996,-0.00075781695,0.001319333,-0.00073431316,-0.0014744531,0.0016951767,8.522093e-05,-0.0011197983,-3.29945e-05,0.00011291691,-0.0003147091,7.298909e-05,-0.0008531405,0.0003524069,2.4738803e-05,7.727202e-05,2.4480778e-05,-3.999315e-05,-0.00030452106,-0.0007835536,0.0032518064,0.00064134377,0.00016230055,-2.4120076e-05,-8.66629e-05,0.00035699934,0.00022837214,-0.00018983925,-0.00022781469,-0.0004792933,3.4150027e-05,-7.2718685e-05,-9.285919e-05,-6.641165e-05,1.6936123e-05,0.00022819411,9.043939e-07,-0.000113453934,0.00015861381,-0.0001228695,-3.4310244e-05,-0.00018398163,-1.9821236e-05,-0.000160322,7.074798e-05,-6.0368617e-05,-6.2665116e-05,7.163744e-05,-0.00023947304,-3.923639e-06
21,0.0052399365,-0.00307295,0.0013513835,0.0015896626,-0.00047900056,-0.0014649964,0.0014015178,0.0013039364,0.0008142411,0.00037681605,-0.00016072465,8.268847e-05,-0.00035100145,0.00022711037,-9.847941e-05,-0.00047534372,-0.00033697675,0.00031320035,0.00075781206,-0.000905553,0.00064134377,0.0040927543,0.00020997293,2.781102e-05,0.00065788673,0.0006549051,-0.00049143954,0.00038197928,0.0002880621,0.00027664436,2.6363403e-05,0.000100412086,8.6435706e-05,8.500881e-05,-3.1132266e-05,-0.0002101715,-1.18225e-05,0.00022465852,7.135308e-05,0.00015513037,-0.00015243338,5.057497e-05,-2.7952286e-05,1.2085518e-05,-4.0568368e-05,-7.1335635e-05,-3.4326746e-05,-3.3289787e-05,7.756229e-05,-0.00013848356
22,0.000831957,0.00010352032,0.00021821093,-4.49319e-05,6.7036226e-06,-0.0001380101,0.0008671911,0.00038289023,-0.00065916375,0.0001138133,-0.00028171443,0.0005328114,-0.00035028474,0.0003689819,0.00032728183,0.00026536227,-0.000852418,4.9584243e-05,-0.0005957916,-0.00010461596,0.00016230055,0.00020997293,0.0024814168,-2.483526e-05,-0.00017212838,-0.00049708097,0.00015521151,-6.0623235e-05,-0.00015688845,4.2446118e-05,0.00012912425,-0.00025247264,6.479614e-06,-0.00013320302,7.754743e-05,7.0650014e-05,4.919729e-05,-8.0097685e-05,0.00011314258,-3.124753e-05,-0.00012040751,9.303179e-05,0.00013452218,0.00011311022,1.6485625e-05,0.00015908094,0.00014317149,-5.790165e-05,0.00015330708,-5.2020798e-05
23,-0.0025915443,-0.0006480719,-0.0009058915,-0.0006505308,0.00030398124,0.00021463797,0.00057032297,-0.00015515133,0.00073342863,-0.0010487231,8.834174e-05,-5.0320377e-05,-0.00052969897,-0.00032158825,-0.00023794248,0.00021446234,-1.4645318e-05,2.6510908e-05,0.0004939551,0.0005636158,-2.4120076e-05,2.781102e-05,-2.483526e-05,0.0029306777,0.0002384719,0.00017628174,0.0004264197,0.00011936457,-0.000255208,-7.44945e-05,-0.00025341986,0.0001419986,8.176893e-07,-7.283504e-05,-0.00013254232,2.4849865e-05,0.00025009626,0.0001107571,7.0354516e-05,0.00015962857,-0.00013747321,-6.846721e-05,-0.00014735802,5.889088e-05,5.7339064e-05,3.104205e-05,1.3817944e-05,1.9078572e-05,-6.646139e-05,8.0058e-05
24,-0.0014857193,0.00015510693,0.00015692491,-0.00040277708,0.0005645511,-0.0002890013,-0.00028457196,0.00073472294,0.00013494567,-6.395193e-05,-0.0001241403,-1.3432471e-05,0.00018715751,6.113129e-05,-0.00052361866,-5.8270565e-05,-0.00039219958,-2.3539318e-05,-2.8012523e-06,0.000611443,-8.66629e-05,0.00065788673,-0.00017212838,0.0002384719,0.0030640792,9.835907e-05,-1.0117474e-05,-0.0001781378,-9.5203286e-05,-0.00019802441,0.00021404016,0.00015648152,2.8774659e-05,-4.5425644e-05,-9.998088e-05,0.00011269149,-3.0491175e-05,-0.00015009669,8.5222655e-06,-9.184039e-05,0.00018971995,-1.6959919e-05,0.00010709655,-4.059734e-05,0.0001092712,5.9198876e-05,5.4869983e-05,-3.6589527e-06,6.379619e-05,6.4385764e-05
25,-0.0017211222,-0.002147695,-0.00026320794,0.00012402333,-0.00017836108,0.0005171541,-0.00028830266,-7.140577e-05,-0.00019732358,4.8051985e-05,-0.0002698091,-0.00027595647,-0.00024287999,0.00016557073,-3.3255546e-05,0.00014504298,-0.00010758565,0.00020831476,-0.0005514879,0.00047008597,0.00035699934,0.0006549051,-0.00049708097,0.00017628174,9.835907e-05,0.0020542806,-4.8090453e-05,0.0004279618,-0.00012209952,0.00014698447,5.7793673e-05,-0.0002731196,7.010816e-05,-3.6896352e-05,5.794287e-06,-5.2317162e-05,0.0002505935,2.5198598e-05,-2.1256286e-05,1.3033969e-05,1.8084735e-05,8.401146e-05,0.00013428733,6.5833165e-06,-2.2789038e-05,8.8961606e-05,7.158336e-05,-4.4445595e-05,8.442175e-07,4.220715e-05
26,-0.0019955193,-0.00036444253,3.230238e-05,-0.0010065369,-0.0002131043,0.0018663539,0.0005655016,-0.00052208133,-0.00051726104,-0.00031559382,0.00023291024,-0.00020734235,-0.0003461353,-0.0003597986,-0.00014821297,7.3756004e-05,-9.575992e-08,0.00016777031,0.0003939871,-2.0815796e-05,0.00022837214,-0.00049143954,0.00015521151,0.0004264197,-1.0117474e-05,-4.8090453e-05,0.0020785443,0.00047153694,0.0001820939,7.944944e-05,-0.00013282351,-6.1668215e-05,3.0102226e-05,-1.3405825e-05,0.0001409677,-0.00011878927,-0.00013267179,-0.00014583842,6.3356194e-05,-1.673751e-06,-7.214635e-06,2.9017374e-05,4.7120582e-05,-8.980607e-05,4.142987e-05,6.429671e-05,-6.542619e-06,-2.1285432e-05,-2.3283954e-05,-6.525097e-06
27,0.00032755456,-0.00079748046,0.00031530618,0.00021797343,0.00014238516,0.0007394999,-0.00011309593,5.2873576e-05,-0.00036722815,-6.1927334e-05,-0.00029376632,2.5871948e-05,-0.00021086873,-3.5247398e-05,5.0394174e-06,-0.00025337905,-9.0216956e-05,0.00030381617,-0.00020361779,-1.9746805e-05,-0.00018983925,0.00038197928,-6.0623235e-05,0.00011936457,-0.0001781378,0.0004279618,0.00047153694,0.0017074769,-2.3590079e-05,-5.1300718e-05,0.00020645275,5.4958044e-05,7.954544e-05,5.9297094e-05,-7.8835e-05,4.1737818e-05,-8.587714e-05,-9.8856035e-05,-4.479859e-06,-0.000115598785,1.9797644e-05,3.6769306e-05,-2.7450711e-05,4.1697618e-05,4.3149703e-05,1.4828323e-05,-5.099702e-05,-1.2035152e-05,-0.00012927048,1.6508115e-05
28,-0.0016725615,-0.00058160955,-0.0013199674,-0.00060972606,0.00016816842,3.325341e-05,0.00047058813,0.00067697046,0.0002223078,0.00029243523,0.00017490645,0.000260428,0.00027052299,0.00014820523,4.451782e-06,-0.00034530717,9.4469135e-05,0.00016772858,-0.00019707505,0.00033097388,-0.00022781469,0.0002880621,-0.00015688845,-0.000255208,-9.5203286e-05,-0.00012209952,0.0001820939,-2.3590079e-05,0.0016194254,-7.479025e-05,-8.208823e-05,-4.682094e-05,5.780814e-05,-0.0001549497,0.00012600218,0.00010641916,8.27648e-05,-8.339761e-05,-3.318644e-05,3.6909805e-05,2.9972369e-05,5.0122926e-05,-2.7165728e-05,6.737339e-05,-3.885935e-05,-2.1295273e-05,1.15974335e-05,-2.1980935e-05,1.8668226e-05,-5.3875185e-05
29,-0.0005903435,-0.0006532838,0.0003932657,0.00030637076,-0.00024024025,5.034721e-05,0.00026547717,0.0003365436,0.0002166295,0.00011950438,0.00018431086,-0.00013406933,4.5717163e-05,-8.369624e-05,0.00022679009,0.00016903793,-7.389699e-06,0.00015495694,6.251859e-05,-5.821697e-05,-0.0004792933,0.00027664436,4.2446118e-05,-7.44945e-05,-0.00019802441,0.00014698447,7.944944e-05,-5.1300718e-05,-7.479025e-05,0.001436323,1.4527237e-05,0.00015962686,-4.9081413e-05,-9.165108e-06,0.0001281717,-0.000118501644,1.6332786e-05,-7.5410826e-05,0.0001210368,-3.7599065e-07,5.5413882e-05,2.9162562e-05,-8.6905144e-05,-2.0505668e-05,-5.7281042e-05,-6.1765095e-05,2.6988895e-05,-3.5211022e-05,1.767197e-05,-1.6473456e-06
30,0.00074790814,0.00027587477,0.00054290466,7.54503e-05,-0.00014637638,0.00016876773,-0.0003130073,8.557578e-05,-0.0001263851,-6.278136e-05,-9.7390344e-05,-6.732851e-05,0.00010623185,-4.6833804e-05,7.651084e-05,-5.535525e-05,-0.00020666415,-5.3961285e-06,-6.753235e-05,-0.00010020865,3.4150027e-05,2.6363403e-05,0.00012912425,-0.00025341986,0.00021404016,5.7793673e-05,-0.00013282351,0.00020645275,-8.208823e-05,1.4527237e-05,0.0011822807,3.0167044e-05,-0.000113187074,-7.743397e-05,5.326923e-05,7.287132e-05,5.7878147e-05,-2.0432608e-05,-9.6276395e-05,9.556356e-05,-6.670199e-05,-2.2042967e-05,-9.003228e-05,2.0074833e-05,7.6699025e-06,7.354222e-05,-0.00010171847,-8.331584e-05,-1.583738e-05,-8.635329e-05
31,-0.000369735,0.00043520133,3.6350335e-05,0.000109239176,-0.00023834896,-9.344563e-06,3.121783e-05,0.00025045485,0.0002478512,-1.0897946e-05,0.00022142785,-7.1045724e-05,0.000102057806,-0.0003411425,-0.000116816576,-0.00015342224,0.0002877246,-9.9232544e-05,7.7876946e-05,-9.0607544e-05,-7.2718685e-05,0.000100412086,-0.00025247264,0.0001419986,0.00015648152,-0.0002731196,-6.1668215e-05,5.4958044e-05,-4.682094e-05,0.00015962686,3.0167044e-05,0.0011504508,9.221324e-05,7.997436e-05,8.2804145e-05,1.8972085e-05,-3.7215934e-05,-2.1229233e-05,-0.000120231765,-7.3337564e-05,5.1072562e-05,0.00011361927,-5.065131e-05,3.3218587e-06,-6.836137e-05,-3.831101e-05,-3.7505368e-05,5.822339e-05,4.3214357e-05,-5.310183e-05
32,0.00010260433,-0.00042449558,6.526084e-05,0.00022766869,0.00033545878,6.702331e-05,-0.00023347337,-9.5882904e-05,-5.055248e-05,0.0001765817,-2.62262e-05,0.00016287787,-0.0002361699,0.00028592598,-4.2512285e-05,0.00023527484,-4.1115196e-05,-0.00011466677,-0.00035921903,9.950453e-05,-9.285919e-05,8.6435706e-05,6.479614e-06,8.176893e-07,2.8774659e-05,7.010816e-05,3.0102226e-05,7.954544e-05,5.780814e-05,-4.9081413e-05,-0.000113187074,9.221324e-05,0.0011853178,-6.710589e-06,0.000102335005,8.638481e-05,-0.00015401514,-2.6956903e-05,6.0481714e-05,7.5901284e-05,-5.186146e-05,-0.00013047803,-3.881819e-05,-2.6249e-05,-4.284262e-05,-7.2907587e-06,-5.094961e-05,2.1221545e-05,-3.977266e-06,2.6422338e-06
33,0.00020707778,-0.00037341524,-0.000567099,0.0005838645,-4.2545653e-05,-1.1850684e-06,0.0002214899,0.00018083482,-0.00016654379,6.403382e-05,0.00017570458,-4.728027e-05,7.1445274e-06,-3.3900946e-05,-6.924177e-05,-3.237289e-05,0.00021341271,3.775451e-05,0.00019693666,4.686458e-05,-6.641165e-05,8.500881e-05,-0.00013320302,-7.283504e-05,-4.5425644e-05,-3.6896352e-05,-1.3405825e-05,5.9297094e-05,-0.0001549497,-9.165108e-06,-7.743397e-05,7.997436e-05,-6.710589e-06,0.0011537729,-2.7965492e-05,-4.861105e-05,-3.3772627e-05,-0.000106650084,8.058066e-05,0.000115870425,-2.124724e-05,1.0845249e-05,-4.3163207e-05,-4.1763124e-05,-6.6345594e-05,7.606704e-06,-2.5281191e-05,1.652153e-05,7.784214e-05,-5.8300357e-06
34,-0.00028632995,-0.0004546384,-0.00015085516,-3.7311238e-05,-0.00037773253,0.00019989103,0.00023931087,-8.759538e-06,-0.00023800679,0.00018036872,1.3441135e-05,1.4804678e-05,-1.2308847e-05,-4.863732e-05,-5.2947362e-05,7.24352e-05,8.8831315e-05,7.443098e-05,-8.052829e-05,0.00024513568,1.6936123e-05,-3.1132266e-05,7.754743e-05,-0.00013254232,-9.998088e-05,5.794287e-06,0.0001409677,-7.8835e-05,0.00012600218,0.0001281717,5.326923e-05,8.2804145e-05,0.000102335005,-2.7965492e-05,0.0009950027,1.7554608e-05,5.8164014e-06,1.8996747e-06,4.894506e-05,-2.6038299e-05,-7.6917495e-05,0.00010652307,7.668872e-06,5.4663717e-05,3.3538505e-05,-4.7004556e-05,3.9663268e-05,-3.826085e-05,5.150812e-05,-2.5631662e-05
35,-0.0003134405,0.00038923754,-0.00056205806,-0.00028436334,0.00065163156,-0.00035991485,-0.00022147346,6.0428163e-05,3.079173e-05,-0.00017126644,-4.87428e-05,0.00026521616,0.00013034401,-2.9513978e-05,-2.4156576e-05,-8.594033e-05,-8.648896e-06,-3.186155e-05,0.00014897807,-2.2620867e-05,0.00022819411,-0.0002101715,7.0650014e-05,2.4849865e-05,0.00011269149,-5.2317162e-05,-0.00011878927,4.1737818e-05,0.00010641916,-0.000118501644,7.287132e-05,1.8972085e-05,8.638481e-05,-4.861105e-05,1.7554608e-05,0.001226743,0.000120462,4.539221e-05,-5.1743627e-06,1.5848545e-05,-2.971209e-05,6.64996e-05,6.451907e-05,-8.553427e-06,-4.5575365e-05,-8.129034e-05,3.737927e-05,1.1629283e-05,1.9478779e-05,-3.1929071e-06
36,-1.1211163e-05,-0.00030081032,5.202773e-05,-0.00020101559,7.759682e-05,-0.00044203558,0.000108016204,0.00011201914,0.00010897429,3.9863107e-06,-0.00016742112,-6.2559134e-06,-2.6955484e-05,-0.00012592983,-2.9442049e-06,-9.8114324e-05,-0.00012465823,0.00011496732,5.3151234e-05,6.0347378e-05,9.043939e-07,-1.18225e-05,4.919729e-05,0.00025009626,-3.0491175e-05,0.0002505935,-0.00013267179,-8.587714e-05,8.27648e-05,1.6332786e-05,5.7878147e-05,-3.7215934e-05,-0.00015401514,-3.3772627e-05,5.8164014e-06,0.000120462,0.0008745818,1.0739541e-05,-5.3785996e-05,-0.00012356053,6.877499e-05,-6.0967075e-05,2.7468373e-05,5.9368784e-05,2.3060334e-06,9.426534e-05,-1.0622296e-05,2.5706908e-05,2.541786e-05,-3.7992464e-05
37,-0.00013404101,0.00042823493,0.00041157473,-0.000108984495,-1.8127022e-05,-0.00031571396,9.62182e-05,4.9925693e-05,0.00027632006,-0.00011023483,0.00012757114,-0.00019066717,-1.4925831e-05,-0.000112469104,7.4503e-05,0.00041705352,4.788961e-05,-6.7348665e-05,-9.0378744e-05,0.00010922227,-0.000113453934,0.00022465852,-8.0097685e-05,0.0001107571,-0.00015009669,2.5198598e-05,-0.00014583842,-9.8856035e-05,-8.339761e-05,-7.5410826e-05,-2.0432608e-05,-2.1229233e-05,-2.6956903e-05,-0.000106650084,1.8996747e-06,4.539221e-05,1.0739541e-05,0.0010593934,7.927188e-05,5.274673e-05,-2.5080928e-05,5.2120295e-06,3.2483258e-05,-6.935051e-05,5.454196e-05,-1.3863157e-05,5.0292736e-05,-6.509716e-05,3.0229377e-05,1.5450329e-05
38,-0.0001251761,-9.489815e-05,0.0001975268,4.0173065e-05,-1.6625527e-05,0.00030047723,8.2134815e-05,-0.00046835298,0.0002007663,-3.797117e-05,-5.6843546e-05,2.848509e-05,-0.00012328464,6.218633e-05,1.9195826e-05,0.00014564917,4.5063298e-05,2.430384e-05,7.010429e-05,-0.00013623008,0.00015861381,7.135308e-05,0.00011314258,7.0354516e-05,8.5222655e-06,-2.1256286e-05,6.3356194e-05,-4.479859e-06,-3.318644e-05,0.0001210368,-9.6276395e-05,-0.000120231765,6.0481714e-05,8.058066e-05,4.894506e-05,-5.1743627e-06,-5.3785996e-05,7.927188e-05,0.00081566704,-3.9956525e-05,6.022803e-05,5.953572e-05,-0.00011062246,-4.6078138e-05,-2.3899916e-05,-3.9951533e-07,-3.1577056e-05,-3.5192355e-05,-3.2252632e-05,-2.601118e-05
39,0.00030361273,-0.0005667462,-0.0005394275,0.00014001637,0.00031110097,-0.00016035972,-5.3944523e-06,0.00016392815,0.00020832133,-0.00020979386,0.00019501543,6.4301224e-05,2.5630723e-05,4.5302702e-05,-8.8457e-05,8.996703e-05,0.00013166654,-8.919665e-05,0.00016095865,-4.0738363e-05,-0.0001228695,0.00015513037,-3.124753e-05,0.00015962857,-9.184039e-05,1.3033969e-05,-1.673751e-06,-0.000115598785,3.6909805e-05,-3.7599065e-07,9.556356e-05,-7.3337564e-05,7.5901284e-05,0.000115870425,-2.6038299e-05,1.5848545e-05,-0.00012356053,5.274673e-05,-3.9956525e-05,0.00088790024,-6.979283e-06,2.3207082e-05,-4.4793043e-05,-2.0046395e-05,-7.653885e-05,-1.3660977e-05,2.434493e-05,-2.8675982e-05,-2.6454123e-05,-1.516697e-06
40,0.00040090864,-0.00034026903,-0.00011696614,0.00013195898,0.00027465343,-0.0002448415,0.00015363004,0.00016963537,-9.645224e-05,3.8784343e-05,2.0618962e-05,-0.000117853604,0.00018022074,-8.767016e-05,-0.00023566194,-0.0001344702,0.00014936144,2.7488895e-05,0.00017744728,-3.813277e-05,-3.4310244e-05,-0.00015243338,-0.00012040751,-0.00013747321,0.00018971995,1.8084735e-05,-7.214635e-06,1.9797644e-05,2.9972369e-05,5.5413882e-05,-6.670199e-05,5.1072562e-05,-5.186146e-05,-2.124724e-05,-7.6917495e-05,-2.971209e-05,6.877499e-05,-2.5080928e-05,6.022803e-05,-6.979283e-06,0.00086264516,-1.0111088e-05,-3.5395194e-06,5.4248358e-06,-5.2363743e-05,5.5664463e-05,-1.1223799e-05,-3.6944737e-05,-2.1282372e-05,-3.359402e-05
41,6.805002e-06,-0.00035684556,-7.9544705e-05,0.00014892619,6.4238e-05,0.00012241211,-1.4069973e-05,7.067874e-05,-7.7025165e-05,9.3304414e-05,-0.00019818384,8.249685e-05,2.0764506e-05,-1.149163e-06,-4.0102517e-05,-0.00016999211,2.355513e-05,-1.4535287e-05,-8.506339e-05,-2.9446583e-05,-0.00018398163,5.057497e-05,9.303179e-05,-6.846721e-05,-1.6959919e-05,8.401146e-05,2.9017374e-05,3.6769306e-05,5.0122926e-05,2.9162562e-05,-2.2042967e-05,0.00011361927,-0.00013047803,1.0845249e-05,0.00010652307,6.64996e-05,-6.0967075e-05,5.2120295e-06,5.953572e-05,2.3207082e-05,-1.0111088e-05,0.0008246554,9.314317e-05,-1.3436039e-07,4.37128e-05,-5.276659e-05,-2.1147174e-05,3.5139095e-05,3.3769024e-06,-1.8073084e-06
42,0.00012955468,3.034226e-05,-0.00025379052,0.00015085276,0.00027943164,-0.00030016465,9.071229e-05,0.00012739637,-0.00024008314,3.618076e-05,-0.00025340376,-2.495441e-05,0.00010687151,-1.9560737e-05,-8.8971676e-05,-2.857079e-05,-5.4440556e-05,-7.038303e-05,0.00018467069,-0.0002383572,-1.9821236e-05,-2.7952286e-05,0.00013452218,-0.00014735802,0.00010709655,0.00013428733,4.7120582e-05,-2.7450711e-05,-2.7165728e-05,-8.6905144e-05,-9.003228e-05,-5.065131e-05,-3.881819e-05,-4.3163207e-05,7.668872e-06,6.451907e-05,2.7468373e-05,3.2483258e-05,-0.00011062246,-4.4793043e-05,-3.5395194e-06,9.314317e-05,0.0007115938,1.5772046e-06,-0.00010303168,-1.2108365e-05,-5.0225957e-05,2.1500151e-05,-2.8096973e-05,4.619167e-05
43,0.00056684535,-0.00055131817,-3.552644e-05,-0.0001328821,-1.08161585e-05,-0.0003059584,0.0001448344,3.2333926e-05,-4.5189565e-05,-1.3448749e-05,9.8124e-05,-5.7281934e-05,7.148404e-05,-0.00014337142,3.565012e-05,-4.542529e-05,2.027204e-05,7.564069e-06,7.687045e-05,-0.0001981704,-0.000160322,1.2085518e-05,0.00011311022,5.889088e-05,-4.059734e-05,6.5833165e-06,-8.980607e-05,4.1697618e-05,6.737339e-05,-2.0505668e-05,2.0074833e-05,3.3218587e-06,-2.6249e-05,-4.1763124e-05,5.4663717e-05,-8.553427e-06,5.9368784e-05,-6.935051e-05,-4.6078138e-05,-2.0046395e-05,5.4248358e-06,-1.3436039e-07,1.5772046e-06,0.000731021,6.189534e-06,-9.23681e-06,6.1677216e-05,-5.910042e-05,-3.281548e-05,4.1622134e-05
44,0.00120702,0.00016361263,0.0006523145,-1.2085107e-05,-0.0002408689,0.000101341946,-4.476643e-05,-0.00016446457,5.6984005e-05,3.2316253e-05,2.921949e-05,-4.701125e-05,-5.29758e-05,-8.103731e-05,8.64262e-05,-1.3826468e-06,-0.00020343543,1.092212e-05,0.00018522338,-0.00012530305,7.074798e-05,-4.0568368e-05,1.6485625e-05,5.7339064e-05,0.0001092712,-2.2789038e-05,4.142987e-05,4.3149703e-05,-3.885935e-05,-5.7281042e-05,7.6699025e-06,-6.836137e-05,-4.284262e-05,-6.6345594e-05,3.3538505e-05,-4.5575365e-05,2.3060334e-06,5.454196e-05,-2.3899916e-05,-7.653885e-05,-5.2363743e-05,4.37128e-05,-0.00010303168,6.189534e-06,0.00059589423,3.127529e-05,-3.758038e-07,1.3745775e-05,-1.3901736e-05,6.153332e-05
45,-1.6231592e-05,-0.00018070449,6.605247e-05,-8.0925325e-05,-2.3941507e-06,-2.1433922e-05,-0.00013189252,-4.1261624e-06,-6.6035864e-05,0.000112318034,-5.992536e-05,5.3910015e-05,4.5756722e-05,-0.00012459987,-3.663891e-05,-2.0155689e-05,-3.3995082e-05,2.1887168e-05,4.0652478e-05,-3.7792117e-05,-6.0368617e-05,-7.1335635e-05,0.00015908094,3.104205e-05,5.9198876e-05,8.8961606e-05,6.429671e-05,1.4828323e-05,-2.1295273e-05,-6.1765095e-05,7.354222e-05,-3.831101e-05,-7.2907587e-06,7.606704e-06,-4.7004556e-05,-8.129034e-05,9.426534e-05,-1.3863157e-05,-3.9951533e-07,-1.3660977e-05,5.5664463e-05,-5.276659e-05,-1.2108365e-05,-9.23681e-06,3.127529e-05,0.0006004725,-2.0170086e-05,6.911071e-06,3.660687e-05,-4.274438e-05
46,-0.00020858562,-0.00012040813,-0.000103568156,-0.00020910706,4.871924e-05,-0.00014859269,-1.1191922e-06,1.8474006e-05,-0.000107735264,4.1960142e-05,4.8498412e-05,-3.789668e-05,3.3863333e-05,-5.7512665e-05,0.0001297752,7.253114e-05,-6.458434e-05,8.8117486e-05,6.0862662e-06,4.2212432e-05,-6.2665116e-05,-3.4326746e-05,0.00014317149,1.3817944e-05,5.4869983e-05,7.158336e-05,-6.542619e-06,-5.099702e-05,1.15974335e-05,2.6988895e-05,-0.00010171847,-3.7505368e-05,-5.094961e-05,-2.5281191e-05,3.9663268e-05,3.737927e-05,-1.0622296e-05,5.0292736e-05,-3.1577056e-05,2.434493e-05,-1.1223799e-05,-2.1147174e-05,-5.0225957e-05,6.1677216e-05,-3.758038e-07,-2.0170086e-05,0.00064061437,2.2040167e-05,-2.278361e-05,-2.7787602e-05
47,-1.5317195e-05,-7.975057e-05,0.0001759514,6.211587e-05,-7.794467e-05,-2.7898834e-05,-4.5994566e-05,-5.275761e-05,1.5096819e-05,1.3187076e-05,-0.00010042961,5.0826842e-05,-4.7377765e-05,2.1852658e-05,6.563532e-05,-9.910483e-05,4.145033e-05,2.6941576e-05,6.974795e-05,3.5151726e-05,7.163744e-05,-3.3289787e-05,-5.790165e-05,1.9078572e-05,-3.6589527e-06,-4.4445595e-05,-2.1285432e-05,-1.2035152e-05,-2.1980935e-05,-3.5211022e-05,-8.331584e-05,5.822339e-05,2.1221545e-05,1.652153e-05,-3.826085e-05,1.1629283e-05,2.5706908e-05,-6.509716e-05,-3.5192355e-05,-2.8675982e-05,-3.6944737e-05,3.5139095e-05,2.1500151e-05,-5.910042e-05,1.3745775e-05,6.911071e-06,2.2040167e-05,0.00062403013,-1.4913941e-05,-1.136635e-05
48,9.5864816e-05,0.00028940354,-8.297558e-06,0.00025902432,0.00019119866,-0.00035946793,0.00025555672,0.0001752162,-4.5085326e-05,-4.3162367e-05,0.00022899531,-1.5834587e-05,0.00012376098,-0.00011363895,-4.757267e-05,3.3447257e-05,-2.4010089e-05,-5.4492834e-06,0.00024277112,5.081726e-05,-0.00023947304,7.756229e-05,0.00015330708,-6.646139e-05,6.379619e-05,8.442175e-07,-2.3283954e-05,-0.00012927048,1.8668226e-05,1.767197e-05,-1.583738e-05,4.3214357e-05,-3.977266e-06,7.784214e-05,5.150812e-05,1.9478779e-05,2.541786e-05,3.0229377e-05,-3.2252632e-05,-2.6454123e-05,-2.1282372e-05,3.3769024e-06,-2.8096973e-05,-3.281548e-05,-1.3901736e-05,3.660687e-05,-2.278361e-05,-1.4913941e-05,0.00047111962,2.1174988e-05
49,0.00039147123,-0.0005722324,0.00010031776,3.2362168e-05,3.0903466e-05,0.00018472933,-7.6435754e-05,-0.0001252937,6.67009e-05,-0.00012395429,7.553796e-05,-6.143714e-05,6.081022e-05,-7.840987e-06,6.235154e-05,8.7190885e-05,-1.6553573e-05,2.8699544e-05,0.000112749316,-2.9206218e-05,-3.923639e-06,-0.00013848356,-5.2020798e-05,8.0058e-05,6.4385764e-05,4.220715e-05,-6.525097e-06,1.6508115e-05,-5.3875185e-05,-1.6473456e-06,-8.635329e-05,-5.310183e-05,2.6422338e-06,-5.8300357e-06,-2.5631662e-05,-3.1929071e-06,-3.7992464e-05,1.5450329e-05,-2.601118e-05,-1.516697e-06,-3.359402e-05,-1.8073084e-06,4.619167e-05,4.1622134e-05,6.153332e-05,-4.274438e-05,-2.7787602e-05,-1.136635e-05,2.1174988e-05,0.0005958645
