,0,1,2,3,4,5,6,7,8,9,10,11,12,13,14,15,16,17,18,19,20,21,22,23,24,25,26,27,28,29,30,31,32,33,34,35,36,37,38,39,40,41,42,43,44,45,46,47,48,49
0,441.2289,-39.359978,0.5523147,0.30458587,24.96469,18.895897,13.108334,-0.7288426,-15.186996,-4.9278297,-3.3348346,-1.3665978,-5.452539,-0.64066947,10.38531,1.0645626,4.7918587,5.2716174,0.2927974,-0.034894817,0.7253095,-2.8210454,2.1581244,1.2004776,1.5487634,2.5559745,-4.3552794,3.5755415,-0.084880106,-1.7055819,0.36654323,1.9850252,-1.6753533,-2.305748,-1.2951676,1.6336951,-1.7598896,-2.1677167,-0.48739326,0.10600688,0.26729035,1.1276274,1.0224316,-1.3846085,1.7909794,-1.7070963,-1.4548248,-0.10231687,-0.473943,-0.88409126
1,-39.359978,231.66309,12.609598,1.8851454,8.1659355,17.77005,4.0005336,-4.4987826,-6.99616,0.806188,-3.0332675,-1.5810277,-3.1395054,2.2389617,4.0815043,1.6291142,-1.1501572,3.700597,-0.35173026,0.6555216,-0.23590708,-0.9981235,-1.2402825,1.8983643,0.58594,1.1153746,-0.14087978,2.0136728,-1.1633523,-0.81869364,0.40682703,1.3353525,-0.2391456,-0.8026887,-0.77064204,2.1072998,-1.28952,-0.79591715,-0.39144874,-0.12932886,-0.19246373,0.9590924,0.2081752,-1.0670359,0.6538876,-0.082534105,-0.61343205,0.52252734,-0.28671208,-0.29916143
2,0.5523147,12.609598,51.079292,-10.570761,12.0716505,-2.1875186,8.32006,10.436045,2.8497877,0.2578072,3.749948,2.1206038,2.887835,0.4572727,-4.063027,-2.0885146,3.0247498,-1.5723085,0.9679912,-1.1191924,1.9218668,-1.514698,1.6786188,-2.7876468,-0.2610891,-0.3854897,-1.0575068,-1.5408266,0.83657134,0.2545128,0.45190066,0.7031303,0.42793328,0.7139002,0.20404455,-0.6028454,0.79383045,-0.94254327,-0.61765784,-0.25328636,0.1078047,-0.9400602,0.8584919,-0.2995845,0.19103244,-0.38402438,0.062120482,0.07121937,-0.22984448,-0.025174694
3,0.30458587,1.8851454,-10.570761,53.909107,12.118509,3.6958385,-0.9664661,0.26659477,1.8484042,-8.074706,-0.011504145,2.7607524,2.9875417,1.8445908,-1.7313654,1.518672,0.04659976,1.5217232,0.6539581,-1.4056959,0.53726995,0.28721154,-1.9623948,-2.8584695,-0.6651081,0.93716204,3.1051023,-0.65355325,-0.32002443,1.7713587,1.1351366,0.082647674,0.60208905,0.40858293,1.3623793,1.0029535,-0.20884553,0.026271356,-0.47416955,-0.68763876,-0.0716412,-0.2748803,-0.37353784,0.28849518,0.2265195,0.45686018,-0.0760881,0.24102797,0.1264331,-0.0861191
4,24.96469,8.1659355,12.0716505,12.118509,38.256763,-5.0386314,-6.765059,-4.898687,2.4780567,5.5449705,-0.95686436,1.2116286,0.50321716,-4.668888,-4.344616,-3.7078395,0.06714699,2.9427986,-0.122056454,-0.10231125,0.832422,2.7707171,0.13728307,0.35413283,0.39292932,0.9342699,-0.03727802,-0.77339244,-1.0103656,-0.5048056,-1.2200913,1.1058373,0.18768093,1.0206867,0.33715463,-0.9879724,-0.01544621,-0.5175581,0.69439197,0.1168686,-0.37111503,-0.3941539,0.42499775,0.08832738,-0.048944116,0.06524411,-0.021920633,-0.1729713,0.0026648827,0.0146000525
5,18.895897,17.77005,-2.1875186,3.6958385,-5.0386314,12.029211,-2.5514338,3.2885897,1.0146103,-2.1199496,3.9830687,-1.866043,-1.7701566,-1.8508284,1.3900812,0.7622584,0.6919151,-1.551378,-0.073770896,0.73068684,-0.010519559,-0.77356756,-0.6709306,-1.1647081,0.9324503,-0.22560248,0.1712372,2.14469,0.42621738,1.4051602,1.1222234,0.52989256,-0.95506716,-0.4123431,0.24761099,0.5278528,-0.49326566,1.036797,-0.0843321,0.120914534,-0.276172,-0.07662231,-0.43782446,-1.0413227,0.3662399,-0.80100906,-0.49341708,-0.28043473,0.26796877,-0.38966703
6,13.108334,4.0005336,8.32006,-0.9664661,-6.765059,-2.5514338,30.911379,-7.2813344,3.7807388,-5.414273,-2.6795912,-1.7355835,0.20597261,-0.62088346,-0.6339762,-0.28681892,-1.6055701,-1.1126263,0.11130447,-0.19065422,-0.16505927,-0.30667537,-0.60554296,-0.13240835,-0.27923137,0.27655056,0.80886567,-1.0264788,0.2205689,0.75593406,0.75171846,-0.30079606,0.007835466,0.13937013,0.08264523,-0.17469947,-0.17188016,-0.04032617,0.07455489,0.15438676,0.24084927,0.06305586,0.14544033,0.5317433,0.023075465,0.12703562,0.18045336,0.09532035,0.13398454,0.10311549
7,-0.7288426,-4.4987826,10.436045,0.26659477,-4.898687,3.2885897,-7.2813344,20.949797,0.5514197,-5.348563,-2.9815178,-2.8872066,-1.2259035,-0.49165598,-0.8260741,0.64415437,-0.56235987,0.21043104,0.71066225,-0.6420016,0.79739654,-0.25736588,-0.05335822,-0.27755255,0.6942774,1.3801637,-0.801671,-0.17237836,0.7101245,0.30973285,-0.056204125,0.059365377,0.5461065,-0.033585787,0.23994169,0.5126369,-0.24946558,-0.25216419,-0.30525362,-0.3354233,0.33501875,0.12558345,-0.050505497,0.19717166,-0.054054283,0.01736172,-0.03222773,0.177461,-0.067809634,-0.07295307
8,-15.186996,-6.99616,2.8497877,1.8484042,2.4780567,1.0146103,3.7807388,0.5514197,23.70882,-0.04805752,0.26360613,1.12152,-2.5365376,-0.80771893,2.53192,0.99369305,2.5706787,3.1465507,0.51965034,-0.3574919,-0.37265295,1.0364192,-0.4907488,0.015227523,0.734107,0.33707264,-0.9185674,0.90438753,0.5573745,0.3515515,-0.91829085,-0.40123937,-0.5960525,-0.2959171,0.019323818,0.15040806,-0.20355132,0.46238914,0.34568375,0.2523623,-0.1804587,0.100456774,-0.4205369,-0.25356823,0.10888745,-0.36080244,0.070512906,-0.044215795,0.026479615,-0.13218556
9,-4.9278297,0.806188,0.2578072,-8.074706,5.5449705,-2.1199496,-5.414273,-5.348563,-0.04805752,10.62166,-1.8052826,1.0681317,1.6447773,-2.7130866,1.5768538,0.9210068,1.1441283,-0.114632875,-1.6414022,-2.2425814,0.04541227,-1.1538081,0.86691356,-1.2083908,-0.54682785,0.2628074,-0.11406195,-0.28061986,0.9781549,0.2126443,-0.03172725,0.5260689,0.013717322,-0.2763539,-0.21922879,0.16000873,0.00434033,0.5782978,0.15936834,0.11838958,-0.22497904,0.2721882,0.11956224,-0.17118053,-0.1504735,-0.39062357,0.2031877,0.05683186,0.22420469,0.1002543
10,-3.3348346,-3.0332675,3.749948,-0.011504145,-0.95686436,3.9830687,-2.6795912,-2.9815178,0.26360613,-1.8052826,18.595533,-0.1329962,-0.48482493,-0.7002826,1.1414089,-0.6000197,0.073755905,0.04551599,1.214944,0.39130497,-0.40085137,-0.38924408,-0.43594745,-0.08862331,-0.013308821,0.10791974,0.5882112,-0.334461,0.08372348,-0.12950858,0.79187644,0.19278984,-0.16736619,-0.16165574,-0.3814359,-0.36862692,-0.16293785,-0.38266486,0.18545268,0.20190153,0.19244406,0.06972444,0.447007,0.34965277,-0.12086645,-0.27524114,-0.12019254,-0.038168192,-0.34435582,0.041744057
11,-1.3665978,-1.5810277,2.1206038,2.7607524,1.2116286,-1.866043,-1.7355835,-2.8872066,1.12152,1.0681317,-0.1329962,13.385938,-1.5517136,3.6921427,-1.9312947,1.7543013,0.30820853,-1.9344065,0.13122289,0.0410245,0.24666199,-1.9663249,-0.11380385,0.079509124,0.7269217,0.9336537,-1.8505782,0.3132993,-0.7579915,0.40443307,0.24081308,0.017530078,0.073711455,-0.7726447,-0.110856876,-0.6998226,-0.24760085,-0.17835978,-0.5078834,0.33014256,0.6767101,0.23230523,-0.101084225,0.0715185,0.23645493,-0.050454125,0.1773439,0.3512411,-0.0008696581,-0.1872297
12,-5.452539,-3.1395054,2.887835,2.9875417,0.50321716,-1.7701566,0.20597261,-1.2259035,-2.5365376,1.6447773,-0.48482493,-1.5517136,14.2494955,0.92936087,0.7956556,-0.04742778,0.72076446,0.96670294,2.1016734,0.9749875,0.048214436,-1.1561077,-0.9020134,-0.25724092,0.4984684,0.20993763,-1.1687263,-0.2970496,1.5568876,0.4971285,0.7508151,-0.61089146,-1.0073841,0.68710953,-0.50709987,0.46486118,0.1606765,-0.28971153,0.5441129,-0.11711238,0.054130726,-0.021386243,-0.4769791,-0.1332076,-0.05408018,-0.007913716,0.032905534,0.18434232,0.25449663,0.010086192
13,-0.64066947,2.2389617,0.4572727,1.8445908,-4.668888,-1.8508284,-0.62088346,-0.49165598,-0.80771893,-2.7130866,-0.7002826,3.6921427,0.92936087,11.8082,2.7412062,-1.5864536,0.85585225,0.1711447,0.7673317,0.113893524,0.13418335,1.305781,2.2835124,-0.6846608,-0.1782264,-0.08472108,-0.04971225,-0.5037433,0.44279683,-0.8857963,-0.6644868,0.5241122,-0.1844154,0.2760076,0.19389296,-0.22529694,0.118775375,-0.3146847,-0.11718376,0.031806696,-0.22082339,-0.23094726,0.0705677,-0.1411882,0.09126096,-0.2185306,-0.19186512,-0.074897625,-0.06821888,0.04092548
14,10.38531,4.0815043,-4.063027,-1.7313654,-4.344616,1.3900812,-0.6339762,-0.8260741,2.53192,1.5768538,1.1414089,-1.9312947,0.7956556,2.7412062,8.155828,0.0014296294,0.5432325,1.6533318,-1.5909863,-1.7768652,1.2295918,-0.20297568,-1.3111372,-0.39777803,-0.06674662,0.6769912,-0.63038814,-0.074857555,0.73319304,-0.08018001,0.22920671,0.7103963,0.5697401,0.5859487,0.083213,-0.407795,0.5680337,-0.29093972,-0.3621743,-0.25249666,-0.1926939,-0.10992791,-0.13204315,0.025385804,-0.41340145,-0.05285685,0.012755702,0.13463256,-0.090332925,0.0022860933
15,1.0645626,1.6291142,-2.0885146,1.518672,-3.7078395,0.7622584,-0.28681892,0.64415437,0.99369305,0.9210068,-0.6000197,1.7543013,-0.04742778,-1.5864536,0.0014296294,10.189969,-0.2822488,0.57562345,0.41754448,0.108569056,0.5241769,-0.5294839,0.18251273,0.20259744,-0.24980402,-0.37274063,-0.4016106,-1.1419185,0.22845653,0.28445226,0.1106063,0.16154249,0.12267937,0.7918284,-0.7963573,0.3866433,0.026158776,-0.5091885,0.21482411,0.42232597,-0.18090576,-0.13406812,0.9197339,-0.21766874,0.42047238,-0.10073669,-0.27420044,-0.3293168,-0.072374575,0.06107305
16,4.7918587,-1.1501572,3.0247498,0.04659976,0.06714699,0.6919151,-1.6055701,-0.56235987,2.5706787,1.1441283,0.073755905,0.30820853,0.72076446,0.85585225,0.5432325,-0.2822488,8.876227,-1.6795834,-1.1535895,0.76146656,0.057922535,-0.026528103,0.022762194,1.4215991,-0.5735718,-0.7200837,1.0262475,-0.030804325,0.2636094,-0.14810279,0.6364392,-0.3345443,0.28721446,0.22510803,-0.0066516474,1.3456068,-0.16982673,-0.23149502,-0.55114245,-0.44600424,-0.12292054,0.15533537,-0.0038752062,-0.10981336,0.32857567,0.46825236,-0.21796101,0.005096288,0.17584097,0.058305856
17,5.2716174,3.700597,-1.5723085,1.5217232,2.9427986,-1.551378,-1.1126263,0.21043104,3.1465507,-0.114632875,0.04551599,-1.9344065,0.96670294,0.1711447,1.6533318,0.57562345,-1.6795834,6.6729403,0.63030505,1.0697675,-0.1494079,-1.0420773,1.8748646,0.29517332,0.08669542,-0.79499257,-0.32178324,-0.32158893,-0.08384548,-0.60186356,-0.011998532,-0.47242063,0.47930527,-0.48515254,0.019961279,-0.19840342,0.1840817,0.12711786,-0.3412538,-0.24950346,0.5123104,-0.07392275,0.2681455,0.26581824,-0.23745817,0.19595307,0.27196443,0.077277154,-0.13434976,0.14033568
18,0.2927974,-0.35173026,0.9679912,0.6539581,-0.122056454,-0.073770896,0.11130447,0.71066225,0.51965034,-1.6414022,1.214944,0.13122289,2.1016734,0.7673317,-1.5909863,0.41754448,-1.1535895,0.63030505,5.4410815,-1.5886307,-0.14413047,0.17568406,0.43370426,2.1859488,-1.1689513,-0.6059308,-0.5273989,0.38464653,-0.34023312,-0.17165312,-0.2699355,0.24311052,-0.7501885,-0.5722685,-0.07775679,0.01363194,-0.056002293,0.03301831,-0.048074275,-0.07434291,-0.38187104,0.42572612,-0.042285364,-0.34430683,-0.008629635,-0.29225102,0.017662166,-0.087638065,0.31397578,0.02152241
19,-0.034894817,0.6555216,-1.1191924,-1.4056959,-0.10231125,0.73068684,-0.19065422,-0.6420016,-0.3574919,-2.2425814,0.39130497,0.0410245,0.9749875,0.113893524,-1.7768652,0.108569056,0.76146656,1.0697675,-1.5886307,8.001328,0.28143546,0.2870993,-0.14558527,0.15522435,-0.10507887,0.079127446,-0.6146698,-0.006929474,0.24734263,0.34943825,-0.58038276,0.017393554,0.26572287,-0.12078407,-0.008839095,-0.1248887,0.09227383,0.27521998,-0.21952495,0.25876242,-0.13819161,0.07929416,0.0837653,-0.063425645,0.0085319765,-0.2397543,0.053590644,-0.10932561,-0.0423461,-0.010655243
20,0.7253095,-0.23590708,1.9218668,0.53726995,0.832422,-0.010519559,-0.16505927,0.79739654,-0.37265295,0.04541227,-0.40085137,0.24666199,0.048214436,0.13418335,1.2295918,0.5241769,0.057922535,-0.1494079,-0.14413047,0.28143546,7.9713693,0.057736862,-0.5405642,0.21659712,-0.53034633,-0.5903343,0.81454194,-0.08065897,-0.35771775,-0.023897765,0.26295626,-0.25098237,-0.4306325,-0.22904968,-0.3098302,-0.71525335,0.050128076,0.38712072,0.11206822,0.608128,-0.072300024,0.20415223,-0.277241,0.2376186,-0.10126495,-0.03222014,0.093370795,-0.006750473,-0.013067344,0.10751146
21,-2.8210454,-0.9981235,-1.514698,0.28721154,2.7707171,-0.77356756,-0.30667537,-0.25736588,1.0364192,-1.1538081,-0.38924408,-1.9663249,-1.1561077,1.305781,-0.20297568,-0.5294839,-0.026528103,-1.0420773,0.17568406,0.2870993,0.057736862,5.5871468,-0.0052311122,-0.43885785,-0.33980626,0.20248955,-0.7874914,-0.42421627,-0.62390697,-0.24655104,0.6280819,0.6970748,-0.20154199,0.39365155,-1.1719487,0.17324394,0.1959286,-0.0179872,0.59484893,0.11865258,-0.15323326,0.37879917,0.21520226,-0.26667604,-0.050238214,0.1442808,-0.20875666,-0.11479613,0.120716795,0.108108535
22,2.1581244,-1.2402825,1.6786188,-1.9623948,0.13728307,-0.6709306,-0.60554296,-0.05335822,-0.4907488,0.86691356,-0.43594745,-0.11380385,-0.9020134,2.2835124,-1.3111372,0.18251273,0.022762194,1.8748646,0.43370426,-0.14558527,-0.5405642,-0.0052311122,5.567951,-0.009512297,0.19791481,-0.24383605,1.39628,0.4267701,0.26671356,0.9158331,0.8385358,-0.13273296,0.2267479,0.14214447,-0.41703507,0.20764396,-0.19786353,0.4679345,0.28399414,0.4536636,-0.16073272,0.058740646,0.1590563,-0.0038070562,-0.107580215,-0.08845716,0.07125173,0.017992374,-0.16670403,0.0044950284
23,1.2004776,1.8983643,-2.7876468,-2.8584695,0.35413283,-1.1647081,-0.13240835,-0.27755255,0.015227523,-1.2083908,-0.08862331,0.079509124,-0.25724092,-0.6846608,-0.39777803,0.20259744,1.4215991,0.29517332,2.1859488,0.15522435,0.21659712,-0.43885785,-0.009512297,5.4379783,0.2561155,0.8809468,0.33718672,-0.3061887,-0.45217502,-0.072540805,-0.01670441,0.5014783,0.30511212,0.47345772,0.18091542,-0.28957152,0.17229298,0.07338136,0.010265868,0.046029344,-0.043885436,-0.1093649,-0.31932798,0.13043652,0.06314151,0.27599913,-0.08816219,0.08648494,-0.011427144,-0.016183112
24,1.5487634,0.58594,-0.2610891,-0.6651081,0.39292932,0.9324503,-0.27923137,0.6942774,0.734107,-0.54682785,-0.013308821,0.7269217,0.4984684,-0.1782264,-0.06674662,-0.24980402,-0.5735718,0.08669542,-1.1689513,-0.10507887,-0.53034633,-0.33980626,0.19791481,0.2561155,5.6760664,-0.33801547,0.2639594,-0.8003474,-0.3693934,0.07280561,0.32590616,-0.047845222,-0.77860665,0.22805074,-0.19288974,-0.23509595,0.24593526,-0.14530876,-0.0951195,0.18656398,-0.23658288,0.24837051,-0.4241447,0.111559436,0.0039920737,0.046139974,-0.2579881,-0.1372652,0.116756305,0.11747606
25,2.5559745,1.1153746,-0.3854897,0.93716204,0.9342699,-0.22560248,0.27655056,1.3801637,0.33707264,0.2628074,0.10791974,0.9336537,0.20993763,-0.08472108,0.6769912,-0.37274063,-0.7200837,-0.79499257,-0.6059308,0.079127446,-0.5903343,0.20248955,-0.24383605,0.8809468,-0.33801547,5.297143,0.34949934,-0.4173826,0.78932565,0.19385259,0.16024418,-0.4663835,-0.14188977,0.005460575,-0.38592392,-0.0028586346,0.11822534,0.24954504,-0.016092416,0.35378358,-0.06768855,-0.07413812,0.2944467,-0.16914225,-0.2371445,-0.18561837,0.35503554,0.161986,-0.09464488,0.18407887
26,-4.3552794,-0.14087978,-1.0575068,3.1051023,-0.03727802,0.1712372,0.80886567,-0.801671,-0.9185674,-0.11406195,0.5882112,-1.8505782,-1.1687263,-0.04971225,-0.63038814,-0.4016106,1.0262475,-0.32178324,-0.5273989,-0.6146698,0.81454194,-0.7874914,1.39628,0.33718672,0.2639594,0.34949934,3.5628967,-0.44706926,0.4687779,0.28248924,-0.99890864,-0.43561542,-0.10964812,0.054603316,-0.1911585,0.086601645,0.28825355,-0.102133274,-0.04106757,0.0012857224,0.2087135,0.02893963,-0.03505162,-0.19414645,-0.009829292,-0.14391851,-0.05104552,-0.17542332,0.11392994,-0.037751846
27,3.5755415,2.0136728,-1.5408266,-0.65355325,-0.77339244,2.14469,-1.0264788,-0.17237836,0.90438753,-0.28061986,-0.334461,0.3132993,-0.2970496,-0.5037433,-0.074857555,-1.1419185,-0.030804325,-0.32158893,0.38464653,-0.006929474,-0.08065897,-0.42421627,0.4267701,-0.3061887,-0.8003474,-0.4173826,-0.44706926,3.761635,-0.45569193,1.3961376,-0.1393364,-0.53657424,-0.7756784,0.5890919,0.021116942,-0.08108425,0.20667669,-0.34954655,-0.03454347,0.23617208,0.04080816,-0.141408,-0.031464603,0.013510061,0.054682985,0.06679343,0.13812065,0.119620025,-0.02025647,0.19114974
28,-0.084880106,-1.1633523,0.83657134,-0.32002443,-1.0103656,0.42621738,0.2205689,0.7101245,0.5573745,0.9781549,0.08372348,-0.7579915,1.5568876,0.44279683,0.73319304,0.22845653,0.2636094,-0.08384548,-0.34023312,0.24734263,-0.35771775,-0.62390697,0.26671356,-0.45217502,-0.3693934,0.78932565,0.4687779,-0.45569193,2.0081406,0.73967105,-0.6769217,0.75800204,-0.23670325,-0.42281735,0.3511948,-0.21960637,-0.48274833,0.13919583,0.4811148,0.03630431,0.0417207,0.2190884,0.09912427,-0.17885429,0.10363424,0.31321347,-0.14803159,-0.09191765,-0.05728358,-0.058407724
29,-1.7055819,-0.81869364,0.2545128,1.7713587,-0.5048056,1.4051602,0.75593406,0.30973285,0.3515515,0.2126443,-0.12950858,0.40443307,0.4971285,-0.8857963,-0.08018001,0.28445226,-0.14810279,-0.60186356,-0.17165312,0.34943825,-0.023897765,-0.24655104,0.9158331,-0.072540805,0.07280561,0.19385259,0.28248924,1.3961376,0.73967105,2.8762324,0.34983224,0.9905405,0.438541,0.021219194,-0.4487625,-0.6051401,0.28599986,-0.15039805,0.12402639,-0.1639676,-0.2205656,0.13832587,-0.13469875,0.14617282,-0.07142033,0.19356948,-0.020412823,0.08499422,0.24651349,0.016204102
30,0.36654323,0.40682703,0.45190066,1.1351366,-1.2200913,1.1222234,0.75171846,-0.056204125,-0.91829085,-0.03172725,0.79187644,0.24081308,0.7508151,-0.6644868,0.22920671,0.1106063,0.6364392,-0.011998532,-0.2699355,-0.58038276,0.26295626,0.6280819,0.8385358,-0.01670441,0.32590616,0.16024418,-0.99890864,-0.1393364,-0.6769217,0.34983224,3.529597,-0.401243,0.74623543,-0.014733633,0.25931504,0.18291925,0.089779526,0.6800987,0.10389857,0.14570689,0.038996264,-0.045188382,-0.028115071,-0.15553038,-0.062510565,0.27358687,0.22061208,-0.11900447,0.09851755,0.023485865
31,1.9850252,1.3353525,0.7031303,0.082647674,1.1058373,0.52989256,-0.30079606,0.059365377,-0.40123937,0.5260689,0.19278984,0.017530078,-0.61089146,0.5241122,0.7103963,0.16154249,-0.3345443,-0.47242063,0.24311052,0.017393554,-0.25098237,0.6970748,-0.13273296,0.5014783,-0.047845222,-0.4663835,-0.43561542,-0.53657424,0.75800204,0.9905405,-0.401243,3.251677,-0.024401747,0.0044139894,0.24593279,0.16430148,0.18444024,0.35369197,-0.15033008,0.15188113,0.24262846,-0.08223095,-0.298522,0.3646958,-0.03219998,0.069225036,0.093072474,-0.23363271,0.039605163,0.052073196
32,-1.6753533,-0.2391456,0.42793328,0.60208905,0.18768093,-0.95506716,0.007835466,0.5461065,-0.5960525,0.013717322,-0.16736619,0.073711455,-1.0073841,-0.1844154,0.5697401,0.12267937,0.28721446,0.47930527,-0.7501885,0.26572287,-0.4306325,-0.20154199,0.2267479,0.30511212,-0.77860665,-0.14188977,-0.10964812,-0.7756784,-0.23670325,0.438541,0.74623543,-0.024401747,2.5182586,-0.08380693,0.24574195,-0.36666346,-0.012943728,-0.63787234,0.3256032,-0.32150304,-0.015858065,0.041013084,-0.37749076,-0.003997641,-0.16050698,-0.30213854,-0.031062655,0.15118906,0.10581416,0.032972008
33,-2.305748,-0.8026887,0.7139002,0.40858293,1.0206867,-0.4123431,0.13937013,-0.033585787,-0.2959171,-0.2763539,-0.16165574,-0.7726447,0.68710953,0.2760076,0.5859487,0.7918284,0.22510803,-0.48515254,-0.5722685,-0.12078407,-0.22904968,0.39365155,0.14214447,0.47345772,0.22805074,0.005460575,0.054603316,0.5890919,-0.42281735,0.021219194,-0.014733633,0.0044139894,-0.08380693,3.333095,0.2828794,-0.39778304,-0.28412247,0.0117971,-0.15366021,-0.044100884,0.24197768,0.02735604,0.19049346,0.13727897,-0.06381141,-0.34972784,0.030788776,-0.045178063,-0.23489195,-0.099568665
34,-1.2951676,-0.77064204,0.20404455,1.3623793,0.33715463,0.24761099,0.08264523,0.23994169,0.019323818,-0.21922879,-0.3814359,-0.110856876,-0.50709987,0.19389296,0.083213,-0.7963573,-0.0066516474,0.019961279,-0.07775679,-0.008839095,-0.3098302,-1.1719487,-0.41703507,0.18091542,-0.19288974,-0.38592392,-0.1911585,0.021116942,0.3511948,-0.4487625,0.25931504,0.24593279,0.24574195,0.2828794,2.7278354,-0.11655067,0.17458816,0.23026101,0.23224054,0.60048187,-0.235443,0.22590643,0.23457539,-0.10997266,0.04462414,-0.007495041,-0.07716336,-0.13741525,0.024339732,0.098478526
35,1.6336951,2.1072998,-0.6028454,1.0029535,-0.9879724,0.5278528,-0.17469947,0.5126369,0.15040806,0.16000873,-0.36862692,-0.6998226,0.46486118,-0.22529694,-0.407795,0.3866433,1.3456068,-0.19840342,0.01363194,-0.1248887,-0.71525335,0.17324394,0.20764396,-0.28957152,-0.23509595,-0.0028586346,0.086601645,-0.08108425,-0.21960637,-0.6051401,0.18291925,0.16430148,-0.36666346,-0.39778304,-0.11655067,1.9377856,0.15983208,-0.07326464,-0.0008324299,0.58799624,0.11260164,0.020208322,-0.15381673,0.50852233,-0.019294634,-0.21157607,0.21384223,0.103212476,-0.055580206,0.030061938
36,-1.7598896,-1.28952,0.79383045,-0.20884553,-0.01544621,-0.49326566,-0.17188016,-0.24946558,-0.20355132,0.00434033,-0.16293785,-0.24760085,0.1606765,0.118775375,0.5680337,0.026158776,-0.16982673,0.1840817,-0.056002293,0.09227383,0.050128076,0.1959286,-0.19786353,0.17229298,0.24593526,0.11822534,0.28825355,0.20667669,-0.48274833,0.28599986,0.089779526,0.18444024,-0.012943728,-0.28412247,0.17458816,0.15983208,2.818248,-0.14522994,-0.056031063,0.0028490864,0.07968441,-0.035141133,0.295389,-0.14198413,0.27272785,-0.07891038,0.06722662,0.13308778,-0.034281194,-0.09646621
37,-2.1677167,-0.79591715,-0.94254327,0.026271356,-0.5175581,1.036797,-0.04032617,-0.25216419,0.46238914,0.5782978,-0.38266486,-0.17835978,-0.28971153,-0.3146847,-0.29093972,-0.5091885,-0.23149502,0.12711786,0.03301831,0.27521998,0.38712072,-0.0179872,0.4679345,0.07338136,-0.14530876,0.24954504,-0.102133274,-0.34954655,0.13919583,-0.15039805,0.6800987,0.35369197,-0.63787234,0.0117971,0.23026101,-0.07326464,-0.14522994,1.9357964,-0.24714153,-0.33473665,0.0958781,-0.11355476,0.118248835,0.027109623,0.25594175,-0.197261,-0.1364147,0.16529514,-0.028004833,-0.078713626
38,-0.48739326,-0.39144874,-0.61765784,-0.47416955,0.69439197,-0.0843321,0.07455489,-0.30525362,0.34568375,0.15936834,0.18545268,-0.5078834,0.5441129,-0.11718376,-0.3621743,0.21482411,-0.55114245,-0.3412538,-0.048074275,-0.21952495,0.11206822,0.59484893,0.28399414,0.010265868,-0.0951195,-0.016092416,-0.04106757,-0.03454347,0.4811148,0.12402639,0.10389857,-0.15033008,0.3256032,-0.15366021,0.23224054,-0.0008324299,-0.056031063,-0.24714153,1.5815647,0.38194066,0.077774495,0.01566954,-0.24838649,0.038936824,0.506767,-0.10689986,-0.2543649,0.062261485,-0.17843941,-0.10614464
39,0.10600688,-0.12932886,-0.25328636,-0.68763876,0.1168686,0.120914534,0.15438676,-0.3354233,0.2523623,0.11838958,0.20190153,0.33014256,-0.11711238,0.031806696,-0.25249666,0.42232597,-0.44600424,-0.24950346,-0.07434291,0.25876242,0.608128,0.11865258,0.4536636,0.046029344,0.18656398,0.35378358,0.0012857224,0.23617208,0.03630431,-0.1639676,0.14570689,0.15188113,-0.32150304,-0.044100884,0.60048187,0.58799624,0.0028490864,-0.33473665,0.38194066,1.481987,0.07202026,-0.15303859,-0.07143414,-0.025709685,-0.47817385,0.013832961,-0.07103462,-0.0069652433,-0.022223381,-0.02486116
40,0.26729035,-0.19246373,0.1078047,-0.0716412,-0.37111503,-0.276172,0.24084927,0.33501875,-0.1804587,-0.22497904,0.19244406,0.6767101,0.054130726,-0.22082339,-0.1926939,-0.18090576,-0.12292054,0.5123104,-0.38187104,-0.13819161,-0.072300024,-0.15323326,-0.16073272,-0.043885436,-0.23658288,-0.06768855,0.2087135,0.04080816,0.0417207,-0.2205656,0.038996264,0.24262846,-0.015858065,0.24197768,-0.235443,0.11260164,0.07968441,0.0958781,0.077774495,0.07202026,2.31632,0.096992046,-0.102023095,-0.11635748,0.037220303,0.07305855,-0.0687243,-0.039988495,0.09320724,0.039750285
41,1.1276274,0.9590924,-0.9400602,-0.2748803,-0.3941539,-0.07662231,0.06305586,0.12558345,0.100456774,0.2721882,0.06972444,0.23230523,-0.021386243,-0.23094726,-0.10992791,-0.13406812,0.15533537,-0.07392275,0.42572612,0.07929416,0.20415223,0.37879917,0.058740646,-0.1093649,0.24837051,-0.07413812,0.02893963,-0.141408,0.2190884,0.13832587,-0.045188382,-0.08223095,0.041013084,0.02735604,0.22590643,0.020208322,-0.035141133,-0.11355476,0.01566954,-0.15303859,0.096992046,2.1590188,0.16214144,-0.0056542377,-0.04828556,-0.04182101,0.16590679,0.1349979,-0.049599737,-0.0033094827
42,1.0224316,0.2081752,0.8584919,-0.37353784,0.42499775,-0.43782446,0.14544033,-0.050505497,-0.4205369,0.11956224,0.447007,-0.101084225,-0.4769791,0.0705677,-0.13204315,0.9197339,-0.0038752062,0.2681455,-0.042285364,0.0837653,-0.277241,0.21520226,0.1590563,-0.31932798,-0.4241447,0.2944467,-0.03505162,-0.031464603,0.09912427,-0.13469875,-0.028115071,-0.298522,-0.37749076,0.19049346,0.23457539,-0.15381673,0.295389,0.118248835,-0.24838649,-0.07143414,-0.102023095,0.16214144,1.124277,0.22356942,-0.052631944,0.24597546,-0.24042132,-0.0502583,0.20737258,0.0045698327
43,-1.3846085,-1.0670359,-0.2995845,0.28849518,0.08832738,-1.0413227,0.5317433,0.19717166,-0.25356823,-0.17118053,0.34965277,0.0715185,-0.1332076,-0.1411882,0.025385804,-0.21766874,-0.10981336,0.26581824,-0.34430683,-0.063425645,0.2376186,-0.26667604,-0.0038070562,0.13043652,0.111559436,-0.16914225,-0.19414645,0.013510061,-0.17885429,0.14617282,-0.15553038,0.3646958,-0.003997641,0.13727897,-0.10997266,0.50852233,-0.14198413,0.027109623,0.038936824,-0.025709685,-0.11635748,-0.0056542377,0.22356942,1.4118736,0.0035854678,-0.012843553,0.09088494,0.2332817,0.047300972,-0.0018236855
44,1.7909794,0.6538876,0.19103244,0.2265195,-0.048944116,0.3662399,0.023075465,-0.054054283,0.10888745,-0.1504735,-0.12086645,0.23645493,-0.05408018,0.09126096,-0.41340145,0.42047238,0.32857567,-0.23745817,-0.008629635,0.0085319765,-0.10126495,-0.050238214,-0.107580215,0.06314151,0.0039920737,-0.2371445,-0.009829292,0.054682985,0.10363424,-0.07142033,-0.062510565,-0.03219998,-0.16050698,-0.06381141,0.04462414,-0.019294634,0.27272785,0.25594175,0.506767,-0.47817385,0.037220303,-0.04828556,-0.052631944,0.0035854678,0.8621466,-0.12403893,0.051295012,-0.05180204,-0.21742925,0.11345169
45,-1.7070963,-0.082534105,-0.38402438,0.45686018,0.06524411,-0.80100906,0.12703562,0.01736172,-0.36080244,-0.39062357,-0.27524114,-0.050454125,-0.007913716,-0.2185306,-0.05285685,-0.10073669,0.46825236,0.19595307,-0.29225102,-0.2397543,-0.03222014,0.1442808,-0.08845716,0.27599913,0.046139974,-0.18561837,-0.14391851,0.06679343,0.31321347,0.19356948,0.27358687,0.069225036,-0.30213854,-0.34972784,-0.007495041,-0.21157607,-0.07891038,-0.197261,-0.10689986,0.013832961,0.07305855,-0.04182101,0.24597546,-0.012843553,-0.12403893,1.2293104,-0.055363078,-0.044862412,-0.2892864,-0.03306207
46,-1.4548248,-0.61343205,0.062120482,-0.0760881,-0.021920633,-0.49341708,0.18045336,-0.03222773,0.070512906,0.2031877,-0.12019254,0.1773439,0.032905534,-0.19186512,0.012755702,-0.27420044,-0.21796101,0.27196443,0.017662166,0.053590644,0.093370795,-0.20875666,0.07125173,-0.08816219,-0.2579881,0.35503554,-0.05104552,0.13812065,-0.14803159,-0.020412823,0.22061208,0.093072474,-0.031062655,0.030788776,-0.07716336,0.21384223,0.06722662,-0.1364147,-0.2543649,-0.07103462,-0.0687243,0.16590679,-0.24042132,0.09088494,0.051295012,-0.055363078,0.90430486,-0.39725852,-0.15114346,-0.0712041
47,-0.10231687,0.52252734,0.07121937,0.24102797,-0.1729713,-0.28043473,0.09532035,0.177461,-0.044215795,0.05683186,-0.038168192,0.3512411,0.18434232,-0.074897625,0.13463256,-0.3293168,0.005096288,0.077277154,-0.087638065,-0.10932561,-0.006750473,-0.11479613,0.017992374,0.08648494,-0.1372652,0.161986,-0.17542332,0.119620025,-0.09191765,0.08499422,-0.11900447,-0.23363271,0.15118906,-0.045178063,-0.13741525,0.103212476,0.13308778,0.16529514,0.062261485,-0.0069652433,-0.039988495,0.1349979,-0.0502583,0.2332817,-0.05180204,-0.044862412,-0.39725852,0.7998647,-0.15155917,-0.013335223
48,-0.473943,-0.28671208,-0.22984448,0.1264331,0.0026648827,0.26796877,0.13398454,-0.067809634,0.026479615,0.22420469,-0.34435582,-0.0008696581,0.25449663,-0.06821888,-0.090332925,-0.072374575,0.17584097,-0.13434976,0.31397578,-0.0423461,-0.013067344,0.120716795,-0.16670403,-0.011427144,0.116756305,-0.09464488,0.11392994,-0.02025647,-0.05728358,0.24651349,0.09851755,0.039605163,0.10581416,-0.23489195,0.024339732,-0.055580206,-0.034281194,-0.028004833,-0.17843941,-0.022223381,0.09320724,-0.049599737,0.20737258,0.047300972,-0.21742925,-0.2892864,-0.15114346,-0.15155917,0.68594724,-0.012253303
49,-0.88409126,-0.29916143,-0.025174694,-0.0861191,0.0146000525,-0.38966703,0.10311549,-0.07295307,-0.13218556,0.1002543,0.041744057,-0.1872297,0.010086192,0.04092548,0.0022860933,0.06107305,0.058305856,0.14033568,0.02152241,-0.010655243,0.10751146,0.108108535,0.0044950284,-0.016183112,0.11747606,0.18407887,-0.037751846,0.19114974,-0.058407724,0.016204102,0.023485865,0.052073196,0.032972008,-0.099568665,0.098478526,0.030061938,-0.09646621,-0.078713626,-0.10614464,-0.02486116,0.039750285,-0.0033094827,0.0045698327,-0.0018236855,0.11345169,-0.03306207,-0.0712041,-0.013335223,-0.012253303,0.9290867
