,0,1,2,3,4,5,6,7,8,9,10,11,12,13,14,15,16,17,18,19,20,21,22,23,24,25,26,27,28,29,30,31,32,33,34,35,36,37
0,370.75647,30.92891,0.34618688,21.586094,10.492636,-0.07226923,1.0082997,-0.06553091,4.3969946,3.387783,-8.109756,3.7870607,-1.57065,-2.342145,-3.9277346,5.680765,-3.471424,-0.24484673,2.392332,4.609261,-2.3085327,1.7623913,2.3389316,1.5369228,-1.8022374,-0.4611702,-0.86053777,0.8930061,-0.28948432,-0.6678566,0.20147106,0.32722127,0.79717994,-0.3491613,0.24561849,0.19521213,-0.37637788,-0.5618434
1,30.92891,184.59335,29.356165,-34.390514,-4.7558794,-1.3334026,8.23382,-13.05268,-12.339113,-4.1121874,0.064584516,-1.7940515,-3.749401,8.604469,0.15548599,-3.3661363,5.3828344,3.576079,-4.2637835,-4.3477097,-0.55782735,-1.2749778,-0.7714696,-0.056805655,2.7404723,0.31663346,1.5089519,0.6817838,1.0976081,0.561208,1.0110757,0.23390105,-0.7671448,-0.26747382,-0.82898235,0.6596815,-0.84322345,0.64401746
2,0.34618688,29.356165,81.655334,7.560629,1.3610682,-1.1265965,-6.3445325,8.464624,-1.08201,0.3610716,6.2892394,-5.32235,-2.3355958,-6.304888,-0.21716529,-0.05675982,2.280057,-4.715253,1.5302408,-1.6026511,3.521697,-0.2540534,2.9454622,-3.50279,-0.20843539,1.722161,-0.26146293,-1.9321728,1.5780866,-0.07535589,-0.16356951,0.052283518,-0.28183466,-0.11893821,1.4332666,-0.802776,1.2657616,-0.09369154
3,21.586094,-34.390514,7.560629,59.76425,-4.146764,8.119333,1.7102201,-6.1303244,0.71674275,-6.105252,2.7693734,0.24828815,1.0872481,2.2566414,2.142807,0.5566212,4.1207595,1.7507772,-2.7476714,-4.3021326,-0.30281097,-0.30560115,-0.6558759,-2.9770746,0.4811527,-1.9823142,1.1352179,0.008202161,0.7038731,-0.65554243,-0.26607382,-0.44820237,0.1922131,-0.19040525,0.39057723,-0.5203198,0.6451155,0.049289756
4,10.492636,-4.7558794,1.3610682,-4.146764,53.793266,-1.5056337,2.4259267,3.4338498,0.25126308,-0.3700971,3.6592817,1.0437527,3.79247,1.1079848,2.5874977,-5.0460167,-2.7300205,-0.71261466,-0.9803769,-3.1286902,1.0616709,-1.1030118,-2.2070816,1.2134712,0.4588616,0.917856,0.1971176,0.2512198,-1.1636393,1.1412847,-0.73051035,-0.52158123,-0.27717683,0.66826415,-0.69237685,-1.37953,-0.10000986,0.04873786
5,-0.07226923,-1.3334026,-1.1265965,8.119333,-1.5056337,40.563103,1.9130422,1.3204386,-4.7466526,0.66374815,-2.7123437,1.1212393,-1.1544304,0.7537987,-0.90833366,-3.3211784,1.9128125,-1.2168643,-0.23192057,1.1694989,3.2028935,0.24223945,-0.10405167,2.6553316,0.6302826,2.8190918,-0.0952082,-1.3227913,-0.8441671,1.292342,0.5229316,0.61145043,-1.3772011,-0.43069786,0.24660148,0.13997003,-0.7107732,-0.0956082
6,1.0082997,8.23382,-6.3445325,1.7102201,2.4259267,1.9130422,29.634949,1.9399326,1.0222448,-0.065615445,3.555439,-1.1495638,2.7531073,0.37692022,1.6870072,0.91502154,1.6899332,-0.37721717,-0.7251903,1.3404638,1.0495701,-0.4797715,-1.4494097,-2.7425618,-0.7357535,0.35972935,-0.162783,-0.74966305,-0.2553324,-1.6265764,0.17486125,-0.22965264,-0.16560785,0.6274402,-0.019781576,1.8660251,0.9363517,0.60422885
7,-0.06553091,-13.05268,8.464624,-6.1303244,3.4338498,1.3204386,1.9399326,24.86816,-0.8973448,-0.7666423,-3.16186,1.4477909,-1.0425818,1.8235557,-0.82029533,2.0148177,1.1819422,1.1099588,-0.8963702,0.7980275,-0.8308915,0.6615198,1.067939,-0.56952894,0.049978487,-0.44309458,0.11970882,0.1874538,0.15877171,-0.91931826,0.389818,-0.2081024,-0.15321061,-0.56588036,0.22276828,0.20751566,-0.11777834,-0.18929055
8,4.3969946,-12.339113,-1.08201,0.71674275,0.25126308,-4.7466526,1.0222448,-0.8973448,18.041445,1.9379106,0.99618214,-2.5630755,-3.0933228,2.0874457,-1.8698611,-1.3597742,0.7918867,-0.9806635,-0.9838431,-0.5232723,1.132542,-0.6898595,1.7184048,-0.7636053,0.49958983,2.7178466,0.36408743,0.039263267,1.303211,0.15844905,1.1680162,0.30657983,-0.22778076,0.49111095,-0.85308206,0.27575642,-0.35212076,0.4205032
9,3.387783,-4.1121874,0.3610716,-6.105252,-0.3700971,0.66374815,-0.065615445,-0.7666423,1.9379106,22.007368,-3.1216044,2.0846279,-0.013549224,-1.966769,1.1184423,0.25603655,3.0461926,-0.6750939,-0.24899815,-1.9375085,0.3017014,0.0050250352,-1.062901,-0.26273692,0.109676465,-0.23676682,-0.194677,-0.23775011,-0.4484977,0.2666363,0.02409784,0.41490948,0.3261661,0.6501463,0.6102866,-0.06678851,0.34620255,0.037309613
10,-8.109756,0.064584516,6.2892394,2.7693734,3.6592817,-2.7123437,3.555439,-3.16186,0.99618214,-3.1216044,13.081422,5.3108425,-1.776176,-2.8906097,0.11576226,1.5009525,2.5383701,-1.2951585,0.35216364,0.39991176,-0.6622875,0.8338227,0.32741216,0.94755757,0.22324774,0.5787163,-0.85856074,0.15531579,-1.1349924,-0.24569814,0.5056102,0.12602414,-0.18880498,0.92941743,0.11767185,-0.14335774,-0.10021038,-0.16683212
11,3.7870607,-1.7940515,-5.32235,0.24828815,1.0437527,1.1212393,-1.1495638,1.4477909,-2.5630755,2.0846279,5.3108425,15.995198,-3.0228357,-1.3540771,0.8010914,-1.340364,0.5443237,1.1815125,1.5388,0.60192406,-0.8115095,-0.5845518,0.4855237,-0.5124985,1.5012443,-1.411593,0.17809325,-0.26957706,1.590205,0.57559943,0.22611484,0.07379683,0.07045375,-0.3335156,-0.65450394,0.24191089,-0.114021584,0.37823108
12,-1.57065,-3.749401,-2.3355958,1.0872481,3.79247,-1.1544304,2.7531073,-1.0425818,-3.0933228,-0.013549224,-1.776176,-3.0228357,15.126715,-2.3427806,-1.64281,0.73077476,1.772537,-0.35559198,1.5185337,-0.9828942,-1.0875374,0.046086952,1.8444772,0.29877025,0.9210305,-0.5054685,0.052711174,0.17601138,1.2672839,0.98558646,0.37888318,0.5149597,0.23233867,-0.19353724,-0.016887125,-0.3515662,-0.11025583,0.13444442
13,-2.342145,8.604469,-6.304888,2.2566414,1.1079848,0.7537987,0.37692022,1.8235557,2.0874457,-1.966769,-2.8906097,-1.3540771,-2.3427806,12.453353,1.8630791,-0.25880146,1.9813008,-1.1778996,1.9756925,-0.83164144,-0.94515395,-0.13458109,-0.027273756,-0.18778959,1.1515999,-1.0715175,-0.69747305,-0.17913017,0.016826723,0.4855764,-0.16387857,0.08000683,0.15619403,0.8374789,-0.13558452,-0.3946882,0.36222,0.12988216
14,-3.9277346,0.15548599,-0.21716529,2.142807,2.5874977,-0.90833366,1.6870072,-0.82029533,-1.8698611,1.1184423,0.11576226,0.8010914,-1.64281,1.8630791,11.955468,2.648245,-0.961164,-0.47806436,-0.32889754,-1.216028,-0.07470921,-0.13997269,1.816154,0.4599927,-1.0132915,0.7424178,0.70735073,0.35344344,0.33082566,0.6765322,-1.1528784,1.2370112,-0.08176744,-0.88923025,0.11274664,0.48873383,0.21317923,-0.26573783
15,5.680765,-3.3661363,-0.05675982,0.5566212,-5.0460167,-3.3211784,0.91502154,2.0148177,-1.3597742,0.25603655,1.5009525,-1.340364,0.73077476,-0.25880146,2.648245,10.52904,-0.1123056,-0.05292858,0.14167637,-0.14165223,0.98857725,-0.43864542,-1.4581265,1.1878664,1.1179626,0.5508374,-0.27435726,-0.3708272,-0.39800718,0.71156967,0.38748872,-0.38131583,-0.3665759,0.36050987,-0.2495122,-0.4793532,-0.4640363,0.20612356
16,-3.471424,5.3828344,2.280057,4.1207595,-2.7300205,1.9128125,1.6899332,1.1819422,0.7918867,3.0461926,2.5383701,0.5443237,1.772537,1.9813008,-0.961164,-0.1123056,7.288486,-0.090019375,-0.06455072,-0.6142357,-1.209405,-0.32682624,0.31155825,0.5131638,-0.80714935,0.29621655,-0.12085736,1.3641961,-0.08311392,-0.21717915,-0.47150582,-0.5518158,0.64053535,-0.031783126,0.012225084,-0.70468295,-0.24353352,-0.18778923
17,-0.24484673,3.576079,-4.715253,1.7507772,-0.71261466,-1.2168643,-0.37721717,1.1099588,-0.9806635,-0.6750939,-1.2951585,1.1815125,-0.35559198,-1.1778996,-0.47806436,-0.05292858,-0.090019375,9.973887,-0.23865166,-1.9053972,0.56137013,-0.40674785,0.6099291,-0.7072062,-0.1961717,1.4984789,-0.34107083,0.1399352,-0.3115545,-0.17667098,-0.3264334,-0.034915227,-0.13749637,0.5929334,0.3537787,-0.19508675,0.4505393,0.017522477
18,2.392332,-4.2637835,1.5302408,-2.7476714,-0.9803769,-0.23192057,-0.7251903,-0.8963702,-0.9838431,-0.24899815,0.35216364,1.5388,1.5185337,1.9756925,-0.32889754,0.14167637,-0.06455072,-0.23865166,9.843482,-0.2564721,0.82477593,-0.0461215,-0.038748756,-0.6382811,-0.5596678,0.97681695,0.18974596,-0.04768914,-0.20830503,-0.5333963,0.09864891,-0.09354228,-0.12768292,0.049137585,0.08101074,0.1549419,0.0963494,-0.03333783
19,4.609261,-4.3477097,-1.6026511,-4.3021326,-3.1286902,1.1694989,1.3404638,0.7980275,-0.5232723,-1.9375085,0.39991176,0.60192406,-0.9828942,-0.83164144,-1.216028,-0.14165223,-0.6142357,-1.9053972,-0.2564721,6.000001,-0.5289801,-1.0444336,0.026846193,-0.35309327,-0.13674006,0.64744455,0.096116856,0.9202186,-0.04265558,0.81402636,-1.0174897,0.45550233,0.51629174,0.6787008,0.33366904,-0.43638074,0.5748986,0.15483537
20,-2.3085327,-0.55782735,3.521697,-0.30281097,1.0616709,3.2028935,1.0495701,-0.8308915,1.132542,0.3017014,-0.6622875,-0.8115095,-1.0875374,-0.94515395,-0.07470921,0.98857725,-1.209405,0.56137013,0.82477593,-0.5289801,8.153497,-0.2735786,0.10459022,-0.07225871,0.29032457,-1.3042403,-0.101197705,0.9476112,0.21821964,0.0010239366,-0.40629345,-0.08859144,0.46137464,0.33251798,-0.5581008,0.050901994,0.09241528,0.14292988
21,1.7623913,-1.2749778,-0.2540534,-0.30560115,-1.1030118,0.24223945,-0.4797715,0.6615198,-0.6898595,0.0050250352,0.8338227,-0.5845518,0.046086952,-0.13458109,-0.13997269,-0.43864542,-0.32682624,-0.40674785,-0.0461215,-1.0444336,-0.2735786,8.65496,-0.32588112,-0.20793205,0.234041,0.22528648,0.002114146,0.24034703,-0.093127884,0.1731484,-0.5144181,0.21702242,-0.045204908,0.3770508,-0.3580735,0.35389936,0.22744516,0.17058943
22,2.3389316,-0.7714696,2.9454622,-0.6558759,-2.2070816,-0.10405167,-1.4494097,1.067939,1.7184048,-1.062901,0.32741216,0.4855237,1.8444772,-0.027273756,1.816154,-1.4581265,0.31155825,0.6099291,-0.038748756,0.026846193,0.10459022,-0.32588112,6.7086926,0.763823,0.1739914,-0.34011072,-0.17029381,-0.023973938,-0.64809334,0.31233442,-0.012631027,0.10905622,0.17564106,0.5599859,-0.12214936,0.44787484,-0.11152057,0.22880438
23,1.5369228,-0.056805655,-3.50279,-2.9770746,1.2134712,2.6553316,-2.7425618,-0.56952894,-0.7636053,-0.26273692,0.94755757,-0.5124985,0.29877025,-0.18778959,0.4599927,1.1878664,0.5131638,-0.7072062,-0.6382811,-0.35309327,-0.07225871,-0.20793205,0.763823,5.713332,-0.24766332,0.29972407,-0.03502376,0.037629843,0.43939048,-1.2024746,0.21405637,-0.42128205,0.10969023,0.46293664,-0.15415837,0.18687114,0.57386935,0.13711868
24,-1.8022374,2.7404723,-0.20843539,0.4811527,0.4588616,0.6302826,-0.7357535,0.049978487,0.49958983,0.109676465,0.22324774,1.5012443,0.9210305,1.1515999,-1.0132915,1.1179626,-0.80714935,-0.1961717,-0.5596678,-0.13674006,0.29032457,0.234041,0.1739914,-0.24766332,6.2588305,0.487597,0.17350599,0.2705943,0.07609562,-0.25941977,0.1823473,0.009341325,0.42432836,0.001456784,0.3440776,-0.050797276,0.013022811,-0.05870529
25,-0.4611702,0.31663346,1.722161,-1.9823142,0.917856,2.8190918,0.35972935,-0.44309458,2.7178466,-0.23676682,0.5787163,-1.411593,-0.5054685,-1.0715175,0.7424178,0.5508374,0.29621655,1.4984789,0.97681695,0.64744455,-1.3042403,0.22528648,-0.34011072,0.29972407,0.487597,4.608849,0.13108227,0.013860831,0.15640542,0.25154305,-0.36405474,-0.050407477,0.07067296,-0.43671316,-0.22231165,0.00042424467,-0.008512479,-0.014637399
26,-0.86053777,1.5089519,-0.26146293,1.1352179,0.1971176,-0.0952082,-0.162783,0.11970882,0.36408743,-0.194677,-0.85856074,0.17809325,0.052711174,-0.69747305,0.70735073,-0.27435726,-0.12085736,-0.34107083,0.18974596,0.096116856,-0.101197705,0.002114146,-0.17029381,-0.03502376,0.17350599,0.13108227,5.932892,0.06345416,-0.13476048,-0.22230294,0.17606434,-0.15937024,0.11710681,0.25334483,0.2634077,-0.037803248,-0.023507852,-0.008610167
27,0.8930061,0.6817838,-1.9321728,0.008202161,0.2512198,-1.3227913,-0.74966305,0.1874538,0.039263267,-0.23775011,0.15531579,-0.26957706,0.17601138,-0.17913017,0.35344344,-0.3708272,1.3641961,0.1399352,-0.04768914,0.9202186,0.9476112,0.24034703,-0.023973938,0.037629843,0.2705943,0.013860831,0.06345416,4.6345863,-0.16602868,0.0046970258,-0.021184158,0.08766647,-0.5583683,-0.43231773,0.10480659,0.17428705,0.018855624,-0.0927487
28,-0.28948432,1.0976081,1.5780866,0.7038731,-1.1636393,-0.8441671,-0.2553324,0.15877171,1.303211,-0.4484977,-1.1349924,1.590205,1.2672839,0.016826723,0.33082566,-0.39800718,-0.08311392,-0.3115545,-0.20830503,-0.04265558,0.21821964,-0.093127884,-0.64809334,0.43939048,0.07609562,0.15640542,-0.13476048,-0.16602868,4.2833257,-0.037621446,-0.64977974,-0.016924672,-0.5467103,-0.0149388015,-0.04094924,0.24237767,0.18906549,-0.08749013
29,-0.6678566,0.561208,-0.07535589,-0.65554243,1.1412847,1.292342,-1.6265764,-0.91931826,0.15844905,0.2666363,-0.24569814,0.57559943,0.98558646,0.4855764,0.6765322,0.71156967,-0.21717915,-0.17667098,-0.5333963,0.81402636,0.0010239366,0.1731484,0.31233442,-1.2024746,-0.25941977,0.25154305,-0.22230294,0.0046970258,-0.037621446,3.4970648,0.30025965,-0.5653331,-0.06913968,0.13264045,0.12476708,0.15902251,0.17741159,-0.029394291
30,0.20147106,1.0110757,-0.16356951,-0.26607382,-0.73051035,0.5229316,0.17486125,0.389818,1.1680162,0.02409784,0.5056102,0.22611484,0.37888318,-0.16387857,-1.1528784,0.38748872,-0.47150582,-0.3264334,0.09864891,-1.0174897,-0.40629345,-0.5144181,-0.012631027,0.21405637,0.1823473,-0.36405474,0.17606434,-0.021184158,-0.64977974,0.30025965,2.352709,0.40698844,-0.684353,-0.36555272,-0.31169277,0.48362237,0.50992596,-0.13237372
31,0.32722127,0.23390105,0.052283518,-0.44820237,-0.52158123,0.61145043,-0.22965264,-0.2081024,0.30657983,0.41490948,0.12602414,0.07379683,0.5149597,0.08000683,1.2370112,-0.38131583,-0.5518158,-0.034915227,-0.09354228,0.45550233,-0.08859144,0.21702242,0.10905622,-0.42128205,0.009341325,-0.050407477,-0.15937024,0.08766647,-0.016924672,-0.5653331,0.40698844,3.0597706,-0.06817642,0.078026004,0.040311605,-0.42165482,-0.050119914,0.010059107
32,0.79717994,-0.7671448,-0.28183466,0.1922131,-0.27717683,-1.3772011,-0.16560785,-0.15321061,-0.22778076,0.3261661,-0.18880498,0.07045375,0.23233867,0.15619403,-0.08176744,-0.3665759,0.64053535,-0.13749637,-0.12768292,0.51629174,0.46137464,-0.045204908,0.17564106,0.10969023,0.42432836,0.07067296,0.11710681,-0.5583683,-0.5467103,-0.06913968,-0.684353,-0.06817642,2.5536792,-0.44921288,-0.34006092,0.32340652,0.22003707,-0.090327315
33,-0.3491613,-0.26747382,-0.11893821,-0.19040525,0.66826415,-0.43069786,0.6274402,-0.56588036,0.49111095,0.6501463,0.92941743,-0.3335156,-0.19353724,0.8374789,-0.88923025,0.36050987,-0.031783126,0.5929334,0.049137585,0.6787008,0.33251798,0.3770508,0.5599859,0.46293664,0.001456784,-0.43671316,0.25334483,-0.43231773,-0.0149388015,0.13264045,-0.36555272,0.078026004,-0.44921288,2.234164,0.36616114,-0.06592045,-0.06443472,-0.28542304
34,0.24561849,-0.82898235,1.4332666,0.39057723,-0.69237685,0.24660148,-0.019781576,0.22276828,-0.85308206,0.6102866,0.11767185,-0.65450394,-0.016887125,-0.13558452,0.11274664,-0.2495122,0.012225084,0.3537787,0.08101074,0.33366904,-0.5581008,-0.3580735,-0.12214936,-0.15415837,0.3440776,-0.22231165,0.2634077,0.10480659,-0.04094924,0.12476708,-0.31169277,0.040311605,-0.34006092,0.36616114,1.8409026,0.3446071,0.096945584,0.24874723
35,0.19521213,0.6596815,-0.802776,-0.5203198,-1.37953,0.13997003,1.8660251,0.20751566,0.27575642,-0.06678851,-0.14335774,0.24191089,-0.3515662,-0.3946882,0.48873383,-0.4793532,-0.70468295,-0.19508675,0.1549419,-0.43638074,0.050901994,0.35389936,0.44787484,0.18687114,-0.050797276,0.00042424467,-0.037803248,0.17428705,0.24237767,0.15902251,0.48362237,-0.42165482,0.32340652,-0.06592045,0.3446071,2.0215952,-0.25747314,-0.1152782
36,-0.37637788,-0.84322345,1.2657616,0.6451155,-0.10000986,-0.7107732,0.9363517,-0.11777834,-0.35212076,0.34620255,-0.10021038,-0.114021584,-0.11025583,0.36222,0.21317923,-0.4640363,-0.24353352,0.4505393,0.0963494,0.5748986,0.09241528,0.22744516,-0.11152057,0.57386935,0.013022811,-0.008512479,-0.023507852,0.018855624,0.18906549,0.17741159,0.50992596,-0.050119914,0.22003707,-0.06443472,0.096945584,-0.25747314,2.47419,-0.03817288
37,-0.5618434,0.64401746,-0.09369154,0.049289756,0.04873786,-0.0956082,0.60422885,-0.18929055,0.4205032,0.037309613,-0.16683212,0.37823108,0.13444442,0.12988216,-0.26573783,0.20612356,-0.18778923,0.017522477,-0.03333783,0.15483537,0.14292988,0.17058943,0.22880438,0.13711868,-0.05870529,-0.014637399,-0.008610167,-0.0927487,-0.08749013,-0.029394291,-0.13237372,0.010059107,-0.090327315,-0.28542304,0.24874723,-0.1152782,-0.03817288,2.398688
