,0,1,2,3,4,5,6,7,8,9,10,11,12,13,14,15,16,17,18,19,20,21,22,23,24,25,26,27,28,29,30,31,32,33,34,35,36,37
0,75.15879,-85.57515,0.3571965,-55.610336,-27.086245,-1.1469214,-4.31576,-0.65007865,-14.132656,-8.351276,20.601643,-10.269197,3.6166296,6.6116033,10.392683,-15.345846,9.170473,-0.34411073,-6.7359776,-12.639757,5.884181,-5.249448,-6.0419817,-4.8707485,5.091613,2.3727875,1.9578049,-2.098679,0.40817523,1.1758115,-0.78670055,-1.0682936,-2.6201167,1.3433708,-0.870298,0.33628446,1.341578,1.76345
1,-85.57515,201.98073,-76.01506,99.13588,15.458952,0.3770508,-25.700104,33.569763,27.694618,12.75946,-3.1035113,4.864521,8.558266,-22.309748,-1.0998836,8.918406,-15.072822,-12.052341,10.892196,11.389105,0.9511466,2.1893945,2.8023362,-1.1202371,-6.3910384,1.6835577,-5.035801,-1.2762351,-3.7557425,-3.0864983,-3.0527902,-0.99950135,0.8848735,1.7241302,1.9220393,-0.11313634,2.8176217,-1.1613514
2,0.3571965,-76.01506,92.49861,-23.973103,-5.5668745,4.961278,19.182068,-21.667337,6.074455,-2.1138244,-15.272768,14.470819,6.988041,16.540985,0.9166931,0.22554216,-5.826476,14.181583,-3.7385526,4.6468706,-9.104403,1.4083637,-8.326809,10.254168,0.11907524,-6.1134768,1.3394668,4.992318,-3.7829154,1.1124947,0.62189865,-0.007883545,1.2948456,-0.17985931,-3.6186836,1.2487247,-3.8666806,0.053567015
3,-55.610336,99.13588,-23.973103,75.31197,7.357295,-17.942417,-0.47180498,18.679659,4.4209642,14.261988,-3.9074516,-0.7801577,-1.2748191,-7.20477,-4.9937224,-1.5148633,-10.540058,-1.889008,8.137325,12.113109,1.7056522,2.2577608,1.073437,9.553383,-1.9528228,2.3987343,-1.9949292,-0.83088815,-0.9348125,3.5409791,1.1446015,1.710844,0.7417361,-0.728932,-0.46742034,-0.67295396,-2.5454242,-0.70427084
4,-27.086245,15.458952,-5.5668745,7.357295,30.305338,5.9551067,-4.465681,-8.433725,2.3574662,0.028293215,-8.109115,-3.040339,-9.127553,-3.522372,-6.4628773,13.60064,7.5477114,3.2984433,2.9978647,8.708107,-2.4950376,3.5480163,5.6150217,-2.5669475,-1.3789129,-4.016184,-0.17251983,-1.2659096,3.5471156,-2.2753549,2.1910384,1.8451507,1.4032838,-2.4685276,2.127469,2.5582457,0.016536903,-0.6882745
5,-1.1469214,0.3770508,4.961278,-17.942417,5.9551067,27.189465,-7.360223,-4.594212,9.429426,-0.699913,5.4469943,-2.864395,2.1242619,-1.4460661,1.9518383,8.959691,-5.422057,1.8471998,0.24784559,-3.3826385,-9.056923,-1.3551444,0.6453613,-7.960004,-1.4383175,-6.012845,-0.21146634,4.1107078,1.8021114,-4.360512,-1.6098547,-1.9934322,3.0096972,1.871204,-0.9720856,0.7941792,2.2695582,0.6506822
6,-4.31576,-25.700104,19.182068,-0.47180498,-4.465681,-7.360223,26.981049,-6.3309417,-6.287117,1.3663876,-11.551102,3.2367773,-8.401173,-0.3408035,-5.0366335,-2.4729962,-4.898656,-0.54226303,1.594095,-3.9033425,-3.3241205,0.54118276,4.260435,6.7080297,2.3157234,0.62634265,-0.13767375,2.453186,0.19863456,3.4258409,-0.6763154,0.28357425,-0.21603958,-1.0077597,-0.20425254,-3.922048,-2.1669593,-1.2127502
7,-0.65007865,33.569763,-21.667337,18.679659,-8.433725,-4.594212,-6.3309417,13.492261,0.57373095,2.6174133,7.4575996,-4.001281,2.4478912,-4.76621,2.0600953,-5.5886993,-3.415397,-3.7834775,2.0575778,-2.2648196,2.0524879,-2.1667366,-2.471204,0.81077754,0.23031214,2.1754189,-0.7603854,-0.36301893,-0.754971,1.8713534,-1.181201,0.54560876,0.15064742,1.7655499,-0.7414196,-0.0006317757,0.5663142,0.634372
8,-14.132656,27.694618,6.074455,4.4209642,2.3574662,9.429426,-6.287117,0.57373095,20.03733,-3.4231691,-5.6591153,6.9651604,6.8214283,-4.706457,4.356721,3.5715926,-2.603855,0.29116094,2.035117,1.0054924,-3.7025213,0.66345024,-3.9716058,0.7192476,-0.62419677,-4.80548,-1.9255977,0.5309288,-4.3603396,-1.9625416,-3.448619,-1.2094089,-0.3823411,-0.29942322,1.8625743,1.0024769,1.5669417,-0.66982126
9,-8.351276,12.75946,-2.1138244,14.261988,0.028293215,-0.699913,1.3663876,2.6174133,-3.4231691,10.814749,9.471214,-5.727724,0.64654803,4.975401,-2.7488544,-0.69761217,-8.095519,2.624187,0.89901006,5.3691263,-0.59879094,0.35412812,2.636471,1.1283243,-0.42755985,-0.25559884,0.7745917,0.34812763,1.4567755,-0.21868593,0.043834336,-0.9158019,-0.47914785,-2.134517,-1.4680138,-0.44279915,-1.1099771,-0.35130304
10,20.601643,-3.1035113,-15.272768,-3.9074516,-8.109115,5.4469943,-11.551102,7.4575996,-5.6591153,9.471214,28.582876,-14.371399,3.9533393,8.306696,-0.6527071,-4.076601,-7.1189613,2.1406784,-1.3177701,-1.3671584,1.3871102,-2.9785476,-0.47354674,-3.326941,-0.22439694,-0.13623537,1.7510805,-0.07441173,2.5467513,-0.23182125,-1.6015764,-0.52316797,-0.11018847,-1.9470786,-0.6120426,1.3367723,0.68366957,0.67162406
11,-10.269197,4.864521,14.470819,-0.7801577,-3.040339,-2.864395,3.2367773,-4.001281,6.9651604,-5.727724,-14.371399,19.19951,8.21805,3.6109953,-2.1564007,3.5572772,-1.5060583,-3.1565716,-4.198033,-1.5578345,2.2464392,1.6320999,-1.2474978,1.3717299,-3.9601176,3.8065882,-0.4888148,0.66367024,-4.243745,-1.5535102,-0.57659733,-0.15834494,-0.15360627,0.8515542,1.8015108,-0.731787,0.25618252,-1.016912
12,3.6166296,8.558266,6.988041,-1.2748191,-9.127553,2.1242619,-8.401173,2.4478912,6.8214283,0.64654803,3.9533393,8.21805,14.883113,6.650487,4.2479467,-1.9257822,-4.9435916,0.23944941,-4.2213163,2.537418,2.6688418,-0.4655771,-4.9214125,-1.0247731,-2.4210486,1.9943594,-0.37680805,-0.2960314,-3.5912912,-3.0370703,-1.1003371,-1.5366732,-0.91084135,0.83657515,-0.09542839,1.398912,0.5070139,-0.22507812
13,6.6116033,-22.309748,16.540985,-7.20477,-3.522372,-1.4460661,-0.3408035,-4.76621,-4.706457,4.975401,8.306696,3.6109953,6.650487,15.110489,-4.886944,0.72975063,-5.3068786,3.6024666,-5.253878,2.3412404,2.6645808,0.5365114,0.0036621564,0.6845512,-3.129985,2.4478972,1.9724162,0.3265646,0.055828784,-1.1021054,0.49674532,-0.0822622,-0.22368653,-2.4535718,0.4568035,0.7117735,-1.0829682,-0.4804458
14,10.392683,-1.0998836,0.9166931,-4.9937224,-6.4628773,1.9518383,-5.0366335,2.0600953,4.356721,-2.7488544,-0.6527071,-2.1564007,4.2479467,-4.886944,14.129727,-7.1367083,2.5585775,0.9900856,0.84182703,3.227808,0.08638924,0.2012802,-4.878602,-1.3400779,2.7426007,-1.7076045,-2.0069792,-0.811309,-0.9992536,-1.9893758,3.0407584,-3.4412098,0.035116408,2.5732894,-0.3732638,-1.0540326,-0.49545413,0.82627046
15,-15.345846,8.918406,0.22554216,-1.5148633,13.60064,8.959691,-2.4729962,-5.5886993,3.5715926,-0.69761217,-4.076601,3.5572772,-1.9257822,0.72975063,-7.1367083,11.066383,0.25892198,0.14478958,-0.4130011,0.40774375,-2.6900105,1.1598189,3.9511127,-3.2328053,-2.9616132,-1.476557,0.6804923,0.9796978,1.0524309,-1.9786255,-1.0463732,1.0368888,0.9502949,-0.9910004,0.70782816,1.2763681,1.2134767,-0.48150146
16,9.170473,-15.072822,-5.826476,-10.540058,7.5477114,-5.422057,-4.898656,-3.415397,-2.603855,-8.095519,-7.1189613,-1.5060583,-4.9435916,-5.3068786,2.5585775,0.25892198,15.334595,0.02848263,0.110327646,1.6015005,3.2199879,0.7587081,-0.7395803,-1.5538735,2.3468068,-0.5630971,0.20692274,-3.6780417,0.11150874,0.42167088,1.215692,1.4945903,-1.8222623,0.14249325,-0.04905696,2.049633,0.7216475,0.513199
17,-0.34411073,-12.052341,14.181583,-1.889008,3.2984433,1.8471998,-0.54226303,-3.7834775,0.29116094,2.624187,2.1406784,-3.1565716,0.23944941,3.6024666,0.9900856,0.14478958,0.02848263,5.22727,0.36748493,4.9660196,-1.8344126,0.56625366,-1.346492,1.3528485,0.8010559,-2.9170914,0.52229166,-0.056197517,0.46880555,-0.1970772,0.70571923,-0.115556456,-0.15030617,-1.1354965,-1.1751581,1.3042128,-0.95164716,0.19534728
18,-6.7359776,10.892196,-3.7385526,8.137325,2.9978647,0.24784559,1.594095,2.0575778,2.035117,0.89901006,-1.3177701,-4.198033,-4.2213163,-5.253878,0.84182703,-0.4130011,0.110327646,0.36748493,3.4613051,0.6573472,-2.298794,-0.016527368,0.22880563,1.5014613,1.6077174,-2.3158479,-0.6610085,0.17987287,0.45151114,1.2321843,-0.29998237,0.24485704,0.25273937,-0.041038014,-0.2920585,-0.23764966,-0.16413318,0.11103626
19,-12.639757,11.389105,4.6468706,12.113109,8.708107,-3.3826385,-3.9033425,-2.2648196,1.0054924,5.3691263,-1.3671584,-1.5578345,2.537418,2.3412404,3.227808,0.40774375,1.6015005,4.9660196,0.6573472,13.132484,1.330163,2.747902,-0.0509985,0.89763063,0.35244322,-1.5616808,-0.292479,-2.4040341,0.07372155,-2.293964,2.7045121,-1.301331,-1.5047351,-1.7376577,-0.9406825,1.3342395,-1.516561,-0.34187162
20,5.884181,0.9511466,-9.104403,1.7056522,-2.4950376,-9.056923,-3.3241205,2.0524879,-3.7025213,-0.59879094,1.3871102,2.2464392,2.6688418,2.6645808,0.08638924,-2.6900105,3.2199879,-1.8344126,-2.298794,1.330163,6.032333,0.6216065,-0.19872257,0.04855889,-0.74484086,3.8623605,0.18387696,-2.4691296,-0.6854994,-0.17783585,1.0631957,0.16376567,-1.35094,-0.7713214,1.4497436,0.0969004,-0.18086192,-0.31108367
21,-5.249448,2.1893945,1.4083637,2.2577608,3.5480163,-1.3551444,0.54118276,-2.1667366,0.66345024,0.35412812,-2.9785476,1.6320999,-0.4655771,0.5365114,0.2012802,1.1598189,0.7587081,0.56625366,-0.016527368,2.747902,0.6216065,1.5072048,1.0494452,0.24809536,-0.43203777,-0.023501206,-0.20319968,-0.50339335,0.071469575,-0.78911936,1.3190825,-0.66778487,-0.10064994,-0.7991874,0.88940096,-0.5663389,-0.49888724,-0.3464593
22,-6.0419817,2.8023362,-8.326809,1.073437,5.6150217,0.6453613,4.260435,-2.471204,-3.9716058,2.636471,-0.47354674,-1.2474978,-4.9214125,0.0036621564,-4.878602,3.9511127,-0.7395803,-1.346492,0.22880563,-0.0509985,-0.19872257,1.0494452,5.8303976,-1.7996509,-0.6410438,0.59351385,0.64793485,0.042009577,1.8756064,-0.6092573,0.07633962,-0.33284074,-0.3821503,-1.5961323,0.39241433,-1.3700695,0.18614733,-0.61212325
23,-4.8707485,-1.1202371,10.254168,9.553383,-2.5669475,-7.960004,6.7080297,0.81077754,0.7192476,1.1283243,-3.326941,1.3717299,-1.0247731,0.6845512,-1.3400779,-3.2328053,-1.5538735,1.3528485,1.5014613,0.89763063,0.04855889,0.24809536,-1.7996509,6.0896893,0.94855183,-0.16807184,-0.23085809,-0.017549034,-1.4288588,2.7997394,-0.6270324,1.1757741,-0.43854284,-1.0359882,0.29680216,-0.16652465,-1.34582,-0.37702653
24,5.091613,-6.3910384,0.11907524,-1.9528228,-1.3789129,-1.4383175,2.3157234,0.23031214,-0.62419677,-0.42755985,-0.22439694,-3.9601176,-2.4210486,-3.129985,2.7426007,-2.9616132,2.3468068,0.8010559,1.6077174,0.35244322,-0.74484086,-0.43203777,-0.6410438,0.94855183,2.5328898,-1.6080104,-0.23512718,-0.671083,-0.05541864,0.95131737,-0.42694914,-0.11786154,-1.0166095,-0.05606344,-0.9703746,0.017374605,-0.108499266,0.18048653
25,2.3727875,1.6835577,-6.1134768,2.3987343,-4.016184,-6.012845,0.62634265,2.1754189,-4.80548,-0.25559884,-0.13623537,3.8065882,1.9943594,2.4478972,-1.7076045,-1.476557,-0.5630971,-2.9170914,-2.3158479,-1.5616808,3.8623605,-0.023501206,0.59351385,-0.16807184,-1.6080104,4.5447516,0.11964859,-0.3426145,-0.01765782,0.07175909,1.1327155,0.30258876,0.27920926,0.694535,0.8473236,-0.7939957,-0.30622184,-0.15389378
26,1.9578049,-5.035801,1.3394668,-1.9949292,-0.17251983,-0.21146634,-0.13767375,-0.7603854,-1.9255977,0.7745917,1.7510805,-0.4888148,-0.37680805,1.9724162,-2.0069792,0.6804923,0.20692274,0.52229166,-0.6610085,-0.292479,0.18387696,-0.20319968,0.64793485,-0.23085809,-0.23512718,0.11964859,0.8423675,-0.10045328,0.21862337,0.31730753,-0.5459641,0.4154127,-0.49328864,-0.54258883,-0.76696587,0.39278436,0.16809678,0.08958843
27,-2.098679,-1.2762351,4.992318,-0.83088815,-1.2659096,4.1107078,2.453186,-0.36301893,0.5309288,0.34812763,-0.07441173,0.66367024,-0.2960314,0.3265646,-0.811309,0.9796978,-3.6780417,-0.056197517,0.17987287,-2.4040341,-2.4691296,-0.50339335,0.042009577,-0.017549034,-0.671083,-0.3426145,-0.10045328,2.0219846,0.53091884,0.1398308,0.078337274,-0.122868806,1.6320567,0.9764885,-0.18037404,-0.71773785,-0.15178753,0.17734179
28,0.40817523,-3.7557425,-3.7829154,-0.9348125,3.5471156,1.8021114,0.19863456,-0.754971,-4.3603396,1.4567755,2.5467513,-4.243745,-3.5912912,0.055828784,-0.9992536,1.0524309,0.11150874,0.46880555,0.45151114,0.07372155,-0.6854994,0.071469575,1.8756064,-1.4288588,-0.05541864,-0.01765782,0.21862337,0.53091884,2.4229836,-0.12423007,1.697934,0.023582656,1.3196716,0.18962216,0.05319234,-0.40101838,-0.4000213,0.2839409
29,1.1758115,-3.0864983,1.1124947,3.5409791,-2.2753549,-4.360512,3.4258409,1.8713534,-1.9625416,-0.21868593,-0.23182125,-1.5535102,-3.0370703,-1.1021054,-1.9893758,-1.9786255,0.42167088,-0.1970772,1.2321843,-2.293964,-0.17783585,-0.78911936,-0.6092573,2.7997394,0.95131737,0.07175909,0.31730753,0.1398308,-0.12423007,2.637545,-0.90324455,1.4586914,-0.08153091,-0.104293555,-0.46289876,0.046757907,-0.28412473,0.18456438
30,-0.78670055,-3.0527902,0.62189865,1.1446015,2.1910384,-1.6098547,-0.6763154,-1.181201,-3.448619,0.043834336,-1.6015764,-0.57659733,-1.1003371,0.49674532,3.0407584,-1.0463732,1.215692,0.70571923,-0.29998237,2.7045121,1.0631957,1.3190825,0.07633962,-0.6270324,-0.42694914,1.1327155,-0.5459641,0.078337274,1.697934,-0.90324455,4.3600125,-1.1094793,1.7937102,1.0411754,0.8248908,-1.2254183,-1.3434249,0.35811162
31,-1.0682936,-0.99950135,-0.007883545,1.710844,1.8451507,-1.9934322,0.28357425,0.54560876,-1.2094089,-0.9158019,-0.52316797,-0.15834494,-1.5366732,-0.0822622,-3.4412098,1.0368888,1.4945903,-0.115556456,0.24485704,-1.301331,0.16376567,-0.66778487,-0.33284074,1.1757741,-0.11786154,0.30258876,0.4154127,-0.122868806,0.023582656,1.4586914,-1.1094793,2.008176,0.08334239,-0.09157385,-0.1700059,1.297456,0.18602979,0.049425174
32,-2.6201167,0.8848735,1.2948456,0.7417361,1.4032838,3.0096972,-0.21603958,0.15064742,-0.3823411,-0.47914785,-0.11018847,-0.15360627,-0.91084135,-0.22368653,0.035116408,0.9502949,-1.8222623,-0.15030617,0.25273937,-1.5047351,-1.35094,-0.10064994,-0.3821503,-0.43854284,-1.0166095,0.27920926,-0.49328864,1.6320567,1.3196716,-0.08153091,1.7937102,0.08334239,2.6546807,1.4074118,0.8361615,-0.5572841,-0.47844955,0.31881452
33,1.3433708,1.7241302,-0.17985931,-0.728932,-2.4685276,1.871204,-1.0077597,1.7655499,-0.29942322,-2.134517,-1.9470786,0.8515542,0.83657515,-2.4535718,2.5732894,-0.9910004,0.14249325,-1.1354965,-0.041038014,-1.7376577,-0.7713214,-0.7991874,-1.5961323,-1.0359882,-0.05606344,0.694535,-0.54258883,0.9764885,0.18962216,-0.104293555,1.0411754,-0.09157385,1.4074118,2.6108797,-0.8881203,-0.18891867,0.05486317,0.65427554
34,-0.870298,1.9220393,-3.6186836,-0.46742034,2.127469,-0.9720856,-0.20425254,-0.7414196,1.8625743,-1.4680138,-0.6120426,1.8015108,-0.09542839,0.4568035,-0.3732638,0.70782816,-0.04905696,-1.1751581,-0.2920585,-0.9406825,1.4497436,0.88940096,0.39241433,0.29680216,-0.9703746,0.8473236,-0.76696587,-0.18037404,0.05319234,-0.46289876,0.8248908,-0.1700059,0.8361615,-0.8881203,3.4218807,-0.77422273,-0.2076838,-0.60067236
35,0.33628446,-0.11313634,1.2487247,-0.67295396,2.5582457,0.7941792,-3.922048,-0.0006317757,1.0024769,-0.44279915,1.3367723,-0.731787,1.398912,0.7117735,-1.0540326,1.2763681,2.049633,1.3042128,-0.23764966,1.3342395,0.0969004,-0.5663389,-1.3700695,-0.16652465,0.017374605,-0.7939957,0.39278436,-0.71773785,-0.40101838,0.046757907,-1.2254183,1.297456,-0.5572841,-0.18891867,-0.77422273,2.2512107,0.4921382,0.13931924
36,1.341578,2.8176217,-3.8666806,-2.5454242,0.016536903,2.2695582,-2.1669593,0.5663142,1.5669417,-1.1099771,0.68366957,0.25618252,0.5070139,-1.0829682,-0.49545413,1.2134767,0.7216475,-0.95164716,-0.16413318,-1.516561,-0.18086192,-0.49888724,0.18614733,-1.34582,-0.108499266,-0.30622184,0.16809678,-0.15178753,-0.4000213,-0.28412473,-1.3434249,0.18602979,-0.47844955,0.05486317,-0.2076838,0.4921382,0.93325824,0.020024404
37,1.76345,-1.1613514,0.053567015,-0.70427084,-0.6882745,0.6506822,-1.2127502,0.634372,-0.66982126,-0.35130304,0.67162406,-1.016912,-0.22507812,-0.4804458,0.82627046,-0.48150146,0.513199,0.19534728,0.11103626,-0.34187162,-0.31108367,-0.3464593,-0.61212325,-0.37702653,0.18048653,-0.15389378,0.08958843,0.17734179,0.2839409,0.18456438,0.35811162,0.049425174,0.31881452,0.65427554,-0.60067236,0.13931924,0.020024404,0.37964588
