,0,1,2,3,4,5,6,7,8,9,10,11,12,13,14,15,16,17,18,19,20,21,22,23,24,25,26,27,28,29,30,31,32,33,34,35,36,37,38,39,40,41,42,43,44,45,46,47,48,49,50,51,52,53,54,55,56,57,58,59,60,61,62,63,64,65,66,67,68
0,455.53088,7.797744,-2.227389,11.304115,21.835575,3.8704386,-9.201287,-5.771163,-9.527474,-14.388786,9.135534,3.551974,-1.0868151,0.6588359,-2.1351888,-3.5918941,0.2368029,1.8381517,5.1986065,-1.6444145,0.6774975,7.1122036,-2.5863862,5.421667,0.08795829,-1.5679468,-1.5578701,-4.4152813,-2.9962845,-1.0136666,1.4992626,1.2899948,-1.5095817,-2.7567096,-0.96750164,0.6152903,-1.0051436,-0.48118547,-1.3399127,-0.7563827,1.1608102,0.40754074,-0.18775223,-1.6075263,-2.0843725,-0.11092675,0.4777478,-2.9403768,-0.6915617,-0.43874422,-0.7231027,0.11311363,1.5055735,-0.00027025677,0.86014026,2.0107014,0.38461146,1.1686555,-0.071996264,0.00615572,1.1632899,0.6414827,-0.3417657,-0.34041303,-0.8516405,-0.01880605,-0.6643894,0.47276157,0.17086223
1,7.797744,95.90086,36.436623,-1.6277783,-0.08002688,-7.418318,1.5789635,-5.6888533,15.253216,-9.679142,7.968731,-2.0516286,-1.2132177,1.8194089,0.08422648,2.5367153,0.71606183,-4.319487,-3.0164185,-1.6815807,-3.549457,2.8466196,1.3134127,0.46988475,-0.023285285,0.49459594,0.22364756,2.1872551,-0.59945786,-1.0366875,-1.9222374,-3.513653,-1.2372208,-0.37537962,1.14405,0.36328012,2.0721428,-1.8783393,-0.22762841,0.3964035,-0.7383579,-0.16772842,0.2050746,1.0001907,1.0445292,0.7189582,-0.057586975,0.97407734,0.39010578,-0.1294604,0.8139945,1.1084397,1.1461573,-0.23040679,-0.49287054,-0.30498004,-0.142183,-0.35949033,-0.38480717,-0.21335837,-0.3996908,-0.17643213,-0.22529572,0.15048791,0.5035424,0.099915996,-0.1550829,-0.41201422,-0.06844041
2,-2.227389,36.436623,123.21226,11.591053,-1.8748664,4.5587273,-2.4964032,1.9910488,-4.874055,5.8773174,-7.436014,2.388589,1.7698942,-2.6615782,-0.95895827,-1.4942337,-0.46837503,2.9182901,1.1837332,1.4531343,2.2496672,-1.9154825,-0.27120543,0.4929235,-0.18553495,0.037092984,0.43053657,-1.8476365,0.38399354,0.3744834,0.820277,1.3304113,1.211663,-0.5067741,-0.41046882,-0.7664227,-1.1624353,1.3047922,0.46914905,0.21961647,0.15200984,0.1795861,0.39205396,-0.7229897,-0.4330945,-0.5610327,0.29853407,-0.15868977,-0.4507343,0.18282689,-0.23052582,-0.9609122,-0.62536645,-0.02674107,-0.16987571,-0.24072903,0.19338049,0.050942563,-0.08099419,0.27674136,0.31680155,-0.0019104655,0.36186457,-0.021181174,0.11002488,-0.09884152,-0.01708498,0.31307465,0.16117992
3,11.304115,-1.6277783,11.591053,47.931923,4.344511,-6.077442,10.910231,7.2705054,-19.25888,2.5820324,4.999494,-6.1935434,-5.2038045,4.622299,3.9977922,-1.0417786,-2.2593355,-0.484689,-0.98122823,-0.9000587,-3.3546615,-1.5393393,-0.37898064,-2.8389919,0.41771185,-2.6715336,0.95440257,1.8826978,0.8428257,0.62615204,0.78201115,0.6478348,0.07766715,1.8409693,0.6535733,0.091567114,-1.0031261,-0.0048770383,-0.7247645,-0.5635568,0.79536855,0.56402534,-0.89058816,0.4139767,-0.36433035,0.21421233,-0.6514305,-0.19895537,-0.036491387,0.4386776,0.3610477,0.3219428,-0.4743555,0.36285645,0.2930898,0.14350982,0.33685154,-0.5336262,-0.30100566,0.24154851,-0.32565683,0.21810764,-0.28982294,0.3208549,-0.8251132,-0.11786361,0.24721664,-0.08236017,-0.31090838
4,21.835575,-0.08002688,-1.8748664,4.344511,38.999733,4.7051005,-9.720523,-3.654964,1.699465,6.6973352,-2.2022977,4.6849885,-1.3659631,-1.3977168,5.9528055,2.195417,-5.0469446,-0.5728003,-4.0778217,-0.80931044,-0.26156208,-1.8138239,0.70440626,-0.16790149,-1.5579467,-1.2994158,-0.06374549,1.7695613,0.50924283,0.8570062,-1.2231684,0.12793468,0.033266213,0.13210662,-1.2278203,-0.44056773,0.2700609,0.26631746,-0.20240363,-0.1722428,-0.65171415,-0.2863556,-0.44406748,-0.14275366,-0.15299134,0.5765578,-0.45465928,0.7011272,0.23947135,0.109209806,0.09114689,0.70955384,-0.5738164,-0.17187168,0.4058977,-0.023264915,-0.25326863,0.14002784,-0.1699526,-0.12749769,-0.49851358,0.0208522,-0.03232126,-0.41749635,-0.17152436,-0.1535303,0.47436476,-0.26276487,-0.41166747
5,3.8704386,-7.418318,4.5587273,-6.077442,4.7051005,52.81487,2.3648708,-0.8077781,1.4918609,-1.920944,-1.1034622,-2.6470609,-2.1205215,-0.44163573,-1.8262384,-0.46941954,0.7546314,1.6797757,-1.9911137,-0.49485004,0.21327204,0.28104335,-1.3895568,-0.69937384,1.7486653,-0.44335902,-0.061306424,0.9895832,-0.84099793,-0.7811793,-0.55036646,-0.6900085,-0.2586081,-0.4039446,1.5470974,-1.0808055,-0.69757485,0.60897064,-0.090531565,-0.2505921,-0.2353647,0.53944856,-0.6148485,-0.55253047,0.47990313,-0.81455326,-0.1020723,1.344203,-0.107089356,0.49286956,-0.012204084,-0.05573269,-0.4487003,0.29259092,0.26279116,-0.6993182,-0.13545372,-0.19557711,0.5699651,0.5650004,0.4827208,-0.11333762,-0.5168693,0.43233508,-0.3153885,-0.4171697,-0.1105575,0.20887098,-0.17090887
6,-9.201287,1.5789635,-2.4964032,10.910231,-9.720523,2.3648708,46.136326,-3.2226686,-0.6439397,1.5019875,2.2205868,3.365758,-1.8936386,-1.2482493,2.3188562,0.7466688,-1.9015915,0.7903124,-0.5401454,-0.2187612,0.23224562,1.6210127,0.40663436,1.6876031,-0.37907258,-0.99158704,0.10644464,-1.0030047,-2.6677675,-0.744692,-0.7176639,-0.48093474,0.14382349,-0.7181425,-0.22072028,0.14397134,-0.4247793,-0.10445891,-1.4078009,0.65463364,-0.9623636,0.31582576,-0.7459335,-0.58438253,-0.54297554,0.18099597,0.099423185,0.10506156,0.091012746,-0.08184549,-0.13005035,0.32084006,0.34214413,-0.16983333,-0.05976607,0.30400723,-0.51998806,0.14855537,0.20186538,-0.055727012,0.2825681,-0.4163331,0.008738522,0.16112748,-0.39832312,0.27176678,0.16181761,0.21390104,-0.046657585
7,-5.771163,-5.6888533,1.9910488,7.2705054,-3.654964,-0.8077781,-3.2226686,36.041267,4.4427257,-3.1781192,-3.7698948,1.6759148,0.72870564,-1.124553,-0.78235334,-0.64311683,-0.8934965,-1.5852662,-2.8551664,-1.3807946,-1.80866,-0.6332403,-1.733861,0.1430811,1.2749243,-1.4296217,-0.0953949,-0.6999241,0.014385161,0.0010671115,0.04963211,0.5018521,-0.3399046,0.2416209,0.049447484,-0.28405997,-0.6024666,-0.58009726,-0.7466104,-0.7428627,0.545648,-0.22045016,-0.018423319,-0.40097898,-0.5129024,0.04499171,0.09534381,-0.35213542,-0.69625705,0.1668526,0.0739778,-0.14133127,0.36766303,0.28970242,0.56208384,0.56277883,0.14970213,-0.06985269,-0.2125057,0.30043674,-0.18298407,0.24487577,-0.18385503,0.10359439,-0.21009475,-0.14019364,0.21609995,-0.23451425,-0.1670699
8,-9.527474,15.253216,-4.874055,-19.25888,1.699465,1.4918609,-0.6439397,4.4427257,22.456972,-0.6412717,-2.4052305,0.8987031,-2.071109,-3.1355343,1.2739393,-0.7543537,-1.5771172,-0.46083218,1.6232047,-0.77522904,0.11226347,0.6757858,0.5568879,0.03756874,-1.7291596,-0.78321564,-1.1339298,0.051695835,-0.58794105,-0.5328009,0.2952314,0.35351384,-0.5106499,-0.3293528,-0.23032695,-0.005450368,-0.78311116,-1.2837329,-1.1052468,0.5293257,-0.5219346,0.29338422,0.0903541,0.025110692,-0.03125871,-0.11172478,0.31495023,0.005017465,-0.13425396,-0.7727777,-0.05625254,0.42334753,0.28626657,0.20784396,-0.11803065,0.28833735,0.28791082,0.16848102,0.7483622,0.42910933,0.36373812,-0.022747494,-0.057539865,-0.5857411,0.042646553,-0.05917582,-0.20763668,-0.11066992,-0.27346885
9,-14.388786,-9.679142,5.8773174,2.5820324,6.6973352,-1.920944,1.5019875,-3.1781192,-0.6412717,26.433792,-0.31615818,-0.052706275,-1.204771,-3.3330116,-2.6743305,-2.2728784,-0.6848768,-2.2052064,1.7336261,-0.41862482,-1.1302836,1.7983878,-0.629997,1.3298975,-0.26304227,-0.85108817,-0.85811496,0.6435911,0.5814073,0.41431186,0.07186422,-0.57944965,-0.057254884,-1.2624702,-0.2895136,-1.0305356,0.26627022,-1.1081994,-0.6065274,-0.4998482,0.27646977,-0.84187806,0.02971049,-0.6166072,-0.03179179,0.66889304,0.3451862,0.06601789,-0.893015,0.080929846,-0.10742513,-0.19287287,-0.06765303,-0.17632961,-0.110930234,0.43128416,0.081915215,-0.008691295,0.04624831,0.0248858,-0.04991227,0.41124386,-0.07526487,-0.12921062,-0.1605457,0.10717656,-0.20363453,-0.06601347,-0.105498955
10,9.135534,7.968731,-7.436014,4.999494,-2.2022977,-1.1034622,2.2205868,-3.7698948,-2.4052305,-0.31615818,16.502186,-1.8184459,1.9588947,-6.419486,-1.0246449,-0.5458397,0.8544398,-1.7476512,-0.32494032,-1.6452603,-1.1573675,-2.1586971,1.4490848,-1.2901049,0.6358876,0.042134687,-0.7949357,0.5789581,0.38786754,0.00679752,-0.60721034,-0.07739191,0.100590326,-0.050250687,0.32470036,-0.38952067,-0.051677376,-0.1535654,0.03444316,-0.5072808,-1.1917526,0.2528413,0.7479455,0.19844049,-0.06723432,-0.5726626,-0.48095047,0.10936336,-0.09360734,0.8714198,-0.16935226,-0.62724936,0.5335448,0.36634207,-0.5647762,-0.22877023,0.23980694,-0.1047975,-0.047938,0.003931058,-0.12461921,-0.061371513,-0.29395145,-0.06377907,0.11733469,-0.26635337,0.26004386,0.1747182,-0.13325119
11,3.551974,-2.0516286,2.388589,-6.1935434,4.6849885,-2.6470609,3.365758,1.6759148,0.8987031,-0.052706275,-1.8184459,19.695578,-0.44158322,1.6725235,-0.3417656,-0.5158044,0.5186959,-0.17868187,1.1525817,-0.48451144,-0.17844689,-0.48626703,1.2708138,0.05668194,0.33375245,0.24631053,0.29489654,0.71433985,0.008525082,0.5861744,-0.4287035,-0.47438914,0.23997957,-0.3169779,0.73614615,-0.08521046,0.6331485,0.053453207,0.3726002,-0.62413096,-0.3536095,0.026863392,0.44392303,-0.09279558,-0.110126846,-0.26147625,-0.24954872,-0.05729471,0.28785178,0.85505795,-0.3780508,-0.33532885,0.054555923,0.2851473,-0.25218487,-0.18607135,-0.1621025,-0.17583318,0.22373515,-0.2876991,-0.1396989,-0.27454567,-0.10718135,0.28559104,-0.042301748,0.044445768,0.3426333,0.23354585,0.07441782
12,-1.0868151,-1.2132177,1.7698942,-5.2038045,-1.3659631,-2.1205215,-1.8936386,0.72870564,-2.071109,-1.204771,1.9588947,-0.44158322,17.988869,0.6937581,-0.32489988,0.9271477,-0.6032742,0.40982747,-1.0295601,0.58974195,0.6077816,0.30707958,0.45175725,0.42554748,-0.13524571,-1.2102492,-0.2828365,0.91452456,-0.052088283,1.1252081,0.06600574,-0.46517384,0.30316466,-0.87212896,-0.07220033,-0.87781227,0.026993018,0.38716322,-0.886193,-0.1304478,-0.4685855,0.55892754,-0.71845686,-0.61559355,0.27418536,0.30987158,-0.034579292,-0.20134734,-0.35847276,-0.35875925,-0.36542892,-0.22358018,0.3196854,-0.5394919,-0.020257913,-0.12291578,-0.35943252,-0.06274618,0.07797858,-0.065258004,0.18078215,-0.2475438,-0.35178307,0.2675508,-0.073899835,0.04587258,0.09543452,0.26193982,-0.17403668
13,0.6588359,1.8194089,-2.6615782,4.622299,-1.3977168,-0.44163573,-1.2482493,-1.124553,-3.1355343,-3.3330116,-6.419486,1.6725235,0.6937581,15.475697,-0.49415004,-1.4675417,1.1118698,-1.3436975,0.47328204,-0.66590285,-0.6314486,0.8896644,0.1762672,-0.64473563,0.50510967,-0.12588061,-0.31917194,0.7932668,-0.7245634,-0.45644683,-0.41088635,-0.45226002,-0.21494503,0.41940176,-0.6629529,-0.4980465,-0.68323743,-0.09017907,-0.62897456,0.44079292,-0.47027707,0.17700376,-0.32299307,0.35551324,0.44798702,-0.11991465,0.2970597,0.26070145,0.07279717,-0.28940213,0.54288924,0.018799635,-0.2700193,-0.09461793,-0.14137363,-0.14445986,0.082925126,-0.016949438,0.010180289,0.0785192,-0.0649147,0.01834886,0.14421144,-0.05617404,-0.3000324,0.105484806,0.016148776,-0.09249872,-0.25806397
14,-2.1351888,0.08422648,-0.95895827,3.9977922,5.9528055,-1.8262384,2.3188562,-0.78235334,1.2739393,-2.6743305,-1.0246449,-0.3417656,-0.32489988,-0.49415004,12.352409,-0.7104205,1.3712436,0.079339154,0.024447326,0.17475413,0.5572822,-0.6282092,-0.74539447,-0.38852298,0.2781902,-0.20281474,-0.51127446,0.13109593,0.40852755,0.11129235,0.65552115,0.25255692,0.14561751,-0.015762541,-0.24199289,-0.37510574,-0.078005284,-0.22972715,-0.18893231,0.107555315,0.73209023,-0.07029893,-0.27697498,-0.15351096,0.30409372,0.18054445,-0.30444926,0.5133609,-0.36426827,-0.48488218,-0.3941216,-0.6052885,-0.13096255,-0.24526556,0.13716206,-0.043990597,-0.07272557,-0.0695607,0.44348347,0.1340585,0.21807301,-0.10473832,-0.1835986,0.13733649,0.13575763,0.08336638,-0.047652513,0.020883372,-0.07992159
15,-3.5918941,2.5367153,-1.4942337,-1.0417786,2.195417,-0.46941954,0.7466688,-0.64311683,-0.7543537,-2.2728784,-0.5458397,-0.5158044,0.9271477,-1.4675417,-0.7104205,9.8431015,0.50349396,-0.64885616,0.24984425,-0.60848343,0.20700595,0.360004,0.43958896,1.4683235,0.022064794,-0.4740042,1.652263,-0.06882229,-0.228129,0.43939805,-0.1988402,0.31369704,0.07203646,-0.10916923,-0.77638835,0.07719604,-0.0034721717,0.5278212,-0.07194553,-0.5621524,0.7173697,0.36503306,0.6540064,-0.29584435,0.33102044,0.18288302,-0.014134733,0.6818794,0.19063032,0.33872938,0.48451385,0.11051954,-0.18793237,0.2008918,0.034334052,0.0030522114,0.006405909,-0.16411664,-0.25140023,0.41381982,0.12154348,0.08069942,0.39562884,0.32494432,-0.1270951,0.4151107,0.22065695,0.074661605,0.03829112
16,0.2368029,0.71606183,-0.46837503,-2.2593355,-5.0469446,0.7546314,-1.9015915,-0.8934965,-1.5771172,-0.6848768,0.8544398,0.5186959,-0.6032742,1.1118698,1.3712436,0.50349396,9.194746,-0.1469563,0.21337901,0.2777378,-0.32570395,-0.25164422,0.19791931,0.6239314,-0.78854376,-0.18138917,0.39368665,-0.29661524,0.4603729,0.18561661,-0.3725179,-0.5171024,0.62027717,-1.1180971,0.12679206,-0.35483822,-0.047033135,-0.5147504,0.1572726,-0.120291,-0.18946847,-0.6271064,0.18069056,-0.40782455,-0.3491247,0.095710255,0.08562441,0.35710108,-0.52487147,0.2877881,0.081640154,0.055786125,-0.1997599,0.22664449,-0.29743606,-0.058654435,-0.053835228,0.054441866,-0.33869064,0.10486638,-0.052194193,0.19171056,-0.09600352,-0.050983123,0.09385629,-0.3059526,-0.15895444,-0.047825865,0.18475662
17,1.8381517,-4.319487,2.9182901,-0.484689,-0.5728003,1.6797757,0.7903124,-1.5852662,-0.46083218,-2.2052064,-1.7476512,-0.17868187,0.40982747,-1.3436975,0.079339154,-0.64885616,-0.1469563,8.186831,0.61723536,0.1418058,0.029415743,-0.8326974,-0.22736862,-0.6579578,0.29173216,0.10056175,0.021683762,0.5757034,0.43596357,0.3688099,0.64985156,0.5183816,-0.58564544,0.29712206,-0.44667506,-0.000333447,-0.25663793,-0.4629473,-0.21612777,-0.19777614,-0.054617316,-0.3017434,-0.19886929,0.31527102,-0.021766488,0.70153093,-0.054921124,-0.15263602,0.35685116,-0.14088047,0.17257375,0.43297306,0.09373841,0.09278069,-0.53388083,0.4727374,-0.19040984,-0.22233841,-0.07284349,-0.15281036,-0.20678566,-0.0016756989,-0.08982875,0.08142534,0.05711545,0.09384567,0.14784372,-0.010651419,-0.2117528
18,5.1986065,-3.0164185,1.1837332,-0.98122823,-4.0778217,-1.9911137,-0.5401454,-2.8551664,1.6232047,1.7336261,-0.32494032,1.1525817,-1.0295601,0.47328204,0.024447326,0.24984425,0.21337901,0.61723536,7.2193947,0.1939874,-0.3713513,-1.4448249,-1.2163439,0.09856569,0.18559869,-1.4828374,-0.4211362,0.02442409,0.1713229,0.046527393,0.53088784,0.2742892,-0.38119206,0.72033465,0.29156834,-0.21056014,-0.38053548,0.18251494,-0.48468557,-0.07673991,0.4167835,0.6432371,-0.22392738,-0.24629728,0.19543098,0.07930499,-0.092379,0.1141209,-0.088367,-0.012273446,0.29877955,-0.04504563,0.28322536,0.09673527,0.38730705,-0.14040458,0.08893021,-0.043009564,0.277259,0.21484938,0.052131202,-0.30850387,0.06207445,0.044932038,-0.015870461,-0.10650959,-0.0021708163,-0.008063175,-0.17551908
19,-1.6444145,-1.6815807,1.4531343,-0.9000587,-0.80931044,-0.49485004,-0.2187612,-1.3807946,-0.77522904,-0.41862482,-1.6452603,-0.48451144,0.58974195,-0.66590285,0.17475413,-0.60848343,0.2777378,0.1418058,0.1939874,6.827416,-0.7903957,-0.19910271,0.3556195,0.38081193,-0.021787528,-0.29970145,-0.123640105,0.6442182,-0.9804183,-0.19756487,-0.45848355,0.100404814,-0.2952981,-0.1960338,0.017056268,0.18940298,0.7134589,0.43599284,0.7661741,0.19044742,0.49492174,0.5312251,-0.095749624,0.5643883,-0.13521203,-0.008771979,-0.32945606,0.1936351,-0.2648515,0.23477009,-0.38717738,0.1414725,-0.040985957,-0.20386724,0.2882915,0.28989172,0.364123,0.40498352,0.28087908,-0.05023259,0.1872367,0.30498797,-0.10063257,-0.0161743,-0.2605048,-0.15694833,-0.15090148,-0.16198866,-0.24914515
20,0.6774975,-3.549457,2.2496672,-3.3546615,-0.26156208,0.21327204,0.23224562,-1.80866,0.11226347,-1.1302836,-1.1573675,-0.17844689,0.6077816,-0.6314486,0.5572822,0.20700595,-0.32570395,0.029415743,-0.3713513,-0.7903957,6.082653,-0.34176993,-0.80808985,-0.3396225,-0.20841153,-1.1542239,0.16203438,-0.16980332,-0.33014706,-0.95308596,-0.011029247,0.28990713,0.65227306,0.6191986,0.22761181,-0.055177525,-0.103422135,-0.7200401,0.1556757,0.52333546,0.16683078,-0.5696628,-0.13970333,-0.22583067,-0.15736887,-0.15011376,-0.43538234,-0.6367928,0.17354366,0.03015329,-0.11156997,-0.58861864,-0.0025218732,-0.20476109,0.0014793649,0.076898254,0.16192411,0.21369234,-0.1814071,-0.08410258,-0.03918138,0.09378398,0.33805913,0.15581706,-0.35564232,0.104895204,0.1791721,0.0016123939,-0.027801704
21,7.1122036,2.8466196,-1.9154825,-1.5393393,-1.8138239,0.28104335,1.6210127,-0.6332403,0.6757858,1.7983878,-2.1586971,-0.48626703,0.30707958,0.8896644,-0.6282092,0.360004,-0.25164422,-0.8326974,-1.4448249,-0.19910271,-0.34176993,5.896773,0.114456125,0.31009507,-0.60347044,-0.06928183,-0.31786606,-0.43917453,0.5790267,0.4541638,0.75049543,0.64864355,-0.005852562,-0.005126681,0.47876564,0.21497488,0.5801139,-0.23104256,0.48890823,0.16181313,0.44994864,0.021939559,-0.17703953,0.045702055,0.046737462,0.26724017,0.038631625,0.36814034,-0.03910163,0.0074988855,0.2405579,-0.15041359,0.04641004,0.21013471,-0.58397156,-0.17792743,-0.17269489,-0.08905983,0.20050593,-0.016835403,0.028648145,-0.019816533,0.059111856,0.31128794,-0.06581082,-0.04840544,-0.12730634,-0.013479376,-0.030341111
22,-2.5863862,1.3134127,-0.27120543,-0.37898064,0.70440626,-1.3895568,0.40663436,-1.733861,0.5568879,-0.629997,1.4490848,1.2708138,0.45175725,0.1762672,-0.74539447,0.43958896,0.19791931,-0.22736862,-1.2163439,0.3556195,-0.80808985,0.114456125,6.596838,-0.6098747,0.67850465,-0.15536019,0.43877912,-0.92636967,0.10995686,-0.53342557,-0.24639922,0.6521529,0.2616304,-0.31746554,0.47404933,-0.29881027,-0.4847604,0.23361963,0.29253095,-0.16438982,0.2681805,-0.49898785,-0.16997318,-0.14484406,0.20990902,0.14152475,0.59552175,-0.21764526,0.0040335287,-0.14873216,-0.0099562,0.2771734,-0.4305401,0.15258873,-0.11101507,0.06792225,-0.04143776,0.29275107,0.33824366,0.17173359,0.1553745,0.1268279,0.041473597,-0.015694177,0.41269952,-0.13286218,-0.052120488,0.13700628,-0.12064493
23,5.421667,0.46988475,0.4929235,-2.8389919,-0.16790149,-0.69937384,1.6876031,0.1430811,0.03756874,1.3298975,-1.2901049,0.05668194,0.42554748,-0.64473563,-0.38852298,1.4683235,0.6239314,-0.6579578,0.09856569,0.38081193,-0.3396225,0.31009507,-0.6098747,5.9345245,1.00194,0.48128107,0.18874605,-0.053936984,0.30326015,-0.251993,-0.6066628,0.1894427,0.53955984,0.7511936,-0.1928158,0.29183075,-0.4237734,0.23923996,-0.5139562,0.027064491,-0.33872783,-0.51515496,-0.23097667,0.5774098,0.19534427,0.09656042,-0.005431042,0.054894112,-0.049797542,0.012905555,-0.29763487,0.10537948,-0.12584084,-0.14059833,0.07388578,0.027850531,-0.11042207,0.022527345,0.073560596,-0.05011685,-0.07303028,0.26393354,-0.3580873,-0.051798083,0.40450555,-0.06037215,0.06082229,-0.026103288,0.10184567
24,0.08795829,-0.023285285,-0.18553495,0.41771185,-1.5579467,1.7486653,-0.37907258,1.2749243,-1.7291596,-0.26304227,0.6358876,0.33375245,-0.13524571,0.50510967,0.2781902,0.022064794,-0.78854376,0.29173216,0.18559869,-0.021787528,-0.20841153,-0.60347044,0.67850465,1.00194,6.3044524,-0.10486272,-0.5565328,0.1733289,0.24859025,0.15221971,0.3518831,0.027346998,-0.07846257,-0.14743115,-0.38156465,-0.0400941,0.39638132,-0.6460302,0.051108215,0.4636299,0.27942818,-0.06607321,0.4481101,-0.20010494,-0.009634633,0.16088599,-0.4341725,0.15297034,0.16137731,-0.22881457,-0.16837879,-0.042059183,0.17973584,-0.17188594,-0.066330984,-0.29932332,0.012245773,0.050930846,0.112002,-0.08446483,0.13470486,0.058676664,0.22531745,-0.11175379,0.07475692,0.092922516,-0.123778254,-0.12355859,0.029940104
25,-1.5679468,0.49459594,0.037092984,-2.6715336,-1.2994158,-0.44335902,-0.99158704,-1.4296217,-0.78321564,-0.85108817,0.042134687,0.24631053,-1.2102492,-0.12588061,-0.20281474,-0.4740042,-0.18138917,0.10056175,-1.4828374,-0.29970145,-1.1542239,-0.06928183,-0.15536019,0.48128107,-0.10486272,6.0318985,0.3432331,-0.24846834,-0.09341155,0.1455015,-0.04948943,-0.08781977,0.45473963,-0.21548969,-0.12264326,-0.22684239,-0.007866504,0.08660711,-0.33952308,-0.13824566,0.14614844,0.22116476,0.073733516,-0.32285213,0.13329539,0.27200967,-0.010368936,-0.16066338,-0.20233013,0.12209726,0.11184788,-0.39897484,0.2176369,-0.10803956,0.040063806,0.24558127,0.022459114,0.15827459,0.13569942,0.04930192,0.102561384,-0.3296368,0.03398209,0.06686042,0.10715738,0.016325153,0.14094639,0.09260374,0.01544865
26,-1.5578701,0.22364756,0.43053657,0.95440257,-0.06374549,-0.061306424,0.10644464,-0.0953949,-1.1339298,-0.85811496,-0.7949357,0.29489654,-0.2828365,-0.31917194,-0.51127446,1.652263,0.39368665,0.021683762,-0.4211362,-0.123640105,0.16203438,-0.31786606,0.43877912,0.18874605,-0.5565328,0.3432331,4.3276005,-0.3906425,-0.19529012,0.41437197,0.08445495,-0.3960933,-1.0160668,0.15586248,-0.016166875,-0.044484355,0.03318197,-0.48868617,-0.28751165,-0.024427492,0.58780694,-0.1512974,-0.17475572,0.12160886,-0.32846117,-0.26611865,0.034748908,-0.23426434,0.05010805,0.112086736,-0.43663535,-0.12112824,0.14738521,0.10461581,0.11300884,-0.16885525,-0.12094663,0.058647037,0.38362414,-0.28392,-0.19739033,-0.050825693,-0.16754669,-0.17560221,-0.036138024,-0.20418772,-0.23676576,-0.023537174,-0.030856404
27,-4.4152813,2.1872551,-1.8476365,1.8826978,1.7695613,0.9895832,-1.0030047,-0.6999241,0.051695835,0.6435911,0.5789581,0.71433985,0.91452456,0.7932668,0.13109593,-0.06882229,-0.29661524,0.5757034,0.02442409,0.6442182,-0.16980332,-0.43917453,-0.92636967,-0.053936984,0.1733289,-0.24846834,-0.3906425,4.6980977,-0.30698124,-0.8902782,0.8852067,0.5465375,-0.37359405,0.49269497,0.20086452,0.6027558,-0.46806866,-0.4200276,-0.36820734,-0.0010166091,0.04268687,0.24282086,-0.08132726,-0.022778623,-0.3965792,0.2573082,-0.3864279,-0.14225416,-0.20980911,0.137935,-0.24753454,-0.14618684,0.04556228,0.3923332,0.18604107,0.20551878,-0.2238658,-0.17637579,-0.11051798,0.02302853,0.13790834,0.08314665,-0.010469137,0.20915392,-0.2213127,-0.05386684,-0.04496505,0.049776953,0.08400105
28,-2.9962845,-0.59945786,0.38399354,0.8428257,0.50924283,-0.84099793,-2.6677675,0.014385161,-0.58794105,0.5814073,0.38786754,0.008525082,-0.052088283,-0.7245634,0.40852755,-0.228129,0.4603729,0.43596357,0.1713229,-0.9804183,-0.33014706,0.5790267,0.10995686,0.30326015,0.24859025,-0.09341155,-0.19529012,-0.30698124,4.331298,-0.32673112,-0.4007588,-0.4574747,-0.04937366,0.052913275,0.120465204,0.34106863,-0.4368449,0.12559551,-0.2155712,0.39509332,0.09591253,0.32824492,-0.44042742,0.23695624,0.025813334,-0.28436878,-0.17559344,0.119248055,0.20372975,0.17457117,-0.22216414,0.2252705,0.10133098,0.10977934,-0.18734609,-0.09859325,-0.2700833,0.22586979,0.13314784,0.09876245,0.05531501,-0.14234096,0.20048138,0.28876495,-0.12306768,0.027567476,-0.13583894,0.15584573,-0.0119531285
29,-1.0136666,-1.0366875,0.3744834,0.62615204,0.8570062,-0.7811793,-0.744692,0.0010671115,-0.5328009,0.41431186,0.00679752,0.5861744,1.1252081,-0.45644683,0.11129235,0.43939805,0.18561661,0.3688099,0.046527393,-0.19756487,-0.95308596,0.4541638,-0.53342557,-0.251993,0.15221971,0.1455015,0.41437197,-0.8902782,-0.32673112,3.514672,-0.18667325,0.1658191,-0.20077616,0.10903375,0.7133128,0.17002337,0.02668434,-0.43683824,0.17759895,0.5238805,-0.46835744,0.03826261,0.20678183,0.0221969,-0.2229445,0.1712909,-0.24156258,0.41476434,0.16099274,-0.1630595,0.11310007,-0.04565256,-0.19248766,-0.052217536,0.040741097,0.15052772,0.21490061,-0.239111,0.023310881,0.11181609,0.26072398,-0.061921615,-0.06912522,-0.16448483,-0.07111438,-0.027586062,0.04304824,0.15724911,-0.10057415
30,1.4992626,-1.9222374,0.820277,0.78201115,-1.2231684,-0.55036646,-0.7176639,0.04963211,0.2952314,0.07186422,-0.60721034,-0.4287035,0.06600574,-0.41088635,0.65552115,-0.1988402,-0.3725179,0.64985156,0.53088784,-0.45848355,-0.011029247,0.75049543,-0.24639922,-0.6066628,0.3518831,-0.04948943,0.08445495,0.8852067,-0.4007588,-0.18667325,4.493449,-0.09130855,0.42973444,0.34228855,-0.08976351,0.09059659,-0.25503728,0.03040789,-0.18581331,-0.10792728,-0.12903145,-0.22837633,-0.09622973,0.05083245,-0.17270714,-0.1070992,-0.3355192,0.20774844,-0.03318688,0.22336149,-0.29825988,0.17519699,-0.20189746,0.053440757,0.32654747,-0.05682987,0.11076746,0.13436982,0.115393385,-0.030230347,-0.1515865,-0.0372197,0.07639216,-0.16543266,-0.11082934,0.100226045,-9.839889e-06,0.056490675,-0.12792204
31,1.2899948,-3.513653,1.3304113,0.6478348,0.12793468,-0.6900085,-0.48093474,0.5018521,0.35351384,-0.57944965,-0.07739191,-0.47438914,-0.46517384,-0.45226002,0.25255692,0.31369704,-0.5171024,0.5183816,0.2742892,0.100404814,0.28990713,0.64864355,0.6521529,0.1894427,0.027346998,-0.08781977,-0.3960933,0.5465375,-0.4574747,0.1658191,-0.09130855,3.6018877,0.07828206,0.036564395,0.06256289,-0.300057,-0.3206471,-0.31816402,-0.25359258,0.27585906,-0.1188868,0.25764674,0.0027737403,0.24043855,0.03364518,-0.30186057,-0.05978974,0.023472333,-0.24967332,0.074968085,0.123436116,-0.26906994,0.036609262,0.17700379,0.07656894,-0.2737878,0.08304083,-0.052926384,-0.082712375,-0.060352687,-0.2438767,-0.19333592,0.07239416,0.09204553,0.07605576,-0.16659296,-0.11985728,-0.08230223,0.029715132
32,-1.5095817,-1.2372208,1.211663,0.07766715,0.033266213,-0.2586081,0.14382349,-0.3399046,-0.5106499,-0.057254884,0.100590326,0.23997957,0.30316466,-0.21494503,0.14561751,0.07203646,0.62027717,-0.58564544,-0.38119206,-0.2952981,0.65227306,-0.005852562,0.2616304,0.53955984,-0.07846257,0.45473963,-1.0160668,-0.37359405,-0.04937366,-0.20077616,0.42973444,0.07828206,3.0748081,0.07417454,0.044368647,-0.123687536,0.075670004,-0.24097249,0.17032123,-0.16299263,0.26735443,0.43447894,0.08927468,0.13899258,-0.051787294,-0.08759211,-0.046279773,-0.1278672,0.53867406,-0.120297745,0.04885936,0.19419955,-0.04441656,0.11483957,0.23216826,0.0268755,-0.13703513,-0.3284367,-0.07349788,0.027536497,-0.007319754,0.054959327,-0.21210054,-0.015350485,-0.18225321,-0.23502696,0.08484302,0.013210924,-0.16729894
33,-2.7567096,-0.37537962,-0.5067741,1.8409693,0.13210662,-0.4039446,-0.7181425,0.2416209,-0.3293528,-1.2624702,-0.050250687,-0.3169779,-0.87212896,0.41940176,-0.015762541,-0.10916923,-1.1180971,0.29712206,0.72033465,-0.1960338,0.6191986,-0.005126681,-0.31746554,0.7511936,-0.14743115,-0.21548969,0.15586248,0.49269497,0.052913275,0.10903375,0.34228855,0.036564395,0.07417454,3.5237627,0.20131667,-0.4528499,0.041765273,0.08899164,0.59260684,-0.22159669,-0.3005026,0.08546988,-0.17916045,-0.28664607,-0.0065774303,0.039454248,-0.1912503,0.04825024,-0.17740025,-0.12097993,-0.16635558,0.018352814,-0.020350777,0.062313695,-0.25100216,0.14307523,-0.016591322,0.18690395,0.03961751,0.030006498,0.1837405,-0.14576085,-0.12353203,-0.037781373,-0.024138745,-0.13167986,-0.10367885,0.13385466,-0.17850928
34,-0.96750164,1.14405,-0.41046882,0.6535733,-1.2278203,1.5470974,-0.22072028,0.049447484,-0.23032695,-0.2895136,0.32470036,0.73614615,-0.07220033,-0.6629529,-0.24199289,-0.77638835,0.12679206,-0.44667506,0.29156834,0.017056268,0.22761181,0.47876564,0.47404933,-0.1928158,-0.38156465,-0.12264326,-0.016166875,0.20086452,0.120465204,0.7133128,-0.08976351,0.06256289,0.044368647,0.20131667,2.8916774,0.18407175,-0.15168247,0.1534507,-0.3208592,-0.1466511,0.5565502,-0.07668649,0.025484307,0.06774764,0.1962216,0.13416308,-0.35800683,0.04552176,0.20278513,-0.2853921,0.04625005,-0.08973703,-0.030862506,-0.17693451,0.18255214,-0.0035416293,-0.18499562,0.17859942,-0.065530196,-0.12043933,-0.010442358,0.09477846,-0.09862031,-0.014909809,0.080035284,0.066118166,0.054193933,-0.14274138,0.19078541
35,0.6152903,0.36328012,-0.7664227,0.091567114,-0.44056773,-1.0808055,0.14397134,-0.28405997,-0.005450368,-1.0305356,-0.38952067,-0.08521046,-0.87781227,-0.4980465,-0.37510574,0.07719604,-0.35483822,-0.000333447,-0.21056014,0.18940298,-0.055177525,0.21497488,-0.29881027,0.29183075,-0.0400941,-0.22684239,-0.044484355,0.6027558,0.34106863,0.17002337,0.09059659,-0.300057,-0.123687536,-0.4528499,0.18407175,2.8864944,-0.47837776,0.13767545,0.21596888,0.17380673,0.09737073,-0.07464886,0.16983037,-0.37987423,-0.027862623,-0.08208431,0.14631549,-0.14017537,0.040686794,-0.05206173,-0.049703285,-0.26556283,-0.32415074,-0.25747657,-0.023971519,-0.2617048,0.13720006,-0.19117156,-0.062189404,-0.07490405,0.034861505,-0.011898173,-0.044642914,0.06731778,0.10620758,-0.13260877,0.064689875,0.031902708,-0.12419361
36,-1.0051436,2.0721428,-1.1624353,-1.0031261,0.2700609,-0.69757485,-0.4247793,-0.6024666,-0.78311116,0.26627022,-0.051677376,0.6331485,0.026993018,-0.68323743,-0.078005284,-0.0034721717,-0.047033135,-0.25663793,-0.38053548,0.7134589,-0.103422135,0.5801139,-0.4847604,-0.4237734,0.39638132,-0.007866504,0.03318197,-0.46806866,-0.4368449,0.02668434,-0.25503728,-0.3206471,0.075670004,0.041765273,-0.15168247,-0.47837776,2.764791,0.15949464,-0.3043029,0.0049327766,0.3471837,-0.15293986,0.1931807,0.0056018075,0.06585395,-0.12917452,0.067341834,-0.025567465,0.059107795,0.052404065,0.12106013,0.042634685,-0.105734944,0.14806606,-0.14205557,-0.20024607,-0.12019257,0.011308948,-0.23067778,0.17773005,-0.06494673,-0.118944846,0.0558082,0.11616242,0.32072717,-0.10521668,-0.124807306,0.033046056,0.083386585
37,-0.48118547,-1.8783393,1.3047922,-0.0048770383,0.26631746,0.60897064,-0.10445891,-0.58009726,-1.2837329,-1.1081994,-0.1535654,0.053453207,0.38716322,-0.09017907,-0.22972715,0.5278212,-0.5147504,-0.4629473,0.18251494,0.43599284,-0.7200401,-0.23104256,0.23361963,0.23923996,-0.6460302,0.08660711,-0.48868617,-0.4200276,0.12559551,-0.43683824,0.03040789,-0.31816402,-0.24097249,0.08899164,0.1534507,0.13767545,0.15949464,2.4814484,-0.105445154,0.13694207,-0.13829681,-0.37609664,0.21142584,-0.053175382,0.15028116,-0.007890989,-0.151717,0.07382545,0.0049750656,-0.34794158,-0.06357542,-0.14420709,-0.096605554,0.25598133,-0.04849951,-0.06226272,-0.21127272,-0.18877745,0.10193346,0.124995425,-0.25843722,-0.09001235,0.1802066,-0.13902214,0.07114732,-0.0729875,0.11028817,-0.06492729,0.08009063
38,-1.3399127,-0.22762841,0.46914905,-0.7247645,-0.20240363,-0.090531565,-1.4078009,-0.7466104,-1.1052468,-0.6065274,0.03444316,0.3726002,-0.886193,-0.62897456,-0.18893231,-0.07194553,0.1572726,-0.21612777,-0.48468557,0.7661741,0.1556757,0.48890823,0.29253095,-0.5139562,0.051108215,-0.33952308,-0.28751165,-0.36820734,-0.2155712,0.17759895,-0.18581331,-0.25359258,0.17032123,0.59260684,-0.3208592,0.21596888,-0.3043029,-0.105445154,2.3409698,0.042107448,-0.062851,0.053036254,0.013346055,-0.0722018,-0.21063435,0.2940466,0.088844754,0.07700509,-0.16720423,0.20208359,-0.06514379,0.08309695,0.30801287,-0.07186991,0.22854656,-0.07606874,-0.112864785,-0.21848759,0.038903385,-0.050769117,-0.00041254057,0.022714201,-0.06436172,0.093165934,0.015825799,0.25351113,-0.0013780387,-0.017421858,0.066587284
39,-0.7563827,0.3964035,0.21961647,-0.5635568,-0.1722428,-0.2505921,0.65463364,-0.7428627,0.5293257,-0.4998482,-0.5072808,-0.62413096,-0.1304478,0.44079292,0.107555315,-0.5621524,-0.120291,-0.19777614,-0.07673991,0.19044742,0.52333546,0.16181313,-0.16438982,0.027064491,0.4636299,-0.13824566,-0.024427492,-0.0010166091,0.39509332,0.5238805,-0.10792728,0.27585906,-0.16299263,-0.22159669,-0.1466511,0.17380673,0.0049327766,0.13694207,0.042107448,2.3399575,-0.01287996,-0.0030584815,0.14154892,-0.1816929,0.095622405,0.08393483,-0.11962344,-0.13677096,-0.09137112,0.26197848,-0.08686212,0.07507821,-0.07277705,0.40985918,0.2231524,0.29609996,-0.17501324,0.12846082,-0.0042667794,0.046027176,-0.16288537,-0.17467031,-0.13517551,-0.10973486,-0.08009921,-0.03624282,0.12480299,0.07452503,-0.023285622
40,1.1608102,-0.7383579,0.15200984,0.79536855,-0.65171415,-0.2353647,-0.9623636,0.545648,-0.5219346,0.27646977,-1.1917526,-0.3536095,-0.4685855,-0.47027707,0.73209023,0.7173697,-0.18946847,-0.054617316,0.4167835,0.49492174,0.16683078,0.44994864,0.2681805,-0.33872783,0.27942818,0.14614844,0.58780694,0.04268687,0.09591253,-0.46835744,-0.12903145,-0.1188868,0.26735443,-0.3005026,0.5565502,0.09737073,0.3471837,-0.13829681,-0.062851,-0.01287996,1.791526,0.24496499,0.03752292,-0.08898932,0.28099388,-0.03760446,0.18340272,-0.1285478,-0.1186449,-0.10932048,-0.0063900244,-0.009927084,0.2642042,0.06927547,-0.16967466,0.12721804,-0.14327428,-0.13372761,-0.013242449,-0.021447662,0.11841192,0.08382507,-0.16727185,0.030644886,0.02968104,-0.041036025,0.2263402,-0.0034333926,0.10585931
41,0.40754074,-0.16772842,0.1795861,0.56402534,-0.2863556,0.53944856,0.31582576,-0.22045016,0.29338422,-0.84187806,0.2528413,0.026863392,0.55892754,0.17700376,-0.07029893,0.36503306,-0.6271064,-0.3017434,0.6432371,0.5312251,-0.5696628,0.021939559,-0.49898785,-0.51515496,-0.06607321,0.22116476,-0.1512974,0.24282086,0.32824492,0.03826261,-0.22837633,0.25764674,0.43447894,0.08546988,-0.07668649,-0.07464886,-0.15293986,-0.37609664,0.053036254,-0.0030584815,0.24496499,2.0981534,-0.104534134,-0.21749303,-0.18132049,-0.14304926,0.034734704,-0.016577793,0.17207281,0.07653965,-0.0933972,-0.016375069,-0.20882206,-0.01848364,-0.09524548,0.025426587,0.020225294,0.1395269,0.051077805,-0.037825882,-0.17062563,0.048034847,0.045435704,-0.16939089,0.024710046,0.04660657,-0.021951016,0.039122228,0.07488778
42,-0.18775223,0.2050746,0.39205396,-0.89058816,-0.44406748,-0.6148485,-0.7459335,-0.018423319,0.0903541,0.02971049,0.7479455,0.44392303,-0.71845686,-0.32299307,-0.27697498,0.6540064,0.18069056,-0.19886929,-0.22392738,-0.095749624,-0.13970333,-0.17703953,-0.16997318,-0.23097667,0.4481101,0.073733516,-0.17475572,-0.08132726,-0.44042742,0.20678183,-0.09622973,0.0027737403,0.08927468,-0.17916045,0.025484307,0.16983037,0.1931807,0.21142584,0.013346055,0.14154892,0.03752292,-0.104534134,2.082651,0.061733536,0.10862587,-0.14238492,0.2901625,0.06647383,-0.033775344,-0.17038898,0.046649095,0.07825866,-0.16390003,-0.1446707,-0.3087352,0.0227458,-0.28787538,0.13765532,0.06557866,-0.00686551,-0.051419266,0.07481912,-0.16259445,0.11248106,-0.24574354,-0.06732893,-0.009376444,0.105492145,0.06946932
43,-1.6075263,1.0001907,-0.7229897,0.4139767,-0.14275366,-0.55253047,-0.58438253,-0.40097898,0.025110692,-0.6166072,0.19844049,-0.09279558,-0.61559355,0.35551324,-0.15351096,-0.29584435,-0.40782455,0.31527102,-0.24629728,0.5643883,-0.22583067,0.045702055,-0.14484406,0.5774098,-0.20010494,-0.32285213,0.12160886,-0.022778623,0.23695624,0.0221969,0.05083245,0.24043855,0.13899258,-0.28664607,0.06774764,-0.37987423,0.0056018075,-0.053175382,-0.0722018,-0.1816929,-0.08898932,-0.21749303,0.061733536,2.2215219,-0.087818205,-0.12291943,-0.0882385,-0.018636998,0.13510776,0.115139246,-0.017422475,-0.14745921,-0.088921785,-0.083211794,0.0051121935,-0.02641866,-0.056915596,-0.032555077,0.009353409,0.043069944,0.10942399,-0.012289243,-0.0043573696,-0.0069969823,-0.20098257,0.0069800615,0.08643085,0.0879848,0.14763317
44,-2.0843725,1.0445292,-0.4330945,-0.36433035,-0.15299134,0.47990313,-0.54297554,-0.5129024,-0.03125871,-0.03179179,-0.06723432,-0.110126846,0.27418536,0.44798702,0.30409372,0.33102044,-0.3491247,-0.021766488,0.19543098,-0.13521203,-0.15736887,0.046737462,0.20990902,0.19534427,-0.009634633,0.13329539,-0.32846117,-0.3965792,0.025813334,-0.2229445,-0.17270714,0.03364518,-0.051787294,-0.0065774303,0.1962216,-0.027862623,0.06585395,0.15028116,-0.21063435,0.095622405,0.28099388,-0.18132049,0.10862587,-0.087818205,1.7759082,0.17500535,0.13870727,-0.056317404,0.0041201916,0.49608555,-0.045872763,0.03972089,-0.061861135,-0.106010474,-0.1026657,0.048539117,0.2709937,-0.22514991,-0.12809728,-0.2524388,0.028159698,0.06844426,-0.12333109,-0.071971156,-0.05655821,0.0660634,-0.046968594,0.012217397,-0.07862065
45,-0.11092675,0.7189582,-0.5610327,0.21421233,0.5765578,-0.81455326,0.18099597,0.04499171,-0.11172478,0.66889304,-0.5726626,-0.26147625,0.30987158,-0.11991465,0.18054445,0.18288302,0.095710255,0.70153093,0.07930499,-0.008771979,-0.15011376,0.26724017,0.14152475,0.09656042,0.16088599,0.27200967,-0.26611865,0.2573082,-0.28436878,0.1712909,-0.1070992,-0.30186057,-0.08759211,0.039454248,0.13416308,-0.08208431,-0.12917452,-0.007890989,0.2940466,0.08393483,-0.03760446,-0.14304926,-0.14238492,-0.12291943,0.17500535,1.7853456,0.15835637,-0.21640942,0.26285997,-0.0006526011,0.11933097,-0.14037037,0.12727323,0.08523612,0.0636133,-0.2147517,0.042215705,0.15558566,-0.06870462,0.15594935,-0.072420664,0.10331225,0.052041784,0.029410426,-0.13539454,-0.19072689,-0.0121068675,-0.004099739,0.1662964
46,0.4777478,-0.057586975,0.29853407,-0.6514305,-0.45465928,-0.1020723,0.099423185,0.09534381,0.31495023,0.3451862,-0.48095047,-0.24954872,-0.034579292,0.2970597,-0.30444926,-0.014134733,0.08562441,-0.054921124,-0.092379,-0.32945606,-0.43538234,0.038631625,0.59552175,-0.005431042,-0.4341725,-0.010368936,0.034748908,-0.3864279,-0.17559344,-0.24156258,-0.3355192,-0.05978974,-0.046279773,-0.1912503,-0.35800683,0.14631549,0.067341834,-0.151717,0.088844754,-0.11962344,0.18340272,0.034734704,0.2901625,-0.0882385,0.13870727,0.15835637,1.5941342,0.35383648,0.16387665,0.020897819,-0.3755588,-0.12347822,-0.01190193,-0.1425072,-0.085586965,-0.07934998,-0.21309385,-0.012231844,-0.18499264,0.097514845,0.0045925174,-0.05415182,-0.11767269,-0.03053375,0.12235391,-0.06853998,0.05235392,0.2675287,0.19023208
47,-2.9403768,0.97407734,-0.15868977,-0.19895537,0.7011272,1.344203,0.10506156,-0.35213542,0.005017465,0.06601789,0.10936336,-0.05729471,-0.20134734,0.26070145,0.5133609,0.6818794,0.35710108,-0.15263602,0.1141209,0.1936351,-0.6367928,0.36814034,-0.21764526,0.054894112,0.15297034,-0.16066338,-0.23426434,-0.14225416,0.119248055,0.41476434,0.20774844,0.023472333,-0.1278672,0.04825024,0.04552176,-0.14017537,-0.025567465,0.07382545,0.07700509,-0.13677096,-0.1285478,-0.016577793,0.06647383,-0.018636998,-0.056317404,-0.21640942,0.35383648,1.2113564,0.24453986,-0.021983631,-0.06384296,-0.122381985,0.2563463,-0.0066644186,0.09130431,0.12363421,0.07835704,0.18809432,-0.17901042,-0.18046725,-0.094355226,0.03875517,0.12156448,0.08733347,0.06566294,-0.089063175,0.1133527,0.038774468,-0.10128699
48,-0.6915617,0.39010578,-0.4507343,-0.036491387,0.23947135,-0.107089356,0.091012746,-0.69625705,-0.13425396,-0.893015,-0.09360734,0.28785178,-0.35847276,0.07279717,-0.36426827,0.19063032,-0.52487147,0.35685116,-0.088367,-0.2648515,0.17354366,-0.03910163,0.0040335287,-0.049797542,0.16137731,-0.20233013,0.05010805,-0.20980911,0.20372975,0.16099274,-0.03318688,-0.24967332,0.53867406,-0.17740025,0.20278513,0.040686794,0.059107795,0.0049750656,-0.16720423,-0.09137112,-0.1186449,0.17207281,-0.033775344,0.13510776,0.0041201916,0.26285997,0.16387665,0.24453986,1.4036202,0.042274807,-0.095990576,-0.10715644,-0.031306747,0.06021467,0.10062914,0.09143077,0.082287654,0.019359099,-0.03545672,0.067243986,-0.087696105,0.12835625,-0.044363346,-0.056254856,-0.002088379,-0.0144500695,-0.15331694,-0.21385098,0.0812067
49,-0.43874422,-0.1294604,0.18282689,0.4386776,0.109209806,0.49286956,-0.08184549,0.1668526,-0.7727777,0.080929846,0.8714198,0.85505795,-0.35875925,-0.28940213,-0.48488218,0.33872938,0.2877881,-0.14088047,-0.012273446,0.23477009,0.03015329,0.0074988855,-0.14873216,0.012905555,-0.22881457,0.12209726,0.112086736,0.137935,0.17457117,-0.1630595,0.22336149,0.074968085,-0.120297745,-0.12097993,-0.2853921,-0.05206173,0.052404065,-0.34794158,0.20208359,0.26197848,-0.10932048,0.07653965,-0.17038898,0.115139246,0.49608555,-0.0006526011,0.020897819,-0.021983631,0.042274807,1.3615656,0.1628327,-0.141249,-0.007977169,-0.13292369,0.015327528,-0.021719877,-0.07907458,-0.0041575423,0.013914565,0.08713296,0.03403657,-0.0038991407,-0.005084632,-0.021355499,0.08986461,0.021992646,0.063565366,-0.06076167,-0.08543016
