,0,1,2,3,4,5,6,7,8,9,10,11,12,13,14,15,16,17,18,19,20,21,22,23,24,25,26,27,28,29,30,31,32,33,34,35,36,37,38,39,40,41,42,43,44,45,46,47,48,49,50,51,52,53,54,55,56,57,58,59,60,61,62,63,64,65,66,67,68
0,112.11458,-12.907524,3.7642775,-17.462692,-34.752712,-4.3675,11.59059,7.803725,16.19564,23.965702,-14.64823,-7.5238147,1.1598024,0.58874583,3.7479928,4.4382663,-0.9193342,-3.3389401,-7.069443,1.9626265,0.43425146,-12.345106,4.015276,-8.813076,0.58588487,1.7754836,3.6966615,7.68429,4.2643676,2.3463192,-1.6191664,-1.1886364,2.81075,5.0119963,1.3292816,-0.84309804,1.0950204,0.7156143,1.6916993,1.1221459,-1.9140193,-0.3479448,-0.19389825,2.7795238,2.3589277,0.72335935,-1.3742019,4.64762,1.2855729,0.8641303,1.1724075,-0.027893957,-2.3832767,0.2296621,-1.1945386,-2.6632915,-0.7444867,-2.0871472,0.036270116,-0.12950271,-1.9870384,-1.0832696,0.30369782,0.9685463,1.0336534,0.29329765,1.298841,-0.6938027,-0.52155435
1,-12.907524,94.33339,-58.108444,0.7036427,-0.68317205,11.431105,-1.7022009,8.819786,-26.077612,15.798481,-12.733969,4.4519644,2.4296644,-3.5714111,-0.8051976,-3.4387102,-0.4940418,6.319127,3.4935632,2.8071723,4.774667,-3.8491385,-1.4661264,-0.4310695,-0.42870635,-0.12467326,-0.30683005,-4.7659073,1.2445018,1.5296955,2.0111659,5.0988913,1.8184311,-0.5804932,-1.7641288,-0.65677035,-2.7180946,3.287318,0.5158181,-0.7836343,1.3687655,-0.07244987,0.12723598,-1.8280787,-1.1137854,-1.3389695,0.84273326,-1.5277431,-0.5642388,0.29647547,-1.0960484,-1.674015,-1.8781462,0.19140872,0.531743,0.17852396,0.12499112,0.7981129,0.47673687,0.47679505,0.6837292,0.34498498,0.3049006,-0.38365465,-0.5785095,-0.2634238,0.2732541,0.74279785,0.4768547
2,3.7642775,-58.108444,41.619244,-18.798285,3.1842666,-8.138535,4.303647,-3.0461755,8.563807,-10.05768,12.175295,-3.9684024,-3.0285344,4.1798115,1.478564,2.7316108,0.8250576,-4.679615,-1.9161893,-2.142076,-3.660782,3.0423732,0.39893663,-0.81257427,0.27758828,-0.1089268,-0.9170245,3.0956633,-0.6170655,-0.58507514,-1.3510764,-2.2333784,-1.9178891,0.7602782,0.6882052,1.1894441,1.8538147,-2.0704246,-0.75720316,-0.33707386,-0.23584627,-0.337036,-0.5845671,1.1250707,0.7295854,0.83950245,-0.50410074,0.31066412,0.80074835,-0.34112978,0.37985623,1.4813476,1.0514345,0.0032617338,0.16851081,0.3566706,-0.30717093,-0.115707055,0.2383619,-0.43225178,-0.5119228,0.028241929,-0.5682545,-0.02608455,-0.057656683,0.123042986,-0.00062024465,-0.47639546,-0.29614073
3,-17.462692,0.7036427,-18.798285,97.2234,-6.4752107,11.172302,-18.473772,-11.494431,31.521214,-3.5598583,-8.542197,9.131117,8.406355,-6.880728,-5.831871,0.8769001,2.9231553,1.3351239,2.7234771,1.262658,6.0664806,2.1490934,0.106805176,4.2917767,-0.2818602,3.861204,-1.3758341,-2.3111615,-1.5455711,-0.938576,-0.20700009,-0.5831491,-0.020720711,-1.9571881,-1.1714528,-0.0541009,1.1500685,-0.18241796,1.083319,1.0299506,-1.412447,-0.46053755,0.9618773,-0.3779308,0.10663971,-0.15494967,0.5415091,0.2669689,-0.13195366,-0.73851675,-0.7835381,-0.52010334,0.72844726,-0.41837475,-0.08975294,0.09796884,-0.4730413,0.77756,0.46957552,-0.5260174,0.4991727,-0.45176828,0.445409,-0.3990032,0.94185174,0.32010567,-0.4106463,-0.016951166,0.20805198
4,-34.752712,-0.68317205,3.1842666,-6.4752107,50.121494,-7.088022,15.530544,6.084269,-2.771706,-10.399086,3.341888,-7.7839127,2.2193003,2.4744678,-9.332014,-3.9451556,7.911154,1.1100569,6.908021,1.227953,0.6251962,2.7849412,-1.325152,0.14963996,2.612589,1.9736534,0.19183898,-2.6084218,-0.8779115,-1.3987298,2.296056,-0.06304681,-0.07265003,0.23652342,1.928635,0.74905473,-0.5883931,-0.5233609,0.29455173,0.29209358,1.0232904,0.5887315,0.54507494,0.32246828,0.08584207,-0.8780663,0.54041916,-1.171615,-0.473,-0.20030773,-0.23992303,-1.143383,0.92552227,0.32248724,-0.5019349,0.14058572,0.46063852,-0.2468304,0.28412294,0.14119777,0.82354295,-0.08834742,0.09900051,0.6999109,0.12353182,0.29879552,-0.7677882,0.3679002,0.603571
5,-4.3675,11.431105,-8.138535,11.172302,-7.088022,17.50077,-2.9985437,2.9576936,-1.8513076,2.3195832,1.5489631,4.422981,3.3675933,0.25798932,3.1236207,1.1257443,-1.3112473,-1.6609516,3.5865977,1.1844246,-0.081888,-0.5911628,1.6003304,0.6727716,-2.86669,0.50326353,-0.649601,-1.1449955,1.4652708,1.0410782,1.4710252,1.1287777,0.52721727,1.1430335,-2.4244294,1.824064,0.96969765,-1.1257974,0.34719223,0.686086,0.19530246,-0.7915283,0.546159,1.1087472,-0.8282615,1.2742089,-0.106107876,-2.044352,-0.035693526,-0.90168417,-0.05759284,-0.036661897,0.6660378,-0.44346842,-0.29232162,1.1566315,0.34127802,0.38127896,-0.8210958,-0.94433945,-0.7926642,0.14487794,0.832309,-0.8485675,0.39395577,0.5528295,-0.10562494,-0.29608142,0.16967547
6,11.59059,-1.7022009,4.303647,-18.473772,15.530544,-2.9985437,19.230228,2.8993526,1.3370047,-1.6373324,-3.1417832,-6.463726,2.7067077,3.185909,-3.6923752,-2.2600403,2.9465675,-2.4690895,1.1320858,-0.13420764,0.03678237,-2.8942988,-0.21806553,-2.3138843,1.0096343,1.4531845,0.91453254,1.5757169,3.9133008,1.7965796,1.0173602,1.1263964,-0.11724979,1.0683745,0.18225887,-0.18012981,0.61080277,0.30063736,1.8904822,-1.3120233,1.6769836,-0.49604547,1.3161254,0.79573417,0.52310765,-0.065946504,-0.101839945,-0.28516784,0.044621125,0.26739174,0.23554102,-0.34603888,-0.42738086,0.30244553,0.013125203,-0.22454894,0.69576913,-0.45210966,-0.41155553,0.10368191,-0.5064033,0.6594268,-0.085582584,0.050308313,0.62639856,-0.2266421,0.055879306,-0.2959345,0.078963235
7,7.803725,8.819786,-3.0461755,-11.494431,6.084269,2.9576936,2.8993526,16.201496,-6.7893147,6.4734917,6.247508,-4.1770396,-1.3601513,3.3185391,1.8599827,-0.5534896,0.7853065,1.5508653,5.5498686,1.571738,3.6314726,0.5960784,2.925242,-0.06142696,-1.466397,1.9528358,1.2228718,1.5520353,-0.5641038,0.5002797,0.42584634,-0.29296392,0.6784658,0.19145866,-0.30185604,0.64341474,0.6458542,0.8792599,0.85189414,0.973366,-0.8246285,0.6396607,-0.023882486,0.663093,0.23808797,0.25420496,-0.5143894,0.4462201,1.1578414,-0.18178166,-0.31726947,0.33499956,-0.48788562,-0.36576438,-0.7416842,-0.42944556,-0.3322938,-0.18096504,0.23853159,-0.58009064,0.20824337,-0.54978085,0.30718312,0.19067542,0.042355932,0.5382822,-0.050616283,0.3394869,0.121900484
8,16.19564,-26.077612,8.563807,31.521214,-2.771706,-1.8513076,1.3370047,-6.7893147,37.402267,1.4034095,3.7001572,-1.1844311,3.660276,4.917238,-1.9474078,1.1473155,2.444888,1.0045631,-2.555172,1.1601617,-0.2664396,-0.971102,-1.0000973,-0.14657822,2.7050672,1.3381915,1.7793422,-0.115434326,1.0665209,0.6902218,-0.26677144,-0.57695526,0.7116305,0.6134173,0.38899398,0.03882163,1.2937107,2.023367,1.9081059,-0.80049175,0.7985396,-0.3484022,-0.20087634,0.058015637,0.12251367,0.2079371,-0.566448,-0.05191895,0.08403273,1.2698756,0.06506016,-0.67023706,-0.5405299,-0.28011185,0.33161497,-0.5250739,-0.4239427,-0.18412131,-1.2969103,-0.7386272,-0.5841211,0.01574794,0.096870214,0.94278365,-0.21461776,0.07407062,0.2799753,0.116316155,0.4637547
9,23.965702,15.798481,-10.05768,-3.5598583,-10.399086,2.3195832,-1.6373324,6.4734917,1.4034095,21.386934,0.34852862,0.42804188,1.8923749,4.8384075,4.1961517,4.334915,1.1729481,4.341541,-2.8220391,1.0111566,1.896781,-2.9411218,0.62523323,-2.4625635,0.28090417,1.2962791,0.75718695,-0.9315011,-0.8186114,-0.8546177,0.021034006,0.8106867,0.14594993,2.1062346,0.56152976,1.6312811,-0.48646766,1.7389426,1.1654601,0.98667943,-0.54172796,1.2794644,-0.22664183,1.1487849,0.08331488,-1.1919336,-0.7253201,0.0031208242,1.414706,-0.21577483,0.20948471,0.20345907,0.05882214,0.2700617,0.18289588,-0.7780689,-0.056171916,0.09580833,0.03816034,-0.034569625,0.07978132,-0.6209924,0.090829976,0.036170274,0.32484686,-0.3132189,0.11348583,0.14898404,0.15243606
10,-14.64823,-12.733969,12.175295,-8.542197,3.341888,1.5489631,-3.1417832,6.247508,3.7001572,0.34852862,27.911009,3.2556157,-3.0696409,10.11319,1.5248672,1.1631854,-1.211129,2.7858644,0.27661008,2.7280564,1.5861881,3.6490917,-2.1768072,2.1634827,-1.1840813,0.1009983,1.1867111,-1.1469531,-0.5072678,-0.1007965,0.76841223,-0.038461376,-0.22941071,-0.2082394,-0.4808722,0.57957405,0.23558326,0.2923313,0.017869685,0.81514996,1.9395611,-0.4665584,-1.0987171,-0.37398833,0.28474283,0.8712888,1.0005927,-0.1760506,0.15274043,-1.4018419,0.33645895,1.0141444,-0.88707244,-0.61978567,0.83813095,0.245012,-0.40373656,0.23057406,0.06294463,0.007761756,0.21510051,0.13912824,0.48431796,0.06063159,-0.121153936,0.38062614,-0.43787524,-0.27798128,0.2860406
11,-7.5238147,4.4519644,-3.9684024,9.131117,-7.7839127,4.422981,-6.463726,-4.1770396,-1.1844311,0.42804188,3.2556157,7.2028847,0.5249143,-2.1078131,0.5162822,0.3493568,-0.8681776,-0.5910072,-1.8373649,0.5409869,0.31005865,0.71322405,-1.6255515,0.22578257,-0.35470605,-0.39025047,0.14517023,-1.3052237,-0.2395447,-0.630067,0.37208307,0.8382257,-0.32658958,0.25128052,-1.2654345,0.1429458,-1.0233774,0.017115125,-0.82576615,0.80666935,0.6773318,-0.13331391,-0.51827276,0.011639781,0.04001201,0.50069284,0.57870984,0.04231506,-0.32417566,-1.3122523,0.63749206,0.6282994,0.0032043278,-0.4820286,0.28451037,0.4254619,0.15275614,0.14333175,-0.3936523,0.50633836,0.19888142,0.4367231,0.1705039,-0.31062037,0.15601029,0.059735835,-0.34007397,-0.35167447,-0.1026305
12,1.1598024,2.4296644,-3.0285344,8.406355,2.2193003,3.3675933,2.7067077,-1.3601513,3.660276,1.8923749,-3.0696409,0.5249143,7.888331,-0.95597875,0.52117056,-1.5588648,1.0063068,-0.7877891,1.7070191,-0.98258483,-0.80647683,-0.62044215,-0.7104181,-0.6650567,0.31001502,1.8813655,0.5536605,-1.4185537,-0.0076076193,-1.7139025,-0.16750579,0.8214482,-0.42295864,1.4219223,0.091122836,1.4263237,-0.08791846,-0.6207735,1.3579954,0.19398767,0.7765285,-0.9392953,1.1669874,0.9808382,-0.5340947,-0.44923538,0.015796298,0.3288942,0.65411156,0.5843608,0.61481124,0.36941755,-0.49987066,0.8833972,-0.0019639102,0.23464508,0.5509229,0.05293952,-0.11280562,0.11698304,-0.311121,0.41127676,0.55907774,-0.38501537,0.15599856,-0.055568323,-0.12423031,-0.391568,0.26289147
13,0.58874583,-3.5714111,4.1798115,-6.880728,2.4744678,0.25798932,3.185909,3.3185391,4.917238,4.8384075,10.11319,-2.1078131,-0.95597875,11.015281,0.7338438,2.9919143,-1.7172136,3.030655,-0.861264,1.392112,0.85302645,-1.3205676,-0.6498761,0.7668171,-1.0529896,0.24659452,-0.15355662,-1.2626338,1.4122012,0.41398042,0.8442731,0.5656355,0.28789476,-0.52533394,1.1761681,0.7723875,1.1201019,0.08535073,1.2535574,-0.5218742,0.6568304,-0.29733348,0.35969165,-0.43170464,-0.5473212,0.06314318,-0.5533346,-0.35060114,-0.26075867,0.38947827,-0.88319385,-0.13016468,0.35865563,0.14491682,0.31127858,0.09791483,-0.031226972,0.16308697,0.053532306,-0.14244118,0.13397472,-0.010525275,-0.228344,-0.09952181,0.47610834,-0.31480253,-0.24815372,0.13342576,0.4204859
14,3.7479928,-0.8051976,1.478564,-5.831871,-9.332014,3.1236207,-3.6923752,1.8599827,-1.9474078,4.1961517,1.5248672,0.5162822,0.52117056,0.7338438,5.920832,1.1889486,-2.3888342,0.26523668,0.23007959,-0.25750327,-0.6552034,0.89516616,0.9353212,0.4258094,-0.4137101,0.18020162,0.6585791,0.06001591,-0.6550394,-0.24860805,-0.7279097,-0.33341926,-0.20969531,0.18933003,0.39679077,0.6578607,0.019685099,0.30011708,0.36299825,-0.104207166,-1.2535901,0.21607259,0.24647325,0.36780262,-0.6089437,-0.25294742,0.29159588,-0.80555475,0.5288301,0.75791,0.6167071,0.9315578,0.17693022,0.4422,-0.16194628,0.10231056,0.16493708,0.14498004,-0.69271076,-0.26070088,-0.3671773,0.1437271,0.28060296,-0.25310272,-0.334005,-0.1513682,-0.0073319497,-0.04335139,0.060651816
15,4.4382663,-3.4387102,2.7316108,0.8769001,-3.9451556,1.1257443,-2.2600403,-0.5534896,1.1473155,4.334915,1.1631854,0.3493568,-1.5588648,2.9919143,1.1889486,7.2040696,-0.84027433,0.116502926,-0.45955753,0.6421429,-0.36015177,-0.6076449,-0.24170464,-2.0086675,0.13277689,0.79986286,-2.0191932,-0.07896556,0.17880878,-0.43533576,0.011083433,-0.3844818,-0.10439934,0.018284038,1.1629204,-0.12979826,0.039395753,-0.7824498,-0.09394511,0.7160709,-1.0298866,-0.59990144,-0.74318653,0.31506425,-0.5917783,-0.18092366,0.16619155,-1.20124,-0.14332476,-0.45837006,-0.78265727,-0.08956022,0.36954993,-0.3186633,-0.09590227,0.077593446,-0.13237032,0.14459407,0.32003933,-0.65165114,-0.21756119,-0.13247791,-0.63361824,-0.3274337,0.24839047,-0.5353838,-0.11506714,-0.12829888,-0.037899993
16,-0.9193342,-0.4940418,0.8250576,2.9231553,7.911154,-1.3112473,2.9465675,0.7853065,2.444888,1.1729481,-1.211129,-0.8681776,1.0063068,-1.7172136,-2.3888342,-0.84027433,6.038842,-0.26120704,-0.6581516,-0.47228116,0.3085512,0.5733248,-0.038710255,-0.8100314,1.237447,0.4318457,-0.44039768,0.1974906,-0.7269528,-0.19114119,0.2927873,0.7482774,-0.996791,1.479533,-0.22175585,0.5367804,0.2279062,0.92263806,-0.2980203,0.12653181,0.3962211,0.969944,-0.0955323,0.5180956,0.6558955,-0.16094702,0.08556167,-0.5821408,0.9390702,-0.41973454,-0.09465105,-0.044671487,0.36361212,-0.4274361,0.3774225,0.06204245,0.020777393,-0.08220565,0.50377864,-0.12695363,0.09209788,-0.29605794,0.12265283,0.113166295,-0.04982789,0.5089904,0.3400587,0.11063397,-0.22809507
17,-3.3389401,6.319127,-4.679615,1.3351239,1.1100569,-1.6609516,-2.4690895,1.5508653,1.0045631,4.341541,2.7858644,-0.5910072,-0.7877891,3.030655,0.26523668,0.116502926,-0.26120704,5.4321113,-0.3603397,-0.5682261,0.33431447,1.0181544,0.33784392,1.1303389,-0.08678606,-0.45735103,0.4818845,-0.57778907,-1.0033534,-0.3588452,-0.66356885,-0.51323086,0.9941536,0.008852528,0.60270333,0.11595781,0.13893864,0.66881883,0.13203849,0.19994384,0.09227604,0.6575192,0.21947786,-0.4618327,-0.30373085,-0.9338547,-0.20923616,0.1648052,-0.60923547,0.27494293,-0.44053578,-0.67725754,-0.08379193,-0.063136816,1.0232778,-0.461762,0.28902465,0.17348999,0.09361986,0.17345986,0.29078206,-0.10861301,0.17395997,0.06180753,-0.30371827,0.038459815,-0.07557676,-0.024868242,0.20844203
18,-7.069443,3.4935632,-1.9161893,2.7234771,6.908021,3.5865977,1.1320858,5.5498686,-2.555172,-2.8220391,0.27661008,-1.8373649,1.7070191,-0.861264,0.23007959,-0.45955753,-0.6581516,-0.3603397,6.998429,-0.2843852,0.83775747,2.159362,1.5264492,-0.4301533,-0.24608181,2.2168946,0.37662494,0.36519766,-0.27262178,-0.23658937,-0.3653077,-0.3486954,0.59083843,-0.68819994,-0.45759213,0.41082346,0.40363878,-0.43877554,0.87334836,0.23137182,-0.7905009,-0.90792525,0.08238333,0.59579676,-0.4185797,-0.09093276,-0.16380876,-0.17700353,-0.030177267,-0.034552418,-0.57071507,0.0067973314,-0.51905936,-0.07155954,-0.46197897,0.27852482,-0.054182015,0.07974276,-0.40930942,-0.41904724,-0.0935989,0.44905117,-0.05185772,-0.110235974,-0.15627564,0.1596075,-0.11981861,-0.040162414,0.17933275
19,1.9626265,2.8071723,-2.142076,1.262658,1.227953,1.1844246,-0.13420764,1.571738,1.1601617,1.0111566,2.7280564,0.5409869,-0.98258483,1.392112,-0.25750327,0.6421429,-0.47228116,-0.5682261,-0.2843852,6.194454,1.3409004,0.2802358,-0.42837638,-0.49314433,0.123113394,0.48618248,0.5160935,-1.108144,1.4938006,0.45865148,0.6886192,-0.082440615,0.49156946,0.29550704,-0.0747382,-0.27828526,-1.1408446,-0.68014073,-1.3288798,-0.37854046,-0.7621598,-0.8364619,0.19745542,-0.958773,0.14960212,0.07957062,0.54515314,-0.35056284,0.47041208,-0.3361299,0.60964745,-0.16991228,0.093702406,0.33406815,-0.47853518,-0.3957252,-0.6214121,-0.70243376,-0.50419104,0.08164556,-0.31281835,-0.5019505,0.15428069,0.11433832,0.3965675,0.31713176,0.34028172,0.27349535,0.415495
20,0.43425146,4.774667,-3.660782,6.0664806,0.6251962,-0.081888,0.03678237,3.6314726,-0.2664396,1.896781,1.5861881,0.31005865,-0.80647683,0.85302645,-0.6552034,-0.36015177,0.3085512,0.33431447,0.83775747,1.3409004,6.627002,0.58916414,1.1102623,0.40065938,0.33734807,1.8090227,-0.47389755,0.4856271,0.62787193,1.365663,0.31061566,-0.45811886,-1.0970211,-0.7612604,-0.34686133,0.120893925,0.08625795,1.0582368,-0.17579204,-0.7842789,-0.3210771,1.0604619,0.09311862,0.4584657,0.24003479,0.24917105,0.5757556,1.0244346,-0.4065315,-0.06796309,0.09337731,0.8832917,-0.03208943,0.37284696,0.13844106,-0.11711419,-0.19393337,-0.29917634,0.2964543,0.091476955,0.07893437,-0.19966292,-0.51397884,-0.30393237,0.45147187,-0.17099456,-0.3466794,-0.07974074,-0.049506895
21,-12.345106,-3.8491385,3.0423732,2.1490934,2.7849412,-0.5911628,-2.8942988,0.5960784,-0.971102,-2.9411218,3.6490917,0.71322405,-0.62044215,-1.3205676,0.89516616,-0.6076449,0.5733248,1.0181544,2.159362,0.2802358,0.58916414,5.8350754,-0.0056384327,-0.3979243,1.0025485,0.1499974,0.6524478,0.61505985,-1.0030979,-0.6240331,-1.4992155,-1.0440466,0.06887017,-0.15657958,-0.7799309,-0.33598906,-0.8850766,0.40307885,-0.86199677,-0.31591552,-0.67561555,-0.13441572,0.4327055,-0.16747078,-0.07810894,-0.40742227,0.0045473706,-0.5957397,0.18705657,0.017402438,-0.34376597,0.25809592,-0.044327475,-0.36143172,0.8316184,0.27357218,0.23090447,0.10223529,-0.33765405,0.0655132,-0.065302394,0.05572023,-0.09163964,-0.45138896,0.21443993,0.09337379,0.26784652,0.08840694,0.089010246
22,4.015276,-1.4661264,0.39893663,0.106805176,-1.325152,1.6003304,-0.21806553,2.925242,-1.0000973,0.62523323,-2.1768072,-1.6255515,-0.7104181,-0.6498761,0.9353212,-0.24170464,-0.038710255,0.33784392,1.5264492,-0.42837638,1.1102623,-0.0056384327,3.941028,1.0178473,-1.2856779,0.4352154,-0.8846858,1.2132995,-0.07123192,0.8194217,0.09313373,-1.247719,-0.43653184,0.1523316,-0.7279657,0.432141,0.9379496,-0.2977677,-0.39439377,0.28026184,-0.3955755,0.6800989,0.37994996,0.14501925,-0.13986948,-0.33577216,-0.79187864,0.4047109,0.06889786,0.22526017,0.11258634,-0.4121287,0.6817614,-0.31321025,0.038108982,-0.26258639,0.04990681,-0.39238077,-0.54202724,-0.22232065,-0.23134752,-0.14289007,-0.08231329,-0.05479072,-0.51688766,0.12629242,0.028050095,-0.17071843,0.30478364
23,-8.813076,-0.4310695,-0.81257427,4.2917767,0.14963996,0.6727716,-2.3138843,-0.06142696,-0.14657822,-2.4625635,2.1634827,0.22578257,-0.6650567,0.7668171,0.4258094,-2.0086675,-0.8100314,1.1303389,-0.4301533,-0.49314433,0.40065938,-0.3979243,1.0178473,4.730798,-1.7539663,-0.67089987,-0.48048732,-0.034377903,-0.39600068,0.34551397,0.79774964,-0.4322035,-0.89860904,-1.4694681,0.35471633,-0.5151131,0.8042449,-0.34340426,0.89455605,-0.031147178,0.5574653,0.75552356,0.45072532,-0.99431884,-0.16532975,-0.23744258,0.13028526,-0.05755483,0.11705212,-0.03629577,0.54748,-0.18310183,0.19507575,0.18384881,-0.23288098,-0.15750018,0.17864726,0.017684516,-0.10286575,0.11144778,0.1323936,-0.3846301,0.57113063,0.015154887,-0.55671775,0.03327795,-0.13551517,0.07268806,-0.10402231
24,0.58588487,-0.42870635,0.27758828,-0.2818602,2.612589,-2.86669,1.0096343,-1.466397,2.7050672,0.28090417,-1.1840813,-0.35470605,0.31001502,-1.0529896,-0.4137101,0.13277689,1.237447,-0.08678606,-0.24608181,0.123113394,0.33734807,1.0025485,-1.2856779,-1.7539663,2.8451016,0.15117595,0.66141224,-0.18817262,-0.3181822,-0.3807263,-0.4143786,-0.07176241,0.111793295,0.34038347,0.6540381,0.07097115,-0.6631267,0.9936127,0.0044683926,-0.67776644,-0.50342286,0.14630848,-0.82352114,0.3918426,0.046440292,-0.2949128,0.62537146,-0.2260009,-0.33461708,0.3396243,0.2548729,0.029993452,-0.32745036,0.29517713,0.1625143,0.452829,0.027805852,-0.027096223,-0.16936408,0.12496367,-0.20760605,-0.094308704,-0.35865968,0.11742894,-0.1640049,-0.19251153,0.11962858,0.17825183,-0.07598247
25,1.7754836,-0.12467326,-0.1089268,3.861204,1.9736534,0.50326353,1.4531845,1.9528358,1.3381915,1.2962791,0.1009983,-0.39025047,1.8813655,0.24659452,0.18020162,0.79986286,0.4318457,-0.45735103,2.2168946,0.48618248,1.8090227,0.1499974,0.4352154,-0.67089987,0.15117595,2.5692468,-0.42420566,0.22485426,0.11806901,-0.14106202,-0.18251583,0.08228108,-0.70413387,0.08078683,0.19154742,0.35017183,0.08278503,-0.0760963,0.50723946,0.16888794,-0.18401924,-0.45173055,-0.0194235,0.43894315,-0.19128248,-0.45209688,0.15156099,0.26859888,0.41313368,-0.17939243,-0.11618079,0.6975253,-0.3349711,0.14328629,-0.1810985,-0.42663312,-0.0830567,-0.2649999,-0.23386273,-0.03693298,-0.16904417,0.56295764,-0.06162245,-0.09063469,-0.06973441,-0.026538845,-0.18683296,-0.104335666,0.031463847
26,3.6966615,-0.30683005,-0.9170245,-1.3758341,0.19183898,-0.649601,0.91453254,1.2228718,1.7793422,0.75718695,1.1867111,0.14517023,0.5536605,-0.15355662,0.6585791,-2.0191932,-0.44039768,0.4818845,0.37662494,0.5160935,-0.47389755,0.6524478,-0.8846858,-0.48048732,0.66141224,-0.42420566,3.7569482,0.55166745,0.5187105,-0.9115977,-0.25907812,0.40207154,1.6048543,-0.3952281,0.12590297,0.03938618,0.027824463,0.7668717,0.6551279,0.15089723,-0.9892689,0.13022041,0.25494766,-0.17299804,0.74992734,0.27263373,-0.01728067,0.45706803,-0.11690906,-0.2437141,0.75794566,0.13221769,-0.28918505,-0.213595,-0.24637818,0.08518487,0.26520634,0.01986926,-0.56619143,0.49372208,0.34252387,0.12469912,0.30123115,0.10806837,0.17170094,0.19034192,0.2151384,0.067356706,0.10818654
27,7.68429,-4.7659073,3.0956633,-2.3111615,-2.6084218,-1.1449955,1.5757169,1.5520353,-0.115434326,-0.9315011,-1.1469531,-1.3052237,-1.4185537,-1.2626338,0.06001591,-0.07896556,0.1974906,-0.57778907,0.36519766,-1.108144,0.4856271,0.61505985,1.2132995,-0.034377903,-0.18817262,0.22485426,0.55166745,3.2874417,0.5080668,1.3608446,-0.98473734,-0.70695186,0.58313596,-0.4700042,-0.3291702,-0.9280336,0.5983248,0.5737039,0.61559093,0.068394125,-0.15119171,-0.23004307,-0.056800827,0.14782852,0.523523,-0.36311555,0.4111182,0.19538546,0.22936878,-0.21800712,0.32618153,0.18375498,-0.09405133,-0.5642624,-0.1583736,-0.27763918,0.42539552,0.28637296,0.17538323,-0.092369765,-0.22252874,-0.16726115,0.003717021,-0.32666072,0.19009425,0.107240096,0.043087788,-0.15397461,-0.24607217
28,4.2643676,1.2445018,-0.6170655,-1.5455711,-0.8779115,1.4652708,3.9133008,-0.5641038,1.0665209,-0.8186114,-0.5072678,-0.2395447,-0.0076076193,1.4122012,-0.6550394,0.17880878,-0.7269528,-1.0033534,-0.27262178,1.4938006,0.62787193,-1.0030979,-0.07123192,-0.39600068,-0.3181822,0.11806901,0.5187105,0.5080668,3.0689166,0.65844357,0.5909333,0.8069481,0.11025362,-0.13123488,-0.22910668,-0.5367744,0.70753074,-0.17947581,0.2605933,-0.6936078,-0.11933833,-0.5288284,0.76386845,-0.44972792,-0.09745407,0.50429815,0.28577268,-0.20875421,-0.26986945,-0.2541731,0.3545947,-0.34180564,-0.12338118,-0.18395004,0.25872126,0.20490828,0.40462488,-0.41748095,-0.22869644,-0.15231843,-0.09827924,0.2224938,-0.3310818,-0.4010473,0.20938472,-0.0021860914,0.29214516,-0.22853523,0.018102642
29,2.3463192,1.5296955,-0.58507514,-0.938576,-1.3987298,1.0410782,1.7965796,0.5002797,0.6902218,-0.8546177,-0.1007965,-0.630067,-1.7139025,0.41398042,-0.24860805,-0.43533576,-0.19114119,-0.3588452,-0.23658937,0.45865148,1.365663,-0.6240331,0.8194217,0.34551397,-0.3807263,-0.14106202,-0.9115977,1.3608446,0.65844357,3.2764657,0.25125033,-0.38659263,0.28233963,-0.239747,-1.1086088,-0.29894656,0.022835443,0.6907465,-0.19381842,-0.793012,0.74206793,-0.08858335,-0.33464864,-0.039350316,0.4958896,-0.34873083,0.4361195,-0.6488067,-0.29350612,0.2402071,-0.17324807,0.052646674,0.28296012,0.06636919,-0.07564307,-0.33928317,-0.31364787,0.45362264,-0.031989597,-0.17194259,-0.40084875,0.11998253,0.13144201,0.18728533,0.15130067,-0.017238865,-0.13612917,-0.25432765,0.19308674
30,-1.6191664,2.0111659,-1.3510764,-0.20700009,2.296056,1.4710252,1.0173602,0.42584634,-0.26677144,0.021034006,0.76841223,0.37208307,-0.16750579,0.8442731,-0.7279097,0.011083433,0.2927873,-0.66356885,-0.3653077,0.6886192,0.31061566,-1.4992155,0.09313373,0.79774964,-0.4143786,-0.18251583,-0.25907812,-0.98473734,0.5909333,0.25125033,1.5434929,0.3647226,-0.67482936,0.020408861,0.13012761,-0.08081517,0.17516962,-0.20155501,0.2867577,0.25853795,0.11784616,0.52969134,-0.057329234,0.05129712,0.10305874,0.27263364,0.21542469,-0.37049896,-0.048834868,-0.37294507,0.35869956,-0.3549496,0.31273198,0.0052553588,-0.32059276,0.21105114,-0.116485,-0.266058,-0.1495662,-0.03405408,0.22885592,-0.001978368,-0.09007397,0.31389564,-0.0006377455,-0.12805521,-0.042427536,-0.12227087,0.07681103
31,-1.1886364,5.0988913,-2.2333784,-0.5831491,-0.06304681,1.1287777,1.1263964,-0.29296392,-0.57695526,0.8106867,-0.038461376,0.8382257,0.8214482,0.5656355,-0.33341926,-0.3844818,0.7482774,-0.51323086,-0.3486954,-0.082440615,-0.45811886,-1.0440466,-1.247719,-0.4322035,-0.07176241,0.08228108,0.40207154,-0.70695186,0.8069481,-0.38659263,0.3647226,2.366112,-0.14274457,0.07777604,-0.07877198,0.48760095,0.4720276,0.4492597,0.47803396,-0.37795877,0.14882797,-0.3312058,-0.09495629,-0.34497026,-0.037097983,0.46398324,-0.016607154,-0.017086469,0.34022,-0.15389009,-0.25190958,0.3852163,-0.07573506,-0.27775043,-0.06884235,0.43156308,-0.0864469,0.12037144,0.15863648,0.07138904,0.41117287,0.29246473,-0.10453677,-0.20438522,-0.18815921,0.24386597,0.1295932,0.10327679,-0.10382752
32,2.81075,1.8184311,-1.9178891,-0.020720711,-0.07265003,0.52721727,-0.11724979,0.6784658,0.7116305,0.14594993,-0.22941071,-0.32658958,-0.42295864,0.28789476,-0.20969531,-0.10439934,-0.996791,0.9941536,0.59083843,0.49156946,-1.0970211,0.06887017,-0.43653184,-0.89860904,0.111793295,-0.70413387,1.6048543,0.58313596,0.11025362,0.28233963,-0.67482936,-0.14274457,2.8759875,-0.11101711,-0.066007465,0.21110465,-0.09893109,0.37636194,-0.24498305,0.2841183,-0.43563884,-0.6776148,-0.15644592,-0.2127519,0.11013062,0.14157254,0.0755118,0.21288607,-0.8985475,0.19261953,-0.0915845,-0.30925164,0.0564918,-0.18519151,-0.35085836,-0.05483605,0.22829698,0.5511213,0.09525428,-0.04267915,0.013482846,-0.09650474,0.3426136,0.01379655,0.27273527,0.37313384,-0.15405187,-0.03131179,0.26813757
33,5.0119963,-0.5804932,0.7602782,-1.9571881,0.23652342,1.1430335,1.0683745,0.19145866,0.6134173,2.1062346,-0.2082394,0.25128052,1.4219223,-0.52533394,0.18933003,0.018284038,1.479533,0.008852528,-0.68819994,0.29550704,-0.7612604,-0.15657958,0.1523316,-1.4694681,0.34038347,0.08078683,-0.3952281,-0.4700042,-0.13123488,-0.239747,0.020408861,0.07777604,-0.11101711,2.3374078,-0.34126538,0.76315963,-0.26314795,-0.23420241,-0.9310906,0.4535467,0.3883168,0.038995855,0.0042995745,0.657923,-0.18353158,0.0004261611,-0.009526394,-0.06013783,0.141633,0.15566155,0.15777634,-0.08891274,0.018948372,-0.041959234,0.59270966,-0.07724625,0.08120021,-0.31740147,-0.007768605,-0.14033464,-0.307135,0.15968248,0.17991316,0.04430144,-0.1826097,0.23544721,0.083066255,-0.25194323,0.16679361
34,1.3292816,-1.7641288,0.6882052,-1.1714528,1.928635,-2.4244294,0.18225887,-0.30185604,0.38899398,0.56152976,-0.4808722,-1.2654345,0.091122836,1.1761681,0.39679077,1.1629204,-0.22175585,0.60270333,-0.45759213,-0.0747382,-0.34686133,-0.7799309,-0.7279657,0.35471633,0.6540381,0.19154742,0.12590297,-0.3291702,-0.22910668,-1.1086088,0.13012761,-0.07877198,-0.066007465,-0.34126538,2.3512027,-0.292888,0.23982492,-0.23391601,0.4827559,0.21036205,-0.88754153,0.12860629,-0.029621752,-0.12648588,-0.34090877,-0.19813654,0.5986154,-0.0832669,-0.32121658,0.47113252,-0.07250206,0.16413909,0.06095404,0.28888893,-0.2980758,0.030931504,0.2821575,-0.3059398,0.09642271,0.19775417,0.013549818,-0.16056228,0.15205328,0.05075585,-0.13393158,-0.08687218,-0.057787053,0.2281321,-0.307319
35,-0.84309804,-0.65677035,1.1894441,-0.0541009,0.74905473,1.824064,-0.18012981,0.64341474,0.03882163,1.6312811,0.57957405,0.1429458,1.4263237,0.7723875,0.6578607,-0.12979826,0.5367804,0.11595781,0.41082346,-0.27828526,0.120893925,-0.33598906,0.432141,-0.5151131,0.07097115,0.35017183,0.03938618,-0.9280336,-0.5367744,-0.29894656,-0.08081517,0.48760095,0.21110465,0.76315963,-0.292888,2.2450352,0.7631941,-0.24292019,-0.3345341,-0.26167348,-0.17844701,0.14288342,-0.35006177,0.6423216,0.015146107,0.13729922,-0.230034,0.23294398,-0.10058893,0.07839777,0.08217066,0.43138555,0.5094309,0.42844337,0.06877523,0.43692213,-0.21254216,0.3282392,0.09688777,0.11657438,-0.052698933,0.017571233,0.0636757,-0.120800376,-0.20065613,0.20725851,-0.12611504,-0.06216559,0.18451239
36,1.0950204,-2.7180946,1.8538147,1.1500685,-0.5883931,0.96969765,0.61080277,0.6458542,1.2937107,-0.48646766,0.23558326,-1.0233774,-0.08791846,1.1201019,0.019685099,0.039395753,0.2279062,0.13893864,0.40363878,-1.1408446,0.08625795,-0.8850766,0.9379496,0.8042449,-0.6631267,0.08278503,0.027824463,0.5983248,0.70753074,0.022835443,0.17516962,0.4720276,-0.09893109,-0.26314795,0.23982492,0.7631941,2.2046664,-0.20112698,0.46222293,-0.035180103,-0.5119115,0.18020731,-0.19779783,-0.0994208,-0.049012072,0.2089315,0.036715712,0.045158215,-0.015150391,-0.058274966,-0.1553902,-0.05501914,0.19542971,-0.27567172,0.14915484,0.29084107,0.15429628,-0.014789924,0.36131155,-0.25477433,0.10034658,0.2145713,-0.11225164,-0.16986316,-0.431167,0.16519144,0.2432957,-0.010301132,-0.083478905
37,0.7156143,3.287318,-2.0704246,-0.18241796,-0.5233609,-1.1257974,0.30063736,0.8792599,2.023367,1.7389426,0.2923313,0.017115125,-0.6207735,0.08535073,0.30011708,-0.7824498,0.92263806,0.66881883,-0.43877554,-0.68014073,1.0582368,0.40307885,-0.2977677,-0.34340426,0.9936127,-0.0760963,0.7668717,0.5737039,-0.17947581,0.6907465,-0.20155501,0.4492597,0.37636194,-0.23420241,-0.23391601,-0.24292019,-0.20112698,2.367019,0.17821635,-0.24311985,0.24231252,0.5459331,-0.26483393,0.038018327,-0.17786095,-0.013608504,0.31884044,-0.12406654,0.023626253,0.5654901,0.12671487,0.23385552,0.15768588,-0.43068612,0.040978666,0.063415386,0.33095065,0.31297106,-0.16621289,-0.191991,0.41993254,0.16631004,-0.27583247,0.21711518,-0.057375062,0.10298519,-0.16930723,0.13009399,-0.082914665
38,1.6916993,0.5158181,-0.75720316,1.083319,0.29455173,0.34719223,1.8904822,0.85189414,1.9081059,1.1654601,0.017869685,-0.82576615,1.3579954,1.2535574,0.36299825,-0.09394511,-0.2980203,0.13203849,0.87334836,-1.3288798,-0.17579204,-0.86199677,-0.39439377,0.89455605,0.0044683926,0.50723946,0.6551279,0.61559093,0.2605933,-0.19381842,0.2867577,0.47803396,-0.24498305,-0.9310906,0.4827559,-0.3345341,0.46222293,0.17821635,2.3630328,-0.107280314,0.12186918,-0.078637905,-0.00047680573,0.10331686,0.26269478,-0.4167562,-0.13311097,-0.14467311,0.2972748,-0.31020677,0.10126801,-0.110408954,-0.48110074,0.1302024,-0.36715794,0.18016538,0.14784932,0.3054101,-0.07783151,0.07811193,-0.014326066,-0.045727342,0.104390964,-0.08748929,-0.040838756,-0.3654418,0.057251148,0.03303158,-0.11920899
39,1.1221459,-0.7836343,-0.33707386,1.0299506,0.29209358,0.686086,-1.3120233,0.973366,-0.80049175,0.98667943,0.81514996,0.80666935,0.19398767,-0.5218742,-0.104207166,0.7160709,0.12653181,0.19994384,0.23137182,-0.37854046,-0.7842789,-0.31591552,0.28026184,-0.031147178,-0.67776644,0.16888794,0.15089723,0.068394125,-0.6936078,-0.793012,0.25853795,-0.37795877,0.2841183,0.4535467,0.21036205,-0.26167348,-0.035180103,-0.24311985,-0.107280314,1.7500106,0.02568851,0.06080496,-0.23121336,0.290061,-0.22229499,-0.083720274,0.14887711,0.2075009,0.14689632,-0.41278446,0.105321914,-0.11870669,0.13109764,-0.6507244,-0.33405358,-0.41700763,0.26712447,-0.24458909,-0.010945917,-0.09371203,0.25336206,0.26178223,0.22023427,0.22372475,0.07854188,0.09707792,-0.16823794,-0.121623926,0.013122549
40,-1.9140193,1.3687655,-0.23584627,-1.412447,1.0232904,0.19530246,1.6769836,-0.8246285,0.7985396,-0.54172796,1.9395611,0.6773318,0.7765285,0.6568304,-1.2535901,-1.0298866,0.3962211,0.09227604,-0.7905009,-0.7621598,-0.3210771,-0.67561555,-0.3955755,0.5574653,-0.50342286,-0.18401924,-0.9892689,-0.15119171,-0.11933833,0.74206793,0.11784616,0.14882797,-0.43563884,0.3883168,-0.88754153,-0.17844701,-0.5119115,0.24231252,0.12186918,0.02568851,2.661336,-0.4284132,-0.016109169,0.12435101,-0.40593782,0.034756493,-0.25857195,0.21623746,0.22257552,0.17620459,0.03858786,0.017682448,-0.43346396,-0.12760973,0.23895702,-0.25296795,0.2288053,0.23819372,0.018276116,0.0496576,-0.18557152,-0.113673404,0.26418984,-0.069574475,-0.003249574,0.04419624,-0.37432873,0.0147253685,-0.1490078
41,-0.3479448,-0.07244987,-0.337036,-0.46053755,0.5887315,-0.7915283,-0.49604547,0.6396607,-0.3484022,1.2794644,-0.4665584,-0.13331391,-0.9392953,-0.29733348,0.21607259,-0.59990144,0.969944,0.6575192,-0.90792525,-0.8364619,1.0604619,-0.13441572,0.6800989,0.75552356,0.14630848,-0.45173055,0.13022041,-0.23004307,-0.5288284,-0.08858335,0.52969134,-0.3312058,-0.6776148,0.038995855,0.12860629,0.14288342,0.18020731,0.5459331,-0.078637905,0.06080496,-0.4284132,1.6899474,0.10895115,0.37959868,0.2520773,0.26513836,-0.19494775,0.025220852,-0.282678,-0.123756014,0.11887491,-0.014106625,0.33195567,0.060104266,0.2077322,-0.03246569,-0.009390998,-0.23239726,-0.0700545,0.03804233,0.27144533,-0.0830524,-0.07392144,0.28440362,-0.07956386,-0.08554671,0.0055786464,-0.05727472,-0.1705283
42,-0.19389825,0.12723598,-0.5845671,0.9618773,0.54507494,0.546159,1.3161254,-0.023882486,-0.20087634,-0.22664183,-1.0987171,-0.51827276,1.1669874,0.35969165,0.24647325,-0.74318653,-0.0955323,0.21947786,0.08238333,0.19745542,0.09311862,0.4327055,0.37994996,0.45072532,-0.82352114,-0.0194235,0.25494766,-0.056800827,0.76386845,-0.33464864,-0.057329234,-0.09495629,-0.15644592,0.0042995745,-0.029621752,-0.35006177,-0.19779783,-0.26483393,-0.00047680573,-0.23121336,-0.016109169,0.10895115,1.7513368,-0.16044658,-0.06361785,0.18022206,-0.32412386,-0.0904635,0.13343999,0.27222648,0.0074832174,-0.10722071,0.2570505,0.19293168,0.4014125,-0.13724798,0.42341515,-0.18364704,-0.111086234,0.044673152,0.09614484,-0.064929485,0.22438039,-0.21289799,0.494713,0.065797105,0.016075848,-0.16634159,-0.0606386
43,2.7795238,-1.8280787,1.1250707,-0.3779308,0.32246828,1.1087472,0.79573417,0.663093,0.058015637,1.1487849,-0.37398833,0.011639781,0.9808382,-0.43170464,0.36780262,0.31506425,0.5180956,-0.4618327,0.59579676,-0.958773,0.4584657,-0.16747078,0.14501925,-0.99431884,0.3918426,0.43894315,-0.17299804,0.14782852,-0.44972792,-0.039350316,0.05129712,-0.34497026,-0.2127519,0.657923,-0.12648588,0.6423216,-0.0994208,0.038018327,0.10331686,0.290061,0.12435101,0.37959868,-0.16044658,1.3046134,0.05365778,0.23900285,0.044348888,0.024220143,-0.263201,-0.20145723,-0.013848256,0.22491018,0.13810988,0.16527584,0.062184945,0.11757471,0.093956634,0.017801853,-0.007628444,-0.0989127,-0.19367856,-0.009825987,0.03136708,0.032453395,0.26172823,0.017250003,-0.14355993,-0.15376852,-0.26783204
44,2.3589277,-1.1137854,0.7295854,0.10663971,0.08584207,-0.8282615,0.52310765,0.23808797,0.12251367,0.08331488,0.28474283,0.04001201,-0.5340947,-0.5473212,-0.6089437,-0.5917783,0.6558955,-0.30373085,-0.4185797,0.14960212,0.24003479,-0.07810894,-0.13986948,-0.16532975,0.046440292,-0.19128248,0.74992734,0.523523,-0.09745407,0.4958896,0.10305874,-0.037097983,0.11013062,-0.18353158,-0.34090877,0.015146107,-0.049012072,-0.17786095,0.26269478,-0.22229499,-0.40593782,0.2520773,-0.06361785,0.05365778,1.5904729,-0.26301697,-0.1060455,0.07430065,0.0896103,-0.77070105,0.12247777,-0.018342447,0.13057792,0.15352938,0.083336174,-0.07112179,-0.4932907,0.33193076,0.18804353,0.4308886,-0.05002388,-0.08188151,0.1740302,0.17294316,0.15289697,-0.08152318,0.1545046,0.008830631,0.1592592
45,0.72335935,-1.3389695,0.83950245,-0.15494967,-0.8780663,1.2742089,-0.065946504,0.25420496,0.2079371,-1.1919336,0.8712888,0.50069284,-0.44923538,0.06314318,-0.25294742,-0.18092366,-0.16094702,-0.9338547,-0.09093276,0.07957062,0.24917105,-0.40742227,-0.33577216,-0.23744258,-0.2949128,-0.45209688,0.27263373,-0.36311555,0.50429815,-0.34873083,0.27263364,0.46398324,0.14157254,0.0004261611,-0.19813654,0.13729922,0.2089315,-0.013608504,-0.4167562,-0.083720274,0.034756493,0.26513836,0.18022206,0.23900285,-0.26301697,1.4876685,-0.28919536,0.37202013,-0.46673205,-0.018615268,-0.20611072,0.19538027,-0.22862506,-0.13346921,-0.072005704,0.3302756,-0.048958994,-0.22270276,0.117105335,-0.26185447,0.117342904,-0.17162189,-0.08290544,-0.08267519,0.19039717,0.2809829,-0.033654965,-0.0010153556,-0.28576028
46,-1.3742019,0.84273326,-0.50410074,0.5415091,0.54041916,-0.106107876,-0.101839945,-0.5143894,-0.566448,-0.7253201,1.0005927,0.57870984,0.015796298,-0.5533346,0.29159588,0.16619155,0.08556167,-0.20923616,-0.16380876,0.54515314,0.5757556,0.0045473706,-0.79187864,0.13028526,0.62537146,0.15156099,-0.01728067,0.4111182,0.28577268,0.4361195,0.21542469,-0.016607154,0.0755118,-0.009526394,0.5986154,-0.230034,0.036715712,0.31884044,-0.13311097,0.14887711,-0.25857195,-0.19494775,-0.32412386,0.044348888,-0.1060455,-0.28919536,1.7684703,-0.54910487,-0.19283825,-0.017303737,0.66096807,0.21246707,0.04186344,0.17452212,-0.01359351,0.062011022,0.30908185,0.017319638,0.28950715,-0.10963174,-0.02086883,0.113509655,0.18623498,0.047176175,-0.07821749,0.088511385,-0.064341314,-0.36443046,-0.2102302
47,4.64762,-1.5277431,0.31066412,0.2669689,-1.171615,-2.044352,-0.28516784,0.4462201,-0.05191895,0.0031208242,-0.1760506,0.04231506,0.3288942,-0.35060114,-0.80555475,-1.20124,-0.5821408,0.1648052,-0.17700353,-0.35056284,1.0244346,-0.5957397,0.4047109,-0.05755483,-0.2260009,0.26859888,0.45706803,0.19538546,-0.20875421,-0.6488067,-0.37049896,-0.017086469,0.21288607,-0.06013783,-0.0832669,0.23294398,0.045158215,-0.12406654,-0.14467311,0.2075009,0.21623746,0.025220852,-0.0904635,0.024220143,0.07430065,0.37202013,-0.54910487,2.130615,-0.38973963,0.049184285,0.09997988,0.20938785,-0.41402644,0.017207026,-0.12908481,-0.18254092,-0.13862146,-0.31386894,0.2715389,0.2916426,0.14903538,-0.06610958,-0.1970389,-0.115704596,-0.11012826,0.15981282,-0.16063055,-0.06322214,0.16800064
48,1.2855729,-0.5642388,0.80074835,-0.13195366,-0.473,-0.035693526,0.044621125,1.1578414,0.08403273,1.414706,0.15274043,-0.32417566,0.65411156,-0.26075867,0.5288301,-0.14332476,0.9390702,-0.60923547,-0.030177267,0.47041208,-0.4065315,0.18705657,0.06889786,0.11705212,-0.33461708,0.41313368,-0.11690906,0.22936878,-0.26986945,-0.29350612,-0.048834868,0.34022,-0.8985475,0.141633,-0.32121658,-0.10058893,-0.015150391,0.023626253,0.2972748,0.14689632,0.22257552,-0.282678,0.13343999,-0.263201,0.0896103,-0.46673205,-0.19283825,-0.38973963,1.7006373,-0.06924075,0.17702693,0.18410741,0.041677702,-0.1237503,-0.20446658,-0.22136812,-0.13955384,0.0044949157,0.04239057,-0.09262731,0.160575,-0.18332577,0.0702759,0.061639834,0.040075634,0.001866024,0.24999395,0.33196467,-0.11146896
49,0.8641303,0.29647547,-0.34112978,-0.73851675,-0.20030773,-0.90168417,0.26739174,-0.18178166,1.2698756,-0.21577483,-1.4018419,-1.3122523,0.5843608,0.38947827,0.75791,-0.45837006,-0.41973454,0.27494293,-0.034552418,-0.3361299,-0.06796309,0.017402438,0.22526017,-0.03629577,0.3396243,-0.17939243,-0.2437141,-0.21800712,-0.2541731,0.2402071,-0.37294507,-0.15389009,0.19261953,0.15566155,0.47113252,0.07839777,-0.058274966,0.5654901,-0.31020677,-0.41278446,0.17620459,-0.123756014,0.27222648,-0.20145723,-0.77070105,-0.018615268,-0.017303737,0.049184285,-0.06924075,1.5932952,-0.25679058,0.22463273,0.009809636,0.20483124,-0.045537133,0.011852863,0.13277864,0.022838388,-0.019121269,-0.13393803,-0.049489863,0.010700275,0.010150358,0.013785934,-0.13321851,-0.05257682,-0.11820277,0.10188265,0.1442
50,1.1724075,-1.0960484,0.37985623,-0.7835381,-0.23992303,-0.05759284,0.23554102,-0.31726947,0.06506016,0.20948471,0.33645895,0.63749206,0.61481124,-0.88319385,0.6167071,-0.78265727,-0.09465105,-0.44053578,-0.57071507,0.60964745,0.09337731,-0.34376597,0.11258634,0.54748,0.2548729,-0.11618079,0.75794566,0.32618153,0.3545947,-0.17324807,0.35869956,-0.25190958,-0.0915845,0.15777634,-0.07250206,0.08217066,-0.1553902,0.12671487,0.10126801,0.105321914,0.03858786,0.11887491,0.0074832174,-0.013848256,0.12247777,-0.20611072,0.66096807,0.09997988,0.17702693,-0.25679058,1.5989419,-0.107335486,0.08465848,0.22731376,-0.08910084,0.09016463,0.33873796,0.04388137,-0.16252895,0.0036212257,0.023898203,-0.27053314,0.004938359,-0.065744445,-0.381303,-0.031263225,-0.12104179,-0.27559882,0.1383052
