,0,1,2,3,4,5,6,7,8,9,10,11,12,13,14,15,16,17,18,19,20,21,22,23,24,25,26,27,28,29,30,31,32,33,34,35,36,37,38,39,40,41,42,43,44,45,46,47,48,49
0,282.8764,-56.299774,62.479076,-14.616313,3.7343621,5.2349105,-0.51252234,-17.304432,0.8083206,3.33141,-2.0759676,-0.03180439,-0.0068926434,0.0043308996,-0.00748944,0.0028079932,-0.005966579,-0.005782418,0.005800553,0.0055210805,0.004557357,-0.008853935,-0.00066058873,0.00096012594,0.005006629,0.0027259537,0.00071090984,-0.00033168122,0.0019193117,0.0039256234,0.0013876976,-0.0015679462,0.0006586649,-0.0005916938,-0.0023196256,-0.00014163487,-0.00064101885,0.0007133923,-0.0005587393,-0.0014097621,0.0008714837,0.0007550786,0.0002679321,-0.0007496439,5.3000982e-05,-0.0014308102,-0.0003535553,-0.0005121629,0.00014693243,-0.0002820015
1,-56.299774,26.997004,-9.536212,-19.35276,2.4458098,0.85365605,-4.8110876,3.8687162,-1.7799174,0.6491507,-0.11353741,0.007840943,-0.0028960248,0.0052508283,-0.00015663126,-0.0022601753,-0.000578368,0.0026914456,0.0009153598,-0.0001333526,0.0004342277,0.0041272454,0.0014744506,0.0024324048,-0.0011874327,-0.0026531308,-0.0002803582,0.0029377062,0.0009538375,-0.00012280633,8.656799e-06,0.0003170722,3.204975e-05,-0.0019219844,-0.000288972,-0.00038016535,-0.00021489573,0.0008590599,0.0006042829,0.00010751301,-0.00012368035,-0.00036611743,0.00053751026,0.0005045107,0.00019164964,0.00038969502,-0.00014766408,-9.220274e-05,-0.00065719296,0.0005808269
2,62.479076,-9.536212,17.455158,-8.509481,-0.8903311,4.5493774,-1.1593641,-0.37948075,3.3433328,0.7602957,0.21508299,-0.0021015634,0.00817824,-0.00016025253,-0.002691703,-0.002161115,-0.0010281734,-0.001899647,0.00015752978,0.00022654458,0.0019924387,-0.0019126106,-0.00060155557,9.030721e-05,0.0008647555,0.0007407707,-0.00049854995,0.0007531324,-0.00010593046,0.00052402134,0.00011518448,-0.000423048,-8.4407046e-05,-0.00013314813,-0.00090392755,-3.5448193e-05,-0.00036874827,0.0008079022,-0.00010912785,0.00013295673,7.2935276e-05,-7.81853e-05,-0.00023137244,-0.00010175849,-9.7245356e-05,-8.8498055e-05,0.00013957181,0.0001117165,-1.5657235e-05,-0.00019820713
3,-14.616313,-19.35276,-8.509481,43.268173,-0.21740416,3.3191104,-1.6456013,-0.7809964,0.45537937,0.71196973,-0.086278886,-0.006826509,-0.0006464147,0.0014084403,-0.00076408195,0.0011463065,-0.00093542377,0.0019309395,-4.832232e-05,0.0021536567,-0.00012217298,-0.0045269495,-0.0005248296,0.0015744735,-0.0019495527,-0.0006269364,0.0016457569,-0.0016128237,-0.00088082766,-0.0004118702,0.0006401852,-0.00055281783,-0.0004887767,0.0027695117,0.0008176797,-0.000118870004,-6.8835405e-05,-0.00058328,-0.0005675648,0.0007519232,-0.0003825341,6.456372e-05,-0.001036915,-0.00018154131,-6.030652e-05,-0.00041385135,0.00081616174,-0.00057931966,-0.00026175467,-0.0002046809
4,3.7343621,2.4458098,-0.8903311,-0.21740416,21.697557,0.9035291,1.0913396,-1.9329838,1.1116676,0.10490984,-0.003408566,-0.006511856,-0.0016815765,0.0028915904,-0.0023515704,0.0033829426,0.0014765009,-0.0016839132,8.778146e-05,0.0027131143,-0.00022569722,-0.0070111183,-0.0007509197,-0.0009628054,-0.00034817826,0.0008204415,0.00040787554,-0.0016668441,-0.00038593338,-0.00017369117,-0.00081335957,-0.000757414,-0.0012208915,0.001608754,0.0001354641,0.000447408,0.00016871752,-1.076663e-06,-0.0011483273,-0.00049091317,-0.00021829865,0.00057735015,-0.0011239332,-0.00023481906,0.00034578633,-0.0005404112,0.00050437404,0.00035059155,0.00025173835,-0.0002371784
5,5.2349105,0.85365605,4.5493774,3.3191104,0.9035291,20.473171,-1.0805702,3.28447,-1.613313,-0.7604252,0.07575698,0.005923738,-0.003919064,0.0014201901,0.001405438,-0.00016744251,0.0025318835,0.001063952,8.8696106e-05,-0.00048212404,0.00043798337,0.0025303052,0.0010638327,0.0018793517,0.0014122473,-0.0013502112,0.00065163686,0.0005757003,0.0004569499,-3.000394e-05,0.0005403232,-0.00033513,0.00033229747,-0.0010394377,-0.00032408524,0.00041045703,-0.00018232444,0.0004448954,0.00011875321,8.8332206e-05,0.00022777556,0.00014488162,0.00014431211,-0.00010924775,0.00039893846,-0.00036313222,0.00026128918,-4.651138e-05,-0.00036791502,0.0001835248
6,-0.51252234,-4.8110876,-1.1593641,-1.6456013,1.0913396,-1.0805702,16.295477,2.079174,-0.77686733,-0.28443584,-0.003749464,0.0031213425,-0.0044417456,0.0019525073,0.0029436823,0.00017977162,0.00018159271,-0.00017390377,0.00016554058,-0.0015520648,-0.00022086431,-0.00019762089,-0.0003959682,0.0008378156,0.0008046996,-0.00023785225,-0.00010223838,8.584166e-05,0.00030765185,-0.0006713052,-0.00026395128,1.7225932e-05,-0.00012844725,-0.0004517507,-0.00021345532,0.00017002343,-0.00031077093,5.3235068e-05,0.0002048978,-0.00013043474,0.00023176553,0.00017642177,0.0003964434,0.00014499371,-8.848497e-05,-2.3814246e-05,-0.00015543599,-6.90343e-05,-4.5969584e-05,-0.00010049307
7,-17.304432,3.8687162,-0.37948075,-0.7809964,-1.9329838,3.28447,2.079174,6.350104,3.8086061,1.5495205,-0.25741252,-0.01764775,0.0067279157,-0.0039456924,-0.005530743,-0.000119119315,-0.0014003394,-0.0011905822,0.000759059,0.0011076669,0.002112637,-0.0027045978,-0.0005020404,1.1860189e-05,-0.0008195672,0.0010697794,0.00072747865,-0.00028234356,-0.0002877046,0.00040173726,0.0007417577,-0.00042423175,-0.00063233485,0.0010959238,-0.00031254883,-0.00028948532,2.0225523e-05,3.0472711e-05,-2.0816426e-05,0.0006121418,-0.00040974643,-0.00012585867,-0.0013540129,-0.00053944037,1.9813438e-06,-0.00046056922,0.00053764955,5.98679e-05,-0.00022152512,-0.00017704658
8,0.8083206,-1.7799174,3.3433328,0.45537937,1.1116676,-1.613313,-0.77686733,3.8086061,7.4239106,-0.9132817,0.10602575,0.0070897276,-0.004618658,0.003125553,0.001303162,0.0025788306,0.0012294739,0.00072230306,-0.00025636714,0.0013391511,-0.0015302129,-0.0019851052,0.00013086718,0.00024910033,-0.00014216141,-0.0008706235,0.000118235526,-0.00076857116,-0.0002737227,0.0005323143,-0.00024394934,-3.1551448e-05,-0.00045057724,0.00058971316,0.0004506405,-4.0158557e-05,0.00030393695,8.730957e-05,-0.00028944825,-5.583289e-05,-0.0004785056,-4.0796564e-05,2.6416776e-05,4.833287e-05,0.00030330475,-0.00031258736,5.1840638e-05,-0.00011509843,0.00010109777,-0.00015313312
9,3.33141,0.6491507,0.7602957,0.71196973,0.10490984,-0.7604252,-0.28443584,1.5495205,-0.9132817,6.0181537,-0.024646223,0.0030193692,0.00061788084,-0.0010351634,0.00030198303,-0.0021919683,-0.0005761421,0.0005255285,0.00038073256,-0.00035752138,0.0008245986,0.0027840687,0.0005521782,-4.777776e-05,0.00018449809,-0.0003050571,0.00013246806,0.00039933133,0.000519711,0.00042318675,0.00016808092,0.00024799228,0.0005258726,-0.0008747769,-0.00037924113,-0.00041850662,-8.21551e-07,-0.00016492608,-1.9992143e-05,-1.1336418e-05,9.896477e-05,-0.00023965951,0.00039209978,0.00016667548,-2.134261e-05,0.00017978175,-0.0002365596,0.00018790437,0.00010317813,0.00035879525
10,-2.0759676,-0.11353741,0.21508299,-0.086278886,-0.003408566,0.07575698,-0.003749464,-0.25741252,0.10602575,-0.024646223,2.7143588,-0.0005656777,0.0008580397,5.667439e-05,-1.6530883e-05,0.0005356006,1.1908287e-05,0.0001269349,0.0002296592,-0.0004695827,0.00034619076,-0.00047505955,-0.0004798118,-0.00025848096,7.451882e-05,0.0002157065,-0.00028140118,0.0003702708,-0.00029532792,-0.00047322066,-0.0006592932,-4.7229714e-05,0.00024675945,2.1434967e-05,-0.00033758505,-0.00014746207,7.091164e-05,-0.00010920696,-0.00013250666,-0.00039253852,6.8901965e-05,-3.0136775e-05,0.0004047636,2.1671745e-05,-0.0002708172,6.602611e-05,-0.00022193452,0.00036067676,0.00021445661,0.00023425602
11,-0.03180439,0.007840943,-0.0021015634,-0.006826509,-0.006511856,0.005923738,0.0031213425,-0.01764775,0.0070897276,0.0030193692,-0.0005656777,0.07637967,0.0034585665,-0.0026614289,0.0014629058,-0.006303425,-0.0018142815,-9.669237e-05,-0.0021911492,-0.0023308839,-0.0016657751,0.008667804,0.0014476987,-0.0015258738,7.514356e-05,0.00013682074,-0.0018856631,0.0039023473,0.0008180768,0.0010429143,0.00013081715,0.0012959767,0.0010994151,-0.0021161116,0.00083110086,-0.0005285192,-0.00031679537,-0.00048547803,0.00013781145,0.00042808612,-0.0005735336,-0.00074935,0.0015103364,0.001327312,-0.00012533535,0.0018558253,-0.0009366615,-0.0009287206,4.001686e-05,0.00069806457
12,-0.0068926434,-0.0028960248,0.00817824,-0.0006464147,-0.0016815765,-0.003919064,-0.0044417456,0.0067279157,-0.004618658,0.00061788084,0.0008580397,0.0034585665,0.037871387,-0.006975741,-0.0025647231,-0.0011806928,0.0007746896,0.00034837043,0.00213796,-0.00090912683,0.0019330406,0.0004867129,0.0013655635,0.00017619491,0.0001709827,-0.00057915365,0.0005301747,-0.00056692737,0.00043719794,-0.00011960764,0.00078161736,-0.00019952832,0.0004978449,-0.00016143947,-0.00026166072,-0.00010619623,-0.0002526586,0.00054262066,-3.103911e-05,4.1182175e-05,0.0002030882,-2.4180083e-05,-0.00072916166,-0.00039466645,-6.7177534e-05,-0.00029017637,0.0001733963,0.00064055226,-1.0784597e-05,0.00013160892
13,0.0043308996,0.0052508283,-0.00016025253,0.0014084403,0.0028915904,0.0014201901,0.0019525073,-0.0039456924,0.003125553,-0.0010351634,5.667439e-05,-0.0026614289,-0.006975741,0.022331238,0.0002189161,-0.0015277991,-0.0015835862,0.0013847381,-0.0011705381,0.00032679146,0.0014455583,0.0031716828,-3.5101562e-05,0.0013396079,0.00050781126,-0.0004846392,0.00083352317,-0.00014615589,2.961683e-05,0.00080936006,0.0007582918,-0.0006027931,-0.00015906602,-0.0001029671,-0.00012772944,0.00050818163,-6.6056506e-05,0.00041893206,-3.0752166e-05,0.0006168658,0.000108089225,7.674459e-06,-0.00044500758,-0.00012929738,0.00014874781,9.384612e-05,0.00043905788,1.4044468e-05,-0.00048666785,-0.00016815445
14,-0.00748944,-0.00015663126,-0.002691703,-0.00076408195,-0.0023515704,0.001405438,0.0029436823,-0.005530743,0.001303162,0.00030198303,-1.6530883e-05,0.0014629058,-0.0025647231,0.0002189161,0.017455425,0.00041953224,-0.0022247937,-0.000571641,0.0022760257,-0.0027226345,0.00033653114,0.00039062713,-0.0005496724,-3.3189906e-05,0.00029823647,0.00015811794,-0.00033735216,-0.0009745244,-0.00035696544,-0.0007387175,-0.00017918463,-7.895778e-05,-8.315126e-06,-0.00010322645,-0.0003694244,-0.00012879391,0.00015654982,0.0001353746,0.00082187855,-0.0005418471,0.0007410849,2.525562e-05,0.0005734627,-0.0003591589,-0.0004089548,-4.8094276e-05,4.8006264e-06,0.000537826,0.00012012618,7.416228e-05
15,0.0028079932,-0.0022601753,-0.002161115,0.0011463065,0.0033829426,-0.00016744251,0.00017977162,-0.000119119315,0.0025788306,-0.0021919683,0.0005356006,-0.006303425,-0.0011806928,-0.0015277991,0.00041953224,0.013348445,0.004607522,0.0013572944,0.0023048904,-0.0013246313,0.001316912,0.0014059143,0.0021973667,0.00030692783,0.00050737255,-0.00022433612,0.0010680447,-0.00032134817,0.0015187714,-0.0003237074,0.0005115055,0.0003105927,-0.0005421046,0.00033872487,-0.00013829565,0.00027459275,0.00044470275,-3.3314984e-05,-0.0001255578,0.00038173574,-5.8402533e-05,0.0004221663,-0.00017035249,-0.0001629433,6.839598e-05,0.00013912481,-0.00019744242,-0.0002742281,-0.000105186555,0.00012561477
16,-0.005966579,-0.000578368,-0.0010281734,-0.00093542377,0.0014765009,0.0025318835,0.00018159271,-0.0014003394,0.0012294739,-0.0005761421,1.1908287e-05,-0.0018142815,0.0007746896,-0.0015835862,-0.0022247937,0.004607522,0.015857339,-0.00078002457,-0.0017769553,0.0017644175,-0.00080973894,0.0010996762,0.00020661169,0.0004354625,0.00031936637,0.00012212386,-0.00062572665,0.00023227735,-0.0009326456,0.0003378524,6.957854e-06,-0.0006536167,-0.00053993997,-0.00023411913,-0.00018783187,0.0004680251,0.00013900685,0.00043440022,0.00041903922,-0.00033392507,0.00018015719,9.741031e-05,0.0005291789,8.234124e-05,0.00013130746,0.00018856599,9.669037e-05,-6.475387e-05,-0.000153168,-0.00020721673
17,-0.005782418,0.0026914456,-0.001899647,0.0019309395,-0.0016839132,0.001063952,-0.00017390377,-0.0011905822,0.00072230306,0.0005255285,0.0001269349,-9.669237e-05,0.00034837043,0.0013847381,-0.000571641,0.0013572944,-0.00078002457,0.015612653,-3.41354e-05,0.00029553173,0.0002999176,-0.00072223943,0.0002909688,-0.00045302574,-0.0005863279,1.8273164e-05,-0.00070660247,0.00012926705,-8.778034e-05,4.0705432e-05,-0.00024071318,-6.727734e-06,6.200063e-05,-0.00020924996,-0.00015305173,-0.00044400606,-4.452876e-05,0.00027922617,-1.2485725e-06,-0.0003820442,1.3360054e-05,5.4003758e-05,0.00019630449,-0.00022648799,-4.6951012e-05,-5.813485e-05,-2.6741836e-05,7.87412e-05,0.00014640638,8.621135e-05
18,0.005800553,0.0009153598,0.00015752978,-4.832232e-05,8.778146e-05,8.8696106e-05,0.00016554058,0.000759059,-0.00025636714,0.00038073256,0.0002296592,-0.0021911492,0.00213796,-0.0011705381,0.0022760257,0.0023048904,-0.0017769553,-3.41354e-05,0.009743353,0.0007373209,-8.445163e-05,0.00054839824,-0.0017285091,0.00093069137,-0.00016221043,-0.0005164294,-0.00055349595,0.00019384839,-0.0007873544,0.00074156467,-7.23273e-05,-0.00030095474,0.0002109635,-0.00020747696,-2.0160818e-05,-0.00026170147,0.00014777243,0.00015333953,-6.7373665e-05,0.00046427117,-0.00015362373,-5.5390734e-05,5.2449235e-05,0.0002017832,-5.5489367e-05,0.00026248815,-6.6074586e-05,-0.00042516284,-3.7248836e-05,2.9062376e-05
19,0.0055210805,-0.0001333526,0.00022654458,0.0021536567,0.0027131143,-0.00048212404,-0.0015520648,0.0011076669,0.0013391511,-0.00035752138,-0.0004695827,-0.0023308839,-0.00090912683,0.00032679146,-0.0027226345,-0.0013246313,0.0017644175,0.00029553173,0.0007373209,0.00849974,0.0016536324,0.00036083546,-0.00036926198,-0.0012997983,-0.0007931989,6.8562746e-05,0.0001870733,0.00033568445,2.7227572e-05,-0.000136989,-0.00042106665,0.00014325652,0.0008597926,-0.00062166713,-0.00020837982,-0.00024387316,-0.00033787178,2.1067986e-05,-2.2263926e-05,-0.0001452372,0.00039772096,-0.0001336876,-4.43953e-06,5.6622117e-05,-9.153328e-05,-5.1970368e-05,-3.428496e-05,8.301106e-05,3.106016e-05,0.000103829545
20,0.004557357,0.0004342277,0.0019924387,-0.00012217298,-0.00022569722,0.00043798337,-0.00022086431,0.002112637,-0.0015302129,0.0008245986,0.00034619076,-0.0016657751,0.0019330406,0.0014455583,0.00033653114,0.001316912,-0.00080973894,0.0002999176,-8.445163e-05,0.0016536324,0.0075106337,-0.00035433559,-0.00018392295,0.00015687285,0.0007552774,0.000511947,-0.0008602196,0.0002012055,-0.00024964375,-0.00017102748,0.00014453757,0.00024868027,-2.021454e-05,0.00024183132,-7.849574e-05,0.0005333761,0.0005021513,5.9266013e-06,0.0001361567,0.00015805873,-1.5650745e-05,-8.7206645e-05,3.9036855e-05,0.00016179192,-4.5789893e-05,0.00025832135,-0.00015891161,0.00017804632,-0.00020099629,0.00010193827
21,-0.008853935,0.0041272454,-0.0019126106,-0.0045269495,-0.0070111183,0.0025303052,-0.00019762089,-0.0027045978,-0.0019851052,0.0027840687,-0.00047505955,0.008667804,0.0004867129,0.0031716828,0.00039062713,0.0014059143,0.0010996762,-0.00072223943,0.00054839824,0.00036083546,-0.00035433559,0.007072785,0.0005002974,-0.0007850005,-0.00031099422,2.5810443e-05,-0.0004948745,-9.551327e-05,9.671929e-05,-0.00038817275,9.599638e-05,-0.00011085953,-5.2061157e-05,0.0001338627,-0.00014626907,-0.00015508832,0.00030251488,5.180844e-05,-0.00022358891,-0.000113008515,-2.8329156e-05,0.00014624995,-0.00031607776,-6.019821e-05,-8.3716724e-05,-0.00029294495,-0.00020691658,0.00015988975,0.00014387578,-2.9738007e-05
22,-0.00066058873,0.0014744506,-0.00060155557,-0.0005248296,-0.0007509197,0.0010638327,-0.0003959682,-0.0005020404,0.00013086718,0.0005521782,-0.0004798118,0.0014476987,0.0013655635,-3.5101562e-05,-0.0005496724,0.0021973667,0.00020661169,0.0002909688,-0.0017285091,-0.00036926198,-0.00018392295,0.0005002974,0.005360335,0.0008365775,-0.0009140548,-0.00038647262,0.00078635884,-0.00047184783,-8.432924e-05,-7.396488e-05,-0.00035254573,0.00013188997,0.00018036788,0.00026453676,4.8732043e-05,6.436354e-07,-0.00023590759,-0.00029985723,0.00034964056,0.0003039545,0.00038557968,-7.3314666e-05,0.00018054755,-0.00024457948,-0.00020858287,0.00010945687,7.433469e-05,-0.00018006863,-6.6823355e-05,-3.3258664e-07
23,0.00096012594,0.0024324048,9.030721e-05,0.0015744735,-0.0009628054,0.0018793517,0.0008378156,1.1860189e-05,0.00024910033,-4.777776e-05,-0.00025848096,-0.0015258738,0.00017619491,0.0013396079,-3.3189906e-05,0.00030692783,0.0004354625,-0.00045302574,0.00093069137,-0.0012997983,0.00015687285,-0.0007850005,0.0008365775,0.0051867836,-0.0002473786,0.0001374729,-0.00018666414,0.0008199703,0.00010713394,-0.0003441422,2.763737e-05,-6.4439504e-05,0.000252618,-0.00031710003,-0.000535727,2.5938434e-05,-0.00030394265,0.00044788525,-0.0003356679,-3.058023e-05,-1.2416005e-05,0.00014758388,0.00014009334,0.00019358358,0.000253612,-0.0003237769,5.1797804e-05,5.6505974e-06,2.8195618e-06,1.6823874e-06
24,0.005006629,-0.0011874327,0.0008647555,-0.0019495527,-0.00034817826,0.0014122473,0.0008046996,-0.0008195672,-0.00014216141,0.00018449809,7.451882e-05,7.514356e-05,0.0001709827,0.00050781126,0.00029823647,0.00050737255,0.00031936637,-0.0005863279,-0.00016221043,-0.0007931989,0.0007552774,-0.00031099422,-0.0009140548,-0.0002473786,0.0050257025,-0.00021834676,0.000389375,-1.650584e-05,0.00028246752,0.00039785277,-0.0005477178,-6.966328e-05,0.00034890702,-0.00043427147,-0.00023188128,-7.9425925e-05,-0.00019071453,0.0002309273,0.000114720286,-0.00041546943,0.00021930767,4.3215445e-05,0.0001628205,-0.00018497396,-5.1567848e-05,-7.215043e-05,-0.00022263166,-0.00013694103,-6.449429e-05,-4.912178e-05
25,0.0027259537,-0.0026531308,0.0007407707,-0.0006269364,0.0008204415,-0.0013502112,-0.00023785225,0.0010697794,-0.0008706235,-0.0003050571,0.0002157065,0.00013682074,-0.00057915365,-0.0004846392,0.00015811794,-0.00022433612,0.00012212386,1.8273164e-05,-0.0005164294,6.8562746e-05,0.000511947,2.5810443e-05,-0.00038647262,0.0001374729,-0.00021834676,0.005679839,1.8258908e-05,-8.7744425e-05,9.616491e-06,-1.3171634e-06,4.6641555e-05,0.0001571113,0.00028074536,-2.0049009e-05,5.4813994e-05,-8.4311476e-05,-3.336207e-05,6.876596e-05,-4.4568165e-05,0.00012352034,-0.00011385134,0.000111555375,-7.741823e-05,6.9735135e-05,-8.1983744e-05,-0.00016382088,-0.0001348588,-7.732476e-05,0.00016565289,9.709158e-05
26,0.00071090984,-0.0002803582,-0.00049854995,0.0016457569,0.00040787554,0.00065163686,-0.00010223838,0.00072747865,0.000118235526,0.00013246806,-0.00028140118,-0.0018856631,0.0005301747,0.00083352317,-0.00033735216,0.0010680447,-0.00062572665,-0.00070660247,-0.00055349595,0.0001870733,-0.0008602196,-0.0004948745,0.00078635884,-0.00018666414,0.000389375,1.8258908e-05,0.0040400373,0.00037706937,-5.0570707e-05,0.0001737567,-0.000121141384,0.0004119199,0.00027493198,4.062621e-05,9.651703e-05,-0.0004369602,0.00035828465,0.00010732416,-0.0003904043,6.3982836e-05,-0.00013524797,2.1637074e-05,-1.27488065e-05,0.00013900826,5.8150354e-06,6.875592e-05,-7.6269534e-05,0.0001902912,0.00011884706,0.0001992489
27,-0.00033168122,0.0029377062,0.0007531324,-0.0016128237,-0.0016668441,0.0005757003,8.584166e-05,-0.00028234356,-0.00076857116,0.00039933133,0.0003702708,0.0039023473,-0.00056692737,-0.00014615589,-0.0009745244,-0.00032134817,0.00023227735,0.00012926705,0.00019384839,0.00033568445,0.0002012055,-9.551327e-05,-0.00047184783,0.0008199703,-1.650584e-05,-8.7744425e-05,0.00037706937,0.00442276,7.93658e-05,-5.7918474e-05,-0.00015490086,4.635578e-05,-8.658573e-05,0.00040234893,3.3450524e-05,-7.235278e-05,3.2804064e-06,-7.4482086e-05,0.00018597933,6.587882e-05,0.00010145388,0.00011347334,-7.495096e-05,-7.629402e-05,-5.9004342e-05,-0.00010936434,-2.576834e-05,-3.1530966e-05,-6.0264072e-05,-4.79986e-05
28,0.0019193117,0.0009538375,-0.00010593046,-0.00088082766,-0.00038593338,0.0004569499,0.00030765185,-0.0002877046,-0.0002737227,0.000519711,-0.00029532792,0.0008180768,0.00043719794,2.961683e-05,-0.00035696544,0.0015187714,-0.0009326456,-8.778034e-05,-0.0007873544,2.7227572e-05,-0.00024964375,9.671929e-05,-8.432924e-05,0.00010713394,0.00028246752,9.616491e-06,-5.0570707e-05,7.93658e-05,0.004123941,0.00024897238,-0.00013584779,-9.0566304e-05,3.8661456e-05,-0.00037613802,9.168712e-05,4.8153663e-05,4.07334e-05,1.125392e-06,2.7936123e-05,-0.00017636984,-1.9517644e-05,-3.4530863e-06,-1.1167418e-05,-2.9966646e-05,-2.3491128e-05,-4.4349057e-05,0.000120617406,5.9072205e-05,-0.00010442749,-3.2556964e-05
29,0.0039256234,-0.00012280633,0.00052402134,-0.0004118702,-0.00017369117,-3.000394e-05,-0.0006713052,0.00040173726,0.0005323143,0.00042318675,-0.00047322066,0.0010429143,-0.00011960764,0.00080936006,-0.0007387175,-0.0003237074,0.0003378524,4.0705432e-05,0.00074156467,-0.000136989,-0.00017102748,-0.00038817275,-7.396488e-05,-0.0003441422,0.00039785277,-1.3171634e-06,0.0001737567,-5.7918474e-05,0.00024897238,0.003964168,0.00023820225,-7.576994e-05,-0.00014672463,0.00011647114,-0.00016879867,-0.00017742175,-7.5843505e-05,-0.000100158475,7.353128e-05,0.00010519098,-2.7064052e-05,0.00016623561,-2.2555461e-05,-0.00018090385,0.00013700646,2.62481e-05,4.081931e-05,2.8547924e-05,0.00029621282,-2.6227994e-05
30,0.0013876976,8.656799e-06,0.00011518448,0.0006401852,-0.00081335957,0.0005403232,-0.00026395128,0.0007417577,-0.00024394934,0.00016808092,-0.0006592932,0.00013081715,0.00078161736,0.0007582918,-0.00017918463,0.0005115055,6.957854e-06,-0.00024071318,-7.23273e-05,-0.00042106665,0.00014453757,9.599638e-05,-0.00035254573,2.763737e-05,-0.0005477178,4.6641555e-05,-0.000121141384,-0.00015490086,-0.00013584779,0.00023820225,0.0037293204,0.0002589936,5.105674e-05,5.0861883e-05,1.5813386e-05,0.00016309676,-0.0001536885,-7.355434e-05,5.3515236e-05,-0.000267362,0.00011441615,4.0781328e-05,-1.6111342e-05,-2.7227139e-05,-2.4281151e-05,-7.198146e-05,-4.3078006e-05,-5.4276145e-05,-7.6735254e-05,9.585757e-05
31,-0.0015679462,0.0003170722,-0.000423048,-0.00055281783,-0.000757414,-0.00033513,1.7225932e-05,-0.00042423175,-3.1551448e-05,0.00024799228,-4.7229714e-05,0.0012959767,-0.00019952832,-0.0006027931,-7.895778e-05,0.0003105927,-0.0006536167,-6.727734e-06,-0.00030095474,0.00014325652,0.00024868027,-0.00011085953,0.00013188997,-6.4439504e-05,-6.966328e-05,0.0001571113,0.0004119199,4.635578e-05,-9.0566304e-05,-7.576994e-05,0.0002589936,0.0030692553,-0.00023769366,-0.00025818526,-0.00010688257,-1.6759433e-05,6.994845e-05,0.00025504155,0.00012799041,-1.8560195e-05,-2.445753e-05,2.4721305e-05,3.998239e-05,-5.000195e-05,0.00025091338,0.00014574581,4.8988637e-05,-4.531171e-06,0.00012004348,-0.00026492012
32,0.0006586649,3.204975e-05,-8.4407046e-05,-0.0004887767,-0.0012208915,0.00033229747,-0.00012844725,-0.00063233485,-0.00045057724,0.0005258726,0.00024675945,0.0010994151,0.0004978449,-0.00015906602,-8.315126e-06,-0.0005421046,-0.00053993997,6.200063e-05,0.0002109635,0.0008597926,-2.021454e-05,-5.2061157e-05,0.00018036788,0.000252618,0.00034890702,0.00028074536,0.00027493198,-8.658573e-05,3.8661456e-05,-0.00014672463,5.105674e-05,-0.00023769366,0.0030163832,0.00031534996,-8.659145e-05,0.0002851371,7.999866e-05,-0.00011246241,-4.990463e-05,-3.76728e-05,-5.752936e-06,0.00012635719,9.347958e-05,-6.7556975e-05,0.00012223395,-1.5057143e-05,0.00013974453,-0.00014341253,-0.00016215368,-0.00017780554
33,-0.0005916938,-0.0019219844,-0.00013314813,0.0027695117,0.001608754,-0.0010394377,-0.0004517507,0.0010959238,0.00058971316,-0.0008747769,2.1434967e-05,-0.0021161116,-0.00016143947,-0.0001029671,-0.00010322645,0.00033872487,-0.00023411913,-0.00020924996,-0.00020747696,-0.00062166713,0.00024183132,0.0001338627,0.00026453676,-0.00031710003,-0.00043427147,-2.0049009e-05,4.062621e-05,0.00040234893,-0.00037613802,0.00011647114,5.0861883e-05,-0.00025818526,0.00031534996,0.002800878,-1.4767145e-05,-0.00015490974,3.097646e-05,0.00013339371,5.561026e-05,-0.00021051212,3.7062844e-05,4.0637977e-05,9.108128e-05,1.7493701e-05,6.7544825e-05,0.00018272217,-0.00015949791,9.3123796e-05,8.2909595e-05,-0.00017725147
34,-0.0023196256,-0.000288972,-0.00090392755,0.0008176797,0.0001354641,-0.00032408524,-0.00021345532,-0.00031254883,0.0004506405,-0.00037924113,-0.00033758505,0.00083110086,-0.00026166072,-0.00012772944,-0.0003694244,-0.00013829565,-0.00018783187,-0.00015305173,-2.0160818e-05,-0.00020837982,-7.849574e-05,-0.00014626907,4.8732043e-05,-0.000535727,-0.00023188128,5.4813994e-05,9.651703e-05,3.3450524e-05,9.168712e-05,-0.00016879867,1.5813386e-05,-0.00010688257,-8.659145e-05,-1.4767145e-05,0.0028936265,3.2601263e-05,-6.241591e-05,0.00040280673,-3.8494192e-05,5.087457e-05,0.00018645963,7.604176e-05,0.00014417659,-4.2791933e-05,5.572297e-05,-0.00016476124,6.658167e-05,9.852488e-05,-8.6266846e-05,-7.445431e-05
35,-0.00014163487,-0.00038016535,-3.5448193e-05,-0.000118870004,0.000447408,0.00041045703,0.00017002343,-0.00028948532,-4.0158557e-05,-0.00041850662,-0.00014746207,-0.0005285192,-0.00010619623,0.00050818163,-0.00012879391,0.00027459275,0.0004680251,-0.00044400606,-0.00026170147,-0.00024387316,0.0005333761,-0.00015508832,6.436354e-07,2.5938434e-05,-7.9425925e-05,-8.4311476e-05,-0.0004369602,-7.235278e-05,4.8153663e-05,-0.00017742175,0.00016309676,-1.6759433e-05,0.0002851371,-0.00015490974,3.2601263e-05,0.0023516465,7.13108e-05,-5.8781705e-05,-5.1345174e-05,0.00012937491,-5.39755e-05,-3.709482e-05,3.9171806e-05,-5.821169e-05,3.512496e-05,0.00012182331,-2.0284315e-06,1.6817627e-05,0.00024531496,5.6862234e-05
36,-0.00064101885,-0.00021489573,-0.00036874827,-6.8835405e-05,0.00016871752,-0.00018232444,-0.00031077093,2.0225523e-05,0.00030393695,-8.21551e-07,7.091164e-05,-0.00031679537,-0.0002526586,-6.6056506e-05,0.00015654982,0.00044470275,0.00013900685,-4.452876e-05,0.00014777243,-0.00033787178,0.0005021513,0.00030251488,-0.00023590759,-0.00030394265,-0.00019071453,-3.336207e-05,0.00035828465,3.2804064e-06,4.07334e-05,-7.5843505e-05,-0.0001536885,6.994845e-05,7.999866e-05,3.097646e-05,-6.241591e-05,7.13108e-05,0.0025660023,-8.1685284e-05,2.3461813e-05,-7.9693025e-05,-5.042097e-06,-4.9421567e-05,3.969507e-05,-1.3382229e-05,-2.0466412e-06,-7.982384e-05,0.0001311932,-1.3279356e-05,5.314948e-05,9.72421e-05
37,0.0007133923,0.0008590599,0.0008079022,-0.00058328,-1.076663e-06,0.0004448954,5.3235068e-05,3.0472711e-05,8.730957e-05,-0.00016492608,-0.00010920696,-0.00048547803,0.00054262066,0.00041893206,0.0001353746,-3.3314984e-05,0.00043440022,0.00027922617,0.00015333953,2.1067986e-05,5.9266013e-06,5.180844e-05,-0.00029985723,0.00044788525,0.0002309273,6.876596e-05,0.00010732416,-7.4482086e-05,1.125392e-06,-0.000100158475,-7.355434e-05,0.00025504155,-0.00011246241,0.00013339371,0.00040280673,-5.8781705e-05,-8.1685284e-05,0.0020886906,5.6161152e-05,6.889111e-05,-0.000112731854,-2.2957898e-05,4.900864e-05,-9.641475e-06,-7.093815e-05,0.000116617855,5.742622e-05,-0.00013417476,6.2604944e-05,8.343581e-05
38,-0.0005587393,0.0006042829,-0.00010912785,-0.0005675648,-0.0011483273,0.00011875321,0.0002048978,-2.0816426e-05,-0.00028944825,-1.9992143e-05,-0.00013250666,0.00013781145,-3.103911e-05,-3.0752166e-05,0.00082187855,-0.0001255578,0.00041903922,-1.2485725e-06,-6.7373665e-05,-2.2263926e-05,0.0001361567,-0.00022358891,0.00034964056,-0.0003356679,0.000114720286,-4.4568165e-05,-0.0003904043,0.00018597933,2.7936123e-05,7.353128e-05,5.3515236e-05,0.00012799041,-4.990463e-05,5.561026e-05,-3.8494192e-05,-5.1345174e-05,2.3461813e-05,5.6161152e-05,0.002217842,0.00018733111,-8.8769055e-05,1.695758e-05,-0.000113387265,0.00015906118,8.6033055e-05,-0.00013126418,4.0642895e-05,-9.01805e-06,-0.00019212594,-8.259911e-05
39,-0.0014097621,0.00010751301,0.00013295673,0.0007519232,-0.00049091317,8.8332206e-05,-0.00013043474,0.0006121418,-5.583289e-05,-1.1336418e-05,-0.00039253852,0.00042808612,4.1182175e-05,0.0006168658,-0.0005418471,0.00038173574,-0.00033392507,-0.0003820442,0.00046427117,-0.0001452372,0.00015805873,-0.000113008515,0.0003039545,-3.058023e-05,-0.00041546943,0.00012352034,6.3982836e-05,6.587882e-05,-0.00017636984,0.00010519098,-0.000267362,-1.8560195e-05,-3.76728e-05,-0.00021051212,5.087457e-05,0.00012937491,-7.9693025e-05,6.889111e-05,0.00018733111,0.0021297259,5.6522542e-05,1.3341292e-05,7.536911e-05,-0.0001298953,-4.9811504e-05,-4.0854255e-05,-6.402668e-06,0.00010743382,-3.5580474e-06,4.6514448e-05
40,0.0008714837,-0.00012368035,7.2935276e-05,-0.0003825341,-0.00021829865,0.00022777556,0.00023176553,-0.00040974643,-0.0004785056,9.896477e-05,6.8901965e-05,-0.0005735336,0.0002030882,0.000108089225,0.0007410849,-5.8402533e-05,0.00018015719,1.3360054e-05,-0.00015362373,0.00039772096,-1.5650745e-05,-2.8329156e-05,0.00038557968,-1.2416005e-05,0.00021930767,-0.00011385134,-0.00013524797,0.00010145388,-1.9517644e-05,-2.7064052e-05,0.00011441615,-2.445753e-05,-5.752936e-06,3.7062844e-05,0.00018645963,-5.39755e-05,-5.042097e-06,-0.000112731854,-8.8769055e-05,5.6522542e-05,0.001903009,4.556733e-05,-9.131135e-05,0.00011244005,-6.336924e-05,-1.1058664e-05,4.578933e-06,-0.00014940878,0.00016642697,-1.437668e-05
41,0.0007550786,-0.00036611743,-7.81853e-05,6.456372e-05,0.00057735015,0.00014488162,0.00017642177,-0.00012585867,-4.0796564e-05,-0.00023965951,-3.0136775e-05,-0.00074935,-2.4180083e-05,7.674459e-06,2.525562e-05,0.0004221663,9.741031e-05,5.4003758e-05,-5.5390734e-05,-0.0001336876,-8.7206645e-05,0.00014624995,-7.3314666e-05,0.00014758388,4.3215445e-05,0.000111555375,2.1637074e-05,0.00011347334,-3.4530863e-06,0.00016623561,4.0781328e-05,2.4721305e-05,0.00012635719,4.0637977e-05,7.604176e-05,-3.709482e-05,-4.9421567e-05,-2.2957898e-05,1.695758e-05,1.3341292e-05,4.556733e-05,0.0019146662,1.8808982e-05,1.2863626e-05,-2.8311057e-05,-3.3109252e-05,5.5955934e-06,0.00011238555,-3.0556844e-06,4.430087e-05
42,0.0002679321,0.00053751026,-0.00023137244,-0.001036915,-0.0011239332,0.00014431211,0.0003964434,-0.0013540129,2.6416776e-05,0.00039209978,0.0004047636,0.0015103364,-0.00072916166,-0.00044500758,0.0005734627,-0.00017035249,0.0005291789,0.00019630449,5.2449235e-05,-4.43953e-06,3.9036855e-05,-0.00031607776,0.00018054755,0.00014009334,0.0001628205,-7.741823e-05,-1.27488065e-05,-7.495096e-05,-1.1167418e-05,-2.2555461e-05,-1.6111342e-05,3.998239e-05,9.347958e-05,9.108128e-05,0.00014417659,3.9171806e-05,3.969507e-05,4.900864e-05,-0.000113387265,7.536911e-05,-9.131135e-05,1.8808982e-05,0.0017793569,-6.2306004e-05,6.126849e-05,-9.121621e-06,-5.0095277e-05,9.0133646e-05,-1.5360632e-05,6.798943e-05
43,-0.0007496439,0.0005045107,-0.00010175849,-0.00018154131,-0.00023481906,-0.00010924775,0.00014499371,-0.00053944037,4.833287e-05,0.00016667548,2.1671745e-05,0.001327312,-0.00039466645,-0.00012929738,-0.0003591589,-0.0001629433,8.234124e-05,-0.00022648799,0.0002017832,5.6622117e-05,0.00016179192,-6.019821e-05,-0.00024457948,0.00019358358,-0.00018497396,6.9735135e-05,0.00013900826,-7.629402e-05,-2.9966646e-05,-0.00018090385,-2.7227139e-05,-5.000195e-05,-6.7556975e-05,1.7493701e-05,-4.2791933e-05,-5.821169e-05,-1.3382229e-05,-9.641475e-06,0.00015906118,-0.0001298953,0.00011244005,1.2863626e-05,-6.2306004e-05,0.0017530385,9.0676185e-06,1.9897197e-05,0.000116371084,8.16409e-05,9.9596626e-05,0.0001192343
44,5.3000982e-05,0.00019164964,-9.7245356e-05,-6.030652e-05,0.00034578633,0.00039893846,-8.848497e-05,1.9813438e-06,0.00030330475,-2.134261e-05,-0.0002708172,-0.00012533535,-6.7177534e-05,0.00014874781,-0.0004089548,6.839598e-05,0.00013130746,-4.6951012e-05,-5.5489367e-05,-9.153328e-05,-4.5789893e-05,-8.3716724e-05,-0.00020858287,0.000253612,-5.1567848e-05,-8.1983744e-05,5.8150354e-06,-5.9004342e-05,-2.3491128e-05,0.00013700646,-2.4281151e-05,0.00025091338,0.00012223395,6.7544825e-05,5.572297e-05,3.512496e-05,-2.0466412e-06,-7.093815e-05,8.6033055e-05,-4.9811504e-05,-6.336924e-05,-2.8311057e-05,6.126849e-05,9.0676185e-06,0.0016914672,-6.2415726e-05,2.1063579e-05,-0.00010360308,-1.0320435e-05,0.00010841263
45,-0.0014308102,0.00038969502,-8.8498055e-05,-0.00041385135,-0.0005404112,-0.00036313222,-2.3814246e-05,-0.00046056922,-0.00031258736,0.00017978175,6.602611e-05,0.0018558253,-0.00029017637,9.384612e-05,-4.8094276e-05,0.00013912481,0.00018856599,-5.813485e-05,0.00026248815,-5.1970368e-05,0.00025832135,-0.00029294495,0.00010945687,-0.0003237769,-7.215043e-05,-0.00016382088,6.875592e-05,-0.00010936434,-4.4349057e-05,2.62481e-05,-7.198146e-05,0.00014574581,-1.5057143e-05,0.00018272217,-0.00016476124,0.00012182331,-7.982384e-05,0.000116617855,-0.00013126418,-4.0854255e-05,-1.1058664e-05,-3.3109252e-05,-9.121621e-06,1.9897197e-05,-6.2415726e-05,0.001675334,8.948683e-05,2.3075874e-05,-5.9201942e-05,8.390009e-06
46,-0.0003535553,-0.00014766408,0.00013957181,0.00081616174,0.00050437404,0.00026128918,-0.00015543599,0.00053764955,5.1840638e-05,-0.0002365596,-0.00022193452,-0.0009366615,0.0001733963,0.00043905788,4.8006264e-06,-0.00019744242,9.669037e-05,-2.6741836e-05,-6.6074586e-05,-3.428496e-05,-0.00015891161,-0.00020691658,7.433469e-05,5.1797804e-05,-0.00022263166,-0.0001348588,-7.6269534e-05,-2.576834e-05,0.000120617406,4.081931e-05,-4.3078006e-05,4.8988637e-05,0.00013974453,-0.00015949791,6.658167e-05,-2.0284315e-06,0.0001311932,5.742622e-05,4.0642895e-05,-6.402668e-06,4.578933e-06,5.5955934e-06,-5.0095277e-05,0.000116371084,2.1063579e-05,8.948683e-05,0.001514445,-1.866921e-05,2.331437e-05,6.0359926e-05
47,-0.0005121629,-9.220274e-05,0.0001117165,-0.00057931966,0.00035059155,-4.651138e-05,-6.90343e-05,5.98679e-05,-0.00011509843,0.00018790437,0.00036067676,-0.0009287206,0.00064055226,1.4044468e-05,0.000537826,-0.0002742281,-6.475387e-05,7.87412e-05,-0.00042516284,8.301106e-05,0.00017804632,0.00015988975,-0.00018006863,5.6505974e-06,-0.00013694103,-7.732476e-05,0.0001902912,-3.1530966e-05,5.9072205e-05,2.8547924e-05,-5.4276145e-05,-4.531171e-06,-0.00014341253,9.3123796e-05,9.852488e-05,1.6817627e-05,-1.3279356e-05,-0.00013417476,-9.01805e-06,0.00010743382,-0.00014940878,0.00011238555,9.0133646e-05,8.16409e-05,-0.00010360308,2.3075874e-05,-1.866921e-05,0.0013984512,-1.5699086e-05,1.2597189e-05
48,0.00014693243,-0.00065719296,-1.5657235e-05,-0.00026175467,0.00025173835,-0.00036791502,-4.5969584e-05,-0.00022152512,0.00010109777,0.00010317813,0.00021445661,4.001686e-05,-1.0784597e-05,-0.00048666785,0.00012012618,-0.000105186555,-0.000153168,0.00014640638,-3.7248836e-05,3.106016e-05,-0.00020099629,0.00014387578,-6.6823355e-05,2.8195618e-06,-6.449429e-05,0.00016565289,0.00011884706,-6.0264072e-05,-0.00010442749,0.00029621282,-7.6735254e-05,0.00012004348,-0.00016215368,8.2909595e-05,-8.6266846e-05,0.00024531496,5.314948e-05,6.2604944e-05,-0.00019212594,-3.5580474e-06,0.00016642697,-3.0556844e-06,-1.5360632e-05,9.9596626e-05,-1.0320435e-05,-5.9201942e-05,2.331437e-05,-1.5699086e-05,0.0013447085,-5.2692805e-05
49,-0.0002820015,0.0005808269,-0.00019820713,-0.0002046809,-0.0002371784,0.0001835248,-0.00010049307,-0.00017704658,-0.00015313312,0.00035879525,0.00023425602,0.00069806457,0.00013160892,-0.00016815445,7.416228e-05,0.00012561477,-0.00020721673,8.621135e-05,2.9062376e-05,0.000103829545,0.00010193827,-2.9738007e-05,-3.3258664e-07,1.6823874e-06,-4.912178e-05,9.709158e-05,0.0001992489,-4.79986e-05,-3.2556964e-05,-2.6227994e-05,9.585757e-05,-0.00026492012,-0.00017780554,-0.00017725147,-7.445431e-05,5.6862234e-05,9.72421e-05,8.343581e-05,-8.259911e-05,4.6514448e-05,-1.437668e-05,4.430087e-05,6.798943e-05,0.0001192343,0.00010841263,8.390009e-06,6.0359926e-05,1.2597189e-05,-5.2692805e-05,0.0012619777
