,0,1,2,3,4,5,6,7,8,9,10,11,12,13,14,15,16,17,18,19,20,21,22,23,24,25,26,27,28,29,30,31,32,33,34,35,36,37,38,39,40,41,42,43,44,45,46,47,48,49
0,469.15622,1.7371498,20.658253,-0.0014829708,0.007505753,-0.0014500101,0.01006426,0.0031646383,0.0054473775,-0.002297652,-0.0037043442,-0.0004219807,0.0022445465,-4.0435378e-05,0.0009838609,-0.0012520561,0.00014916327,-0.0006429514,0.0003019786,-0.0009668482,-0.00066560553,0.00037411568,-0.00013495784,-0.0004438754,0.00052135944,0.0012059084,-0.0004957403,-0.00048430945,-0.00031539533,0.00010671508,-0.0011368793,0.0001057301,1.0975912e-05,-6.9062364e-05,6.0172833e-06,0.00041110464,-0.0004568374,-0.0006529594,0.00010077213,-0.00046321546,-0.0002232031,-0.00019659821,-2.4708528e-05,1.795109e-05,0.00017973287,0.0001729297,0.000312905,0.00027913594,0.00026185176,2.2454991e-05
1,1.7371498,306.39432,0.40171963,0.013765594,0.010779308,0.00963187,-0.0020843772,-0.008446669,-0.0017585738,0.005314621,-0.002811146,0.0018326265,-0.003570864,-0.0028550015,-0.0012893071,0.00024986832,-0.0014208744,3.2166325e-05,0.00081219024,-0.00074509403,-0.00023025784,-0.00022062541,0.0008245518,-0.00018668907,0.00020698934,-0.00038701177,0.00039222377,-0.00012870802,-0.0006669982,0.0002833541,0.00013824043,-0.00046342262,-0.00019479582,-0.00031470507,-2.0264852e-05,0.00013012288,-0.00025504065,2.0435715e-05,-1.3318822e-05,-0.00017335385,0.00016812711,1.9274263e-05,0.000120726894,-0.00043368936,-8.599792e-05,-9.3902585e-05,4.491925e-05,4.7472167e-05,-0.00016484137,0.0005486754
2,20.658253,0.40171963,172.40253,0.0033810376,-0.0040320233,-0.0017174587,-0.0023313793,0.0021543377,-0.0004190923,-0.001302744,0.0003301322,-0.0037231792,0.0032896157,0.0009075288,0.0023629116,0.0021290695,0.0005694373,0.00043212814,-0.00026659825,-0.00019291448,0.00035412534,-0.0011659777,-0.00017690792,-0.00048242512,0.00016868056,0.00057846203,-0.00047911942,-0.0004296789,0.000712852,6.450322e-05,-0.0005164265,-0.00015832335,-0.00014687661,0.00068449706,0.0003288426,-0.00045519636,0.00016393232,-0.0006649215,-0.00011633114,-0.00012093116,-7.6906916e-05,2.811112e-05,9.662586e-06,9.434004e-05,1.471765e-06,0.00021455827,0.00015690821,-2.0182617e-05,0.00025489446,-0.0004136336
3,-0.0014829708,0.013765594,0.0033810376,0.12326317,0.018831369,0.011361536,0.0093567595,-0.005102082,-0.00010486423,0.007238631,-0.0020747576,0.0034950082,-0.00512217,-0.005254289,-0.00015551219,0.0013924218,-0.002509317,0.0024592092,0.0016794768,0.00091372296,0.002937317,0.0011745112,0.0024628097,-0.0021030973,0.0010167533,-0.00065024325,0.0010697691,0.00040205568,-0.00068698614,0.0023579588,0.00047285776,0.00063774566,0.00065074593,-0.0006308538,-0.0012209131,-0.0010587522,-0.0008932706,0.0015625437,-0.000104786435,9.4598705e-05,0.00049737614,-0.00085832656,0.00031454142,-0.001236204,-0.0011774562,-0.00044411485,-0.00065335206,0.0011977791,-0.00028582796,0.0008438823
4,0.007505753,0.010779308,-0.0040320233,0.018831369,0.07509611,0.0052776826,0.007623925,-0.00037750122,0.0032729935,0.00163646,-0.0026759952,-0.0016095744,0.00054004835,0.002545231,0.0034900021,0.0017609412,0.0020916073,-0.0022093812,-0.0013128184,-0.00045402363,-0.0005022619,-0.0028807689,-6.5941436e-05,-0.0018589704,-3.4045142e-06,-1.1956205e-05,-0.0005158708,-0.00090495293,0.00059048325,0.00093688467,-0.00073164736,-0.0014099779,0.00023998346,0.00016268177,0.00062371336,0.00062503584,-5.042004e-06,-3.496156e-05,-0.00010753981,-0.0006858846,-0.00044674287,-8.3902036e-05,1.1936823e-05,-0.00036100787,-0.0003430539,0.0004196326,0.0003227656,0.0003330218,0.00016986496,-4.7912177e-05
5,-0.0014500101,0.00963187,-0.0017174587,0.011361536,0.0052776826,0.041132737,-0.004203271,-0.006235008,-0.0061279293,0.0040101167,0.002392918,0.0026711372,-0.004112754,-0.0006396401,-7.0272035e-05,0.0006873364,-0.001098048,-0.00251558,0.0023708225,-0.00044480822,-0.00083985686,-7.1938186e-05,-0.00090577663,0.002571337,-0.00018861119,0.0010139977,0.001601838,-0.0016126253,-0.0010789819,0.000578257,0.0012737913,-0.00062326755,0.00015174435,-2.5303507e-06,0.0011039448,0.00067379995,0.00036187004,0.00080928346,0.00036030155,0.0007257379,0.00085104647,0.0006385073,-0.00031033688,-0.0004697845,6.388832e-05,0.00026989548,4.938898e-06,-0.0006259965,-5.7153098e-05,0.0005254325
6,0.01006426,-0.0020843772,-0.0023313793,0.0093567595,0.007623925,-0.004203271,0.043792874,0.0017199402,0.0024889172,-0.0015037244,-0.00029602222,0.0016970132,-0.0015942105,0.004171852,-0.001026687,-0.0038405312,0.00061567023,-0.0011771448,-0.0005423224,0.000552226,-0.00041948745,0.0022222698,-0.00079605996,0.0009427302,9.1871174e-05,0.00051690487,0.0001293805,0.00040169625,-3.340796e-05,-0.00032932337,3.8021273e-05,-0.0007282025,0.0005023476,-0.000760149,-0.00025106836,-0.00026101517,-0.0004815195,-0.00064646103,1.7806964e-05,-0.00013810903,-0.00014387914,-0.0003555887,0.0001647998,-0.00031974708,1.5502897e-05,-0.00014653782,3.8614162e-05,-0.000650287,-9.9422636e-05,-0.0002532046
7,0.0031646383,-0.008446669,0.0021543377,-0.005102082,-0.00037750122,-0.006235008,0.0017199402,0.022087147,-0.0009962496,-0.0017476358,0.0010632436,0.0011944252,0.0041571334,-0.001393372,-0.002117652,-0.001787975,0.0011610945,0.0012144707,-0.00068573526,0.00066940463,0.00018733708,-0.00040919008,-0.00033430575,-0.0004523798,0.0006196528,0.0011499841,-0.00064003805,0.0011269278,-0.0003548676,0.0004814954,0.00041515735,-0.00071566156,0.00023311118,0.0009343434,-0.00028890427,0.0005209093,0.000399925,0.0008532604,-0.00045882526,-0.00040604756,1.444754e-05,-1.0138949e-05,-7.520113e-05,-0.0005410225,-0.00015867842,-0.00013798178,-0.0001679355,2.5927484e-06,0.00019866988,0.00038466917
8,0.0054473775,-0.0017585738,-0.0004190923,-0.00010486423,0.0032729935,-0.0061279293,0.0024889172,-0.0009962496,0.020525314,-0.0017682645,0.0038845239,-0.00048932177,0.0021157693,0.0006075299,-0.00086997205,0.0010562127,0.0007432386,0.0011855642,0.0006812039,0.0005333498,0.0013451709,-0.00086613686,-0.0005257135,0.0005321528,-0.00082009495,-0.00051432534,0.00065848493,-0.000797874,0.0007550485,0.00067019043,0.00081540935,0.00014280513,0.00034958014,3.5765548e-05,-3.214857e-05,-0.0007154646,0.00023591894,7.879416e-05,-0.00040600466,6.836035e-05,0.00015746802,0.0001636386,-6.2229155e-06,-1.03898765e-05,9.4942545e-05,-0.0002163178,-2.1378448e-05,-0.00010553517,-5.1864736e-05,-0.00015796038
9,-0.002297652,0.005314621,-0.001302744,0.007238631,0.00163646,0.0040101167,-0.0015037244,-0.0017476358,-0.0017682645,0.018508412,-0.002223387,0.0019413409,0.00046306712,-0.00025670044,-6.628686e-05,0.00144941,-0.00086616,-3.3399272e-05,0.00031558028,0.00026886124,0.00064312766,0.00015111551,-0.00053557736,0.0008717482,-0.00077697367,-0.00037008763,6.913695e-05,0.00081599713,0.00045105265,-9.8926015e-05,0.00040220463,-0.0007489545,0.00047915592,-5.836851e-05,-0.00093412085,-0.00020586641,0.00050564366,0.00024676358,-0.000299134,0.0001522306,-0.00032427872,0.0002689372,0.00029297222,0.0006417267,0.0003189525,-7.443476e-05,0.0002071563,-0.00039964583,0.00014077693,1.3973782e-05
10,-0.0037043442,-0.002811146,0.0003301322,-0.0020747576,-0.0026759952,0.002392918,-0.00029602222,0.0010632436,0.0038845239,-0.002223387,0.014969057,0.0020552492,-0.0010861094,0.00025534973,-0.00019368382,-0.0019502594,0.00027299294,9.984056e-05,-0.0014672719,-0.00052442413,-0.00094771746,-6.4522055e-06,0.00014035284,-0.000508824,-0.001276168,-0.0006252044,-0.00021531896,5.8635702e-05,-0.0003025806,-0.00018189552,0.0005585381,9.5265175e-05,0.00079930876,-4.4834014e-05,8.8471985e-05,0.00013794586,2.644461e-05,0.0007554134,0.00035452092,-0.00015151844,-4.94474e-05,0.00036587747,4.980785e-06,-4.846092e-05,-4.9551687e-05,0.00012727434,0.00015615823,-5.2639203e-05,0.00012715001,0.00037033437
11,-0.0004219807,0.0018326265,-0.0037231792,0.0034950082,-0.0016095744,0.0026711372,0.0016970132,0.0011944252,-0.00048932177,0.0019413409,0.0020552492,0.009085883,0.0006776254,0.0021444792,-5.17979e-05,0.0016080185,0.0005230779,-0.000618089,-0.0007390296,-0.0007757883,0.00033804547,-0.000659244,0.00013570845,-0.00073688326,-0.00027770724,-6.0534665e-05,-0.00045758026,0.00010181031,8.779416e-05,5.4855926e-05,0.00022002857,-9.552977e-05,-0.00013777635,0.00028570613,0.000119648685,-5.3866097e-05,0.00016504916,0.00021386679,0.00025248528,0.00029179914,0.00038270678,0.00016790461,-0.00015255401,-3.5432502e-05,-0.00014777857,-0.00016610777,-0.0002075796,-0.00012697614,0.00020917463,-0.00015281717
12,0.0022445465,-0.003570864,0.0032896157,-0.00512217,0.00054004835,-0.004112754,-0.0015942105,0.0041571334,0.0021157693,0.00046306712,-0.0010861094,0.0006776254,0.010584905,0.0009893175,0.0004480137,0.0014696629,0.00046752117,-0.00017763881,0.00088488904,0.00020173786,0.00034991163,-4.793128e-05,0.00033460226,0.00035898964,0.0003035132,0.000413503,0.00038831856,-8.516246e-05,0.00064619316,0.00086470874,0.0004720866,-0.0002611357,-0.000481427,0.00019933234,4.5161345e-05,-1.7700368e-05,0.00016935114,7.556023e-05,0.00038653717,0.0001243192,0.0002445861,-0.000144983,0.00015017598,0.00015559988,4.000827e-05,-3.517842e-05,0.00024805818,-2.1840558e-05,-6.999507e-05,-9.665951e-05
13,-4.0435378e-05,-0.0028550015,0.0009075288,-0.005254289,0.002545231,-0.0006396401,0.004171852,-0.001393372,0.0006075299,-0.00025670044,0.00025534973,0.0021444792,0.0009893175,0.006898148,-0.00074643607,-0.0005466067,0.0002492819,-0.00024378125,0.0007972085,0.00020224733,0.00018394407,-0.00042168115,-1.956723e-05,4.3775308e-05,-6.6064495e-05,-0.0004802706,5.6979306e-06,-0.0003628875,8.367813e-05,-0.00060643075,-9.288611e-05,0.00019551023,-4.0934933e-06,-3.993333e-06,5.7516976e-05,0.0004445482,-5.9590988e-05,-0.00017385784,0.00043514598,0.00035161903,-0.00013305711,0.00021484535,-8.200494e-05,0.0003062156,2.2362117e-05,-0.0002707058,0.00024511298,0.0001881828,0.00023869364,1.2253166e-05
14,0.0009838609,-0.0012893071,0.0023629116,-0.00015551219,0.0034900021,-7.0272035e-05,-0.001026687,-0.002117652,-0.00086997205,-6.628686e-05,-0.00019368382,-5.17979e-05,0.0004480137,-0.00074643607,0.004844203,-0.00028687617,0.001541276,0.00044077396,0.00029524666,-0.0008707389,-0.0006597317,0.0012227956,0.0004902995,5.23712e-05,-0.00041125764,0.00034536683,-0.000713032,-0.00025760557,0.00073619484,2.580004e-05,0.00023412863,-0.00029911404,-0.0003271926,0.00037187876,-0.0001680188,-0.0002463188,-0.00029885274,-0.00020597626,0.0001666729,0.00035280746,0.00011522076,-9.958976e-05,-0.00013042048,-6.704129e-05,-7.68614e-05,-7.7278964e-05,-1.5414955e-05,3.5771307e-05,-0.00025125645,1.44084315e-05
15,-0.0012520561,0.00024986832,0.0021290695,0.0013924218,0.0017609412,0.0006873364,-0.0038405312,-0.001787975,0.0010562127,0.00144941,-0.0019502594,0.0016080185,0.0014696629,-0.0005466067,-0.00028687617,0.00529499,-2.2277785e-05,-0.0002251473,-0.00017272135,0.00027501036,-0.00034135097,-0.00064792205,0.0004315243,-0.0003555048,-1.00156285e-05,-6.267641e-05,0.00031295433,0.0005258684,-0.00011557843,4.8673668e-05,0.00019974663,2.3529203e-05,-0.00050461316,-0.0001572227,0.00029862157,-0.00025682457,2.170561e-05,-0.00020608417,2.8232389e-05,-0.00046892228,-3.75831e-05,-9.5487834e-05,-0.00011811429,-0.00017141915,4.1829917e-05,-0.00015821759,6.1780256e-06,-0.00013285431,7.269396e-05,5.9213657e-05
16,0.00014916327,-0.0014208744,0.0005694373,-0.002509317,0.0020916073,-0.001098048,0.00061567023,0.0011610945,0.0007432386,-0.00086616,0.00027299294,0.0005230779,0.00046752117,0.0002492819,0.001541276,-2.2277785e-05,0.0031576727,-3.4680073e-05,-0.00014174677,-0.00030301977,-0.00034718466,0.00011061959,-0.00045855535,0.00023590628,0.00021938884,0.00048820022,-0.0005874238,-6.387537e-05,0.00019699486,0.00047454407,-1.1006359e-06,0.00011084839,-0.00015725484,0.0001304445,-0.00023834701,-5.5313423e-05,2.0349189e-05,-6.1920306e-05,-0.00010385501,0.00027438372,-6.712944e-05,-0.00014042627,-6.846659e-05,-0.00012497426,2.0447862e-05,0.00028007705,-0.00012990965,-0.00015391063,0.00015225571,0.0002306003
17,-0.0006429514,3.2166325e-05,0.00043212814,0.0024592092,-0.0022093812,-0.00251558,-0.0011771448,0.0012144707,0.0011855642,-3.3399272e-05,9.984056e-05,-0.000618089,-0.00017763881,-0.00024378125,0.00044077396,-0.0002251473,-3.4680073e-05,0.0038532005,0.000121555175,-0.00019777197,0.00029484322,0.00086263503,0.0003370372,0.0001829091,-0.00013246163,-3.277203e-05,0.00028956623,-0.0003522639,-0.00021352412,-5.959643e-05,0.00016648113,-0.0008938451,0.000103256614,-2.6330796e-05,2.4079207e-05,0.00010357221,0.00016390745,0.0001721159,-0.00029776673,3.603666e-05,-6.58768e-05,-6.548163e-05,-0.00013625043,1.47479e-05,-0.00014196726,-0.00017444832,-6.0261948e-05,0.00014685391,-5.612603e-05,0.00013258835
18,0.0003019786,0.00081219024,-0.00026659825,0.0016794768,-0.0013128184,0.0023708225,-0.0005423224,-0.00068573526,0.0006812039,0.00031558028,-0.0014672719,-0.0007390296,0.00088488904,0.0007972085,0.00029524666,-0.00017272135,-0.00014174677,0.000121555175,0.0044319215,0.00080447947,-0.00028976845,-0.0002726883,-2.2860277e-05,6.889277e-05,-0.00024705578,0.0007095436,0.00040920288,-0.00037866185,6.378749e-05,-0.0003975847,0.00030760144,0.000124558,0.00024022412,0.0003311396,4.8519498e-05,-6.0867154e-05,-4.4935165e-05,-1.4439433e-05,0.00028511614,0.000102492675,-0.00047135586,-9.16547e-05,8.750762e-05,-0.00011808977,-3.3479835e-05,-6.75813e-05,-8.27649e-06,-3.5379973e-05,-3.9472037e-05,7.13335e-05
19,-0.0009668482,-0.00074509403,-0.00019291448,0.00091372296,-0.00045402363,-0.00044480822,0.000552226,0.00066940463,0.0005333498,0.00026886124,-0.00052442413,-0.0007757883,0.00020173786,0.00020224733,-0.0008707389,0.00027501036,-0.00030301977,-0.00019777197,0.00080447947,0.002350732,0.0003198913,0.0002902173,0.0006450491,-0.00017016556,8.2298386e-05,0.00055244827,-0.00028107976,0.00019504351,-0.00018659807,0.0002393813,-0.00018757221,-5.3936787e-05,0.00020289992,5.442543e-05,0.00010443541,-2.5147423e-05,0.00019829733,-0.00011260834,0.00020328366,-0.00013106216,-0.00019304558,0.00041696738,0.00014437691,3.3488577e-05,-9.5834024e-05,-2.369201e-05,-0.00013193762,4.5254215e-05,0.00015670186,9.102434e-05
20,-0.00066560553,-0.00023025784,0.00035412534,0.002937317,-0.0005022619,-0.00083985686,-0.00041948745,0.00018733708,0.0013451709,0.00064312766,-0.00094771746,0.00033804547,0.00034991163,0.00018394407,-0.0006597317,-0.00034135097,-0.00034718466,0.00029484322,-0.00028976845,0.0003198913,0.0019777054,-0.00010454899,0.0003295031,0.00024244843,0.00028129964,0.00016393333,-0.00036372326,-7.9540725e-05,0.00020915673,0.0002688425,0.000119342425,0.00010254474,0.00011163324,-0.00030810141,0.0001351985,0.0002845149,7.384126e-05,7.99173e-05,-0.0001228092,0.00031876063,-0.00016860066,5.6078803e-05,-0.00025905436,9.643652e-05,8.559448e-05,-1.2792215e-05,-0.00012335935,8.995419e-05,-8.322871e-05,-9.947531e-06
21,0.00037411568,-0.00022062541,-0.0011659777,0.0011745112,-0.0028807689,-7.1938186e-05,0.0022222698,-0.00040919008,-0.00086613686,0.00015111551,-6.4522055e-06,-0.000659244,-4.793128e-05,-0.00042168115,0.0012227956,-0.00064792205,0.00011061959,0.00086263503,-0.0002726883,0.0002902173,-0.00010454899,0.0024673776,0.00041754096,-4.8487644e-05,0.00012926765,0.00019734913,2.3133409e-05,-5.075355e-05,0.0002878704,0.00010363269,-3.2838427e-05,3.638974e-05,8.051339e-05,-2.8801496e-05,3.236317e-05,-0.00023696315,-5.9383987e-05,0.0002658458,2.4294597e-05,4.3579334e-05,-3.930388e-05,5.0015515e-05,-0.00012956483,0.00019714073,-0.00011506159,-5.887526e-05,7.8356126e-05,-4.6957084e-06,-7.2487805e-05,2.6720666e-06
22,-0.00013495784,0.0008245518,-0.00017690792,0.0024628097,-6.5941436e-05,-0.00090577663,-0.00079605996,-0.00033430575,-0.0005257135,-0.00053557736,0.00014035284,0.00013570845,0.00033460226,-1.956723e-05,0.0004902995,0.0004315243,-0.00045855535,0.0003370372,-2.2860277e-05,0.0006450491,0.0003295031,0.00041754096,0.0020416798,0.00010910691,-0.00026057143,-0.00035337632,-0.00041454445,4.784159e-05,8.106631e-05,0.00029820553,3.6351776e-05,-0.00013138114,-0.00012538265,-0.00014493443,0.00017291668,8.536622e-05,-0.00021317127,1.9410661e-05,0.00030509388,-0.0001403307,-0.00014124418,0.00027535696,4.424787e-05,-0.000112523405,0.00013371752,1.548007e-05,2.7703049e-05,8.7263455e-05,-7.291882e-05,2.2384049e-05
23,-0.0004438754,-0.00018668907,-0.00048242512,-0.0021030973,-0.0018589704,0.002571337,0.0009427302,-0.0004523798,0.0005321528,0.0008717482,-0.000508824,-0.00073688326,0.00035898964,4.3775308e-05,5.23712e-05,-0.0003555048,0.00023590628,0.0001829091,6.889277e-05,-0.00017016556,0.00024244843,-4.8487644e-05,0.00010910691,0.0017706769,-7.093105e-05,-0.00011462107,-6.5779795e-06,6.799098e-05,0.000150009,0.00025180448,0.00028884562,-0.00028851273,-0.00013015652,-0.00018913884,-0.000110226814,0.0003269854,-5.0199676e-05,-1.9781008e-05,3.082399e-05,4.7407717e-05,0.00016473781,1.8590858e-06,5.24601e-05,-6.504106e-07,0.00014798937,0.0001606238,0.00012040585,-0.00019402313,2.8755265e-05,6.303337e-05
24,0.00052135944,0.00020698934,0.00016868056,0.0010167533,-3.4045142e-06,-0.00018861119,9.1871174e-05,0.0006196528,-0.00082009495,-0.00077697367,-0.001276168,-0.00027770724,0.0003035132,-6.6064495e-05,-0.00041125764,-1.00156285e-05,0.00021938884,-0.00013246163,-0.00024705578,8.2298386e-05,0.00028129964,0.00012926765,-0.00026057143,-7.093105e-05,0.0014730638,-0.00049729104,-4.622412e-05,-0.00012093129,-3.915142e-05,0.00022244813,-6.240983e-05,0.00017157642,3.2126358e-05,-1.1087503e-05,0.0001044749,0.00019733906,0.00014710636,6.6245804e-05,-0.00020822567,2.9781993e-05,-0.00014536951,-3.8875718e-05,9.242156e-06,-6.5594977e-06,-0.00012188736,-5.296627e-05,-0.00018093121,-0.0001383145,-4.1518935e-05,-9.7381664e-05
25,0.0012059084,-0.00038701177,0.00057846203,-0.00065024325,-1.1956205e-05,0.0010139977,0.00051690487,0.0011499841,-0.00051432534,-0.00037008763,-0.0006252044,-6.0534665e-05,0.000413503,-0.0004802706,0.00034536683,-6.267641e-05,0.00048820022,-3.277203e-05,0.0007095436,0.00055244827,0.00016393333,0.00019734913,-0.00035337632,-0.00011462107,-0.00049729104,0.0021647844,0.00011039987,7.956865e-05,-0.00020723781,0.00017541138,-0.0001701006,0.0001015726,0.00016741447,-0.00010657057,-1.8130779e-06,-0.0001402687,6.1177016e-05,-8.348568e-05,-2.1645603e-05,5.72272e-05,0.00016821355,7.611789e-05,-0.00011156355,-8.197244e-05,2.1968786e-05,3.7818463e-05,3.7507656e-05,4.5464312e-06,5.1746887e-05,-4.539538e-06
26,-0.0004957403,0.00039222377,-0.00047911942,0.0010697691,-0.0005158708,0.001601838,0.0001293805,-0.00064003805,0.00065848493,6.913695e-05,-0.00021531896,-0.00045758026,0.00038831856,5.6979306e-06,-0.000713032,0.00031295433,-0.0005874238,0.00028956623,0.00040920288,-0.00028107976,-0.00036372326,2.3133409e-05,-0.00041454445,-6.5779795e-06,-4.622412e-05,0.00011039987,0.0011036377,-0.00012877368,-6.6888038e-06,9.675918e-05,-1.8444407e-06,0.000100115714,0.00017569811,-2.5212408e-05,9.6928634e-05,-0.0001400094,1.0928488e-06,4.764189e-05,-7.088001e-05,-0.0001322868,0.000100892474,5.616835e-05,-0.0001174146,-5.1968986e-05,-9.165673e-06,-9.380369e-05,9.330343e-05,-7.858913e-05,1.1119273e-06,-0.00010655174
27,-0.00048430945,-0.00012870802,-0.0004296789,0.00040205568,-0.00090495293,-0.0016126253,0.00040169625,0.0011269278,-0.000797874,0.00081599713,5.8635702e-05,0.00010181031,-8.516246e-05,-0.0003628875,-0.00025760557,0.0005258684,-6.387537e-05,-0.0003522639,-0.00037866185,0.00019504351,-7.9540725e-05,-5.075355e-05,4.784159e-05,6.799098e-05,-0.00012093129,7.956865e-05,-0.00012877368,0.0017615993,7.795806e-05,-5.790845e-05,3.9581682e-05,0.00010560084,0.00018086008,-7.244753e-05,2.0154243e-05,0.00013159477,-3.768527e-05,-2.0815565e-05,0.00023191856,8.868972e-05,-5.6803783e-05,-4.5338435e-05,-5.026224e-05,-0.00023266528,-2.179161e-05,1.1595416e-06,0.000174916,2.5716892e-05,-4.4518627e-05,-5.8955513e-05
28,-0.00031539533,-0.0006669982,0.000712852,-0.00068698614,0.00059048325,-0.0010789819,-3.340796e-05,-0.0003548676,0.0007550485,0.00045105265,-0.0003025806,8.779416e-05,0.00064619316,8.367813e-05,0.00073619484,-0.00011557843,0.00019699486,-0.00021352412,6.378749e-05,-0.00018659807,0.00020915673,0.0002878704,8.106631e-05,0.000150009,-3.915142e-05,-0.00020723781,-6.6888038e-06,7.795806e-05,0.0013504486,-8.7639695e-05,-0.0001722587,0.00018685023,6.9815345e-05,-3.7110178e-05,-6.954575e-06,-7.183908e-05,-0.00021492354,7.06797e-05,-3.898194e-05,-4.3382555e-05,-2.9414212e-05,0.00014693037,-9.110801e-05,-7.321292e-05,1.7325783e-05,-0.00010946994,2.4656176e-05,-0.00016153377,-7.1557544e-05,5.7872894e-05
29,0.00010671508,0.0002833541,6.450322e-05,0.0023579588,0.00093688467,0.000578257,-0.00032932337,0.0004814954,0.00067019043,-9.8926015e-05,-0.00018189552,5.4855926e-05,0.00086470874,-0.00060643075,2.580004e-05,4.8673668e-05,0.00047454407,-5.959643e-05,-0.0003975847,0.0002393813,0.0002688425,0.00010363269,0.00029820553,0.00025180448,0.00022244813,0.00017541138,9.675918e-05,-5.790845e-05,-8.7639695e-05,0.0013098643,4.3509357e-05,0.00016944099,0.00015959427,2.7792736e-05,2.9929966e-05,6.695747e-05,-0.00013421741,3.623242e-05,-3.1171734e-05,-4.412445e-05,6.62901e-05,3.1758078e-05,7.216145e-05,7.880421e-05,0.00013574839,0.00017186446,8.052009e-06,4.401491e-05,6.698462e-05,-4.002752e-05
30,-0.0011368793,0.00013824043,-0.0005164265,0.00047285776,-0.00073164736,0.0012737913,3.8021273e-05,0.00041515735,0.00081540935,0.00040220463,0.0005585381,0.00022002857,0.0004720866,-9.288611e-05,0.00023412863,0.00019974663,-1.1006359e-06,0.00016648113,0.00030760144,-0.00018757221,0.000119342425,-3.2838427e-05,3.6351776e-05,0.00028884562,-6.240983e-05,-0.0001701006,-1.8444407e-06,3.9581682e-05,-0.0001722587,4.3509357e-05,0.0007510262,-2.7426304e-05,-0.0001240318,9.045912e-05,0.00012374768,0.00012588565,-4.4610286e-05,3.9260936e-05,7.566821e-05,0.00010550565,-9.242902e-05,-0.00011293645,-4.8513666e-05,-4.237886e-05,-5.5263135e-05,2.7075012e-05,-7.220011e-05,1.2452259e-05,-5.0343835e-05,8.7436e-06
31,0.0001057301,-0.00046342262,-0.00015832335,0.00063774566,-0.0014099779,-0.00062326755,-0.0007282025,-0.00071566156,0.00014280513,-0.0007489545,9.5265175e-05,-9.552977e-05,-0.0002611357,0.00019551023,-0.00029911404,2.3529203e-05,0.00011084839,-0.0008938451,0.000124558,-5.3936787e-05,0.00010254474,3.638974e-05,-0.00013138114,-0.00028851273,0.00017157642,0.0001015726,0.000100115714,0.00010560084,0.00018685023,0.00016944099,-2.7426304e-05,0.0011590412,4.6710393e-05,3.9644972e-05,2.6321939e-05,-0.000117388685,-0.00027498745,0.00012444021,4.67341e-06,2.060504e-05,-0.00011144168,1.7199933e-05,7.753464e-05,-3.4749792e-06,7.730554e-05,-2.4302303e-06,-5.764699e-05,-3.7093203e-05,4.5115128e-05,-4.4094268e-06
32,1.0975912e-05,-0.00019479582,-0.00014687661,0.00065074593,0.00023998346,0.00015174435,0.0005023476,0.00023311118,0.00034958014,0.00047915592,0.00079930876,-0.00013777635,-0.000481427,-4.0934933e-06,-0.0003271926,-0.00050461316,-0.00015725484,0.000103256614,0.00024022412,0.00020289992,0.00011163324,8.051339e-05,-0.00012538265,-0.00013015652,3.2126358e-05,0.00016741447,0.00017569811,0.00018086008,6.9815345e-05,0.00015959427,-0.0001240318,4.6710393e-05,0.00063943054,-1.081655e-05,-1.6422142e-05,4.3358632e-05,5.2795287e-05,9.101118e-05,-2.09139e-05,2.7200465e-05,-0.00011213611,8.773869e-05,9.2341885e-05,1.7990491e-05,6.786089e-05,-1.4287005e-05,4.9947816e-05,2.3011955e-05,-2.3262604e-05,-2.1662358e-05
33,-6.9062364e-05,-0.00031470507,0.00068449706,-0.0006308538,0.00016268177,-2.5303507e-06,-0.000760149,0.0009343434,3.5765548e-05,-5.836851e-05,-4.4834014e-05,0.00028570613,0.00019933234,-3.993333e-06,0.00037187876,-0.0001572227,0.0001304445,-2.6330796e-05,0.0003311396,5.442543e-05,-0.00030810141,-2.8801496e-05,-0.00014493443,-0.00018913884,-1.1087503e-05,-0.00010657057,-2.5212408e-05,-7.244753e-05,-3.7110178e-05,2.7792736e-05,9.045912e-05,3.9644972e-05,-1.081655e-05,0.0005181536,-5.2622694e-05,-3.666243e-05,-4.3832424e-06,1.5792186e-05,6.471155e-05,6.6038716e-05,2.1402988e-05,-1.4698571e-05,0.00012316428,3.403719e-05,-9.621272e-05,-7.483923e-05,-8.307601e-05,-4.5486242e-05,4.2195046e-05,1.0071203e-06
34,6.0172833e-06,-2.0264852e-05,0.0003288426,-0.0012209131,0.00062371336,0.0011039448,-0.00025106836,-0.00028890427,-3.214857e-05,-0.00093412085,8.8471985e-05,0.000119648685,4.5161345e-05,5.7516976e-05,-0.0001680188,0.00029862157,-0.00023834701,2.4079207e-05,4.8519498e-05,0.00010443541,0.0001351985,3.236317e-05,0.00017291668,-0.000110226814,0.0001044749,-1.8130779e-06,9.6928634e-05,2.0154243e-05,-6.954575e-06,2.9929966e-05,0.00012374768,2.6321939e-05,-1.6422142e-05,-5.2622694e-05,0.00042396187,2.3885412e-05,6.690733e-06,3.090246e-05,9.143066e-05,3.4659635e-05,-7.107095e-05,5.5244578e-05,-0.000108673645,-6.9401076e-06,-7.864041e-05,3.498239e-05,-4.3134714e-05,-5.3844033e-05,-5.914584e-05,-8.552857e-06
35,0.00041110464,0.00013012288,-0.00045519636,-0.0010587522,0.00062503584,0.00067379995,-0.00026101517,0.0005209093,-0.0007154646,-0.00020586641,0.00013794586,-5.3866097e-05,-1.7700368e-05,0.0004445482,-0.0002463188,-0.00025682457,-5.5313423e-05,0.00010357221,-6.0867154e-05,-2.5147423e-05,0.0002845149,-0.00023696315,8.536622e-05,0.0003269854,0.00019733906,-0.0001402687,-0.0001400094,0.00013159477,-7.183908e-05,6.695747e-05,0.00012588565,-0.000117388685,4.3358632e-05,-3.666243e-05,2.3885412e-05,0.00048029874,-1.5953468e-05,-1.2645151e-05,-1.8952163e-05,-1.2210594e-06,-0.00011867279,-1.1225549e-05,-1.8122399e-05,-6.259419e-05,4.4792298e-05,-6.7483086e-07,3.419759e-05,3.211173e-05,2.3533592e-06,-2.4543897e-05
36,-0.0004568374,-0.00025504065,0.00016393232,-0.0008932706,-5.042004e-06,0.00036187004,-0.0004815195,0.000399925,0.00023591894,0.00050564366,2.644461e-05,0.00016504916,0.00016935114,-5.9590988e-05,-0.00029885274,2.170561e-05,2.0349189e-05,0.00016390745,-4.4935165e-05,0.00019829733,7.384126e-05,-5.9383987e-05,-0.00021317127,-5.0199676e-05,0.00014710636,6.1177016e-05,1.0928488e-06,-3.768527e-05,-0.00021492354,-0.00013421741,-4.4610286e-05,-0.00027498745,5.2795287e-05,-4.3832424e-06,6.690733e-06,-1.5953468e-05,0.0003799653,-1.6298993e-05,-1.9079594e-05,4.5282857e-05,1.7248807e-05,7.585918e-05,2.5013087e-06,1.5869187e-05,-0.00010363091,1.450578e-05,-6.801679e-05,-2.4161189e-05,1.798811e-05,-2.964336e-05
37,-0.0006529594,2.0435715e-05,-0.0006649215,0.0015625437,-3.496156e-05,0.00080928346,-0.00064646103,0.0008532604,7.879416e-05,0.00024676358,0.0007554134,0.00021386679,7.556023e-05,-0.00017385784,-0.00020597626,-0.00020608417,-6.1920306e-05,0.0001721159,-1.4439433e-05,-0.00011260834,7.99173e-05,0.0002658458,1.9410661e-05,-1.9781008e-05,6.6245804e-05,-8.348568e-05,4.764189e-05,-2.0815565e-05,7.06797e-05,3.623242e-05,3.9260936e-05,0.00012444021,9.101118e-05,1.5792186e-05,3.090246e-05,-1.2645151e-05,-1.6298993e-05,0.00040470882,-1.1636586e-05,-5.3767937e-05,-1.0398679e-05,-3.6560356e-05,2.2265143e-05,3.215809e-05,-2.2565951e-05,2.7305954e-05,1.343354e-05,-2.226912e-05,2.8124256e-05,3.0389445e-05
38,0.00010077213,-1.3318822e-05,-0.00011633114,-0.000104786435,-0.00010753981,0.00036030155,1.7806964e-05,-0.00045882526,-0.00040600466,-0.000299134,0.00035452092,0.00025248528,0.00038653717,0.00043514598,0.0001666729,2.8232389e-05,-0.00010385501,-0.00029776673,0.00028511614,0.00020328366,-0.0001228092,2.4294597e-05,0.00030509388,3.082399e-05,-0.00020822567,-2.1645603e-05,-7.088001e-05,0.00023191856,-3.898194e-05,-3.1171734e-05,7.566821e-05,4.67341e-06,-2.09139e-05,6.471155e-05,9.143066e-05,-1.8952163e-05,-1.9079594e-05,-1.1636586e-05,0.00040478574,3.7802034e-05,1.3919082e-08,-2.4501785e-05,-2.2083601e-05,3.8309085e-05,-6.641242e-05,4.281816e-05,4.2359254e-05,7.478359e-05,7.183271e-05,-2.8801789e-05
39,-0.00046321546,-0.00017335385,-0.00012093116,9.4598705e-05,-0.0006858846,0.0007257379,-0.00013810903,-0.00040604756,6.836035e-05,0.0001522306,-0.00015151844,0.00029179914,0.0001243192,0.00035161903,0.00035280746,-0.00046892228,0.00027438372,3.603666e-05,0.000102492675,-0.00013106216,0.00031876063,4.3579334e-05,-0.0001403307,4.7407717e-05,2.9781993e-05,5.72272e-05,-0.0001322868,8.868972e-05,-4.3382555e-05,-4.412445e-05,0.00010550565,2.060504e-05,2.7200465e-05,6.6038716e-05,3.4659635e-05,-1.2210594e-06,4.5282857e-05,-5.3767937e-05,3.7802034e-05,0.00055873004,7.756725e-05,4.8358503e-05,-1.4445488e-05,-4.353891e-05,3.3615244e-05,-2.2936434e-05,-4.299214e-05,5.404925e-05,-9.327881e-05,1.6152815e-05
40,-0.0002232031,0.00016812711,-7.6906916e-05,0.00049737614,-0.00044674287,0.00085104647,-0.00014387914,1.444754e-05,0.00015746802,-0.00032427872,-4.94474e-05,0.00038270678,0.0002445861,-0.00013305711,0.00011522076,-3.75831e-05,-6.712944e-05,-6.58768e-05,-0.00047135586,-0.00019304558,-0.00016860066,-3.930388e-05,-0.00014124418,0.00016473781,-0.00014536951,0.00016821355,0.000100892474,-5.6803783e-05,-2.9414212e-05,6.62901e-05,-9.242902e-05,-0.00011144168,-0.00011213611,2.1402988e-05,-7.107095e-05,-0.00011867279,1.7248807e-05,-1.0398679e-05,1.3919082e-08,7.756725e-05,0.00041409218,4.671768e-05,7.8826866e-05,-2.3835188e-05,-1.9978059e-05,-3.4724006e-05,5.459264e-05,4.058873e-05,9.990801e-06,-4.9475348e-05
41,-0.00019659821,1.9274263e-05,2.811112e-05,-0.00085832656,-8.3902036e-05,0.0006385073,-0.0003555887,-1.0138949e-05,0.0001636386,0.0002689372,0.00036587747,0.00016790461,-0.000144983,0.00021484535,-9.958976e-05,-9.5487834e-05,-0.00014042627,-6.548163e-05,-9.16547e-05,0.00041696738,5.6078803e-05,5.0015515e-05,0.00027535696,1.8590858e-06,-3.8875718e-05,7.611789e-05,5.616835e-05,-4.5338435e-05,0.00014693037,3.1758078e-05,-0.00011293645,1.7199933e-05,8.773869e-05,-1.4698571e-05,5.5244578e-05,-1.1225549e-05,7.585918e-05,-3.6560356e-05,-2.4501785e-05,4.8358503e-05,4.671768e-05,0.00040731241,3.811741e-06,-8.938032e-05,1.8162846e-05,-8.2012375e-05,-6.626324e-05,-5.8517646e-05,1.51919485e-05,-1.6233178e-06
42,-2.4708528e-05,0.000120726894,9.662586e-06,0.00031454142,1.1936823e-05,-0.00031033688,0.0001647998,-7.520113e-05,-6.2229155e-06,0.00029297222,4.980785e-06,-0.00015255401,0.00015017598,-8.200494e-05,-0.00013042048,-0.00011811429,-6.846659e-05,-0.00013625043,8.750762e-05,0.00014437691,-0.00025905436,-0.00012956483,4.424787e-05,5.24601e-05,9.242156e-06,-0.00011156355,-0.0001174146,-5.026224e-05,-9.110801e-05,7.216145e-05,-4.8513666e-05,7.753464e-05,9.2341885e-05,0.00012316428,-0.000108673645,-1.8122399e-05,2.5013087e-06,2.2265143e-05,-2.2083601e-05,-1.4445488e-05,7.8826866e-05,3.811741e-06,0.0005213169,5.8730047e-06,1.958038e-05,5.846857e-05,-9.6719e-06,-1.727867e-05,-1.4464048e-05,2.2294016e-05
43,1.795109e-05,-0.00043368936,9.434004e-05,-0.001236204,-0.00036100787,-0.0004697845,-0.00031974708,-0.0005410225,-1.03898765e-05,0.0006417267,-4.846092e-05,-3.5432502e-05,0.00015559988,0.0003062156,-6.704129e-05,-0.00017141915,-0.00012497426,1.47479e-05,-0.00011808977,3.3488577e-05,9.643652e-05,0.00019714073,-0.000112523405,-6.504106e-07,-6.5594977e-06,-8.197244e-05,-5.1968986e-05,-0.00023266528,-7.321292e-05,7.880421e-05,-4.237886e-05,-3.4749792e-06,1.7990491e-05,3.403719e-05,-6.9401076e-06,-6.259419e-05,1.5869187e-05,3.215809e-05,3.8309085e-05,-4.353891e-05,-2.3835188e-05,-8.938032e-05,5.8730047e-06,0.00035151155,-3.3910303e-05,7.6959725e-05,6.1476574e-05,1.8815179e-05,6.7968766e-05,-6.5006625e-06
44,0.00017973287,-8.599792e-05,1.471765e-06,-0.0011774562,-0.0003430539,6.388832e-05,1.5502897e-05,-0.00015867842,9.4942545e-05,0.0003189525,-4.9551687e-05,-0.00014777857,4.000827e-05,2.2362117e-05,-7.68614e-05,4.1829917e-05,2.0447862e-05,-0.00014196726,-3.3479835e-05,-9.5834024e-05,8.559448e-05,-0.00011506159,0.00013371752,0.00014798937,-0.00012188736,2.1968786e-05,-9.165673e-06,-2.179161e-05,1.7325783e-05,0.00013574839,-5.5263135e-05,7.730554e-05,6.786089e-05,-9.621272e-05,-7.864041e-05,4.4792298e-05,-0.00010363091,-2.2565951e-05,-6.641242e-05,3.3615244e-05,-1.9978059e-05,1.8162846e-05,1.958038e-05,-3.3910303e-05,0.00024475096,-2.3421253e-05,6.39729e-05,1.34711445e-05,-1.515195e-05,-1.6356189e-06
45,0.0001729297,-9.3902585e-05,0.00021455827,-0.00044411485,0.0004196326,0.00026989548,-0.00014653782,-0.00013798178,-0.0002163178,-7.443476e-05,0.00012727434,-0.00016610777,-3.517842e-05,-0.0002707058,-7.7278964e-05,-0.00015821759,0.00028007705,-0.00017444832,-6.75813e-05,-2.369201e-05,-1.2792215e-05,-5.887526e-05,1.548007e-05,0.0001606238,-5.296627e-05,3.7818463e-05,-9.380369e-05,1.1595416e-06,-0.00010946994,0.00017186446,2.7075012e-05,-2.4302303e-06,-1.4287005e-05,-7.483923e-05,3.498239e-05,-6.7483086e-07,1.450578e-05,2.7305954e-05,4.281816e-05,-2.2936434e-05,-3.4724006e-05,-8.2012375e-05,5.846857e-05,7.6959725e-05,-2.3421253e-05,0.00028668426,1.3398162e-05,-1.42946155e-05,-3.2911692e-07,4.157377e-05
46,0.000312905,4.491925e-05,0.00015690821,-0.00065335206,0.0003227656,4.938898e-06,3.8614162e-05,-0.0001679355,-2.1378448e-05,0.0002071563,0.00015615823,-0.0002075796,0.00024805818,0.00024511298,-1.5414955e-05,6.1780256e-06,-0.00012990965,-6.0261948e-05,-8.27649e-06,-0.00013193762,-0.00012335935,7.8356126e-05,2.7703049e-05,0.00012040585,-0.00018093121,3.7507656e-05,9.330343e-05,0.000174916,2.4656176e-05,8.052009e-06,-7.220011e-05,-5.764699e-05,4.9947816e-05,-8.307601e-05,-4.3134714e-05,3.419759e-05,-6.801679e-05,1.343354e-05,4.2359254e-05,-4.299214e-05,5.459264e-05,-6.626324e-05,-9.6719e-06,6.1476574e-05,6.39729e-05,1.3398162e-05,0.00022165202,4.14312e-05,-2.0300387e-05,-2.1062364e-05
47,0.00027913594,4.7472167e-05,-2.0182617e-05,0.0011977791,0.0003330218,-0.0006259965,-0.000650287,2.5927484e-06,-0.00010553517,-0.00039964583,-5.2639203e-05,-0.00012697614,-2.1840558e-05,0.0001881828,3.5771307e-05,-0.00013285431,-0.00015391063,0.00014685391,-3.5379973e-05,4.5254215e-05,8.995419e-05,-4.6957084e-06,8.7263455e-05,-0.00019402313,-0.0001383145,4.5464312e-06,-7.858913e-05,2.5716892e-05,-0.00016153377,4.401491e-05,1.2452259e-05,-3.7093203e-05,2.3011955e-05,-4.5486242e-05,-5.3844033e-05,3.211173e-05,-2.4161189e-05,-2.226912e-05,7.478359e-05,5.404925e-05,4.058873e-05,-5.8517646e-05,-1.727867e-05,1.8815179e-05,1.34711445e-05,-1.42946155e-05,4.14312e-05,0.00028772422,2.525478e-05,-1.70135e-05
48,0.00026185176,-0.00016484137,0.00025489446,-0.00028582796,0.00016986496,-5.7153098e-05,-9.9422636e-05,0.00019866988,-5.1864736e-05,0.00014077693,0.00012715001,0.00020917463,-6.999507e-05,0.00023869364,-0.00025125645,7.269396e-05,0.00015225571,-5.612603e-05,-3.9472037e-05,0.00015670186,-8.322871e-05,-7.2487805e-05,-7.291882e-05,2.8755265e-05,-4.1518935e-05,5.1746887e-05,1.1119273e-06,-4.4518627e-05,-7.1557544e-05,6.698462e-05,-5.0343835e-05,4.5115128e-05,-2.3262604e-05,4.2195046e-05,-5.914584e-05,2.3533592e-06,1.798811e-05,2.8124256e-05,7.183271e-05,-9.327881e-05,9.990801e-06,1.51919485e-05,-1.4464048e-05,6.7968766e-05,-1.515195e-05,-3.2911692e-07,-2.0300387e-05,2.525478e-05,0.00019711144,-9.69495e-06
49,2.2454991e-05,0.0005486754,-0.0004136336,0.0008438823,-4.7912177e-05,0.0005254325,-0.0002532046,0.00038466917,-0.00015796038,1.3973782e-05,0.00037033437,-0.00015281717,-9.665951e-05,1.2253166e-05,1.44084315e-05,5.9213657e-05,0.0002306003,0.00013258835,7.13335e-05,9.102434e-05,-9.947531e-06,2.6720666e-06,2.2384049e-05,6.303337e-05,-9.7381664e-05,-4.539538e-06,-0.00010655174,-5.8955513e-05,5.7872894e-05,-4.002752e-05,8.7436e-06,-4.4094268e-06,-2.1662358e-05,1.0071203e-06,-8.552857e-06,-2.4543897e-05,-2.964336e-05,3.0389445e-05,-2.8801789e-05,1.6152815e-05,-4.9475348e-05,-1.6233178e-06,2.2294016e-05,-6.5006625e-06,-1.6356189e-06,4.157377e-05,-2.1062364e-05,-1.70135e-05,-9.69495e-06,0.00025235798
