,0,1,2,3,4,5,6,7,8,9,10,11,12,13,14,15,16,17,18,19,20,21,22,23,24,25,26,27,28,29,30,31,32,33,34,35,36,37,38,39,40,41,42,43,44,45,46,47,48,49
0,3.5548189,29.755642,3.5501559,0.034552716,-0.11411135,0.41978955,0.1205139,-0.0016051412,-0.025073666,0.025314637,0.029540587,0.005631159,-0.05066663,0.0043281843,-0.0041458197,-0.006779951,-0.020495456,-0.0047498452,0.0016440284,0.005745272,-0.0018028071,-0.0034144565,0.006591654,0.012378776,-0.0071015945,0.0042715706,-0.0008617111,-0.002444312,0.00072974863,0.0053911726,4.957548e-05,-0.0009665472,0.0018848855,0.0016534834,0.0014047144,0.0033367034,-0.00023988128,0.0029834765,0.002222693,-0.0015076287,0.000402319,-0.0017404265,-3.2910353e-05,-0.0017403935,-0.00016364957,-0.0008446276,0.00084079173,-0.0005668646,-1.9934105e-05,8.255074e-05
1,29.755642,294.37915,35.49791,0.5585234,-0.3592336,0.06553629,-0.050058417,0.13052389,0.0339517,0.030375294,-0.00076421234,-0.025025746,0.017165454,0.0033459081,0.010687198,0.0012889552,-0.021670582,0.007979163,-0.0032199258,-7.375528e-05,0.0035095208,-0.0053984243,0.0024708349,0.006140085,-0.0047160084,0.0047035934,-0.00045426065,-6.174712e-05,0.003046941,-0.00051640125,-0.00034830486,0.00069328514,-0.0016096102,-0.0022103416,-0.0006590292,-0.0004827504,1.5823181e-05,0.0010941396,2.6847038e-05,-0.00084209314,0.0005263439,0.0011121705,-0.0009571337,0.0004299527,-0.0013194465,-0.0010840718,0.00020839326,-0.00078447675,2.668655e-05,-0.0008954989
2,3.5501559,35.49791,4.2934813,0.08137295,-0.053929202,-0.026674232,0.014738593,0.026298214,0.0043474534,0.01176755,0.0018383488,-0.0016549608,0.0071350154,0.0036599683,0.0006630799,-0.00041048185,0.0020271118,0.0012575556,-0.002289257,-0.00067249953,-0.0018387048,0.0003467651,-0.0018522629,-0.0012843255,-0.0002807452,-0.001300649,0.000865915,0.00035114808,-0.001160668,-0.00013925586,-0.0015088416,0.0003841585,-0.0006064307,-0.00034322258,-0.0006074485,-0.0008708423,-0.00041564985,-0.0010253092,-0.00036148637,-6.6828914e-05,0.00037681856,0.0004624357,4.185935e-05,0.00018547884,-0.00021616396,-3.3420627e-05,-0.0004558011,-0.00018226984,-1.1936556e-05,9.322385e-05
3,0.034552716,0.5585234,0.08137295,0.06674764,-0.029637273,-0.06019137,0.06713326,-0.03971091,-0.010795671,0.0074715465,-0.006866377,0.030437678,0.0003790048,0.0029593399,-0.0039095087,-0.0005878024,0.0038415203,-0.004491647,-0.0040570893,5.288003e-05,-0.0027959887,-0.0008530428,-0.00028841745,-0.0009807444,0.002919084,-0.0010388854,0.0004691983,0.0017249122,-0.0030924217,0.00032398172,-0.00227856,0.0018754157,-0.0020531085,-0.00024120591,-0.0011477402,0.0006992731,0.00033826503,-0.0015849476,-0.0006686561,0.0008374394,0.0018992426,-2.7031394e-05,0.0002980139,0.00031914684,-0.00042181386,0.00053530396,-0.00029189495,-0.00066582503,-6.35196e-05,0.00038383418
4,-0.11411135,-0.3592336,-0.053929202,-0.029637273,0.06429643,-0.052325092,-0.10995619,0.007535431,0.011063676,-0.00062123884,-0.013775238,-0.00025524595,-0.005159248,-0.00012887992,-0.0013849745,-0.0028271978,-0.0051314943,-0.0027347635,-0.00019266813,-7.99205e-05,0.0030793387,0.002428172,0.0026507634,0.00087389234,0.00063610415,0.0017561445,-0.0013628782,-0.0017739872,0.0028865843,-0.0017097488,0.002226049,-0.0018347614,0.00031830592,-0.00016549515,0.0008621438,-0.0005214176,0.0006016706,0.0010276107,-7.142477e-05,-0.00031632537,-0.0010431979,-0.0003849055,8.459083e-05,-0.00057989714,0.0008439362,-0.0001138442,0.00043090893,0.00068926666,0.00010690479,-0.00051251426
5,0.41978955,0.06553629,-0.026674232,-0.06019137,-0.052325092,0.3655021,0.06288615,0.027531493,-0.018256692,0.0071999915,0.031168245,-0.02409013,-0.029508622,-0.0051179854,0.0042102635,-0.0063130297,-0.009469129,-2.6036698e-05,0.0042941207,0.0033400608,0.000832883,-0.005029386,0.0038136956,0.008085789,-0.0047143637,0.005685445,-0.00065424276,-0.0015820537,0.0021649054,0.0034702464,0.00043243656,-4.4326225e-05,0.0013823111,0.0014250977,0.0010159372,0.0016575123,0.00046630192,0.0035216413,0.001900472,-0.0019178744,0.0009390356,-0.0013910744,-0.0003903232,-0.0016790165,8.928019e-05,-0.0005132396,0.00079219945,-0.00022991246,0.0002937296,-0.00034035023
6,0.1205139,-0.050058417,0.014738593,0.06713326,-0.10995619,0.06288615,0.21838056,-0.012098368,-0.0037996229,0.00067581073,0.016297936,0.022850895,0.0077663804,0.0019257923,0.0014029923,0.0072415406,0.0042699194,0.003023169,0.0005058052,0.0023962255,-0.0043424694,-0.0017624132,-0.0038515404,0.0012919602,0.00076950836,-0.0032542418,0.0013138134,0.0009604468,-0.0028619692,0.0014793754,-0.0039317757,0.0044877324,-0.0009293455,-4.2977543e-05,-2.2435876e-05,-0.0009016185,-0.0019084839,-0.0019791939,0.00035432633,0.0008099361,0.001978072,0.001091816,-0.0008277583,0.001751954,-0.0023277043,-4.442163e-05,-0.00090148335,-0.0012114157,-0.00046209822,0.00078493287
7,-0.0016051412,0.13052389,0.026298214,-0.03971091,0.007535431,0.027531493,-0.012098368,0.1370363,0.031866692,0.02446998,-0.007591551,-0.02210667,0.0005659518,0.004421419,0.00038632163,-0.004721581,-0.0022822833,0.004058757,-0.0005651199,0.0001520651,0.0033125002,0.0015472784,-0.00011489364,-0.00030723645,0.0017586868,0.00023540766,1.5659292e-05,0.0004658815,-0.0020131366,-0.0021497612,-0.0007575664,0.0024306495,-0.0012221362,-0.0008524151,-0.00053450523,-0.0016321172,-0.000498684,-0.0013736478,-0.0007807035,-0.00020131445,0.00072210864,0.0004695088,-0.00070359715,0.0004892901,-0.0007621466,-0.0005066145,-0.00069149304,-0.0006846402,-0.0003317535,2.4374976e-05
8,-0.025073666,0.0339517,0.0043474534,-0.010795671,0.011063676,-0.018256692,-0.0037996229,0.031866692,0.049136367,-0.005803536,0.007889486,0.0112572145,0.0042098793,-0.00017404396,-0.0075881425,0.0016081219,0.00016022913,0.0041516433,-0.00022685577,-0.0002495995,0.004447107,0.00023712256,0.0036713881,0.0011506523,-5.6277244e-05,-0.0021834327,0.0025295487,-0.0014017932,0.0010654734,-0.00071151834,0.0009695096,0.0006874409,0.000304332,-0.0007831979,0.00075972266,-0.0004071716,0.00018909402,0.0012124134,0.00034640834,-0.00039171183,-0.0003632833,-8.651687e-05,-0.00042176392,0.0003251384,0.000598356,-0.0006674107,-2.5432557e-05,-6.970861e-05,-0.00061497884,3.843801e-05
9,0.025314637,0.030375294,0.01176755,0.0074715465,-0.00062123884,0.0071999915,0.00067581073,0.02446998,-0.005803536,0.030577155,-0.001969899,0.003723216,-0.0058485046,0.008382889,-0.00338308,-0.004680329,-0.0028008483,-0.003484733,-0.0056121266,0.0011580163,-0.0026618126,0.001608128,-0.0020091552,-0.0006362961,0.0006279012,-0.00071451196,-0.0006388453,-0.0015678459,-0.0016527474,0.0004930034,-0.0032265517,-0.0007342475,-0.00076168077,0.00013822428,-0.00068058923,0.0004100784,-0.00026731472,-0.0009772417,-0.00076384575,-0.00038691875,-4.477924e-05,-0.00070516276,0.0003650397,-0.00064377964,0.00046596024,0.00013810645,-0.00028082603,0.00017669404,-0.00033272838,-2.5974998e-05
10,0.029540587,-0.00076421234,0.0018383488,-0.006866377,-0.013775238,0.031168245,0.016297936,-0.007591551,0.007889486,-0.001969899,0.025569819,-0.0050625447,0.0018504646,-0.00044069067,-0.002763423,0.0004878397,0.007461719,0.00012581793,-0.0005242012,-0.0016266403,0.00044076913,-0.00031417218,-0.0018160061,-0.0009929156,-0.0017989585,-0.0028545894,0.002024128,-0.002178757,0.00055731565,0.000864752,-0.0005790802,-0.00060751126,0.0009307667,-0.000106097184,-0.00061741995,-0.00068846456,0.0006158571,0.0006412009,0.0006832653,-0.00070573343,-0.0008124468,1.8404968e-05,0.00013356187,-0.0002463971,0.00095493515,-0.00041885936,-0.0003994078,0.00048034632,3.919883e-05,0.00019304242
11,0.005631159,-0.025025746,-0.0016549608,0.030437678,-0.00025524595,-0.02409013,0.022850895,-0.02210667,0.0112572145,0.003723216,-0.0050625447,0.032353297,-0.004885749,0.0035977352,-0.004857002,-0.0014325068,-0.00241948,-0.0032484818,-0.0025240188,0.0011934729,-0.00053523574,-0.00017113122,0.0028426808,0.0025486308,0.001056616,-0.00031750224,0.0003845982,-0.0002541729,0.00042260776,-0.00041910558,-0.00049644354,0.0004549577,-0.00044270384,0.00024279357,0.0007833447,-0.0005290967,-0.00023989502,0.000501381,0.00010308034,-0.000119717035,0.0009112622,-0.0004101157,-0.00014490828,-9.3500516e-05,0.00016846218,-0.00010871434,2.3997341e-05,-5.5176042e-05,-0.00035247643,-6.0830185e-05
12,-0.05066663,0.017165454,0.0071350154,0.0003790048,-0.005159248,-0.029508622,0.0077663804,0.0005659518,0.0042098793,-0.0058485046,0.0018504646,-0.004885749,0.022326572,-0.0001885509,0.003739965,0.0040123,-0.0012759446,0.006139025,-0.0014471577,0.0014556954,-0.0018565017,-0.003221813,-0.001690685,-0.0007822815,-0.0013035971,0.0009520248,-0.0003233851,-0.00022721486,0.00029002462,-8.388666e-06,-0.0017927429,0.00027257774,-0.00034512044,0.00016826473,-0.00032412063,-0.00027021684,2.6717149e-05,0.0003569746,-0.000112807254,-0.00031472972,1.9949735e-05,-0.00015289246,-0.00013425597,2.3196262e-05,5.147956e-05,0.00026259,-0.00013014178,0.00030078803,-3.4740267e-05,-0.00023816948
13,0.0043281843,0.0033459081,0.0036599683,0.0029593399,-0.00012887992,-0.0051179854,0.0019257923,0.004421419,-0.00017404396,0.008382889,-0.00044069067,0.0035977352,-0.0001885509,0.009834849,-0.0005589967,-0.0015365992,-0.0015699011,0.0009071961,-0.0022176616,-0.00027229707,-0.001632881,-0.0014647644,0.0011702729,0.0012849063,-0.0024598688,-0.0009765632,-0.00024946057,-5.341203e-05,-0.00057190866,-0.00014802808,-0.00041786645,-0.0017993988,-0.0003198175,0.00032324926,-0.000985257,-0.00041859143,-0.0006515923,-0.00016797616,-3.941356e-06,7.722029e-05,-0.000297871,0.00045431085,-1.8556118e-05,0.00017688505,0.00020551917,-0.00016344347,-0.00030930043,0.00027388055,7.0643335e-05,-0.00013036227
14,-0.0041458197,0.010687198,0.0006630799,-0.0039095087,-0.0013849745,0.0042102635,0.0014029923,0.00038632163,-0.0075881425,-0.00338308,-0.002763423,-0.004857002,0.003739965,-0.0005589967,0.0067610038,-0.00011005839,-4.819282e-05,0.00088946876,0.0014668542,-0.00034333108,-0.0004929263,-0.0009307228,-0.0011083984,0.0011031108,0.0008538141,0.00097530615,-0.0010868963,0.0001516871,0.0013552017,-0.0011709025,-0.00030913277,-0.00013350384,-0.00031544868,0.00021561011,-7.767581e-05,-0.00089639693,-0.0007268999,0.0003466035,-0.0002799344,-9.517075e-05,0.00032787106,0.0004518724,-0.00017211906,-9.298869e-06,-0.00037633377,2.0266649e-05,-1.76279e-05,0.00017816985,0.000119699806,-0.00017154648
15,-0.006779951,0.0012889552,-0.00041048185,-0.0005878024,-0.0028271978,-0.0063130297,0.0072415406,-0.004721581,0.0016081219,-0.004680329,0.0004878397,-0.0014325068,0.0040123,-0.0015365992,-0.00011005839,0.0048706112,-0.0022170958,0.0014582828,0.0009658873,0.001971644,-5.298636e-05,0.0009374283,-0.0007483288,-0.000875058,-7.51795e-05,-0.00036197255,-0.00032990967,-0.0009013978,-2.2971574e-06,0.00073148555,0.00050558586,0.00050740124,0.0003448655,-0.000120138546,0.0005393239,0.00034150115,-0.00018372905,1.0652439e-05,2.7241065e-05,0.0002462462,-0.00059844146,0.00011140693,-9.480922e-05,0.00034660418,-0.00011914843,8.05696e-05,-3.6079182e-05,-0.0001274033,-2.7114682e-05,3.934058e-05
16,-0.020495456,-0.021670582,0.0020271118,0.0038415203,-0.0051314943,-0.009469129,0.0042699194,-0.0022822833,0.00016022913,-0.0028008483,0.007461719,-0.00241948,-0.0012759446,-0.0015699011,-4.819282e-05,-0.0022170958,0.013345727,-0.0005179502,0.0006054612,-0.003430937,0.00045074138,0.000722381,0.0015236697,-0.0020014902,0.00021869747,-0.00027044598,0.00042979448,0.0006422684,-0.00037874034,-0.00070562493,-0.00016791996,-0.0009452931,-0.00026904966,0.00036415778,1.5904905e-05,-0.0004993004,-0.0003565075,-0.00084073097,2.1969163e-06,-3.4329953e-06,0.0009777229,0.00012791567,4.96075e-05,-0.0001331144,0.0001994355,0.00010464176,7.654833e-05,-8.522165e-05,-0.00012281568,0.00027958304
17,-0.0047498452,0.007979163,0.0012575556,-0.004491647,-0.0027347635,-2.6036698e-05,0.003023169,0.004058757,0.0041516433,-0.003484733,0.00012581793,-0.0032484818,0.006139025,0.0009071961,0.00088946876,0.0014582828,-0.0005179502,0.0054085036,-0.00026747293,0.00047479154,-0.0011053439,-0.0011706275,0.001675686,0.00036995378,-0.0017258544,0.00050987233,0.0008549256,0.0005064497,-8.89035e-05,0.0005784241,0.00018890435,-0.0007183427,-2.9404544e-06,-7.868567e-05,0.00039546497,0.00017764652,-0.0002699365,-7.322882e-05,-0.000103069106,-7.2215276e-05,-7.090853e-05,0.00016205564,-2.7948503e-05,-0.00012047103,-9.89366e-06,1.9643518e-05,0.00017172517,-0.00015153318,-0.00011627015,2.9109095e-05
18,0.0016440284,-0.0032199258,-0.002289257,-0.0040570893,-0.00019266813,0.0042941207,0.0005058052,-0.0005651199,-0.00022685577,-0.0056121266,-0.0005242012,-0.0025240188,-0.0014471577,-0.0022176616,0.0014668542,0.0009658873,0.0006054612,-0.00026747293,0.0030312268,4.3746084e-05,0.00065548124,0.0010133578,-8.57937e-05,2.611312e-05,0.0003766336,-0.00022650258,-0.00018551707,0.00039315555,0.0003352163,-0.00026586134,0.0008950364,0.00023676021,0.000432664,0.00040011224,2.6266302e-05,-3.2454268e-06,-0.0005253551,0.00013461315,1.0468673e-06,0.00017574358,3.3507655e-05,0.00018779808,-2.9714558e-06,0.00020601465,1.54242e-05,-4.0321822e-05,1.1467232e-05,-3.6217087e-05,3.1241161e-06,8.003763e-05
19,0.005745272,-7.375528e-05,-0.00067249953,5.288003e-05,-7.99205e-05,0.0033400608,0.0023962255,0.0001520651,-0.0002495995,0.0011580163,-0.0016266403,0.0011934729,0.0014556954,-0.00027229707,-0.00034333108,0.001971644,-0.003430937,0.00047479154,4.3746084e-05,0.002991981,-0.0005783724,0.000972285,-0.00035376154,-4.7167712e-05,-0.00018489818,0.0003257452,6.45258e-05,-0.0005965702,-3.4808654e-06,0.0010008797,8.685773e-05,0.00050919305,0.00012810966,0.0002210744,0.00048518425,0.00011072702,-8.252154e-05,0.00011186513,-0.00017822876,-4.2646097e-05,-8.437624e-05,-2.424723e-05,-0.0001683583,5.361914e-06,0.00018801152,0.00016034066,1.711708e-05,-0.00015063428,-1.0532429e-05,-0.00017238696
20,-0.0018028071,0.0035095208,-0.0018387048,-0.0027959887,0.0030793387,0.000832883,-0.0043424694,0.0033125002,0.004447107,-0.0026618126,0.00044076913,-0.00053523574,-0.0018565017,-0.001632881,-0.0004929263,-5.298636e-05,0.00045074138,-0.0011053439,0.00065548124,-0.0005783724,0.0027834484,-0.00014860838,0.0004868089,4.1705847e-05,0.0009489,1.5428714e-05,-0.00031264103,-0.0004955941,0.0006891238,-0.00042437727,0.00024199356,0.0004893587,-0.00013620066,-0.00038625445,-0.00018299156,0.00023561393,0.0005019512,5.8562513e-05,0.0002364947,0.00019549034,0.00013373324,0.00011453826,-0.00019849284,0.00032241936,-0.0001986667,-8.0108715e-05,2.8531535e-06,-8.625973e-06,2.5484387e-06,-0.00011579764
21,-0.0034144565,-0.0053984243,0.0003467651,-0.0008530428,0.002428172,-0.005029386,-0.0017624132,0.0015472784,0.00023712256,0.001608128,-0.00031417218,-0.00017113122,-0.003221813,-0.0014647644,-0.0009307228,0.0009374283,0.000722381,-0.0011706275,0.0010133578,0.000972285,-0.00014860838,0.00454165,-0.0010789757,-0.0008653586,0.0005805495,-0.00088740874,3.183393e-05,-0.00062968023,-0.00015440767,0.00031409512,0.0005447903,0.000111398316,0.00048576907,0.00035990356,0.00070518174,-0.00011207546,-0.00061223627,-0.00037241454,-0.00038769632,0.00010978356,-0.000297188,-2.8649363e-05,-0.000117206255,-9.558306e-05,1.0409116e-05,0.00019241043,3.045372e-05,9.0041314e-05,-6.200469e-05,7.202199e-05
22,0.006591654,0.0024708349,-0.0018522629,-0.00028841745,0.0026507634,0.0038136956,-0.0038515404,-0.00011489364,0.0036713881,-0.0020091552,-0.0018160061,0.0028426808,-0.001690685,0.0011702729,-0.0011083984,-0.0007483288,0.0015236697,0.001675686,-8.57937e-05,-0.00035376154,0.0004868089,-0.0010789757,0.004852944,0.00028806063,-0.0007522985,0.0010376873,2.7299062e-05,1.3261397e-05,0.00041357838,0.0004570572,0.0004561459,-0.0008518817,-0.00021697234,-0.0002355429,-1.1512874e-05,0.00069897017,-6.719581e-05,-0.00028854262,0.00012446968,-5.0837007e-05,0.0006884339,0.00026745285,0.0001328172,6.498667e-06,-0.00014775764,0.00018659135,0.0001951918,-0.00029897003,-5.0150324e-05,-8.913139e-05
23,0.012378776,0.006140085,-0.0012843255,-0.0009807444,0.00087389234,0.008085789,0.0012919602,-0.00030723645,0.0011506523,-0.0006362961,-0.0009929156,0.0025486308,-0.0007822815,0.0012849063,0.0011031108,-0.000875058,-0.0020014902,0.00036995378,2.611312e-05,-4.7167712e-05,4.1705847e-05,-0.0008653586,0.00028806063,0.00244146,-0.0004922203,0.00031135013,9.901447e-05,0.00017576994,0.000680067,-0.0006616843,0.00012241711,-0.00022252067,-0.00011791821,-0.00012303122,7.717898e-05,-0.00060915924,-0.00019488153,0.00021296271,-0.00011216957,-2.2860633e-05,-5.871401e-05,9.221524e-05,-0.00023675864,-0.00017250839,-2.0259726e-05,-0.00022598836,8.35615e-05,0.00014299426,3.6170734e-06,-5.2423573e-05
24,-0.0071015945,-0.0047160084,-0.0002807452,0.002919084,0.00063610415,-0.0047143637,0.00076950836,0.0017586868,-5.6277244e-05,0.0006279012,-0.0017989585,0.001056616,-0.0013035971,-0.0024598688,0.0008538141,-7.51795e-05,0.00021869747,-0.0017258544,0.0003766336,-0.00018489818,0.0009489,0.0005805495,-0.0007522985,-0.0004922203,0.0025531321,-3.1140617e-06,-0.00034866863,-0.00046199182,0.00045315898,-0.00043842115,-0.000252873,0.00082674425,-0.0003459011,-0.00045432177,-4.503158e-05,0.00014443026,0.00015669587,0.00014704466,-0.00026183238,2.0115804e-06,0.00029787712,-9.269806e-05,7.489788e-05,5.624327e-05,-0.00019942691,0.00010626404,-2.605081e-05,-0.00010729401,-3.7343263e-05,-8.262529e-06
25,0.0042715706,0.0047035934,-0.001300649,-0.0010388854,0.0017561445,0.005685445,-0.0032542418,0.00023540766,-0.0021834327,-0.00071451196,-0.0028545894,-0.00031750224,0.0009520248,-0.0009765632,0.00097530615,-0.00036197255,-0.00027044598,0.00050987233,-0.00022650258,0.0003257452,1.5428714e-05,-0.00088740874,0.0010376873,0.00031135013,-3.1140617e-06,0.0018510482,-0.00066042563,7.4321724e-05,0.00033499778,-0.00012973297,-0.00012930017,-8.5888125e-05,-0.0003271887,7.419581e-05,0.00031498543,1.4962254e-05,0.0002458086,-0.00010946789,5.0464005e-05,-3.4993293e-05,0.00047048982,-0.00019320918,-6.335491e-05,-8.4012456e-05,-0.00014758829,9.3069204e-05,0.00015092065,-7.8587465e-05,-7.8774145e-05,-3.9921913e-05
26,-0.0008617111,-0.00045426065,0.000865915,0.0004691983,-0.0013628782,-0.00065424276,0.0013138134,1.5659292e-05,0.0025295487,-0.0006388453,0.002024128,0.0003845982,-0.0003233851,-0.00024946057,-0.0010868963,-0.00032990967,0.00042979448,0.0008549256,-0.00018551707,6.45258e-05,-0.00031264103,3.183393e-05,2.7299062e-05,9.901447e-05,-0.00034866863,-0.00066042563,0.0015859348,0.00056394114,-0.00032252786,0.0005504538,0.00038639246,0.00021609035,0.00011746262,-0.00017547223,0.00011474115,-0.0001684901,0.00027328666,4.8501213e-05,-6.204653e-05,-6.1008745e-06,-1.4872564e-06,8.2214036e-05,-3.1327312e-05,-8.470167e-05,0.00021084711,-7.883362e-05,-9.858289e-06,-0.0001229149,4.4812264e-06,2.200201e-05
27,-0.002444312,-6.174712e-05,0.00035114808,0.0017249122,-0.0017739872,-0.0015820537,0.0009604468,0.0004658815,-0.0014017932,-0.0015678459,-0.002178757,-0.0002541729,-0.00022721486,-5.341203e-05,0.0001516871,-0.0009013978,0.0006422684,0.0005064497,0.00039315555,-0.0005965702,-0.0004955941,-0.00062968023,1.3261397e-05,0.00017576994,-0.00046199182,7.4321724e-05,0.00056394114,0.0020358595,-0.0011373291,-0.0001419905,0.0005310589,0.00015896307,5.3020987e-05,0.0004094853,-0.00013996706,-8.21685e-06,-8.4793865e-05,8.0256155e-05,-0.00016583099,0.00011876317,0.00023748571,-1.549729e-05,-9.6568925e-05,-0.00016341805,6.0987903e-05,-4.9006354e-05,4.739668e-05,-0.00010296609,-1.3316042e-06,7.811229e-05
28,0.00072974863,0.003046941,-0.001160668,-0.0030924217,0.0028865843,0.0021649054,-0.0028619692,-0.0020131366,0.0010654734,-0.0016527474,0.00055731565,0.00042260776,0.00029002462,-0.00057190866,0.0013552017,-2.2971574e-06,-0.00037874034,-8.89035e-05,0.0003352163,-3.4808654e-06,0.0006891238,-0.00015440767,0.00041357838,0.000680067,0.00045315898,0.00033499778,-0.00032252786,-0.0011373291,0.0018053603,-0.00029457978,-0.00033771232,-0.0002606691,5.7019868e-05,-0.0002876526,0.00023460403,-0.0002436523,-0.00010147487,0.00012556039,0.00022598552,-0.00012483414,2.9799416e-05,0.00013496418,-0.00010948903,0.00014922279,-0.00021348646,-7.153126e-06,5.2087973e-05,0.00017305827,-5.2429994e-05,-0.0002449922
29,0.0053911726,-0.00051640125,-0.00013925586,0.00032398172,-0.0017097488,0.0034702464,0.0014793754,-0.0021497612,-0.00071151834,0.0004930034,0.000864752,-0.00041910558,-8.388666e-06,-0.00014802808,-0.0011709025,0.00073148555,-0.00070562493,0.0005784241,-0.00026586134,0.0010008797,-0.00042437727,0.00031409512,0.0004570572,-0.0006616843,-0.00043842115,-0.00012973297,0.0005504538,-0.0001419905,-0.00029457978,0.0014933578,0.00024181808,2.811674e-05,0.00013078869,3.1101765e-05,-8.614999e-05,0.0003274117,0.00017104123,-0.00022734088,-6.9168545e-06,-0.00014694576,1.8589602e-05,2.2367116e-05,5.585027e-06,0.00014631476,9.829768e-06,0.000110668014,-3.8528274e-06,-7.9410456e-05,-5.3925607e-05,-6.635387e-05
30,4.957548e-05,-0.00034830486,-0.0015088416,-0.00227856,0.002226049,0.00043243656,-0.0039317757,-0.0007575664,0.0009695096,-0.0032265517,-0.0005790802,-0.00049644354,-0.0017927429,-0.00041786645,-0.00030913277,0.00050558586,-0.00016791996,0.00018890435,0.0008950364,8.685773e-05,0.00024199356,0.0005447903,0.0004561459,0.00012241711,-0.000252873,-0.00012930017,0.00038639246,0.0005310589,-0.00033771232,0.00024181808,0.0014764462,4.9253555e-05,0.00017740537,3.5063782e-05,-1.5473695e-05,-0.0002664111,8.852783e-05,7.1054266e-05,-7.04674e-05,8.0610946e-05,-0.00011706508,0.0001448063,-9.0704925e-05,0.000113440125,-1.6911647e-05,-0.00010943896,-4.0287345e-05,-0.00011552202,8.0651196e-05,0.00010634439
31,-0.0009665472,0.00069328514,0.0003841585,0.0018754157,-0.0018347614,-4.4326225e-05,0.0044877324,0.0024306495,0.0006874409,-0.0007342475,-0.00060751126,0.0004549577,0.00027257774,-0.0017993988,-0.00013350384,0.00050740124,-0.0009452931,-0.0007183427,0.00023676021,0.00050919305,0.0004893587,0.000111398316,-0.0008518817,-0.00022252067,0.00082674425,-8.5888125e-05,0.00021609035,0.00015896307,-0.0002606691,2.811674e-05,4.9253555e-05,0.001257582,-0.00016148365,-0.00018708862,3.5725392e-05,3.843456e-06,0.0003935314,9.497156e-05,3.063873e-05,0.00013261894,5.54182e-05,4.9977643e-05,-5.3171156e-05,5.4758148e-05,-0.00011947853,1.2978007e-05,-4.174459e-05,-0.00020091856,0.00012412384,2.2512508e-05
32,0.0018848855,-0.0016096102,-0.0006064307,-0.0020531085,0.00031830592,0.0013823111,-0.0009293455,-0.0012221362,0.000304332,-0.00076168077,0.0009307667,-0.00044270384,-0.00034512044,-0.0003198175,-0.00031544868,0.0003448655,-0.00026904966,-2.9404544e-06,0.000432664,0.00012810966,-0.00013620066,0.00048576907,-0.00021697234,-0.00011791821,-0.0003459011,-0.0003271887,0.00011746262,5.3020987e-05,5.7019868e-05,0.00013078869,0.00017740537,-0.00016148365,0.00065831083,0.00019571144,0.00019994238,-4.9313516e-05,-0.00018064128,8.86724e-05,4.2711894e-05,-0.00012543373,-0.00023564344,-8.191276e-05,1.6101385e-06,-1.9445251e-05,6.643172e-05,-3.9415034e-05,-2.8119619e-05,7.694694e-05,-0.00010213116,3.1688156e-05
33,0.0016534834,-0.0022103416,-0.00034322258,-0.00024120591,-0.00016549515,0.0014250977,-4.2977543e-05,-0.0008524151,-0.0007831979,0.00013822428,-0.000106097184,0.00024279357,0.00016826473,0.00032324926,0.00021561011,-0.000120138546,0.00036415778,-7.868567e-05,0.00040011224,0.0002210744,-0.00038625445,0.00035990356,-0.0002355429,-0.00012303122,-0.00045432177,7.419581e-05,-0.00017547223,0.0004094853,-0.0002876526,3.1101765e-05,3.5063782e-05,-0.00018708862,0.00019571144,0.0007508676,8.859986e-07,-6.562035e-05,-0.00031895493,0.00011842461,2.9466579e-05,2.089133e-05,3.6167323e-05,-7.785676e-05,-0.00013428656,1.2041086e-05,0.00018505065,1.2198036e-05,1.1962396e-06,0.00010377721,-0.00010405546,1.0044274e-05
34,0.0014047144,-0.0006590292,-0.0006074485,-0.0011477402,0.0008621438,0.0010159372,-2.2435876e-05,-0.00053450523,0.00075972266,-0.00068058923,-0.00061741995,0.0007833447,-0.00032412063,-0.000985257,-7.767581e-05,0.0005393239,1.5904905e-05,0.00039546497,2.6266302e-05,0.00048518425,-0.00018299156,0.00070518174,-1.1512874e-05,7.717898e-05,-4.503158e-05,0.00031498543,0.00011474115,-0.00013996706,0.00023460403,-8.614999e-05,-1.5473695e-05,3.5725392e-05,0.00019994238,8.859986e-07,0.0010862703,-0.00021194294,-8.6035754e-05,-8.281384e-06,8.290184e-05,4.8092306e-06,-3.8613984e-05,-0.00018385286,-5.7359786e-05,-0.00016249715,-2.5112484e-05,4.117919e-05,0.0001953372,-9.7538206e-05,-7.6921824e-05,6.8938774e-05
35,0.0033367034,-0.0004827504,-0.0008708423,0.0006992731,-0.0005214176,0.0016575123,-0.0009016185,-0.0016321172,-0.0004071716,0.0004100784,-0.00068846456,-0.0005290967,-0.00027021684,-0.00041859143,-0.00089639693,0.00034150115,-0.0004993004,0.00017764652,-3.2454268e-06,0.00011072702,0.00023561393,-0.00011207546,0.00069897017,-0.00060915924,0.00014443026,1.4962254e-05,-0.0001684901,-8.21685e-06,-0.0002436523,0.0003274117,-0.0002664111,3.843456e-06,-4.9313516e-05,-6.562035e-05,-0.00021194294,0.0012154576,-1.3315232e-05,2.7406724e-05,4.833063e-05,0.00015744648,-1.2016379e-05,-7.358719e-05,0.00021539246,-2.5097597e-05,7.3081144e-05,0.00022103002,0.00014485867,-0.000117248586,-1.0490826e-06,-1.0697455e-05
36,-0.00023988128,1.5823181e-05,-0.00041564985,0.00033826503,0.0006016706,0.00046630192,-0.0019084839,-0.000498684,0.00018909402,-0.00026731472,0.0006158571,-0.00023989502,2.6717149e-05,-0.0006515923,-0.0007268999,-0.00018372905,-0.0003565075,-0.0002699365,-0.0005253551,-8.252154e-05,0.0005019512,-0.00061223627,-6.719581e-05,-0.00019488153,0.00015669587,0.0002458086,0.00027328666,-8.4793865e-05,-0.00010147487,0.00017104123,8.852783e-05,0.0003935314,-0.00018064128,-0.00031895493,-8.6035754e-05,-1.3315232e-05,0.00078919815,-4.3797416e-05,0.00015946024,5.0796953e-06,9.5269046e-05,-9.539799e-05,3.044101e-05,1.9401268e-05,-5.802059e-05,-3.79071e-05,-5.1922107e-05,-7.386766e-05,7.474382e-05,1.988512e-05
37,0.0029834765,0.0010941396,-0.0010253092,-0.0015849476,0.0010276107,0.0035216413,-0.0019791939,-0.0013736478,0.0012124134,-0.0009772417,0.0006412009,0.000501381,0.0003569746,-0.00016797616,0.0003466035,1.0652439e-05,-0.00084073097,-7.322882e-05,0.00013461315,0.00011186513,5.8562513e-05,-0.00037241454,-0.00028854262,0.00021296271,0.00014704466,-0.00010946789,4.8501213e-05,8.0256155e-05,0.00012556039,-0.00022734088,7.1054266e-05,9.497156e-05,8.86724e-05,0.00011842461,-8.281384e-06,2.7406724e-05,-4.3797416e-05,0.0007220877,3.521856e-05,-5.4335265e-05,-0.00017648948,-1.28853835e-05,7.776243e-06,-0.00011862113,0.00020431343,-1.9130111e-05,-4.6707373e-06,5.411138e-05,5.949392e-05,-4.3765427e-05
38,0.002222693,2.6847038e-05,-0.00036148637,-0.0006686561,-7.142477e-05,0.001900472,0.00035432633,-0.0007807035,0.00034640834,-0.00076384575,0.0006832653,0.00010308034,-0.000112807254,-3.941356e-06,-0.0002799344,2.7241065e-05,2.1969163e-06,-0.000103069106,1.0468673e-06,-0.00017822876,0.0002364947,-0.00038769632,0.00012446968,-0.00011216957,-0.00026183238,5.0464005e-05,-6.204653e-05,-0.00016583099,0.00022598552,-6.9168545e-06,-7.04674e-05,3.063873e-05,4.2711894e-05,2.9466579e-05,8.290184e-05,4.833063e-05,0.00015946024,3.521856e-05,0.00048138786,7.317764e-05,-3.346236e-05,-8.319995e-06,-1.9732463e-05,0.00020234185,-6.074824e-05,1.6303482e-05,8.735478e-06,5.3489275e-05,3.4082805e-05,-1.2791798e-05
39,-0.0015076287,-0.00084209314,-6.6828914e-05,0.0008374394,-0.00031632537,-0.0019178744,0.0008099361,-0.00020131445,-0.00039171183,-0.00038691875,-0.00070573343,-0.000119717035,-0.00031472972,7.722029e-05,-9.517075e-05,0.0002462462,-3.4329953e-06,-7.2215276e-05,0.00017574358,-4.2646097e-05,0.00019549034,0.00010978356,-5.0837007e-05,-2.2860633e-05,2.0115804e-06,-3.4993293e-05,-6.1008745e-06,0.00011876317,-0.00012483414,-0.00014694576,8.0610946e-05,0.00013261894,-0.00012543373,2.089133e-05,4.8092306e-06,0.00015744648,5.0796953e-06,-5.4335265e-05,7.317764e-05,0.00032251366,-3.6476333e-05,5.7660174e-05,-6.550113e-05,0.0001370098,-1.3888508e-05,2.1562902e-05,8.035461e-06,-4.1667518e-05,3.523852e-05,1.751824e-05
40,0.000402319,0.0005263439,0.00037681856,0.0018992426,-0.0010431979,0.0009390356,0.001978072,0.00072210864,-0.0003632833,-4.477924e-05,-0.0008124468,0.0009112622,1.9949735e-05,-0.000297871,0.00032787106,-0.00059844146,0.0009777229,-7.090853e-05,3.3507655e-05,-8.437624e-05,0.00013373324,-0.000297188,0.0006884339,-5.871401e-05,0.00029787712,0.00047048982,-1.4872564e-06,0.00023748571,2.9799416e-05,1.8589602e-05,-0.00011706508,5.54182e-05,-0.00023564344,3.6167323e-05,-3.8613984e-05,-1.2016379e-05,9.5269046e-05,-0.00017648948,-3.346236e-05,-3.6476333e-05,0.00061783864,-3.1597505e-05,-4.30774e-05,8.1505095e-06,-8.666731e-05,9.8203556e-05,-2.6331905e-05,-4.2797583e-05,-1.0980257e-05,-7.439686e-05
41,-0.0017404265,0.0011121705,0.0004624357,-2.7031394e-05,-0.0003849055,-0.0013910744,0.001091816,0.0004695088,-8.651687e-05,-0.00070516276,1.8404968e-05,-0.0004101157,-0.00015289246,0.00045431085,0.0004518724,0.00011140693,0.00012791567,0.00016205564,0.00018779808,-2.424723e-05,0.00011453826,-2.8649363e-05,0.00026745285,9.221524e-05,-9.269806e-05,-0.00019320918,8.2214036e-05,-1.549729e-05,0.00013496418,2.2367116e-05,0.0001448063,4.9977643e-05,-8.191276e-05,-7.785676e-05,-0.00018385286,-7.358719e-05,-9.539799e-05,-1.28853835e-05,-8.319995e-06,5.7660174e-05,-3.1597505e-05,0.00049685495,-8.875666e-05,2.0594784e-05,-9.227963e-05,-2.5157628e-05,-6.2879626e-05,-6.201934e-05,0.00010679677,-6.891473e-05
42,-3.2910353e-05,-0.0009571337,4.185935e-05,0.0002980139,8.459083e-05,-0.0003903232,-0.0008277583,-0.00070359715,-0.00042176392,0.0003650397,0.00013356187,-0.00014490828,-0.00013425597,-1.8556118e-05,-0.00017211906,-9.480922e-05,4.96075e-05,-2.7948503e-05,-2.9714558e-06,-0.0001683583,-0.00019849284,-0.000117206255,0.0001328172,-0.00023675864,7.489788e-05,-6.335491e-05,-3.1327312e-05,-9.6568925e-05,-0.00010948903,5.585027e-06,-9.0704925e-05,-5.3171156e-05,1.6101385e-06,-0.00013428656,-5.7359786e-05,0.00021539246,3.044101e-05,7.776243e-06,-1.9732463e-05,-6.550113e-05,-4.30774e-05,-8.875666e-05,0.0003489252,-7.542078e-05,6.9830785e-05,1.664057e-05,1.5267216e-05,-6.7704976e-05,4.4069668e-05,0.00011711435
43,-0.0017403935,0.0004299527,0.00018547884,0.00031914684,-0.00057989714,-0.0016790165,0.001751954,0.0004892901,0.0003251384,-0.00064377964,-0.0002463971,-9.3500516e-05,2.3196262e-05,0.00017688505,-9.298869e-06,0.00034660418,-0.0001331144,-0.00012047103,0.00020601465,5.361914e-06,0.00032241936,-9.558306e-05,6.498667e-06,-0.00017250839,5.624327e-05,-8.4012456e-05,-8.470167e-05,-0.00016341805,0.00014922279,0.00014631476,0.000113440125,5.4758148e-05,-1.9445251e-05,1.2041086e-05,-0.00016249715,-2.5097597e-05,1.9401268e-05,-0.00011862113,0.00020234185,0.0001370098,8.1505095e-06,2.0594784e-05,-7.542078e-05,0.0004777396,-0.00011191174,3.3391107e-06,-6.6881206e-05,1.7043603e-05,-4.1401574e-05,-3.7340218e-05
44,-0.00016364957,-0.0013194465,-0.00021616396,-0.00042181386,0.0008439362,8.928019e-05,-0.0023277043,-0.0007621466,0.000598356,0.00046596024,0.00095493515,0.00016846218,5.147956e-05,0.00020551917,-0.00037633377,-0.00011914843,0.0001994355,-9.89366e-06,1.54242e-05,0.00018801152,-0.0001986667,1.0409116e-05,-0.00014775764,-2.0259726e-05,-0.00019942691,-0.00014758829,0.00021084711,6.0987903e-05,-0.00021348646,9.829768e-06,-1.6911647e-05,-0.00011947853,6.643172e-05,0.00018505065,-2.5112484e-05,7.3081144e-05,-5.802059e-05,0.00020431343,-6.074824e-05,-1.3888508e-05,-8.666731e-05,-9.227963e-05,6.9830785e-05,-0.00011191174,0.00035404766,-1.0725787e-05,1.4984138e-05,8.048752e-06,-1.9944473e-05,4.8899587e-05
45,-0.0008446276,-0.0010840718,-3.3420627e-05,0.00053530396,-0.0001138442,-0.0005132396,-4.442163e-05,-0.0005066145,-0.0006674107,0.00013810645,-0.00041885936,-0.00010871434,0.00026259,-0.00016344347,2.0266649e-05,8.05696e-05,0.00010464176,1.9643518e-05,-4.0321822e-05,0.00016034066,-8.0108715e-05,0.00019241043,0.00018659135,-0.00022598836,0.00010626404,9.3069204e-05,-7.883362e-05,-4.9006354e-05,-7.153126e-06,0.000110668014,-0.00010943896,1.2978007e-05,-3.9415034e-05,1.2198036e-05,4.117919e-05,0.00022103002,-3.79071e-05,-1.9130111e-05,1.6303482e-05,2.1562902e-05,9.8203556e-05,-2.5157628e-05,1.664057e-05,3.3391107e-06,-1.0725787e-05,0.00016909944,3.394481e-05,-1.486498e-05,3.3224962e-05,-2.0696425e-05
46,0.00084079173,0.00020839326,-0.0004558011,-0.00029189495,0.00043090893,0.00079219945,-0.00090148335,-0.00069149304,-2.5432557e-05,-0.00028082603,-0.0003994078,2.3997341e-05,-0.00013014178,-0.00030930043,-1.76279e-05,-3.6079182e-05,7.654833e-05,0.00017172517,1.1467232e-05,1.711708e-05,2.8531535e-06,3.045372e-05,0.0001951918,8.35615e-05,-2.605081e-05,0.00015092065,-9.858289e-06,4.739668e-05,5.2087973e-05,-3.8528274e-06,-4.0287345e-05,-4.174459e-05,-2.8119619e-05,1.1962396e-06,0.0001953372,0.00014485867,-5.1922107e-05,-4.6707373e-06,8.735478e-06,8.035461e-06,-2.6331905e-05,-6.2879626e-05,1.5267216e-05,-6.6881206e-05,1.4984138e-05,3.394481e-05,0.00016563626,-3.9504383e-05,-3.7302532e-05,1.0889714e-05
47,-0.0005668646,-0.00078447675,-0.00018226984,-0.00066582503,0.00068926666,-0.00022991246,-0.0012114157,-0.0006846402,-6.970861e-05,0.00017669404,0.00048034632,-5.5176042e-05,0.00030078803,0.00027388055,0.00017816985,-0.0001274033,-8.522165e-05,-0.00015153318,-3.6217087e-05,-0.00015063428,-8.625973e-06,9.0041314e-05,-0.00029897003,0.00014299426,-0.00010729401,-7.8587465e-05,-0.0001229149,-0.00010296609,0.00017305827,-7.9410456e-05,-0.00011552202,-0.00020091856,7.694694e-05,0.00010377721,-9.7538206e-05,-0.000117248586,-7.386766e-05,5.411138e-05,5.3489275e-05,-4.1667518e-05,-4.2797583e-05,-6.201934e-05,-6.7704976e-05,1.7043603e-05,8.048752e-06,-1.486498e-05,-3.9504383e-05,0.0002101909,-3.621836e-05,-6.234558e-05
48,-1.9934105e-05,2.668655e-05,-1.1936556e-05,-6.35196e-05,0.00010690479,0.0002937296,-0.00046209822,-0.0003317535,-0.00061497884,-0.00033272838,3.919883e-05,-0.00035247643,-3.4740267e-05,7.0643335e-05,0.000119699806,-2.7114682e-05,-0.00012281568,-0.00011627015,3.1241161e-06,-1.0532429e-05,2.5484387e-06,-6.200469e-05,-5.0150324e-05,3.6170734e-06,-3.7343263e-05,-7.8774145e-05,4.4812264e-06,-1.3316042e-06,-5.2429994e-05,-5.3925607e-05,8.0651196e-05,0.00012412384,-0.00010213116,-0.00010405546,-7.6921824e-05,-1.0490826e-06,7.474382e-05,5.949392e-05,3.4082805e-05,3.523852e-05,-1.0980257e-05,0.00010679677,4.4069668e-05,-4.1401574e-05,-1.9944473e-05,3.3224962e-05,-3.7302532e-05,-3.621836e-05,0.00016916158,-1.2533286e-05
49,8.255074e-05,-0.0008954989,9.322385e-05,0.00038383418,-0.00051251426,-0.00034035023,0.00078493287,2.4374976e-05,3.843801e-05,-2.5974998e-05,0.00019304242,-6.0830185e-05,-0.00023816948,-0.00013036227,-0.00017154648,3.934058e-05,0.00027958304,2.9109095e-05,8.003763e-05,-0.00017238696,-0.00011579764,7.202199e-05,-8.913139e-05,-5.2423573e-05,-8.262529e-06,-3.9921913e-05,2.200201e-05,7.811229e-05,-0.0002449922,-6.635387e-05,0.00010634439,2.2512508e-05,3.1688156e-05,1.0044274e-05,6.8938774e-05,-1.0697455e-05,1.988512e-05,-4.3765427e-05,-1.2791798e-05,1.751824e-05,-7.439686e-05,-6.891473e-05,0.00011711435,-3.7340218e-05,4.8899587e-05,-2.0696425e-05,1.0889714e-05,-6.234558e-05,-1.2533286e-05,0.00018308534
