,0,1,2,3,4,5,6,7,8,9,10,11,12,13,14,15,16,17,18,19,20,21,22,23,24,25,26,27,28,29,30,31,32,33,34,35,36,37,38,39,40,41,42,43
0,0.0008211629,-0.00067813304,0.0007883619,-0.0029680212,-0.0007871038,-0.0034279749,0.002819524,-3.278361e-05,0.0006397896,-0.0020903724,0.001713889,-0.0004277838,-0.0010867368,-0.0007656948,-0.0008920345,0.0002808015,-0.00034294563,0.00075820484,0.0005884174,0.00039436447,0.00018915904,0.00019013387,-2.3104749e-06,6.0122904e-05,-0.0003220053,0.00024659606,-0.0003127674,2.8685026e-05,-0.00010394166,-0.00012980733,-9.772998e-05,5.1828818e-05,-0.00014903412,-3.385534e-06,0.0001237639,6.90919e-05,-6.886349e-05,3.184382e-06,5.724459e-10,5.9379324e-09,-3.4586929e-09,-7.121803e-10,-6.882389e-10,1.5370105e-10
1,-0.00067813304,0.0057738703,-0.002882427,0.0062751104,0.002106666,0.006599578,-0.009933657,0.009153406,0.001912991,0.002491293,3.4338582e-06,0.0034137385,-0.002650686,-0.0027002362,0.0011401388,0.0030695626,0.0005645375,-0.0012200649,-0.0016467976,0.00064282544,0.00021109803,-6.7398185e-05,0.00012752184,9.63594e-06,0.00021740413,-0.00092458946,0.00048543623,0.00035130663,1.1673362e-05,0.00020242314,7.387776e-05,-0.0002186,9.434805e-06,-0.00010508365,6.070851e-05,-0.00013004799,1.23187e-05,5.386166e-05,6.1003e-09,-3.792094e-09,6.3883996e-09,1.6836474e-09,-3.542341e-09,2.718187e-09
2,0.0007883619,-0.002882427,0.05706979,-0.011878416,0.008989222,0.01702686,-0.0027437299,-0.02481405,0.012720842,-0.0118543375,-0.0015629297,-0.013190975,-0.013671165,0.0026741128,0.0070913928,0.0011311633,-0.0052670613,-0.003957713,-0.002599738,-0.0040927315,-0.001706689,-0.00019829597,-0.0002869694,0.0010706068,-0.0023234754,0.0016206463,0.0001965556,-0.0008445858,-0.0022484493,0.0015792148,-0.000166685,0.00032480108,-0.001172512,0.00027382316,0.0005460043,0.0005070205,-0.0003019022,-0.00010312689,-2.2690015e-08,4.9439628e-08,-1.6111724e-08,8.562683e-09,6.687787e-09,9.850387e-09
3,-0.0029680212,0.0062751104,-0.011878416,0.028352654,0.0043379725,0.027195733,-0.009959629,0.015729994,-0.0036273869,0.014376819,-0.0010979468,0.00023593145,-0.00029560123,0.0016613085,4.021691e-05,-0.00427023,6.634598e-05,-0.004676904,-0.0017903207,0.0022126806,0.001962774,-0.0021991748,-0.00077497505,0.00040668386,0.0020664916,-0.0010106894,0.00038095505,0.00039477414,0.0021483954,0.0007086658,-0.00012742105,-0.0006073679,3.946352e-05,-0.00031422242,4.519715e-06,-0.00032366402,0.00046947855,4.0021994e-05,5.8209473e-09,-3.5538022e-08,2.9859372e-08,3.1704193e-09,3.8199985e-09,-3.262769e-09
4,-0.0007871038,0.002106666,0.008989222,0.0043379725,0.008160677,0.016717657,-0.009902379,-0.0057576685,0.006144262,0.0026780767,0.0028119865,0.00068207586,8.9186695e-05,-0.0004843879,0.00013335602,4.9007933e-05,-6.1212675e-05,-0.0028603962,-0.0006068415,-0.001774756,0.00044247415,-0.00069480843,0.0005943035,0.00021292109,-0.0009909342,-0.0005959349,0.00024467515,0.0008522152,5.3292215e-06,0.00070604077,-0.00020012891,0.00017107316,-0.00019287586,-0.0002886727,0.0006022734,-3.23443e-05,-0.0002407856,-6.610325e-05,6.8160824e-09,2.2680795e-09,2.9453333e-09,1.2312274e-08,-9.055079e-10,3.473068e-10
5,-0.0034279749,0.006599578,0.01702686,0.027195733,0.016717657,0.072120845,0.00054041407,-0.0033155496,0.0037999414,0.016395777,0.016151637,0.0015857832,-0.004154218,0.0017613929,0.008220016,-0.0036570488,-0.003256727,-0.0060591497,-0.0018679576,-0.0021761179,5.483949e-05,-0.0023527383,-0.0014820306,0.00032953586,0.00025213603,-0.0022796313,0.00086500356,0.0006367935,0.0007724741,0.00088895543,6.923089e-05,5.4715078e-05,3.4224584e-05,-0.0004504646,0.00014466273,-0.00016778111,-0.0001095907,3.0769632e-05,3.7112133e-09,-5.6109997e-09,1.8382647e-08,1.8305307e-08,2.0710593e-09,5.7845795e-10
6,0.002819524,-0.009933657,-0.0027437299,-0.009959629,-0.009902379,0.00054041407,0.090440564,-0.013954982,0.0028574392,0.012200253,-0.00017206933,-0.0025770222,-0.006437586,-0.0014026399,0.0006904246,-0.0030905916,-0.0024389464,0.007583461,0.004404987,0.0031313698,0.0010802752,0.00081559236,-7.3505753e-06,-0.0001040967,0.002017606,-0.0014263415,-0.0003217866,-2.4151745e-05,-0.00024271049,-0.0024600937,0.00042470108,0.0011695817,0.0007115536,0.00030667818,-0.00018974206,0.000104826984,0.00017406853,-9.406063e-05,-1.6748654e-08,7.823457e-09,-3.68671e-12,-1.6676395e-08,-1.2898489e-08,-1.1480763e-08
7,-3.278361e-05,0.009153406,-0.02481405,0.015729994,-0.0057576685,-0.0033155496,-0.013954982,0.04885234,0.003816273,0.0011422399,0.0011655537,0.0011650474,-0.00014884272,-0.0034062075,0.0041620918,-0.0010573347,-0.0015121024,0.0020778687,0.00091491843,0.004302455,0.0013458736,0.0023486062,-0.00067342055,0.00017267752,0.0014279869,-0.0003923846,-0.00036581323,-0.00020601798,0.0007264118,-0.00021554342,-0.0006126128,-0.0005288154,0.00034537417,7.733911e-05,0.00021256707,-5.3351265e-05,0.00031904556,3.4338732e-06,1.9093184e-08,-1.4122035e-08,8.046481e-09,-1.5996811e-08,1.15432275e-10,-3.0437861e-09
8,0.0006397896,0.001912991,0.012720842,-0.0036273869,0.006144262,0.0037999414,0.0028574392,0.003816273,0.04924333,-0.0022428578,-0.0017623765,0.00039035783,-0.00029076624,0.0021650316,-0.0010403041,0.00030233595,-0.00045597926,0.00230635,-0.0026582498,-0.00068962504,6.453814e-05,-0.0010471225,0.0005328002,0.0010533591,-0.0012798692,-4.105216e-05,-5.969383e-05,7.056624e-06,-5.7832334e-05,2.401148e-06,-2.1465687e-05,0.0003906982,0.0008691943,-0.000512196,0.0004601283,0.00016310968,-5.4102798e-06,-0.00010042213,6.113794e-09,1.043885e-08,1.3175752e-08,8.8653407e-10,-5.2403175e-09,-3.0462126e-09
9,-0.0020903724,0.002491293,-0.0118543375,0.014376819,0.0026780767,0.016395777,0.012200253,0.0011422399,-0.0022428578,0.017572599,-0.0040347707,0.0004500653,0.0024333172,-0.0020814375,-0.000729018,-0.00054852874,0.0014347034,-0.0019532098,-8.303589e-05,0.00022059368,0.0012472391,0.00040651715,0.00053400075,0.00043693924,0.00093406904,-0.0020805087,0.0007681998,0.0010100338,0.0014753655,0.00024102163,0.0007705488,0.00018503732,0.0007092862,-0.0003332661,7.8238656e-05,-0.00043049062,0.00034456045,-6.706834e-05,6.001406e-09,-4.1235193e-08,3.0118933e-08,1.6210617e-09,-8.273444e-09,-5.5504352e-09
10,0.001713889,3.4338582e-06,-0.0015629297,-0.0010979468,0.0028119865,0.016151637,-0.00017206933,0.0011655537,-0.0017623765,-0.0040347707,0.029793514,-0.0013430966,0.0015850875,0.00052202016,-0.002297625,0.0018413919,0.0003341327,0.001960055,0.00042605022,0.0006777955,0.0004678323,0.00052833825,-0.00075261376,-8.7214755e-07,-0.0008935741,0.0001540359,-0.0003616387,0.00026317494,-0.00036133983,-0.0008289572,-0.0002602614,-0.00015177781,6.621727e-05,6.7868146e-05,-0.00015900747,0.0001887552,-4.3787928e-05,1.5929101e-05,-4.443435e-10,-4.539019e-09,-7.170143e-09,-1.4963248e-08,-4.8142796e-09,-1.935177e-09
11,-0.0004277838,0.0034137385,-0.013190975,0.00023593145,0.00068207586,0.0015857832,-0.0025770222,0.0011650474,0.00039035783,0.0004500653,-0.0013430966,0.023339443,-0.0012927705,0.001491739,-0.0010019076,0.00045161677,7.524267e-05,-0.00020539234,0.0015820377,-0.0006422745,-0.00015741271,-9.319527e-05,-0.0002248759,-0.00033432437,-0.00025592704,-0.0005709089,0.0002257601,0.000351325,-1.8415572e-06,-0.0012071885,6.341772e-05,-0.00023280425,9.3718736e-05,-7.162652e-05,-0.00027649876,-2.697482e-05,-0.00030444202,8.06731e-05,1.6712415e-08,1.4215216e-08,-1.1830462e-08,1.1689252e-08,4.851729e-10,-8.7852337e-10
12,-0.0010867368,-0.002650686,-0.013671165,-0.00029560123,8.9186695e-05,-0.004154218,-0.006437586,-0.00014884272,-0.00029076624,0.0024333172,0.0015850875,-0.0012927705,0.015051619,0.0005477345,-5.872368e-05,-0.0023241285,0.0019003261,0.0015870972,0.001074186,-0.00148235,-0.0009120089,-0.0003386423,0.00035800837,0.00023216495,0.00080554956,9.899038e-05,0.00038196298,0.0004842783,-6.2122286e-05,-0.0004053015,0.00019703948,0.00033830456,0.00067308935,-0.00030942934,5.2878655e-05,-0.00022669758,-0.00012883605,2.202917e-06,1.3625807e-08,-1.750968e-08,1.3190359e-10,3.4026661e-09,-1.2727746e-09,-4.1780117e-09
13,-0.0007656948,-0.0027002362,0.0026741128,0.0016613085,-0.0004843879,0.0017613929,-0.0014026399,-0.0034062075,0.0021650316,-0.0020814375,0.00052202016,0.001491739,0.0005477345,0.012909469,0.00121716,-0.0029561599,0.0025944617,-0.0018119928,-0.0002387542,0.0011043733,-0.00020103375,0.00067138235,0.00032179282,0.00038064743,0.00028919033,0.0006129001,-0.0004960109,-0.00036495036,-6.99761e-05,-0.00043592605,1.6671715e-05,0.00022639937,-8.0222e-05,0.00055078627,-0.0001863807,0.0002599926,0.00040828635,-5.3158343e-05,-4.699292e-09,3.067011e-09,-3.5486094e-09,-1.4944519e-08,4.480879e-09,-2.3808218e-09
14,-0.0008920345,0.0011401388,0.0070913928,4.021691e-05,0.00013335602,0.008220016,0.0006904246,0.0041620918,-0.0010403041,-0.000729018,-0.002297625,-0.0010019076,-5.872368e-05,0.00121716,0.011585326,0.0005509956,0.0004238214,0.0010537059,0.0008708548,-0.00074692676,-0.00022986587,-0.000349386,0.00047152687,-0.000195759,-0.00033017033,0.00012506949,0.00017172305,-0.00037497905,-0.0007539742,-6.107389e-05,0.00045134098,0.00039022166,-0.00023582496,0.00018916637,-0.00019527812,-9.738497e-05,-0.00018651124,2.3989255e-06,1.3917509e-09,-1.0704304e-09,-7.742594e-09,3.874251e-09,6.2197607e-09,7.884178e-09
15,0.0002808015,0.0030695626,0.0011311633,-0.00427023,4.9007933e-05,-0.0036570488,-0.0030905916,-0.0010573347,0.00030233595,-0.00054852874,0.0018413919,0.00045161677,-0.0023241285,-0.0029561599,0.0005509956,0.007944226,0.0027067007,-6.0666083e-05,-0.0004987532,0.00041805374,-0.00015554426,-0.00013538201,0.0004965614,0.0012465467,-0.00013535222,-0.0005904401,0.00042694493,0.00011132518,-0.0005446571,0.00014012688,0.00066872814,-7.204027e-06,0.00043917872,0.00027651858,-0.00012052123,8.7249134e-07,-8.481324e-06,9.315188e-06,3.0841962e-10,8.532869e-10,5.0176663e-09,-3.887178e-09,-5.409426e-09,3.1821032e-09
16,-0.00034294563,0.0005645375,-0.0052670613,6.634598e-05,-6.1212675e-05,-0.003256727,-0.0024389464,-0.0015121024,-0.00045597926,0.0014347034,0.0003341327,7.524267e-05,0.0019003261,0.0025944617,0.0004238214,0.0027067007,0.0055323467,0.00060122425,-0.0005304993,0.0010748778,0.00049693894,-0.0007841521,0.0013378379,-0.00011262851,-0.00029933517,-0.0010878963,-0.00041246135,0.00013793414,0.00062585785,4.4052092e-07,3.781919e-05,0.00030918798,-0.00022930565,0.00024256008,-2.4815108e-05,-9.7180964e-05,5.8676083e-05,-1.3770688e-05,-9.215389e-09,-1.0386421e-08,5.9596363e-09,-2.070824e-09,-3.5482534e-10,3.48714e-09
17,0.00075820484,-0.0012200649,-0.003957713,-0.004676904,-0.0028603962,-0.0060591497,0.007583461,0.0020778687,0.00230635,-0.0019532098,0.001960055,-0.00020539234,0.0015870972,-0.0018119928,0.0010537059,-6.0666083e-05,0.00060122425,0.004385484,-6.934791e-05,-0.0006373741,8.595905e-06,-0.00020653917,-5.215136e-05,-0.00038729195,-0.00037640915,-0.00025316124,8.191963e-05,-0.0006431574,0.0004602675,-0.0006951719,-0.00022533335,-5.521225e-05,-0.00033956327,9.8189346e-05,-0.00025884114,-0.00015383714,-3.676794e-05,4.1397398e-05,-1.8968073e-08,-1.209494e-08,1.3694995e-09,-2.0115547e-09,2.5009667e-10,2.3770568e-09
18,0.0005884174,-0.0016467976,-0.002599738,-0.0017903207,-0.0006068415,-0.0018679576,0.004404987,0.00091491843,-0.0026582498,-8.303589e-05,0.00042605022,0.0015820377,0.001074186,-0.0002387542,0.0008708548,-0.0004987532,-0.0005304993,-6.934791e-05,0.006487751,0.0002663857,5.388002e-05,-0.0006384209,0.0004302476,0.0011922311,-0.0014739488,0.00021059292,-0.00033015382,-0.00012167623,-9.6723335e-05,0.00043947285,-0.00026948223,7.719854e-06,0.0004155889,-9.0502246e-05,0.00031408787,0.00021102867,9.9420686e-05,-5.8085592e-05,1.4567908e-08,1.3800513e-08,1.798792e-09,7.381362e-09,1.9203061e-10,-1.1569693e-09
19,0.00039436447,0.00064282544,-0.0040927315,0.0022126806,-0.001774756,-0.0021761179,0.0031313698,0.004302455,-0.00068962504,0.00022059368,0.0006777955,-0.0006422745,-0.00148235,0.0011043733,-0.00074692676,0.00041805374,0.0010748778,-0.0006373741,0.0002663857,0.0044508767,-0.0008810449,-0.0009949636,-0.00016591475,-0.00048090314,0.0002389182,0.00040936837,7.6193784e-05,0.00059109647,5.1805e-05,-8.739691e-05,0.00012603548,0.00046484947,-5.3478096e-05,-0.00024835696,2.3599518e-05,0.00010807303,1.394484e-05,-4.370183e-05,1.5627846e-08,1.3739875e-08,-4.422678e-09,-5.725749e-09,-1.1370976e-09,7.636264e-10
20,0.00018915904,0.00021109803,-0.001706689,0.001962774,0.00044247415,5.483949e-05,0.0010802752,0.0013458736,6.453814e-05,0.0012472391,0.0004678323,-0.00015741271,-0.0009120089,-0.00020103375,-0.00022986587,-0.00015554426,0.00049693894,8.595905e-06,5.388002e-05,-0.0008810449,0.0049041756,-0.00016676768,0.0014443549,-2.9149563e-05,0.00023459228,0.00092849205,-0.00025932433,0.00046764332,0.00022821504,-4.94437e-05,-5.5498054e-05,-0.00020675067,2.7275537e-05,0.00013631652,-6.55465e-05,1.118863e-05,-2.9849325e-05,4.7728397e-05,-8.7534135e-10,-1.3566749e-08,-6.557909e-09,-1.2124932e-09,2.1281763e-09,-6.735969e-11
21,0.00019013387,-6.7398185e-05,-0.00019829597,-0.0021991748,-0.00069480843,-0.0023527383,0.00081559236,0.0023486062,-0.0010471225,0.00040651715,0.00052833825,-9.319527e-05,-0.0003386423,0.00067138235,-0.000349386,-0.00013538201,-0.0007841521,-0.00020653917,-0.0006384209,-0.0009949636,-0.00016676768,0.004792656,0.00030397897,0.00018994286,-0.00042777904,-0.00036765018,-5.5836557e-05,0.00033170177,-6.0775168e-05,-6.413882e-05,0.00025111675,0.00045634378,1.2476958e-05,4.2207183e-05,-3.0427847e-05,0.000108625296,4.4438824e-05,-4.5040157e-05,-1.588217e-09,5.7673697e-09,-8.452704e-09,-9.4575565e-09,-6.2391114e-09,-1.0509311e-09
22,-2.3104749e-06,0.00012752184,-0.0002869694,-0.00077497505,0.0005943035,-0.0014820306,-7.3505753e-06,-0.00067342055,0.0005328002,0.00053400075,-0.00075261376,-0.0002248759,0.00035800837,0.00032179282,0.00047152687,0.0004965614,0.0013378379,-5.215136e-05,0.0004302476,-0.00016591475,0.0014443549,0.00030397897,0.0017698192,-0.00024998476,-0.00026520767,-0.00039320553,0.000116533585,0.00044304697,-0.00054849917,0.00011062279,-0.00043788145,0.00012037136,-0.00016014764,-0.0002544299,-4.583368e-05,5.8548496e-05,7.518958e-05,-2.2262182e-05,8.5598995e-10,2.9763845e-09,-8.108901e-09,1.1256096e-09,-4.0170534e-09,3.4978607e-09
23,6.0122904e-05,9.63594e-06,0.0010706068,0.00040668386,0.00021292109,0.00032953586,-0.0001040967,0.00017267752,0.0010533591,0.00043693924,-8.7214755e-07,-0.00033432437,0.00023216495,0.00038064743,-0.000195759,0.0012465467,-0.00011262851,-0.00038729195,0.0011922311,-0.00048090314,-2.9149563e-05,0.00018994286,-0.00024998476,0.003819646,0.00081049616,0.00018391835,8.393025e-05,-0.0002213496,0.000254703,-0.00010963538,7.823206e-05,2.6684638e-05,-0.0003658402,-0.00010786498,1.3001712e-05,9.728677e-05,2.3694512e-05,-1.7162163e-05,-6.251236e-09,8.731061e-09,1.7086251e-09,3.5909862e-09,-6.0045424e-10,2.1498656e-09
24,-0.0003220053,0.00021740413,-0.0023234754,0.0020664916,-0.0009909342,0.00025213603,0.002017606,0.0014279869,-0.0012798692,0.00093406904,-0.0008935741,-0.00025592704,0.00080554956,0.00028919033,-0.00033017033,-0.00013535222,-0.00029933517,-0.00037640915,-0.0014739488,0.0002389182,0.00023459228,-0.00042777904,-0.00026520767,0.00081049616,0.0025522483,-0.0002042819,-0.00021637755,-1.8035502e-05,-0.0005364667,-0.0003217166,-0.00023250657,-6.574123e-05,0.0001612829,0.00013512887,-0.00010388867,8.03416e-05,-0.00012717849,2.2467542e-05,-7.1893685e-10,1.1854834e-08,-8.291251e-09,-1.6121565e-10,1.5304293e-09,-2.578308e-09
25,0.00024659606,-0.00092458946,0.0016206463,-0.0010106894,-0.0005959349,-0.0022796313,-0.0014263415,-0.0003923846,-4.105216e-05,-0.0020805087,0.0001540359,-0.0005709089,9.899038e-05,0.0006129001,0.00012506949,-0.0005904401,-0.0010878963,-0.00025316124,0.00021059292,0.00040936837,0.00092849205,-0.00036765018,-0.00039320553,0.00018391835,-0.0002042819,0.0018324926,0.00041237613,0.00021174244,5.1181487e-05,-0.0001775043,0.0004887318,2.8329363e-05,4.2662363e-05,-2.8251634e-07,-9.084343e-05,2.1393398e-05,-6.4163425e-05,-2.06709e-06,7.721054e-09,-4.6300803e-09,-5.021337e-09,-3.7800056e-09,3.3788434e-09,-6.377101e-10
26,-0.0003127674,0.00048543623,0.0001965556,0.00038095505,0.00024467515,0.00086500356,-0.0003217866,-0.00036581323,-5.969383e-05,0.0007681998,-0.0003616387,0.0002257601,0.00038196298,-0.0004960109,0.00017172305,0.00042694493,-0.00041246135,8.191963e-05,-0.00033015382,7.6193784e-05,-0.00025932433,-5.5836557e-05,0.000116533585,8.393025e-05,-0.00021637755,0.00041237613,0.002299506,0.00025902272,5.119201e-05,-0.00018555904,-0.0003193672,0.0001375347,-2.3858588e-06,0.00014864896,-6.893915e-05,2.7605669e-05,0.0001168646,-5.489101e-06,-9.919964e-09,5.6180425e-09,-4.0212615e-09,-8.045136e-09,-4.4843698e-09,-7.303197e-10
27,2.8685026e-05,0.00035130663,-0.0008445858,0.00039477414,0.0008522152,0.0006367935,-2.4151745e-05,-0.00020601798,7.056624e-06,0.0010100338,0.00026317494,0.000351325,0.0004842783,-0.00036495036,-0.00037497905,0.00011132518,0.00013793414,-0.0006431574,-0.00012167623,0.00059109647,0.00046764332,0.00033170177,0.00044304697,-0.0002213496,-1.8035502e-05,0.00021174244,0.00025902272,0.0007398781,-0.0002449113,-0.0001275145,0.00012589077,0.00023758275,-5.698796e-05,-0.00015072091,0.00021497224,-2.780322e-05,-9.1635084e-05,-6.0381935e-05,9.843826e-09,-2.5177587e-09,-3.9413166e-09,-1.1889228e-09,-2.1712956e-09,-9.928005e-10
28,-0.00010394166,1.1673362e-05,-0.0022484493,0.0021483954,5.3292215e-06,0.0007724741,-0.00024271049,0.0007264118,-5.7832334e-05,0.0014753655,-0.00036133983,-1.8415572e-06,-6.2122286e-05,-6.99761e-05,-0.0007539742,-0.0005446571,0.00062585785,0.0004602675,-9.6723335e-05,5.1805e-05,0.00022821504,-6.0775168e-05,-0.00054849917,0.000254703,-0.0005364667,5.1181487e-05,5.119201e-05,-0.0002449113,0.0015310181,0.00023489287,8.579374e-05,0.00017195453,-0.00013367608,0.00017066096,-0.00010604245,-2.7495644e-05,-6.76716e-05,2.2503409e-07,-1.2265758e-08,-1.7745088e-09,5.0318736e-09,5.543401e-10,3.9193964e-09,-2.5909132e-11
29,-0.00012980733,0.00020242314,0.0015792148,0.0007086658,0.00070604077,0.00088895543,-0.0024600937,-0.00021554342,2.401148e-06,0.00024102163,-0.0008289572,-0.0012071885,-0.0004053015,-0.00043592605,-6.107389e-05,0.00014012688,4.4052092e-07,-0.0006951719,0.00043947285,-8.739691e-05,-4.94437e-05,-6.413882e-05,0.00011062279,-0.00010963538,-0.0003217166,-0.0001775043,-0.00018555904,-0.0001275145,0.00023489287,0.0006469331,-0.00016487087,9.730799e-05,0.00022752474,-5.1229137e-05,-0.000109217304,0.00012787947,-3.7459817e-05,-2.854401e-06,-4.3323956e-10,1.3293595e-08,-2.4992701e-09,3.6636145e-09,1.4681607e-09,1.0436951e-09
30,-9.772998e-05,7.387776e-05,-0.000166685,-0.00012742105,-0.00020012891,6.923089e-05,0.00042470108,-0.0006126128,-2.1465687e-05,0.0007705488,-0.0002602614,6.341772e-05,0.00019703948,1.6671715e-05,0.00045134098,0.00066872814,3.781919e-05,-0.00022533335,-0.00026948223,0.00012603548,-5.5498054e-05,0.00025111675,-0.00043788145,7.823206e-05,-0.00023250657,0.0004887318,-0.0003193672,0.00012589077,8.579374e-05,-0.00016487087,0.0009242711,-1.6458089e-05,0.00015001051,-6.410772e-05,-4.933806e-06,-0.00016684373,2.8609842e-05,2.0782083e-05,9.959344e-09,-1.8639014e-08,8.709453e-09,-1.2349546e-09,8.069824e-11,-1.9234442e-10
31,5.1828818e-05,-0.0002186,0.00032480108,-0.0006073679,0.00017107316,5.4715078e-05,0.0011695817,-0.0005288154,0.0003906982,0.00018503732,-0.00015177781,-0.00023280425,0.00033830456,0.00022639937,0.00039022166,-7.204027e-06,0.00030918798,-5.521225e-05,7.719854e-06,0.00046484947,-0.00020675067,0.00045634378,0.00012037136,2.6684638e-05,-6.574123e-05,2.8329363e-05,0.0001375347,0.00023758275,0.00017195453,9.730799e-05,-1.6458089e-05,0.0005005731,-2.1029806e-05,-3.1121475e-05,7.747116e-06,0.00011795871,-0.00014991061,7.906124e-05,8.315434e-10,2.1547708e-08,-9.018363e-09,1.0555754e-09,-1.4866834e-09,1.7777035e-09
32,-0.00014903412,9.434805e-06,-0.001172512,3.946352e-05,-0.00019287586,3.4224584e-05,0.0007115536,0.00034537417,0.0008691943,0.0007092862,6.621727e-05,9.3718736e-05,0.00067308935,-8.0222e-05,-0.00023582496,0.00043917872,-0.00022930565,-0.00033956327,0.0004155889,-5.3478096e-05,2.7275537e-05,1.2476958e-05,-0.00016014764,-0.0003658402,0.0001612829,4.2662363e-05,-2.3858588e-06,-5.698796e-05,-0.00013367608,0.00022752474,0.00015001051,-2.1029806e-05,0.00074446574,0.00016333947,-9.4949035e-05,8.823715e-05,1.8444647e-05,3.0763467e-06,5.7262692e-09,4.7936055e-09,1.5324741e-10,-2.0943047e-09,2.647005e-10,-3.3485792e-09
33,-3.385534e-06,-0.00010508365,0.00027382316,-0.00031422242,-0.0002886727,-0.0004504646,0.00030667818,7.733911e-05,-0.000512196,-0.0003332661,6.7868146e-05,-7.162652e-05,-0.00030942934,0.00055078627,0.00018916637,0.00027651858,0.00024256008,9.8189346e-05,-9.0502246e-05,-0.00024835696,0.00013631652,4.2207183e-05,-0.0002544299,-0.00010786498,0.00013512887,-2.8251634e-07,0.00014864896,-0.00015072091,0.00017066096,-5.1229137e-05,-6.410772e-05,-3.1121475e-05,0.00016333947,0.0005002763,0.00017252933,2.3879331e-05,-2.4160174e-05,-2.0702088e-05,-6.3168084e-09,-9.126321e-10,1.9066153e-09,-4.450084e-09,1.9448008e-09,-3.6166974e-09
34,0.0001237639,6.070851e-05,0.0005460043,4.519715e-06,0.0006022734,0.00014466273,-0.00018974206,0.00021256707,0.0004601283,7.8238656e-05,-0.00015900747,-0.00027649876,5.2878655e-05,-0.0001863807,-0.00019527812,-0.00012052123,-2.4815108e-05,-0.00025884114,0.00031408787,2.3599518e-05,-6.55465e-05,-3.0427847e-05,-4.583368e-05,1.3001712e-05,-0.00010388867,-9.084343e-05,-6.893915e-05,0.00021497224,-0.00010604245,-0.000109217304,-4.933806e-06,7.747116e-06,-9.4949035e-05,0.00017252933,0.0005094473,-6.0919956e-05,-1.5094727e-05,2.7027747e-05,3.480192e-09,-3.0583691e-09,5.2828835e-09,-1.5452793e-10,-1.5824316e-09,-2.2692168e-09
35,6.90919e-05,-0.00013004799,0.0005070205,-0.00032366402,-3.23443e-05,-0.00016778111,0.000104826984,-5.3351265e-05,0.00016310968,-0.00043049062,0.0001887552,-2.697482e-05,-0.00022669758,0.0002599926,-9.738497e-05,8.7249134e-07,-9.7180964e-05,-0.00015383714,0.00021102867,0.00010807303,1.118863e-05,0.000108625296,5.8548496e-05,9.728677e-05,8.03416e-05,2.1393398e-05,2.7605669e-05,-2.780322e-05,-2.7495644e-05,0.00012787947,-0.00016684373,0.00011795871,8.823715e-05,2.3879331e-05,-6.0919956e-05,0.000118343036,-3.8555405e-05,2.6910478e-05,-7.3653317e-10,1.3372235e-08,-5.4633515e-09,2.9895414e-10,-8.528452e-11,3.632935e-10
36,-6.886349e-05,1.23187e-05,-0.0003019022,0.00046947855,-0.0002407856,-0.0001095907,0.00017406853,0.00031904556,-5.4102798e-06,0.00034456045,-4.3787928e-05,-0.00030444202,-0.00012883605,0.00040828635,-0.00018651124,-8.481324e-06,5.8676083e-05,-3.676794e-05,9.9420686e-05,1.394484e-05,-2.9849325e-05,4.4438824e-05,7.518958e-05,2.3694512e-05,-0.00012717849,-6.4163425e-05,0.0001168646,-9.1635084e-05,-6.76716e-05,-3.7459817e-05,2.8609842e-05,-0.00014991061,1.8444647e-05,-2.4160174e-05,-1.5094727e-05,-3.8555405e-05,0.00017070572,2.4900926e-05,-5.2002935e-10,-6.515762e-09,4.9805413e-09,-1.970193e-09,-1.9167796e-09,1.6650525e-10
37,3.184382e-06,5.386166e-05,-0.00010312689,4.0021994e-05,-6.610325e-05,3.0769632e-05,-9.406063e-05,3.4338732e-06,-0.00010042213,-6.706834e-05,1.5929101e-05,8.06731e-05,2.202917e-06,-5.3158343e-05,2.3989255e-06,9.315188e-06,-1.3770688e-05,4.1397398e-05,-5.8085592e-05,-4.370183e-05,4.7728397e-05,-4.5040157e-05,-2.2262182e-05,-1.7162163e-05,2.2467542e-05,-2.06709e-06,-5.489101e-06,-6.0381935e-05,2.2503409e-07,-2.854401e-06,2.0782083e-05,7.906124e-05,3.0763467e-06,-2.0702088e-05,2.7027747e-05,2.6910478e-05,2.4900926e-05,0.0002227555,6.960035e-10,1.3722747e-08,-1.3047081e-09,2.137211e-09,-3.2833787e-09,2.4852718e-09
38,5.724459e-10,6.1003e-09,-2.2690015e-08,5.8209473e-09,6.8160824e-09,3.7112133e-09,-1.6748654e-08,1.9093184e-08,6.113794e-09,6.001406e-09,-4.443435e-10,1.6712415e-08,1.3625807e-08,-4.699292e-09,1.3917509e-09,3.0841962e-10,-9.215389e-09,-1.8968073e-08,1.4567908e-08,1.5627846e-08,-8.7534135e-10,-1.588217e-09,8.5598995e-10,-6.251236e-09,-7.1893685e-10,7.721054e-09,-9.919964e-09,9.843826e-09,-1.2265758e-08,-4.3323956e-10,9.959344e-09,8.315434e-10,5.7262692e-09,-6.3168084e-09,3.480192e-09,-7.3653317e-10,-5.2002935e-10,6.960035e-10,6.8585393e-13,6.001575e-13,-4.953308e-13,-1.8066803e-13,7.4787897e-13,2.6937022e-13
39,5.9379324e-09,-3.792094e-09,4.9439628e-08,-3.5538022e-08,2.2680795e-09,-5.6109997e-09,7.823457e-09,-1.4122035e-08,1.043885e-08,-4.1235193e-08,-4.539019e-09,1.4215216e-08,-1.750968e-08,3.067011e-09,-1.0704304e-09,8.532869e-10,-1.0386421e-08,-1.209494e-08,1.3800513e-08,1.3739875e-08,-1.3566749e-08,5.7673697e-09,2.9763845e-09,8.731061e-09,1.1854834e-08,-4.6300803e-09,5.6180425e-09,-2.5177587e-09,-1.7745088e-09,1.3293595e-08,-1.8639014e-08,2.1547708e-08,4.7936055e-09,-9.126321e-10,-3.0583691e-09,1.3372235e-08,-6.515762e-09,1.3722747e-08,6.001575e-13,4.1016955e-12,-2.1511438e-12,-4.377953e-13,2.057176e-12,9.742477e-13
40,-3.4586929e-09,6.3883996e-09,-1.6111724e-08,2.9859372e-08,2.9453333e-09,1.8382647e-08,-3.68671e-12,8.046481e-09,1.3175752e-08,3.0118933e-08,-7.170143e-09,-1.1830462e-08,1.3190359e-10,-3.5486094e-09,-7.742594e-09,5.0176663e-09,5.9596363e-09,1.3694995e-09,1.798792e-09,-4.422678e-09,-6.557909e-09,-8.452704e-09,-8.108901e-09,1.7086251e-09,-8.291251e-09,-5.021337e-09,-4.0212615e-09,-3.9413166e-09,5.0318736e-09,-2.4992701e-09,8.709453e-09,-9.018363e-09,1.5324741e-10,1.9066153e-09,5.2828835e-09,-5.4633515e-09,4.9805413e-09,-1.3047081e-09,-4.953308e-13,-2.1511438e-12,1.5820226e-12,4.8104576e-13,-1.7626814e-12,-6.761485e-13
41,-7.121803e-10,1.6836474e-09,8.562683e-09,3.1704193e-09,1.2312274e-08,1.8305307e-08,-1.6676395e-08,-1.5996811e-08,8.8653407e-10,1.6210617e-09,-1.4963248e-08,1.1689252e-08,3.4026661e-09,-1.4944519e-08,3.874251e-09,-3.887178e-09,-2.070824e-09,-2.0115547e-09,7.381362e-09,-5.725749e-09,-1.2124932e-09,-9.4575565e-09,1.1256096e-09,3.5909862e-09,-1.6121565e-10,-3.7800056e-09,-8.045136e-09,-1.1889228e-09,5.543401e-10,3.6636145e-09,-1.2349546e-09,1.0555754e-09,-2.0943047e-09,-4.450084e-09,-1.5452793e-10,2.9895414e-10,-1.970193e-09,2.137211e-09,-1.8066803e-13,-4.377953e-13,4.8104576e-13,4.0781508e-13,-8.1681146e-13,-2.2591354e-13
42,-6.882389e-10,-3.542341e-09,6.687787e-09,3.8199985e-09,-9.055079e-10,2.0710593e-09,-1.2898489e-08,1.15432275e-10,-5.2403175e-09,-8.273444e-09,-4.8142796e-09,4.851729e-10,-1.2727746e-09,4.480879e-09,6.2197607e-09,-5.409426e-09,-3.5482534e-10,2.5009667e-10,1.9203061e-10,-1.1370976e-09,2.1281763e-09,-6.2391114e-09,-4.0170534e-09,-6.0045424e-10,1.5304293e-09,3.3788434e-09,-4.4843698e-09,-2.1712956e-09,3.9193964e-09,1.4681607e-09,8.069824e-11,-1.4866834e-09,2.647005e-10,1.9448008e-09,-1.5824316e-09,-8.528452e-11,-1.9167796e-09,-3.2833787e-09,7.4787897e-13,2.057176e-12,-1.7626814e-12,-8.1681146e-13,2.8432985e-12,9.250488e-13
43,1.5370105e-10,2.718187e-09,9.850387e-09,-3.262769e-09,3.473068e-10,5.7845795e-10,-1.1480763e-08,-3.0437861e-09,-3.0462126e-09,-5.5504352e-09,-1.935177e-09,-8.7852337e-10,-4.1780117e-09,-2.3808218e-09,7.884178e-09,3.1821032e-09,3.48714e-09,2.3770568e-09,-1.1569693e-09,7.636264e-10,-6.735969e-11,-1.0509311e-09,3.4978607e-09,2.1498656e-09,-2.578308e-09,-6.377101e-10,-7.303197e-10,-9.928005e-10,-2.5909132e-11,1.0436951e-09,-1.9234442e-10,1.7777035e-09,-3.3485792e-09,-3.6166974e-09,-2.2692168e-09,3.632935e-10,1.6650525e-10,2.4852718e-09,2.6937022e-13,9.742477e-13,-6.761485e-13,-2.2591354e-13,9.250488e-13,4.1853522e-13
