,0,1,2,3,4,5,6,7,8,9,10,11,12,13,14,15,16,17,18,19,20,21,22,23,24,25,26,27,28,29,30,31,32,33,34,35,36,37,38,39,40,41,42,43
0,697.85266,-6.0722904,-0.0595683,0.019143304,-0.014449323,0.0028005703,-0.0012632988,-0.0024884641,0.0029396215,-0.00054832915,9.435911e-05,-7.1531795e-05,-0.0005992936,-0.0017307806,0.0013778198,-0.0006237147,0.00202547,-0.0021072172,0.00076034176,-0.0012551972,-0.0012166321,0.00045195382,0.00038411876,-0.00053128373,0.0011040724,0.00077773456,8.8080735e-05,0.00034694924,0.0002788672,9.9518526e-05,-7.963591e-05,-0.0001349237,-0.00015823933,0.00013766733,-0.00016222654,-9.437413e-05,0.000119521836,2.5584584e-05,-1.71164e-07,-7.2306825e-08,-8.371261e-08,-2.3774442e-08,7.0431767e-09,-4.4071182e-08
1,-6.0722904,485.48212,-0.060055576,0.021086277,0.027206708,-0.012431148,0.005101147,-0.009910004,-0.0010212663,-0.0016993538,0.00042952775,-0.003230262,0.00029018096,0.0018209853,0.00029788614,-0.003045328,8.9759735e-05,0.002180955,0.0015752706,-0.00030090866,0.0003505686,0.00038469103,-0.0015181196,5.025297e-06,-5.4635217e-05,0.00024836656,-7.436963e-05,-0.0003695034,-0.00046421465,-0.00024901156,0.00018427451,0.00013663617,4.0762527e-05,-4.8992224e-05,-1.0221686e-05,0.0003827687,-7.8641115e-06,-6.923433e-05,7.414069e-08,-1.8259783e-07,-2.7368666e-08,-1.3252682e-07,9.243213e-08,-3.3790317e-09
2,-0.0595683,-0.060055576,1.7547433,0.011929944,-0.023391917,-0.033811033,-0.0061943424,0.025061248,-0.01655116,0.022551378,0.0049808314,0.016454907,0.014466312,0.0008183095,-0.0062176073,-0.0016134251,0.0022413651,0.008848216,0.0015370939,0.0056402776,0.003167516,-0.0006862149,-0.0008124137,-0.00036407623,0.0023930846,-0.003411206,-3.5286066e-05,0.0021779428,0.0025431076,-0.00066713826,0.00021770119,-0.00039217775,0.001805288,-0.0006714059,-0.00022380799,-0.00054728135,0.00032190097,9.263738e-05,4.7367593e-08,-5.8034047e-08,2.398153e-08,-1.4051189e-09,-6.7556845e-09,-1.2649982e-08
3,0.019143304,0.021086277,0.011929944,0.49821892,-0.008167207,-0.036085326,0.009562876,-0.02005333,0.004017411,-0.015183686,0.0021125837,-0.00013461953,-0.00017667905,-0.0009970551,0.0005487866,0.005028559,-0.001077242,0.006582807,0.0017330023,-0.0024424288,-0.0020459834,0.0024231467,0.00059921737,-0.00021195237,-0.0026427289,0.0008288557,-0.0004344696,-0.00020239752,-0.0026270272,-0.00060820463,0.00010557803,0.0007558748,9.703359e-05,0.0002901303,8.1074206e-05,0.00036051014,-0.00057888427,-5.4457298e-05,-1.4805454e-10,4.2728807e-08,-3.6974797e-08,-7.663115e-09,-9.592036e-09,6.2452843e-09
4,-0.014449323,0.027206708,-0.023391917,-0.008167207,0.22992663,-0.035237186,0.0011794469,0.0015200593,-0.008779464,0.0063111004,0.00019451378,-6.0606737e-05,-0.0023322664,0.0051296623,0.0024845633,-0.00035337207,-0.004480416,0.008114595,-0.0010671074,0.0029840642,0.0007284058,-0.00016372823,-0.0020435038,0.00079774385,0.00073443993,-0.0009155956,-9.356564e-05,0.00029319525,-0.00018232982,0.00053456146,0.00022715767,-0.00023488811,0.0006980245,-4.1989562e-05,-0.00024557905,9.673012e-05,0.00023969193,4.5181674e-05,-5.9473795e-09,-1.7915017e-08,1.7673788e-08,-6.4449637e-09,3.0394776e-09,-1.5814654e-09
5,0.0028005703,-0.012431148,-0.033811033,-0.036085326,-0.035237186,0.058848727,-0.012220774,-0.0018474841,-0.006088807,-0.00931148,-0.0155089665,-0.0010755358,0.0025628777,0.0027889179,-0.0069828182,0.0040684305,-0.0010022068,0.0123066865,0.00028031907,0.0035415962,0.0012973621,0.0017560793,0.0003114826,0.00076529244,-0.0008272462,0.0009806133,-0.0008415886,0.00065881305,-0.0011189983,0.0003944158,-0.00012608564,-8.980086e-05,0.00048487255,0.000118639335,0.00034029753,0.0002476662,7.815458e-05,-7.274559e-05,-5.6844707e-09,5.645892e-09,-2.9524596e-09,-1.2305295e-08,-5.0591016e-09,-9.197996e-10
6,-0.0012632988,0.005101147,-0.0061943424,0.009562876,0.0011794469,-0.012220774,0.037234806,0.012614772,-0.0044812593,-0.0073204497,0.0029332796,0.0036830711,0.0060314024,0.005128353,0.001194344,0.0034847353,-0.00053288904,-0.005533158,-0.0066558225,-0.0030918713,-0.00034369237,-0.0017163404,-0.0010116673,0.0009376883,-0.0027743464,0.00048247067,0.0005355288,0.0010337608,0.00015683321,0.0039985776,-0.0005256325,-0.0014354142,-0.000491845,-0.00066364795,0.0006018911,-8.895467e-05,-0.00024770346,8.9099194e-05,2.0186e-08,5.255674e-09,1.7937253e-08,3.98343e-08,9.789886e-09,1.4533467e-08
7,-0.0024884641,-0.009910004,0.025061248,-0.02005333,0.0015200593,-0.0018474841,0.012614772,0.015840746,-0.005128576,0.0022748215,-3.928048e-05,-0.0011205141,-0.0006818699,0.005823765,-0.0039948747,0.0011399994,5.8412144e-05,-0.00071905716,-0.0017778351,-0.004815327,-0.0011217289,-0.0031930963,0.00028992238,0.00021563226,-0.0018992017,-0.00016424304,0.00051759754,0.00074544374,-0.00094478746,0.0007753732,0.00072759466,0.0006307513,-0.00022289652,-0.00023931926,-7.0792215e-05,6.914628e-05,-0.00040543202,-1.4228062e-05,-1.9755508e-10,6.4501107e-09,-5.011767e-09,2.1261547e-08,3.7681563e-10,4.8754565e-09
8,0.0029396215,-0.0010212663,-0.01655116,0.004017411,-0.008779464,-0.006088807,-0.0044812593,-0.005128576,0.006459047,0.0037043507,0.0024737776,-0.00038397976,0.00012932616,-0.0021491435,0.0015156071,-0.00038285065,9.1438545e-05,-0.0022966526,0.0030073682,0.0009058421,3.7408674e-05,0.0011582894,-0.00077916915,-0.0011605516,0.0014965408,-0.00010133869,8.5636406e-05,0.00013058673,5.418106e-05,0.00013790524,2.4582027e-05,-0.00047822646,-0.0009971003,0.000574842,-0.0005005623,-0.00018315465,3.6725705e-06,0.00011840273,3.9619215e-09,-1.9627149e-09,-1.077296e-08,-2.9467964e-09,4.948814e-09,6.119058e-09
9,-0.00054832915,-0.0016993538,0.022551378,-0.015183686,0.0063111004,-0.00931148,-0.0073204497,0.0022748215,0.0037043507,0.026891315,0.0024574634,-0.0010073204,-0.0014094454,-0.0005696529,-0.00088897,0.00087656267,0.0014086968,-0.00074951875,0.0013253724,-0.0008478238,-0.0023770342,0.00020976453,0.00029479852,-0.0012733776,-0.0007707946,0.003631161,-0.001061073,-0.002100904,-0.0016427354,-0.0011823303,-0.00091067184,-0.00024026286,-0.0011914994,0.0006631274,-0.00042618247,0.0005019258,-0.00037903117,0.000100668454,-1.6311734e-08,6.1471226e-08,-3.5563296e-08,-7.134896e-09,7.565346e-09,1.3015594e-08
10,9.435911e-05,0.00042952775,0.0049808314,0.0021125837,0.00019451378,-0.0155089665,0.0029332796,-3.928048e-05,0.0024737776,0.0024574634,0.00590731,0.0014269798,-0.0013251442,-0.0017830486,0.002081647,-0.0021242537,0.0007520438,-0.0035283074,-5.153242e-05,-0.0010360308,-0.0008934309,-0.00037919136,0.001248172,-0.00027384303,0.001201713,0.00023828453,0.00038538408,-0.00064244255,0.00048108317,0.0006575914,0.00032547186,0.00018023685,-0.00020630032,1.7706372e-05,7.803283e-05,-0.00023222849,6.655244e-05,-1.0131427e-05,1.147878e-09,-6.946242e-09,8.445155e-09,3.2392877e-09,1.6614511e-09,2.633015e-09
11,-7.1531795e-05,-0.003230262,0.016454907,-0.00013461953,-6.0606737e-05,-0.0010755358,0.0036830711,-0.0011205141,-0.00038397976,-0.0010073204,0.0014269798,0.0031214184,0.0016765072,-0.002037391,0.0010649357,-0.00051635783,0.00015957028,1.1342275e-05,-0.0018008891,0.0007231082,0.00010835544,0.00017375255,0.00034476267,0.00033940532,0.00034204463,0.00078665995,-0.00028418752,-0.00048574316,1.4310244e-05,0.001384926,-7.284926e-05,0.00026881846,-0.00014232995,0.00010709921,0.0003109888,3.5412777e-05,0.00036893325,-9.4400726e-05,-7.689487e-09,-3.3625036e-09,1.249077e-08,-4.0941117e-09,-2.1883324e-09,1.523381e-09
12,-0.0005992936,0.00029018096,0.014466312,-0.00017667905,-0.0023322664,0.0025628777,0.0060314024,-0.0006818699,0.00012932616,-0.0014094454,-0.0013251442,0.0016765072,0.0053699417,6.7053945e-05,0.0004995649,0.0027371724,-0.0029931935,-0.0011584118,-0.0015757263,0.0019210383,0.0012974374,0.0002541268,-0.0006450933,-0.000107376465,-0.001044261,-0.0003778108,-0.00043230903,-0.00037656733,4.5511515e-05,0.00070025783,-0.00024766382,-0.00041124615,-0.00072813325,0.00030931272,5.9210533e-06,0.00027652644,0.00014561656,-8.415131e-06,-8.673659e-09,1.8977179e-08,-3.019342e-09,5.6990734e-10,1.2604104e-09,3.4304266e-09
13,-0.0017307806,0.0018209853,0.0008183095,-0.0009970551,0.0051296623,0.0027889179,0.005128353,0.005823765,-0.0021491435,-0.0005696529,-0.0017830486,-0.002037391,6.7053945e-05,0.005812813,-0.0023213357,0.00364509,-0.001653854,0.0006624004,0.0008679455,-0.0016024893,-0.00016793882,-0.00048685825,4.798378e-05,-0.0007963331,-0.0001976509,-0.00021142405,0.0005335271,1.6779337e-05,0.00014093512,8.1335354e-05,-1.0361035e-05,-0.0002614781,-5.6656198e-05,-0.00053485436,7.497061e-05,-0.00032980007,-0.00047367002,7.5112956e-05,1.5846517e-08,-5.659593e-09,-5.949012e-11,1.5026217e-08,6.1389285e-09,2.6864369e-09
14,0.0013778198,0.00029788614,-0.0062176073,0.0005487866,0.0024845633,-0.0069828182,0.001194344,-0.0039948747,0.0015156071,-0.00088897,0.002081647,0.0010649357,0.0004995649,-0.0023213357,0.003090181,-0.00059882924,0.00034720503,-0.0021344372,-0.0007005291,0.0007332585,2.9270237e-05,0.0006106815,-0.0003121207,3.0833515e-05,0.00049603044,0.00016630848,-0.00024026993,0.00020897493,0.00093959924,-0.000173791,-0.0005293867,-0.0004725138,0.00018810248,-0.00015292288,0.0001516706,0.00011314518,0.0002339173,4.539741e-06,2.6491773e-09,-2.7838076e-09,2.3297828e-09,-3.6770853e-09,4.6187676e-10,-3.3150012e-09
15,-0.0006237147,-0.003045328,-0.0016134251,0.005028559,-0.00035337207,0.0040684305,0.0034847353,0.0011399994,-0.00038285065,0.00087656267,-0.0021242537,-0.00051635783,0.0027371724,0.00364509,-0.00059882924,0.005943545,-0.0033372995,0.00018436782,0.00056239334,-0.00047627528,0.00020964518,0.00015116853,-0.0006219581,-0.0014723013,0.00015538312,0.00067855796,-0.00051137526,-0.0001058738,0.00064979214,-0.00013534543,-0.00080612535,1.1806839e-06,-0.0005159523,-0.00033959225,0.00015355163,-1.3891133e-06,8.1688395e-06,-1.1508069e-05,4.857813e-09,-4.1923585e-09,-5.9337957e-09,8.576916e-10,3.451709e-09,-1.8566508e-09
16,0.00202547,8.9759735e-05,0.0022413651,-0.001077242,-0.004480416,-0.0010022068,-0.00053288904,5.8412144e-05,9.1438545e-05,0.0014086968,0.0007520438,0.00015957028,-0.0029931935,-0.001653854,0.00034720503,-0.0033372995,0.0058008144,0.0007934166,5.561944e-05,-0.0010150818,-0.00019571539,0.0006233016,-0.0020430014,0.0004748442,0.00021706513,0.00079026475,0.00055998884,0.00026502815,-0.00080634165,0.00044861773,-4.6124558e-05,-0.00038749154,0.00042464174,-0.00041710958,0.00019215894,0.00013942909,-8.5409185e-05,6.6589014e-06,3.266193e-09,1.0585428e-08,2.8251987e-10,1.8506652e-09,2.7084102e-10,3.9695873e-09
17,-0.0021072172,0.002180955,0.008848216,0.006582807,0.008114595,0.0123066865,-0.005533158,-0.00071905716,-0.0022966526,-0.00074951875,-0.0035283074,1.1342275e-05,-0.0011584118,0.0006624004,-0.0021344372,0.00018436782,0.0007934166,0.0057527144,0.00067727105,0.00047379622,-0.00044315477,0.000583673,0.0005027618,0.00010791119,0.0006153415,0.0008612276,-0.00016804782,0.00034675433,-0.0004902869,0.00038864138,0.00027901537,6.259991e-05,0.00024589768,1.0528629e-05,0.00015962645,0.00017625655,6.2802625e-05,-3.793725e-05,-3.3459333e-09,4.168009e-09,-3.619534e-09,-6.1278227e-09,-2.046128e-09,1.5677291e-09
18,0.00076034176,0.0015752706,0.0015370939,0.0017330023,-0.0010671074,0.00028031907,-0.0066558225,-0.0017778351,0.0030073682,0.0013253724,-5.153242e-05,-0.0018008891,-0.0015757263,0.0008679455,-0.0007005291,0.00056239334,5.561944e-05,0.00067727105,0.0036829312,-0.00021425614,9.778333e-05,0.0006356394,-0.00069099595,-0.0012951647,0.0017043834,-0.00046127185,0.00041877432,0.00031407818,9.415885e-05,-0.0003567327,0.00031723082,-9.89316e-06,-0.00043689276,5.763406e-05,-0.0003166775,-0.00024579623,-0.00012485383,6.470368e-05,7.3349122e-09,-1.1046949e-08,-8.0878415e-09,-1.287643e-09,2.921792e-09,1.5101158e-09
19,-0.0012551972,-0.00030090866,0.0056402776,-0.0024424288,0.0029840642,0.0035415962,-0.0030918713,-0.004815327,0.0009058421,-0.0008478238,-0.0010360308,0.0007231082,0.0019210383,-0.0016024893,0.0007332585,-0.00047627528,-0.0010150818,0.00047379622,-0.00021425614,0.0031918027,0.0009757908,0.0012462991,0.00028338848,0.0005073459,-0.00025764428,-0.0003905868,-0.000104505874,-0.0007864592,-4.935536e-05,2.1314088e-05,-0.00014864933,-0.00055352447,3.1796888e-05,0.00032094202,-5.6449753e-05,-0.00012737255,-1.1589245e-05,5.370352e-05,-1.8341226e-10,5.8122045e-09,6.333135e-09,-3.488842e-09,1.6485667e-09,1.9628823e-09
20,-0.0012166321,0.0003505686,0.003167516,-0.0020459834,0.0007284058,0.0012973621,-0.00034369237,-0.0011217289,3.7408674e-05,-0.0023770342,-0.0008934309,0.00010835544,0.0012974374,-0.00016793882,2.9270237e-05,0.00020964518,-0.00019571539,-0.00044315477,9.778333e-05,0.0009757908,0.0016751194,0.00027957675,-0.0016162395,-6.0566686e-05,-0.00024159839,-0.0009758849,0.00029849625,-0.0006813012,-0.0002588719,-6.778956e-05,7.327965e-05,0.00025816722,-7.5676406e-05,-0.00012910008,3.6188525e-05,-1.726121e-05,4.0713694e-05,-5.447716e-05,-5.2726716e-09,2.250497e-09,5.9480314e-09,-1.7019355e-09,-1.4975912e-09,-1.6165371e-09
21,0.00045195382,0.00038469103,-0.0006862149,0.0024231467,-0.00016372823,0.0017560793,-0.0017163404,-0.0031930963,0.0011582894,0.00020976453,-0.00037919136,0.00017375255,0.0002541268,-0.00048685825,0.0006106815,0.00015116853,0.0006233016,0.000583673,0.0006356394,0.0012462991,0.00027957675,0.0011789481,-0.00045756483,-0.00015891771,0.00048558548,0.00033531908,7.7470184e-05,-0.00029978796,6.312457e-05,0.00017860456,-0.0003025399,-0.00055479794,1.43532e-05,-7.87151e-05,7.216305e-05,-0.00012000338,-5.4933946e-05,5.1371244e-05,6.1857115e-09,1.269067e-09,2.3195712e-09,-6.536891e-10,3.078548e-09,2.4635152e-09
22,0.00038411876,-0.0015181196,-0.0008124137,0.00059921737,-0.0020435038,0.0003114826,-0.0010116673,0.00028992238,-0.00077916915,0.00029479852,0.001248172,0.00034476267,-0.0006450933,4.798378e-05,-0.0003121207,-0.0006219581,-0.0020430014,0.0005027618,-0.00069099595,0.00028338848,-0.0016162395,-0.00045756483,0.0042126677,0.00040903865,0.00026686827,0.00031691554,-0.00012738034,-0.000404513,0.00064098847,-7.617051e-06,0.0005175031,-0.00014471944,0.0002428424,0.00026885388,0.0001022059,-7.1103525e-05,-9.530946e-05,2.4329016e-05,2.6428104e-10,4.550631e-09,1.2948577e-09,2.2298414e-09,8.7698726e-10,1.5092712e-09
23,-0.00053128373,5.025297e-06,-0.00036407623,-0.00021195237,0.00079774385,0.00076529244,0.0009376883,0.00021563226,-0.0011605516,-0.0012733776,-0.00027384303,0.00033940532,-0.000107376465,-0.0007963331,3.0833515e-05,-0.0014723013,0.0004748442,0.00010791119,-0.0012951647,0.0005073459,-6.0566686e-05,-0.00015891771,0.00040903865,0.0010472069,-0.00093591714,-0.00010094375,-0.00011316764,0.00016379004,-0.00029150513,2.9414892e-05,-9.033973e-05,-2.6910842e-05,0.00040016734,0.00015844512,-5.3937463e-05,-0.00011817247,-2.411967e-05,2.2298784e-05,1.7134306e-09,-6.1172347e-09,7.0992394e-09,9.1237395e-10,-1.4732502e-09,-8.8862284e-10
24,0.0011040724,-5.4635217e-05,0.0023930846,-0.0026427289,0.00073443993,-0.0008272462,-0.0027743464,-0.0018992017,0.0014965408,-0.0007707946,0.001201713,0.00034204463,-0.001044261,-0.0001976509,0.00049603044,0.00015538312,0.00021706513,0.0006153415,0.0017043834,-0.00025764428,-0.00024159839,0.00048558548,0.00026686827,-0.00093591714,0.0020462596,0.00019724524,0.00026104553,6.877994e-05,0.00063852954,0.00043026445,0.00027319122,7.388126e-05,-0.0001759546,-0.00017565428,0.00014127558,-9.457307e-05,0.00015122675,-2.8118564e-05,2.8240308e-09,-1.0762015e-08,1.5635023e-09,-2.7135043e-09,9.602601e-10,1.8748372e-10
25,0.00077773456,0.00024836656,-0.003411206,0.0008288557,-0.0009155956,0.0009806133,0.00048247067,-0.00016424304,-0.00010133869,0.003631161,0.00023828453,0.00078665995,-0.0003778108,-0.00021142405,0.00016630848,0.00067855796,0.00079026475,0.0008612276,-0.00046127185,-0.0003905868,-0.0009758849,0.00033531908,0.00031691554,-0.00010094375,0.00019724524,0.0016838491,-0.000476302,-9.767375e-05,-8.05066e-05,0.00037826848,-0.00059108215,-4.719459e-05,1.5782873e-06,-4.4805853e-05,0.00016470696,-1.5964246e-05,7.165829e-05,-1.176985e-06,2.197272e-09,-2.3331814e-09,6.290986e-10,-2.434694e-09,1.2186792e-09,1.4600744e-09
26,8.8080735e-05,-7.436963e-05,-3.5286066e-05,-0.0004344696,-9.356564e-05,-0.0008415886,0.0005355288,0.00051759754,8.5636406e-05,-0.001061073,0.00038538408,-0.00028418752,-0.00043230903,0.0005335271,-0.00024026993,-0.00051137526,0.00055998884,-0.00016804782,0.00041877432,-0.000104505874,0.00029849625,7.7470184e-05,-0.00012738034,-0.00011316764,0.00026104553,-0.000476302,0.0005401339,-0.0003304031,-5.9850383e-05,0.00019794627,0.0003799654,-0.00016038165,-7.0063953e-07,-0.00017355631,7.279961e-05,-3.5340152e-05,-0.00013947004,6.6397333e-06,1.3023286e-09,6.788306e-09,1.4603556e-09,4.44738e-09,1.414724e-09,2.5014955e-09
27,0.00034694924,-0.0003695034,0.0021779428,-0.00020239752,0.00029319525,0.00065881305,0.0010337608,0.00074544374,0.00013058673,-0.002100904,-0.00064244255,-0.00048574316,-0.00037656733,1.6779337e-05,0.00020897493,-0.0001058738,0.00026502815,0.00034675433,0.00031407818,-0.0007864592,-0.0006813012,-0.00029978796,-0.000404513,0.00016379004,6.877994e-05,-9.767375e-05,-0.0003304031,0.0021355143,0.00031091864,2.946918e-05,-0.00015153232,-0.0002881434,2.320184e-05,0.00021685362,-0.00030581182,2.9874294e-05,0.00011428904,7.5361386e-05,8.73684e-09,-1.9045014e-08,-7.637195e-09,6.4301464e-10,-5.4956195e-10,-1.9133433e-09
28,0.0002788672,-0.00046421465,0.0025431076,-0.0026270272,-0.00018232982,-0.0011189983,0.00015683321,-0.00094478746,5.418106e-05,-0.0016427354,0.00048108317,1.4310244e-05,4.5511515e-05,0.00014093512,0.00093959924,0.00064979214,-0.00080634165,-0.0004902869,9.415885e-05,-4.935536e-05,-0.0002588719,6.312457e-05,0.00064098847,-0.00029150513,0.00063852954,-8.05066e-05,-5.9850383e-05,0.00031091864,0.0009112173,-0.0002637881,-0.00010379995,-0.00020857027,0.00016681767,-0.0002094756,0.0001335864,3.3104974e-05,8.030841e-05,-4.786832e-07,4.204993e-09,-5.311394e-09,-2.6248462e-10,-2.8960706e-10,5.5444527e-10,-3.1333478e-09
29,9.9518526e-05,-0.00024901156,-0.00066713826,-0.00060820463,0.00053456146,0.0003944158,0.0039985776,0.0007753732,0.00013790524,-0.0011823303,0.0006575914,0.001384926,0.00070025783,8.1335354e-05,-0.000173791,-0.00013534543,0.00044861773,0.00038864138,-0.0003567327,2.1314088e-05,-6.778956e-05,0.00017860456,-7.617051e-06,2.9414892e-05,0.00043026445,0.00037826848,0.00019794627,2.946918e-05,-0.0002637881,0.0014752175,0.00019475099,-0.00011902185,-0.00031772038,9.873748e-05,8.528937e-05,-0.00015761047,5.0324874e-05,6.6587863e-06,2.2092608e-09,-5.140147e-09,7.2069297e-09,4.1973482e-09,1.7695965e-09,5.859548e-09
30,-7.963591e-05,0.00018427451,0.00021770119,0.00010557803,0.00022715767,-0.00012608564,-0.0005256325,0.00072759466,2.4582027e-05,-0.00091067184,0.00032547186,-7.284926e-05,-0.00024766382,-1.0361035e-05,-0.0005293867,-0.00080612535,-4.6124558e-05,0.00027901537,0.00031723082,-0.00014864933,7.327965e-05,-0.0003025399,0.0005175031,-9.033973e-05,0.00027319122,-0.00059108215,0.0003799654,-0.00015153232,-0.00010379995,0.00019475099,0.00073950755,2.1412041e-05,-0.00017581412,7.547031e-05,2.2808053e-06,0.00019850032,-3.473858e-05,-2.5637422e-05,-6.9472526e-09,1.5050544e-08,-4.8271507e-09,1.5383324e-09,-6.570978e-10,2.7291416e-09
31,-0.0001349237,0.00013663617,-0.00039217775,0.0007558748,-0.00023488811,-8.980086e-05,-0.0014354142,0.0006307513,-0.00047822646,-0.00024026286,0.00018023685,0.00026881846,-0.00041124615,-0.0002614781,-0.0004725138,1.1806839e-06,-0.00038749154,6.259991e-05,-9.89316e-06,-0.00055352447,0.00025816722,-0.00055479794,-0.00014471944,-2.6910842e-05,7.388126e-05,-4.719459e-05,-0.00016038165,-0.0002881434,-0.00020857027,-0.00011902185,2.1412041e-05,0.0010107125,2.8234752e-05,3.7057245e-05,-1.0352623e-05,-0.00014587637,0.00017877344,-9.488064e-05,-5.963922e-09,-1.6810203e-08,7.380106e-09,-5.4224065e-09,-4.316696e-09,-4.8135167e-09
32,-0.00015823933,4.0762527e-05,0.001805288,9.703359e-05,0.0006980245,0.00048487255,-0.000491845,-0.00022289652,-0.0009971003,-0.0011914994,-0.00020630032,-0.00014232995,-0.00072813325,-5.6656198e-05,0.00018810248,-0.0005159523,0.00042464174,0.00024589768,-0.00043689276,3.1796888e-05,-7.5676406e-05,1.43532e-05,0.0002428424,0.00040016734,-0.0001759546,1.5782873e-06,-7.0063953e-07,2.320184e-05,0.00016681767,-0.00031772038,-0.00017581412,2.8234752e-05,0.0004689339,-0.00018277692,9.815354e-05,-0.000105865875,-2.0065254e-05,-2.8024642e-06,4.022289e-09,-7.887786e-09,5.7837726e-09,-1.1654452e-10,-8.802473e-10,-3.1819947e-09
33,0.00013766733,-4.8992224e-05,-0.0006714059,0.0002901303,-4.1989562e-05,0.000118639335,-0.00066364795,-0.00023931926,0.000574842,0.0006631274,1.7706372e-05,0.00010709921,0.00030931272,-0.00053485436,-0.00015292288,-0.00033959225,-0.00041710958,1.0528629e-05,5.763406e-05,0.00032094202,-0.00012910008,-7.87151e-05,0.00026885388,0.00015844512,-0.00017565428,-4.4805853e-05,-0.00017355631,0.00021685362,-0.0002094756,9.873748e-05,7.547031e-05,3.7057245e-05,-0.00018277692,0.00033550226,-0.00019438444,-2.6926e-05,2.7805101e-05,2.376146e-05,-1.5875496e-09,-1.9709883e-09,-1.901553e-09,-1.1901216e-09,-3.4571138e-10,1.1433117e-09
34,-0.00016222654,-1.0221686e-05,-0.00022380799,8.1074206e-05,-0.00024557905,0.00034029753,0.0006018911,-7.0792215e-05,-0.0005005623,-0.00042618247,7.803283e-05,0.0003109888,5.9210533e-06,7.497061e-05,0.0001516706,0.00015355163,0.00019215894,0.00015962645,-0.0003166775,-5.6449753e-05,3.6188525e-05,7.216305e-05,0.0001022059,-5.3937463e-05,0.00014127558,0.00016470696,7.279961e-05,-0.00030581182,0.0001335864,8.528937e-05,2.2808053e-06,-1.0352623e-05,9.815354e-05,-0.00019438444,0.00019004678,7.20121e-05,1.9484209e-05,-3.2260974e-05,-1.4072465e-09,4.9136757e-09,1.7065482e-09,4.403606e-11,-1.208348e-10,-1.853451e-10
35,-9.437413e-05,0.0003827687,-0.00054728135,0.00036051014,9.673012e-05,0.0002476662,-8.895467e-05,6.914628e-05,-0.00018315465,0.0005019258,-0.00023222849,3.5412777e-05,0.00027652644,-0.00032980007,0.00011314518,-1.3891133e-06,0.00013942909,0.00017625655,-0.00024579623,-0.00012737255,-1.726121e-05,-0.00012000338,-7.1103525e-05,-0.00011817247,-9.457307e-05,-1.5964246e-05,-3.5340152e-05,2.9874294e-05,3.3104974e-05,-0.00015761047,0.00019850032,-0.00014587637,-0.000105865875,-2.6926e-05,7.20121e-05,0.00040373192,4.5631794e-05,-3.175061e-05,-7.919544e-09,2.044219e-08,-9.520994e-09,-1.4620912e-09,-8.752224e-10,7.911707e-10
36,0.000119521836,-7.8641115e-06,0.00032190097,-0.00057888427,0.00023969193,7.815458e-05,-0.00024770346,-0.00040543202,3.6725705e-06,-0.00037903117,6.655244e-05,0.00036893325,0.00014561656,-0.00047367002,0.0002339173,8.1688395e-06,-8.5409185e-05,6.2802625e-05,-0.00012485383,-1.1589245e-05,4.0713694e-05,-5.4933946e-05,-9.530946e-05,-2.411967e-05,0.00015122675,7.165829e-05,-0.00013947004,0.00011428904,8.030841e-05,5.0324874e-05,-3.473858e-05,0.00017877344,-2.0065254e-05,2.7805101e-05,1.9484209e-05,4.5631794e-05,0.00012403549,-2.9885785e-05,-2.4186948e-09,-3.4747938e-09,6.346134e-10,-2.6748381e-09,-1.3935155e-09,-1.4874402e-09
37,2.5584584e-05,-6.923433e-05,9.263738e-05,-5.4457298e-05,4.5181674e-05,-7.274559e-05,8.9099194e-05,-1.4228062e-05,0.00011840273,0.000100668454,-1.0131427e-05,-9.4400726e-05,-8.415131e-06,7.5112956e-05,4.539741e-06,-1.1508069e-05,6.6589014e-06,-3.793725e-05,6.470368e-05,5.370352e-05,-5.447716e-05,5.1371244e-05,2.4329016e-05,2.2298784e-05,-2.8118564e-05,-1.176985e-06,6.6397333e-06,7.5361386e-05,-4.786832e-07,6.6587863e-06,-2.5637422e-05,-9.488064e-05,-2.8024642e-06,2.376146e-05,-3.2260974e-05,-3.175061e-05,-2.9885785e-05,1.8423034e-05,1.6746382e-09,-7.341032e-10,-2.6378782e-10,7.809281e-10,5.8786476e-10,4.6026433e-10
38,-1.71164e-07,7.414069e-08,4.7367593e-08,-1.4805454e-10,-5.9473795e-09,-5.6844707e-09,2.0186e-08,-1.9755508e-10,3.9619215e-09,-1.6311734e-08,1.147878e-09,-7.689487e-09,-8.673659e-09,1.5846517e-08,2.6491773e-09,4.857813e-09,3.266193e-09,-3.3459333e-09,7.3349122e-09,-1.8341226e-10,-5.2726716e-09,6.1857115e-09,2.6428104e-10,1.7134306e-09,2.8240308e-09,2.197272e-09,1.3023286e-09,8.73684e-09,4.204993e-09,2.2092608e-09,-6.9472526e-09,-5.963922e-09,4.022289e-09,-1.5875496e-09,-1.4072465e-09,-7.919544e-09,-2.4186948e-09,1.6746382e-09,6.0249917e-12,-9.0831926e-13,-9.321344e-13,3.3981064e-12,-5.3254276e-13,-7.769455e-12
39,-7.2306825e-08,-1.8259783e-07,-5.8034047e-08,4.2728807e-08,-1.7915017e-08,5.645892e-09,5.255674e-09,6.4501107e-09,-1.9627149e-09,6.1471226e-08,-6.946242e-09,-3.3625036e-09,1.8977179e-08,-5.659593e-09,-2.7838076e-09,-4.1923585e-09,1.0585428e-08,4.168009e-09,-1.1046949e-08,5.8122045e-09,2.250497e-09,1.269067e-09,4.550631e-09,-6.1172347e-09,-1.0762015e-08,-2.3331814e-09,6.788306e-09,-1.9045014e-08,-5.311394e-09,-5.140147e-09,1.5050544e-08,-1.6810203e-08,-7.887786e-09,-1.9709883e-09,4.9136757e-09,2.044219e-08,-3.4747938e-09,-7.341032e-10,-9.0831926e-13,1.9103356e-12,1.2143121e-12,2.7260876e-13,-2.1233991e-12,-5.5467534e-13
40,-8.371261e-08,-2.7368666e-08,2.398153e-08,-3.6974797e-08,1.7673788e-08,-2.9524596e-09,1.7937253e-08,-5.011767e-09,-1.077296e-08,-3.5563296e-08,8.445155e-09,1.249077e-08,-3.019342e-09,-5.949012e-11,2.3297828e-09,-5.9337957e-09,2.8251987e-10,-3.619534e-09,-8.0878415e-09,6.333135e-09,5.9480314e-09,2.3195712e-09,1.2948577e-09,7.0992394e-09,1.5635023e-09,6.290986e-10,1.4603556e-09,-7.637195e-09,-2.6248462e-10,7.2069297e-09,-4.8271507e-09,7.380106e-09,5.7837726e-09,-1.901553e-09,1.7065482e-09,-9.520994e-09,6.346134e-10,-2.6378782e-10,-9.321344e-13,1.2143121e-12,7.4857984e-12,1.6233132e-12,-9.278226e-12,-4.5456126e-12
41,-2.3774442e-08,-1.3252682e-07,-1.4051189e-09,-7.663115e-09,-6.4449637e-09,-1.2305295e-08,3.98343e-08,2.1261547e-08,-2.9467964e-09,-7.134896e-09,3.2392877e-09,-4.0941117e-09,5.6990734e-10,1.5026217e-08,-3.6770853e-09,8.576916e-10,1.8506652e-09,-6.1278227e-09,-1.287643e-09,-3.488842e-09,-1.7019355e-09,-6.536891e-10,2.2298414e-09,9.1237395e-10,-2.7135043e-09,-2.434694e-09,4.44738e-09,6.4301464e-10,-2.8960706e-10,4.1973482e-09,1.5383324e-09,-5.4224065e-09,-1.1654452e-10,-1.1901216e-09,4.403606e-11,-1.4620912e-09,-2.6748381e-09,7.809281e-10,3.3981064e-12,2.7260876e-13,1.6233132e-12,2.7279169e-12,-3.3113325e-12,-6.344348e-12
42,7.0431767e-09,9.243213e-08,-6.7556845e-09,-9.592036e-09,3.0394776e-09,-5.0591016e-09,9.789886e-09,3.7681563e-10,4.948814e-09,7.565346e-09,1.6614511e-09,-2.1883324e-09,1.2604104e-09,6.1389285e-09,4.6187676e-10,3.451709e-09,2.7084102e-10,-2.046128e-09,2.921792e-09,1.6485667e-09,-1.4975912e-09,3.078548e-09,8.7698726e-10,-1.4732502e-09,9.602601e-10,1.2186792e-09,1.414724e-09,-5.4956195e-10,5.5444527e-10,1.7695965e-09,-6.570978e-10,-4.316696e-09,-8.802473e-10,-3.4571138e-10,-1.208348e-10,-8.752224e-10,-1.3935155e-09,5.8786476e-10,-5.3254276e-13,-2.1233991e-12,-9.278226e-12,-3.3113325e-12,1.2777721e-11,8.863379e-12
43,-4.4071182e-08,-3.3790317e-09,-1.2649982e-08,6.2452843e-09,-1.5814654e-09,-9.197996e-10,1.4533467e-08,4.8754565e-09,6.119058e-09,1.3015594e-08,2.633015e-09,1.523381e-09,3.4304266e-09,2.6864369e-09,-3.3150012e-09,-1.8566508e-09,3.9695873e-09,1.5677291e-09,1.5101158e-09,1.9628823e-09,-1.6165371e-09,2.4635152e-09,1.5092712e-09,-8.8862284e-10,1.8748372e-10,1.4600744e-09,2.5014955e-09,-1.9133433e-09,-3.1333478e-09,5.859548e-09,2.7291416e-09,-4.8135167e-09,-3.1819947e-09,1.1433117e-09,-1.853451e-10,7.911707e-10,-1.4874402e-09,4.6026433e-10,-7.769455e-12,-5.5467534e-13,-4.5456126e-12,-6.344348e-12,8.863379e-12,1.5673619e-11
