,0,1,2,3,4,5,6,7,8,9,10,11,12,13,14,15,16,17,18,19,20,21,22,23,24,25,26,27,28,29,30,31,32,33,34,35,36,37,38,39,40,41,42,43,44,45,46,47,48,49,50,51,52,53,54,55,56,57,58,59,60,61,62,63,64,65,66,67,68
0,409.1379,-9.102936,9.238353,2.4940066,8.048781,3.1885552,-2.8922925,11.993558,-6.84198,2.5351045,-5.6380873,6.3053255,-1.9735357,-1.7847192,3.7276995,0.61563206,9.9485445,-1.5514867,-2.758697,-0.032096416,1.6037843,0.92836076,-1.9651161,1.4312382,1.3391997,-1.622122,1.1597502,-0.959214,0.48604414,-1.9901868,-4.5062485,3.280655,-0.24912676,-9.031475,0.65150774,0.03821662,0.21044998,-1.8497556,0.09872098,1.5648022,-0.7037337,0.08629227,2.1930976,0.058022395,0.85589266,1.2241482,0.4334854,-1.1799126,-0.28404564,0.8018121,0.8659385,-1.825654,-0.43236527,0.6987535,-0.72891307,-2.3654234,2.0470936,1.0213934,-0.11593573,-0.09077698,-0.25158912,0.4921626,-1.6598389,0.10142684,4.9576316,0.44082275,-0.057768628,1.8254136,-0.55401075
1,-9.102936,96.83598,23.02681,-8.386012,-3.7055187,-11.176646,-3.9535825,-17.704655,14.360243,-13.750665,15.561951,-2.337899,-0.88726115,1.8417003,-4.7639036,2.8501654,-3.7112665,-4.2394743,-1.4282378,-1.2345493,-2.3296895,3.0349455,2.159744,2.2308927,-1.1166568,1.1134441,2.0352354,0.8392211,-0.92121005,1.0746446,-1.9626024,-3.8317943,-0.053415753,-2.207603,0.81088436,-0.725877,3.2495387,0.59932506,-0.2642281,-0.43105268,-0.6458623,-1.8343749,-0.20632696,-0.3242997,0.9119745,-0.120608956,2.0185626,1.4858356,1.1971666,-0.5776528,1.7715867,1.8938369,1.2577099,-1.0384476,-2.295864,0.09455298,-1.0990477,-0.6717112,-0.0441664,0.7603934,-0.054086443,0.316215,-0.50372136,-0.038538083,-0.24645972,-0.50113136,0.2634886,-0.8976121,0.5136235
2,9.238353,23.02681,99.64154,15.883131,1.0961351,5.99733,-0.4702971,3.1126997,1.0512552,4.980356,-8.15447,-0.10829234,0.14220311,-0.9004868,3.9702983,-3.7676072,-1.768988,4.501102,3.1373332,0.32450223,4.362763,-5.2939587,-4.4580755,-2.2922962,1.4044535,-2.2600112,-3.0605392,4.8092804,-0.5201332,-0.33341858,4.7547913,3.2261548,0.92288184,7.040823,-0.18130146,0.89282155,-3.8502738,-1.3363147,0.22855681,0.42359996,-0.4561713,1.328744,-1.5769024,-0.53041625,-1.8716784,-0.73063093,-2.7552788,-0.7092022,-1.020916,-0.14249492,-1.4543197,-1.1881269,0.21423548,0.5413842,1.822878,1.0310733,0.90307045,-0.4408174,0.6086641,-0.5754842,0.20275131,-0.8661676,1.106509,0.22492516,-1.0110059,-0.17208187,-0.6597055,0.45389447,-0.279832
3,2.4940066,-8.386012,15.883131,49.683258,8.900938,-1.2874951,9.9404545,20.647745,-24.197556,3.6779919,0.6022351,-2.1143079,-4.6667814,1.3692725,3.9005237,-1.2281029,3.52534,-0.30767637,0.34030062,-0.32048506,-2.5031219,3.1775382,1.3010299,-0.7700751,0.18457392,-1.0696164,1.8962344,-0.8390458,0.9800888,-1.196238,-1.6680698,0.5145933,-0.29176843,-2.6295466,0.29752916,-0.6522039,-0.42434454,-0.2277522,-0.35732323,0.87911594,0.6157407,0.91345596,1.4661198,1.0003176,0.96534234,1.2340493,0.20111263,-0.66620845,-0.21404132,0.5281552,0.028756335,-0.48306772,-1.5557544,0.5704937,0.6183757,-1.0465295,0.6346816,0.3652638,-0.74859774,0.14975391,-0.17228875,0.68019986,-0.32300812,0.4025865,1.1590654,0.7358311,0.254871,0.36010033,-0.7960367
4,8.048781,-3.7055187,1.0961351,8.900938,48.66709,4.094111,-1.8728399,1.1088914,-2.9421296,2.0387983,-6.6865273,2.4552672,2.0020895,-4.643425,0.83929884,-0.16489586,0.3605196,-0.9127165,-0.45862126,-1.3586518,-1.485909,2.0720277,2.6041524,0.4183227,-0.7135178,0.7016314,-0.43244693,-1.7927887,-0.03280282,-0.51085174,-1.2582171,-0.8740971,-1.3896029,-0.8544257,-1.5405517,-0.5047213,0.42007858,0.3986739,-0.21664834,0.2851267,0.63704365,0.70580447,0.96540034,1.0878187,0.59817255,0.8192116,-0.5511351,-0.007681422,0.16891038,0.1526584,-0.55924517,-0.04985103,-0.6247283,0.009208322,0.7650586,-0.48122084,-0.07598243,0.20824759,-0.783804,-0.06173402,-0.24337876,0.3437496,0.030064337,-0.062070407,-0.030670792,0.3149082,0.3447711,-0.46556905,-0.88970995
5,3.1885552,-11.176646,5.99733,-1.2874951,4.094111,48.404514,1.5305276,5.523067,-0.092491835,1.2743411,-2.2434676,-1.3745415,-2.0185003,0.5723872,1.7728729,-0.61258554,2.0378056,1.7000678,-0.99468637,-0.051525876,-0.598026,2.1129766,-0.9824151,-0.43902603,1.3698455,-0.7060373,0.35560653,1.0880029,-0.43598592,-1.365831,-0.8705548,-0.15160061,0.07845373,-0.604509,0.96440494,-1.132839,-1.1311376,-0.34044355,-0.17524076,0.067068405,-0.2160882,1.2078848,0.5093621,-0.6360378,0.3266067,-0.2529997,-0.6468863,-0.03541494,-0.20838308,0.6326958,-0.6745348,-0.1480467,-0.4932354,0.3967753,1.1816641,-0.7382293,0.5718353,0.33436105,0.14074117,-0.055791967,0.39564085,-0.41114864,-0.028098345,0.28382424,0.79468155,0.2248213,-0.023448601,0.39730278,-0.7202995
6,-2.8922925,-3.9535825,-0.4702971,9.9404545,-1.8728399,1.5305276,43.782383,0.7908577,1.4852283,1.0868009,-4.262062,1.4116818,0.049103316,-2.9644024,2.756855,-0.68555534,0.929946,0.5640423,0.68595695,-0.48255807,0.97242075,0.060775965,-0.70089674,-0.5165251,0.7494631,-0.77202535,-0.68529886,1.5525916,-1.5393965,-1.382418,-0.48893678,0.41726157,0.1668441,0.47050494,0.046041984,0.44274434,-0.8215207,-1.2015054,-0.57380545,0.75164723,-1.157258,0.5882306,-0.26800498,-0.030917231,-0.43630496,-0.012241398,-1.103179,-0.16650885,0.097724065,0.23766753,-0.07144515,-0.47323078,0.28508526,0.29686457,0.10446803,-0.39824665,0.39333934,0.075403534,-0.016803164,-0.289342,-0.0034350073,-0.38023207,-0.05586684,0.18882933,0.5616618,0.11209801,-0.034983907,0.47503215,-0.34669486
7,11.993558,-17.704655,3.1126997,20.647745,1.1088914,5.523067,0.7908577,44.510956,2.251934,0.37850556,-7.6006165,1.6521171,0.5051636,-2.372727,4.14668,-3.0454042,0.4344132,1.6726196,0.99015963,-0.10490599,0.66766196,-0.5041932,-3.8092408,-1.4654381,1.7654334,-2.2034862,-1.6106944,3.4118657,0.6207854,-2.292869,2.078785,1.9986532,-0.013854191,3.8679857,-0.1851939,0.05033864,-2.1651967,-2.7442856,-0.227869,1.0429832,-0.4527149,1.5429742,-0.19047663,0.26105478,-0.024729148,1.2118495,-2.6017907,-0.68317133,-1.3571113,-0.09141164,-1.4354222,-1.1990749,-0.3342555,0.9088852,2.4645612,0.07600698,1.2593929,0.20291974,0.01626844,-0.5599618,0.014595361,-0.49515453,0.6615957,0.248292,0.28415394,0.50520283,-0.25519598,-0.110017,-1.5291271
8,-6.84198,14.360243,1.0512552,-24.197556,-2.9421296,-0.092491835,1.4852283,2.251934,16.123234,2.526867,-3.8777976,1.0751151,0.18257318,-2.8914425,-2.6348567,2.1950874,0.70439714,-3.0103571,-2.4895654,0.03073437,-3.809492,2.4077828,4.480234,1.0623282,-2.2979875,1.081919,1.7230668,-6.375498,0.81262875,0.34111828,-3.2063398,-1.366157,-0.70626664,-5.2484784,-0.4637011,-0.7002919,1.937949,1.6308919,-1.047132,-0.23847121,0.38107944,-0.56996596,2.0081313,0.6705922,1.148914,0.48448998,2.360507,0.07969268,0.7696301,0.28017002,0.85215175,0.7015508,-0.040202186,-0.15147653,-1.5842886,-0.7299508,-0.5873154,0.5028889,-0.18659434,0.6007587,0.068140365,0.72211516,-0.75318927,-0.5806407,0.6135684,0.1628545,0.53158224,-0.09809549,0.17212087
9,2.5351045,-13.750665,4.980356,3.6779919,2.0387983,1.2743411,1.0868009,0.37850556,2.526867,27.962156,-1.1722151,0.34445557,-1.9450758,-1.2145519,1.5915725,-1.7408011,-0.33853745,-0.84551233,0.5266785,0.068683416,0.593764,-0.56926167,-2.1184769,-1.0833595,0.75766253,-1.8588158,-1.0709474,3.8437333,0.4879732,0.15336977,1.00407,0.17852649,0.55115646,1.9428895,-0.29889876,-0.30622643,-1.2779682,-2.0637362,-0.7712338,0.16928232,-0.11281444,0.35126716,-0.5633763,-0.05416166,-0.09272176,0.74217844,-1.1025767,-0.13824177,-1.2431377,-0.2986614,-0.3038491,-0.28317076,0.08769931,0.208291,0.92850876,0.26038632,0.82676274,-0.10550767,0.26832354,-0.3619523,-0.36528653,-0.52986836,0.38448521,-0.038068857,0.4983083,0.24179357,-0.44200012,-0.026863977,-0.5973307
10,-5.6380873,15.561951,-8.15447,0.6022351,-6.6865273,-2.2434676,-4.262062,-7.6006165,-3.8777976,-1.1722151,22.182177,1.1253238,-0.11925112,-3.9324474,-3.2121353,1.8870643,-0.46265662,-1.6755832,-2.239216,-0.6390238,-1.4746424,0.6810692,2.5121155,1.0298253,-1.0081825,0.35284567,0.48045725,-2.7458858,-0.5198789,1.1684166,-1.5079525,-1.4093575,0.27535582,-2.8122184,-0.2853253,-0.90171784,0.648876,1.7487345,-0.7966018,-0.55371845,-0.29581827,-0.3475995,0.77013296,-0.3425082,0.39074308,-0.586411,1.7044683,0.14805652,0.35607046,0.22013038,0.45270413,0.52980983,0.7535318,-0.4587324,-1.2420721,-0.0336342,-0.6340231,0.30228657,0.2106731,0.4211254,0.2331536,0.12429781,-0.322422,-0.27411658,0.07799089,-0.25145575,0.20687544,0.026950046,0.44590425
11,6.3053255,-2.337899,-0.10829234,-2.1143079,2.4552672,-1.3745415,1.4116818,1.6521171,1.0751151,0.34445557,1.1253238,17.227974,-1.1287827,1.895417,0.89219916,-0.3221327,-1.4506153,1.6852185,1.3721881,-0.024432037,0.8176863,-0.5132311,-0.20271061,-0.31382236,0.17859203,-0.30376172,-0.7670318,1.9303858,-0.407038,0.2793039,1.1671352,-0.42526883,0.2918556,1.9771485,0.42646825,0.18391496,-0.33348763,-0.41371107,0.16466792,-0.17554006,-0.34571087,0.6212396,-0.7029733,-0.13572505,-0.20771779,-0.35267413,-0.8162288,0.04469505,-0.24579844,0.08735436,-0.59871316,-0.017648362,0.12715678,0.28094113,0.47590506,0.18026212,-0.052949443,-0.07787061,0.4598493,-0.28736833,0.06934684,-0.605796,0.30031934,0.108993925,-0.6211285,-0.09699044,-0.14333326,-0.14379677,-0.1200826
12,-1.9735357,-0.88726115,0.14220311,-4.6667814,2.0020895,-2.0185003,0.049103316,0.5051636,0.18257318,-1.9450758,-0.11925112,-1.1287827,15.430413,0.19040188,0.4661312,0.11667262,0.1593749,0.20043601,0.2254434,0.24432543,1.0459404,-0.22263059,-0.35971263,-0.49806705,0.47829857,-0.98437655,-0.40933263,2.5693321,-0.05792486,0.8916476,0.13864474,-0.15338525,0.53387606,-0.29251152,0.11412513,-0.60184234,-0.6025957,-0.30687225,-0.37644163,-0.25799766,-0.6420374,0.41102076,-0.5531826,-0.4910733,0.004669685,-0.257205,-0.37428683,-0.3476351,-0.38404438,-0.34013677,-0.18389696,-0.26752093,0.4408214,-0.27150363,0.07171792,-0.07213782,0.23348029,-0.10080649,0.07279503,-0.101691626,0.011806548,-0.38205996,-0.22221223,0.13763064,0.4427523,-0.07723544,-0.089997396,0.38202688,-0.18510064
13,-1.7847192,1.8417003,-0.9004868,1.3692725,-4.643425,0.5723872,-2.9644024,-2.372727,-2.8914425,-1.2145519,-3.9324474,1.895417,0.19040188,14.299311,0.03432139,-0.36285543,0.19317868,-1.3178388,-0.9303776,-0.26198006,-1.5111158,1.0426097,0.92006254,0.12738618,-0.06482265,-0.4064445,0.24580252,-0.8102475,-0.5034788,-0.14587499,-1.0117577,-0.67899334,-0.035166558,-0.41583568,-0.64330065,-0.44923735,-0.13798884,0.115236446,-0.90997,0.16978058,-0.14634965,-0.031675972,0.24821779,0.09839141,0.25181854,0.16846704,0.44876665,-0.083122134,0.13716927,0.05364345,0.5562836,-0.02750546,-0.07150916,-0.11116755,-0.16564845,-0.22581348,-0.0833793,0.045049004,-0.26945454,0.060709387,-0.18127678,1.5629455e-05,0.021743268,-0.014181621,-0.012871478,0.1570751,0.20566797,-0.0061225714,-0.12841836
14,3.7276995,-4.7639036,3.9702983,3.9005237,0.83929884,1.7728729,2.756855,4.14668,-2.6348567,1.5915725,-3.2121353,0.89219916,0.4661312,0.03432139,11.293231,0.81341535,2.3751543,-0.100928724,-1.4947479,0.32579315,-1.9057286,1.4112346,0.9199412,0.22518206,0.1278323,0.4308026,0.660946,-2.8985498,1.2443323,-0.13146125,-1.2556899,-0.32849178,-0.23749311,-2.2978737,-0.24025685,-0.42968076,0.7285144,0.7584563,0.040966045,-0.30441755,0.69950855,-0.09299011,0.8304267,0.5490325,0.6888233,0.63861996,0.5646394,-0.13508499,-0.4555574,0.22429994,-0.38410246,-0.38837183,-0.5180475,0.06001456,0.42454782,-0.04398131,-0.033165284,0.60863423,-0.1313162,-0.15492131,-0.025948495,0.18914892,-0.23065537,-0.15394983,0.118677214,0.43902206,0.19499132,0.062983334,-0.13693038
15,0.61563206,2.8501654,-3.7676072,-1.2281029,-0.16489586,-0.61258554,-0.68555534,-3.0454042,2.1950874,-1.7408011,1.8870643,-0.3221327,0.11667262,-0.36285543,0.81341535,9.33714,-1.6227539,0.9901863,0.42658874,-0.6048579,0.827022,-1.722354,-1.8107488,0.10144872,0.085849985,-1.4576801,-0.37226552,2.7389607,-0.5619205,0.36792293,1.1864827,0.59498656,0.41105855,2.2734253,-0.25074393,0.10656108,-0.8450284,-0.5487652,0.15001304,0.094937555,0.53103954,-0.009506404,-0.72393525,-0.37586078,-0.40134412,-0.33420628,-0.7513001,0.23021218,0.078200795,-0.17351755,0.22411577,-0.20104396,0.09136522,0.09670186,0.25412244,0.12800454,0.4882878,-0.2920779,0.3005787,0.18397655,-0.05921618,-0.41608307,0.606737,0.12978378,-0.28258127,-0.10340813,-0.18022737,-0.030643433,-0.22787383
16,9.9485445,-3.7112665,-1.768988,3.52534,0.3605196,2.0378056,0.929946,0.4344132,0.70439714,-0.33853745,-0.46265662,-1.4506153,0.1593749,0.19317868,2.3751543,-1.6227539,7.3716044,1.2645649,2.5146644,-0.30201125,1.2300867,-1.2758672,-1.6732614,-1.0776255,0.4280456,-0.8422108,-1.3997047,3.0111206,0.122552864,-0.3970015,2.5975468,0.7957124,0.14737797,4.1889644,-0.19183195,0.24744569,-1.3273581,-1.316416,-0.041538447,0.37902462,-0.22722213,0.94639677,-0.96149266,-0.04838877,-0.45670506,0.26000044,-1.6493771,-0.0661981,-0.56849724,-0.10957071,-0.9285074,-0.08506715,0.111127,0.37324214,1.1054296,0.3971397,0.33192554,-0.19940785,0.1028585,-0.38642108,0.18640754,-0.3499006,0.4493789,0.19826159,-0.850299,-0.15581405,-0.31971017,-0.4769895,-0.5915295
17,-1.5514867,-4.2394743,4.501102,-0.30767637,-0.9127165,1.7000678,0.5640423,1.6726196,-3.0103571,-0.84551233,-1.6755832,1.6852185,0.20043601,-1.3178388,-0.100928724,0.9901863,1.2645649,7.255951,-0.7241225,0.510202,-1.0603777,1.2394905,1.0903342,0.28114608,-0.20439985,0.4969406,0.27711388,-1.8064659,0.67864096,-0.11104845,-0.616739,-0.407903,-0.75568855,-1.858548,-0.3859195,-0.3530925,0.25447285,-0.21111661,-0.21332514,-0.00345473,0.1698704,-0.1096095,0.69187677,0.42007875,0.5168337,0.5826839,0.6360082,-0.20322096,0.0017360523,-0.093805015,0.35791078,0.17522512,-0.15659183,0.10881626,-0.2731608,-0.02548678,-0.10566783,0.15128204,-0.38146794,-0.015616227,-0.24175046,0.1724174,-0.2694225,-0.16380212,0.63627625,0.13310994,0.08006835,0.025272816,-0.059760265
18,-2.758697,-1.4282378,3.1373332,0.34030062,-0.45862126,-0.99468637,0.68595695,0.99015963,-2.4895654,0.5266785,-2.239216,1.3721881,0.2254434,-0.9303776,-1.4947479,0.42658874,2.5146644,-0.7241225,6.6222997,0.053688712,-1.6497622,1.5287838,0.88433063,1.300303,-0.051935762,0.1709463,1.1421003,-2.6424303,0.5148033,-0.08611539,-1.634376,-0.45934188,-0.49787453,-3.001411,0.25553465,-0.83850515,0.696233,1.0106821,0.076271415,-0.21626776,0.46294826,-0.102216795,1.2217969,0.07285507,0.6841168,0.16132952,1.2667351,-0.15655953,0.18230417,0.34394613,0.44530714,-0.057021145,-0.28274202,-0.0097389985,-0.22055368,-0.40883958,0.025007071,0.35525367,-0.19305223,0.29570246,0.0020643482,0.22645703,-0.1835466,-0.09627122,0.62321293,0.21834923,0.28285524,0.19809465,-0.050037533
19,-0.032096416,-1.2345493,0.32450223,-0.32048506,-1.3586518,-0.051525876,-0.48255807,-0.10490599,0.03073437,0.068683416,-0.6390238,-0.024432037,0.24432543,-0.26198006,0.32579315,-0.6048579,-0.30201125,0.510202,0.053688712,6.648255,-0.38250148,-0.20011482,0.32442707,0.34619498,-0.4982379,-0.45456022,0.36951375,0.56282675,-0.5766905,-0.19788983,-0.5057143,-0.16778785,0.2968381,-0.58013403,-0.20708907,0.03917101,0.4482559,0.18406889,0.50878257,0.35608113,0.30099607,0.40316576,0.16781603,0.3127917,0.041680325,0.18960431,-0.5938375,0.39551258,-0.26358533,0.11738898,-0.25236621,-0.0113439085,-0.03977063,-0.20016167,0.048402432,-0.1309877,0.3428369,0.28546727,0.1013589,0.023039255,0.1624992,0.13127801,0.056609627,-0.017291281,0.20707384,-0.09219429,-0.18709426,-0.032680884,-0.17150962
20,1.6037843,-2.3296895,4.362763,-2.5031219,-1.485909,-0.598026,0.97242075,0.66766196,-3.809492,0.593764,-1.4746424,0.8176863,1.0459404,-1.5111158,-1.9057286,0.827022,1.2300867,-1.0603777,-1.6497622,-0.38250148,4.430298,2.195798,1.7460651,0.5336465,-0.2858619,0.6365675,2.0090156,-3.8061051,0.13420814,-0.5706737,-1.4436581,-0.9282968,0.1272915,-1.9111376,-0.1630415,-0.28683102,0.94417894,1.2762219,-0.010582562,0.10774073,0.33789384,-0.35568708,0.76800114,0.43513763,1.070374,0.15862164,1.335185,0.024721956,0.19614263,0.061086126,0.50731003,0.102955274,-0.36905193,-0.20968574,-0.2914624,-1.5079975e-05,-0.5992554,0.5784316,-0.39969993,0.22296697,0.09014638,0.5731288,-0.0031990483,0.04515445,-0.5412528,0.35290092,0.36892864,-0.22714746,0.37446114
21,0.92836076,3.0349455,-5.2939587,3.1775382,2.0720277,2.1129766,0.060775965,-0.5041932,2.4077828,-0.56926167,0.6810692,-0.5132311,-0.22263059,1.0426097,1.4112346,-1.722354,-1.2758672,1.2394905,1.5287838,-0.20011482,2.195798,4.7571726,-2.1134896,-0.15226825,0.038090236,-1.1814172,-1.153294,3.2034068,-0.043306578,0.34913474,2.0566196,1.3263936,0.51745707,2.4208937,0.15190893,0.6694833,-0.9058993,-1.1556864,0.3990089,0.14326437,-0.17132701,0.34121054,-0.800441,-0.26534152,-0.6308112,-0.077492304,-1.1843514,-0.16019338,-0.47436377,-0.3535322,-0.1901724,-0.3038081,0.4668595,0.282642,0.23367336,0.41835177,0.61339843,-0.18788354,0.38906452,-0.12889506,0.029124774,-0.46966285,0.51864386,0.087272376,-0.201621,-0.14345917,-0.48336786,0.055042986,-0.18721685
22,-1.9651161,2.159744,-4.4580755,1.3010299,2.6041524,-0.9824151,-0.70089674,-3.8092408,4.480234,-2.1184769,2.5121155,-0.20271061,-0.35971263,0.92006254,0.9199412,-1.8107488,-1.6732614,1.0903342,0.88433063,0.32442707,1.7460651,-2.1134896,3.4237113,-1.2833872,1.0461956,-1.5752196,-0.57367384,3.2000198,-0.3265266,-0.41377676,1.6995933,1.477654,0.81085885,2.7830799,0.41619378,0.21739364,-1.6424344,-1.2618141,0.08962604,-0.089257605,-0.38385826,-0.056255292,-1.0593588,-0.68779933,-0.6173161,-0.108226486,-1.2287884,0.07466526,-0.42173237,-0.46185416,-0.3402671,-0.17859563,0.0713305,0.22624753,0.36172605,0.44935223,0.45336103,-0.43145013,0.56157976,0.12514399,0.0892255,-0.43071032,0.3448192,0.09768464,0.15443587,-0.30276293,-0.23499525,0.16769914,-0.19088161
23,1.4312382,2.2308927,-2.2922962,-0.7700751,0.4183227,-0.43902603,-0.5165251,-1.4654381,1.0623282,-1.0833595,1.0298253,-0.31382236,-0.49806705,0.12738618,0.22518206,0.10144872,-1.0776255,0.28114608,1.300303,0.34619498,0.5336465,-0.15226825,-1.2833872,5.42229,0.5744119,-0.28389946,-0.30776852,1.278381,-0.15708134,-0.15886831,0.64905393,0.5058006,0.6360009,1.6671579,-0.19016203,0.24396123,-1.0290927,-0.518102,-0.622407,-0.019395215,-0.44170907,-0.29585484,-0.67473096,-0.19967867,-0.40011021,-0.10529782,-0.529186,0.17989254,-0.25423986,-0.24080887,-0.56785965,0.09090565,0.05032485,-0.1485193,0.32935482,0.44458264,-0.12333612,-0.25400767,0.16858277,0.0044301637,0.12828022,0.13167407,-0.050803743,0.036165584,-0.14129224,-0.13388367,-0.0074611204,-0.06974132,0.17642793
24,1.3391997,-1.1166568,1.4044535,0.18457392,-0.7135178,1.3698455,0.7494631,1.7654334,-2.2979875,0.75766253,-1.0081825,0.17859203,0.47829857,-0.06482265,0.1278323,0.085849985,0.4280456,-0.20439985,-0.051935762,-0.4982379,-0.2858619,0.038090236,1.0461956,0.5744119,5.802398,0.39839435,-0.10784724,-0.42590785,0.30798054,0.14127885,-0.194637,-0.042261854,-0.35890493,-0.52576274,-0.2878343,0.12542853,0.5412468,-0.10420345,0.12918153,0.15090004,0.25740516,0.101419814,0.5689535,0.2661661,0.24661319,0.095626555,0.051307205,0.033958945,0.08327672,-0.06530818,0.018507104,0.07621673,0.090840645,0.033869248,0.08620991,-0.18528864,0.053053506,0.21552598,0.005007458,-0.047691114,0.015498655,0.192844,0.056686092,-0.13892412,0.029849742,0.13872898,-0.046014294,-0.17608999,-0.013302004
25,-1.622122,1.1134441,-2.2600112,-1.0696164,0.7016314,-0.7060373,-0.77202535,-2.2034862,1.081919,-1.8588158,0.35284567,-0.30376172,-0.98437655,-0.4064445,0.4308026,-1.4576801,-0.8422108,0.4969406,0.1709463,-0.45456022,0.6365675,-1.1814172,-1.5752196,-0.28389946,0.39839435,4.7052884,-0.1582441,2.361669,-0.3948049,0.20707077,0.72332406,0.44988048,0.7189288,1.3252188,-0.010286565,0.04480336,-0.7512075,-0.54489213,-0.046822216,0.00050403364,-0.20190668,0.14861676,-0.5946995,-0.35159475,-0.21464619,-0.09424894,-0.5617673,-0.037778143,-0.25552753,-0.19068623,0.14196295,-0.32686466,0.26712722,0.01716175,0.046818994,0.31587434,0.31029433,-0.05101748,0.32423413,0.08067787,0.085225016,-0.48246014,0.16840507,0.10566859,0.092318274,-0.17995915,-0.10086017,0.048319463,-0.09091509
26,1.1597502,2.0352354,-3.0605392,1.8962344,-0.43244693,0.35560653,-0.68529886,-1.6106944,1.7230668,-1.0709474,0.48045725,-0.7670318,-0.40933263,0.24580252,0.660946,-0.37226552,-1.3997047,0.27711388,1.1421003,0.36951375,2.0090156,-1.153294,-0.57367384,-0.30776852,-0.10784724,-0.1582441,4.242903,2.2216256,-0.14329517,0.7975366,0.9192647,0.21928835,0.024920166,1.7840683,-0.25225803,0.24223474,-0.7320842,-0.6988301,-0.25164056,-0.20354918,-0.12625772,-0.06499047,-0.4773273,-0.25970328,-0.45083836,-0.29992807,-0.63292885,0.11392698,-0.032862723,-0.072097555,-0.3183052,0.094216526,0.31467718,0.17208757,0.13670036,0.09750074,0.031909313,-0.27519852,0.3498661,-0.13522276,-0.15202002,-0.33148646,0.11733429,-0.06312583,-0.11198715,-0.19000518,-0.20934224,-0.08863888,0.005246192
27,-0.959214,0.8392211,4.8092804,-0.8390458,-1.7927887,1.0880029,1.5525916,3.4118657,-6.375498,3.8437333,-2.7458858,1.9303858,2.5693321,-0.8102475,-2.8985498,2.7389607,3.0111206,-1.8064659,-2.6424303,0.56282675,-3.8061051,3.2034068,3.2000198,1.278381,-0.42590785,2.361669,2.2216256,-2.3298707,1.0411944,-0.5939917,-2.681703,-1.2176356,-1.0655849,-4.740495,0.15592071,-0.60148394,1.8909991,2.1356583,0.131202,-0.31407085,0.6605756,-0.34322625,1.8001225,0.84617895,1.10125,0.5903078,2.525915,-0.20923772,0.41156852,0.7246709,0.47836614,0.38566196,-0.8826098,0.11677222,-0.67872393,-0.42219102,-0.9018253,0.69961554,-0.72264266,0.10584024,0.0542259,0.92199296,-0.5657601,-0.07020216,0.06367806,0.33811,0.5926124,-0.108814254,0.38008606
28,0.48604414,-0.92121005,-0.5201332,0.9800888,-0.03280282,-0.43598592,-1.5393965,0.6207854,0.81262875,0.4879732,-0.5198789,-0.407038,-0.05792486,-0.5034788,1.2443323,-0.5619205,0.122552864,0.67864096,0.5148033,-0.5766905,0.13420814,-0.043306578,-0.3265266,-0.15708134,0.30798054,-0.3948049,-0.14329517,1.0411944,4.0166907,-0.3424092,-0.07176458,-0.08430642,0.31726998,0.58641255,0.19247818,0.23987748,-0.6617533,-0.3258704,0.018281398,0.2606509,-0.34905982,0.27671582,-0.2754732,-0.035360985,-0.08198671,-0.3846144,-0.54011154,0.13698289,0.07788598,0.2069493,-0.17579809,0.009911401,0.1079479,0.16306238,-0.01789711,-0.04887197,0.031189173,0.08067639,0.09515658,0.002140632,-0.03374175,-0.21276543,0.23370889,0.15259773,0.011053603,-0.03688074,-0.09471014,0.21618313,0.06691789
29,-1.9901868,1.0746446,-0.33341858,-1.196238,-0.51085174,-1.365831,-1.382418,-2.292869,0.34111828,0.15336977,1.1684166,0.2793039,0.8916476,-0.14587499,-0.13146125,0.36792293,-0.3970015,-0.11104845,-0.08611539,-0.19788983,-0.5706737,0.34913474,-0.41377676,-0.15886831,0.14127885,0.20707077,0.7975366,-0.5939917,-0.3424092,3.3979087,-0.20937979,0.2715971,0.035516843,0.08824152,0.43562552,0.18140848,0.07636707,0.07323137,0.029344603,0.21893722,-0.35953993,-0.106779106,0.09653328,-0.15942428,-0.20006892,0.034718387,0.103622206,0.31609923,0.39977494,-0.117726386,0.29525954,0.33340135,-0.023500694,-0.11341018,-0.24279863,0.14557506,-0.0005222047,-0.19522502,-0.0014568828,0.20778161,0.26312673,0.05414863,-0.08180672,-0.09852247,-0.12646517,-0.08739969,0.111092806,0.022734955,0.010971734
30,-4.5062485,-1.9626024,4.7547913,-1.6680698,-1.2582171,-0.8705548,-0.48893678,2.078785,-3.2063398,1.00407,-1.5079525,1.1671352,0.13864474,-1.0117577,-1.2556899,1.1864827,2.5975468,-0.616739,-1.634376,-0.5057143,-1.4436581,2.0566196,1.6995933,0.64905393,-0.194637,0.72332406,0.9192647,-2.681703,-0.07176458,-0.20937979,1.5435021,-0.709589,-0.2341555,-3.2705743,-0.03112092,-0.36043683,1.0642695,0.93613565,-0.27081805,-0.076996595,0.3314559,-0.4569009,1.0865445,0.3656023,0.4766932,0.2674597,0.9651216,0.18675569,0.21392345,0.5517801,0.18319803,0.026693013,-0.50159174,-0.12101001,-0.35635322,-0.66003764,-0.19982171,0.39360568,-0.1882824,0.10142126,-0.18971317,0.4530623,-0.4588309,-0.13289073,0.6323823,0.2661114,0.2670619,0.30798352,0.13994704
31,3.280655,-3.8317943,3.2261548,0.5145933,-0.8740971,-0.15160061,0.41726157,1.9986532,-1.366157,0.17852649,-1.4093575,-0.42526883,-0.15338525,-0.67899334,-0.32849178,0.59498656,0.7957124,-0.407903,-0.45934188,-0.16778785,-0.9282968,1.3263936,1.477654,0.5058006,-0.042261854,0.44988048,0.21928835,-1.2176356,-0.08430642,0.2715971,-0.709589,3.0034087,-0.37418056,-1.0019035,-0.022673532,-0.32941592,0.33952087,0.59522986,-0.17757007,-0.040520545,0.008982701,0.15528971,0.36767092,0.41875413,0.2796041,0.017844886,0.58951473,-0.056585073,0.055944763,0.40525395,-0.039966617,0.05618781,-0.15293995,0.057805855,-0.04076456,-0.09629084,-0.27047879,0.15357463,-0.13855174,-0.18361221,-0.13845858,0.14647464,-0.044367313,0.07077357,-0.22697265,0.10207111,0.13984823,-0.0014780834,0.15240496
32,-0.24912676,-0.053415753,0.92288184,-0.29176843,-1.3896029,0.07845373,0.1668441,-0.013854191,-0.70626664,0.55115646,0.27535582,0.2918556,0.53387606,-0.035166558,-0.23749311,0.41105855,0.14737797,-0.75568855,-0.49787453,0.2968381,0.1272915,0.51745707,0.81085885,0.6360009,-0.35890493,0.7189288,0.024920166,-1.0655849,0.31726998,0.035516843,-0.2341555,-0.37418056,2.8843277,-0.7682495,-0.08052741,-0.34035048,0.32438034,0.25726187,0.23122305,-0.22049055,0.1812731,0.02610195,0.48795223,0.14058195,0.16649808,-0.0044338293,0.33392635,-0.06036407,0.58237886,-0.020382442,0.24542487,0.26305404,-0.14240831,0.025670143,-0.12180382,-0.119180724,-0.2211735,-0.18242492,-0.23470846,0.07943089,-0.054727264,0.094196536,-0.15015626,-0.09252986,0.00069411844,-0.14003909,0.16727933,0.016569478,-0.022983085
33,-9.031475,-2.207603,7.040823,-2.6295466,-0.8544257,-0.604509,0.47050494,3.8679857,-5.2484784,1.9428895,-2.8122184,1.9771485,-0.29251152,-0.41583568,-2.2978737,2.2734253,4.1889644,-1.858548,-3.001411,-0.58013403,-1.9111376,2.4208937,2.7830799,1.6671579,-0.52576274,1.3252188,1.7840683,-4.740495,0.58641255,0.08824152,-3.2705743,-1.0019035,-0.7682495,-2.1978753,0.16710761,-0.98570514,1.8120067,1.5352106,0.31815097,-0.3408296,0.47985107,-0.16219571,1.8135998,0.41981924,0.92492455,0.42624414,1.8986669,-0.27244186,0.2903275,0.49643368,0.68319386,0.09452495,-0.4507249,-0.059089646,-0.9559191,-0.77407265,-0.41378224,0.808993,-0.50854385,0.088885374,-0.02813567,0.6192653,-0.83400434,-0.067290455,1.2503839,0.18651296,0.3168311,0.5028005,0.270251
34,0.65150774,0.81088436,-0.18130146,0.29752916,-1.5405517,0.96440494,0.046041984,-0.1851939,-0.4637011,-0.29889876,-0.2853253,0.42646825,0.11412513,-0.64330065,-0.24025685,-0.25074393,-0.19183195,-0.3859195,0.25553465,-0.20708907,-0.1630415,0.15190893,0.41619378,-0.19016203,-0.2878343,-0.010286565,-0.25225803,0.15592071,0.19247818,0.43562552,-0.03112092,-0.022673532,-0.08052741,0.16710761,2.6597793,0.002180501,0.00852646,-0.011959871,-0.05258193,-0.07627529,0.43296835,-0.21763988,-0.07421376,0.07779788,0.12624621,-0.0038442342,-0.17870134,0.07641721,0.124091394,-0.23600464,0.044161856,-0.20247564,-0.14496031,-0.11516254,0.18321905,0.05516885,-0.14193672,0.13110742,0.010256676,-0.111052305,-0.049534276,0.09667844,-0.14441761,-0.038189948,-0.082930215,-0.020122752,0.08104131,-0.18425249,0.11445296
35,0.03821662,-0.725877,0.89282155,-0.6522039,-0.5047213,-1.132839,0.44274434,0.05033864,-0.7002919,-0.30622643,-0.90171784,0.18391496,-0.60184234,-0.44923735,-0.42968076,0.10656108,0.24744569,-0.3530925,-0.83850515,0.03917101,-0.28683102,0.6694833,0.21739364,0.24396123,0.12542853,0.04480336,0.24223474,-0.60148394,0.23987748,0.18140848,-0.36043683,-0.32941592,-0.34035048,-0.98570514,0.002180501,2.7368462,-0.1288075,0.5829567,0.014351683,-0.13455738,0.18785256,0.06369762,0.30022338,-0.04931687,0.16339025,0.07892227,0.29462177,-0.114894636,-0.007953426,0.14436707,0.0504478,-0.04934194,-0.18040422,-0.086190335,-0.009372767,-0.21314737,-0.022416202,-0.0010027951,-0.17476404,-0.009317666,0.013983302,0.15336846,-0.14784813,0.051345102,0.054734334,-0.028875474,0.03813077,0.04131174,-0.044244148
36,0.21044998,3.2495387,-3.8502738,-0.42434454,0.42007858,-1.1311376,-0.8215207,-2.1651967,1.937949,-1.2779682,0.648876,-0.33348763,-0.6025957,-0.13798884,0.7285144,-0.8450284,-1.3273581,0.25447285,0.696233,0.4482559,0.94417894,-0.9058993,-1.6424344,-1.0290927,0.5412468,-0.7512075,-0.7320842,1.8909991,-0.6617533,0.07636707,1.0642695,0.33952087,0.32438034,1.8120067,0.00852646,-0.1288075,1.7841052,-0.4263507,-0.17038316,-0.12679182,-0.18192482,-0.12376549,-0.67465156,-0.36882114,-0.43598264,-0.34795222,-0.80336094,0.2084449,-0.11923697,-0.15865189,-0.1862396,0.037069947,0.17602968,0.05227047,0.05860114,0.3551293,0.062100846,-0.34791127,0.23603967,0.06338325,-0.011423125,-0.40514028,0.22296703,0.03685538,-0.0769553,-0.19220483,-0.2457541,0.101906925,0.058276493
37,-1.8497556,0.59932506,-1.3363147,-0.2277522,0.3986739,-0.34044355,-1.2015054,-2.7442856,1.6308919,-2.0637362,1.7487345,-0.41371107,-0.30687225,0.115236446,0.7584563,-0.5487652,-1.316416,-0.21111661,1.0106821,0.18406889,1.2762219,-1.1556864,-1.2618141,-0.518102,-0.10420345,-0.54489213,-0.6988301,2.1356583,-0.3258704,0.07323137,0.93613565,0.59522986,0.25726187,1.5352106,-0.011959871,0.5829567,-0.4263507,1.8831757,-0.2051712,-0.037832852,-0.48305482,-0.26731378,-0.5781628,-0.4046902,-0.19863132,-0.24167624,-0.56777215,0.05051267,0.13614355,-0.4655738,-0.02637703,0.17280357,0.33628157,0.17933896,-0.05590888,0.20891115,0.00017289352,-0.2541991,0.4384327,0.13156699,-0.12749845,-0.22969545,0.27586555,-0.11492136,0.034283638,-0.20661375,-0.07711552,0.009438537,0.045746256
38,0.09872098,-0.2642281,0.22855681,-0.35732323,-0.21664834,-0.17524076,-0.57380545,-0.227869,-1.047132,-0.7712338,-0.7966018,0.16466792,-0.37644163,-0.90997,0.040966045,0.15001304,-0.041538447,-0.21332514,0.076271415,0.50878257,-0.010582562,0.3990089,0.08962604,-0.622407,0.12918153,-0.046822216,-0.25164056,0.131202,0.018281398,0.029344603,-0.27081805,-0.17757007,0.23122305,0.31815097,-0.05258193,0.014351683,-0.17038316,-0.2051712,2.3398337,0.07711388,-0.21955648,-0.23295066,-0.05120348,-0.06096889,-0.20087324,0.061266735,0.15971687,0.012972394,-0.12288821,0.18511385,-0.026825061,0.014951918,0.07551497,-0.032208696,0.091276154,-0.08090073,0.055731487,-0.12149656,0.04948595,-0.046751924,-0.05346743,0.050559334,-0.054313883,-0.025659695,0.044998705,0.14184567,-0.00082580384,-0.0521864,-0.008305111
39,1.5648022,-0.43105268,0.42359996,0.87911594,0.2851267,0.067068405,0.75164723,1.0429832,-0.23847121,0.16928232,-0.55371845,-0.17554006,-0.25799766,0.16978058,-0.30441755,0.094937555,0.37902462,-0.00345473,-0.21626776,0.35608113,0.10774073,0.14326437,-0.089257605,-0.019395215,0.15090004,0.00050403364,-0.20354918,-0.31407085,0.2606509,0.21893722,-0.076996595,-0.040520545,-0.22049055,-0.3408296,-0.07627529,-0.13455738,-0.12679182,-0.037832852,0.07711388,2.4182436,0.18796647,-0.036497053,0.10009136,0.043281995,0.19246446,0.16632758,-0.066967726,-0.08237888,-0.046602637,0.031545028,-0.22536466,-0.10858889,-0.25510582,0.23320061,0.16261539,0.05439251,-0.15918411,0.103314005,0.08369221,-0.029628545,-0.12871352,-0.22260672,0.010041283,-0.048801985,0.030425837,0.0316973,0.048353568,0.07837216,-0.09574196
40,-0.7037337,-0.6458623,-0.4561713,0.6157407,0.63704365,-0.2160882,-1.157258,-0.4527149,0.38107944,-0.11281444,-0.29581827,-0.34571087,-0.6420374,-0.14634965,0.69950855,0.53103954,-0.22722213,0.1698704,0.46294826,0.30099607,0.33789384,-0.17132701,-0.38385826,-0.44170907,0.25740516,-0.20190668,-0.12625772,0.6605756,-0.34905982,-0.35953993,0.3314559,0.008982701,0.1812731,0.47985107,0.43296835,0.18785256,-0.18192482,-0.48305482,-0.21955648,0.18796647,1.7219913,0.296238,-0.2656769,-0.08301462,-0.05113115,-0.11979292,-0.16229337,-0.27375638,-0.07266205,-0.2535613,-0.12670408,-0.041749973,0.37819213,0.033506103,-0.079103306,0.089626834,-0.03830898,-0.1992375,0.07742398,-0.06297116,0.115086734,-0.06416233,-0.02597753,0.12767749,0.06735104,-0.09873098,0.04709385,0.016465932,-0.0063316105
41,0.08629227,-1.8343749,1.328744,0.91345596,0.70580447,1.2078848,0.5882306,1.5429742,-0.56996596,0.35126716,-0.3475995,0.6212396,0.41102076,-0.031675972,-0.09299011,-0.009506404,0.94639677,-0.1096095,-0.102216795,0.40316576,-0.35568708,0.34121054,-0.056255292,-0.29585484,0.101419814,0.14861676,-0.06499047,-0.34322625,0.27671582,-0.106779106,-0.4569009,0.15528971,0.02610195,-0.16219571,-0.21763988,0.06369762,-0.12376549,-0.26731378,-0.23295066,-0.036497053,0.296238,2.3772638,0.1274474,0.043396622,0.101940624,0.103371315,-0.028299607,0.088260055,-0.098022826,0.04641386,-0.07544353,-0.018231161,-0.18410513,0.05319696,0.21301574,-0.04835401,0.07446549,0.16828696,-0.023583872,-0.075601146,-0.11220372,0.0008389836,-0.046390343,-0.115026444,0.19140738,0.18295261,-0.026424928,0.080920026,0.04199648
42,2.1930976,-0.20632696,-1.5769024,1.4661198,0.96540034,0.5093621,-0.26800498,-0.19047663,2.0081313,-0.5633763,0.77013296,-0.7029733,-0.5531826,0.24821779,0.8304267,-0.72393525,-0.96149266,0.69187677,1.2217969,0.16781603,0.76800114,-0.800441,-1.0593588,-0.67473096,0.5689535,-0.5946995,-0.4773273,1.8001225,-0.2754732,0.09653328,1.0865445,0.36767092,0.48795223,1.8135998,-0.07421376,0.30022338,-0.67465156,-0.5781628,-0.05120348,0.10009136,-0.2656769,0.1274474,1.5792984,-0.195746,-0.31456822,-0.19960675,-0.6566547,-0.11037883,-0.17658308,-0.20956492,-0.25103688,-0.2088015,0.13597856,0.0049972273,0.24212843,0.3009283,0.040460944,-0.10530255,0.050692793,-0.16910212,-0.065945536,-0.2164866,0.20089468,0.13539748,-0.4399135,-0.093237266,-0.068577364,0.11788085,0.021931976
43,0.058022395,-0.3242997,-0.53041625,1.0003176,1.0878187,-0.6360378,-0.030917231,0.26105478,0.6705922,-0.05416166,-0.3425082,-0.13572505,-0.4910733,0.09839141,0.5490325,-0.37586078,-0.04838877,0.42007875,0.07285507,0.3127917,0.43513763,-0.26534152,-0.68779933,-0.19967867,0.2661661,-0.35159475,-0.25970328,0.84617895,-0.035360985,-0.15942428,0.3656023,0.41875413,0.14058195,0.41981924,0.07779788,-0.04931687,-0.36882114,-0.4046902,-0.06096889,0.043281995,-0.08301462,0.043396622,-0.195746,2.0321145,-0.05224525,-0.16916385,-0.36795282,-0.1116506,0.02793894,-0.030362897,-0.04699728,-0.19097164,0.031918786,0.09073456,0.24827486,-0.10896761,0.18921572,0.02294495,0.112577125,0.008761663,0.0516536,-0.14544693,0.06645809,0.033434294,0.061603248,-0.02109585,-0.104628935,0.07438882,-0.091156736
44,0.85589266,0.9119745,-1.8716784,0.96534234,0.59817255,0.3266067,-0.43630496,-0.024729148,1.148914,-0.09272176,0.39074308,-0.20771779,0.004669685,0.25181854,0.6888233,-0.40134412,-0.45670506,0.5168337,0.6841168,0.041680325,1.070374,-0.6308112,-0.6173161,-0.40011021,0.24661319,-0.21464619,-0.45083836,1.10125,-0.08198671,-0.20006892,0.4766932,0.2796041,0.16649808,0.92492455,0.12624621,0.16339025,-0.43598264,-0.19863132,-0.20087324,0.19246446,-0.05113115,0.101940624,-0.31456822,-0.05224525,1.5019518,0.10452232,-0.3181181,0.21625346,-0.1777592,0.15816781,-0.06850411,-0.01699247,0.06817203,-0.03444974,0.12005709,0.13349706,0.40914857,-0.3013122,0.12951335,-0.22103313,0.054657787,-0.17093986,0.034616757,-0.059703454,-0.066386156,0.011737596,-0.19578977,0.032391928,-0.106282525
45,1.2241482,-0.120608956,-0.73063093,1.2340493,0.8192116,-0.2529997,-0.012241398,1.2118495,0.48448998,0.74217844,-0.586411,-0.35267413,-0.257205,0.16846704,0.63861996,-0.33420628,0.26000044,0.5826839,0.16132952,0.18960431,0.15862164,-0.077492304,-0.108226486,-0.10529782,0.095626555,-0.09424894,-0.29992807,0.5903078,-0.3846144,0.034718387,0.2674597,0.017844886,-0.0044338293,0.42624414,-0.0038442342,0.07892227,-0.34795222,-0.24167624,0.061266735,0.16632758,-0.11979292,0.103371315,-0.19960675,-0.16916385,0.10452232,1.6920388,-0.31037602,-0.078894794,0.17847157,-0.025793618,-0.16900894,-0.1426296,0.18659307,0.046670757,0.21025558,-0.118627995,0.03424777,0.031630125,0.066125214,0.020356964,0.0043476834,-0.0570219,0.16677284,0.10805142,-0.021547318,-0.0003588209,-0.04662949,0.14850691,0.08050488
46,0.4334854,2.0185626,-2.7552788,0.20111263,-0.5511351,-0.6468863,-1.103179,-2.6017907,2.360507,-1.1025767,1.7044683,-0.8162288,-0.37428683,0.44876665,0.5646394,-0.7513001,-1.6493771,0.6360082,1.2667351,-0.5938375,1.335185,-1.1843514,-1.2287884,-0.529186,0.051307205,-0.5617673,-0.63292885,2.525915,-0.54011154,0.103622206,0.9651216,0.58951473,0.33392635,1.8986669,-0.17870134,0.29462177,-0.80336094,-0.56777215,0.15971687,-0.066967726,-0.16229337,-0.028299607,-0.6566547,-0.36795282,-0.3181181,-0.31037602,1.0492439,0.25152448,0.15681112,-0.34857935,-0.2547974,0.06433311,0.24579942,-0.06136909,0.11591147,0.343933,-0.0042752773,-0.1309986,0.24387346,0.08699692,0.08786955,-0.23544869,0.09165332,0.005853652,-0.3203777,-0.34866145,-0.13878602,0.067026675,0.0764383
47,-1.1799126,1.4858356,-0.7092022,-0.66620845,-0.007681422,-0.03541494,-0.16650885,-0.68317133,0.07969268,-0.13824177,0.14805652,0.04469505,-0.3476351,-0.083122134,-0.13508499,0.23021218,-0.0661981,-0.20322096,-0.15655953,0.39551258,0.024721956,-0.16019338,0.07466526,0.17989254,0.033958945,-0.037778143,0.11392698,-0.20923772,0.13698289,0.31609923,0.18675569,-0.056585073,-0.06036407,-0.27244186,0.07641721,-0.114894636,0.2084449,0.05051267,0.012972394,-0.08237888,-0.27375638,0.088260055,-0.11037883,-0.1116506,0.21625346,-0.078894794,0.25152448,1.6927638,0.04469896,-0.13663307,0.1441555,-0.10063474,0.075338535,0.019169798,-0.14045596,-0.05750697,-0.13559341,-0.039681662,-0.11604972,0.08157161,-0.0014555876,0.076022774,-0.040760346,0.15930882,0.040917754,-0.11221004,0.11955182,-0.061246388,-0.013583049
48,-0.28404564,1.1971666,-1.020916,-0.21404132,0.16891038,-0.20838308,0.097724065,-1.3571113,0.7696301,-1.2431377,0.35607046,-0.24579844,-0.38404438,0.13716927,-0.4555574,0.078200795,-0.56849724,0.0017360523,0.18230417,-0.26358533,0.19614263,-0.47436377,-0.42173237,-0.25423986,0.08327672,-0.25552753,-0.032862723,0.41156852,0.07788598,0.39977494,0.21392345,0.055944763,0.58237886,0.2903275,0.124091394,-0.007953426,-0.11923697,0.13614355,-0.12288821,-0.046602637,-0.07266205,-0.098022826,-0.17658308,0.02793894,-0.1777592,0.17847157,0.15681112,0.04469896,1.4908286,0.042384487,-0.15900618,0.052105896,0.076070786,-0.08745646,-0.117405936,0.1609874,-0.0069305934,-0.015879277,0.11383006,-0.04811767,-0.026370795,0.10228312,0.06542648,0.013829168,-0.09346243,-0.0239581,-0.108858235,-0.09580268,0.09816352
49,0.8018121,-0.5776528,-0.14249492,0.5281552,0.1526584,0.6326958,0.23766753,-0.09141164,0.28017002,-0.2986614,0.22013038,0.08735436,-0.34013677,0.05364345,0.22429994,-0.17351755,-0.10957071,-0.093805015,0.34394613,0.11738898,0.061086126,-0.3535322,-0.46185416,-0.24080887,-0.06530818,-0.19068623,-0.072097555,0.7246709,0.2069493,-0.117726386,0.5517801,0.40525395,-0.020382442,0.49643368,-0.23600464,0.14436707,-0.15865189,-0.4655738,0.18511385,0.031545028,-0.2535613,0.04641386,-0.20956492,-0.030362897,0.15816781,-0.025793618,-0.34857935,-0.13663307,0.042384487,1.2711033,-0.054624856,-0.15428749,0.13947405,-0.055775817,0.1587566,0.19558299,0.0012178901,-0.07708968,0.022756163,-0.036231678,0.0043725497,-0.028594485,0.0825331,-0.019528227,-0.1036682,0.030569728,0.06784876,0.029776527,-0.041686088
50,0.8659385,1.7715867,-1.4543197,0.028756335,-0.55924517,-0.6745348,-0.07144515,-1.4354222,0.85215175,-0.3038491,0.45270413,-0.59871316,-0.18389696,0.5562836,-0.38410246,0.22411577,-0.9285074,0.35791078,0.44530714,-0.25236621,0.50731003,-0.1901724,-0.3402671,-0.56785965,0.018507104,0.14196295,-0.3183052,0.47836614,-0.17579809,0.29525954,0.18319803,-0.039966617,0.24542487,0.68319386,0.044161856,0.0504478,-0.1862396,-0.02637703,-0.026825061,-0.22536466,-0.12670408,-0.07544353,-0.25103688,-0.04699728,-0.06850411,-0.16900894,-0.2547974,0.1441555,-0.15900618,-0.054624856,1.3067437,0.24021578,0.0733182,-0.042454492,0.07087887,0.121656105,-0.24483609,-0.060531713,0.13114244,0.09329907,0.0006422559,0.085526355,0.056638785,0.0055360366,-0.07174045,-0.15582058,-0.013711102,-0.0036408715,0.06595963
