,0,1,2,3,4,5,6,7,8,9,10,11,12,13,14,15,16,17,18,19,20,21,22,23,24,25,26,27,28,29,30,31,32,33,34,35,36,37,38,39,40,41,42,43,44,45,46,47
0,728.86316,-1.4824302,0.5681758,-0.08190322,-0.5750119,-0.13838053,-0.13451865,-0.06936689,-0.25018555,-0.05574206,0.12352985,0.08180958,-0.14380774,0.17399317,0.23841648,-0.20944488,-0.080945194,-0.04296473,0.08595592,-0.15105602,0.034123458,0.029248293,-0.09350994,0.023403227,-0.0015987473,0.023364168,0.082700625,0.057869487,0.034002863,-0.0022458853,0.082417876,-0.083556086,-0.0075662252,0.04033606,-0.032721583,-0.065392025,-0.041662335,-0.055906348,0.015616348,0.018769018,0.0061821016,0.002825553,0.009814566,-0.0027662024,-0.011873178,0.01144582,-7.1176087e-09,-5.3382605e-09
1,-1.4824302,10.30396,-2.1766067,4.033003,-7.2328587,-1.5362122,-2.0857654,-0.16764252,-2.5413365,-1.5165128,1.7823889,0.210628,-0.86036134,-0.08591298,0.7410197,-0.8498356,-0.44291687,0.87287635,-0.622162,0.12845625,-0.2581135,-0.35949335,-0.09698194,-0.5084271,-0.2011755,0.51043475,0.10118094,0.0953636,0.62636775,-0.22490227,0.16644542,-0.29778117,0.015408649,0.19408235,-0.18590444,-0.13812917,0.022547927,-0.0027832165,-0.0051166406,0.12466006,0.026007462,-0.09275733,-0.031497166,0.012750887,-0.08474177,0.02211816,5.949231e-09,1.5904408e-08
2,0.5681758,-2.1766067,12.349303,3.4243908,-1.495877,-2.9309468,-1.122966,1.8110933,-0.3569494,-0.45992702,0.13139756,-0.30388883,0.28660268,-1.1003522,-0.38121825,1.2590806,1.1284848,-0.05293072,-0.1632339,0.60109234,0.2614302,0.46703798,-0.08466496,0.12911342,0.37591034,-0.35941136,-0.7839085,-0.056944862,-0.4272759,0.15567842,-0.6363871,0.7604474,0.054271027,-0.23717047,0.2969638,0.33198196,-0.1172909,0.27040726,-0.11447698,-0.16498207,-0.14787391,-0.024972308,-0.08572334,0.014032669,0.049341317,-0.077812225,5.4123714e-08,8.0263284e-08
3,-0.08190322,4.033003,3.4243908,18.124126,1.6551619,-0.4596212,-0.8203659,-0.8160827,-0.34664458,-1.214643,-0.6652778,1.3154223,-0.4587415,-1.7080939,-1.2797756,-0.7045586,0.008268633,1.1228592,-0.48419768,0.56891406,-0.023463286,-0.22465494,0.69628525,-0.050268807,-0.12722528,0.10559493,-0.14681718,0.23328295,0.1413731,-0.047306523,-0.24806571,0.15856889,0.4994729,0.00074117165,-0.22925681,-0.16004163,0.35780534,0.074468195,-0.021657038,0.23547962,0.046376802,-0.12227823,-0.0088873375,0.04765392,9.500739e-05,-0.030475259,2.4682972e-08,-6.872001e-08
4,-0.5750119,-7.2328587,-1.495877,1.6551619,14.886186,-2.4193883,-0.2747718,-0.8187299,1.6692183,1.4025054,-0.5723202,1.3653531,0.42511946,-0.30606252,0.18361437,-0.72446966,-0.13471839,-0.4150511,0.1338881,-0.26389027,0.52057314,0.408307,0.12430428,0.20771563,0.28426796,-0.19903639,0.13973108,-0.03183959,-0.07584145,-0.057896562,0.052413523,-0.1546284,-0.079499565,-0.007478124,0.007842274,0.055378184,0.024736442,-0.10625082,0.024948271,-0.014759264,0.05757281,0.013746731,0.020761106,0.022979498,-0.03227898,0.0045638243,-4.9198277e-09,1.1381563e-08
5,-0.13838053,-1.5362122,-2.9309468,-0.4596212,-2.4193883,8.1574955,1.7431538,0.4077595,0.72056973,1.3063023,-0.6764998,1.352477,0.40255386,-0.33146587,-0.91691387,0.16539827,0.70898926,0.09126797,0.51025975,-0.28597263,-0.3644774,0.09744552,0.4063541,0.11281507,-0.079860836,0.14706993,-0.0016955988,0.16877744,-0.16614018,-0.2347385,0.26319486,0.06306471,0.1178301,0.03663577,0.008849459,-0.018184524,-0.0067268456,-0.14176114,-0.0944487,0.11053309,0.028264672,0.002577989,0.10902489,-0.06734609,0.023298763,-0.04185757,-2.7021876e-08,-6.522564e-08
6,-0.13451865,-2.0857654,-1.122966,-0.8203659,-0.2747718,1.7431538,5.8597264,-0.31294346,1.352112,-1.2154908,-1.2585636,0.19182943,-0.008194384,0.0561155,-0.4148951,0.32169676,-0.060326293,-0.24431872,-0.71532196,-0.008533974,0.08159326,0.047959104,0.48575568,0.158842,-0.3010184,0.0043362314,0.30451262,0.030030783,0.26277518,0.030301262,-0.39809698,-0.09176521,-0.35415763,-0.10175687,0.23580171,-0.13243681,0.115338326,0.030787496,0.09890126,-0.17565104,-0.02863978,-0.062143728,0.026858926,-0.0069672903,0.07456225,-0.032522492,-1.2780695e-08,-5.0332478e-08
7,-0.06936689,-0.16764252,1.8110933,-0.8160827,-0.8187299,0.4077595,-0.31294346,4.6704626,0.022982832,-0.5635519,1.4117237,0.7389754,0.93924576,0.12745383,0.30729502,-0.5110672,-0.34716067,-0.2666189,0.055934086,0.02077999,0.5898392,0.3067167,0.29370704,-0.24580942,-0.039352007,-0.052485712,-0.022442445,0.3228437,-0.2740015,0.1678046,-0.17290843,0.24210654,0.19495597,0.24445707,0.2014491,-0.14023955,-0.16974686,-0.0987111,-0.038502835,-0.082241476,-0.018662687,0.0043289904,0.10852788,-0.010516698,0.08071686,-0.0020150552,-7.467555e-08,-7.359447e-08
8,-0.25018555,-2.5413365,-0.3569494,-0.34664458,1.6692183,0.72056973,1.352112,0.022982832,6.2946324,-0.04412131,0.95687664,-1.1359345,-0.18787193,-0.12076225,-0.2674983,0.117774874,0.116252415,0.022436893,-0.64195955,-0.33252245,-0.38027334,0.003089313,-0.13886511,-0.2871652,-0.11026269,0.0834979,-0.016122274,-0.096999854,0.0628045,0.10150735,-0.036384046,0.1373075,0.26107675,0.063265905,0.0146388635,-0.03622546,-0.062451754,0.08914577,-0.07305005,0.1708424,-0.059550557,0.031694464,0.007882395,0.0060333293,0.04536946,-0.009486842,1.3392729e-08,-2.2447994e-08
9,-0.05574206,-1.5165128,-0.45992702,-1.214643,1.4025054,1.3063023,-1.2154908,-0.5635519,-0.04412131,3.87893,0.29406118,-0.12996355,-0.3332113,-0.26974678,-0.3053754,0.2178298,-0.40394822,0.3181953,0.54056317,0.7147633,-0.006893904,-0.08349353,-0.046840142,-0.48447734,-0.09387475,-0.00032494514,-0.08634724,-0.16074333,-0.2070818,-0.20451358,0.091673285,-0.061715767,-0.0676729,-0.006893019,0.088332,0.11388517,0.040017262,0.10184441,-0.02664168,-0.029491754,-0.032328896,-0.044056702,0.13424143,-0.02560547,0.00037147218,-0.070544206,-4.2667374e-08,4.5289283e-09
10,0.12352985,1.7823889,0.13139756,-0.6652778,-0.5723202,-0.6764998,-1.2585636,1.4117237,0.95687664,0.29406118,3.9916368,0.40409088,-0.5123575,-0.31105614,0.078403875,0.07504262,-0.00604049,0.1986298,0.27593052,-0.15391631,-0.10390538,0.51505196,-0.11447951,0.09041719,-0.008924177,0.22690675,0.18463597,0.045698904,0.14773835,0.029768558,-0.04186078,-0.14049041,0.010390585,0.115856886,0.09422402,0.06171325,0.12219475,0.07222654,0.09941148,0.05447422,-0.009465957,-0.07072106,-0.010300731,-0.023504615,0.02729325,0.0022318873,-4.3404377e-08,-1.6086206e-09
11,0.08180958,0.210628,-0.30388883,1.3154223,1.3653531,1.352477,0.19182943,0.7389754,-1.1359345,-0.12996355,0.40409088,2.1389005,0.10556856,-0.3167077,0.17692974,-0.12827076,0.3310426,-0.12991983,-0.030974401,-0.48144594,0.11360645,0.16237426,0.25660217,-0.121248215,-0.092730045,0.16034117,-0.114132494,0.27672294,0.03303595,-0.12637939,-0.049796656,-0.1914036,-0.03597156,-0.051861074,0.08485051,0.17154102,-0.00990483,-0.045554545,-0.027224343,-0.0343924,0.023834974,-0.028411552,-0.0023263176,-0.0045986352,-0.036520205,0.014355501,1.23701085e-08,8.119061e-09
12,-0.14380774,-0.86036134,0.28660268,-0.4587415,0.42511946,0.40255386,-0.008194384,0.93924576,-0.18787193,-0.3332113,-0.5123575,0.10556856,1.63771,-0.25932878,0.24171211,-0.3557611,-0.055646107,-0.3773088,0.18640897,0.3487916,-0.12617579,0.20785074,-0.22834702,0.20783058,-0.32963613,-0.031007288,0.074775696,0.16948599,-0.03876925,0.014492661,-0.055576503,0.10151264,-0.040293913,-0.028426863,-0.085743725,-0.02697034,-0.16582546,-0.007462331,-0.14599413,0.08479674,0.064006075,0.0065831724,0.011053798,0.073768966,0.04992711,-0.0176312,-2.0585192e-10,-5.0057317e-08
13,0.17399317,-0.08591298,-1.1003522,-1.7080939,-0.30606252,-0.33146587,0.0561155,0.12745383,-0.12076225,-0.26974678,-0.31105614,-0.3167077,-0.25932878,2.2727704,-0.21756402,-0.8184202,0.047123574,-0.36649436,0.12188413,-0.16414069,0.100633785,0.045825224,-0.16761783,-0.10148236,0.097820394,-0.056075804,-0.19749862,0.04596562,-0.0023422844,-0.013863364,-0.10262077,-0.076596335,0.17632417,-0.17065746,-0.006674013,-0.09388347,0.13592634,-0.008195208,0.047683865,0.003476061,-0.04925689,-0.072103426,0.042088296,-0.052082963,-0.028563082,-0.026663084,-1.4205241e-08,-1.8913968e-09
14,0.23841648,0.7410197,-0.38121825,-1.2797756,0.18361437,-0.91691387,-0.4148951,0.30729502,-0.2674983,-0.3053754,0.078403875,0.17692974,0.24171211,-0.21756402,2.1022623,0.20259261,0.2812896,-0.26258254,-0.26295388,0.06553635,-0.16548452,-0.08333655,0.3272927,-0.07354618,-0.03165573,-0.1279741,0.039268978,-0.08387691,0.05040264,-0.12525441,0.06770462,-0.15747789,0.0845842,0.018146552,0.049580768,-0.08477348,-0.020841243,0.08418934,-0.11155196,0.04495391,0.048984814,0.051944725,0.03245703,-0.012279142,-0.020396423,-0.046013907,-4.1486576e-08,1.862606e-08
15,-0.20944488,-0.8498356,1.2590806,-0.7045586,-0.72446966,0.16539827,0.32169676,-0.5110672,0.117774874,0.2178298,0.07504262,-0.12827076,-0.3557611,-0.8184202,0.20259261,1.5413207,0.29913652,0.05323882,0.17580394,-0.25623417,0.33484143,-0.060798764,0.050545324,0.059796304,-0.040581495,-0.06399712,-0.11521523,-0.13192514,-0.044306792,0.13302264,-0.072786406,-0.091255054,-0.03682924,-0.037047252,-0.0563245,0.039092403,0.05763971,0.034942925,0.031350717,-0.012162546,0.03445308,0.089113824,0.027972493,0.03539335,0.044861656,-0.021121673,-9.995011e-09,-3.311431e-08
16,-0.080945194,-0.44291687,1.1284848,0.008268633,-0.13471839,0.70898926,-0.060326293,-0.34716067,0.116252415,-0.40394822,-0.00604049,0.3310426,-0.055646107,0.047123574,0.2812896,0.29913652,1.3331578,-0.2178796,-0.20995007,0.10626005,-0.0101126535,0.33211005,-0.10624107,0.1607832,0.21156245,0.17484522,-0.15096956,-0.13876665,-0.039544977,-0.23928209,-0.012407325,0.026634343,0.0845439,-0.097668,-0.019449607,0.01201066,0.041267984,-0.05267159,0.017933749,0.029490817,-0.010205354,0.04444273,-0.003409744,-0.0053093284,-0.013523568,0.015748013,-5.3049583e-09,2.4283125e-08
17,-0.04296473,0.87287635,-0.05293072,1.1228592,-0.4150511,0.09126797,-0.24431872,-0.2666189,0.022436893,0.3181953,0.1986298,-0.12991983,-0.3773088,-0.36649436,-0.26258254,0.05323882,-0.2178796,1.0289452,-0.20961241,-0.13060662,0.024117257,-0.1504552,-0.25168875,0.18900776,0.14475773,-0.16636823,0.045860402,0.026635297,-0.0077504916,-0.13842352,-0.046642654,-0.11830807,0.014697561,0.077443264,0.06779651,-0.05082547,-0.097335055,-0.04301527,-0.031473845,-0.01879526,-0.0033383192,-0.02018379,0.06009373,-0.021919467,-0.00012564364,-0.03919369,-3.8639048e-08,-7.017104e-09
18,0.08595592,-0.622162,-0.1632339,-0.48419768,0.1338881,0.51025975,-0.71532196,0.055934086,-0.64195955,0.54056317,0.27593052,-0.030974401,0.18640897,0.12188413,-0.26295388,0.17580394,-0.20995007,-0.20961241,1.03452,-0.18123338,-0.09476122,0.04950865,0.06758772,0.021091476,0.10780883,-0.16372105,0.12060079,-0.0026681665,0.057699475,0.018221993,-0.114845335,0.1121061,0.019534353,-0.03130295,-0.11541173,0.0073641594,0.09079835,0.021436464,-0.010991696,0.048070155,0.060272522,0.025890702,-0.0071429447,0.005050163,0.02574818,-0.00093460927,-6.546652e-09,-3.3057518e-08
19,-0.15105602,0.12845625,0.60109234,0.56891406,-0.26389027,-0.28597263,-0.008533974,0.02077999,-0.33252245,0.7147633,-0.15391631,-0.48144594,0.3487916,-0.16414069,0.06553635,-0.25623417,0.10626005,-0.13060662,-0.18123338,1.1841452,-0.092078395,0.09371145,-0.02239149,-0.011521943,-0.062346954,0.2116501,0.14236635,-0.07168038,-0.110190004,0.013873871,-0.020134842,0.04094525,-0.05607281,-0.033725068,0.07500458,-0.05200661,0.06452792,-0.012679024,0.031852424,0.034792796,-0.021482423,0.019883571,0.048014723,0.0034426432,0.0069756946,-0.025505483,-3.0049016e-08,1.5080526e-09
20,0.034123458,-0.2581135,0.2614302,-0.023463286,0.52057314,-0.3644774,0.08159326,0.5898392,-0.38027334,-0.006893904,-0.10390538,0.11360645,-0.12617579,0.100633785,-0.16548452,0.33484143,-0.0101126535,0.024117257,-0.09476122,-0.092078395,0.8315958,0.06728189,-0.035990734,-0.111974895,0.06214562,0.10549316,-0.13430728,0.005848131,0.024274858,0.07373321,0.055742357,-0.035918146,-0.011955317,0.043487925,-0.07341838,-0.1092323,0.00968804,-0.06862524,0.02190205,-0.085746676,-0.027852826,0.003762079,0.07845175,0.04001504,0.055536352,-0.02614883,-2.4201512e-08,-6.8284166e-08
21,0.029248293,-0.35949335,0.46703798,-0.22465494,0.408307,0.09744552,0.047959104,0.3067167,0.003089313,-0.08349353,0.51505196,0.16237426,0.20785074,0.045825224,-0.08333655,-0.060798764,0.33211005,-0.1504552,0.04950865,0.09371145,0.06728189,0.38081613,-0.061912805,0.19375148,-0.07583794,0.03463967,-0.0340969,-0.05747366,0.0556323,-0.06633972,-0.014189098,0.06839798,-0.048716947,0.026557032,-0.034085225,-0.011220382,0.015935924,-0.009981366,0.045034856,-0.008049335,-0.013163187,-0.04085713,0.00079487544,-0.0015776868,-0.0071727405,-0.025937615,3.4357361e-09,8.407055e-09
22,-0.09350994,-0.09698194,-0.08466496,0.69628525,0.12430428,0.4063541,0.48575568,0.29370704,-0.13886511,-0.046840142,-0.11447951,0.25660217,-0.22834702,-0.16761783,0.3272927,0.050545324,-0.10624107,-0.25168875,0.06758772,-0.02239149,-0.035990734,-0.061912805,0.63232166,-0.092204824,0.0826558,-0.0066695646,0.06568253,-0.05281759,-0.01404392,0.08716056,0.030894544,0.072917044,0.02114716,0.03380356,-0.00012211627,-0.034659516,0.022004724,0.07926899,0.0604683,-0.019004026,0.0038665384,-0.025920475,0.007795087,-0.055298172,-0.0129000805,-0.0069105355,2.7443647e-09,1.1930869e-08
23,0.023403227,-0.5084271,0.12911342,-0.050268807,0.20771563,0.11281507,0.158842,-0.24580942,-0.2871652,-0.48447734,0.09041719,-0.121248215,0.20783058,-0.10148236,-0.07354618,0.059796304,0.1607832,0.18900776,0.021091476,-0.011521943,-0.111974895,0.19375148,-0.092204824,0.7576059,0.029912546,-0.16099422,0.09621126,0.046167187,-0.06791278,0.07537478,0.10619122,-0.030107208,-0.012187287,-0.023296714,-0.00029712307,-0.028849758,0.017218057,0.03469279,0.029485382,0.010282227,-0.02064098,-0.016900925,0.031768203,-0.013289215,-0.009092004,-0.007435733,-1.46669095e-08,4.7783013e-09
24,-0.0015987473,-0.2011755,0.37591034,-0.12722528,0.28426796,-0.079860836,-0.3010184,-0.039352007,-0.11026269,-0.09387475,-0.008924177,-0.092730045,-0.32963613,0.097820394,-0.03165573,-0.040581495,0.21156245,0.14475773,0.10780883,-0.062346954,0.06214562,-0.07583794,0.0826558,0.029912546,0.7087806,0.0940496,0.08409412,-0.0032795868,0.03567359,0.0111543685,0.013477524,0.073953785,-0.027347296,-0.067939274,0.056885727,-0.03675978,-0.05290538,-0.020831585,-0.0480224,0.021753896,-0.003692646,0.015455382,0.00802624,-0.0449846,0.027714852,0.00844425,-2.272959e-08,-8.842875e-09
25,0.023364168,0.51043475,-0.35941136,0.10559493,-0.19903639,0.14706993,0.0043362314,-0.052485712,0.0834979,-0.00032494514,0.22690675,0.16034117,-0.031007288,-0.056075804,-0.1279741,-0.06399712,0.17484522,-0.16636823,-0.16372105,0.2116501,0.10549316,0.03463967,-0.0066695646,-0.16099422,0.0940496,0.38972202,0.06335811,0.024428843,0.039452612,0.055015113,0.06290629,-0.059902392,-0.035264064,-0.06537671,-0.06202376,0.03398082,-0.043704953,-0.017153574,0.028381232,0.020863462,-0.013371371,0.00040320898,-0.0066285795,0.007737999,0.0163051,0.0066597657,1.0786408e-08,-1.4892729e-08
26,0.082700625,0.10118094,-0.7839085,-0.14681718,0.13973108,-0.0016955988,0.30451262,-0.022442445,-0.016122274,-0.08634724,0.18463597,-0.114132494,0.074775696,-0.19749862,0.039268978,-0.11521523,-0.15096956,0.045860402,0.12060079,0.14236635,-0.13430728,-0.0340969,0.06568253,0.09621126,0.08409412,0.06335811,0.41743442,0.028443633,0.03540462,-0.036431223,-0.039464988,-0.03000629,0.04159862,-0.009321433,-0.031075032,-0.011177784,-0.011295464,-0.007693533,0.030145079,-0.05942229,-0.016313974,0.049921334,-0.017917328,0.005563491,0.023867125,-0.0011867045,-1.3613319e-08,-1.8178053e-08
27,0.057869487,0.0953636,-0.056944862,0.23328295,-0.03183959,0.16877744,0.030030783,0.3228437,-0.096999854,-0.16074333,0.045698904,0.27672294,0.16948599,0.04596562,-0.08387691,-0.13192514,-0.13876665,0.026635297,-0.0026681665,-0.07168038,0.005848131,-0.05747366,-0.05281759,0.046167187,-0.0032795868,0.024428843,0.028443633,0.19783667,0.0156179555,0.07906151,-0.0011315276,-0.03977836,0.024735898,-0.052309066,0.043728955,0.049168337,0.005301676,0.0090704225,-0.060971256,0.0034805068,-0.030786803,0.023357667,0.028592994,0.016004078,0.0012511445,0.0031553938,-2.2508284e-09,-1.8511303e-08
28,0.034002863,0.62636775,-0.4272759,0.1413731,-0.07584145,-0.16614018,0.26277518,-0.2740015,0.0628045,-0.2070818,0.14773835,0.03303595,-0.03876925,-0.0023422844,0.05040264,-0.044306792,-0.039544977,-0.0077504916,0.057699475,-0.110190004,0.024274858,0.0556323,-0.01404392,-0.06791278,0.03567359,0.039452612,0.03540462,0.0156179555,0.34878036,-0.052168243,-0.021812014,0.055676162,-0.11265472,0.016895322,-0.050525684,-0.012571844,0.041403815,0.016001081,-0.057205774,0.015032319,-0.027482182,0.008754253,0.022193465,0.018159278,-0.022845648,-0.026449358,1.4182833e-08,-6.844594e-09
29,-0.0022458853,-0.22490227,0.15567842,-0.047306523,-0.057896562,-0.2347385,0.030301262,0.1678046,0.10150735,-0.20451358,0.029768558,-0.12637939,0.014492661,-0.013863364,-0.12525441,0.13302264,-0.23928209,-0.13842352,0.018221993,0.013873871,0.07373321,-0.06633972,0.08716056,0.07537478,0.0111543685,0.055015113,-0.036431223,0.07906151,-0.052168243,0.31854093,0.048426114,-0.0111706,-0.027686592,-0.02064978,0.0052278554,0.027879188,0.010284053,-0.009549767,0.023407843,0.058402445,0.000105921135,0.019988194,0.001186774,-0.013404764,-0.009055624,-0.018663973,1.3224426e-08,-3.6979255e-09
30,0.082417876,0.16644542,-0.6363871,-0.24806571,0.052413523,0.26319486,-0.39809698,-0.17290843,-0.036384046,0.091673285,-0.04186078,-0.049796656,-0.055576503,-0.10262077,0.06770462,-0.072786406,-0.012407325,-0.046642654,-0.114845335,-0.020134842,0.055742357,-0.014189098,0.030894544,0.10619122,0.013477524,0.06290629,-0.039464988,-0.0011315276,-0.021812014,0.048426114,0.3558118,0.020175356,0.0044722767,0.05525224,-0.017849442,-0.0076779556,0.029441703,0.009700487,-0.038525,-0.012574448,-0.035802856,-0.016884841,-0.022071257,0.007335509,0.0061235977,0.006420019,1.0775362e-08,1.1246788e-09
31,-0.083556086,-0.29778117,0.7604474,0.15856889,-0.1546284,0.06306471,-0.09176521,0.24210654,0.1373075,-0.061715767,-0.14049041,-0.1914036,0.10151264,-0.076596335,-0.15747789,-0.091255054,0.026634343,-0.11830807,0.1121061,0.04094525,-0.035918146,0.06839798,0.072917044,-0.030107208,0.073953785,-0.059902392,-0.03000629,-0.03977836,0.055676162,-0.0111706,0.020175356,0.23749402,-0.018058471,0.06248968,-0.008343686,0.0007898037,-0.00889037,0.0077067497,-0.024587099,-0.017437197,-0.032002263,0.010337657,-0.012724869,-0.00090801157,-0.012211507,0.007972673,1.9522854e-08,1.4564433e-08
32,-0.0075662252,0.015408649,0.054271027,0.4994729,-0.079499565,0.1178301,-0.35415763,0.19495597,0.26107675,-0.0676729,0.010390585,-0.03597156,-0.040293913,0.17632417,0.0845842,-0.03682924,0.0845439,0.014697561,0.019534353,-0.05607281,-0.011955317,-0.048716947,0.02114716,-0.012187287,-0.027347296,-0.035264064,0.04159862,0.024735898,-0.11265472,-0.027686592,0.0044722767,-0.018058471,0.22519106,-0.019394133,-0.049133588,-0.0093893735,0.02003933,0.0040306086,0.005263484,-0.019086719,-0.022798788,0.030207394,-0.00043491472,0.0010767231,0.00682844,-0.011389431,-7.568174e-09,-1.1305589e-08
33,0.04033606,0.19408235,-0.23717047,0.00074117165,-0.007478124,0.03663577,-0.10175687,0.24445707,0.063265905,-0.006893019,0.115856886,-0.051861074,-0.028426863,-0.17065746,0.018146552,-0.037047252,-0.097668,0.077443264,-0.03130295,-0.033725068,0.043487925,0.026557032,0.03380356,-0.023296714,-0.067939274,-0.06537671,-0.009321433,-0.052309066,0.016895322,-0.02064978,0.05525224,0.06248968,-0.019394133,0.1379067,0.006194041,-0.042918377,-0.004306538,-0.056652218,0.020121293,-0.00825149,0.0077765607,0.011088679,4.5404595e-05,-0.004000669,-0.017497458,0.008646561,-5.593603e-10,1.0715922e-08
34,-0.032721583,-0.18590444,0.2969638,-0.22925681,0.007842274,0.008849459,0.23580171,0.2014491,0.0146388635,0.088332,0.09422402,0.08485051,-0.085743725,-0.006674013,0.049580768,-0.0563245,-0.019449607,0.06779651,-0.11541173,0.07500458,-0.07341838,-0.034085225,-0.00012211627,-0.00029712307,0.056885727,-0.06202376,-0.031075032,0.043728955,-0.050525684,0.0052278554,-0.017849442,-0.008343686,-0.049133588,0.006194041,0.1774388,0.0145233935,0.057396024,-0.020791944,-0.03343487,-0.0069495,-0.0028295745,0.0016530433,-0.00868224,-0.01301836,0.0033730897,0.0107856,-1.577698e-08,1.3024524e-08
35,-0.065392025,-0.13812917,0.33198196,-0.16004163,0.055378184,-0.018184524,-0.13243681,-0.14023955,-0.03622546,0.11388517,0.06171325,0.17154102,-0.02697034,-0.09388347,-0.08477348,0.039092403,0.01201066,-0.05082547,0.0073641594,-0.05200661,-0.1092323,-0.011220382,-0.034659516,-0.028849758,-0.03675978,0.03398082,-0.011177784,0.049168337,-0.012571844,0.027879188,-0.0076779556,0.0007898037,-0.0093893735,-0.042918377,0.0145233935,0.124356695,-0.023357712,0.017897952,-0.0027893023,-0.022865579,-0.029240232,0.01818801,-0.028583368,-0.00084097066,-0.028324658,-0.002255354,2.6480539e-08,2.6252764e-08
36,-0.041662335,0.022547927,-0.1172909,0.35780534,0.024736442,-0.0067268456,0.115338326,-0.16974686,-0.062451754,0.040017262,0.12219475,-0.00990483,-0.16582546,0.13592634,-0.020841243,0.05763971,0.041267984,-0.097335055,0.09079835,0.06452792,0.00968804,0.015935924,0.022004724,0.017218057,-0.05290538,-0.043704953,-0.011295464,0.005301676,0.041403815,0.010284053,0.029441703,-0.00889037,0.02003933,-0.004306538,0.057396024,-0.023357712,0.2005797,-0.010218814,-0.0077415123,0.004457296,-0.009236697,0.019152341,-0.008464292,0.013972485,0.0089056585,0.004052245,-1.1353367e-08,-9.751046e-09
37,-0.055906348,-0.0027832165,0.27040726,0.074468195,-0.10625082,-0.14176114,0.030787496,-0.0987111,0.08914577,0.10184441,0.07222654,-0.045554545,-0.007462331,-0.008195208,0.08418934,0.034942925,-0.05267159,-0.04301527,0.021436464,-0.012679024,-0.06862524,-0.009981366,0.07926899,0.03469279,-0.020831585,-0.017153574,-0.007693533,0.0090704225,0.016001081,-0.009549767,0.009700487,0.0077067497,0.0040306086,-0.056652218,-0.020791944,0.017897952,-0.010218814,0.13454571,-0.013633035,-0.013203016,-0.02363291,-0.04186407,0.02752497,0.004201035,0.010273708,0.01504327,9.67454e-10,-3.0689327e-09
38,0.015616348,-0.0051166406,-0.11447698,-0.021657038,0.024948271,-0.0944487,0.09890126,-0.038502835,-0.07305005,-0.02664168,0.09941148,-0.027224343,-0.14599413,0.047683865,-0.11155196,0.031350717,0.017933749,-0.031473845,-0.010991696,0.031852424,0.02190205,0.045034856,0.0604683,0.029485382,-0.0480224,0.028381232,0.030145079,-0.060971256,-0.057205774,0.023407843,-0.038525,-0.024587099,0.005263484,0.020121293,-0.03343487,-0.0027893023,-0.0077415123,-0.013633035,0.10166307,-0.014981611,0.00482026,-0.0038990758,0.0030286256,-0.01756689,-0.019789468,0.0148046445,3.101201e-09,1.4925236e-08
39,0.018769018,0.12466006,-0.16498207,0.23547962,-0.014759264,0.11053309,-0.17565104,-0.082241476,0.1708424,-0.029491754,0.05447422,-0.0343924,0.08479674,0.003476061,0.04495391,-0.012162546,0.029490817,-0.01879526,0.048070155,0.034792796,-0.085746676,-0.008049335,-0.019004026,0.010282227,0.021753896,0.020863462,-0.05942229,0.0034805068,0.015032319,0.058402445,-0.012574448,-0.017437197,-0.019086719,-0.00825149,-0.0069495,-0.022865579,0.004457296,-0.013203016,-0.014981611,0.10300414,0.041958034,0.0006456918,0.015063858,-0.0071428195,-0.0086473,0.0032535894,-4.290722e-09,-1.9420034e-09
40,0.0061821016,0.026007462,-0.14787391,0.046376802,0.05757281,0.028264672,-0.02863978,-0.018662687,-0.059550557,-0.032328896,-0.009465957,0.023834974,0.064006075,-0.04925689,0.048984814,0.03445308,-0.010205354,-0.0033383192,0.060272522,-0.021482423,-0.027852826,-0.013163187,0.0038665384,-0.02064098,-0.003692646,-0.013371371,-0.016313974,-0.030786803,-0.027482182,0.000105921135,-0.035802856,-0.032002263,-0.022798788,0.0077765607,-0.0028295745,-0.029240232,-0.009236697,-0.02363291,0.00482026,0.041958034,0.05614005,-0.013693454,-0.018557508,-0.0028483542,0.014929885,0.0073693637,-6.544956e-09,-5.6718577e-09
41,0.002825553,-0.09275733,-0.024972308,-0.12227823,0.013746731,0.002577989,-0.062143728,0.0043289904,0.031694464,-0.044056702,-0.07072106,-0.028411552,0.0065831724,-0.072103426,0.051944725,0.089113824,0.04444273,-0.02018379,0.025890702,0.019883571,0.003762079,-0.04085713,-0.025920475,-0.016900925,0.015455382,0.00040320898,0.049921334,0.023357667,0.008754253,0.019988194,-0.016884841,0.010337657,0.030207394,0.011088679,0.0016530433,0.01818801,0.019152341,-0.04186407,-0.0038990758,0.0006456918,-0.013693454,0.06947668,0.013169628,0.009194488,-0.017263612,0.006670319,-3.3539505e-10,1.4249457e-09
42,0.009814566,-0.031497166,-0.08572334,-0.0088873375,0.020761106,0.10902489,0.026858926,0.10852788,0.007882395,0.13424143,-0.010300731,-0.0023263176,0.011053798,0.042088296,0.03245703,0.027972493,-0.003409744,0.06009373,-0.0071429447,0.048014723,0.07845175,0.00079487544,0.007795087,0.031768203,0.00802624,-0.0066285795,-0.017917328,0.028592994,0.022193465,0.001186774,-0.022071257,-0.012724869,-0.00043491472,4.5404595e-05,-0.00868224,-0.028583368,-0.008464292,0.02752497,0.0030286256,0.015063858,-0.018557508,0.013169628,0.08712908,0.0005353099,-0.0145807415,0.012367662,-1.6700906e-08,-1.0034317e-08
43,-0.0027662024,0.012750887,0.014032669,0.04765392,0.022979498,-0.06734609,-0.0069672903,-0.010516698,0.0060333293,-0.02560547,-0.023504615,-0.0045986352,0.073768966,-0.052082963,-0.012279142,0.03539335,-0.0053093284,-0.021919467,0.005050163,0.0034426432,0.04001504,-0.0015776868,-0.055298172,-0.013289215,-0.0449846,0.007737999,0.005563491,0.016004078,0.018159278,-0.013404764,0.007335509,-0.00090801157,0.0010767231,-0.004000669,-0.01301836,-0.00084097066,0.013972485,0.004201035,-0.01756689,-0.0071428195,-0.0028483542,0.009194488,0.0005353099,0.023163928,0.012536273,0.01091707,-2.7463423e-10,-1.1511904e-08
44,-0.011873178,-0.08474177,0.049341317,9.500739e-05,-0.03227898,0.023298763,0.07456225,0.08071686,0.04536946,0.00037147218,0.02729325,-0.036520205,0.04992711,-0.028563082,-0.020396423,0.044861656,-0.013523568,-0.00012564364,0.02574818,0.0069756946,0.055536352,-0.0071727405,-0.0129000805,-0.009092004,0.027714852,0.0163051,0.023867125,0.0012511445,-0.022845648,-0.009055624,0.0061235977,-0.012211507,0.00682844,-0.017497458,0.0033730897,-0.028324658,0.0089056585,0.010273708,-0.019789468,-0.0086473,0.014929885,-0.017263612,-0.0145807415,0.012536273,0.04317665,0.001888848,-1.0593913e-08,-2.3386194e-08
45,0.01144582,0.02211816,-0.077812225,-0.030475259,0.0045638243,-0.04185757,-0.032522492,-0.0020150552,-0.009486842,-0.070544206,0.0022318873,0.014355501,-0.0176312,-0.026663084,-0.046013907,-0.021121673,0.015748013,-0.03919369,-0.00093460927,-0.025505483,-0.02614883,-0.025937615,-0.0069105355,-0.007435733,0.00844425,0.0066597657,-0.0011867045,0.0031553938,-0.026449358,-0.018663973,0.006420019,0.007972673,-0.011389431,0.008646561,0.0107856,-0.002255354,0.004052245,0.01504327,0.0148046445,0.0032535894,0.0073693637,0.006670319,0.012367662,0.01091707,0.001888848,0.0631028,-3.9250168e-09,1.1538968e-09
46,-7.1176087e-09,5.949231e-09,5.4123714e-08,2.4682972e-08,-4.9198277e-09,-2.7021876e-08,-1.2780695e-08,-7.467555e-08,1.3392729e-08,-4.2667374e-08,-4.3404377e-08,1.23701085e-08,-2.0585192e-10,-1.4205241e-08,-4.1486576e-08,-9.995011e-09,-5.3049583e-09,-3.8639048e-08,-6.546652e-09,-3.0049016e-08,-2.4201512e-08,3.4357361e-09,2.7443647e-09,-1.46669095e-08,-2.272959e-08,1.0786408e-08,-1.3613319e-08,-2.2508284e-09,1.4182833e-08,1.3224426e-08,1.0775362e-08,1.9522854e-08,-7.568174e-09,-5.593603e-10,-1.577698e-08,2.6480539e-08,-1.1353367e-08,9.67454e-10,3.101201e-09,-4.290722e-09,-6.544956e-09,-3.3539505e-10,-1.6700906e-08,-2.7463423e-10,-1.0593913e-08,-3.9250168e-09,1.3565263e-14,9.071317e-15
47,-5.3382605e-09,1.5904408e-08,8.0263284e-08,-6.872001e-08,1.1381563e-08,-6.522564e-08,-5.0332478e-08,-7.359447e-08,-2.2447994e-08,4.5289283e-09,-1.6086206e-09,8.119061e-09,-5.0057317e-08,-1.8913968e-09,1.862606e-08,-3.311431e-08,2.4283125e-08,-7.017104e-09,-3.3057518e-08,1.5080526e-09,-6.8284166e-08,8.407055e-09,1.1930869e-08,4.7783013e-09,-8.842875e-09,-1.4892729e-08,-1.8178053e-08,-1.8511303e-08,-6.844594e-09,-3.6979255e-09,1.1246788e-09,1.4564433e-08,-1.1305589e-08,1.0715922e-08,1.3024524e-08,2.6252764e-08,-9.751046e-09,-3.0689327e-09,1.4925236e-08,-1.9420034e-09,-5.6718577e-09,1.4249457e-09,-1.0034317e-08,-1.1511904e-08,-2.3386194e-08,1.1538968e-09,9.071317e-15,2.1100243e-14
