,0,1,2,3,4,5,6,7,8,9,10,11,12,13,14,15,16,17,18,19,20,21,22,23,24,25,26,27,28,29,30,31,32,33,34,35,36,37,38,39,40,41,42,43,44,45,46,47
0,0.7224831,4.587348,-2.607151,-0.75281525,0.90620553,0.103581026,-0.2494348,0.43354973,-0.045067742,-0.30914128,-0.014443859,-0.13414994,0.37885356,-0.07914843,-0.31786302,0.27262455,0.11533819,0.15635765,-0.14978795,0.15191016,0.0072766296,-0.064911336,0.120822355,0.045896932,0.061447382,-0.0366565,-0.13368346,-0.09560643,-0.034264915,0.006463089,-0.10252308,0.097988695,0.038594577,-0.03937751,0.013735268,0.09002136,0.053202502,0.061598867,-0.018829707,-0.025111355,0.0073135747,0.004698269,-0.0060568447,0.00059125765,0.009852232,-0.013228021,9.7667305e-09,2.2220814e-08
1,4.587348,74.30576,2.4121985,-4.4367275,8.4828205,1.5995667,2.2615051,-0.076929,3.059085,1.7188072,-2.0425143,-0.20574935,1.1285564,0.17513539,-0.92019594,0.92667425,0.6043717,-1.0719717,0.7493452,-0.2032381,0.18745318,0.4087531,0.10021624,0.58480835,0.168588,-0.5717401,-0.16355743,-0.112446174,-0.70164704,0.27148998,-0.15680614,0.37776238,-0.050737873,-0.20916718,0.24606997,0.1779832,-0.04808163,0.013620324,0.029792909,-0.21228348,0.026034165,0.16150202,0.08737256,-0.06317516,0.16205353,-0.04850787,2.282826e-07,8.8041546e-08
2,-2.607151,2.4121985,33.002415,-3.7930067,1.7095952,3.276877,1.16307,-2.3679886,0.45539188,0.4725093,-0.12214169,0.3945675,-0.24144596,1.3675215,0.40449864,-1.5465429,-1.2572486,0.031406805,0.20594549,-0.757167,-0.41075867,-0.57002753,0.09202425,-0.15838595,-0.5023571,0.45427102,0.88531935,0.07512388,0.52992207,-0.17618898,0.78408694,-0.87753177,-0.08819941,0.3014511,-0.32734954,-0.37408644,0.12961668,-0.3110413,0.15462145,0.13945818,0.22207439,0.076792374,0.14705849,-0.06292688,-0.00799787,0.07858017,4.137435e-08,-2.603973e-07
3,-0.75281525,-4.4367275,-3.7930067,10.378542,-1.8545222,0.88919,1.2961867,1.4412507,0.34667066,1.5569701,0.73125815,-1.6337235,0.36162955,1.89146,1.6078109,0.92996204,-0.15152436,-1.2483518,0.5387595,-0.58694845,0.21894908,0.30021054,-0.80992126,0.07368082,0.26062992,-0.18657094,0.2565801,-0.29141152,-0.21113992,0.029877223,0.22912763,-0.22511825,-0.54614204,-0.02700147,0.22628483,0.15288898,-0.40247536,-0.11061837,-0.014899949,-0.1744874,-0.14382972,0.05451271,-0.07966401,0.029027404,-0.096148655,0.061109506,1.2847859e-08,1.277184e-07
4,0.90620553,8.4828205,1.7095952,-1.8545222,5.1835713,2.7813933,0.25765765,0.87855065,-1.954477,-1.6860192,0.69277394,-1.6005021,-0.46281624,0.3888166,-0.23580499,0.8301843,0.19288121,0.48006415,-0.15413061,0.2926855,-0.6574632,-0.49131823,-0.15073213,-0.24686539,-0.3606652,0.24677642,-0.1804983,0.040881425,0.10053178,0.070456,-0.04855469,0.19130886,0.08358974,0.019427963,-3.537527e-05,-0.058644414,-0.032558523,0.12844989,-0.021752086,-0.005917024,-0.04800608,0.0041176965,-0.0053045135,-0.046099648,0.059745062,-0.011456437,2.9017759e-08,-3.85227e-08
5,0.103581026,1.5995667,3.276877,0.88919,2.7813933,5.855242,-2.2815604,-0.78683496,-0.80051184,-1.6363854,0.8478756,-1.5509796,-0.34701908,0.4812891,1.0211726,-0.27583164,-0.73338664,-0.14914036,-0.586256,0.2753774,0.29362342,-0.14097235,-0.49159083,-0.14068362,0.015332158,-0.13483995,-0.05165395,-0.18935852,0.23067932,0.2874617,-0.26740944,-0.046370298,-0.17238013,-0.014232904,0.02073135,0.04502799,-0.0046894583,0.17883204,0.13792652,-0.2057134,0.0308134,0.0613975,-0.06686029,0.01815093,0.041280277,0.030513445,7.9856676e-08,-6.5854124e-08
6,-0.2494348,2.2615051,1.16307,1.2961867,0.25765765,-2.2815604,8.017508,0.08316763,-1.5569177,1.3557267,1.524574,-0.18013573,0.12380044,0.014942598,0.43074578,-0.44641957,0.16369578,0.2454546,0.8635758,-0.045573838,-0.21871191,-0.07990816,-0.5827179,-0.19466127,0.28559387,0.03175565,-0.41062674,-0.025353562,-0.28212994,-0.022615755,0.5100776,0.13297015,0.3899458,0.14180437,-0.250359,0.17915206,-0.14767872,-0.024201464,-0.0921385,0.14105503,0.090682864,0.13112488,0.024791213,-0.04667071,-0.02717093,0.022549544,-1.1475723e-08,3.90423e-08
7,0.43354973,-0.076929,-2.3679886,1.4412507,0.87855065,-0.78683496,0.08316763,7.1574407,0.03566748,0.5601146,-1.6131725,-0.8073435,-0.9510845,-0.040679403,-0.44425866,0.5147972,0.53706264,0.25081939,-0.03942483,-0.09854843,-0.86450243,-0.39417404,-0.35993034,0.27883387,-0.05121132,0.115064904,-0.043240603,-0.3686051,0.3646152,-0.17830513,0.26084936,-0.25320095,-0.26992023,-0.26292562,-0.20005187,0.195629,0.18262601,0.13526338,0.080265045,0.005609641,0.10098982,0.07463757,-0.04913082,-0.061715595,-0.009721449,-0.0210553,6.769523e-08,2.5761612e-08
8,-0.045067742,3.059085,0.45539188,0.34667066,-1.954477,-0.80051184,-1.5569177,0.03566748,3.0194643,0.073997915,-1.135053,1.3312166,0.19709161,0.12250759,0.33102715,-0.12355793,-0.1569554,-0.017204478,0.7542214,0.4080577,0.4783324,0.0006047954,0.16524816,0.34082192,0.14539006,-0.1060943,0.03200881,0.11189048,-0.07933286,-0.12269994,0.03525604,-0.16871955,-0.30203864,-0.08056762,-0.025018727,0.036313847,0.07564245,-0.10748388,0.080723986,-0.1867006,0.058005944,-0.049784586,-0.021126565,0.0065613165,-0.06600508,0.013662929,2.7246767e-08,7.411168e-08
9,-0.30914128,1.7188072,0.4725093,1.5569701,-1.6860192,-1.6363854,1.3557267,0.5601146,0.073997915,4.2092013,-0.32692635,0.16900899,0.44137955,0.35111558,0.33923078,-0.2887289,0.5173664,-0.3884747,-0.6342145,-0.8672153,-0.042130303,0.088336125,0.050616153,0.5706443,0.08147474,0.014085605,0.08381925,0.19353867,0.25820208,0.24395612,-0.092250936,0.08318882,0.06756289,0.020636365,-0.093490265,-0.12671173,-0.05157879,-0.11691354,0.04068478,0.007063801,0.06214835,0.07625634,-0.13579732,0.007885881,0.025431756,0.075932875,5.2889746e-08,-2.9286735e-08
10,-0.014443859,-2.0425143,-0.12214169,0.73125815,0.69277394,0.8478756,1.524574,-1.6131725,-1.135053,-0.32692635,2.5238695,-0.48646837,0.5817235,0.3482166,-0.07614714,-0.07633648,-0.016563974,-0.22810656,-0.32973066,0.19557068,0.15014252,-0.60126567,0.13541429,-0.10921687,0.025422765,-0.27628148,-0.20647293,-0.059401687,-0.17736988,-0.038559616,0.04203163,0.16100799,-0.0073094405,-0.14433888,-0.11796257,-0.08003092,-0.14611411,-0.08732568,-0.12239285,-0.049849376,-0.0006405363,0.06967603,-0.0010481377,0.041763257,-0.044376075,-0.0015574838,2.9807956e-09,-2.3552102e-09
11,-0.13414994,-0.20574935,0.3945675,-1.6337235,-1.6005021,-1.5509796,-0.18013573,-0.8073435,1.3312166,0.16900899,-0.48646837,3.8298507,-0.14901957,0.35697067,-0.19514155,0.16497147,-0.41200352,0.16441584,0.03212244,0.58044803,-0.10798748,-0.18605703,-0.30136657,0.14471626,0.12521368,-0.19805387,0.14572117,-0.32926303,-0.045187175,0.14550456,0.049597014,0.22136787,0.048735105,0.057701387,-0.1060352,-0.20739211,0.014551256,0.050572366,0.02637411,0.055133037,-0.040742055,0.020523395,-0.010247403,0.016810015,0.029296722,-0.013157926,1.2152238e-08,-3.059285e-08
12,0.37885356,1.1285564,-0.24144596,0.36162955,-0.46281624,-0.34701908,0.12380044,-0.9510845,0.19709161,0.44137955,0.5817235,-0.14901957,3.6706927,0.26101056,-0.25502026,0.46052086,0.013168989,0.4679629,-0.22936732,-0.38093567,0.21896434,-0.23338401,0.2757282,-0.24107671,0.42990053,0.01578613,-0.060273997,-0.20550284,0.02803241,-0.022559846,0.04323452,-0.13438702,0.064168155,0.019543108,0.08535576,0.019701097,0.20255329,0.0026597653,0.15928906,-0.062059842,-0.108342916,-0.040368635,-0.044797145,-0.05554533,-0.094043024,0.030394904,-2.0437678e-08,8.3983785e-08
13,-0.07914843,0.17513539,1.3675215,1.89146,0.3888166,0.4812891,0.014942598,-0.040679403,0.12250759,0.35111558,0.3482166,0.35697067,0.26101056,2.1911318,0.2799909,0.9966929,-0.09391024,0.44819278,-0.14982969,0.21632284,-0.06945859,-0.044170707,0.2023575,0.12249095,-0.08684632,0.05258734,0.25225422,-0.05761808,-0.009986335,0.012673279,0.10519551,0.080513425,-0.19611841,0.19139889,-0.0031100297,0.10288336,-0.15559854,0.0055386666,-0.06613335,0.023066733,0.034821317,0.06166196,-0.07228094,0.08314182,0.008463068,0.03879932,-3.1542133e-09,2.5060953e-10
14,-0.31786302,-0.92019594,0.40449864,1.6078109,-0.23580499,1.0211726,0.43074578,-0.44425866,0.33102715,0.33923078,-0.07614714,-0.19514155,-0.25502026,0.2799909,1.423329,-0.26119727,-0.3075068,0.29784012,0.31541896,-0.093716964,0.16063502,0.09232561,-0.39016742,0.0835869,0.017251551,0.16019413,-0.05977936,0.100012384,-0.049796432,0.15088832,-0.068435796,0.19346333,-0.109418586,-0.015650742,-0.05062088,0.10531305,0.019077562,-0.096293725,0.13939652,-0.07236598,-0.041282296,-0.045493186,-0.023128513,0.00021133001,0.04209294,0.04839503,1.8747839e-08,-1.9278195e-08
15,0.27262455,0.92667425,-1.5465429,0.92996204,0.8301843,-0.27583164,-0.44641957,0.5147972,-0.12355793,-0.2887289,-0.07633648,0.16497147,0.46052086,0.9966929,-0.26119727,1.7487,-0.3168418,-0.07275604,-0.20357731,0.28193477,-0.4400993,0.061425842,-0.06261869,-0.070096985,0.02262023,0.087512404,0.11959328,0.16093236,0.061738715,-0.15455557,0.09929071,0.116627,0.033396147,0.05590904,0.076509304,-0.037847728,-0.06948966,-0.038580496,-0.02909042,-0.00986585,-0.020255977,-0.08350377,-0.012651434,-0.06250228,-0.03130061,0.019996837,-3.5699056e-08,4.6673357e-08
16,0.11533819,0.6043717,-1.2572486,-0.15152436,0.19288121,-0.73338664,0.16369578,0.53706264,-0.1569554,0.5173664,-0.016563974,-0.41200352,0.013168989,-0.09391024,-0.3075068,-0.3168418,1.6321181,0.27507842,0.24142346,-0.09816319,0.06999343,-0.38357067,0.13085008,-0.18488547,-0.21744463,-0.22111171,0.20106544,0.16177809,0.030992724,0.27969936,-0.0032058917,-0.044311646,-0.08490223,0.103597,0.009202778,-0.02350295,-0.041276343,0.05801815,-0.03255874,-0.0033383132,-0.014783911,-0.078053765,-0.020191545,0.03137234,-0.01240853,-0.00990833,-7.251874e-11,3.351729e-08
17,0.15635765,-1.0719717,0.031406805,-1.2483518,0.48006415,-0.14914036,0.2454546,0.25081939,-0.017204478,-0.3884747,-0.22810656,0.16441584,0.4679629,0.44819278,0.29784012,-0.07275604,0.27507842,1.6779,0.25282484,0.14496431,-0.051286552,0.17308834,0.29597104,-0.22533111,-0.18481228,0.2052757,-0.06458812,-0.029411891,0.014365476,0.16828935,0.06370434,0.14381902,-0.022489006,-0.09019984,-0.07507753,0.06439483,0.11213076,0.054575186,0.0425867,0.00970518,0.014903287,0.035225403,-0.059171207,0.016025683,0.012380341,0.04304138,-9.4468415e-09,-1.0125797e-08
18,-0.14978795,0.7493452,0.20594549,0.5387595,-0.15413061,-0.586256,0.8635758,-0.03942483,0.7542214,-0.6342145,-0.32973066,0.03212244,-0.22936732,-0.14982969,0.31541896,-0.20357731,0.24142346,0.25282484,1.2298586,0.21781117,0.12105034,-0.05688689,-0.07905966,-0.023718024,-0.121817335,0.18997237,-0.13846588,0.0026688809,-0.07066398,-0.023342669,0.13213988,-0.13411912,-0.020884637,0.036724214,0.13443287,-0.010182349,-0.10568806,-0.026908394,0.010787978,-0.05175967,-0.075717896,-0.03503608,0.0037598722,-0.0022030678,-0.03550283,0.0027072532,-2.2448474e-09,5.4831496e-08
19,0.15191016,-0.2032381,-0.757167,-0.58694845,0.2926855,0.2753774,-0.045573838,-0.09854843,0.4080577,-0.8672153,0.19557068,0.58044803,-0.38093567,0.21632284,-0.093716964,0.28193477,-0.09816319,0.14496431,0.21781117,0.8804237,0.07442554,-0.11825484,0.02347751,0.0125058545,0.05356444,-0.24085298,-0.180834,0.08723804,0.13893536,-0.014181633,0.034875855,-0.041529264,0.05770363,0.047845036,-0.08113903,0.066993095,-0.07930882,0.01757716,-0.030976482,-0.06014377,0.041736282,-0.0068062013,-0.04095711,-0.019156346,0.009457049,0.025089715,-5.820162e-10,1.5114182e-08
20,0.0072766296,0.18745318,-0.41075867,0.21894908,-0.6574632,0.29362342,-0.21871191,-0.86450243,0.4783324,-0.042130303,0.15014252,-0.10798748,0.21896434,-0.06945859,0.16063502,-0.4400993,0.06999343,-0.051286552,0.12105034,0.07442554,1.0511352,-0.09436523,0.036327638,0.12859228,-0.117055066,-0.103543594,0.12947707,-0.0013944192,-0.009812722,-0.08144523,-0.041712128,0.057821535,-0.0042483904,-0.03545233,0.103807464,0.14191711,-0.018500537,0.08734484,-0.011189796,0.0599842,0.06834403,0.031293273,-0.058446437,-0.080787316,-0.027552372,0.020333502,2.6419132e-08,2.5846145e-08
21,-0.064911336,0.4087531,-0.57002753,0.30021054,-0.49131823,-0.14097235,-0.07990816,-0.39417404,0.0006047954,0.088336125,-0.60126567,-0.18605703,-0.23338401,-0.044170707,0.09232561,0.061425842,-0.38357067,0.17308834,-0.05688689,-0.11825484,-0.09436523,0.9958567,0.071672976,-0.23104724,0.08166387,-0.03815533,0.03454508,0.06763072,-0.061331473,0.078860305,0.021111064,-0.0772114,0.053277314,-0.028670833,0.04404948,0.015381055,-0.02169206,0.012691856,-0.05010999,0.0015483946,0.022288535,0.054143533,0.0044529093,-0.0040901313,0.015452428,0.028128747,-3.5943202e-08,-3.1581644e-09
22,0.120822355,0.10021624,0.09202425,-0.80992126,-0.15073213,-0.49159083,-0.5827179,-0.35993034,0.16524816,0.050616153,0.13541429,-0.30136657,0.2757282,0.2023575,-0.39016742,-0.06261869,0.13085008,0.29597104,-0.07905966,0.02347751,0.036327638,0.071672976,0.69422626,0.10933241,-0.101122916,0.009860326,-0.08029129,0.06358351,0.017410494,-0.10235383,-0.034779165,-0.085002765,-0.026117988,-0.038252868,0.001627712,0.042506695,-0.02568675,-0.09322859,-0.07042251,0.019139651,-0.0018438809,0.03374561,-0.0062139556,0.06213247,0.018054415,0.0078570265,-1.9130056e-08,-1.4781478e-08
23,0.045896932,0.58480835,-0.15838595,0.07368082,-0.24686539,-0.14068362,-0.19466127,0.27883387,0.34082192,0.5706443,-0.10921687,0.14471626,-0.24107671,0.12249095,0.0835869,-0.070096985,-0.18488547,-0.22533111,-0.023718024,0.0125058545,0.12859228,-0.23104724,0.10933241,0.4708183,-0.037929513,0.19296128,-0.11576113,-0.05259698,0.07986457,-0.08735724,-0.12392006,0.035665497,0.014397565,0.02804064,0.00095471984,0.035570517,-0.01907859,-0.040041927,-0.034126192,-0.01423759,0.026198719,0.02288564,-0.03436926,0.013312203,0.01287844,0.009056417,2.5422963e-08,-1.0278454e-08
24,0.061447382,0.168588,-0.5023571,0.26062992,-0.3606652,0.015332158,0.28559387,-0.05121132,0.14539006,0.08147474,0.025422765,0.12521368,0.42990053,-0.08684632,0.017251551,0.02262023,-0.21744463,-0.18481228,-0.121817335,0.05356444,-0.117055066,0.08166387,-0.101122916,-0.037929513,0.33202848,-0.09893662,-0.11677656,0.006977988,-0.031442728,-0.009713147,-0.0021677625,-0.078356,0.021767937,0.08907689,-0.057121947,0.051091656,0.058294214,0.02830081,0.06528029,-0.0494572,0.024615306,0.0019576137,0.009995643,0.0337129,-0.011148499,-0.015892182,-1.247724e-09,2.098956e-08
25,-0.0366565,-0.5717401,0.45427102,-0.18657094,0.24677642,-0.13483995,0.03175565,0.115064904,-0.1060943,0.014085605,-0.27628148,-0.19805387,0.01578613,0.05258734,0.16019413,0.087512404,-0.22111171,0.2052757,0.18997237,-0.24085298,-0.103543594,-0.03815533,0.009860326,0.19296128,-0.09893662,0.52621764,-0.065816924,-0.029736292,-0.052544978,-0.06720861,-0.08148522,0.06629944,0.04689799,0.07450232,0.0683204,-0.043662548,0.05484971,0.017886017,-0.03789976,-0.01314385,0.005849165,-0.009865442,-0.0016120712,7.013093e-05,-0.029996242,-0.004571954,-5.090434e-09,1.0630606e-08
26,-0.13368346,-0.16355743,0.88531935,0.2565801,-0.1804983,-0.05165395,-0.41062674,-0.043240603,0.03200881,0.08381925,-0.20647293,0.14572117,-0.060273997,0.25225422,-0.05977936,0.11959328,0.20106544,-0.06458812,-0.13846588,-0.180834,0.12947707,0.03454508,-0.08029129,-0.11576113,-0.11677656,-0.065816924,0.35515952,-0.03169433,-0.033992875,0.04592832,0.056719013,0.041202143,-0.05631595,0.016078433,0.043090805,0.017903741,0.009957199,0.012137938,-0.029674532,0.054069918,0.033343412,-0.044877417,0.035044353,-0.01928962,-0.012780296,-0.0031522606,-1.1010521e-08,-4.9100883e-09
27,-0.09560643,-0.112446174,0.07512388,-0.29141152,0.040881425,-0.18935852,-0.025353562,-0.3686051,0.11189048,0.19353867,-0.059401687,-0.32926303,-0.20550284,-0.05761808,0.100012384,0.16093236,0.16177809,-0.029411891,0.0026688809,0.08723804,-0.0013944192,0.06763072,0.06358351,-0.05259698,0.006977988,-0.029736292,-0.03169433,0.5361044,-0.0212695,-0.0930748,-0.0005129196,0.045406096,-0.027188841,0.061188202,-0.05304858,-0.058258235,-0.004016469,-0.011054754,0.07087824,-0.0010733226,0.033678174,-0.029319085,-0.03538324,-0.017118905,-0.0043749106,-0.002090332,-1.2917931e-09,1.9420693e-08
28,-0.034264915,-0.70164704,0.52992207,-0.21113992,0.10053178,0.23067932,-0.28212994,0.3646152,-0.07933286,0.25820208,-0.17736988,-0.045187175,0.02803241,-0.009986335,-0.049796432,0.061738715,0.030992724,0.014365476,-0.07066398,0.13893536,-0.009812722,-0.061331473,0.017410494,0.07986457,-0.031442728,-0.052544978,-0.033992875,-0.0212695,0.33808017,0.059671573,0.020082414,-0.06937851,0.13694659,-0.024509382,0.055361815,0.010709018,-0.048899397,-0.020485379,0.064198256,-0.0075758584,0.023930361,-0.01975433,-0.035332777,-0.012231253,0.017971851,0.032849398,1.898232e-08,-2.3730417e-08
29,0.006463089,0.27148998,-0.17618898,0.029877223,0.070456,0.2874617,-0.022615755,-0.17830513,-0.12269994,0.24395612,-0.038559616,0.14550456,-0.022559846,0.012673279,0.15088832,-0.15455557,0.27969936,0.16828935,-0.023342669,-0.014181633,-0.08144523,0.078860305,-0.10235383,-0.08735724,-0.009713147,-0.06720861,0.04592832,-0.0930748,0.059671573,0.27653885,-0.059736975,0.012067551,0.034372024,0.02539155,-0.007518012,-0.0336756,-0.010085063,0.009941503,-0.029408958,-0.06588918,-0.0029807417,-0.026040714,-0.004140893,0.017764997,0.0074229976,0.023437925,-2.3207074e-09,-9.627083e-09
30,-0.10252308,-0.15680614,0.78408694,0.22912763,-0.04855469,-0.26740944,0.5100776,0.26084936,0.03525604,-0.092250936,0.04203163,0.049597014,0.04323452,0.10519551,-0.068435796,0.09929071,-0.0032058917,0.06370434,0.13213988,0.034875855,-0.041712128,0.021111064,-0.034779165,-0.12392006,-0.0021677625,-0.08148522,0.056719013,-0.0005129196,0.020082414,-0.059736975,0.17638758,-0.028785352,0.00042415014,-0.06950723,0.0154212825,0.0046192743,-0.03239289,-0.013823353,0.0406429,0.027964223,0.03114005,0.00874845,0.015113484,0.0021437055,-0.019165777,-0.0044324235,4.164208e-09,4.4629536e-09
31,0.097988695,0.37776238,-0.87753177,-0.22511825,0.19130886,-0.046370298,0.13297015,-0.25320095,-0.16871955,0.08318882,0.16100799,0.22136787,-0.13438702,0.080513425,0.19346333,0.116627,-0.044311646,0.14381902,-0.13411912,-0.041529264,0.057821535,-0.0772114,-0.085002765,0.035665497,-0.078356,0.06629944,0.041202143,0.045406096,-0.06937851,0.012067551,-0.028785352,0.27634853,0.02489417,-0.07762413,0.0065530594,-0.0036404897,0.011302827,-0.010303501,0.026206179,0.029086618,0.03054734,-0.01991625,0.0076984335,0.008098736,0.0065515824,-0.0074418476,1.1500525e-08,-1.3234519e-08
32,0.038594577,-0.050737873,-0.08819941,-0.54614204,0.08358974,-0.17238013,0.3899458,-0.26992023,-0.30203864,0.06756289,-0.0073094405,0.048735105,0.064168155,-0.19611841,-0.109418586,0.033396147,-0.08490223,-0.022489006,-0.020884637,0.05770363,-0.0042483904,0.053277314,-0.026117988,0.014397565,0.021767937,0.04689799,-0.05631595,-0.027188841,0.13694659,0.034372024,0.00042415014,0.02489417,0.21082097,0.02721897,0.06220253,0.014614656,-0.024527948,-0.0033031637,-0.0026946752,0.012519596,0.035450943,-0.026636543,0.009150517,-0.009719877,0.0010266644,0.011347275,-3.7368957e-09,-9.182332e-09
33,-0.03937751,-0.20916718,0.3014511,-0.02700147,0.019427963,-0.014232904,0.14180437,-0.26292562,-0.08056762,0.020636365,-0.14433888,0.057701387,0.019543108,0.19139889,-0.015650742,0.05590904,0.103597,-0.09019984,0.036724214,0.047845036,-0.03545233,-0.028670833,-0.038252868,0.02804064,0.08907689,0.07450232,0.016078433,0.061188202,-0.024509382,0.02539155,-0.06950723,-0.07762413,0.02721897,0.2772086,-0.011017565,0.04845658,0.0063380376,0.06694217,-0.026241124,0.018468188,-0.016497537,-0.020077933,-0.0060769366,0.011854038,0.013147511,-0.007907826,-1.8528176e-08,1.2546138e-08
34,0.013735268,0.24606997,-0.32734954,0.22628483,-3.537527e-05,0.02073135,-0.250359,-0.20005187,-0.025018727,-0.093490265,-0.11796257,-0.1060352,0.08535576,-0.0031100297,-0.05062088,0.076509304,0.009202778,-0.07507753,0.13443287,-0.08113903,0.103807464,0.04404948,0.001627712,0.00095471984,-0.057121947,0.0683204,0.043090805,-0.05304858,0.055361815,-0.007518012,0.0154212825,0.0065530594,0.06220253,-0.011017565,0.16984592,-0.01993253,-0.066347994,0.02309459,0.036195576,0.017648399,-0.0048180264,-0.010357413,0.0021891915,0.022904724,-0.012902307,-0.010238671,9.8939665e-09,6.0797687e-09
35,0.09002136,0.1779832,-0.37408644,0.15288898,-0.058644414,0.04502799,0.17915206,0.195629,0.036313847,-0.12671173,-0.08003092,-0.20739211,0.019701097,0.10288336,0.10531305,-0.037847728,-0.02350295,0.06439483,-0.010182349,0.066993095,0.14191711,0.015381055,0.042506695,0.035570517,0.051091656,-0.043662548,0.017903741,-0.058258235,0.010709018,-0.0336756,0.0046192743,-0.0036404897,0.014614656,0.04845658,-0.01993253,0.21134266,0.029813047,-0.022317715,0.0006691136,0.03416021,0.028284227,-0.027389577,0.028094364,0.006217679,0.026570775,0.0051226923,-1.0122733e-08,-6.017495e-09
36,0.053202502,-0.04808163,0.12961668,-0.40247536,-0.032558523,-0.0046894583,-0.14767872,0.18262601,0.07564245,-0.05157879,-0.14611411,0.014551256,0.20255329,-0.15559854,0.019077562,-0.06948966,-0.041276343,0.11213076,-0.10568806,-0.07930882,-0.018500537,-0.02169206,-0.02568675,-0.01907859,0.058294214,0.05484971,0.009957199,-0.004016469,-0.048899397,-0.010085063,-0.03239289,0.011302827,-0.024527948,0.0063380376,-0.066347994,0.029813047,0.11395066,0.013204413,0.010626389,-0.009091418,0.01411272,-0.018256633,0.014474243,-0.020323036,-0.007007991,-0.0048052287,-6.4023005e-09,3.6946999e-09
37,0.061598867,0.013620324,-0.3110413,-0.11061837,0.12844989,0.17883204,-0.024201464,0.13526338,-0.10748388,-0.11691354,-0.08732568,0.050572366,0.0026597653,0.0055386666,-0.096293725,-0.038580496,0.05801815,0.054575186,-0.026908394,0.01757716,0.08734484,0.012691856,-0.09322859,-0.040041927,0.02830081,0.017886017,0.012137938,-0.011054754,-0.020485379,0.009941503,-0.013823353,-0.010303501,-0.0033031637,0.06694217,0.02309459,-0.022317715,0.013204413,0.139021,0.014577012,0.018990599,0.02496249,0.046600025,-0.035609912,-0.0023211895,-0.0154208345,-0.016810525,1.3731425e-08,1.6428997e-08
38,-0.018829707,0.029792909,0.15462145,-0.014899949,-0.021752086,0.13792652,-0.0921385,0.080265045,0.080723986,0.04068478,-0.12239285,0.02637411,0.15928906,-0.06613335,0.13939652,-0.02909042,-0.03255874,0.0425867,0.010787978,-0.030976482,-0.011189796,-0.05010999,-0.07042251,-0.034126192,0.06528029,-0.03789976,-0.029674532,0.07087824,0.064198256,-0.029408958,0.0406429,0.026206179,-0.0026946752,-0.026241124,0.036195576,0.0006691136,0.010626389,0.014577012,0.15720615,0.025745012,-0.012602124,-0.00248452,-0.010503333,0.027175348,0.01589816,-0.0154682305,2.4266793e-08,-8.502618e-09
39,-0.025111355,-0.21228348,0.13945818,-0.1744874,-0.005917024,-0.2057134,0.14105503,0.005609641,-0.1867006,0.007063801,-0.049849376,0.055133037,-0.062059842,0.023066733,-0.07236598,-0.00986585,-0.0033383132,0.00970518,-0.05175967,-0.06014377,0.0599842,0.0015483946,0.019139651,-0.01423759,-0.0494572,-0.01314385,0.054069918,-0.0010733226,-0.0075758584,-0.06588918,0.027964223,0.029086618,0.012519596,0.018468188,0.017648399,0.03416021,-0.009091418,0.018990599,0.025745012,0.099172354,-0.030275151,0.018674407,0.00083395944,-0.0099773165,0.030896518,-0.00952365,-1.0517544e-09,-1.713969e-08
40,0.0073135747,0.026034165,0.22207439,-0.14382972,-0.04800608,0.0308134,0.090682864,0.10098982,0.058005944,0.06214835,-0.0006405363,-0.040742055,-0.108342916,0.034821317,-0.041282296,-0.020255977,-0.014783911,0.014903287,-0.075717896,0.041736282,0.06834403,0.022288535,-0.0018438809,0.026198719,0.024615306,0.005849165,0.033343412,0.033678174,0.023930361,-0.0029807417,0.03114005,0.03054734,0.035450943,-0.016497537,-0.0048180264,0.028284227,0.01411272,0.02496249,-0.012602124,-0.030275151,0.11921979,-0.00040624107,0.0059755985,0.019229278,-0.035222333,-0.0039859344,1.0198601e-08,8.239334e-09
41,0.004698269,0.16150202,0.076792374,0.05451271,0.0041176965,0.0613975,0.13112488,0.07463757,-0.049784586,0.07625634,0.06967603,0.020523395,-0.040368635,0.06166196,-0.045493186,-0.08350377,-0.078053765,0.035225403,-0.03503608,-0.0068062013,0.031293273,0.054143533,0.03374561,0.02288564,0.0019576137,-0.009865442,-0.044877417,-0.029319085,-0.01975433,-0.026040714,0.00874845,-0.01991625,-0.026636543,-0.020077933,-0.010357413,-0.027389577,-0.018256633,0.046600025,-0.00248452,0.018674407,-0.00040624107,0.06930976,-0.03091627,0.004674513,0.0027622546,-0.0026321178,1.1998013e-08,-2.2874298e-09
42,-0.0060568447,0.08737256,0.14705849,-0.07966401,-0.0053045135,-0.06686029,0.024791213,-0.04913082,-0.021126565,-0.13579732,-0.0010481377,-0.010247403,-0.044797145,-0.07228094,-0.023128513,-0.012651434,-0.020191545,-0.059171207,0.0037598722,-0.04095711,-0.058446437,0.0044529093,-0.0062139556,-0.03436926,0.009995643,-0.0016120712,0.035044353,-0.03538324,-0.035332777,-0.004140893,0.015113484,0.0076984335,0.009150517,-0.0060769366,0.0021891915,0.028094364,0.014474243,-0.035609912,-0.010503333,0.00083395944,0.0059755985,-0.03091627,0.042603474,0.014244363,0.00020227449,-0.009512886,-9.824465e-09,-5.354609e-09
43,0.00059125765,-0.06317516,-0.06292688,0.029027404,-0.046099648,0.01815093,-0.04667071,-0.061715595,0.0065613165,0.007885881,0.041763257,0.016810015,-0.05554533,0.08314182,0.00021133001,-0.06250228,0.03137234,0.016025683,-0.0022030678,-0.019156346,-0.080787316,-0.0040901313,0.06213247,0.013312203,0.0337129,7.013093e-05,-0.01928962,-0.017118905,-0.012231253,0.017764997,0.0021437055,0.008098736,-0.009719877,0.011854038,0.022904724,0.006217679,-0.020323036,-0.0023211895,0.027175348,-0.0099773165,0.019229278,0.004674513,0.014244363,0.06896328,0.002272131,-0.018055119,6.9467654e-09,-6.529667e-09
44,0.009852232,0.16205353,-0.00799787,-0.096148655,0.059745062,0.041280277,-0.02717093,-0.009721449,-0.06600508,0.025431756,-0.044376075,0.029296722,-0.094043024,0.008463068,0.04209294,-0.03130061,-0.01240853,0.012380341,-0.03550283,0.009457049,-0.027552372,0.015452428,0.018054415,0.01287844,-0.011148499,-0.029996242,-0.012780296,-0.0043749106,0.017971851,0.0074229976,-0.019165777,0.0065515824,0.0010266644,0.013147511,-0.012902307,0.026570775,-0.007007991,-0.0154208345,0.01589816,0.030896518,-0.035222333,0.0027622546,0.00020227449,0.002272131,0.03411397,0.0027229716,-1.4794956e-09,-1.7621945e-08
45,-0.013228021,-0.04850787,0.07858017,0.061109506,-0.011456437,0.030513445,0.022549544,-0.0210553,0.013662929,0.075932875,-0.0015574838,-0.013157926,0.030394904,0.03879932,0.04839503,0.019996837,-0.00990833,0.04304138,0.0027072532,0.025089715,0.020333502,0.028128747,0.0078570265,0.009056417,-0.015892182,-0.004571954,-0.0031522606,-0.002090332,0.032849398,0.023437925,-0.0044324235,-0.0074418476,0.011347275,-0.007907826,-0.010238671,0.0051226923,-0.0048052287,-0.016810525,-0.0154682305,-0.00952365,-0.0039859344,-0.0026321178,-0.009512886,-0.018055119,0.0027229716,0.016304452,-3.2410594e-09,-1.5391632e-09
46,9.7667305e-09,2.282826e-07,4.137435e-08,1.2847859e-08,2.9017759e-08,7.9856676e-08,-1.1475723e-08,6.769523e-08,2.7246767e-08,5.2889746e-08,2.9807956e-09,1.2152238e-08,-2.0437678e-08,-3.1542133e-09,1.8747839e-08,-3.5699056e-08,-7.251874e-11,-9.4468415e-09,-2.2448474e-09,-5.820162e-10,2.6419132e-08,-3.5943202e-08,-1.9130056e-08,2.5422963e-08,-1.247724e-09,-5.090434e-09,-1.1010521e-08,-1.2917931e-09,1.898232e-08,-2.3207074e-09,4.164208e-09,1.1500525e-08,-3.7368957e-09,-1.8528176e-08,9.8939665e-09,-1.0122733e-08,-6.4023005e-09,1.3731425e-08,2.4266793e-08,-1.0517544e-09,1.0198601e-08,1.1998013e-08,-9.824465e-09,6.9467654e-09,-1.4794956e-09,-3.2410594e-09,1.2015236e-14,-1.2074899e-15
47,2.2220814e-08,8.8041546e-08,-2.603973e-07,1.277184e-07,-3.85227e-08,-6.5854124e-08,3.90423e-08,2.5761612e-08,7.411168e-08,-2.9286735e-08,-2.3552102e-09,-3.059285e-08,8.3983785e-08,2.5060953e-10,-1.9278195e-08,4.6673357e-08,3.351729e-08,-1.0125797e-08,5.4831496e-08,1.5114182e-08,2.5846145e-08,-3.1581644e-09,-1.4781478e-08,-1.0278454e-08,2.098956e-08,1.0630606e-08,-4.9100883e-09,1.9420693e-08,-2.3730417e-08,-9.627083e-09,4.4629536e-09,-1.3234519e-08,-9.182332e-09,1.2546138e-08,6.0797687e-09,-6.017495e-09,3.6946999e-09,1.6428997e-08,-8.502618e-09,-1.713969e-08,8.239334e-09,-2.2874298e-09,-5.354609e-09,-6.529667e-09,-1.7621945e-08,-1.5391632e-09,-1.2074899e-15,1.6788447e-14
