,0,1,2,3,4,5,6,7,8,9,10,11,12,13,14,15,16,17,18,19,20,21,22,23,24,25,26,27,28,29,30,31,32,33,34,35,36,37,38,39,40,41,42,43,44,45,46,47,48,49,50,51,52,53,54,55,56
0,531.38275,7.9228783,7.5092387,-8.004027,-19.758106,-2.0627942,0.007130212,-1.2069601,-3.8883846,-3.7687874,-5.0685577,1.4716797,-1.5894353,0.514673,-0.29812798,1.8422952,-3.0266635,0.6313509,-0.23820001,-2.3995953,0.72336656,-1.1468606,-0.26844865,0.5520389,-0.27030727,-0.9988451,0.66695535,1.0294029,1.3859559,1.5582349,-0.4001084,-0.0086559,-0.1177496,0.75396967,-1.2153492,-0.5739888,-0.55343735,0.5836688,-0.48283458,-0.37982047,0.58424723,0.4945405,-0.08882877,0.07455602,-0.22451401,-0.13918334,0.30792245,-0.3910795,0.589293,-0.2994402,0.4044268,-0.025598785,-0.008114308,0.18954143,-0.4361889,0.06207727,-0.33765972
1,7.9228783,133.30205,-7.9556704,25.964737,22.97533,14.383207,7.3551407,-1.7418408,-15.14352,-8.502931,-8.745256,9.7864,-10.814966,12.968211,-2.6523788,0.24789208,7.335907,3.5725207,8.609233,2.3050303,-2.0773902,4.1485023,-2.4712944,4.1637573,2.8962634,1.6677885,-3.0504274,-1.8784084,0.36399513,0.15510085,-3.4845486,-0.63558114,0.19998133,-0.21574312,1.3098006,2.906568,-0.9134295,-1.6683977,-0.55658376,-1.4310166,-0.7163502,-0.44464177,0.45945248,0.08871764,-0.84731185,0.69218606,1.5035675,-0.07039365,0.6499232,0.340609,0.7534571,-1.2004743,-0.98765373,0.95949304,-1.2369173,0.21594325,-0.20334929
2,7.5092387,-7.9556704,43.347923,-0.8739926,13.711617,11.7824,2.14261,6.662038,1.4184203,-8.215564,3.5274134,2.4584584,4.3168635,5.1687098,4.8355064,4.359784,-10.706419,3.0296292,-5.7559466,-2.4495547,1.293469,3.918326,0.52122176,-1.4518113,-0.45320997,-1.7016749,-1.1071615,0.5800526,-1.6139073,-0.50265974,1.2623806,0.94848365,1.3568132,-1.2201345,-0.21171927,-0.29689342,1.2055415,0.23694031,0.46993232,0.11435084,-2.1946177,1.8357123,-0.09899084,-0.0207228,-0.2042971,1.748596,-0.0040819678,0.7883565,-0.712808,0.7088504,0.8868541,-0.04914593,0.37524444,-0.29006392,1.0434518,0.41240874,0.22636032
3,-8.004027,25.964737,-0.8739926,48.196445,-3.6963716,-5.9712152,3.6452906,5.49566,5.9961743,-17.128132,-1.3383886,1.9779158,8.146139,0.96615905,-2.5379753,-0.64661044,-2.6346884,-5.1211967,1.6384547,-2.4852903,0.4153817,1.4369106,-1.2984493,-1.188807,0.6125436,2.0555634,1.4721954,1.497575,-1.8311232,0.19218668,-0.75983614,-1.0861232,-1.4794352,0.99179256,0.60256803,-0.8785175,-3.2357178,0.074483946,-0.9276903,-0.49444577,-0.11657025,-2.212275,-0.8433261,-0.067123204,0.09211349,-0.024821233,0.59122884,-0.6826931,0.4744368,0.15591007,-1.0259868,-0.6301769,-0.98979795,0.70772564,-0.90552807,0.37822986,-0.20010418
4,-19.758106,22.97533,13.711617,-3.6963716,24.127539,13.029102,2.7441332,8.5557375,-0.71105343,-1.4169166,-6.4032598,4.1390944,-2.6967535,4.79138,2.2302108,0.5488192,0.3185255,4.1283092,-3.7899628,-1.456314,1.1338629,-0.03705133,-1.1595709,0.3930071,-0.6316328,-1.7305456,0.34383315,-1.5105715,2.4408941,-1.3256235,-0.5234115,0.846079,0.2778918,-0.12135314,0.7259624,-0.70853275,0.8446816,0.029161591,-0.75121224,0.5573213,-0.5618458,1.6590278,0.58757174,0.27127725,-0.57437444,0.41920716,0.35786283,-0.797652,0.8310205,0.13849577,0.46939301,-0.3178649,-0.17995977,0.13206255,0.62591064,0.12827729,-0.65279114
5,-2.0627942,14.383207,11.7824,-5.9712152,13.029102,49.01294,7.5811644,-4.092852,1.7918137,4.813126,2.5514388,9.910109,-1.6186235,-4.9025064,7.062331,-5.4851265,-3.593149,6.91339,-1.137511,-1.8801281,-1.0462688,0.1500482,0.78755903,0.8044781,-0.8858229,-0.76508474,1.4365273,2.0769544,-1.170919,1.6027282,-0.61255735,-1.5239131,-0.70189595,1.6159873,-0.59056723,0.9048797,-1.1611104,1.2360783,-0.25551173,-1.2363656,-1.1530131,0.97763216,0.055143386,0.75718033,1.2072084,-0.7330376,-0.19641677,0.043987818,0.44064575,-0.22512454,-0.7060509,-0.040956862,-0.45193398,-0.15478413,-1.0003072,-0.1484296,-0.47519875
6,0.007130212,7.3551407,2.14261,3.6452906,2.7441332,7.5811644,45.524933,8.764044,6.3334427,1.773479,5.3683023,-0.98286307,-8.1148815,-0.13759921,-2.3452678,5.0094748,-0.8647191,-2.4014,-0.8659173,1.1233908,2.9552243,-0.8990186,0.022497898,1.1629179,-1.0783759,-0.33958194,-1.384708,1.4440658,-0.40667093,1.8966448,0.9051172,0.54365456,1.0925087,0.3200812,-0.060652457,-0.12363089,-1.0887444,0.05892697,0.79326314,-0.95783204,2.8262892,-0.62265384,-0.8588749,0.21073604,-0.07400845,-0.100316055,0.025357489,0.8051739,0.8619349,-0.18180296,-0.21606678,0.32159644,-0.08582081,-0.5594884,0.18650186,-0.00966286,-0.29580998
7,-1.2069601,-1.7418408,6.662038,5.49566,8.5557375,-4.092852,8.764044,24.25165,-0.5432018,3.391417,-0.3297097,-5.6711817,1.7081561,3.840341,2.6198452,-0.26960814,-3.3775504,-1.3875259,0.30132076,-3.722953,1.6142387,-1.7315222,-1.8294773,-0.61546534,1.029274,0.10291912,-1.0803778,-1.2202139,2.1647902,-0.0532261,-1.6356115,-0.4832476,-0.8148662,0.5101502,-1.1212199,-2.4940588,1.0784582,0.089288674,-0.61760294,-0.38445324,0.22034092,-0.28081653,-0.120765835,0.076736435,-0.90250456,-0.5678916,-0.31893128,-0.6077622,0.07538777,-0.005123875,0.6172291,-0.37851596,-0.3554226,0.84823227,-0.32540786,0.07662095,-0.3449121
8,-3.8883846,-15.14352,1.4184203,5.9961743,-0.71105343,1.7918137,6.3334427,-0.5432018,25.045513,-2.2241974,-5.689266,6.4392114,1.601996,-5.7896523,-3.4297128,3.9611938,0.7635753,0.7821553,-0.054781877,-0.32394987,2.6957874,0.37614283,-0.3119585,-2.389225,1.7578506,-1.0706495,2.0579095,0.56265986,0.9078105,1.510207,0.26924658,0.5694692,0.7701417,0.86221564,-1.4962299,-0.102280326,0.6598552,0.050014615,-0.19462028,0.35756248,0.12575954,-0.35727665,0.45588607,0.5645102,0.32199562,-0.83366823,0.30366632,0.013937173,-0.5176461,-0.5783672,0.56217515,0.036183197,0.4240356,0.38739341,-0.19185795,-0.11498292,0.090842456
9,-3.7687874,-8.502931,-8.215564,-17.128132,-1.4169166,4.813126,1.773479,3.391417,-2.2241974,18.900148,1.4632239,-5.0411835,-4.2924275,-0.76315814,0.28145987,1.8035142,0.69158494,0.9080657,1.00576,0.002804412,-1.5953732,1.4698985,1.0332137,-0.3012051,2.9660225,0.35643378,0.7323046,0.5223652,0.6071872,-0.05580476,-0.41632718,-0.11077966,-1.1822362,1.1867774,-0.9518137,0.4338115,0.81726986,0.2572415,-0.7171833,-0.23525067,0.105942935,0.47894782,0.27505088,-0.2341901,0.020121833,-0.8630928,0.14372434,0.14456047,0.47070092,-0.34352154,0.24562526,-0.05499153,-0.24615484,0.12259887,-0.96363,0.4555334,-0.011861348
10,-5.0685577,-8.745256,3.5274134,-1.3383886,-6.4032598,2.5514388,5.3683023,-0.3297097,-5.689266,1.4632239,10.192972,-2.036708,1.4889444,1.5204263,2.8255043,0.63199115,-1.6758523,-1.9290074,0.4239415,0.57549906,-0.6958617,-0.0068216426,-1.1449313,1.8206794,-0.98887384,0.13308607,-0.26650137,1.9296169,-1.565463,1.3691337,0.761803,-0.90289086,0.42837796,-0.25042903,-0.3685038,0.112559356,-1.0011423,0.23300499,0.43895876,-0.052618835,-0.124995664,0.122947045,-0.6087961,-0.46507117,0.07010514,0.116413586,-0.609134,0.69927806,-0.8410146,-0.14693251,-0.1612337,0.37962532,-0.066030964,-0.17641772,-0.42281336,-0.259089,0.5424386
11,1.4716797,9.7864,2.4584584,1.9779158,4.1390944,9.910109,-0.98286307,-5.6711817,6.4392114,-5.0411835,-2.036708,11.112709,-0.08934504,-0.25966662,2.5649357,0.4916175,0.58670133,0.8851303,1.0148965,0.37673014,-0.73485994,-0.51672256,1.144321,0.17436025,-0.9691849,0.38096637,1.2397373,-1.3601109,1.5098336,0.4981286,0.45978326,-0.2210375,0.89409924,0.79288703,-0.34345037,1.0274612,-0.14957485,-0.13514823,0.2916963,1.2130499,0.11275889,-0.03295573,-0.14904925,-0.45652366,-0.3800698,-0.49586233,-0.8320255,0.31283492,-0.42128283,-0.1073357,-0.37951553,0.06809352,0.30007416,-0.0009447406,-0.05553671,-0.40212882,0.004522039
12,-1.5894353,-10.814966,4.3168635,8.146139,-2.6967535,-1.6186235,-8.1148815,1.7081561,1.601996,-4.2924275,1.4889444,-0.08934504,15.5368595,1.9200757,3.7639797,-0.5508584,0.8017775,0.5422021,-0.966204,1.2787383,-0.80104995,1.1695969,0.029709391,-0.5567,0.423175,-1.3208885,-0.20471263,1.3154037,1.1389399,0.26661205,-0.4585179,0.5365877,0.24810886,-0.26313657,-1.0917985,-0.25145304,-0.28580797,-0.63252187,-0.38378608,-1.2596029,0.554305,0.11863631,-0.52754486,0.37602335,0.27181894,-0.46462655,-0.23914616,0.31645432,0.11702824,-0.114742614,0.12943906,0.090221,0.026289994,-0.45777774,-0.89103854,0.122767836,-0.18082409
13,0.514673,12.968211,5.1687098,0.96615905,4.79138,-4.9025064,-0.13759921,3.840341,-5.7896523,-0.76315814,1.5204263,-0.25966662,1.9200757,11.652713,3.850417,4.985858,2.3336346,0.0631014,0.8330183,0.08740333,-1.2104963,0.56873286,-0.06811443,-0.58689356,0.27925384,0.25999448,1.3722289,0.3061667,0.4493807,0.039051287,0.82352024,0.2028873,0.06964743,0.048585743,0.044862423,-0.40714118,0.43218336,0.5984329,0.3429042,0.43370798,0.3135553,-0.5362047,0.5270965,-0.48315132,0.27569258,0.11731549,0.111282334,0.16215715,-0.09331813,-0.1990349,0.60581136,0.3984546,0.34056872,-0.31965724,0.3397674,-0.21927308,0.08554475
14,-0.29812798,-2.6523788,4.8355064,-2.5379753,2.2302108,7.062331,-2.3452678,2.6198452,-3.4297128,0.28145987,2.8255043,2.5649357,3.7639797,3.850417,9.399013,-1.2371285,-0.057632983,-0.45258474,1.5040599,-0.77836704,0.719636,-2.8807297,1.9070804,-0.15880194,-0.8803971,0.42930657,0.6755522,0.35675353,-0.10335843,0.69501984,0.06191079,1.1471963,-0.37635857,0.87590474,-0.82672215,0.6271169,0.27133763,-0.14182541,-0.21240704,-0.36969972,0.47786397,0.016136443,0.09527819,-0.7356378,0.5196401,0.18865675,-0.27926224,0.15027463,0.018271243,-0.07210857,-0.121426724,-0.14312014,0.5786185,0.07969726,-0.083674386,-0.13836291,0.13106507
15,1.8422952,0.24789208,4.359784,-0.64661044,0.5488192,-5.4851265,5.0094748,-0.26960814,3.9611938,1.8035142,0.63199115,0.4916175,-0.5508584,4.985858,-1.2371285,11.000426,-0.06493269,-0.29167068,0.46205944,1.6357758,0.0058416245,-0.1820259,1.2471728,-0.5809942,2.143202,-0.15905498,1.68291,-0.38279402,-0.30072242,-1.2733737,2.0686529,-0.20611146,0.85495365,-0.60326886,-0.55546784,0.3739515,-0.40471086,-0.55202913,-0.55655015,0.6580001,-0.89028287,0.5093985,-0.31657392,0.10230704,0.34090614,-0.054543458,0.0017814756,0.17460546,-0.31831813,-0.22571516,0.17233992,0.15980095,-0.0047090873,-0.3548953,-0.23030868,0.24784908,-0.055392087
16,-3.0266635,7.335907,-10.706419,-2.6346884,0.3185255,-3.593149,-0.8647191,-3.3775504,0.7635753,0.69158494,-1.6758523,0.58670133,0.8017775,2.3336346,-0.057632983,-0.06493269,9.869961,-1.4027399,0.14818864,0.5161149,0.8109615,0.4857102,-0.42661068,1.9190321,-0.15890214,-1.1195996,1.1761997,0.3015904,0.39354503,1.5799018,-0.17451742,0.57452667,0.30149627,-0.20029473,-0.17401493,-0.14998642,-0.54767585,0.4952564,-0.45304012,-0.4480021,0.6877637,0.49098346,0.52773905,0.5761535,0.13912994,-0.3550254,0.29008442,-0.2011714,0.060131058,-0.36675006,0.575031,0.082096756,0.5994712,-0.14731732,0.020760348,-0.5493338,0.05139724
17,0.6313509,3.5725207,3.0296292,-5.1211967,4.1283092,6.91339,-2.4014,-1.3875259,0.7821553,0.9080657,-1.9290074,0.8851303,0.5422021,0.0631014,-0.45258474,-0.29167068,-1.4027399,7.893549,0.7120776,2.0268102,-1.2708395,-0.15077576,-1.061888,-0.8226397,1.9619977,-1.0454513,-0.56329036,1.5762873,0.456038,0.03956212,-0.112999946,-0.49940446,0.094168946,-0.9355433,0.1647363,-0.82484174,0.89611846,-0.07824263,-0.22179374,0.3893969,0.2719862,-0.4694233,-0.5160701,-0.23059076,0.32945368,0.0025635003,0.26209617,-0.442312,0.08659282,0.2712003,-0.035809457,0.32701665,0.24567612,0.13720684,0.11469589,-0.070952006,0.20541951
18,-0.23820001,8.609233,-5.7559466,1.6384547,-3.7899628,-1.137511,-0.8659173,0.30132076,-0.054781877,1.00576,0.4239415,1.0148965,-0.966204,0.8330183,1.5040599,0.46205944,0.14818864,0.7120776,8.378542,0.42600322,-0.040411152,-2.6410654,-0.9114281,-2.8236046,1.4552777,0.6678998,-1.0636282,-0.6877407,-0.9373649,0.6184616,-0.48340636,-0.31834918,0.1767632,-0.30751872,0.24316692,0.47625744,0.34575456,0.5743412,-0.31635678,-0.5888455,0.18248492,0.20166948,-0.35335946,-0.052334413,0.1278916,-0.49834293,-0.47617626,0.21089554,-0.61490047,-0.043131344,-0.20946315,0.09259454,0.27368197,0.24889642,-0.7685374,-0.132721,0.39258152
19,-2.3995953,2.3050303,-2.4495547,-2.4852903,-1.456314,-1.8801281,1.1233908,-3.722953,-0.32394987,0.002804412,0.57549906,0.37673014,1.2787383,0.08740333,-0.77836704,1.6357758,0.5161149,2.0268102,0.42600322,5.780196,-1.277659,-1.5154562,-1.448551,0.6247215,0.1823751,-1.1797562,-0.68819726,0.59357715,0.75548446,-0.59751785,0.9603915,1.691582,0.76214004,-0.17129764,-0.80164003,0.4390884,-0.4166186,-0.32928896,-0.2337347,-0.3629387,0.07296072,-0.28120258,-0.29348117,-0.62717044,-0.5996138,0.12695849,0.229779,0.8060729,-0.01289597,0.106045395,-0.3733009,0.02097852,-0.1698349,0.13357162,0.17764819,0.18287492,-0.21015766
20,0.72336656,-2.0773902,1.293469,0.4153817,1.1338629,-1.0462688,2.9552243,1.6142387,2.6957874,-1.5953732,-0.6958617,-0.73485994,-0.80104995,-1.2104963,0.719636,0.0058416245,0.8109615,-1.2708395,-0.040411152,-1.277659,4.045486,-1.7155018,0.14025334,0.45990503,-0.11722043,-0.6378089,-1.0173972,0.4564445,-0.8397546,0.013281703,-0.591184,0.9992405,0.34027493,-0.32622716,0.14362216,0.25021863,0.18275136,-0.8232502,-0.21746683,-0.14289765,-0.53188425,0.38441455,0.3464455,0.06568425,0.56497204,0.68634295,0.41997293,-0.655334,0.2316274,-0.27931538,0.28294083,0.07038322,0.17211369,-0.2680593,-0.24699108,-0.33998635,0.27338475
21,-1.1468606,4.1485023,3.918326,1.4369106,-0.03705133,0.1500482,-0.8990186,-1.7315222,0.37614283,1.4698985,-0.0068216426,-0.51672256,1.1695969,0.56873286,-2.8807297,-0.1820259,0.4857102,-0.15077576,-2.6410654,-1.5154562,-1.7155018,8.628304,0.8383431,-0.23549339,0.8957499,0.6862203,-0.35022324,0.5240425,-0.42888367,1.2993591,-0.47037643,-0.2502105,0.6686369,-0.29932833,-0.30063778,0.2862717,0.4092773,0.27441043,-0.035356693,0.077537075,0.58164966,0.2941652,-0.053258866,-0.282182,-0.6442627,0.11362384,-0.25028005,-0.12800282,0.4523251,-0.16143802,0.34654686,0.13916555,-0.024003044,0.050208308,-0.15832779,0.18911433,0.082981035
22,-0.26844865,-2.4712944,0.52122176,-1.2984493,-1.1595709,0.78755903,0.022497898,-1.8294773,-0.3119585,1.0332137,-1.1449313,1.144321,0.029709391,-0.06811443,1.9070804,1.2471728,-0.42661068,-1.061888,-0.9114281,-1.448551,0.14025334,0.8383431,8.513492,0.46880272,1.4949212,1.5512722,-1.0003463,-0.6896568,0.72007436,-0.40036875,0.17380393,0.42788422,0.21377166,-0.114352494,0.6932107,-0.012630189,-0.7205571,-0.20890766,-0.2245031,-0.23496997,0.17884351,-0.62722325,-0.09604237,0.13178223,0.6230211,4.4645276e-08,0.063288085,0.3149457,-0.120863706,0.14017099,-0.16831328,-0.68261456,0.19380584,0.035176277,0.15857095,-0.16724476,-0.027991205
23,0.5520389,4.1637573,-1.4518113,-1.188807,0.3930071,0.8044781,1.1629179,-0.61546534,-2.389225,-0.3012051,1.8206794,0.17436025,-0.5567,-0.58689356,-0.15880194,-0.5809942,1.9190321,-0.8226397,-2.8236046,0.6247215,0.45990503,-0.23549339,0.46880272,6.429976,-0.04304239,-0.789389,-0.67485994,-0.18155047,-0.2003614,0.29046172,-0.43455532,0.13999814,-0.10956739,0.01295832,-1.1385046,-0.46304035,-0.18264014,-0.87805486,-0.62414384,0.6673416,-0.4911782,-0.6640492,-0.23904197,-0.031964637,0.2440377,-0.42038074,-0.23781362,-0.087426394,-0.51450104,0.3926257,0.11693269,-0.15140408,0.0630499,-0.06327148,-0.08290272,-0.13789241,-0.15124393
24,-0.27030727,2.8962634,-0.45320997,0.6125436,-0.6316328,-0.8858229,-1.0783759,1.029274,1.7578506,2.9660225,-0.98887384,-0.9691849,0.423175,0.27925384,-0.8803971,2.143202,-0.15890214,1.9619977,1.4552777,0.1823751,-0.11722043,0.8957499,1.4949212,-0.04304239,5.5163507,-0.2931489,-0.046149172,0.4681831,0.0064805867,0.19001076,-1.4807613,0.29958144,-1.2965496,-0.016922537,-0.5882807,-0.44712788,-0.6047425,-0.21056506,0.25950107,-0.094787344,-0.3725987,0.21661942,-0.16166595,-0.051291637,-0.2548306,0.38585466,0.12236906,0.021713695,-0.30605662,0.34639567,-0.37038094,0.3125925,0.07013292,-0.14713395,-0.15414703,-0.20220734,0.105832174
25,-0.9988451,1.6677885,-1.7016749,2.0555634,-1.7305456,-0.76508474,-0.33958194,0.10291912,-1.0706495,0.35643378,0.13308607,0.38096637,-1.3208885,0.25999448,0.42930657,-0.15905498,-1.1195996,-1.0454513,0.6678998,-1.1797562,-0.6378089,0.6862203,1.5512722,-0.789389,-0.2931489,3.1464007,0.10437359,-0.11650325,-0.015837492,-0.1687507,0.20911723,-1.1656733,0.31218493,1.0158796,-0.34548476,0.6003958,0.54157734,-0.3201965,-0.18735282,-0.28109944,0.122617275,-0.3399319,-0.2273796,-0.47597218,-0.15261868,0.03238702,0.3103912,-0.38991815,-0.5306469,-0.6128527,-0.35096285,0.062342152,-0.06424173,0.20113409,0.3438397,-0.11410726,0.1467996
26,0.66695535,-3.0504274,-1.1071615,1.4721954,0.34383315,1.4365273,-1.384708,-1.0803778,2.0579095,0.7323046,-0.26650137,1.2397373,-0.20471263,1.3722289,0.6755522,1.68291,1.1761997,-0.56329036,-1.0636282,-0.68819726,-1.0173972,-0.35022324,-1.0003463,-0.67485994,-0.046149172,0.10437359,4.393194,0.032810196,-0.4864251,0.58345395,1.0040513,-0.68106693,-1.2597413,0.7716154,-0.46011245,-0.057753824,-0.5243045,0.061623696,0.16659,0.3729425,0.049400926,0.08554715,0.68280494,-0.0035485332,-0.1697692,-0.07639283,0.021544319,-0.30476254,0.29499,0.0999679,-0.23697762,-0.23959912,-0.071818665,-0.0053594634,0.24304019,0.37563428,0.20846641
27,1.0294029,-1.8784084,0.5800526,1.497575,-1.5105715,2.0769544,1.4440658,-1.2202139,0.56265986,0.5223652,1.9296169,-1.3601109,1.3154037,0.3061667,0.35675353,-0.38279402,0.3015904,1.5762873,-0.6877407,0.59357715,0.4564445,0.5240425,-0.6896568,-0.18155047,0.4681831,-0.11650325,0.032810196,4.523274,-0.43150502,-0.16398638,-0.54475635,0.18884417,0.24029383,0.6984833,0.8922503,0.042078767,-0.6519824,0.23584819,-0.18877718,0.29063538,0.5384675,-0.25457102,-0.37266842,-0.41682148,0.22952324,0.31672832,1.0894549,-0.41444513,-0.5033516,-0.44763038,0.3668729,0.02886705,0.26418328,-0.04230223,-0.013781277,-0.009706061,0.10171384
28,1.3859559,0.36399513,-1.6139073,-1.8311232,2.4408941,-1.170919,-0.40667093,2.1647902,0.9078105,0.6071872,-1.565463,1.5098336,1.1389399,0.4493807,-0.10335843,-0.30072242,0.39354503,0.456038,-0.9373649,0.75548446,-0.8397546,-0.42888367,0.72007436,-0.2003614,0.0064805867,-0.015837492,-0.4864251,-0.43150502,4.6638546,0.21251184,-0.19931456,-0.31968617,0.3213187,0.0498584,0.7670972,-0.2634405,0.1822334,-0.36684936,-0.06290053,0.15339997,0.4303257,-0.1565776,0.27748436,0.115089804,-0.114368774,0.13447614,-0.08923744,0.5041779,-0.112188004,-0.40099734,0.018146552,0.34243903,-0.5636883,-0.08880889,0.21059945,-0.08517553,-0.13570987
29,1.5582349,0.15510085,-0.50265974,0.19218668,-1.3256235,1.6027282,1.8966448,-0.0532261,1.510207,-0.05580476,1.3691337,0.4981286,0.26661205,0.039051287,0.69501984,-1.2733737,1.5799018,0.03956212,0.6184616,-0.59751785,0.013281703,1.2993591,-0.40036875,0.29046172,0.19001076,-0.1687507,0.58345395,-0.16398638,0.21251184,4.3251157,0.8615012,0.21427083,-0.99212337,-1.0179908,0.15476431,-0.67714095,0.74732935,-0.5095458,0.10685565,-0.6105563,0.17213967,0.15146789,0.030068591,-0.27762794,0.10031377,-0.1631383,-0.08939369,0.16201404,-0.13956028,-0.2788661,-0.10271904,-0.04449433,-0.045948416,0.36354375,0.22302788,-0.37863842,0.25918603
30,-0.4001084,-3.4845486,1.2623806,-0.75983614,-0.5234115,-0.61255735,0.9051172,-1.6356115,0.26924658,-0.41632718,0.761803,0.45978326,-0.4585179,0.82352024,0.06191079,2.0686529,-0.17451742,-0.112999946,-0.48340636,0.9603915,-0.591184,-0.47037643,0.17380393,-0.43455532,-1.4807613,0.20911723,1.0040513,-0.54475635,-0.19931456,0.8615012,3.2206922,-0.044602573,-0.61042106,-0.89152795,0.61654377,0.1762374,0.36120626,-0.116835594,-0.54017806,0.01101193,-0.38311285,-0.39533484,-0.38525882,-0.13320571,0.071846835,0.048190195,0.26691014,0.13244465,-0.011359807,-0.031925127,-0.30811957,-0.011156248,-0.18951815,0.36937547,0.002964262,0.07375106,-0.0647448
31,-0.0086559,-0.63558114,0.94848365,-1.0861232,0.846079,-1.5239131,0.54365456,-0.4832476,0.5694692,-0.11077966,-0.90289086,-0.2210375,0.5365877,0.2028873,1.1471963,-0.20611146,0.57452667,-0.49940446,-0.31834918,1.691582,0.9992405,-0.2502105,0.42788422,0.13999814,0.29958144,-1.1656733,-0.68106693,0.18884417,-0.31968617,0.21427083,-0.044602573,4.1965423,-0.78726804,0.66841257,0.18386742,0.3669443,0.1437995,0.29585555,-0.5962847,0.18191808,0.35814264,0.32047334,0.28995794,-0.43611902,-0.31211522,0.4327252,-0.18260017,0.12457673,0.12972629,-0.042157687,-0.045984995,-0.27198434,-0.29174188,0.046251617,0.20450178,-0.22229758,-0.18374796
32,-0.1177496,0.19998133,1.3568132,-1.4794352,0.2778918,-0.70189595,1.0925087,-0.8148662,0.7701417,-1.1822362,0.42837796,0.89409924,0.24810886,0.06964743,-0.37635857,0.85495365,0.30149627,0.094168946,0.1767632,0.76214004,0.34027493,0.6686369,0.21377166,-0.10956739,-1.2965496,0.31218493,-1.2597413,0.24029383,0.3213187,-0.99212337,-0.61042106,-0.78726804,3.8510098,-0.7522702,-0.73585033,-0.14343669,-0.0688774,0.41669807,-0.3718112,-0.16760628,0.057573564,0.357066,0.4902733,-0.38260344,-0.013318801,-0.13920924,0.013307817,-0.2083059,-0.18203753,-0.06085448,-0.013664201,-0.08697999,0.2990644,0.035163842,0.0591074,0.03742955,0.22563699
33,0.75396967,-0.21574312,-1.2201345,0.99179256,-0.12135314,1.6159873,0.3200812,0.5101502,0.86221564,1.1867774,-0.25042903,0.79288703,-0.26313657,0.048585743,0.87590474,-0.60326886,-0.20029473,-0.9355433,-0.30751872,-0.17129764,-0.32622716,-0.29932833,-0.114352494,0.01295832,-0.016922537,1.0158796,0.7716154,0.6984833,0.0498584,-1.0179908,-0.89152795,0.66841257,-0.7522702,3.0721292,-0.21293971,0.44638056,-0.41130456,-0.036386814,-0.33384395,0.015151357,-0.07540997,-0.22829285,0.19203606,-0.19323252,-0.37741572,-0.5187173,-0.029868832,0.1160443,-0.060039114,-0.31413302,0.3760504,0.3447934,0.112139344,-0.107187614,0.44264,0.06934179,0.21044216
34,-1.2153492,1.3098006,-0.21171927,0.60256803,0.7259624,-0.59056723,-0.060652457,-1.1212199,-1.4962299,-0.9518137,-0.3685038,-0.34345037,-1.0917985,0.044862423,-0.82672215,-0.55546784,-0.17401493,0.1647363,0.24316692,-0.80164003,0.14362216,-0.30063778,0.6932107,-1.1385046,-0.5882807,-0.34548476,-0.46011245,0.8922503,0.7670972,0.15476431,0.61654377,0.18386742,-0.73585033,-0.21293971,3.7215333,-0.5309691,-0.40961546,-0.15709993,-0.23400584,0.36358505,-0.020658009,0.40253568,-0.027071007,0.11223273,0.101936325,-0.17109963,0.15875015,0.050847434,-0.045748077,-0.15767542,0.11126281,0.17848119,0.2635885,-0.13818306,-0.052466854,0.20064105,0.024809275
35,-0.5739888,2.906568,-0.29689342,-0.8785175,-0.70853275,0.9048797,-0.12363089,-2.4940588,-0.102280326,0.4338115,0.112559356,1.0274612,-0.25145304,-0.40714118,0.6271169,0.3739515,-0.14998642,-0.82484174,0.47625744,0.4390884,0.25021863,0.2862717,-0.012630189,-0.46304035,-0.44712788,0.6003958,-0.057753824,0.042078767,-0.2634405,-0.67714095,0.1762374,0.3669443,-0.14343669,0.44638056,-0.5309691,2.335412,0.51513755,-0.4901796,0.010234442,-0.14157651,0.39103836,0.07556029,-0.24848986,0.4161538,-0.0335008,0.72160566,0.24184859,0.08718911,0.0034073622,0.09404378,0.30535048,0.17163858,-0.17716767,0.04615578,-0.29693556,0.17137843,-0.073186345
36,-0.55343735,-0.9134295,1.2055415,-3.2357178,0.8446816,-1.1611104,-1.0887444,1.0784582,0.6598552,0.81726986,-1.0011423,-0.14957485,-0.28580797,0.43218336,0.27133763,-0.40471086,-0.54767585,0.89611846,0.34575456,-0.4166186,0.18275136,0.4092773,-0.7205571,-0.18264014,-0.6047425,0.54157734,-0.5243045,-0.6519824,0.1822334,0.74732935,0.36120626,0.1437995,-0.0688774,-0.41130456,-0.40961546,0.51513755,2.8565114,-0.11341417,-0.30757028,0.08850244,0.21552372,-0.5322778,0.0024309773,0.060143728,0.039078932,-0.08973481,0.36532292,-0.177578,-0.1202202,-0.15889579,0.12359258,-0.10304077,0.1907255,-0.28365877,0.0005100258,-0.056088552,0.044926614
37,0.5836688,-1.6683977,0.23694031,0.074483946,0.029161591,1.2360783,0.05892697,0.089288674,0.050014615,0.2572415,0.23300499,-0.13514823,-0.63252187,0.5984329,-0.14182541,-0.55202913,0.4952564,-0.07824263,0.5743412,-0.32928896,-0.8232502,0.27441043,-0.20890766,-0.87805486,-0.21056506,-0.3201965,0.061623696,0.23584819,-0.36684936,-0.5095458,-0.116835594,0.29585555,0.41669807,-0.036386814,-0.15709993,-0.4901796,-0.11341417,3.3711905,-0.37341684,0.3232471,0.21716157,-0.34389657,0.15526606,0.5820304,0.011644173,0.010541119,0.05826182,0.47820473,-0.13125679,0.11135405,-0.28155237,-0.2209536,-0.11370738,-0.08596146,0.1238672,-0.3368016,-0.039282918
38,-0.48283458,-0.55658376,0.46993232,-0.9276903,-0.75121224,-0.25551173,0.79326314,-0.61760294,-0.19462028,-0.7171833,0.43895876,0.2916963,-0.38378608,0.3429042,-0.21240704,-0.55655015,-0.45304012,-0.22179374,-0.31635678,-0.2337347,-0.21746683,-0.035356693,-0.2245031,-0.62414384,0.25950107,-0.18735282,0.16659,-0.18877718,-0.06290053,0.10685565,-0.54017806,-0.5962847,-0.3718112,-0.33384395,-0.23400584,0.010234442,-0.30757028,-0.37341684,3.248571,0.18645546,0.26867753,0.024571791,0.42930678,-0.24219733,-0.011339698,0.21301395,0.108717024,0.51217616,-0.15232378,0.09300874,0.16193666,-0.024873137,0.09721195,-0.059156343,-0.026512738,-0.42525968,-0.24137926
39,-0.37982047,-1.4310166,0.11435084,-0.49444577,0.5573213,-1.2363656,-0.95783204,-0.38445324,0.35756248,-0.23525067,-0.052618835,1.2130499,-1.2596029,0.43370798,-0.36969972,0.6580001,-0.4480021,0.3893969,-0.5888455,-0.3629387,-0.14289765,0.077537075,-0.23496997,0.6673416,-0.094787344,-0.28109944,0.3729425,0.29063538,0.15339997,-0.6105563,0.01101193,0.18191808,-0.16760628,0.015151357,0.36358505,-0.14157651,0.08850244,0.3232471,0.18645546,2.3535092,0.25125888,-0.28449833,-0.38558084,-0.5583201,0.13101864,-0.029274683,-0.52346194,-0.26183444,-0.017073296,0.04811842,0.22818811,-0.05688279,-0.09180906,0.026039751,-0.39066297,-0.28574502,0.17281696
40,0.58424723,-0.7163502,-2.1946177,-0.11657025,-0.5618458,-1.1530131,2.8262892,0.22034092,0.12575954,0.105942935,-0.124995664,0.11275889,0.554305,0.3135553,0.47786397,-0.89028287,0.6877637,0.2719862,0.18248492,0.07296072,-0.53188425,0.58164966,0.17884351,-0.4911782,-0.3725987,0.122617275,0.049400926,0.5384675,0.4303257,0.17213967,-0.38311285,0.35814264,0.057573564,-0.07540997,-0.020658009,0.39103836,0.21552372,0.21716157,0.26867753,0.25125888,2.5270293,-0.058149405,-0.20810023,-0.16470967,0.2701451,0.12994453,-0.27344733,-0.13209698,-0.048594177,0.21381496,-0.07456603,-0.08868738,-0.12887457,0.09052889,0.061065845,0.4473439,-0.13841057
41,0.4945405,-0.44464177,1.8357123,-2.212275,1.6590278,0.97763216,-0.62265384,-0.28081653,-0.35727665,0.47894782,0.122947045,-0.03295573,0.11863631,-0.5362047,0.016136443,0.5093985,0.49098346,-0.4694233,0.20166948,-0.28120258,0.38441455,0.2941652,-0.62722325,-0.6640492,0.21661942,-0.3399319,0.08554715,-0.25457102,-0.1565776,0.15146789,-0.39533484,0.32047334,0.357066,-0.22829285,0.40253568,0.07556029,-0.5322778,-0.34389657,0.024571791,-0.28449833,-0.058149405,2.4756262,-0.18732265,-0.1858115,-0.12703952,-0.060942605,-0.20349005,0.06431713,-0.29031318,-0.09153582,0.022593807,-0.2675137,-0.17037967,-0.0096517615,0.12315622,0.18640077,0.029121738
42,-0.08882877,0.45945248,-0.09899084,-0.8433261,0.58757174,0.055143386,-0.8588749,-0.120765835,0.45588607,0.27505088,-0.6087961,-0.14904925,-0.52754486,0.5270965,0.09527819,-0.31657392,0.52773905,-0.5160701,-0.35335946,-0.29348117,0.3464455,-0.053258866,-0.09604237,-0.23904197,-0.16166595,-0.2273796,0.68280494,-0.37266842,0.27748436,0.030068591,-0.38525882,0.28995794,0.4902733,0.19203606,-0.027071007,-0.24848986,0.0024309773,0.15526606,0.42930678,-0.38558084,-0.20810023,-0.18732265,2.1951811,-0.23497982,0.36916983,0.0315822,0.2399074,-0.032859314,-0.11203935,0.07346919,-0.0437397,0.116335616,-0.3173433,-0.23934081,-0.14869615,0.26409376,0.17176476
43,0.07455602,0.08871764,-0.0207228,-0.067123204,0.27127725,0.75718033,0.21073604,0.076736435,0.5645102,-0.2341901,-0.46507117,-0.45652366,0.37602335,-0.48315132,-0.7356378,0.10230704,0.5761535,-0.23059076,-0.052334413,-0.62717044,0.06568425,-0.282182,0.13178223,-0.031964637,-0.051291637,-0.47597218,-0.0035485332,-0.41682148,0.115089804,-0.27762794,-0.13320571,-0.43611902,-0.38260344,-0.19323252,0.11223273,0.4161538,0.060143728,0.5820304,-0.24219733,-0.5583201,-0.16470967,-0.1858115,-0.23497982,1.9575709,0.07084044,0.44430053,-0.35951048,0.17652898,-0.14629973,-0.04822523,0.49071783,0.10038513,0.04217872,-0.0074011884,0.03470868,-0.043679986,-0.07122347
44,-0.22451401,-0.84731185,-0.2042971,0.09211349,-0.57437444,1.2072084,-0.07400845,-0.90250456,0.32199562,0.020121833,0.07010514,-0.3800698,0.27181894,0.27569258,0.5196401,0.34090614,0.13912994,0.32945368,0.1278916,-0.5996138,0.56497204,-0.6442627,0.6230211,0.2440377,-0.2548306,-0.15261868,-0.1697692,0.22952324,-0.114368774,0.10031377,0.071846835,-0.31211522,-0.013318801,-0.37741572,0.101936325,-0.0335008,0.039078932,0.011644173,-0.011339698,0.13101864,0.2701451,-0.12703952,0.36916983,0.07084044,1.9421228,-0.07532098,0.14669368,0.060696177,0.048509188,0.11453048,0.2916578,0.30984885,-0.30740398,-0.01535712,-0.19049369,0.173047,-0.017050201
45,-0.13918334,0.69218606,1.748596,-0.024821233,0.41920716,-0.7330376,-0.100316055,-0.5678916,-0.83366823,-0.8630928,0.116413586,-0.49586233,-0.46462655,0.11731549,0.18865675,-0.054543458,-0.3550254,0.0025635003,-0.49834293,0.12695849,0.68634295,0.11362384,4.4645276e-08,-0.42038074,0.38585466,0.03238702,-0.07639283,0.31672832,0.13447614,-0.1631383,0.048190195,0.4327252,-0.13920924,-0.5187173,-0.17109963,0.72160566,-0.08973481,0.010541119,0.21301395,-0.029274683,0.12994453,-0.060942605,0.0315822,0.44430053,-0.07532098,1.7733688,-0.0832962,-0.107901454,0.18119842,-0.23827785,-0.20926541,0.20837545,-0.18187371,0.05161002,0.08480963,-0.1667729,0.2600339
46,0.30792245,1.5035675,-0.0040819678,0.59122884,0.35786283,-0.19641677,0.025357489,-0.31893128,0.30366632,0.14372434,-0.609134,-0.8320255,-0.23914616,0.111282334,-0.27926224,0.0017814756,0.29008442,0.26209617,-0.47617626,0.229779,0.41997293,-0.25028005,0.063288085,-0.23781362,0.12236906,0.3103912,0.021544319,1.0894549,-0.08923744,-0.08939369,0.26691014,-0.18260017,0.013307817,-0.029868832,0.15875015,0.24184859,0.36532292,0.05826182,0.108717024,-0.52346194,-0.27344733,-0.20349005,0.2399074,-0.35951048,0.14669368,-0.0832962,1.8492917,0.054219365,-0.046221294,0.25429726,0.017789444,-0.34959072,0.021669228,-0.08267047,0.12695855,-0.10922928,-0.10916654
47,-0.3910795,-0.07039365,0.7883565,-0.6826931,-0.797652,0.043987818,0.8051739,-0.6077622,0.013937173,0.14456047,0.69927806,0.31283492,0.31645432,0.16215715,0.15027463,0.17460546,-0.2011714,-0.442312,0.21089554,0.8060729,-0.655334,-0.12800282,0.3149457,-0.087426394,0.021713695,-0.38991815,-0.30476254,-0.41444513,0.5041779,0.16201404,0.13244465,0.12457673,-0.2083059,0.1160443,0.050847434,0.08718911,-0.177578,0.47820473,0.51217616,-0.26183444,-0.13209698,0.06431713,-0.032859314,0.17652898,0.060696177,-0.107901454,0.054219365,1.3618373,0.21299264,0.029580176,0.2895676,-0.22371608,0.22202507,0.06290175,-0.005867474,0.1189859,0.1347402
48,0.589293,0.6499232,-0.712808,0.4744368,0.8310205,0.44064575,0.8619349,0.07538777,-0.5176461,0.47070092,-0.8410146,-0.42128283,0.11702824,-0.09331813,0.018271243,-0.31831813,0.060131058,0.08659282,-0.61490047,-0.01289597,0.2316274,0.4523251,-0.120863706,-0.51450104,-0.30605662,-0.5306469,0.29499,-0.5033516,-0.112188004,-0.13956028,-0.011359807,0.12972629,-0.18203753,-0.060039114,-0.045748077,0.0034073622,-0.1202202,-0.13125679,-0.15232378,-0.017073296,-0.048594177,-0.29031318,-0.11203935,-0.14629973,0.048509188,0.18119842,-0.046221294,0.21299264,2.0262694,0.06288873,-0.18157592,-0.01827553,0.37061444,-0.21888664,-0.15687889,0.075670674,0.21837428
49,-0.2994402,0.340609,0.7088504,0.15591007,0.13849577,-0.22512454,-0.18180296,-0.005123875,-0.5783672,-0.34352154,-0.14693251,-0.1073357,-0.114742614,-0.1990349,-0.07210857,-0.22571516,-0.36675006,0.2712003,-0.043131344,0.106045395,-0.27931538,-0.16143802,0.14017099,0.3926257,0.34639567,-0.6128527,0.0999679,-0.44763038,-0.40099734,-0.2788661,-0.031925127,-0.042157687,-0.06085448,-0.31413302,-0.15767542,0.09404378,-0.15889579,0.11135405,0.09300874,0.04811842,0.21381496,-0.09153582,0.07346919,-0.04822523,0.11453048,-0.23827785,0.25429726,0.029580176,0.06288873,1.5731257,0.052770652,0.19092518,-0.057535373,0.27166906,0.25020742,0.23096421,0.17445004
50,0.4044268,0.7534571,0.8868541,-1.0259868,0.46939301,-0.7060509,-0.21606678,0.6172291,0.56217515,0.24562526,-0.1612337,-0.37951553,0.12943906,0.60581136,-0.121426724,0.17233992,0.575031,-0.035809457,-0.20946315,-0.3733009,0.28294083,0.34654686,-0.16831328,0.11693269,-0.37038094,-0.35096285,-0.23697762,0.3668729,0.018146552,-0.10271904,-0.30811957,-0.045984995,-0.013664201,0.3760504,0.11126281,0.30535048,0.12359258,-0.28155237,0.16193666,0.22818811,-0.07456603,0.022593807,-0.0437397,0.49071783,0.2916578,-0.20926541,0.017789444,0.2895676,-0.18157592,0.052770652,1.2888858,-0.07514046,0.14023036,0.36705968,-0.05810815,0.0097823385,0.26313138
51,-0.025598785,-1.2004743,-0.04914593,-0.6301769,-0.3178649,-0.040956862,0.32159644,-0.37851596,0.036183197,-0.05499153,0.37962532,0.06809352,0.090221,0.3984546,-0.14312014,0.15980095,0.082096756,0.32701665,0.09259454,0.02097852,0.07038322,0.13916555,-0.68261456,-0.15140408,0.3125925,0.062342152,-0.23959912,0.02886705,0.34243903,-0.04449433,-0.011156248,-0.27198434,-0.08697999,0.3447934,0.17848119,0.17163858,-0.10304077,-0.2209536,-0.024873137,-0.05688279,-0.08868738,-0.2675137,0.116335616,0.10038513,0.30984885,0.20837545,-0.34959072,-0.22371608,-0.01827553,0.19092518,-0.07514046,1.5486227,0.15767328,-0.026407834,0.20595871,-0.035746865,-0.1253475
52,-0.008114308,-0.98765373,0.37524444,-0.98979795,-0.17995977,-0.45193398,-0.08582081,-0.3554226,0.4240356,-0.24615484,-0.066030964,0.30007416,0.026289994,0.34056872,0.5786185,-0.0047090873,0.5994712,0.24567612,0.27368197,-0.1698349,0.17211369,-0.024003044,0.19380584,0.0630499,0.07013292,-0.06424173,-0.071818665,0.26418328,-0.5636883,-0.045948416,-0.18951815,-0.29174188,0.2990644,0.112139344,0.2635885,-0.17716767,0.1907255,-0.11370738,0.09721195,-0.09180906,-0.12887457,-0.17037967,-0.3173433,0.04217872,-0.30740398,-0.18187371,0.021669228,0.22202507,0.37061444,-0.057535373,0.14023036,0.15767328,1.3747803,0.057552252,0.098858975,0.04210394,-0.15787858
53,0.18954143,0.95949304,-0.29006392,0.70772564,0.13206255,-0.15478413,-0.5594884,0.84823227,0.38739341,0.12259887,-0.17641772,-0.0009447406,-0.45777774,-0.31965724,0.07969726,-0.3548953,-0.14731732,0.13720684,0.24889642,0.13357162,-0.2680593,0.050208308,0.035176277,-0.06327148,-0.14713395,0.20113409,-0.0053594634,-0.04230223,-0.08880889,0.36354375,0.36937547,0.046251617,0.035163842,-0.107187614,-0.13818306,0.04615578,-0.28365877,-0.08596146,-0.059156343,0.026039751,0.09052889,-0.0096517615,-0.23934081,-0.0074011884,-0.01535712,0.05161002,-0.08267047,0.06290175,-0.21888664,0.27166906,0.36705968,-0.026407834,0.057552252,1.1759317,0.1074522,0.07480483,0.02843547
54,-0.4361889,-1.2369173,1.0434518,-0.90552807,0.62591064,-1.0003072,0.18650186,-0.32540786,-0.19185795,-0.96363,-0.42281336,-0.05553671,-0.89103854,0.3397674,-0.083674386,-0.23030868,0.020760348,0.11469589,-0.7685374,0.17764819,-0.24699108,-0.15832779,0.15857095,-0.08290272,-0.15414703,0.3438397,0.24304019,-0.013781277,0.21059945,0.22302788,0.002964262,0.20450178,0.0591074,0.44264,-0.052466854,-0.29693556,0.0005100258,0.1238672,-0.026512738,-0.39066297,0.061065845,0.12315622,-0.14869615,0.03470868,-0.19049369,0.08480963,0.12695855,-0.005867474,-0.15687889,0.25020742,-0.05810815,0.20595871,0.098858975,0.1074522,1.2380949,-0.05733001,0.08917995
55,0.06207727,0.21594325,0.41240874,0.37822986,0.12827729,-0.1484296,-0.00966286,0.07662095,-0.11498292,0.4555334,-0.259089,-0.40212882,0.122767836,-0.21927308,-0.13836291,0.24784908,-0.5493338,-0.070952006,-0.132721,0.18287492,-0.33998635,0.18911433,-0.16724476,-0.13789241,-0.20220734,-0.11410726,0.37563428,-0.009706061,-0.08517553,-0.37863842,0.07375106,-0.22229758,0.03742955,0.06934179,0.20064105,0.17137843,-0.056088552,-0.3368016,-0.42525968,-0.28574502,0.4473439,0.18640077,0.26409376,-0.043679986,0.173047,-0.1667729,-0.10922928,0.1189859,0.075670674,0.23096421,0.0097823385,-0.035746865,0.04210394,0.07480483,-0.05733001,1.0267557,-0.0728892
56,-0.33765972,-0.20334929,0.22636032,-0.20010418,-0.65279114,-0.47519875,-0.29580998,-0.3449121,0.090842456,-0.011861348,0.5424386,0.004522039,-0.18082409,0.08554475,0.13106507,-0.055392087,0.05139724,0.20541951,0.39258152,-0.21015766,0.27338475,0.082981035,-0.027991205,-0.15124393,0.105832174,0.1467996,0.20846641,0.10171384,-0.13570987,0.25918603,-0.0647448,-0.18374796,0.22563699,0.21044216,0.024809275,-0.073186345,0.044926614,-0.039282918,-0.24137926,0.17281696,-0.13841057,0.029121738,0.17176476,-0.07122347,-0.017050201,0.2600339,-0.10916654,0.1347402,0.21837428,0.17445004,0.26313138,-0.1253475,-0.15787858,0.02843547,0.08917995,-0.0728892,1.3692986
