,0,1,2,3,4,5,6,7,8,9,10,11,12,13,14,15,16,17,18,19,20,21,22,23,24,25,26,27,28,29,30,31,32,33,34,35,36,37,38,39,40,41,42,43,44,45,46,47,48,49,50,51,52,53,54,55,56
0,11.776586,-9.533641,-8.356134,8.677741,22.326591,2.098825,0.01658542,1.4567118,4.294438,4.0080833,5.9062166,-1.5147703,1.6317031,-0.5191184,0.3969605,-2.2527962,3.480991,-0.638642,0.1639953,2.8702545,-0.8867985,1.157465,0.2812567,-0.544752,0.47615993,1.3378105,-0.5829742,-1.1179198,-1.4561977,-1.8060157,0.43979555,-0.1225498,0.15827838,-0.94790244,1.3144162,0.61987054,0.5627972,-0.7191018,0.5084498,0.39576292,-0.5651743,-0.53004444,0.15562639,0.06155294,0.23305906,0.2030595,-0.27689353,0.40797105,-0.60684156,0.2909683,-0.49371824,-0.0073561138,0.06369233,-0.15183678,0.43354976,-0.07890317,0.37472612
1,-9.533641,127.498474,9.9354315,-31.759274,-25.223701,-17.191956,-7.779058,2.075893,16.516636,7.979218,10.648487,-10.240118,11.170465,-13.85947,3.480671,-1.3877312,-7.843796,-3.5614605,-10.695385,-1.5508378,1.7542485,-5.901622,2.3578587,-3.9310446,-2.009857,-0.3492555,4.687867,2.692275,0.55853456,-0.5501886,3.769316,-0.05086156,-0.08848041,-0.24330676,-1.8441948,-3.7668288,0.52475214,1.5712559,0.3387096,1.4733268,1.304584,0.9273032,-0.39413851,1.0493263,0.8764334,-0.5384319,-1.1600132,-0.35358465,-0.31920403,-0.55359197,-1.0672429,0.97428596,1.245837,-0.60069215,0.9295796,-0.31919575,0.29236215
2,-8.356134,9.9354315,102.366585,1.4108434,-15.712358,-13.2324295,-2.685895,-7.537167,-1.5688062,9.7133045,-4.190301,-2.9574964,-4.788351,-6.0252123,-5.688262,-4.662742,11.993631,-3.7121894,6.757742,2.5114777,-1.3177547,-3.9668207,-0.51624787,1.4542382,0.25629604,1.4638567,0.9847617,-0.8434147,1.5503194,0.5601366,-1.3885095,-0.9440478,-1.601689,1.3056842,0.35933506,0.52172446,-1.1952891,-0.20174913,-0.4443449,-0.11463484,2.432486,-2.289897,0.1389595,-0.1718257,0.26825243,-1.9903679,-0.17439789,-0.7554693,0.7278049,-0.80969983,-0.9707885,0.09056418,-0.36352044,0.23805788,-1.0883651,-0.4162268,-0.29094595
3,8.677741,-31.759274,1.4108434,69.292145,4.3142405,6.15446,-4.0501137,-6.2995095,-6.890646,18.501537,2.0297444,-1.7373375,-9.890513,-0.5952542,3.2985086,0.2826751,3.196116,6.116048,-2.2903404,3.3498275,-0.6282004,-2.2780128,1.2366238,1.6767353,-0.06729162,-1.5973746,-1.1572022,-1.4159114,2.5685604,-0.3779774,0.6648153,0.8689318,1.7777283,-1.2225189,-0.89073694,0.72086155,3.4251833,-0.27422726,0.9796485,0.44447148,0.38847893,2.6893654,1.003173,0.6334739,-0.1237936,0.09157195,-0.440314,0.54515344,-0.29538238,-0.26829463,0.9873293,0.5086192,1.1888077,-0.5190295,0.82755065,-0.43432492,0.23860177
4,22.326591,-25.223701,-15.712358,4.3142405,91.58198,-14.705944,-3.0021763,-9.748827,0.7159773,1.8344154,7.1408277,-4.838189,3.2549067,-5.55563,-2.6839137,-0.5065286,-0.40826607,-4.878764,4.400934,1.5308616,-1.2991006,0.23737949,1.417141,-0.5542928,0.55297655,1.8574687,-0.46913153,1.6354105,-2.9049318,1.5090325,0.6077144,-0.9300761,-0.33228698,0.0688601,-0.775887,0.95709914,-0.8264925,-0.020271601,0.9239857,-0.6364187,0.6022171,-1.9677196,-0.62619877,-0.4677968,0.6611543,-0.465711,-0.4844146,0.9641857,-0.972925,-0.17110288,-0.51607776,0.39534944,0.25923887,-0.23652428,-0.6295165,-0.14237663,0.7301669
5,2.098825,-17.191956,-13.2324295,6.15446,-14.705944,52.483448,-8.546804,4.4050198,-2.0070038,-5.706211,-3.0459132,-11.102299,1.714157,5.8012543,-7.809767,6.0169888,3.9499602,-7.856597,1.2793907,2.3718815,1.3277541,-0.46577013,-1.044249,-0.7426107,1.2452475,1.1385056,-1.4699446,-2.2367516,1.4678915,-1.860178,0.59818244,1.5702138,0.8604195,-1.9090474,0.5720677,-1.0653903,1.2242017,-1.4732132,0.32944876,1.3518736,1.3916545,-1.0827403,0.039591957,-0.7344496,-1.3877816,0.8587917,0.24746871,-0.11982559,-0.4144619,0.18358009,0.7463378,-0.045926176,0.5960209,0.32120872,1.1193916,0.18545201,0.48198473
6,0.01658542,-7.779058,-2.685895,-4.0501137,-3.0021763,-8.546804,27.89913,-9.777039,-6.9653673,-1.8941791,-6.4475718,1.0078549,9.381961,0.006903734,2.5521445,-5.5981855,0.8768574,2.746714,1.1720712,-1.359893,-3.21369,0.9192196,0.023780935,-1.3959355,1.1421555,0.23860179,1.4319304,-1.6925855,0.3594382,-2.1530454,-0.97302,-0.5224652,-1.2038395,-0.32052588,0.01733971,0.15030667,1.1980636,-0.046563566,-0.8180561,1.0911306,-3.2302213,0.6457875,1.026273,-0.46176183,0.0621145,0.058899008,-0.09593217,-0.8508389,-0.99663305,0.1853427,0.32919466,-0.31882483,0.12536244,0.57598734,-0.13219956,0.0350691,0.24683985
7,1.4567118,2.075893,-7.537167,-6.2995095,-9.748827,4.4050198,-9.777039,28.635315,0.59230113,-3.9429839,0.5890458,6.5062246,-1.9894662,-4.375979,-2.9706235,0.2583354,3.9556785,1.5263054,-0.41250807,4.28274,-1.9176283,2.0403028,2.1400857,0.63572097,-1.194867,-0.019756865,1.2714028,1.3565984,-2.4780726,0.012497958,1.7811121,0.5092726,0.8878757,-0.65668,1.2995944,2.8740976,-1.1247134,-0.12203668,0.7033627,0.41843247,-0.2524761,0.34080443,0.15107664,-0.062341996,1.0154309,0.64439213,0.36014187,0.69590724,-0.08714099,0.011892169,-0.73335356,0.4691757,0.4363116,-0.98653805,0.34916016,-0.098146886,0.412001
8,4.294438,16.516636,-1.5688062,-6.890646,0.7159773,-2.0070038,-6.9653673,0.59230113,24.548683,2.4181786,6.7174063,-7.2494907,-1.9035065,6.58663,3.9912412,-4.66618,-0.8200582,-0.78801864,-0.13323553,0.45077363,-3.223053,-0.41866785,0.35955724,2.8383217,-1.8401912,1.4869204,-2.0764728,-0.59583795,-0.9100375,-1.6663675,-0.18048596,-0.77159715,-0.83704317,-1.053365,1.6759682,0.06404975,-0.8224025,-0.0794998,0.09211651,-0.39686555,-0.038887743,0.4781711,-0.5307691,-0.40495613,-0.3961705,1.0695202,-0.20134933,-0.027550064,0.6315336,0.6621586,-0.66323614,-0.054161273,-0.4864377,-0.37967283,0.075409554,0.08207119,-0.046967283
9,4.0080833,7.979218,9.7133045,18.501537,1.8344154,-5.706211,-1.8941791,-3.9429839,2.4181786,26.51728,-1.4441469,5.971922,4.4907827,1.180162,-0.095404595,-2.3960958,-0.7213586,-0.94535804,-1.4037833,0.29523176,1.674904,-2.090499,-1.3954341,0.6278909,-2.8850574,0.08782926,-0.49831522,-0.36629164,-0.34102046,-0.03549914,0.38506088,-0.081006005,1.3802116,-1.4964969,0.94987404,-0.6257082,-1.0996137,-0.3939247,0.7290093,0.21136898,0.024765626,-0.43639743,-0.265855,0.6218892,-0.055100445,1.0419714,-0.008760555,-0.3095724,-0.39580923,0.32583663,-0.35030174,-0.07478601,0.31039032,0.06780168,0.9670569,-0.5205906,0.052977607
10,5.9062166,10.648487,-4.190301,2.0297444,7.1408277,-3.0459132,-6.4475718,0.5890458,6.7174063,-1.4441469,25.418713,2.3377829,-1.7734864,-1.8325416,-3.1466515,-0.44021145,1.869071,2.2555592,-0.28991997,-0.7969478,1.0589275,0.25874692,1.414762,-2.2746255,0.8049772,-0.5906042,0.045882404,-2.4004602,1.5515463,-1.5335927,-0.92345285,1.166043,-0.47452092,0.47910702,0.4878529,-0.09032969,1.2437339,-0.2395486,-0.39512706,0.06665887,0.08345754,-0.18442172,0.64218426,0.33035448,-0.07304267,-0.23051177,0.6051029,-0.7071687,0.8720144,0.20894551,0.18212515,-0.34401906,0.053398766,0.09014185,0.55300707,0.309434,-0.66208094
11,-1.5147703,-10.240118,-2.9574964,-1.7373375,-4.838189,-11.102299,1.0078549,6.5062246,-7.2494907,5.971922,2.3377829,23.632353,0.19021598,0.13053799,-2.9882615,-0.36084223,-0.69727933,-1.0413342,-1.0398214,-0.5504834,0.89890003,0.8694621,-1.1682804,-0.3431822,0.85637397,-0.71258616,-1.5503913,1.4136226,-1.8797807,-0.49519503,-0.49118483,0.33982038,-1.0370096,-0.82256603,0.4807765,-1.0712962,0.27159446,0.20588076,-0.3205802,-1.3470125,-0.20060085,-0.026765425,0.13803712,0.35912326,0.45121342,0.54243785,0.875834,-0.2658583,0.3993591,0.15840942,0.45272416,-0.012969932,-0.36245382,-0.099911004,0.11108778,0.4552709,-0.00792904
12,1.6317031,11.170465,-4.788351,-9.890513,3.2549067,1.714157,9.381961,-1.9894662,-1.9035065,4.4907827,-1.7734864,0.19021598,14.349724,-1.9690171,-4.126938,0.3112211,-0.8691233,-0.558738,0.9290845,-1.2218728,0.8125546,-1.6940634,-0.170374,0.83098966,-0.14735144,1.924034,0.50679386,-1.333969,-1.0650368,-0.39896291,0.509338,-0.75658464,-0.22450033,0.13953814,1.1205077,0.17039774,0.18235672,0.63977516,0.40431774,1.3916264,-0.5259999,-0.047622368,0.6652631,-0.22295201,-0.3512739,0.57349944,0.3612871,-0.44304323,-0.031856548,0.069799334,-0.17053507,-0.16635776,0.021603813,0.6469439,0.91958153,-0.14883745,0.18874994
13,-0.5191184,-13.85947,-6.0252123,-0.5952542,-5.55563,5.8012543,0.006903734,-4.375979,6.58663,1.180162,-1.8325416,0.13053799,-1.9690171,15.238313,-4.4809856,-5.447649,-2.747623,-0.11989366,-0.7575024,-0.32882294,1.4672648,-0.4071118,0.14433497,0.5519645,-0.5362698,-0.5869112,-1.7884533,-0.45521393,-0.6671691,0.06669708,-0.8276013,-0.09597455,-0.08907086,0.06822463,-0.007291187,0.5323623,-0.43397665,-0.6219008,-0.35447726,-0.45858866,-0.42973232,0.54383826,-0.6382006,0.3629319,-0.29433405,-0.15507227,-0.19632402,-0.11536347,0.03163221,0.2524569,-0.6356063,-0.3790941,-0.42957908,0.27316245,-0.3012893,0.2511916,-0.097604826
14,0.3969605,3.480671,-5.688262,3.2985086,-2.6839137,-7.809767,2.5521445,-2.9706235,3.9912412,-0.095404595,-3.1466515,-2.9882615,-4.126938,-4.4809856,16.703167,1.5595865,0.019784516,0.596431,-1.603184,0.68636817,-0.7869874,3.3263955,-2.0856237,0.106696725,0.84852034,-0.64482534,-0.9163496,-0.46991348,0.031434596,-0.7210201,-0.026052656,-1.1656365,0.43126076,-0.8755897,0.96938014,-0.67597044,-0.29292732,0.20276983,0.25587368,0.43049896,-0.5769733,-0.05896217,-0.13794945,0.6890058,-0.6011294,-0.2523902,0.2938305,-0.10563343,-0.063521676,0.104941204,0.1698191,0.21410614,-0.6929053,-0.15161532,0.13112268,0.15613861,-0.14029025
15,-2.2527962,-1.3877312,-4.662742,0.2826751,-0.5065286,6.0169888,-5.5981855,0.2583354,-4.66618,-2.3960958,-0.44021145,-0.36084223,0.3112211,-5.447649,1.5595865,12.146247,0.16437942,0.48828065,-0.7417709,-1.6588991,-0.11777165,-0.04256382,-1.5252621,0.83824813,-2.128795,0.5035246,-1.638001,0.55587006,0.58611965,1.4119588,-2.3419461,0.07916826,-0.8889332,0.66495657,0.5344329,-0.5645083,0.32326165,0.53453076,0.5480953,-0.780194,1.130791,-0.46962935,0.34339404,0.18063068,-0.39730054,0.11971937,0.15244564,-0.30078197,0.45438206,0.22497717,-0.26319307,-0.25740415,-0.0072393836,0.5126446,0.15172577,-0.30573475,0.09788956
16,3.480991,-7.843796,11.993631,3.196116,-0.40826607,3.9499602,0.8768574,3.9556785,-0.8200582,-0.7213586,1.869071,-0.69727933,-0.8691233,-2.747623,0.019784516,0.16437942,11.560066,1.6252801,-0.0467927,-0.6100913,-0.7833924,-0.36766553,0.5805141,-2.2563415,0.017005527,1.0794611,-1.4407738,-0.45607215,-0.58335054,-1.7138579,0.21588455,-0.63810813,-0.35890824,0.3236524,0.22802645,0.21678951,0.6737015,-0.53071046,0.52504146,0.5368285,-0.8109312,-0.55826926,-0.5746126,-0.74411845,-0.16316521,0.3849072,-0.35430282,0.27170044,-0.11698139,0.43600827,-0.63699424,-0.027225444,-0.68576634,0.105794,0.014473641,0.6119107,-0.09005034
17,-0.638642,-3.5614605,-3.7121894,6.116048,-4.878764,-7.856597,2.746714,1.5263054,-0.78801864,-0.94535804,2.2555592,-1.0413342,-0.558738,-0.11989366,0.596431,0.48828065,1.6252801,12.305493,-0.74747556,-2.3669088,1.5014567,0.31348497,1.2939179,0.8158009,-2.4331932,1.0854106,0.48632422,-1.8784152,-0.6240989,0.021169228,0.073434174,0.63937724,-0.106130086,1.2126148,-0.14768589,0.9550681,-0.91062474,0.1037588,0.3082697,-0.43659976,-0.356509,0.5636554,0.53905153,0.15639228,-0.36849946,-0.04976297,-0.33374915,0.5198057,-0.13710251,-0.2553807,0.026071457,-0.28615195,-0.3083294,-0.23131892,-0.092211924,0.06576435,-0.22234468
18,0.1639953,-10.695385,6.757742,-2.2903404,4.400934,1.2793907,1.1720712,-0.41250807,-0.13323553,-1.4037833,-0.28991997,-1.0398214,0.9290845,-0.7575024,-1.603184,-0.7417709,-0.0467927,-0.74747556,10.432653,-0.2823786,-0.13810201,2.7686548,0.9265052,3.3675961,-1.3557947,-0.40042216,1.4787639,0.9435353,1.2750863,-0.77194965,0.5341904,0.21706422,-0.18099178,0.21719594,-0.32670984,-0.651001,-0.48129708,-0.6972026,0.28029442,0.6435331,-0.12196588,-0.1560709,0.41177982,0.3325196,-0.14452013,0.62090755,0.6297978,-0.31897163,0.7875649,0.014632061,0.17914301,-0.19512734,-0.3009948,-0.16812947,0.7544943,0.1421029,-0.4149959
19,2.8702545,-1.5508378,2.5114777,3.3498275,1.5308616,2.3718815,-1.359893,4.28274,0.45077363,0.29523176,-0.7969478,-0.5504834,-1.2218728,-0.32882294,0.68636817,-1.6588991,-0.6100913,-2.3669088,-0.2823786,11.371708,1.4897048,1.8730077,1.7589917,-0.88146937,-0.44052964,1.055484,0.53176546,-0.74960554,-1.0341514,0.7443261,-1.0152347,-1.7136567,-0.84387326,0.29861125,0.93130493,-0.4225356,0.5637735,0.4151906,0.3231483,0.43335629,-0.19613385,0.23209055,0.30251253,0.4367561,0.69521,-0.20094195,-0.3522058,-0.8072209,-0.0612967,-0.08515601,0.49472216,0.073562555,0.14997968,-0.28446588,-0.09485754,-0.18663129,0.22300313
20,-0.8867985,1.7542485,-1.3177547,-0.6282004,-1.2991006,1.3277541,-3.21369,-1.9176283,-3.223053,1.674904,1.0589275,0.89890003,0.8125546,1.4672648,-0.7869874,-0.11777165,-0.7833924,1.5014567,-0.13810201,1.4897048,10.91443,1.7605562,-0.22035946,-0.42784807,0.33541757,0.96589583,1.3095322,-0.38337696,1.1320717,-0.05440077,0.6895541,-1.1842957,-0.36196166,0.2910087,-0.20627919,-0.36235666,-0.27431145,0.88692784,0.19081232,0.12490283,0.6596907,-0.40948015,-0.42812854,0.10094276,-0.62108433,-0.7401125,-0.4067752,0.6783904,-0.19468282,0.28322104,-0.35363063,-0.1501208,-0.2053647,0.35588574,0.21174352,0.3802517,-0.2559201
21,1.157465,-5.901622,-3.9668207,-2.2780128,0.23737949,-0.46577013,0.9192196,2.0403028,-0.41866785,-2.090499,0.25874692,0.8694621,-1.6940634,-0.4071118,3.3263955,-0.04256382,-0.36766553,0.31348497,2.7686548,1.8730077,1.7605562,5.188367,-1.088285,0.4162603,-0.6429248,-0.4672082,0.59573185,-0.45363557,0.7379359,-1.63535,0.44926304,0.1579082,-0.7351992,0.18342024,0.22266454,-0.45168793,-0.58483803,-0.40861845,0.026923422,-0.15377383,-0.52053,-0.29209816,0.09718053,0.59729636,0.71277165,-0.12714076,0.36202794,0.04742042,-0.3730604,0.105590686,-0.45430678,-0.2542612,0.08436698,0.0765326,0.0838354,-0.1919325,-0.08209084
22,0.2812567,2.3578587,-0.51624787,1.2366238,1.417141,-1.044249,0.023780935,2.1400857,0.35955724,-1.3954341,1.414762,-1.1682804,-0.170374,0.14433497,-2.0856237,-1.5252621,0.5805141,1.2939179,0.9265052,1.7589917,-0.22035946,-1.088285,4.052572,-0.4745402,-1.5773053,-1.5761899,1.2379385,0.8478278,-0.723405,0.41311,-0.23875129,-0.5372603,-0.22767672,0.12539595,-0.82760006,-0.05109269,0.7784562,0.20104271,0.23147643,0.25866815,-0.17221549,0.7870488,0.10836491,-0.03831989,-0.7186479,0.00041212473,-0.0077616805,-0.4036513,0.17566007,-0.15406606,0.16145569,0.75764364,-0.2253269,0.00064229773,-0.2254546,0.18045731,0.042097792
23,-0.544752,-3.9310446,1.4542382,1.6767353,-0.5542928,-0.7426107,-1.3959355,0.63572097,2.8383217,0.6278909,-2.2746255,-0.3431822,0.83098966,0.5519645,0.106696725,0.83824813,-2.2563415,0.8158009,3.3675961,-0.88146937,-0.42784807,0.4162603,-0.4745402,5.728452,-0.15014076,0.6655343,0.56670976,0.12248145,0.07263671,-0.31224644,0.51324093,-0.017760385,0.096836776,0.042747892,1.3309937,0.6095525,0.2841305,1.0399106,0.7825208,-0.73858297,0.4807617,0.67688674,0.24833891,-0.17512831,-0.25033206,0.43027183,0.17430688,0.15749358,0.5223861,-0.4247264,-0.09403968,0.20885804,-0.07129389,-0.0009731413,0.18664946,0.17459622,0.15044898
24,0.47615993,-2.009857,0.25629604,-0.06729162,0.55297655,1.2452475,1.1421555,-1.194867,-1.8401912,-2.8850574,0.8049772,0.85637397,-0.14735144,-0.5362698,0.84852034,-2.128795,0.017005527,-2.4331932,-1.3557947,-0.44052964,0.33541757,-0.6429248,-1.5773053,-0.15014076,5.2853446,-0.09627919,-0.26684827,-0.698519,-0.29868189,-0.12464393,1.6962292,-0.15197402,1.4017341,0.11175577,0.785043,0.66628075,0.83649766,0.3359728,-0.21483645,0.15607199,0.27312818,-0.3608637,0.16717494,-0.2804528,0.3204664,-0.49302012,-0.29710406,0.09329192,0.22084665,-0.34087983,0.48637316,-0.25530884,-0.0966773,0.037301563,0.3127637,0.24296692,-0.14497651
25,1.3378105,-0.3492555,1.4638567,-1.5973746,1.8574687,1.1385056,0.23860179,-0.019756865,1.4869204,0.08782926,-0.5906042,-0.71258616,1.924034,-0.5869112,-0.64482534,0.5035246,1.0794611,1.0854106,-0.40042216,1.055484,0.96589583,-0.4672082,-1.5761899,0.6655343,-0.09627919,7.180941,-0.4938236,-0.058486752,-0.3269931,0.29337376,-0.16059726,1.5530593,-0.41186327,-0.9896047,0.48068404,-0.53714883,-0.48570022,0.4855742,0.3028531,0.3948111,-0.30879307,0.28797624,0.2596763,0.11571112,0.17662035,-0.11579411,-0.5112086,0.58285046,0.460006,0.7563157,0.50797176,0.057772554,0.039789423,-0.38652375,-0.23522416,0.14919405,-0.232423
26,-0.5829742,4.687867,0.9847617,-1.1572022,-0.46913153,-1.4699446,1.4319304,1.2714028,-2.0764728,-0.49831522,0.045882404,-1.5503913,0.50679386,-1.7884533,-0.9163496,-1.638001,-1.4407738,0.48632422,1.4787639,0.53176546,1.3095322,0.59573185,1.2379385,0.56670976,-0.26684827,-0.4938236,5.6856437,-0.15790668,0.3060466,-0.60143954,-1.1354047,0.9854547,1.3826432,-0.76117265,0.5805926,0.21334967,0.716537,0.00074826204,-0.09143849,-0.38874966,-0.19723058,-0.19237888,-0.77864814,-0.3496542,0.20734733,-0.0042562596,-0.15493998,0.4393636,-0.44284803,-0.07629577,0.34143096,0.36255378,0.055429306,-0.12672353,-0.11579502,-0.40118408,-0.2583743
27,-1.1179198,2.692275,-0.8434147,-1.4159114,1.6354105,-2.2367516,-1.6925855,1.3565984,-0.59583795,-0.36629164,-2.4004602,1.4136226,-1.333969,-0.45521393,-0.46991348,0.55587006,-0.45607215,-1.8784152,0.9435353,-0.74960554,-0.38337696,-0.45363557,0.8478278,0.12248145,-0.698519,-0.058486752,-0.15790668,5.146915,0.34892917,0.24032906,0.64618427,-0.14183573,-0.27295244,-0.7272903,-0.9801296,0.0203064,0.79255843,-0.23313114,0.25501812,-0.29748726,-0.6662513,0.23673624,0.42573696,0.30826163,-0.24648055,-0.3677289,-1.2928134,0.5204539,0.51610684,0.52853465,-0.37929454,-0.0022977614,-0.3024611,-0.008106796,0.08962297,0.0217457,-0.15062498
28,-1.4561977,0.55853456,1.5503194,2.5685604,-2.9049318,1.4678915,0.3594382,-2.4780726,-0.9100375,-0.34102046,1.5515463,-1.8797807,-1.0650368,-0.6671691,0.031434596,0.58611965,-0.58335054,-0.6240989,1.2750863,-1.0341514,1.1320717,0.7379359,-0.723405,0.07263671,-0.29868189,-0.3269931,0.3060466,0.34892917,3.7136784,-0.15263116,0.24142751,0.49407965,-0.38374478,0.062147923,-0.7825813,0.4088813,-0.10188602,0.48049313,0.13265124,-0.14437477,-0.5868973,0.097296596,-0.32937133,-0.3868094,0.14465305,-0.19673094,-0.0041608578,-0.48381305,0.028860413,0.48838806,0.025422847,-0.31433678,0.6158432,-0.0047103455,-0.13308156,0.103181034,0.12803581
29,-1.8060157,-0.5501886,0.5601366,-0.3779774,1.5090325,-1.860178,-2.1530454,0.012497958,-1.6663675,-0.03549914,-1.5335927,-0.49519503,-0.39896291,0.06669708,-0.7210201,1.4119588,-1.7138579,0.021169228,-0.77194965,0.7443261,-0.05440077,-1.63535,0.41311,-0.31224644,-0.12464393,0.29337376,-0.60143954,0.24032906,-0.15263116,4.131701,-1.0371083,-0.26970991,1.1509755,1.1369147,-0.21610677,0.6910414,-0.8719319,0.5384305,-0.08892918,0.6533811,-0.16197519,-0.1578608,-0.042312033,0.37882414,-0.110567555,0.1686604,0.09826565,-0.22266157,0.20640978,0.29653883,0.093879566,0.0057240753,0.072350346,-0.3779918,-0.27952975,0.44465417,-0.3060615
30,0.43979555,3.769316,-1.3885095,0.6648153,0.6077144,0.59818244,-0.97302,1.7811121,-0.18048596,0.38506088,-0.92345285,-0.49118483,0.509338,-0.8276013,-0.026052656,-2.3419461,0.21588455,0.073434174,0.5341904,-1.0152347,0.6895541,0.44926304,-0.23875129,0.51324093,1.6962292,-0.16059726,-1.1354047,0.64618427,0.24142751,-1.0371083,5.079258,0.03657355,0.66096103,0.9638746,-0.702708,-0.19884875,-0.38546175,0.13145193,0.6558552,-0.025059616,0.42990398,0.46314597,0.4612624,0.16039114,-0.078114904,-0.07625875,-0.33569402,-0.18014696,0.033158764,0.029950766,0.3310166,-0.014954487,0.24833025,-0.38460505,0.0014593692,-0.06735442,0.061818935
31,-0.1225498,-0.05086156,-0.9440478,0.8689318,-0.9300761,1.5702138,-0.5224652,0.5092726,-0.77159715,-0.081006005,1.166043,0.33982038,-0.75658464,-0.09597455,-1.1656365,0.07916826,-0.63810813,0.63937724,0.21706422,-1.7136567,-1.1842957,0.1579082,-0.5372603,-0.017760385,-0.15197402,1.5530593,0.9854547,-0.14183573,0.49407965,-0.26970991,0.03657355,3.437511,0.89273596,-0.8399043,-0.2417058,-0.46708286,-0.24168608,-0.3638565,0.6094633,-0.22135659,-0.31173444,-0.3087309,-0.2866362,0.69275564,0.33915848,-0.41658896,0.28889376,-0.1947575,-0.08128999,0.017713001,0.008297849,0.23179212,0.36565876,0.04455246,-0.32155788,0.23637922,0.20892689
32,0.15827838,-0.08848041,-1.601689,1.7777283,-0.33228698,0.8604195,-1.2038395,0.8878757,-0.83704317,1.3802116,-0.47452092,-1.0370096,-0.22450033,-0.08907086,0.43126076,-0.8889332,-0.35890824,-0.106130086,-0.18099178,-0.84387326,-0.36196166,-0.7351992,-0.22767672,0.096836776,1.4017341,-0.41186327,1.3826432,-0.27295244,-0.38374478,1.1509755,0.66096103,0.89273596,3.1589143,0.8956937,0.85697484,0.18021551,0.0972567,-0.4419616,0.41803092,0.19510171,-0.103434384,-0.4010551,-0.56607926,0.39002708,0.036539253,0.14571449,-0.038354404,0.22249177,0.18166827,0.079767846,0.019668972,0.08319082,-0.35500163,-0.055537947,-0.043135498,-0.043113425,-0.25461254
33,-0.94790244,-0.24330676,1.3056842,-1.2225189,0.0688601,-1.9090474,-0.32052588,-0.65668,-1.053365,-1.4964969,0.47910702,-0.82256603,0.13953814,0.06822463,-0.8755897,0.66495657,0.3236524,1.2126148,0.21719594,0.29861125,0.2910087,0.18342024,0.12539595,0.042747892,0.11175577,-0.9896047,-0.76117265,-0.7272903,0.062147923,1.1369147,0.9638746,-0.8399043,0.8956937,3.5546112,0.18942043,-0.59753895,0.42469198,-0.0035258275,0.37218934,-0.05022511,0.1497255,0.3171575,-0.22720495,0.35171145,0.42977166,0.596905,0.089570254,-0.18648505,0.13269709,0.3417819,-0.47443336,-0.43963486,-0.12563075,0.15539344,-0.5561205,-0.08251074,-0.23614873
34,1.3144162,-1.8441948,0.35933506,-0.89073694,-0.775887,0.5720677,0.01733971,1.2995944,1.6759682,0.94987404,0.4878529,0.4807765,1.1205077,-0.007291187,0.96938014,0.5344329,0.22802645,-0.14768589,-0.32670984,0.93130493,-0.20627919,0.22266454,-0.82760006,1.3309937,0.785043,0.48068404,0.5805926,-0.9801296,-0.7825813,-0.21610677,-0.702708,-0.2417058,0.85697484,0.18942043,2.0886128,0.5690617,0.40749228,0.13427061,0.2604891,-0.43787348,0.0810629,-0.45605505,0.045704603,-0.055837095,-0.123893976,0.19878186,-0.14778511,-0.08242494,0.09467544,0.1460993,-0.13898382,-0.22549665,-0.27689114,0.19625548,0.03924116,-0.22313209,-0.023800712
35,0.61987054,-3.7668288,0.52172446,0.72086155,0.95709914,-1.0653903,0.15030667,2.8740976,0.06404975,-0.6257082,-0.09032969,-1.0712962,0.17039774,0.5323623,-0.67597044,-0.5645083,0.21678951,0.9550681,-0.651001,-0.4225356,-0.36235666,-0.45168793,-0.05109269,0.6095525,0.66628075,-0.53714883,0.21334967,0.0203064,0.4088813,0.6910414,-0.19884875,-0.46708286,0.18021551,-0.59753895,0.5690617,3.154976,-0.64439315,0.5196303,-0.048352234,0.14985013,-0.39154202,-0.06162827,0.2868606,-0.34018147,0.02859179,-0.7921552,-0.22229122,-0.13087618,0.041052595,-0.13212949,-0.36717582,-0.23951688,0.20919716,0.010039797,0.2802614,-0.19237398,0.08977111
36,0.5627972,0.52475214,-1.1952891,3.4251833,-0.8264925,1.2242017,1.1980636,-1.1247134,-0.8224025,-1.0996137,1.2437339,0.27159446,0.18235672,-0.43397665,-0.29292732,0.32326165,0.6737015,-0.91062474,-0.48129708,0.5637735,-0.27431145,-0.58483803,0.7784562,0.2841305,0.83649766,-0.48570022,0.716537,0.79255843,-0.10188602,-0.8719319,-0.38546175,-0.24168608,0.0972567,0.42469198,0.40749228,-0.64439315,2.401626,0.092944555,0.2997829,-0.10772918,-0.18212792,0.63692427,0.013265513,0.06525098,-0.055817038,0.12652776,-0.34472784,0.16478878,0.18290785,0.15438846,-0.15614063,0.08054529,-0.21159403,0.37102428,-0.05369817,0.05818203,-0.050012827
37,-0.7191018,1.5712559,-0.20174913,-0.27422726,-0.020271601,-1.4732132,-0.046563566,-0.12203668,-0.0794998,-0.3939247,-0.2395486,0.20588076,0.63977516,-0.6219008,0.20276983,0.53453076,-0.53071046,0.1037588,-0.6972026,0.4151906,0.88692784,-0.40861845,0.20104271,1.0399106,0.3359728,0.4855742,0.00074826204,-0.23313114,0.48049313,0.5384305,0.13145193,-0.3638565,-0.4419616,-0.0035258275,0.13427061,0.5196303,0.092944555,1.4725873,0.42314142,-0.38549775,-0.19900803,0.4025147,-0.1649372,-0.58832586,-0.023445874,0.007815534,-0.036647335,-0.5577558,0.18785363,-0.14211887,0.3078372,0.2304518,0.15016264,0.13261023,-0.17241313,0.3825551,0.046184666
38,0.5084498,0.3387096,-0.4443449,0.9796485,0.9239857,0.32944876,-0.8180561,0.7033627,0.09211651,0.7290093,-0.39512706,-0.3205802,0.40431774,-0.35447726,0.25587368,0.5480953,0.52504146,0.3082697,0.28029442,0.3231483,0.19081232,0.026923422,0.23147643,0.7825208,-0.21483645,0.3028531,-0.09143849,0.25501812,0.13265124,-0.08892918,0.6558552,0.6094633,0.41803092,0.37218934,0.2604891,-0.048352234,0.2997829,0.42314142,1.2540505,-0.19436887,-0.2842765,0.019964572,-0.48920542,0.37930965,0.0069218082,-0.20375264,-0.06089096,-0.6050482,0.18375202,-0.10374321,-0.1933125,0.012858164,-0.13844581,0.096217066,-0.016282458,0.45911452,0.29403222
39,0.39576292,1.4733268,-0.11463484,0.44447148,-0.6364187,1.3518736,1.0911306,0.41843247,-0.39686555,0.21136898,0.06665887,-1.3470125,1.3916264,-0.45858866,0.43049896,-0.780194,0.5368285,-0.43659976,0.6435331,0.43335629,0.12490283,-0.15377383,0.25866815,-0.73858297,0.15607199,0.3948111,-0.38874966,-0.29748726,-0.14437477,0.6533811,-0.025059616,-0.22135659,0.19510171,-0.05022511,-0.43787348,0.14985013,-0.10772918,-0.38549775,-0.19436887,1.9614136,-0.2601136,0.32751948,0.4458106,0.65872777,-0.15201005,0.034148104,0.5998242,0.28225213,0.04534141,-0.06532191,-0.26927587,0.048760757,0.12603264,-0.010343007,0.43346912,0.3290379,-0.19861853
40,-0.5651743,1.304584,2.432486,0.38847893,0.6022171,1.3916545,-3.2302213,-0.2524761,-0.038887743,0.024765626,0.08345754,-0.20060085,-0.5259999,-0.42973232,-0.5769733,1.130791,-0.8109312,-0.356509,-0.12196588,-0.19613385,0.6596907,-0.52053,-0.17221549,0.4807617,0.27312818,-0.30879307,-0.19723058,-0.6662513,-0.5868973,-0.16197519,0.42990398,-0.31173444,-0.103434384,0.1497255,0.0810629,-0.39154202,-0.18212792,-0.19900803,-0.2842765,-0.2601136,1.6372206,0.045174427,0.20655984,0.0734132,-0.29509783,-0.18219078,0.26015761,0.18028346,-0.0020124086,-0.20913768,0.10438521,0.14130576,0.115011334,-0.15265156,-0.022298671,-0.50264215,0.16488792
41,-0.53004444,0.9273032,-2.289897,2.6893654,-1.9677196,-1.0827403,0.6457875,0.34080443,0.4781711,-0.43639743,-0.18442172,-0.026765425,-0.047622368,0.54383826,-0.05896217,-0.46962935,-0.55826926,0.5636554,-0.1560709,0.23209055,-0.40948015,-0.29209816,0.7870488,0.67688674,-0.3608637,0.28797624,-0.19237888,0.23673624,0.097296596,-0.1578608,0.46314597,-0.3087309,-0.4010551,0.3171575,-0.45605505,-0.06162827,0.63692427,0.4025147,0.019964572,0.32751948,0.045174427,1.4888178,0.20994508,0.107296854,0.14376426,0.038551517,0.19782245,-0.042435408,0.312037,0.113036424,-0.010567028,0.33522856,0.19502574,-0.042854067,-0.10116106,-0.20479625,-0.053997666
42,0.15562639,-0.39413851,0.1389595,1.003173,-0.62619877,0.039591957,1.026273,0.15107664,-0.5307691,-0.265855,0.64218426,0.13803712,0.6652631,-0.6382006,-0.13794945,0.34339404,-0.5746126,0.53905153,0.41177982,0.30251253,-0.42812854,0.09718053,0.10836491,0.24833891,0.16717494,0.2596763,-0.77864814,0.42573696,-0.32937133,-0.042312033,0.4612624,-0.2866362,-0.56607926,-0.22720495,0.045704603,0.2868606,0.013265513,-0.1649372,-0.48920542,0.4458106,0.20655984,0.20994508,1.6792704,0.24304256,-0.40521002,-0.038644873,-0.28127995,0.043429397,0.10967854,-0.074216485,0.05882536,-0.11639776,0.34349373,0.25648612,0.17672485,-0.30059662,-0.18423392
43,0.06155294,1.0493263,-0.1718257,0.6334739,-0.4677968,-0.7344496,-0.46176183,-0.062341996,-0.40495613,0.6218892,0.33035448,0.35912326,-0.22295201,0.3629319,0.6890058,0.18063068,-0.74411845,0.15639228,0.3325196,0.4367561,0.10094276,0.59729636,-0.03831989,-0.17512831,-0.2804528,0.11571112,-0.3496542,0.30826163,-0.3868094,0.37882414,0.16039114,0.69275564,0.39002708,0.35171145,-0.055837095,-0.34018147,0.06525098,-0.58832586,0.37930965,0.65872777,0.0734132,0.107296854,0.24304256,1.4213033,-0.0636085,-0.5829713,0.26493987,-0.10409378,0.064775884,0.09179802,-0.4996876,-0.021411728,-0.066668764,-0.1212225,0.094988964,0.07585961,0.055332467
44,0.23305906,0.8764334,0.26825243,-0.1237936,0.6611543,-1.3877816,0.0621145,1.0154309,-0.3961705,-0.055100445,-0.07304267,0.45121342,-0.3512739,-0.29433405,-0.6011294,-0.39730054,-0.16316521,-0.36849946,-0.14452013,0.69521,-0.62108433,0.71277165,-0.7186479,-0.25033206,0.3204664,0.17662035,0.20734733,-0.24648055,0.14465305,-0.110567555,-0.078114904,0.33915848,0.036539253,0.42977166,-0.123893976,0.02859179,-0.055817038,-0.023445874,0.0069218082,-0.15201005,-0.29509783,0.14376426,-0.40521002,-0.0636085,1.5518827,0.085799366,-0.14810371,-0.06474735,-0.047222972,-0.137446,-0.3340997,-0.3537612,0.34695724,0.023442984,0.2128255,-0.19564793,0.016587961
45,0.2030595,-0.5384319,-1.9903679,0.09157195,-0.465711,0.8587917,0.058899008,0.64439213,1.0695202,1.0419714,-0.23051177,0.54243785,0.57349944,-0.15507227,-0.2523902,0.11971937,0.3849072,-0.04976297,0.62090755,-0.20094195,-0.7401125,-0.12714076,0.00041212473,0.43027183,-0.49302012,-0.11579411,-0.0042562596,-0.3677289,-0.19673094,0.1686604,-0.07625875,-0.41658896,0.14571449,0.596905,0.19878186,-0.7921552,0.12652776,0.007815534,-0.20375264,0.034148104,-0.18219078,0.038551517,-0.038644873,-0.5829713,0.085799366,1.5556598,0.04498911,0.14274824,-0.22266562,0.2788117,0.2602399,-0.22445416,0.20527577,-0.07934655,-0.065258235,0.20730817,-0.30204335
46,-0.27689353,-1.1600132,-0.17439789,-0.440314,-0.4844146,0.24746871,-0.09593217,0.36014187,-0.20134933,-0.008760555,0.6051029,0.875834,0.3612871,-0.19632402,0.2938305,0.15244564,-0.35430282,-0.33374915,0.6297978,-0.3522058,-0.4067752,0.36202794,-0.0077616805,0.17430688,-0.29710406,-0.5112086,-0.15493998,-1.2928134,-0.0041608578,0.09826565,-0.33569402,0.28889376,-0.038354404,0.089570254,-0.14778511,-0.22229122,-0.34472784,-0.036647335,-0.06089096,0.5998242,0.26015761,0.19782245,-0.28127995,0.26493987,-0.14810371,0.04498911,1.2557597,-0.03019313,0.018572688,-0.2685939,-0.009497599,0.4178465,-0.023764381,0.039540578,-0.08146453,0.13755119,0.10444994
47,0.40797105,-0.35358465,-0.7554693,0.54515344,0.9641857,-0.11982559,-0.8508389,0.69590724,-0.027550064,-0.3095724,-0.7071687,-0.2658583,-0.44304323,-0.11536347,-0.10563343,-0.30078197,0.27170044,0.5198057,-0.31897163,-0.8072209,0.6783904,0.04742042,-0.4036513,0.15749358,0.09329192,0.58285046,0.4393636,0.5204539,-0.48381305,-0.22266157,-0.18014696,-0.1947575,0.22249177,-0.18648505,-0.08242494,-0.13087618,0.16478878,-0.5577558,-0.6050482,0.28225213,0.18028346,-0.042435408,0.043429397,-0.10409378,-0.06474735,0.14274824,-0.03019313,1.6617652,-0.2052924,-0.045224197,-0.34613514,0.21463296,-0.23810005,-0.016784348,-0.03344934,-0.13628544,-0.14011738
48,-0.60684156,-0.31920403,0.7278049,-0.29538238,-0.972925,-0.4144619,-0.99663305,-0.08714099,0.6315336,-0.39580923,0.8720144,0.3993591,-0.031856548,0.03163221,-0.063521676,0.45438206,-0.11698139,-0.13710251,0.7875649,-0.0612967,-0.19468282,-0.3730604,0.17566007,0.5223861,0.22084665,0.460006,-0.44284803,0.51610684,0.028860413,0.20640978,0.033158764,-0.08128999,0.18166827,0.13269709,0.09467544,0.041052595,0.18290785,0.18785363,0.18375202,0.04534141,-0.0020124086,0.312037,0.10967854,0.064775884,-0.047222972,-0.22266562,0.018572688,-0.2052924,0.8465144,-0.04186172,0.22774403,0.06091182,-0.44370764,0.20231538,0.21671906,-0.087827645,-0.24721694
49,0.2909683,-0.55359197,-0.80969983,-0.26829463,-0.17110288,0.18358009,0.1853427,0.011892169,0.6621586,0.32583663,0.20894551,0.15840942,0.069799334,0.2524569,0.104941204,0.22497717,0.43600827,-0.2553807,0.014632061,-0.08515601,0.28322104,0.105590686,-0.15406606,-0.4247264,-0.34087983,0.7563157,-0.07629577,0.52853465,0.48838806,0.29653883,0.029950766,0.017713001,0.079767846,0.3417819,0.1460993,-0.13212949,0.15438846,-0.14211887,-0.10374321,-0.06532191,-0.20913768,0.113036424,-0.074216485,0.09179802,-0.137446,0.2788117,-0.2685939,-0.045224197,-0.04186172,1.1352789,-0.06254339,-0.23455317,0.084462464,-0.28871846,-0.30478245,-0.25597104,-0.20324835
50,-0.49371824,-1.0672429,-0.9707885,0.9873293,-0.51607776,0.7463378,0.32919466,-0.73335356,-0.66323614,-0.35030174,0.18212515,0.45272416,-0.17053507,-0.6356063,0.1698191,-0.26319307,-0.63699424,0.026071457,0.17914301,0.49472216,-0.35363063,-0.45430678,0.16145569,-0.09403968,0.48637316,0.50797176,0.34143096,-0.37929454,0.025422847,0.093879566,0.3310166,0.008297849,0.019668972,-0.47443336,-0.13898382,-0.36717582,-0.15614063,0.3078372,-0.1933125,-0.26927587,0.10438521,-0.010567028,0.05882536,-0.4996876,-0.3340997,0.2602399,-0.009497599,-0.34613514,0.22774403,-0.06254339,1.3502656,0.06438035,-0.13814577,-0.3877932,0.03351853,-0.011922635,-0.29520732
51,-0.0073561138,0.97428596,0.09056418,0.5086192,0.39534944,-0.045926176,-0.31882483,0.4691757,-0.054161273,-0.07478601,-0.34401906,-0.012969932,-0.16635776,-0.3790941,0.21410614,-0.25740415,-0.027225444,-0.28615195,-0.19512734,0.073562555,-0.1501208,-0.2542612,0.75764364,0.20885804,-0.25530884,0.057772554,0.36255378,-0.0022977614,-0.31433678,0.0057240753,-0.014954487,0.23179212,0.08319082,-0.43963486,-0.22549665,-0.23951688,0.08054529,0.2304518,0.012858164,0.048760757,0.14130576,0.33522856,-0.11639776,-0.021411728,-0.3537612,-0.22445416,0.4178465,0.21463296,0.06091182,-0.23455317,0.06438035,0.80263215,-0.15219507,0.06862402,-0.27776176,0.03704951,0.13706566
52,0.06369233,1.245837,-0.36352044,1.1888077,0.25923887,0.5960209,0.12536244,0.4363116,-0.4864377,0.31039032,0.053398766,-0.36245382,0.021603813,-0.42957908,-0.6929053,-0.0072393836,-0.68576634,-0.3083294,-0.3009948,0.14997968,-0.2053647,0.08436698,-0.2253269,-0.07129389,-0.0966773,0.039789423,0.055429306,-0.3024611,0.6158432,0.072350346,0.24833025,0.36565876,-0.35500163,-0.12563075,-0.27689114,0.20919716,-0.21159403,0.15016264,-0.13844581,0.12603264,0.115011334,0.19502574,0.34349373,-0.066668764,0.34695724,0.20527577,-0.023764381,-0.23810005,-0.44370764,0.084462464,-0.13814577,-0.15219507,0.8728897,-0.0767525,-0.108954415,-0.054227438,0.1957235
53,-0.15183678,-0.60069215,0.23805788,-0.5190295,-0.23652428,0.32120872,0.57598734,-0.98653805,-0.37967283,0.06780168,0.09014185,-0.099911004,0.6469439,0.27316245,-0.15161532,0.5126446,0.105794,-0.23131892,-0.16812947,-0.28446588,0.35588574,0.0765326,0.00064229773,-0.0009731413,0.037301563,-0.38652375,-0.12672353,-0.008106796,-0.0047103455,-0.3779918,-0.38460505,0.04455246,-0.055537947,0.15539344,0.19625548,0.010039797,0.37102428,0.13261023,0.096217066,-0.010343007,-0.15265156,-0.042854067,0.25648612,-0.1212225,0.023442984,-0.07934655,0.039540578,-0.016784348,0.20231538,-0.28871846,-0.3877932,0.06862402,-0.0767525,0.9386988,-0.07051575,-0.07572459,-0.034065478
54,0.43354976,0.9295796,-1.0883651,0.82755065,-0.6295165,1.1193916,-0.13219956,0.34916016,0.075409554,0.9670569,0.55300707,0.11108778,0.91958153,-0.3012893,0.13112268,0.15172577,0.014473641,-0.092211924,0.7544943,-0.09485754,0.21174352,0.0838354,-0.2254546,0.18664946,0.3127637,-0.23522416,-0.11579502,0.08962297,-0.13308156,-0.27952975,0.0014593692,-0.32155788,-0.043135498,-0.5561205,0.03924116,0.2802614,-0.05369817,-0.17241313,-0.016282458,0.43346912,-0.022298671,-0.10116106,0.17672485,0.094988964,0.2128255,-0.065258235,-0.08146453,-0.03344934,0.21671906,-0.30478245,0.03351853,-0.27776176,-0.108954415,-0.07051575,0.8545661,0.05366431,-0.093152
55,-0.07890317,-0.31919575,-0.4162268,-0.43432492,-0.14237663,0.18545201,0.0350691,-0.098146886,0.08207119,-0.5205906,0.309434,0.4552709,-0.14883745,0.2511916,0.15613861,-0.30573475,0.6119107,0.06576435,0.1421029,-0.18663129,0.3802517,-0.1919325,0.18045731,0.17459622,0.24296692,0.14919405,-0.40118408,0.0217457,0.103181034,0.44465417,-0.06735442,0.23637922,-0.043113425,-0.08251074,-0.22313209,-0.19237398,0.05818203,0.3825551,0.45911452,0.3290379,-0.50264215,-0.20479625,-0.30059662,0.07585961,-0.19564793,0.20730817,0.13755119,-0.13628544,-0.087827645,-0.25597104,-0.011922635,0.03704951,-0.054227438,-0.07572459,0.05366431,1.0179955,0.090619475
56,0.37472612,0.29236215,-0.29094595,0.23860177,0.7301669,0.48198473,0.24683985,0.412001,-0.046967283,0.052977607,-0.66208094,-0.00792904,0.18874994,-0.097604826,-0.14029025,0.09788956,-0.09005034,-0.22234468,-0.4149959,0.22300313,-0.2559201,-0.08209084,0.042097792,0.15044898,-0.14497651,-0.232423,-0.2583743,-0.15062498,0.12803581,-0.3060615,0.061818935,0.20892689,-0.25461254,-0.23614873,-0.023800712,0.08977111,-0.050012827,0.046184666,0.29403222,-0.19861853,0.16488792,-0.053997666,-0.18423392,0.055332467,0.016587961,-0.30204335,0.10444994,-0.14011738,-0.24721694,-0.20324835,-0.29520732,0.13706566,0.1957235,-0.034065478,-0.093152,0.090619475,0.58059907
