,0,1,2,3,4,5,6,7,8,9,10,11,12,13,14,15,16,17,18,19,20,21,22,23,24,25,26,27,28,29,30,31,32,33,34,35,36,37,38,39,40,41,42,43,44,45,46,47,48,49
0,19.238213,-73.34426,9.711261,-0.0012297668,0.0003329754,-0.00086106657,0.0004996457,0.0013023852,0.00025980684,8.843502e-05,-0.00043594808,0.00024985505,-0.00014089569,0.00013688541,0.0004785025,0.00010513937,-4.2887175e-05,-0.00015869434,7.752556e-05,4.646105e-05,-0.00017551275,-3.5020257e-05,-0.00016921044,-0.00010136428,-1.7852264e-05,-9.900019e-05,-1.4132904e-05,6.714216e-05,-1.0323485e-05,-9.937468e-05,-7.3154515e-05,5.0384435e-05,-7.554564e-05,-0.000102280865,1.7175793e-05,-1.7250772e-05,0.00014193187,8.497694e-05,-3.3554887e-05,4.3043052e-05,-2.3045e-05,-9.398723e-05,-8.144594e-06,-1.9295814e-05,-1.5678255e-05,1.694062e-05,1.6331762e-05,-2.0334423e-05,-1.9486113e-05,-4.487534e-05
1,-73.34426,301.8403,13.461935,-0.0019680087,-0.0055606933,0.0010297329,-0.0007401322,-0.004786213,-0.00054968183,0.0012515469,0.0023418614,-0.0012956352,-0.000650681,-0.00094303425,-0.0013520255,-0.00042559963,-4.131897e-05,0.0010160508,-0.00036584906,0.00036867207,0.00058113586,0.00046063864,0.0007886547,1.9371899e-05,0.0002148537,0.00047193846,-6.241496e-05,-0.00019697557,0.00019969634,7.114261e-08,3.3171083e-05,-5.8691672e-05,0.00012637177,0.00021670626,0.000106730644,-3.9426355e-05,-0.00043992692,-0.0001331793,0.00018273033,-0.00014593679,0.00020182943,0.00022765175,-0.00012168492,0.00010210574,7.401145e-05,5.66486e-05,-0.00019567943,0.00021738908,1.4739857e-05,5.438336e-05
2,9.711261,13.461935,119.647224,-0.0015145503,-0.0020368947,0.00035300697,0.00051968836,-0.0010305152,-0.00044850644,0.00055767054,-0.0005879721,-0.0007758329,0.00011935944,-0.0010038766,-0.00012996278,0.0004884807,0.00027572396,-4.128e-05,-0.00037766865,-0.00040208036,0.00025560934,0.00036324776,0.00030071597,-0.00021906078,-0.00014364775,-0.000111080786,-7.2752024e-05,0.00010274169,-2.7576047e-05,-0.0001298791,5.339045e-05,0.000110329565,-0.0002208766,5.733101e-06,1.4558045e-05,0.00013416521,1.1126625e-05,-0.00013159344,8.254413e-05,-0.00024598785,0.00011378719,9.756407e-05,4.4817854e-05,0.00014917189,-6.196959e-05,-9.9529774e-05,-0.00016969278,0.00011225653,1.2327237e-05,-4.4876455e-05
3,-0.0012297668,-0.0019680087,-0.0015145503,0.020515695,-0.0031373436,-0.00095018244,-0.0036350589,0.0018837166,6.9542366e-05,0.00092959707,0.0010210794,0.0010117232,0.0007913285,0.00014488169,-0.0013442703,-0.00036810728,0.00023765833,0.00031251635,0.00018707805,-0.0005329458,0.00029775483,-0.0010440381,0.0006305482,0.00013148942,-0.00022474548,0.000171841,-0.00017226565,-0.0002063982,0.0003757312,0.00024597053,0.00037415558,-0.0003460459,2.1965363e-05,3.699479e-05,0.00020405828,-9.977429e-05,-0.0003556245,-2.026607e-05,-0.00011469489,3.2592114e-05,0.00019149642,0.00018044985,0.00030482304,0.00012277073,-0.00017791976,-8.208691e-05,-4.1582265e-05,1.5393089e-05,6.670453e-05,3.5849152e-05
4,0.0003329754,-0.0055606933,-0.0020368947,-0.0031373436,0.012611704,-0.00034422078,-0.0010168614,-0.0010210598,-0.0013038954,5.1610383e-05,-0.00043917474,-0.00026212793,-0.0005227458,-0.0014751293,-0.00044087405,0.0008580968,0.00060636894,3.2326934e-05,-0.00049522676,-0.00079513213,-8.275399e-05,0.0007229558,-5.929679e-05,-0.00036313594,-0.00017467761,5.7395042e-05,0.00021832279,0.00023344334,-9.497588e-05,-0.00028028624,5.7217847e-05,0.00017571019,-0.00012227164,-1.7024222e-06,-0.00013801866,0.00018593812,0.000104030565,-0.00021685695,7.2123745e-05,-0.00028054515,-3.927472e-05,0.00018201498,-5.5349272e-05,0.0002382755,-3.460244e-05,-0.00024170888,-0.00011967017,-7.944813e-05,0.00014057284,-2.4383899e-05
5,-0.00086106657,0.0010297329,0.00035300697,-0.00095018244,-0.00034422078,0.011658981,-0.0008732524,0.00074994593,-0.00036235602,-0.0023426414,0.00032788815,-0.00035320286,8.789169e-05,0.00035001096,-0.0002051268,-0.00053560006,1.8681047e-05,0.0005380354,0.0002493678,-9.548549e-05,6.743299e-05,8.1100174e-05,4.9169394e-05,-0.00012245792,-0.00027898763,-0.0001563524,9.719783e-05,6.629342e-05,-1.6584345e-05,-3.956786e-05,0.00016656284,-0.0002904481,-4.5845765e-05,-7.646782e-06,7.088721e-05,0.00020132327,0.00013032537,-0.00012031917,9.5243624e-05,-2.5128571e-05,-0.0001321804,3.3283104e-05,6.12914e-05,-2.1829572e-05,-0.000109857865,8.1938226e-05,9.775499e-05,0.00011447264,-3.2044674e-05,0.000101232785
6,0.0004996457,-0.0007401322,0.00051968836,-0.0036350589,-0.0010168614,-0.0008732524,0.0051421244,-0.0006163431,-0.00024429872,-0.0005123004,-0.0012022632,0.00052899093,-0.00010937604,0.0007332997,-3.1059444e-05,-0.00031559207,-4.981549e-06,-9.387909e-05,0.00028468014,0.00023444781,0.00014302408,0.0004997236,-0.0002291608,-0.0001267266,-0.00022427512,0.00037615342,-0.0002483304,3.3865123e-05,3.53874e-05,0.00017815182,2.226339e-05,0.00012512854,1.1212767e-05,5.198002e-06,-9.8040055e-06,0.00011210773,8.666553e-06,1.1512962e-05,-6.8574496e-05,5.370725e-05,5.7553003e-05,-4.764316e-05,-8.426546e-05,-1.6612083e-05,-2.1771673e-05,-9.1092505e-07,1.636149e-05,-0.00011432897,-1.2734517e-05,3.4415138e-05
7,0.0013023852,-0.004786213,-0.0010305152,0.0018837166,-0.0010210598,0.00074994593,-0.0006163431,0.0018337346,0.00047325325,0.00056813133,0.0007140373,1.0015764e-06,-0.00048315182,-0.00029593578,-0.00028476433,0.00014764868,5.467376e-05,0.0003395202,-3.2312164e-05,0.00039576556,-2.3481172e-05,-3.5999426e-05,0.00011033926,-3.8682563e-05,0.00013384895,0.0002096823,-0.00010627308,-4.8157446e-05,0.00010414574,4.0225234e-05,0.00013852504,1.4662568e-05,-4.056018e-05,-1.7325368e-06,0.000107655665,8.0341e-06,-4.5880035e-05,6.871938e-05,6.6784305e-05,1.0225336e-05,5.829968e-05,0.000121311445,-6.4308874e-06,1.3219309e-05,-2.9255954e-05,-4.577902e-06,-5.3288015e-05,3.4619028e-05,-2.7734084e-05,6.5687425e-05
8,0.00025980684,-0.00054968183,-0.00044850644,6.9542366e-05,-0.0013038954,-0.00036235602,-0.00024429872,0.00047325325,0.003242416,-0.00024369078,0.00025760013,-0.00035003142,-0.00056053017,9.3067836e-05,4.5628076e-05,0.00031385483,-0.0002502278,0.0001552786,6.0734877e-05,-4.0088864e-05,-0.00020009425,-8.353666e-05,0.00026707703,1.2921422e-05,-3.9041843e-05,0.0003762546,-4.02886e-05,0.00017994472,-9.430005e-05,0.00011505438,-1.5874497e-07,4.626921e-05,0.00019768691,-1.5928166e-05,-6.0610214e-06,-0.00011806523,0.00010675455,0.00015457618,2.105718e-05,-0.00016337473,-1.1875118e-05,-4.161412e-05,6.923718e-05,-4.4636807e-05,4.7275767e-05,3.3876342e-05,-7.784184e-05,-0.00010257535,-6.41698e-05,2.5464756e-06
9,8.843502e-05,0.0012515469,0.00055767054,0.00092959707,5.1610383e-05,-0.0023426414,-0.0005123004,0.00056813133,-0.00024369078,0.0019981223,0.0005562963,0.00043243106,0.00038002845,7.939057e-05,-0.00027458853,-0.00010382813,-7.883327e-05,8.3636696e-05,-0.00027517034,9.573774e-05,-0.00012884983,5.50549e-05,-3.35213e-05,5.7496007e-05,7.6561024e-05,7.232398e-05,-5.921349e-05,-0.0001564203,0.00010164866,-0.00010625068,1.8201897e-06,2.5106094e-05,-5.097504e-06,5.85546e-05,6.586929e-05,8.270121e-06,-7.013733e-05,3.5746147e-05,-2.6604452e-05,-3.390832e-05,-2.2718406e-05,2.9693285e-05,-0.00010534401,2.2603395e-05,4.5547655e-05,-3.014752e-05,9.857807e-06,-1.4069731e-05,8.150823e-05,-2.8032639e-05
10,-0.00043594808,0.0023418614,-0.0005879721,0.0010210794,-0.00043917474,0.00032788815,-0.0012022632,0.0007140373,0.00025760013,0.0005562963,0.0019781562,9.8521145e-05,-3.3638124e-05,-0.0003372638,0.00018334843,0.00025404806,-0.000106565974,5.7136826e-06,0.00027089095,-3.3345368e-05,-8.627593e-07,6.328049e-05,-7.8016594e-05,0.00027686643,-6.802848e-05,7.151469e-05,0.00015512672,-6.04963e-05,-8.104024e-06,-6.600736e-05,0.000110270455,0.000112830996,-0.00013163577,-9.896257e-05,0.00010826551,-3.991647e-05,-2.5441757e-06,-6.24101e-05,-9.966914e-05,6.389403e-05,4.126653e-05,-1.7266062e-05,5.6051846e-05,3.8959747e-06,-5.444682e-05,5.7169822e-05,2.5663365e-05,-6.6452565e-05,1.9800715e-05,-1.1842675e-06
11,0.00024985505,-0.0012956352,-0.0007758329,0.0010117232,-0.00026212793,-0.00035320286,0.00052899093,1.0015764e-06,-0.00035003142,0.00043243106,9.8521145e-05,0.0016065848,-1.6208314e-05,9.9911675e-05,-0.0001216737,2.5752111e-05,0.0003544226,9.5166986e-05,-5.9154358e-05,-0.00039300305,-0.0002020133,0.00014479732,0.00011128405,0.00020455042,-3.7060483e-05,-5.0519226e-05,-0.00016368701,-0.00014118414,-0.00012379201,9.302931e-05,0.00010926986,-0.00012656013,-8.077407e-05,1.057828e-05,-7.765512e-06,-3.0046747e-05,2.0810454e-05,4.311803e-05,-3.6644866e-05,-2.9465577e-05,-8.35144e-05,-0.00010001337,-1.9163826e-05,3.5406142e-06,-6.342825e-05,1.6321508e-05,1.4548021e-05,5.2584837e-05,-4.734363e-06,2.6486476e-05
12,-0.00014089569,-0.000650681,0.00011935944,0.0007913285,-0.0005227458,8.789169e-05,-0.00010937604,-0.00048315182,-0.00056053017,0.00038002845,-3.3638124e-05,-1.6208314e-05,0.0017925603,0.0003292857,0.00018164059,-0.00039457966,-7.68452e-05,2.7600909e-05,0.00011254201,-0.00011802772,-0.00011165052,1.9209845e-05,-0.00011943913,0.00016873422,-9.924275e-05,-0.00011513871,4.316298e-05,-0.00013044383,-0.00014812092,-1.9396928e-05,4.0396604e-05,-2.7671413e-06,5.9435908e-05,4.068166e-05,-6.2354375e-05,2.7434892e-06,-8.882873e-05,-2.7984129e-06,4.617493e-05,9.194718e-06,4.2955377e-05,3.576944e-05,3.2458265e-05,-6.618026e-05,2.9196597e-05,-7.117176e-05,-3.0011983e-05,-5.3590375e-05,6.3334875e-05,3.0752353e-06
13,0.00013688541,-0.00094303425,-0.0010038766,0.00014488169,-0.0014751293,0.00035001096,0.0007332997,-0.00029593578,9.3067836e-05,7.939057e-05,-0.0003372638,9.9911675e-05,0.0003292857,0.002056908,-3.0541291e-06,3.1552779e-07,-0.00017676456,1.8581602e-05,-0.00013215542,-0.0001310696,7.56783e-05,-0.00012300852,0.0001938144,-8.841858e-05,-0.00015726523,8.440025e-05,-6.096389e-05,0.00015378214,-6.8920126e-05,-0.00011667599,4.292737e-06,-8.889323e-06,-0.0001104734,0.00013195482,-5.9140293e-05,4.901033e-06,-9.700771e-05,-6.713353e-05,-6.608172e-05,-1.3145929e-05,3.7570215e-05,-4.0938603e-06,6.9321235e-05,3.5134755e-05,1.3245723e-05,2.320555e-06,2.8055096e-05,3.836304e-05,8.2934044e-08,6.290069e-06
14,0.0004785025,-0.0013520255,-0.00012996278,-0.0013442703,-0.00044087405,-0.0002051268,-3.1059444e-05,-0.00028476433,4.5628076e-05,-0.00027458853,0.00018334843,-0.0001216737,0.00018164059,-3.0541291e-06,0.0010144226,-0.00022212742,0.0001254863,9.338117e-05,5.7716752e-05,0.00012838545,5.2901603e-05,5.8683607e-05,4.27305e-05,0.000115046816,-6.794079e-05,-0.00013711178,5.2823707e-05,-1.0845382e-06,-5.15184e-05,3.9799826e-05,-7.93794e-05,9.200777e-05,-6.415126e-05,2.2458062e-05,5.224179e-05,3.6451995e-05,8.007079e-05,-3.079088e-06,1.4841976e-05,3.3606128e-05,2.9507846e-05,-9.313013e-05,8.839238e-05,3.4405493e-05,-3.6818524e-06,-1.1377277e-05,-4.487278e-05,-2.2440418e-05,-4.5244204e-05,-2.2009244e-05
15,0.00010513937,-0.00042559963,0.0004884807,-0.00036810728,0.0008580968,-0.00053560006,-0.00031559207,0.00014764868,0.00031385483,-0.00010382813,0.00025404806,2.5752111e-05,-0.00039457966,3.1552779e-07,-0.00022212742,0.001244677,5.277752e-05,-0.00016185234,-9.423338e-06,-0.00016365052,-3.2673663e-05,7.143037e-05,6.8972e-05,0.00013744185,-0.00013074541,9.554693e-06,-5.3279473e-05,0.000110099194,-8.309462e-05,7.4954723e-06,-3.381492e-05,3.526151e-05,-6.4020496e-06,3.0457326e-05,-1.3990419e-05,-1.9148138e-05,-7.714487e-05,-6.0375605e-05,9.535577e-06,-5.393553e-05,1.1030197e-05,1.9304174e-05,2.2085133e-06,-2.0986547e-05,-7.312422e-06,-1.15364055e-05,-2.9927167e-05,3.1475795e-06,-1.7337572e-05,2.9849132e-05
16,-4.2887175e-05,-4.131897e-05,0.00027572396,0.00023765833,0.00060636894,1.8681047e-05,-4.981549e-06,5.467376e-05,-0.0002502278,-7.883327e-05,-0.000106565974,0.0003544226,-7.68452e-05,-0.00017676456,0.0001254863,5.277752e-05,0.00059632765,2.0132808e-05,9.788658e-05,7.4147116e-05,-0.00013623189,0.00010688506,8.104555e-05,-2.218698e-05,4.908746e-05,-9.97335e-06,-0.000112454756,6.275491e-05,-4.8906943e-05,-3.836314e-05,2.5049685e-05,6.165376e-05,-4.625223e-05,1.05370345e-05,-3.8753087e-06,4.955258e-06,-3.010087e-05,3.0290532e-05,1.4624094e-05,2.5260568e-05,-4.688026e-05,-1.9705647e-05,5.441763e-06,2.4761186e-05,1.4053994e-05,6.1504616e-06,3.7260797e-06,7.211366e-05,2.128156e-05,1.4554547e-05
17,-0.00015869434,0.0010160508,-4.128e-05,0.00031251635,3.2326934e-05,0.0005380354,-9.387909e-05,0.0003395202,0.0001552786,8.3636696e-05,5.7136826e-06,9.5166986e-05,2.7600909e-05,1.8581602e-05,9.338117e-05,-0.00016185234,2.0132808e-05,0.00071325357,-7.275895e-05,0.00010189053,-3.131206e-05,4.956028e-05,0.00017332568,-3.4588542e-05,-0.00010255464,2.7237205e-05,-9.3036026e-05,-6.478194e-05,-4.3350192e-05,-7.017171e-05,-3.0115225e-05,5.1046347e-05,2.3277331e-05,7.987735e-06,6.512177e-05,4.41608e-05,2.327765e-05,6.0152008e-05,1.9219464e-05,-2.3431294e-05,3.195106e-05,5.2403993e-05,3.4436603e-06,1.2404102e-05,-5.577453e-05,-3.633892e-05,1.9580624e-05,1.7990467e-05,2.5295336e-05,-1.98864e-05
18,7.752556e-05,-0.00036584906,-0.00037766865,0.00018707805,-0.00049522676,0.0002493678,0.00028468014,-3.2312164e-05,6.0734877e-05,-0.00027517034,0.00027089095,-5.9154358e-05,0.00011254201,-0.00013215542,5.7716752e-05,-9.423338e-06,9.788658e-05,-7.275895e-05,0.0009822441,-0.00025613268,-0.000110008405,-1.4658499e-05,-2.8159138e-05,8.589814e-05,0.00015231757,5.2898766e-05,-2.3433542e-05,0.00012541751,8.3955456e-05,-6.562134e-05,3.361687e-06,5.8698985e-05,4.8507777e-06,-0.00011829697,5.5811895e-05,9.40586e-05,1.5413085e-05,4.1722524e-05,-2.8092643e-05,5.1964867e-05,4.429598e-05,-1.1887837e-05,-4.1825183e-06,-7.842211e-06,-9.719706e-06,6.8756244e-06,1.5068053e-06,3.8141124e-07,-7.37738e-06,-1.1856744e-05
19,4.646105e-05,0.00036867207,-0.00040208036,-0.0005329458,-0.00079513213,-9.548549e-05,0.00023444781,0.00039576556,-4.0088864e-05,9.573774e-05,-3.3345368e-05,-0.00039300305,-0.00011802772,-0.0001310696,0.00012838545,-0.00016365052,7.4147116e-05,0.00010189053,-0.00025613268,0.00079796993,4.7304726e-05,2.8207207e-05,3.8181868e-05,-5.480898e-05,5.7164005e-05,-1.5946098e-05,-3.1819865e-05,-6.008661e-05,-2.3364686e-05,-2.1081509e-05,2.1418877e-05,0.000108090884,-2.3708015e-05,9.265665e-06,2.5926282e-05,-5.625425e-06,-5.072904e-05,-3.1923341e-06,4.3120026e-06,5.129157e-05,2.986858e-06,4.6382984e-06,-2.3492394e-05,-1.8328477e-05,4.3595544e-05,2.161487e-05,3.7152604e-06,1.3421506e-05,-1.9907819e-05,-3.514287e-06
20,-0.00017551275,0.00058113586,0.00025560934,0.00029775483,-8.275399e-05,6.743299e-05,0.00014302408,-2.3481172e-05,-0.00020009425,-0.00012884983,-8.627593e-07,-0.0002020133,-0.00011165052,7.56783e-05,5.2901603e-05,-3.2673663e-05,-0.00013623189,-3.131206e-05,-0.000110008405,4.7304726e-05,0.00043806288,-8.512264e-05,-3.514235e-05,-2.989184e-05,-0.000121569276,-4.3361768e-05,8.4089625e-05,5.8631806e-05,4.3299402e-05,8.8244866e-05,4.8955473e-05,6.843604e-05,4.50046e-06,-4.109732e-06,4.8477912e-05,7.592458e-05,-2.5685622e-05,-4.322723e-05,4.37144e-05,-2.0145395e-05,3.787082e-05,3.2984533e-06,1.4350055e-05,-1.4860461e-05,1.6520313e-05,2.0846388e-05,1.0863967e-05,5.556026e-06,2.47473e-05,1.3247169e-05
21,-3.5020257e-05,0.00046063864,0.00036324776,-0.0010440381,0.0007229558,8.1100174e-05,0.0004997236,-3.5999426e-05,-8.353666e-05,5.50549e-05,6.328049e-05,0.00014479732,1.9209845e-05,-0.00012300852,5.8683607e-05,7.143037e-05,0.00010688506,4.956028e-05,-1.4658499e-05,2.8207207e-05,-8.512264e-05,0.0004900769,-9.19748e-05,-8.480595e-06,-2.3524743e-05,6.655688e-05,-1.9741568e-05,-3.2927797e-05,-4.599113e-05,-1.606236e-05,-5.416885e-05,1.244952e-05,-5.99821e-05,-2.5628124e-05,1.9668116e-05,1.570161e-05,-1.3828325e-05,8.506075e-06,1.216582e-05,3.9686536e-05,1.0100839e-05,-9.025633e-06,-7.914734e-06,-5.855357e-06,-3.178434e-05,-3.0935204e-05,-1.8979903e-05,-1.6259375e-05,2.6658021e-05,-1.7981938e-05
22,-0.00016921044,0.0007886547,0.00030071597,0.0006305482,-5.929679e-05,4.9169394e-05,-0.0002291608,0.00011033926,0.00026707703,-3.35213e-05,-7.8016594e-05,0.00011128405,-0.00011943913,0.0001938144,4.27305e-05,6.8972e-05,8.104555e-05,0.00017332568,-2.8159138e-05,3.8181868e-05,-3.514235e-05,-9.19748e-05,0.0004267984,-5.9730704e-05,-3.4443336e-05,1.2794444e-06,-6.6622924e-05,5.195879e-05,4.6653355e-07,-3.651508e-05,3.3030243e-05,-2.9002687e-05,-5.4223856e-05,-2.6570975e-05,-3.8188584e-05,-2.4313871e-05,1.1351076e-05,2.0154363e-05,2.240655e-05,2.1402935e-05,-4.7736343e-05,-5.9345984e-06,2.4586845e-05,6.6372263e-06,1.770371e-05,-4.936051e-05,1.967089e-05,-2.363207e-05,-3.0134892e-05,-1.0473281e-05
23,-0.00010136428,1.9371899e-05,-0.00021906078,0.00013148942,-0.00036313594,-0.00012245792,-0.0001267266,-3.8682563e-05,1.2921422e-05,5.7496007e-05,0.00027686643,0.00020455042,0.00016873422,-8.841858e-05,0.000115046816,0.00013744185,-2.218698e-05,-3.4588542e-05,8.589814e-05,-5.480898e-05,-2.989184e-05,-8.480595e-06,-5.9730704e-05,0.00034737427,3.798246e-05,-8.162784e-05,-1.48685795e-05,-8.860605e-05,-5.0926967e-05,5.5637058e-05,5.825871e-05,6.338035e-05,-1.1520579e-05,5.9844686e-05,3.393583e-05,2.617604e-05,3.0703668e-05,-7.0023443e-06,1.23743175e-05,-1.6585316e-05,-1.4177598e-05,-5.7456423e-06,3.3546137e-05,-2.4920319e-05,-2.402151e-07,-5.5664327e-06,2.1889275e-05,-2.6680791e-05,-3.0378237e-06,5.307272e-06
24,-1.7852264e-05,0.0002148537,-0.00014364775,-0.00022474548,-0.00017467761,-0.00027898763,-0.00022427512,0.00013384895,-3.9041843e-05,7.6561024e-05,-6.802848e-05,-3.7060483e-05,-9.924275e-05,-0.00015726523,-6.794079e-05,-0.00013074541,4.908746e-05,-0.00010255464,0.00015231757,5.7164005e-05,-0.000121569276,-2.3524743e-05,-3.4443336e-05,3.798246e-05,0.00041077103,-2.2164815e-05,7.809209e-06,2.0093934e-05,-6.271124e-05,2.6706995e-05,-4.5319107e-06,-1.9600451e-05,-1.6145841e-05,-6.612632e-06,-4.9169874e-05,3.502168e-05,4.0709863e-05,2.6029367e-05,-2.3529443e-05,5.190767e-05,-1.3486077e-05,3.6054706e-05,7.66993e-06,8.367403e-06,3.8034985e-05,-4.7991625e-06,1.648812e-05,2.7938717e-05,-1.84907e-05,1.5624995e-05
25,-9.900019e-05,0.00047193846,-0.000111080786,0.000171841,5.7395042e-05,-0.0001563524,0.00037615342,0.0002096823,0.0003762546,7.232398e-05,7.151469e-05,-5.0519226e-05,-0.00011513871,8.440025e-05,-0.00013711178,9.554693e-06,-9.97335e-06,2.7237205e-05,5.2898766e-05,-1.5946098e-05,-4.3361768e-05,6.655688e-05,1.2794444e-06,-8.162784e-05,-2.2164815e-05,0.0003228068,1.668485e-05,5.0411498e-05,4.8642694e-05,3.5396115e-05,-1.8405957e-05,3.3433294e-05,-6.6051275e-06,1.6154696e-06,-6.231412e-07,-6.6921064e-05,1.454809e-05,2.2439276e-06,1.0357573e-05,3.2665677e-05,-1.1838929e-05,1.7701805e-05,1.5429127e-05,-9.848582e-06,-1.5710244e-05,-9.666883e-06,1.2264873e-05,-4.7960173e-05,3.7086756e-05,3.3574797e-06
26,-1.4132904e-05,-6.241496e-05,-7.2752024e-05,-0.00017226565,0.00021832279,9.719783e-05,-0.0002483304,-0.00010627308,-4.02886e-05,-5.921349e-05,0.00015512672,-0.00016368701,4.316298e-05,-6.096389e-05,5.2823707e-05,-5.3279473e-05,-0.000112454756,-9.3036026e-05,-2.3433542e-05,-3.1819865e-05,8.4089625e-05,-1.9741568e-05,-6.6622924e-05,-1.48685795e-05,7.809209e-06,1.668485e-05,0.00019124974,6.3872567e-06,-2.4970828e-05,-1.0911277e-05,-6.900568e-06,-1.6952801e-05,-2.2093045e-05,-3.5702185e-05,3.4158306e-06,-1.5041112e-05,6.401541e-06,-6.870792e-05,2.2874054e-05,-2.1503416e-07,2.878341e-06,-1.6578711e-05,-1.0399055e-05,-6.859835e-06,-7.3832434e-06,1.4831767e-05,1.1913789e-05,-2.7106365e-05,-1.3988591e-05,-3.1114712e-07
27,6.714216e-05,-0.00019697557,0.00010274169,-0.0002063982,0.00023344334,6.629342e-05,3.3865123e-05,-4.8157446e-05,0.00017994472,-0.0001564203,-6.04963e-05,-0.00014118414,-0.00013044383,0.00015378214,-1.0845382e-06,0.000110099194,6.275491e-05,-6.478194e-05,0.00012541751,-6.008661e-05,5.8631806e-05,-3.2927797e-05,5.195879e-05,-8.860605e-05,2.0093934e-05,5.0411498e-05,6.3872567e-06,0.00022998927,-2.6217607e-05,7.5802036e-06,-1.4551944e-05,2.1778445e-05,2.8434026e-05,1.0144663e-06,-3.240031e-05,6.930686e-06,4.5207507e-06,1.6181824e-05,4.233832e-07,2.1081265e-05,1.1241156e-05,4.076378e-06,1.3335177e-05,8.609857e-06,3.6372687e-05,-3.0226238e-06,-8.632545e-06,1.6000402e-05,5.122716e-06,-1.5176299e-05
28,-1.0323485e-05,0.00019969634,-2.7576047e-05,0.0003757312,-9.497588e-05,-1.6584345e-05,3.53874e-05,0.00010414574,-9.430005e-05,0.00010164866,-8.104024e-06,-0.00012379201,-0.00014812092,-6.8920126e-05,-5.15184e-05,-8.309462e-05,-4.8906943e-05,-4.3350192e-05,8.3955456e-05,-2.3364686e-05,4.3299402e-05,-4.599113e-05,4.6653355e-07,-5.0926967e-05,-6.271124e-05,4.8642694e-05,-2.4970828e-05,-2.6217607e-05,0.00028472702,-1.06109255e-05,-4.7594376e-06,-5.9431995e-06,-2.4471537e-06,6.070761e-06,4.8437523e-05,-1.0290021e-05,3.636933e-05,-5.3989024e-06,2.7082302e-05,3.032614e-05,4.505212e-06,1.6178767e-05,-3.1650789e-06,4.1648003e-05,-1.6397931e-05,1.184062e-05,5.2401288e-06,-6.5640074e-06,1.5688362e-05,-1.37261795e-05
29,-9.937468e-05,7.114261e-08,-0.0001298791,0.00024597053,-0.00028028624,-3.956786e-05,0.00017815182,4.0225234e-05,0.00011505438,-0.00010625068,-6.600736e-05,9.302931e-05,-1.9396928e-05,-0.00011667599,3.9799826e-05,7.4954723e-06,-3.836314e-05,-7.017171e-05,-6.562134e-05,-2.1081509e-05,8.8244866e-05,-1.606236e-05,-3.651508e-05,5.5637058e-05,2.6706995e-05,3.5396115e-05,-1.0911277e-05,7.5802036e-06,-1.06109255e-05,0.00025143233,4.5917823e-06,6.792675e-07,4.6228117e-05,6.259378e-05,-1.9005522e-05,2.9854783e-07,6.165313e-05,-7.009182e-06,-3.631498e-05,2.1740314e-05,-1.1098091e-05,-1.0727304e-06,6.7742712e-06,-2.7735907e-06,-1.3272142e-05,-1.4948515e-06,-1.3181303e-05,-3.7924856e-06,-1.2893946e-05,2.0797865e-05
30,-7.3154515e-05,3.3171083e-05,5.339045e-05,0.00037415558,5.7217847e-05,0.00016656284,2.226339e-05,0.00013852504,-1.5874497e-07,1.8201897e-06,0.000110270455,0.00010926986,4.0396604e-05,4.292737e-06,-7.93794e-05,-3.381492e-05,2.5049685e-05,-3.0115225e-05,3.361687e-06,2.1418877e-05,4.8955473e-05,-5.416885e-05,3.3030243e-05,5.825871e-05,-4.5319107e-06,-1.8405957e-05,-6.900568e-06,-1.4551944e-05,-4.7594376e-06,4.5917823e-06,0.00022732689,5.071498e-05,-2.6398462e-05,-3.3489727e-05,-5.031253e-05,-9.409454e-06,-8.013536e-06,-4.683644e-06,1.2927386e-05,-2.4346258e-05,-7.4376185e-06,3.0215539e-05,1.9677474e-05,4.794762e-07,9.933851e-06,3.1483585e-06,-5.7267575e-06,-2.264645e-06,-1.0588756e-05,1.1265495e-05
31,5.0384435e-05,-5.8691672e-05,0.000110329565,-0.0003460459,0.00017571019,-0.0002904481,0.00012512854,1.4662568e-05,4.626921e-05,2.5106094e-05,0.000112830996,-0.00012656013,-2.7671413e-06,-8.889323e-06,9.200777e-05,3.526151e-05,6.165376e-05,5.1046347e-05,5.8698985e-05,0.000108090884,6.843604e-05,1.244952e-05,-2.9002687e-05,6.338035e-05,-1.9600451e-05,3.3433294e-05,-1.6952801e-05,2.1778445e-05,-5.9431995e-06,6.792675e-07,5.071498e-05,0.00020444846,-1.4815736e-05,3.2570017e-05,1.5630983e-05,1.747222e-05,-7.908871e-06,2.1631178e-05,-1.9517374e-05,-2.1446423e-05,-1.4461901e-05,2.2482987e-05,1.0780184e-05,-6.481236e-07,4.709471e-06,1.07370915e-05,1.1797938e-05,3.0998197e-06,1.1971817e-05,-1.6197419e-05
32,-7.554564e-05,0.00012637177,-0.0002208766,2.1965363e-05,-0.00012227164,-4.5845765e-05,1.1212767e-05,-4.056018e-05,0.00019768691,-5.097504e-06,-0.00013163577,-8.077407e-05,5.9435908e-05,-0.0001104734,-6.415126e-05,-6.4020496e-06,-4.625223e-05,2.3277331e-05,4.8507777e-06,-2.3708015e-05,4.50046e-06,-5.99821e-05,-5.4223856e-05,-1.1520579e-05,-1.6145841e-05,-6.6051275e-06,-2.2093045e-05,2.8434026e-05,-2.4471537e-06,4.6228117e-05,-2.6398462e-05,-1.4815736e-05,0.000118099204,1.16180045e-05,-1.376503e-05,-1.5092969e-06,8.092864e-06,1.8312885e-05,-1.9614447e-05,-2.2291384e-05,8.322807e-06,5.165647e-06,-2.9478448e-05,-4.1018407e-06,1.06067255e-05,8.164228e-06,-8.157962e-06,9.813315e-06,8.962181e-06,-8.84603e-06
33,-0.000102280865,0.00021670626,5.733101e-06,3.699479e-05,-1.7024222e-06,-7.646782e-06,5.198002e-06,-1.7325368e-06,-1.5928166e-05,5.85546e-05,-9.896257e-05,1.057828e-05,4.068166e-05,0.00013195482,2.2458062e-05,3.0457326e-05,1.05370345e-05,7.987735e-06,-0.00011829697,9.265665e-06,-4.109732e-06,-2.5628124e-05,-2.6570975e-05,5.9844686e-05,-6.612632e-06,1.6154696e-06,-3.5702185e-05,1.0144663e-06,6.070761e-06,6.259378e-05,-3.3489727e-05,3.2570017e-05,1.16180045e-05,0.00014417876,4.1104577e-06,1.7792087e-05,5.4533237e-05,-1.0751492e-06,-3.5805601e-06,-1.9410996e-05,-2.3039744e-05,2.7302302e-05,1.4083951e-05,5.29508e-06,-5.337687e-06,1.0351961e-05,9.072284e-06,2.8212407e-06,-8.362447e-07,9.039748e-06
34,1.7175793e-05,0.000106730644,1.4558045e-05,0.00020405828,-0.00013801866,7.088721e-05,-9.8040055e-06,0.000107655665,-6.0610214e-06,6.586929e-05,0.00010826551,-7.765512e-06,-6.2354375e-05,-5.9140293e-05,5.224179e-05,-1.3990419e-05,-3.8753087e-06,6.512177e-05,5.5811895e-05,2.5926282e-05,4.8477912e-05,1.9668116e-05,-3.8188584e-05,3.393583e-05,-4.9169874e-05,-6.231412e-07,3.4158306e-06,-3.240031e-05,4.8437523e-05,-1.9005522e-05,-5.031253e-05,1.5630983e-05,-1.376503e-05,4.1104577e-06,0.00012863555,3.901666e-05,1.4161632e-05,4.13868e-06,2.5800462e-05,-3.231268e-05,1.4596844e-05,-3.5379522e-05,-1.7277529e-05,-1.2695764e-05,-5.8280025e-06,6.1510345e-06,-4.934315e-06,-1.1709237e-06,1.2245604e-05,-8.6420096e-07
35,-1.7250772e-05,-3.9426355e-05,0.00013416521,-9.977429e-05,0.00018593812,0.00020132327,0.00011210773,8.0341e-06,-0.00011806523,8.270121e-06,-3.991647e-05,-3.0046747e-05,2.7434892e-06,4.901033e-06,3.6451995e-05,-1.9148138e-05,4.955258e-06,4.41608e-05,9.40586e-05,-5.625425e-06,7.592458e-05,1.570161e-05,-2.4313871e-05,2.617604e-05,3.502168e-05,-6.6921064e-05,-1.5041112e-05,6.930686e-06,-1.0290021e-05,2.9854783e-07,-9.409454e-06,1.747222e-05,-1.5092969e-06,1.7792087e-05,3.901666e-05,0.00017248414,-1.618303e-05,-2.4229917e-05,-2.4526636e-05,-2.0047275e-05,1.0292487e-06,2.749399e-05,2.9753544e-06,-1.1713829e-06,2.0641555e-05,-2.2649385e-05,-7.2181983e-06,-5.2714076e-06,-1.2893608e-05,1.2723729e-05
36,0.00014193187,-0.00043992692,1.1126625e-05,-0.0003556245,0.000104030565,0.00013032537,8.666553e-06,-4.5880035e-05,0.00010675455,-7.013733e-05,-2.5441757e-06,2.0810454e-05,-8.882873e-05,-9.700771e-05,8.007079e-05,-7.714487e-05,-3.010087e-05,2.327765e-05,1.5413085e-05,-5.072904e-05,-2.5685622e-05,-1.3828325e-05,1.1351076e-05,3.0703668e-05,4.0709863e-05,1.454809e-05,6.401541e-06,4.5207507e-06,3.636933e-05,6.165313e-05,-8.013536e-06,-7.908871e-06,8.092864e-06,5.4533237e-05,1.4161632e-05,-1.618303e-05,0.00015145064,1.6635666e-05,3.197107e-07,-1.7569319e-06,-2.3145367e-05,-1.232454e-06,4.775917e-06,-1.3264403e-06,-1.7139218e-05,1.4638017e-05,-1.1427238e-06,-1.0139837e-05,-1.03364955e-05,-1.2498977e-05
37,8.497694e-05,-0.0001331793,-0.00013159344,-2.026607e-05,-0.00021685695,-0.00012031917,1.1512962e-05,6.871938e-05,0.00015457618,3.5746147e-05,-6.24101e-05,4.311803e-05,-2.7984129e-06,-6.713353e-05,-3.079088e-06,-6.0375605e-05,3.0290532e-05,6.0152008e-05,4.1722524e-05,-3.1923341e-06,-4.322723e-05,8.506075e-06,2.0154363e-05,-7.0023443e-06,2.6029367e-05,2.2439276e-06,-6.870792e-05,1.6181824e-05,-5.3989024e-06,-7.009182e-06,-4.683644e-06,2.1631178e-05,1.8312885e-05,-1.0751492e-06,4.13868e-06,-2.4229917e-05,1.6635666e-05,0.00010354983,2.2880165e-05,-1.8611398e-05,3.0968658e-06,-1.7436203e-05,5.44162e-06,-2.4950488e-05,6.9138578e-06,-1.8295318e-06,-8.305349e-06,1.6342407e-05,9.456095e-06,-1.8276623e-05
38,-3.3554887e-05,0.00018273033,8.254413e-05,-0.00011469489,7.2123745e-05,9.5243624e-05,-6.8574496e-05,6.6784305e-05,2.105718e-05,-2.6604452e-05,-9.966914e-05,-3.6644866e-05,4.617493e-05,-6.608172e-05,1.4841976e-05,9.535577e-06,1.4624094e-05,1.9219464e-05,-2.8092643e-05,4.3120026e-06,4.37144e-05,1.216582e-05,2.240655e-05,1.23743175e-05,-2.3529443e-05,1.0357573e-05,2.2874054e-05,4.233832e-07,2.7082302e-05,-3.631498e-05,1.2927386e-05,-1.9517374e-05,-1.9614447e-05,-3.5805601e-06,2.5800462e-05,-2.4526636e-05,3.197107e-07,2.2880165e-05,0.00016540813,-1.3524928e-05,1.3083819e-05,9.908855e-08,1.29570035e-05,-1.705722e-05,1.6462538e-05,-3.5240924e-07,-5.258852e-06,-5.7765683e-06,2.4613171e-05,3.1896656e-05
39,4.3043052e-05,-0.00014593679,-0.00024598785,3.2592114e-05,-0.00028054515,-2.5128571e-05,5.370725e-05,1.0225336e-05,-0.00016337473,-3.390832e-05,6.389403e-05,-2.9465577e-05,9.194718e-06,-1.3145929e-05,3.3606128e-05,-5.393553e-05,2.5260568e-05,-2.3431294e-05,5.1964867e-05,5.129157e-05,-2.0145395e-05,3.9686536e-05,2.1402935e-05,-1.6585316e-05,5.190767e-05,3.2665677e-05,-2.1503416e-07,2.1081265e-05,3.032614e-05,2.1740314e-05,-2.4346258e-05,-2.1446423e-05,-2.2291384e-05,-1.9410996e-05,-3.231268e-05,-2.0047275e-05,-1.7569319e-06,-1.8611398e-05,-1.3524928e-05,0.00012921344,7.2345338e-06,2.2014843e-05,5.5878468e-06,1.3899319e-06,-1.3599972e-06,-2.3490764e-05,2.843968e-06,-7.708588e-06,-2.9453696e-07,-4.1514736e-06
40,-2.3045e-05,0.00020182943,0.00011378719,0.00019149642,-3.927472e-05,-0.0001321804,5.7553003e-05,5.829968e-05,-1.1875118e-05,-2.2718406e-05,4.126653e-05,-8.35144e-05,4.2955377e-05,3.7570215e-05,2.9507846e-05,1.1030197e-05,-4.688026e-05,3.195106e-05,4.429598e-05,2.986858e-06,3.787082e-05,1.0100839e-05,-4.7736343e-05,-1.4177598e-05,-1.3486077e-05,-1.1838929e-05,2.878341e-06,1.1241156e-05,4.505212e-06,-1.1098091e-05,-7.4376185e-06,-1.4461901e-05,8.322807e-06,-2.3039744e-05,1.4596844e-05,1.0292487e-06,-2.3145367e-05,3.0968658e-06,1.3083819e-05,7.2345338e-06,8.9831614e-05,-3.0811511e-06,1.4797401e-05,2.0695712e-05,-1.2235411e-05,-2.36599e-06,-3.1570595e-05,9.762814e-06,3.989024e-06,9.443213e-06
41,-9.398723e-05,0.00022765175,9.756407e-05,0.00018044985,0.00018201498,3.3283104e-05,-4.764316e-05,0.000121311445,-4.161412e-05,2.9693285e-05,-1.7266062e-05,-0.00010001337,3.576944e-05,-4.0938603e-06,-9.313013e-05,1.9304174e-05,-1.9705647e-05,5.2403993e-05,-1.1887837e-05,4.6382984e-06,3.2984533e-06,-9.025633e-06,-5.9345984e-06,-5.7456423e-06,3.6054706e-05,1.7701805e-05,-1.6578711e-05,4.076378e-06,1.6178767e-05,-1.0727304e-06,3.0215539e-05,2.2482987e-05,5.165647e-06,2.7302302e-05,-3.5379522e-05,2.749399e-05,-1.232454e-06,-1.7436203e-05,9.908855e-08,2.2014843e-05,-3.0811511e-06,0.00013221875,2.2698869e-06,-6.2698864e-06,-7.684293e-06,-1.3742001e-05,-3.3267693e-06,2.7185388e-06,2.517628e-06,-4.120765e-06
42,-8.144594e-06,-0.00012168492,4.4817854e-05,0.00030482304,-5.5349272e-05,6.12914e-05,-8.426546e-05,-6.4308874e-06,6.923718e-05,-0.00010534401,5.6051846e-05,-1.9163826e-05,3.2458265e-05,6.9321235e-05,8.839238e-05,2.2085133e-06,5.441763e-06,3.4436603e-06,-4.1825183e-06,-2.3492394e-05,1.4350055e-05,-7.914734e-06,2.4586845e-05,3.3546137e-05,7.66993e-06,1.5429127e-05,-1.0399055e-05,1.3335177e-05,-3.1650789e-06,6.7742712e-06,1.9677474e-05,1.0780184e-05,-2.9478448e-05,1.4083951e-05,-1.7277529e-05,2.9753544e-06,4.775917e-06,5.44162e-06,1.29570035e-05,5.5878468e-06,1.4797401e-05,2.2698869e-06,9.680427e-05,8.944451e-06,9.0854355e-06,-3.2454525e-06,-1.4424171e-05,-1.5140117e-05,1.3072346e-05,1.03302966e-07
43,-1.9295814e-05,0.00010210574,0.00014917189,0.00012277073,0.0002382755,-2.1829572e-05,-1.6612083e-05,1.3219309e-05,-4.4636807e-05,2.2603395e-05,3.8959747e-06,3.5406142e-06,-6.618026e-05,3.5134755e-05,3.4405493e-05,-2.0986547e-05,2.4761186e-05,1.2404102e-05,-7.842211e-06,-1.8328477e-05,-1.4860461e-05,-5.855357e-06,6.6372263e-06,-2.4920319e-05,8.367403e-06,-9.848582e-06,-6.859835e-06,8.609857e-06,4.1648003e-05,-2.7735907e-06,4.794762e-07,-6.481236e-07,-4.1018407e-06,5.29508e-06,-1.2695764e-05,-1.1713829e-06,-1.3264403e-06,-2.4950488e-05,-1.705722e-05,1.3899319e-06,2.0695712e-05,-6.2698864e-06,8.944451e-06,9.478681e-05,-1.6102127e-05,2.9866003e-06,1.4687478e-05,-3.1542447e-06,-5.6376157e-06,1.563359e-05
44,-1.5678255e-05,7.401145e-05,-6.196959e-05,-0.00017791976,-3.460244e-05,-0.000109857865,-2.1771673e-05,-2.9255954e-05,4.7275767e-05,4.5547655e-05,-5.444682e-05,-6.342825e-05,2.9196597e-05,1.3245723e-05,-3.6818524e-06,-7.312422e-06,1.4053994e-05,-5.577453e-05,-9.719706e-06,4.3595544e-05,1.6520313e-05,-3.178434e-05,1.770371e-05,-2.402151e-07,3.8034985e-05,-1.5710244e-05,-7.3832434e-06,3.6372687e-05,-1.6397931e-05,-1.3272142e-05,9.933851e-06,4.709471e-06,1.06067255e-05,-5.337687e-06,-5.8280025e-06,2.0641555e-05,-1.7139218e-05,6.9138578e-06,1.6462538e-05,-1.3599972e-06,-1.2235411e-05,-7.684293e-06,9.0854355e-06,-1.6102127e-05,4.9104907e-05,-8.142244e-06,8.1038434e-07,-8.733527e-06,9.271178e-06,6.1031815e-06
45,1.694062e-05,5.66486e-05,-9.9529774e-05,-8.208691e-05,-0.00024170888,8.1938226e-05,-9.1092505e-07,-4.577902e-06,3.3876342e-05,-3.014752e-05,5.7169822e-05,1.6321508e-05,-7.117176e-05,2.320555e-06,-1.1377277e-05,-1.15364055e-05,6.1504616e-06,-3.633892e-05,6.8756244e-06,2.161487e-05,2.0846388e-05,-3.0935204e-05,-4.936051e-05,-5.5664327e-06,-4.7991625e-06,-9.666883e-06,1.4831767e-05,-3.0226238e-06,1.184062e-05,-1.4948515e-06,3.1483585e-06,1.07370915e-05,8.164228e-06,1.0351961e-05,6.1510345e-06,-2.2649385e-05,1.4638017e-05,-1.8295318e-06,-3.5240924e-07,-2.3490764e-05,-2.36599e-06,-1.3742001e-05,-3.2454525e-06,2.9866003e-06,-8.142244e-06,5.6433975e-05,1.5528747e-05,2.5476731e-05,5.620415e-06,6.3146226e-06
46,1.6331762e-05,-0.00019567943,-0.00016969278,-4.1582265e-05,-0.00011967017,9.775499e-05,1.636149e-05,-5.3288015e-05,-7.784184e-05,9.857807e-06,2.5663365e-05,1.4548021e-05,-3.0011983e-05,2.8055096e-05,-4.487278e-05,-2.9927167e-05,3.7260797e-06,1.9580624e-05,1.5068053e-06,3.7152604e-06,1.0863967e-05,-1.8979903e-05,1.967089e-05,2.1889275e-05,1.648812e-05,1.2264873e-05,1.1913789e-05,-8.632545e-06,5.2401288e-06,-1.3181303e-05,-5.7267575e-06,1.1797938e-05,-8.157962e-06,9.072284e-06,-4.934315e-06,-7.2181983e-06,-1.1427238e-06,-8.305349e-06,-5.258852e-06,2.843968e-06,-3.1570595e-05,-3.3267693e-06,-1.4424171e-05,1.4687478e-05,8.1038434e-07,1.5528747e-05,9.918948e-05,-1.5733407e-05,2.2913258e-05,5.1421484e-06
47,-2.0334423e-05,0.00021738908,0.00011225653,1.5393089e-05,-7.944813e-05,0.00011447264,-0.00011432897,3.4619028e-05,-0.00010257535,-1.4069731e-05,-6.6452565e-05,5.2584837e-05,-5.3590375e-05,3.836304e-05,-2.2440418e-05,3.1475795e-06,7.211366e-05,1.7990467e-05,3.8141124e-07,1.3421506e-05,5.556026e-06,-1.6259375e-05,-2.363207e-05,-2.6680791e-05,2.7938717e-05,-4.7960173e-05,-2.7106365e-05,1.6000402e-05,-6.5640074e-06,-3.7924856e-06,-2.264645e-06,3.0998197e-06,9.813315e-06,2.8212407e-06,-1.1709237e-06,-5.2714076e-06,-1.0139837e-05,1.6342407e-05,-5.7765683e-06,-7.708588e-06,9.762814e-06,2.7185388e-06,-1.5140117e-05,-3.1542447e-06,-8.733527e-06,2.5476731e-05,-1.5733407e-05,7.120604e-05,4.450928e-06,-7.3838874e-06
48,-1.9486113e-05,1.4739857e-05,1.2327237e-05,6.670453e-05,0.00014057284,-3.2044674e-05,-1.2734517e-05,-2.7734084e-05,-6.41698e-05,8.150823e-05,1.9800715e-05,-4.734363e-06,6.3334875e-05,8.2934044e-08,-4.5244204e-05,-1.7337572e-05,2.128156e-05,2.5295336e-05,-7.37738e-06,-1.9907819e-05,2.47473e-05,2.6658021e-05,-3.0134892e-05,-3.0378237e-06,-1.84907e-05,3.7086756e-05,-1.3988591e-05,5.122716e-06,1.5688362e-05,-1.2893946e-05,-1.0588756e-05,1.1971817e-05,8.962181e-06,-8.362447e-07,1.2245604e-05,-1.2893608e-05,-1.03364955e-05,9.456095e-06,2.4613171e-05,-2.9453696e-07,3.989024e-06,2.517628e-06,1.3072346e-05,-5.6376157e-06,9.271178e-06,5.620415e-06,2.2913258e-05,4.450928e-06,5.5761924e-05,-2.5966233e-06
49,-4.487534e-05,5.438336e-05,-4.4876455e-05,3.5849152e-05,-2.4383899e-05,0.000101232785,3.4415138e-05,6.5687425e-05,2.5464756e-06,-2.8032639e-05,-1.1842675e-06,2.6486476e-05,3.0752353e-06,6.290069e-06,-2.2009244e-05,2.9849132e-05,1.4554547e-05,-1.98864e-05,-1.1856744e-05,-3.514287e-06,1.3247169e-05,-1.7981938e-05,-1.0473281e-05,5.307272e-06,1.5624995e-05,3.3574797e-06,-3.1114712e-07,-1.5176299e-05,-1.37261795e-05,2.0797865e-05,1.1265495e-05,-1.6197419e-05,-8.84603e-06,9.039748e-06,-8.6420096e-07,1.2723729e-05,-1.2498977e-05,-1.8276623e-05,3.1896656e-05,-4.1514736e-06,9.443213e-06,-4.120765e-06,1.03302966e-07,1.563359e-05,6.1031815e-06,6.3146226e-06,5.1421484e-06,-7.3838874e-06,-2.5966233e-06,6.169353e-05
