,0,1,2,3,4,5,6,7,8,9,10,11,12,13,14,15,16,17,18,19,20,21,22,23,24,25,26,27,28,29,30,31,32,33,34,35,36,37,38,39,40,41,42,43,44,45,46,47,48,49,50,51,52,53,54,55,56,57,58,59
0,9.7790785,5.1312346,20.982546,13.349101,18.95082,-2.5531914,-8.312969,3.2097688,1.5427358,-7.7561703,-5.826719,0.473971,-1.5596042,-1.274385,1.84933,-2.5677247,1.6787109,1.7215436,-2.7055228,-0.85501707,-2.4880366,1.4547786,0.53895223,0.34210128,-0.6318231,-1.7918737,-1.3081717,-0.38284698,0.9820161,-0.25869226,-0.49920043,-0.41123018,-1.0286372,-0.95817864,-0.36546057,-0.78838646,-0.35769352,2.7017384,-1.6757789,-0.77769876,-0.8962077,0.62383896,-0.53825414,-0.7361783,-1.254548,-0.02915689,-2.2598035,1.4478316,1.2252413,-0.50000435,0.367028,0.40288824,-0.9621425,-0.37877476,-0.5562341,0.24068826,0.18941969,-0.27799034,0.25686806,0.17315051
1,5.1312346,5.9227405,12.735252,7.163214,5.9901576,-2.3860245,-3.6370604,3.0316842,2.2453518,-5.4682856,-3.6815746,0.4663008,-1.5086153,-1.763335,-0.50963664,-2.2048128,0.9593204,0.6924902,-1.1562643,-1.1717677,0.22394809,2.2091806,-1.4119146,-1.8691502,-0.19147375,-0.38748085,0.56400645,-0.23478898,-0.479594,0.58469296,0.29215705,-0.50058407,0.9144089,-1.1108546,-0.06829059,0.16803859,0.12143498,2.1578526,-0.47483635,-1.1276393,-0.36050737,0.32747316,-1.1030836,0.23392257,-1.0613763,-0.8109166,-1.4578736,0.6597005,0.80630237,-0.83464384,-0.11870753,0.31602454,-0.29977685,-0.50181496,-0.50449014,-0.3566724,0.061068907,-0.011303721,0.117223814,0.4157598
2,20.982546,12.735252,58.695324,23.971947,55.46952,-6.747496,-16.424217,12.421814,1.0941327,-21.256289,-14.370907,4.9582486,-4.9038396,-4.709868,3.3213325,-9.922504,4.5414047,3.2671485,-6.851884,-5.669473,-1.605463,4.5902452,1.4829674,-0.24207889,-0.19838615,-4.989295,-1.4203517,-2.8184967,0.86711895,-0.020013789,-3.0101144,-1.1073464,0.05023846,-2.422638,-0.97301024,0.07341204,1.1551535,6.017413,-1.2387483,-0.9206002,-0.8055614,1.148788,-2.0421147,0.40224653,-2.4690428,-0.9504732,-4.045871,1.4597337,3.4536848,-0.9164049,0.4397262,1.502284,-2.599554,-1.7851179,-1.055187,0.65738666,0.11333747,-0.3336528,1.1513966,1.7683737
3,13.349101,7.163214,23.971947,26.371038,23.31795,-3.7585988,-11.781029,-0.09230271,2.818625,-11.337451,-9.976646,-0.33983156,-1.5416346,-0.24075405,0.8659139,-0.5872719,-1.707581,1.7580919,-4.331731,0.088338986,-5.884762,1.4449039,1.6042678,0.8300847,-1.9967756,-2.5884387,-2.3987145,-0.73759353,1.8800824,-1.3588026,0.58420354,1.4603994,-0.023947388,-1.6957796,-0.16121839,-1.2453544,-2.5334377,3.696289,-4.1380773,-0.973192,-1.2643712,0.34879595,-1.2136817,-3.045446,-1.515629,-0.5370625,-2.8495126,2.1443238,2.1006885,-0.503165,0.7359115,0.125599,-1.0808256,0.063277975,-1.3446262,1.1300693,-0.14852181,-0.06270922,-0.5025029,-0.095212415
4,18.95082,5.9901576,55.46952,23.31795,83.800545,-6.5875216,-19.630262,10.102336,-3.915715,-15.737598,-10.4271555,10.883646,-3.8847125,-2.5291753,1.1007698,-10.6353,3.1113944,2.5227258,-7.7034316,-6.3495374,-4.379127,1.8021468,6.949005,6.081083,1.6418178,-6.5868316,-4.299161,-2.3528452,4.4371815,-1.6026847,-5.0557213,1.3531692,-3.186636,-3.1020803,-0.37016565,1.3606079,1.6953633,1.6336737,0.79328245,1.4764485,-0.38472244,-0.9595105,-1.5437546,-0.8204903,-1.798639,1.0988443,-2.5653732,0.49883518,4.5620823,0.3199433,1.3830626,2.9002748,-4.2204676,-0.035836075,-1.4106534,1.9531641,2.1559596,-1.2320119,2.2178128,2.2277403
5,-2.5531914,-2.3860245,-6.747496,-3.7585988,-6.5875216,13.672116,5.2658844,4.2689476,4.2343254,6.756651,-1.2143207,6.5367184,1.6203496,2.6601589,2.3836925,2.3988552,0.6068636,-0.48497123,-3.4876888,-1.7897009,1.9121215,-1.2262108,-1.5432957,-0.7513066,-2.4896472,1.9210653,1.9462653,2.255847,-0.34496546,-0.15423876,0.48322433,0.69006735,-0.716416,-0.52450645,-0.14868975,-1.9752542,-1.191474,-1.0709819,-0.48278922,-0.3077083,-1.7565644,0.39942473,-0.31234956,0.39850277,0.9146728,0.7290299,-0.77237666,-2.1585708,-1.5076973,2.93337,-0.28400832,-1.020931,-0.42609993,1.785722,-0.09360944,-0.2561312,0.81995785,2.19493,0.26874828,-0.9709358
6,-8.312969,-3.6370604,-16.424217,-11.781029,-19.630262,5.2658844,15.448248,-0.28830576,-1.4968374,2.6808717,2.9489799,1.4942675,1.3475175,0.6988269,1.9776031,3.1811843,-0.3161152,-0.7226739,0.6780573,0.4517693,4.53296,-1.812154,0.11735377,-0.76605207,-0.12691344,2.0885568,1.9109774,1.0301762,-2.3667097,1.6418741,-1.5099918,-0.011731469,3.344585,1.1724308,0.29842532,-0.6705438,0.23921254,-0.19160779,1.3032911,2.2560816,1.0499732,1.1819369,-0.12799388,0.06296192,1.7236605,-0.63156617,2.497995,-1.6977323,-1.2069306,1.415944,-0.48735192,-1.5062551,1.1848708,0.11448157,0.43100584,-0.55915534,-0.34076917,1.1977103,0.124408424,-0.406314
7,3.2097688,3.0316842,12.421814,-0.09230271,10.102336,4.2689476,-0.28830576,11.44479,0.74898624,-2.756958,-5.1973577,6.4972734,-4.501751,-1.6321008,0.2741801,-2.6317472,2.7273183,-0.9699694,-2.3772051,-4.774804,0.7939502,3.5094414,-0.995232,-0.97286344,1.0606151,-0.64362884,0.325262,-0.59014237,-1.4638399,0.5868933,-1.0505085,-0.7219831,-0.40990457,-0.24075514,-0.2782036,0.21816203,-0.00396837,-0.009950834,1.3753495,-1.5378516,-0.3776815,-0.2645929,0.65605557,2.2631145,-0.40832737,0.31259447,-0.9319873,-1.0918088,0.50674605,0.9965601,-0.09234796,0.012413321,-1.0816419,-0.44880974,-0.4649346,-0.4537881,0.80122864,1.4840033,0.5755269,0.03827002
8,1.5427358,2.2453518,1.0941327,2.818625,-3.915715,4.2343254,-1.4968374,0.74898624,8.600586,0.6825858,-2.0433903,1.8671613,-0.8868696,-0.853356,-1.0935965,0.54999125,-0.45536646,1.338855,-2.5628111,-1.7709911,1.6568598,0.8883289,-1.3512034,-1.2031851,-2.106238,0.5858748,1.9648225,0.6579691,0.5877148,-1.1356325,0.64172834,-0.36632478,0.0860783,-1.7777755,0.28902996,-0.18202676,-1.5764029,0.35121858,-0.5624473,-2.589174,-1.480172,0.442841,-1.1294093,0.11057791,0.05906035,-0.28150195,-1.5719633,0.18156618,-0.86799943,-0.19738176,0.16598117,0.25799108,-0.94306195,1.5302525,-0.37624013,-0.7965735,-0.26699954,0.82180953,-0.46427697,-0.76365864
9,-7.7561703,-5.4682856,-21.256289,-11.337451,-15.737598,6.756651,2.6808717,-2.756958,0.6825858,16.173903,7.1192293,1.4478997,6.732669,4.2894745,-0.8677155,2.7858238,-1.4513612,0.31836626,1.8924582,2.1494553,1.7199988,-3.2896361,-2.4087806,-1.2407154,-0.36880922,3.8695536,1.9718164,1.2489483,0.7030214,-0.10817358,2.0537171,-0.521584,-3.0658245,-0.11584533,0.8424387,-0.21255946,0.68400645,-2.9171185,0.41486442,0.06347743,-0.92116576,-0.5734626,0.8475487,1.0917482,0.3269852,1.0573865,0.17386132,-1.1263747,-1.1215701,1.4635481,-0.25876236,0.3296343,0.5150552,1.4961536,0.05056153,-0.34306356,1.0940411,-0.03509328,-0.13111201,-0.14349866
10,-5.826719,-3.6815746,-14.370907,-9.976646,-10.4271555,-1.2143207,2.9489799,-5.1973577,-2.0433903,7.1192293,9.04526,-2.009129,3.4749036,0.7745091,-0.29172558,0.50537443,-0.08403137,0.6162201,2.8873923,3.2232678,1.6464133,-2.5277362,-0.18783283,0.16810289,0.5167425,1.7089584,1.1109041,1.3177335,0.5331442,1.0364431,-0.14104542,-1.2071371,-1.4028689,0.64316696,-0.08972697,0.6602738,1.3807558,-1.4930204,1.3389449,2.4239545,1.2042873,-0.5199642,0.4474946,0.24705535,-0.02349249,0.7256901,1.4014578,0.13575193,-0.3431239,-0.30711228,-0.53386736,0.57695466,0.63492334,0.6797895,0.87077785,-0.3789515,0.6825968,-1.1099019,0.6011097,-0.18966511
11,0.473971,0.4663008,4.9582486,-0.33983156,10.883646,6.5367184,1.4942675,6.4972734,1.8671613,1.4478997,-2.009129,12.673071,-2.2057564,-0.23335704,0.031187156,-0.28990513,-0.28496802,-2.0189729,-2.8149776,-3.868204,2.084783,0.7942898,-1.1410412,-0.055282615,-2.033598,1.7230989,-0.14139874,-2.3342838,1.052943,0.015267342,-1.7226555,-0.5317396,0.9762895,-0.6976114,-0.5416349,0.22827199,-1.3770956,-0.9784337,0.1824624,0.95170856,-0.21520916,-1.2812133,-0.317258,0.57658035,0.45586693,0.6111571,-0.72291267,-1.909656,0.7366984,1.4158959,-0.41563046,0.019891452,-1.3765435,0.49439275,-0.8909503,-0.42401963,2.122665,1.2368512,0.8301324,-0.7659105
12,-1.5596042,-1.5086153,-4.9038396,-1.5416346,-3.8847125,1.6203496,1.3475175,-4.501751,-0.8868696,6.732669,3.4749036,-2.2057564,12.328515,4.0471997,1.1961379,1.7588899,-1.3323445,4.0839186,0.66817546,3.3986917,2.4847267,-4.89109,0.016435683,-1.673984,-1.5236607,3.2057266,3.8001823,0.03319948,0.799533,0.6210762,0.3885783,-1.0976467,-1.1885087,-1.6162946,1.9255862,-1.2127726,2.1744108,1.0862548,-1.6841412,2.8061295,-0.53599405,1.6965566,0.24181187,-0.20395276,0.09130852,-1.2928247,-1.1880658,0.33179742,0.062077772,1.3572857,-0.5072825,1.1003624,1.6162906,0.39858353,-0.44836912,-0.030708853,-0.29377133,-0.61326647,0.33632696,0.51010656
13,-1.274385,-1.763335,-4.709868,-0.24075405,-2.5291753,2.6601589,0.6988269,-1.6321008,-0.853356,4.2894745,0.7745091,-0.23335704,4.0471997,3.2820673,1.0749094,1.0051758,-0.6455455,0.35313615,-0.4430985,1.3505791,0.33212137,-2.5739694,-0.637692,-0.36721784,-0.10175769,1.3774531,0.69009,0.07662083,-0.22640455,-0.08840217,0.83570266,0.61383575,-0.5255619,-0.10659142,0.26673192,-0.2888994,0.3535782,-0.4961927,-0.72428983,0.7662487,-0.549159,0.42354673,-0.08654575,-0.27965358,0.37724608,-0.27236417,-0.03745221,-0.25786766,0.023412269,1.2516465,-0.13757163,-0.3224612,0.3223117,0.2990705,-0.115966305,0.31421763,0.058065116,0.1373105,-0.19985399,0.37277645
14,1.84933,-0.50963664,3.3213325,0.8659139,1.1007698,2.3836925,1.9776031,0.2741801,-1.0935965,-0.8677155,-0.29172558,0.031187156,1.1961379,1.0749094,5.314194,-0.560479,1.8393388,0.9201678,-1.2367234,1.7183669,0.28611773,-1.613652,-0.04180821,0.5386728,-1.0284636,0.14118177,-0.7767385,1.1681643,-0.20008996,1.1511457,-0.5146872,-0.53897476,-0.69590926,1.042433,-0.94050074,-1.6759548,0.418908,1.8377974,-0.7999687,1.55271,-0.62949955,1.2019378,-0.40104073,-1.0012968,0.13495654,0.50607145,-0.17756356,0.1580359,-0.17505506,0.9160239,0.043867163,-1.0509114,0.092325285,-0.10548125,0.1988655,0.21795797,0.19042459,0.23202977,0.42709243,0.056658708
15,-2.5677247,-2.2048128,-9.922504,-0.5872719,-10.6353,2.3988552,3.1811843,-2.6317472,0.54999125,2.7858238,0.50537443,-0.28990513,1.7588899,1.0051758,-0.560479,4.9332204,-1.8055847,-0.3347221,0.53007376,0.52732056,-0.2143026,-0.780437,-0.2521628,-0.06501405,-1.4216127,1.5278888,0.0020151078,-0.19616692,0.013563719,-1.3174601,0.17752214,0.109970056,1.2434628,-0.011154687,0.79145753,-0.7877923,-1.9364142,-0.39832062,-1.7107608,0.1093702,0.0763211,0.09066367,0.39339167,-0.57695055,0.3603975,0.17226347,0.19461644,-0.25802696,-0.63294363,0.20401162,-0.13776037,-0.35221565,0.7164481,0.25793582,0.17559761,-0.26672366,-0.34625828,0.22827718,-0.4667543,-0.9633958
16,1.6787109,0.9593204,4.5414047,-1.707581,3.1113944,0.6068636,-0.3161152,2.7273183,-0.45536646,-1.4513612,-0.08403137,-0.28496802,-1.3323445,-0.6455455,1.8393388,-1.8055847,5.0981503,-0.9520152,-0.10219921,-1.1509912,0.17825541,-0.20967576,-1.1069713,0.36190385,0.7181424,-0.44206297,-1.0327716,2.6655931,-0.9344592,0.3090714,-0.21158433,-0.0906101,-0.46844772,-0.020270444,-0.2984925,-0.13185951,1.3843801,0.09777625,0.49870247,-0.64612997,-1.3096726,0.93448925,-0.87581146,0.8111783,-0.00040748686,-0.00484482,-0.63558596,0.24719033,-0.51893187,0.1527518,-0.19105525,-0.19474497,0.22082406,-0.54599756,0.34239337,-0.6399522,0.6691092,-0.29863602,0.72217506,0.54706204
17,1.7215436,0.6924902,3.2671485,1.7580919,2.5227258,-0.48497123,-0.7226739,-0.9699694,1.338855,0.31836626,0.6162201,-2.0189729,4.0839186,0.35313615,0.9201678,-0.3347221,-0.9520152,4.486273,-0.50701654,1.9296422,1.1422719,-1.0506246,1.4533432,-0.6235914,0.1352506,0.44697326,2.481619,-0.043127015,0.9204755,0.7886454,-0.5409101,-1.0262809,-1.5019784,-0.804798,0.76369536,-0.9980507,1.0031995,1.7282655,-0.15230793,0.5766269,0.25264543,1.0370646,0.612862,-0.27113807,-0.7547878,-0.08820987,-0.49698028,0.56415176,0.013774446,-0.2796167,0.25321248,0.5866035,-0.22350904,0.692588,-0.28583437,0.1710795,-0.67911273,-0.18719116,0.3158068,0.20882803
18,-2.7055228,-1.1562643,-6.851884,-4.331731,-7.7034316,-3.4876888,0.6780573,-2.3772051,-2.5628111,1.8924582,2.8873923,-2.8149776,0.66817546,-0.4430985,-1.2367234,0.53007376,-0.10219921,-0.50701654,3.75901,1.6717962,-0.92658174,-0.32491112,0.025113426,-0.41150516,1.0010709,0.5768881,-0.30785662,-0.3637693,0.26005936,0.6387562,0.75579274,-0.3074723,-0.4385304,0.9490866,0.240733,0.062261604,1.1240927,-0.54448104,0.15765238,0.0722552,0.36594802,-0.31075254,1.1281269,0.24502659,-0.03896396,-0.05387678,0.686813,0.24958573,-0.4343062,-1.0530233,-0.22567157,0.08707019,1.0344908,-0.94242775,-0.14301439,0.064140216,0.113282725,-0.73116165,0.1311697,0.27363068
19,-0.85501707,-1.1717677,-5.669473,0.088338986,-6.3495374,-1.7897009,0.4517693,-4.774804,-1.7709911,2.1494553,3.2232678,-3.868204,3.3986917,1.3505791,1.7183669,0.52732056,-1.1509912,1.9296422,1.6717962,4.5071926,-0.71488106,-1.8477936,0.6482551,-0.07486956,-0.026922531,0.65554845,0.3043126,0.4583193,1.0673652,1.6147146,0.71358293,-0.094308525,-1.4102232,0.7324283,-0.2592219,-1.3976743,1.0405648,1.0808182,-0.5020709,1.4780076,0.36448145,0.36480683,0.6602427,-1.3664329,-0.4633629,0.33332726,0.38069266,0.5745845,-0.23637618,-0.31220722,0.19421285,-0.4189793,0.5326154,0.14940985,0.06722896,0.5191456,-0.2140734,-0.6536439,0.08000652,0.07677549
20,-2.4880366,0.22394809,-1.605463,-5.884762,-4.379127,1.9121215,4.53296,0.7939502,1.6568598,1.7199988,1.6464133,2.084783,2.4847267,0.33212137,0.28611773,-0.2143026,0.17825541,1.1422719,-0.92658174,-0.71488106,5.7039075,-0.39421922,-1.4727626,-1.1625501,-0.619758,1.9671879,2.551817,-1.2217324,-0.97639966,0.6504287,-1.0580369,-1.1757181,1.8535385,-1.025151,0.43564314,0.625401,0.6042146,0.45696646,1.0259303,0.8832859,0.19293326,0.69939125,-0.96976435,0.7283977,0.4251228,-0.63853884,0.044476107,-0.7625824,-0.17286283,0.37329954,-0.14537138,0.117137656,-0.07006563,0.19979668,0.22705916,-1.0056033,-0.5877229,0.37233016,0.20760119,0.29696554
21,1.4547786,2.2091806,4.5902452,1.4449039,1.8021468,-1.2262108,-1.812154,3.5094414,0.8883289,-3.2896361,-2.5277362,0.7942898,-4.89109,-2.5739694,-1.613652,-0.780437,-0.20967576,-1.0506246,-0.32491112,-1.8477936,-0.39421922,4.7136974,-0.037863396,0.5683141,0.08376765,-1.5002892,-0.99641323,-0.98112845,-0.25512022,0.13927639,0.10044369,-0.10013735,0.21580708,-0.06375374,-0.38872647,-0.059518125,-1.1998225,0.33667296,0.8709382,-1.6164148,0.39851266,-1.0732796,0.20318419,0.07269266,-0.58741164,0.9288409,-0.375705,-0.14091715,0.068362206,-0.87828743,0.67547625,-0.040633015,-0.7149498,-0.29388463,0.15528655,-0.30904284,-0.39678192,0.5213637,-0.1770485,-0.45761496
22,0.53895223,-1.4119146,1.4829674,1.6042678,6.949005,-1.5432957,0.11735377,-0.995232,-1.3512034,-2.4087806,-0.18783283,-1.1410412,0.016435683,-0.637692,-0.04180821,-0.2521628,-1.1069713,1.4533432,0.025113426,0.6482551,-1.4727626,-0.037863396,3.9720511,2.068319,0.47581965,-1.645724,0.07893899,-0.25275105,1.0830961,0.34480458,-1.1135156,0.5345856,-1.0778928,0.08448301,0.26474786,-0.5887176,0.290937,0.016948503,0.45013663,1.1801584,0.68920016,0.0005114004,1.113597,-1.0821795,0.296422,0.31192493,0.68316483,0.33882862,0.18220432,0.012762805,0.5116061,0.3042465,-0.2157684,0.2741375,-0.21524355,0.6816374,-0.31893235,0.10762006,0.28252536,-0.179735
23,0.34210128,-1.8691502,-0.24207889,0.8300847,6.081083,-0.7513066,-0.76605207,-0.97286344,-1.2031851,-1.2407154,0.16810289,-0.055282615,-1.673984,-0.36721784,0.5386728,-0.06501405,0.36190385,-0.6235914,-0.41150516,-0.07486956,-1.1625501,0.5683141,2.068319,3.4985223,-0.19749647,-1.5023164,-2.117774,0.40825957,0.76453257,-0.4885623,-0.6616487,0.44188786,-0.86618257,0.32289305,-0.19034022,-0.11929262,-0.6405064,-0.576325,0.34291726,0.5692842,-0.21185052,-0.46226096,0.18676738,-1.1690239,0.42530632,0.9554096,0.097749695,0.28465468,-0.119985536,-0.0015957893,0.68535346,-0.005074647,-0.2957853,0.21949641,0.059620455,0.19447431,-0.15405732,0.039594535,0.33948576,-0.2953304
24,-0.6318231,-0.19147375,-0.19838615,-1.9967756,1.6418178,-2.4896472,-0.12691344,1.0606151,-2.106238,-0.36880922,0.5167425,-2.033598,-1.5236607,-0.10175769,-1.0284636,-1.4216127,0.7181424,0.1352506,1.0010709,-0.026922531,-0.619758,0.08376765,0.47581965,-0.19749647,3.499137,-0.7135155,0.08135235,0.13226372,-0.82971,0.30541873,-0.023604043,0.67699635,-0.33114174,0.6810937,0.0071786656,0.6658639,1.2440276,-0.82808906,1.5854492,-1.0292702,1.0675797,-0.066706434,0.4543563,0.8533697,-0.3466853,-0.03471923,1.1140776,-0.039404646,-0.02311773,-0.744185,-0.050534494,-0.14889432,-0.36612296,-0.31695792,0.2302523,0.3867192,-0.039344124,-0.4618473,0.053607717,0.7654158
25,-1.7918737,-0.38748085,-4.989295,-2.5884387,-6.5868316,1.9210653,2.0885568,-0.64362884,0.5858748,3.8695536,1.7089584,1.7230989,3.2057266,1.3774531,0.14118177,1.5278888,-0.44206297,0.44697326,0.5768881,0.65554845,1.9671879,-1.5002892,-1.645724,-1.5023164,-0.7135155,2.9595847,1.2552863,-0.67143714,-0.15884954,0.13817923,0.3861134,-0.85310805,0.756443,-0.3021994,0.41871095,-0.265412,0.027674206,0.123490304,-0.6457193,0.84287155,0.008850906,0.22678187,-0.080466,0.52067196,0.04150267,-0.32916057,-0.42852074,-0.31861293,-0.0969179,0.17517214,-0.52168334,-0.20434003,0.29906583,-0.07871614,-0.3150124,-0.39990187,0.4397387,-0.048127428,0.29419187,-0.09797241
26,-1.3081717,0.56400645,-1.4203517,-2.3987145,-4.299161,1.9462653,1.9109774,0.325262,1.9648225,1.9718164,1.1109041,-0.14139874,3.8001823,0.69009,-0.7767385,0.0020151078,-1.0327716,2.481619,-0.30785662,0.3043126,2.551817,-0.99641323,0.07893899,-2.117774,0.08135235,1.2552863,4.1586776,-0.7464543,-0.29950345,0.7996528,-0.17126572,-0.6185817,-0.14195961,-0.92660093,0.6888603,-0.12210785,0.9563968,0.14002104,0.22953293,0.58089674,0.5670371,0.58762467,0.39945725,0.53110886,0.047519334,-0.8351378,-0.0051649837,-0.2843157,-0.22814254,0.3477726,-0.6122335,0.5859051,0.22617738,0.5606698,-0.13618419,-0.17749667,-0.3431302,0.5181687,0.21965721,0.056404978
27,-0.38284698,-0.23478898,-2.8184967,-0.73759353,-2.3528452,2.255847,1.0301762,-0.59014237,0.6579691,1.2489483,1.3177335,-2.3342838,0.03319948,0.07662083,1.1681643,-0.19616692,2.6655931,-0.043127015,-0.3637693,0.4583193,-1.2217324,-0.98112845,-0.25275105,0.40825957,0.13226372,-0.67143714,-0.7464543,5.739656,-0.62448037,-0.10903734,0.8858292,0.68259406,-1.0538394,-0.12583031,0.06509042,-0.4502589,0.62824297,0.093706116,0.46749657,-0.5406943,-1.2609446,0.7215393,-1.0876446,0.45621914,-0.33161908,0.22878905,-0.21315403,0.15735555,-0.7202792,0.53579557,0.09322849,-0.19125259,0.32882985,0.90591055,0.37606835,-0.03906756,0.3676704,-0.25205183,0.33092922,0.18978973
28,0.9820161,-0.479594,0.86711895,1.8800824,4.4371815,-0.34496546,-2.3667097,-1.4638399,0.5877148,0.7030214,0.5331442,1.052943,0.799533,-0.22640455,-0.20008996,0.013563719,-0.9344592,0.9204755,0.26005936,1.0673652,-0.97639966,-0.25512022,1.0830961,0.76453257,-0.82971,-0.15884954,-0.29950345,-0.62448037,2.387855,0.3344991,-0.17234704,0.14191099,-1.2929626,-0.36255664,-0.008685078,-1.0602988,0.25358692,0.15161186,-0.35748208,0.09865123,-0.17701979,-0.34074324,0.54918635,-0.8694645,-0.28272998,0.515558,-0.5716201,-0.011361487,-0.23542315,-0.35729933,0.37838578,0.3264467,-0.35190254,0.4264906,-0.3466753,0.2891658,0.33790135,-0.38386196,0.20945849,-0.3394448
29,-0.25869226,0.58469296,-0.020013789,-1.3588026,-1.6026847,-0.15423876,1.6418741,0.5868933,-1.1356325,-0.10817358,1.0364431,0.015267342,0.6210762,-0.08840217,1.1511457,-1.3174601,0.3090714,0.7886454,0.6387562,1.6147146,0.6504287,0.13927639,0.34480458,-0.4885623,0.30541873,0.13817923,0.7996528,-0.10903734,0.3344991,2.2737339,-0.12546922,-0.12550049,-0.72493804,0.30687192,-0.44068533,-0.97435254,1.4012082,0.8153285,0.73565656,0.9601021,0.26854664,0.17490995,0.48790693,-0.4398725,-0.21298015,0.11398728,0.20763096,-0.18443978,-0.0693924,0.13205118,0.10865332,-0.33340883,0.09498192,-0.14965205,-0.14255734,0.0862706,0.24090078,0.13254268,0.41095716,0.16710654
30,-0.49920043,0.29215705,-3.0101144,0.58420354,-5.0557213,0.48322433,-1.5099918,-1.0505085,0.64172834,2.0537171,-0.14104542,-1.7226555,0.3885783,0.83570266,-0.5146872,0.17752214,-0.21158433,-0.5409101,0.75579274,0.71358293,-1.0580369,0.10044369,-1.1135156,-0.6616487,-0.023604043,0.3861134,-0.17126572,0.8858292,-0.17234704,-0.12546922,1.9837006,0.65151536,-0.5465057,0.12599212,-0.066208035,-0.34170234,0.03971556,-0.15812631,-0.43013638,-1.1185012,-0.76507854,-0.1892446,-0.20762518,0.0019158828,-0.15854019,0.008954957,-0.43469664,0.019272173,-0.4699982,-0.1737793,0.040664695,-0.37127358,0.26552814,-0.05586933,-0.22235274,0.24280833,-0.037784815,0.025939686,-0.22279182,0.26799268
31,-0.41123018,-0.50058407,-1.1073464,1.4603994,1.3531692,0.69006735,-0.011731469,-0.7219831,-0.36632478,-0.521584,-1.2071371,-0.5317396,-1.0976467,0.61383575,-0.53897476,0.109970056,-0.0906101,-1.0262809,-0.3074723,-0.094308525,-1.1757181,-0.10013735,0.5345856,0.44188786,0.67699635,-0.85310805,-0.6185817,0.68259406,0.14191099,-0.12550049,0.65151536,2.091545,0.44258815,-0.059730984,-0.1776476,-0.49580112,0.17196795,-0.6217928,0.19494443,-0.8769676,-0.24995789,-0.07457742,-0.5326364,-0.63065135,0.2710094,-0.03283827,0.43321025,-0.555599,-0.4548737,0.16550888,0.30248222,-0.6282158,-0.21558873,0.13705221,0.08566663,0.5030637,-0.04492589,0.078454345,-0.27139056,0.31998366
32,-1.0286372,0.9144089,0.05023846,-0.023947388,-3.186636,-0.716416,3.344585,-0.40990457,0.0860783,-3.0658245,-1.4028689,0.9762895,-1.1885087,-0.5255619,-0.69590926,1.2434628,-0.46844772,-1.5019784,-0.4385304,-1.4102232,1.8535385,0.21580708,-1.0778928,-0.86618257,-0.33114174,0.756443,-0.14195961,-1.0538394,-1.2929626,-0.72493804,-0.5465057,0.44258815,4.0085487,-0.19554812,0.07734464,0.6443364,-0.8990035,0.39985636,-0.26832768,0.15072295,0.77840185,0.22887048,-1.3683372,0.18233602,0.4715147,-1.04354,0.47347283,-0.5081752,0.14644,-0.3299606,-0.35305518,-0.60021096,0.15056285,-0.6250925,0.27141863,-0.33027068,-0.46540144,-0.018751848,-0.3416615,-0.0064831963
33,-0.95817864,-1.1108546,-2.422638,-1.6957796,-3.1020803,-0.52450645,1.1724308,-0.24075514,-1.7777755,-0.11584533,0.64316696,-0.6976114,-1.6162946,-0.10659142,1.042433,-0.011154687,-0.020270444,-0.804798,0.9490866,0.7324283,-1.025151,-0.06375374,0.08448301,0.32289305,0.6810937,-0.3021994,-0.92660093,-0.12583031,-0.36255664,0.30687192,0.12599212,-0.059730984,-0.19554812,1.5559713,-0.7120417,-0.11199294,-0.13951004,-0.21210966,0.088033065,0.2473705,0.5798106,-0.32188877,0.56142354,-0.15929058,0.10943535,0.45682845,0.8616374,-0.07249921,-0.20929554,-0.28356934,-0.2129222,-0.6141654,0.14363071,-0.39662492,0.15008235,0.41176888,0.102038756,0.05583494,0.074687734,-0.06871843
34,-0.36546057,-0.06829059,-0.97301024,-0.16121839,-0.37016565,-0.14868975,0.29842532,-0.2782036,0.28902996,0.8424387,-0.08972697,-0.5416349,1.9255862,0.26673192,-0.94050074,0.79145753,-0.2984925,0.76369536,0.240733,-0.2592219,0.43564314,-0.38872647,0.26474786,-0.19034022,0.0071786656,0.41871095,0.6888603,0.06509042,-0.008685078,-0.44068533,-0.066208035,-0.1776476,0.07734464,-0.7120417,0.94222337,0.14494854,0.20318103,-0.019326655,-0.18272734,-0.17841437,-0.25885707,0.37848884,0.15631491,0.32833385,0.0422403,-0.46600556,-0.3206902,0.12564866,-0.0067974734,0.083393194,0.04936897,0.5045641,0.36066115,0.04760269,-0.24519545,-0.19350244,-0.28003958,-0.10092581,-0.06886988,0.118619
35,-0.78838646,0.16803859,0.07341204,-1.2453544,1.3606079,-1.9752542,-0.6705438,0.21816203,-0.18202676,-0.21255946,0.6602738,0.22827199,-1.2127726,-0.2888994,-1.6759548,-0.7877923,-0.13185951,-0.9980507,0.062261604,-1.3976743,0.625401,-0.059518125,-0.5887176,-0.11929262,0.6658639,-0.265412,-0.12210785,-0.4502589,-1.0602988,-0.97435254,-0.34170234,-0.49580112,0.6443364,-0.11199294,0.14494854,2.6905084,-0.33450204,-1.1668732,0.63982105,0.04487709,0.08920933,-0.47234908,-0.19790131,1.0555077,0.22698791,-0.5927379,0.663568,0.30879825,0.9558583,0.06151052,-0.2779548,0.73580945,0.006669959,-0.11342579,0.027229507,-0.30103487,-0.08225335,-0.08391668,-0.3265603,0.40484342
36,-0.35769352,0.12143498,1.1551535,-2.5334377,1.6953633,-1.191474,0.23921254,-0.00396837,-1.5764029,0.68400645,1.3807558,-1.3770956,2.1744108,0.3535782,0.418908,-1.9364142,1.3843801,1.0031995,1.1240927,1.0405648,0.6042146,-1.1998225,0.290937,-0.6405064,1.2440276,0.027674206,0.9563968,0.62824297,0.25358692,1.4012082,0.03971556,0.17196795,-0.8990035,-0.13951004,0.20318103,-0.33450204,2.5243912,0.22529021,0.9058716,0.28068846,-0.18084045,0.6591679,0.15378118,0.41599995,-0.10492048,-0.5225488,0.05685164,-0.07569508,-0.23106468,0.021099392,-0.046963528,0.20598297,0.36431712,-0.31751302,-0.1297605,0.14167723,0.16048646,-0.51477087,0.41471347,0.879072
37,2.7017384,2.1578526,6.017413,3.696289,1.6336737,-1.0709819,-0.19160779,-0.009950834,0.35121858,-2.9171185,-1.4930204,-0.9784337,1.0862548,-0.4961927,1.8377974,-0.39832062,0.09777625,1.7282655,-0.54448104,1.0808182,0.45696646,0.33667296,0.016948503,-0.576325,-0.82808906,0.123490304,0.14002104,0.093706116,0.15161186,0.8153285,-0.15812631,-0.6217928,0.39985636,-0.21210966,-0.019326655,-1.1668732,0.22529021,2.44743,-0.7371644,0.4231108,-0.09905573,0.8340867,-0.42856508,-0.5837433,-0.6000309,-0.18059865,-0.7609199,0.42803454,0.18488811,-0.34733343,0.24261534,-0.2661893,0.052014038,-0.2704555,-0.18328923,0.026672829,-0.4184972,-0.14370447,0.14207703,0.11706264
38,-1.6757789,-0.47483635,-1.2387483,-4.1380773,0.79328245,-0.48278922,1.3032911,1.3753495,-0.5624473,0.41486442,1.3389449,0.1824624,-1.6841412,-0.72428983,-0.7999687,-1.7107608,0.49870247,-0.15230793,0.15765238,-0.5020709,1.0259303,0.8709382,0.45013663,0.34291726,1.5854492,-0.6457193,0.22953293,0.46749657,-0.35748208,0.73565656,-0.43013638,0.19494443,-0.26832768,0.088033065,-0.18272734,0.63982105,0.9058716,-0.7371644,2.166931,-0.25191283,0.6301433,-0.33264577,0.0739718,0.76226234,-0.026947053,0.24358541,0.76590556,-0.41081986,-0.040817432,-0.08470467,0.30641893,0.048008323,-0.559783,0.25301075,0.31445757,-0.0791655,-0.015219651,-0.044228524,0.0982219,0.26218683
39,-0.77769876,-1.1276393,-0.9206002,-0.973192,1.4764485,-0.3077083,2.2560816,-1.5378516,-2.589174,0.06347743,2.4239545,0.95170856,2.8061295,0.7662487,1.55271,0.1093702,-0.64612997,0.5766269,0.0722552,1.4780076,0.8832859,-1.6164148,1.1801584,0.5692842,-1.0292702,0.84287155,0.58089674,-0.5406943,0.09865123,0.9601021,-1.1185012,-0.8769676,0.15072295,0.2473705,-0.17841437,0.04487709,0.28068846,0.4231108,-0.25191283,3.6419184,0.90425193,-0.030102782,0.3493111,-0.5884205,0.29274145,-0.08822408,0.44923115,0.1605534,0.91387737,0.82192135,-0.41804665,0.19796667,0.45639786,-0.082824804,0.035420902,0.11698817,0.35829845,-0.017795544,0.64167917,-0.25788438
40,-0.8962077,-0.36050737,-0.8055614,-1.2643712,-0.38472244,-1.7565644,1.0499732,-0.3776815,-1.480172,-0.92116576,1.2042873,-0.21520916,-0.53599405,-0.549159,-0.62949955,0.0763211,-1.3096726,0.25264543,0.36594802,0.36448145,0.19293326,0.39851266,0.68920016,-0.21185052,1.0675797,0.008850906,0.5670371,-1.2609446,-0.17701979,0.26854664,-0.76507854,-0.24995789,0.77840185,0.5798106,-0.25885707,0.08920933,-0.18084045,-0.09905573,0.6301433,0.90425193,2.1511438,-0.53530884,0.39981985,0.104257464,-0.25467214,0.16927543,0.87305987,-0.111007854,0.32966644,-0.6220044,-0.3412577,-0.01793638,-0.30153787,-0.063816875,0.51411533,0.2607117,-0.0548155,-0.30428508,0.08784688,-0.40156078
41,0.62383896,0.32747316,1.148788,0.34879595,-0.9595105,0.39942473,1.1819369,-0.2645929,0.442841,-0.5734626,-0.5199642,-1.2812133,1.6965566,0.42354673,1.2019378,0.09066367,0.93448925,1.0370646,-0.31075254,0.36480683,0.69939125,-1.0732796,0.0005114004,-0.46226096,-0.066706434,0.22678187,0.58762467,0.7215393,-0.34074324,0.17490995,-0.1892446,-0.07457742,0.22887048,-0.32188877,0.37848884,-0.47234908,0.6591679,0.8340867,-0.33264577,-0.030102782,-0.53530884,1.1375222,-0.3610037,-0.033942603,0.15290755,-0.5793921,-0.24447528,0.26365924,-0.22733372,0.26139355,0.017663408,-0.11012216,0.33398277,-0.06992112,-0.022795174,-0.15649177,-0.29981738,-0.07952279,-0.054318562,0.29072267
42,-0.53825414,-1.1030836,-2.0421147,-1.2136817,-1.5437546,-0.31234956,-0.12799388,0.65605557,-1.1294093,0.8475487,0.4474946,-0.317258,0.24181187,-0.08654575,-0.40104073,0.39339167,-0.87581146,0.612862,1.1281269,0.6602427,-0.96976435,0.20318419,1.113597,0.18676738,0.4543563,-0.080466,0.39945725,-1.0876446,0.54918635,0.48790693,-0.20762518,-0.5326364,-1.3683372,0.56142354,0.15631491,-0.19790131,0.15378118,-0.42856508,0.0739718,0.3493111,0.39981985,-0.3610037,1.9137756,0.21512802,-0.087450966,0.24953343,0.2230657,0.06774549,0.009614712,0.023000333,0.013688708,0.24913497,0.18207043,-0.15736854,-0.31363338,0.24538258,-0.11508374,0.2484069,0.10751124,-0.32478443
43,-0.7361783,0.23392257,0.40224653,-3.045446,-0.8204903,0.39850277,0.06296192,2.2631145,0.11057791,1.0917482,0.24705535,0.57658035,-0.20395276,-0.27965358,-1.0012968,-0.57695055,0.8111783,-0.27113807,0.24502659,-1.3664329,0.7283977,0.07269266,-1.0821795,-1.1690239,0.8533697,0.52067196,0.53110886,0.45621914,-0.8694645,-0.4398725,0.0019158828,-0.63065135,0.18233602,-0.15929058,0.32833385,1.0555077,0.41599995,-0.5837433,0.76226234,-0.5884205,0.104257464,-0.033942603,0.21512802,1.94385,-0.222536,-0.44698098,-0.10444046,-0.24104568,0.17962384,0.10863092,-0.33216476,0.38781333,-0.03332537,-0.13546783,0.060109384,-0.28003922,0.075070955,-0.115086645,-0.00042887253,0.19213213
44,-1.254548,-1.0613763,-2.4690428,-1.515629,-1.798639,0.9146728,1.7236605,-0.40832737,0.05906035,0.3269852,-0.02349249,0.45586693,0.09130852,0.37724608,0.13495654,0.3603975,-0.00040748686,-0.7547878,-0.03896396,-0.4633629,0.4251228,-0.58741164,0.296422,0.42530632,-0.3466853,0.04150267,0.047519334,-0.33161908,-0.28272998,-0.21298015,-0.15854019,0.2710094,0.4715147,0.10943535,0.0422403,0.22698791,-0.10492048,-0.6000309,-0.026947053,0.29274145,-0.25467214,0.15290755,-0.087450966,-0.222536,0.830253,-0.31239295,0.31758934,-0.11526107,-0.17608646,0.4658103,-0.08367945,-0.13167128,0.26267505,-0.08479639,-0.063755,-0.06643979,-0.03244216,0.3180616,-0.12536672,-0.04655508
45,-0.02915689,-0.8109166,-0.9504732,-0.5370625,1.0988443,0.7290299,-0.63156617,0.31259447,-0.28150195,1.0573865,0.7256901,0.6111571,-1.2928247,-0.27236417,0.50607145,0.17226347,-0.00484482,-0.08820987,-0.05387678,0.33332726,-0.63853884,0.9288409,0.31192493,0.9554096,-0.03471923,-0.32916057,-0.8351378,0.22878905,0.515558,0.11398728,0.008954957,-0.03283827,-1.04354,0.45682845,-0.46600556,-0.5927379,-0.5225488,-0.18059865,0.24358541,-0.08822408,0.16927543,-0.5793921,0.24953343,-0.44698098,-0.31239295,1.2731801,0.16522169,-0.18424833,-0.21163669,-0.18644446,0.3162288,-0.22517842,-0.4838102,0.30687162,0.27825093,0.08763968,0.29070386,0.065283164,0.19110537,-0.3093186
46,-2.2598035,-1.4578736,-4.045871,-2.8495126,-2.5653732,-0.77237666,2.497995,-0.9319873,-1.5719633,0.17386132,1.4014578,-0.72291267,-1.1880658,-0.03745221,-0.17756356,0.19461644,-0.63558596,-0.49698028,0.686813,0.38069266,0.044476107,-0.375705,0.68316483,0.097749695,1.1140776,-0.42852074,-0.0051649837,-0.21315403,-0.5716201,0.20763096,-0.43469664,0.43321025,0.47347283,0.8616374,-0.3206902,0.663568,0.05685164,-0.7609199,0.76590556,0.44923115,0.87305987,-0.24447528,0.2230657,-0.10444046,0.31758934,0.16522169,1.6546135,-0.29569495,0.06395121,-0.040623963,-0.09737463,-0.2955165,0.0017116369,-0.019149913,0.3869334,0.24243808,-0.064666696,0.03297809,-0.2041027,0.17902979
47,1.4478316,0.6597005,1.4597337,2.1443238,0.49883518,-2.1585708,-1.6977323,-1.0918088,0.18156618,-1.1263747,0.13575193,-1.909656,0.33179742,-0.25786766,0.1580359,-0.25802696,0.24719033,0.56415176,0.24958573,0.5745845,-0.7625824,-0.14091715,0.33882862,0.28465468,-0.039404646,-0.31861293,-0.2843157,0.15735555,-0.011361487,-0.18443978,0.019272173,-0.555599,-0.5081752,-0.07249921,0.12564866,0.30879825,-0.07569508,0.42803454,-0.41081986,0.1605534,-0.111007854,0.26365924,0.06774549,-0.24104568,-0.11526107,-0.18424833,-0.29569495,1.0464431,0.40247753,-0.30146074,0.035066105,0.3490138,0.1875194,-0.12905663,-0.038947064,-0.11657824,-0.09890562,-0.35205144,-0.11321543,-0.050359428
48,1.2252413,0.80630237,3.4536848,2.1006885,4.5620823,-1.5076973,-1.2069306,0.50674605,-0.86799943,-1.1215701,-0.3431239,0.7366984,0.062077772,0.023412269,-0.17505506,-0.63294363,-0.51893187,0.013774446,-0.4343062,-0.23637618,-0.17286283,0.068362206,0.18220432,-0.119985536,-0.02311773,-0.0969179,-0.22814254,-0.7202792,-0.23542315,-0.0693924,-0.4699982,-0.4548737,0.14644,-0.20929554,-0.0067974734,0.9558583,-0.23106468,0.18488811,-0.040817432,0.91387737,0.32966644,-0.22733372,0.009614712,0.17962384,-0.17608646,-0.21163669,0.06395121,0.40247753,1.1912007,0.29712546,-0.032619804,0.41265768,-0.15571412,-0.15392564,-0.08959654,0.0015731573,0.2033265,-0.13000426,-0.13272679,0.100458145
49,-0.50000435,-0.83464384,-0.9164049,-0.503165,0.3199433,2.93337,1.415944,0.9965601,-0.19738176,1.4635481,-0.30711228,1.4158959,1.3572857,1.2516465,0.9160239,0.20401162,0.1527518,-0.2796167,-1.0530233,-0.31220722,0.37329954,-0.87828743,0.012762805,-0.0015957893,-0.744185,0.17517214,0.3477726,0.53579557,-0.35729933,0.13205118,-0.1737793,0.16550888,-0.3299606,-0.28356934,0.083393194,0.06151052,0.021099392,-0.34733343,-0.08470467,0.82192135,-0.6220044,0.26139355,0.023000333,0.10863092,0.4658103,-0.18644446,-0.040623963,-0.30146074,0.29712546,1.5043702,0.0003787097,0.017129237,0.16887957,0.3223744,-0.03832208,-0.050118893,0.19356838,0.54335916,-0.13424367,-0.046384096
50,0.367028,-0.11870753,0.4397262,0.7359115,1.3830626,-0.28400832,-0.48735192,-0.09234796,0.16598117,-0.25876236,-0.53386736,-0.41563046,-0.5072825,-0.13757163,0.043867163,-0.13776037,-0.19105525,0.25321248,-0.22567157,0.19421285,-0.14537138,0.67547625,0.5116061,0.68535346,-0.050534494,-0.52168334,-0.6122335,0.09322849,0.37838578,0.10865332,0.040664695,0.30248222,-0.35305518,-0.2129222,0.04936897,-0.2779548,-0.046963528,0.24261534,0.30641893,-0.41804665,-0.3412577,0.017663408,0.013688708,-0.33216476,-0.08367945,0.3162288,-0.09737463,0.035066105,-0.032619804,0.0003787097,0.63217497,-0.10103722,-0.28867197,0.13846378,-0.017056666,0.012405995,-0.30305234,-0.0014542725,-0.21888979,0.06030388
51,0.40288824,0.31602454,1.502284,0.125599,2.9002748,-1.020931,-1.5062551,0.012413321,0.25799108,0.3296343,0.57695466,0.019891452,1.1003624,-0.3224612,-1.0509114,-0.35221565,-0.19474497,0.5866035,0.08707019,-0.4189793,0.117137656,-0.040633015,0.3042465,-0.005074647,-0.14889432,-0.20434003,0.5859051,-0.19125259,0.3264467,-0.33340883,-0.37127358,-0.6282158,-0.60021096,-0.6141654,0.5045641,0.73580945,0.20598297,-0.2661893,0.048008323,0.19796667,-0.01793638,-0.11012216,0.24913497,0.38781333,-0.13167128,-0.22517842,-0.2955165,0.3490138,0.41265768,0.017129237,-0.10103722,0.97148126,0.15652725,0.16382237,-0.08860047,-0.19551468,0.024853542,-0.2137171,0.03401376,-0.00067299855
52,-0.9621425,-0.29977685,-2.599554,-1.0808256,-4.2204676,-0.42609993,1.1848708,-1.0816419,-0.94306195,0.5150552,0.63492334,-1.3765435,1.6162906,0.3223117,0.092325285,0.7164481,0.22082406,-0.22350904,1.0344908,0.5326154,-0.07006563,-0.7149498,-0.2157684,-0.2957853,-0.36612296,0.29906583,0.22617738,0.32882985,-0.35190254,0.09498192,0.26552814,-0.21558873,0.15056285,0.14363071,0.36066115,0.006669959,0.36431712,0.052014038,-0.559783,0.45639786,-0.30153787,0.33398277,0.18207043,-0.03332537,0.26267505,-0.4838102,0.0017116369,0.1875194,-0.15571412,0.16887957,-0.28867197,0.15652725,0.96851534,-0.38876656,-0.08967727,-0.10099581,-0.13318577,-0.0523825,0.009916235,0.09452508
53,-0.37877476,-0.50181496,-1.7851179,0.063277975,-0.035836075,1.785722,0.11448157,-0.44880974,1.5302525,1.4961536,0.6797895,0.49439275,0.39858353,0.2990705,-0.10548125,0.25793582,-0.54599756,0.692588,-0.94242775,0.14940985,0.19979668,-0.29388463,0.2741375,0.21949641,-0.31695792,-0.07871614,0.5606698,0.90591055,0.4264906,-0.14965205,-0.05586933,0.13705221,-0.6250925,-0.39662492,0.04760269,-0.11342579,-0.31751302,-0.2704555,0.25301075,-0.082824804,-0.063816875,-0.06992112,-0.15736854,-0.13546783,-0.08479639,0.30687162,-0.019149913,-0.12905663,-0.15392564,0.3223744,0.13846378,0.16382237,-0.38876656,0.9476316,0.12111963,0.0073607545,0.043907523,0.15930285,-0.04765626,-0.2894178
54,-0.5562341,-0.50449014,-1.055187,-1.3446262,-1.4106534,-0.09360944,0.43100584,-0.4649346,-0.37624013,0.05056153,0.87077785,-0.8909503,-0.44836912,-0.115966305,0.1988655,0.17559761,0.34239337,-0.28583437,-0.14301439,0.06722896,0.22705916,0.15528655,-0.21524355,0.059620455,0.2302523,-0.3150124,-0.13618419,0.37606835,-0.3466753,-0.14255734,-0.22235274,0.08566663,0.27141863,0.15008235,-0.24519545,0.027229507,-0.1297605,-0.18328923,0.31445757,0.035420902,0.51411533,-0.022795174,-0.31363338,0.060109384,-0.063755,0.27825093,0.3869334,-0.038947064,-0.08959654,-0.03832208,-0.017056666,-0.08860047,-0.08967727,0.12111963,0.71205443,-0.12590614,-0.123864755,-0.22833773,-0.17954077,-0.1663129
55,0.24068826,-0.3566724,0.65738666,1.1300693,1.9531641,-0.2561312,-0.55915534,-0.4537881,-0.7965735,-0.34306356,-0.3789515,-0.42401963,-0.030708853,0.31421763,0.21795797,-0.26672366,-0.6399522,0.1710795,0.064140216,0.5191456,-1.0056033,-0.30904284,0.6816374,0.19447431,0.3867192,-0.39990187,-0.17749667,-0.03906756,0.2891658,0.0862706,0.24280833,0.5030637,-0.33027068,0.41176888,-0.19350244,-0.30103487,0.14167723,0.026672829,-0.0791655,0.11698817,0.2607117,-0.15649177,0.24538258,-0.28003922,-0.06643979,0.08763968,0.24243808,-0.11657824,0.0015731573,-0.050118893,0.012405995,-0.19551468,-0.10099581,0.0073607545,-0.12590614,0.5701839,-0.02511546,-0.003233626,0.043008924,0.13215327
56,0.18941969,0.061068907,0.11333747,-0.14852181,2.1559596,0.81995785,-0.34076917,0.80122864,-0.26699954,1.0940411,0.6825968,2.122665,-0.29377133,0.058065116,0.19042459,-0.34625828,0.6691092,-0.67911273,0.113282725,-0.2140734,-0.5877229,-0.39678192,-0.31893235,-0.15405732,-0.039344124,0.4397387,-0.3431302,0.3676704,0.33790135,0.24090078,-0.037784815,-0.04492589,-0.46540144,0.102038756,-0.28003958,-0.08225335,0.16048646,-0.4184972,-0.015219651,0.35829845,-0.0548155,-0.29981738,-0.11508374,0.075070955,-0.03244216,0.29070386,-0.064666696,-0.09890562,0.2033265,0.19356838,-0.30305234,0.024853542,-0.13318577,0.043907523,-0.123864755,-0.02511546,1.1066502,-0.1208432,0.34579206,-0.0993503
57,-0.27799034,-0.011303721,-0.3336528,-0.06270922,-1.2320119,2.19493,1.1977103,1.4840033,0.82180953,-0.03509328,-1.1099019,1.2368512,-0.61326647,0.1373105,0.23202977,0.22827718,-0.29863602,-0.18719116,-0.73116165,-0.6536439,0.37233016,0.5213637,0.10762006,0.039594535,-0.4618473,-0.048127428,0.5181687,-0.25205183,-0.38386196,0.13254268,0.025939686,0.078454345,-0.018751848,0.05583494,-0.10092581,-0.08391668,-0.51477087,-0.14370447,-0.044228524,-0.017795544,-0.30428508,-0.07952279,0.2484069,-0.115086645,0.3180616,0.065283164,0.03297809,-0.35205144,-0.13000426,0.54335916,-0.0014542725,-0.2137171,-0.0523825,0.15930285,-0.22833773,-0.003233626,-0.1208432,0.8568542,0.023774607,-0.16202524
58,0.25686806,0.117223814,1.1513966,-0.5025029,2.2178128,0.26874828,0.124408424,0.5755269,-0.46427697,-0.13111201,0.6011097,0.8301324,0.33632696,-0.19985399,0.42709243,-0.4667543,0.72217506,0.3158068,0.1311697,0.08000652,0.20760119,-0.1770485,0.28252536,0.33948576,0.053607717,0.29419187,0.21965721,0.33092922,0.20945849,0.41095716,-0.22279182,-0.27139056,-0.3416615,0.074687734,-0.06886988,-0.3265603,0.41471347,0.14207703,0.0982219,0.64167917,0.08784688,-0.054318562,0.10751124,-0.00042887253,-0.12536672,0.19110537,-0.2041027,-0.11321543,-0.13272679,-0.13424367,-0.21888979,0.03401376,0.009916235,-0.04765626,-0.17954077,0.043008924,0.34579206,0.023774607,0.7127222,0.033944882
