,0,1,2,3,4,5,6,7,8,9,10,11,12,13,14,15,16,17,18,19,20,21,22,23,24,25,26,27,28,29,30,31,32,33,34,35,36,37,38,39,40,41,42,43,44,45,46,47,48,49
0,161.19261,155.05453,-31.242554,-8.641695,-40.8178,-7.3891134,-14.833471,4.605496,-11.206381,2.0790715,0.7818584,-4.9841204,-2.8024068,-2.7518463,2.001628,-0.0013332528,-0.0016934924,0.0008532192,-3.583563e-05,0.0003746897,0.00022325364,0.00027854537,0.00023635216,-0.00010335909,0.000186901,4.112375e-05,-0.0002469648,-9.177582e-06,2.8104718e-05,-9.8217664e-05,1.8469964e-05,3.8675822e-05,-3.049022e-05,-5.9340513e-05,3.855151e-05,-0.00010974491,-1.4861848e-05,-9.758915e-05,0.00019582853,-0.00030534912,-1.4496805e-05,-1.0988384e-05,-3.535664e-05,-8.0963655e-05,1.7652095e-05,-9.363109e-06,-2.9649822e-05,-7.953632e-06,-4.616713e-05,-9.71674e-05
1,155.05453,209.92201,5.32384,-17.48946,21.319214,10.844589,8.139498,6.287596,8.739469,-5.342387,1.2498429,0.88790405,-1.4212847,1.748925,0.029198281,-0.0014420103,4.159609e-05,0.00043269253,0.0004460309,-0.00025239078,0.0002904638,0.00045898737,-0.00015024452,9.288102e-05,0.00016934527,0.00021282666,-0.00037554518,0.00012194351,2.5379599e-05,2.1625621e-05,2.0267362e-05,2.7026857e-05,1.6483296e-05,-7.0058704e-06,3.9762217e-05,-9.83971e-05,-1.8520288e-05,-6.553678e-05,8.640588e-05,-0.00016455425,3.9628435e-06,0.00014893085,-2.8522987e-05,1.2254309e-06,-9.981293e-07,-3.341163e-06,-2.4884044e-05,-8.8424085e-06,-2.6019468e-05,-9.394446e-05
2,-31.242554,5.32384,184.94176,-32.562885,-4.3203773,9.161568,-1.5241897,12.8317795,2.858285,-5.8332205,2.303204,-2.961046,-4.5525236,0.13778567,1.9183731,-0.0024327557,0.0019433268,0.00026089413,0.0013700891,-0.0011193107,0.00032701716,0.00089219405,-0.00047409197,0.0006299885,0.0001799793,0.0004623388,-0.0006093513,0.00025856902,1.114563e-05,0.00014569703,-6.5913474e-07,-5.4398435e-05,1.3377019e-05,-3.2451768e-05,3.147355e-05,-0.00012594464,-3.6860786e-07,-4.2515832e-05,8.957244e-06,-4.413352e-05,1.1755585e-05,0.00034369656,-2.71249e-05,8.5683736e-05,-4.3343098e-05,3.680074e-05,-4.59942e-06,9.4131765e-06,-8.135708e-06,-9.026089e-05
3,-8.641695,-17.48946,-32.562885,101.14178,-1.3403387,19.944195,-0.2305981,25.263294,7.9315734,-11.92535,4.440699,-5.2353563,-8.5529175,0.8930297,3.40491,-0.0016385396,0.00015265457,0.0006570295,0.0006940956,-0.000370898,0.00039426016,0.0006133474,-9.407617e-05,0.0003047404,0.00019361221,0.00030628179,-0.0005620047,8.0062964e-05,9.2714676e-05,6.585423e-05,2.1749449e-05,1.7626267e-06,-1.9705953e-05,-2.9541909e-05,7.61845e-05,-0.00015133235,-2.4147286e-05,-8.8059634e-05,0.00012858439,-0.000165273,-2.8360257e-05,0.00016815493,-6.3626474e-05,-2.574787e-06,-1.0720583e-05,-1.2135462e-06,-3.2708682e-05,2.8612349e-06,-2.5574936e-05,-0.0001167734
4,-40.8178,21.319214,-4.3203773,-1.3403387,154.02122,-0.97628284,-1.9219787,0.8228046,-1.4743686,0.33486462,0.12354976,-0.7669848,-0.3537347,-0.39404792,0.25763127,0.0017492047,0.0013691005,-0.0012042911,-8.077303e-05,-0.00039852565,-0.00023531611,-0.00031825222,-0.00018303504,-1.2555101e-05,-0.00022498888,-6.756978e-05,0.00030356398,4.2940923e-05,-2.8115246e-05,5.666774e-05,-1.5680343e-05,-3.4474855e-05,2.2591641e-05,9.775909e-05,-5.678837e-05,0.000164069,2.0326908e-05,8.551542e-05,-0.00022781076,0.0003214897,7.446409e-06,-5.6600365e-06,1.7139126e-05,7.661737e-05,-1.4057256e-05,-7.869394e-06,4.0451603e-05,3.168512e-06,5.3975033e-05,0.000104316656
5,-7.3891134,10.844589,9.161568,19.944195,-0.97628284,94.086914,-0.46023268,-7.848441,-2.9275634,3.8883042,-1.3625994,1.4567087,2.546448,-0.30371243,-1.0287023,-0.0016194594,0.0045966776,-0.00056773063,0.002154402,-0.002172929,0.0003295175,0.0010660155,-0.0009921668,0.000911761,-7.2937866e-05,0.0006363278,-0.000781991,0.0003169119,-6.034426e-05,0.0003487916,2.9828267e-05,-0.00010385825,5.1532526e-05,0.00014269786,2.8678862e-05,-8.516826e-05,-2.736598e-05,4.354731e-05,-0.00016983703,0.0003286114,1.9759671e-05,0.00051719864,-4.643869e-05,0.00026381225,-0.00010990659,3.4762517e-05,1.1478154e-05,-1.0801022e-05,3.0299943e-05,-9.652939e-05
6,-14.833471,8.139498,-1.5241897,-0.2305981,-1.9219787,-0.46023268,91.206764,0.07212385,-0.5509188,0.2453439,0.07508758,-0.1980276,-0.050513484,-0.17748989,0.034266364,0.0003132725,0.0007452525,-0.00059153687,-7.760773e-05,-0.00029417372,-3.8913786e-05,-1.3420538e-06,-0.0001857907,6.533985e-05,-6.751311e-05,-3.7733084e-06,0.00011105708,2.0568752e-05,2.1362739e-07,1.193641e-05,2.6442417e-06,-2.6177293e-05,4.972179e-05,6.398767e-05,-3.5915204e-05,2.2168439e-05,2.4656076e-06,5.1047202e-05,-0.00011980819,0.00010930309,-2.3760185e-05,2.99941e-05,-5.653387e-06,4.196538e-05,1.5622524e-07,1.893759e-05,-4.54702e-06,-1.0577642e-05,1.4608387e-05,3.672287e-05
7,4.605496,6.287596,12.8317795,25.263294,0.8228046,-7.848441,0.07212385,57.526962,-3.0621915,4.8126483,-1.8943856,1.7311546,3.4579563,-0.30356854,-1.4012668,-0.0023025812,-0.00051190355,0.000888188,0.0005923792,-0.00026514076,0.0005821986,0.00062069943,-2.5980573e-05,0.00020590142,0.00026442984,0.00031105024,-0.00047643256,0.000109500914,4.540368e-05,-3.4330726e-05,-1.5475179e-06,1.3736326e-05,-2.4886507e-05,-6.960059e-05,8.5195454e-05,-0.00022947899,-3.5489105e-05,-0.000114374154,0.00023353248,-0.00028027868,-1.7466187e-05,0.00014918273,-3.6464335e-05,-3.0057716e-05,-1.4371028e-05,8.764098e-06,-1.47154415e-05,1.1327587e-05,-2.8053746e-05,-0.00013302085
8,-11.206381,8.739469,2.858285,7.9315734,-1.4743686,-2.9275634,-0.5509188,-3.0621915,57.38607,1.6223214,-0.55695045,0.3978157,1.029005,-0.20937367,-0.37956506,-0.002582063,0.00078971055,0.00092911173,0.0010086787,-0.000591845,0.0005526947,0.0007754368,-0.00033865284,0.00033000432,0.00027289195,0.00045714667,-0.00060852536,0.00014784944,7.671819e-05,0.0001371685,6.4188857e-06,2.278393e-05,1.3970058e-05,-5.2239675e-06,9.682728e-05,-0.00016262892,-9.184738e-06,-7.914317e-05,0.00015949793,-0.0002164922,1.8275998e-05,0.00025327105,-2.0705771e-05,3.459079e-05,-4.147817e-06,2.8573679e-05,-3.4145225e-05,-4.23321e-06,-2.4509167e-05,-0.00012511224
9,2.0790715,-5.342387,-5.8332205,-11.92535,0.33486462,3.8883042,0.2453439,4.8126483,1.6223214,51.651947,0.8596915,-0.9634155,-1.5230111,0.1992459,0.5526325,-0.004274835,-0.0016607165,0.0021502334,0.00052820635,-0.00017652859,0.00093389396,0.0010022167,0.00012822877,0.00018318594,0.0004962828,0.0004756532,-0.00086401496,8.548509e-05,9.464188e-05,-4.900997e-05,3.296056e-05,4.3619882e-05,-3.474603e-05,-8.980409e-05,0.00017427265,-0.00034351103,-3.084555e-05,-0.00016967687,0.00046238353,-0.00063765456,-1.8501316e-05,0.00016941977,-4.6830566e-05,-6.2680825e-05,3.1876894e-05,2.0355578e-06,-5.0631235e-05,-1.729422e-06,-5.3566662e-05,-0.0002668435
10,0.7818584,1.2498429,2.303204,4.440699,0.12354976,-1.3625994,0.07508758,-1.8943856,-0.55695045,0.8596915,39.338375,0.41085428,0.5704998,-0.06463397,-0.21036115,-6.7293324e-05,-0.0005686141,2.5729514e-05,-0.00029953124,0.00014844051,-3.6146324e-05,-0.000106112115,0.00014676456,-5.1542014e-05,-4.9716196e-05,-3.0421255e-05,1.3105428e-05,-4.185311e-06,4.9528746e-05,-7.2631316e-05,1.3815041e-05,2.0983392e-05,1.14778395e-05,7.615329e-06,8.384369e-10,4.9975228e-05,-3.8944e-06,-1.8156868e-05,-3.5004518e-07,-3.9616687e-05,-3.746851e-05,-3.836964e-05,3.0159234e-05,-3.110181e-05,8.261408e-06,2.8313236e-05,3.7280224e-06,3.667251e-06,8.17685e-06,-9.652258e-06
11,-4.9841204,0.88790405,-2.961046,-5.2353563,-0.7669848,1.4567087,-0.1980276,1.7311546,0.3978157,-0.9634155,0.41085428,36.35051,-0.77237654,0.019416034,0.33112448,-0.0007403954,8.980504e-05,0.00038522866,0.00028000507,-0.00034148397,0.000316567,0.00030552957,-5.133354e-05,0.00015997594,0.00015323953,0.00019484693,-0.00026449002,7.0350216e-05,-2.2362647e-05,-1.2101248e-05,1.7161965e-05,-1.4930971e-05,-5.4472057e-06,-5.0277857e-05,5.4806784e-05,-5.273116e-05,-1.3152439e-05,-5.3076423e-05,7.119311e-05,-8.9190034e-05,2.2143626e-05,0.000101984915,9.491759e-06,-1.9856354e-05,2.0176925e-05,-1.9124847e-05,-3.229812e-05,-3.8737983e-07,-1.3388148e-05,-4.6302004e-05
12,-2.8024068,-1.4212847,-4.5525236,-8.5529175,-0.3537347,2.546448,-0.050513484,3.4579563,1.029005,-1.5230111,0.5704998,-0.77237654,25.661013,0.09248636,0.4135571,0.0017594364,0.003193403,-0.0018328682,0.0007873844,-0.00091285235,-0.00041187357,-0.00018055286,-0.00056248676,0.00022056529,-0.0004578182,3.3408425e-05,0.0003771186,0.0001294166,-0.00011236505,0.0001807937,-4.802971e-05,-7.956742e-05,2.6441754e-05,0.00015500121,-8.490468e-05,0.00019970335,1.638414e-05,0.00013122737,-0.00038967715,0.0006079711,-4.9294846e-07,0.00012676569,3.8726663e-05,0.00019544666,-7.494214e-05,3.986215e-05,6.814426e-05,7.337955e-06,6.135463e-05,0.00013046079
13,-2.7518463,1.748925,0.13778567,0.8930297,-0.39404792,-0.30371243,-0.17748989,-0.30356854,-0.20937367,0.1992459,-0.06463397,0.019416034,0.09248636,15.079799,-0.0071406355,0.0010048435,-0.0018715279,0.00042030594,-0.0011698827,0.0012423913,-0.0002788257,-0.00063722197,0.00046241068,-0.0005423934,2.8090762e-05,-0.00036162412,0.00032379944,-0.000160361,4.3049993e-05,-0.00010814179,-7.780437e-06,7.959418e-05,-1.701903e-05,-8.045783e-05,2.2300357e-05,2.8703029e-05,-2.9349535e-06,-4.6442383e-06,6.826804e-05,-0.00014335988,-1.1182408e-05,-0.00025031448,2.8069127e-05,-0.00011383166,6.354584e-05,-4.976831e-05,-9.511116e-06,1.18119815e-05,-1.2834659e-05,1.8077157e-05
14,2.001628,0.029198281,1.9183731,3.40491,0.25763127,-1.0287023,0.034266364,-1.4012668,-0.37956506,0.5526325,-0.21036115,0.33112448,0.4135571,-0.0071406355,10.0673275,-0.000516786,0.0015525161,-0.00046443596,0.00089377596,-0.00075616885,-1.3706669e-05,0.0004618463,-0.00028278396,0.00033320952,-5.106818e-05,0.00023019454,-0.00020505936,0.00012766318,3.4222626e-06,0.0001230365,-2.249052e-05,-7.019294e-05,-2.7813143e-05,4.2089727e-05,1.8264302e-05,4.7928115e-05,1.694835e-05,-8.5665315e-06,-0.0001292353,0.00014540806,-2.9796309e-05,0.00017918236,-3.0075924e-05,7.918819e-05,-1.1361849e-05,1.254848e-05,-4.332152e-06,2.577372e-06,8.101039e-06,-5.6848758e-06
15,-0.0013332528,-0.0014420103,-0.0024327557,-0.0016385396,0.0017492047,-0.0016194594,0.0003132725,-0.0023025812,-0.002582063,-0.004274835,-6.7293324e-05,-0.0007403954,0.0017594364,0.0010048435,-0.000516786,8.5894334e-07,4.2618144e-08,-3.3883302e-07,-2.450963e-07,1.6433293e-07,-1.8765914e-07,-2.595429e-07,3.478622e-08,-1.03353386e-07,-9.610389e-08,-1.2687477e-07,2.056974e-07,-3.6208245e-08,-1.7363949e-08,-9.396542e-09,-6.7367996e-09,6.027264e-10,4.7448014e-09,1.3290865e-08,-2.9809314e-08,6.292945e-08,5.416306e-09,3.3140317e-08,-7.0172746e-08,9.706307e-08,1.4757018e-09,-6.403055e-08,1.3710922e-08,2.1102418e-09,-1.8466734e-10,-3.6945966e-09,1.1576974e-08,1.1765764e-09,1.0073933e-08,4.8074313e-08
16,-0.0016934924,4.159609e-05,0.0019433268,0.00015265457,0.0013691005,0.0045966776,0.0007452525,-0.00051190355,0.00078971055,-0.0016607165,-0.0005686141,8.980504e-05,0.003193403,-0.0018715279,0.0015525161,4.2618144e-08,1.1799856e-06,-4.4355772e-07,4.855223e-07,-5.0070935e-07,-2.5730504e-08,1.5985034e-07,-2.3267438e-07,1.9202267e-07,-8.304869e-08,1.0728202e-07,-4.3296453e-08,7.132814e-08,-2.4105436e-08,7.688909e-08,-8.128658e-09,-3.7548183e-08,5.469435e-09,4.5778734e-08,-1.38994665e-08,3.362281e-08,4.968222e-09,2.3090394e-08,-9.9719344e-08,1.511244e-07,-8.1840995e-10,9.896682e-08,-4.6729243e-09,6.683187e-08,-2.5250413e-08,1.4762264e-08,1.0603398e-08,-7.79364e-10,1.3607119e-08,1.6202147e-08
17,0.0008532192,0.00043269253,0.00026089413,0.0006570295,-0.0012042911,-0.00056773063,-0.00059153687,0.000888188,0.00092911173,0.0021502334,2.5729514e-05,0.00038522866,-0.0018328682,0.00042030594,-0.00046443596,-3.3883302e-07,-4.4355772e-07,2.9631553e-07,-8.58828e-08,1.2308524e-07,8.11429e-08,3.8197285e-08,7.0842084e-08,-3.2103912e-08,6.782557e-08,8.614906e-09,-6.319022e-08,-1.2679989e-08,1.5138736e-08,-2.3638222e-08,5.7871214e-09,1.4089497e-08,-3.4379655e-09,-2.2164077e-08,1.67595e-08,-3.692322e-08,-4.1196686e-09,-2.073877e-08,6.381004e-08,-9.2381e-08,4.9699955e-10,-1.1859638e-08,-3.2728158e-09,-2.5165843e-08,9.331612e-09,-4.4777746e-09,-8.399771e-09,-1.7608318e-10,-8.885113e-09,-2.4442208e-08
18,-3.583563e-05,0.0004460309,0.0013700891,0.0006940956,-8.077303e-05,0.002154402,-7.760773e-05,0.0005923792,0.0010086787,0.00052820635,-0.00029953124,0.00028000507,0.0007873844,-0.0011698827,0.00089377596,-2.450963e-07,4.855223e-07,-8.58828e-08,2.8419183e-07,-2.637767e-07,4.632723e-08,1.490319e-07,-1.08633884e-07,1.1407738e-07,-5.8082437e-09,8.474701e-08,-8.148682e-08,4.145455e-08,-5.0143285e-09,3.5340697e-08,-1.5970056e-09,-1.65501e-08,2.9295782e-10,1.5124423e-08,3.2001712e-09,-4.6773407e-09,6.107643e-10,-7.415416e-10,-2.0972353e-08,3.4577944e-08,-9.453234e-10,6.171122e-08,-6.478362e-09,2.7531845e-08,-1.0638748e-08,7.3573574e-09,8.996329e-10,-6.5967504e-10,2.5801792e-09,-7.675968e-09
19,0.0003746897,-0.00025239078,-0.0011193107,-0.000370898,-0.00039852565,-0.002172929,-0.00029417372,-0.00026514076,-0.000591845,-0.00017652859,0.00014844051,-0.00034148397,-0.00091285235,0.0012423913,-0.00075616885,1.6433293e-07,-5.0070935e-07,1.2308524e-07,-2.637767e-07,2.5791908e-07,-3.1096626e-08,-1.2645489e-07,1.08285946e-07,-1.07766894e-07,1.561446e-08,-7.442246e-08,6.3106334e-08,-3.8786233e-08,7.348664e-09,-3.429728e-08,1.7558524e-09,1.7025318e-08,-1.4666544e-09,-1.7299637e-08,2.520243e-10,-1.2579664e-09,-1.0128389e-09,-2.891241e-09,2.8220324e-08,-4.5099586e-08,5.4543003e-10,-5.6831933e-08,5.043046e-09,-2.8488795e-08,1.1183807e-08,-7.454975e-09,-2.1419553e-09,7.567487e-10,-3.8271306e-09,2.9913012e-09
20,0.00022325364,0.0002904638,0.00032701716,0.00039426016,-0.00023531611,0.0003295175,-3.8913786e-05,0.0005821986,0.0005526947,0.00093389396,-3.6146324e-05,0.000316567,-0.00041187357,-0.0002788257,-1.3706669e-05,-1.8765914e-07,-2.5730504e-08,8.11429e-08,4.632723e-08,-3.1096626e-08,4.4051077e-08,5.4213075e-08,-5.198106e-09,2.0462586e-08,2.2570166e-08,2.6734646e-08,-4.454421e-08,6.9325408e-09,3.5668064e-09,5.8059313e-10,1.8697874e-09,4.703746e-10,-7.125306e-10,-3.4757448e-09,6.5026624e-09,-1.4893027e-08,-1.4618462e-09,-7.443104e-09,1.7403462e-08,-2.3386534e-08,1.9423058e-10,1.2762145e-08,-2.7599512e-09,-1.3478756e-09,1.2547136e-10,6.4126937e-10,-2.6239286e-09,-3.3858483e-10,-2.3559261e-09,-1.0739056e-08
21,0.00027854537,0.00045898737,0.00089219405,0.0006133474,-0.00031825222,0.0010660155,-1.3420538e-06,0.00062069943,0.0007754368,0.0010022167,-0.000106112115,0.00030552957,-0.00018055286,-0.00063722197,0.0004618463,-2.595429e-07,1.5985034e-07,3.8197285e-08,1.490319e-07,-1.2645489e-07,5.4213075e-08,1.057696e-07,-4.4534282e-08,6.147506e-08,1.7853939e-08,5.5446783e-08,-7.0791714e-08,2.177843e-08,1.8402739e-09,1.4087577e-08,8.7748075e-10,-6.169634e-09,-9.974037e-10,2.4847542e-09,7.161084e-09,-1.4195242e-08,-8.0713114e-10,-7.1226465e-09,6.7502963e-09,-7.777344e-09,-7.2838596e-10,3.4604973e-08,-5.2539963e-09,9.002782e-09,-3.5151368e-09,3.2077776e-09,-2.2209032e-09,-5.1753957e-10,-1.1953758e-09,-1.2380163e-08
22,0.00023635216,-0.00015024452,-0.00047409197,-9.407617e-05,-0.00018303504,-0.0009921668,-0.0001857907,-2.5980573e-05,-0.00033865284,0.00012822877,0.00014676456,-5.133354e-05,-0.00056248676,0.00046241068,-0.00028278396,3.478622e-08,-2.3267438e-07,7.0842084e-08,-1.08633884e-07,1.08285946e-07,-5.198106e-09,-4.4534282e-08,4.8577196e-08,-4.3430628e-08,1.1602932e-08,-2.7778258e-08,1.8780336e-08,-1.5952203e-08,4.1117953e-09,-1.5681458e-08,1.1819223e-09,7.3943065e-09,-1.0846495e-09,-8.556628e-09,1.4373388e-09,-3.2008896e-09,-6.4565897e-10,-3.054033e-09,1.603128e-08,-2.513892e-08,1.767227e-11,-2.2906718e-08,1.5575701e-09,-1.3259674e-08,5.173476e-09,-3.2133574e-09,-1.5856345e-09,2.6859714e-10,-2.2084556e-09,-8.294138e-10
23,-0.00010335909,9.288102e-05,0.0006299885,0.0003047404,-1.2555101e-05,0.000911761,6.533985e-05,0.00020590142,0.00033000432,0.00018318594,-5.1542014e-05,0.00015997594,0.00022056529,-0.0005423934,0.00033320952,-1.03353386e-07,1.9202267e-07,-3.2103912e-08,1.1407738e-07,-1.07766894e-07,2.0462586e-08,6.147506e-08,-4.3430628e-08,4.705464e-08,-1.4483916e-09,3.4720856e-08,-3.4332558e-08,1.6681739e-08,-1.966167e-09,1.3740524e-08,-3.4557965e-10,-6.7225923e-09,2.829515e-10,5.9757213e-09,1.2222575e-09,-2.353565e-09,1.7611175e-10,-4.844146e-10,-7.770128e-09,1.2969462e-08,-3.0229744e-10,2.5045221e-08,-2.6956428e-09,1.0852105e-08,-4.3198813e-09,3.0533118e-09,2.2921948e-10,-3.545651e-10,9.729182e-10,-3.3338283e-09
24,0.000186901,0.00016934527,0.0001799793,0.00019361221,-0.00022498888,-7.2937866e-05,-6.751311e-05,0.00026442984,0.00027289195,0.0004962828,-4.9716196e-05,0.00015323953,-0.0004578182,2.8090762e-05,-5.106818e-05,-9.610389e-08,-8.304869e-08,6.782557e-08,-5.8082437e-09,1.561446e-08,2.2570166e-08,1.7853939e-08,1.1602932e-08,-1.4483916e-09,1.6709677e-08,6.7356325e-09,-2.0070605e-08,-8.62181e-10,3.4648804e-09,-3.983808e-09,1.3442458e-09,2.4618982e-09,-8.5595775e-10,-4.739329e-09,4.2652415e-09,-9.288199e-09,-9.430103e-10,-5.20128e-09,1.4483714e-08,-2.093281e-08,8.850978e-11,4.6244103e-10,-1.2450323e-09,-4.822267e-09,1.8049745e-09,-7.694162e-10,-2.116244e-09,-9.920959e-11,-2.0786977e-09,-6.330473e-09
25,4.112375e-05,0.00021282666,0.0004623388,0.00030628179,-6.756978e-05,0.0006363278,-3.7733084e-06,0.00031105024,0.00045714667,0.0004756532,-3.0421255e-05,0.00019484693,3.3408425e-05,-0.00036162412,0.00023019454,-1.2687477e-07,1.0728202e-07,8.614906e-09,8.474701e-08,-7.442246e-08,2.6734646e-08,5.5446783e-08,-2.7778258e-08,3.4720856e-08,6.7356325e-09,3.004491e-08,-3.5771233e-08,1.2510445e-08,2.393826e-10,8.725888e-09,2.8019964e-10,-3.8097054e-09,-2.2192334e-10,2.3722582e-09,3.2083414e-09,-6.3014394e-09,-3.459097e-10,-2.9130254e-09,1.1022994e-09,-1.8029878e-10,-2.6532035e-10,1.9445306e-08,-2.5293176e-09,6.0879346e-09,-2.4028846e-09,1.9888042e-09,-7.770377e-10,-2.665832e-10,-2.2267878e-10,-5.7442593e-09
26,-0.0002469648,-0.00037554518,-0.0006093513,-0.0005620047,0.00030356398,-0.000781991,0.00011105708,-0.00047643256,-0.00060852536,-0.00086401496,1.3105428e-05,-0.00026449002,0.0003771186,0.00032379944,-0.00020505936,2.056974e-07,-4.3296453e-08,-6.319022e-08,-8.148682e-08,6.3106334e-08,-4.454421e-08,-7.0791714e-08,1.8780336e-08,-3.4332558e-08,-2.0070605e-08,-3.5771233e-08,5.3059484e-08,-1.1960228e-08,-3.1666993e-09,-5.827071e-09,-1.4543169e-09,1.906411e-09,9.2546815e-10,1.3418211e-09,-6.6897816e-09,1.3770111e-08,1.1342337e-09,7.1053305e-09,-1.25901565e-08,1.6891425e-08,3.130205e-10,-2.0170857e-08,3.665957e-09,-2.3676412e-09,1.0218575e-09,-1.3697627e-09,2.5033176e-09,3.5617453e-10,1.887936e-09,1.1028771e-08
27,-9.177582e-06,0.00012194351,0.00025856902,8.0062964e-05,4.2940923e-05,0.0003169119,2.0568752e-05,0.000109500914,0.00014784944,8.548509e-05,-4.185311e-06,7.0350216e-05,0.0001294166,-0.000160361,0.00012766318,-3.6208245e-08,7.132814e-08,-1.2679989e-08,4.145455e-08,-3.8786233e-08,6.9325408e-09,2.177843e-08,-1.5952203e-08,1.6681739e-08,-8.62181e-10,1.2510445e-08,-1.1960228e-08,6.19561e-09,-7.170401e-10,5.116836e-09,-2.2835603e-10,-2.3974454e-09,8.222682e-11,2.2049014e-09,5.0805943e-10,-6.680032e-10,6.6738226e-11,-1.2983509e-10,-3.0996588e-09,5.0621294e-09,-1.6249563e-10,9.102506e-09,-8.808907e-10,4.0295713e-09,-1.540477e-09,1.0883876e-09,1.3829317e-10,-7.992104e-11,3.9805298e-10,-1.1535035e-09
28,2.8104718e-05,2.5379599e-05,1.114563e-05,9.2714676e-05,-2.8115246e-05,-6.034426e-05,2.1362739e-07,4.540368e-05,7.671819e-05,9.464188e-05,4.9528746e-05,-2.2362647e-05,-0.00011236505,4.3049993e-05,3.4222626e-06,-1.7363949e-08,-2.4105436e-08,1.5138736e-08,-5.0143285e-09,7.348664e-09,3.5668064e-09,1.8402739e-09,4.1117953e-09,-1.966167e-09,3.4648804e-09,2.393826e-10,-3.1666993e-09,-7.170401e-10,1.066293e-09,-1.2184476e-09,2.4302244e-10,7.586382e-10,-2.563229e-10,-1.1615648e-09,9.257942e-10,-1.7008434e-09,-1.6203106e-10,-1.1407374e-09,3.1544962e-09,-4.880464e-09,-1.5032939e-10,-7.4965767e-10,-2.1186719e-10,-1.4038983e-09,5.91616e-10,-2.2932178e-10,-4.7049453e-10,1.4184006e-11,-4.651139e-10,-1.247689e-09
29,-9.8217664e-05,2.1625621e-05,0.00014569703,6.585423e-05,5.666774e-05,0.0003487916,1.193641e-05,-3.4330726e-05,0.0001371685,-4.900997e-05,-7.2631316e-05,-1.2101248e-05,0.0001807937,-0.00010814179,0.0001230365,-9.396542e-09,7.688909e-08,-2.3638222e-08,3.5340697e-08,-3.429728e-08,5.8059313e-10,1.4087577e-08,-1.5681458e-08,1.3740524e-08,-3.983808e-09,8.725888e-09,-5.827071e-09,5.116836e-09,-1.2184476e-09,5.396286e-09,-4.8401e-10,-2.408228e-09,2.2552471e-10,2.7624347e-09,-3.8329587e-10,1.3281225e-09,2.757134e-10,1.033605e-09,-5.5435874e-09,8.445971e-09,-8.695768e-11,7.3522246e-09,-5.457762e-10,4.342568e-09,-1.5815295e-09,9.436332e-10,4.961188e-10,-5.4013464e-11,7.198945e-10,3.4394398e-10
30,1.8469964e-05,2.0267362e-05,-6.5913474e-07,2.1749449e-05,-1.5680343e-05,2.9828267e-05,2.6442417e-06,-1.5475179e-06,6.4188857e-06,3.296056e-05,1.3815041e-05,1.7161965e-05,-4.802971e-05,-7.780437e-06,-2.249052e-05,-6.7367996e-09,-8.128658e-09,5.7871214e-09,-1.5970056e-09,1.7558524e-09,1.8697874e-09,8.7748075e-10,1.1819223e-09,-3.4557965e-10,1.3442458e-09,2.8019964e-10,-1.4543169e-09,-2.2835603e-10,2.4302244e-10,-4.8401e-10,1.9037469e-10,2.633206e-10,1.6749872e-11,-3.7926445e-10,2.6829064e-10,-7.8144863e-10,-1.0643923e-10,-3.689517e-10,1.2803678e-09,-1.7810674e-09,6.268046e-11,-1.5089491e-10,-5.9159525e-11,-4.5448406e-10,1.2759793e-10,-5.902813e-11,-1.6379732e-10,-2.97477e-11,-1.6348103e-10,-4.9395504e-10
31,3.8675822e-05,2.7026857e-05,-5.4398435e-05,1.7626267e-06,-3.4474855e-05,-0.00010385825,-2.6177293e-05,1.3736326e-05,2.278393e-05,4.3619882e-05,2.0983392e-05,-1.4930971e-05,-7.956742e-05,7.959418e-05,-7.019294e-05,6.027264e-10,-3.7548183e-08,1.4089497e-08,-1.65501e-08,1.7025318e-08,4.703746e-10,-6.169634e-09,7.3943065e-09,-6.7225923e-09,2.4618982e-09,-3.8097054e-09,1.906411e-09,-2.3974454e-09,7.586382e-10,-2.408228e-09,2.633206e-10,1.3484156e-09,-7.376278e-11,-1.4279324e-09,4.088849e-10,-1.0506767e-09,-1.9215482e-10,-6.165456e-10,3.1484566e-09,-4.6828874e-09,8.954188e-11,-3.3555962e-09,2.4710495e-10,-2.1134463e-09,7.8540946e-10,-4.827686e-10,-2.8862263e-10,3.3882036e-11,-4.074992e-10,-4.5798007e-10
32,-3.049022e-05,1.6483296e-05,1.3377019e-05,-1.9705953e-05,2.2591641e-05,5.1532526e-05,4.972179e-05,-2.4886507e-05,1.3970058e-05,-3.474603e-05,1.14778395e-05,-5.4472057e-06,2.6441754e-05,-1.701903e-05,-2.7813143e-05,4.7448014e-09,5.469435e-09,-3.4379655e-09,2.9295782e-10,-1.4666544e-09,-7.125306e-10,-9.974037e-10,-1.0846495e-09,2.829515e-10,-8.5595775e-10,-2.2192334e-10,9.2546815e-10,8.222682e-11,-2.563229e-10,2.2552471e-10,1.6749872e-11,-7.376278e-11,2.2215715e-10,3.4668918e-10,-3.0802993e-10,3.28929e-10,-1.5584636e-12,3.6639444e-10,-6.750398e-10,1.1327592e-09,1.0554278e-10,7.913163e-11,1.1678214e-10,3.3888786e-10,-1.9193758e-10,1.038023e-10,1.3888965e-10,-2.6347865e-11,1.3140689e-10,3.143673e-10
33,-5.9340513e-05,-7.0058704e-06,-3.2451768e-05,-2.9541909e-05,9.775909e-05,0.00014269786,6.398767e-05,-6.960059e-05,-5.2239675e-06,-8.980409e-05,7.615329e-06,-5.0277857e-05,0.00015500121,-8.045783e-05,4.2089727e-05,1.3290865e-08,4.5778734e-08,-2.2164077e-08,1.5124423e-08,-1.7299637e-08,-3.4757448e-09,2.4847542e-09,-8.556628e-09,5.9757213e-09,-4.739329e-09,2.3722582e-09,1.3418211e-09,2.2049014e-09,-1.1615648e-09,2.7624347e-09,-3.7926445e-10,-1.4279324e-09,3.4668918e-10,2.1235074e-09,-1.0402483e-09,2.1698763e-09,2.6840452e-10,1.4133126e-09,-4.803966e-09,7.203311e-09,-3.8537562e-11,2.877865e-09,2.0288451e-11,2.6722977e-09,-1.043564e-09,6.1997685e-10,6.240035e-10,-3.881955e-11,6.9816564e-10,1.2950705e-09
34,3.855151e-05,3.9762217e-05,3.147355e-05,7.61845e-05,-5.678837e-05,2.8678862e-05,-3.5915204e-05,8.5195454e-05,9.682728e-05,0.00017427265,8.384369e-10,5.4806784e-05,-8.490468e-05,2.2300357e-05,1.8264302e-05,-2.9809314e-08,-1.38994665e-08,1.67595e-08,3.2001712e-09,2.520243e-10,6.5026624e-09,7.161084e-09,1.4373388e-09,1.2222575e-09,4.2652415e-09,3.2083414e-09,-6.6897816e-09,5.0805943e-10,9.257942e-10,-3.8329587e-10,2.6829064e-10,4.088849e-10,-3.0802993e-10,-1.0402483e-09,1.3398319e-09,-2.4586384e-09,-2.367455e-10,-1.4451649e-09,3.4348226e-09,-4.9820725e-09,-8.701774e-11,1.1486586e-09,-4.109975e-10,-8.2159557e-10,3.819608e-10,-1.3111622e-10,-5.5614297e-10,6.443355e-13,-5.0483123e-10,-1.8727928e-09
35,-0.00010974491,-9.83971e-05,-0.00012594464,-0.00015133235,0.000164069,-8.516826e-05,2.2168439e-05,-0.00022947899,-0.00016262892,-0.00034351103,4.9975228e-05,-5.273116e-05,0.00019970335,2.8703029e-05,4.7928115e-05,6.292945e-08,3.362281e-08,-3.692322e-08,-4.6773407e-09,-1.2579664e-09,-1.4893027e-08,-1.4195242e-08,-3.2008896e-09,-2.353565e-09,-9.288199e-09,-6.3014394e-09,1.3770111e-08,-6.680032e-10,-1.7008434e-09,1.3281225e-09,-7.8144863e-10,-1.0506767e-09,3.28929e-10,2.1698763e-09,-2.4586384e-09,5.8534493e-09,6.290721e-10,2.8925529e-09,-7.993584e-09,1.1035182e-08,-1.1190407e-10,-2.0278703e-09,8.5464114e-10,1.8444154e-09,-5.4344573e-10,1.5293891e-10,1.069488e-09,8.4781626e-11,1.0890748e-09,3.954309e-09
36,-1.4861848e-05,-1.8520288e-05,-3.6860786e-07,-2.4147286e-05,2.0326908e-05,-2.736598e-05,2.4656076e-06,-3.5489105e-05,-9.184738e-06,-3.084555e-05,-3.8944e-06,-1.3152439e-05,1.638414e-05,-2.9349535e-06,1.694835e-05,5.416306e-09,4.968222e-09,-4.1196686e-09,6.107643e-10,-1.0128389e-09,-1.4618462e-09,-8.0713114e-10,-6.4565897e-10,1.7611175e-10,-9.430103e-10,-3.459097e-10,1.1342337e-09,6.6738226e-11,-1.6203106e-10,2.757134e-10,-1.0643923e-10,-1.9215482e-10,-1.5584636e-12,2.6840452e-10,-2.367455e-10,6.290721e-10,9.6799305e-11,2.7872965e-10,-9.1961816e-10,1.2215842e-09,-3.5074277e-11,-1.1647682e-12,3.8544067e-11,2.7125865e-10,-6.595546e-11,3.9195782e-11,9.9183384e-11,5.369564e-12,1.125513e-10,3.9343398e-10
37,-9.758915e-05,-6.553678e-05,-4.2515832e-05,-8.8059634e-05,8.551542e-05,4.354731e-05,5.1047202e-05,-0.000114374154,-7.914317e-05,-0.00016967687,-1.8156868e-05,-5.3076423e-05,0.00013122737,-4.6442383e-06,-8.5665315e-06,3.3140317e-08,2.3090394e-08,-2.073877e-08,-7.415416e-10,-2.891241e-09,-7.443104e-09,-7.1226465e-09,-3.054033e-09,-4.844146e-10,-5.20128e-09,-2.9130254e-09,7.1053305e-09,-1.2983509e-10,-1.1407374e-09,1.033605e-09,-3.689517e-10,-6.165456e-10,3.6639444e-10,1.4133126e-09,-1.4451649e-09,2.8925529e-09,2.7872965e-10,1.7581304e-09,-4.3899124e-09,6.4035013e-09,8.878996e-11,-6.6808803e-10,4.5605242e-10,1.3506546e-09,-5.243006e-10,1.715848e-10,6.7088635e-10,1.2361027e-11,6.4424277e-10,2.1038131e-09
38,0.00019582853,8.640588e-05,8.957244e-06,0.00012858439,-0.00022781076,-0.00016983703,-0.00011980819,0.00023353248,0.00015949793,0.00046238353,-3.5004518e-07,7.119311e-05,-0.00038967715,6.826804e-05,-0.0001292353,-7.0172746e-08,-9.9719344e-08,6.381004e-08,-2.0972353e-08,2.8220324e-08,1.7403462e-08,6.7502963e-09,1.603128e-08,-7.770128e-09,1.4483714e-08,1.1022994e-09,-1.25901565e-08,-3.0996588e-09,3.1544962e-09,-5.5435874e-09,1.2803678e-09,3.1484566e-09,-6.750398e-10,-4.803966e-09,3.4348226e-09,-7.993584e-09,-9.1961816e-10,-4.3899124e-09,1.3958532e-08,-2.0030827e-08,1.7168253e-10,-3.1222576e-09,-6.330927e-10,-5.6006932e-09,1.9813697e-09,-9.567911e-10,-1.7400654e-09,-4.9247446e-11,-1.9020354e-09,-5.1271756e-09
39,-0.00030534912,-0.00016455425,-4.413352e-05,-0.000165273,0.0003214897,0.0003286114,0.00010930309,-0.00028027868,-0.0002164922,-0.00063765456,-3.9616687e-05,-8.9190034e-05,0.0006079711,-0.00014335988,0.00014540806,9.706307e-08,1.511244e-07,-9.2381e-08,3.4577944e-08,-4.5099586e-08,-2.3386534e-08,-7.777344e-09,-2.513892e-08,1.2969462e-08,-2.093281e-08,-1.8029878e-10,1.6891425e-08,5.0621294e-09,-4.880464e-09,8.445971e-09,-1.7810674e-09,-4.6828874e-09,1.1327592e-09,7.203311e-09,-4.9820725e-09,1.1035182e-08,1.2215842e-09,6.4035013e-09,-2.0030827e-08,2.9359182e-08,-4.1619513e-11,5.456001e-09,8.9579594e-10,8.583585e-09,-3.2112668e-09,1.5352278e-09,2.6205058e-09,4.0760076e-11,2.798437e-09,7.201114e-09
40,-1.4496805e-05,3.9628435e-06,1.1755585e-05,-2.8360257e-05,7.446409e-06,1.9759671e-05,-2.3760185e-05,-1.7466187e-05,1.8275998e-05,-1.8501316e-05,-3.746851e-05,2.2143626e-05,-4.9294846e-07,-1.1182408e-05,-2.9796309e-05,1.4757018e-09,-8.1840995e-10,4.9699955e-10,-9.453234e-10,5.4543003e-10,1.9423058e-10,-7.2838596e-10,1.767227e-11,-3.0229744e-10,8.850978e-11,-2.6532035e-10,3.130205e-10,-1.6249563e-10,-1.5032939e-10,-8.695768e-11,6.268046e-11,8.954188e-11,1.0554278e-10,-3.8537562e-11,-8.701774e-11,-1.1190407e-10,-3.5074277e-11,8.878996e-11,1.7168253e-10,-4.1619513e-11,1.7861701e-10,-1.7883936e-10,6.6748745e-11,-4.2580182e-11,-3.8928125e-11,-3.0325496e-11,1.7211382e-11,-2.255149e-11,-4.4337216e-12,6.1143195e-11
41,-1.0988384e-05,0.00014893085,0.00034369656,0.00016815493,-5.6600365e-06,0.00051719864,2.99941e-05,0.00014918273,0.00025327105,0.00016941977,-3.836964e-05,0.000101984915,0.00012676569,-0.00025031448,0.00017918236,-6.403055e-08,9.896682e-08,-1.1859638e-08,6.171122e-08,-5.6831933e-08,1.2762145e-08,3.4604973e-08,-2.2906718e-08,2.5045221e-08,4.6244103e-10,1.9445306e-08,-2.0170857e-08,9.102506e-09,-7.4965767e-10,7.3522246e-09,-1.5089491e-10,-3.3555962e-09,7.913163e-11,2.877865e-09,1.1486586e-09,-2.0278703e-09,-1.1647682e-12,-6.6808803e-10,-3.1222576e-09,5.456001e-09,-1.7883936e-10,1.37121e-08,-1.501907e-09,5.5922227e-09,-2.1664168e-09,1.5538012e-09,-2.5148477e-11,-1.6430633e-10,3.7441444e-10,-2.3824978e-09
42,-3.535664e-05,-2.8522987e-05,-2.71249e-05,-6.3626474e-05,1.7139126e-05,-4.643869e-05,-5.653387e-06,-3.6464335e-05,-2.0705771e-05,-4.6830566e-05,3.0159234e-05,9.491759e-06,3.8726663e-05,2.8069127e-05,-3.0075924e-05,1.3710922e-08,-4.6729243e-09,-3.2728158e-09,-6.478362e-09,5.043046e-09,-2.7599512e-09,-5.2539963e-09,1.5575701e-09,-2.6956428e-09,-1.2450323e-09,-2.5293176e-09,3.665957e-09,-8.808907e-10,-2.1186719e-10,-5.457762e-10,-5.9159525e-11,2.4710495e-10,1.1678214e-10,2.0288451e-11,-4.109975e-10,8.5464114e-10,3.8544067e-11,4.5605242e-10,-6.330927e-10,8.9579594e-10,6.6748745e-11,-1.501907e-09,3.481075e-10,-2.552716e-10,9.519595e-11,-9.4490894e-11,1.6950438e-10,2.9852093e-11,1.2144868e-10,6.9516776e-10
43,-8.0963655e-05,1.2254309e-06,8.5683736e-05,-2.574787e-06,7.661737e-05,0.00026381225,4.196538e-05,-3.0057716e-05,3.459079e-05,-6.2680825e-05,-3.110181e-05,-1.9856354e-05,0.00019544666,-0.00011383166,7.918819e-05,2.1102418e-09,6.683187e-08,-2.5165843e-08,2.7531845e-08,-2.8488795e-08,-1.3478756e-09,9.002782e-09,-1.3259674e-08,1.0852105e-08,-4.822267e-09,6.0879346e-09,-2.3676412e-09,4.0295713e-09,-1.4038983e-09,4.342568e-09,-4.5448406e-10,-2.1134463e-09,3.3888786e-10,2.6722977e-09,-8.2159557e-10,1.8444154e-09,2.7125865e-10,1.3506546e-09,-5.6006932e-09,8.583585e-09,-4.2580182e-11,5.5922227e-09,-2.552716e-10,3.8474735e-09,-1.4841026e-09,8.778104e-10,6.4689154e-10,-5.0321837e-11,7.87594e-10,8.950896e-10
44,1.7652095e-05,-9.981293e-07,-4.3343098e-05,-1.0720583e-05,-1.4057256e-05,-0.00010990659,1.5622524e-07,-1.4371028e-05,-4.147817e-06,3.1876894e-05,8.261408e-06,2.0176925e-05,-7.494214e-05,6.354584e-05,-1.1361849e-05,-1.8466734e-10,-2.5250413e-08,9.331612e-09,-1.0638748e-08,1.1183807e-08,1.2547136e-10,-3.5151368e-09,5.173476e-09,-4.3198813e-09,1.8049745e-09,-2.4028846e-09,1.0218575e-09,-1.540477e-09,5.91616e-10,-1.5815295e-09,1.2759793e-10,7.8540946e-10,-1.9193758e-10,-1.043564e-09,3.819608e-10,-5.4344573e-10,-6.595546e-11,-5.243006e-10,1.9813697e-09,-3.2112668e-09,-3.8928125e-11,-2.1664168e-09,9.519595e-11,-1.4841026e-09,6.5769923e-10,-3.884863e-10,-2.8114033e-10,3.2842635e-11,-3.0126784e-10,-3.1144112e-10
45,-9.363109e-06,-3.341163e-06,3.680074e-05,-1.2135462e-06,-7.869394e-06,3.4762517e-05,1.893759e-05,8.764098e-06,2.8573679e-05,2.0355578e-06,2.8313236e-05,-1.9124847e-05,3.986215e-05,-4.976831e-05,1.254848e-05,-3.6945966e-09,1.4762264e-08,-4.4777746e-09,7.3573574e-09,-7.454975e-09,6.4126937e-10,3.2077776e-09,-3.2133574e-09,3.0533118e-09,-7.694162e-10,1.9888042e-09,-1.3697627e-09,1.0883876e-09,-2.2932178e-10,9.436332e-10,-5.902813e-11,-4.827686e-10,1.038023e-10,6.1997685e-10,-1.3111622e-10,1.5293891e-10,3.9195782e-11,1.715848e-10,-9.567911e-10,1.5352278e-09,-3.0325496e-11,1.5538012e-09,-9.4490894e-11,8.778104e-10,-3.884863e-10,3.0824807e-10,1.2760268e-10,-2.6892289e-11,1.5036743e-10,1.3628073e-11
46,-2.9649822e-05,-2.4884044e-05,-4.59942e-06,-3.2708682e-05,4.0451603e-05,1.1478154e-05,-4.54702e-06,-1.47154415e-05,-3.4145225e-05,-5.0631235e-05,3.7280224e-06,-3.229812e-05,6.814426e-05,-9.511116e-06,-4.332152e-06,1.1576974e-08,1.0603398e-08,-8.399771e-09,8.996329e-10,-2.1419553e-09,-2.6239286e-09,-2.2209032e-09,-1.5856345e-09,2.2921948e-10,-2.116244e-09,-7.770377e-10,2.5033176e-09,1.3829317e-10,-4.7049453e-10,4.961188e-10,-1.6379732e-10,-2.8862263e-10,1.3888965e-10,6.240035e-10,-5.5614297e-10,1.069488e-09,9.9183384e-11,6.7088635e-10,-1.7400654e-09,2.6205058e-09,1.7211382e-11,-2.5148477e-11,1.6950438e-10,6.4689154e-10,-2.8114033e-10,1.2760268e-10,3.0298172e-10,1.3013778e-11,2.710389e-10,7.6922196e-10
47,-7.953632e-06,-8.8424085e-06,9.4131765e-06,2.8612349e-06,3.168512e-06,-1.0801022e-05,-1.0577642e-05,1.1327587e-05,-4.23321e-06,-1.729422e-06,3.667251e-06,-3.8737983e-07,7.337955e-06,1.18119815e-05,2.577372e-06,1.1765764e-09,-7.79364e-10,-1.7608318e-10,-6.5967504e-10,7.567487e-10,-3.3858483e-10,-5.1753957e-10,2.6859714e-10,-3.545651e-10,-9.920959e-11,-2.665832e-10,3.5617453e-10,-7.992104e-11,1.4184006e-11,-5.4013464e-11,-2.97477e-11,3.3882036e-11,-2.6347865e-11,-3.881955e-11,6.443355e-13,8.4781626e-11,5.369564e-12,1.2361027e-11,-4.9247446e-11,4.0760076e-11,-2.255149e-11,-1.6430633e-10,2.9852093e-11,-5.0321837e-11,3.2842635e-11,-2.6892289e-11,1.3013778e-11,1.7822615e-11,5.3013618e-12,4.97579e-11
48,-4.616713e-05,-2.6019468e-05,-8.135708e-06,-2.5574936e-05,5.3975033e-05,3.0299943e-05,1.4608387e-05,-2.8053746e-05,-2.4509167e-05,-5.3566662e-05,8.17685e-06,-1.3388148e-05,6.135463e-05,-1.2834659e-05,8.101039e-06,1.0073933e-08,1.3607119e-08,-8.885113e-09,2.5801792e-09,-3.8271306e-09,-2.3559261e-09,-1.1953758e-09,-2.2084556e-09,9.729182e-10,-2.0786977e-09,-2.2267878e-10,1.887936e-09,3.9805298e-10,-4.651139e-10,7.198945e-10,-1.6348103e-10,-4.074992e-10,1.3140689e-10,6.9816564e-10,-5.0483123e-10,1.0890748e-09,1.125513e-10,6.4424277e-10,-1.9020354e-09,2.798437e-09,-4.4337216e-12,3.7441444e-10,1.2144868e-10,7.87594e-10,-3.0126784e-10,1.5036743e-10,2.710389e-10,5.3013618e-12,2.813815e-10,7.196926e-10
49,-9.71674e-05,-9.394446e-05,-9.026089e-05,-0.0001167734,0.000104316656,-9.652939e-05,3.672287e-05,-0.00013302085,-0.00012511224,-0.0002668435,-9.652258e-06,-4.6302004e-05,0.00013046079,1.8077157e-05,-5.6848758e-06,4.8074313e-08,1.6202147e-08,-2.4442208e-08,-7.675968e-09,2.9913012e-09,-1.0739056e-08,-1.2380163e-08,-8.294138e-10,-3.3338283e-09,-6.330473e-09,-5.7442593e-09,1.1028771e-08,-1.1535035e-09,-1.247689e-09,3.4394398e-10,-4.9395504e-10,-4.5798007e-10,3.143673e-10,1.2950705e-09,-1.8727928e-09,3.954309e-09,3.9343398e-10,2.1038131e-09,-5.1271756e-09,7.201114e-09,6.1143195e-11,-2.3824978e-09,6.9516776e-10,8.950896e-10,-3.1144112e-10,1.3628073e-11,7.6922196e-10,4.97579e-11,7.196926e-10,2.9231488e-09
