,0,1,2,3,4,5,6,7,8,9,10,11,12,13,14,15,16,17,18,19,20,21,22,23,24,25,26,27,28,29,30,31,32,33,34,35,36,37,38,39,40,41,42,43,44,45,46,47,48,49,50,51,52,53,54,55,56,57,58,59,60,61,62,63,64,65,66,67,68,69,70,71,72,73,74,75,76,77,78,79
0,310.4303,-5.273458,0.87277997,-4.9121504,0.83583796,2.570406,-3.4993706,-3.7148795,4.0705795,-4.003724,-0.5737618,-3.6908607,1.7210162,-4.689267,1.54755,2.7119336,-3.776204,3.2995734,-1.6188998,-1.3873646,-2.038435,-1.6470699,-0.57787865,0.7759447,-1.9834113,0.28945607,1.5266329,-2.681561,-0.15715028,-0.05668954,-1.5110729,-0.31522393,-0.51162934,0.24826622,-0.15738636,-0.9118617,-2.4372935,-3.4694197,0.95206594,1.1677945,-0.066428676,0.9234744,-2.187962,-0.65240955,-0.2006906,-0.5474309,-0.20287809,-0.32945037,0.5913757,0.12049736,0.07708255,-1.497506,-0.06878547,-0.4142062,-1.0294363,0.013461119,0.48727736,-0.76733494,-0.98813003,1.193099,-0.104658015,0.14764398,0.13459736,0.677292,0.2180527,-0.2578932,1.2909245,1.0103717,-0.63041884,-0.54779136,-0.5176761,-0.43482697,0.056978382,-0.528584,-0.02235232,-0.894693,-0.18989906,-0.05434966,-0.3600448,0.041955285
1,-5.273458,132.02512,0.7781186,-0.9607179,0.76388454,0.5371522,-0.1648621,-1.3300681,0.2683776,0.044838745,-0.24142784,-0.41149038,0.67227715,-0.5945573,1.0680075,0.7907592,-0.56768215,0.22304945,-0.038360953,-0.64066154,-0.6331252,-0.6387427,-0.056259036,0.38757235,-0.06265306,0.1573893,0.4206776,-0.35229623,0.14933872,0.06442557,0.30069137,-0.37657905,-0.2406253,0.26613384,0.28906515,-0.38847017,-0.2077057,-0.4444335,0.21999188,-0.24293718,0.008327038,0.4158253,-0.83744776,-0.18047032,-0.10195479,0.26159713,-0.0881296,0.030058824,0.3817219,-0.29323798,-0.30992967,-0.3826686,0.09027627,0.22383931,-0.1445046,-0.070402205,0.1397194,-0.20584908,-0.01395563,0.25208896,-0.057355165,0.2765386,0.0072649037,0.2822448,-0.16293299,0.13337219,0.19530058,0.08305396,0.016198479,0.025093071,-0.13012189,-0.09316142,0.05148472,-0.13397403,-0.044814967,-0.12751852,0.08220329,-0.009399047,-0.0880414,0.057523943
2,0.87277997,0.7781186,111.86761,0.61269844,0.5576965,-0.3567634,0.15398432,0.7775892,1.5942193,0.17209502,0.001118511,-0.22557434,-0.38142356,-0.7766906,-0.6652967,0.3226384,0.42313677,0.13874826,-0.25550655,0.27377412,-0.6262226,0.15980113,0.35693002,-0.77403593,-0.25614536,0.13705593,0.07357724,-0.07658323,0.28775507,0.0044412673,-0.07778763,-0.6273421,0.18988931,-0.09018688,-0.24007183,-0.08536278,-0.43866277,-0.028087394,-0.7418592,0.04692952,0.4703454,-0.17645068,0.3122095,0.50868237,0.047729388,-0.12198298,0.3243475,-0.082017794,0.14189401,-0.28675145,0.13205749,0.38535166,0.15601195,0.074401185,0.34414434,0.17921102,-0.21731916,0.09367418,0.16833729,-0.308636,-0.028409973,-0.34962645,0.15886417,0.016972521,0.031501252,-0.16952626,-0.020561004,-0.011860866,0.17049614,0.15648773,0.26988208,0.19391946,-0.19376412,0.2069903,0.21318448,-0.18517569,-0.024150245,-0.16561283,0.23742867,0.013563312
3,-4.9121504,-0.9607179,0.61269844,75.55562,-1.022572,0.18898654,-0.09791961,-2.3601842,0.4423064,-0.94864196,-0.0061524194,-0.7465869,0.7755891,-1.0517662,0.18307495,0.058253467,-1.4961785,-0.06552763,0.34486857,0.09621958,-0.29514116,-0.029018268,0.17010449,0.49366957,-0.3801731,0.3378852,0.20525472,0.08555516,-0.28906113,0.0467913,-0.30905986,0.3472976,-0.3100717,0.7211591,-0.9040292,-0.37096027,-0.81045246,-0.4435139,0.32633966,0.17123532,-0.24898393,0.36680907,-0.7924553,-0.7336707,0.31797057,0.16051337,-0.2745368,-0.019414429,-0.37332553,0.62463117,0.23114723,-0.23861277,-0.2697049,0.017437438,-0.20508206,-0.065509334,0.16904408,-0.20396215,0.018958319,0.34169865,-0.06435617,0.32665187,0.11144919,-0.103280544,-0.171148,0.05434508,-0.09155305,-0.2769783,0.08530475,0.08809889,-0.054360252,-0.05923517,0.48218042,0.02467946,0.07096357,-0.27743596,0.071246415,0.0077458536,-0.1298432,0.145017
4,0.83583796,0.76388454,0.5576965,-1.022572,49.198368,1.0076041,-0.41707802,-1.1622498,-0.80723023,-1.6881189,0.17126799,-0.6615467,0.21245375,0.06272437,-0.62701905,-0.36144185,-0.60733855,-0.15605292,0.55009913,-0.06978966,1.0698276,0.34693193,-0.21843955,0.59679556,-0.6369047,0.47385225,-0.54968685,0.97959983,-0.57166636,0.09523906,-0.27890968,0.7998239,-0.27100503,0.15663916,-0.72593915,0.2370857,0.2376227,-0.2087622,0.2600356,0.3322231,-0.0070710527,-0.39953464,0.7193427,-0.22330883,0.119111575,0.053629596,-0.054246526,0.15923631,-0.13864183,0.38049155,0.62644553,0.15009913,-0.56368136,0.030663714,0.009517752,-0.045341693,0.09295356,0.21776676,-0.04010688,0.22247902,-0.14458367,-0.04596764,-0.07721753,-0.39437592,-0.10296468,0.0353216,-0.08694519,-0.049602624,-0.05641641,-0.26168555,0.03867265,-0.120272405,0.28225988,-0.013638876,0.07542696,-0.11252257,0.027731499,0.023963027,-0.14065531,0.092602625
5,2.570406,0.5371522,-0.3567634,0.18898654,1.0076041,41.49002,0.9497384,1.4761274,0.29677856,1.9262947,-0.25511336,0.9914584,0.03422874,0.8992635,-0.16294578,-0.5700779,0.33094317,-0.11108551,0.16245037,0.053704903,-0.23498264,0.24250117,0.3535021,-0.5442178,0.4615193,-1.1924742,-0.021194778,-0.63776875,-0.042590886,-0.046811476,-0.19865489,-0.328344,0.24886632,-0.42780262,0.044919707,0.08573482,-0.14988822,0.46745104,-0.18074211,-0.30479234,-0.08949107,0.24826644,-0.46674275,0.23062319,0.0867739,-0.20059887,-0.12755564,0.033515748,-0.27126867,0.3962729,-0.093876645,0.20778123,-0.08971895,-0.122904226,-0.11092782,-0.06723417,-0.08079838,-0.38577387,0.060224704,-0.35768628,0.051711746,0.17628044,0.13356438,0.18606539,-0.07262575,-0.04190202,-0.12660754,-0.28979087,0.13791007,0.14929648,-0.054043613,0.09929516,0.08566156,0.15732822,0.08185129,0.17915139,-0.086297825,-0.027201096,0.032241695,-0.030445045
6,-3.4993706,-0.1648621,0.15398432,-0.09791961,-0.41707802,0.9497384,35.325035,-0.8215079,1.663549,-1.935997,1.1304061,-0.4520806,0.021983765,-0.84941125,-0.49856925,0.7125321,-1.176671,1.1627289,-1.1854453,0.2783131,-0.22021401,0.37209654,-0.13943933,0.266946,-0.21899334,0.66609323,0.7751339,0.038441986,0.25215885,0.034238093,-0.15157115,-0.17868489,-0.4069893,-0.2809884,0.24793921,0.21833038,-0.47032684,-0.2111721,-0.33637413,0.3879239,0.5198741,-0.10389449,0.6531813,0.21024257,0.1524001,0.05466548,-0.34511334,-0.060336746,-0.01299986,0.36218697,0.16378781,-0.3622375,0.043625303,-0.058612663,-0.24939054,-0.13059948,0.2792166,0.27503347,0.078017175,-0.24867266,0.12481301,0.039683744,-0.3703146,-0.012302448,-0.19586977,-0.12890707,0.04511629,0.24464387,-0.26173073,-0.34790748,0.071468085,-0.07525222,0.08334461,0.022724958,-0.09899224,0.14509362,0.03373842,0.053302936,-0.07895394,-0.08005295
7,-3.7148795,-1.3300681,0.7775892,-2.3601842,-1.1622498,1.4761274,-0.8215079,30.206726,-0.44412893,-1.3449211,0.3694058,-0.996543,0.5507349,-1.368094,0.50681734,0.059756868,-1.5651331,-0.28856426,0.29860514,0.05969299,-0.21354136,-0.24674758,-0.22252722,0.68092537,-0.40371764,1.6958909,-0.16520503,1.2292349,0.20195709,0.1275611,0.22008935,0.14735001,-0.45691216,1.2319117,-0.98524415,-0.45199984,-0.3108903,-0.20760387,0.04070779,0.14493452,0.069297194,0.4763245,-0.34957767,-0.67106014,0.20788282,0.5819371,-0.6246818,0.081364214,0.13938142,0.26317245,-0.23789799,-0.34833592,0.16275646,0.6478743,-0.19049245,-0.0009980026,0.19785625,0.073020235,0.0075716213,0.15644178,-0.18389353,0.18197435,-0.117354244,-0.038270965,-0.14155973,0.018500924,0.07778299,0.046529617,-0.027150111,-0.054443,0.033556424,0.0031610532,0.19929317,0.029620383,-0.034934632,-0.10566593,0.1354629,-0.06615454,-0.046962284,0.15117726
8,4.0705795,0.2683776,1.5942193,0.4423064,-0.80723023,0.29677856,1.663549,-0.44412893,24.903343,0.6196835,-0.36389872,0.3242239,0.010247666,1.3738449,0.60519636,-1.5586085,0.6275133,-0.95490867,1.1617744,-0.40148407,1.4679315,-0.37201202,-0.83914053,0.4158495,0.3801899,0.07571737,-1.1237202,0.9843514,-0.525944,-0.05053576,0.528767,0.9693563,0.2641734,0.36290693,-0.5792728,0.049879618,1.137106,0.44384462,0.8607777,0.069959074,-0.6576209,0.26675484,-0.22829983,-0.514801,-0.4436897,0.2554382,-0.14213908,0.06903643,0.07890477,-0.11018082,-0.46287334,0.014574566,-0.06894043,0.046034183,0.1633734,0.04379003,-0.06037593,-0.26840302,-0.16862634,-0.06328797,-0.20655498,0.12666124,0.07577315,-0.33538055,0.15138714,0.12772587,0.11087938,0.20808944,-0.078535154,-0.08230637,-0.13351041,-0.00511041,-0.1892693,-0.15743753,0.0015947716,0.18152776,0.055060234,0.13548745,-0.010414626,0.02416977
9,-4.003724,0.044838745,0.17209502,-0.94864196,-1.6881189,1.9262947,-1.935997,-1.3449211,0.6196835,18.412357,1.2523742,-1.2011259,-0.12766175,-1.6784103,-0.4576436,1.0430033,-1.5238836,1.0605686,-0.451266,0.40559974,0.7027806,-0.016670842,-0.22632584,0.6174413,-0.81497043,1.4477053,0.5328511,-0.09398731,-0.23019987,-0.26766318,0.013564787,0.5850961,-0.00057147694,0.0029393267,-0.3812598,0.0051826807,-0.07532467,-0.7858913,0.33265394,0.64007455,0.16943538,-0.3527976,0.82144743,-0.23873235,-0.35747123,-0.027554724,0.028813971,-0.30973086,-0.003977662,0.10148525,0.63472223,-0.16800034,0.04115471,-0.5069695,-0.14040495,-0.09107827,-0.15187308,0.2995219,0.20013702,0.03270554,-0.48715654,-0.031129897,-0.042506658,-0.2768827,-0.044139355,0.31159925,-0.060434572,0.106061995,-0.22472334,-0.13779029,0.23867661,-0.013721095,-0.022883028,-0.1504036,0.032291938,-0.08267604,-0.07808793,0.12570396,0.026766067,0.13322857
10,-0.5737618,-0.24142784,0.001118511,-0.0061524194,0.17126799,-0.25511336,1.1304061,0.3694058,-0.36389872,1.2523742,19.8468,-0.4190454,0.2942116,0.42962492,0.1826895,-0.3501198,0.6855814,-0.38734776,0.53869325,-0.6710839,-0.3319298,-0.20348173,-0.03383253,0.29978365,0.06817371,-0.76972735,-0.21212184,-0.034914795,-0.2884664,0.08627798,-0.37084314,0.16142097,0.04345431,-0.39468,-0.3199207,0.09289841,0.17089383,-0.41957596,-0.0068096016,-0.06898083,-0.1516725,-0.14926091,-0.44486988,-0.09583546,0.26808983,-0.104709804,0.31303126,0.14483868,0.10666183,-0.16984518,-0.40656525,0.35881373,0.03755476,0.16500367,-0.037657626,0.08213427,-0.1791475,0.051669464,-0.2257141,0.38418257,0.18508646,-0.013731672,0.08235113,-0.059423923,-0.011835506,-0.10822092,0.06888075,0.057663143,0.08648854,0.18101567,-0.07084571,-0.19793773,0.047947418,0.2067813,-0.03857957,-0.12664148,-0.029662155,-0.15732445,-0.0874075,0.009341399
11,-3.6908607,-0.41149038,-0.22557434,-0.7465869,-0.6615467,0.9914584,-0.4520806,-0.996543,0.3242239,-1.2011259,-0.4190454,18.654171,0.24510112,-0.917462,-0.16818859,0.21203555,-0.48248738,0.19299197,-0.051854797,-0.21273509,-0.15467921,-0.2744168,-0.2029889,0.49719548,-0.4082325,0.45973876,0.012382567,0.11376138,-0.15436816,0.006900452,-0.3565353,0.21480614,-0.13017917,-0.015253232,-0.5226178,0.12431504,-0.06190257,-0.8316755,-0.061015956,0.3062985,-0.026708797,-0.24133672,-0.026766457,-0.27773485,-0.011257475,-0.0012578191,0.21385227,-0.035197385,0.16332012,-0.060048506,0.018300261,0.121967696,0.05225526,0.1112688,-0.040721368,0.05489999,-0.09673686,0.20881051,-0.12939683,0.3305115,-0.1124486,-0.13644841,0.06071817,-0.045025196,0.057903986,-0.06533146,0.121053025,0.15228468,-0.099717535,-0.07247919,0.012515822,-0.040079966,-0.010587934,0.09057193,0.033919863,-0.2559225,0.030756446,-0.114768885,-0.058090277,0.09988271
12,1.7210162,0.67227715,-0.38142356,0.7755891,0.21245375,0.03422874,0.021983765,0.5507349,0.010247666,-0.12766175,0.2942116,0.24510112,14.737141,-0.6463181,0.19335672,-0.058707137,0.20082918,-0.68276614,-0.10826063,1.1010697,-0.055874854,0.106427684,0.25536996,-1.062524,0.32059932,0.14666158,-0.47638798,0.055719383,0.20256327,-0.28282458,-0.64544666,-0.34636968,0.2813866,-0.14871863,0.28530338,0.08861229,0.010156864,0.3278637,-0.17595275,0.064565435,0.48849547,0.13933684,0.21685454,0.029609162,-0.34359217,0.29268593,0.09200628,-0.20663513,-0.34468806,-0.17498657,-0.13051291,-0.31677002,0.067593835,-0.1817727,0.10990079,-0.03197043,-0.2099992,0.17783755,-0.1955361,0.033569694,0.14964777,-0.40601972,0.2364578,-0.33356437,-0.034153104,0.04444805,-0.06525682,0.09313564,0.08444736,-0.106314614,0.3605983,-0.056006618,-0.16753557,-0.10364923,0.081515126,0.15856884,-0.09428699,0.06644707,0.005995226,-0.0071518603
13,-4.689267,-0.5945573,-0.7766906,-1.0517662,0.06272437,0.8992635,-0.84941125,-1.368094,1.3738449,-1.6784103,0.42962492,-0.917462,-0.6463181,13.283825,0.072428286,0.6183531,-1.1530674,0.19926238,-0.34288293,0.83256745,-0.56028396,-0.35680994,0.35234475,-0.43276706,-0.2814008,1.1378392,0.20722455,-0.11515851,0.3342446,-0.25748977,-0.6367148,-0.37460703,0.16303028,0.3449491,-0.33949584,-0.038672794,-0.5792304,-0.5725342,-0.27595037,0.15196377,0.38797385,0.13887808,-0.19471028,-0.42422068,-0.23230538,0.24090365,-0.034908704,-0.3711921,-0.033505812,-0.15102486,-0.022938043,-0.23084939,0.30326933,-0.002043006,-0.026376998,0.0017999912,-0.18782839,0.19956046,-0.035644095,0.28078613,-0.21108332,-0.23769617,0.2175948,0.106291816,0.042565815,0.053439207,-0.0155049,0.09866138,-0.024559788,-0.028015312,0.16004884,0.09169519,-0.04463534,-0.026108835,0.08946031,-0.21097112,-0.092253834,0.03145059,0.07373001,0.06654464
14,1.54755,1.0680075,-0.6652967,0.18307495,-0.62701905,-0.16294578,-0.49856925,0.50681734,0.60519636,-0.4576436,0.1826895,-0.16818859,0.19335672,0.072428286,12.878308,-0.17306894,0.060150422,0.15679798,-0.48015282,0.27643663,0.09605257,0.44059038,-0.10740458,0.09765813,-0.069663845,0.03543613,0.112619475,0.08242734,-0.14296795,-0.053937443,-0.12358514,0.08680719,-0.097998016,-0.28373736,-0.35761577,0.49945796,0.050391305,-0.1988599,-0.41017574,0.20168982,-0.088866085,-0.2516243,0.6395973,0.07990517,0.08271398,-0.20790832,0.07362875,0.1366038,-0.119616285,0.29397064,0.39487857,0.37736464,-0.06049198,0.077335134,0.022402164,0.05060011,-0.03474662,0.15017411,0.13891517,-0.26132125,-0.022708839,-0.01902292,-0.059371993,-0.022734925,0.053053323,-0.11207931,-0.100376695,-0.107974626,-0.044739038,-0.097093716,0.029957095,0.10023336,0.038308118,0.20797396,0.10366593,-0.054528546,-0.07814105,-0.07291994,0.014666666,-0.0071751173
15,2.7119336,0.7907592,0.3226384,0.058253467,-0.36144185,-0.5700779,0.7125321,0.059756868,-1.5586085,1.0430033,-0.3501198,0.21203555,-0.058707137,0.6183531,-0.17306894,11.74711,-0.07163981,-0.18673599,0.7482649,0.02965867,0.6710718,0.002722803,0.07510591,-0.24855138,0.14275563,-0.43305686,-0.59531677,0.8998417,-0.25107384,0.08026327,-0.48734012,0.50327647,0.23756096,-0.04387811,-0.7771349,0.30955276,0.15454927,0.5358279,-0.1892184,-0.012372917,-0.050804563,-0.19095963,-0.30190152,-0.31505942,0.1950795,0.1567075,-0.3060039,-0.1532552,-0.11391715,0.23431835,-0.27440354,0.21649957,-0.081909016,0.013767593,0.14971843,0.07464452,-0.079457015,-0.2639981,-0.09132445,-0.08203432,0.107154116,-0.09007257,0.06786834,0.04976016,0.16922244,-0.34808588,-0.1002561,0.0026801333,-0.17756233,-0.07685913,-0.15997618,0.042762294,-0.050999455,0.1356064,0.063013315,0.083264455,0.024111968,0.15083003,-0.027083918,-0.037123177
16,-3.776204,-0.56768215,0.42313677,-1.4961785,-0.60733855,0.33094317,-1.176671,-1.5651331,0.6275133,-1.5238836,0.6855814,-0.48248738,0.20082918,-1.1530674,0.060150422,-0.07163981,11.625932,0.99566364,0.25880224,0.020341523,0.2526358,-0.15960228,0.25372583,0.11942221,-0.46748656,0.41795972,0.2841727,0.054209396,-0.036280006,-0.1389854,-0.45626807,0.07493645,0.052799113,-0.008594026,-0.60270596,-0.13737856,-0.45166415,-0.17269874,-0.034688897,0.0848656,0.39549842,0.22734442,-0.31530643,-0.1843544,0.003101193,0.19617271,-0.66075456,-0.22944531,-0.07441169,0.43614668,0.09775847,-0.28364003,-0.014979932,-0.16289875,-0.329763,-0.27013493,-0.0831471,-0.12012509,0.09608041,-0.029471502,-0.15433633,0.090674765,0.10926464,0.15130842,-0.12823385,0.0036260015,-0.111138105,-0.12363052,-0.23643696,-0.19530389,0.014331283,-0.01950559,0.058939066,-0.028674822,0.076589644,0.05822584,-0.056878727,0.095235005,0.017433718,0.0791551
17,3.2995734,0.22304945,0.13874826,-0.06552763,-0.15605292,-0.11108551,1.1627289,-0.28856426,-0.95490867,1.0605686,-0.38734776,0.19299197,-0.68276614,0.19926238,0.15679798,-0.18673599,0.99566364,10.025507,-0.18804303,0.8672018,-0.38437253,0.11835611,-0.23457895,-0.19792557,0.90993714,0.10892075,-0.555833,0.27224517,0.06395376,-0.10952611,-0.095992595,-0.1332311,-0.19240777,0.38542703,0.19291055,0.3990063,0.3882464,0.26700914,0.012990247,-0.22138688,-0.42924857,0.20025736,-0.028813567,-0.71239465,-0.28229624,0.47137445,0.36098826,0.15687725,-0.42046398,0.15431796,-0.16789463,-0.02515275,-0.06590172,0.39258796,0.2395831,0.12488025,0.041248992,0.1990272,-0.107891396,0.16652909,0.019367833,-0.17733848,0.10212465,-0.24883221,-0.022663834,0.050311595,0.02513982,-0.101679474,0.14661978,0.07904884,0.11954287,0.11864714,0.10423148,0.036658052,-0.0037693868,-0.045010917,0.12589872,-0.13295099,-0.10210683,0.1376597
18,-1.6188998,-0.038360953,-0.25550655,0.34486857,0.55009913,0.16245037,-1.1854453,0.29860514,1.1617744,-0.451266,0.53869325,-0.051854797,-0.10826063,-0.34288293,-0.48015282,0.7482649,0.25880224,-0.18804303,8.767391,0.7647934,-0.7652366,0.43284702,-0.4468788,0.12648046,0.5752099,0.23367101,0.6446154,-0.646034,0.18183103,-0.13808075,0.19316004,-0.31333977,-0.33212185,-0.09670071,0.59702265,0.45501983,-0.25011784,-0.24628082,-0.21206215,0.25965932,-0.2918033,0.18576908,0.4682256,-0.29810554,-0.2544113,0.017264374,0.22991396,0.029555215,-0.1527814,0.29423535,0.13627207,-0.15124848,0.17065167,0.03816414,-0.004542401,0.117555305,0.22557305,0.093180165,-0.0028010546,-0.22227803,0.11525886,-0.044461936,-0.16929011,0.115781024,0.10410471,-0.097975425,0.17363915,0.14589368,-0.0068289633,-0.043155633,0.035874147,0.032477554,0.02214698,0.06470246,-0.08048061,0.0072776023,0.00239683,-0.10813728,-0.08087519,-0.04767305
19,-1.3873646,-0.64066154,0.27377412,0.09621958,-0.06978966,0.053704903,0.2783131,0.05969299,-0.40148407,0.40559974,-0.6710839,-0.21273509,1.1010697,0.83256745,0.27643663,0.02965867,0.020341523,0.8672018,0.7647934,8.008489,0.39514124,-0.32735133,-0.22860634,0.63759434,-0.5875285,-0.6027187,0.08772918,0.063889645,-0.29811573,0.1750913,0.49349216,0.18123269,-0.06809814,-0.3383423,-0.22370353,-0.19453202,0.16667818,-0.3021345,0.14759289,-0.09143409,0.17829943,-0.006291887,-0.27338517,0.5251646,0.28253964,-0.121237926,0.10232836,0.10373747,0.58107364,-0.17953825,-0.15470944,0.2607389,-0.30763012,-0.004665513,0.07088389,-0.19470951,0.091385715,-0.11887337,0.06256224,0.027906306,-0.030845117,0.2184459,-0.12727037,0.12459533,-0.16068937,-0.055510193,0.18739614,0.20788048,-0.17774673,-0.05288954,-0.20981914,-0.05069132,-0.020451091,-0.06586681,-0.033428937,-0.06065564,0.08862324,-0.05443701,0.04179662,-0.011904942
20,-2.038435,-0.6331252,-0.6262226,-0.29514116,1.0698276,-0.23498264,-0.22021401,-0.21354136,1.4679315,0.7027806,-0.3319298,-0.15467921,-0.055874854,-0.56028396,0.09605257,0.6710718,0.2526358,-0.38437253,-0.7652366,0.39514124,7.6467957,0.045383748,0.07311854,-0.046180148,0.33616728,0.0058394815,0.49711192,-0.3811398,0.427837,0.06397372,-0.10862252,-0.5967392,-0.41251048,0.1398322,0.34167564,-0.19262737,-0.35034662,-0.3187756,-0.4650936,-0.09442188,-0.094994284,0.15395573,-0.3461209,0.0029258286,0.2625675,0.08943036,0.17059702,0.23630589,-0.08937408,0.0030595816,-0.2942415,-0.20132804,0.40237722,0.3137999,-0.12043506,0.09752685,0.031626653,0.13510555,-0.03940721,-0.013535795,0.22113453,-0.019609002,-0.0044784034,0.00729179,-0.039241876,-0.13717878,0.05710758,-0.07215253,0.1006984,0.18332238,0.11735895,-0.111171335,-0.0141617,0.18269365,0.0047147693,-0.14382145,0.0004731866,-0.11789688,-0.08730119,0.05777881
21,-1.6470699,-0.6387427,0.15980113,-0.029018268,0.34693193,0.24250117,0.37209654,-0.24674758,-0.37201202,-0.016670842,-0.20348173,-0.2744168,0.106427684,-0.35680994,0.44059038,0.002722803,-0.15960228,0.11835611,0.43284702,-0.32735133,0.045383748,7.6979136,0.09958038,-0.12969744,-0.11544889,0.048624896,-0.054827727,-0.10604836,0.120590046,0.041022226,-0.17902684,-0.055619523,0.1598866,-0.06795999,0.010986181,-0.1177036,0.22470772,-0.198093,0.11839644,-0.17601396,-0.02171975,-0.15771869,-0.5480449,0.079879224,-0.18969631,-0.0375034,-0.05481206,-0.023273664,0.13453212,-0.37515813,-0.21465416,-0.13770995,0.11198449,0.028870374,-0.051096633,0.018729009,-0.15182117,-0.0033572218,0.019912299,0.14430635,-0.25416997,0.06219322,0.083178096,-0.008055618,-0.028724903,0.14232641,0.058690883,-0.008081598,-0.16391686,-0.07083971,-0.12344903,0.2140918,-0.17510176,-0.10307112,0.054918163,-0.09922291,0.105638966,0.08101218,0.039511267,0.07262771
22,-0.57787865,-0.056259036,0.35693002,0.17010449,-0.21843955,0.3535021,-0.13943933,-0.22252722,-0.83914053,-0.22632584,-0.03383253,-0.2029889,0.25536996,0.35234475,-0.10740458,0.07510591,0.25372583,-0.23457895,-0.4468788,-0.22860634,0.07311854,0.09958038,7.211042,0.49406564,0.14775738,0.06563844,-0.012333337,-0.021072617,-0.25292775,-0.18786734,0.5762741,0.17165916,-0.24817982,0.053087316,-0.15508115,0.08423701,0.33109492,-0.3880077,0.11971611,0.29207876,-0.39214897,0.47043365,0.22683166,-0.096050695,-0.2782629,0.0945981,0.14472118,0.23163897,0.10847877,0.16001448,-0.0020271288,-0.0726273,-0.013387247,0.080033004,0.06645837,-0.052593745,0.1091049,-0.11222644,-0.10474808,-0.23781529,0.04366407,0.03143632,-0.011465011,-0.1273177,0.1183396,-0.06113173,0.23140618,0.1968496,-0.110125616,-0.08909192,0.061263576,-0.046221167,-0.17020155,-0.04768376,0.0047075,0.034016106,-0.027429333,-0.12572321,-0.049722083,0.045181595
23,0.7759447,0.38757235,-0.77403593,0.49366957,0.59679556,-0.5442178,0.266946,0.68092537,0.4158495,0.6174413,0.29978365,0.49719548,-1.062524,-0.43276706,0.09765813,-0.24855138,0.11942221,-0.19792557,0.12648046,0.63759434,-0.046180148,-0.12969744,0.49406564,6.5506563,-0.03985408,-0.18006775,-0.49014476,-0.017001577,0.2518089,-0.06805833,-0.6232116,-0.46123612,0.34566626,0.03430973,0.15529218,-0.034975886,-0.36840647,0.49392205,-0.2534883,-0.0379436,0.4998342,0.1264705,-0.17621893,0.26300856,-0.18779194,0.031901024,-0.061753683,-0.17274384,-0.18645714,-0.21523678,0.047618784,-0.21262385,-0.12894565,-0.048277393,0.11387188,0.14333604,-0.09738277,-0.1616971,-0.0694182,-0.14231321,-0.02116651,-0.22197556,0.15658794,-0.07073441,-0.044460084,-0.015635615,0.0700804,0.0221923,0.10211052,-0.15119831,0.10365113,0.19396195,-0.08184913,-0.13808022,0.2120333,-0.016802814,-0.027576426,0.10862054,0.08661577,-0.090886675
24,-1.9834113,-0.06265306,-0.25614536,-0.3801731,-0.6369047,0.4615193,-0.21899334,-0.40371764,0.3801899,-0.81497043,0.06817371,-0.4082325,0.32059932,-0.2814008,-0.069663845,0.14275563,-0.46748656,0.90993714,0.5752099,-0.5875285,0.33616728,-0.11544889,0.14775738,-0.03985408,6.4425826,0.21780989,-0.17240104,0.2782117,-0.10131849,0.15644792,-0.08377064,0.15684429,0.011825283,0.19348931,-0.32882434,-0.4134075,-0.14685595,-0.2705338,-0.0688159,0.1862908,0.3089668,-0.21362853,0.08725254,0.46215433,0.26337424,-0.2686137,-0.1067203,0.016796121,0.33261025,-0.269144,0.41038305,0.039037056,-0.1562973,0.006352798,-0.09567611,0.16495177,-0.055122666,-0.16821784,-0.07554309,0.084686615,-0.10929464,0.030227484,-0.021293819,0.04714348,0.08976416,-0.037304386,0.07968554,0.011830235,-0.04576139,-0.09149371,0.0021747313,-0.07359495,0.016714597,-0.12887019,0.055772044,-0.12322664,0.014080618,0.042506345,-0.03930503,-0.028957855
25,0.28945607,0.1573893,0.13705593,0.3378852,0.47385225,-1.1924742,0.66609323,1.6958909,0.07571737,1.4477053,-0.76972735,0.45973876,0.14666158,1.1378392,0.03543613,-0.43305686,0.41795972,0.10892075,0.23367101,-0.6027187,0.0058394815,0.048624896,0.06563844,-0.18006775,0.21780989,5.0235953,0.114036426,-0.57779557,-0.45749512,-0.041460767,-0.25443995,0.12496747,0.03494873,-0.87139404,0.15191337,0.12234149,-0.11607354,0.1174275,0.04726695,-0.11914078,-0.040369958,-0.016021552,-0.4252408,0.20804435,0.16696835,-0.11069329,0.20373142,0.025180154,-0.19316846,0.24516529,0.040672436,0.06791563,-0.3582028,-0.3766988,0.013281456,-0.18086258,-0.058187697,-0.26213792,-0.06767401,-0.038671784,0.2798522,0.00019090506,0.07580133,-0.06379934,-0.081804305,-0.20506564,0.06158683,-0.16164936,-0.10793945,0.010140174,-0.10517877,-0.12401545,-0.043266773,-0.016432006,0.06692608,-0.052791446,-0.08392841,-0.0040033227,-0.09914189,-0.05208584
26,1.5266329,0.4206776,0.07357724,0.20525472,-0.54968685,-0.021194778,0.7751339,-0.16520503,-1.1237202,0.5328511,-0.21212184,0.012382567,-0.47638798,0.20722455,0.112619475,-0.59531677,0.2841727,-0.555833,0.6446154,0.08772918,0.49711192,-0.054827727,-0.012333337,-0.49014476,-0.17240104,0.114036426,5.1728377,0.5393199,-0.019064702,0.17645517,-0.52817714,-0.046925105,0.18819499,0.1864502,-0.17186213,0.023078926,0.3076124,0.29894203,0.20929751,0.002507468,0.06585604,-0.030883163,0.012272518,0.09229035,-0.24695042,-0.0807984,-0.17587009,0.11389423,0.033821642,-0.0897686,-0.028627455,0.069503695,-0.1979242,0.31206018,-0.08604412,0.19659624,-0.04074633,-0.07734856,-0.34309518,0.04259316,-0.13421455,-0.2082915,0.110877074,-0.1332449,-0.016845807,-0.0011960838,0.18493837,0.1522138,0.1773965,-0.2672711,-0.00877134,-0.018355396,-0.0019547038,-0.008130375,0.10622802,-0.026997946,-0.042529434,-0.040777735,-0.026406765,-0.018152505
27,-2.681561,-0.35229623,-0.07658323,0.08555516,0.97959983,-0.63776875,0.038441986,1.2292349,0.9843514,-0.09398731,-0.034914795,0.11376138,0.055719383,-0.11515851,0.08242734,0.8998417,0.054209396,0.27224517,-0.646034,0.063889645,-0.3811398,-0.10604836,-0.021072617,-0.017001577,0.2782117,-0.57779557,0.5393199,4.4350915,0.037945393,-0.19603032,-0.18699148,-0.30701542,0.27781835,-0.42905343,0.709802,0.1386478,-0.1172874,-0.41366428,0.32591662,0.025967747,-0.3938415,0.17990904,-0.20662151,0.051000614,-0.40629113,-0.39809936,0.20551576,-0.019131532,-0.20169741,0.139897,0.10894537,-0.014912751,0.06458362,-0.37359914,-0.2645015,0.0681906,-0.016634436,-0.17211136,0.038761713,-0.05445744,-0.12959537,0.04025438,0.16706598,0.2525339,0.029300429,0.2293775,0.07441586,-0.03469001,-0.011461194,0.10580532,-0.009330668,0.05497921,-0.000585494,-0.08579695,-0.03495413,0.095728464,-0.017059477,-0.08874269,0.043415874,0.091359854
28,-0.15715028,0.14933872,0.28775507,-0.28906113,-0.57166636,-0.042590886,0.25215885,0.20195709,-0.525944,-0.23019987,-0.2884664,-0.15436816,0.20256327,0.3342446,-0.14296795,-0.25107384,-0.036280006,0.06395376,0.18183103,-0.29811573,0.427837,0.120590046,-0.25292775,0.2518089,-0.10131849,-0.45749512,-0.019064702,0.037945393,5.4204497,-0.118062496,0.07661885,0.40942928,0.016313702,-0.32060143,-0.42930555,0.12571287,0.008209091,-0.23599164,0.16675624,0.20455126,-0.0889537,0.104111895,0.021377875,-0.20347154,-0.103794776,0.029685307,0.19184595,-0.036739007,0.030756606,0.15318415,0.17625985,0.14689684,-0.2776965,-0.2276167,0.10007798,-0.04019209,-0.063585326,-0.22376317,-0.02256285,0.0051214183,-0.019581662,0.0756215,0.09947316,-0.121121466,-0.028814081,-0.017586645,0.024378369,0.00945797,0.05549044,0.05168868,0.053337883,-0.1501931,0.09300724,0.01606628,0.10145579,-0.04570305,-0.049420096,-0.0021497807,-0.105924234,-0.0011279068
29,-0.05668954,0.06442557,0.0044412673,0.0467913,0.09523906,-0.046811476,0.034238093,0.1275611,-0.05053576,-0.26766318,0.08627798,0.006900452,-0.28282458,-0.25748977,-0.053937443,0.08026327,-0.1389854,-0.10952611,-0.13808075,0.1750913,0.06397372,0.041022226,-0.18786734,-0.06805833,0.15644792,-0.041460767,0.17645517,-0.19603032,-0.118062496,5.0827,0.1940663,-0.04193812,0.08236265,-0.20951825,-0.21280116,0.2574597,0.11813111,-0.2429089,-0.17405409,-0.010043253,0.12976333,0.4824531,0.0399162,-0.20753834,-0.17836165,0.26399285,0.10805488,-0.14410904,-0.031194933,0.017969314,0.037737265,-0.021174658,0.00782518,-0.095440954,0.051579345,-0.27910197,-0.21324638,-0.024902292,-0.011003898,0.011896316,0.08264057,0.095302925,0.049705647,0.04749875,0.09733511,0.116010904,-0.07537897,-0.055955417,-0.061116308,-0.008228987,0.057084113,0.08072823,-0.09149167,-0.09321487,-0.008126981,0.08411315,-0.16196096,-0.036048107,-0.006510332,-0.07432629
30,-1.5110729,0.30069137,-0.07778763,-0.30905986,-0.27890968,-0.19865489,-0.15157115,0.22008935,0.528767,0.013564787,-0.37084314,-0.3565353,-0.64544666,-0.6367148,-0.12358514,-0.48734012,-0.45626807,-0.095992595,0.19316004,0.49349216,-0.10862252,-0.17902684,0.5762741,-0.6232116,-0.08377064,-0.25443995,-0.52817714,-0.18699148,0.07661885,0.1940663,3.7293062,-0.14827928,0.2075651,-0.43346938,0.0816735,0.42888546,-0.06827257,-0.101106465,-0.06795746,-0.0022890088,0.19625178,-0.5166315,-0.2845685,-0.08872506,0.008571265,-0.19877507,-0.19515207,-0.014209748,-0.32507378,0.14909634,-0.16193873,-0.070619486,-0.06040881,0.02970586,-0.35944727,0.21536818,-0.11363126,0.1450431,-0.25881654,0.29529655,-0.117118455,-0.2460351,0.19671777,-0.026315022,-0.1346871,-0.08860884,0.017494839,0.073725924,-0.101637095,-0.28791475,-0.0015173202,-0.12543315,0.15922365,0.13683039,0.13005936,-0.005882038,-0.0015825216,0.11001556,-0.111196056,0.10684897
31,-0.31522393,-0.37657905,-0.6273421,0.3472976,0.7998239,-0.328344,-0.17868489,0.14735001,0.9693563,0.5850961,0.16142097,0.21480614,-0.34636968,-0.37460703,0.08680719,0.50327647,0.07493645,-0.1332311,-0.31333977,0.18123269,-0.5967392,-0.055619523,0.17165916,-0.46123612,0.15684429,0.12496747,-0.046925105,-0.30701542,0.40942928,-0.04193812,-0.14827928,4.2782817,-0.062318444,-0.003827055,0.45946527,0.11714508,-0.081751734,-0.058973044,-0.45049423,-0.24290387,0.30912733,0.2864843,-0.08820212,0.32631934,-0.1612623,0.1267921,0.07380967,0.09387252,0.14495286,-0.13740766,-0.10399525,-0.039260857,0.009398794,0.30467486,-0.021871679,-0.011580129,0.06873478,0.014122542,-0.03261894,-0.12147543,-0.01646905,-0.049008384,0.04556279,0.24091244,-0.12897402,0.04386647,0.038196944,0.061736956,0.13772503,-0.10447502,0.05655977,0.08772982,0.03110028,-0.024648923,0.065547496,0.014240709,0.029033013,-0.048512958,-0.04316209,-0.0007581231
32,-0.51162934,-0.2406253,0.18988931,-0.3100717,-0.27100503,0.24886632,-0.4069893,-0.45691216,0.2641734,-0.00057147694,0.04345431,-0.13017917,0.2813866,0.16303028,-0.097998016,0.23756096,0.052799113,-0.19240777,-0.33212185,-0.06809814,-0.41251048,0.1598866,-0.24817982,0.34566626,0.011825283,0.03494873,0.18819499,0.27781835,0.016313702,0.08236265,0.2075651,-0.062318444,4.3500443,0.09834346,0.14555222,-0.06418627,0.026322916,-0.19873486,-0.18705127,-0.04176783,-0.1022826,0.033957496,0.06345717,0.07525509,0.15884495,0.13835609,0.09479654,0.3269252,-0.003815042,0.13430727,0.11480334,-0.19404417,-0.09455414,0.23098865,0.004237836,-0.10126923,0.16012362,0.085407704,-0.03627456,-0.0203407,0.18392447,0.08083549,-0.13702098,-0.15958296,-0.07351445,-0.08691552,0.037876192,-0.06526688,0.004022984,-0.08865005,-0.011093056,-0.08725936,0.058480352,0.03863085,0.01629195,-0.1456295,0.03835743,-0.011753821,-0.16453645,0.020600753
33,0.24826622,0.26613384,-0.09018688,0.7211591,0.15663916,-0.42780262,-0.2809884,1.2319117,0.36290693,0.0029393267,-0.39468,-0.015253232,-0.14871863,0.3449491,-0.28373736,-0.04387811,-0.008594026,0.38542703,-0.09670071,-0.3383423,0.1398322,-0.06795999,0.053087316,0.03430973,0.19348931,-0.87139404,0.1864502,-0.42905343,-0.32060143,-0.20951825,-0.43346938,-0.003827055,0.09834346,3.4949005,0.039197586,0.5657688,0.25385767,-0.29507235,-0.16771773,-0.06876936,0.25569364,-0.2014826,-0.010675333,0.15244089,-0.16575783,-0.054757573,0.19810158,-0.066104695,0.020011071,0.104582086,-0.12107847,0.20983383,-0.105606735,-0.23881912,-0.14758635,-0.30112135,-0.29094696,0.13438231,0.0025597017,-0.0031292804,-0.010222856,0.05091629,0.03960669,-0.030574832,-0.22171566,0.044663098,-0.008920033,0.01426556,-0.08165616,-0.13958833,-0.015707094,-0.03043687,-0.048538826,0.15809384,0.07832287,0.04293389,-0.1405303,-0.02827425,-0.07892347,-0.05334094
34,-0.15738636,0.28906515,-0.24007183,-0.9040292,-0.72593915,0.044919707,0.24793921,-0.98524415,-0.5792728,-0.3812598,-0.3199207,-0.5226178,0.28530338,-0.33949584,-0.35761577,-0.7771349,-0.60270596,0.19291055,0.59702265,-0.22370353,0.34167564,0.010986181,-0.15508115,0.15529218,-0.32882434,0.15191337,-0.17186213,0.709802,-0.42930555,-0.21280116,0.0816735,0.45946527,0.14555222,0.039197586,3.0356927,-0.019991983,-0.18140315,-0.23088266,-0.19863752,0.31200892,0.1591605,0.28821427,-0.14869548,-0.27755618,0.18595329,0.17520058,-0.14801553,-0.13520357,0.054487646,0.17410687,-0.060343474,0.31509656,0.016046047,0.06284709,0.06453153,-0.09371196,-0.27808452,-0.13015534,0.057504278,-0.11144313,-0.020422582,0.1451383,0.10190819,-0.1463665,0.016273854,-0.08871101,-0.07391,-0.066423014,0.010893776,0.07732282,0.076685,0.05118934,-0.018559987,0.16674978,0.14969343,-0.060321957,-0.11853409,-0.09958303,0.07196564,-0.023816569
35,-0.9118617,-0.38847017,-0.08536278,-0.37096027,0.2370857,0.08573482,0.21833038,-0.45199984,0.049879618,0.0051826807,0.09289841,0.12431504,0.08861229,-0.038672794,0.49945796,0.30955276,-0.13737856,0.3990063,0.45501983,-0.19453202,-0.19262737,-0.1177036,0.08423701,-0.034975886,-0.4134075,0.12234149,0.023078926,0.1386478,0.12571287,0.2574597,0.42888546,0.11714508,-0.06418627,0.5657688,-0.019991983,3.2788463,-0.3555491,0.14410734,0.29627705,0.07464315,-0.07557331,0.05304811,-0.24584407,0.44554275,0.13818648,-0.2363036,-0.20357949,0.117073,0.006435908,-0.17739767,0.08061074,-0.32565606,0.17134637,-0.16271994,-0.028056473,0.011678221,0.042986885,-0.14760375,-0.048104778,0.006616506,0.13731803,-0.06973092,0.098253146,-0.2777806,0.045439597,-0.014969906,0.028293401,-0.12322448,0.17323479,0.21709868,0.087845504,-0.107181,-0.16255459,-0.05134897,-0.0464326,-0.094021976,0.0100206025,-0.025578123,0.12593426,0.0049489345
36,-2.4372935,-0.2077057,-0.43866277,-0.81045246,0.2376227,-0.14988822,-0.47032684,-0.3108903,1.137106,-0.07532467,0.17089383,-0.06190257,0.010156864,-0.5792304,0.050391305,0.15454927,-0.45166415,0.3882464,-0.25011784,0.16667818,-0.35034662,0.22470772,0.33109492,-0.36840647,-0.14685595,-0.11607354,0.3076124,-0.1172874,0.008209091,0.11813111,-0.06827257,-0.081751734,0.026322916,0.25385767,-0.18140315,-0.3555491,3.0924773,0.19486558,0.009494005,0.19572063,0.26641348,0.14418474,-0.19043584,-0.08668325,0.18998113,-0.022859942,-0.05640825,-0.24138772,-0.1437873,0.20576137,0.13771951,-0.11873677,-0.16218424,-0.22502011,0.15853578,0.011851462,0.19067332,-0.17405954,0.05413036,0.011235047,0.21849805,-0.12816375,0.029773526,0.023816913,-0.058749355,-0.17961252,0.04786946,0.025304684,0.16592583,0.13237393,0.026865818,-6.333558e-05,0.13627641,0.018778332,0.048122015,-0.15374157,0.013914987,-0.038607206,0.09967543,-0.07684657
37,-3.4694197,-0.4444335,-0.028087394,-0.4435139,-0.2087622,0.46745104,-0.2111721,-0.20760387,0.44384462,-0.7858913,-0.41957596,-0.8316755,0.3278637,-0.5725342,-0.1988599,0.5358279,-0.17269874,0.26700914,-0.24628082,-0.3021345,-0.3187756,-0.198093,-0.3880077,0.49392205,-0.2705338,0.1174275,0.29894203,-0.41366428,-0.23599164,-0.2429089,-0.101106465,-0.058973044,-0.19873486,-0.29507235,-0.23088266,0.14410734,0.19486558,2.7806365,-0.16998315,0.1758188,-0.12681676,0.15821311,-0.051973123,0.035809316,-0.15906158,-0.101791054,0.3268177,0.18706828,0.18588686,-0.12458318,0.09475343,0.043165334,0.01057394,0.06733769,-0.10805539,-0.07929686,-0.1318914,0.0121116135,-0.16379109,0.22978637,0.0069294125,0.17365973,0.10261655,-0.026723651,0.049665425,0.12760408,0.024346586,0.08000596,-0.0021409555,-0.044297516,0.047738604,-0.058521774,0.033732466,0.048133492,0.020640332,-0.08839084,-0.019843299,-0.10466273,-0.1583139,0.05759869
38,0.95206594,0.21999188,-0.7418592,0.32633966,0.2600356,-0.18074211,-0.33637413,0.04070779,0.8607777,0.33265394,-0.0068096016,-0.061015956,-0.17595275,-0.27595037,-0.41017574,-0.1892184,-0.034688897,0.012990247,-0.21206215,0.14759289,-0.4650936,0.11839644,0.11971611,-0.2534883,-0.0688159,0.04726695,0.20929751,0.32591662,0.16675624,-0.17405409,-0.06795746,-0.45049423,-0.18705127,-0.16771773,-0.19863752,0.29627705,0.009494005,-0.16998315,2.904934,-0.11568329,0.4229234,0.055804096,0.15218467,0.22068931,0.23810342,0.29338038,0.11287653,0.038537852,0.18065172,-0.117746525,0.008722283,0.15306737,0.08409866,0.29032177,0.1393069,-0.013421057,-0.124203056,0.03455981,0.06392735,-0.14586,0.17144725,-0.006293902,-0.0071537835,0.19242015,0.05644989,-0.18296283,-0.14750963,-0.099660575,-0.08351017,-0.013534691,0.12985793,0.05516196,-0.045880556,0.09125264,0.07481508,0.041434493,0.025874,-0.022161894,-0.11433633,-0.0018439901
39,1.1677945,-0.24293718,0.04692952,0.17123532,0.3322231,-0.30479234,0.3879239,0.14493452,0.069959074,0.64007455,-0.06898083,0.3062985,0.064565435,0.15196377,0.20168982,-0.012372917,0.0848656,-0.22138688,0.25965932,-0.09143409,-0.09442188,-0.17601396,0.29207876,-0.0379436,0.1862908,-0.11914078,0.002507468,0.025967747,0.20455126,-0.010043253,-0.0022890088,-0.24290387,-0.04176783,-0.06876936,0.31200892,0.07464315,0.19572063,0.1758188,-0.11568329,3.2254236,0.040276323,-0.111224525,-0.18539941,0.014398662,-0.03195648,0.1203358,-0.042343967,0.045783088,0.073945805,-0.06219906,-0.045823477,0.052012034,-0.009363132,0.15369606,-0.008106253,-0.2038918,-0.06532496,0.07763936,0.044509098,0.12993684,-0.04454763,0.0062669483,-0.032843255,0.2133193,-0.03411934,0.07084672,-0.094697066,-0.19117188,0.016405005,0.014798947,-0.19381079,0.10951733,-0.013021497,-0.0012240245,-0.03318571,-0.08500682,-0.07982778,0.052782845,-0.0036594875,-0.0053333864
40,-0.066428676,0.008327038,0.4703454,-0.24898393,-0.0070710527,-0.08949107,0.5198741,0.069297194,-0.6576209,0.16943538,-0.1516725,-0.026708797,0.48849547,0.38797385,-0.088866085,-0.050804563,0.39549842,-0.42924857,-0.2918033,0.17829943,-0.094994284,-0.02171975,-0.39214897,0.4998342,0.3089668,-0.040369958,0.06585604,-0.3938415,-0.0889537,0.12976333,0.19625178,0.30912733,-0.1022826,0.25569364,0.1591605,-0.07557331,0.26641348,-0.12681676,0.4229234,0.040276323,2.5172446,-0.07736175,-0.066671535,-0.29014271,-0.18510745,-0.28238535,-0.0018057073,0.28522122,-0.21423453,0.2033824,0.08578277,0.014554651,0.202247,0.011855945,-0.12345937,0.23805104,0.103155546,-0.099734604,-0.032465428,-0.055366214,-0.07937224,0.018673673,0.044325236,-0.045381308,0.19089143,-0.017160501,0.06537597,-0.12577161,-0.013822712,0.14028865,-0.12278044,-0.03533782,-0.05085264,0.0625637,-0.077130064,-0.10852371,-0.010189579,-0.0145496335,-0.03277342,0.11414594
41,0.9234744,0.4158253,-0.17645068,0.36680907,-0.39953464,0.24826644,-0.10389449,0.4763245,0.26675484,-0.3527976,-0.14926091,-0.24133672,0.13933684,0.13887808,-0.2516243,-0.19095963,0.22734442,0.20025736,0.18576908,-0.006291887,0.15395573,-0.15771869,0.47043365,0.1264705,-0.21362853,-0.016021552,-0.030883163,0.17990904,0.104111895,0.4824531,-0.5166315,0.2864843,0.033957496,-0.2014826,0.28821427,0.05304811,0.14418474,0.15821311,0.055804096,-0.111224525,-0.07736175,2.0465322,0.24140975,0.13931996,0.21950546,-0.35931706,0.06168522,-0.024951283,-0.0139910495,-0.14131247,0.1383909,0.21096984,0.06315765,-0.091667354,-0.030210253,0.2285609,-0.053259164,0.28713602,0.07126487,0.20205823,-0.2038747,-0.22171728,-0.097755216,-0.04205791,0.01916197,-0.07407631,-0.08948483,-0.101273715,-0.10924701,0.03435734,-0.11339316,0.023844263,-0.008879615,0.14146444,-0.027972776,-0.12964675,0.11139585,0.10369551,0.02578228,0.11434537
42,-2.187962,-0.83744776,0.3122095,-0.7924553,0.7193427,-0.46674275,0.6531813,-0.34957767,-0.22829983,0.82144743,-0.44486988,-0.026766457,0.21685454,-0.19471028,0.6395973,-0.30190152,-0.31530643,-0.028813567,0.4682256,-0.27338517,-0.3461209,-0.5480449,0.22683166,-0.17621893,0.08725254,-0.4252408,0.012272518,-0.20662151,0.021377875,0.0399162,-0.2845685,-0.08820212,0.06345717,-0.010675333,-0.14869548,-0.24584407,-0.19043584,-0.051973123,0.15218467,-0.18539941,-0.066671535,0.24140975,2.0482285,-0.17152417,0.043156855,0.07125289,-0.12612908,-0.05364164,-0.06704198,-0.058720514,-0.43435675,-0.2442065,0.0546009,-0.011781082,-0.105610535,-0.062063985,-0.07600188,-0.22085416,-0.040244978,0.15581834,-0.01507223,0.18389514,0.17020066,0.01677376,-0.094800174,0.008992283,0.03501053,-0.06688593,-0.020895502,0.028378569,-0.11035017,0.044542383,0.020114888,0.0065131355,0.077613644,-0.10432203,0.08266585,0.076565884,-0.028477427,0.027469248
