,0,1,2,3,4,5,6,7,8,9,10,11,12,13,14,15,16,17,18,19,20,21,22,23,24,25,26,27,28,29,30,31,32,33,34,35,36,37,38,39,40,41,42,43,44,45,46,47,48,49,50,51,52,53,54,55,56,57,58,59,60,61,62,63,64,65,66,67,68,69,70,71,72,73,74,75,76,77,78,79
0,146.07355,23.638966,-4.7657495,22.535055,-3.9027295,-11.775301,15.22263,16.80747,-18.506119,17.95098,2.5192027,17.258488,-8.680651,21.844723,-6.821902,-12.766254,16.945816,-15.286012,7.4866304,6.570121,9.4457855,7.4987297,2.6487303,-3.7984614,9.218172,-1.6450167,-7.220502,12.284559,0.7501516,0.29957896,6.9514723,1.638613,2.0802732,-0.95929015,0.82049125,4.012459,10.983413,15.789669,-4.5050974,-5.015098,0.30956107,-4.617017,10.153472,3.0877938,0.7974721,2.7788851,1.1863525,1.427798,-2.6639948,-0.648436,-0.2506024,6.889501,0.30390304,1.825958,4.717044,-0.15768653,-2.173105,3.4697838,4.5635104,-5.407843,0.5039966,-0.7663173,-0.58199644,-3.020131,-1.0256305,1.162328,-5.832516,-4.7795315,2.9177275,2.5856242,2.224412,2.0009544,-0.30030072,2.3736517,0.0017905228,4.176491,0.8476058,0.16997893,1.54453,-0.12066622
1,23.638966,9.005425,-3.0137773,4.1368604,-3.5684643,-2.3985763,0.49916756,5.73253,-1.1762745,-0.14292932,0.9172988,1.7694385,-2.9346654,2.7526736,-4.6175365,-3.8774219,2.3692696,-1.1881565,0.15867564,2.9217143,2.9425812,2.912498,0.435621,-1.9200109,0.38688374,-0.96739715,-2.0027115,1.8199247,-0.7533382,-0.102667905,-1.4428418,1.5470085,1.0350932,-1.246161,-1.2954288,1.6201596,0.86802816,2.089134,-1.0793569,0.93957424,0.103025004,-2.2533774,3.9969816,0.87465227,0.28808302,-1.0480196,0.21578158,-0.25269204,-1.6436199,1.2881653,1.6484909,1.8066306,-0.52241075,-0.9712802,0.7143369,0.2773732,-0.51462144,0.71306926,0.062156133,-1.0812012,0.3095348,-1.2400318,0.028807372,-1.1613855,0.5419705,-0.67357445,-0.86791104,-0.4924345,-0.03765208,-0.118811205,0.5413337,0.3710708,-0.23914036,0.726938,0.042505115,0.7219752,-0.49800894,-0.06377452,0.45057186,-0.12748072
2,-4.7657495,-3.0137773,9.1488285,-3.057436,-2.7702591,1.5596616,-0.0108684,-3.3229713,-7.3188057,-0.6087053,0.035556614,0.62809825,2.2753606,3.198067,2.7683477,-1.1706936,-1.6476772,-0.74210536,0.9665271,-1.3233621,2.7241254,-0.61372113,-1.6723709,3.6076536,1.105794,-0.57092243,-0.26630002,0.20134759,-1.3135246,-0.049097173,0.43952376,2.67519,-0.76791084,0.34670168,1.0151293,0.5187743,2.1647348,0.18651772,3.6470423,-0.24845704,-2.221692,1.0434906,-1.4968333,-2.4142463,-0.036440264,0.4285278,-1.6407108,0.47373074,-0.74350154,1.2674497,-0.6861845,-1.8511711,-0.6836368,-0.31060103,-1.5118282,-0.76871985,0.98653334,-0.34508938,-0.7122124,1.3544774,0.02013174,1.7205074,-0.7119298,-0.16018091,-0.09727828,0.78223324,0.059089236,0.091828585,-0.884093,-0.8196457,-1.112612,-0.91437787,0.87706745,-0.90176487,-0.88935703,0.8327657,0.13469632,0.76087505,-0.976791,-0.07645319
3,22.535055,4.1368604,-3.057436,14.697732,4.7573943,-0.9599418,0.43094206,10.760006,-1.966474,4.4144382,0.107272126,3.658317,-3.6373875,4.9099054,-0.8540423,-0.24499059,6.6901836,0.42881256,-1.4888777,-0.43580166,1.3421998,0.05453354,-0.8545704,-2.1994905,1.8948922,-1.5766989,-0.96946883,-0.3508101,1.3374856,-0.26634002,1.387593,-1.5016485,1.3907611,-3.2370257,4.160712,1.6535215,3.7482972,2.0536993,-1.6150014,-0.73440546,1.0624046,-1.6415372,3.622386,3.3790996,-1.4430689,-0.70527804,1.3372996,0.01962268,1.7196383,-2.809022,-1.038686,1.1077507,1.2876897,-0.1343829,0.89245164,0.33904552,-0.77331305,1.0069418,-0.12117232,-1.5623475,0.28400722,-1.4899182,-0.536752,0.43387803,0.7581893,-0.22135273,0.45198637,1.2643042,-0.3834871,-0.39238185,0.2369549,0.2636494,-2.22158,-0.15767534,-0.312986,1.2253947,-0.2891631,-0.022317491,0.5889785,-0.69349426
4,-3.9027295,-3.5684643,-2.7702591,4.7573943,11.756733,-4.7211065,1.7640896,5.1531696,3.7900996,7.83274,-0.8111986,3.1903973,-0.9483547,-0.21068388,2.9474564,1.6084671,2.638402,0.7416864,-2.3759131,0.379373,-4.8414125,-1.6632147,1.059196,-2.6487837,2.921647,-2.1793206,2.4160223,-4.398263,2.602539,-0.41406202,1.2395825,-3.6672454,1.2614102,-0.73739326,3.3257165,-1.0885022,-1.121426,0.94905376,-1.2389143,-1.5216671,0.049003452,1.7799283,-3.2668147,1.0659372,-0.5188534,-0.1806671,0.22485861,-0.72214866,0.7071833,-1.6945007,-2.873219,-0.6452236,2.5374691,-0.16952457,-0.08927296,0.1837537,-0.34500426,-1.0096147,0.11799724,-0.97220016,0.53560513,0.12979832,0.29876453,1.8752906,0.48454595,-0.1611078,0.36109936,0.2703166,0.33069807,1.2564344,-0.1803836,0.55563843,-1.2449149,0.07078315,-0.36358815,0.5396875,-0.12847209,-0.08594512,0.572117,-0.45362788
5,-11.775301,-2.3985763,1.5596616,-0.9599418,-4.7211065,9.108274,-4.123459,-6.749739,-1.2711089,-8.5651,1.1629041,-4.506589,-0.058061734,-4.231411,0.63341403,2.8313801,-1.4889743,0.53216213,-0.72763497,-0.34819877,1.0073366,-1.1541483,-1.6433468,2.4770222,-2.0451615,5.4603214,0.117941305,3.0751224,0.13978833,0.22286136,0.9187103,1.44148,-1.1338251,1.9606435,-0.2723377,-0.4482516,0.7354391,-2.1177573,0.8412307,1.3034899,0.42161158,-1.0417511,2.1590486,-1.0586609,-0.32463467,0.8088722,0.49985743,-0.12503213,1.2874556,-1.7516599,0.40902072,-1.0150867,0.4103619,0.58062196,0.53087515,0.29845864,0.3726343,1.8369309,-0.29797122,1.6539266,-0.3432457,-0.73874664,-0.63629204,-0.90897155,0.28149673,0.2145605,0.6033114,1.3470017,-0.6744723,-0.66750145,0.2754051,-0.46796095,-0.3808599,-0.71556157,-0.34741834,-0.83088213,0.40142733,0.12479017,-0.10940483,0.11987044
6,15.22263,0.49916756,-0.0108684,0.43094206,1.7640896,-4.123459,12.42399,3.2923827,-7.632121,8.7845,-5.0586405,1.8173769,0.016896576,3.6818368,2.4884634,-3.4488401,5.1232023,-5.1560555,5.6820683,-1.3433074,1.2770007,-1.6525004,0.71994466,-1.1944779,0.95000756,-2.9585142,-3.5350897,0.01768706,-1.12837,-0.0018492482,0.59315646,0.60182035,1.9503815,1.1278244,-1.129828,-1.0318371,1.9994774,1.1459658,1.4575958,-2.0246181,-2.1693497,0.28561983,-2.9318192,-0.8451489,-0.9025111,-0.2069877,1.319509,0.2420694,0.15661064,-1.6466744,-0.68526995,1.8762922,-0.2736337,0.35940737,1.1219264,0.6821826,-1.2215238,-1.503644,-0.49507934,1.0778811,-0.47368428,-0.24766219,1.5721169,0.15894374,0.7620708,0.51103324,-0.30145967,-1.1177967,1.3948679,1.6697128,-0.41459727,0.32233915,-0.24090515,0.0035883668,0.2418007,-0.6636324,-0.19383366,-0.20766622,0.24435261,0.31794733
7,16.80747,5.73253,-3.3229713,10.760006,5.1531696,-6.749739,3.2923827,17.872858,2.1560776,6.2643347,-1.8319371,4.6445856,-2.621998,6.2924085,-1.9998673,-0.61987996,6.8511014,1.4267306,-1.1377909,-0.276636,1.1728379,1.0381923,1.3166285,-3.1340055,1.891017,-7.7559824,0.6039108,-5.2596226,-1.0023146,-0.44847628,-1.1419084,-0.7929932,2.069921,-5.702985,4.5743766,1.950089,1.2547464,0.9906664,-0.45240393,-0.9198433,-0.14474894,-2.4241557,1.7494516,3.234674,-1.0701482,-2.6091194,2.7470984,-0.3576963,-0.37114897,-1.0825894,1.17188,1.7035072,-0.92827475,-2.9735196,0.8764658,-0.11627124,-0.75481725,-0.57012117,-0.21541376,-0.544099,0.82671213,-0.9896027,0.48178828,0.45303228,0.5837611,-0.101124376,-0.4191936,-0.18648884,0.3288262,0.4324152,-0.23642594,-0.011192882,-0.81625664,-0.062630415,0.04174514,0.57322204,-0.7162299,0.3442679,0.057028413,-0.62934315
8,-18.506119,-1.1762745,-7.3188057,-1.966474,3.7900996,-1.2711089,-7.632121,2.1560776,18.977724,-3.0905266,1.716023,-1.502974,-0.2287166,-6.2385397,-2.7473612,7.0608582,-2.8454523,4.3801775,-5.349064,1.8716791,-6.7259607,1.7539676,3.7568822,-1.9147327,-1.7658,-0.33923358,5.185347,-4.696802,2.4741335,0.16529122,-2.3980222,-4.327691,-1.2391393,-1.6377839,2.6773887,-0.20360184,-5.2084646,-2.0359824,-3.926052,-0.22335479,2.9763656,-1.2190586,1.0052965,2.3465848,2.011517,-1.1127887,0.76758647,-0.32761568,-0.43130773,0.45769188,2.0939097,-0.06386478,0.3658182,-0.25259012,-0.7447587,-0.16474368,0.1984558,1.2511543,0.820457,0.23392956,1.0676829,-0.5958161,-0.32203147,1.4876095,-0.6566191,-0.5781917,-0.4878086,-0.97371113,0.33921564,0.34475482,0.58232915,0.030525487,0.8207322,0.68315095,-0.0015783252,-0.87075084,-0.22270349,-0.62991345,0.050631493,-0.12533647
9,17.95098,-0.14292932,-0.6087053,4.4144382,7.83274,-8.5651,8.7845,6.2643347,-3.0905266,19.170092,-5.6867566,5.389326,0.35485613,7.778082,2.304994,-5.008156,6.959477,-4.82468,2.0321255,-1.7810049,-3.1382418,0.18978438,1.0004201,-2.7486413,3.643198,-6.56365,-2.407012,0.059290484,1.2109337,1.0974483,-0.08008777,-2.5413837,0.037560195,-0.0049253246,1.8560832,0.059748128,0.35982895,3.6274023,-1.549813,-2.7998238,-0.8341652,1.5942168,-3.8391843,1.0366014,1.574696,0.2200354,0.068683445,1.3990947,-0.069782704,-0.5151781,-2.9083323,0.8437867,-0.153532,2.2843688,0.6122169,0.4898268,0.59880316,-1.4366723,-0.8883714,-0.20049295,2.5013342,0.032585446,0.23513758,1.3432022,0.28326008,-1.4003932,0.24392202,-0.47229832,1.070737,0.6042984,-1.0725098,0.077873096,0.028551143,0.6520512,-0.14397371,0.31435472,0.39120042,-0.5760747,-0.17184138,-0.62646425
10,2.5192027,0.9172988,0.035556614,0.107272126,-0.8111986,1.1629041,-5.0586405,-1.8319371,1.716023,-5.6867566,7.0180764,1.9166954,-1.3723676,-2.0416198,-0.8260368,1.5670402,-3.238325,1.8506438,-2.283944,3.0678115,1.510339,0.9240277,0.11686942,-1.3145024,-0.27395865,3.5326014,0.9885189,0.2595924,1.3194766,-0.34217268,1.6576369,-0.75350004,-0.14198825,1.7756172,1.4481401,-0.500386,-0.8265202,1.9791247,0.007650376,0.28811127,0.78181654,0.6228501,2.0793097,0.4897494,-1.2726824,0.5479971,-1.5227524,-0.692127,-0.48892584,0.79730076,1.8888378,-1.5712299,-0.16152611,-0.73289347,0.14099975,-0.3306208,0.79679453,-0.29437792,1.021447,-1.8179066,-0.8814033,0.023822207,-0.46712017,0.23927045,-0.01338668,0.49764442,-0.34381306,-0.26676792,-0.31950915,-0.79386055,0.2581004,0.9058614,-0.18869331,-0.9431093,0.09891333,0.5576384,0.15022698,0.7212157,0.33290887,-0.12340943
11,17.258488,1.7694385,0.62809825,3.658317,3.1903973,-4.506589,1.8173769,4.6445856,-1.502974,5.389326,1.9166954,5.592646,-1.4334812,4.451835,0.8277092,-1.0572103,2.1371007,-0.80444497,0.26458701,1.0546674,0.7289021,1.2166572,0.8732977,-2.2140334,1.9195855,-2.150679,-0.13531347,-0.6296289,0.7423167,-0.095306545,1.6370312,-0.821207,0.5459764,0.18314564,2.4493022,-0.54068696,0.29993612,3.7592368,0.19212602,-1.1880126,0.058750004,1.0907731,0.0661127,1.2598431,0.078878716,0.09361471,-0.7829519,0.12916385,-0.7996891,0.25890523,-0.09403609,-0.5539222,-0.1923617,-0.5664207,0.13305657,-0.26837507,0.46492702,-0.8994484,0.6107256,-1.5265596,0.49504983,0.5238364,-0.28947586,0.22792302,-0.19991717,0.31214696,-0.55152273,-0.72858715,0.4892887,0.3230644,-0.058115046,0.19881435,0.014995604,-0.47672132,-0.1530275,1.1413519,-0.09900381,0.5310303,0.21002701,-0.47936916
12,-8.680651,-2.9346654,2.2753606,-3.6373875,-0.9483547,-0.058061734,0.016896576,-2.621998,-0.2287166,0.35485613,-1.3723676,-1.4334812,7.9932795,2.7911792,-0.7060126,0.03384727,-0.8532505,3.1641417,0.3941155,-5.044241,0.24269637,-0.40022275,-1.0365629,4.972271,-1.6240658,-0.5682687,2.251707,-0.41355467,-0.89206326,1.2994279,2.91763,1.516682,-1.2055442,0.53791565,-1.2902305,-0.3437118,-0.06509845,-1.462344,0.8300837,-0.37577224,-2.164036,-0.6681361,-0.96610904,-0.10714838,1.4929864,-1.2402656,-0.4928594,0.9965784,1.5876617,0.77714014,0.59403396,1.5076003,-0.37651187,0.82135034,-0.44452477,0.14434195,0.93104243,-0.9387608,0.9177535,-0.14814979,-0.5279926,1.8089087,-1.0716994,1.5921392,0.17828259,-0.18880086,0.21977761,-0.4045912,-0.33256945,0.48677373,-1.6624159,0.23765594,0.7322459,0.5055711,-0.38058835,-0.7273811,0.3929153,-0.2696386,-0.0453392,0.09478642
13,21.844723,2.7526736,3.198067,4.9099054,-0.21068388,-4.231411,3.6818368,6.2924085,-6.2385397,7.778082,-2.0416198,4.451835,2.7911792,10.937668,-0.30367267,-2.8438,5.267052,-0.92041296,1.5410161,-3.7542257,2.547583,1.5778391,-1.5782943,1.9680976,1.2930388,-5.212694,-1.0316739,0.5579176,-1.5369685,1.1765065,2.902587,1.7738128,-0.7664354,-1.4872502,1.5534197,0.19928958,2.6399102,2.5501246,1.1986506,-0.61712086,-1.800281,-0.63240564,0.90764624,1.9485371,1.1132097,-1.1064014,0.22708929,1.7125573,0.17821977,0.7131054,0.08922154,1.0360055,-1.4071279,-0.02887597,0.11702876,-0.05801089,0.90710944,-0.8745223,0.1451836,-1.2298543,0.87258524,1.0490086,-0.98163116,-0.44307682,-0.13601843,-0.2343882,0.07924335,-0.44102192,0.13119563,0.16324033,-0.7228183,-0.3991431,0.22501788,0.09469421,-0.36820096,0.99502146,0.42153987,-0.13585791,-0.36993387,-0.28395134
14,-6.821902,-4.6175365,2.7683477,-0.8540423,2.9474564,0.63341403,2.4884634,-1.9998673,-2.7473612,2.304994,-0.8260368,0.8277092,-0.7060126,-0.30367267,4.95682,1.1130726,-0.05526883,-0.785923,2.0146549,-1.2515974,-0.5622442,-2.0143228,0.3840174,-0.4404137,0.33737522,-0.17155978,-0.51092315,-0.46800563,0.6397818,0.15020417,0.64464164,-0.41755143,0.45684338,1.3915188,1.5955882,-2.1670363,-0.06297215,0.8084644,1.9836493,-0.8107383,0.2591556,1.4039392,-3.048267,-0.4786778,-0.21770549,0.7824186,-0.30219877,-0.5999255,0.44778913,-1.3689058,-1.8732753,-1.8461306,0.35148966,-0.34198016,-0.11207962,-0.21979427,0.16790003,-0.51386976,-0.5545298,1.1814611,-0.016582776,0.17817555,0.3192041,-0.001814352,-0.16493794,0.5252536,0.48855817,0.50892466,0.061065834,0.3658067,-0.0038499625,-0.45508528,-0.18904795,-0.978349,-0.36990494,0.2182155,0.3990046,0.33184284,0.04059618,0.018068105
15,-12.766254,-3.8774219,-1.1706936,-0.24499059,1.6084671,2.8313801,-3.4488401,-0.61987996,7.0608582,-5.008156,1.5670402,-1.0572103,0.03384727,-2.8438,1.1130726,8.927958,0.08569272,1.0608883,-3.2815242,-0.1742742,-2.9379306,-0.0413165,-0.23860091,1.1932751,-0.6928549,2.021256,2.712758,-4.0458393,1.180161,-0.34567016,2.1719542,-2.3131719,-1.1045239,0.12556776,3.593871,-1.4904883,-0.8044903,-2.411322,0.6984829,-0.060819115,0.3872648,0.6942895,1.4294219,1.5616244,-1.0009322,-0.6088266,1.3829348,0.69824684,0.641276,-1.0319867,1.2808228,-0.90760076,0.2922328,-0.09664138,-0.6737421,-0.38868254,0.38239795,1.0552433,0.34800747,0.41551447,-0.36114782,0.26805025,-0.3819959,-0.10422757,-0.84540707,1.610611,0.41398197,0.014866542,0.95799136,0.45727515,0.66236204,-0.19386683,0.22952053,-0.59298635,-0.39121735,-0.39334798,-0.14310688,-0.6752284,0.004660414,0.16012219
16,16.945816,2.3692696,-1.6476772,6.6901836,2.638402,-1.4889743,5.1232023,6.8511014,-2.8454523,6.959477,-3.238325,2.1371007,-0.8532505,5.267052,-0.05526883,0.08569272,9.127682,-4.5330734,-1.0921421,-0.106549636,-0.9975754,0.709648,-0.9405571,-0.56047803,2.1426163,-1.9323677,-1.4058955,-0.09277543,0.13445622,0.7128005,2.0076652,-0.44844204,-0.24801949,0.007501314,2.810805,0.58796316,1.9579,0.81677973,0.032617323,-0.55015135,-1.7042284,-1.1874659,1.5398176,0.91836274,-0.08961253,-0.90233964,2.9433727,1.0718327,0.5081403,-1.9575741,-0.39113337,1.360551,-0.062605776,0.751188,1.5315422,1.147117,0.47704387,0.3862642,-0.5525881,0.25124103,0.73298806,-0.49954236,-0.5048369,-0.4854439,0.5596976,-0.032873645,0.45316285,0.5761123,1.1980288,0.98323834,-0.09438716,0.07375591,-0.21050633,0.19619907,-0.41111523,-0.18731447,0.17940979,-0.41642356,-0.14190495,-0.27832824
17,-15.286012,-1.1881565,-0.74210536,0.42881256,0.7416864,0.53216213,-5.1560555,1.4267306,4.3801775,-4.82468,1.8506438,-0.80444497,3.1641417,-0.92041296,-0.785923,1.0608883,-4.5330734,10.237757,0.9112066,-4.0257325,1.6649567,-0.5849092,0.9344088,0.9895683,-4.121232,-0.514294,2.6553993,-1.233753,-0.3073117,0.4706008,0.48130834,0.7403119,0.9097134,-1.826905,-0.9220561,-1.8870318,-1.7025903,-1.1977389,0.022167668,1.0726454,1.9349233,-0.86040616,0.10303107,3.2266483,1.3284426,-2.1015096,-1.641407,-0.76979744,1.8412414,-0.6962805,0.7685752,0.090541676,0.38773748,-1.8002667,-1.1441112,-0.504344,-0.25777882,-0.81139946,0.54611397,-0.8378507,-0.1214333,0.8830358,-0.50783443,0.9869683,0.035954293,-0.19783434,-0.0766837,0.46936536,-0.73432577,-0.41571328,-0.5193505,-0.54433954,-0.54374516,-0.20947218,0.04285644,0.15842128,-0.5260614,0.5844986,0.53096217,-0.70124185
18,7.4866304,0.15867564,0.9665271,-1.4888777,-2.3759131,-0.72763497,5.6820683,-1.1377909,-5.349064,2.0321255,-2.283944,0.26458701,0.3941155,1.5410161,2.0146549,-3.2815242,-1.0921421,0.9112066,7.811788,-3.483831,3.4179637,-1.958302,1.8458345,-0.5936165,-2.5603924,-1.0933211,-2.8579264,2.8238273,-0.8045516,0.5556102,-0.83392966,1.5616918,1.5042913,0.46186393,-2.74971,-2.0417473,1.2159876,1.1397713,1.0178697,-1.0327603,1.2289202,-0.7401824,-2.214913,1.3411989,1.1974945,-0.03611756,-0.9668541,-0.17872545,0.5567991,-1.3920872,-0.6406967,0.6716844,-0.6430888,-0.20107737,0.025363697,-0.41213208,-1.1355643,-0.3067289,0.09456242,0.88505805,-0.5018935,0.29398826,0.76259744,-0.7242086,-0.47844642,0.4475705,-0.7387814,-0.72282016,-0.046093322,0.11305582,-0.17788902,-0.15855539,-0.14779595,-0.3676429,0.38129812,-0.1172114,0.06914889,0.5006323,0.44905597,0.17456064
19,6.570121,2.9217143,-1.3233621,-0.43580166,0.379373,-0.34819877,-1.3433074,-0.276636,1.8716791,-1.7810049,3.0678115,1.0546674,-5.044241,-3.7542257,-1.2515974,-0.1742742,-0.106549636,-4.0257325,-3.483831,8.242429,-1.7611208,1.4995692,1.0874197,-2.9605308,2.673761,2.7746773,-0.45370725,-0.24757317,1.3557107,-0.742591,-2.2787652,-0.8407321,0.31148618,1.6091771,1.0231838,0.905416,-0.83047044,1.3835516,-0.68287015,0.38574588,-0.7887438,-0.022901982,1.2905762,-2.397,-1.3116691,0.5150206,-0.4897005,-0.47268477,-2.6337137,0.8278837,0.72135323,-1.181854,1.379422,0.038319614,-0.32010004,0.87712175,-0.383574,0.53269887,-0.33405036,-0.104232445,0.088677086,-0.9979434,0.61279523,-0.52149844,0.75734186,0.2195508,-0.8562442,-0.9596715,0.83433664,0.24909791,0.9257805,0.22807357,0.15283707,0.31565076,0.15015396,0.32425302,-0.42416918,0.2534227,-0.20963052,0.075112864
20,9.4457855,2.9425812,2.7241254,1.3421998,-4.8414125,1.0073366,1.2770007,1.1728379,-6.7259607,-3.1382418,1.510339,0.7289021,0.24269637,2.547583,-0.5622442,-2.9379306,-0.9975754,1.6649567,3.4179637,-1.7611208,6.8406897,-0.19628611,-0.4090203,0.23251612,-1.5068734,-0.06513898,-2.2170937,1.6716417,-1.957676,-0.34340218,0.52646524,2.8111067,1.8942924,-0.62024677,-1.5860583,0.86287415,1.7063837,1.4378039,2.183754,0.50033987,0.37197375,-0.62619007,1.5688245,-0.07130304,-1.1120921,-0.39413857,-0.7547834,-1.0912099,0.3281167,0.003951235,1.3607366,0.84919536,-1.7924635,-1.4399357,0.5549573,-0.39444953,-0.21360104,-0.5550373,0.26672196,0.034980655,-1.0572848,0.12786774,0.019201163,-0.12777351,0.1727774,0.68229663,-0.22705887,0.3361925,-0.53481346,-0.8726019,-0.49679637,0.51595974,-0.027516508,-0.88676226,0.040293895,0.63014674,0.04142596,0.50659496,0.4471879,-0.30335718
21,7.4987297,2.912498,-0.61372113,0.05453354,-1.6632147,-1.1541483,-1.6525004,1.0381923,1.7539676,0.18978438,0.9240277,1.2166572,-0.40022275,1.5778391,-2.0143228,-0.0413165,0.709648,-0.5849092,-1.958302,1.4995692,-0.19628611,3.7112072,-0.40486932,0.56140906,0.5516529,-0.24624959,0.22547334,0.576678,-0.5847968,-0.12945639,0.79092646,0.16844834,-0.7399107,0.2914288,-0.054459274,0.51282144,-1.0482663,0.9416642,-0.55751336,0.7356963,0.12817664,0.6833633,2.550005,-0.34396225,0.84815,0.16879076,0.17484549,0.11062379,-0.57669294,1.7306749,1.0154811,0.6485419,-0.5462544,-0.110169545,0.25013793,-0.08416982,0.73880565,-0.0326128,-0.120143846,-0.64012194,1.1293812,-0.27363473,-0.3937439,0.06829301,0.09949173,-0.6680604,-0.2809623,0.02054103,0.76979244,0.3430967,0.5461585,-0.9929478,0.8277077,0.50063276,-0.28634822,0.48169214,-0.5062939,-0.36952183,-0.1897551,-0.30564165
22,2.6487303,0.435621,-1.6723709,-0.8545704,1.059196,-1.6433468,0.71994466,1.3166285,3.7568822,1.0004201,0.11686942,0.8732977,-1.0365629,-1.5782943,0.3840174,-0.23860091,-0.9405571,0.9344088,1.8458345,1.0874197,-0.4090203,-0.40486932,4.064312,-2.2729354,-0.7212466,-0.3347662,0.06334534,-0.10744016,1.1771336,0.78311163,-2.5835302,-0.7481047,1.1430051,-0.17042542,0.71688217,-0.27210748,-1.42201,1.7102208,-0.43217552,-1.2112917,1.6872635,-2.0171711,-1.102935,0.32662573,1.3745857,-0.51589096,-0.58141613,-1.0262864,-0.5930438,-0.79959655,-0.015423415,0.24843805,0.096519604,-0.36894232,-0.28754985,0.2382511,-0.5196176,0.5921599,0.5503526,1.0840181,-0.20401663,-0.085801296,0.1292128,0.5686598,-0.45407903,0.29262644,-1.0553577,-0.90702075,0.4023382,0.31989056,-0.17971715,0.20470655,0.7298213,0.19976237,0.07776398,-0.1403054,0.13028799,0.55383784,0.33110422,-0.15289831
23,-3.7984614,-1.9200109,3.6076536,-2.1994905,-2.6487837,2.4770222,-1.1944779,-3.1340055,-1.9147327,-2.7486413,-1.3145024,-2.2140334,4.972271,1.9680976,-0.4404137,1.1932751,-0.56047803,0.9895683,-0.5936165,-2.9605308,0.23251612,0.56140906,-2.2729354,6.6494327,0.18495107,0.85303783,2.2749062,0.11895853,-1.1771535,0.3193903,2.8377573,2.1344216,-1.5377316,-0.18727872,-0.731045,0.18141526,1.6955628,-2.2542343,1.1586448,0.18270239,-2.279238,-0.5394477,0.80751693,-1.1986605,0.8385666,-0.14366679,0.24959031,0.77806556,0.8396776,0.9892372,-0.21109271,0.9948323,0.60825455,0.22692126,-0.5300858,-0.62274194,0.44217423,0.7629317,0.30280656,0.6229803,0.08777556,1.0518382,-0.7383176,0.2852037,0.17854911,0.06473255,-0.33225337,-0.1079053,-0.4637941,0.6771131,-0.46565652,-0.9076579,0.4008295,0.62467825,-0.97788143,0.063600875,0.12916197,-0.4718204,-0.36030832,0.42683566
24,9.218172,0.38688374,1.105794,1.8948922,2.921647,-2.0451615,0.95000756,1.891017,-1.7658,3.643198,-0.27395865,1.9195855,-1.6240658,1.2930388,0.33737522,-0.6928549,2.1426163,-4.121232,-2.5603924,2.673761,-1.5068734,0.5516529,-0.7212466,0.18495107,5.1325827,-0.9227507,0.8271909,-1.2797787,0.49029782,-0.72648513,0.3655818,-0.6591031,-0.035225496,-0.9062542,1.526201,1.8725889,0.6436888,1.267801,0.2949071,-0.8487264,-1.405108,0.972326,-0.40564907,-2.1008325,-1.2370555,1.2584999,0.52530193,-0.07794568,-1.5349816,1.247398,-1.9035739,-0.13986963,0.74036264,-0.032249525,0.41460738,-0.73594546,0.20932545,0.7631952,0.33972088,-0.42569053,0.5743655,-0.16643032,0.081358224,-0.23128381,-0.3966133,0.1670942,-0.3603925,-0.05143403,0.24606493,0.43988174,-0.047117166,0.36436373,-0.06606282,0.56204915,-0.2648724,0.524979,-0.035869516,-0.17792124,0.12049515,0.08888368
25,-1.6450167,-0.96739715,-0.57092243,-1.5766989,-2.1793206,5.4603214,-2.9585142,-7.7559824,-0.33923358,-6.56365,3.5326014,-2.150679,-0.5682687,-5.212694,-0.17155978,2.021256,-1.9323677,-0.514294,-1.0933211,2.7746773,-0.06513898,-0.24624959,-0.3347662,0.85303783,-0.9227507,8.183169,-0.5097652,2.6295722,2.0733118,0.17968126,1.170162,-0.57302,-0.14089444,3.979299,-0.6911431,-0.5738756,0.5866373,-0.51556385,-0.18737656,0.60528433,0.15673712,0.0702203,1.9414662,-0.97875977,-0.7585051,0.5725707,-0.9376968,-0.15275304,0.83615255,-1.1490915,-0.12620617,-0.31430554,1.6808265,1.7348237,-0.07211316,0.8750335,0.2520249,1.2049135,0.34602934,0.13197216,-1.3077568,0.031674605,-0.37405348,0.2561264,0.32125616,0.9446742,-0.2846151,0.7124585,0.46935493,-0.09249702,0.49683282,0.53490174,0.16476896,0.06689383,-0.33140063,0.22860527,0.39334214,-0.0017243682,0.50708723,0.22881591
26,-7.220502,-2.0027115,-0.26630002,-0.96946883,2.4160223,0.117941305,-3.5350897,0.6039108,5.185347,-2.407012,0.9885189,-0.13531347,2.251707,-1.0316739,-0.51092315,2.712758,-1.4058955,2.6553993,-2.8579264,-0.45370725,-2.2170937,0.22547334,0.06334534,2.2749062,0.8271909,-0.5097652,5.6031866,-2.3740456,0.072959,-0.7859261,2.3993287,0.14615792,-0.84544766,-0.89554286,0.7791263,-0.13904363,-1.4340398,-1.3309429,-0.9895303,-0.08588445,-0.25333005,0.12575212,-0.04405452,-0.37142494,1.1085333,0.36864996,0.7381356,-0.52308136,-0.10339029,0.4276001,0.123748526,-0.2863714,0.8930131,-1.4263172,0.3884471,-0.91146994,0.20856905,0.326854,1.5327083,-0.19795921,0.5983671,0.93371916,-0.5541905,0.61638844,0.040475648,-0.0026391908,-0.8673377,-0.6850668,-0.7675543,1.2503546,0.012322615,0.07605392,0.047654312,0.062145382,-0.52961135,0.112618685,0.18846306,0.20653841,0.091261886,0.057500057
27,12.284559,1.8199247,0.20134759,-0.3508101,-4.398263,3.0751224,0.01768706,-5.2596226,-4.696802,0.059290484,0.2595924,-0.6296289,-0.41355467,0.5579176,-0.46800563,-4.0458393,-0.09277543,-1.233753,2.8238273,-0.24757317,1.6716417,0.576678,-0.10744016,0.11895853,-1.2797787,2.6295722,-2.3740456,7.8560486,-0.03843048,0.70358956,0.93217087,1.5996735,-1.2817955,2.0401435,-3.201123,-0.53732026,0.6549516,1.8881474,-1.3885885,0.15672803,1.6249282,-0.67073715,0.80859834,-0.3547929,1.9411492,1.8460319,-0.70549244,0.06582328,0.72069967,-0.753306,-0.5587528,0.027677136,-0.14507595,1.6603582,1.1851742,-0.23077825,-0.07542513,0.91142213,-0.06057044,0.119944915,0.7697676,-0.15436041,-0.7525619,-1.2840872,-0.050595574,-0.9993831,-0.3150577,0.14529788,-0.034751944,-0.6022146,0.1015995,-0.23997271,-0.12731616,0.30564302,0.26127392,-0.5375147,0.1616692,0.3781629,-0.13042293,-0.45867836
28,0.7501516,-0.7533382,-1.3135246,1.3374856,2.602539,0.13978833,-1.12837,-1.0023146,2.4741335,1.2109337,1.3194766,0.7423167,-0.89206326,-1.5369685,0.6397818,1.180161,0.13445622,-0.3073117,-0.8045516,1.3557107,-1.957676,-0.5847968,1.1771336,-1.1771535,0.49029782,2.0733118,0.072959,-0.03843048,2.7950246,0.6015174,-0.36777964,-1.9283991,-0.074617095,1.4541428,1.9410133,-0.6094985,-0.054310717,1.0977216,-0.7781404,-0.99626696,0.43805376,-0.5180043,-0.06886199,0.94890654,0.45675224,-0.13379669,-0.9515026,0.15292524,-0.1089185,-0.6750447,-0.7754486,-0.6610126,1.2547262,1.0730789,-0.4608763,0.18694906,0.328793,1.0078366,0.08280906,-0.01400673,0.006272829,-0.33106315,-0.4781956,0.5523475,0.086999625,0.060881495,-0.10651105,-0.051305585,-0.24200219,-0.22088242,-0.26214236,0.6799396,-0.39542323,-0.059585262,-0.4977866,0.22554877,0.2162975,0.010530822,0.47690588,-0.0042832405
29,0.29957896,-0.102667905,-0.049097173,-0.26634002,-0.41406202,0.22286136,-0.0018492482,-0.44847628,0.16529122,1.0974483,-0.34217268,-0.095306545,1.2994279,1.1765065,0.15020417,-0.34567016,0.7128005,0.4706008,0.5556102,-0.742591,-0.34340218,-0.12945639,0.78311163,0.3193903,-0.72648513,0.17968126,-0.7859261,0.70358956,0.6015174,2.340695,-0.8639896,0.22675546,-0.3958386,0.9851163,0.9915841,-1.1139935,-0.4798035,1.1002374,0.8405968,0.13679978,-0.6856462,-2.1189132,-0.2493326,0.901443,0.8519044,-1.2116932,-0.42127466,0.66224825,0.07206766,-0.124042764,-0.20924726,0.07875302,0.01435763,0.4147107,-0.23382148,1.3225846,0.92411304,0.16337028,0.10352771,-0.0973866,-0.3088721,-0.42123127,-0.2140283,-0.27452666,-0.3942728,-0.51606226,0.35399157,0.25382477,0.22690544,-0.0054916274,-0.23243403,-0.37099227,0.3703735,0.40197212,0.07469841,-0.42898965,0.77579534,0.16142869,0.062387656,0.32771707
30,6.9514723,-1.4428418,0.43952376,1.387593,1.2395825,0.9187103,0.59315646,-1.1419084,-2.3980222,-0.08008777,1.6576369,1.6370312,2.91763,2.902587,0.64464164,2.1719542,2.0076652,0.48130834,-0.83392966,-2.2787652,0.52646524,0.79092646,-2.5835302,2.8377573,0.3655818,1.170162,2.3993287,0.93217087,-0.36777964,-0.8639896,7.901405,0.6512249,-0.9614126,1.9630728,-0.3837356,-1.9981303,0.25986877,0.45022613,0.26256412,-0.05876503,-0.83401823,2.3056102,1.3447583,0.4542258,-0.06823999,0.9139186,0.8565463,0.07892947,1.5572157,-0.66260433,0.7418748,0.3354949,0.22918205,-0.14551422,1.661138,-1.0261604,0.53609955,-0.706676,1.1555808,-1.3145294,0.53975374,1.092695,-0.91605306,0.15313193,0.59022707,0.40630043,-0.088066444,-0.32280833,0.5008906,1.3672318,-0.027922716,0.5750619,-0.7099211,-0.61278635,-0.62425673,0.04462622,-0.017020645,-0.49937028,0.47942674,-0.47660685
31,1.638613,1.5470085,2.67519,-1.5016485,-3.6672454,1.44148,0.60182035,-0.7929932,-4.327691,-2.5413837,-0.75350004,-0.821207,1.516682,1.7738128,-0.41755143,-2.3131719,-0.44844204,0.7403119,1.5616918,-0.8407321,2.8111067,0.16844834,-0.7481047,2.1344216,-0.6591031,-0.57302,0.14615792,1.5996735,-1.9283991,0.22675546,0.6512249,3.9209418,0.2713712,0.043621153,-2.108953,-0.570966,0.31846806,0.23868203,1.9575487,1.085392,-1.3742115,-1.3153007,0.4339801,-1.4227946,0.74340427,-0.61768866,-0.35462606,-0.42593443,-0.57185805,0.68527603,0.46337765,0.19549981,-0.0648944,-1.4138885,0.069110885,-0.018639494,-0.25374955,-0.05979368,0.08874207,0.6066704,-0.035967357,0.17173743,-0.24463224,-1.0614712,0.58733267,-0.21453127,-0.18402866,-0.2821318,-0.56658065,0.5446794,-0.28805387,-0.3907594,-0.06845567,0.10243346,-0.3298981,-0.054376103,-0.14001028,0.26622865,0.1470193,-0.009966645
32,2.0802732,1.0350932,-0.76791084,1.3907611,1.2614102,-1.1338251,1.9503815,2.069921,-1.2391393,0.037560195,-0.14198825,0.5459764,-1.2055442,-0.7664354,0.45684338,-1.1045239,-0.24801949,0.9097134,1.5042913,0.31148618,1.8942924,-0.7399107,1.1430051,-1.5377316,-0.035225496,-0.14089444,-0.84544766,-1.2817955,-0.074617095,-0.3958386,-0.9614126,0.2713712,2.6770346,-0.48276222,-0.6467024,0.30972636,-0.09766347,0.9345933,0.8396183,0.15950054,0.454444,-0.13408193,-0.31224495,-0.34698892,-0.74111354,-0.6226978,-0.43625093,-1.5049314,0.012630011,-0.59201515,-0.5075197,0.90282524,0.43912432,-1.0479958,-0.024365082,0.50514644,-0.7398243,-0.40061736,0.15126783,0.08488448,-0.8265892,-0.3642127,0.61321497,0.73956686,0.33054778,0.40353727,-0.18883117,0.3119418,-0.0125350375,0.39786655,0.058796912,0.3842089,-0.27439034,-0.17623362,-0.07982437,0.6457439,-0.17017978,0.07277404,0.7584379,-0.10064149
33,-0.95929015,-1.246161,0.34670168,-3.2370257,-0.73739326,1.9606435,1.1278244,-5.702985,-1.6377839,-0.0049253246,1.7756172,0.18314564,0.53791565,-1.4872502,1.3915188,0.12556776,0.007501314,-1.826905,0.46186393,1.6091771,-0.62024677,0.2914288,-0.17042542,-0.18727872,-0.9062542,3.979299,-0.89554286,2.0401435,1.4541428,0.9851163,1.9630728,0.043621153,-0.48276222,5.84179,-0.1550236,-2.6155508,-1.1908624,1.3381656,0.7085258,0.27953252,-1.1594908,0.8398769,0.07327163,-0.6758528,0.7434728,0.2952512,-0.89247406,0.30084738,-0.038177628,-0.434128,0.58016634,-0.94455147,0.43992603,1.0904953,0.6656022,1.36024,1.3757379,-0.6605526,-0.040535763,0.07232009,0.030945316,-0.2751217,-0.17771187,0.21164131,1.0136112,-0.20575497,0.048647694,-0.055727586,0.40452737,0.69005597,0.07158202,0.1577065,0.21611522,-0.7221048,-0.37189907,-0.16900913,0.6326512,0.12854311,0.31445044,0.2549376
34,0.82049125,-1.2954288,1.0151293,4.160712,3.3257165,-0.2723377,-1.129828,4.5743766,2.6773887,1.8560832,1.4481401,2.4493022,-1.2902305,1.5534197,1.5955882,3.593871,2.810805,-0.9220561,-2.74971,1.0231838,-1.5860583,-0.054459274,0.71688217,-0.731045,1.526201,-0.6911431,0.7791263,-3.201123,1.9410133,0.9915841,-0.3837356,-2.108953,-0.6467024,-0.1550236,6.702664,0.08920346,0.83725727,1.0587864,0.9171156,-1.4219167,-0.7421826,-1.293924,0.69899195,1.2541753,-0.8350227,-0.8270628,0.66877437,0.62653744,-0.2532928,-0.7854911,0.28547734,-1.4507344,-0.06728688,-0.27183473,-0.29622215,0.42664263,1.2774888,0.6099685,-0.26683444,0.5132717,0.050201323,-0.64034057,-0.45831347,0.6717012,-0.06588201,0.4011082,0.34156632,0.29548633,-0.0553767,-0.3553027,-0.34669808,-0.23267059,0.1036875,-0.7749631,-0.66796833,0.2855271,0.544153,0.46059266,-0.32506323,0.11681144
35,4.012459,1.6201596,0.5187743,1.6535215,-1.0885022,-0.4482516,-1.0318371,1.950089,-0.20360184,0.059748128,-0.500386,-0.54068696,-0.3437118,0.19928958,-2.1670363,-1.4904883,0.58796316,-1.8870318,-2.0417473,0.905416,0.86287415,0.51282144,-0.27210748,0.18141526,1.8725889,-0.5738756,-0.13904363,-0.53732026,-0.6094985,-1.1139935,-1.9981303,-0.570966,0.30972636,-2.6155508,0.08920346,5.2171683,1.6012155,-0.6487498,-1.3918009,-0.4407008,0.40784675,-0.33637005,1.1915362,-2.020658,-0.64982706,1.1111219,0.8609318,-0.5376953,0.035511613,0.8618785,-0.31054845,1.4993782,-0.8556367,0.75846124,0.13140684,-0.077570334,-0.14914784,0.60194343,0.18621546,0.038214818,-0.68082505,0.28782755,-0.44503784,1.3576329,-0.24515906,0.07621615,-0.14490698,0.5824847,-0.7565826,-0.9567147,-0.4031291,0.48384452,0.7412254,0.2620112,0.19606614,0.48294845,-0.0832244,0.103456415,-0.599246,-0.0010750977
36,10.983413,0.86802816,2.1647348,3.7482972,-1.121426,0.7354391,1.9994774,1.2547464,-5.2084646,0.35982895,-0.8265202,0.29993612,-0.06509845,2.6399102,-0.06297215,-0.8044903,1.9579,-1.7025903,1.2159876,-0.83047044,1.7063837,-1.0482663,-1.42201,1.6955628,0.6436888,0.5866373,-1.4340398,0.6549516,-0.054310717,-0.4798035,0.25986877,0.31846806,-0.09766347,-1.1908624,0.83725727,1.6012155,4.8320417,-0.8605291,-0.114587516,-0.9978988,-1.1247258,-0.74903214,0.9273532,0.447859,-0.9315462,0.11327864,0.19413234,1.1164517,0.7413025,-0.91494703,-0.6126775,0.5932308,0.6779945,1.0393057,-0.71780205,-0.09741561,-0.8199588,0.7176851,-0.3181364,-0.014785085,-0.9692184,0.54055226,-0.1531795,-0.017753422,0.2352246,0.8040136,-0.24917558,-0.10574861,-0.6779854,-0.5496157,-0.15454212,-0.0030782346,-0.56918,-0.054126315,-0.26773113,0.7282029,-0.09885784,0.19280043,-0.516063,0.37735203
37,15.789669,2.089134,0.18651772,2.0536993,0.94905376,-2.1177573,1.1459658,0.9906664,-2.0359824,3.6274023,1.9791247,3.7592368,-1.462344,2.5501246,0.8084644,-2.411322,0.81677973,-1.1977389,1.1397713,1.3835516,1.4378039,0.9416642,1.7102208,-2.2542343,1.267801,-0.51556385,-1.3309429,1.8881474,1.0977216,1.1002374,0.45022613,0.23868203,0.9345933,1.3381656,1.0587864,-0.6487498,-0.8605291,5.31768,0.78556883,-0.81425357,0.55893,-0.6715303,0.20727609,-0.17179376,0.72663134,0.45651966,-1.5315487,-0.8735397,-0.88933665,0.5627618,-0.43801504,-0.16873467,-0.0072215106,-0.29312435,0.4819972,0.4190268,0.5838337,-0.055826806,0.76749045,-1.1077471,-0.008201623,-0.7727593,-0.49772164,0.06844689,-0.23858473,-0.59442544,-0.11159413,-0.374992,0.010970039,0.18851164,-0.22112575,0.2705155,-0.14632961,-0.2249538,-0.11547084,0.36439097,0.11807081,0.4856247,0.72220767,-0.30349964
38,-4.5050974,-1.0793569,3.6470423,-1.6150014,-1.2389143,0.8412307,1.4575958,-0.45240393,-3.926052,-1.549813,0.007650376,0.19212602,0.8300837,1.1986506,1.9836493,0.6984829,0.032617323,0.022167668,1.0178697,-0.68287015,2.183754,-0.55751336,-0.43217552,1.1586448,0.2949071,-0.18737656,-0.9895303,-1.3885885,-0.7781404,0.8405968,0.26256412,1.9575487,0.8396183,0.7085258,0.9171156,-1.3918009,-0.114587516,0.78556883,4.4250097,0.37936133,-1.851749,-0.33796245,-0.64494556,-0.91910434,-1.1655755,-1.3327564,-0.593676,-0.16217086,-0.70920277,0.5832573,-0.025529895,-0.65639764,-0.46973276,-1.338706,-0.6050138,0.017302785,0.61213756,-0.26226813,-0.34865525,0.73879695,-0.74711293,-0.02698921,0.019384205,-0.79750144,-0.28932476,0.83265877,0.64778984,0.47369426,0.452371,0.14012103,-0.64457464,-0.257169,0.24098358,-0.37523776,-0.40010807,-0.16899393,-0.1640237,0.1287899,0.4681487,0.04326871
39,-5.015098,0.93957424,-0.24845704,-0.73440546,-1.5216671,1.3034899,-2.0246181,-0.9198433,-0.22335479,-2.7998238,0.28811127,-1.1880126,-0.37577224,-0.61712086,-0.8107383,-0.060819115,-0.55015135,1.0726454,-1.0327603,0.38574588,0.50033987,0.7356963,-1.2112917,0.18270239,-0.8487264,0.60528433,-0.08588445,0.15672803,-0.99626696,0.13679978,-0.05876503,1.085392,0.15950054,0.27953252,-1.4219167,-0.4407008,-0.9978988,-0.81425357,0.37936133,2.341833,-0.071696386,0.38777834,0.936203,0.03654919,0.07362321,-0.55746746,0.10890688,-0.21411572,-0.17483655,0.4001885,0.2284806,-0.1988801,-0.0616073,-0.70630765,0.02821228,0.85793537,0.40548977,-0.41950998,-0.30426645,-0.4753245,0.1474601,-0.09562002,0.14017196,-0.8840157,0.11189728,-0.33786726,0.43364447,0.8922872,0.008481715,0.054993987,0.82930374,-0.48714846,0.121327154,0.029784027,0.10234214,0.43725395,0.32503852,-0.21313182,-0.0854065,0.051234156
40,0.30956107,0.103025004,-2.221692,1.0624046,0.049003452,0.42161158,-2.1693497,-0.14474894,2.9763656,-0.8341652,0.78181654,0.058750004,-2.164036,-1.800281,0.2591556,0.3872648,-1.7042284,1.9349233,1.2289202,-0.7887438,0.37197375,0.12817664,1.6872635,-2.279238,-1.405108,0.15673712,-0.25333005,1.6249282,0.43805376,-0.6856462,-0.83401823,-1.3742115,0.454444,-1.1594908,-0.7421826,0.40784675,-1.1247258,0.55893,-1.851749,-0.071696386,4.2400436,0.48644888,0.22798559,1.264581,0.9139404,1.2546192,0.08252168,-1.303184,0.88728464,-0.9663048,-0.42673022,-0.12206209,-0.85266256,-0.06216394,0.5653159,-1.0268966,-0.54235137,0.5538702,0.2098227,0.20027453,0.38952827,-0.022769444,-0.18431929,0.10950549,-0.8423772,0.10046102,-0.27645782,0.57695174,-0.031668443,-0.70956147,0.620142,0.15637194,0.17754957,-0.31638366,0.4082208,0.4489376,0.09125185,0.062029876,0.23428784,-0.54050267
41,-4.617017,-2.2533774,1.0434906,-1.6415372,1.7799283,-1.0417511,0.28561983,-2.4241557,-1.2190586,1.5942168,0.6228501,1.0907731,-0.6681361,-0.63240564,1.4039392,0.6942895,-1.1874659,-0.86040616,-0.7401824,-0.022901982,-0.62619007,0.6833633,-2.0171711,-0.5394477,0.972326,0.0702203,0.12575212,-0.67073715,-0.5180043,-2.1189132,2.3056102,-1.3153007,-0.13408193,0.8398769,-1.293924,-0.33637005,-0.74903214,-0.6715303,-0.33796245,0.38777834,0.48644888,5.3498554,-1.0133951,-0.56657946,-1.0914173,1.744413,-0.35043234,0.1013163,0.16005614,0.6928495,-0.56088614,-0.9075559,-0.37022007,0.42997763,0.14056408,-1.0881041,0.2828871,-1.4482846,-0.39323783,-0.8792222,0.9609697,0.94239116,0.41665184,0.30924433,-0.1684422,0.33506054,0.37936014,0.4609986,0.60562897,-0.099622965,0.46718574,-0.11742613,0.049452204,-0.6148317,0.05149004,0.63665855,-0.5554481,-0.47528353,-0.17752305,-0.49768078
42,10.153472,3.9969816,-1.4968333,3.622386,-3.2668147,2.1590486,-2.9318192,1.7494516,1.0052965,-3.8391843,2.0793097,0.0661127,-0.96610904,0.90764624,-3.048267,1.4294219,1.5398176,0.10303107,-2.214913,1.2905762,1.5688245,2.550005,-1.102935,0.80751693,-0.40564907,1.9414662,-0.04405452,0.80859834,-0.06886199,-0.2493326,1.3447583,0.4339801,-0.31224495,0.07327163,0.69899195,1.1915362,0.9273532,0.20727609,-0.64494556,0.936203,0.22798559,-1.0133951,5.0062304,0.7425474,-0.15369856,-0.36034894,0.6471205,0.25479257,0.23680946,0.22682634,1.9489174,1.0874254,-0.20459291,0.045059513,0.47690135,0.30524236,0.3296819,1.0663471,0.23043174,-0.7419018,0.0988803,-0.8225769,-0.75674427,-0.11816198,0.49345642,-0.038271155,-0.15623398,0.2984364,0.03889071,-0.17643642,0.54496133,-0.19979322,-0.11934799,-0.043587662,-0.3184988,0.45223284,-0.35465962,-0.3482423,0.1638035,-0.12902927
43,3.0877938,0.87465227,-2.4142463,3.3790996,1.0659372,-1.0586609,-0.8451489,3.234674,2.3465848,1.0366014,0.4897494,1.2598431,-0.10714838,1.9485371,-0.4786778,1.5616244,0.91836274,3.2266483,1.3411989,-2.397,-0.07130304,-0.34396225,0.32662573,-1.1986605,-2.1008325,-0.97875977,-0.37142494,-0.3547929,0.94890654,0.901443,0.4542258,-1.4227946,-0.34698892,-0.6758528,1.2541753,-2.020658,0.447859,-0.17179376,-0.91910434,0.03654919,1.264581,-0.56657946,0.7425474,5.03727,0.7219752,-1.5488927,-0.12734535,1.4174621,0.7186146,-1.2771406,0.5745516,-0.19051793,-0.27745557,0.08771755,-0.37655807,-0.111180454,0.24029782,0.17042209,0.07388228,-1.1649988,0.4207791,0.17629853,-0.16471016,-0.8717428,-0.7044414,0.1734558,0.03086964,0.011511821,0.0883463,-0.6361792,0.26515096,0.06558831,-0.6359125,-0.32115757,0.22807664,0.1980876,0.22322732,-0.013645904,0.19177409,-0.10614189
44,0.7974721,0.28808302,-0.036440264,-1.4430689,-0.5188534,-0.32463467,-0.9025111,-1.0701482,2.011517,1.574696,-1.2726824,0.078878716,1.4929864,1.1132097,-0.21770549,-1.0009322,-0.08961253,1.3284426,1.1974945,-1.3116691,-1.1120921,0.84815,1.3745857,0.8385666,-1.2370555,-0.7585051,1.1085333,1.9411492,0.45675224,0.8519044,-0.06823999,0.74340427,-0.74111354,0.7434728,-0.8350227,-0.64982706,-0.9315462,0.72663134,-1.1655755,0.07362321,0.9139404,-1.0914173,-0.15369856,0.7219752,4.078147,0.051090002,-0.49945635,-0.00011623341,-0.09572551,0.025050282,-0.58091307,0.25946915,0.36737764,0.25545436,-0.2721831,0.21595824,0.5276029,0.6938465,0.30188322,0.33115762,1.0493367,0.70579004,-1.1509345,-0.046186298,-0.10587235,-0.9448328,-0.66597086,-0.34113786,-0.843821,0.5281598,-0.06747852,-0.80963933,0.5206367,0.040232576,-0.58467317,0.23973346,0.07517262,0.41112,-0.25699198,-0.13262907
