,0,1,2,3,4,5,6,7,8,9,10,11,12,13,14,15,16,17,18,19,20,21,22,23,24,25,26,27,28,29,30,31,32,33,34,35,36,37,38,39,40,41,42,43,44,45,46,47,48,49
0,0.14137061,5.2554045,0.018375617,-0.0038078595,-0.0059606778,-0.00074824895,0.00095820054,-0.0011526194,-0.001033368,0.00012462478,0.0005088417,-0.00093864754,0.0009336263,0.0009257358,-3.6106576e-05,4.2425992e-05,0.00018569655,-0.00029641125,0.00054245384,0.0005310426,-0.00039555848,-8.1019e-05,0.000280648,0.00041990707,-0.00023174493,-8.835227e-05,-0.00015619589,0.00020529653,-0.00030404777,-9.605303e-05,0.00014221313,0.00033668365,-0.00010688877,-0.00010661409,-1.7958253e-05,-2.8835637e-05,-0.00018879256,3.7993857e-05,5.4667355e-05,0.00023394541,0.000319025,6.63917e-05,-0.0003064357,0.0001592742,-7.12812e-05,0.00015125188,6.569526e-05,-0.00010963173,0.0003108398,-0.00011580247
1,5.2554045,196.1074,-0.16150576,0.04023728,0.010564418,-0.005718522,0.042641293,-0.0088949045,-0.0013966068,0.003547297,0.003916774,-0.0031251106,-0.0034173012,0.013998929,0.0031812892,-0.0030698054,-0.0057047335,-0.0013360587,0.0014252913,-0.0029121214,0.0006222323,-0.00070825906,0.001162142,-0.0018947171,0.000111430214,-0.0023233145,0.0022541564,0.0010648632,0.0011589141,-0.0012949035,0.00056507107,0.00046712536,0.00022669262,-0.0004288212,-0.00087116053,0.0005477301,-7.339133e-05,0.00053573214,-0.00057976646,-0.00053245353,-0.0003146996,-0.00013784705,-2.0120046e-05,-0.00068891456,0.00022143815,-0.000113261805,-0.0002955736,-0.00013338664,-0.0004020881,0.00011905322
2,0.018375617,-0.16150576,3.2903683,-0.8585686,-0.6419713,-0.16569217,-0.09230461,-0.07451967,-0.036624327,0.012891854,0.015951123,0.0064831823,-0.02730443,-0.033458553,0.010748139,-0.016541814,-0.008125282,-0.012521452,-0.004254043,-0.003115484,-0.012689221,-0.0002915949,0.014139503,0.0011009565,-0.0071949046,-0.011016874,0.00606795,-0.013074966,-0.01853882,-0.0054210713,-0.0013072537,-0.0021979895,-0.0007101109,-0.0015442264,0.005134649,0.010099106,-0.0013177427,0.0076455446,-0.0053134793,0.009898985,-0.0013835013,0.0053501073,-0.0017515398,0.0039196145,0.004125268,0.0066904584,0.007219012,0.003514479,0.00036610174,-0.0025198895
3,-0.0038078595,0.04023728,-0.8585686,0.25733045,0.16244604,0.0542697,0.031151775,0.025595956,0.022577412,0.00440948,-0.0033303015,0.008115344,0.004937207,0.013111043,-0.0029332477,0.0005956952,0.0060859825,-0.007877672,0.0057903365,0.0029003792,0.00086965313,-0.0012450756,-0.0051830187,-0.0016417884,-0.00024701882,0.0020481672,0.0007228385,-7.7686374e-05,0.0046414565,-0.0049633654,0.0010736234,0.004101689,-0.002194596,-0.0011154002,0.0015314256,0.00096324075,-0.0029865105,-0.00016737967,0.0005935055,0.0005213327,0.0025247443,0.0008282131,-0.0009858424,-0.0016725145,2.9867799e-05,0.0012432345,-0.001007343,-0.0015402748,0.0012590182,0.00014808025
4,-0.0059606778,0.010564418,-0.6419713,0.16244604,0.20075686,0.013193453,-0.00079284795,-0.01503069,0.025103506,0.0126273185,-0.006135327,-0.0012937059,-0.009348577,0.018024411,0.011627777,0.005843488,-0.001982523,0.0040764236,0.008422494,-0.0057047266,-0.0047214404,-0.0013246007,0.005354687,-0.0026700064,-0.0036077015,-0.0011327954,-0.0019774297,0.0008071448,0.0009341751,0.0012912337,-0.0012183924,-0.0078576775,0.00028022056,0.003835205,-0.0054171653,0.0005927695,0.005872056,-0.0017321894,-0.0010842613,0.0012203038,-0.0035510282,-0.0009517595,0.0018084354,0.0017769482,-5.3300628e-05,-0.001555308,0.0017929032,0.0019750835,-0.0010014495,-0.0005340163
5,-0.00074824895,-0.005718522,-0.16569217,0.0542697,0.013193453,0.024718355,0.008259874,0.011170257,0.0016316564,-0.004170365,0.0049223443,0.004405927,-0.007148588,-0.0023972264,-0.0024023622,-0.00089760544,-0.0005213948,-0.0062392894,0.004066291,-0.0012459806,-0.00037243063,-0.0025878986,-0.0058575524,-0.00034665258,0.0008664342,-0.0026599574,0.0021080184,0.0009672686,0.0008902576,0.0009139748,0.00037884578,0.0040770313,-0.00011954529,-0.0018290875,0.0018578782,0.00020763621,-0.0027872827,0.0012636506,-0.0001911745,-0.0012790593,0.0017310253,-0.0009815965,-0.0011025798,-0.0009157626,-0.00039809704,-0.0004487724,-0.002029775,-0.0020822634,0.0006935273,-5.318908e-05
6,0.00095820054,0.042641293,-0.09230461,0.031151775,-0.00079284795,0.008259874,0.013867606,0.012067332,-0.0034205946,-0.003467123,-0.00017763325,0.0024741734,0.009149606,-0.002538187,-0.005854601,-0.0011921347,0.0018320421,-0.0018655144,-0.002731854,0.0039820094,0.0022210204,0.00077598135,-0.0031653321,0.0012879312,0.002634971,0.0037928044,-0.0012390731,-0.00015033784,0.0013144608,-0.0018336002,0.00016310223,0.0043662307,0.0005863939,-0.00019118258,0.00033550325,0.00026869576,-0.0017749476,-0.00044135534,0.00117329,0.000965375,0.00087778457,0.000448337,-0.00021532766,-0.00036112894,-0.001065521,0.0004513156,-0.000428344,-0.00075027277,0.0011388755,-5.108755e-05
7,-0.0011526194,-0.0088949045,-0.07451967,0.025595956,-0.01503069,0.011170257,0.012067332,0.021498622,-0.0020327994,-0.0032968083,-0.0015380159,0.008889206,0.001454558,-0.008866375,-0.0070368815,-0.0038523248,0.00055116287,-0.0019154022,-0.0077451416,0.00090371835,0.0058962135,0.0008745212,-0.00452732,-0.0020249,0.0045440905,0.002918575,0.001072081,-0.0013951778,0.0032267459,-0.002961127,-0.0013022742,0.003674589,0.00046867272,-0.0015782674,0.0011576149,-0.00031364267,-0.0020519337,0.0005778005,0.0010869805,-0.002006219,0.0014557603,0.00011139222,0.0007967898,-0.0018353862,0.00024407517,0.00051194796,-0.0009928037,-0.00025477624,-0.00036499044,0.00066959404
8,-0.001033368,-0.0013966068,-0.036624327,0.022577412,0.025103506,0.0016316564,-0.0034205946,-0.0020327994,0.01758426,0.007483961,-0.0034308273,0.007319131,-0.007331128,0.0044035143,0.0026046087,-0.0031342744,-0.00033379142,-0.004771202,0.0040661055,-0.00193353,0.0012063745,0.0022736965,0.0009123699,-0.0013649167,-0.000915559,-0.001958841,0.0007035498,-0.005097827,-0.00036258996,-0.001547954,-0.0005934873,-0.0046310555,-0.0011292845,-0.00018123304,0.0015409122,0.0017398014,3.643471e-05,0.001429496,-0.0014111442,0.0016271701,-7.120371e-05,0.001597824,-0.00027112756,-0.00047579504,0.0014257982,0.0013100852,0.0010213333,0.00068067823,-0.0007981029,-0.00025659226
9,0.00012462478,0.003547297,0.012891854,0.00440948,0.0126273185,-0.004170365,-0.003467123,-0.0032968083,0.007483961,0.008449825,-0.0019128395,0.0037843795,-0.0038510968,0.003249419,0.003484964,-0.0011994,0.0008051258,-0.0010659165,-0.0003594318,-0.0011173661,-0.0020628977,-0.001145028,0.0033108958,-0.0024240378,-0.0014999365,-0.0002524996,0.0009656007,-0.001604017,-3.5489822e-05,-0.003809373,-0.0011924366,-0.0009250603,-0.0011523943,2.0081452e-05,-0.001043454,0.0008589316,0.0010130003,0.00041332925,-0.00011710693,0.0005747456,0.00057185406,0.0005266895,7.010148e-05,0.0004753726,0.001215246,0.0010738724,0.0016481242,0.0015025586,-2.0138055e-05,-0.0001638566
10,0.0005088417,0.003916774,0.015951123,-0.0033303015,-0.006135327,0.0049223443,-0.00017763325,-0.0015380159,-0.0034308273,-0.0019128395,0.0058609527,-0.0009177403,-0.004914632,-0.000575601,0.0008611798,0.001256386,-0.0013465044,-0.0023286543,0.0022715873,-0.0021960344,-0.0034112446,-0.003769447,-0.0023936387,0.00022470843,-0.0015400106,-0.0014427833,0.0020219777,0.0012060734,-0.000634087,0.0005456762,0.00020134135,0.0033062566,-0.00018229593,-1.6226497e-05,-0.0005406643,9.08707e-05,-0.00043058192,-0.0002315225,0.00063115417,0.0004901116,0.00020476352,-0.0005258586,-0.0011383697,0.0008691034,-0.0011244433,-0.00065222464,-0.0002989397,-0.00077764306,0.0006037672,-9.788053e-05
11,-0.00093864754,-0.0031251106,0.0064831823,0.008115344,-0.0012937059,0.004405927,0.0024741734,0.008889206,0.007319131,0.0037843795,-0.0009177403,0.012880757,-0.010935424,-0.0056444844,-0.0018019057,-0.004077785,-0.0024519435,-0.005626912,-0.0025064521,-0.0032586823,0.0032624407,0.00013822058,-0.0028788354,-0.002659441,0.002691124,0.00021557757,0.0012044287,-0.003606074,0.0015136695,-0.0030449682,-0.002628428,0.00049429573,0.0008240451,-0.0006039894,-0.00065604335,0.0017335787,-0.00033182817,0.0013927177,-9.701098e-05,0.00019989008,0.0002905702,0.00068615447,0.0010329145,-0.0005943902,0.0001530981,0.00079030625,0.0003366939,0.00030062493,-0.00045919392,-0.0003351853
12,0.0009336263,-0.0034173012,-0.02730443,0.004937207,-0.009348577,-0.007148588,0.009149606,0.001454558,-0.007331128,-0.0038510968,-0.004914632,-0.010935424,0.028026298,0.0047453777,-0.004346815,0.0011185488,0.0068133515,0.0066008708,-0.0026101987,0.0101068225,0.0012251767,0.0044548586,0.0039750068,0.0040957835,0.0002510429,0.0051156245,-0.004066579,0.0016274282,-0.00040050497,-0.0008460013,0.0027367414,0.00025794323,-0.0010207691,0.00019036459,0.0016790233,-0.0018391816,-0.0007367857,-0.0018945166,0.0010893352,0.00087600155,0.0010133933,0.0010091856,-0.0010045937,-7.992801e-05,0.00012507409,0.00058083533,0.00017723755,0.0003184971,0.001108761,0.00023154507
13,0.0009257358,0.013998929,-0.033458553,0.013111043,0.018024411,-0.0023972264,-0.002538187,-0.008866375,0.0044035143,0.003249419,-0.000575601,-0.0056444844,0.0047453777,0.008890247,0.0033456767,0.0020362744,0.002404156,0.00047977307,0.0045543406,0.0017862896,-0.0031922548,2.6154225e-05,0.0028210296,0.0009191802,-0.003589599,-0.00063973165,-0.0003052738,0.00014878486,-0.001385503,6.2909225e-05,0.0017851363,-0.0016129415,-0.0015263306,0.00075052417,0.00077036297,0.0003352331,0.00011988591,-0.00048637344,-0.0004431781,0.0018218925,-0.00023665931,0.00074872305,-0.0010247165,0.0005520567,0.0003915013,0.0007713514,0.00085533864,8.883485e-05,0.00043045363,3.4226818e-05
14,-3.6106576e-05,0.0031812892,0.010748139,-0.0029332477,0.011627777,-0.0024023622,-0.005854601,-0.0070368815,0.0026046087,0.003484964,0.0008611798,-0.0018019057,-0.004346815,0.0033456767,0.004822189,0.0013139889,0.0002646501,0.00067818665,0.0021247612,-0.0015940535,-0.0039974255,-0.0023585833,0.0022403747,-0.0016439651,-0.0027025463,-0.0020856562,0.0014889718,0.0010374277,-0.0006504959,-0.000113388145,0.0005669858,-0.00058027747,-0.00092895015,0.0003067379,5.1834804e-06,0.0004570287,0.0006774054,0.00012490767,-0.0007692503,-0.0002785911,-0.0005354141,-0.0006070057,6.755678e-05,0.00022676887,0.0009279342,-2.1074247e-05,0.00045719632,0.00049407425,-0.00027203737,0.0002527403
15,4.2425992e-05,-0.0030698054,-0.016541814,0.0005956952,0.005843488,-0.00089760544,-0.0011921347,-0.0038523248,-0.0031342744,-0.0011994,0.001256386,-0.004077785,0.0011185488,0.0020362744,0.0013139889,0.00247862,0.00036407376,0.0015059947,0.0010046363,-0.00011768361,-0.001729131,-0.0011456414,0.00023560767,0.00015270458,-0.0015732918,-0.00022417898,0.0001461488,0.002056574,-0.000242011,0.0009540099,0.0009768922,0.00040818512,1.5398018e-06,0.00063207245,-0.00037732712,-1.0262378e-05,0.00028151413,-0.00069177453,-8.212015e-06,0.00012030457,-0.00083423883,-0.00020775435,0.00021599382,0.00023760545,-0.00046053287,-0.0002650876,-0.00018132981,-0.00039691117,2.6340287e-05,0.00014146684
16,0.00018569655,-0.0057047335,-0.008125282,0.0060859825,-0.001982523,-0.0005213948,0.0018320421,0.00055116287,-0.00033379142,0.0008051258,-0.0013465044,-0.0024519435,0.0068133515,0.002404156,0.0002646501,0.00036407376,0.00348673,0.0011744634,-0.00025626464,0.0027927246,-0.001209937,0.00013030751,0.001908311,-0.00029055023,-0.0013107379,0.00048192922,0.00013304478,0.0011972087,6.49795e-05,-0.0017732505,0.0013705787,0.00058236293,-0.001181433,-0.00047273695,0.001282172,5.0669296e-05,-0.0006396619,-0.00024288951,-0.00016224664,-0.00026532984,0.00053826685,0.00036800216,-0.000111416535,-0.00048325452,0.0008695356,0.00060866744,-4.362416e-06,0.00012996665,0.00014573176,0.00022649605
17,-0.00029641125,-0.0013360587,-0.012521452,-0.007877672,0.0040764236,-0.0062392894,-0.0018655144,-0.0019154022,-0.004771202,-0.0010659165,-0.0023286543,-0.005626912,0.0066008708,0.00047977307,0.00067818665,0.0015059947,0.0011744634,0.006178762,-0.0031664558,0.001348586,8.1702354e-05,0.0006946327,0.0030967393,0.00020423591,2.7143753e-06,0.0011118865,-0.00093050866,0.0018933498,0.00025665248,0.00063930673,0.00028746796,-0.0012982204,-0.00015495348,0.00023047869,-0.0005799781,-0.0017536839,0.001304402,-0.00097622455,0.00037162867,-0.0016564516,-0.00019469537,-0.00070313155,0.00044953066,3.628702e-05,0.00053001236,-0.00072122837,6.349019e-05,0.00093590416,-0.0004808942,0.00042863557
18,0.00054245384,0.0014252913,-0.004254043,0.0057903365,0.008422494,0.004066291,-0.002731854,-0.0077451416,0.0040661055,-0.0003594318,0.0022715873,-0.0025064521,-0.0026101987,0.0045543406,0.0021247612,0.0010046363,-0.00025626464,-0.0031664558,0.007903895,0.00010156606,-0.0025447297,3.1026968e-05,-0.00044787655,0.0019393698,-0.0019146707,-0.0029476096,-0.0004593862,0.00010143654,-0.0019170528,0.0026522523,0.0014244547,-0.0012051195,-0.00022353957,7.8836514e-05,0.0012582229,0.0008950762,-0.0007299698,0.00063120783,-0.0012558387,0.001482765,-0.0002047982,6.6067325e-05,-0.0010764909,0.00034771423,-0.0002707271,-6.8068795e-05,-0.00044359296,-0.0011775878,0.00062396046,-0.0005753515
19,0.0005310426,-0.0029121214,-0.003115484,0.0029003792,-0.0057047266,-0.0012459806,0.0039820094,0.00090371835,-0.00193353,-0.0011173661,-0.0021960344,-0.0032586823,0.0101068225,0.0017862896,-0.0015940535,-0.00011768361,0.0027927246,0.001348586,0.00010156606,0.004728283,0.00023258787,0.0019268306,0.001441289,0.0016315081,0.0005427346,0.0014755286,-0.0019930592,0.0005734869,-0.00032640307,2.9345269e-05,0.0012358425,0.0003285751,-0.00023741653,-0.00013655076,0.0012742367,-0.00019283302,-0.00089474977,-8.705656e-05,-0.00023261379,0.0003276703,0.00055991363,5.6401786e-05,-0.00025388462,-0.00036023968,0.00045020028,0.00048453902,-9.92466e-05,-0.0001228621,0.0007220496,2.3557874e-05
20,-0.00039555848,0.0006222323,-0.012689221,0.00086965313,-0.0047214404,-0.00037243063,0.0022210204,0.0058962135,0.0012063745,-0.0020628977,-0.0034112446,0.0032624407,0.0012251767,-0.0031922548,-0.0039974255,-0.001729131,-0.001209937,8.1702354e-05,-0.0025447297,0.00023258787,0.006118632,0.00407218,-0.0015715914,0.0008583537,0.003067921,0.0015726064,-0.0017562897,-0.0021974398,0.00095926994,0.0008028484,-0.0010032032,-0.0025394033,0.0011796143,-0.000105063984,0.00010083272,-0.00035930262,-6.9558837e-07,0.00020681098,0.000115749164,-0.00015594487,-0.0002233038,0.00087822403,0.00079606206,-0.0007210113,-0.00036682305,0.00016488877,-0.0003435206,-0.00013655829,-0.00065844995,-0.00012100265
21,-8.1019e-05,-0.00070825906,-0.0002915949,-0.0012450756,-0.0013246007,-0.0025878986,0.00077598135,0.0008745212,0.0022736965,-0.001145028,-0.003769447,0.00013822058,0.0044548586,2.6154225e-05,-0.0023585833,-0.0011456414,0.00013030751,0.0006946327,3.1026968e-05,0.0019268306,0.00407218,0.00431466,0.00034361886,0.0016689159,0.0018486097,0.0009621733,-0.0024363156,-0.001673627,-6.066993e-05,0.001251339,-1.2270027e-05,-0.003225459,0.00065203913,3.0471112e-05,0.00074787176,-0.00022402583,-2.5078654e-05,0.00021163176,-0.00043249427,0.0003667794,-0.00018395417,0.0007944847,0.00033810642,-0.00050517253,6.9860864e-05,0.00026525176,-0.00016970158,-7.528451e-05,-0.0002797827,-0.00024867855
22,0.000280648,0.001162142,0.014139503,-0.0051830187,0.005354687,-0.0058575524,-0.0031653321,-0.00452732,0.0009123699,0.0033108958,-0.0023936387,-0.0028788354,0.0039750068,0.0028210296,0.0022403747,0.00023560767,0.001908311,0.0030967393,-0.00044787655,0.001441289,-0.0015715914,0.00034361886,0.004235887,-0.0003738075,-0.0009885846,6.221974e-06,-0.0006315885,0.00069764943,-0.0004574835,-0.0012018571,6.577027e-05,-0.0015700008,-0.0008619667,-0.00014845638,-0.00031485927,-0.00067914743,0.0010025271,-0.00019839776,-0.00013441233,-0.00065523136,0.0005703119,-0.00016908492,-6.283433e-05,0.0002821742,0.001118129,0.00012383674,0.0006802917,0.0011323658,2.8705763e-06,-4.3447304e-05
23,0.00041990707,-0.0018947171,0.0011009565,-0.0016417884,-0.0026700064,-0.00034665258,0.0012879312,-0.0020249,-0.0013649167,-0.0024240378,0.00022470843,-0.002659441,0.0040957835,0.0009191802,-0.0016439651,0.00015270458,-0.00029055023,0.00020423591,0.0019393698,0.0016315081,0.0008583537,0.0016689159,-0.0003738075,0.0022595713,0.0006731667,0.00046688353,-0.0017874319,-0.00028906664,-0.00084977516,0.0017810606,0.00029323052,-0.00070785277,0.0005138775,0.00029859354,2.7003363e-05,-0.0005085282,-0.00015856288,-0.0002268398,0.0002475148,0.00096930936,0.00016890996,0.00020236115,-0.00075636694,0.00048395438,-0.0008100243,-0.0002112806,-0.00018122024,-0.0005001138,0.00059821014,-0.000373905
24,-0.00023174493,0.000111430214,-0.0071949046,-0.00024701882,-0.0036077015,0.0008664342,0.002634971,0.0045440905,-0.000915559,-0.0014999365,-0.0015400106,0.002691124,0.0002510429,-0.003589599,-0.0027025463,-0.0015732918,-0.0013107379,2.7143753e-06,-0.0019146707,0.0005427346,0.003067921,0.0018486097,-0.0009885846,0.0006731667,0.002985256,0.0011019984,-0.0015603232,-0.0009877462,0.00053339626,0.0007017597,-0.0011736488,-0.00035082843,0.0011939702,-0.00017909613,-0.00047122122,-0.00039142877,5.8455635e-07,0.00038102712,0.00014001912,-0.00045554416,0.00030047208,-0.00030303228,0.00043194898,-0.00021440635,-0.00023764608,-0.0002417057,-0.0002589518,3.65359e-05,8.559949e-05,-0.0002175211
25,-8.835227e-05,-0.0023233145,-0.011016874,0.0020481672,-0.0011327954,-0.0026599574,0.0037928044,0.002918575,-0.001958841,-0.0002524996,-0.0014427833,0.00021557757,0.0051156245,-0.00063973165,-0.0020856562,-0.00022417898,0.00048192922,0.0011118865,-0.0029476096,0.0014755286,0.0015726064,0.0009621733,6.221974e-06,0.00046688353,0.0011019984,0.0025821337,-0.0010113452,-0.0005063931,0.0005751134,-0.0010954395,-0.00042079465,0.000677716,0.00036950829,0.0004789292,-0.0007995851,-0.00019801804,0.0002247737,-0.0006461175,0.0008406237,0.0006458423,-4.9326074e-05,0.00047368358,0.00022328974,0.00018977548,-0.00050632353,0.00026441534,0.0004553772,0.00034260412,0.00021538063,2.999647e-05
26,-0.00015619589,0.0022541564,0.00606795,0.0007228385,-0.0019774297,0.0021080184,-0.0012390731,0.001072081,0.0007035498,0.0009656007,0.0020219777,0.0012044287,-0.004066579,-0.0003052738,0.0014889718,0.0001461488,0.00013304478,-0.00093050866,-0.0004593862,-0.0019930592,-0.0017562897,-0.0024363156,-0.0006315885,-0.0017874319,-0.0015603232,-0.0010113452,0.0025571792,0.00025921408,0.00035531,-0.001278895,0.00018873424,0.0013935103,-0.0009079977,-0.00031104655,0.00038905116,0.00026623622,-0.00023803697,8.004206e-06,0.00015017015,-0.00045612175,3.2324882e-05,-3.5208122e-05,-0.00018509828,-0.0001494154,0.00032919686,6.126742e-05,2.8298045e-05,8.220372e-05,-0.0004009417,0.00041755266
27,0.00020529653,0.0010648632,-0.013074966,-7.7686374e-05,0.0008071448,0.0009672686,-0.00015033784,-0.0013951778,-0.005097827,-0.001604017,0.0012060734,-0.003606074,0.0016274282,0.00014878486,0.0010374277,0.002056574,0.0011972087,0.0018933498,0.00010143654,0.0005734869,-0.0021974398,-0.001673627,0.00069764943,-0.00028906664,-0.0009877462,-0.0005063931,0.00025921408,0.00324388,5.905956e-05,0.00030845456,0.0009281923,0.0014697453,-4.704149e-05,-0.00014193653,-0.00016024546,-0.00023026227,-1.0084098e-05,-0.0003908213,-0.0001661537,-0.0011473305,-0.00014126519,-0.0008152964,0.00044044573,-0.000103592174,5.405266e-05,-0.0004770765,-0.0006118445,-0.0003395399,0.00014318281,0.00010061842
28,-0.00030404777,0.0011589141,-0.01853882,0.0046414565,0.0009341751,0.0008902576,0.0013144608,0.0032267459,-0.00036258996,-3.5489822e-05,-0.000634087,0.0015136695,-0.00040050497,-0.001385503,-0.0006504959,-0.000242011,6.49795e-05,0.00025665248,-0.0019170528,-0.00032640307,0.00095926994,-6.066993e-05,-0.0004574835,-0.00084977516,0.00053339626,0.0005751134,0.00035531,5.905956e-05,0.00077993266,-0.00071517774,-0.000277079,0.00039164897,0.000113264265,-9.61461e-05,-0.00010709539,3.2511147e-05,-2.7840035e-05,-3.87331e-05,0.00014153228,-0.00052362686,-9.253637e-05,1.6345493e-05,0.0005328249,-0.00036658207,0.00010880731,8.530742e-05,-8.640415e-05,0.000102673075,-0.00029513572,0.00019745302
29,-9.605303e-05,-0.0012949035,-0.0054210713,-0.0049633654,0.0012912337,0.0009139748,-0.0018336002,-0.002961127,-0.001547954,-0.003809373,0.0005456762,-0.0030449682,-0.0008460013,6.2909225e-05,-0.000113388145,0.0009540099,-0.0017732505,0.00063930673,0.0026522523,2.9345269e-05,0.0008028484,0.001251339,-0.0012018571,0.0017810606,0.0007017597,-0.0010954395,-0.001278895,0.00030845456,-0.00071517774,0.0042985594,0.0006768182,-0.0015065781,0.00096136593,0.0004776009,0.00067602005,-0.00035430258,-0.00018734642,0.000236988,-0.0007656043,-5.3476702e-05,-0.0008878888,-0.00076821866,3.778723e-07,-0.00015826384,-0.0004027056,-0.0007138507,-0.000778824,-0.0008308446,-5.1695755e-05,6.274546e-05
30,0.00014221313,0.00056507107,-0.0013072537,0.0010736234,-0.0012183924,0.00037884578,0.00016310223,-0.0013022742,-0.0005934873,-0.0011924366,0.00020134135,-0.002628428,0.0027367414,0.0017851363,0.0005669858,0.0009768922,0.0013705787,0.00028746796,0.0014244547,0.0012358425,-0.0010032032,-1.2270027e-05,6.577027e-05,0.00029323052,-0.0011736488,-0.00042079465,0.00018873424,0.0009281923,-0.000277079,0.0006768182,0.0014935854,0.00017605338,-0.00045206683,7.619054e-05,0.0013378443,0.0003366671,-0.00068315945,-9.444171e-05,-0.0005378472,0.0001500794,-0.00043985646,4.1028667e-05,-1.8242758e-05,-0.000435011,0.0002627885,0.0001677011,-0.00035972692,-0.0004804939,-2.736543e-05,0.00028023584
31,0.00033668365,0.00046712536,-0.0021979895,0.004101689,-0.0078576775,0.0040770313,0.0043662307,0.003674589,-0.0046310555,-0.0009250603,0.0033062566,0.00049429573,0.00025794323,-0.0016129415,-0.00058027747,0.00040818512,0.00058236293,-0.0012982204,-0.0012051195,0.0003285751,-0.0025394033,-0.003225459,-0.0015700008,-0.00070785277,-0.00035082843,0.000677716,0.0013935103,0.0014697453,0.00039164897,-0.0015065781,0.00017605338,0.0046405005,-0.00019381897,-0.00012694452,-0.00033862537,0.00032764318,-0.00086927204,-0.00024860178,0.00074858184,7.984383e-05,0.00051694823,-0.00057649304,-0.00035748194,0.00024722196,-0.00047264193,1.2278348e-05,-8.586493e-05,-0.0003367706,0.0007898249,0.0001941029
32,-0.00010688877,0.00022669262,-0.0007101109,-0.002194596,0.00028022056,-0.00011954529,0.0005863939,0.00046867272,-0.0011292845,-0.0011523943,-0.00018229593,0.0008240451,-0.0010207691,-0.0015263306,-0.00092895015,1.5398018e-06,-0.001181433,-0.00015495348,-0.00022353957,-0.00023741653,0.0011796143,0.00065203913,-0.0008619667,0.0005138775,0.0011939702,0.00036950829,-0.0009079977,-4.704149e-05,0.000113264265,0.00096136593,-0.00045206683,-0.00019381897,0.0009484363,0.0002834321,-0.0006005457,0.00012382946,0.00017019967,6.320818e-05,-6.9654925e-05,0.00010276888,-0.00041228405,-0.00016949019,0.0004750999,3.203258e-05,-0.0004966783,-0.00023829186,-0.00019654846,-0.0002384991,4.8876347e-05,-0.00019953013
33,-0.00010661409,-0.0004288212,-0.0015442264,-0.0011154002,0.003835205,-0.0018290875,-0.00019118258,-0.0015782674,-0.00018123304,2.0081452e-05,-1.6226497e-05,-0.0006039894,0.00019036459,0.00075052417,0.0003067379,0.00063207245,-0.00047273695,0.00023047869,7.8836514e-05,-0.00013655076,-0.000105063984,3.0471112e-05,-0.00014845638,0.00029859354,-0.00017909613,0.0004789292,-0.00031104655,-0.00014193653,-9.61461e-05,0.0004776009,7.619054e-05,-0.00012694452,0.0002834321,0.00063858007,-0.00039829427,0.00025842624,0.00027842354,-0.0002749351,1.9089115e-05,0.0006721836,-0.0006685366,8.5891574e-05,0.0001886334,0.0002065052,-0.00035309998,6.4758233e-06,0.00023754105,-8.891714e-06,7.562515e-06,3.8462316e-05
34,-1.7958253e-05,-0.00087116053,0.005134649,0.0015314256,-0.0054171653,0.0018578782,0.00033550325,0.0011576149,0.0015409122,-0.001043454,-0.0005406643,-0.00065604335,0.0016790233,0.00077036297,5.1834804e-06,-0.00037732712,0.001282172,-0.0005799781,0.0012582229,0.0012742367,0.00010083272,0.00074787176,-0.00031485927,2.7003363e-05,-0.00047122122,-0.0007995851,0.00038905116,-0.00016024546,-0.00010709539,0.00067602005,0.0013378443,-0.00033862537,-0.0006005457,-0.00039829427,0.0022427295,0.00035799673,-0.0011582132,0.0004726544,-0.0008384012,-0.0002076554,-8.2236176e-05,6.210564e-05,-9.7619166e-05,-0.00091408275,0.0007869852,0.00035387534,-0.0005016776,-0.00044280716,-0.00023490432,0.00039616216
35,-2.8835637e-05,0.0005477301,0.010099106,0.00096324075,0.0005927695,0.00020763621,0.00026869576,-0.00031364267,0.0017398014,0.0008589316,9.08707e-05,0.0017335787,-0.0018391816,0.0003352331,0.0004570287,-1.0262378e-05,5.0669296e-05,-0.0017536839,0.0008950762,-0.00019283302,-0.00035930262,-0.00022402583,-0.00067914743,-0.0005085282,-0.00039142877,-0.00019801804,0.00026623622,-0.00023026227,3.2511147e-05,-0.00035430258,0.0003366671,0.00032764318,0.00012382946,0.00025842624,0.00035799673,0.0011849371,-0.00041271222,0.0002729433,-0.0005351811,0.000708294,-0.0006182785,0.00029161284,0.0004781239,-0.0002757855,1.6489863e-05,0.0004514499,2.5869957e-05,-0.00031923107,-1.3949848e-05,-1.7217e-05
36,-0.00018879256,-7.339133e-05,-0.0013177427,-0.0029865105,0.005872056,-0.0027872827,-0.0017749476,-0.0020519337,3.643471e-05,0.0010130003,-0.00043058192,-0.00033182817,-0.0007367857,0.00011988591,0.0006774054,0.00028151413,-0.0006396619,0.001304402,-0.0007299698,-0.00089474977,-6.9558837e-07,-2.5078654e-05,0.0010025271,-0.00015856288,5.8455635e-07,0.0002247737,-0.00023803697,-1.0084098e-05,-2.7840035e-05,-0.00018734642,-0.00068315945,-0.00086927204,0.00017019967,0.00027842354,-0.0011582132,-0.00041271222,0.0010176955,-0.0003318785,0.0003350268,-0.000111768124,-0.00012372318,-1.6640977e-05,0.00012560951,0.00047770777,-0.00016325823,-0.0002922602,0.00036209443,0.0005134414,-0.00016279778,-0.00014766888
37,3.7993857e-05,0.00053573214,0.0076455446,-0.00016737967,-0.0017321894,0.0012636506,-0.00044135534,0.0005778005,0.001429496,0.00041332925,-0.0002315225,0.0013927177,-0.0018945166,-0.00048637344,0.00012490767,-0.00069177453,-0.00024288951,-0.00097622455,0.00063120783,-8.705656e-05,0.00020681098,0.00021163176,-0.00019839776,-0.0002268398,0.00038102712,-0.0006461175,8.004206e-06,-0.0003908213,-3.87331e-05,0.000236988,-9.444171e-05,-0.00024860178,6.320818e-05,-0.0002749351,0.0004726544,0.0002729433,-0.0003318785,0.0005508587,-0.0004572863,-0.00021459752,0.0001552511,-0.00018248468,8.750083e-05,-0.00028745242,0.00036280375,0.00012703065,-0.00013883758,-9.629899e-05,-7.6406195e-06,-2.580869e-05
38,5.4667355e-05,-0.00057976646,-0.0053134793,0.0005935055,-0.0010842613,-0.0001911745,0.00117329,0.0010869805,-0.0014111442,-0.00011710693,0.00063115417,-9.701098e-05,0.0010893352,-0.0004431781,-0.0007692503,-8.212015e-06,-0.00016224664,0.00037162867,-0.0012558387,-0.00023261379,0.000115749164,-0.00043249427,-0.00013441233,0.0002475148,0.00014001912,0.0008406237,0.00015017015,-0.0001661537,0.00014153228,-0.0007656043,-0.0005378472,0.00074858184,-6.9654925e-05,1.9089115e-05,-0.0008384012,-0.0005351811,0.0003350268,-0.0004572863,0.0008597906,0.00016941054,0.00041326496,0.00018255351,-0.00042581017,0.00049690204,-0.00048647082,-0.00015165142,0.0002747188,0.0002490987,0.0001712165,-7.8472294e-05
39,0.00023394541,-0.00053245353,0.009898985,0.0005213327,0.0012203038,-0.0012790593,0.000965375,-0.002006219,0.0016271701,0.0005747456,0.0004901116,0.00019989008,0.00087600155,0.0018218925,-0.0002785911,0.00012030457,-0.00026532984,-0.0016564516,0.001482765,0.0003276703,-0.00015594487,0.0003667794,-0.00065523136,0.00096930936,-0.00045554416,0.0006458423,-0.00045612175,-0.0011473305,-0.00052362686,-5.3476702e-05,0.0001500794,7.984383e-05,0.00010276888,0.0006721836,-0.0002076554,0.000708294,-0.000111768124,-0.00021459752,0.00016941054,0.0018849401,-0.00040203024,0.0007566117,-0.0004051088,0.00048810156,-0.00070880936,0.00040511214,0.00048154953,-0.00023049893,0.00039615275,-0.00023491998
40,0.000319025,-0.0003146996,-0.0013835013,0.0025247443,-0.0035510282,0.0017310253,0.00087778457,0.0014557603,-7.120371e-05,0.00057185406,0.00020476352,0.0002905702,0.0010133933,-0.00023665931,-0.0005354141,-0.00083423883,0.00053826685,-0.00019469537,-0.0002047982,0.00055991363,-0.0002233038,-0.00018395417,0.0005703119,0.00016890996,0.00030047208,-4.9326074e-05,3.2324882e-05,-0.00014126519,-9.253637e-05,-0.0008878888,-0.00043985646,0.00051694823,-0.00041228405,-0.0006685366,-8.2236176e-05,-0.0006182785,-0.00012372318,0.0001552511,0.00041326496,-0.00040203024,0.0012151523,-9.3197785e-05,-0.0006972295,0.00022663995,0.00020511218,-6.801839e-06,8.247101e-05,0.00024850576,0.0003655154,-0.00017750985
41,6.63917e-05,-0.00013784705,0.0053501073,0.0008282131,-0.0009517595,-0.0009815965,0.000448337,0.00011139222,0.001597824,0.0005266895,-0.0005258586,0.00068615447,0.0010091856,0.00074872305,-0.0006070057,-0.00020775435,0.00036800216,-0.00070313155,6.6067325e-05,5.6401786e-05,0.00087822403,0.0007944847,-0.00016908492,0.00020236115,-0.00030303228,0.00047368358,-3.5208122e-05,-0.0008152964,1.6345493e-05,-0.00076821866,4.1028667e-05,-0.00057649304,-0.00016949019,8.5891574e-05,6.210564e-05,0.00029161284,-1.6640977e-05,-0.00018248468,0.00018255351,0.0007566117,-9.3197785e-05,0.0008846259,-7.612622e-05,3.557181e-05,-0.00024336115,0.00037522468,0.00021209323,-3.5816032e-05,-0.00010897586,-0.00012859562
42,-0.0003064357,-2.0120046e-05,-0.0017515398,-0.0009858424,0.0018084354,-0.0011025798,-0.00021532766,0.0007967898,-0.00027112756,7.010148e-05,-0.0011383697,0.0010329145,-0.0010045937,-0.0010247165,6.755678e-05,0.00021599382,-0.000111416535,0.00044953066,-0.0010764909,-0.00025388462,0.00079606206,0.00033810642,-6.283433e-05,-0.00075636694,0.00043194898,0.00022328974,-0.00018509828,0.00044044573,0.0005328249,3.778723e-07,-1.8242758e-05,-0.00035748194,0.0004750999,0.0001886334,-9.7619166e-05,0.0004781239,0.00012560951,8.750083e-05,-0.00042581017,-0.0004051088,-0.0006972295,-7.612622e-05,0.0010493764,-0.00047661853,0.00017906284,9.1061025e-05,-0.0001672296,-2.9953017e-05,-0.0003767639,0.00010616824
43,0.0001592742,-0.00068891456,0.0039196145,-0.0016725145,0.0017769482,-0.0009157626,-0.00036112894,-0.0018353862,-0.00047579504,0.0004753726,0.0008691034,-0.0005943902,-7.992801e-05,0.0005520567,0.00022676887,0.00023760545,-0.00048325452,3.628702e-05,0.00034771423,-0.00036023968,-0.0007210113,-0.00050517253,0.0002821742,0.00048395438,-0.00021440635,0.00018977548,-0.0001494154,-0.000103592174,-0.00036658207,-0.00015826384,-0.000435011,0.00024722196,3.203258e-05,0.0002065052,-0.00091408275,-0.0002757855,0.00047770777,-0.00028745242,0.00049690204,0.00048810156,0.00022663995,3.557181e-05,-0.00047661853,0.000691077,-0.00046666455,-0.00019391418,0.00034239388,0.00018365987,0.00031512283,-0.00024370605
44,-7.12812e-05,0.00022143815,0.004125268,2.9867799e-05,-5.3300628e-05,-0.00039809704,-0.001065521,0.00024407517,0.0014257982,0.001215246,-0.0011244433,0.0001530981,0.00012507409,0.0003915013,0.0009279342,-0.00046053287,0.0008695356,0.00053001236,-0.0002707271,0.00045020028,-0.00036682305,6.9860864e-05,0.001118129,-0.0008100243,-0.00023764608,-0.00050632353,0.00032919686,5.405266e-05,0.00010880731,-0.0004027056,0.0002627885,-0.00047264193,-0.0004966783,-0.00035309998,0.0007869852,1.6489863e-05,-0.00016325823,0.00036280375,-0.00048647082,-0.00070880936,0.00020511218,-0.00024336115,0.00017906284,-0.00046666455,0.0009407983,0.00021645246,8.596328e-06,0.00031001552,-0.00023081485,0.0002447977
45,0.00015125188,-0.000113261805,0.0066904584,0.0012432345,-0.001555308,-0.0004487724,0.0004513156,0.00051194796,0.0013100852,0.0010738724,-0.00065222464,0.00079030625,0.00058083533,0.0007713514,-2.1074247e-05,-0.0002650876,0.00060866744,-0.00072122837,-6.8068795e-05,0.00048453902,0.00016488877,0.00026525176,0.00012383674,-0.0002112806,-0.0002417057,0.00026441534,6.126742e-05,-0.0004770765,8.530742e-05,-0.0007138507,0.0001677011,1.2278348e-05,-0.00023829186,6.4758233e-06,0.00035387534,0.0004514499,-0.0002922602,0.00012703065,-0.00015165142,0.00040511214,-6.801839e-06,0.00037522468,9.1061025e-05,-0.00019391418,0.00021645246,0.0005018497,0.00021353687,2.0266314e-05,2.1303935e-05,5.131879e-05
46,6.569526e-05,-0.0002955736,0.007219012,-0.001007343,0.0017929032,-0.002029775,-0.000428344,-0.0009928037,0.0010213333,0.0016481242,-0.0002989397,0.0003366939,0.00017723755,0.00085533864,0.00045719632,-0.00018132981,-4.362416e-06,6.349019e-05,-0.00044359296,-9.92466e-05,-0.0003435206,-0.00016970158,0.0006802917,-0.00018122024,-0.0002589518,0.0004553772,2.8298045e-05,-0.0006118445,-8.640415e-05,-0.000778824,-0.00035972692,-8.586493e-05,-0.00019654846,0.00023754105,-0.0005016776,2.5869957e-05,0.00036209443,-0.00013883758,0.0002747188,0.00048154953,8.247101e-05,0.00021209323,-0.0001672296,0.00034239388,8.596328e-06,0.00021353687,0.0005506062,0.00041458837,9.403535e-05,-2.7014712e-05
47,-0.00010963173,-0.00013338664,0.003514479,-0.0015402748,0.0019750835,-0.0020822634,-0.00075027277,-0.00025477624,0.00068067823,0.0015025586,-0.00077764306,0.00030062493,0.0003184971,8.883485e-05,0.00049407425,-0.00039691117,0.00012996665,0.00093590416,-0.0011775878,-0.0001228621,-0.00013655829,-7.528451e-05,0.0011323658,-0.0005001138,3.65359e-05,0.00034260412,8.220372e-05,-0.0003395399,0.000102673075,-0.0008308446,-0.0004804939,-0.0003367706,-0.0002384991,-8.891714e-06,-0.00044280716,-0.00031923107,0.0005134414,-9.629899e-05,0.0002490987,-0.00023049893,0.00024850576,-3.5816032e-05,-2.9953017e-05,0.00018365987,0.00031001552,2.0266314e-05,0.00041458837,0.00061560754,-9.420299e-05,4.487444e-05
48,0.0003108398,-0.0004020881,0.00036610174,0.0012590182,-0.0010014495,0.0006935273,0.0011388755,-0.00036499044,-0.0007981029,-2.0138055e-05,0.0006037672,-0.00045919392,0.001108761,0.00043045363,-0.00027203737,2.6340287e-05,0.00014573176,-0.0004808942,0.00062396046,0.0007220496,-0.00065844995,-0.0002797827,2.8705763e-06,0.00059821014,8.559949e-05,0.00021538063,-0.0004009417,0.00014318281,-0.00029513572,-5.1695755e-05,-2.736543e-05,0.0007898249,4.8876347e-05,7.562515e-06,-0.00023490432,-1.3949848e-05,-0.00016279778,-7.6406195e-06,0.0001712165,0.00039615275,0.0003655154,-0.00010897586,-0.0003767639,0.00031512283,-0.00023081485,2.1303935e-05,9.403535e-05,-9.420299e-05,0.0005095155,-0.00018184411
49,-0.00011580247,0.00011905322,-0.0025198895,0.00014808025,-0.0005340163,-5.318908e-05,-5.108755e-05,0.00066959404,-0.00025659226,-0.0001638566,-9.788053e-05,-0.0003351853,0.00023154507,3.4226818e-05,0.0002527403,0.00014146684,0.00022649605,0.00042863557,-0.0005753515,2.3557874e-05,-0.00012100265,-0.00024867855,-4.3447304e-05,-0.000373905,-0.0002175211,2.999647e-05,0.00041755266,0.00010061842,0.00019745302,6.274546e-05,0.00028023584,0.0001941029,-0.00019953013,3.8462316e-05,0.00039616216,-1.7217e-05,-0.00014766888,-2.580869e-05,-7.8472294e-05,-0.00023491998,-0.00017750985,-0.00012859562,0.00010616824,-0.00024370605,0.0002447977,5.131879e-05,-2.7014712e-05,4.487444e-05,-0.00018184411,0.00029419793
