,0,1,2,3,4,5,6,7,8,9,10,11,12,13,14,15,16,17,18,19,20,21,22,23,24,25,26,27,28,29,30,31,32,33,34,35,36,37,38,39,40,41,42,43,44,45,46,47,48,49
0,243.92557,-28.702892,31.99997,-13.7196865,-8.300789,3.659544,-11.798168,-2.53506,0.03180694,0.18266937,0.043489575,0.04378539,0.040976644,-0.014640519,0.000985445,0.0029315702,-0.011781806,-0.0043791123,0.0051995395,0.0020237812,-0.00058500306,0.0007151227,0.0023392104,-0.0020613912,-0.00033903233,0.00086680136,-0.000613008,-0.00066608866,0.00080816355,0.00044561148,0.000536707,4.8062248e-06,0.00059334026,-0.0007865966,0.0003179098,-0.00020036192,0.00030597398,-9.0525045e-06,0.00022620836,0.00047565377,0.00016175408,0.00014567304,0.00013611061,1.5598576e-05,-0.000156975,3.8951854e-05,1.1610108e-05,0.000101095524,0.00010527658,-2.104447e-05
1,-28.702892,143.23222,3.7991362,-1.6679703,0.13837805,0.07551178,-1.8293494,-0.31554013,-0.050610103,-0.015934192,-0.01927064,0.0132455025,0.004854386,0.0013987944,0.0021666018,-0.0009474742,-0.0008781935,-0.0007820256,0.00060168863,0.0002270317,-0.0005755357,-0.00039926922,0.0012081764,0.00069586176,0.0005569602,0.00061992195,5.7699726e-05,5.4744058e-05,-0.00033463753,-8.1011116e-05,0.000106389045,-0.00015919944,0.0003235565,-0.0001997445,9.195642e-05,0.00023491605,0.0001929711,5.5817298e-05,0.00016925705,8.07687e-05,-4.549931e-06,-6.0420913e-05,0.0001728659,-8.713608e-05,-2.7642445e-05,0.00024329429,3.0324274e-05,-5.976329e-05,8.172104e-05,1.7900093e-05
2,31.99997,3.7991362,21.323921,3.5623126,0.51847917,-1.5035918,1.9516072,0.39979452,0.08689603,0.0198003,0.021323774,-0.010923225,-0.0073374724,0.00088078756,-0.0016626266,-0.0013431945,0.00044011883,0.0007955037,0.0004417943,6.3600544e-07,7.833639e-05,6.281516e-05,-0.00051568856,1.306123e-05,-0.0001773659,0.00044463953,6.6223874e-05,-4.4088374e-05,6.2624686e-06,-7.6720535e-05,-9.0851565e-05,0.0001211775,-6.363975e-05,1.6977516e-05,5.206858e-05,-8.035624e-05,-6.31494e-05,6.587761e-05,-7.5820906e-05,-4.761979e-05,1.3828367e-06,-2.7821685e-05,3.932775e-05,-3.0223076e-05,5.9129336e-05,9.167938e-06,2.9159626e-05,-4.987079e-05,2.307872e-05,-6.804323e-05
3,-13.7196865,-1.6679703,3.5623126,7.8930244,2.8879802,4.0492086,1.3824384,0.3411363,0.08256087,-0.028885145,-0.005517536,0.0126465075,0.005658975,-0.0051879166,0.0021719672,0.002320968,-5.794911e-06,-0.0008440017,-0.0006116864,0.0002465708,0.00022854129,0.0001869078,0.000304977,-0.00048259564,-0.000105319465,-0.0004727164,-0.00025242596,-0.00023768753,0.00021900621,-4.047417e-05,5.854951e-06,4.58743e-05,8.597576e-05,5.34922e-05,-0.000135299,7.289027e-05,9.954255e-05,-4.067167e-05,0.00020324535,9.674441e-06,-1.2865437e-05,5.6381494e-05,-8.5190404e-05,-2.5258938e-05,2.3051809e-05,-0.00012785521,-7.511661e-05,-8.4674675e-06,-3.4070283e-05,4.80879e-05
4,-8.300789,0.13837805,0.51847917,2.8879802,8.870499,-1.2261162,-1.3492639,-0.30350417,-0.02034239,0.025184345,0.0067802183,-0.013372839,-0.007970681,0.00068371557,-0.0006670635,0.0003746581,0.0001422744,0.0006247924,-0.0012914047,-0.0008497058,-0.00038090837,-0.0004101516,-0.00034117204,0.0004912623,0.00032687018,-0.00034978898,0.0002076317,5.834784e-06,0.00013324335,6.9565445e-05,-7.794252e-05,-8.353488e-05,-8.180243e-05,0.00010404718,1.51279455e-05,4.8606926e-05,5.6861572e-05,-2.2099726e-05,3.3378754e-05,-3.6436555e-05,-7.70769e-06,-0.000105189836,-2.3399767e-05,2.541775e-05,4.848104e-06,-2.1875665e-05,4.552928e-05,7.667755e-05,1.217586e-05,2.7728851e-05
5,3.659544,0.07551178,-1.5035918,4.0492086,-1.2261162,5.983479,-0.46589962,-0.13183664,-0.009983991,0.020269174,0.0054467544,-0.013196,-0.0069829645,0.002954125,-0.0008479516,-0.0006641088,-0.00042168843,0.000874836,0.00017476369,-0.00015624182,-0.00053848187,-0.00022232137,-0.00020645655,0.0001965049,0.00026211774,0.00013794444,0.0002490675,-0.00012877947,-1.2505446e-06,-0.00010240401,4.370648e-05,-4.0605526e-05,-3.2592186e-05,1.3465739e-06,1.23969185e-05,-2.6575683e-05,-4.5419536e-05,7.535658e-05,-2.1597047e-05,4.0045692e-05,9.91865e-06,-1.1352619e-05,-1.779796e-05,2.6443904e-05,-8.800291e-06,4.431857e-05,1.0140466e-05,1.4557936e-05,-1.0510815e-05,2.3991313e-05
6,-11.798168,-1.8293494,1.9516072,1.3824384,-1.3492639,-0.46589962,2.2947423,-0.39608863,-0.011001056,0.03231529,0.0072422745,-0.0071978997,-0.0046797544,0.001984429,0.00094896567,-0.0008585146,6.8564856e-05,0.0007085838,0.0002325899,0.00032980094,3.6549412e-05,-5.1261595e-05,-3.0028496e-05,1.9248084e-05,-7.9464546e-05,4.9208695e-05,6.806471e-05,-0.0002369371,2.123209e-05,-7.9904974e-05,-5.8890793e-05,-1.4752097e-05,-6.383256e-05,-9.034338e-05,-3.0924435e-05,-2.2451048e-05,1.2641947e-05,2.8207876e-05,-1.980678e-05,1.7050785e-05,-5.0608935e-07,1.05544605e-05,-3.400156e-05,4.4042645e-05,5.6626204e-06,1.5475493e-05,-1.1449076e-05,5.2616684e-05,-2.7394186e-05,5.185597e-05
7,-2.53506,-0.31554013,0.39979452,0.3411363,-0.30350417,-0.13183664,-0.39608863,2.4577537,-0.0074976524,0.009512821,0.0032794615,-0.0022298805,-0.0014065779,0.0005566735,-0.00015738248,0.000397192,0.000116925745,0.00011171115,-0.00065568194,-0.0005420082,-0.00023586494,-0.00019869453,2.7723578e-05,0.00034059008,0.00022385485,2.915708e-05,1.9928393e-05,0.00013969389,-5.349697e-06,7.7122415e-05,-3.8226153e-06,-7.891012e-05,2.1951426e-05,4.779202e-05,-3.0103172e-05,1.4542711e-05,1.930492e-06,-2.122103e-05,-6.358303e-06,-3.160434e-05,6.556548e-06,-1.3118061e-05,4.4906814e-05,-1.6527301e-05,-1.813034e-05,4.923654e-07,1.191746e-05,1.8122839e-05,8.900825e-06,-9.665406e-06
8,0.03180694,-0.050610103,0.08689603,0.08256087,-0.02034239,-0.009983991,-0.011001056,-0.0074976524,0.40644342,-0.0026328124,-0.0015168956,-0.00046739273,-0.000736402,-0.0010372396,0.00022952902,-9.453757e-05,-0.00045616055,-0.00010900034,0.0002148721,4.4580673e-05,-8.0916754e-05,1.7985714e-05,8.265754e-05,-0.00016632136,-6.744219e-05,-1.9493997e-05,-2.6210053e-05,-0.00019775625,9.595247e-06,4.14059e-06,5.2384778e-05,4.1178064e-05,2.3737066e-05,-3.3357726e-05,-8.698769e-06,2.0655325e-06,6.7281086e-05,1.3790026e-05,1.526319e-05,-2.729606e-06,3.4746631e-06,2.6038411e-05,2.4886236e-05,1.3341778e-05,1.8255764e-06,2.1891633e-06,-2.4379087e-05,-2.7913033e-05,2.4951878e-06,1.1419627e-05
9,0.18266937,-0.015934192,0.0198003,-0.028885145,0.025184345,0.020269174,0.03231529,0.009512821,-0.0026328124,0.27618673,-0.0007029362,2.0976411e-05,0.0007795143,0.00046322803,3.0060048e-06,-0.0002621688,-9.103287e-05,3.914905e-06,0.0002731993,0.00025176018,0.000119555785,0.00017639165,0.00010043867,-0.00014195389,-0.00017473893,1.9182793e-05,-5.4163727e-05,-8.6122396e-05,-3.6679237e-05,-2.019039e-05,-3.5860226e-05,2.1943673e-05,4.1029307e-05,-5.6945013e-05,-2.790125e-05,-4.2899774e-05,-1.8188288e-05,2.9678745e-06,-3.879889e-05,-2.5516692e-05,1.7608305e-05,6.745836e-06,4.976755e-06,1.2948178e-05,1.1527568e-05,5.6652643e-06,-4.1816352e-07,-1.6635378e-05,2.2933411e-05,-1.5896112e-05
10,0.043489575,-0.01927064,0.021323774,-0.005517536,0.0067802183,0.0054467544,0.0072422745,0.0032794615,-0.0015168956,-0.0007029362,0.22077577,-6.483301e-05,-0.000770567,0.00012363539,-0.00028483837,-0.00014919043,0.00021865885,-1.3202274e-05,0.00015912944,0.00016842393,0.00019830905,4.647205e-05,-6.1022427e-05,-6.268571e-05,-1.1218572e-05,-0.00012875086,8.551558e-05,0.00011037693,1.2107677e-05,3.713538e-05,-1.9541621e-05,-8.108464e-06,2.1928256e-06,-1.736854e-05,4.358441e-05,-1.2238586e-05,-4.2369902e-05,-6.395527e-05,-6.0957063e-05,3.7779741e-06,1.9431716e-05,-2.6671732e-05,-4.9665214e-06,7.785876e-06,9.222636e-06,-6.631043e-06,1.2228984e-05,1.9499419e-05,-2.0631085e-06,-3.767808e-05
11,0.04378539,0.0132455025,-0.010923225,0.0126465075,-0.013372839,-0.013196,-0.0071978997,-0.0022298805,-0.00046739273,2.0976411e-05,-6.483301e-05,0.051290736,0.010275673,-0.00092216604,-0.0002450177,-0.002363484,-0.0007932398,-0.00036129454,0.0029595324,0.0016095045,0.0008719553,0.00084006286,0.00026722514,-0.0004547835,-0.000630999,0.0007542572,-0.00019876749,-1.0731369e-05,-0.00015081523,-9.535362e-05,7.538904e-05,9.383552e-05,0.00015817172,-0.00018582182,0.00010503092,-0.00011246141,-0.0001610165,2.6845682e-05,-0.0001282538,0.00013833141,2.7414713e-05,0.000114641094,1.0458134e-06,-2.098684e-05,-1.4185782e-05,8.469232e-05,7.4773407e-06,-2.97146e-05,3.1534335e-05,-6.151383e-05
12,0.040976644,0.004854386,-0.0073374724,0.005658975,-0.007970681,-0.0069829645,-0.0046797544,-0.0014065779,-0.000736402,0.0007795143,-0.000770567,0.010275673,0.018014023,0.000652379,0.0005845185,0.0014920253,0.00046433782,-0.0006840842,-0.0011141633,-0.001123323,-0.00037300476,-0.00056240766,-2.355082e-05,0.00059543084,0.000354952,-0.00034687095,-1.3013978e-06,0.00031165083,2.8206669e-05,8.523245e-05,4.1173178e-05,2.592254e-05,2.3218334e-05,1.2267974e-05,-1.5711881e-05,4.5109304e-05,7.4531796e-05,-7.1661816e-06,7.154577e-05,-2.7544458e-05,-5.4802716e-05,-1.270427e-06,7.85249e-06,-3.315242e-05,-3.505512e-05,-1.5531206e-05,-1.1576812e-05,-1.4270021e-05,-7.3932424e-06,4.7362282e-05
13,-0.014640519,0.0013987944,0.00088078756,-0.0051879166,0.00068371557,0.002954125,0.001984429,0.0005566735,-0.0010372396,0.00046322803,0.00012363539,-0.00092216604,0.000652379,0.009564238,-0.00038791375,-6.0936713e-05,0.00022586211,0.00017688851,0.00028820016,5.9235783e-05,-4.5718276e-05,-4.7802063e-05,0.00016369941,-1.7780836e-05,-9.707587e-05,7.597474e-06,3.9294493e-05,-0.00015681656,1.807501e-05,-7.793197e-05,-5.040082e-05,9.796646e-06,-2.84726e-05,-1.7567747e-06,-1.1877275e-05,-6.4002525e-05,-9.414384e-06,3.7311936e-05,1.6587412e-05,-2.5800648e-05,8.240806e-06,9.68105e-06,-2.5190268e-06,-6.6316506e-06,-9.098752e-06,-8.165576e-06,-6.591929e-06,-1.7280305e-05,-1.4906076e-05,1.4481453e-05
14,0.000985445,0.0021666018,-0.0016626266,0.0021719672,-0.0006670635,-0.0008479516,0.00094896567,-0.00015738248,0.00022952902,3.0060048e-06,-0.00028483837,-0.0002450177,0.0005845185,-0.00038791375,0.0053468687,-0.00036089364,0.00027970364,9.366995e-05,2.3817174e-06,0.00021367728,0.000120392375,-0.0001104674,0.00017750938,-8.740889e-05,7.0134774e-05,-4.8780028e-05,8.363211e-06,-0.00030732068,-2.0760734e-05,-0.00022815954,2.8838549e-05,-4.608839e-05,-7.024983e-05,4.335329e-05,-9.208545e-05,-7.857137e-05,2.9240673e-05,6.354732e-05,4.3648877e-05,2.3504379e-05,-3.286754e-05,3.891813e-05,-2.3836586e-05,6.0523427e-05,-1.6787487e-06,-1.10515675e-05,-4.4929686e-05,1.9811e-05,-6.503267e-05,7.910219e-05
15,0.0029315702,-0.0009474742,-0.0013431945,0.002320968,0.0003746581,-0.0006641088,-0.0008585146,0.000397192,-9.453757e-05,-0.0002621688,-0.00014919043,-0.002363484,0.0014920253,-6.0936713e-05,-0.00036089364,0.0036118943,-0.00041716994,-0.00024134062,4.950277e-05,-1.8513689e-05,0.00032198543,-9.000738e-05,-0.0002153777,-0.00046569324,-1.3233355e-05,-2.1512058e-05,2.8342954e-05,-0.00012012503,0.00015378016,2.74954e-07,-4.5067245e-05,7.169094e-05,-0.00011637737,3.376251e-05,-6.654853e-05,7.9680385e-06,-2.7293494e-05,-5.4007243e-05,2.4258301e-05,9.0726535e-05,7.018586e-06,3.415298e-05,-5.586545e-05,3.7810452e-05,1.9457118e-05,-5.545224e-05,-5.4906377e-06,-4.033025e-06,-2.0430762e-05,9.227333e-06
16,-0.011781806,-0.0008781935,0.00044011883,-5.794911e-06,0.0001422744,-0.00042168843,6.8564856e-05,0.000116925745,-0.00045616055,-9.103287e-05,0.00021865885,-0.0007932398,0.00046433782,0.00022586211,0.00027970364,-0.00041716994,0.0034281148,7.033707e-05,-0.00025435584,-1.1748144e-05,0.00031882926,5.5321703e-05,-0.00026262377,-7.0544e-05,-0.00023811837,5.6516812e-05,-1.5370377e-05,0.00013140355,-5.9693823e-05,9.980011e-05,-3.9805484e-05,8.042503e-06,6.984956e-05,4.3084787e-05,-7.334638e-05,6.909616e-05,-7.235927e-05,-4.4102584e-05,-7.970234e-05,-7.0204105e-06,-2.640771e-05,2.8775772e-05,-2.146414e-05,3.8951553e-06,2.4268174e-05,-1.8274433e-05,1.5978292e-06,-1.038741e-05,-7.448555e-06,-2.375216e-05
17,-0.0043791123,-0.0007820256,0.0007955037,-0.0008440017,0.0006247924,0.000874836,0.0007085838,0.00011171115,-0.00010900034,3.914905e-06,-1.3202274e-05,-0.00036129454,-0.0006840842,0.00017688851,9.366995e-05,-0.00024134062,7.033707e-05,0.0016310056,0.00023933184,-9.626994e-05,1.7262879e-05,8.48862e-05,-4.2283755e-06,0.00014969762,0.00024464793,-1.2178105e-05,3.9077164e-05,0.00023106294,5.894853e-06,-3.2745258e-05,2.5601643e-05,3.4737604e-05,-4.6687623e-05,-1.1228623e-05,-1.3028043e-05,1.2356883e-05,2.253005e-06,-2.6045755e-05,3.349361e-05,9.461031e-05,-4.7907593e-05,3.3729528e-05,-2.046732e-05,3.3351957e-05,-1.860346e-05,3.1426353e-05,-1.0081019e-05,-1.9950135e-06,-2.2771994e-05,3.8464976e-05
18,0.0051995395,0.00060168863,0.0004417943,-0.0006116864,-0.0012914047,0.00017476369,0.0002325899,-0.00065568194,0.0002148721,0.0002731993,0.00015912944,0.0029595324,-0.0011141633,0.00028820016,2.3817174e-06,4.950277e-05,-0.00025435584,0.00023933184,0.001049727,0.000119313634,-8.801691e-05,8.910769e-05,-0.00020601825,-7.179458e-05,-9.957916e-05,-3.5219935e-05,0.00010838272,-4.6980706e-05,4.6006073e-05,-3.627083e-05,4.7560196e-05,-5.5740988e-05,8.329336e-05,1.6381387e-05,1.341628e-05,3.8639002e-05,-1.5262398e-05,1.4607556e-05,-3.068545e-05,2.8166418e-05,4.1578907e-05,-1.5340862e-05,-8.3154606e-05,5.9050097e-05,5.1740004e-05,-2.2799706e-05,3.4509416e-05,4.1763058e-05,8.742444e-06,4.8951115e-06
19,0.0020237812,0.0002270317,6.3600544e-07,0.0002465708,-0.0008497058,-0.00015624182,0.00032980094,-0.0005420082,4.4580673e-05,0.00025176018,0.00016842393,0.0016095045,-0.001123323,5.9235783e-05,0.00021367728,-1.8513689e-05,-1.1748144e-05,-9.626994e-05,0.000119313634,0.0016358662,6.229659e-05,-0.0004177228,-7.007284e-05,-1.9841033e-05,-3.712011e-05,-6.602837e-05,-6.742654e-05,3.6275647e-05,0.0001064947,8.0921e-05,-5.5497003e-05,0.00014018759,-8.61698e-06,-1.3298575e-05,1.2099295e-05,-2.146092e-05,1.07128235e-05,-5.135633e-05,4.5337e-05,-2.7221301e-06,-1.4514033e-05,3.4513478e-06,-1.6361075e-06,-2.8657883e-05,-2.40935e-05,-1.8190947e-05,-2.066409e-05,-3.107512e-05,-6.767994e-06,-1.0263047e-05
20,-0.00058500306,-0.0005755357,7.833639e-05,0.00022854129,-0.00038090837,-0.00053848187,3.6549412e-05,-0.00023586494,-8.0916754e-05,0.000119555785,0.00019830905,0.0008719553,-0.00037300476,-4.5718276e-05,0.000120392375,0.00032198543,0.00031882926,1.7262879e-05,-8.801691e-05,6.229659e-05,0.0015018047,0.00011488561,7.6577366e-05,8.65302e-05,1.789697e-05,-3.935292e-05,5.009317e-05,-1.7357397e-05,3.59252e-05,3.0615593e-05,-6.4924854e-05,-7.9430276e-05,-8.781435e-05,3.0741023e-05,5.0625626e-05,-4.342843e-05,-1.2562745e-05,-3.0039813e-05,-4.1993553e-06,-1.5243968e-05,3.9764192e-05,-4.683338e-05,-4.5309343e-06,8.704134e-06,-4.0487334e-06,1.1882178e-05,7.372687e-06,1.4018129e-05,3.8040262e-06,-2.4912379e-06
21,0.0007151227,-0.00039926922,6.281516e-05,0.0001869078,-0.0004101516,-0.00022232137,-5.1261595e-05,-0.00019869453,1.7985714e-05,0.00017639165,4.647205e-05,0.00084006286,-0.00056240766,-4.7802063e-05,-0.0001104674,-9.000738e-05,5.5321703e-05,8.48862e-05,8.910769e-05,-0.0004177228,0.00011488561,0.0011225352,9.281907e-06,-2.407297e-05,-7.657594e-05,-0.00011033483,-0.00012979085,-8.328441e-05,5.4969998e-05,5.1228613e-05,-1.1369917e-05,5.0847306e-05,-1.3089092e-05,-3.5987487e-06,2.214493e-05,-6.574814e-05,2.1773183e-05,1.8526145e-05,5.130817e-05,-6.266633e-08,-1.3861419e-05,4.0199287e-05,1.094776e-05,-2.4225941e-05,1.2356587e-05,-3.0149055e-05,-4.878675e-05,-1.1731641e-05,1.7451023e-06,-1.6641043e-05
22,0.0023392104,0.0012081764,-0.00051568856,0.000304977,-0.00034117204,-0.00020645655,-3.0028496e-05,2.7723578e-05,8.265754e-05,0.00010043867,-6.1022427e-05,0.00026722514,-2.355082e-05,0.00016369941,0.00017750938,-0.0002153777,-0.00026262377,-4.2283755e-06,-0.00020601825,-7.007284e-05,7.6577366e-05,9.281907e-06,0.0008886849,-0.00012698307,-5.1607e-05,2.465463e-05,-3.006014e-05,-1.2629278e-05,2.1394218e-05,3.9003513e-05,-2.6084303e-05,-2.0834992e-05,3.4304645e-05,-7.461813e-06,-6.899748e-05,2.0812637e-05,5.5829147e-05,-1.9131841e-05,7.7804816e-07,4.063354e-06,-4.2566207e-06,-3.3051296e-05,2.9377763e-05,4.6608642e-05,8.852474e-06,-3.9865126e-06,5.5037717e-06,-1.4720252e-05,-5.0218778e-06,-7.0920696e-06
23,-0.0020613912,0.00069586176,1.306123e-05,-0.00048259564,0.0004912623,0.0001965049,1.9248084e-05,0.00034059008,-0.00016632136,-0.00014195389,-6.268571e-05,-0.0004547835,0.00059543084,-1.7780836e-05,-8.740889e-05,-0.00046569324,-7.0544e-05,0.00014969762,-7.179458e-05,-1.9841033e-05,8.65302e-05,-2.407297e-05,-0.00012698307,0.00087385316,2.8716977e-05,-1.8928024e-05,7.890491e-05,-8.331832e-05,0.00010097008,-9.699148e-06,-3.4542878e-05,3.21432e-05,-3.6967096e-05,-6.319402e-06,2.4550176e-05,4.4843355e-06,2.6417267e-05,-9.15666e-06,4.8383627e-05,1.1742671e-05,5.1541347e-06,-3.0212163e-05,-3.772873e-08,2.414952e-05,1.1502472e-05,2.713401e-06,-3.9969254e-06,5.761098e-06,1.8811203e-05,-2.2519815e-05
24,-0.00033903233,0.0005569602,-0.0001773659,-0.000105319465,0.00032687018,0.00026211774,-7.9464546e-05,0.00022385485,-6.744219e-05,-0.00017473893,-1.1218572e-05,-0.000630999,0.000354952,-9.707587e-05,7.0134774e-05,-1.3233355e-05,-0.00023811837,0.00024464793,-9.957916e-05,-3.712011e-05,1.789697e-05,-7.657594e-05,-5.1607e-05,2.8716977e-05,0.00053602754,4.4567903e-05,-3.322906e-05,-1.3477847e-05,-2.4015862e-05,5.58224e-05,-3.4480556e-05,3.070539e-06,5.789913e-05,1.6346647e-05,-3.807807e-05,-6.949001e-05,-3.3786495e-05,-2.503327e-07,-2.5784171e-05,-1.8539085e-05,-9.86882e-06,4.837002e-07,-1.5514503e-05,-1.0364025e-05,-4.6724e-06,1.0196325e-05,5.4506227e-06,1.4351481e-05,1.6428717e-06,-7.717001e-06
25,0.00086680136,0.00061992195,0.00044463953,-0.0004727164,-0.00034978898,0.00013794444,4.9208695e-05,2.915708e-05,-1.9493997e-05,1.9182793e-05,-0.00012875086,0.0007542572,-0.00034687095,7.597474e-06,-4.8780028e-05,-2.1512058e-05,5.6516812e-05,-1.2178105e-05,-3.5219935e-05,-6.602837e-05,-3.935292e-05,-0.00011033483,2.465463e-05,-1.8928024e-05,4.4567903e-05,0.0007109838,1.6723508e-05,-8.3528375e-06,1.3158407e-05,1.9996694e-05,-5.8132164e-06,-3.329933e-05,-7.829018e-05,3.8248032e-05,-8.069661e-07,-8.837595e-06,2.8336258e-06,2.4825094e-06,1.7971835e-05,-1.4375341e-05,-8.527239e-06,9.992281e-06,8.939862e-06,-8.068109e-06,1.2139744e-05,-6.2750564e-06,-5.2050636e-06,8.611009e-06,7.126154e-06,-1.1325608e-06
26,-0.000613008,5.7699726e-05,6.6223874e-05,-0.00025242596,0.0002076317,0.0002490675,6.806471e-05,1.9928393e-05,-2.6210053e-05,-5.4163727e-05,8.551558e-05,-0.00019876749,-1.3013978e-06,3.9294493e-05,8.363211e-06,2.8342954e-05,-1.5370377e-05,3.9077164e-05,0.00010838272,-6.742654e-05,5.009317e-05,-0.00012979085,-3.006014e-05,7.890491e-05,-3.322906e-05,1.6723508e-05,0.00045551127,4.4771133e-07,-2.5219157e-05,1.5054581e-05,8.956382e-05,-7.5904727e-06,1.0189922e-06,7.110787e-06,-2.4228138e-05,-1.4698719e-05,-3.8398543e-06,-4.2312386e-05,-2.1124764e-05,8.174919e-06,3.7485013e-06,1.3641253e-05,-9.02595e-06,-2.7282811e-05,-1.5294561e-06,1.2642939e-06,-1.4310764e-06,2.161452e-05,-1.5779737e-05,-8.148214e-06
27,-0.00066608866,5.4744058e-05,-4.4088374e-05,-0.00023768753,5.834784e-06,-0.00012877947,-0.0002369371,0.00013969389,-0.00019775625,-8.6122396e-05,0.00011037693,-1.0731369e-05,0.00031165083,-0.00015681656,-0.00030732068,-0.00012012503,0.00013140355,0.00023106294,-4.6980706e-05,3.6275647e-05,-1.7357397e-05,-8.328441e-05,-1.2629278e-05,-8.331832e-05,-1.3477847e-05,-8.3528375e-06,4.4771133e-07,0.00046856367,3.6681355e-05,-4.589872e-05,-2.380244e-05,-7.279622e-06,-5.9534514e-06,-7.4416266e-06,-2.4645766e-05,-2.9206169e-05,2.6379652e-05,2.0168158e-05,1.0491802e-05,-1.924604e-05,1.6332073e-05,-5.8027285e-06,9.299243e-07,1.9919578e-05,2.0860268e-06,-2.6427757e-05,-1.1204365e-05,-6.7702877e-06,-1.0740463e-05,9.052115e-06
28,0.00080816355,-0.00033463753,6.2624686e-06,0.00021900621,0.00013324335,-1.2505446e-06,2.123209e-05,-5.349697e-06,9.595247e-06,-3.6679237e-05,1.2107677e-05,-0.00015081523,2.8206669e-05,1.807501e-05,-2.0760734e-05,0.00015378016,-5.9693823e-05,5.894853e-06,4.6006073e-05,0.0001064947,3.59252e-05,5.4969998e-05,2.1394218e-05,0.00010097008,-2.4015862e-05,1.3158407e-05,-2.5219157e-05,3.6681355e-05,0.00043090642,-1.0439452e-05,4.9477716e-05,-2.7442395e-05,1.2111417e-05,2.171364e-05,-3.6986712e-05,-3.8021744e-06,-1.4828833e-05,9.677102e-06,3.4361165e-06,-1.9251993e-06,-3.110737e-06,8.857862e-06,9.881579e-06,4.6279615e-06,-7.009282e-06,4.2509155e-06,-5.4244737e-07,3.2588966e-06,-8.068544e-06,2.531127e-06
29,0.00044561148,-8.1011116e-05,-7.6720535e-05,-4.047417e-05,6.9565445e-05,-0.00010240401,-7.9904974e-05,7.7122415e-05,4.14059e-06,-2.019039e-05,3.713538e-05,-9.535362e-05,8.523245e-05,-7.793197e-05,-0.00022815954,2.74954e-07,9.980011e-05,-3.2745258e-05,-3.627083e-05,8.0921e-05,3.0615593e-05,5.1228613e-05,3.9003513e-05,-9.699148e-06,5.58224e-05,1.9996694e-05,1.5054581e-05,-4.589872e-05,-1.0439452e-05,0.00037435078,3.573353e-05,2.0302958e-05,1.9541254e-05,-1.4776686e-05,-8.175255e-06,2.6196562e-07,1.1114437e-06,2.5284166e-05,1.8228518e-05,2.5938216e-06,7.3830793e-06,-1.960032e-06,-1.0649719e-05,1.9210209e-05,-1.0573656e-05,2.0538653e-06,1.0922454e-06,2.8163186e-06,-9.414482e-06,1.0624535e-05
30,0.000536707,0.000106389045,-9.0851565e-05,5.854951e-06,-7.794252e-05,4.370648e-05,-5.8890793e-05,-3.8226153e-06,5.2384778e-05,-3.5860226e-05,-1.9541621e-05,7.538904e-05,4.1173178e-05,-5.040082e-05,2.8838549e-05,-4.5067245e-05,-3.9805484e-05,2.5601643e-05,4.7560196e-05,-5.5497003e-05,-6.4924854e-05,-1.1369917e-05,-2.6084303e-05,-3.4542878e-05,-3.4480556e-05,-5.8132164e-06,8.956382e-05,-2.380244e-05,4.9477716e-05,3.573353e-05,0.00027309422,-2.4572753e-05,-4.6971745e-06,7.4602494e-06,1.7884386e-05,1.04607764e-07,-7.316584e-06,8.140472e-06,-1.4613845e-05,-3.115022e-05,-5.9817257e-06,-8.990949e-06,1.297117e-05,1.5627875e-05,5.457945e-07,-1.8461981e-06,-2.0106832e-05,-2.2335007e-05,3.3240678e-07,-1.7707223e-06
31,4.8062248e-06,-0.00015919944,0.0001211775,4.58743e-05,-8.353488e-05,-4.0605526e-05,-1.4752097e-05,-7.891012e-05,4.1178064e-05,2.1943673e-05,-8.108464e-06,9.383552e-05,2.592254e-05,9.796646e-06,-4.608839e-05,7.169094e-05,8.042503e-06,3.4737604e-05,-5.5740988e-05,0.00014018759,-7.9430276e-05,5.0847306e-05,-2.0834992e-05,3.21432e-05,3.070539e-06,-3.329933e-05,-7.5904727e-06,-7.279622e-06,-2.7442395e-05,2.0302958e-05,-2.4572753e-05,0.00022215275,-4.0857834e-05,2.0248306e-05,-1.9690786e-05,-1.2975621e-05,-6.712662e-06,2.0818625e-05,-1.2370139e-05,-1.8314282e-05,-5.896024e-06,8.25276e-06,1.4977742e-05,2.1054373e-05,1.696739e-05,8.16626e-06,-1.3578032e-05,2.1700002e-07,4.8149436e-06,-3.5428739e-06
32,0.00059334026,0.0003235565,-6.363975e-05,8.597576e-05,-8.180243e-05,-3.2592186e-05,-6.383256e-05,2.1951426e-05,2.3737066e-05,4.1029307e-05,2.1928256e-06,0.00015817172,2.3218334e-05,-2.84726e-05,-7.024983e-05,-0.00011637737,6.984956e-05,-4.6687623e-05,8.329336e-05,-8.61698e-06,-8.781435e-05,-1.3089092e-05,3.4304645e-05,-3.6967096e-05,5.789913e-05,-7.829018e-05,1.0189922e-06,-5.9534514e-06,1.2111417e-05,1.9541254e-05,-4.6971745e-06,-4.0857834e-05,0.00021139797,5.5206132e-05,-1.8844225e-05,-1.8716713e-05,-2.3641274e-05,-3.8303457e-05,1.6579263e-05,3.211491e-06,1.0982176e-05,-9.507521e-06,-4.8441616e-06,2.9794746e-06,3.0142155e-06,-8.399726e-06,-6.8932122e-06,2.2297016e-05,-6.1064625e-06,-5.778652e-06
33,-0.0007865966,-0.0001997445,1.6977516e-05,5.34922e-05,0.00010404718,1.3465739e-06,-9.034338e-05,4.779202e-05,-3.3357726e-05,-5.6945013e-05,-1.736854e-05,-0.00018582182,1.2267974e-05,-1.7567747e-06,4.335329e-05,3.376251e-05,4.3084787e-05,-1.1228623e-05,1.6381387e-05,-1.3298575e-05,3.0741023e-05,-3.5987487e-06,-7.461813e-06,-6.319402e-06,1.6346647e-05,3.8248032e-05,7.110787e-06,-7.4416266e-06,2.171364e-05,-1.4776686e-05,7.4602494e-06,2.0248306e-05,5.5206132e-05,0.00027590166,1.2710599e-05,3.885598e-06,2.5062502e-05,1.530446e-05,-8.363054e-07,-1.1262076e-05,-3.4587897e-06,-8.562372e-06,8.051089e-06,-1.6909155e-06,-5.9211357e-06,-6.77221e-07,-2.910067e-06,-1.4281025e-05,1.2026358e-05,-3.029568e-06
34,0.0003179098,9.195642e-05,5.206858e-05,-0.000135299,1.51279455e-05,1.23969185e-05,-3.0924435e-05,-3.0103172e-05,-8.698769e-06,-2.790125e-05,4.358441e-05,0.00010503092,-1.5711881e-05,-1.1877275e-05,-9.208545e-05,-6.654853e-05,-7.334638e-05,-1.3028043e-05,1.341628e-05,1.2099295e-05,5.0625626e-05,2.214493e-05,-6.899748e-05,2.4550176e-05,-3.807807e-05,-8.069661e-07,-2.4228138e-05,-2.4645766e-05,-3.6986712e-05,-8.175255e-06,1.7884386e-05,-1.9690786e-05,-1.8844225e-05,1.2710599e-05,0.00018518028,5.4799298e-06,1.3748353e-05,-3.7231252e-06,-5.5389e-06,-2.126232e-05,-1.4124787e-05,-1.1580132e-05,8.798211e-06,2.4064516e-06,-1.4766885e-05,-1.8841423e-05,5.256159e-06,5.112522e-06,-1.15115e-05,1.0564611e-05
35,-0.00020036192,0.00023491605,-8.035624e-05,7.289027e-05,4.8606926e-05,-2.6575683e-05,-2.2451048e-05,1.4542711e-05,2.0655325e-06,-4.2899774e-05,-1.2238586e-05,-0.00011246141,4.5109304e-05,-6.4002525e-05,-7.857137e-05,7.9680385e-06,6.909616e-05,1.2356883e-05,3.8639002e-05,-2.146092e-05,-4.342843e-05,-6.574814e-05,2.0812637e-05,4.4843355e-06,-6.949001e-05,-8.837595e-06,-1.4698719e-05,-2.9206169e-05,-3.8021744e-06,2.6196562e-07,1.04607764e-07,-1.2975621e-05,-1.8716713e-05,3.885598e-06,5.4799298e-06,0.00020902185,4.038548e-06,-4.6366395e-06,2.1266536e-05,4.280796e-06,-3.4360048e-06,-2.9217365e-06,1.3089989e-07,7.786905e-06,-7.892828e-06,6.0308985e-06,-7.863207e-06,2.7332082e-06,-7.3003196e-07,2.8948755e-06
36,0.00030597398,0.0001929711,-6.31494e-05,9.954255e-05,5.6861572e-05,-4.5419536e-05,1.2641947e-05,1.930492e-06,6.7281086e-05,-1.8188288e-05,-4.2369902e-05,-0.0001610165,7.4531796e-05,-9.414384e-06,2.9240673e-05,-2.7293494e-05,-7.235927e-05,2.253005e-06,-1.5262398e-05,1.07128235e-05,-1.2562745e-05,2.1773183e-05,5.5829147e-05,2.6417267e-05,-3.3786495e-05,2.8336258e-06,-3.8398543e-06,2.6379652e-05,-1.4828833e-05,1.1114437e-06,-7.316584e-06,-6.712662e-06,-2.3641274e-05,2.5062502e-05,1.3748353e-05,4.038548e-06,0.00017242262,-9.814346e-06,-1.0257019e-05,6.7797355e-06,2.2445096e-05,1.5690437e-05,-1.7037259e-05,-1.2665614e-06,-3.6013184e-06,-9.539512e-06,-7.474079e-06,5.4047396e-06,-5.1632383e-06,-6.8339214e-06
37,-9.0525045e-06,5.5817298e-05,6.587761e-05,-4.067167e-05,-2.2099726e-05,7.535658e-05,2.8207876e-05,-2.122103e-05,1.3790026e-05,2.9678745e-06,-6.395527e-05,2.6845682e-05,-7.1661816e-06,3.7311936e-05,6.354732e-05,-5.4007243e-05,-4.4102584e-05,-2.6045755e-05,1.4607556e-05,-5.135633e-05,-3.0039813e-05,1.8526145e-05,-1.9131841e-05,-9.15666e-06,-2.503327e-07,2.4825094e-06,-4.2312386e-05,2.0168158e-05,9.677102e-06,2.5284166e-05,8.140472e-06,2.0818625e-05,-3.8303457e-05,1.530446e-05,-3.7231252e-06,-4.6366395e-06,-9.814346e-06,0.0001720337,-1.5585932e-05,-3.1217533e-06,1.4250352e-06,-1.7331613e-05,-1.6685892e-05,-2.4721517e-06,-7.4455343e-06,4.4008875e-06,6.790774e-07,1.0005273e-05,-1.1832473e-05,-9.716254e-06
38,0.00022620836,0.00016925705,-7.5820906e-05,0.00020324535,3.3378754e-05,-2.1597047e-05,-1.980678e-05,-6.358303e-06,1.526319e-05,-3.879889e-05,-6.0957063e-05,-0.0001282538,7.154577e-05,1.6587412e-05,4.3648877e-05,2.4258301e-05,-7.970234e-05,3.349361e-05,-3.068545e-05,4.5337e-05,-4.1993553e-06,5.130817e-05,7.7804816e-07,4.8383627e-05,-2.5784171e-05,1.7971835e-05,-2.1124764e-05,1.0491802e-05,3.4361165e-06,1.8228518e-05,-1.4613845e-05,-1.2370139e-05,1.6579263e-05,-8.363054e-07,-5.5389e-06,2.1266536e-05,-1.0257019e-05,-1.5585932e-05,0.0001665883,-2.1035896e-05,-7.4906366e-06,1.9066375e-06,-5.3946183e-06,-9.001038e-06,1.7069253e-07,-5.410036e-06,1.9120978e-06,4.6778075e-07,-7.3540496e-06,3.883719e-06
39,0.00047565377,8.07687e-05,-4.761979e-05,9.674441e-06,-3.6436555e-05,4.0045692e-05,1.7050785e-05,-3.160434e-05,-2.729606e-06,-2.5516692e-05,3.7779741e-06,0.00013833141,-2.7544458e-05,-2.5800648e-05,2.3504379e-05,9.0726535e-05,-7.0204105e-06,9.461031e-05,2.8166418e-05,-2.7221301e-06,-1.5243968e-05,-6.266633e-08,4.063354e-06,1.1742671e-05,-1.8539085e-05,-1.4375341e-05,8.174919e-06,-1.924604e-05,-1.9251993e-06,2.5938216e-06,-3.115022e-05,-1.8314282e-05,3.211491e-06,-1.1262076e-05,-2.126232e-05,4.280796e-06,6.7797355e-06,-3.1217533e-06,-2.1035896e-05,0.00013528665,1.5092896e-06,-1.8624934e-05,1.8801089e-05,-9.585326e-06,-1.0694235e-05,-1.6775766e-06,-1.3029917e-05,2.6422163e-07,4.458757e-06,-9.323303e-06
40,0.00016175408,-4.549931e-06,1.3828367e-06,-1.2865437e-05,-7.70769e-06,9.91865e-06,-5.0608935e-07,6.556548e-06,3.4746631e-06,1.7608305e-05,1.9431716e-05,2.7414713e-05,-5.4802716e-05,8.240806e-06,-3.286754e-05,7.018586e-06,-2.640771e-05,-4.7907593e-05,4.1578907e-05,-1.4514033e-05,3.9764192e-05,-1.3861419e-05,-4.2566207e-06,5.1541347e-06,-9.86882e-06,-8.527239e-06,3.7485013e-06,1.6332073e-05,-3.110737e-06,7.3830793e-06,-5.9817257e-06,-5.896024e-06,1.0982176e-05,-3.4587897e-06,-1.4124787e-05,-3.4360048e-06,2.2445096e-05,1.4250352e-06,-7.4906366e-06,1.5092896e-06,0.00011653254,1.5765547e-06,-2.4405922e-06,2.0236034e-06,2.9649875e-06,7.455896e-06,2.8666875e-06,-5.858926e-06,2.9393264e-06,3.2075354e-06
41,0.00014567304,-6.0420913e-05,-2.7821685e-05,5.6381494e-05,-0.000105189836,-1.1352619e-05,1.05544605e-05,-1.3118061e-05,2.6038411e-05,6.745836e-06,-2.6671732e-05,0.000114641094,-1.270427e-06,9.68105e-06,3.891813e-05,3.415298e-05,2.8775772e-05,3.3729528e-05,-1.5340862e-05,3.4513478e-06,-4.683338e-05,4.0199287e-05,-3.3051296e-05,-3.0212163e-05,4.837002e-07,9.992281e-06,1.3641253e-05,-5.8027285e-06,8.857862e-06,-1.960032e-06,-8.990949e-06,8.25276e-06,-9.507521e-06,-8.562372e-06,-1.1580132e-05,-2.9217365e-06,1.5690437e-05,-1.7331613e-05,1.9066375e-06,-1.8624934e-05,1.5765547e-06,0.00012374793,7.3455058e-06,8.724148e-06,-1.4833884e-05,4.855602e-06,-6.090771e-06,1.0897242e-05,6.6896077e-06,-3.494606e-06
42,0.00013611061,0.0001728659,3.932775e-05,-8.5190404e-05,-2.3399767e-05,-1.779796e-05,-3.400156e-05,4.4906814e-05,2.4886236e-05,4.976755e-06,-4.9665214e-06,1.0458134e-06,7.85249e-06,-2.5190268e-06,-2.3836586e-05,-5.586545e-05,-2.146414e-05,-2.046732e-05,-8.3154606e-05,-1.6361075e-06,-4.5309343e-06,1.094776e-05,2.9377763e-05,-3.772873e-08,-1.5514503e-05,8.939862e-06,-9.02595e-06,9.299243e-07,9.881579e-06,-1.0649719e-05,1.297117e-05,1.4977742e-05,-4.8441616e-06,8.051089e-06,8.798211e-06,1.3089989e-07,-1.7037259e-05,-1.6685892e-05,-5.3946183e-06,1.8801089e-05,-2.4405922e-06,7.3455058e-06,0.00012333719,1.3998026e-06,8.016089e-06,-1.3383976e-06,1.0967036e-05,3.1472487e-06,-8.415442e-06,-5.220168e-06
43,1.5598576e-05,-8.713608e-05,-3.0223076e-05,-2.5258938e-05,2.541775e-05,2.6443904e-05,4.4042645e-05,-1.6527301e-05,1.3341778e-05,1.2948178e-05,7.785876e-06,-2.098684e-05,-3.315242e-05,-6.6316506e-06,6.0523427e-05,3.7810452e-05,3.8951553e-06,3.3351957e-05,5.9050097e-05,-2.8657883e-05,8.704134e-06,-2.4225941e-05,4.6608642e-05,2.414952e-05,-1.0364025e-05,-8.068109e-06,-2.7282811e-05,1.9919578e-05,4.6279615e-06,1.9210209e-05,1.5627875e-05,2.1054373e-05,2.9794746e-06,-1.6909155e-06,2.4064516e-06,7.786905e-06,-1.2665614e-06,-2.4721517e-06,-9.001038e-06,-9.585326e-06,2.0236034e-06,8.724148e-06,1.3998026e-06,0.00010844126,4.0641335e-06,-4.4327026e-06,8.541889e-06,2.6349503e-06,4.359585e-06,-2.91473e-06
44,-0.000156975,-2.7642445e-05,5.9129336e-05,2.3051809e-05,4.848104e-06,-8.800291e-06,5.6626204e-06,-1.813034e-05,1.8255764e-06,1.1527568e-05,9.222636e-06,-1.4185782e-05,-3.505512e-05,-9.098752e-06,-1.6787487e-06,1.9457118e-05,2.4268174e-05,-1.860346e-05,5.1740004e-05,-2.40935e-05,-4.0487334e-06,1.2356587e-05,8.852474e-06,1.1502472e-05,-4.6724e-06,1.2139744e-05,-1.5294561e-06,2.0860268e-06,-7.009282e-06,-1.0573656e-05,5.457945e-07,1.696739e-05,3.0142155e-06,-5.9211357e-06,-1.4766885e-05,-7.892828e-06,-3.6013184e-06,-7.4455343e-06,1.7069253e-07,-1.0694235e-05,2.9649875e-06,-1.4833884e-05,8.016089e-06,4.0641335e-06,9.4307485e-05,-5.1440584e-06,-3.1610994e-06,2.3311843e-06,-8.1941926e-07,1.0144089e-05
45,3.8951854e-05,0.00024329429,9.167938e-06,-0.00012785521,-2.1875665e-05,4.431857e-05,1.5475493e-05,4.923654e-07,2.1891633e-06,5.6652643e-06,-6.631043e-06,8.469232e-05,-1.5531206e-05,-8.165576e-06,-1.10515675e-05,-5.545224e-05,-1.8274433e-05,3.1426353e-05,-2.2799706e-05,-1.8190947e-05,1.1882178e-05,-3.0149055e-05,-3.9865126e-06,2.713401e-06,1.0196325e-05,-6.2750564e-06,1.2642939e-06,-2.6427757e-05,4.2509155e-06,2.0538653e-06,-1.8461981e-06,8.16626e-06,-8.399726e-06,-6.77221e-07,-1.8841423e-05,6.0308985e-06,-9.539512e-06,4.4008875e-06,-5.410036e-06,-1.6775766e-06,7.455896e-06,4.855602e-06,-1.3383976e-06,-4.4327026e-06,-5.1440584e-06,8.543823e-05,5.225713e-06,-9.048934e-06,1.4313243e-06,4.1552507e-06
46,1.1610108e-05,3.0324274e-05,2.9159626e-05,-7.511661e-05,4.552928e-05,1.0140466e-05,-1.1449076e-05,1.191746e-05,-2.4379087e-05,-4.1816352e-07,1.2228984e-05,7.4773407e-06,-1.1576812e-05,-6.591929e-06,-4.4929686e-05,-5.4906377e-06,1.5978292e-06,-1.0081019e-05,3.4509416e-05,-2.066409e-05,7.372687e-06,-4.878675e-05,5.5037717e-06,-3.9969254e-06,5.4506227e-06,-5.2050636e-06,-1.4310764e-06,-1.1204365e-05,-5.4244737e-07,1.0922454e-06,-2.0106832e-05,-1.3578032e-05,-6.8932122e-06,-2.910067e-06,5.256159e-06,-7.863207e-06,-7.474079e-06,6.790774e-07,1.9120978e-06,-1.3029917e-05,2.8666875e-06,-6.090771e-06,1.0967036e-05,8.541889e-06,-3.1610994e-06,5.225713e-06,8.15123e-05,5.2932583e-06,-3.354758e-06,-5.9289437e-07
47,0.000101095524,-5.976329e-05,-4.987079e-05,-8.4674675e-06,7.667755e-05,1.4557936e-05,5.2616684e-05,1.8122839e-05,-2.7913033e-05,-1.6635378e-05,1.9499419e-05,-2.97146e-05,-1.4270021e-05,-1.7280305e-05,1.9811e-05,-4.033025e-06,-1.038741e-05,-1.9950135e-06,4.1763058e-05,-3.107512e-05,1.4018129e-05,-1.1731641e-05,-1.4720252e-05,5.761098e-06,1.4351481e-05,8.611009e-06,2.161452e-05,-6.7702877e-06,3.2588966e-06,2.8163186e-06,-2.2335007e-05,2.1700002e-07,2.2297016e-05,-1.4281025e-05,5.112522e-06,2.7332082e-06,5.4047396e-06,1.0005273e-05,4.6778075e-07,2.6422163e-07,-5.858926e-06,1.0897242e-05,3.1472487e-06,2.6349503e-06,2.3311843e-06,-9.048934e-06,5.2932583e-06,7.868343e-05,1.784482e-07,-1.5830333e-06
48,0.00010527658,8.172104e-05,2.307872e-05,-3.4070283e-05,1.217586e-05,-1.0510815e-05,-2.7394186e-05,8.900825e-06,2.4951878e-06,2.2933411e-05,-2.0631085e-06,3.1534335e-05,-7.3932424e-06,-1.4906076e-05,-6.503267e-05,-2.0430762e-05,-7.448555e-06,-2.2771994e-05,8.742444e-06,-6.767994e-06,3.8040262e-06,1.7451023e-06,-5.0218778e-06,1.8811203e-05,1.6428717e-06,7.126154e-06,-1.5779737e-05,-1.0740463e-05,-8.068544e-06,-9.414482e-06,3.3240678e-07,4.8149436e-06,-6.1064625e-06,1.2026358e-05,-1.15115e-05,-7.3003196e-07,-5.1632383e-06,-1.1832473e-05,-7.3540496e-06,4.458757e-06,2.9393264e-06,6.6896077e-06,-8.415442e-06,4.359585e-06,-8.1941926e-07,1.4313243e-06,-3.354758e-06,1.784482e-07,8.373187e-05,5.569089e-06
49,-2.104447e-05,1.7900093e-05,-6.804323e-05,4.80879e-05,2.7728851e-05,2.3991313e-05,5.185597e-05,-9.665406e-06,1.1419627e-05,-1.5896112e-05,-3.767808e-05,-6.151383e-05,4.7362282e-05,1.4481453e-05,7.910219e-05,9.227333e-06,-2.375216e-05,3.8464976e-05,4.8951115e-06,-1.0263047e-05,-2.4912379e-06,-1.6641043e-05,-7.0920696e-06,-2.2519815e-05,-7.717001e-06,-1.1325608e-06,-8.148214e-06,9.052115e-06,2.531127e-06,1.0624535e-05,-1.7707223e-06,-3.5428739e-06,-5.778652e-06,-3.029568e-06,1.0564611e-05,2.8948755e-06,-6.8339214e-06,-9.716254e-06,3.883719e-06,-9.323303e-06,3.2075354e-06,-3.494606e-06,-5.220168e-06,-2.91473e-06,1.0144089e-05,4.1552507e-06,-5.9289437e-07,-1.5830333e-06,5.569089e-06,6.4650005e-05
