,0,1,2,3,4,5,6,7,8,9,10,11,12,13,14,15,16,17,18,19,20,21,22,23,24,25,26,27,28,29,30,31,32,33,34,35,36,37,38,39,40,41,42,43,44,45,46,47,48,49,50,51,52,53,54,55,56,57,58,59,60,61,62,63,64,65,66,67,68,69,70,71,72,73,74,75,76,77,78,79,80,81
0,48.773563,26.008736,42.986153,12.311583,9.699287,-12.20657,17.18715,-9.594228,0.5657142,4.085206,7.8321333,-6.257962,4.7722664,-10.436234,-4.6264462,-2.206057,-2.3689675,0.83515894,-2.0139759,-0.77830344,1.0137498,-1.2788292,-2.534646,-1.1113437,0.35763422,0.25067508,-0.46478283,1.3056192,-0.3092034,1.6051266,-1.2716506,-1.033282,-1.2216495,1.2202322,0.576293,-0.1660414,-0.36770105,0.88926804,0.84532887,-0.06316545,0.27026844,0.15105456,0.64192283,0.31704032,-0.49901333,-0.49958986,0.17708032,0.03373657,0.5354681,0.17280817,0.39545643,0.028687764,-0.14585635,0.13993901,0.24081945,0.06377554,-0.029856792,-0.14501005,0.08120372,-0.25184453,-0.24889,-0.21158592,-0.33192068,0.049669676,0.27329725,-0.12018156,-0.21528667,0.084765404,-0.25439095,0.07644962,-0.07419737,0.036840264,-0.29247254,0.23627418,0.08859958,0.13732277,0.025277143,-0.15805365,-0.06225057,-0.18540394,-0.034758274,0.0012148425
1,26.008736,37.532974,22.376186,9.332945,-12.899019,-9.772905,8.13641,-16.937004,-3.2832093,6.088236,2.93548,-3.5147872,3.6147246,1.6530762,0.9752171,-0.5107846,0.7992505,-2.065041,-0.7543322,0.17776476,2.448889,-1.25539,-2.9733152,-1.3580112,0.9576117,-0.45235085,0.63745785,-0.14257625,-0.92010975,0.5681186,-0.6105187,0.937834,-0.6916606,2.4641795,-0.22639298,0.5767754,-0.46985754,-0.106748685,1.7547287,-0.17489171,0.47885647,0.33202824,-0.27099723,-0.37768123,0.7039016,-0.37084046,0.87890375,1.1519136,0.64306295,-0.23804128,0.6415631,0.41718525,0.39871585,0.4308793,-0.4979755,0.40784073,-0.076553896,-0.12630579,0.5892947,-0.3364188,-0.5877354,-0.41607273,-0.705998,-0.22193381,0.4660306,0.10466401,0.017403986,-0.69586563,0.110057995,0.6295831,-0.34934038,-0.2592386,0.46270967,-0.14767163,0.12243725,-0.23086135,0.31431165,-0.04638438,0.0051431335,0.18369487,-0.18248558,-0.14288989
2,42.986153,22.376186,90.22888,-5.766623,25.50962,-9.189869,10.391451,7.157007,3.4037175,-2.4001722,1.5071306,1.543525,7.99828,-1.794277,3.4987075,-0.8899058,2.6193118,-1.4283699,-0.76005703,-0.1493581,1.4376009,-1.6168857,-2.7623014,-2.373577,-0.1033549,0.2600147,-0.82409155,0.51147854,-1.0923913,0.98341817,0.10812803,0.71258175,0.089801796,0.46542346,-1.2374563,-0.083425656,-0.6277207,-0.34530517,1.7417958,-0.62995446,-0.4472758,-0.07714126,0.24221945,-0.8126625,1.1014056,0.00493983,-0.4891464,0.13602242,0.48416704,-0.44662395,0.8078322,-0.3786953,0.6419313,-0.017775835,-0.14431009,0.69172156,-0.22465459,0.23667353,0.09267773,-0.056625776,-0.3806085,0.036673285,0.2992822,-0.2699262,0.09378803,-0.14073312,-0.17329648,-0.32783973,-0.09585263,0.36255372,0.44446182,-0.2089394,0.47134584,-0.1625424,0.23706076,-0.294313,0.1946972,-0.08854653,-0.06587896,0.34558067,0.058325883,-0.084971994
3,12.311583,9.332945,-5.766623,34.211296,-14.195919,-6.497665,9.827489,-4.8942146,3.7229295,-3.4903374,2.2227554,-5.166054,2.3043218,-2.4062886,-2.5754504,-5.297163,-2.5181026,0.4694206,-0.630398,-0.51425296,-0.4218818,1.3922465,-0.62170243,0.3184167,-0.24489576,-2.2510726,1.0040828,0.79255974,-0.124735445,2.3918047,0.51535356,-1.3544014,0.09589112,0.2981292,-1.864636,-0.17353581,0.8164059,-0.14489049,-0.77457356,0.4279334,-0.9450909,-0.5314177,-1.1094577,-0.2557264,0.106354855,1.1489439,0.1859154,-1.4403337,0.06114661,0.66152894,-0.30036047,-1.0169325,1.0611941,0.307153,0.27793837,-0.11693316,-0.091690004,0.17634262,0.21830285,0.15383413,0.11332659,0.30509272,1.0434588,0.061635904,-0.5100863,-0.44527686,-0.3420093,0.3878165,0.11553672,0.08104737,0.11148035,0.24870062,0.003962497,-0.15820426,-0.01957338,-0.08396596,-0.096576534,-0.123572394,-0.3211965,0.18156305,-0.20193616,0.17920166
4,9.699287,-12.899019,25.50962,-14.195919,34.48333,3.6080828,5.6366525,4.838788,4.3176246,-1.2219371,-0.7384819,-1.1067536,-3.0311546,-2.3237393,-0.11434285,-1.2462821,-0.63145095,1.2574642,-0.6697598,-2.071193,-2.0659146,0.46048284,0.7501164,1.1738129,-0.84502745,1.2865293,-1.7183797,-1.0739808,0.058560446,-0.48627144,-0.29846483,-0.32388467,-0.58237815,-1.7755902,0.5572038,-0.5293555,0.044910602,0.011940371,-1.8241961,0.5473592,0.05115614,-0.7160441,-0.060963344,0.18815242,-1.291585,-0.36116055,-0.32563686,0.2109775,-0.46538544,0.36051834,-0.27857035,-0.19577633,-0.44366592,-0.4838876,0.6312533,-0.8199006,0.044127222,-0.5265075,-0.10900515,-0.19831659,0.18794145,0.24197897,-0.16599095,-0.2815152,-0.08212702,0.30433935,-0.020765986,0.41445842,-0.034653507,-0.48091292,-0.049119987,-0.2849457,-0.526351,-0.09414497,0.15905535,-0.038458683,0.15658191,0.0815852,0.14065698,-0.16716164,0.15964253,-0.08802228
5,-12.20657,-9.772905,-9.189869,-6.497665,3.6080828,24.990656,4.0876255,5.4059772,-2.1778727,-2.0273352,-1.1119477,4.0139933,-0.37838483,-0.05239335,4.335086,-1.7658784,1.7567512,0.8233386,1.3004392,-0.34789026,2.150128,0.48284394,-0.07270272,3.27288,-1.0579083,1.1092556,2.2665696,-0.5049815,-0.49718744,0.9711673,0.9774406,0.6077776,-1.4601756,-0.35283172,-0.11804837,-0.1597549,-0.59917307,0.111150876,0.7421718,0.31044245,0.29571694,0.55175257,0.13401376,0.92754954,-0.56503725,0.33822137,0.34751016,-1.0148053,0.60160476,-0.37938315,0.021037241,-0.19888313,0.319897,0.86712134,-0.09019978,-0.034528542,0.060836423,0.1191915,0.49512187,-0.122170344,0.31995586,0.20409127,-1.147455,-0.22082156,-0.11424803,-0.18211171,-0.17693156,0.26735306,0.0013207593,0.48569304,-0.62516415,0.17358243,-0.11171915,-0.23589665,0.014290751,0.5952157,0.23921514,0.3597002,0.20085242,0.060582705,-0.085341446,0.059664086
6,17.18715,8.13641,10.391451,9.827489,5.6366525,4.0876255,23.905962,-6.1689396,-0.9234929,-0.6384928,3.2404451,0.12109403,-0.018261569,2.5970964,-0.5948761,-4.7494707,-2.8883758,-2.8446622,1.1225142,-1.8905058,0.21986099,-0.9491473,0.39648104,1.5479112,-0.6730624,-0.59161544,0.71847034,0.35417527,0.7845515,0.16753253,0.29111704,-0.1547949,0.14490877,-0.20682825,0.4436931,-0.47559983,-0.33381924,-0.09034707,0.34780103,0.49377298,-0.254413,0.51184744,0.1828576,0.87177503,-0.34524006,-1.0526347,0.2298781,-0.51781446,0.036408894,0.29699516,0.28931373,-0.15841104,0.10475365,-0.044515826,0.30558145,-0.11656973,-0.043162435,0.18107155,-0.4368642,-0.0029832986,0.0123553,0.3730199,-0.25654334,0.22975242,0.31193483,-0.019347932,-0.08854625,0.46647733,0.09418904,0.06049633,-0.98531395,0.2735793,-0.5929991,0.23316702,-0.5762259,0.46943212,-0.0356091,0.04771203,0.05168933,-0.012906647,-0.21226974,0.25603855
7,-9.594228,-16.937004,7.157007,-4.8942146,4.838788,5.4059772,-6.1689396,20.736862,3.3408346,-5.181958,1.4021919,6.27452,-0.5186148,-1.4154277,-1.1353679,0.11534067,-0.2973822,0.72760415,-0.27427262,1.936498,-1.1871111,1.7338036,0.14426103,-0.6820317,-1.5350883,-0.75733435,-0.35835746,0.6781712,-0.16180994,0.6090615,0.032270353,-0.53885084,-0.060077418,-0.7878622,-1.4427435,-0.10542169,-0.4578056,-0.4833235,1.0842326,-0.44169968,-0.3401639,0.36275196,0.19287923,0.083652,0.7402439,0.41229624,-0.53553236,-0.5567272,0.19261765,0.18239965,-0.02536098,-0.252937,0.07450907,0.26069474,-0.38574886,0.5259994,0.11214763,0.30086744,-0.014953228,0.05098141,0.4426039,0.12349659,0.75457096,0.2618038,-0.0555247,-0.30362213,-0.021667799,0.081341326,-0.14498794,0.11659703,0.11410293,0.20015438,0.222545,0.0071251234,-0.090701684,0.19149238,-0.2816845,-0.07761641,0.05743271,-0.017811032,0.02894207,0.2599243
8,0.5657142,-3.2832093,3.4037175,3.7229295,4.3176246,-2.1778727,-0.9234929,3.3408346,10.103469,2.925767,2.3260355,-0.14409365,-0.7136766,0.7130881,-2.5489767,-0.8071562,-1.9817961,0.018364161,-1.2244663,0.549579,0.15627675,-0.3835749,-0.4986077,0.20257023,-0.5545148,-0.8509122,-0.58010864,-0.7995937,-0.47469902,-0.9615589,-0.7791009,0.6942384,-0.19484246,-1.0604405,-0.262451,-0.30858797,0.37265778,-1.4580998,-1.0790823,-0.059016295,-0.6734537,-0.44127086,-1.0077994,-0.60854965,-0.20753899,0.53417826,-0.08241876,-0.63868505,-0.451968,-0.018463379,-0.58642185,-0.13741109,-0.08483481,0.36847326,0.24047634,0.051494583,-0.021368131,0.32105756,-0.24352062,-0.26021087,0.47417063,-0.026382204,0.17548971,-0.031515144,-0.68466485,-0.004231787,-0.00049742963,0.4373737,0.23809633,0.08731651,0.14511436,-0.32109356,0.19232796,-0.43030816,0.05423026,-0.26657724,0.12476273,0.12586084,-0.18316726,-0.16096166,-0.04258956,0.21529967
9,4.085206,6.088236,-2.4001722,-3.4903374,-1.2219371,-2.0273352,-0.6384928,-5.181958,2.925767,17.42601,-0.0020101587,-0.7897101,0.117141366,-1.4008255,-0.73105145,-0.010518631,0.45414937,-2.151504,-1.9669316,0.94817746,1.9652121,1.3126373,-0.40050277,0.19897798,0.30176276,0.38022643,-0.6772057,-0.35906616,-0.47107035,0.3287837,-2.0314627,0.77382815,-0.48445284,-0.6642413,-0.55751246,-0.45980877,-0.6030524,-0.72504264,-0.050393745,1.0549207,1.0446719,1.5783244,0.5311624,0.5663444,0.55667233,0.20639142,-0.77952814,0.1803171,-0.52354276,-0.2025197,-0.13796338,0.60604644,-0.6193142,-0.33939844,0.025374703,0.30441386,-0.23049521,-0.06428458,-0.6121885,-0.38813263,-0.046846516,-0.50383663,-0.42977676,0.05900614,0.07113348,0.11714874,0.54711545,-0.005742054,0.27088523,0.143048,-0.36275026,0.021978267,0.15296558,-0.23146544,0.26525676,-0.07619983,0.14894822,0.15535972,-0.22290245,-0.21126094,0.16185199,0.4236339
10,7.8321333,2.93548,1.5071306,2.2227554,-0.7384819,-1.1119477,3.2404451,1.4021919,2.3260355,-0.0020101587,15.701701,-1.1340773,-3.6876569,-1.4129914,-1.4713988,1.5040421,-1.1669257,3.4917684,-2.0187743,1.7624788,-0.14655483,-0.2372252,-2.2557468,-0.72374797,-0.015776083,-0.13381171,-0.32316697,0.86457026,0.7566986,-0.12969796,0.15994945,-0.15938857,1.3298924,-0.9158619,1.2006308,0.46871278,-0.5569736,-0.4356218,0.21343416,0.45407027,-0.18512917,0.41732603,-0.35284647,0.47068763,-0.52044094,0.13453881,0.558887,-0.5303446,0.61281025,-0.305171,-0.06252569,0.32287318,-0.32450086,-0.19922873,-1.0420237,0.28733706,0.16750239,0.22517389,-0.21112092,-0.3155731,0.18254143,-0.23349328,0.017055584,0.07378552,0.21656816,0.09287441,-0.1658291,0.3918342,-0.026423946,-0.070877194,-0.052787088,0.14378473,-0.1459599,0.058471024,-0.15185712,0.022989329,-0.08579236,0.2853598,0.12958217,-0.071432725,-0.15486768,-0.0887228
11,-6.257962,-3.5147872,1.543525,-5.166054,-1.1067536,4.0139933,0.12109403,6.27452,-0.14409365,-0.7897101,-1.1340773,10.791873,-1.0810294,0.8699626,-0.23604038,-0.8954694,-0.41632733,-0.96523166,-0.7231743,-0.2590305,2.057994,0.4505701,-1.1075203,-0.9634075,-0.12439315,-0.034717694,0.48630267,0.5223144,1.1228662,-1.3521168,0.8848354,0.04084464,0.6009016,1.1790838,0.02925092,0.68170595,1.3909044,-0.08188318,0.884712,0.22971426,-0.1943891,0.3511557,0.16414897,0.5200671,0.68181884,-0.48519784,-0.3580495,0.24779955,0.2169073,0.26560926,0.30134338,0.44333827,0.44436044,0.2129977,0.3748811,0.049726926,0.15676504,0.098786175,0.013852642,-0.1352986,-0.3658927,-0.25323933,-0.2963116,0.11782302,0.21655893,-0.073523,0.09678067,-0.34742647,0.109383,0.3154648,-0.2389315,0.157529,0.058110643,-0.050214767,-0.36088124,-0.08942998,0.13874964,-0.23547153,-0.014700742,0.0041785184,-0.1968655,0.38624996
12,4.7722664,3.6147246,7.99828,2.3043218,-3.0311546,-0.37838483,-0.018261569,-0.5186148,-0.7136766,0.117141366,-3.6876569,-1.0810294,14.066177,-0.76347154,2.7809684,1.3177639,0.66068983,0.28281096,0.13623899,0.32120326,-0.14389311,-0.67742115,-0.42278057,2.2417755,-0.3163762,-0.6331837,0.1151933,-0.64595366,0.8014473,0.35255498,1.1851618,0.097242445,-0.31955287,0.4416865,0.43697813,-0.14551324,0.7641585,-0.47159448,-0.062177874,0.12315315,0.4817624,-0.059682664,0.2762751,0.26988125,-0.6661826,-0.23196667,0.03159053,-0.18644682,-0.49868244,-0.32054824,-0.73744893,0.120917395,0.029196804,0.60522205,0.01567782,-0.1877613,-0.33544153,0.08444147,-0.29212493,-0.11694306,0.28500003,-0.029251648,-0.06024846,0.17225456,-0.20617077,-0.24150771,0.013870703,-0.016619496,-0.20208815,0.24266008,0.35601848,0.29058892,0.17285007,0.08820291,-0.211087,0.4547574,-0.2687539,0.018893983,-0.042062253,-0.3278543,0.027555797,0.21084279
13,-10.436234,1.6530762,-1.794277,-2.4062886,-2.3237393,-0.05239335,2.5970964,-1.4154277,0.7130881,-1.4008255,-1.4129914,0.8699626,-0.76347154,16.09887,2.5026007,0.10816459,0.5983927,-1.7424715,-0.37959445,-0.16688955,-0.27541524,-0.90913403,-0.008874773,1.4563164,-0.85605866,-1.0665743,-0.85081065,0.07983674,-0.10614284,-0.25549635,0.7279825,0.3586163,0.8352412,-0.89817077,0.10582103,0.33357468,-0.91894567,-1.9583668,0.5325775,-0.21833655,-0.33225238,-0.2146784,-0.7375468,-0.4195041,0.022041008,-0.25093365,-0.22848773,0.06557295,-0.50331116,-0.034822185,-0.23614076,-0.28855798,-0.37515855,-0.34227225,0.07112245,-0.098450705,0.11581223,-0.1332275,0.07763362,0.36854458,0.15751863,0.12671995,0.12712719,-0.14576489,0.38500094,-0.12016334,0.40817136,-0.089768484,0.21180697,0.21548963,-0.2180404,-0.27413702,0.0834191,0.0022779086,-0.35654745,-0.17354238,-0.15744528,0.06279539,0.032531686,0.099451736,0.01335779,-0.19374977
14,-4.6264462,0.9752171,3.4987075,-2.5754504,-0.11434285,4.335086,-0.5948761,-1.1353679,-2.5489767,-0.73105145,-1.4713988,-0.23604038,2.7809684,2.5026007,13.186186,0.6289048,1.0928159,0.81162345,0.4423126,0.41215846,0.23315689,-0.28324446,-0.6363331,0.11899501,1.3829875,-0.09097506,0.6394379,0.4236439,-0.060449637,-0.74193555,-0.5265925,-0.32163468,0.42966345,-0.5879726,-0.43211204,-0.15053539,0.35050815,0.1858897,0.011960211,0.78209263,-0.53803974,0.3210795,-0.36435378,0.73751915,0.05664731,0.6312418,0.63711727,0.09755151,0.08282778,-0.06792824,-0.046474576,0.052779846,0.04563351,-0.39508444,-0.45365933,-0.09238516,0.1411701,-0.45196575,-0.37137347,-0.18443161,-0.43410695,0.51331675,0.10569958,0.13691908,-0.20440206,0.13516921,0.20623629,0.2699018,0.2862342,-0.10975321,0.020755708,0.1740209,-0.25918895,-0.2539863,0.21720803,-0.35213828,-0.24997161,-0.06707467,0.06873754,-0.038246028,0.010684831,0.03964378
15,-2.206057,-0.5107846,-0.8899058,-5.297163,-1.2462821,-1.7658784,-4.7494707,0.11534067,-0.8071562,-0.010518631,1.5040421,-0.8954694,1.3177639,0.10816459,0.6289048,8.2233925,-1.444499,1.575567,1.1868954,0.51836216,-0.6381055,-1.1263528,-1.6074519,0.70580524,-1.1778576,0.8996031,0.6344343,-0.2689153,0.48105615,0.008315305,-0.048535496,0.23440604,0.2960015,0.6297559,0.5283312,-0.7687299,-1.1046214,0.33974522,-0.1724928,0.15691252,0.39907905,0.6111298,0.04870591,-0.652382,-0.77658945,-0.45420298,-0.2589493,0.023904836,-0.29747474,-0.09813862,-0.07592133,-0.45529845,-0.07824582,0.08340278,-0.1038191,0.38806695,-0.13869739,0.076272205,-0.28565663,-0.3076366,-0.43388435,0.12119049,0.13015893,-0.050271377,0.031550445,0.018391017,-0.032448392,0.054362282,0.15487108,0.30633807,0.15296394,0.15352206,-0.030396327,0.08301154,0.0079368325,-0.1215593,0.04341398,0.25763825,-0.012056314,-0.0008525952,0.049912974,-0.15197179
16,-2.3689675,0.7992505,2.6193118,-2.5181026,-0.63145095,1.7567512,-2.8883758,-0.2973822,-1.9817961,0.45414937,-1.1669257,-0.41632733,0.66068983,0.5983927,1.0928159,-1.444499,8.293913,-0.95900404,-0.9354622,-0.6750801,-0.8900808,0.32615137,0.05709825,-0.18378073,0.09694985,0.71320736,0.6763857,0.21840173,-0.30097878,0.7188417,0.47130832,0.45869222,0.33122724,-0.4758229,-0.2245976,-0.37330508,0.08550061,-0.16482149,-0.1947657,-0.3690838,-0.21332932,-0.13709925,0.4173349,0.11144833,0.449948,0.26842755,0.29740632,-0.8439636,0.4881779,-0.56424034,0.06989015,0.61927897,-0.2874778,-0.28916717,0.33442837,-0.16996792,-0.30033588,0.40296167,0.26134616,-0.06338536,0.33648166,-0.40612656,-0.24033944,-0.4411028,-0.016217873,-0.05455091,-0.23790601,0.10177742,-0.09767705,-0.11690605,0.07682989,0.22898823,0.45189723,-0.24129918,0.06734014,-0.20969602,0.20728816,0.14533871,-0.30529955,0.02811728,0.008018796,-0.0644754
17,0.83515894,-2.065041,-1.4283699,0.4694206,1.2574642,0.8233386,-2.8446622,0.72760415,0.018364161,-2.151504,3.4917684,-0.96523166,0.28281096,-1.7424715,0.81162345,1.575567,-0.95900404,12.848274,0.6846957,-1.1744143,-0.34531862,-2.0598116,-0.88616633,0.39132655,0.4119505,-0.71077985,-0.10418865,-0.10415736,0.23128963,0.4106657,0.022480488,-0.3922205,-0.6198091,0.093370914,0.042845458,-0.0628443,0.18341804,-0.3141447,0.5234493,0.5841551,0.38208503,0.15122816,-0.46559674,0.051940627,0.53357756,-0.5217409,0.18784222,-0.14952542,-0.0848562,0.27257678,-0.40704566,-0.05140574,0.51808167,-0.14227778,0.2759764,-0.32652777,-0.084986694,0.059750915,0.055098444,0.23425224,-0.12056053,-0.08398269,-0.24670896,-0.09824033,0.17785358,0.09150888,0.027167112,-0.15494928,-0.13186377,-0.00034017395,-0.006047478,-0.04827268,-0.014703125,-0.010411525,0.042707272,-0.15250474,-0.06438792,-0.08945854,-0.26753715,0.04397187,0.038033176,-0.06403425
18,-2.0139759,-0.7543322,-0.76005703,-0.630398,-0.6697598,1.3004392,1.1225142,-0.27427262,-1.2244663,-1.9669316,-2.0187743,-0.7231743,0.13623899,-0.37959445,0.4423126,1.1868954,-0.9354622,0.6846957,7.371805,0.29605165,-1.3462873,-0.8453473,-0.10446727,-0.15046242,1.0481958,-0.8500937,0.14936082,-1.4569929,-0.10679706,0.3994342,-0.4677155,0.35193187,-0.17420365,-0.15552449,-0.28092086,-0.24439347,-0.6486821,0.01498887,0.29639548,-0.017030984,-0.31210765,-0.03885425,-0.1464526,0.0051205913,0.07901779,-0.25452656,0.021019291,-0.5138091,-0.14900234,-0.4229227,0.29545552,0.26234525,0.35879377,0.03144535,-0.13183609,0.55789566,-0.10460907,0.33570904,-0.02656782,0.31189156,0.14167655,0.030199911,-0.094549686,0.37948793,-0.22225395,3.004173e-05,0.058920667,-0.13583034,-0.073977605,-0.025226278,-0.019370057,-0.26302615,0.009631302,0.026485987,-0.0438731,-0.30650204,0.4640633,-0.07021105,0.07539637,0.2303683,-0.038965642,0.11944595
19,-0.77830344,0.17776476,-0.1493581,-0.51425296,-2.071193,-0.34789026,-1.8905058,1.936498,0.549579,0.94817746,1.7624788,-0.2590305,0.32120326,-0.16688955,0.41215846,0.51836216,-0.6750801,-1.1744143,0.29605165,9.832534,0.6772947,-0.44223833,0.48045665,-0.5603971,0.2825433,0.25129056,-0.23353823,-0.17176326,-0.39403516,1.2999294,0.11169866,0.30700046,0.1632928,-0.6925936,-0.44096607,0.12983386,0.43721318,0.13501397,0.11856957,0.3731953,-0.20521887,-0.22352232,-0.42625937,0.16083212,-0.02143749,-0.13079782,-0.10923483,-0.21128255,0.27749664,-0.10300307,0.30940312,-0.33442765,-0.17970595,0.17854986,0.6711341,-0.11858875,-0.4805174,-0.116437815,-0.16245073,-0.68419904,-0.17437747,0.19404736,-0.058145855,0.22935522,-0.028996434,-0.015679756,-0.06424072,0.1974374,0.26603135,0.042665243,0.15934546,-0.32472038,0.13853493,0.057420924,-0.3090107,0.09122191,-0.009204169,-0.26578656,0.07293392,-0.14815459,-0.015053339,0.13916184
20,1.0137498,2.448889,1.4376009,-0.4218818,-2.0659146,2.150128,0.21986099,-1.1871111,0.15627675,1.9652121,-0.14655483,2.057994,-0.14389311,-0.27541524,0.23315689,-0.6381055,-0.8900808,-0.34531862,-1.3462873,0.6772947,7.4827995,-0.20514956,-0.050191592,-0.317042,-0.06606256,0.49965882,1.2990683,0.26236612,-0.27000758,-0.11957276,0.8044371,0.34040654,0.028603073,0.22877723,1.1144826,0.14688098,0.41406414,0.27805078,0.31774783,-0.17234072,-0.24325016,0.21201745,-0.49950045,-0.2265229,0.37441266,-0.10909167,0.07995474,-0.39022678,0.18086463,-0.17012961,-0.17702839,-0.12242442,0.15698028,0.047779724,0.14960146,-0.049998514,0.19736394,-0.008365238,-0.13336487,0.14492252,0.42032373,0.06386276,0.18801299,0.19658253,0.1695452,-0.3680145,-0.21964508,-0.040132843,-0.41829237,0.036742702,0.19393954,0.02043252,0.021382628,0.13158274,0.22758184,-0.17493808,0.08911714,-0.027972402,-0.076204024,0.20773815,0.21898217,-0.024840666
21,-1.2788292,-1.25539,-1.6168857,1.3922465,0.46048284,0.48284394,-0.9491473,1.7338036,-0.3835749,1.3126373,-0.2372252,0.4505701,-0.67742115,-0.90913403,-0.28324446,-1.1263528,0.32615137,-2.0598116,-0.8453473,-0.44223833,-0.20514956,9.305763,-1.2291887,0.5502765,-1.0097821,-0.4963102,-0.7066397,0.19498071,0.14086017,0.914297,-0.25031298,-0.2894435,-0.31758487,0.3397655,-0.26888362,-0.13249402,0.004150664,-0.102250434,0.017377056,0.45297104,-0.15852287,0.07042879,0.08817477,0.3261689,-0.16494828,-0.62475145,0.46352184,-0.084482886,-0.34573668,0.26840496,-0.4387805,0.1221932,0.41484392,-0.3258849,-0.2900834,0.054208197,0.109196186,-0.024645437,-0.102290645,0.059407502,-0.34062803,0.20564185,-0.050977193,0.09611218,-0.11421305,0.16266704,-0.16843602,0.039581522,0.02124041,-0.15054217,0.2373926,-0.13046613,-0.1044714,-0.018738056,0.06959644,-0.09762888,0.025752503,0.040513426,-0.02306118,-0.014127256,-0.026525382,-0.044651233
22,-2.534646,-2.9733152,-2.7623014,-0.62170243,0.7501164,-0.07270272,0.39648104,0.14426103,-0.4986077,-0.40050277,-2.2557468,-1.1075203,-0.42278057,-0.008874773,-0.6363331,-1.6074519,0.05709825,-0.88616633,-0.10446727,0.48045665,-0.050191592,-1.2291887,5.5771213,-0.8875195,0.48154372,-0.7706307,-0.09438209,-0.6597724,-0.34966087,-0.2006687,0.44140494,0.1954199,0.4895293,-0.34713686,0.17619523,-0.48304567,-0.26690298,-0.08397137,0.5014522,-0.13824221,-0.38259754,0.17185688,0.13945839,-0.0421941,-0.11346604,-0.30473465,-0.017071037,0.27473968,0.1961452,0.1152603,0.38689268,-0.23543327,0.34064546,-0.39774,-0.15118292,0.01199935,-0.12830481,0.06967153,-0.22441977,-0.25908038,0.017550483,-0.109356,0.2358615,-0.33255732,0.17787653,0.19986266,-0.23193713,0.27045107,-0.02655584,0.015476456,0.07887411,0.12583138,-0.13925695,0.06397539,0.01064291,0.14916196,-0.10780054,0.19922721,-0.13058642,-0.11478457,0.17688522,0.007289057
23,-1.1113437,-1.3580112,-2.373577,0.3184167,1.1738129,3.27288,1.5479112,-0.6820317,0.20257023,0.19897798,-0.72374797,-0.9634075,2.2417755,1.4563164,0.11899501,0.70580524,-0.18378073,0.39132655,-0.15046242,-0.5603971,-0.317042,0.5502765,-0.8875195,6.7105727,-0.5545542,-0.6520781,-0.94019496,0.11455013,0.11200437,0.24497423,0.030784328,0.077105105,0.0012519322,-0.043129038,0.022871468,-0.48684466,0.28351754,0.45061547,-0.1061389,0.032330256,0.38620993,-0.29890907,0.35486835,-0.4024828,0.14953749,-0.19795327,-0.56270075,-0.029133756,0.6282113,0.5051925,0.41253817,-0.08857429,-0.40987834,0.07549264,-0.19659506,0.04879339,-0.2287561,0.12706137,0.023077643,-0.20404354,0.026365351,-0.033248994,0.23560801,-0.05009515,-0.088172704,0.0022656298,-0.2634105,0.07915468,-0.05575434,-0.04461102,0.13582394,-0.10657506,-0.124604374,-0.14349715,-0.08808854,-0.01834163,0.13767534,-0.10280594,-0.0831633,0.07095326,0.19860856,0.03250036
24,0.35763422,0.9576117,-0.1033549,-0.24489576,-0.84502745,-1.0579083,-0.6730624,-1.5350883,-0.5545148,0.30176276,-0.015776083,-0.12439315,-0.3163762,-0.85605866,1.3829875,-1.1778576,0.09694985,0.4119505,1.0481958,0.2825433,-0.06606256,-1.0097821,0.48154372,-0.5545542,4.140435,0.6196259,-0.17811424,0.5381659,0.2056477,-0.4379025,-0.31922945,0.08745148,-0.036537886,-0.35372192,-0.6183853,0.0143611105,-0.23528832,0.28216517,-0.18174355,0.039365742,-0.3423121,-0.85760677,0.17099866,0.7932887,0.06958104,0.5368246,-0.3853143,0.18274434,0.20216642,0.21784055,-0.054186843,0.3176967,0.14866024,-0.09490919,-0.18459085,0.013625316,0.006707905,-0.19108656,-0.033491462,0.23956768,-0.21298589,-0.10765225,0.039572485,0.008532051,-0.13299665,0.12529485,-0.08700376,0.028569823,0.08478828,-0.022363821,0.124053255,0.05103395,-0.006646229,0.0039962353,-0.1750812,-0.0635883,0.24062882,-0.019432284,0.04935298,-0.0042657633,0.014305539,0.014212184
25,0.25067508,-0.45235085,0.2600147,-2.2510726,1.2865293,1.1092556,-0.59161544,-0.75733435,-0.8509122,0.38022643,-0.13381171,-0.034717694,-0.6331837,-1.0665743,-0.09097506,0.8996031,0.71320736,-0.71077985,-0.8500937,0.25129056,0.49965882,-0.4963102,-0.7706307,-0.6520781,0.6196259,4.832131,-0.08790706,0.13473463,-1.0134926,0.21842755,-0.10269445,0.78841615,0.70416355,0.45223176,-0.2583145,-0.37725097,0.14129949,-0.01986206,-0.76929456,0.17897296,0.58269566,0.1812875,0.12563886,-0.3185863,-0.3572544,0.28152895,0.17655121,-0.2826389,-0.2187697,0.41605064,-0.06251438,0.005699538,-0.13707912,0.20996995,-0.24493779,0.16880392,0.030177228,-0.22908948,0.022669047,0.3401039,0.087240204,0.15292977,-0.18675783,0.18412921,-0.09335008,-0.043558758,-0.29522777,-0.09126416,0.13452877,0.045806237,-0.076628044,0.026072353,-0.1280137,-0.017278962,-0.32310206,0.06860897,-0.1951738,-0.14469185,-0.016295517,0.047195047,-0.01943461,-0.1250311
26,-0.46478283,0.63745785,-0.82409155,1.0040828,-1.7183797,2.2665696,0.71847034,-0.35835746,-0.58010864,-0.6772057,-0.32316697,0.48630267,0.1151933,-0.85081065,0.6394379,0.6344343,0.6763857,-0.10418865,0.14936082,-0.23353823,1.2990683,-0.7066397,-0.09438209,-0.94019496,-0.17811424,-0.08790706,3.6008143,0.46700126,0.18150482,-0.14158894,0.1847712,0.5413549,-0.58150446,0.6409397,-0.5550297,0.2189169,-0.3172354,0.22694215,-0.12025799,0.08939408,-0.06122163,0.14954835,0.16282076,-0.23466596,-0.17949417,-0.13796043,-0.18817699,-0.458186,0.34465295,-0.25616074,-0.14255667,-0.1503588,-0.029573604,-0.25299037,0.012489354,-0.2822439,-0.20673554,0.1413795,-0.27158228,-0.30284208,-0.12705049,-0.092865616,0.1716821,0.078602314,-0.26921883,-0.020501103,-0.22731231,0.022750523,-0.19743821,0.06608823,-0.16905376,-0.029485334,-0.04378054,-0.1697996,-0.0052164705,0.10962097,-0.173834,0.104177564,-0.0782996,0.03625474,-0.0015766136,0.017829902
27,1.3056192,-0.14257625,0.51147854,0.79255974,-1.0739808,-0.5049815,0.35417527,0.6781712,-0.7995937,-0.35906616,0.86457026,0.5223144,-0.64595366,0.07983674,0.4236439,-0.2689153,0.21840173,-0.10415736,-1.4569929,-0.17176326,0.26236612,0.19498071,-0.6597724,0.11455013,0.5381659,0.13473463,0.46700126,4.410769,0.033554673,-0.3980863,0.149892,-0.008416835,0.29063755,-0.3529207,0.3131418,-0.52589315,0.12915945,0.7888278,0.7720198,0.011358989,-0.07702738,0.027713194,-0.18985888,-0.009812465,-0.1316482,0.14938676,-0.44351304,0.24091162,0.039341435,-0.04693895,-0.09463297,-0.2847676,-0.22131878,-0.28497404,0.4569764,0.16534376,-0.27596048,-0.09763414,0.31717038,0.3089332,-0.10883376,-0.09035492,-0.10449737,0.12812778,-0.32931763,0.04091123,0.16040993,-0.023134913,0.13385534,-0.29214117,0.026284065,-0.21150082,-0.08994742,0.027554393,0.043482162,0.07861218,0.044329837,0.12937073,0.12208066,-0.16488457,0.1548157,0.106774315
28,-0.3092034,-0.92010975,-1.0923913,-0.124735445,0.058560446,-0.49718744,0.7845515,-0.16180994,-0.47469902,-0.47107035,0.7566986,1.1228662,0.8014473,-0.10614284,-0.060449637,0.48105615,-0.30097878,0.23128963,-0.10679706,-0.39403516,-0.27000758,0.14086017,-0.34966087,0.11200437,0.2056477,-1.0134926,0.18150482,0.033554673,4.9209113,1.3422918,0.16420648,-0.13491806,0.65307206,-0.1206931,0.28902078,-0.31641805,0.57224977,0.23453793,-0.33647174,-0.3214801,0.1030029,-0.13662404,0.100629166,-0.12513123,0.38334036,0.3829863,-0.1458126,0.09574355,-0.16786039,-0.29229948,0.07395165,0.13460171,-0.028236907,-0.0836268,0.31490478,-9.912744e-05,0.24788615,-0.3535636,-0.09920032,-0.105164185,-0.12034176,-0.035155386,-0.19870695,0.1418536,-0.034209076,0.19005641,0.041717783,0.045887683,-0.15787996,-0.12533092,-0.09984109,0.17603937,0.12863892,-0.051014118,-0.20841704,0.13479091,-0.010494642,-0.069905505,0.041750606,-0.030483238,0.09439431,0.022230942
29,1.6051266,0.5681186,0.98341817,2.3918047,-0.48627144,0.9711673,0.16753253,0.6090615,-0.9615589,0.3287837,-0.12969796,-1.3521168,0.35255498,-0.25549635,-0.74193555,0.008315305,0.7188417,0.4106657,0.3994342,1.2999294,-0.11957276,0.914297,-0.2006687,0.24497423,-0.4379025,0.21842755,-0.14158894,-0.3980863,1.3422918,4.698208,0.28239638,0.13955396,0.0531804,-0.35200778,-0.56621444,0.05707077,-0.27866745,-0.08341095,0.33183086,-0.12151644,-0.20143397,0.39117056,0.35530734,0.024883281,-0.14730504,0.3102523,-0.04348664,0.16149276,0.47757143,0.03512176,-0.3390617,-0.11804122,-0.010807948,-0.07394939,0.098289445,0.1546973,-0.019970208,-0.028564721,0.16226983,0.08274022,0.16438973,0.07245518,-0.11402768,-0.1974562,0.10405084,0.12172746,0.116811015,-0.1573031,0.07832262,0.24880943,0.12193367,-0.006538828,0.027969263,-0.087995395,0.06021861,-0.18597537,-0.115385175,-0.039910145,0.09287827,0.06739419,0.010262003,-0.20197779
30,-1.2716506,-0.6105187,0.10812803,0.51535356,-0.29846483,0.9774406,0.29111704,0.032270353,-0.7791009,-2.0314627,0.15994945,0.8848354,1.1851618,0.7279825,-0.5265925,-0.048535496,0.47130832,0.022480488,-0.4677155,0.11169866,0.8044371,-0.25031298,0.44140494,0.030784328,-0.31922945,-0.10269445,0.1847712,0.149892,0.16420648,0.28239638,4.2896757,0.26824224,0.3072864,-0.08937788,0.20032422,0.618364,0.094462804,0.089530215,-0.65301186,0.34270525,-0.016877852,-0.35011983,0.025355702,-0.046578303,-0.5433167,0.16303398,0.42518196,0.3098849,-0.3645892,0.19635868,0.23015077,-0.055995084,0.34325802,0.077486046,0.10738248,0.21356505,-0.13458881,0.11513973,-0.30117503,-0.0655033,0.120689444,-0.13347954,-0.046189975,0.024577335,0.0699006,0.011979606,-0.07514737,-0.1505802,-0.017139662,0.06012738,0.062248625,-0.12624101,-0.06343757,-0.03743317,0.28802264,0.009922197,0.29763824,0.04067067,0.088915706,-0.11145478,-0.12513638,-0.11764802
31,-1.033282,0.937834,0.71258175,-1.3544014,-0.32388467,0.6077776,-0.1547949,-0.53885084,0.6942384,0.77382815,-0.15938857,0.04084464,0.097242445,0.3586163,-0.32163468,0.23440604,0.45869222,-0.3922205,0.35193187,0.30700046,0.34040654,-0.2894435,0.1954199,0.077105105,0.08745148,0.78841615,0.5413549,-0.008416835,-0.13491806,0.13955396,0.26824224,4.382116,-0.07146344,-0.23193118,-0.0831518,-0.272528,0.05603104,-0.14238524,-0.011844192,0.1598139,0.15528569,0.10029883,0.16097292,-0.6137303,0.15489273,-0.13407333,0.4670555,0.24909824,0.4203517,-0.016292278,-0.5408331,0.02910083,0.1545703,0.0023711065,0.00011990743,-0.028141908,0.05093798,0.17688937,0.42959318,-0.016966587,-0.011287895,0.12111165,0.066899024,0.14389208,0.056958996,0.2882804,0.20082253,0.06765927,-0.122889474,-0.26191205,0.26424682,0.046662718,0.037103288,0.020146277,-0.1718016,0.03676969,-0.039648198,0.05144812,-0.12529927,-0.030505063,-0.24564555,-0.07684411
32,-1.2216495,-0.6916606,0.089801796,0.09589112,-0.58237815,-1.4601756,0.14490877,-0.060077418,-0.19484246,-0.48445284,1.3298924,0.6009016,-0.31955287,0.8352412,0.42966345,0.2960015,0.33122724,-0.6198091,-0.17420365,0.1632928,0.028603073,-0.31758487,0.4895293,0.0012519322,-0.036537886,0.70416355,-0.58150446,0.29063755,0.65307206,0.0531804,0.3072864,-0.07146344,4.418051,-0.33191937,0.023265224,-0.19065437,-0.016614426,0.38335365,-0.004723208,-0.006727143,0.3150919,0.07984059,0.06205663,0.01364089,-0.22675121,-0.37748247,-0.33355087,-0.27325267,0.35716927,-0.07988824,-0.14691566,0.14000723,0.4856919,0.30638283,-0.1595925,0.05008159,-0.17216542,-0.23351645,-0.23825961,0.28072804,-0.096645676,-0.059001844,0.19641213,0.0895783,0.15708753,-0.105391875,-0.16500047,0.10321903,0.07762,-0.12547523,0.11175984,-0.20290461,-0.0051654372,-0.034058522,0.09155059,-0.18947905,-0.06411304,0.00894686,-0.11404939,0.023128998,-0.054733984,0.037851334
33,1.2202322,2.4641795,0.46542346,0.2981292,-1.7755902,-0.35283172,-0.20682825,-0.7878622,-1.0604405,-0.6642413,-0.9158619,1.1790838,0.4416865,-0.89817077,-0.5879726,0.6297559,-0.4758229,0.093370914,-0.15552449,-0.6925936,0.22877723,0.3397655,-0.34713686,-0.043129038,-0.35372192,0.45223176,0.6409397,-0.3529207,-0.1206931,-0.35200778,-0.08937788,-0.23193118,-0.33191937,3.1903143,-0.45017964,0.34158263,-0.02692629,0.09229094,0.14685789,-0.002394663,-0.30624235,-0.058430932,0.07175867,0.10163921,-0.34524238,-0.554224,-0.48285675,-0.21982546,0.034895837,0.05783228,0.3549194,-0.06555647,-0.19658497,0.15472087,-0.040945753,0.20441674,0.07320276,-0.11540988,0.113539934,0.0058817347,0.16074677,0.14219625,-0.055007037,0.06648414,0.29951757,0.19037625,0.016396394,-0.1720339,-0.06191627,-0.10076058,0.08982058,-0.094646916,-0.08249386,-0.22284475,-0.21338548,-0.13031994,-0.059579413,-0.04409167,0.14824544,-0.12599085,0.11812058,0.00047016097
34,0.576293,-0.22639298,-1.2374563,-1.864636,0.5572038,-0.11804837,0.4436931,-1.4427435,-0.262451,-0.55751246,1.2006308,0.02925092,0.43697813,0.10582103,-0.43211204,0.5283312,-0.2245976,0.042845458,-0.28092086,-0.44096607,1.1144826,-0.26888362,0.17619523,0.022871468,-0.6183853,-0.2583145,-0.5550297,0.3131418,0.28902078,-0.56621444,0.20032422,-0.0831518,0.023265224,-0.45017964,3.4536502,0.084248975,0.02737053,-0.19738366,-0.21406999,-0.09187032,-0.67434394,0.08971259,0.2776733,0.16467565,0.063997135,0.056047555,-0.099802,-0.19282958,0.30343062,-0.0980903,-0.34585404,0.012132751,-0.06777693,-0.037226267,0.025670506,0.038617007,-0.032471523,0.11649946,0.28809232,-0.19202009,0.07843043,0.18925954,-0.20803311,0.13886559,-0.07623567,0.1160685,-0.085440725,-0.22690192,0.023667734,0.012314297,-0.053815976,0.09540978,0.00029172597,-0.068678446,0.11430821,0.059527844,-0.091060504,-0.049774177,0.04069252,-0.05782982,0.018033098,0.007889172
35,-0.1660414,0.5767754,-0.083425656,-0.17353581,-0.5293555,-0.1597549,-0.47559983,-0.10542169,-0.30858797,-0.45980877,0.46871278,0.68170595,-0.14551324,0.33357468,-0.15053539,-0.7687299,-0.37330508,-0.0628443,-0.24439347,0.12983386,0.14688098,-0.13249402,-0.48304567,-0.48684466,0.0143611105,-0.37725097,0.2189169,-0.52589315,-0.31641805,0.05707077,0.618364,-0.272528,-0.19065437,0.34158263,0.084248975,3.4146264,0.08274516,-0.50267017,0.12570295,0.020204052,0.47458145,-0.09818706,0.5465067,0.10537392,0.21880305,0.10899368,-0.12767762,-0.105705954,0.063492805,-0.1550268,0.035921317,-0.0029656468,-0.091113836,-0.11055611,0.08274433,-0.15725878,-0.07332443,-0.29437518,0.071450934,0.3045413,-0.22972494,0.2430188,-0.09867615,-0.07235372,-0.11748743,0.05289678,-0.10021571,0.049458362,0.034010552,0.058999132,0.15726438,0.067589276,-0.13121709,-0.06351114,0.14898792,-0.15179917,-0.024330202,-0.0007865733,0.05144331,-0.11708203,0.084063694,-0.16655329
36,-0.36770105,-0.46985754,-0.6277207,0.8164059,0.044910602,-0.59917307,-0.33381924,-0.4578056,0.37265778,-0.6030524,-0.5569736,1.3909044,0.7641585,-0.91894567,0.35050815,-1.1046214,0.08550061,0.18341804,-0.6486821,0.43721318,0.41406414,0.004150664,-0.26690298,0.28351754,-0.23528832,0.14129949,-0.3172354,0.12915945,0.57224977,-0.27866745,0.094462804,0.05603104,-0.016614426,-0.02692629,0.02737053,0.08274516,3.2188826,0.08324338,0.19030185,0.15606286,0.09723626,0.14485395,-0.67860866,-0.26257184,-0.17313686,-0.11269662,0.24800222,0.11785237,-0.12763846,-0.30548665,0.19255528,-0.11143065,-0.3448468,-0.13902424,-0.31841075,-0.07315646,-0.032454677,0.101956144,0.13192096,-0.062302236,-0.17058715,0.1448802,0.17080799,-0.044469588,-0.24395967,0.086596504,0.09066823,-0.049584314,0.008352855,-0.019571653,-0.029477688,-0.09613824,0.071658686,0.114742555,0.006155306,-0.09431304,0.06569307,0.012722423,-0.12142739,0.05057651,-0.049863547,-0.068885684
37,0.88926804,-0.106748685,-0.34530517,-0.14489049,0.011940371,0.111150876,-0.09034707,-0.4833235,-1.4580998,-0.72504264,-0.4356218,-0.08188318,-0.47159448,-1.9583668,0.1858897,0.33974522,-0.16482149,-0.3141447,0.01498887,0.13501397,0.27805078,-0.102250434,-0.08397137,0.45061547,0.28216517,-0.01986206,0.22694215,0.7888278,0.23453793,-0.08341095,0.089530215,-0.14238524,0.38335365,0.09229094,-0.19738366,-0.50267017,0.08324338,2.765373,0.16263852,0.20593674,-0.046181694,-0.61333704,0.070076875,0.20210326,0.2823633,-0.0059147975,0.023214225,0.30189562,-0.08374186,-0.04507663,0.009555441,0.01328317,-0.24432634,0.139224,0.0150501765,0.056268997,0.13563916,0.17565235,-0.07714806,0.01861547,0.14841107,0.20244893,-0.009212808,-0.28029454,0.25585455,-0.13163209,-0.1673115,-0.055290848,0.21625465,0.07990853,0.039652497,-0.013863832,0.09902708,0.03295529,0.08641924,0.023179544,-0.10271752,0.09779723,-0.08197893,-0.0080171265,-0.03599806,-0.005891294
38,0.84532887,1.7547287,1.7417958,-0.77457356,-1.8241961,0.7421718,0.34780103,1.0842326,-1.0790823,-0.050393745,0.21343416,0.884712,-0.062177874,0.5325775,0.011960211,-0.1724928,-0.1947657,0.5234493,0.29639548,0.11856957,0.31774783,0.017377056,0.5014522,-0.1061389,-0.18174355,-0.76929456,-0.12025799,0.7720198,-0.33647174,0.33183086,-0.65301186,-0.011844192,-0.004723208,0.14685789,-0.21406999,0.12570295,0.19030185,0.16263852,3.2599857,-0.50562865,0.00015562121,0.077884,0.17433673,-0.30219585,-0.34227917,0.17610127,0.151309,-0.036991138,-0.22783527,-0.02968011,-0.27172828,-0.14554736,0.094817206,-0.1304197,-0.23003334,0.051927477,-0.05853802,-0.0885168,-0.012999719,-0.057029,-0.048969336,-0.21063682,-0.06716162,-0.039694108,0.13417758,0.126538,-0.11099379,-0.096156545,0.1189617,0.024507057,-0.14521652,0.050903924,-0.045267455,0.039210692,-0.14693993,-0.07752852,0.005001365,-0.026363306,-0.08642487,-0.07921018,0.014523337,-0.14489257
39,-0.06316545,-0.17489171,-0.62995446,0.4279334,0.5473592,0.31044245,0.49377298,-0.44169968,-0.059016295,1.0549207,0.45407027,0.22971426,0.12315315,-0.21833655,0.78209263,0.15691252,-0.3690838,0.5841551,-0.017030984,0.3731953,-0.17234072,0.45297104,-0.13824221,0.032330256,0.039365742,0.17897296,0.08939408,0.011358989,-0.3214801,-0.12151644,0.34270525,0.1598139,-0.006727143,-0.002394663,-0.09187032,0.020204052,0.15606286,0.20593674,-0.50562865,3.0315928,-0.69461286,0.44475755,0.2839448,-0.30502713,-0.053704992,-0.14229849,-0.34576994,0.055827588,-0.13138774,-0.15065718,0.035430484,-0.13484618,0.42399627,-0.201019,-0.20731896,-0.16091485,0.0684525,-0.009809909,0.2589906,0.117550224,0.0735041,-0.20659932,-0.014932707,-0.20997286,0.16277188,0.043755278,-0.025066335,0.0953231,0.103435904,0.0061466214,-0.16848421,-0.055329382,0.1269029,-0.02159053,-0.12449926,0.02648341,0.08657734,-0.15753898,0.016906962,-0.014777102,0.118097216,-0.052225716
40,0.27026844,0.47885647,-0.4472758,-0.9450909,0.05115614,0.29571694,-0.254413,-0.3401639,-0.6734537,1.0446719,-0.18512917,-0.1943891,0.4817624,-0.33225238,-0.53803974,0.39907905,-0.21332932,0.38208503,-0.31210765,-0.20521887,-0.24325016,-0.15852287,-0.38259754,0.38620993,-0.3423121,0.58269566,-0.06122163,-0.07702738,0.1030029,-0.20143397,-0.016877852,0.15528569,0.3150919,-0.30624235,-0.67434394,0.47458145,0.09723626,-0.046181694,0.00015562121,-0.69461286,2.8655846,-0.06793193,-0.27977687,0.1431737,-0.033232838,-0.20571554,0.15914597,0.114070244,0.19753215,-0.33929777,0.044339523,-0.1018036,0.06797995,-0.43447298,0.18096545,0.06565194,0.06172325,-0.2055811,0.031108169,0.018423788,0.058039755,-0.047732614,0.15170065,-0.07212351,0.033627316,-0.0078251995,-0.07990834,-0.051560313,-0.021283515,-0.012836859,-0.24049163,0.064544454,-0.07045862,0.0659644,0.00059734535,0.15609547,0.12181321,-0.06773655,0.012837189,0.019464323,-0.066940054,0.106309414
41,0.15105456,0.33202824,-0.07714126,-0.5314177,-0.7160441,0.55175257,0.51184744,0.36275196,-0.44127086,1.5783244,0.41732603,0.3511557,-0.059682664,-0.2146784,0.3210795,0.6111298,-0.13709925,0.15122816,-0.03885425,-0.22352232,0.21201745,0.07042879,0.17185688,-0.29890907,-0.85760677,0.1812875,0.14954835,0.027713194,-0.13662404,0.39117056,-0.35011983,0.10029883,0.07984059,-0.058430932,0.08971259,-0.09818706,0.14485395,-0.61333704,0.077884,0.44475755,-0.06793193,2.186573,-0.13524121,0.3203567,0.16519487,0.05624206,-0.03113914,0.24767421,-0.059649266,-0.09207745,0.29038686,-0.21150413,-0.02554138,0.17440428,0.00842835,-0.110222846,-0.056661077,0.15913847,-0.19082147,0.05572266,-0.088146016,0.017352153,0.19022465,0.022633877,0.17315471,-0.070069596,0.037286863,-0.065711126,-0.1061547,-0.0077759633,-0.0141949,0.10040644,-0.060784742,-0.09945399,-0.09252116,-0.12198004,0.003817434,0.12807648,0.05235312,0.07847351,0.00175195,0.02584232
