,0,1,2,3,4,5,6,7,8,9,10,11,12,13,14,15,16,17,18,19,20,21,22,23,24,25,26,27,28,29,30,31,32,33,34,35,36,37,38,39,40,41,42,43,44,45,46,47,48,49,50,51,52,53,54,55,56,57,58,59,60,61,62,63,64,65,66,67,68,69,70,71,72,73,74,75,76,77,78,79,80,81
0,48.780434,26.054705,42.991577,12.320553,9.672206,-12.2339115,17.170998,-9.571667,0.5122377,4.114102,7.8355446,-6.2445545,4.7288604,-10.431486,-4.5944715,-2.216966,-2.3666134,0.86126596,-2.0326147,-0.7856666,1.0002494,-1.3016818,-2.5292087,-1.0802433,0.32921004,0.26526713,-0.46587712,1.3130238,-0.30719033,1.6004319,-1.2841977,-1.0249844,-1.2042816,1.2184033,0.5838602,-0.18422954,-0.37078327,0.88341105,0.8634234,-0.059688702,0.27473387,0.17210275,0.6413771,0.31972438,-0.49650532,-0.4890941,0.17719108,0.029782915,0.5328219,0.17288229,0.40139014,0.034332708,-0.14726928,0.13213778,0.25093114,0.05511732,-0.044448584,-0.13626097,0.07862578,-0.24774905,-0.2427016,-0.21632749,-0.32840893,0.058662046,0.27755988,-0.11727139,-0.21771789,0.08475374,-0.253984,0.09735145,-0.06474858,0.02294892,-0.29329836,0.23939344,0.09307789,0.13745476,0.028030455,-0.16769016,-0.06151539,-0.20233195,-0.029889673,0.0012028755
1,26.054705,37.752438,22.441792,9.423372,-13.081123,-9.924035,8.167638,-16.800661,-3.5225286,6.198674,2.9199746,-3.4162376,3.3455443,1.6763492,1.1076932,-0.6391982,0.8133376,-1.9360936,-0.84075403,0.111644335,2.3233514,-1.3897058,-2.8777823,-1.2156627,0.81126624,-0.37332264,0.61500573,-0.14424892,-0.84973603,0.546574,-0.6920785,0.9919707,-0.5812582,2.4925022,-0.1531225,0.47672892,-0.4834513,-0.14048687,1.8425212,-0.14185691,0.5023971,0.44267577,-0.28481984,-0.35659897,0.7293641,-0.29819936,0.9070065,1.1243658,0.60703325,-0.25734726,0.674775,0.4454568,0.38541836,0.383318,-0.42686796,0.37116867,-0.15506601,-0.057746034,0.5746994,-0.2865662,-0.5428458,-0.43355417,-0.6799561,-0.17156151,0.49492288,0.12337888,-0.013984468,-0.69985723,0.11180372,0.7394589,-0.3035832,-0.3411436,0.46875286,-0.13091159,0.15217501,-0.2232362,0.31426233,-0.09127425,-0.00023413426,0.10548642,-0.17682591,-0.13283473
2,42.991577,22.441792,90.20707,-5.7613764,25.462563,-9.266743,10.32008,7.188069,3.2522497,-2.3671584,1.506864,1.5615675,7.9538746,-1.7992122,3.5442958,-0.8651917,2.6243699,-1.3781621,-0.76874286,-0.1607677,1.4250011,-1.6726525,-2.7476645,-2.337243,-0.17788441,0.28932065,-0.8225852,0.53648806,-1.0914993,0.9863107,0.09613012,0.72467077,0.11627519,0.45210755,-1.2237024,-0.13084897,-0.6197978,-0.3584662,1.7811956,-0.6405181,-0.45120162,-0.034452163,0.24644186,-0.8130648,1.090975,0.009691181,-0.5052129,0.1326234,0.48799676,-0.43749133,0.82384455,-0.36750716,0.6430279,-0.037610155,-0.14027552,0.67898524,-0.25147906,0.23671517,0.09234046,-0.058963407,-0.37445462,0.034423817,0.29267752,-0.25048447,0.09864884,-0.13530982,-0.16331363,-0.3233303,-0.09584311,0.40767056,0.46607435,-0.23082149,0.46568194,-0.15776801,0.23777814,-0.2969909,0.20317703,-0.105175436,-0.06411681,0.31696525,0.076015264,-0.08610001
3,12.320553,9.423372,-5.7613764,34.24034,-14.288027,-6.603978,9.756785,-4.830043,3.5662227,-3.4495568,2.2290053,-5.1289887,2.240128,-2.4004738,-2.5144567,-5.2823987,-2.51237,0.5242767,-0.64550865,-0.53373027,-0.44916692,1.3324864,-0.6106669,0.37012225,-0.32889912,-2.2088366,0.9994868,0.8216131,-0.12722258,2.3888063,0.49698815,-1.3380423,0.129982,0.2856396,-1.8454657,-0.23626436,0.8142864,-0.16145161,-0.73004675,0.42646962,-0.94174945,-0.4808607,-1.1086118,-0.250439,0.105105296,1.1703099,0.17774329,-1.4493873,0.06179785,0.6639893,-0.28036737,-1.000394,1.0581458,0.28153408,0.28922403,-0.1337986,-0.12344754,0.18365657,0.21464677,0.15423912,0.12356217,0.30130106,1.0417817,0.08427846,-0.5020696,-0.43611515,-0.3392841,0.39172393,0.116058275,0.13149576,0.1378122,0.21811607,4.177238e-05,-0.15127257,-0.014428392,-0.087154895,-0.08933589,-0.14472264,-0.3205805,0.14611202,-0.18749556,0.18176447
4,9.672206,-13.081123,25.462563,-14.288027,34.663464,3.7683673,5.653594,4.7155232,4.5822363,-1.3174236,-0.7507174,-1.2052376,-2.8270473,-2.3524735,-0.23326132,-1.1818933,-0.6396558,1.1440928,-0.59538025,-2.009837,-1.9989479,0.5882421,0.6949862,1.0443087,-0.6837117,1.1967218,-1.7070413,-1.096806,0.025540866,-0.46984947,-0.24157315,-0.35946888,-0.6734171,-1.7810786,0.510397,-0.4112901,0.05928575,0.039046302,-1.9105165,0.52190125,0.03425873,-0.80450726,-0.052316602,0.17168531,-1.3124797,-0.4242115,-0.33775812,0.23651536,-0.44390386,0.37174743,-0.31247935,-0.22226655,-0.43438733,-0.43833405,0.58626217,-0.7813004,0.11081828,-0.5664128,-0.095386125,-0.22457317,0.15733245,0.25702286,-0.18266666,-0.32152465,-0.10339242,0.28633374,-0.0013378309,0.4159181,-0.0361643,-0.585943,-0.09427501,-0.21796314,-0.5263998,-0.10933328,0.13690507,-0.040805295,0.15295434,0.12163603,0.14298525,-0.0918477,0.1445649,-0.09522329
5,-12.2339115,-9.924035,-9.266743,-6.603978,3.7683673,25.1654,4.059175,5.280761,-1.955925,-2.0861168,-1.09292,3.9266214,-0.1970214,-0.0579041,4.2312756,-1.6956766,1.7418447,0.7271172,1.3417048,-0.27751416,2.2424264,0.5907986,-0.16028994,3.180274,-0.9042228,1.0181613,2.285223,-0.49370474,-0.5501387,0.98164785,1.0401981,0.5694047,-1.5634904,-0.37512267,-0.17525846,-0.043062627,-0.5915509,0.14392912,0.671849,0.2878335,0.2807405,0.46591467,0.14867178,0.91217315,-0.5768592,0.27117622,0.3212688,-0.9839219,0.62750363,-0.35199764,-0.016200498,-0.22491774,0.33280414,0.9128764,-0.13731973,-0.006352764,0.1242878,0.079379655,0.50423956,-0.1569849,0.28879166,0.20715144,-1.1614699,-0.27068928,-0.1359998,-0.1994668,-0.15165198,0.2660832,0.00016799815,0.39983845,-0.66891193,0.23019914,-0.11874775,-0.2528522,-0.011734914,0.5931412,0.24153821,0.3945544,0.20613661,0.12237879,-0.087069154,0.04383359
6,17.170998,8.167638,10.32008,9.756785,5.653594,4.059175,23.691132,-6.1810474,-0.9967619,-0.6073395,3.2755365,0.08114806,0.064371996,2.594448,-0.56448245,-4.597645,-2.8905764,-2.8390162,1.1391213,-1.8432357,0.27695388,-0.929721,0.29476878,1.5547994,-0.669351,-0.6089158,0.7370305,0.43517497,0.69945884,0.16882241,0.32276118,-0.1635548,0.09175934,-0.2669611,0.4063597,-0.46749538,-0.33392572,-0.0900716,0.35698014,0.45966208,-0.26012057,0.5225577,0.20390072,0.86235225,-0.37012106,-1.0871952,0.17950076,-0.5009546,0.075424686,0.33190262,0.28790373,-0.15160462,0.113545775,-0.044230107,0.273385,-0.12075679,-0.036819704,0.14337572,-0.43306288,-0.049374677,-0.0056102057,0.36870444,-0.2778557,0.22813429,0.30241716,-0.021384887,-0.049176995,0.4758009,0.09510253,0.0604394,-0.9784831,0.28144723,-0.6101947,0.23007749,-0.5934632,0.45745713,-0.010764634,0.041273102,0.06349197,-0.019195948,-0.18140656,0.24217087
7,-9.571667,-16.800661,7.188069,-4.830043,4.7155232,5.280761,-6.1810474,20.826227,3.13548,-5.1145415,1.3986707,6.342238,-0.6778976,-1.4054432,-1.044683,0.05926162,-0.28697574,0.81878555,-0.32234794,1.8891244,-1.2488644,1.6358726,0.20149603,-0.5928933,-1.6577238,-0.6899471,-0.37045896,0.6833216,-0.12740088,0.5997591,-0.017422633,-0.5099461,0.015093381,-0.77880716,-1.4017766,-0.19430198,-0.46175313,-0.50772583,1.1499472,-0.42648548,-0.33026496,0.43610498,0.18592641,0.09394331,0.7494191,0.46007213,-0.5274299,-0.575325,0.17524916,0.17296842,0.0027709166,-0.23191178,0.06761529,0.22586444,-0.3505243,0.49895734,0.05740486,0.33297402,-0.022428218,0.07328925,0.46729556,0.11517987,0.7651762,0.29747564,-0.038489074,-0.29077706,-0.03504445,0.08190265,-0.14427173,0.19583498,0.149178,0.14917615,0.22344588,0.01926157,-0.07414314,0.19328712,-0.27934074,-0.1084107,0.05537425,-0.07324578,0.03935199,0.26668665
8,0.5122377,-3.5225286,3.2522497,3.5662227,4.5822363,-1.955925,-0.9967619,3.13548,10.314806,2.831556,2.3486316,-0.276955,-0.4437088,0.6867655,-2.69928,-0.6746683,-1.9993376,-0.09329389,-1.1496763,0.6372763,0.32185745,-0.2619626,-0.60290945,0.05742822,-0.39173093,-0.9586759,-0.5435901,-0.79410845,-0.5492971,-0.93278074,-0.69245905,0.63077986,-0.32541618,-1.1024417,-0.3518278,-0.1720714,0.40282565,-1.4186317,-1.1611813,-0.11008203,-0.7105526,-0.55939865,-0.97957957,-0.64477086,-0.2470699,0.42981493,-0.14219198,-0.5944293,-0.4078244,0.029049097,-0.6270983,-0.17312698,-0.058782257,0.4288383,0.15376058,0.08674469,0.05914982,0.2441158,-0.22320437,-0.32180136,0.42291212,-0.01542785,0.14216194,-0.09474219,-0.7190043,-0.03103926,0.050926268,0.44070882,0.23596898,-0.014829942,0.090885654,-0.232869,0.17671236,-0.45202187,0.011953833,-0.27367598,0.13110334,0.17357622,-0.1727331,-0.08033327,-0.03081198,0.19229534
9,4.114102,6.198674,-2.3671584,-3.4495568,-1.3174236,-2.0861168,-0.6073395,-5.1145415,2.831556,17.48606,-0.009983632,-0.75042355,-0.026994053,-1.3888943,-0.66499186,-0.09845367,0.46732056,-2.0933905,-2.006978,0.91780794,1.8881199,1.2470303,-0.34666988,0.26613057,0.24905843,0.40753126,-0.6945167,-0.36566764,-0.42305785,0.3170935,-2.0794172,0.8068308,-0.4300673,-0.64851403,-0.51189023,-0.49387598,-0.61125374,-0.7393387,-0.012243571,1.0682114,1.0580971,1.636488,0.52249706,0.57619095,0.5752936,0.24308008,-0.7600808,0.16671236,-0.5461308,-0.21326062,-0.11948982,0.6204921,-0.62984693,-0.36262792,0.06361695,0.28833014,-0.26664108,-0.017323688,-0.6187875,-0.3568161,-0.01898194,-0.5144297,-0.4148609,0.080238804,0.08701968,0.123846054,0.52427846,-0.009181017,0.27113807,0.19590612,-0.34323484,-0.020868458,0.15642405,-0.22479355,0.28023458,-0.07344428,0.14583623,0.13285325,-0.22384322,-0.24649581,0.16025679,0.42963332
10,7.8355446,2.9199746,1.506864,2.2290053,-0.7507174,-1.09292,3.2755365,1.3986707,2.3486316,-0.009983632,15.701517,-1.1296002,-3.6928306,-1.4106579,-1.4855453,1.4681523,-1.1646395,3.4834464,-2.01857,1.7585753,-0.15661821,-0.24355844,-2.2399635,-0.730752,-0.0024820473,-0.14030896,-0.32980034,0.8545134,0.7748097,-0.12813044,0.15648136,-0.15799439,1.3309438,-0.9070182,1.2107149,0.476259,-0.5552297,-0.4316845,0.2084351,0.45667464,-0.18625702,0.41203457,-0.35583985,0.4715345,-0.5124296,0.13649479,0.5647416,-0.5296526,0.60578346,-0.30647653,-0.062690504,0.32120562,-0.32703578,-0.19833972,-1.0402334,0.29001543,0.17108817,0.23523983,-0.21108636,-0.3077634,0.1872793,-0.2337507,0.018836863,0.06616509,0.21799842,0.0913357,-0.17341954,0.38966203,-0.027369766,-0.070685856,-0.05745122,0.14124912,-0.14463015,0.056491047,-0.15257227,0.024239462,-0.09185238,0.28831738,0.12825313,-0.065893814,-0.16011631,-0.087556735
11,-6.2445545,-3.4162376,1.5615675,-5.1289887,-1.2052376,3.9266214,0.08114806,6.342238,-0.276955,-0.75042355,-1.1296002,10.835229,-1.1631901,0.8809439,-0.17899507,-0.90918946,-0.4133923,-0.9113134,-0.7502173,-0.2812137,2.0202549,0.39008623,-1.0866516,-0.9060079,-0.19634418,0.0022663,0.48064664,0.5429133,1.1313871,-1.3574641,0.86127394,0.058252595,0.63536966,1.178025,0.055297345,0.6287665,1.3852632,-0.095241144,0.9250579,0.23603028,-0.18708327,0.39713067,0.16238216,0.5277276,0.68802106,-0.46215865,-0.3574174,0.23932421,0.21166785,0.26519886,0.3183316,0.4570448,0.44052047,0.18940023,0.39305362,0.03392271,0.12602104,0.116802245,0.008365503,-0.12731966,-0.35087675,-0.25857526,-0.29347438,0.13743857,0.22693592,-0.06454162,0.09369385,-0.34602302,0.109942764,0.3647695,-0.21648782,0.12486951,0.056959096,-0.043479033,-0.35297936,-0.089337505,0.14278999,-0.2548406,-0.016107602,-0.03074204,-0.18740663,0.389128
12,4.7288604,3.3455443,7.9538746,2.240128,-2.8270473,-0.1970214,0.064371996,-0.6778976,-0.4437088,-0.026994053,-3.6928306,-1.1631901,14.317007,-0.7930018,2.6103456,1.3756676,0.64616,0.14484495,0.22225446,0.36339045,-0.018524636,-0.5507672,-0.45929122,2.0755143,-0.17780358,-0.700939,0.13063528,-0.69273925,0.77637374,0.38280934,1.2616651,0.03408539,-0.4057712,0.44516674,0.37608165,-0.057794906,0.7876315,-0.43279946,-0.15697797,0.103595585,0.45206755,-0.19086953,0.27903035,0.25003353,-0.6847544,-0.29521465,0.02337052,-0.16436455,-0.48053837,-0.31664002,-0.77071226,0.083039954,0.042013057,0.65794694,-0.049490362,-0.14680609,-0.25500667,0.022504605,-0.27659664,-0.14862958,0.24235134,-0.005344637,-0.078620106,0.11746031,-0.2337038,-0.26083905,0.030329231,-0.016329568,-0.20595375,0.12797283,0.303073,0.37770647,0.17438799,0.07144424,-0.23632994,0.45427626,-0.2831112,0.07310919,-0.043142326,-0.23954678,0.007703848,0.20571858
13,-10.431486,1.6763492,-1.7992122,-2.4004738,-2.3524735,-0.0579041,2.594448,-1.4054432,0.6867655,-1.3888943,-1.4106579,0.8809439,-0.7930018,16.102596,2.5098083,0.08989881,0.60149086,-1.7297065,-0.39010292,-0.17125124,-0.2891218,-0.9294046,-0.00017008092,1.4713995,-0.8616345,-1.0663928,-0.8552904,0.08434424,-0.094227105,-0.25698203,0.7175399,0.36436167,0.8375007,-0.8948045,0.118619174,0.33119017,-0.9193812,-1.9588451,0.5404651,-0.21719934,-0.33086747,-0.20519873,-0.7373829,-0.41845182,0.027440201,-0.24749824,-0.22888392,0.06745683,-0.5071661,-0.032737527,-0.23323067,-0.28553265,-0.3768786,-0.3478017,0.07639545,-0.101497784,0.11050769,-0.12151891,0.07677382,0.37390777,0.16496854,0.12363577,0.12829977,-0.14593892,0.38875192,-0.11976811,0.40544772,-0.09050853,0.21156868,0.23116553,-0.21587583,-0.28448075,0.08226964,0.0022632778,-0.3565275,-0.1729038,-0.15761575,0.059332766,0.032899246,0.09250814,0.015176609,-0.19438192
14,-4.5944715,1.1076932,3.5442958,-2.5144567,-0.23326132,4.2312756,-0.56448245,-1.044683,-2.69928,-0.66499186,-1.4855453,-0.17899507,2.6103456,2.5098083,13.279181,0.54360354,1.1067941,0.88828695,0.39877915,0.3663544,0.14146395,-0.36575416,-0.5661901,0.19835877,1.2848958,-0.038726594,0.62286735,0.41746375,-0.0056504123,-0.7544713,-0.5806681,-0.2812391,0.51074016,-0.5698296,-0.3831765,-0.22104792,0.3435622,0.16257504,0.0668009,0.7985262,-0.52403057,0.39954787,-0.37660128,0.7508882,0.07141213,0.682569,0.65886897,0.075083114,0.05799429,-0.08388686,-0.019898,0.0720661,0.034175973,-0.42708114,-0.40728986,-0.11370635,0.08853483,-0.4069633,-0.3799919,-0.15017903,-0.40437528,0.50465083,0.12118712,0.17340471,-0.18556616,0.1467822,0.18280087,0.26821643,0.28684592,-0.041902345,0.051944926,0.12017548,-0.25409138,-0.24272406,0.23769781,-0.3490036,-0.2519086,-0.09709526,0.06598316,-0.085721426,0.010744498,0.048623428
15,-2.216966,-0.6391982,-0.8651917,-5.2823987,-1.1818933,-1.6956766,-4.597645,0.05926162,-0.6746683,-0.09845367,1.4681523,-0.90918946,1.3756676,0.08989881,0.54360354,8.153175,-1.4406044,1.5196376,1.2312716,0.49742457,-0.6442102,-1.0917951,-1.5442309,0.62015057,-1.1329428,0.8791503,0.62797225,-0.3452502,0.5342084,0.024933245,-0.04544829,0.22379325,0.30187413,0.6707477,0.53772867,-0.7382661,-1.0914454,0.34754914,-0.2167696,0.15836722,0.3878665,0.56231546,0.04023002,-0.66084796,-0.77701455,-0.4576664,-0.23937306,0.02261991,-0.31256896,-0.11640749,-0.08192815,-0.47031552,-0.07831894,0.100260936,-0.110769,0.4082498,-0.11243574,0.07565494,-0.27738374,-0.29120758,-0.4365333,0.13898858,0.12886357,-0.06747011,0.028440744,0.010338075,-0.048093725,0.051991165,0.15309876,0.2666024,0.13091159,0.1797664,-0.02005544,0.07966038,0.007888102,-0.117172934,0.020784795,0.28163046,-0.018963557,0.041027747,0.022767674,-0.14322308
16,-2.3666134,0.8133376,2.6243699,-2.51237,-0.6396558,1.7418447,-2.8905764,-0.28697574,-1.9993376,0.46732056,-1.1646395,-0.4133923,0.64616,0.60149086,1.1067941,-1.4406044,8.295413,-0.9507016,-0.9407527,-0.67770565,-0.8930865,0.3209846,0.055595957,-0.17235515,0.083573475,0.7215237,0.6756648,0.22237787,-0.30270058,0.715709,0.46769634,0.46212864,0.339629,-0.48019248,-0.22473031,-0.38232413,0.082460895,-0.16770189,-0.18778504,-0.36792937,-0.21047892,-0.12780382,0.4167937,0.112840265,0.45123634,0.27445787,0.2994504,-0.8481375,0.48739356,-0.56679916,0.07348904,0.6218091,-0.2888214,-0.29242253,0.33803532,-0.17320077,-0.30568546,0.40471154,0.260025,-0.06172194,0.33780062,-0.40826213,-0.23838986,-0.4359879,-0.015432861,-0.05291737,-0.24043424,0.10141902,-0.097468846,-0.11106345,0.080809414,0.22505194,0.45182717,-0.24002707,0.06995247,-0.21034454,0.20851107,0.14087889,-0.3044115,0.021352604,0.009348169,-0.06356484
17,0.86126596,-1.9360936,-1.3781621,0.5242767,1.1440928,0.7271172,-2.8390162,0.81878555,-0.09329389,-2.0933905,3.4834464,-0.9113134,0.14484495,-1.7297065,0.88828695,1.5196376,-0.9507016,12.9106655,0.64479744,-1.2074358,-0.4238176,-2.1208725,-0.84590733,0.46731707,0.34250638,-0.67010427,-0.11843529,-0.09777184,0.26296884,0.39585304,-0.020954637,-0.359572,-0.5658281,0.107091926,0.08334327,-0.115230374,0.17056188,-0.33337608,0.5655722,0.6027713,0.3987535,0.21401045,-0.47441912,0.06633768,0.5492021,-0.48032737,0.20721273,-0.16561252,-0.102563985,0.2585144,-0.38960552,-0.03363287,0.50784194,-0.17051251,0.31666207,-0.34429967,-0.12530392,0.09808992,0.046455108,0.26002875,-0.095407456,-0.092692256,-0.23233655,-0.06866881,0.19413427,0.10291681,0.009549655,-0.15640536,-0.13032804,0.052801758,0.019799659,-0.092195556,-0.010356968,-0.00091239426,0.059777483,-0.1495758,-0.06312708,-0.11412111,-0.27053243,0.0027296627,0.03806404,-0.056881353
18,-2.0326147,-0.84075403,-0.76874286,-0.64550865,-0.59538025,1.3417048,1.1391213,-0.32234794,-1.1496763,-2.006978,-2.01857,-0.7502173,0.22225446,-0.39010292,0.39877915,1.2312716,-0.9407527,0.64479744,7.397788,0.3086659,-1.2965044,-0.7991312,-0.12854308,-0.19673702,1.079417,-0.8607999,0.15785232,-1.4692941,-0.13019003,0.4056052,-0.44249135,0.33040822,-0.19878525,-0.16066396,-0.310831,-0.2246771,-0.6437602,0.022937197,0.26950425,-0.021734253,-0.31936795,-0.07926621,-0.14395666,-0.0015722108,0.06797147,-0.27022064,0.016948964,-0.50990975,-0.13926855,-0.4248746,0.2854405,0.2526323,0.36381972,0.047707416,-0.15431793,0.56835496,-0.081704244,0.30715173,-0.022071913,0.2977715,0.12385448,0.0380964,-0.10094242,0.36877227,-0.23274708,-0.0048291124,0.06575702,-0.13463253,-0.07422124,-0.0633284,-0.03321813,-0.23180783,0.010087764,0.02300401,-0.049881224,-0.30813205,0.46290183,-0.05514373,0.07620253,0.25441253,-0.042718887,0.11886492
19,-0.7856666,0.111644335,-0.1607677,-0.53373027,-2.009837,-0.27751416,-1.8432357,1.8891244,0.6372763,0.91780794,1.7585753,-0.2812137,0.36339045,-0.17125124,0.3663544,0.49742457,-0.67770565,-1.2074358,0.3086659,9.840961,0.6986022,-0.41295648,0.48271573,-0.59825593,0.33038503,0.22570424,-0.23079416,-0.19570017,-0.38668752,1.3058345,0.122542694,0.29452723,0.14533085,-0.6834949,-0.45093727,0.16672072,0.4427759,0.14583972,0.09189856,0.37170064,-0.21143821,-0.25789604,-0.42615423,0.15490527,-0.021466408,-0.14596008,-0.10768613,-0.20486298,0.2761347,-0.10207553,0.29828268,-0.34551102,-0.17680848,0.1948086,0.6609381,-0.10862548,-0.4603042,-0.12158163,-0.15858364,-0.685032,-0.18083598,0.19743636,-0.058495127,0.21177903,-0.03414749,-0.022562843,-0.06499558,0.19517964,0.2652563,0.015024439,0.14277053,-0.30507195,0.14006627,0.0528237,-0.31390423,0.093028426,-0.015788324,-0.2515319,0.07229248,-0.1250003,-0.023095582,0.13731664
20,1.0002494,2.3233514,1.4250011,-0.44916692,-1.9989479,2.2424264,0.27695388,-1.2488644,0.32185745,1.8881199,-0.15661821,2.0202549,-0.018524636,-0.2891218,0.14146395,-0.6442102,-0.8930865,-0.4238176,-1.2965044,0.6986022,7.505251,-0.14836329,-0.052943744,-0.40223598,0.027165297,0.44970274,1.2972876,0.23658113,-0.26524264,-0.104715,0.83531225,0.3211928,-0.016528748,0.24058323,1.1066101,0.21083212,0.42520753,0.29695684,0.26261112,-0.18205887,-0.25570783,0.151743,-0.49927613,-0.23331445,0.37235156,-0.14195204,0.08240701,-0.37708682,0.18427143,-0.16852029,-0.1953273,-0.13870898,0.15810645,0.07009923,0.1254718,-0.02485349,0.24148524,-0.021836817,-0.12571901,0.14002927,0.40894562,0.07586788,0.1785751,0.16453499,0.1599893,-0.3785951,-0.21838844,-0.0407585,-0.42029998,-0.019069742,0.16611661,0.056140795,0.024131026,0.12183767,0.21513733,-0.17492417,0.07751803,-0.00055782776,-0.07898071,0.25674707,0.20288631,-0.025030296
21,-1.3016818,-1.3897058,-1.6726525,1.3324864,0.5882421,0.5907986,-0.929721,1.6358726,-0.2619626,1.2470303,-0.24355844,0.39008623,-0.5507672,-0.9294046,-0.36575416,-1.0917951,0.3209846,-2.1208725,-0.7991312,-0.41295648,-0.14836329,9.364521,-1.245573,0.4621309,-0.9351975,-0.5464539,-0.6941017,0.1741113,0.13271895,0.9315242,-0.21515122,-0.31537777,-0.36342555,0.33552122,-0.2999372,-0.06927968,0.022300793,-0.085348696,-0.028409716,0.43011385,-0.17697307,0.013801495,0.096661255,0.30893886,-0.18327051,-0.6687659,0.44596246,-0.0684405,-0.33252704,0.2815001,-0.45479682,0.102911815,0.42501572,-0.2970443,-0.3254062,0.07643984,0.14727385,-0.055212393,-0.09128808,0.041395344,-0.360841,0.21633992,-0.0664109,0.06875253,-0.1285165,0.14968836,-0.15203759,0.040628918,0.019473052,-0.20322531,0.20976612,-0.08853644,-0.10721286,-0.028261334,0.053098448,-0.09889536,0.021527741,0.0658461,-0.021146934,0.030712586,-0.030406976,-0.05097474
22,-2.5292087,-2.8777823,-2.7476645,-0.6106669,0.6949862,-0.16028994,0.29476878,0.20149603,-0.60290945,-0.34666988,-2.2399635,-1.0866516,-0.45929122,-0.00017008092,-0.5661901,-1.5442309,0.055595957,-0.84590733,-0.12854308,0.48271573,-0.052943744,-1.245573,5.5386267,-0.83002543,0.42526916,-0.737252,-0.09055279,-0.61228704,-0.3892735,-0.21273905,0.43748385,0.20341547,0.5005149,-0.3715431,0.16937974,-0.5280982,-0.27973533,-0.096278355,0.5339618,-0.13482556,-0.37132096,0.20997939,0.14216089,-0.033938468,-0.1167048,-0.2897071,-0.024654213,0.26806325,0.20721713,0.116781265,0.3954388,-0.22221613,0.33938253,-0.41324174,-0.14185081,-0.0035063168,-0.15097237,0.0634755,-0.23063669,-0.2703916,0.017734546,-0.11648441,0.23761338,-0.31002632,0.18128112,0.20900062,-0.22337937,0.27439827,-0.024900358,0.041503068,0.10053173,0.10769096,-0.14337823,0.07036743,0.01627088,0.1458348,-0.092414856,0.18044475,-0.1274093,-0.14716968,0.19198859,0.0057222326
23,-1.0802433,-1.2156627,-2.337243,0.37012225,1.0443087,3.180274,1.5547994,-0.5928933,0.05742822,0.26613057,-0.730752,-0.9060079,2.0755143,1.4713995,0.19835877,0.62015057,-0.17235515,0.46731707,-0.19673702,-0.59825593,-0.40223598,0.4621309,-0.83002543,6.79726,-0.6310853,-0.61279637,-0.95645225,0.11825156,0.1578125,0.23320237,-0.020670533,0.11495133,0.061324842,-0.026901888,0.07608555,-0.54069483,0.2752329,0.4320031,-0.05403895,0.04803019,0.39912033,-0.22809154,0.34633553,-0.38958043,0.16817379,-0.15735383,-0.54643524,-0.04308914,0.6053137,0.49734467,0.43335378,-0.069266275,-0.42029497,0.04286536,-0.15430152,0.027013734,-0.27446967,0.17612508,0.014660265,-0.17295182,0.05727142,-0.044651546,0.25027084,-0.022954412,-0.06947305,0.012579435,-0.28300762,0.07680679,-0.054588202,0.025348589,0.16381928,-0.1592193,-0.121900216,-0.13461514,-0.07209242,-0.015342532,0.13716161,-0.13019586,-0.08572945,0.024811143,0.20211661,0.03870888
24,0.32921004,0.81126624,-0.17788441,-0.32889912,-0.6837117,-0.9042228,-0.669351,-1.6577238,-0.39173093,0.24905843,-0.0024820473,-0.19634418,-0.17780358,-0.8616345,1.2848958,-1.1329428,0.083573475,0.34250638,1.079417,0.33038503,0.027165297,-0.9351975,0.42526916,-0.6310853,4.252502,0.55279064,-0.15799677,0.5288864,0.1688239,-0.42592916,-0.2716844,0.05118167,-0.112209305,-0.36862284,-0.6695971,0.106594555,-0.22268775,0.3078949,-0.2349655,0.021242619,-0.360322,-0.9349722,0.18454188,0.7752403,0.055998255,0.48041767,-0.40943825,0.20714791,0.21997055,0.24050337,-0.08437123,0.29439536,0.16288242,-0.056321077,-0.2277204,0.0339429,0.05640523,-0.2271893,-0.024022007,0.21261394,-0.24075216,-0.10466704,0.028166916,-0.03282331,-0.15256166,0.10966031,-0.06596563,0.02628065,0.08441661,-0.08709366,0.08744092,0.103347726,-0.012494027,-0.009319868,-0.19644186,-0.06453353,0.24029931,0.010989606,0.053327255,0.04497495,0.015370515,0.00177819
25,0.26526713,-0.37332264,0.28932065,-2.2088366,1.1967218,1.0181613,-0.6089158,-0.6899471,-0.9586759,0.40753126,-0.14030896,0.0022663,-0.700939,-1.0663928,-0.038726594,0.8791503,0.7215237,-0.67010427,-0.8607999,0.22570424,0.44970274,-0.5464539,-0.737252,-0.61279637,0.55279064,4.868768,-0.09820624,0.14279288,-0.993973,0.21529114,-0.12778775,0.8087436,0.7460902,0.45644718,-0.22837377,-0.42960334,0.13889268,-0.03484227,-0.7373463,0.18316945,0.58870375,0.22660998,0.120098755,-0.3107613,-0.35315245,0.30721104,0.18424392,-0.29486126,-0.22657156,0.4080471,-0.044095322,0.01957444,-0.14443709,0.18635182,-0.22545353,0.15758401,0.0022434953,-0.21105182,0.018990293,0.35224646,0.102458924,0.1519807,-0.18438812,0.20618647,-0.08299774,-0.035538174,-0.30286288,-0.08891988,0.13457063,0.086096585,-0.054411903,-0.002468064,-0.12651142,-0.010201995,-0.3137562,0.06765756,-0.19437298,-0.1620369,-0.018186316,0.019210646,-0.016592098,-0.11858784
26,-0.46587712,0.61500573,-0.8225852,0.9994868,-1.7070413,2.285223,0.7370305,-0.37045896,-0.5435901,-0.6945167,-0.32980034,0.48064664,0.13063528,-0.8552904,0.62286735,0.62797225,0.6756648,-0.11843529,0.15785232,-0.23079416,1.2972876,-0.6941017,-0.09055279,-0.95645225,-0.15799677,-0.09820624,3.599686,0.45821506,0.18632606,-0.13937593,0.18903047,0.5395629,-0.58956146,0.6480681,-0.55457836,0.23110186,-0.31500587,0.22982895,-0.13090369,0.08985429,-0.06310076,0.13934162,0.16153586,-0.23475084,-0.18005487,-0.14149617,-0.18541694,-0.45542866,0.34344703,-0.25727475,-0.14705242,-0.15338644,-0.02930074,-0.24858099,0.010871899,-0.2769097,-0.20005931,0.14066646,-0.27060747,-0.30119646,-0.12855801,-0.089908645,0.17113462,0.074641205,-0.2703394,-0.022027135,-0.22821799,0.022558274,-0.19760072,0.0542648,-0.17478776,-0.024604563,-0.041974723,-0.17142949,-0.0066029467,0.11066152,-0.17633997,0.10972956,-0.0796368,0.046809316,-0.006412607,0.018306404
27,1.3130238,-0.14424892,0.53648806,0.8216131,-1.096806,-0.49370474,0.43517497,0.6833216,-0.79410845,-0.36566764,0.8545134,0.5429133,-0.69273925,0.08434424,0.41746375,-0.3452502,0.22237787,-0.09777184,-1.4692941,-0.19570017,0.23658113,0.1741113,-0.61228704,0.11825156,0.5288864,0.14279288,0.45821506,4.37781,0.0734396,-0.3972727,0.13114037,-0.0028378388,0.31657833,-0.32776833,0.33502108,-0.53285325,0.12906325,0.7886872,0.77393043,0.02318976,-0.07473546,0.02756983,-0.19743085,-0.008025587,-0.119350135,0.16616748,-0.42698938,0.23527709,0.022235408,-0.05761567,-0.08989175,-0.28613448,-0.22459123,-0.28670382,0.47032154,0.16367316,-0.28158545,-0.076786734,0.3159892,0.32893878,-0.09780395,-0.08970089,-0.09662157,0.1266409,-0.32344842,0.04093321,0.14267877,-0.026796013,0.13301662,-0.28123406,0.024591967,-0.22112101,-0.08454982,0.028979821,0.050340854,0.08302121,0.032943673,0.12965815,0.11834178,-0.16612747,0.14438826,0.1117065
28,-0.30719033,-0.84973603,-1.0914993,-0.12722258,0.025540866,-0.5501387,0.69945884,-0.12740088,-0.5492971,-0.42305785,0.7748097,1.1313871,0.77637374,-0.094227105,-0.0056504123,0.5342084,-0.30270058,0.26296884,-0.13019003,-0.38668752,-0.26524264,0.13271895,-0.3892735,0.1578125,0.1688239,-0.993973,0.18632606,0.0734396,4.8840103,1.3312243,0.16243964,-0.12989068,0.6566087,-0.14532156,0.27796745,-0.34078765,0.5600716,0.22589852,-0.31191856,-0.3210167,0.113255575,-0.10894403,0.106215954,-0.12141543,0.3807863,0.3924585,-0.156513,0.09233335,-0.15683685,-0.28709304,0.08003222,0.14386836,-0.027153257,-0.09139459,0.3195912,-0.012515234,0.23218584,-0.35931635,-0.10381204,-0.116290286,-0.12143781,-0.04300534,-0.19801798,0.15592575,-0.032821048,0.19576699,0.049287297,0.048203677,-0.15657967,-0.10679732,-0.08618264,0.1624054,0.12368345,-0.047147304,-0.2053226,0.13174255,0.0022671097,-0.08478187,0.04597833,-0.0546411,0.10827821,0.019074574
29,1.6004319,0.546574,0.9863107,2.3888063,-0.46984947,0.98164785,0.16882241,0.5997591,-0.93278074,0.3170935,-0.12813044,-1.3574641,0.38280934,-0.25698203,-0.7544713,0.024933245,0.715709,0.39585304,0.4056052,1.3058345,-0.104715,0.9315242,-0.21273905,0.23320237,-0.42592916,0.21529114,-0.13937593,-0.3972727,1.3312243,4.699144,0.29279125,0.13216612,0.043063737,-0.35372013,-0.575477,0.06259519,-0.27905363,-0.079984665,0.3225047,-0.12068618,-0.20213538,0.3775375,0.35535896,0.025036782,-0.14891975,0.30533406,-0.0429912,0.16279438,0.48123044,0.033889864,-0.3436244,-0.12122941,-0.009835318,-0.06897777,0.09250733,0.15813473,-0.011717441,-0.03760948,0.16263327,0.07784329,0.15869257,0.07451618,-0.115193166,-0.20132014,0.100976035,0.121049054,0.11880532,-0.15697573,0.07819225,0.23523062,0.11781028,0.0028462745,0.028450716,-0.0890989,0.058693968,-0.1860686,-0.1152546,-0.035106394,0.09255091,0.0745565,0.008588084,-0.20237862
30,-1.2841977,-0.6920785,0.09613012,0.49698815,-0.24157315,1.0401981,0.32276118,-0.017422633,-0.69245905,-2.0794172,0.15648136,0.86127394,1.2616651,0.7175399,-0.5806681,-0.04544829,0.46769634,-0.020954637,-0.44249135,0.122542694,0.83531225,-0.21515122,0.43748385,-0.020670533,-0.2716844,-0.12778775,0.18903047,0.13114037,0.16243964,0.29279125,4.309966,0.25080356,0.28094113,-0.08228722,0.18773106,0.65072536,0.102816135,0.102062374,-0.68435156,0.33697653,-0.026117958,-0.39207232,0.026095834,-0.05321621,-0.5481926,0.14255229,0.4229167,0.31867006,-0.3606115,0.19869637,0.21908286,-0.06784861,0.3469752,0.09384075,0.08868593,0.2267626,-0.10910177,0.10052021,-0.29604453,-0.07263309,0.110359125,-0.12546107,-0.052669875,0.0055293785,0.06287333,0.0049110292,-0.07143029,-0.15039057,-0.01840274,0.026746184,0.04486592,-0.10115622,-0.062452275,-0.04266155,0.28039056,0.010301952,0.29160613,0.058284722,0.08795129,-0.083045274,-0.13243903,-0.119217545
31,-1.0249844,0.9919707,0.72467077,-1.3380423,-0.35946888,0.5694047,-0.1635548,-0.5099461,0.63077986,0.8068308,-0.15799439,0.058252595,0.03408539,0.36436167,-0.2812391,0.22379325,0.46212864,-0.359572,0.33040822,0.29452723,0.3211928,-0.31537777,0.20341547,0.11495133,0.05118167,0.8087436,0.5395629,-0.0028378388,-0.12989068,0.13216612,0.25080356,4.394548,-0.048959173,-0.23240353,-0.074506894,-0.29797113,0.05040161,-0.15098797,0.010932956,0.16577777,0.16175821,0.12821701,0.15901774,-0.60982394,0.15829143,-0.116098344,0.4704453,0.24237767,0.4152252,-0.019606985,-0.53262997,0.03698821,0.1523565,-0.008351906,0.014046481,-0.03873536,0.03124598,0.18825412,0.42589676,-0.009732967,-0.0037054531,0.1158725,0.07262581,0.1583856,0.062226497,0.29270604,0.19556716,0.06723194,-0.12185675,-0.23744181,0.2758299,0.028978955,0.037322253,0.024363738,-0.16484138,0.03700182,-0.036514726,0.039463624,-0.12441097,-0.05068406,-0.24152847,-0.07525545
32,-1.2042816,-0.5812582,0.11627519,0.129982,-0.6734171,-1.5634904,0.09175934,0.015093381,-0.32541618,-0.4300673,1.3309438,0.63536966,-0.4057712,0.8375007,0.51074016,0.30187413,0.339629,-0.5658281,-0.19878525,0.14533085,-0.016528748,-0.36342555,0.5005149,0.061324842,-0.112209305,0.7460902,-0.58956146,0.31657833,0.6566087,0.043063737,0.28094113,-0.048959173,4.4588513,-0.33890316,0.044407867,-0.2500847,-0.024578582,0.3660294,0.036740586,-0.001959213,0.32648176,0.13819835,0.057784114,0.023569811,-0.22408912,-0.34726018,-0.32914743,-0.28631747,0.35398433,-0.08635427,-0.12715402,0.15698943,0.47861183,0.2817523,-0.1366796,0.033978216,-0.20762703,-0.21758081,-0.24426007,0.28833976,-0.082636535,-0.06468366,0.20096946,0.11942396,0.16755916,-0.09546931,-0.16974565,0.10622321,0.07810736,-0.08104092,0.1382739,-0.23664632,-0.0056855567,-0.025782397,0.10245702,-0.19133177,-0.0562331,-0.014856655,-0.11279387,-0.014668779,-0.04640169,0.041744743
33,1.2184033,2.4925022,0.45210755,0.2856396,-1.7810786,-0.37512267,-0.2669611,-0.77880716,-1.1024417,-0.64851403,-0.9070182,1.178025,0.44516674,-0.8948045,-0.5698296,0.6707477,-0.48019248,0.107091926,-0.16066396,-0.6834949,0.24058323,0.33552122,-0.3715431,-0.026901888,-0.36862284,0.45644718,0.6480681,-0.32776833,-0.14532156,-0.35372013,-0.08228722,-0.23240353,-0.33890316,3.1747768,-0.45942867,0.3329422,-0.028689068,0.08962351,0.15806064,-0.0069715707,-0.3059281,-0.048204377,0.07694093,0.10185038,-0.35139295,-0.5599694,-0.4948687,-0.21772668,0.04427011,0.06677907,0.3551372,-0.06267138,-0.19333193,0.1516068,-0.044495024,0.19995537,0.06791633,-0.12458194,0.112389386,-0.0050804927,0.15686914,0.13947833,-0.05853071,0.07138204,0.29823494,0.19271982,0.027736554,-0.16997892,-0.061069466,-0.09358282,0.0959797,-0.097525395,-0.086427934,-0.22195114,-0.21542096,-0.131985,-0.051348306,-0.049192432,0.14985894,-0.13523628,0.1285196,-0.0031252329
34,0.5838602,-0.1531225,-1.2237024,-1.8454657,0.510397,-0.17525846,0.4063597,-1.4017766,-0.3518278,-0.51189023,1.2107149,0.055297345,0.37608165,0.118619174,-0.3831765,0.53772867,-0.22473031,0.08334327,-0.310831,-0.45093727,1.1066101,-0.2999372,0.16937974,0.07608555,-0.6695971,-0.22837377,-0.55457836,0.33502108,0.27796745,-0.575477,0.18773106,-0.074506894,0.044407867,-0.45942867,3.457681,0.047125768,0.0183637,-0.20650193,-0.18373135,-0.08361328,-0.66604924,0.11989951,0.2775354,0.17094456,0.06820502,0.073571555,-0.099967875,-0.20021227,0.3026433,-0.09951268,-0.33759218,0.021386297,-0.0692129,-0.050610278,0.03893762,0.023651054,-0.05402284,0.122523546,0.28255007,-0.19039248,0.08389433,0.18152535,-0.20185134,0.15450206,-0.071372494,0.122967124,-0.086867034,-0.2268554,0.024845311,0.042876113,-0.03777026,0.07639856,-0.0014069035,-0.06353862,0.12127993,0.059458964,-0.08417761,-0.06491235,0.041788682,-0.086312465,0.02757487,0.007838941
35,-0.18422954,0.47672892,-0.13084897,-0.23626436,-0.4112901,-0.043062627,-0.46749538,-0.19430198,-0.1720714,-0.49387598,0.476259,0.6287665,-0.057794906,0.33119017,-0.22104792,-0.7382661,-0.38232413,-0.115230374,-0.2246771,0.16672072,0.21083212,-0.06927968,-0.5280982,-0.54069483,0.106594555,-0.42960334,0.23110186,-0.53285325,-0.34078765,0.06259519,0.65072536,-0.29797113,-0.2500847,0.3329422,0.047125768,3.4863725,0.08808307,-0.4829898,0.08432703,0.010420417,0.46446216,-0.1544537,0.55472934,0.09423905,0.21227676,0.071397014,-0.14058979,-0.087767795,0.07456142,-0.14188537,0.012024445,-0.019985318,-0.08195591,-0.0814174,0.05560238,-0.14207867,-0.03622158,-0.31707975,0.07738506,0.28708738,-0.24934173,0.2439163,-0.10275361,-0.1018466,-0.13113332,0.041839972,-0.08743136,0.04689172,0.033932276,0.0076668346,0.1289325,0.1049221,-0.13453406,-0.07349375,0.13444716,-0.15163901,-0.024131939,0.021739798,0.05477549,-0.079854116,0.08187746,-0.17564166
36,-0.37078327,-0.4834513,-0.6197978,0.8142864,0.05928575,-0.5915509,-0.33392572,-0.46175313,0.40282565,-0.61125374,-0.5552297,1.3852632,0.7876315,-0.9193812,0.3435622,-1.0914454,0.082460895,0.17056188,-0.6437602,0.4427759,0.42520753,0.022300793,-0.27973533,0.2752329,-0.22268775,0.13889268,-0.31500587,0.12906325,0.5600716,-0.27905363,0.102816135,0.05040161,-0.024578582,-0.028689068,0.0183637,0.08808307,3.2166898,0.0857502,0.18168664,0.15782212,0.09795843,0.13410872,-0.6792326,-0.2617883,-0.17396906,-0.1154594,0.25011143,0.11798954,-0.12461655,-0.307444,0.18838146,-0.11373912,-0.34446084,-0.13458726,-0.32216734,-0.070626214,-0.025862146,0.09505962,0.13180438,-0.06671706,-0.17557487,0.14633189,0.17101899,-0.04683194,-0.2464758,0.08627699,0.09176,-0.04939282,0.008538354,-0.033264935,-0.032542165,-0.087888606,0.07263999,0.11424343,0.005874742,-0.094586894,0.06601666,0.016305942,-0.12173395,0.056285053,-0.052118227,-0.068736106
37,0.88341105,-0.14048687,-0.3584662,-0.16145161,0.039046302,0.14392912,-0.0900716,-0.50772583,-1.4186317,-0.7393387,-0.4316845,-0.095241144,-0.43279946,-1.9588451,0.16257504,0.34754914,-0.16770189,-0.33337608,0.022937197,0.14583972,0.29695684,-0.085348696,-0.096278355,0.4320031,0.3078949,-0.03484227,0.22982895,0.7886872,0.22589852,-0.079984665,0.102062374,-0.15098797,0.3660294,0.08962351,-0.20650193,-0.4829898,0.0857502,2.7719445,0.14945395,0.20235905,-0.049856428,-0.6322421,0.07262656,0.19906521,0.2807604,-0.018298335,0.018361155,0.30751163,-0.079509884,-0.040113118,0.0029037232,0.007937273,-0.24182075,0.14786008,0.005289252,0.061368987,0.14845315,0.16771515,-0.075295,0.012712892,0.14261414,0.20370494,-0.012351535,-0.29139602,0.2517856,-0.13500142,-0.16361472,-0.05553605,0.21575534,0.06500431,0.031283535,-0.0030008387,0.09782042,0.029726526,0.08146852,0.02294422,-0.10372311,0.10499561,-0.081556566,0.004010083,-0.036515668,-0.008495689
38,0.8634234,1.8425212,1.7811956,-0.73004675,-1.9105165,0.671849,0.35698014,1.1499472,-1.1611813,-0.012243571,0.2084351,0.9250579,-0.15697797,0.5404651,0.0668009,-0.2167696,-0.18778504,0.5655722,0.26950425,0.09189856,0.26261112,-0.028409716,0.5339618,-0.05403895,-0.2349655,-0.7373463,-0.13090369,0.77393043,-0.31191856,0.3225047,-0.68435156,0.010932956,0.036740586,0.15806064,-0.18373135,0.08432703,0.18168664,0.14945395,3.2897341,-0.4922942,0.011440769,0.120684355,0.16696543,-0.29205155,-0.33057952,0.20732322,0.16639704,-0.049409926,-0.24119416,-0.040901747,-0.2578796,-0.13280478,0.08673577,-0.15107028,-0.2022548,0.03895934,-0.08671581,-0.06132952,-0.019094914,-0.038289815,-0.030860042,-0.21576388,-0.057408243,-0.01936825,0.14598314,0.13430157,-0.12526494,-0.09686625,0.11974448,0.063215114,-0.1263847,0.019900087,-0.04184433,0.046234883,-0.13432941,-0.07596369,0.0045730355,-0.04354598,-0.088572666,-0.10816225,0.013693427,-0.13892758
39,-0.059688702,-0.14185691,-0.6405181,0.42646962,0.52190125,0.2878335,0.45966208,-0.42648548,-0.11008203,1.0682114,0.45667464,0.23603028,0.103595585,-0.21719934,0.7985262,0.15836722,-0.36792937,0.6027713,-0.021734253,0.37170064,-0.18205887,0.43011385,-0.13482556,0.04803019,0.021242619,0.18316945,0.08985429,0.02318976,-0.3210167,-0.12068618,0.33697653,0.16577777,-0.001959213,-0.0069715707,-0.08361328,0.010420417,0.15782212,0.20235905,-0.4922942,3.0270953,-0.6955527,0.4608104,0.28640723,-0.30521542,-0.055306967,-0.14328343,-0.3528984,0.05701056,-0.1300271,-0.14386326,0.04015503,-0.13046834,0.42423466,-0.2084649,-0.2055091,-0.16540861,0.0596247,-0.0052310945,0.25871927,0.11634022,0.07783683,-0.20866427,-0.017463284,-0.2059642,0.16544624,0.04513198,-0.020453725,0.09665687,0.103597045,0.023944557,-0.16139105,-0.06528388,0.12427522,-0.02041099,-0.125285,0.025464755,0.08972896,-0.16356549,0.017448097,-0.025091808,0.12488462,-0.05347427
40,0.27473387,0.5023971,-0.45120162,-0.94174945,0.03425873,0.2807405,-0.26012057,-0.33026496,-0.7105526,1.0580971,-0.18625702,-0.18708327,0.45206755,-0.33086747,-0.52403057,0.3878665,-0.21047892,0.3987535,-0.31936795,-0.21143821,-0.25570783,-0.17697307,-0.37132096,0.39912033,-0.360322,0.58870375,-0.06310076,-0.07473546,0.113255575,-0.20213538,-0.026117958,0.16175821,0.32648176,-0.3059281,-0.66604924,0.46446216,0.09795843,-0.049856428,0.011440769,-0.6955527,2.8662498,-0.05322355,-0.27972984,0.14330181,-0.032143965,-0.20078589,0.15777263,0.11233137,0.19472468,-0.33812416,0.04955629,-0.09868127,0.06731359,-0.43998492,0.18670757,0.06167118,0.05256063,-0.1985237,0.030601274,0.022372305,0.063196935,-0.049870647,0.15262547,-0.067430735,0.036674656,-0.0065291096,-0.080875754,-0.05164869,-0.021358795,0.0024242015,-0.23528427,0.05468906,-0.07139455,0.06731867,0.002061715,0.15632752,0.12238677,-0.073142394,0.013215609,0.010690341,-0.064178735,0.1062493
41,0.17210275,0.44267577,-0.034452163,-0.4808607,-0.80450726,0.46591467,0.5225577,0.43610498,-0.55939865,1.636488,0.41203457,0.39713067,-0.19086953,-0.20519873,0.39954787,0.56231546,-0.12780382,0.21401045,-0.07926621,-0.25789604,0.151743,0.013801495,0.20997939,-0.22809154,-0.9349722,0.22660998,0.13934162,0.02756983,-0.10894403,0.3775375,-0.39207232,0.12821701,0.13819835,-0.048204377,0.11989951,-0.1544537,0.13410872,-0.6322421,0.120684355,0.4608104,-0.05322355,2.2446325,-0.14324507,0.3306737,0.17630571,0.09855676,-0.015370237,0.23034503,-0.07558744,-0.10599518,0.309745,-0.19551203,-0.03347426,0.15041757,0.043429963,-0.12927788,-0.09732416,0.19006512,-0.1981768,0.0781056,-0.067261405,0.009419229,0.20325333,0.05261098,0.18706052,-0.060338102,0.020197058,-0.06680797,-0.10491275,0.04298928,0.010237893,0.061507296,-0.057259794,-0.0897268,-0.075457305,-0.1199867,0.005057789,0.1040248,0.051313795,0.03808056,0.0034701996,0.032420706
