,0,1,2,3,4,5,6,7,8,9,10,11,12,13,14,15,16,17,18,19,20,21,22,23,24,25,26,27,28,29,30,31,32,33,34,35,36,37,38,39,40,41,42,43,44,45,46,47,48,49,50,51,52,53,54,55,56,57,58,59,60,61,62,63,64,65,66,67,68,69,70,71,72,73,74,75,76,77,78,79,80,81
0,717.09753,-31.591766,-52.30251,-14.928221,-11.824728,14.997112,-21.089828,11.652045,-0.5490627,-5.03988,-9.507907,7.5015116,-5.835896,12.5955925,5.677102,2.7555215,2.869254,-1.1932058,2.481544,0.9311903,-1.2234342,1.4596624,2.9941561,1.31217,-0.48499277,-0.34741524,0.5215475,-1.5634003,0.36297798,-1.9408357,1.5976366,1.2447464,1.4548016,-1.4829549,-0.72730994,0.20682202,0.46586636,-1.0915284,-1.0260276,0.071492255,-0.35172105,-0.21391036,-0.77066505,-0.37747598,0.59874505,0.55501074,-0.23640683,-0.05334027,-0.6472484,-0.18441287,-0.50270724,-0.03587669,0.22280571,-0.18150225,-0.31055886,-0.08490381,0.065270886,0.1596306,-0.10124492,0.30061746,0.28105307,0.2766468,0.39059505,-0.06806994,-0.33338657,0.15943873,0.2779649,-0.110316,0.30284402,-0.09443256,0.10049424,-0.019653562,0.34790123,-0.29361597,-0.12637585,-0.17224269,-0.024967644,0.19419757,0.07586458,0.26024562,0.050729476,0.0063561033
1,-31.591766,173.25049,-27.319286,-11.754026,16.096556,11.6766205,-9.4490795,20.428677,3.6569006,-7.2817545,-3.5973132,4.491153,-4.0701027,-1.6394451,-1.5092571,0.715428,-0.9510291,2.9963627,0.9272834,-0.021936521,-2.699604,1.988255,3.7573726,1.618449,-0.8758105,0.61054325,-0.595209,0.114156306,1.0626287,-0.7123869,0.69347316,-1.177803,0.8628029,-3.072889,0.25123045,-0.67283267,0.5136491,0.20871368,-2.2536516,0.20098644,-0.54626715,-0.45198315,0.3212166,0.39369124,-0.8684436,0.5373863,-1.1005952,-1.3637662,-0.75569946,0.23315045,-0.75354075,-0.5483235,-0.6119414,-0.4277712,0.553156,-0.43048382,0.11928189,0.09242704,-0.7036892,0.35323423,0.7181138,0.45813382,0.8709005,0.24666907,-0.59974694,-0.19908437,0.00067129976,0.87247264,-0.11550453,-0.79789954,0.3268937,0.30050796,-0.5564294,0.17224073,-0.14506465,0.28761888,-0.39508036,0.0836005,-0.0004450936,-0.2773152,0.20179877,0.12936461
2,-52.30251,-27.319286,55.997643,6.857258,-30.85548,11.203545,-12.551847,-8.813549,-4.190749,2.9432464,-1.8223147,-1.86448,-9.606652,2.289163,-4.372965,1.1926086,-3.1850963,1.8326169,0.9482461,0.271163,-1.5850816,2.1209764,3.3494816,2.8457904,0.22912022,-0.31471878,1.0528703,-0.6298251,1.2867017,-1.2010248,-0.116923675,-0.8960074,-0.11669798,-0.6074097,1.472647,0.11188927,0.7472751,0.4553495,-2.179284,0.75998163,0.5414642,0.043498307,-0.29439044,0.9649,-1.3477209,-0.003049207,0.5618838,-0.16485174,-0.5743751,0.5351693,-0.9878007,0.44093493,-0.81011295,0.058563154,0.1366739,-0.81594926,0.31247342,-0.3281849,-0.10906048,0.040035382,0.4490463,-0.056892425,-0.36628163,0.31104463,-0.13121453,0.14679778,0.2311747,0.40378532,0.118765295,-0.45327592,-0.5828467,0.26720613,-0.5780867,0.18867138,-0.30108893,0.35664153,-0.2381031,0.12023108,0.08439848,-0.42331117,-0.07526472,0.08808206
3,-14.928221,-11.754026,6.857258,66.149734,17.785934,7.7311893,-11.530896,5.705414,-4.856101,4.3635654,-2.7435355,6.462718,-2.4091744,3.308067,2.7692757,6.591109,3.0749764,-0.09648514,0.79809415,0.84725434,0.8314519,-1.182961,0.8562496,-0.46886772,0.6177237,2.7857351,-1.0170662,-1.0219156,0.07332511,-2.9230585,-0.64634776,1.5897908,-0.13447537,-0.4578607,2.2222843,0.27228913,-1.0442855,0.26660335,0.8045083,-0.5534525,1.175185,0.5743394,1.3551632,0.22663376,-0.16052762,-1.3521075,-0.2877698,1.8032367,-0.02713729,-0.8462312,0.38235986,1.1894636,-1.4122645,-0.25882763,-0.41324693,0.2163161,0.15227804,-0.30244112,-0.24315807,-0.26470345,-0.14927375,-0.42062575,-1.2690213,-0.116852045,0.57681906,0.45841557,0.46026957,-0.4451604,-0.120460615,-0.15907797,-0.24793631,-0.29019013,-0.0026669158,0.18064448,0.021324147,0.10438606,0.10929859,0.19186269,0.40177584,-0.26168326,0.23628342,-0.2770754
4,-11.824728,16.096556,-30.85548,17.785934,49.603497,-4.3223467,-7.196617,-5.591386,-5.0183797,1.4056351,0.92440605,1.2499378,3.1729798,2.467403,0.5259247,1.2863538,0.760802,-1.9446585,0.7471475,2.2576287,2.139311,-1.069913,-0.96525145,-1.3050082,0.6899015,-1.569451,1.8899856,1.334439,0.04701341,0.5965617,0.3499902,0.4628104,0.76193917,2.2614405,-0.5971192,0.5538814,-0.017286478,-0.11691485,2.3794985,-0.618886,-0.07016027,0.98237085,0.06259273,-0.1475726,1.6145772,0.4317201,0.47525412,-0.31442243,0.496104,-0.41279158,0.33381355,0.295489,0.64679027,0.46515593,-0.6618433,0.91470444,-0.119768426,0.75541973,0.1075844,0.3337735,-0.19345799,-0.25301147,0.2170767,0.39704534,0.15461655,-0.28421515,-0.039023608,-0.5349988,0.027329579,0.6625434,0.18388808,0.3102602,0.6466578,0.13332,-0.17177813,0.049503736,-0.19000745,-0.1483404,-0.18360215,0.21179369,-0.18988839,0.16570824
5,14.997112,11.6766205,11.203545,7.7311893,-4.3223467,47.89748,-4.4529366,-6.5124435,2.1934705,2.6500883,1.2696362,-4.534895,0.5797824,0.37874973,-5.4456882,1.940768,-2.107037,-0.44909793,-1.6553113,0.46859553,-2.6531377,-0.28143802,0.3882033,-3.8858109,1.4422991,-1.2258204,-2.6118183,0.52298504,0.64613324,-1.2064898,-1.3426555,-0.7046361,1.859345,0.43335667,0.22417325,0.1882971,0.6754792,-0.10983386,-0.9172788,-0.36794448,-0.29348925,-0.5950747,-0.19337153,-1.1604453,0.6978904,-0.25898615,-0.3638742,1.2831407,-0.742906,0.3810144,0.039018802,0.24086633,-0.5242609,-1.0142365,0.15181066,0.069947526,-0.15892363,-0.10977593,-0.59053725,0.1521731,-0.33066368,-0.29248512,1.4289274,0.29095453,0.14093125,0.17966786,0.17763993,-0.29662573,0.01960964,-0.59309304,0.7302259,-0.28433537,0.16169721,0.30766892,0.03584209,-0.70622236,-0.30727583,-0.43789873,-0.2496818,-0.16970776,0.07530583,-0.09428415
6,-21.089828,-9.4490795,-12.551847,-11.530896,-7.196617,-4.4529366,36.577732,7.58282,1.7282305,0.48794407,-3.8475933,-0.58758307,-0.38683856,-3.7034733,1.0805323,5.9350014,3.4718227,2.6260085,-1.2963333,2.1152205,-0.3800587,0.5723506,-0.822237,-1.9596632,0.49361446,0.57675457,-1.1274447,-0.33312693,-0.93557304,-0.15630274,-0.17373353,0.17781846,-0.25872627,0.29097924,-0.58572483,0.53384364,0.48746085,0.020920467,-0.34424305,-0.58309263,0.22815958,-0.6876273,-0.19631907,-0.99560326,0.40800756,1.0907394,-0.33174628,0.53760636,-0.081687264,-0.25230688,-0.44076708,0.21870047,0.08813685,-0.043509077,-0.38047862,0.08296811,0.1384226,-0.22803211,0.50346565,0.025636982,-0.07091122,-0.35819417,0.27450842,-0.28045857,-0.35286295,0.111710444,0.13788185,-0.60927427,-0.14421195,-0.026474386,1.3016508,-0.2612216,0.6972698,-0.2975786,0.6401721,-0.5861197,0.060369484,-0.08342664,-0.07013109,0.14019293,0.2832997,-0.24964431
7,11.652045,20.428677,-8.813549,5.705414,-5.591386,-6.5124435,7.58282,30.861664,-4.1006517,6.31553,-1.6947927,-7.657815,0.89718145,1.8583939,1.2054504,0.0528609,0.35664058,-0.7832644,0.39052117,-2.2180543,1.6672192,-1.8849299,-0.22641273,0.73591626,2.0248477,0.89798474,0.5171962,-0.81504864,0.12001375,-0.74011254,0.009780311,0.605096,0.028345877,0.89273727,1.6876404,0.17555787,0.5419934,0.64106554,-1.4103212,0.50809383,0.40633714,-0.519023,-0.22232795,-0.14242186,-0.9230031,-0.527915,0.59327316,0.69615704,-0.19447649,-0.2213784,0.019272203,0.2749561,-0.123247296,-0.2569592,0.40065664,-0.60104954,-0.07540293,-0.440719,0.030131008,-0.11583891,-0.57079583,-0.16586754,-0.93361825,-0.35448828,0.037180793,0.33200902,0.0706771,-0.09057043,0.1800178,-0.18288624,-0.20378132,-0.20711772,-0.27948266,-0.023921227,0.08573589,-0.2390944,0.34558916,0.12217001,-0.06139852,0.036285616,-0.03101343,-0.3459764
8,-0.5490627,3.6569006,-4.190749,-4.856101,-5.0183797,2.1934705,1.7282305,-4.1006517,38.24439,-3.336731,-2.9120512,0.5385196,1.1727395,-0.43380547,2.8207393,0.84292686,2.4425344,0.63806856,1.4314723,-0.5354276,-0.11909689,0.92743117,0.8837507,-0.17600623,0.9409839,1.1570914,0.9108162,0.9004762,0.5702337,1.1326995,0.8068594,-0.83370036,0.29504308,1.2547972,0.3624544,0.40480536,-0.5204247,1.837108,1.2528641,0.06590106,0.8914744,0.5902544,1.2050369,0.6892414,0.26037344,-0.4962601,0.14133789,0.8449799,0.57201564,-0.062335,0.7785964,0.1509031,-0.06541322,-0.3722661,-0.27989966,-0.013904536,-0.04179675,-0.38466644,0.3142532,0.2963959,-0.5306946,-0.037672356,-0.18289456,0.03953798,0.8159311,-0.062071774,-0.021877097,-0.49783993,-0.26449072,-0.13807307,-0.24727158,0.33107597,-0.21141109,0.5359343,-0.017713241,0.33680782,-0.16644493,-0.13654932,0.22630523,0.09823947,0.029663393,-0.30802095
9,-5.03988,-7.2817545,2.9432464,4.3635654,1.4056351,2.6500883,0.48794407,6.31553,-3.336731,26.7299,0.033268176,0.7922927,-0.1980145,1.5158716,0.9946855,0.10373369,-0.5671228,2.3267756,2.4416418,-1.2013211,-2.4126039,-1.7716787,0.35823488,-0.29249245,-0.45488063,-0.53660977,0.74705243,0.4744365,0.55340654,-0.37821206,2.5438828,-0.9496145,0.54375196,0.8212197,0.6465379,0.56642187,0.7642528,0.8539175,0.07240757,-1.2881652,-1.3005681,-1.9569774,-0.63169086,-0.67229986,-0.69312644,-0.3245516,0.9235171,-0.23720673,0.63710165,0.28801554,0.13174075,-0.73243725,0.82857716,0.38859475,-0.0486114,-0.3849944,0.32193226,0.056684606,0.73912066,0.4655319,0.02370779,0.6510888,0.50139797,-0.07793814,-0.08191779,-0.11712058,-0.64211124,-0.0020658046,-0.33833954,-0.1723192,0.47114843,0.0065112803,-0.19618595,0.27517354,-0.35195783,0.085040495,-0.17178753,-0.1907361,0.2701223,0.31600633,-0.18564802,-0.4964031
10,-9.507907,-3.5973132,-1.8223147,-2.7435355,0.92440605,1.2696362,-3.8475933,-1.6947927,-2.9120512,0.033268176,18.935055,1.4345593,4.5346375,1.7801492,1.7639055,-1.8671131,1.4228685,-4.140632,2.4481263,-2.1371336,0.1576137,0.34866267,2.8019853,0.89541894,0.04359854,0.18027297,0.42609456,-1.0682797,-0.91935277,0.15256327,-0.22238179,0.20155227,-1.6031721,1.1265998,-1.4508519,-0.56558466,0.66715556,0.5350323,-0.26528448,-0.551665,0.242111,-0.49002016,0.42590165,-0.5785209,0.6334989,-0.13698263,-0.6639137,0.659539,-0.740739,0.35215664,0.08709741,-0.3944617,0.3704757,0.25269783,1.278942,-0.34644437,-0.22587776,-0.2688191,0.25991738,0.3861527,-0.21624069,0.27605557,-0.014989726,-0.08472513,-0.2618692,-0.12167756,0.19805816,-0.47016728,0.03714344,0.08413343,0.05829869,-0.18949685,0.18501535,-0.065525174,0.19667354,-0.024639335,0.10236481,-0.3439731,-0.15934736,0.07351912,0.18495722,0.10187196
11,7.5015116,4.491153,-1.86448,6.462718,1.2499378,-4.534895,-0.58758307,-7.657815,0.5385196,0.7922927,1.4345593,20.728199,1.1779691,-1.3392448,0.44702184,1.2348194,0.48011857,0.71104014,0.9394696,0.2515303,-2.506763,-0.82105136,1.1271883,1.0986835,0.008491691,-0.05101089,-0.71805,-0.57014316,-1.3856528,1.6717556,-0.957029,-0.07246347,-0.7947904,-1.4272089,-0.08375424,-0.83587486,-1.6449109,0.069096476,-1.0578897,-0.28223342,0.1849687,-0.4842357,-0.17808655,-0.60479975,-0.8442816,0.4656719,0.39267695,-0.34615886,-0.2644499,-0.25899014,-0.41946822,-0.5342468,-0.42310542,-0.29802436,-0.4825759,-0.08351509,-0.12782227,-0.14427188,-0.029246302,0.16325508,0.39990282,0.3560182,0.33272505,-0.15625179,-0.25868073,0.12825419,-0.088473305,0.401087,-0.15050776,-0.3755576,0.32887763,-0.13587141,-0.087968424,0.04769998,0.39835325,0.09643297,-0.15709382,0.2830341,0.018909575,0.07478645,0.2594616,-0.44605827
12,-5.835896,-4.0701027,-9.606652,-2.4091744,3.1729798,0.5797824,-0.38683856,0.89718145,1.1727395,-0.1980145,4.5346375,1.1779691,14.6384325,0.63480175,-3.0612588,-1.7433411,-0.82271516,-0.73793614,-0.21192354,-0.56419754,-0.14048584,0.39662817,0.39462823,-2.6201282,0.13356961,0.7318388,-0.30196267,0.89985985,-0.95002055,-0.42786884,-1.4224374,-0.057546206,0.3533156,-0.4700732,-0.49174875,0.15190305,-0.8896208,0.5114684,0.20324467,-0.13224062,-0.60305375,0.14481255,-0.34054583,-0.23868667,0.8491861,0.22386092,0.032281116,0.2031973,0.58915555,0.43397745,0.88605607,-0.09839101,0.057616495,-0.8399122,0.04556556,0.16265617,0.35223022,-0.014497773,0.3368616,0.2042122,-0.334212,0.06395862,0.06857614,-0.18611997,0.2842766,0.36799034,-0.062277094,0.0017417748,0.22611612,-0.27245852,-0.3341593,-0.35661888,-0.21526246,-0.09621833,0.26707876,-0.5604054,0.34633029,-0.05624865,0.046666667,0.43485767,-0.015320823,-0.21232373
13,12.5955925,-1.6394451,2.289163,3.308067,2.467403,0.37874973,-3.7034733,1.8583939,-0.43380547,1.5158716,1.7801492,-1.3392448,0.63480175,10.817457,-2.7437534,-0.10320896,-0.75599325,1.5330157,0.48950607,0.036819696,0.17409018,0.64997524,-0.19578037,-1.7779498,0.78323567,1.2059965,0.8405161,-0.01925354,0.14686978,0.33861065,-0.78734744,-0.42421114,-1.0571483,1.1406549,-0.1366459,-0.4424771,1.1768184,2.311963,-0.5687587,0.28225985,0.3556655,0.2531322,0.9082153,0.57407796,-0.02193297,0.19330242,0.279554,-0.14093381,0.5856056,0.11407197,0.23685555,0.3816843,0.60492957,0.32739517,-0.06815849,0.068400845,-0.112234816,0.18777622,-0.11675838,-0.4122641,-0.2190594,-0.08967045,-0.17798518,0.19009614,-0.44116214,0.21923326,-0.4948823,0.08066089,-0.2802447,-0.2281496,0.3553572,0.37045443,-0.11385444,-0.00638711,0.40369558,0.2018717,0.20495717,-0.10003385,-0.0454468,-0.038211904,0.0022763298,0.28577954
14,5.677102,-1.5092571,-4.372965,2.7692757,0.5259247,-5.4456882,1.0805323,1.2054504,2.8207393,0.9946855,1.7639055,0.44702184,-3.0612588,-2.7437534,9.827751,-0.6599865,-1.314269,-0.58726096,-0.51565266,-0.32551226,-0.043258846,0.746895,0.87126493,-0.19908008,-1.4321406,0.14433795,-0.61956906,-0.5694275,0.00609555,0.8930961,0.6101223,0.3534289,-0.52743256,0.64736813,0.49361253,0.23482496,-0.46900597,-0.1593324,-0.12048228,-0.978305,0.6762034,-0.4438187,0.44442153,-0.9621649,-0.092429325,-0.717838,-0.81781733,-0.0719416,-0.066703334,0.044098955,0.07393056,-0.09998705,-0.15795232,0.5688391,0.49467468,0.16760041,-0.14266178,0.48357671,0.47251868,0.1643842,0.5209829,-0.6642185,-0.12602976,-0.19489446,0.21453351,-0.22935991,-0.22068465,-0.30491078,-0.33192688,0.08705031,-0.11311245,-0.2087276,0.31647283,0.30201533,-0.26495215,0.43120593,0.2993375,0.11201625,-0.07588336,0.010327118,-0.022952873,-0.091286376
15,2.7555215,0.715428,1.1926086,6.591109,1.2863538,1.940768,5.9350014,0.0528609,0.84292686,0.10373369,-1.8671131,1.2348194,-1.7433411,-0.10320896,-0.6599865,14.248842,1.7706847,-1.782836,-1.5290148,-0.7230242,0.5713252,1.3030927,2.0873842,-0.72332287,1.3546557,-1.0281994,-0.78302443,0.30208334,-0.52907056,-0.03573843,-0.037725784,-0.22781321,-0.27716807,-0.7080394,-0.56209534,0.88996327,1.323406,-0.43886012,0.27564,-0.15737796,-0.43928647,-0.63452595,-0.083011344,0.8213867,0.98581725,0.6424832,0.40197724,-0.029469557,0.33579937,0.07682244,0.13153206,0.58085555,0.061285056,-0.13855894,0.2122804,-0.5008662,0.072745614,-0.0054634567,0.33976856,0.43281674,0.5777881,-0.16536286,-0.12731451,0.10095288,-0.009013267,-0.0055247904,-0.01837945,-0.06760402,-0.1828278,-0.334768,-0.15079445,-0.25229764,0.057444576,-0.079155855,0.037756655,0.15970537,-0.06108785,-0.33537632,0.00715846,-0.05434079,-0.071961805,0.19585118
16,2.869254,-0.9510291,-3.1850963,3.0749764,0.760802,-2.107037,3.4718227,0.35664058,2.4425344,-0.5671228,1.4228685,0.48011857,-0.82271516,-0.75599325,-1.314269,1.7706847,12.9855385,1.1253576,1.1468936,0.81375456,1.0796402,-0.42343253,-0.08991265,0.21282119,-0.1362527,-0.877549,-0.8346629,-0.26378158,0.36742455,-0.8714904,-0.5653517,-0.5584121,-0.41013828,0.58392334,0.2671085,0.454109,-0.10017455,0.1962112,0.23920652,0.44879803,0.25414437,0.16096786,-0.50497985,-0.13385297,-0.5493674,-0.33799735,-0.36744672,1.0239589,-0.59448004,0.6917213,-0.09089799,-0.7530217,0.36123365,0.3494012,-0.40911812,0.20335492,0.37143916,-0.49253574,-0.31806734,0.07635608,-0.4139741,0.5001081,0.29027754,0.5363147,0.021077972,0.069655664,0.29244193,-0.12475775,0.117319584,0.1452129,-0.08881678,-0.27626634,-0.55172247,0.29286176,-0.086040996,0.25343177,-0.25106627,-0.17683904,0.37131113,-0.02552088,-0.009373248,0.08202009
17,-1.1932058,2.9963627,1.8326169,-0.09648514,-1.9446585,-0.44909793,2.6260085,-0.7832644,0.63806856,2.3267756,-4.140632,0.71104014,-0.73793614,1.5330157,-0.58726096,-1.782836,1.1253576,6.4768786,-0.76515925,1.2271895,0.2601443,1.8686837,0.7202374,-0.5421726,-0.85832644,0.7110677,-0.15230997,0.2498796,-0.26603535,-0.4511562,0.15033306,0.47449622,0.6652651,-0.06546219,-0.095639415,0.03765308,-0.13122483,0.29355097,-0.53998363,-0.7030474,-0.5540946,-0.23057267,0.591337,0.01786999,-0.65396327,0.43516365,-0.2613432,0.09661659,0.07256103,-0.21643493,0.4131772,0.09332408,-0.40611812,0.06145758,-0.3413748,0.32996535,0.17666751,-0.06411914,-0.093526445,-0.25425088,0.0923689,0.19748309,0.2576354,0.12127303,-0.18813896,-0.013481106,-0.014144926,0.14655149,0.12460217,0.0399963,0.11939725,0.13140996,-0.009721611,-0.0009717675,-0.11126099,0.16724902,0.10000709,0.08170768,0.32097965,0.07951848,-0.015824247,0.14433587
18,2.481544,0.9272834,0.9482461,0.79809415,0.7471475,-1.6553113,-1.2963333,0.39052117,1.4314723,2.4416418,2.4481263,0.9394696,-0.21192354,0.48950607,-0.51565266,-1.5290148,1.1468936,-0.76515925,10.493913,-0.3790728,1.5772033,1.0216095,0.17688094,0.23319703,-1.2902927,1.0627801,-0.17900792,1.7654848,0.15465105,-0.49692792,0.5300218,-0.4063527,0.23794237,0.20425156,0.3692021,0.2828857,0.7816173,-0.023518162,-0.3370403,0.031589046,0.39313266,0.08281343,0.1687525,0.0028135446,-0.08131832,0.34419703,0.0009520325,0.6263041,0.17290159,0.5008729,-0.34383893,-0.30999988,-0.45474473,-0.049241994,0.18937197,-0.6874056,0.09452999,-0.37729815,0.030437384,-0.36037374,-0.15127157,-0.04717955,0.12769885,-0.44974315,0.27798474,0.002437955,-0.093720905,0.16627976,0.09172272,0.042859107,0.032033622,0.2971602,-0.007013942,-0.025170278,0.070376456,0.3761273,-0.5673456,0.076619536,-0.09277408,-0.30421054,0.042135745,-0.14324166
19,0.9311903,-0.021936521,0.271163,0.84725434,2.2576287,0.46859553,2.1152205,-2.2180543,-0.5354276,-1.2013211,-2.1371336,0.2515303,-0.56419754,0.036819696,-0.32551226,-0.7230242,0.81375456,1.2271895,-0.3790728,6.395196,-0.9946054,0.30509508,-0.62271583,0.7328425,-0.49013594,-0.31811702,0.1946406,0.24222127,0.512335,-1.5790069,-0.13071337,-0.34293586,-0.19115487,0.8876074,0.5677593,-0.19109778,-0.5111605,-0.20470235,-0.07810746,-0.43752724,0.24778377,0.31881052,0.5146444,-0.154092,0.04423713,0.1420423,0.17124769,0.23452629,-0.35917777,0.14043836,-0.38181525,0.43226153,0.2700646,-0.27227485,-0.77494264,0.110195026,0.5537547,0.18941382,0.18573153,0.87190914,0.21991213,-0.2154974,0.07217088,-0.25747,0.058514312,0.059495106,0.054258943,-0.25233096,-0.33197397,-0.02445085,-0.1372293,0.38412976,-0.16467744,-0.06264273,0.38283575,-0.111367114,0.015055396,0.30474454,-0.094602376,0.19650012,0.023494799,-0.14324042
20,-1.2234342,-2.699604,-1.5850816,0.8314519,2.139311,-2.6531377,-0.3800587,1.6672192,-0.11909689,-2.4126039,0.1576137,-2.506763,-0.14048584,0.17409018,-0.043258846,0.5713252,1.0796402,0.2601443,1.5772033,-0.9946054,8.321578,-0.039538328,0.08646913,0.49365082,-0.13585557,-0.5732514,-1.6884549,-0.30776098,0.41743153,0.13528153,-1.0180979,-0.36000454,0.030905606,-0.19285879,-1.2777263,-0.26069403,-0.49392313,-0.3964219,-0.28189808,0.25134328,0.31513703,-0.15342918,0.5922228,0.333484,-0.41560853,0.16362698,-0.014691628,0.43995747,-0.26426303,0.19435361,0.22926047,0.18773207,-0.14987844,-0.13635997,-0.092124745,0.00816077,-0.31548822,0.10474594,0.14322695,-0.100260556,-0.4770134,-0.063558705,-0.20710886,-0.1931889,-0.1645434,0.49979728,0.2119605,0.03256772,0.502513,0.015531814,-0.15772954,-0.072127506,-0.009851149,-0.1416515,-0.24367057,0.21765363,-0.11324909,0.0014003138,0.08131847,-0.26898265,-0.2694798,0.06381841
21,1.4596624,1.988255,2.1209764,-1.182961,-1.069913,-0.28143802,0.5723506,-1.8849299,0.92743117,-1.7716787,0.34866267,-0.82105136,0.39662817,0.64997524,0.746895,1.3030927,-0.42343253,1.8686837,1.0216095,0.30509508,-0.039538328,4.443337,1.2844737,-0.6177537,0.88595223,0.53002584,0.620914,-0.14524697,-0.12252104,-1.0957465,0.38105604,0.39077225,0.36840937,-0.3332045,0.35179433,0.096689805,0.05652865,0.032365344,0.10926195,-0.5221474,0.15299852,-0.038107492,-0.09951833,-0.30766386,0.22804388,0.6599597,-0.5263259,0.032267064,0.37956172,-0.26066494,0.49374798,-0.09886365,-0.34479183,0.27237016,0.41190618,-0.14504474,-0.14444247,0.10405102,0.09677302,-0.0027662893,0.40629733,-0.19142477,0.05201555,-0.08809134,0.18161507,-0.103860214,0.1758067,-0.08576004,-0.05036795,0.23719287,-0.16917226,0.17499623,0.11929048,0.026909476,-0.095275655,0.109084256,-0.018876348,-0.08613664,0.020941671,0.083850905,0.05380389,0.113149785
22,2.9941561,3.7573726,3.3494816,0.8562496,-0.96525145,0.3882033,-0.822237,-0.22641273,0.8837507,0.35823488,2.8019853,1.1271883,0.39462823,-0.19578037,0.87126493,2.0873842,-0.08991265,0.7202374,0.17688094,-0.62271583,0.08646913,1.2844737,6.9753146,1.0062194,-0.68715715,0.8667251,0.021819498,0.85745394,0.42921197,0.26830325,-0.43652052,-0.26206386,-0.6508614,0.4131266,-0.2624759,0.5819447,0.3634091,0.08248214,-0.59568465,0.1631056,0.41880238,-0.26076606,-0.15444177,0.068750605,0.12654635,0.26829514,-0.026543811,-0.3720737,-0.24671537,-0.085140586,-0.51218927,0.2841303,-0.32230198,0.46042052,0.15327615,-0.027574543,0.21713194,-0.11104153,0.26488167,0.3081838,-0.053854,0.17125797,-0.30993673,0.39204115,-0.2168844,-0.2139549,0.30795377,-0.34692407,0.016991578,-0.006589026,-0.07105017,-0.107879736,0.15306011,-0.091668636,-0.052778002,-0.1909701,0.1382402,-0.24782413,0.1583639,0.20187297,-0.20352572,0.010652531
23,1.31217,1.618449,2.8457904,-0.46886772,-1.3050082,-3.8858109,-1.9596632,0.73591626,-0.17600623,-0.29249245,0.89541894,1.0986835,-2.6201282,-1.7779498,-0.19908008,-0.72332287,0.21282119,-0.5421726,0.23319703,0.7328425,0.49365082,-0.6177537,1.0062194,4.866919,0.7222768,0.7566831,1.1539326,-0.12201547,-0.18335834,-0.28750873,0.018186767,-0.127212,-0.044263493,0.025373291,-0.07259442,0.6161649,-0.3387369,-0.53149045,0.08522381,-0.053792484,-0.48687732,0.305662,-0.41875646,0.4759143,-0.20148607,0.19652796,0.6456282,0.037418213,-0.74374795,-0.59888273,-0.5239424,0.09142795,0.51315886,-0.06900545,0.19437625,-0.043150585,0.32856447,-0.20354456,-0.025241513,0.21564102,-0.063762374,0.04945243,-0.30307806,0.038530275,0.09357765,-0.012261966,0.35286003,-0.09468369,0.0657244,0.033622812,-0.18659486,0.16118333,0.14332223,0.16389172,0.08308393,0.016538758,-0.16308925,0.14017919,0.10431719,-0.055604562,-0.2346537,-0.047311828
24,-0.48499277,-0.8758105,0.22912022,0.6177237,0.6899015,1.4422991,0.49361446,2.0248477,0.9409839,-0.45488063,0.04359854,0.008491691,0.13356961,0.78323567,-1.4321406,1.3546557,-0.1362527,-0.85832644,-1.2902927,-0.49013594,-0.13585557,0.88595223,-0.68715715,0.7222768,7.016222,-0.7860505,0.07712631,-0.59836686,-0.2125453,0.5375765,0.41652295,-0.07608817,0.04205766,0.49515086,0.7769503,-0.05593434,0.32220122,-0.3976727,0.30845475,-0.027815353,0.39555436,1.0855844,-0.20558628,-0.90479386,-0.062107462,-0.7004278,0.5104505,-0.25906014,-0.2635349,-0.23371938,0.04963649,-0.3550688,-0.09247467,0.036436852,0.27084154,-0.06843774,-0.032595135,0.2898412,0.024906535,-0.24143174,0.25956383,0.16065092,-0.049784232,0.011071962,0.18893808,-0.095411524,0.07695194,-0.054849215,-0.11853658,0.05842166,-0.07775295,-0.061439157,0.0050692223,0.0022091377,0.21714398,0.07222451,-0.28492582,0.0016013944,-0.064881906,0.03721403,-0.003703324,0.016404498
25,-0.34741524,0.61054325,-0.31471878,2.7857351,-1.569451,-1.2258204,0.57675457,0.89798474,1.1570914,-0.53660977,0.18027297,-0.05101089,0.7318388,1.2059965,0.14433795,-1.0281994,-0.877549,0.7110677,1.0627801,-0.31811702,-0.5732514,0.53002584,0.8667251,0.7566831,-0.7860505,5.8719444,0.06786354,-0.15424562,1.2199726,-0.25348753,0.16969734,-0.97428334,-0.87861764,-0.55378276,0.29563746,0.45762938,-0.1561786,0.015120784,0.9306464,-0.21800542,-0.7284188,-0.256637,-0.14390078,0.38978326,0.42297167,-0.38519728,-0.24218735,0.32509205,0.26569027,-0.48168197,0.054186575,-0.0077872174,0.20825341,-0.26382917,0.28022015,-0.20686778,-0.0027582948,0.25926232,-0.03218224,-0.4209266,-0.12628436,-0.16621557,0.21584345,-0.23031676,0.11246191,0.06280787,0.37643015,0.103976846,-0.16842917,-0.054225966,0.10094388,-0.008062618,0.14955899,0.01443718,0.3747028,-0.08639236,0.24028623,0.17725132,0.019686254,-0.027083717,0.029169533,0.15941721
26,0.5215475,-0.595209,1.0528703,-1.0170662,1.8899856,-2.6118183,-1.1274447,0.5171962,0.9108162,0.74705243,0.42609456,-0.71805,-0.30196267,0.8405161,-0.61956906,-0.78302443,-0.8346629,-0.15230997,-0.17900792,0.1946406,-1.6884549,0.620914,0.021819498,1.1539326,0.07712631,0.06786354,6.6897316,-0.52656674,-0.200413,0.18256935,-0.18630025,-0.6469451,0.6954653,-0.7517071,0.6770618,-0.2856819,0.41432512,-0.31230664,0.19710505,-0.10180691,0.05188521,-0.17061187,-0.19427112,0.32131267,0.2284084,0.119190134,0.24037516,0.52979857,-0.4334393,0.34370935,0.15636946,0.19993785,0.105073944,0.25836775,0.0012725177,0.31313473,0.2545281,-0.14731684,0.32071495,0.3931799,0.14855775,0.13905892,-0.21704361,-0.08674142,0.34195903,0.06299141,0.2680938,-0.043062568,0.22868744,-0.06264943,0.2520975,0.048777185,0.046934508,0.2066427,-0.0026909418,-0.13771515,0.21728703,-0.14085737,0.09277281,-0.011873263,0.011479484,0.002833011
27,-1.5634003,0.114156306,-0.6298251,-1.0219156,1.334439,0.52298504,-0.33312693,-0.81504864,0.9004762,0.4744365,-1.0682797,-0.57014316,0.89985985,-0.01925354,-0.5694275,0.30208334,-0.26378158,0.2498796,1.7654848,0.24222127,-0.30776098,-0.14524697,0.85745394,-0.12201547,-0.59836686,-0.15424562,-0.52656674,5.241344,-0.066950925,0.47816974,-0.20885944,0.014627567,-0.35636938,0.42813212,-0.37829345,0.6612631,-0.16711278,-0.9446859,-0.9556419,-0.020388797,0.10524906,-0.03192854,0.22854963,0.0068708435,0.16090788,-0.15904647,0.55338454,-0.2709455,-0.031379897,0.04464422,0.12573309,0.3432306,0.2374198,0.35983345,-0.5598501,-0.19105965,0.3199816,0.117126256,-0.38095963,-0.38258576,0.13435808,0.09676595,0.12873861,-0.15773913,0.39532283,-0.062132284,-0.19608822,0.03812386,-0.15886623,0.3359555,-0.046891753,0.25135213,0.112495854,-0.03062135,-0.044073015,-0.09293628,-0.05158426,-0.14860484,-0.14798537,0.19006836,-0.18848796,-0.13946211
28,0.36297798,1.0626287,1.2867017,0.07332511,0.04701341,0.64613324,-0.93557304,0.12001375,0.5702337,0.55340654,-0.91935277,-1.3856528,-0.95002055,0.14686978,0.00609555,-0.52907056,0.36742455,-0.26603535,0.15465105,0.512335,0.41743153,-0.12252104,0.42921197,-0.18335834,-0.2125453,1.2199726,-0.200413,-0.066950925,3.8646717,-1.622771,-0.18783364,0.14747581,-0.8020925,0.12888457,-0.37465656,0.39855742,-0.6927117,-0.27830517,0.382805,0.38332808,-0.14006796,0.12638047,-0.11865474,0.13162822,-0.4839784,-0.47936338,0.14180234,-0.11872853,0.20492238,0.3640594,-0.098661445,-0.17627129,0.03652254,0.12185161,-0.41047138,0.015689187,-0.2716732,0.39899564,0.12557198,0.1085401,0.13574463,0.05007594,0.2347162,-0.18043812,0.031006126,-0.24396136,-0.030559985,-0.053355813,0.19315884,0.14802411,0.1047637,-0.19843848,-0.1616852,0.056283534,0.23868397,-0.16307642,0.010790989,0.09118393,-0.05095509,0.04709232,-0.118784115,-0.02969078
29,-1.9408357,-0.7123869,-1.2010248,-2.9230585,0.5965617,-1.2064898,-0.15630274,-0.74011254,1.1326995,-0.37821206,0.15256327,1.6717556,-0.42786884,0.33861065,0.8930961,-0.03573843,-0.8714904,-0.4511562,-0.49692792,-1.5790069,0.13528153,-1.0957465,0.26830325,-0.28750873,0.5375765,-0.25348753,0.18256935,0.47816974,-1.622771,3.8275657,-0.35973912,-0.16484287,-0.053945843,0.4294858,0.6952505,-0.069512546,0.3346613,0.105041064,-0.39980042,0.14771023,0.24985868,-0.46319616,-0.43541753,-0.031891026,0.1827935,-0.3639557,0.059726514,-0.19217533,-0.5826782,-0.049985923,0.42105845,0.14378844,0.0015373374,0.091781944,-0.113120615,-0.18817502,0.012905339,0.042240787,-0.19597194,-0.09651531,-0.19235158,-0.09507537,0.14280832,0.24316902,-0.12682751,-0.15105774,-0.14809065,0.19223762,-0.09401679,-0.30095744,-0.15139928,0.00054603396,-0.03226129,0.108889565,-0.0674741,0.22778654,0.13880758,0.047069978,-0.11301483,-0.092703804,-0.014574453,0.24350257
30,1.5976366,0.69347316,-0.116923675,-0.64634776,0.3499902,-1.3426555,-0.17373353,0.009780311,0.8068594,2.5438828,-0.22238179,-0.957029,-1.4224374,-0.78734744,0.6101223,-0.037725784,-0.5653517,0.15033306,0.5300218,-0.13071337,-1.0180979,0.38105604,-0.43652052,0.018186767,0.41652295,0.16969734,-0.18630025,-0.20885944,-0.18783364,-0.35973912,4.0669703,-0.3076446,-0.3364238,0.12242062,-0.21034193,-0.758366,-0.13369894,-0.10267714,0.801658,-0.40730584,0.04555185,0.46368653,-0.041741244,0.055442475,0.67541206,-0.14105585,-0.48248592,-0.36250424,0.4431001,-0.2688814,-0.2551988,0.07185031,-0.4632908,-0.09104761,-0.104528554,-0.25843835,0.12102613,-0.11352427,0.3681097,0.09483657,-0.12323476,0.14055881,0.07241522,-0.018438455,-0.081645116,-0.024279999,0.069500856,0.18923274,0.027870174,-0.07139571,-0.0834489,0.1234913,0.087049395,0.054542758,-0.32530117,-0.0049291095,-0.36710447,-0.05047161,-0.11032561,0.09642851,0.14579716,0.1357466
31,1.2447464,-1.177803,-0.8960074,1.5897908,0.4628104,-0.7046361,0.17781846,0.605096,-0.83370036,-0.9496145,0.20155227,-0.07246347,-0.057546206,-0.42421114,0.3534289,-0.22781321,-0.5584121,0.47449622,-0.4063527,-0.34293586,-0.36000454,0.39077225,-0.26206386,-0.127212,-0.07608817,-0.97428334,-0.6469451,0.014627567,0.14747581,-0.16484287,-0.3076446,3.5059958,0.06985955,0.26536265,0.07733739,0.34605914,-0.0680376,0.18334095,-0.0072296187,-0.20391446,-0.19540706,-0.14503571,-0.19097856,0.7369874,-0.19629279,0.14831123,-0.5883617,-0.29890382,-0.50391126,0.02475015,0.6511378,-0.043723725,-0.18836725,0.011072449,-0.019980753,0.042744335,-0.040105395,-0.2373484,-0.519236,0.004882007,0.002433694,-0.14580005,-0.0880509,-0.18515763,-0.07647075,-0.35785133,-0.22948673,-0.08028945,0.1491995,0.31090915,-0.33396623,-0.04575615,-0.049182538,-0.029471396,0.19752097,-0.047164228,0.049468193,-0.05608999,0.15416871,0.048541054,0.29977128,0.08942721
32,1.4548016,0.8628029,-0.11669798,-0.13447537,0.76193917,1.859345,-0.25872627,0.028345877,0.29504308,0.54375196,-1.6031721,-0.7947904,0.3533156,-1.0571483,-0.52743256,-0.27716807,-0.41013828,0.6652651,0.23794237,-0.19115487,0.030905606,0.36840937,-0.6508614,-0.044263493,0.04205766,-0.87861764,0.6954653,-0.35636938,-0.8020925,-0.053945843,-0.3364238,0.06985955,2.798657,0.3910593,-0.049970254,0.22836074,0.025746718,-0.47098935,-0.010846283,0.010644849,-0.39929137,-0.14116898,-0.06957401,-0.024614137,0.26148027,0.4266733,0.36895123,0.3156162,-0.44021702,0.11323331,0.15674135,-0.17633288,-0.5653222,-0.36628622,0.1731525,-0.056570224,0.24806906,0.256549,0.28764072,-0.35824376,0.101282984,0.088831395,-0.24679679,-0.11798935,-0.19365771,0.1290617,0.22085726,-0.12882742,-0.09645736,0.15881118,-0.13724115,0.26573533,0.00036772108,0.035550565,-0.12972185,0.22851568,0.07900283,-0.010078016,0.13787551,-0.008050275,0.065570205,-0.041542742
33,-1.4829549,-3.072889,-0.6074097,-0.4578607,2.2614405,0.43335667,0.29097924,0.89273727,1.2547972,0.8212197,1.1265998,-1.4272089,-0.4700732,1.1406549,0.64736813,-0.7080394,0.58392334,-0.06546219,0.20425156,0.8876074,-0.19285879,-0.3332045,0.4131266,0.025373291,0.49515086,-0.55378276,-0.7517071,0.42813212,0.12888457,0.4294858,0.12242062,0.26536265,0.3910593,4.158596,0.52925944,-0.40371418,0.028119486,-0.09604712,-0.20704329,-0.006075658,0.37175196,0.0480968,-0.085424386,-0.14055985,0.41321063,0.67038155,0.5643634,0.27139312,-0.03766109,-0.06942204,-0.43361765,0.06791355,0.22509353,-0.16535446,0.02595783,-0.23304577,-0.06645973,0.11657496,-0.13455468,-0.02754596,-0.20123021,-0.17745504,0.06362717,-0.09206878,-0.3740068,-0.24503873,-0.0074766846,0.21230473,0.07677397,0.113205254,-0.13064042,0.12330592,0.097039595,0.26502606,0.24935427,0.15764199,0.07104303,0.059870325,-0.17725098,0.15320083,-0.1453393,-0.0089914985
34,-0.72730994,0.25123045,1.472647,2.2222843,-0.5971192,0.22417325,-0.58572483,1.6876404,0.3624544,0.6465379,-1.4508519,-0.08375424,-0.49174875,-0.1366459,0.49361253,-0.56209534,0.2671085,-0.095639415,0.3692021,0.5677593,-1.2777263,0.35179433,-0.2624759,-0.07259442,0.7769503,0.29563746,0.6770618,-0.37829345,-0.37465656,0.6952505,-0.21034193,0.07733739,-0.049970254,0.52925944,2.6130223,-0.091461584,-0.030096766,0.2506974,0.23498814,0.10514004,0.80953926,-0.14592434,-0.3292138,-0.21208216,-0.08973369,-0.09482114,0.0905734,0.23031862,-0.35955822,0.13076353,0.40754226,-0.023745637,0.09378049,0.058445424,-0.057493657,-0.038120136,0.07266707,-0.1707632,-0.34924966,0.21633753,-0.11234237,-0.22588894,0.24498394,-0.1814707,0.08380266,-0.14701566,0.12411204,0.27422363,-0.029807646,-0.023422299,0.051160887,-0.097206116,-0.005237015,0.076249465,-0.15441236,-0.0756586,0.112177074,0.06900528,-0.047402345,0.0864474,-0.018604584,-0.014956822
35,0.20682202,-0.67283267,0.11188927,0.27228913,0.5538814,0.1882971,0.53384364,0.17555787,0.40480536,0.56642187,-0.56558466,-0.83587486,0.15190305,-0.4424771,0.23482496,0.88996327,0.454109,0.03765308,0.2828857,-0.19109778,-0.26069403,0.096689805,0.5819447,0.6161649,-0.05593434,0.45762938,-0.2856819,0.6612631,0.39855742,-0.069512546,-0.758366,0.34605914,0.22836074,-0.40371418,-0.091461584,2.5691001,-0.093872234,0.6014755,-0.12405522,-0.026794404,-0.5767096,0.14997533,-0.6662997,-0.1135744,-0.25923204,-0.1365954,0.17637466,0.13496435,-0.079664156,0.19357446,-0.038495384,0.012151848,0.11985572,0.118832156,-0.083534926,0.17932713,0.06894039,0.3796909,-0.087303475,-0.3583489,0.28794885,-0.29521868,0.119227834,0.09229317,0.14838809,-0.05324208,0.10989628,-0.061592016,-0.043834977,-0.07215865,-0.17399481,-0.086787544,0.15968782,0.08084299,-0.17540005,0.18316126,0.032217376,-0.0058873286,-0.06236937,0.14358306,-0.09840186,0.20805313
36,0.46586636,0.5136491,0.7472751,-1.0442855,-0.017286478,0.6754792,0.48746085,0.5419934,-0.5204247,0.7642528,0.66715556,-1.6449109,-0.8896208,1.1768184,-0.46900597,1.323406,-0.10017455,-0.13122483,0.7816173,-0.5111605,-0.49392313,0.05652865,0.3634091,-0.3387369,0.32220122,-0.1561786,0.41432512,-0.16711278,-0.6927117,0.3346613,-0.13369894,-0.0680376,0.025746718,0.028119486,-0.030096766,-0.093872234,2.469566,-0.09196968,-0.23702067,-0.19264162,-0.110395595,-0.16966932,0.82416725,0.31178874,0.2115816,0.15668091,-0.29833406,-0.13184807,0.15937692,0.36130935,-0.22457546,0.13164844,0.39696878,0.18062893,0.3874786,0.09519784,0.029948601,-0.124142274,-0.15680486,0.07237089,0.21399188,-0.18693861,-0.20336333,0.053905375,0.29317358,-0.11488828,-0.11389812,0.06485652,-0.0070787026,0.018764544,0.024188682,0.10853557,-0.084825605,-0.13826694,-0.0013949724,0.116806984,-0.08211957,-0.012429745,0.14804064,-0.075418115,0.058457553,0.07631375
37,-1.0915284,0.20871368,0.4553495,0.26660335,-0.11691485,-0.10983386,0.020920467,0.64106554,1.837108,0.8539175,0.5350323,0.069096476,0.5114684,2.311963,-0.1593324,-0.43886012,0.1962112,0.29355097,-0.023518162,-0.20470235,-0.3964219,0.032365344,0.08248214,-0.53149045,-0.3976727,0.015120784,-0.31230664,-0.9446859,-0.27830517,0.105041064,-0.10267714,0.18334095,-0.47098935,-0.09604712,0.2506974,0.6014755,-0.09196968,2.7803578,-0.17444292,-0.24499008,0.05289787,0.75702614,-0.086218074,-0.22944906,-0.3398967,-0.005250984,-0.016593259,-0.37554014,0.094857976,0.06412293,-0.015901718,-0.0062246392,0.3207296,-0.1911312,-0.0067077717,-0.080218345,-0.17247406,-0.19945845,0.08847681,-0.011364987,-0.18072599,-0.2356661,0.009623695,0.34751225,-0.3035261,0.1757733,0.19819534,0.063223325,-0.26649934,-0.09052344,-0.025892202,0.017313816,-0.120177664,-0.03820081,-0.104844086,-0.028521774,0.1279161,-0.12535204,0.097678944,0.019562442,0.046383947,0.017557172
38,-1.0260276,-2.2536516,-2.179284,0.8045083,2.3794985,-0.9172788,-0.34424305,-1.4103212,1.2528641,0.07240757,-0.26528448,-1.0578897,0.20324467,-0.5687587,-0.12048228,0.27564,0.23920652,-0.53998363,-0.3370403,-0.07810746,-0.28189808,0.10926195,-0.59568465,0.08522381,0.30845475,0.9306464,0.19710505,-0.9556419,0.382805,-0.39980042,0.801658,-0.0072296187,-0.010846283,-0.20704329,0.23498814,-0.12405522,-0.23702067,-0.17444292,2.1009388,0.59962153,-0.0031781606,-0.12913999,-0.20719212,0.3419074,0.39975834,-0.21636128,-0.21139531,0.062318444,0.29348648,0.03375803,0.32948995,0.16013259,-0.13853627,0.19344714,0.24723178,-0.040536936,0.09444606,0.07121941,0.024525646,0.041049726,0.04802163,0.24974218,0.07522315,0.03354086,-0.17849666,-0.17691916,0.1560807,0.12527429,-0.14091057,-0.051666018,0.1442275,-0.049243294,0.05199828,-0.053476647,0.16888604,0.09419894,-0.0063484358,0.04626259,0.10811246,0.098161295,-0.018332941,0.16177836
39,0.071492255,0.20098644,0.75998163,-0.5534525,-0.618886,-0.36794448,-0.58309263,0.50809383,0.06590106,-1.2881652,-0.551665,-0.28223342,-0.13224062,0.28225985,-0.978305,-0.15737796,0.44879803,-0.7030474,0.031589046,-0.43752724,0.25134328,-0.5221474,0.1631056,-0.053792484,-0.027815353,-0.21800542,-0.10180691,-0.020388797,0.38332808,0.14771023,-0.40730584,-0.20391446,0.010644849,-0.006075658,0.10514004,-0.026794404,-0.19264162,-0.24499008,0.59962153,2.1570992,0.84428775,-0.5552089,-0.34494346,0.36478764,0.062365115,0.17329049,0.41114855,-0.072510034,0.16114956,0.18096116,-0.046799943,0.15870854,-0.5190102,0.25296447,0.24329376,0.20286721,-0.06969851,-0.00011324417,-0.31586486,-0.1487413,-0.095035896,0.25161266,0.017786337,0.25217253,-0.20124882,-0.058176532,0.036268644,-0.11621825,-0.12514424,-0.0067023207,0.19596854,0.06957592,-0.1545966,0.023414839,0.1466908,-0.03213837,-0.107407376,0.19438359,-0.020558696,0.01898618,-0.14502549,0.061266534
40,-0.35172105,-0.54626715,0.5414642,1.175185,-0.07016027,-0.29348925,0.22815958,0.40633714,0.8914744,-1.3005681,0.242111,0.1849687,-0.60305375,0.3556655,0.6762034,-0.43928647,0.25414437,-0.5540946,0.39313266,0.24778377,0.31513703,0.15299852,0.41880238,-0.48687732,0.39555436,-0.7284188,0.05188521,0.10524906,-0.14006796,0.24985868,0.04555185,-0.19540706,-0.39929137,0.37175196,0.80953926,-0.5767096,-0.110395595,0.05289787,-0.0031781606,0.84428775,2.0224233,0.05996376,0.34422225,-0.16868165,0.037426684,0.22356117,-0.2051242,-0.1476663,-0.23771563,0.4260099,-0.06632873,0.123415895,-0.062102184,0.52276444,-0.23190942,-0.082464494,-0.05678688,0.24178758,-0.03942336,-0.025824085,-0.08120374,0.06673436,-0.19092837,0.0827176,-0.0423633,0.015145207,0.10377766,0.059625126,0.021937907,0.012757848,0.29551882,-0.0645408,0.07992029,-0.08366157,-0.00951549,-0.19284233,-0.14449519,0.083490625,-0.014837908,-0.008619432,0.085262924,-0.124813154
41,-0.21391036,-0.45198315,0.043498307,0.5743394,0.98237085,-0.5950747,-0.6876273,-0.519023,0.5902544,-1.9569774,-0.49002016,-0.4842357,0.14481255,0.2531322,-0.4438187,-0.63452595,0.16096786,-0.23057267,0.08281343,0.31881052,-0.15342918,-0.038107492,-0.26076606,0.305662,1.0855844,-0.256637,-0.17061187,-0.03192854,0.12638047,-0.46319616,0.46368653,-0.14503571,-0.14116898,0.0480968,-0.14592434,0.14997533,-0.16966932,0.75702614,-0.12913999,-0.5552089,0.05996376,2.2138574,0.1754427,-0.4046894,-0.22262278,-0.109543666,-0.005120085,-0.29716727,0.08923595,0.13260497,-0.37331092,0.24436101,0.04485438,-0.19247319,-0.051800348,0.14773244,0.11369945,-0.23663086,0.2367565,-0.10010716,0.08261138,-0.010585552,-0.24608627,-0.048429184,-0.22458133,0.07403815,-0.016658925,0.08369081,0.12787087,-0.012660351,-0.0017427327,-0.090683915,0.062182214,0.11258526,0.09158218,0.14492083,0.0012713138,-0.14392036,-0.060383484,-0.07057105,0.002077882,-0.03604991
42,-0.77066505,0.3212166,-0.29439044,1.3551632,0.06259273,-0.19337153,-0.19631907,-0.22232795,1.2050369,-0.63169086,0.42590165,-0.17808655,-0.34054583,0.9082153,0.44442153,-0.083011344,-0.50497985,0.591337,0.1687525,0.5146444,0.5922228,-0.09951833,-0.15444177,-0.41875646,-0.20558628,-0.14390078,-0.19427112,0.22854963,-0.11865474,-0.43541753,-0.041741244,-0.19097856,-0.06957401,-0.085424386,-0.3292138,-0.6662997,0.82416725,-0.086218074,-0.20719212,-0.34494346,0.34422225,0.1754427,2.1508896,-0.027066253,0.07337369,-0.1510467,0.06540806,-0.018590862,-0.060108647,0.14769715,0.031673744,0.18161923,0.023069227,-0.044093627,0.018209811,0.040267166,0.11685404,-0.16561367,0.07568535,-0.09382115,0.2024,-0.0844348,-0.04726561,-0.095951654,0.097469926,-0.100839004,0.13857114,0.12211025,-0.043170072,0.20747466,0.1670336,-0.03734503,-0.001426267,-0.37597436,-0.06916925,0.012857739,0.1979888,0.2152406,0.20248058,-0.07763267,-0.024406966,-0.04332299
