,0,1,2,3,4,5,6,7,8,9,10,11,12,13,14,15,16,17,18,19,20,21,22,23,24,25,26,27,28,29,30,31,32,33,34,35,36,37,38,39,40,41,42,43,44,45,46
0,55.439865,-17.68669,2.186695,-58.68566,-3.4533064,-14.712356,19.679066,2.3187928,-4.5545807,-13.811833,6.6650686,4.844537,3.5573306,-5.3187656,3.4493425,-8.469103,-1.1074,-4.1869507,-3.1422045,-2.3718653,-1.4715198,0.40094912,-2.3500054,-1.1994357,-3.5682335,-1.7362697,-0.19989082,-0.49089926,0.28489757,-1.9588065,-1.1616297,-0.954741,-0.03817172,0.19412975,-0.5003568,0.24776967,0.041652348,-0.3556528,-0.5623081,-0.39791995,-0.5152222,0.18544944,0.22033292,-0.009059399,-0.030705322,-6.997887e-08,8.876136e-08
1,-17.68669,114.4138,-67.45348,28.510454,-6.345657,-18.201694,20.843178,-23.44141,-14.43331,3.649209,-8.313788,4.3926535,-17.318169,-4.446631,3.581717,2.3646305,3.5544667,0.62445825,4.1284876,3.8322861,1.2076182,3.2706945,5.6698675,1.7530723,0.6524836,-5.3975143,2.3050191,-0.066642694,-4.935299,2.246,-0.80448747,1.8042834,0.2810343,1.2759393,1.3037477,-1.2304146,0.6914872,0.15057506,-1.2387642,-1.7164222,-0.27978244,0.25468796,0.05032289,-1.0270286,-0.00610134,3.083167e-08,-3.270102e-07
2,2.186695,-67.45348,55.94338,-8.43531,3.6091857,18.67192,-11.558123,2.1677647,20.472456,8.175419,10.257956,-6.7261715,11.302523,-3.5579991,0.20690536,-2.7355118,-1.2361145,-3.4614248,-5.3664894,-0.75359106,-0.74549234,-0.5017452,0.034708083,-0.21203086,1.7951249,5.2925644,0.3136565,0.7083255,2.7870789,-1.1356447,0.19523296,-0.44844344,0.55879873,-0.45913935,0.7890014,1.0956705,-0.43016374,0.056829892,0.08630702,0.6991465,0.53511477,-0.06320073,-0.26907596,0.40284103,-0.42118853,2.1294844e-07,1.1315946e-07
3,-58.68566,28.510454,-8.43531,80.97323,10.753126,19.877867,-12.5606,4.485992,-0.73127884,15.650236,-3.2696648,0.034486532,-9.665207,3.7529469,-1.6831276,-0.120020516,6.8441105,0.49488345,3.3475542,-0.043871175,-2.4680376,-0.15112294,0.6492356,-1.8711146,2.9067433,1.3465464,-0.33081096,0.10443692,0.91973174,2.1446805,1.9017962,-0.105764925,0.40953773,-0.52450514,1.5301415,0.96295094,0.5447625,-0.65444815,0.9046975,0.18092382,-0.20507684,0.25810456,-0.31665465,-0.50490105,0.034790747,1.9278477e-07,-1.5052473e-07
4,-3.4533064,-6.345657,3.6091857,10.753126,9.63451,9.733215,-0.34301573,6.8456044,-3.1998272,3.551342,1.2064037,3.1339486,-0.95980954,-1.3834901,-1.383636,-2.6499748,-2.3105316,0.62504023,-1.7051973,-2.08066,-1.1042796,1.4725788,-3.8837848,-3.6272929,-0.27119446,0.086272284,-1.2313104,-0.28948486,-0.09819684,0.7508313,-1.6734535,0.47853792,1.5827299,0.36603686,0.48236048,0.4188121,0.15276915,-0.34097776,-0.7194941,-0.1533266,-0.64154875,0.24895865,-0.1247779,-0.42662567,0.048306532,9.059028e-08,-9.5032725e-08
5,-14.712356,-18.201694,18.67192,19.877867,9.733215,20.053013,-10.363413,1.4902427,3.2035928,11.015184,1.3608649,0.86420214,1.5767963,-3.687231,0.7586825,-2.560215,-1.696939,1.4864805,-3.2868948,0.877494,-1.607662,1.4266613,-3.4455223,-1.7821221,1.4604152,0.6545229,-0.5887654,-0.71342593,0.75440246,-1.6302977,-1.9882832,-0.3294481,1.480564,-0.17667386,0.09225695,0.30119592,-0.30442494,-0.0930399,-0.3012973,0.10115443,-0.35578042,0.03417876,-0.21898288,-0.18487018,0.029988796,2.7364202e-08,-5.5586707e-08
6,19.679066,20.843178,-11.558123,-12.5606,-0.34301573,-10.363413,27.696726,-1.3829211,2.7105136,-4.5352116,4.8777475,-3.4646597,-7.5369434,-5.0085793,-1.8374772,-5.8644958,-1.0465314,-5.576594,1.23143,-2.8386126,-2.0751343,3.0244515,1.8492544,-2.5024269,0.77089316,-0.9448755,-0.8968207,-1.5216335,0.13160414,2.4353633,-0.49387336,-0.8171065,2.04316,0.12996957,0.9138292,-0.5224802,0.7918074,-1.2249446,-0.29502785,-0.56560403,-0.29321176,0.2794954,-0.030034557,-0.07308844,-0.08064179,9.143433e-08,2.775793e-09
7,2.3187928,-23.44141,2.1677647,4.485992,6.8456044,1.4902427,-1.3829211,36.09097,-0.8895761,-4.518342,5.370969,9.727553,-1.1889389,6.663823,-3.6682138,1.9689901,1.8400664,-1.9411209,0.7085903,-6.2300053,-2.4755428,-0.4641778,-0.13346887,-0.83738774,1.5194523,-1.8254662,-2.350463,-1.1093868,-0.598701,2.0466182,-0.8269495,-0.7603548,-0.3057425,-0.20486349,-2.4594412,-0.56710935,0.5123188,0.051256437,0.31872842,-0.82397425,-0.29296178,-0.089169726,0.32071579,0.8809878,0.19388741,3.9775593e-08,3.9717982e-08
8,-4.5545807,-14.43331,20.472456,-0.73127884,-3.1998272,3.2035928,2.7105136,-0.8895761,21.9224,5.781188,5.0704412,-11.086409,0.8979637,0.79700005,-0.5917206,2.2201996,0.92532873,-4.459176,0.4996907,-1.0477682,-0.034768373,3.131354,4.4029512,1.2627907,2.7852235,0.5881147,0.783819,1.2281532,-0.5214684,-0.09244381,-1.2764189,-1.1290774,0.5229654,-0.42650932,-0.5033937,-0.5737648,0.8061283,0.74362147,0.1972005,-0.63110423,0.19507799,-0.66160774,-0.24828628,0.36612263,-0.5260719,3.1246543e-07,-1.3201563e-07
9,-13.811833,3.649209,8.175419,15.650236,3.551342,11.015184,-4.5352116,-4.518342,5.781188,17.360113,3.614057,1.2130699,-1.9878044,-5.892351,0.7949388,3.584335,-2.7264028,-4.730011,-1.6878397,0.84585243,1.719755,-0.61947376,-0.24026348,0.024800591,-1.4326388,-2.4605386,1.2939351,-0.25958234,-0.0063441964,-1.708313,-1.1576023,0.8301043,0.41535953,0.37783694,0.42646828,-0.4144212,0.628566,0.015819857,-0.5290296,-0.31581748,0.34214926,0.153119,0.030549541,0.46118832,-0.32125258,1.8264956e-07,5.1078228e-08
10,6.6650686,-8.313788,10.257956,-3.2696648,1.2064037,1.3608649,4.8777475,5.370969,5.0704412,3.614057,14.593062,4.1395044,2.6093404,-0.18742618,-2.4267228,-1.6547093,0.39051032,-4.290515,-1.2655668,1.3362573,-4.702692,-0.2659434,3.5938134,1.7254901,-0.7193607,-1.9441731,0.35053456,0.6492466,0.62218547,0.29578024,-0.069688946,1.6264989,0.47158772,0.7443058,2.4937987,0.33111584,0.1816935,-0.8689964,-0.45185494,-0.82572,-0.08416746,0.6423667,-0.11415581,-0.094296165,-0.1471745,1.780424e-07,-8.216544e-09
11,4.844537,4.3926535,-6.7261715,0.034486532,3.1339486,0.86420214,-3.4646597,9.727553,-11.086409,1.2130699,4.1395044,19.700348,0.1739656,-5.847419,0.32910013,0.9846252,1.1480393,0.44924444,-1.8471955,-0.34278023,-1.1717861,0.10292425,2.5039454,0.2869621,-1.9463463,0.9987778,0.5208688,0.20786363,-0.2710647,-1.308449,-0.15325066,0.25898963,-0.93528426,0.7309555,-0.21238373,-0.08845211,-1.16528,0.3433022,-0.75110555,-0.6971412,0.33942968,0.22759105,0.21353409,0.02402205,0.33145368,-4.029983e-07,-6.768483e-08
12,3.5573306,-17.318169,11.302523,-9.665207,-0.95980954,1.5767963,-7.5369434,-1.1889389,0.8979637,-1.9878044,2.6093404,0.1739656,8.5857315,2.0204813,2.2310514,1.3982284,0.07198383,2.275436,-2.1531684,2.8216033,-0.77266145,-1.1953125,0.5205414,-0.40781516,-0.21427327,0.80955505,-1.576477,1.5215476,-1.331589,-0.06380007,0.5448689,1.2064757,-0.30941552,-0.017317187,1.2447944,0.14705624,-0.12156996,0.011313375,-0.3673935,-0.07838,0.23274684,-0.1558288,-0.0068221334,-0.3087281,0.021910887,1.3030848e-07,-8.3335124e-08
13,-5.3187656,-4.446631,-3.5579991,3.7529469,-1.3834901,-3.687231,-5.0085793,6.663823,0.79700005,-5.892351,-0.18742618,-5.847419,2.0204813,15.427698,-1.189129,1.6323125,3.920905,1.8068037,2.272355,-0.11743729,0.28060755,-0.42558002,-0.45184475,0.93074834,-1.2582695,-2.874799,-0.19323988,1.5827398,0.17524704,0.9352669,-1.542851,0.92059225,-0.25072277,0.24971473,0.3179412,0.11986752,-0.5724627,-0.7511984,0.398482,0.22492367,-0.4203261,0.5738839,-0.19112022,-0.5660746,-0.41349757,3.1533656e-07,3.2279672e-08
14,3.4493425,3.581717,0.20690536,-1.6831276,-1.383636,0.7586825,-1.8374772,-3.6682138,-0.5917206,0.7949388,-2.4267228,0.32910013,2.2310514,-1.189129,12.183481,-2.244997,6.8279543,-1.492855,-4.160765,1.1129911,1.777991,-1.9150124,-0.732049,-1.1798906,0.5491718,-0.8007077,-1.1960788,-0.62224907,-1.9747535,-0.111657925,-1.023419,-0.96851516,-0.881997,-0.25764492,0.025261203,-0.87118757,0.18647549,0.35436624,0.23015282,-0.3661452,0.04477728,-0.16023153,0.2907197,0.060953308,-0.29975176,4.1274e-07,-8.11944e-08
15,-8.469103,2.3646305,-2.7355118,-0.120020516,-2.6499748,-2.560215,-5.8644958,1.9689901,2.2201996,3.584335,-1.6547093,0.9846252,1.3982284,1.6323125,-2.244997,11.135814,-3.7371507,-0.60953367,2.148273,0.3732391,3.5248656,-1.0561051,2.5186443,0.63872814,-1.476009,-0.07613285,-1.5141621,-0.06952007,-1.7719615,0.45822042,-0.67926216,0.3117299,-0.6806323,0.036097147,0.07377006,-1.2335402,-0.07707487,0.49343467,-0.1534695,-0.24053511,0.7718854,-0.5106008,0.043816645,0.13116594,0.12888032,-1.1262173e-07,-1.00723696e-07
16,-1.1074,3.5544667,-1.2361145,6.8441105,-2.3105316,-1.696939,-1.0465314,1.8400664,0.92532873,-2.7264028,0.39051032,1.1480393,0.07198383,3.920905,6.8279543,-3.7371507,10.672045,-1.300586,-1.0426602,-0.46377638,-0.27349377,-0.32124013,2.7151494,-0.12313184,0.023457834,0.1888363,0.6925055,1.5177659,0.3541131,-0.1496689,0.010968593,-1.3265396,-0.8650738,0.62677735,-0.06662831,0.14917614,-0.2899523,-0.15180573,0.49660385,0.283162,0.12465546,-0.38026017,0.00046152488,-0.059533115,-0.18811247,1.0217607e-07,-2.9248417e-08
17,-4.1869507,0.62445825,-3.4614248,0.49488345,0.62504023,1.4864805,-5.576594,-1.9411209,-4.459176,-4.730011,-4.290515,0.44924444,2.275436,1.8068037,-1.492855,-0.60953367,-1.300586,8.784288,-0.6996517,3.1396434,-1.1911902,1.9397923,-0.06952621,-0.16664761,1.7293425,0.7088563,-0.073559776,0.9820316,0.7033968,0.51357293,-0.29230326,0.2718777,1.1994407,0.5458282,-0.80089545,-0.65364873,-0.3170649,0.8531872,-0.21054867,-0.05174367,-0.28543365,0.107833534,0.11658959,0.16901267,0.18411312,-4.4863434e-08,-7.984944e-08
18,-3.1422045,4.1284876,-5.3664894,3.3475542,-1.7051973,-3.2868948,1.23143,0.7085903,0.4996907,-1.6878397,-1.2655668,-1.8471955,-2.1531684,2.272355,-4.160765,2.148273,-1.0426602,-0.6996517,5.9833655,-0.00032635615,-2.3567228,-0.08212505,0.5586684,0.039989352,-1.636248,0.8907692,-0.3198493,0.25529462,-0.888733,-1.39024,0.378555,-1.8060219,-0.47319907,-0.85751927,0.24509181,0.28498536,0.1258299,0.1725184,0.14070739,0.77429664,-0.109379806,0.13662651,0.08711736,0.1036001,-0.15314797,5.5652333e-08,-5.7907688e-08
19,-2.3718653,3.8322861,-0.75359106,-0.043871175,-2.08066,0.877494,-2.8386126,-6.2300053,-1.0477682,0.84585243,1.3362573,-0.34278023,2.8216033,-0.11743729,1.1129911,0.3732391,-0.46377638,3.1396434,-0.00032635615,6.4286094,-2.7533598,-1.9515154,2.0251632,0.88365257,-0.17230567,-1.500469,-1.0949363,-0.2548297,0.48224384,-0.87936115,0.10971148,-0.40764314,1.1114802,-0.54501784,0.22126885,-0.6277605,0.28846267,-0.2627694,-0.014121192,-0.3556401,0.18845072,0.35537148,0.09451087,-0.012123087,0.037039578,7.783823e-08,-1.4641503e-08
20,-1.4715198,1.2076182,-0.74549234,-2.4680376,-1.1042796,-1.607662,-2.0751343,-2.4755428,-0.034768373,1.719755,-4.702692,-1.1717861,-0.77266145,0.28060755,1.777991,3.5248656,-0.27349377,-1.1911902,-2.3567228,-2.7533598,8.1373415,0.59376526,-0.25301886,-0.7612599,-0.63974816,-0.270576,-0.3890016,-0.10605378,1.9004123,1.0203335,-0.10681237,0.63956577,-0.7509771,0.4175156,-0.81782687,0.2371313,-0.7152741,0.17048275,-0.2677176,-0.12892006,0.84061,0.15281163,-0.011005828,-0.30499464,-0.098362654,-9.226291e-08,7.970237e-08
21,0.40094912,3.2706945,-0.5017452,-0.15112294,1.4725788,1.4266613,3.0244515,-0.4641778,3.131354,-0.61947376,-0.2659434,0.10292425,-1.1953125,-0.42558002,-1.9150124,-1.0561051,-0.32124013,1.9397923,-0.08212505,-1.9515154,0.59376526,9.33615,0.59683985,-1.4163864,2.0029752,-0.6941042,-0.81323683,1.8925493,0.23246445,-1.8694813,-0.6673856,0.27714282,-0.77065706,0.28644276,0.6303945,-0.54053473,-1.2116127,0.53068566,0.0054533114,-0.50997156,-0.14993125,-0.079445496,-0.05216911,-0.09812397,0.047975432,-1.0666691e-07,-1.7507685e-07
22,-2.3500054,5.6698675,0.034708083,0.6492356,-3.8837848,-3.4455223,1.8492544,-0.13346887,4.4029512,-0.24026348,3.5938134,2.5039454,0.5205414,-0.45184475,-0.732049,2.5186443,2.7151494,-0.06952621,0.5586684,2.0251632,-0.25301886,0.59683985,7.5255375,0.80517954,0.7428756,1.1817299,-0.27853534,1.0403417,0.81350064,0.6216407,0.3933432,-0.83050007,0.6841789,0.273285,-0.36614376,-0.24789307,-0.42517683,-0.20017183,-0.512877,-0.36628777,1.0335534,-0.08221323,-0.02963885,-0.053907815,-0.018849947,-1.6420337e-07,-3.3647986e-08
23,-1.1994357,1.7530723,-0.21203086,-1.8711146,-3.6272929,-1.7821221,-2.5024269,-0.83738774,1.2627907,0.024800591,1.7254901,0.2869621,-0.40781516,0.93074834,-1.1798906,0.63872814,-0.12313184,-0.16664761,0.039989352,0.88365257,-0.7612599,-1.4163864,0.80517954,6.881835,2.021339,-0.90238875,2.1561744,-2.0612464,0.43761075,-0.29871106,-0.64551425,0.22147785,-1.3248427,0.35052234,0.01817583,0.73509234,-0.59067345,0.7723766,0.29656088,-0.12906802,-0.3202771,-0.030687768,-0.18609655,-0.19976643,0.2654894,-2.4505232e-07,-2.408786e-09
24,-3.5682335,0.6524836,1.7951249,2.9067433,-0.27119446,1.4604152,0.77089316,1.5194523,2.7852235,-1.4326388,-0.7193607,-1.9463463,-0.21427327,-1.2582695,0.5491718,-1.476009,0.023457834,1.7293425,-1.636248,-0.17230567,-0.63974816,2.0029752,0.7428756,2.021339,6.591984,-0.313721,-0.85397065,-1.6088418,-1.3648216,1.084197,0.88317215,0.55147874,-0.34325457,-0.2888735,-0.7261791,0.33371636,-0.49474567,-0.0019186791,-0.38018876,0.13881949,0.31864333,-0.039283134,0.17653495,0.34786898,0.17125052,-3.5786826e-08,1.2255494e-07
25,-1.7362697,-5.3975143,5.2925644,1.3465464,0.086272284,0.6545229,-0.9448755,-1.8254662,0.5881147,-2.4605386,-1.9441731,0.9987778,0.80955505,-2.874799,-0.8007077,-0.07613285,0.1888363,0.7088563,0.8907692,-1.500469,-0.270576,-0.6941042,1.1817299,-0.90238875,-0.313721,7.6691246,1.271343,0.06350911,-0.6610937,1.474295,0.20435868,-0.7989783,0.09863758,-0.7078737,0.48726815,-0.15688628,-0.84059465,0.35744214,0.43116516,0.19599916,-0.056500003,-0.036215194,-0.24992415,-0.39339876,-0.10636142,-1.0095643e-07,-1.3441607e-07
26,-0.19989082,2.3050191,0.3136565,-0.33081096,-1.2313104,-0.5887654,-0.8968207,-2.350463,0.783819,1.2939351,0.35053456,0.5208688,-1.576477,-0.19323988,-1.1960788,-1.5141621,0.6925055,-0.073559776,-0.3198493,-1.0949363,-0.3890016,-0.81323683,-0.27853534,2.1561744,-0.85397065,1.271343,5.4303885,1.1947556,-0.11916637,-0.2473729,-0.4437759,1.4260874,0.19812676,0.58687544,-1.1622748,-0.1937575,-0.16784596,0.010263327,0.28417858,0.112866774,-0.43106142,0.025933687,-0.19543953,0.37211552,-0.32407692,-6.551309e-08,1.672059e-07
27,-0.49089926,-0.066642694,0.7083255,0.10443692,-0.28948486,-0.71342593,-1.5216335,-1.1093868,1.2281532,-0.25958234,0.6492466,0.20786363,1.5215476,1.5827398,-0.62224907,-0.06952007,1.5177659,0.9820316,0.25529462,-0.2548297,-0.10605378,1.8925493,1.0403417,-2.0612464,-1.6088418,0.06350911,1.1947556,3.8357515,-0.39154732,-0.630131,1.0340219,1.0181732,0.0677188,0.48103863,-0.19508216,0.33456948,0.67838395,0.31111795,-0.40585384,-0.2193141,-0.008306858,-0.28904915,-0.035300333,0.0114003075,-0.22842082,1.1672983e-07,-7.4638514e-08
28,0.28489757,-4.935299,2.7870789,0.91973174,-0.09819684,0.75440246,0.13160414,-0.598701,-0.5214684,-0.0063441964,0.62218547,-0.2710647,-1.331589,0.17524704,-1.9747535,-1.7719615,0.3541131,0.7033968,-0.888733,0.48224384,1.9004123,0.23246445,0.81350064,0.43761075,-1.3648216,-0.6610937,-0.11916637,-0.39154732,5.964007,0.15611264,0.71858466,-0.9442102,0.4229443,0.6120251,-0.017941948,0.1555166,-0.13156277,0.19371831,0.75623155,-0.176014,0.19183227,0.4114114,-0.050893217,0.04453113,0.22402772,-1.9171657e-07,3.990938e-08
29,-1.9588065,2.246,-1.1356447,2.1446805,0.7508313,-1.6302977,2.4353633,2.0466182,-0.09244381,-1.708313,0.29578024,-1.308449,-0.06380007,0.9352669,-0.111657925,0.45822042,-0.1496689,0.51357293,-1.39024,-0.87936115,1.0203335,-1.8694813,0.6216407,-0.29871106,1.084197,1.474295,-0.2473729,-0.630131,0.15611264,4.1527905,0.08571672,0.9083779,0.86091757,0.76763487,0.6916609,-0.2321068,0.53965414,0.31058002,-0.19591382,-0.31291538,-0.103143714,0.22408277,0.042794257,-7.323072e-05,-0.04147683,2.2587285e-07,-5.5443618e-08
30,-1.1616297,-0.80448747,0.19523296,1.9017962,-1.6734535,-1.9882832,-0.49387336,-0.8269495,-1.2764189,-1.1576023,-0.069688946,-0.15325066,0.5448689,-1.542851,-1.023419,-0.67926216,0.010968593,-0.29230326,0.378555,0.10971148,-0.10681237,-0.6673856,0.3933432,-0.64551425,0.88317215,0.20435868,-0.4437759,1.0340219,0.71858466,0.08571672,4.548074,1.0715384,-1.1880882,-0.7823648,0.03902141,0.70727193,0.77490056,-0.20731664,0.45709825,0.027908433,0.523154,-0.007943815,0.2199538,0.46473897,0.15347865,-1.9450379e-08,1.4531429e-07
31,-0.954741,1.8042834,-0.44844344,-0.105764925,0.47853792,-0.3294481,-0.8171065,-0.7603548,-1.1290774,0.8301043,1.6264989,0.25898963,1.2064757,0.92059225,-0.96851516,0.3117299,-1.3265396,0.2718777,-1.8060219,-0.40764314,0.63956577,0.27714282,-0.83050007,0.22147785,0.55147874,-0.7989783,1.4260874,1.0181732,-0.9442102,0.9083779,1.0715384,3.3659217,-0.20522296,0.17502636,0.42637867,-0.18260896,-0.15994227,-0.8962437,0.09139678,-0.41152984,0.005601317,0.101760045,-0.15006071,-0.04191804,-0.008953853,-3.230239e-08,1.5601489e-07
32,-0.03817172,0.2810343,0.55879873,0.40953773,1.5827299,1.480564,2.04316,-0.3057425,0.5229654,0.41535953,0.47158772,-0.93528426,-0.30941552,-0.25072277,-0.881997,-0.6806323,-0.8650738,1.1994407,-0.47319907,1.1114802,-0.7509771,-0.77065706,0.6841789,-1.3248427,-0.34325457,0.09863758,0.19812676,0.0677188,0.4229443,0.86091757,-1.1880882,-0.20522296,2.2474554,0.37692308,-0.84222543,-0.2890909,0.32574242,-0.64960575,-0.48726884,0.044030488,0.04078135,-0.1152388,-0.14699353,-0.09280107,-0.0047815177,-5.938654e-08,4.6627243e-08
33,0.19412975,1.2759393,-0.45913935,-0.52450514,0.36603686,-0.17667386,0.12996957,-0.20486349,-0.42650932,0.37783694,0.7443058,0.7309555,-0.017317187,0.24971473,-0.25764492,0.036097147,0.62677735,0.5458282,-0.85751927,-0.54501784,0.4175156,0.28644276,0.273285,0.35052234,-0.2888735,-0.7078737,0.58687544,0.48103863,0.6120251,0.76763487,-0.7823648,0.17502636,0.37692308,2.2846172,0.842466,0.034593455,0.12523305,0.4040181,-0.5294547,0.85923004,-0.040778935,-0.57847106,0.05853632,0.37524283,0.23380223,-8.6409e-08,-1.5347787e-08
34,-0.5003568,1.3037477,0.7890014,1.5301415,0.48236048,0.09225695,0.9138292,-2.4594412,-0.5033937,0.42646828,2.4937987,-0.21238373,1.2447944,0.3179412,0.025261203,0.07377006,-0.06662831,-0.80089545,0.24509181,0.22126885,-0.81782687,0.6303945,-0.36614376,0.01817583,-0.7261791,0.48726815,-1.1622748,-0.19508216,-0.017941948,0.6916609,0.03902141,0.42637867,-0.84222543,0.842466,3.3245718,-0.2067585,-0.30896062,0.2605281,0.24237376,0.3138771,-0.29848307,0.18752688,0.048439078,-0.09923293,0.082802355,1.6936357e-07,-1.5722904e-07
35,0.24776967,-1.2304146,1.0956705,0.96295094,0.4188121,0.30119592,-0.5224802,-0.56710935,-0.5737648,-0.4144212,0.33111584,-0.08845211,0.14705624,0.11986752,-0.87118757,-1.2335402,0.14917614,-0.65364873,0.28498536,-0.6277605,0.2371313,-0.54053473,-0.24789307,0.73509234,0.33371636,-0.15688628,-0.1937575,0.33456948,0.1555166,-0.2321068,0.70727193,-0.18260896,-0.2890909,0.034593455,-0.2067585,2.4059875,0.26527825,0.26620394,-1.1171279,0.2852813,0.099841736,0.058629975,-0.10339883,-0.72865415,0.02405778,-4.162957e-08,-4.501811e-08
36,0.041652348,0.6914872,-0.43016374,0.5447625,0.15276915,-0.30442494,0.7918074,0.5123188,0.8061283,0.628566,0.1816935,-1.16528,-0.12156996,-0.5724627,0.18647549,-0.07707487,-0.2899523,-0.3170649,0.1258299,0.28846267,-0.7152741,-1.2116127,-0.42517683,-0.59067345,-0.49474567,-0.84059465,-0.16784596,0.67838395,-0.13156277,0.53965414,0.77490056,-0.15994227,0.32574242,0.12523305,-0.30896062,0.26527825,1.6475785,0.7704607,-0.08158724,-0.4375115,-0.29542536,-0.41704208,0.063365206,0.15456942,0.06825395,1.4860981e-07,-1.1847099e-07
37,-0.3556528,0.15057506,0.056829892,-0.65444815,-0.34097776,-0.0930399,-1.2249446,0.051256437,0.74362147,0.015819857,-0.8689964,0.3433022,0.011313375,-0.7511984,0.35436624,0.49343467,-0.15180573,0.8531872,0.1725184,-0.2627694,0.17048275,0.53068566,-0.20017183,0.7723766,-0.0019186791,0.35744214,0.010263327,0.31111795,0.19371831,0.31058002,-0.20731664,-0.8962437,-0.64960575,0.4040181,0.2605281,0.26620394,0.7704607,2.0551133,-0.2455621,-0.42838764,-0.46517175,0.11115804,0.23594084,0.17417592,-0.1147037,2.8188555e-07,-2.5858364e-07
38,-0.5623081,-1.2387642,0.08630702,0.9046975,-0.7194941,-0.3012973,-0.29502785,0.31872842,0.1972005,-0.5290296,-0.45185494,-0.75110555,-0.3673935,0.398482,0.23015282,-0.1534695,0.49660385,-0.21054867,0.14070739,-0.014121192,-0.2677176,0.0054533114,-0.512877,0.29656088,-0.38018876,0.43116516,0.28417858,-0.40585384,0.75623155,-0.19591382,0.45709825,0.09139678,-0.48726884,-0.5294547,0.24237376,-1.1171279,-0.08158724,-0.2455621,1.4625257,-0.40289223,-0.24101627,-0.28694797,-0.14929216,0.14158039,0.20752677,-1.3981847e-07,4.2800403e-09
39,-0.39791995,-1.7164222,0.6991465,0.18092382,-0.1533266,0.10115443,-0.56560403,-0.82397425,-0.63110423,-0.31581748,-0.82572,-0.6971412,-0.07838,0.22492367,-0.3661452,-0.24053511,0.283162,-0.05174367,0.77429664,-0.3556401,-0.12892006,-0.50997156,-0.36628777,-0.12906802,0.13881949,0.19599916,0.112866774,-0.2193141,-0.176014,-0.31291538,0.027908433,-0.41152984,0.044030488,0.85923004,0.3138771,0.2852813,-0.4375115,-0.42838764,-0.40289223,1.4794477,0.30604023,-0.15280798,0.15545532,0.44915915,0.026612628,-6.198648e-08,1.5742128e-07
40,-0.5152222,-0.27978244,0.53511477,-0.20507684,-0.64154875,-0.35578042,-0.29321176,-0.29296178,0.19507799,0.34214926,-0.08416746,0.33942968,0.23274684,-0.4203261,0.04477728,0.7718854,0.12465546,-0.28543365,-0.109379806,0.18845072,0.84061,-0.14993125,1.0335534,-0.3202771,0.31864333,-0.056500003,-0.43106142,-0.008306858,0.19183227,-0.103143714,0.523154,0.005601317,0.04078135,-0.040778935,-0.29848307,0.099841736,-0.29542536,-0.46517175,-0.24101627,0.30604023,0.52532625,0.034805592,0.06622584,0.1073522,-0.000531421,-7.424168e-08,1.0656288e-07
41,0.18544944,0.25468796,-0.06320073,0.25810456,0.24895865,0.03417876,0.2794954,-0.089169726,-0.66160774,0.153119,0.6423667,0.22759105,-0.1558288,0.5738839,-0.16023153,-0.5106008,-0.38026017,0.107833534,0.13662651,0.35537148,0.15281163,-0.079445496,-0.08221323,-0.030687768,-0.039283134,-0.036215194,0.025933687,-0.28904915,0.4114114,0.22408277,-0.007943815,0.101760045,-0.1152388,-0.57847106,0.18752688,0.058629975,-0.41704208,0.11115804,-0.28694797,-0.15280798,0.034805592,1.2723136,0.2727556,0.12345041,-0.51658756,3.633881e-07,5.6256965e-08
42,0.22033292,0.05032289,-0.26907596,-0.31665465,-0.1247779,-0.21898288,-0.030034557,0.32071579,-0.24828628,0.030549541,-0.11415581,0.21353409,-0.0068221334,-0.19112022,0.2907197,0.043816645,0.00046152488,0.11658959,0.08711736,0.09451087,-0.011005828,-0.05216911,-0.02963885,-0.18609655,0.17653495,-0.24992415,-0.19543953,-0.035300333,-0.050893217,0.042794257,0.2199538,-0.15006071,-0.14699353,0.05853632,0.048439078,-0.10339883,0.063365206,0.23594084,-0.14929216,0.15545532,0.06622584,0.2727556,0.21332043,0.32729417,-0.13608894,1.4708024e-07,2.5273145e-08
43,-0.009059399,-1.0270286,0.40284103,-0.50490105,-0.42662567,-0.18487018,-0.07308844,0.8809878,0.36612263,0.46118832,-0.094296165,0.02402205,-0.3087281,-0.5660746,0.060953308,0.13116594,-0.059533115,0.16901267,0.1036001,-0.012123087,-0.30499464,-0.09812397,-0.053907815,-0.19976643,0.34786898,-0.39339876,0.37211552,0.0114003075,0.04453113,-7.323072e-05,0.46473897,-0.04191804,-0.09280107,0.37524283,-0.09923293,-0.72865415,0.15456942,0.17417592,0.14158039,0.44915915,0.1073522,0.12345041,0.32729417,0.9047202,-0.12245492,1.4217429e-07,1.1244654e-07
44,-0.030705322,-0.00610134,-0.42118853,0.034790747,0.048306532,0.029988796,-0.08064179,0.19388741,-0.5260719,-0.32125258,-0.1471745,0.33145368,0.021910887,-0.41349757,-0.29975176,0.12888032,-0.18811247,0.18411312,-0.15314797,0.037039578,-0.098362654,0.047975432,-0.018849947,0.2654894,0.17125052,-0.10636142,-0.32407692,-0.22842082,0.22402772,-0.04147683,0.15347865,-0.008953853,-0.0047815177,0.23380223,0.082802355,0.02405778,0.06825395,-0.1147037,0.20752677,0.026612628,-0.000531421,-0.51658756,-0.13608894,-0.12245492,0.33028626,-2.1958073e-07,-2.2902494e-08
45,-6.997887e-08,3.083167e-08,2.1294844e-07,1.9278477e-07,9.059028e-08,2.7364202e-08,9.143433e-08,3.9775593e-08,3.1246543e-07,1.8264956e-07,1.780424e-07,-4.029983e-07,1.3030848e-07,3.1533656e-07,4.1274e-07,-1.1262173e-07,1.0217607e-07,-4.4863434e-08,5.5652333e-08,7.783823e-08,-9.226291e-08,-1.0666691e-07,-1.6420337e-07,-2.4505232e-07,-3.5786826e-08,-1.0095643e-07,-6.551309e-08,1.1672983e-07,-1.9171657e-07,2.2587285e-07,-1.9450379e-08,-3.230239e-08,-5.938654e-08,-8.6409e-08,1.6936357e-07,-4.162957e-08,1.4860981e-07,2.8188555e-07,-1.3981847e-07,-6.198648e-08,-7.424168e-08,3.633881e-07,1.4708024e-07,1.4217429e-07,-2.1958073e-07,2.1411041e-13,-1.6449568e-14
46,8.876136e-08,-3.270102e-07,1.1315946e-07,-1.5052473e-07,-9.5032725e-08,-5.5586707e-08,2.775793e-09,3.9717982e-08,-1.3201563e-07,5.1078228e-08,-8.216544e-09,-6.768483e-08,-8.3335124e-08,3.2279672e-08,-8.11944e-08,-1.00723696e-07,-2.9248417e-08,-7.984944e-08,-5.7907688e-08,-1.4641503e-08,7.970237e-08,-1.7507685e-07,-3.3647986e-08,-2.408786e-09,1.2255494e-07,-1.3441607e-07,1.672059e-07,-7.4638514e-08,3.990938e-08,-5.5443618e-08,1.4531429e-07,1.5601489e-07,4.6627243e-08,-1.5347787e-08,-1.5722904e-07,-4.501811e-08,-1.1847099e-07,-2.5858364e-07,4.2800403e-09,1.5742128e-07,1.0656288e-07,5.6256965e-08,2.5273145e-08,1.1244654e-07,-2.2902494e-08,-1.6449568e-14,6.911777e-14
