,0,1,2,3,4,5,6,7,8,9,10,11,12,13,14,15,16,17,18,19,20,21,22,23,24,25,26,27,28,29,30,31,32,33,34,35,36,37,38,39,40,41,42,43,44,45,46,47,48,49,50,51,52,53,54,55,56,57,58,59,60,61,62,63,64,65,66,67,68,69,70,71,72,73,74,75,76,77,78,79,80,81
0,52.512753,33.146904,-6.598217,50.14679,39.318573,15.684278,-34.26632,0.31372124,-37.649208,12.638416,10.624561,15.417484,4.150693,8.336109,-2.991211,3.6943867,-5.8802896,-3.1923294,2.4327815,-0.8452794,-2.99195,-1.4468812,3.9577675,-0.044208545,0.32027632,-1.6040454,1.289935,-0.009708143,-1.9785962,-2.2743945,-1.4499242,1.0646572,-0.06425032,-2.3810358,-0.16707015,-1.3938311,1.1408479,-0.4827724,-0.8800725,-1.391571,-1.1873963,0.38373637,0.45564455,-0.42218572,0.022465305,0.10511346,0.5802709,-1.0201706,-0.009450993,0.37946936,-0.19406894,0.40672526,-0.52067024,0.08977948,1.2793331,0.49629414,0.27259037,-0.27734503,0.018645484,0.34908664,0.94456273,0.6238822,-0.118950464,0.24363816,-0.6972732,0.76564574,-0.5670223,0.39054644,-0.24896607,-0.1279293,0.31161433,-0.21645552,0.12400769,0.1051985,0.28823036,0.0028375336,0.12799917,-0.3702914,0.15032531,-0.052372344,-0.04470092,-0.27259445
1,33.146904,73.06422,24.148464,13.564247,8.03457,31.994448,-36.93488,-11.94178,-23.069668,-3.0624433,3.0317159,16.460457,-9.319023,8.812281,-9.684425,-2.373591,-3.1511714,-0.008379925,-5.431987,2.4242759,-7.632759,-1.7952201,4.1477947,2.9333632,1.9028773,-3.5539253,3.9711993,-6.173773,0.23769772,0.5021457,0.50416195,-3.9688575,-1.1618209,-1.722336,-0.15278548,-3.1435378,0.47442567,2.7017107,-2.611915,-0.7653816,-0.83493716,5.1226826,-1.7133238,-1.4857353,-0.8845428,-0.22367692,-0.8076573,-1.7914575,-0.9494943,1.3694246,-4.302278,0.81032157,-0.3329016,0.057342652,-1.0817544,1.0128398,0.77011836,-1.3281953,-0.34493357,1.2213482,0.96149796,0.25767112,0.18780336,0.53533196,-2.7014346,0.0028425576,-0.06422815,2.4709406,0.7934165,-2.8289387,0.44441548,-0.32581607,-1.2623355,1.2349069,0.0979289,0.71385026,-0.039209276,-0.74176824,-0.45927382,-0.3082571,-0.2815058,1.0751138
2,-6.598217,24.148464,24.378992,-12.8381405,-18.38567,4.0593905,-1.8407195,-2.6856446,2.1760514,-7.42241,-7.3471355,0.68715787,-13.345926,1.3162632,-3.134705,1.9772413,-1.0000993,2.970157,-6.650425,0.09459175,-3.831674,2.377504,2.2679589,2.7764025,2.5223794,-1.2568612,6.3335276,-6.4876056,-0.34882748,2.750965,1.1578934,-1.194224,-0.03206896,-1.4744673,2.1252415,-1.4884334,2.1630998,0.84739727,0.050795823,1.2401237,0.389324,0.5423713,-1.5261111,0.8172896,-0.86354434,0.41421622,-1.368366,-0.46793985,-0.6142895,0.094089426,-1.3910022,1.1882057,-0.26884326,0.8893319,-0.272097,1.1974384,0.20078257,-1.1604674,-1.0212976,0.87979114,0.7063423,-0.28867656,-0.5199858,0.40210056,-0.9996586,-0.55004746,0.45567396,1.1157637,0.4609143,-1.5764585,0.121508576,0.24803825,-0.6549189,0.4570691,-0.1353105,0.8683009,0.09552567,-0.0015717926,0.10035469,-0.0019681654,0.09550284,1.1067035
3,50.14679,13.564247,-12.8381405,110.28201,50.311844,20.867458,-39.085945,-4.3699517,-11.845887,5.411874,-0.1313664,20.089985,2.2032695,3.388116,6.3065796,10.792191,4.3432007,-0.4560086,0.762118,-1.2509055,-3.6255264,0.7267681,-0.34081098,-4.020363,-3.5101664,6.019827,-0.42502594,-2.2979345,-0.70951724,-3.8923392,-3.057663,6.4029217,0.7390164,-5.8022757,4.7012787,2.1836717,-1.6819791,-2.2483234,4.5870495,-0.75614005,-0.064381234,-4.231639,1.3229339,2.0463367,0.09809368,-2.4137478,-2.8446026,3.909719,0.23936433,-1.1722939,4.265481,0.716476,-2.3005981,0.13563538,0.74625266,0.78141826,-0.43681487,0.5019667,-2.6475048,-0.0768165,1.0098572,-0.24420968,0.2736854,-0.068142205,2.4513073,-0.47165173,0.4150352,-0.66212505,-0.20211366,0.12109784,-0.4232072,-1.002106,0.40588993,0.032605283,-0.49248624,0.81337297,0.2524296,0.57669246,0.7795404,-0.066033386,1.2911611,0.0062907566
4,39.318573,8.03457,-18.38567,50.311844,51.115894,10.1905,-30.054169,-5.407176,-21.59374,8.1978245,8.441635,8.666561,9.833347,6.806226,-4.826482,1.070122,-1.3148241,-2.6059594,8.491121,4.575367,4.8536863,-1.4113965,0.27842867,0.85303,-2.0835683,1.0043293,-0.8401873,5.428459,0.13675448,-4.011148,-2.4512205,1.7414565,2.2419658,0.6581224,-1.5661238,0.70596,-0.9776172,-3.0392442,-0.2396434,-1.5829514,-1.4846582,-1.339676,1.2750547,0.930456,1.318073,0.5408029,1.2054834,1.4075024,-0.7805353,-0.8609724,0.9904727,0.27210444,0.73854893,-1.077904,-0.48860276,0.53305936,0.80612177,1.3219877,-0.6706584,-0.056528263,-0.28434253,0.6689452,-0.22147736,-1.1333449,1.0223379,0.45842868,-0.022462273,-1.2790301,-0.047736622,0.7259261,-0.3097389,0.8796494,0.40043673,-0.7915709,0.2430515,-0.31982213,-0.537192,0.3000985,0.21300495,0.21715477,0.035327546,-0.4665941
5,15.684278,31.994448,4.0593905,20.867458,10.1905,49.2457,-10.311161,-19.181026,2.7046087,-7.380554,-0.35252,7.3556232,2.4567246,1.5805926,-6.169654,10.088505,-1.6841187,0.120293185,-6.0411053,3.277987,-1.9813693,1.1934059,-0.99928635,-6.426881,0.019251812,-6.6208544,-8.11338,-1.7501913,-2.7264543,-3.2231593,0.5670045,0.25634927,0.99666697,-2.0905185,-4.343837,-1.876984,0.33261377,1.7668593,-2.4341903,-3.3502312,-1.4985328,3.2443275,1.2871587,-1.0945296,1.748033,1.2770996,-2.7757027,-0.37965378,1.3792509,-1.0351377,-1.4988894,0.8632283,-0.7156373,-1.9999188,-1.0964589,-0.29013294,-0.58627105,-1.0113103,-0.28519398,1.6434871,0.47956818,-0.80216205,0.32684645,0.587317,-0.024087444,0.30803335,-0.27065992,0.17095426,0.660021,-1.2462394,-0.15409888,-0.32809764,-0.3505203,0.47234678,-0.41478357,-0.43886018,-0.8460866,-1.113704,-0.8636927,-0.8802905,0.734273,-0.12960228
6,-34.26632,-36.93488,-1.8407195,-39.085945,-30.054169,-10.311161,50.77566,1.7982442,17.419613,-4.5016336,-8.595411,-5.595373,1.5443857,-6.3108573,0.38017374,8.806427,1.2154051,3.420487,-1.8070946,2.2112346,-2.2019863,3.6627073,-1.9467807,-4.8822412,1.0449581,-4.3957367,-1.4470341,0.4930797,-2.5011978,-0.27351815,0.3939746,0.90689236,0.8970783,-0.27668023,-1.3242307,0.5313145,1.094609,0.23893595,-0.50691766,1.1076069,1.5535002,-0.92374444,-0.1776189,-0.11760266,0.08058978,3.025048,-0.024306191,-0.3636913,1.5361998,0.68806684,0.6611145,1.0625746,-0.99753875,-0.27848616,0.4125014,-0.9981134,-0.6161771,-0.004835906,1.4759073,0.45763767,0.6579435,0.100750655,0.31743574,1.1933979,-0.053860992,0.6717715,-0.68264484,-1.5657191,-0.30173868,0.5758017,1.1874025,0.16276753,0.8309799,-0.2532999,0.9493642,-0.29523903,-0.11059488,0.46489924,-0.548252,0.069505095,0.67855763,-1.063254
7,0.31372124,-11.94178,-2.6856446,-4.3699517,-5.407176,-19.181026,1.7982442,20.927252,-8.36689,13.278955,7.85478,-5.8079944,-1.5890925,3.5420737,7.450079,-5.7578597,-6.409298,-3.6659675,1.1641185,-6.492971,-2.6388087,-1.8633578,1.6845846,0.66107786,0.08689341,1.3980055,3.8546484,-1.4577931,0.094751246,2.3067327,0.5122515,1.6055435,-2.2234092,1.1886725,2.1329622,-0.53742766,2.4303238,1.3137934,-0.48222095,1.0877342,1.1049087,-2.599534,-0.10823662,-0.3113898,-1.3056184,-0.94658804,0.49898526,-0.8134577,0.6761176,-0.6912198,0.6088745,-0.6804571,0.7091162,1.7994499,1.8976114,-0.44119182,-1.2537653,-0.41702628,-0.25934473,0.120836526,-0.29657304,-0.2605229,-1.0237801,-0.026794035,0.20461252,-0.79838175,-0.4396566,-0.3735317,-0.54827607,0.7109757,0.010055555,0.25787067,0.17958362,-0.29568148,0.023630556,-0.4117525,0.37438893,-0.03338808,0.07958612,0.32834142,0.1288124,-0.46565354
8,-37.649208,-23.069668,2.1760514,-11.845887,-21.59374,2.7046087,17.419613,-8.36689,49.321777,-4.1947937,-13.962293,-3.835574,-1.6879442,-9.110972,3.4461641,-0.57412314,6.805478,4.475979,-2.339625,1.2759807,2.169396,-0.33164266,-5.5201015,-0.34271735,-1.0851603,3.88662,-1.1390886,0.1415939,3.0690513,0.25610906,1.2257214,-1.1228228,0.941059,-1.2522163,0.066213384,1.9023261,-3.6592145,-0.08364444,2.2621055,-1.192529,-1.1423206,-0.66808105,0.47714996,0.9839597,-0.19547544,-2.2482352,-0.8538301,2.9161563,0.21336856,-1.4781811,1.5440285,-0.7077078,-0.58282155,-1.2054343,-2.177658,-0.35630494,0.026575863,-0.16559216,-0.1860989,0.521713,-0.9619739,-0.07611412,0.91160494,-0.9091791,2.176263,-0.70911837,0.4965178,-0.778507,0.7169541,-0.25686008,0.0714052,-0.6585716,0.11667533,0.502872,-1.1208482,0.26589587,-0.3164293,-0.05646465,-0.1781854,-0.66005707,0.245483,-0.34072626
9,12.638416,-3.0624433,-7.42241,5.411874,8.1978245,-7.380554,-4.5016336,13.278955,-4.1947937,33.654877,5.026349,3.8367078,3.0427833,4.5420504,4.8059216,-3.2591946,-9.229118,-0.37332886,3.0171661,-3.3576534,-2.6152773,-2.7749934,1.1082406,1.0617876,0.52861,1.3844876,5.803874,0.28523272,-0.03652531,0.5941505,2.977671,-3.3296437,-0.92275953,-1.7122788,-0.45503688,-2.0692673,0.28591165,0.035485774,-0.045136444,-2.8722181,-1.3007067,-2.1567707,-0.25433478,-0.58630115,-0.9284436,-1.324544,1.3806648,-0.6548763,1.3501003,-1.3383782,0.9453896,-1.0108125,1.3422453,1.0217324,0.39444026,-1.2035215,0.007578118,0.3802305,2.3958786,1.5450687,-0.30910096,1.82938,-0.43135452,-0.4265316,0.44327688,0.51149905,-1.7213002,-0.78182036,-0.20319265,-0.15667653,1.4739535,-0.17671248,0.58003527,0.27350047,-0.23226964,-0.20028451,-0.11216903,-0.6454909,-0.098198846,-0.40216509,-0.16755094,-1.3703368
10,10.624561,3.0317159,-7.3471355,-0.1313664,8.441635,-0.35252,-8.595411,7.85478,-13.962293,5.026349,17.200695,-1.7220783,4.558797,1.8705425,1.5216428,-7.4644165,-1.3025734,-5.2592025,3.5510342,-2.6029882,0.5313401,-1.4107581,1.8410082,0.38059512,1.9274414,-0.9737414,-1.6672256,-0.93763804,0.2121675,-0.5293567,2.6972833,0.9624164,-1.0479031,2.4349852,-1.1226299,-1.0805678,-0.11893983,1.3107834,-1.5594898,-0.6357825,0.6271316,0.72915065,-0.39052105,-2.1955607,0.43338454,-0.9422885,-0.42035216,-0.8424082,-0.6144515,0.48605376,-1.0931165,-1.6137516,-0.5113876,-0.29360825,1.3584892,-1.3148851,-0.7763327,0.18804276,0.42475656,0.41609395,-0.67894053,-0.02000822,0.002766773,-0.2836058,-0.730248,-0.26566857,0.952938,-0.17883529,0.21732634,0.6843549,-0.9688873,0.27404672,-0.21125758,-0.26712847,-0.032030158,-1.0830634,-0.5608121,-0.5030363,-0.49115115,0.45039195,0.39251816,-0.49204051
11,15.417484,16.460457,0.68715787,20.089985,8.666561,7.3556232,-5.595373,-5.8079944,-3.835574,3.8367078,-1.7220783,24.9196,-0.84767604,-1.2052946,-3.1982822,2.7162952,5.720657,1.116441,1.0824207,0.38944232,-1.9134328,-3.5908651,1.9509774,0.6428349,2.0288813,-3.409107,0.042527422,-0.42610887,-0.028076874,2.3289447,-3.6270456,-0.40813404,0.27954432,-1.5870626,0.8653167,0.7931949,-3.769723,0.52364486,-1.6770581,1.070554,0.42898315,0.075786844,-2.3588123,-1.1247306,-2.7939672,-0.48827305,1.5577301,0.61978513,-1.5442635,1.1701325,-0.2835494,-0.13608839,-2.3393486,-0.5658292,-1.2079644,-0.72618204,-0.3755775,0.10315601,0.14798626,0.37291342,0.4295442,1.4676275,1.5006379,1.0364218,-0.95715076,0.8482485,-0.044009503,0.11736047,0.39613295,-0.5757024,1.0158762,-0.9901741,0.00013745313,0.7649467,0.28830153,0.88641906,-0.07021114,0.20274013,-0.5261556,-0.4422077,0.1969819,-0.8407332
12,4.150693,-9.319023,-13.345926,2.2032695,9.833347,2.4567246,1.5443857,-1.5890925,-1.6879442,3.0427833,4.558797,-0.84767604,11.047848,0.28540605,-0.6771035,-2.2267666,-1.3304026,-0.8590952,4.1579485,0.93465686,2.1760235,0.20032868,-0.9649286,-2.1992164,-1.0739455,0.97347397,-3.9759593,3.1811783,0.40417293,-3.4247398,-0.4348571,-0.40822974,0.46772096,-0.22379813,-2.1056075,1.2578107,-1.888253,0.84873,0.12135803,-1.1279615,-0.7851504,1.001421,1.0776194,-1.1881591,1.3378439,0.13607752,0.48752207,-0.36165053,0.7037631,0.044804886,-0.19426934,-0.90427244,-0.2310784,-0.77802634,-0.4387949,-0.6125319,0.3004595,0.6092752,1.3936799,-0.7330841,-0.3158965,-0.39657968,0.45477962,-0.23676497,0.023059445,0.65443534,0.052542202,-0.1092411,-0.13708672,0.7740164,0.13675642,-0.35457164,0.41945153,-0.3668322,0.0035400337,-0.8680927,0.24743597,-0.11131626,-0.19976878,-0.17339922,-0.26777822,-0.44126314
13,8.336109,8.812281,1.3162632,3.388116,6.806226,1.5805926,-6.3108573,3.5420737,-9.110972,4.5420504,1.8705425,-1.2052946,0.28540605,16.375095,-4.0922146,-2.1828399,-6.267193,2.6693487,-0.9302225,-0.449821,-1.3258271,0.10537776,0.23228565,-3.9173617,0.11741876,3.2684462,-0.20670925,0.30441952,1.4160354,0.66698706,-0.74054176,-0.7717466,-2.4967515,0.5385883,-0.7666675,-0.46442103,2.6482632,2.6686707,-1.2861824,0.22587924,0.7302798,-0.46097147,2.0920048,0.091279596,-0.035015948,0.23987462,-0.23838648,-1.1085069,1.5607765,-0.34806156,-0.33106238,0.7134491,1.1500679,1.0778468,-0.65908086,0.38349128,-0.59343886,1.0415474,-0.71402586,-1.1523478,0.15732723,-0.38932106,-0.2668595,0.094643354,-0.71487695,-0.6631323,-0.8881258,0.12998554,-0.22973242,-0.520381,0.96365625,0.5258024,0.07071609,-0.9758277,0.516688,-0.13919908,0.40171444,0.5460186,-0.23511973,0.11928965,0.015889633,0.45167246
14,-2.991211,-9.684425,-3.134705,6.3065796,-4.826482,-6.169654,0.38017374,7.450079,3.4461641,4.8059216,1.5216428,-3.1982822,-0.6771035,-4.0922146,10.402922,-2.0519185,-0.4180257,-2.182917,-0.5376424,-2.6908517,-0.2681171,-0.30741376,-0.15630344,-1.2145236,-1.7493463,1.811011,-1.6267242,-1.4157424,0.69776285,0.7506493,0.9615829,0.51411176,-1.8953261,-0.6908876,1.7880944,0.58126485,-1.0832684,-0.008262916,1.2605469,0.28778088,0.7698586,-1.5077332,-0.6421813,-0.66135156,-0.72943985,-1.8238108,-0.9633565,0.35747772,0.79916143,-0.14926845,1.2469988,-0.50632954,0.18628803,0.8856181,1.2099664,0.019633058,-0.4266016,-0.059696354,-0.033518,0.3317202,0.055647723,-0.1401658,0.3783086,0.17310081,0.96276593,0.21892637,-0.4088012,-0.4859082,-0.43813747,0.41488832,-0.4500404,-0.63531965,-0.037413727,0.69917524,-0.44627276,0.49874002,0.47109628,0.106491596,-0.2571857,0.2151809,0.17088899,-0.07286656
15,3.6943867,-2.373591,1.9772413,10.792191,1.070122,10.088505,8.806427,-5.7578597,-0.57412314,-3.2591946,-7.4644165,2.7162952,-2.2267666,-2.1828399,-2.0519185,19.282312,-1.6666753,-1.0214438,-5.8701777,-1.4098489,0.65922046,1.1305364,0.069676846,-3.6377244,1.0539052,-3.8665066,-1.708941,-1.0231454,-3.2614603,0.7905103,-0.7733814,1.1846106,2.7320862,-3.738143,-1.8539107,-0.6795938,2.683238,-1.9935062,1.2954562,1.2288043,-0.3374815,-2.0812125,0.7218529,2.6156163,1.2787437,1.2317953,-0.28860694,-0.70677555,0.30242437,0.7939321,1.5700097,1.5589759,-1.6084018,-0.5452,1.1129487,0.099555,0.070827946,0.3402415,0.41729128,0.37099367,1.0931416,0.2904274,-0.65762436,0.63077784,-0.26334098,0.9793541,-0.30141467,-0.6678332,-0.982594,-0.21311265,0.30965033,0.22158264,0.21728867,-0.21290767,0.09130428,0.3254693,-0.19836347,-0.33534002,0.47290903,-0.3287071,0.57294875,-0.18915054
16,-5.8802896,-3.1511714,-1.0000993,4.3432007,-1.3148241,-1.6841187,1.2154051,-6.409298,6.805478,-9.229118,-1.3025734,5.720657,-1.3304026,-6.267193,-0.4180257,-1.6666753,13.62856,1.6071515,0.07285699,2.199071,0.2751742,-0.06501695,-0.99244374,1.6344733,0.9752834,-0.78605825,-1.6097691,1.4897695,-0.5104481,1.0956359,-1.1273532,0.38647145,0.25814617,1.4401588,2.283749,0.47040212,-3.043735,-1.6846666,0.38918728,1.0917338,2.0480661,0.3059411,-1.4213605,-0.84277046,-0.45232219,-0.41634372,-0.14421329,1.4746578,-1.7720059,0.72874594,0.6551719,-0.95095253,-0.8875613,0.17800063,-0.88316715,-0.8221246,0.25169203,0.07255232,-0.8419585,-0.12731485,-0.49420822,0.5491537,0.7829026,0.15364766,-0.24078517,-0.667337,0.87296,0.2580452,0.44106138,0.2174252,-0.60695076,-0.100751325,-0.5653535,0.2776296,-0.03442365,-0.04867153,-0.50951576,0.31921548,0.22258227,0.26712304,0.14412028,-0.14977515
17,-3.1923294,-0.008379925,2.970157,-0.4560086,-2.6059594,0.120293185,3.420487,-3.6659675,4.475979,-0.37332886,-5.2592025,1.116441,-0.8590952,2.6693487,-2.182917,-1.0214438,1.6071515,8.348819,-2.3462963,0.9582834,-0.05952867,3.3201659,0.6881013,-0.11008726,0.6608262,1.6444964,1.4582777,0.2679839,-0.72917813,-0.2752152,-0.050474238,-0.14479914,-0.1279535,-0.4960609,0.10058824,0.33558813,-0.020170951,0.17821327,-0.21709687,-1.5821431,-0.81841624,0.44112933,1.1480094,-0.28746837,-0.60543835,0.8463375,-0.23116188,0.73034143,0.61618876,-1.1542375,0.60244364,0.6061208,0.09635019,0.2509196,-0.57906044,0.7411703,0.12862477,-0.49886626,-0.37015152,-0.6049825,0.24407303,0.043824777,0.74817395,0.45550358,0.1857909,-0.22906235,0.03933134,0.4766515,0.89206326,0.034004495,0.41878736,-0.40063888,0.3418169,-0.015594571,-0.095556386,0.34611812,0.48303604,0.4152816,0.081078395,-0.0111265695,-0.45508552,0.52505577
18,2.4327815,-5.431987,-6.650425,0.762118,8.491121,-6.0411053,-1.8070946,1.1641185,-2.339625,3.0171661,3.5510342,1.0824207,4.1579485,-0.9302225,-0.5376424,-5.8701777,0.07285699,-2.3462963,9.896383,2.626686,1.208782,0.07708558,-1.3424523,1.5545539,-0.18760842,2.2774315,0.18707854,0.7456365,2.3866239,-1.5900052,-0.38157812,0.82290375,0.16867708,1.7020198,0.818581,0.23406172,-1.2165515,-0.07715465,0.33792543,-1.184766,-0.8068063,0.5166267,-1.2088165,-0.46038872,-0.06903581,-0.00042417948,0.33159986,0.40698427,-0.41656637,-0.28993312,-0.17063859,-0.9015076,0.7407609,-0.9847233,-0.44910952,-1.2572763,-0.19407785,0.26792005,0.36917788,0.3541765,-0.33460808,0.10796572,0.19613758,-0.34634048,0.59949535,-0.16220033,0.034148168,-0.36081567,0.13023809,0.31684184,-0.49333307,0.29799247,-0.17407015,-0.11977529,0.84166884,-0.04092942,-0.362958,0.57492226,-0.13549879,-0.3527584,0.17426708,-0.4757098
19,-0.8452794,2.4242759,0.09459175,-1.2509055,4.575367,3.277987,2.2112346,-6.492971,1.2759807,-3.3576534,-2.6029882,0.38944232,0.93465686,-0.449821,-2.6908517,-1.4098489,2.199071,0.9582834,2.626686,10.162285,-1.0162699,0.96615744,-2.0451505,0.8216412,-1.5741615,-1.4026892,1.5095882,1.6361032,1.5271713,-3.5665274,0.045277987,-1.331775,-0.7787342,0.019473359,0.584689,-0.17605808,-1.0033612,-1.1636531,0.2706458,0.048748326,0.7373003,0.9672258,0.6941042,-0.29861927,-0.19313392,0.56270623,0.099412024,1.021949,0.17806362,0.90454036,-0.43126005,1.5811102,0.570573,-0.2980085,-1.1086528,0.7472222,1.0730133,-0.14443365,-0.19318572,1.8800781,0.5046947,-0.19397734,0.5325264,-0.6852459,0.4086194,-0.19120347,-0.23570937,-0.5385642,0.15632659,-0.7010877,0.2846713,0.6087795,-0.10760668,-0.21685904,0.6394743,-0.18502009,-0.52186525,0.78235465,-0.30238324,0.6576904,-0.10516895,-0.40291077
20,-2.99195,-7.632759,-3.831674,-3.6255264,4.8536863,-1.9813693,-2.2019863,-2.6388087,2.169396,-2.6152773,0.5313401,-1.9134328,2.1760235,-1.3258271,-0.2681171,0.65922046,0.2751742,-0.05952867,1.208782,-1.0162699,9.30411,-0.44125146,0.44313234,0.2775885,0.6055629,-0.86962205,-4.2415857,1.2517744,0.8231181,1.7068444,-1.7999322,0.5325668,1.1713222,1.0874834,-1.9774613,0.9822526,-0.830053,-0.5774766,-0.2863804,0.4000426,-0.55053955,-1.104002,0.7931162,0.09026863,0.01940323,-0.14825745,0.68876934,0.0037700674,-0.97175777,-0.38250205,0.68469304,-0.14785114,0.21378455,-0.6946611,-0.38884762,-0.047809877,-0.08702161,0.82577246,-0.21852434,-0.59998524,-0.2192027,-0.122914,0.2641518,-0.0956731,0.16932291,0.1767295,0.7600883,-0.045546345,0.29934704,0.4592055,-0.91946065,-0.048781145,-0.19160795,-0.6087917,-0.2347773,0.34437588,0.021822589,0.44886047,0.110074624,-0.11802278,-0.44442034,0.36022466
21,-1.4468812,-1.7952201,2.377504,0.7267681,-1.4113965,1.1934059,3.6627073,-1.8633578,-0.33164266,-2.7749934,-1.4107581,-3.5908651,0.20032868,0.10537776,-0.30741376,1.1305364,-0.06501695,3.3201659,0.07708558,0.96615744,-0.44125146,5.6663637,0.86157036,-0.7960419,1.3307102,1.5923567,0.9463184,-1.6470749,-0.99560666,-1.6399609,1.1227276,0.83452284,0.4937123,-1.1929157,1.0483247,-0.254093,0.76799124,-0.12379772,1.1162158,-0.9374988,-0.36796165,-0.17899492,-0.1504162,-0.19340846,0.85857016,0.9319465,-1.4896827,0.0653278,0.63048875,-0.90753555,0.61265016,0.183824,-0.18369219,0.18136656,0.37488076,0.07211663,-0.11000992,-0.4059258,-0.12508367,0.110102534,0.34477997,-0.41523588,0.15974703,0.3379221,0.31998596,0.10837683,0.53979254,0.0012107065,0.10305989,0.4665463,-0.22909394,0.20229682,-0.013412904,-0.064631075,-0.08696328,-0.083476424,0.2917756,0.1827628,-0.005194225,0.01999873,0.13724852,0.4122959
22,3.9577675,4.1477947,2.2679589,-0.34081098,0.27842867,-0.99928635,-1.9467807,1.6845846,-5.5201015,1.1082406,1.8410082,1.9509774,-0.9649286,0.23228565,-0.15630344,0.069676846,-0.99244374,0.6881013,-1.3424523,-2.0451505,0.44313234,0.86157036,3.3060834,1.2329265,1.5011456,-1.298182,0.7869532,-0.59162694,-0.99631894,1.031134,-0.18872178,0.66659594,0.403486,0.23286337,0.30916554,-0.1959969,-0.20701717,-0.32447124,-0.49561882,0.6878314,0.3068061,-0.5512303,-0.8836303,0.022610527,-0.24109527,0.3970858,0.04229275,-0.444174,-0.6178328,-0.22503503,-0.311903,-0.23740888,-0.6808257,0.5604892,0.54008144,0.6476783,0.010362023,-0.20145491,-0.1856527,-0.2020674,-0.15183751,0.24969624,0.008532239,0.22798866,-0.48635235,0.30700463,0.21673052,0.13074033,0.10147754,0.28847998,0.12819818,-0.25503278,0.3859039,0.381831,-0.15763654,-0.07124508,0.14920181,-0.4603904,-0.11794409,0.088562205,-0.3157398,0.15944567
23,-0.044208545,2.9333632,2.7764025,-4.020363,0.85303,-6.426881,-4.8822412,0.66107786,-0.34271735,1.0617876,0.38059512,0.6428349,-2.1992164,-3.9173617,-1.2145236,-3.6377244,1.6344733,-0.11008726,1.5545539,0.8216412,0.2775885,-0.7960419,1.2329265,5.8227844,0.46752673,-0.4693213,5.057769,0.39838725,0.16290475,0.107094504,0.18252614,-0.11388038,1.5465827,0.88446474,0.76955557,-0.14296173,-0.66886246,-1.9186506,0.08770932,0.032469217,-0.8481157,0.24539036,-1.0710506,0.5355731,-0.28893852,0.017175226,1.1010513,0.60295224,-1.5474272,-0.114596546,-0.49642712,-0.29883298,-0.03868197,-0.036632985,0.032153502,0.63053477,0.9702288,-0.77918684,-0.07365913,0.50767386,-0.3797904,0.37883025,-0.34067422,-0.6537715,0.010271476,-0.27843344,0.46778357,0.07301478,0.5301647,0.0927366,-0.33540606,0.23345383,0.009831421,0.42583257,-0.04827801,-0.033952422,-0.20860893,-0.18954672,0.3415361,0.1506137,-0.46112442,-0.039771184
24,0.32027632,1.9028773,2.5223794,-3.5101664,-2.0835683,0.019251812,1.0449581,0.08689341,-1.0851603,0.52861,1.9274414,2.0288813,-1.0739455,0.11741876,-1.7493463,1.0539052,0.9752834,0.6608262,-0.18760842,-1.5741615,0.6055629,1.3307102,1.5011456,0.46752673,5.181287,-0.9567765,-0.0022404292,-1.0294251,0.06330834,0.9115689,0.9284998,1.1473241,-0.7366131,0.07704145,0.3862704,-1.2059476,0.8905155,-0.63801277,0.10508618,0.45814204,0.64855456,0.09339416,-0.36145937,-0.06853381,0.11137307,-0.123819634,-0.60393775,-0.97424734,-0.42241994,0.45391077,-0.1942374,-0.5057746,-0.77549726,0.092406884,0.50393695,-0.11146839,-0.054896556,-0.31162864,-0.41993597,0.21596354,0.29678836,0.4571076,0.380373,0.1083365,-0.34583637,-0.17212713,0.31577265,0.31225893,0.4826147,0.2511446,0.26688507,-0.29511812,-0.25454855,-0.02983537,0.21269439,-0.12305951,-0.35444885,0.033845387,-0.022968777,-0.21828386,0.2165087,-0.11633089
25,-1.6040454,-3.5539253,-1.2568612,6.019827,1.0043293,-6.6208544,-4.3957367,1.3980055,3.88662,1.3844876,-0.9737414,-3.409107,0.97347397,3.2684462,1.811011,-3.8665066,-0.78605825,1.6444964,2.2774315,-1.4026892,-0.86962205,1.5923567,-1.298182,-0.4693213,-0.9567765,8.292033,1.1599411,-1.146668,3.0041788,-1.0312217,1.8544574,-0.45810184,-0.72408307,-0.8837135,0.58786917,0.9014232,-0.41979367,0.5152457,2.5519204,-0.75433654,-1.4631317,-0.029028306,-0.083658956,0.83291006,0.74974597,-1.5162656,-0.8940334,0.4303738,0.78783107,-0.07868313,0.56398106,-0.6099361,-0.24719639,-0.1204108,0.10681855,-0.24651095,0.14264262,0.81183755,0.5740917,-1.2534413,-0.18743296,-0.30279824,0.35744828,-0.32750082,0.32423294,-0.056950524,0.011681166,0.13226211,-0.2521652,0.16999134,-0.12218572,-0.17421788,-0.047469433,0.20111218,0.11548719,0.3993687,0.63769495,0.32458055,0.1439352,-0.14964372,0.08996098,0.60464627
26,1.289935,3.9711993,6.3335276,-0.42502594,-0.8401873,-8.11338,-1.4470341,3.8546484,-1.1390886,5.803874,-1.6672256,0.042527422,-3.9759593,-0.20670925,-1.6267242,-1.708941,-1.6097691,1.4582777,0.18707854,1.5095882,-4.2415857,0.9463184,0.7869532,5.057769,-0.0022404292,1.1599411,11.316096,-2.4015517,-0.663689,-0.911206,1.0862591,-1.6182716,2.1636992,-2.1655307,1.7626858,-0.06722394,1.0541027,-0.6867007,0.7772721,-0.23759165,-0.7271675,-0.2936144,-0.3592146,0.54042256,-0.16209629,0.3824417,0.9528073,0.92932093,-0.7972229,-0.20014514,-0.09799904,0.46521637,0.015561355,0.3403332,0.22502038,0.58320045,0.8275906,-0.6661632,0.5602484,0.80518055,0.39200664,0.8599719,-0.8825499,-0.57141876,0.13269392,-0.25612718,0.6660198,-0.26804662,0.04991187,-0.22653967,0.60925317,0.6293528,-0.051407754,-0.08018844,-0.26918367,-0.05562935,0.19616199,-0.013656812,0.46159434,0.24310638,-0.010024442,-0.0033594575
27,-0.009708143,-6.173773,-6.4876056,-2.2979345,5.428459,-1.7501913,0.4930797,-1.4577931,0.1415939,0.28523272,-0.93763804,-0.42610887,3.1811783,0.30441952,-1.4157424,-1.0231454,1.4897695,0.2679839,0.7456365,1.6361032,1.2517744,-1.6470749,-0.59162694,0.39838725,-1.0294251,-1.146668,-2.4015517,6.470245,-0.5283862,-0.21868992,-1.7275112,-0.16813159,-0.5536906,1.7977417,-0.6513313,0.26407486,-0.53841376,-1.6255538,-1.3990992,0.0065622777,-0.032512832,-0.022268772,0.5166376,0.31041136,-0.22269171,0.46743298,1.5860207,-0.026392642,0.1938378,-0.30617267,0.22619861,0.16166288,0.9849289,0.33843672,-0.67309546,0.7893704,0.38442805,-0.08479075,-0.6017606,-0.4378704,-0.61855465,0.04027492,0.07826924,-0.294568,0.4432119,0.43104136,-0.9374634,-0.4743063,-0.24774888,0.6719469,0.30792922,0.38508326,0.5205989,0.083822876,-0.13500284,-0.4172591,-0.09030263,-0.24323863,-0.062272623,0.2600115,-0.53847855,-0.460936
28,-1.9785962,0.23769772,-0.34882748,-0.70951724,0.13675448,-2.7264543,-2.5011978,0.094751246,3.0690513,-0.03652531,0.2121675,-0.028076874,0.40417293,1.4160354,0.69776285,-3.2614603,-0.5104481,-0.72917813,2.3866239,1.5271713,0.8231181,-0.99560666,-0.99631894,0.16290475,0.06330834,3.0041788,-0.663689,-0.5283862,4.0206485,-0.6345347,0.101788364,0.10247248,-1.464937,0.44827053,-0.14105986,0.22704425,-0.7210034,-0.08043505,1.2375433,0.78614867,-0.17382497,0.18483052,0.19901387,0.4778905,-0.19050372,-1.3048909,-0.16394499,-0.04337641,0.07783292,1.0584998,-0.2100938,0.10404791,-0.33747977,-0.21949816,-0.19047996,-0.07756331,0.3282007,0.5555403,0.124048844,0.1274014,0.18454647,-0.2902708,0.62242186,-0.49947327,0.021925941,-0.43122697,-0.27000535,0.035272643,0.09725349,-0.3399473,-0.0011606081,-0.28663936,-0.32288164,0.12957528,0.7190392,0.3118833,-0.011311079,0.6505896,-0.12988517,0.03199616,-0.081996135,-0.016562328
29,-2.2743945,0.5021457,2.750965,-3.8923392,-4.011148,-3.2231593,-0.27351815,2.3067327,0.25610906,0.5941505,-0.5293567,2.3289447,-3.4247398,0.66698706,0.7506493,0.7905103,1.0956359,-0.2752152,-1.5900052,-3.5665274,1.7068444,-1.6399609,1.031134,0.107094504,0.9115689,-1.0312217,-0.911206,-0.21868992,-0.6345347,4.2049155,-1.4471428,-0.094069466,-0.026011806,0.70626736,0.16574077,0.04173047,0.11686985,0.29989827,-1.3685195,0.89672065,0.4992385,-0.95093,-0.9672969,-0.023431169,-0.99023056,-0.26332772,0.4962759,-0.37649572,-0.65065354,-0.33621368,0.31857568,-0.5566708,0.055649754,0.45951745,0.0253909,-0.27317798,-0.6559235,0.12938794,-0.44540274,-0.5715515,-0.305597,0.4592458,-0.13768357,0.5285753,-0.40053844,-0.024250735,-0.18782313,-0.064895555,-0.21116456,0.07470743,-0.24733907,0.033723243,-0.2571702,0.23287866,-0.15147498,0.45592695,0.12170394,-0.05935698,-0.042728838,-0.26789248,0.0065134102,0.10994403
30,-1.4499242,0.50416195,1.1578934,-3.057663,-2.4512205,0.5670045,0.3939746,0.5122515,1.2257214,2.977671,2.6972833,-3.6270456,-0.4348571,-0.74054176,0.9615829,-0.7733814,-1.1273532,-0.050474238,-0.38157812,0.045277987,-1.7999322,1.1227276,-0.18872178,0.18252614,0.9284998,1.8544574,1.0862591,-1.7275112,0.101788364,-1.4471428,5.5985894,-0.86852574,-0.7994127,-0.16952842,-0.63717866,-1.1169398,0.2654866,-0.2415281,1.1309443,-1.7054062,-0.6746873,0.7861348,-0.49008298,0.35355103,0.90687203,-0.6969973,-1.5902033,0.0951262,0.5873475,0.16978875,-0.6850145,-0.2631371,-0.39823282,-0.48641634,0.56012166,-0.06350518,0.2503638,0.29655734,0.89590305,0.56218344,-0.32141012,0.041129064,0.06723286,-0.48015,0.030048862,0.43069804,0.05672964,0.105407685,0.19600724,-0.33654696,-0.056185514,-0.026309311,0.3925207,0.19925727,-0.24871808,-0.16344425,-0.56736505,-0.6768656,-0.099989116,0.2006779,0.43414387,0.09397353
31,1.0646572,-3.9688575,-1.194224,6.4029217,1.7414565,0.25634927,0.90689236,1.6055435,-1.1228228,-3.3296437,0.9624164,-0.40813404,-0.40822974,-0.7717466,0.51411176,1.1846106,0.38647145,-0.14479914,0.82290375,-1.331775,0.5325668,0.83452284,0.66659594,-0.11388038,1.1473241,-0.45810184,-1.6182716,-0.16813159,0.10247248,-0.094069466,-0.86852574,4.037958,-0.098243766,1.4590113,0.4031306,-0.12225173,1.0152926,-1.0060655,0.023175426,0.25052267,-0.041004106,-0.5414108,0.1006531,0.8364477,0.041074112,0.5155523,-0.80190504,0.05989383,-0.093862616,-0.4667357,0.3469485,0.058177117,-0.49665165,-0.050507806,0.7649489,0.27370828,-0.3310529,-0.67421514,-1.2286155,-0.028970875,0.025160186,-0.75481564,-0.059007406,0.060369715,0.41306567,-0.7516498,-0.11641465,-0.11811531,0.5140188,0.42687625,-0.61232674,-0.15244132,0.15703472,0.098159224,0.61261076,-0.015549981,-0.2705882,0.24987361,0.11634816,-0.09178454,0.1803249,-0.06436826
32,-0.06425032,-1.1618209,-0.03206896,0.7390164,2.2419658,0.99666697,0.8970783,-2.2234092,0.941059,-0.92275953,-1.0479031,0.27954432,0.46772096,-2.4967515,-1.8953261,2.7320862,0.25814617,-0.1279535,0.16867708,-0.7787342,1.1713222,0.4937123,0.403486,1.5465827,-0.7366131,-0.72408307,2.1636992,-0.5536906,-1.464937,-0.026011806,-0.7994127,-0.098243766,3.718738,-0.5441439,-1.118569,0.6466351,-0.22287442,-0.7082442,0.16061896,-0.25250733,-0.991039,-0.47165146,-0.59883946,0.48410004,0.8998421,0.99855447,0.54573345,0.4083073,-0.9781697,-0.38751778,0.16372705,-0.22586882,-0.21389815,-0.5119239,-0.15011568,-0.3685773,0.3692472,0.22669592,0.71590614,-0.30008733,-0.111544326,0.30595398,-0.77247596,0.123587295,-0.23214178,0.29449263,0.69271195,-0.30859432,0.01136861,0.17089948,-0.37474972,0.4111116,0.00030211775,-0.043824527,-0.14140546,-0.05754046,0.12009072,-0.15577269,0.3579999,-0.18284759,0.04881072,0.10142103
33,-2.3810358,-1.722336,-1.4744673,-5.8022757,0.6581224,-2.0905185,-0.27668023,1.1886725,-1.2522163,-1.7122788,2.4349852,-1.5870626,-0.22379813,0.5385883,-0.6908876,-3.738143,1.4401588,-0.4960609,1.7020198,0.019473359,1.0874834,-1.1929157,0.23286337,0.88446474,0.07704145,-0.8837135,-2.1655307,1.7977417,0.44827053,0.70626736,-0.16952842,1.4590113,-0.5441439,4.3788905,-0.33474928,-0.7361557,-0.01663117,-0.8501154,-0.9769025,0.28393888,0.670914,0.096429676,-0.57410574,0.3504808,-0.1158671,0.7857611,0.05906239,-0.024448194,-0.24843425,-0.43446183,-0.67750555,-0.34092492,1.0462768,0.107883155,-0.09743163,-0.1762138,-0.21202305,0.10836553,-0.8971157,-0.13397725,-0.6968004,0.0038443517,-0.122209325,-0.026568536,-0.06791243,-0.48639593,-0.34583506,0.22353302,0.43205398,0.11257882,-0.21011011,0.1541563,0.084361404,0.014281614,0.56253344,-0.13829006,-0.48537517,0.025448065,0.025530003,0.06713638,-0.050015464,-0.018608699
34,-0.16707015,-0.15278548,2.1252415,4.7012787,-1.5661238,-4.343837,-1.3242307,2.1329622,0.066213384,-0.45503688,-1.1226299,0.8653167,-2.1056075,-0.7666675,1.7880944,-1.8539107,2.283749,0.10058824,0.818581,0.584689,-1.9774613,1.0483247,0.30916554,0.76955557,0.3862704,0.58786917,1.7626858,-0.6513313,-0.14105986,0.16574077,-0.63717866,0.4031306,-1.118569,-0.33474928,3.4706287,-0.13943318,-0.33797884,0.08320801,0.82370245,0.77338636,1.5331635,-0.5982796,-0.562883,-0.32083547,-0.6511222,-0.35073537,-0.3470778,0.4311207,-0.23605028,-0.23407501,0.46686137,-0.22705519,0.2109406,0.9242002,-0.04585897,0.18111488,-0.19135228,-0.47623813,-0.9310863,0.30203503,0.018899202,0.12360319,0.032047253,-0.050950542,0.37715432,-0.5068989,0.23078865,0.24596754,-0.14081961,0.0329576,0.22274892,-0.10771026,-0.069853425,-0.0044792523,-0.17760794,-0.08216631,0.020702736,0.08642644,0.08634542,0.09402637,-0.013138225,0.0018981982
35,-1.3938311,-3.1435378,-1.4884334,2.1836717,0.70596,-1.876984,0.5313145,-0.53742766,1.9023261,-2.0692673,-1.0805678,0.7931949,1.2578107,-0.46442103,0.58126485,-0.6795938,0.47040212,0.33558813,0.23406172,-0.17605808,0.9822526,-0.254093,-0.1959969,-0.14296173,-1.2059476,0.9014232,-0.06722394,0.26407486,0.22704425,0.04173047,-1.1169398,-0.12225173,0.6466351,-0.7361557,-0.13943318,1.8005217,-1.1204886,0.52085775,-0.17413542,0.30096853,-0.22939272,-0.008943573,-0.05700296,-0.19832802,-0.13620818,-0.14352307,0.23885188,0.42637837,-0.14353177,0.041785404,0.04414908,-0.09207347,-0.33000377,-0.06548628,-0.36885875,0.50558674,0.1786319,0.2034695,0.0682552,-0.777051,-0.012279419,-0.30426788,0.16030726,0.04614038,0.07112888,0.37632242,0.13205165,-0.20558265,-0.08259307,0.18569753,-0.14517063,-0.12130108,0.14003716,0.045125365,-0.2566591,0.2717309,0.44476724,0.23988068,-0.07603121,0.06371228,0.0041190884,0.17766958
36,1.1408479,0.47442567,2.1630998,-1.6819791,-0.9776172,0.33261377,1.094609,2.4303238,-3.6592145,0.28591165,-0.11893983,-3.769723,-1.888253,2.6482632,-1.0832684,2.683238,-3.043735,-0.020170951,-1.2165515,-1.0033612,-0.830053,0.76799124,-0.20701717,-0.66886246,0.8905155,-0.41979367,1.0541027,-0.53841376,-0.7210034,0.11686985,0.2654866,1.0152926,-0.22287442,-0.01663117,-0.33797884,-1.1204886,3.0782578,-0.16495657,-0.2236605,-0.24699387,-0.26338735,-0.22124991,1.0689448,0.67596716,0.35324895,0.6951598,-0.17884172,-0.62409234,0.5550764,-0.2762916,0.20997132,0.6877076,0.6059742,0.083262295,0.6691217,0.0011448725,-0.34415507,-0.3341104,-0.4023162,0.09685281,0.4551046,-0.12002549,-0.6372773,0.059959225,0.18091208,-0.46811637,-0.222294,-0.028513309,-0.026382577,0.023310483,0.08135286,0.39850873,-0.20099625,-0.44836167,0.25245738,-0.06783583,-0.08901118,0.10031165,0.25008917,-0.078510225,0.16189021,0.110560656
37,-0.4827724,2.7017107,0.84739727,-2.2483234,-3.0392442,1.7668593,0.23893595,1.3137934,-0.08364444,0.035485774,1.3107834,0.52364486,0.84873,2.6686707,-0.008262916,-1.9935062,-1.6846666,0.17821327,-0.07715465,-1.1636531,-0.5774766,-0.12379772,-0.32447124,-1.9186506,-0.63801277,0.5152457,-0.6867007,-1.6255538,-0.08043505,0.29989827,-0.2415281,-1.0060655,-0.7082442,-0.8501154,0.08320801,0.52085775,-0.16495657,3.1172898,-0.7716446,-0.5162382,0.010038966,0.61915123,0.5830608,-1.3519132,-0.58991,-0.35739577,-0.032277126,-0.109785564,0.4782571,-0.32189977,-0.28499097,-0.20230323,-0.004474965,-0.2363747,-0.31822336,-0.6131686,-0.9492455,-0.020458315,0.2230176,-0.3225242,0.000883786,-0.31521374,0.18614817,0.37989026,-0.25071946,-0.0061096214,0.5179491,0.45850378,-0.13593435,-0.20626017,0.052212194,-0.16073525,-0.073649384,-0.45704892,-0.41639072,-0.089174755,0.3589579,-0.025581397,-0.25987023,-0.15404913,0.08423875,0.15959528
38,-0.8800725,-2.611915,0.050795823,4.5870495,-0.2396434,-2.4341903,-0.50691766,-0.48222095,2.2621055,-0.045136444,-1.5594898,-1.6770581,0.12135803,-1.2861824,1.2605469,1.2954562,0.38918728,-0.21709687,0.33792543,0.2706458,-0.2863804,1.1162158,-0.49561882,0.08770932,0.10508618,2.5519204,0.7772721,-1.3990992,1.2375433,-1.3685195,1.1309443,0.023175426,0.16061896,-0.9769025,0.82370245,-0.17413542,-0.2236605,-0.7716446,2.7993653,0.53170824,0.23344983,-0.531849,0.17047435,0.91567624,0.8463166,-0.66937435,-0.7088214,0.12811393,0.007705983,0.708525,0.45855784,-0.020443588,-0.4402923,0.08993365,0.25181535,-0.18972728,0.54522747,0.5460073,0.45183155,0.07953218,0.25682747,-0.013521601,-0.0327174,-0.30827028,0.014481671,-0.14725477,0.32985184,0.3969357,-0.14716846,-0.22905526,0.11788146,-0.2985171,-0.03674613,-0.11568071,0.20406404,-0.036675863,0.012064697,0.12832013,0.4258937,0.012631392,0.00044116937,0.18995441
39,-1.391571,-0.7653816,1.2401237,-0.75614005,-1.5829514,-3.3502312,1.1076069,1.0877342,-1.192529,-2.8722181,-0.6357825,1.070554,-1.1279615,0.22587924,0.28778088,1.2288043,1.0917338,-1.5821431,-1.184766,0.048748326,0.4000426,-0.9374988,0.6878314,0.032469217,0.45814204,-0.75433654,-0.23759165,0.0065622777,0.78614867,0.89672065,-1.7054062,0.25052267,-0.25250733,0.28393888,0.77338636,0.30096853,-0.24699387,-0.5162382,0.53170824,2.9977891,1.7269387,-1.0638621,-0.4114393,0.5046694,0.007823892,-0.08186235,0.3436362,-0.36766028,-0.55508727,1.0360715,-0.15766385,0.21815577,-0.5094182,0.62481666,0.05173348,0.33763015,0.233199,0.502861,-0.41943583,-0.14128128,0.19148344,0.107581764,-0.07846521,-0.017006492,-0.48556817,-0.1382187,0.10661335,-0.06733197,-0.3739786,0.024221417,0.4248981,-0.06466967,-0.22124822,-0.054167908,0.30185372,-0.024310203,0.14850202,0.24712339,-0.012523234,0.17720829,-0.07333975,0.07232137
40,-1.1873963,-0.83493716,0.389324,-0.064381234,-1.4846582,-1.4985328,1.5535002,1.1049087,-1.1423206,-1.3007067,0.6271316,0.42898315,-0.7851504,0.7302798,0.7698586,-0.3374815,2.0480661,-0.81841624,-0.8068063,0.7373003,-0.55053955,-0.36796165,0.3068061,-0.8481157,0.64855456,-1.4631317,-0.7271675,-0.032512832,-0.17382497,0.4992385,-0.6746873,-0.041004106,-0.991039,0.670914,1.5331635,-0.22939272,-0.26338735,0.010038966,0.23344983,1.7269387,2.8959668,-0.5568353,-0.026077978,-0.39810312,-0.08306764,0.06526255,-0.41142273,-0.16164964,-0.4338175,0.7301561,-0.17813349,-0.05911459,0.39709717,0.96774775,-0.3806365,0.04914542,-0.005348641,0.73167205,-0.5269511,-0.03633891,0.118096225,0.44924966,-0.1944493,0.03896478,-0.24468997,-0.36546886,0.0646317,0.22466537,-0.11134847,-0.27149647,0.6016712,-0.193923,-0.062370397,-0.35797548,0.10623887,-0.30486846,-0.26494563,0.10504179,0.022460815,0.24792427,0.059420303,0.004908002
41,0.38373637,5.1226826,0.5423713,-4.231639,-1.339676,3.2443275,-0.92374444,-2.599534,-0.66808105,-2.1567707,0.72915065,0.075786844,1.001421,-0.46097147,-1.5077332,-2.0812125,0.3059411,0.44112933,0.5166267,0.9672258,-1.104002,-0.17899492,-0.5512303,0.24539036,0.09339416,-0.029028306,-0.2936144,-0.022268772,0.18483052,-0.95093,0.7861348,-0.5414108,-0.47165146,0.096429676,-0.5982796,-0.008943573,-0.22124991,0.61915123,-0.531849,-1.0638621,-0.5568353,2.2491438,0.25877792,-0.637656,0.17109728,0.027181383,-0.15461403,-0.23146476,0.11689392,0.36570877,-0.9938855,-0.2514438,0.023457736,-0.5672041,-0.07748751,0.20917508,0.30698204,-0.48482496,0.31387925,-0.22281756,0.09271118,-0.02788772,0.32129866,-0.027404742,-0.19785707,-0.0038401617,-0.10257475,0.48398232,0.33267963,-0.218838,0.010310019,-0.37310064,-0.057488143,0.25362667,0.13904242,-0.026103443,-0.010577491,-0.101027064,-0.09405553,-0.19074376,-0.09958853,0.13516052
42,0.45564455,-1.7133238,-1.5261111,1.3229339,1.2750547,1.2871587,-0.1776189,-0.10823662,0.47714996,-0.25433478,-0.39052105,-2.3588123,1.0776194,2.0920048,-0.6421813,0.7218529,-1.4213605,1.1480094,-1.2088165,0.6941042,0.7931162,-0.1504162,-0.8836303,-1.0710506,-0.36145937,-0.083658956,-0.3592146,0.5166376,0.19901387,-0.9672969,-0.49008298,0.1006531,-0.59883946,-0.57410574,-0.562883,-0.05700296,1.0689448,0.5830608,0.17047435,-0.4114393,-0.026077978,0.25877792,2.6060445,-0.08720866,-0.16166061,-0.19888437,0.36508298,0.027880762,0.45802683,0.19533443,0.502349,0.726215,0.31441286,-0.1265583,0.14780465,0.29323184,-0.060895786,-0.22083664,-0.27665752,0.030288184,0.46826932,-0.20542218,0.06515596,-0.1320517,0.22744444,-0.4640308,0.2642994,0.35824537,0.08990359,-0.12632744,0.15384558,-0.13971257,0.042221546,-0.72288615,-0.05382614,-0.28657794,0.11718948,0.27022046,0.27135754,0.13130578,-0.28002855,0.035536245
43,-0.42218572,-1.4857353,0.8172896,2.0463367,0.930456,-1.0945296,-0.11760266,-0.3113898,0.9839597,-0.58630115,-2.1955607,-1.1247306,-1.1881591,0.091279596,-0.66135156,2.6156163,-0.84277046,-0.28746837,-0.46038872,-0.29861927,0.09026863,-0.19340846,0.022610527,0.5355731,-0.06853381,0.83291006,0.54042256,0.31041136,0.4778905,-0.023431169,0.35355103,0.8364477,0.48410004,0.3504808,-0.32083547,-0.19832802,0.67596716,-1.3519132,0.91567624,0.5046694,-0.39810312,-0.637656,-0.08720866,1.743943,0.5037675,0.14619854,-0.15281472,0.019988263,-0.03494378,0.07573946,0.091895476,0.30641848,-0.21261811,-0.0054996605,0.20019731,0.41492802,0.34990245,0.24003845,-0.11364758,-0.11028606,-0.12014796,-0.13017121,-0.36825716,-0.31802556,0.06299214,-0.050135545,-0.38024977,-0.045977708,-0.1474641,-0.12851736,0.046160832,0.092089854,0.2456955,0.116453975,0.3011899,0.07623391,-0.1969634,-0.14141533,0.29759002,-0.039030053,0.0016904119,0.075734675
