,0,1,2,3,4,5,6,7,8,9,10,11,12,13,14,15,16,17,18,19,20,21,22,23,24,25,26,27,28,29,30,31,32,33,34,35,36,37,38,39,40,41,42,43,44,45,46,47,48,49,50,51,52,53,54,55,56,57,58,59,60,61,62,63,64,65,66,67,68,69,70,71,72,73,74,75,76,77,78,79,80,81
0,417.7792,-7.4799356,1.5406226,-11.351442,-8.975096,-3.5943148,7.800921,-0.04054431,8.513622,-2.8650975,-2.39005,-3.4740732,-0.9227837,-1.8865474,0.67859644,-0.854964,1.3294187,0.7465457,-0.56061673,0.17404856,0.64753366,0.30217737,-0.85723335,0.024602294,-0.1021305,0.38696966,-0.3016408,-0.0048600878,0.4763949,0.51181924,0.3241772,-0.23911218,0.049055927,0.54520726,0.044294454,0.28705078,-0.26167533,0.10181903,0.20435503,0.31489265,0.26952717,-0.05880166,-0.108389825,0.097722106,0.0026801722,-0.0006048437,-0.121667296,0.22327137,-0.011472027,-0.09339226,0.05083479,-0.08934152,0.11155725,-0.032228798,-0.2619946,-0.114331536,-0.07382559,0.07543959,-0.0040957024,-0.06808659,-0.20565844,-0.14331675,0.023474611,-0.049233604,0.17026475,-0.16752864,0.12126233,-0.08777337,0.05494818,0.035568766,-0.074080266,0.03616158,-0.02604232,-0.020966412,-0.06814659,-0.0013266352,-0.0332297,0.081695765,-0.03699431,0.0002826769,0.007902391,0.06594908
1,-7.4799356,103.44998,-6.513953,-2.954281,0.39058122,-6.95905,9.383699,1.5393093,4.7565994,0.83506334,-1.3770456,-4.2263374,1.4246564,-2.2421489,2.5182414,0.4454684,1.0878946,0.16484958,1.1586318,-0.916072,1.7134626,0.28338188,-0.6622963,-1.3396066,-0.8212397,0.6891318,-0.5897784,1.5697464,0.78241956,-0.16475251,-0.121551394,0.80829227,0.36860538,0.3778208,-0.06908628,0.5810197,-0.06956129,-0.73438764,0.7323475,0.12510942,0.25569773,-0.89408314,0.3249914,0.114536166,0.17807204,-0.04530551,0.10554994,0.28617185,0.26107076,-0.21762607,0.90200317,-0.27618456,0.036057923,0.17715701,0.15875258,0.012313515,-0.3303188,0.35375404,0.11345714,-0.2619763,-0.22334155,-0.06893177,0.0041450956,-0.12348461,0.6064781,-0.10564867,-0.017998312,-0.5915947,-0.09788009,0.7529769,0.07540538,-0.013826735,0.35771215,-0.29934037,-0.10293593,-0.26969543,-0.04213974,0.017773423,0.123165175,0.057991136,0.0150641,-0.21982723
2,1.5406226,-6.513953,85.446144,3.119402,5.9292603,-0.77448463,1.3749893,-0.28177834,-0.9683292,1.8261635,1.0556221,-0.5076369,2.2809696,-0.5025705,1.065229,-0.6734217,0.5590489,-0.5033913,1.4164279,-0.38008496,0.75839865,-0.7109939,-0.20702268,-1.1438304,-0.96300495,0.23205805,-1.190527,1.5676633,0.8513312,-0.68059963,-0.3143385,0.22685798,0.17217433,0.3672335,-0.5225437,0.1626822,-0.47382325,-0.32128847,0.13356268,-0.28861192,-0.006230576,0.15757692,0.2785956,-0.3608112,0.20203662,-0.11021008,0.28588706,-0.02033738,0.14724363,0.020746874,0.2702419,-0.32917625,0.01284017,-0.07052837,0.045131028,-0.08159848,-0.21369395,0.35362807,0.25236383,-0.14057723,-0.1376855,0.05229576,0.1821203,-0.063859895,0.24752721,0.047412023,-0.16854906,-0.28208604,-0.030236434,0.4990059,0.14558493,-0.17466763,0.22536622,-0.108814955,-0.020330273,-0.28365764,-0.07797715,-0.14761989,-0.014708055,-0.046128035,-0.07867336,-0.21635836
3,-11.351442,-2.954281,3.119402,35.04189,-11.637874,-4.9342546,9.107554,1.1629697,2.545835,-1.2247565,0.07236193,-4.4063153,-0.5494059,-0.7623644,-1.366169,-2.6463044,-0.97751194,0.20220076,-0.20437098,0.11949279,0.654078,-0.28871965,0.25648963,0.9719553,0.6542506,-1.2383447,0.06284958,0.48198158,0.3027052,0.8697841,0.6300396,-1.4183617,0.011649702,1.3761714,-1.0070356,-0.6252017,0.36642885,0.46530813,-0.9849264,0.19286269,0.043635927,1.0858773,-0.32676306,-0.46073708,0.010917336,0.66474736,0.6938951,-0.9285141,-0.13935545,0.23220369,-0.9286051,-0.14120638,0.4933744,-0.09142747,-0.054308947,-0.17657965,0.0060254317,-0.06513954,0.5982568,0.0670362,-0.19792676,0.05255574,-0.048587926,0.056128956,-0.49659753,0.13124418,-0.12394194,0.15306497,0.046416894,0.022891179,0.09166787,0.17058992,-0.07286349,0.011617672,0.11915863,-0.18112066,-0.08888252,-0.14902906,-0.19619398,-0.041845515,-0.30968738,0.025943456
4,-8.975096,0.39058122,5.9292603,-11.637874,35.724625,-2.7682772,5.2100677,3.1245916,5.693864,-2.1231794,-0.73386514,-1.1241956,-0.93262994,-1.1251962,0.4843974,-0.03361309,-0.34190276,0.38353986,-1.8073297,-0.50709295,-1.092282,0.5345364,-0.48627007,0.9022408,1.0687673,0.01551532,-0.33668193,-1.4531376,-1.395169,0.993458,0.5543351,-0.27900112,-0.6381779,-0.1375213,0.5234716,0.042802412,0.16497862,0.9050762,-0.15541346,0.42295235,0.21768883,-0.10211674,-0.18825155,0.1497863,-0.26555395,0.033346154,-0.15795264,-0.12361735,0.07652986,0.06771389,-0.09506191,0.0829293,-0.10182233,-0.07273112,0.25640866,-0.5035236,0.03527818,-0.39686534,0.09909373,-0.03556319,0.06603175,-0.13743699,-0.041543823,0.26578236,-0.22383647,0.072824426,0.09285402,0.3372544,-0.13153024,-0.36869556,-0.25442287,-0.04182592,-0.21440801,0.21035348,0.07832188,0.24901828,0.20073986,0.19404921,-0.08423704,-0.026454011,0.08194811,0.06441702
5,-3.5943148,-6.95905,-0.77448463,-4.9342546,-2.7682772,32.5272,1.8545713,4.548418,-0.34610158,1.6107055,0.30147526,-1.6302061,-0.17765155,-0.28790587,1.2027717,-2.0385728,0.25210637,-0.14259696,1.4344647,-0.52894795,0.62728214,-0.10254797,-0.0011732671,1.5823972,0.23549685,1.4392525,1.7784824,0.42023307,0.22678144,0.77000046,-0.067145824,-0.07147999,-0.4132887,0.4168095,0.95296,0.59530485,-0.065450124,-0.31517136,0.47036803,0.7373335,0.28426367,-0.9376692,-0.24962099,0.30338937,-0.43079752,-0.38100797,0.58606213,0.16811699,-0.26593903,0.2655899,0.33099824,-0.19628629,0.20368886,0.45248362,0.15317598,0.011105427,0.24791273,0.14060418,0.063062094,-0.45067626,-0.15240768,0.19374509,-0.11293361,-0.177294,-0.049198322,-0.06270968,0.1284372,-0.026465937,-0.18029916,0.17619392,-0.044459,0.17703995,0.032005325,-0.12098846,0.103316076,0.12999445,0.23320766,0.32656756,0.20560974,0.27020723,-0.1304073,-0.0004050878
6,7.800921,9.383699,1.3749893,9.107554,5.2100677,1.8545713,25.216093,0.5043014,-3.9854302,0.9657904,2.3295212,1.8007569,-0.23541337,1.5768487,-0.13307488,-2.3552132,-0.47426358,-0.61068505,0.32196862,-0.64205563,0.1411662,-1.0190419,0.6655036,1.6391344,-0.35503057,1.3191662,0.078492925,-0.3138293,0.42282766,0.048165716,-0.23864107,-0.11225301,0.12713878,0.19380578,0.50646955,-0.32890117,-0.30225077,-0.067088835,0.16898361,-0.15938076,-0.3169483,0.36337072,0.01978552,0.15715188,0.06430864,-0.39318427,0.16374362,0.05166238,-0.54354024,-0.2871913,-0.03370636,-0.14914319,0.20295072,-0.14583877,0.21030715,0.07157786,0.022595964,0.11931391,-0.36953494,0.016434206,-0.059941195,-0.035811156,-0.051270135,-0.16405222,0.12320578,-0.044842474,0.09969801,0.3532137,0.03071409,-0.055716146,-0.35018972,-0.13593529,-0.17786695,0.10883245,-0.12477964,0.14023939,-0.008535383,-0.06827202,0.078519374,-0.14498079,-0.15999497,0.26687437
7,-0.04054431,1.5393093,-0.28177834,1.1629697,3.1245916,4.548418,0.5043014,25.41662,1.4443846,-2.8813486,-2.3981674,0.9015283,-0.32162952,-1.021162,-1.3679788,1.1627121,1.7902966,0.95890033,-0.33125365,1.1436229,0.5533142,0.27522752,-0.11776019,-0.7264772,-0.37424368,-0.4135539,-0.6012453,0.44519836,0.7458048,-0.5725,-0.11600948,-0.42666262,0.615005,-0.26665884,-0.5592041,-0.027950825,-0.5244982,-0.42387998,0.2312203,-0.2802236,-0.17992342,0.8461235,-0.03264636,-0.123912945,0.28674585,0.16166972,-0.16374013,0.06926505,-0.1216716,0.21520841,-0.19823045,0.08243639,-0.20308775,-0.25360864,-0.4756273,0.30572683,0.14761028,0.15721002,0.08687989,0.0100837,0.07371422,0.048589677,0.28033775,0.008306557,-0.034761645,0.0940039,0.049954202,0.057278752,0.20178157,-0.03995827,0.16853291,-0.15759295,0.030378073,0.05448387,-0.07658509,-0.0023619307,-0.1351147,-0.13321716,-0.0037485436,-0.10086715,-0.07930027,0.13099384
8,8.513622,4.7565994,-0.9683292,2.545835,5.693864,-0.34610158,-3.9854302,1.4443846,17.083057,0.96321166,2.974255,0.6013516,0.316959,1.9875779,-0.76995087,0.3295102,-1.4573413,-1.1057887,0.5778454,-0.21393219,-0.29054016,0.19652049,1.1039321,-0.17676035,0.3337538,-1.0518036,0.3784142,0.057072055,-0.66788816,-0.044638693,-0.19891784,0.20141518,-0.39611736,0.21035235,-0.116679385,-0.30176306,0.8602959,0.033369377,-0.5435951,0.22441958,0.24591404,0.056390014,-0.08898568,-0.29179078,-0.008967644,0.34683517,0.104451805,-0.6374749,0.056022353,0.4071607,-0.41201222,0.11305204,0.15676203,0.3855844,0.33264306,0.14920592,0.06280798,-0.033985153,0.05769311,-0.18842886,0.16673331,0.026796728,-0.21492334,0.14857882,-0.55689406,0.105556585,-0.07404561,0.17337418,-0.14279628,0.014034252,0.01996256,0.20995653,-0.031773143,-0.14123222,0.21733245,-0.089376815,0.08944819,0.0043455334,0.06520231,0.2205747,-0.045112982,0.05454869
9,-2.8650975,0.83506334,1.8261635,-1.2247565,-2.1231794,1.6107055,0.9657904,-2.8813486,0.96321166,18.955225,-1.0496595,-0.8107015,-0.5945015,-1.0018291,-1.1411816,0.7899379,2.0547824,0.11211145,-0.6942191,0.75988865,0.55961114,0.614859,-0.2173797,-0.16278371,-0.14974637,-0.27361417,-1.359175,-0.07332399,-0.022344057,-0.13397065,-0.68421155,0.7620828,0.2402898,0.38685858,0.12991922,0.44306076,-0.07041371,-0.0020445124,0.013403653,0.6481647,0.28267002,0.5064618,0.05399295,0.15598905,0.21958326,0.3356952,-0.2981658,0.14869568,-0.3264915,0.29276577,-0.19858068,0.23708618,-0.3078214,-0.25634173,-0.050539076,0.25000694,-0.002740379,-0.07375411,-0.54618,-0.3428716,0.08392507,-0.41469187,0.082276255,0.10270843,-0.09053153,-0.10077365,0.38857687,0.17990275,0.035886813,0.034005105,-0.35481384,0.024495725,-0.14130008,-0.056274388,0.061444215,0.05477994,0.0266909,0.15646587,0.018492639,0.079488754,0.039417468,0.31459567
10,-2.39005,-1.3770456,1.0556221,0.07236193,-0.73386514,0.30147526,2.3295212,-2.3981674,2.974255,-1.0496595,16.764357,0.07401051,-1.5045977,-0.5467362,-0.16769011,1.7023747,0.48702264,1.2103937,-0.8365065,0.5059196,-0.08136704,0.29248014,-0.33634952,-0.42938823,-0.5976057,0.092584155,0.5434377,0.2756974,0.32060236,0.10105311,-0.60351604,-0.24701808,0.2060839,-0.55609727,0.20477106,0.23477298,0.0440135,-0.34904647,0.40269682,0.13010415,-0.120296225,-0.107262865,0.065648645,0.3964113,-0.117399886,0.12532382,0.050788037,0.14738888,0.21113661,-0.07233136,0.19695133,0.31510085,0.111193135,0.18683347,-0.40343904,0.40292913,0.15643059,-0.020431682,-0.08324528,-0.08181137,0.14879607,0.0058791446,0.02605012,0.04886688,0.13305426,-0.005560597,-0.24264331,0.023525314,-0.006344822,-0.10115315,0.33352643,-0.09662789,0.07735366,0.04631986,-0.021711288,0.19581297,0.11720304,0.03659233,0.12976019,-0.08421752,-0.11846613,0.1197093
11,-3.4740732,-4.2263374,-0.5076369,-4.4063153,-1.1241956,-1.6302061,1.8007569,0.9015283,0.6013516,-0.8107015,0.07401051,13.080866,-0.22427431,0.16766036,0.9265995,-0.77650756,-1.1335502,-0.15448928,-0.29447967,-0.3023175,0.3253832,0.6907532,-0.2372669,-0.3994271,-0.70982486,0.776673,0.10586956,0.12279685,0.43933418,-0.55880594,0.78359544,0.07345791,0.070953436,0.39752597,-0.2041694,-0.3049839,0.85738546,-0.19642308,0.4618581,-0.24099237,-0.046511713,0.15722752,0.49843928,0.16272144,0.64323413,0.1300738,-0.35336277,-0.21659443,0.34320652,-0.25841802,0.048748255,0.0059082885,0.5035187,0.18101566,0.29530543,0.25661424,-0.013954305,0.03261293,-0.023109037,-0.034782596,-0.07984908,-0.34012544,-0.30638212,-0.2119936,0.2419748,-0.22598234,-0.03207432,-0.04421416,-0.050516307,0.21319103,-0.14054227,0.15208259,0.0471755,-0.17047222,-0.08990016,-0.24425869,-0.021310871,-0.12261225,0.11925208,0.062939584,-0.076652184,0.21149354
12,-0.9227837,1.4246564,2.2809696,-0.5494059,-0.93262994,-0.17765155,-0.23541337,-0.32162952,0.316959,-0.5945015,-1.5045977,-0.22427431,14.64065,-0.19135775,0.34221286,0.56860495,0.4940366,0.09751924,-0.93936807,-0.12988439,-0.3327526,0.0057906806,0.14141771,0.12806554,0.2158725,-0.47105557,1.081368,-0.71107024,0.13696155,0.7778902,0.11686242,0.07871565,-0.28101382,0.040382035,0.3891685,-0.15562105,0.45384973,-0.21425198,-0.027783956,0.24725166,0.17368615,-0.3267535,-0.24532501,0.18142721,-0.35203457,-0.20765975,-0.17604595,0.08062717,-0.008186232,0.03029129,-0.027003184,0.14827749,0.07593295,0.33310154,-0.09042715,0.22379208,-0.0056313574,-0.15231924,-0.30285153,0.15584499,0.044210497,0.10504922,-0.069054954,0.01411083,-0.08578301,-0.2348566,-0.040463828,0.015064477,0.07007137,-0.14609401,0.10162316,0.09912022,-0.07881461,0.058790885,-0.018490663,0.15575239,-0.040603735,-0.044673882,0.07608433,0.10414976,0.035694554,0.095468104
13,-1.8865474,-2.2421489,-0.5025705,-0.7623644,-1.1251962,-0.28790587,1.5768487,-1.021162,1.9875779,-1.0018291,-0.5467362,0.16766036,-0.19135775,13.292879,0.9781685,0.52487123,1.4870431,-0.5807104,0.19885406,0.05356265,0.31586516,-0.029653829,-0.020102073,0.763039,-0.09613234,-0.77489007,0.103402175,-0.029889265,-0.18584014,-0.15727636,0.16840751,0.15974852,0.5689287,-0.13560168,0.15234193,0.09568992,-0.59212875,-0.6218279,0.3141178,-0.06291924,-0.15748389,0.13670787,-0.4838205,-0.059652008,6.25549e-06,-0.08899921,0.033602715,0.23326999,-0.33448464,0.1016791,0.056359418,-0.18225533,-0.26309037,-0.20169558,0.120706305,-0.044292472,0.120923325,-0.23383892,0.16750613,0.258354,-0.039375532,0.088634744,0.06636109,-0.028760288,0.15269431,0.12896542,0.19736992,-0.035721026,0.06639363,0.13324854,-0.18580875,-0.1323826,-0.0067643723,0.21596262,-0.13032374,0.013353587,-0.09709515,-0.14972012,0.05892627,-0.025098812,-0.010848565,-0.09990227
14,0.67859644,2.5182414,1.065229,-1.366169,0.4843974,1.2027717,-0.13307488,-1.3679788,-0.76995087,-1.1411816,-0.16769011,0.9265995,0.34221286,0.9781685,12.056364,0.41700357,0.01773157,0.53429097,0.12469682,0.5668854,-0.040413115,0.03434852,0.09517187,0.44126835,0.3977819,-0.28978258,0.28291124,0.29769224,-0.23221415,-0.17185655,-0.23175673,-0.10110819,0.5221298,0.17506832,-0.34538502,-0.20950535,0.23074156,0.0021201482,-0.2841367,-0.052723303,-0.16568238,0.3970759,0.1427469,0.19184318,0.18935159,0.5108729,0.2603477,-0.08874206,-0.24952659,-0.00022371253,-0.24278653,0.14557752,-0.057137914,-0.27769828,-0.18022713,-0.04489053,0.06621231,0.03069967,-0.001370321,-0.0566358,0.0097903125,0.0285567,-0.09617772,-0.011880096,-0.17721806,-0.00859428,0.09228221,0.11575164,0.08279515,-0.092767715,0.0574415,0.122070454,0.008039613,-0.14416564,0.11784188,-0.09496747,-0.118394524,0.0020269111,0.043125227,-0.0803633,-0.03370672,0.02156444
15,-0.854964,0.4454684,-0.6734217,-2.6463044,-0.03361309,-2.0385728,-2.3552132,1.1627121,0.3295102,0.7899379,1.7023747,-0.77650756,0.56860495,0.52487123,0.41700357,9.425541,0.35761222,0.10054303,1.3375525,0.5818741,0.09718993,-0.10832913,-0.26636702,0.79391885,-0.058738887,0.7137468,0.42717528,0.28199643,0.5200374,-0.16440634,0.24627061,-0.28474212,-0.86786366,0.7833357,0.3225035,0.34900704,-0.6057842,0.5127953,-0.3596239,-0.2887049,0.027620314,0.2523959,-0.13285634,-0.5754041,-0.3187107,-0.42070675,0.0079840785,0.22927019,0.045195483,-0.13696592,-0.4114974,-0.37950122,0.39983696,0.19444388,-0.4028768,-0.033397723,0.11627643,-0.15239951,-0.09381461,-0.14850907,-0.29701197,-0.06568009,0.13636592,-0.2085205,-0.01630057,-0.2518872,0.09640017,0.1615307,0.2141689,-0.022101335,-0.0758444,0.028297925,-0.08616346,0.024387337,-0.034582213,-0.07337594,0.09590596,0.09385492,-0.08416489,0.14404956,-0.10989775,0.019086419
16,1.3294187,1.0878946,0.5590489,-0.97751194,-0.34190276,0.25210637,-0.47426358,1.7902966,-1.4573413,2.0547824,0.48702264,-1.1335502,0.4940366,1.4870431,0.01773157,0.35761222,9.583568,-0.36889184,-0.013004459,-0.44981557,-0.113537684,0.0085312985,0.20552957,-0.17726941,-0.16979721,0.24801156,0.27023268,-0.39322,-0.051770072,-0.24207392,0.2392083,-0.061955333,-0.027150946,-0.3129151,-0.47497898,-0.11346357,0.6755142,0.4017313,-0.10907896,-0.23161808,-0.47627562,-0.09015535,0.3302652,0.25001043,0.1192043,0.15588212,0.06914683,-0.31754148,0.36654806,-0.19953695,-0.11859072,0.24576956,0.20242378,-0.10708198,0.26748702,0.12130882,-0.044388454,-0.007969354,0.18113197,0.039127797,0.1274247,-0.12466708,-0.18884875,-0.020590626,0.07373954,0.18674722,-0.19907477,-0.05074056,-0.1214689,-0.061963968,0.09073234,0.022172522,0.11467549,-0.052110102,0.031568862,0.038942963,0.1202121,-0.039250698,-0.061000094,-0.07729772,-0.02392011,0.03386075
17,0.7465457,0.16484958,-0.5033913,0.20220076,0.38353986,-0.14259696,-0.61068505,0.95890033,-1.1057887,0.11211145,1.2103937,-0.15448928,0.09751924,-0.5807104,0.53429097,0.10054303,-0.36889184,10.933637,0.47620392,-0.31983387,-0.12656397,-0.846119,-0.012943078,0.10868448,-0.28471005,-0.2771792,-0.36909086,-0.098280974,0.26804817,0.04604492,-0.06003313,0.06010738,0.16836837,0.16166818,0.03759357,-0.17674255,-0.01272782,-0.06218744,0.097709194,0.3853681,0.20080546,-0.002855864,-0.28579813,0.08350493,0.17014438,-0.10223782,0.10353449,-0.19932666,-0.20054157,0.22613081,-0.104150206,-0.12123884,-0.040329278,-0.099842265,0.22411561,-0.18526594,-0.09733129,0.17572373,0.07682322,0.18874782,-0.018236915,-0.017538222,-0.15318948,-0.06269312,-0.007005845,0.072047636,-0.043360397,-0.11355673,-0.20502296,0.04230723,-0.09071607,0.03498,-0.065812,0.020007554,0.045027275,-0.070157304,-0.12616292,-0.11265454,-0.030707652,-0.048249505,0.08742496,-0.10033521
18,-0.56061673,1.1586318,1.4164279,-0.20437098,-1.8073297,1.4344647,0.32196862,-0.33125365,0.5778454,-0.6942191,-0.8365065,-0.29447967,-0.93936807,0.19885406,0.12469682,1.3375525,-0.013004459,0.47620392,8.566173,-0.54197943,-0.21514484,0.021423716,0.21353182,-0.3842634,0.12237432,-0.56783843,-0.020226708,-0.17350703,-0.594438,0.36408746,0.11547133,-0.19906434,-0.10734367,-0.4037127,-0.21556103,0.0014451398,0.2802449,0.027064074,-0.10287762,0.26547116,0.18298917,-0.16208072,0.28843927,0.095086575,0.00060187944,-0.040748663,-0.09309432,-0.07684426,0.12619452,0.07564433,0.020816546,0.20138773,-0.1565867,0.24279529,0.066780016,0.28702503,0.07391675,-0.08261572,-0.08287309,-0.09990358,0.059609853,-0.02295594,-0.041488804,0.06351973,-0.15113604,0.027429745,0.0030967225,0.081648864,-0.024382558,-0.085461795,0.119112514,-0.044359624,0.039286673,0.020455476,-0.19847429,0.006102765,0.09061527,-0.12528296,0.035903823,0.0977582,-0.03267222,0.095983155
19,0.17404856,-0.916072,-0.38008496,0.11949279,-0.50709295,-0.52894795,-0.64205563,1.1436229,-0.21393219,0.75988865,0.5059196,-0.3023175,-0.12988439,0.05356265,0.5668854,0.5818741,-0.44981557,-0.31983387,-0.54197943,8.056941,0.44854796,-0.08305355,0.29606342,-0.36466044,0.49997976,0.16177589,-0.25314096,-0.2704841,-0.40302336,0.82222486,0.093885526,0.25153774,-0.025678802,-0.09976156,-0.22882769,0.15806474,0.25587264,0.29421875,-0.11749184,-0.06266951,-0.19060357,-0.32425493,-0.13507617,0.028234987,0.00074772956,-0.2763539,-0.10057139,-0.19828236,0.054438405,-0.14115983,0.042997874,-0.39788228,-0.11247181,0.15624028,0.106625386,-0.11921294,-0.15085332,-0.03879249,0.054348007,-0.49929407,-0.15919286,0.049451,-0.1436275,0.0951598,-0.14951244,0.0036453325,0.092761464,0.12519203,-0.02679764,0.09771754,-0.05194109,-0.075811364,0.0092589455,0.02093929,-0.18617061,0.017859614,0.14378852,-0.17025778,0.093203425,-0.08048572,0.04053844,0.064804405
20,0.64753366,1.7134626,0.75839865,0.654078,-1.092282,0.62728214,0.1411662,0.5533142,-0.29054016,0.55961114,-0.08136704,0.3253832,-0.3327526,0.31586516,-0.040413115,0.09718993,-0.113537684,-0.12656397,-0.21514484,0.44854796,7.872234,0.2406151,-0.29733488,-0.08630739,0.03348173,0.075358704,0.9678447,-0.25481746,-0.41827503,-0.35752296,0.48404586,-0.14632463,-0.47291023,-0.29832003,0.39320967,-0.065683186,0.20088258,0.18903592,-0.011641122,-0.115086704,0.07876104,0.069765404,-0.1435821,-0.004824369,-0.041432686,-0.08607432,-0.20988429,0.061705194,0.31222135,0.11801838,-0.18763159,0.015665486,-0.011740494,0.20236847,-0.040986612,-0.005447546,0.14472564,-0.26301473,0.05338844,0.0770421,0.006751368,0.039232418,-0.09124416,-0.030346699,-0.10182953,-0.0584823,-0.12830919,0.017199287,-0.079879805,-0.18335351,0.18564497,0.09269001,0.011691675,0.11846128,0.04414117,-0.072063334,0.033487223,-0.061718654,-0.007570849,0.102029145,0.12216592,-0.10756033
21,0.30217737,0.28338188,-0.7109939,-0.28871965,0.5345364,-0.10254797,-1.0190419,0.27522752,0.19652049,0.614859,0.29248014,0.6907532,0.0057906806,-0.029653829,0.03434852,-0.10832913,0.0085312985,-0.846119,0.021423716,-0.08305355,0.2406151,7.861509,-0.34219393,0.11326487,-0.18295893,-0.46445817,-0.17457744,0.40785724,0.11428675,0.38349444,-0.19668216,-0.21573661,-0.25494668,0.22677636,-0.3049227,0.17231074,-0.16546975,0.058131754,-0.30471158,0.19310355,0.063069046,-0.07026408,0.062067535,0.031276166,-0.22355443,-0.31056622,0.2881265,0.01964121,-0.06891231,0.23762752,-0.17442435,-0.06034271,0.06719449,0.0074371775,-0.18495885,-0.010681383,0.10320748,0.03519284,0.033072114,-0.06964076,-0.11387165,0.096221775,-0.04861423,-0.11495586,-0.11743463,-0.04675124,-0.09151986,6.616826e-05,-0.02210747,-0.15865798,0.048024893,0.011922406,-0.010977567,-0.0011601581,0.0029649846,0.0135775255,-0.043331098,-0.023083214,0.016455727,0.04671617,-0.01508854,-0.11557479
22,-0.85723335,-0.6622963,-0.20702268,0.25648963,-0.48627007,-0.0011732671,0.6655036,-0.11776019,1.1039321,-0.2173797,-0.33634952,-0.2372669,0.14141771,-0.020102073,0.09517187,-0.26636702,0.20552957,-0.012943078,0.21353182,0.29606342,-0.29733488,-0.34219393,7.1360645,-0.10530983,-0.47991735,0.44747782,-0.2493768,0.06157701,0.33114672,-0.2631945,-0.045502476,-0.11467521,0.12119649,0.0074880216,0.018786304,-0.111569,0.020013984,0.03887669,0.17839709,-0.11186783,-0.030115658,0.28482577,0.16744255,0.026562292,0.1085963,0.066026665,0.07418197,0.054162756,0.02633068,-0.003982613,0.121553585,0.088697374,0.121943906,-0.206748,0.050478272,-0.1821348,-0.11591925,0.14389105,0.027124953,0.117042,0.09387032,-0.07386671,0.028453972,0.01207338,0.17926553,-0.028852165,-0.09916401,-0.037105855,-0.02528368,0.01402448,-0.03218291,-0.032085307,-0.06571882,-0.061232254,0.06948588,0.032770146,-0.06194707,0.08242758,0.0052989293,-0.110294074,0.055511408,-0.01503489
23,0.024602294,-1.3396066,-1.1438304,0.9719553,0.9022408,1.5823972,1.6391344,-0.7264772,-0.17676035,-0.16278371,-0.42938823,-0.3994271,0.12806554,0.763039,0.44126835,0.79391885,-0.17726941,0.10868448,-0.3842634,-0.36466044,-0.08630739,0.11326487,-0.10530983,5.594853,-0.32433155,0.054988172,-0.9899256,0.0028554164,0.4035747,-0.050291248,-0.04520227,-0.012292238,-0.29106456,-0.202346,-0.21592483,-0.056604423,0.17198789,0.36884004,0.05169703,-0.03566341,0.22472343,0.0910353,0.20763962,-0.23219906,0.058325015,-0.04308838,-0.2862067,-0.20294842,0.3724383,0.06630678,0.07805215,0.020739365,-0.016416876,0.101520136,-0.052126605,-0.020855729,-0.2933734,0.2073463,0.034897216,-0.096530564,0.08722283,-0.09140069,0.09554421,0.1475178,-0.00210755,0.010276904,-0.12784423,-0.032163937,-0.07940048,0.035763435,0.16619867,-0.10259518,0.03334567,-0.10558717,-0.032924324,-0.048098855,0.020705447,-0.034146428,-0.066270284,-0.041588437,0.076067016,0.024994705
24,-0.1021305,-0.8212397,-0.96300495,0.6542506,1.0687673,0.23549685,-0.35503057,-0.37424368,0.3337538,-0.14974637,-0.5976057,-0.70982486,0.2158725,-0.09613234,0.3977819,-0.058738887,-0.16979721,-0.28471005,0.12237432,0.49997976,0.03348173,-0.18295893,-0.47991735,-0.32433155,5.7204,0.058125854,0.09404367,0.29575744,-0.040189482,-0.18748033,-0.12339359,-0.30869472,-0.011588917,-0.070340745,-0.18037418,0.39397848,-0.17211807,0.1631328,-0.084070325,-0.14503868,-0.16569868,-0.13420509,0.11134967,-0.035652615,-0.073433526,-0.12493642,0.059672527,0.2488336,0.21194611,-0.055701338,-0.011236427,0.07706129,0.20169088,0.068473384,-0.27459463,0.07249365,0.10919054,-0.004346042,0.11009002,-0.09986219,-0.11705816,-0.09382649,-0.10532404,-0.076972574,0.018727643,-0.0067541907,-0.03662478,-0.07288022,-0.096158326,-0.11833787,-0.034876365,0.1389319,0.05360578,-0.018187512,-0.08815391,0.003708107,0.09967315,-0.00013885694,0.027820947,0.125307,-0.037607946,0.0020893847
25,0.38696966,0.6891318,0.23205805,-1.2383447,0.01551532,1.4392525,1.3191662,-0.4135539,-1.0518036,-0.27361417,0.092584155,0.776673,-0.47105557,-0.77489007,-0.28978258,0.7137468,0.24801156,-0.2771792,-0.56783843,0.16177589,0.075358704,-0.46445817,0.44747782,0.054988172,0.058125854,4.699744,-0.23137915,0.24965137,-0.45053387,0.20898068,-0.47573423,0.111879155,0.29437315,0.24243253,-0.10453634,-0.3095286,0.08535008,-0.16423729,-0.5149441,0.19442345,0.37099272,0.136453,-0.009201998,-0.21909793,-0.14780593,0.4047559,0.23107083,-0.15001613,-0.21751094,0.0026989263,-0.1200052,0.13973188,0.03379929,0.02334489,0.03799417,0.086351454,-0.11746088,-0.1283817,-0.13244896,0.33186495,0.06848604,0.06049351,-0.051242497,0.10757521,-0.04112128,0.011375586,-0.039384697,-0.04072208,0.07498443,0.027005386,0.07152431,-0.02106981,0.04141364,-0.035457537,-0.023486938,-0.103735566,-0.17176917,-0.11702087,-0.040918395,-0.012528595,-0.04076217,-0.11907092
26,-0.3016408,-0.5897784,-1.190527,0.06284958,-0.33668193,1.7784824,0.078492925,-0.6012453,0.3784142,-1.359175,0.5434377,0.10586956,1.081368,0.103402175,0.28291124,0.42717528,0.27023268,-0.36909086,-0.020226708,-0.25314096,0.9678447,-0.17457744,-0.2493768,-0.9899256,0.09404367,-0.23137915,3.536974,0.5121088,-0.056469396,0.21894571,-0.24024361,0.38120627,-0.5107698,0.4871941,-0.37627575,0.0460953,-0.24607399,0.18780538,-0.21152502,0.06287603,0.14973193,0.0037652757,0.098788515,-0.070640504,0.041582473,-0.06936675,-0.20014113,-0.18229708,0.17234409,0.025564639,0.039081916,-0.08481663,0.0073814676,-0.12092385,-0.035675585,-0.19009127,-0.14858866,0.1350627,-0.13497502,-0.18762508,-0.087894544,-0.19399492,0.18692312,0.13098666,-0.03161498,0.084165886,-0.1396344,0.06523388,-0.031741217,0.021168668,-0.18366568,-0.1198387,-0.00470137,0.021922264,0.08105274,0.03866949,-0.033513654,0.04277104,-0.108890176,-0.051254757,0.017167583,-0.008378572
27,-0.0048600878,1.5697464,1.5676633,0.48198158,-1.4531376,0.42023307,-0.3138293,0.44519836,0.057072055,-0.07332399,0.2756974,0.12279685,-0.71107024,-0.029889265,0.29769224,0.28199643,-0.39322,-0.098280974,-0.17350703,-0.2704841,-0.25481746,0.40785724,0.06157701,0.0028554164,0.29575744,0.24965137,0.5121088,4.3710794,-0.011248313,0.052481413,0.3959027,0.04838469,0.08795986,-0.4127233,0.14170057,-0.0074711246,0.11073874,0.38708144,0.2908961,0.01598001,-8.404162e-05,-0.06266345,-0.098282814,-0.042640246,0.05116301,-0.11219271,-0.35664487,0.02619388,-0.01718928,0.0576113,-0.058091857,-0.029608618,-0.20531027,-0.08519354,0.14789088,-0.22255242,-0.037843924,0.004240998,0.12803656,0.10080157,0.13695945,-0.011156244,-0.01988725,0.057901725,-0.11233792,-0.08848901,0.2103181,0.10807565,0.047148217,-0.16849175,-0.084128045,-0.07163719,-0.12702078,-0.018426774,0.04512389,0.11178013,0.03158366,0.074652754,0.015563294,-0.054135866,0.13408461,0.09295161
28,0.4763949,0.78241956,0.8513312,0.3027052,-1.395169,0.22678144,0.42282766,0.7458048,-0.66788816,-0.022344057,0.32060236,0.43933418,0.13696155,-0.18584014,-0.23221415,0.5200374,-0.051770072,0.26804817,-0.594438,-0.40302336,-0.41827503,0.11428675,0.33114672,0.4035747,-0.040189482,-0.45053387,-0.056469396,-0.011248313,4.338283,0.13705516,-0.12835394,0.057677142,0.5385443,-0.026608547,0.1749392,-0.1712455,0.11933055,0.026177214,-0.25660375,-0.11371057,0.048671745,0.025172204,-0.060671926,0.014463544,0.10932585,0.5054636,0.15699774,0.0039087073,-0.16003932,-0.3318596,0.13555911,0.0503589,0.054843195,-0.11851256,0.26004565,-0.10862075,-0.14187066,-0.048873153,-0.055124514,0.03763884,0.022217717,0.058782715,-0.13354355,0.18390265,0.07156742,0.18433449,0.023985814,0.0014291019,-0.06053698,0.113740996,-0.077528335,0.0048024384,0.0656625,0.007211493,-0.096093714,-0.011661565,-0.011513121,-0.11146565,-0.0052035665,-0.09542407,0.01739066,0.026318535
29,0.51181924,-0.16475251,-0.68059963,0.8697841,0.993458,0.77000046,0.048165716,-0.5725,-0.044638693,-0.13397065,0.10105311,-0.55880594,0.7778902,-0.15727636,-0.17185655,-0.16440634,-0.24207392,0.04604492,0.36408746,0.82222486,-0.35752296,0.38349444,-0.2631945,-0.050291248,-0.18748033,0.20898068,0.21894571,0.052481413,0.13705516,4.3316584,0.33956158,0.013619836,-0.02031162,-0.1688551,-0.051874246,0.011339325,-0.024063302,-0.06359796,0.30347025,-0.20819789,-0.11611495,0.20088957,0.22297682,-0.0009402095,0.21866164,0.040641937,-0.1218908,0.09102377,0.15911205,0.08371461,-0.07878258,0.122004755,-0.008683514,-0.09200296,-0.022055209,0.06734446,0.15736884,-0.035800185,0.102689415,0.120870814,0.06335881,-0.10426377,0.03108149,-0.12648919,0.08290231,-0.00044594047,0.047075238,0.0140315555,0.05009373,-0.021251835,0.05959142,0.0003383769,0.056950077,-0.056286797,0.030589784,-0.10630882,-0.023951096,0.012987745,0.012665964,0.06899498,0.0004689889,-0.028940616
30,0.3241772,-0.121551394,-0.3143385,0.6300396,0.5543351,-0.067145824,-0.23864107,-0.11600948,-0.19891784,-0.68421155,-0.60351604,0.78359544,0.11686242,0.16840751,-0.23175673,0.24627061,0.2392083,-0.06003313,0.11547133,0.093885526,0.48404586,-0.19668216,-0.045502476,-0.04520227,-0.12339359,-0.47573423,-0.24024361,0.3959027,-0.12835394,0.33956158,3.9305909,0.19762763,0.09302264,0.024574382,0.119803935,0.321165,-0.055114705,0.07490268,-0.29148692,0.3844448,0.13989386,-0.2639959,0.12675518,-0.07147451,-0.21829957,0.1084986,0.3416469,0.0035894667,-0.090734504,-0.030806605,0.13953753,0.054391965,0.104096696,0.12614407,-0.18762243,0.005236526,-0.0005842401,-0.10033475,-0.20298564,-0.14480478,0.054843143,-0.0046919365,-0.022943132,0.088170424,-0.032031354,-0.10484359,-0.0020616807,-0.020528506,-0.048433498,0.04562422,0.008960993,0.04239493,-0.09836884,-0.05321957,0.0526892,0.04080499,0.14314353,0.16841589,0.029530456,-0.015542437,-0.09096408,-0.030763138
31,-0.23911218,0.80829227,0.22685798,-1.4183617,-0.27900112,-0.07147999,-0.11225301,-0.42666262,0.20141518,0.7620828,-0.24701808,0.07345791,0.07871565,0.15974852,-0.10110819,-0.28474212,-0.061955333,0.06010738,-0.19906434,0.25153774,-0.14632463,-0.21573661,-0.11467521,-0.012292238,-0.30869472,0.111879155,0.38120627,0.04838469,0.057677142,0.013619836,0.19762763,3.9757063,0.053652443,-0.33712757,-0.091515735,-0.00509072,-0.23036826,0.21384971,0.009098845,-0.064395174,0.016719172,0.17157814,-0.031137336,-0.20576769,-0.0042503965,-0.105218954,0.18373999,-0.028535772,0.01119724,0.10890502,-0.07904395,-0.016588226,0.1044602,0.016438441,-0.15088323,-0.04558394,0.053487558,0.16917361,0.2803617,0.010905314,0.002369861,0.1688394,0.014143908,-0.010626793,-0.083439045,0.16747558,0.020401785,0.024174228,-0.10967355,-0.07943173,0.14944163,0.012123562,-0.029672146,-0.021394419,-0.14629412,-0.005188073,0.05375637,-0.07026799,-0.027329255,0.00804094,-0.04590828,0.01864139
32,0.049055927,0.36860538,0.17217433,0.011649702,-0.6381779,-0.4132887,0.12713878,0.615005,-0.39611736,0.2402898,0.2060839,0.070953436,-0.28101382,0.5689287,0.5221298,-0.86786366,-0.027150946,0.16836837,-0.10734367,-0.025678802,-0.47291023,-0.25494668,0.12119649,-0.29106456,-0.011588917,0.29437315,-0.5107698,0.08795986,0.5385443,-0.02031162,0.09302264,0.053652443,3.8882666,0.19362849,0.33769888,-0.30245897,0.03133343,0.11112986,0.040658005,0.09587145,0.2677132,0.27286375,0.09685612,-0.108417675,-0.16341326,-0.10022168,-0.058220014,-0.15099624,0.12971418,0.046597417,0.0032245528,0.071370706,0.016075112,0.06505679,0.16158378,0.088374734,-0.20244032,0.034833163,-0.17107731,0.13379538,0.073758274,-0.07551774,0.20634302,0.028535252,0.11161062,-0.044921543,-0.20193756,0.063302174,0.0047469125,0.042895224,0.108427286,-0.17744952,0.02893582,0.032055665,0.053675823,0.013965759,-0.060736805,-0.002106321,-0.1007479,-0.030209064,-0.038132086,0.006156172
33,0.54520726,0.3778208,0.3672335,1.3761714,-0.1375213,0.4168095,0.19380578,-0.26665884,0.21035235,0.38685858,-0.55609727,0.39752597,0.040382035,-0.13560168,0.17506832,0.7833357,-0.3129151,0.16166818,-0.4037127,-0.09976156,-0.29832003,0.22677636,0.0074880216,-0.202346,-0.070340745,0.24243253,0.4871941,-0.4127233,-0.026608547,-0.1688551,0.024574382,-0.33712757,0.19362849,3.4817011,0.09277485,0.11249845,0.0013070528,0.1742202,0.24756716,-0.06402942,-0.13352463,0.051356062,0.12083898,-0.09263241,0.035419244,-0.13751993,-0.0022542377,-0.013885436,0.018792545,0.095692046,0.1650516,0.081650145,-0.24792492,-0.036782898,0.070489265,0.04923751,0.0003115842,-0.0019941647,0.20381777,0.041103434,0.17021745,-0.005459641,0.034755368,0.02267506,0.038272936,0.11652626,0.07373157,-0.055119947,-0.09252687,-0.001282786,0.048616998,-0.061676078,-0.0083380295,0.0018731441,-0.12636828,0.028403241,0.09530875,-0.0146273,-0.01111374,-0.03893176,0.008514453,0.008301872
34,0.044294454,-0.06908628,-0.5225437,-1.0070356,0.5234716,0.95296,0.50646955,-0.5592041,-0.116679385,0.12991922,0.20477106,-0.2041694,0.3891685,0.15234193,-0.34538502,0.3225035,-0.47497898,0.03759357,-0.21556103,-0.22882769,0.39320967,-0.3049227,0.018786304,-0.21592483,-0.18037418,-0.10453634,-0.37627575,0.14170057,0.1749392,-0.051874246,0.119803935,-0.091515735,0.33769888,0.09277485,2.9976072,-0.028261011,0.07303397,-0.048768185,-0.1522696,-0.17425695,-0.33045995,0.21845806,0.11236347,0.048468098,0.16070384,0.11583476,0.0888757,-0.1264011,0.024645085,0.050898574,-0.10154027,0.049481757,-0.0625555,-0.21144554,0.056030393,-0.019048735,-0.010755317,0.13794036,0.21479405,-0.046131022,0.008299777,-0.035882175,0.004790186,0.027201047,-0.06104318,0.11327861,-0.07028823,-0.059533358,0.04211483,0.024703894,-0.035684682,-0.00882151,0.030113772,0.0060367454,0.031148374,0.008081672,-0.020988941,-0.044563122,-0.023785166,-0.050124906,-0.00645168,0.010093946
35,0.28705078,0.5810197,0.1626822,-0.6252017,0.042802412,0.59530485,-0.32890117,-0.027950825,-0.30176306,0.44306076,0.23477298,-0.3049839,-0.15562105,0.09568992,-0.20950535,0.34900704,-0.11346357,-0.17674255,0.0014451398,0.15806474,-0.065683186,0.17231074,-0.111569,-0.056604423,0.39397848,-0.3095286,0.0460953,-0.0074711246,-0.1712455,0.011339325,0.321165,-0.00509072,-0.30245897,0.11249845,-0.028261011,3.424408,0.27204898,-0.080488704,-0.011860648,-0.105654106,0.020951241,-0.11364964,0.038603313,0.032217447,-0.0058688805,-0.07520351,-0.11059567,-0.055208713,0.10021156,0.02941589,-0.037692826,-0.00039591314,0.09887786,0.0663417,-0.026742114,-0.10140948,0.038422763,-0.111979865,-0.006495394,0.11625987,-0.036588036,0.07711382,-0.059937254,-0.055920377,-0.06476864,-0.10935815,0.0124934055,0.04963851,0.016246988,-0.10336679,0.020407539,0.09303373,-0.05351057,-0.028019462,0.04203891,-0.06798764,-0.07626395,-0.029976387,0.03390955,0.046826262,0.015797883,-0.061769076
36,-0.26167533,-0.06956129,-0.47382325,0.36642885,0.16497862,-0.065450124,-0.30225077,-0.5244982,0.8602959,-0.07041371,0.0440135,0.85738546,0.45384973,-0.59212875,0.23074156,-0.6057842,0.6755142,-0.01272782,0.2802449,0.25587264,0.20088258,-0.16546975,0.020013984,0.17198789,-0.17211807,0.08535008,-0.24607399,0.11073874,0.11933055,-0.024063302,-0.055114705,-0.23036826,0.03133343,0.0013070528,0.07303397,0.27204898,2.8392484,0.04533347,0.039880306,0.057247553,0.05520682,0.029512595,-0.23694842,-0.14555746,-0.081366375,-0.16305934,0.04071646,0.15009674,-0.11965546,0.06043642,-0.048670188,-0.15339455,-0.13325927,-0.021571573,-0.15506396,-0.010195399,0.090909466,0.072638884,0.090100765,-0.025234928,-0.105412126,0.02724824,0.14290725,-0.01637669,-0.04467153,0.10774115,0.05273161,0.006983217,0.0037260698,-0.012411874,-0.023516253,-0.0810147,0.042323414,0.100797445,-0.055922635,0.01935257,0.024750024,-0.016461834,-0.05628638,0.022105522,-0.033592615,-0.028444786
37,0.10181903,-0.73438764,-0.32128847,0.46530813,0.9050762,-0.31517136,-0.067088835,-0.42387998,0.033369377,-0.0020445124,-0.34904647,-0.19642308,-0.21425198,-0.6218279,0.0021201482,0.5127953,0.4017313,-0.06218744,0.027064074,0.29421875,0.18903592,0.058131754,0.03887669,0.36884004,0.1631328,-0.16423729,0.18780538,0.38708144,0.026177214,-0.06359796,0.07490268,0.21384971,0.11112986,0.1742202,-0.048768185,-0.080488704,0.04533347,2.7088978,0.16630462,0.105350666,-0.011305148,-0.16964793,-0.12768093,0.2903329,0.1192078,0.03607672,-0.016139913,0.032673225,-0.07806988,0.09225753,0.047018453,0.032008484,0.009380503,0.08411038,0.028567526,0.15558591,0.23604433,-0.0139242895,-0.0462059,0.056884885,-0.014197656,0.07344553,-0.044888906,-0.10080153,0.0373447,-0.013406917,-0.10847629,-0.104364835,0.034875453,0.03495526,-0.002319367,0.05308246,0.013845963,0.09610791,0.084179096,0.012661781,-0.07473846,0.0029958861,0.06584051,0.054878935,-0.016062303,-0.042398356
38,0.20435503,0.7323475,0.13356268,-0.9849264,-0.15541346,0.47036803,0.16898361,0.2312203,-0.5435951,0.013403653,0.40269682,0.4618581,-0.027783956,0.3141178,-0.2841367,-0.3596239,-0.10907896,0.097709194,-0.10287762,-0.11749184,-0.011641122,-0.30471158,0.17839709,0.05169703,-0.084070325,-0.5149441,-0.21152502,0.2908961,-0.25660375,0.30347025,-0.29148692,0.009098845,0.040658005,0.24756716,-0.1522696,-0.011860648,0.039880306,0.16630462,2.769962,-0.10573502,-0.0471632,0.16852418,-0.048986096,-0.19123954,-0.173747,0.21052942,0.18938816,-0.042102285,-0.040787823,-0.18060075,-0.08363764,0.017566688,0.09141296,-0.05374653,0.003779702,0.025385488,-0.15918258,-0.095729515,-0.1068291,0.005990222,-0.04022514,-0.0005244507,0.01173357,0.090462185,0.019422755,0.049623348,-0.088099405,-0.09061068,0.02879171,0.07360088,-0.035921972,0.041331165,0.011334859,0.03605274,-0.032533802,0.016667608,-0.011710864,-0.031163506,-0.105321094,-0.030884637,-0.0046110465,-0.03382983
39,0.31489265,0.12510942,-0.28861192,0.19286269,0.42295235,0.7373335,-0.15938076,-0.2802236,0.22441958,0.6481647,0.13010415,-0.24099237,0.24725166,-0.06291924,-0.052723303,-0.2887049,-0.23161808,0.3853681,0.26547116,-0.06266951,-0.115086704,0.19310355,-0.11186783,-0.03566341,-0.14503868,0.19442345,0.06287603,0.01598001,-0.11371057,-0.20819789,0.3844448,-0.064395174,0.09587145,-0.06402942,-0.17425695,-0.105654106,0.057247553,0.105350666,-0.10573502,2.5481782,-0.38216272,0.2843536,0.08706078,-0.1278499,0.0022630868,0.033879966,-0.07740164,0.06885813,0.112266235,-0.23218502,0.038335975,-0.052208114,0.10707908,-0.14252272,0.0031086737,-0.061258387,-0.07600406,-0.109090015,0.097411424,0.036799956,-0.040482312,-0.026850432,0.017029889,0.008374592,0.121793404,0.031875156,-0.025601093,0.01360181,0.08805266,0.002411631,-0.094841614,0.003475755,0.05682721,0.013523215,-0.07476246,-0.00084611215,-0.043277666,-0.06196425,0.0010847419,-0.05023911,0.015007241,-0.013548657
40,0.26952717,0.25569773,-0.006230576,0.043635927,0.21768883,0.28426367,-0.3169483,-0.17992342,0.24591404,0.28267002,-0.120296225,-0.046511713,0.17368615,-0.15748389,-0.16568238,0.027620314,-0.47627562,0.20080546,0.18298917,-0.19060357,0.07876104,0.063069046,-0.030115658,0.22472343,-0.16569868,0.37099272,0.14973193,-8.404162e-05,0.048671745,-0.11611495,0.13989386,0.016719172,0.2677132,-0.13352463,-0.33045995,0.020951241,0.05520682,-0.011305148,-0.0471632,-0.38216272,2.4101737,0.15064225,0.0047742,0.09531903,0.02751421,0.014796496,0.10571885,0.027165804,0.079215094,-0.17883131,0.050410733,0.021586083,-0.0951526,-0.23990047,0.11022456,-0.017906502,-0.01410158,-0.15954113,0.11783943,0.023251686,-0.020670883,-0.10424909,0.046257216,0.0021348374,0.069757655,0.092558086,-0.018779114,-0.051803082,0.023469236,0.06556086,-0.14276868,0.036730163,0.019912878,0.08641044,-0.020287706,0.07229334,0.052566975,-0.020525735,-0.01012956,-0.06774547,-0.014668771,0.0023996301
41,-0.05880166,-0.89408314,0.15757692,1.0858773,-0.10211674,-0.9376692,0.36337072,0.8461235,0.056390014,0.5064618,-0.107262865,0.15722752,-0.3267535,0.13670787,0.3970759,0.2523959,-0.09015535,-0.002855864,-0.16208072,-0.32425493,0.069765404,-0.07026408,0.28482577,0.0910353,-0.13420509,0.136453,0.0037652757,-0.06266345,0.025172204,0.20088957,-0.2639959,0.17157814,0.27286375,0.051356062,0.21845806,-0.11364964,0.029512595,-0.16964793,0.16852418,0.2843536,0.15064225,2.3235688,-0.083768204,0.1776315,0.00058959145,0.11742963,0.103083834,0.017018998,-0.1068708,-0.13663943,0.26819977,0.08849593,-0.028061839,0.05538018,0.1342648,-0.08132823,-0.14682119,0.17560512,-0.08182116,0.117029086,0.020186255,0.0005041085,-0.050428405,0.058478147,0.094938986,0.033495028,-0.01814181,-0.110949725,-0.08122524,0.1034279,-0.0044764737,0.026752649,0.029294766,-0.03550377,-0.0032314947,0.022184083,-0.019787759,0.009781985,0.0022891143,-0.017435815,0.005109894,-0.0059211934
