,0,1,2,3,4,5,6,7,8,9,10,11,12,13,14,15,16,17,18,19,20,21,22,23,24,25,26,27,28,29,30,31,32,33,34,35,36,37,38,39,40,41,42,43,44,45,46,47,48,49,50,51,52,53,54,55,56,57,58,59,60,61,62,63,64,65,66,67,68,69,70,71,72,73,74,75,76,77,78,79,80,81
0,417.75275,-7.5093584,1.5058198,-11.380924,-8.936498,-3.5336652,7.716197,-0.08031465,8.56236,-2.8838716,-2.4034736,-3.4997015,-0.92808986,-1.8913553,0.6626145,-0.8076866,1.3208858,0.7121117,-0.5375196,0.1995829,0.69383645,0.34261635,-0.91802514,0.0017232944,-0.07563868,0.36153534,-0.29066616,0.0021814136,0.42874688,0.5216583,0.34327334,-0.2534951,0.016386185,0.54623246,0.0216125,0.32481283,-0.25726134,0.11454162,0.18883836,0.3058476,0.26306784,-0.112890154,-0.09771015,0.09383779,-0.016223917,-0.027748652,-0.14176321,0.24004667,0.0104345,-0.08101167,0.041222222,-0.0903362,0.12432706,-0.019798953,-0.29265735,-0.11778655,-0.05409722,0.04806292,-0.001312034,-0.08992243,-0.2218405,-0.13874827,0.021061953,-0.0604733,0.15486604,-0.17325166,0.14040667,-0.08599325,0.055336006,0.01395538,-0.075923935,0.0625226,-0.03149898,-0.022612434,-0.07231718,-0.0014387465,-0.024759207,0.09127434,-0.03257896,0.021209054,0.014916133,0.059457645
1,-7.5093584,103.288124,-6.6985054,-3.0719433,0.48545617,-6.7758284,9.1117115,1.4348708,4.9116726,0.81236625,-1.3822055,-4.3223386,1.407585,-2.2502246,2.4583116,0.6242371,1.0741599,0.039791163,1.2229705,-0.76210034,1.9132133,0.40555492,-0.8607447,-1.3789353,-0.68672466,0.58116806,-0.5589936,1.6005447,0.5954443,-0.14052692,-0.005195934,0.77142894,0.21945088,0.34901845,-0.14448842,0.70340323,-0.04860071,-0.6952919,0.66330206,0.08712606,0.23592508,-1.0699005,0.35677296,0.10878389,0.13457161,-0.13729654,0.05007709,0.33636615,0.33829623,-0.186831,0.8777515,-0.28363872,0.06828983,0.22170568,0.06064967,0.00048708403,-0.23770395,0.2818097,0.11871615,-0.31029254,-0.25890648,-0.062291786,-0.012731722,-0.17769897,0.5576658,-0.123909295,0.017831597,-0.5905715,-0.09790354,0.68790525,0.07089385,0.066903695,0.33567134,-0.31410915,-0.1364905,-0.2715912,-0.0139981685,0.039883446,0.1440419,0.12104966,0.03253602,-0.24065468
2,1.5058198,-6.6985054,85.20856,2.9267626,6.1106853,-0.5172658,1.0598114,-0.45989737,-0.7639201,1.794757,1.074409,-0.6506349,2.4060745,-0.50516415,0.9403437,-0.3979743,0.5346035,-0.63293505,1.4887563,-0.20204765,1.0082839,-0.5515732,-0.4373783,-1.225024,-0.8022246,0.101731986,-1.1521739,1.6407635,0.6423282,-0.6511115,-0.18084237,0.16689087,-0.014368914,0.30410832,-0.6291325,0.31958348,-0.4436684,-0.2636367,0.055966787,-0.34758252,-0.047104146,-0.038370747,0.31732905,-0.37302002,0.14769867,-0.24056146,0.20309846,0.044192165,0.23937757,0.07793717,0.23537773,-0.35167798,0.0509006,-0.006497955,-0.089097485,-0.07825621,-0.10493277,0.25918692,0.26410854,-0.22033766,-0.18959947,0.057942033,0.14742155,-0.13591577,0.18108432,0.021880135,-0.1087821,-0.27968022,-0.0357339,0.4054944,0.11985418,-0.07003219,0.1909532,-0.13242878,-0.06267874,-0.28954747,-0.04189381,-0.11245634,0.010540009,0.03798257,-0.04950071,-0.24515647
3,-11.380924,-3.0719433,2.9267626,34.88807,-11.498465,-4.6999598,8.774284,1.0106742,2.7301984,-1.2569985,0.056028634,-4.5349646,-0.49710858,-0.7647201,-1.459343,-2.388094,-1.0078385,0.09787866,-0.155152,0.2879571,0.8634887,-0.13814633,0.03169795,0.91749,0.7779605,-1.3469813,0.08722681,0.532725,0.108723864,0.89133626,0.7359175,-1.4777037,-0.13880973,1.3273516,-1.0928959,-0.48574814,0.3874012,0.51853144,-1.0532563,0.15264058,0.015279983,0.91540515,-0.29051816,-0.46474478,-0.037531145,0.55784535,0.63177,-0.87525004,-0.045219634,0.27457553,-0.964887,-0.15435138,0.5324669,-0.035011545,-0.15404573,-0.19110388,0.10696083,-0.13496406,0.6026563,0.0050698644,-0.2353467,0.056268696,-0.07201582,0.0014352975,-0.5592193,0.11248689,-0.077969685,0.15084976,0.04401102,-0.049610194,0.08383867,0.2506119,-0.097923115,-0.00505001,0.09446193,-0.18374991,-0.0548282,-0.11977899,-0.1733585,0.024725389,-0.28359443,-0.004079927
4,-8.936498,0.48545617,6.1106853,-11.498465,35.628807,-3.022035,5.4999785,3.2662725,5.482572,-2.0893312,-0.71278137,-1.0190827,-0.9347836,-1.1321552,0.58155775,-0.23603408,-0.30628902,0.49971896,-1.8673825,-0.63821733,-1.2747192,0.39000612,-0.28259555,0.9535152,0.9657906,0.11686148,-0.36747706,-1.5183396,-1.1898321,0.96927094,0.45536923,-0.219531,-0.48869494,-0.1237704,0.6009675,-0.09194224,0.14949924,0.84427786,-0.09585162,0.45726305,0.24740288,0.09808098,-0.22115976,0.14988711,-0.2156062,0.13665143,-0.08993885,-0.1854657,-0.0064494764,0.024421105,-0.06997879,0.09398325,-0.14206778,-0.12511462,0.38663578,-0.49164075,-0.048349403,-0.32357347,0.09351842,0.03225756,0.111753196,-0.1432065,-0.023352064,0.3183059,-0.15462992,0.0943418,0.032596536,0.3410388,-0.12738612,-0.28931043,-0.23963776,-0.13628164,-0.18553537,0.22638282,0.1013321,0.25032622,0.16266292,0.16231556,-0.10557241,-0.10665664,0.06001275,0.08632118
5,-3.5336652,-6.7758284,-0.5172658,-4.6999598,-3.022035,32.210686,2.1851728,4.781107,-0.58126247,1.6535417,0.27800402,-1.4582646,-0.37187088,-0.28478804,1.3521947,-2.3640156,0.28644884,-0.014136647,1.3520072,-0.6994952,0.352154,-0.29309344,0.25405967,1.7003686,0.077080876,1.5822285,1.730787,0.3204754,0.44723806,0.7340896,-0.19247386,0.0046876865,-0.22088292,0.48977768,1.0835567,0.41066343,-0.09613408,-0.3871521,0.5466949,0.8058746,0.3374231,-0.7227007,-0.29361343,0.3228737,-0.36551225,-0.22496709,0.6918819,0.09349057,-0.36795074,0.18544605,0.37377048,-0.16480134,0.15705395,0.37599927,0.31756246,-0.0003109551,0.13996881,0.25380653,0.045720235,-0.34461862,-0.08453141,0.18708515,-0.07202807,-0.101104245,0.03243804,-0.031388406,0.047030978,-0.029915553,-0.17210226,0.29120642,-0.004271558,0.052490145,0.07293044,-0.09427895,0.14545122,0.13679919,0.19273034,0.2815466,0.17820713,0.16920865,-0.16829231,0.033333883
6,7.716197,9.1117115,1.0598114,8.774284,5.4999785,2.1851728,24.651466,0.23522274,-3.663909,0.8625033,2.3530421,1.5676918,0.11264369,1.5509899,-0.3166827,-1.8600011,-0.5117855,-0.8317417,0.48064077,-0.34766358,0.52887857,-0.7436625,0.2947223,1.440784,-0.10158092,1.1069839,0.1548135,-0.19748354,0.11249919,0.10959889,-0.049101483,-0.19613373,-0.17717266,0.10317096,0.32027358,-0.064699344,-0.2560839,0.015943293,0.030397408,-0.26142737,-0.4004919,0.03833476,0.0820067,0.13489982,-0.038548715,-0.61597526,0.026891336,0.1580008,-0.37750494,-0.18808265,-0.10649842,-0.18457446,0.26051795,-0.05231323,-0.004914309,0.09057173,0.21037444,-0.06772166,-0.3431685,-0.13664275,-0.16112512,-0.0055861725,-0.12127352,-0.274945,0.025392856,-0.086306855,0.21303117,0.3822705,0.020676076,-0.22758381,-0.38942856,0.040276002,-0.23162225,0.07851298,-0.19730689,0.1220714,0.050906464,-0.0037024282,0.111743554,0.003443292,-0.11756377,0.22943863
7,-0.08031465,1.4348708,-0.45989737,1.0106742,3.2662725,4.781107,0.23522274,25.265518,1.6255932,-2.9189458,-2.4218307,0.7812108,-0.28395408,-1.0326917,-1.4457965,1.3544556,1.764337,0.8557073,-0.26636934,1.274981,0.73198164,0.40870744,-0.29941493,-0.8005645,-0.2794718,-0.5153961,-0.5704967,0.48607126,0.5729791,-0.5429281,-0.035662744,-0.4781959,0.48541495,-0.28328344,-0.64379036,0.109842494,-0.5030013,-0.37207884,0.17235652,-0.32033193,-0.21531469,0.6657426,-0.00147075,-0.1322088,0.232103,0.05689267,-0.23210236,0.12638676,-0.038295984,0.26029548,-0.22543214,0.06884362,-0.16343029,-0.20241427,-0.5915256,0.29921055,0.22708532,0.0807865,0.097379506,-0.054742,0.027176995,0.058714546,0.25765595,-0.03902605,-0.0962892,0.071049765,0.10488494,0.05992132,0.19729835,-0.11901509,0.15324831,-0.06586055,0.004163457,0.040193245,-0.10266682,-0.004675712,-0.10259915,-0.10385294,0.016022447,-0.025216382,-0.057926252,0.11047253
8,8.56236,4.9116726,-0.7639201,2.7301984,5.482572,-0.58126247,-3.663909,1.6255932,16.905336,1.019994,2.973127,0.7430577,0.18567465,2.0063508,-0.666563,0.049647264,-1.4317738,-0.9828949,0.4962865,-0.36605573,-0.5252519,0.03077434,1.3419728,-0.06817209,0.18949044,-0.9302375,0.33907092,-0.0035613854,-0.4857648,-0.07852087,-0.3091554,0.2610587,-0.23606114,0.2684931,-0.0058583687,-0.45668977,0.8324119,-0.017843388,-0.47107816,0.2825132,0.28301215,0.23844889,-0.12957953,-0.2708283,0.052229054,0.4763769,0.18961948,-0.69758844,-0.038478777,0.3463064,-0.3710065,0.13528922,0.11562694,0.32434267,0.45431694,0.14420196,-0.03782791,0.07125798,0.044054646,-0.10066328,0.2243658,0.015151495,-0.18207511,0.2127162,-0.4962685,0.129888,-0.13905168,0.16701514,-0.13950035,0.10854352,0.043421082,0.106705904,-0.0040198443,-0.122022495,0.2519524,-0.0845204,0.06009358,-0.035099603,0.043695934,0.14004807,-0.077092506,0.0848635
9,-2.8838716,0.81236625,1.794757,-1.2569985,-2.0893312,1.6535417,0.8625033,-2.9189458,1.019994,18.912626,-1.0759561,-0.831916,-0.5977129,-1.0228164,-1.1370794,0.7933227,2.0484004,0.059677064,-0.64951384,0.79455507,0.60895324,0.65897083,-0.2915664,-0.20092961,-0.093007945,-0.30302918,-1.340081,-0.08181476,-0.08574038,-0.1186589,-0.6562272,0.7456885,0.2033804,0.39941978,0.093350045,0.49130297,-0.06312992,0.005302215,-0.017810779,0.6392147,0.2795464,0.43078047,0.06846362,0.1463477,0.18932283,0.30085146,-0.32257968,0.17133956,-0.29987025,0.3047344,-0.2122422,0.241469,-0.29315126,-0.2484585,-0.0857006,0.24815428,0.019744571,-0.11830425,-0.541012,-0.36921334,0.05658383,-0.4043749,0.08186508,0.0915342,-0.10042195,-0.10715888,0.4146217,0.18752053,0.03805095,0.00046048942,-0.35508564,0.06756848,-0.14133248,-0.05669783,0.046685904,0.05122264,0.03559197,0.16946948,0.02192716,0.10704073,0.04713137,0.3068968
10,-2.4034736,-1.3822055,1.074409,0.056028634,-0.71278137,0.27800402,2.3530421,-2.4218307,2.973127,-1.0759561,16.77932,0.07862295,-1.3953967,-0.5628943,-0.17697304,1.667985,0.48772463,1.2072152,-0.81685996,0.4723515,-0.09142861,0.29477042,-0.32972345,-0.45637083,-0.5683879,0.09599647,0.55692166,0.2830333,0.32321918,0.10369569,-0.6056545,-0.25996393,0.19606069,-0.5608078,0.19361827,0.23429364,0.045354113,-0.34964317,0.39619067,0.12155683,-0.12009831,-0.092648335,0.06784009,0.3840493,-0.12867448,0.1192383,0.037263907,0.15319708,0.1987908,-0.059416443,0.19314033,0.31513137,0.108366095,0.18409938,-0.40848714,0.41799462,0.14250556,-0.036801934,-0.078366816,-0.1032947,0.1322195,0.009050746,0.02188818,0.05091522,0.14191097,-0.0075387415,-0.21997067,0.02966185,-0.004637824,-0.11726002,0.3198045,-0.0857244,0.07888183,0.045358393,-0.031619012,0.1892296,0.1176266,0.044990994,0.12759599,-0.07801208,-0.11363672,0.117042445
11,-3.4997015,-4.3223386,-0.6506349,-4.5349646,-1.0190827,-1.4582646,1.5676918,0.7812108,0.7430577,-0.831916,0.07862295,12.995215,-0.1457006,0.16540733,0.8430884,-0.59294444,-1.1515568,-0.23525071,-0.24756023,-0.19098648,0.49118567,0.80466413,-0.39805296,-0.45164788,-0.6045207,0.68840814,0.13400386,0.16740255,0.29643565,-0.5376786,0.86284214,0.035213888,-0.053265654,0.3658482,-0.27348253,-0.193789,0.87570536,-0.15545706,0.41145965,-0.277151,-0.07910617,0.012721125,0.5212984,0.15996933,0.6012457,0.044537455,-0.40783155,-0.16891572,0.40335962,-0.2179282,0.024398323,-0.006415173,0.5300497,0.222287,0.2061083,0.25456703,0.05340867,-0.02906321,-0.015843198,-0.09525041,-0.11472505,-0.3326246,-0.32624024,-0.25415957,0.19471106,-0.24233264,0.012806557,-0.038408987,-0.05484786,0.15146717,-0.15420195,0.22000131,0.02227642,-0.18345964,-0.112412594,-0.24730353,0.0071668397,-0.09975253,0.13501655,0.12250209,-0.0585626,0.19458285
12,-0.92808986,1.407585,2.4060745,-0.49710858,-0.9347836,-0.37187088,0.11264369,-0.28395408,0.18567465,-0.5977129,-1.3953967,-0.1457006,14.96658,-0.18566795,0.30522552,0.43346992,0.5045942,0.19161735,-0.9659331,-0.3011486,-0.48885208,-0.08681806,0.3197979,0.13439468,0.20237114,-0.3825894,1.0834264,-0.64629155,0.28272086,0.7473384,0.07200886,0.079230964,-0.21359225,-0.01353428,0.43711787,-0.27924952,0.4452399,-0.24478659,0.01929403,0.24832857,0.19690242,-0.099013306,-0.26274082,0.16012663,-0.30631536,-0.15450798,-0.1614914,0.036314372,-0.106838584,0.038940497,-0.015510524,0.13712025,0.033070337,0.30151403,-0.035199523,0.27942303,-0.09266724,-0.10862821,-0.30095816,0.15884688,0.056477554,0.08599432,-0.076767035,0.042061567,-0.03179756,-0.22129709,-0.030831639,0.009512216,0.07377805,-0.12063051,0.06053832,0.03561304,-0.064495474,0.055245772,-0.02315867,0.14342886,-0.06959887,-0.046023335,0.057823725,0.055452332,0.035865027,0.10028133
13,-1.8913553,-2.2502246,-0.50516415,-0.7647201,-1.1321552,-0.28478804,1.5509899,-1.0326917,2.0063508,-1.0228164,-0.5628943,0.16540733,-0.18566795,13.279938,0.98171353,0.50736785,1.4851578,-0.60141313,0.21626316,0.060698684,0.3199708,-0.023174753,-0.021783713,0.7524473,-0.0750175,-0.78413826,0.113536716,-0.044947594,-0.20259663,-0.15233207,0.1803873,0.15453231,0.5522094,-0.1211223,0.14554244,0.10785537,-0.5901934,-0.62222415,0.30091828,-0.06579006,-0.15967204,0.11311063,-0.47996986,-0.063164696,-0.012958022,-0.09258586,0.027804993,0.24264146,-0.32869565,0.100905895,0.054053057,-0.17827739,-0.25945553,-0.2016485,0.112484895,-0.045460656,0.1266244,-0.24526605,0.16915856,0.25199452,-0.047723405,0.09409654,0.06482086,-0.02919542,0.15273017,0.12635943,0.20875661,-0.030785523,0.068058945,0.123441935,-0.1842018,-0.120265916,-0.0059088683,0.21725354,-0.13673177,0.010750735,-0.09233372,-0.14529261,0.05969273,-0.0128987245,-0.0112081,-0.10111582
14,0.6626145,2.4583116,0.9403437,-1.459343,0.58155775,1.3521947,-0.3166827,-1.4457965,-0.666563,-1.1370794,-0.17697304,0.8430884,0.30522552,0.98171353,12.021311,0.5266274,0.0061336155,0.47583306,0.1474809,0.66952914,0.08509596,0.10100685,-0.039386768,0.41115567,0.44690052,-0.3584293,0.2930674,0.30434957,-0.33923268,-0.15558165,-0.18808186,-0.12245911,0.45057052,0.16238153,-0.4054016,-0.115199104,0.24349473,0.031086715,-0.31677407,-0.072489485,-0.1886363,0.2760399,0.16000168,0.19228819,0.16313434,0.44664875,0.22642636,-0.05496096,-0.19297251,0.02350944,-0.26185188,0.13832918,-0.031478267,-0.24637362,-0.23686145,-0.057422716,0.12106113,-0.010286706,0.004076366,-0.08476298,-0.014232382,0.031885583,-0.104384005,-0.045578748,-0.21374416,-0.021886826,0.10831788,0.11625114,0.07977249,-0.1327528,0.053874746,0.17504229,-0.0094663855,-0.15258321,0.10194206,-0.09267116,-0.09946921,0.011796089,0.054982614,-0.04606635,-0.021505732,0.01124074
15,-0.8076866,0.6242371,-0.3979743,-2.388094,-0.23603408,-2.3640156,-1.8600011,1.3544556,0.049647264,0.7933227,1.667985,-0.59294444,0.43346992,0.50736785,0.5266274,9.022253,0.39811188,0.2665976,1.2811131,0.28868186,-0.2615063,-0.3256159,0.086777434,0.8732753,-0.24906938,0.8888401,0.3760722,0.18421212,0.8151665,-0.19916986,0.086770944,-0.22016987,-0.60936403,0.85327065,0.48224977,0.120798126,-0.62611735,0.43292513,-0.25964823,-0.23362306,0.08809687,0.55194104,-0.17909548,-0.579831,-0.2576235,-0.2507216,0.101365805,0.13788944,-0.09841805,-0.20899919,-0.34662676,-0.3528521,0.34863007,0.111714505,-0.23748606,-0.02196204,-0.044163287,-0.019395167,-0.10409023,-0.043698817,-0.22394942,-0.07209442,0.17313887,-0.112188734,0.073320165,-0.22118369,0.028850304,0.1465553,0.22412342,0.10112895,-0.052824773,-0.10414031,-0.03749939,0.049849827,0.016625846,-0.066984996,0.036546346,0.056229025,-0.1155902,0.041595526,-0.14485656,0.051294524
16,1.3208858,1.0741599,0.5346035,-1.0078385,-0.30628902,0.28644884,-0.5117855,1.764337,-1.4317738,2.0484004,0.48772463,-1.1515568,0.5045942,1.4851578,0.0061336155,0.39811188,9.580449,-0.38432434,0.0001871419,-0.4328608,-0.080448225,0.03504814,0.1739579,-0.19458747,-0.1517798,0.23343217,0.27820972,-0.3784536,-0.07672504,-0.23664173,0.2515336,-0.06848712,-0.047455188,-0.31885666,-0.49206764,-0.09319362,0.6792693,0.4092809,-0.1172554,-0.23882368,-0.4816264,-0.118136644,0.33583504,0.24630329,0.11010373,0.13685748,0.054894175,-0.30904317,0.37853053,-0.18935433,-0.12521449,0.2419858,0.20812163,-0.09842725,0.24446118,0.12354629,-0.032227855,-0.02806937,0.1836407,0.025589619,0.11558524,-0.12289347,-0.1921431,-0.029432107,0.064661175,0.18280281,-0.18820676,-0.04946202,-0.12244518,-0.07711789,0.08585266,0.041523065,0.1107938,-0.054656126,0.026767947,0.037861146,0.124488495,-0.032723006,-0.057492934,-0.06401324,-0.018829253,0.030147944
17,0.7121117,0.039791163,-0.63293505,0.09787866,0.49971896,-0.014136647,-0.8317417,0.8557073,-0.9828949,0.059677064,1.2072152,-0.23525071,0.19161735,-0.60141313,0.47583306,0.2665976,-0.38432434,10.8328285,0.54441535,-0.21241719,0.026451621,-0.73945415,-0.1739858,0.034260586,-0.1681056,-0.35892588,-0.33921838,-0.06731203,0.13770129,0.070521854,0.027370293,0.022354156,0.052805502,0.1302084,-0.034718264,-0.072959006,0.0068517434,-0.034666248,0.039896928,0.3482049,0.17922445,-0.13173538,-0.2561936,0.068229124,0.12583749,-0.18567097,0.047643155,-0.15753132,-0.13708994,0.26223272,-0.13280883,-0.13060391,-0.014458755,-0.06434186,0.14326176,-0.18124595,-0.025519617,0.09808429,0.08617596,0.13099083,-0.059351057,-0.0064584287,-0.17545742,-0.105768174,-0.04231117,0.056800146,0.0031672055,-0.105251536,-0.20517,-0.022566099,-0.10216631,0.10594517,-0.08109981,0.008365979,0.015777646,-0.07604726,-0.106670275,-0.0858145,-0.017786495,0.009274405,0.10700384,-0.11950103
18,-0.5375196,1.2229705,1.4887563,-0.155152,-1.8673825,1.3520072,0.48064077,-0.26636934,0.4962865,-0.64951384,-0.81685996,-0.24756023,-0.9659331,0.21626316,0.1474809,1.2811131,0.0001871419,0.54441535,8.523804,-0.6075543,-0.3001617,-0.038216047,0.32797247,-0.34555626,0.04286191,-0.5194814,-0.038536534,-0.16714868,-0.505807,0.34939194,0.062142037,-0.16957892,-0.038830597,-0.39495498,-0.16918421,-0.066709116,0.27000985,0.011176137,-0.060829353,0.2832641,0.19026707,-0.078850865,0.26784086,0.10593586,0.03380153,0.0075563644,-0.062927976,-0.10486692,0.08519187,0.058435246,0.039798103,0.20047835,-0.17698115,0.22460797,0.10265848,0.29231167,0.032731116,-0.03689641,-0.08697726,-0.06695658,0.08593583,-0.0306094,-0.03414283,0.08576508,-0.13311636,0.03568572,-0.026249278,0.07742375,-0.027527623,-0.047978688,0.120373964,-0.08783461,0.04405395,0.025330478,-0.18002105,0.009202532,0.07817016,-0.14101937,0.029443018,0.06728609,-0.045123193,0.11101337
19,0.1995829,-0.76210034,-0.20204765,0.2879571,-0.63821733,-0.6994952,-0.34766358,1.274981,-0.36605573,0.79455507,0.4723515,-0.19098648,-0.3011486,0.060698684,0.66952914,0.28868186,-0.4328608,-0.21241719,-0.6075543,7.8929386,0.22313157,-0.23415348,0.50704384,-0.2935608,0.3405273,0.269449,-0.28574693,-0.35545003,-0.22516435,0.7992271,-0.027612366,0.30044353,0.14300254,-0.020023502,-0.1399816,0.03890901,0.23047756,0.2454809,-0.045467995,-0.010824732,-0.16042946,-0.17954583,-0.16499041,0.034598604,0.041432254,-0.16495158,-0.037222944,-0.24519354,-0.026786562,-0.19172622,0.078713864,-0.3773977,-0.13650993,0.10515766,0.20967527,-0.1272209,-0.25148675,0.044373557,0.04809565,-0.42706424,-0.11859969,0.0434807,-0.10994914,0.15551862,-0.099442735,0.020158332,0.048062015,0.118764535,-0.021966882,0.17605534,-0.0332275,-0.15649772,0.03532213,0.041516878,-0.1494224,0.025451114,0.11582428,-0.20103015,0.07216142,-0.14614826,0.014385313,0.09179972
20,0.69383645,1.9132133,1.0082839,0.8634887,-1.2747192,0.352154,0.52887857,0.73198164,-0.5252519,0.60895324,-0.09142861,0.49118567,-0.48885208,0.3199708,0.08509596,-0.2615063,-0.080448225,0.026451621,-0.3001617,0.22313157,7.5907164,0.052236564,-0.03215006,0.017035328,-0.12618847,0.21977149,0.93016046,-0.34401488,-0.18075176,-0.39442956,0.3340432,-0.07719286,-0.26092327,-0.23091,0.5073962,-0.2407279,0.17118382,0.12192875,0.0791094,-0.052728727,0.12545905,0.29431096,-0.1886317,0.00427868,0.017365096,0.062405117,-0.12189846,-0.008475505,0.19176921,0.057291985,-0.1444987,0.041587483,-0.055693902,0.1301617,0.111837566,-0.0076466734,0.0074030273,-0.15107825,0.041087184,0.16350769,0.06526412,0.029049184,-0.04673578,0.050765485,-0.02425665,-0.031159177,-0.19306195,0.011133527,-0.072229795,-0.07586536,0.20895752,-0.02278395,0.04862203,0.1437164,0.08971399,-0.06404513,-0.00771744,-0.102143735,-0.035450827,0.004312116,0.09186566,-0.076543406
21,0.34261635,0.40555492,-0.5515732,-0.13814633,0.39000612,-0.29309344,-0.7436625,0.40870744,0.03077434,0.65897083,0.29477042,0.80466413,-0.08681806,-0.023174753,0.10100685,-0.3256159,0.03504814,-0.73945415,-0.038216047,-0.23415348,0.052236564,7.7256045,-0.14870536,0.18243045,-0.3039561,-0.3643903,-0.21348833,0.35765612,0.28065187,0.36052316,-0.29334623,-0.16863364,-0.11210063,0.26491204,-0.21206862,0.041756567,-0.18138026,0.01722041,-0.23690191,0.23030064,0.08943896,0.086229146,0.026317412,0.044185918,-0.17744921,-0.20537929,0.3507422,-0.028449826,-0.15528616,0.195496,-0.13642019,-0.044965602,0.032063477,-0.040974542,-0.08664517,-0.008759948,0.011967621,0.12055026,0.025280517,-0.0061262506,-0.06761369,0.08859318,-0.023968834,-0.0631018,-0.06791583,-0.027412023,-0.1422401,-0.004778917,-0.020965964,-0.08056009,0.06253013,-0.07209483,0.009819979,0.01277029,0.035622768,0.01942355,-0.07186688,-0.05352302,-0.001498324,-0.018524535,-0.037825655,-0.09055633
22,-0.91802514,-0.8607447,-0.4373783,0.03169795,-0.28259555,0.25405967,0.2947223,-0.29941493,1.3419728,-0.2915664,-0.32972345,-0.39805296,0.3197979,-0.021783713,-0.039386768,0.086777434,0.1739579,-0.1739858,0.32797247,0.50704384,-0.03215006,-0.14870536,6.879951,-0.2383818,-0.31499067,0.30898017,-0.20151359,0.15661423,0.11320227,-0.22025207,0.09754577,-0.17312771,-0.08472221,-0.054300196,-0.10174064,0.06448727,0.052425373,0.098728724,0.08709987,-0.17874566,-0.08163795,0.061462857,0.21490738,0.009456192,0.045010734,-0.090473905,-0.0207433,0.12102799,0.14731863,0.058829095,0.07683225,0.06016951,0.16635394,-0.13964051,-0.1111801,-0.16905934,0.019999867,0.011802222,0.043917,0.022568896,0.025873028,-0.056193244,-0.019261979,-0.07056361,0.105363846,-0.0567901,-0.026051853,-0.02583281,-0.033038188,-0.10265902,-0.05962913,0.09504878,-0.10123382,-0.084776446,0.020722013,0.023344968,-0.027383935,0.12821826,0.028988462,-0.0057871025,0.08540025,-0.042177208
23,0.0017232944,-1.3789353,-1.225024,0.91749,0.9535152,1.7003686,1.440784,-0.8005645,-0.06817209,-0.20092961,-0.45637083,-0.45164788,0.13439468,0.7524473,0.41115567,0.8732753,-0.19458747,0.034260586,-0.34555626,-0.2935608,0.017035328,0.18243045,-0.2383818,5.5564747,-0.25390375,-0.00473628,-0.97241485,-0.00011316361,0.2961904,-0.032774623,0.010169961,-0.04525008,-0.36849195,-0.20254508,-0.26756746,0.027995612,0.17902353,0.39196312,0.00967945,-0.051482603,0.21024764,-0.027720174,0.2279944,-0.2365515,0.021286847,-0.09726027,-0.32016844,-0.16544813,0.4199857,0.08688505,0.059181437,0.021477193,0.008942375,0.12466043,-0.10148358,-0.03197271,-0.24806598,0.15856375,0.038816303,-0.13654608,0.057876244,-0.08233635,0.09022868,0.12252456,-0.030400107,-0.000119048695,-0.09532013,-0.026957745,-0.07846581,-0.0061352467,0.1656937,-0.050881587,0.022818651,-0.110318474,-0.04733544,-0.049843933,0.04027585,-0.018014265,-0.057674654,-0.00069077313,0.0888564,0.011197662
24,-0.07563868,-0.68672466,-0.8022246,0.7779605,0.9657906,0.077080876,-0.10158092,-0.2794718,0.18949044,-0.093007945,-0.5683879,-0.6045207,0.20237114,-0.0750175,0.44690052,-0.24906938,-0.1517798,-0.1681056,0.04286191,0.3405273,-0.12618847,-0.3039561,-0.31499067,-0.25390375,5.6154585,0.14459077,0.07093854,0.25654528,0.11645679,-0.21548437,-0.21994624,-0.2712199,0.10568732,-0.046662524,-0.11041282,0.28747103,-0.19925305,0.1280602,-0.017751765,-0.11038466,-0.14686526,0.014889764,0.079356715,-0.027076041,-0.031020323,-0.027915984,0.109730214,0.2108263,0.12164984,-0.08117428,0.01553111,0.08827207,0.17037216,0.028416969,-0.1774846,0.075489044,0.01450389,0.072005056,0.10362314,-0.05936452,-0.081901364,-0.106257185,-0.07983957,-0.029297635,0.06519232,0.009685316,-0.07043654,-0.07457558,-0.09423675,-0.047614586,-0.032176606,0.057499293,0.06701778,-0.0052508833,-0.056014575,0.006616366,0.08046956,-0.027244005,0.011363018,0.06345511,-0.053753886,0.022157032
25,0.36153534,0.58116806,0.101731986,-1.3469813,0.11686148,1.5822285,1.1069839,-0.5153961,-0.9302375,-0.30302918,0.09599647,0.68840814,-0.3825894,-0.78413826,-0.3584293,0.8888401,0.23343217,-0.35892588,-0.5194814,0.269449,0.21977149,-0.3643903,0.30898017,-0.00473628,0.14459077,4.6184163,-0.20856202,0.28702176,-0.57187396,0.23115337,-0.39992952,0.078316435,0.18311346,0.21115029,-0.16418651,-0.21285105,0.10295309,-0.13180876,-0.56452674,0.15698858,0.343087,0.012780368,0.013673805,-0.22620757,-0.1853458,0.325472,0.1819717,-0.10912816,-0.1587643,0.036489226,-0.14210539,0.12699386,0.058169864,0.061736792,-0.04161198,0.087384194,-0.048204426,-0.18742782,-0.12418103,0.27999628,0.03711533,0.06977962,-0.07433389,0.06616961,-0.081047885,-0.004782133,-0.00015621074,-0.034821324,0.07161473,-0.030660553,0.05947333,0.038170766,0.020213561,-0.047198474,-0.046933442,-0.10807961,-0.14823627,-0.09588586,-0.026392674,0.041140918,-0.0260244,-0.13425657
26,-0.29066616,-0.5589936,-1.1521739,0.08722681,-0.36747706,1.730787,0.1548135,-0.5704967,0.33907092,-1.340081,0.55692166,0.13400386,1.0834264,0.113536716,0.2930674,0.3760722,0.27820972,-0.33921838,-0.038536534,-0.28574693,0.93016046,-0.21348833,-0.20151359,-0.97241485,0.07093854,-0.20856202,3.529882,0.50294644,-0.011427185,0.21165392,-0.26445058,0.39527297,-0.48162892,0.49144512,-0.3599348,0.01748005,-0.25113317,0.17811093,-0.19427243,0.07176037,0.15207477,0.044348765,0.088792264,-0.06622027,0.056157615,-0.044716105,-0.1846129,-0.19464561,0.14967099,0.01699534,0.048223097,-0.0830072,-0.0035579265,-0.13357869,-0.008957661,-0.18644273,-0.17111927,0.15492117,-0.13636541,-0.17275524,-0.0774854,-0.19744787,0.19131441,0.14108488,-0.017470835,0.08913601,-0.15433678,0.06607952,-0.032594297,0.039239116,-0.1836002,-0.13914791,-0.0016471647,0.024367888,0.08647627,0.03939842,-0.040668294,0.034185342,-0.11398511,-0.06859064,0.011725763,-0.0009999882
27,0.0021814136,1.6005447,1.6407635,0.532725,-1.5183396,0.3204754,-0.19748354,0.48607126,-0.0035613854,-0.08181476,0.2830333,0.16740255,-0.64629155,-0.044947594,0.30434957,0.18421212,-0.3784536,-0.06731203,-0.16714868,-0.35545003,-0.34401488,0.35765612,0.15661423,-0.00011316361,0.25654528,0.28702176,0.50294644,4.3595586,0.057748675,0.05044235,0.35724896,0.061603546,0.132267,-0.39551026,0.18008927,-0.064068675,0.109109394,0.37249398,0.31041303,0.017485265,0.0008777473,0.0005182434,-0.11513163,-0.04159716,0.05762352,-0.07798293,-0.34082463,0.013887554,-0.060609445,0.048478365,-0.040435735,-0.022051614,-0.22399363,-0.108904704,0.17360768,-0.209067,-0.08126901,0.029002007,0.13047604,0.10806051,0.1460827,-0.0063528763,-0.018234432,0.08160729,-0.091397576,-0.0838715,0.20882934,0.11284521,0.047132924,-0.15151232,-0.08614176,-0.09777498,-0.121489994,-0.013588958,0.05118251,0.10754198,0.024211545,0.068908334,0.0072995294,-0.06724927,0.12355779,0.10614933
28,0.42874688,0.5954443,0.6423282,0.108723864,-1.1898321,0.44723806,0.11249919,0.5729791,-0.4857648,-0.08574038,0.32321918,0.29643565,0.28272086,-0.20259663,-0.33923268,0.8151665,-0.07672504,0.13770129,-0.505807,-0.22516435,-0.18075176,0.28065187,0.11320227,0.2961904,0.11645679,-0.57187396,-0.011427185,0.057748675,4.1550193,0.17063409,-0.0010124836,0.0006152401,0.3637342,-0.08635406,0.07022272,-0.024865624,0.15216607,0.07311164,-0.33748397,-0.17251578,0.012745159,-0.14868316,-0.016547702,-0.0071322015,0.050930686,0.37447056,0.07417318,0.059215754,-0.06097579,-0.27750704,0.09375064,0.025179733,0.0934135,-0.056636833,0.13383232,-0.099625014,-0.027681785,-0.15854368,-0.041670218,-0.04026001,-0.033850625,0.07026382,-0.17282864,0.11574052,0.014332121,0.16035515,0.08668406,0.008344047,-0.063957505,0.017623357,-0.100574695,0.10932531,0.03963929,-0.013037724,-0.13819619,-0.019460607,0.017070992,-0.07079198,0.017154105,-0.012297733,0.04668559,-0.0041939537
29,0.5216583,-0.14052692,-0.6511115,0.89133626,0.96927094,0.7340896,0.10959889,-0.5429281,-0.07852087,-0.1186589,0.10369569,-0.5376786,0.7473384,-0.15233207,-0.15558165,-0.19916986,-0.23664173,0.070521854,0.34939194,0.7992271,-0.39442956,0.36052316,-0.22025207,-0.032774623,-0.21548437,0.23115337,0.21165392,0.05044235,0.17063409,4.3258276,0.31868052,0.026354186,0.01033706,-0.16193977,-0.033836856,-0.01648275,-0.026916001,-0.07164039,0.31911978,-0.1994544,-0.1102711,0.23332636,0.2157101,0.002417176,0.23111175,0.06020478,-0.10853462,0.07868451,0.14438872,0.07430554,-0.07158033,0.12312882,-0.016167011,-0.100442775,-0.006364541,0.06818597,0.14116672,-0.019222056,0.10069542,0.13645226,0.07383199,-0.10699625,0.03593268,-0.11676632,0.09123647,0.003319952,0.034553617,0.011889249,0.049564756,-0.0058234455,0.06204828,-0.016308803,0.06101848,-0.05367185,0.037334576,-0.104360126,-0.030368865,0.00675882,0.009511633,0.055160075,-0.0044982433,-0.02341746
30,0.34327334,-0.005195934,-0.18084237,0.7359175,0.45536923,-0.19247386,-0.049101483,-0.035662744,-0.3091554,-0.6562272,-0.6056545,0.86284214,0.07200886,0.1803873,-0.18808186,0.086770944,0.2515336,0.027370293,0.062142037,-0.027612366,0.3340432,-0.29334623,0.09754577,0.010169961,-0.21994624,-0.39992952,-0.26445058,0.35724896,-0.0010124836,0.31868052,3.8496416,0.22687748,0.19700268,0.052210566,0.18555015,0.22950435,-0.07362437,0.045511708,-0.24093258,0.41499105,0.15890475,-0.14037716,0.10249604,-0.06379053,-0.18666047,0.18684366,0.38768739,-0.031741917,-0.15395442,-0.0605757,0.16353297,0.06572401,0.08195369,0.091979116,-0.106574774,0.0038429894,-0.07224809,-0.035112977,-0.21010071,-0.10362622,0.08799953,-0.0112435315,-0.0028800468,0.12993214,0.0039320257,-0.09106491,-0.0338356,-0.025005193,-0.045985334,0.10405201,0.018602837,-0.023711365,-0.08339828,-0.040948734,0.08095525,0.0444569,0.12485712,0.14744696,0.01574639,-0.06567198,-0.10621602,-0.015375566
31,-0.2534951,0.77142894,0.16689087,-1.4777037,-0.219531,0.0046876865,-0.19613373,-0.4781959,0.2610587,0.7456885,-0.25996393,0.035213888,0.079230964,0.15453231,-0.12245911,-0.22016987,-0.06848712,0.022354156,-0.16957892,0.30044353,-0.07719286,-0.16863364,-0.17312771,-0.04525008,-0.2712199,0.078316435,0.39527297,0.061603546,0.0006152401,0.026354186,0.22687748,3.9604733,0.011779638,-0.33756933,-0.123980954,0.042232215,-0.22030795,0.2287066,-0.011772753,-0.07719887,0.0044794437,0.1038756,-0.01862071,-0.21065602,-0.025250863,-0.14297256,0.15782037,-0.009823004,0.040797763,0.12346883,-0.08871934,-0.021572366,0.11794882,0.033310123,-0.19581124,-0.0452728,0.082615346,0.1332161,0.2854606,-0.0090514915,-0.01791639,0.17346829,0.0067068613,-0.02754792,-0.10299189,0.15953091,0.039302163,0.027062643,-0.11168445,-0.11002783,0.14388111,0.051794372,-0.036759526,-0.025868837,-0.15722248,-0.0064795436,0.06323268,-0.058399595,-0.020531457,0.03754752,-0.03814941,0.012038631
32,0.016386185,0.21945088,-0.014368914,-0.13880973,-0.48869494,-0.22088292,-0.17717266,0.48541495,-0.23606114,0.2033804,0.19606069,-0.053265654,-0.21359225,0.5522094,0.45057052,-0.60936403,-0.047455188,0.052805502,-0.038830597,0.14300254,-0.26092327,-0.11210063,-0.08472221,-0.36849195,0.10568732,0.18311346,-0.48162892,0.132267,0.3637342,0.01033706,0.19700268,0.011779638,3.7381003,0.15259638,0.24958524,-0.16509926,0.05533217,0.15430568,-0.028060712,0.050489567,0.23375563,0.09824899,0.1314077,-0.11802347,-0.21468672,-0.20943397,-0.12446736,-0.0985012,0.22231942,0.08951335,-0.03371009,0.057155047,0.051734872,0.11685855,0.05517457,0.083557956,-0.098513275,-0.053523414,-0.1613479,0.07152947,0.0287127,-0.0646198,0.17750347,-0.029084668,0.054897495,-0.06577934,-0.15559971,0.06967878,0.001867227,-0.035002153,0.0997674,-0.09051321,0.0043404233,0.016350323,0.022182744,0.009432822,-0.030261192,0.027244247,-0.07979285,0.04173502,-0.015813826,-0.0163858
33,0.54623246,0.34901845,0.30410832,1.3273516,-0.1237704,0.48977768,0.10317096,-0.28328344,0.2684931,0.39941978,-0.5608078,0.3658482,-0.01353428,-0.1211223,0.16238153,0.85327065,-0.31885666,0.1302084,-0.39495498,-0.020023502,-0.23091,0.26491204,-0.054300196,-0.20254508,-0.046662524,0.21115029,0.49144512,-0.39551026,-0.08635406,-0.16193977,0.052210566,-0.33756933,0.15259638,3.4799252,0.06889615,0.1546816,0.007777207,0.19112939,0.23055777,-0.06851036,-0.1456132,-0.0192441,0.12688686,-0.082984515,0.02951201,-0.1692825,-0.011471325,-0.00093239115,0.053124376,0.09962925,0.15890816,0.07718315,-0.23779964,-0.022966132,0.034939133,0.041120302,0.036722988,-0.019921714,0.20359173,0.036995053,0.16499634,-0.0046011535,0.030143453,0.0037421968,0.016504707,0.111939415,0.072236136,-0.055170372,-0.096777,-0.019376561,0.051592194,-0.03548339,-0.017671458,-0.0023569977,-0.13363513,0.031142794,0.105024874,-0.012586123,-0.004823763,-0.021502776,0.010161463,0.0064251046
34,0.0216125,-0.14448842,-0.6291325,-1.0928959,0.6009675,1.0835567,0.32027358,-0.64379036,-0.0058583687,0.093350045,0.19361827,-0.27348253,0.43711787,0.14554244,-0.4054016,0.48224977,-0.49206764,-0.034718264,-0.16918421,-0.1399816,0.5073962,-0.21206862,-0.10174064,-0.26756746,-0.11041282,-0.16418651,-0.3599348,0.18008927,0.07022272,-0.033836856,0.18555015,-0.123980954,0.24958524,0.06889615,2.9511046,0.04719048,0.088795185,-0.018660475,-0.1932343,-0.20249626,-0.3495811,0.11439806,0.1335533,0.042854033,0.12864384,0.049917635,0.048301265,-0.09475657,0.07875827,0.076579995,-0.119426236,0.039941523,-0.040740866,-0.17970113,-0.015594725,-0.019298935,0.047864594,0.085361004,0.21993837,-0.087801084,-0.018062193,-0.028402789,-0.013559034,-0.006296863,-0.09787467,0.10113008,-0.03650091,-0.058060728,0.03919813,-0.022550141,-0.04325162,0.044914164,0.015344098,-0.0038184735,0.015301425,0.0052763848,-0.0033817918,-0.023391508,-0.011542393,-0.0031185863,0.007844797,-0.005028679
35,0.32481283,0.70340323,0.31958348,-0.48574814,-0.09194224,0.41066343,-0.064699344,0.109842494,-0.45668977,0.49130297,0.23429364,-0.193789,-0.27924952,0.10785537,-0.115199104,0.120798126,-0.09319362,-0.072959006,-0.066709116,0.03890901,-0.2407279,0.041756567,0.06448727,0.027995612,0.28747103,-0.21285105,0.01748005,-0.064068675,-0.024865624,-0.01648275,0.22950435,0.042232215,-0.16509926,0.1546816,0.04719048,3.3082304,0.25002083,-0.12275953,0.048433393,-0.05729668,0.053772837,0.033265553,0.008284612,0.044504933,0.043096527,0.02596112,-0.045217764,-0.10462468,0.02738734,-0.015059243,-0.010343198,0.016520044,0.06806043,0.018342707,0.07526764,-0.10622299,-0.04476586,-0.03267715,-0.016964052,0.18662906,0.006313907,0.06541273,-0.030204713,-0.0037559778,-0.014660517,-0.08896601,-0.040975377,0.044127338,0.020104041,-0.0278538,0.038280547,0.013941147,-0.028230965,-0.012822153,0.068941794,-0.06199824,-0.10351834,-0.0610246,0.015863437,-0.022069078,-0.005579929,-0.040448293
36,-0.25726134,-0.04860071,-0.4436684,0.3874012,0.14949924,-0.09613408,-0.2560839,-0.5030013,0.8324119,-0.06312992,0.045354113,0.87570536,0.4452399,-0.5901934,0.24349473,-0.62611735,0.6792693,0.0068517434,0.27000985,0.23047756,0.17118382,-0.18138026,0.052425373,0.17902353,-0.19925305,0.10295309,-0.25113317,0.109109394,0.15216607,-0.026916001,-0.07362437,-0.22030795,0.05533217,0.007777207,0.088795185,0.25002083,2.8358366,0.038095597,0.052766945,0.063221246,0.058154568,0.05637163,-0.24242534,-0.14459166,-0.07378927,-0.14828405,0.049361743,0.1408722,-0.13312516,0.05480711,-0.04341129,-0.15297282,-0.13849756,-0.028245533,-0.14242554,-0.00822455,0.07662888,0.08231385,0.089568794,-0.016988808,-0.09885877,0.026747182,0.14592206,-0.007888968,-0.038077828,0.110412404,0.04659382,0.0067580603,0.0033336694,-0.000665904,-0.022071984,-0.0952672,0.045164105,0.10340422,-0.048744828,0.020059243,0.020053346,-0.020368781,-0.059162695,0.0129536,-0.03754914,-0.023728658
37,0.11454162,-0.6952919,-0.2636367,0.51853144,0.84427786,-0.3871521,0.015943293,-0.37207884,-0.017843388,0.005302215,-0.34964317,-0.15545706,-0.24478659,-0.62222415,0.031086715,0.43292513,0.4092809,-0.034666248,0.011176137,0.2454809,0.12192875,0.01722041,0.098728724,0.39196312,0.1280602,-0.13180876,0.17811093,0.37249398,0.07311164,-0.07164039,0.045511708,0.2287066,0.15430568,0.19112939,-0.018660475,-0.12275953,0.038095597,2.693741,0.18381065,0.11842229,0.0016016593,-0.12191644,-0.13741359,0.2934873,0.13313368,0.06983863,0.0041256514,0.0173909,-0.10451563,0.07695201,0.05847382,0.038880274,-0.0019819778,0.06734851,0.059124798,0.15601325,0.20874496,0.011489255,-0.04934656,0.07583293,-0.00012992106,0.07208751,-0.036765657,-0.08439566,0.055106096,-0.0072503886,-0.12172837,-0.10564154,0.036617897,0.0571203,0.0032854707,0.026433755,0.022118267,0.101690225,0.093419276,0.013740351,-0.083303146,-0.0054752426,0.059649225,0.034431763,-0.024401492,-0.034321703
38,0.18883836,0.66330206,0.055966787,-1.0532563,-0.09585162,0.5466949,0.030397408,0.17235652,-0.47107816,-0.017810779,0.39619067,0.41145965,0.01929403,0.30091828,-0.31677407,-0.25964823,-0.1172554,0.039896928,-0.060829353,-0.045467995,0.0791094,-0.23690191,0.08709987,0.00967945,-0.017751765,-0.56452674,-0.19427243,0.31041303,-0.33748397,0.31911978,-0.24093258,-0.011772753,-0.028060712,0.23055777,-0.1932343,0.048433393,0.052766945,0.18381065,2.7327902,-0.12838353,-0.059984166,0.08833727,-0.032438718,-0.19822112,-0.20083301,0.158329,0.1583677,-0.017631577,-0.0007488503,-0.1610615,-0.099458456,0.011896323,0.10683532,-0.032467626,-0.046248175,0.02645681,-0.11449742,-0.13985425,-0.10168444,-0.026157081,-0.062311612,0.007049896,-0.001576906,0.06599446,-0.002892055,0.04061891,-0.06298625,-0.08597205,0.027989656,0.034418557,-0.04101196,0.08414653,0.0022588482,0.029521275,-0.04995524,0.013428137,0.0009110721,-0.015788974,-0.09702116,0.0033814337,0.0054543875,-0.04474642
39,0.3058476,0.08712606,-0.34758252,0.15264058,0.45726305,0.8058746,-0.26142737,-0.32033193,0.2825132,0.6392147,0.12155683,-0.277151,0.24832857,-0.06579006,-0.072489485,-0.23362306,-0.23882368,0.3482049,0.2832641,-0.010824732,-0.052728727,0.23030064,-0.17874566,-0.051482603,-0.11038466,0.15698858,0.07176037,0.017485265,-0.17251578,-0.1994544,0.41499105,-0.07719887,0.050489567,-0.06851036,-0.20249626,-0.05729668,0.063221246,0.11842229,-0.12838353,2.5378435,-0.39355707,0.22065245,0.09701996,-0.12819499,-0.014768443,0.0016108784,-0.09492428,0.087826595,0.14044541,-0.2212126,0.028210998,-0.054046646,0.12005475,-0.12804553,-0.025749072,-0.06767521,-0.04736308,-0.13148448,0.09972686,0.019246295,-0.0524676,-0.023293514,0.011750396,-0.0070417225,0.103796855,0.025446758,-0.012659104,0.015347115,0.0876994,-0.019159622,-0.09506753,0.02963498,0.048616726,0.009877207,-0.08405541,-0.0012781564,-0.031954616,-0.05540797,0.0067865327,-0.029047657,0.020472942,-0.019616034
40,0.26306784,0.23592508,-0.047104146,0.015279983,0.24740288,0.3374231,-0.4004919,-0.21531469,0.28301215,0.2795464,-0.12009831,-0.07910617,0.19690242,-0.15967204,-0.1886363,0.08809687,-0.4816264,0.17922445,0.19026707,-0.16042946,0.12545905,0.08943896,-0.08163795,0.21024764,-0.14686526,0.343087,0.15207477,0.0008777473,0.012745159,-0.1102711,0.15890475,0.0044794437,0.23375563,-0.1456132,-0.3495811,0.053772837,0.058154568,0.0016016593,-0.059984166,-0.39355707,2.3984077,0.11185786,0.009339178,0.09591754,0.016028054,-0.0057564075,0.09358965,0.041931026,0.09817146,-0.16771223,0.043199275,0.01900826,-0.086850986,-0.22777003,0.0948989,-0.022392832,0.0050564213,-0.17129226,0.11944241,0.0066131316,-0.028532932,-0.101792894,0.040688075,-0.009083107,0.05618996,0.08763456,-0.009896569,-0.050007273,0.022563413,0.05339762,-0.1442998,0.050591223,0.011619875,0.08291426,-0.024261873,0.0720004,0.06147165,-0.016387966,-0.0054999245,-0.05443617,-0.009668226,-0.002491918
