,0,1,2,3,4,5,6,7,8,9,10,11,12,13,14,15,16,17,18,19,20,21,22,23,24,25,26,27,28,29,30,31,32,33,34,35,36,37,38,39,40,41,42,43,44,45,46,47,48,49,50,51,52,53,54,55,56,57,58,59,60,61,62,63,64,65,66,67,68,69,70,71,72,73,74,75,76,77,78,79,80,81
0,52.510155,33.15661,-6.589592,50.15492,39.3277,15.704525,-34.245255,0.32848987,-37.64747,12.634605,10.627584,15.417912,4.1541753,8.333771,-2.997014,3.6812897,-5.875877,-3.1851728,2.4317665,-0.8274598,-3.0129337,-1.4425445,3.9651206,-0.035315737,0.3236333,-1.6020755,1.2852123,-0.005291634,-1.97921,-2.274949,-1.4566141,1.0662907,-0.05828825,-2.3831358,-0.15858601,-1.3951774,1.1406204,-0.47751963,-0.8793105,-1.3917243,-1.1843796,0.3890515,0.45665294,-0.42220983,0.024642795,0.1040632,0.58327043,-1.0204282,-0.008601339,0.37541735,-0.19478801,0.4052175,-0.5218502,0.0868958,1.2847171,0.4936823,0.2728026,-0.26968947,0.017069025,0.3497585,0.9449489,0.6236521,-0.117164075,0.24498236,-0.6951811,0.7648637,-0.5656705,0.38956606,-0.24847603,-0.12173793,0.30606335,-0.21198317,0.12432862,0.10550745,0.28976524,0.002713174,0.12637424,-0.37014663,0.1498561,-0.051664963,-0.045436434,-0.27415052
1,33.15661,73.12317,24.20191,13.601797,7.9984856,31.988438,-36.855362,-11.859419,-23.10471,-3.052401,3.029673,16.495005,-9.361421,8.804337,-9.674135,-2.4483278,-3.1410468,0.028432354,-5.446087,2.4393663,-7.719964,-1.8025292,4.201297,2.9795237,1.8954067,-3.533853,3.9580941,-6.1792154,0.24940419,0.50029624,0.47132465,-3.9556015,-1.1298718,-1.7153616,-0.110209055,-3.1600134,0.47032273,2.7061296,-2.6000257,-0.7525202,-0.8197283,5.14909,-1.719235,-1.4827152,-0.87656796,-0.20963317,-0.78858507,-1.799535,-0.9572531,1.3527354,-4.300358,0.81055033,-0.33746058,0.044420317,-1.0524064,1.0028653,0.75828856,-1.296134,-0.35077763,1.2326832,0.9706367,0.2623961,0.19885218,0.54823136,-2.689519,0.0067041013,-0.070559464,2.4685113,0.7951313,-2.7994435,0.44208166,-0.33071706,-1.2571231,1.2414501,0.1077594,0.7174287,-0.04484129,-0.7483371,-0.464549,-0.31637236,-0.2891384,1.0770859
2,-6.589592,24.20191,24.42465,-12.816784,-18.421627,4.0569205,-1.7712866,-2.6074867,2.1467705,-7.407569,-7.3485484,0.7174105,-13.374982,1.3124115,-3.1279225,1.9104896,-0.99466574,3.0013285,-6.6598287,0.110664696,-3.9122596,2.3751574,2.3156796,2.816691,2.5215101,-1.2383537,6.3250914,-6.489015,-0.34026986,2.749999,1.1308095,-1.1859555,-0.0071371263,-1.4717774,2.1622684,-1.5007949,2.1603727,0.8550712,0.05899926,1.2504748,0.4021687,0.5644814,-1.5316632,0.819546,-0.85740495,0.4231478,-1.3520933,-0.47536057,-0.61787057,0.080465905,-1.3906317,1.1864643,-0.27247375,0.87945765,-0.24934411,1.1893525,0.19200979,-1.1329539,-1.0255325,0.887915,0.7126136,-0.28382146,-0.5108372,0.41268796,-0.9899442,-0.545962,0.45092025,1.1137276,0.46152157,-1.5513263,0.11870617,0.24630764,-0.6508223,0.46280274,-0.12775557,0.87073946,0.09138243,-0.0069288416,0.09538716,-0.0077930083,0.08948537,1.1069996
3,50.15492,13.601797,-12.816784,110.31719,50.275246,20.875713,-39.01522,-4.3107257,-11.849762,5.430378,-0.13200238,20.120258,2.1571326,3.3816502,6.321891,10.73565,4.3481665,-0.43705,0.7552548,-1.2442687,-3.6887078,0.72325206,-0.29206425,-3.9798317,-3.5178504,6.0284066,-0.44026238,-2.3135614,-0.7005128,-3.894478,-3.08923,6.4135003,0.7777334,-5.7971754,4.7259603,2.1724205,-1.6885768,-2.2442787,4.592458,-0.7499202,-0.05526281,-4.2183404,1.3205638,2.0471826,0.10701844,-2.4028425,-2.8315897,3.9058197,0.23365192,-1.1854038,4.268408,0.7143747,-2.3051505,0.12448458,0.76556337,0.7703025,-0.44511783,0.52615213,-2.6493974,-0.062732555,1.0188243,-0.2441853,0.28069013,-0.054717574,2.459353,-0.46615466,0.40762,-0.667057,-0.20174049,0.13761377,-0.4278944,-1.0059841,0.40769398,0.035635076,-0.48464942,0.8164675,0.24775052,0.5709382,0.7745716,-0.07771744,1.2884274,0.0070764483
4,39.3277,7.9984856,-18.421627,50.275246,51.080246,10.129444,-30.11079,-5.4498267,-21.602768,8.231991,8.436422,8.660511,9.82641,6.8197117,-4.800812,1.1136787,-1.3420057,-2.6369057,8.495703,4.507468,4.9234085,-1.4355251,0.24914734,0.81745505,-2.1136546,1.003272,-0.82688665,5.405959,0.14171015,-4.0098324,-2.4309273,1.7286439,2.2369425,0.66138625,-1.6040289,0.7130362,-0.97977614,-3.0547476,-0.24292488,-1.5855118,-1.5027627,-1.3540549,1.2674046,0.92866945,1.3171611,0.5500078,1.1975135,1.4038966,-0.78159654,-0.8501469,0.99578315,0.27574837,0.7417221,-1.0701103,-0.50504905,0.5369596,0.80406904,1.2982028,-0.65822065,-0.05417174,-0.28459275,0.6643289,-0.22800209,-1.1357898,1.0135121,0.46534753,-0.033423916,-1.2804666,-0.052825153,0.70816386,-0.2936901,0.86522937,0.39803484,-0.79068625,0.23900425,-0.31787327,-0.53046477,0.29998004,0.21357968,0.21196134,0.039764237,-0.46200955
5,15.704525,31.988438,4.0569205,20.875713,10.129444,49.12682,-10.359772,-19.209362,2.6733322,-7.3685865,-0.3718716,7.3807135,2.3838205,1.5816845,-6.131416,10.100393,-1.6904202,0.11361077,-6.0494566,3.1981804,-1.9371457,1.1668224,-0.9936114,-6.431735,-0.001457314,-6.618469,-8.1029,-1.7805293,-2.7115111,-3.2225523,0.5723189,0.26703462,0.9905808,-2.067271,-4.350934,-1.8886875,0.3301647,1.7359302,-2.4251046,-3.3377335,-1.4988294,3.2345595,1.2800289,-1.0904908,1.7418362,1.294405,-2.7764673,-0.38170204,1.362853,-1.0273355,-1.4931619,0.874312,-0.713428,-1.9965396,-1.0955833,-0.2848184,-0.5976,-1.0256903,-0.28551343,1.6498262,0.48789126,-0.79699755,0.32696795,0.59178054,-0.024704471,0.31209505,-0.2818215,0.17553839,0.6613868,-1.2581964,-0.12592389,-0.35830864,-0.34723505,0.47470456,-0.41299623,-0.43478876,-0.84390545,-1.1207415,-0.86446416,-0.89259297,0.7307786,-0.117704034
6,-34.245255,-36.855362,-1.7712866,-39.01522,-30.11079,-10.359772,50.897778,1.9014246,17.361708,-4.473938,-8.60244,-5.538785,1.441896,-6.3222737,0.41281533,8.7012615,1.223954,3.467894,-1.8316808,2.2040458,-2.3208802,3.639485,-1.8666282,-4.8140726,1.0151341,-4.361391,-1.4690213,0.4675634,-2.474976,-0.27715573,0.33902484,0.9300822,0.9578572,-0.25861713,-1.2678576,0.50000787,1.0834396,0.23136994,-0.4837805,1.1293123,1.571219,-0.8876729,-0.19158503,-0.11280194,0.09609224,3.0563107,0.0069572576,-0.3780938,1.5159001,0.6622091,0.66821337,1.067149,-1.0051734,-0.3003204,0.46608028,-1.0169137,-0.6387522,0.041371323,1.4709592,0.4805279,0.6788145,0.10488982,0.33445698,1.2184224,-0.037352618,0.68115866,-0.7011798,-1.571953,-0.30011123,0.6163682,1.1911501,0.14453697,0.83938503,-0.24135801,0.9676813,-0.28630024,-0.11808501,0.45161316,-0.5569912,0.04784832,0.666729,-1.0551559
7,0.32848987,-11.859419,-2.6074867,-4.3107257,-5.4498267,-19.209362,1.9014246,21.03083,-8.419922,13.28391,7.848195,-5.758196,-1.6607733,3.5292287,7.4640317,-5.858906,-6.390998,-3.61233,1.1426064,-6.474986,-2.7579193,-1.871603,1.7589898,0.726872,0.08196148,1.4266502,3.8384109,-1.4637885,0.112557486,2.3043761,0.46706012,1.6285963,-2.1861467,1.2024987,2.1963332,-0.56452394,2.425356,1.3140785,-0.46263108,1.1084945,1.1287935,-2.564807,-0.11648694,-0.30576402,-1.2972978,-0.92753446,0.5257756,-0.82364094,0.6616219,-0.7131319,0.6108432,-0.6776486,0.703177,1.7820102,1.9423234,-0.45336407,-1.270833,-0.37392533,-0.2703498,0.13444382,-0.28237653,-0.25151694,-1.0077312,-0.008763265,0.22155213,-0.7948068,-0.44754824,-0.3746925,-0.5443206,0.75006354,0.0107681835,0.24788797,0.18813641,-0.28640938,0.03806355,-0.40644675,0.3663718,-0.04366956,0.07276881,0.3165846,0.116412275,-0.46085578
8,-37.64747,-23.10471,2.1467705,-11.849762,-21.602768,2.6733322,17.361708,-8.419922,49.33114,-4.200573,-13.967519,-3.8430195,-1.6967825,-9.1107025,3.4590282,-0.53196096,6.802021,4.455068,-2.3383224,1.2357908,2.2375612,-0.34413564,-5.544594,-0.36803943,-1.098249,3.872889,-1.133846,0.12691204,3.069244,0.25633174,1.2425067,-1.1228077,0.9298127,-1.244039,0.039934535,1.9066832,-3.6592407,-0.098734125,2.2597575,-1.1947861,-1.1499052,-0.6835422,0.4794261,0.9837501,-0.20004904,-2.2445192,-0.86448276,2.920391,0.20927766,-1.4681718,1.5473037,-0.7026453,-0.58018863,-1.1993527,-2.1933694,-0.35017392,0.026652554,-0.18645637,-0.18372104,0.522318,-0.962625,-0.078388914,0.90606254,-0.9136342,2.1711054,-0.7098398,0.4949676,-0.77632165,0.71735054,-0.27522823,0.08208926,-0.6693618,0.1149794,0.49949783,-1.1248529,0.26588467,-0.31404242,-0.055479906,-0.1755107,-0.66162044,0.24839287,-0.33671436
9,12.634605,-3.052401,-7.407569,5.430378,8.231991,-7.3685865,-4.473938,13.28391,-4.200573,33.642868,5.0293913,3.8330872,3.0406766,4.537608,4.796124,-3.2702928,-9.221714,-0.3624329,3.012835,-3.3344984,-2.6420372,-2.7702608,1.1110296,1.0707331,0.5311005,1.3914008,5.7979107,0.29394946,-0.035313003,0.5932476,2.9688478,-3.3255424,-0.91822445,-1.7132821,-0.4420704,-2.0748205,0.28529006,0.036571994,-0.039907306,-2.8706605,-1.2972734,-2.1486907,-0.2552136,-0.58570516,-0.9254677,-1.3244553,1.386442,-0.65606934,1.3474655,-1.3443525,0.9444783,-1.0100698,1.3405541,1.0170462,0.40958202,-1.207196,0.007166446,0.3903113,2.393252,1.543777,-0.30651367,1.8292809,-0.42805004,-0.424485,0.44576904,0.5092692,-1.7202446,-0.78275967,-0.20193166,-0.14748502,1.4687135,-0.17250562,0.58172214,0.2754032,-0.2286812,-0.19933777,-0.11396387,-0.6459224,-0.09821026,-0.4015782,-0.17026007,-1.3703573
10,10.627584,3.029673,-7.3485484,-0.13200238,8.436422,-0.3718716,-8.60244,7.848195,-13.967519,5.0293913,17.197891,-1.7194993,4.549161,1.8713541,1.5266175,-7.460739,-1.3047745,-5.26105,3.5501657,-2.6147568,0.53779376,-1.4139813,1.8400455,0.37862492,1.9248154,-0.9723443,-1.6648719,-0.9410236,0.21423452,-0.5291542,2.6985583,0.9630011,-1.0496781,2.4374669,-1.1243972,-1.08219,-0.11938918,1.3060025,-1.5581058,-0.63410807,0.6262378,0.7273699,-0.39235592,-2.1951475,0.4325496,-0.9402213,-0.4202885,-0.84305656,-0.6166642,0.48735857,-1.0925249,-1.6121814,-0.51105523,-0.29292393,1.3593247,-1.3141372,-0.7776245,0.18549371,0.42530704,0.4162082,-0.6776995,-0.01933076,0.002700082,-0.28298992,-0.7308089,-0.2648427,0.95107317,-0.17835921,0.21722373,0.6823499,-0.9645756,0.26995596,-0.21078157,-0.26642692,-0.031788543,-1.0823498,-0.56003535,-0.50407296,-0.49128583,0.44863492,0.3920382,-0.49027207
11,15.417912,16.495005,0.7174105,20.120258,8.660511,7.3807135,-5.538785,-5.758196,-3.8430195,3.8330872,-1.7194993,24.93522,-0.864771,-1.2129121,-3.199923,2.6699796,5.732556,1.1397083,1.0752939,0.41670123,-1.971266,-3.5887437,1.983572,0.67397106,2.0298495,-3.4015703,0.029720599,-0.42546722,-0.024043579,2.3272629,-3.649452,-0.39868551,0.3013956,-1.5850067,0.8925425,0.78462553,-3.7718854,0.53116584,-1.6715717,1.0753672,0.43978506,0.091731146,-2.3582826,-1.1233621,-2.7882643,-0.48349315,1.5682629,0.6174791,-1.5471716,1.1585634,-0.2832011,-0.13759437,-2.34269,-0.5748273,-1.1906888,-0.73344004,-0.3803211,0.12523997,0.14278463,0.37964475,0.43406123,1.4690087,1.5070997,1.0435328,-0.9494082,0.84835815,-0.044552214,0.11537222,0.3980251,-0.5575038,1.0078993,-0.9874493,0.002440529,0.7670306,0.29418105,0.88759077,-0.07516093,0.20019919,-0.5286852,-0.4452889,0.19324964,-0.8416733
12,4.1541753,-9.361421,-13.374982,2.1571326,9.82641,2.3838205,1.441896,-1.6607733,-1.6967825,3.0406766,4.549161,-0.864771,11.060595,0.29737163,-0.6712284,-2.161769,-1.34484,-0.88668084,4.1647153,0.88168776,2.2657907,0.19212234,-1.010948,-2.2446842,-1.0736576,0.9657261,-3.9512153,3.180292,0.40204918,-3.4215374,-0.39729527,-0.41722155,0.42319405,-0.21914743,-2.1386054,1.2656543,-1.8822691,0.8309643,0.11764241,-1.1291919,-0.79644835,0.9793223,1.0759873,-1.1873426,1.3245715,0.1314376,0.4723395,-0.35896283,0.70408714,0.06440203,-0.194852,-0.89821345,-0.22463483,-0.76272964,-0.46337047,-0.59779435,0.30430585,0.5743737,1.3973751,-0.74464613,-0.32221556,-0.39386743,0.44638914,-0.24857,0.013004587,0.6524006,0.053776477,-0.1019098,-0.13808304,0.74747777,0.15677992,-0.36548644,0.41837728,-0.36910385,-0.0048111826,-0.8696884,0.25444156,-0.10891795,-0.19550201,-0.16790253,-0.26539072,-0.43695122
13,8.333771,8.804337,1.3124115,3.3816502,6.8197117,1.5816845,-6.3222737,3.5292287,-9.1107025,4.537608,1.8713541,-1.2129121,0.29737163,16.376019,-4.096983,-2.170839,-6.26811,2.6659782,-0.9291153,-0.44824004,-1.3150833,0.10674878,0.22092707,-3.9260902,0.118926436,3.2676165,-0.20402057,0.30935922,1.4138074,0.6673553,-0.7344804,-0.77446866,-2.5043955,0.5364262,-0.77128565,-0.46205425,2.6494455,2.6682978,-1.2870321,0.22439939,0.7280358,-0.46278295,2.0920138,0.090868846,-0.036278695,0.2374391,-0.24049567,-1.1080259,1.5621061,-0.3460076,-0.33186206,0.7137729,1.1507804,1.0797,-0.6615599,0.3853826,-0.59145445,1.0373607,-0.713388,-1.1558049,0.15554115,-0.38958028,-0.2680809,0.0918984,-0.7165332,-0.6643014,-0.88649315,0.1306181,-0.22991307,-0.5226896,0.9637923,0.52756166,0.070408374,-0.9760919,0.51525307,-0.13973632,0.40277964,0.5473441,-0.2341009,0.1220234,0.016329903,0.451348
14,-2.997014,-9.674135,-3.1279225,6.321891,-4.800812,-6.131416,0.41281533,7.4640317,3.4590282,4.796124,1.5266175,-3.199923,-0.6712284,-4.096983,10.39054,-2.0672674,-0.40932146,-2.174295,-0.5373279,-2.6573987,-0.29913187,-0.29469967,-0.14617223,-1.2002668,-1.7377224,1.8110092,-1.634628,-1.4067571,0.6948085,0.74978936,0.9509002,0.5171633,-1.8876264,-0.6954975,1.7999369,0.5797048,-1.0837462,0.00029006985,1.2604489,0.28598827,0.77460194,-1.5031627,-0.6389864,-0.6617664,-0.7266927,-1.8289081,-0.95999455,0.3591137,0.8009777,-0.15481007,1.2448764,-0.5093774,0.18432762,0.8814851,1.217766,0.015684225,-0.42419896,-0.048977196,-0.036494486,0.33131945,0.0560765,-0.14079794,0.38042682,0.17500743,0.9653107,0.21685797,-0.40503794,-0.4874546,-0.43702152,0.4213327,-0.46034086,-0.6262286,-0.037473664,0.6985953,-0.44429868,0.49810803,0.46857163,0.10700658,-0.25758165,0.21640542,0.17047349,-0.07588622
15,3.6812897,-2.4483278,1.9104896,10.73565,1.1136787,10.100393,8.7012615,-5.858906,-0.53196096,-3.2702928,-7.460739,2.6699796,-2.161769,-2.170839,-2.0672674,19.37845,-1.6815455,-1.0685587,-5.851168,-1.4273736,0.7713765,1.139776,-0.0016345709,-3.699922,1.0638189,-3.891502,-1.6902494,-1.01335,-3.2777128,0.79321146,-0.7282903,1.1648448,2.6882272,-3.7492213,-1.9093091,-0.65631056,2.6895385,-1.9964538,1.2790351,1.2116838,-0.35768074,-2.1138587,0.72917295,2.6114988,1.2681377,1.212692,-0.31361973,-0.697101,0.31466258,0.8158909,1.5670781,1.5578854,-1.6021509,-0.5276301,1.0725577,0.113228306,0.08667973,0.29847607,0.42541915,0.35526863,1.0796298,0.28457016,-0.6721755,0.61272043,-0.27896428,0.9744531,-0.2925563,-0.6644908,-0.9853264,-0.25003415,0.31206948,0.22953862,0.21040198,-0.22117776,0.077723145,0.32033718,-0.19068368,-0.32606992,0.4797777,-0.31624663,0.583007,-0.19262512
16,-5.875877,-3.1410468,-0.99466574,4.3481665,-1.3420057,-1.6904202,1.223954,-6.390998,6.802021,-9.221714,-1.3047745,5.732556,-1.34484,-6.26811,-0.40932146,-1.6815455,13.628868,1.611259,0.07105632,2.1911955,0.26597378,-0.069397986,-0.9778819,1.643909,0.9716479,-0.78557247,-1.6117284,1.4820251,-0.50759006,1.0953655,-1.133105,0.38939697,0.26643616,1.4436351,2.2885773,0.46822256,-3.0449514,-1.684705,0.38983783,1.0943006,2.0508685,0.30824915,-1.4217105,-0.8421898,-0.45144665,-0.4121714,-0.14216684,1.4737527,-1.7735441,0.72704124,0.6564921,-0.9510913,-0.888114,0.17642763,-0.8826779,-0.8233918,0.24849994,0.07635925,-0.8426093,-0.12261087,-0.49245927,0.5501282,0.7842144,0.15663648,-0.23861553,-0.6653367,0.8706225,0.25773287,0.4412039,0.22006351,-0.6052182,-0.10469581,-0.5649059,0.2779947,-0.033291496,-0.048096336,-0.5105558,0.3174737,0.22119145,0.26381153,0.14356065,-0.14903732
17,-3.1851728,0.028432354,3.0013285,-0.43705,-2.6369057,0.11361077,3.467894,-3.61233,4.455068,-0.3624329,-5.26105,1.1397083,-0.88668084,2.6659782,-2.174295,-1.0685587,1.611259,8.370098,-2.3538976,0.9637022,-0.11246528,3.3152902,0.7230828,-0.08125165,0.65635115,1.6566598,1.4512892,0.26270646,-0.7216863,-0.27613908,-0.070411906,-0.13743037,-0.107805714,-0.4917345,0.12564558,0.32595772,-0.022729777,0.18134105,-0.21064743,-1.5742867,-0.8093932,0.45628113,1.1442,-0.28564674,-0.6007974,0.85494536,-0.21977842,0.72520125,0.61204624,-1.1638565,0.60373735,0.60575676,0.09374535,0.24356739,-0.56294155,0.73515975,0.12122069,-0.47987962,-0.37314358,-0.5974008,0.24949932,0.04687064,0.7546405,0.4637127,0.19285136,-0.22586825,0.034794025,0.47512412,0.89268965,0.051051237,0.41812152,-0.4042974,0.34476548,-0.0116885565,-0.08981705,0.34824765,0.4798358,0.41102046,0.077530384,-0.016731676,-0.4593597,0.5261476
18,2.4317665,-5.446087,-6.6598287,0.7552548,8.495703,-6.0494566,-1.8316808,1.1426064,-2.3383224,3.012835,3.5501657,1.0752939,4.1647153,-0.9291153,-0.5373279,-5.851168,0.07105632,-2.3538976,9.897447,2.6163852,1.2347207,0.07403852,-1.3568649,1.5414314,-0.19045214,2.2734032,0.1907412,0.74511254,2.385255,-1.589629,-0.3723482,0.82085395,0.15985206,1.7028823,0.80849516,0.23699692,-1.2154806,-0.08125423,0.33670688,-1.186238,-0.8102839,0.5116217,-1.2082269,-0.4606231,-0.071311206,-0.00093693193,0.3272307,0.40826315,-0.41656458,-0.28569812,-0.17026734,-0.8998929,0.7420893,-0.98161846,-0.4555549,-1.2540977,-0.19284774,0.25934386,0.37021428,0.3519731,-0.33626264,0.10733991,0.19380331,-0.34967095,0.5970275,-0.16321766,0.034871817,-0.35960323,0.13019273,0.31057772,-0.4901305,0.296165,-0.17468652,-0.12083236,0.8394994,-0.041369803,-0.36158496,0.5761713,-0.13405812,-0.35100877,0.17528526,-0.47488433
19,-0.8274598,2.4393663,0.110664696,-1.2442687,4.507468,3.1981804,2.2040458,-6.474986,1.2357908,-3.3344984,-2.6147568,0.41670123,0.88168776,-0.44824004,-2.6573987,-1.4273736,2.1911955,0.9637022,2.6163852,10.105412,-1.0113318,0.9374969,-2.0270848,0.8276193,-1.602196,-1.3919644,1.5130954,1.6104888,1.5418327,-3.5666432,0.040510967,-1.3254967,-0.76783144,0.03551019,0.58875597,-0.18609683,-1.006768,-1.1807463,0.27950937,0.06051328,0.73832214,0.97282594,0.68502045,-0.29577383,-0.1924383,0.5828018,0.10543579,1.0149634,0.16666651,0.9038111,-0.42514366,1.5879538,0.57077825,-0.29977655,-1.1017728,0.7468679,1.060207,-0.14393616,-0.1917288,1.8902097,0.5121864,-0.19068053,0.53573704,-0.6785016,0.41154414,-0.18477377,-0.24808744,-0.53781766,0.15591839,-0.6967073,0.30306172,0.5862547,-0.10422542,-0.21208093,0.64324194,-0.18080762,-0.5213047,0.7761575,-0.3050903,0.6470357,-0.10915325,-0.39475727
20,-3.0129337,-7.719964,-3.9122596,-3.6887078,4.9234085,-1.9371457,-2.3208802,-2.7579193,2.2375612,-2.6420372,0.53779376,-1.971266,2.2657907,-1.3150833,-0.29913187,0.7713765,0.26597378,-0.11246528,1.2347207,-1.0113318,9.426626,-0.41477358,0.36207098,0.21030043,0.6366452,-0.90546477,-4.2212534,1.2739375,0.7976941,1.7101519,-1.7478949,0.510854,1.1139709,1.0700278,-2.0376263,1.0118058,-0.820822,-0.5737134,-0.30921295,0.377155,-0.57005644,-1.1453094,0.8071004,0.085077465,0.004714968,-0.18027037,0.65722924,0.019557485,-0.9535984,-0.35637462,0.6778114,-0.15207991,0.2208901,-0.6734674,-0.43925267,-0.030652285,-0.06359621,0.77820814,-0.2126652,-0.6224214,-0.23775241,-0.12859078,0.24660859,-0.11872803,0.15150112,0.16770177,0.7772876,-0.04047718,0.2976554,0.41401887,-0.9232416,-0.031257465,-0.20051707,-0.6211324,-0.25214267,0.3361871,0.02959967,0.46129122,0.11881006,-0.099582955,-0.43181717,0.35297918
21,-1.4425445,-1.8025292,2.3751574,0.72325206,-1.4355251,1.1668224,3.639485,-1.871603,-0.34413564,-2.7702608,-1.4139813,-3.5887437,0.19212234,0.10674878,-0.29469967,1.139776,-0.069397986,3.3152902,0.07403852,0.9374969,-0.41477358,5.6504326,0.85460424,-0.8066379,1.313478,1.5914296,0.94888955,-1.6583731,-0.9917461,-1.6399608,1.1292493,0.8343002,0.4931591,-1.1865482,1.03934,-0.2536449,0.76762426,-0.13181186,1.1176378,-0.9355585,-0.3712429,-0.1796979,-0.15235105,-0.19288558,0.8579778,0.9401228,-1.4917665,0.0637649,0.6271812,-0.9047775,0.6160279,0.18736893,-0.18252012,0.18299976,0.36982322,0.07422748,-0.11386819,-0.41263497,-0.123134986,0.113441244,0.3454414,-0.4158165,0.15862232,0.3369997,0.3191199,0.109861016,0.53579587,0.0019460691,0.102672145,0.46389765,-0.2212935,0.19322535,-0.01314714,-0.0642254,-0.08772035,-0.0824983,0.29274964,0.18232521,-0.0047730207,0.018200766,0.13723512,0.41538185
22,3.9651206,4.201297,2.3156796,-0.29206425,0.24914734,-0.9936114,-1.8666282,1.7589898,-5.544594,1.1110296,1.8400455,1.983572,-1.010948,0.22092707,-0.14617223,-0.0016345709,-0.9778819,0.7230828,-1.3568649,-2.0270848,0.36207098,0.85460424,3.3590515,1.2798537,1.4922674,-1.2834423,0.7693944,-0.6000999,-0.9852359,1.028579,-0.22343197,0.6827621,0.43950152,0.24153711,0.34950477,-0.21238568,-0.21195054,-0.32097238,-0.48417494,0.6991515,0.32238215,-0.52675366,-0.8866242,0.025422316,-0.23235431,0.41148812,0.05991185,-0.44993308,-0.62686145,-0.24214719,-0.30918247,-0.23683399,-0.68579316,0.5465429,0.5687612,0.63687295,-0.0010986682,-0.16958076,-0.19243985,-0.18885669,-0.14199343,0.25276092,0.01909843,0.24114525,-0.47423887,0.30969334,0.21118723,0.12784451,0.10409793,0.31599712,0.123670876,-0.25966477,0.39050645,0.38677213,-0.14760408,-0.067762956,0.14245832,-0.46656203,-0.12264106,0.0796251,-0.32261944,0.1614174
23,-0.035315737,2.9795237,2.816691,-3.9798317,0.81745505,-6.431735,-4.8140726,0.726872,-0.36803943,1.0707331,0.37862492,0.67397106,-2.2446842,-3.9260902,-1.2002668,-3.699922,1.643909,-0.08125165,1.5414314,0.8276193,0.21030043,-0.8066379,1.2798537,5.8625145,0.45432222,-0.45522702,5.043218,0.38652694,0.17432237,0.10488954,0.15232316,-0.10051891,1.5804787,0.89323354,0.80246073,-0.15751655,-0.67398787,-1.9176297,0.098079324,0.043087363,-0.8359575,0.26667875,-1.075304,0.5379667,-0.2807241,0.032542683,1.1167951,0.5967437,-1.5561764,-0.1293036,-0.49299425,-0.2977957,-0.042959217,-0.048758462,0.05690577,0.6208352,0.9588039,-0.75228906,-0.07814406,0.520801,-0.37038967,0.38120198,-0.33151954,-0.6414206,0.020570826,-0.27453756,0.4606275,0.0699988,0.5318161,0.116457105,-0.3369975,0.22654977,0.013887702,0.43079343,-0.039337575,-0.030295331,-0.21395865,-0.19558506,0.33700174,0.14110753,-0.46703684,-0.03714907
24,0.3236333,1.8954067,2.5215101,-3.5178504,-2.1136546,-0.001457314,1.0151341,0.08196148,-1.098249,0.5311005,1.9248154,2.0298495,-1.0736576,0.118926436,-1.7377224,1.0638189,0.9716479,0.65635115,-0.19045214,-1.602196,0.6366452,1.313478,1.4922674,0.45432222,5.1636524,-0.9596834,0.0010037622,-1.0397171,0.06584254,0.91171575,0.9380832,1.1462102,-0.7397696,0.08315718,0.37632108,-1.2033694,0.8912933,-0.64411485,0.10525989,0.4595952,0.6456227,0.093400516,-0.36217052,-0.06801412,0.10994444,-0.11601694,-0.6074785,-0.9754549,-0.42421126,0.4575044,-0.19087952,-0.50250703,-0.7738281,0.09500632,0.49458778,-0.10799223,-0.058475617,-0.3195546,-0.41840845,0.2190665,0.2956862,0.45677942,0.37871355,0.10565488,-0.3465727,-0.17124537,0.3130946,0.31370983,0.48236233,0.24867272,0.2743497,-0.30352664,-0.25452104,-0.030103683,0.21077687,-0.12280698,-0.35361266,0.034341536,-0.022158764,-0.2180891,0.21679404,-0.11392006
25,-1.6020755,-3.533853,-1.2383537,6.0284066,1.003272,-6.618469,-4.361391,1.4266502,3.872889,1.3914008,-0.9723443,-3.4015703,0.9657261,3.2676165,1.8110092,-3.891502,-0.78557247,1.6566598,2.2734032,-1.3919644,-0.90546477,1.5914296,-1.2834423,-0.45522702,-0.9596834,8.302559,1.1557336,-1.1448522,3.0078542,-1.0317733,1.8428817,-0.4565145,-0.7124329,-0.8846823,0.60215867,0.8962817,-0.421401,0.5186614,2.5561416,-0.7509694,-1.4598887,-0.018363805,-0.08735767,0.83337677,0.7539316,-1.5124574,-0.8861822,0.4261933,0.7865266,-0.08548863,0.5641645,-0.6106697,-0.2490147,-0.12527871,0.1197203,-0.25117445,0.13952099,0.8242627,0.57372224,-1.2509322,-0.18449624,-0.3021285,0.36140442,-0.32306457,0.327614,-0.055177346,0.009007783,0.13030395,-0.2525376,0.18197724,-0.12496726,-0.17312703,-0.045786552,0.20435604,0.119233035,0.40081912,0.63639987,0.32274276,0.14201915,-0.1517231,0.087453544,0.6045779
26,1.2852123,3.9580941,6.3250914,-0.44026238,-0.82688665,-8.1029,-1.4690213,3.8384109,-1.133846,5.7979107,-1.6648719,0.029720599,-3.9512153,-0.20402057,-1.634628,-1.6902494,-1.6117284,1.4512892,0.1907412,1.5130954,-4.2212534,0.94888955,0.7693944,5.043218,0.0010037622,1.1557336,11.320437,-2.394589,-0.6684182,-0.9105096,1.0975151,-1.623627,2.1514788,-2.1695538,1.7531946,-0.061181616,1.0567045,-0.6844741,0.77371144,-0.24142003,-0.7307568,-0.29755348,-0.3573497,0.53960025,-0.16454749,0.37731373,0.94769573,0.93091154,-0.79303575,-0.19598112,-0.09925343,0.46459782,0.017072778,0.34421682,0.21607345,0.5867026,0.8315151,-0.673858,0.5613544,0.80035126,0.3876198,0.8591343,-0.8853802,-0.5768033,0.12981194,-0.2581519,0.66951036,-0.26686457,0.0494396,-0.23160645,0.60811615,0.63347185,-0.05266205,-0.08178398,-0.27249092,-0.057261806,0.19760153,-0.010737859,0.4633933,0.24843527,-0.008290953,-0.005021494
27,-0.005291634,-6.1792154,-6.489015,-2.3135614,5.405959,-1.7805293,0.4675634,-1.4637885,0.12691204,0.29394946,-0.9410236,-0.42546722,3.180292,0.30935922,-1.4067571,-1.01335,1.4820251,0.26270646,0.74511254,1.6104888,1.2739375,-1.6583731,-0.6000999,0.38652694,-1.0397171,-1.1448522,-2.394589,6.464399,-0.5257416,-0.21787722,-1.7182944,-0.17144014,-0.5605886,1.8010235,-0.65954715,0.26548865,-0.5374446,-1.6312242,-1.3987097,0.008291065,-0.036189318,-0.02389289,0.5136042,0.31091416,-0.22479466,0.47182083,1.5838857,-0.02861202,0.19304207,-0.30208644,0.2278738,0.16400567,0.9866637,0.34181726,-0.6791822,0.7925936,0.38221613,-0.092525356,-0.59930044,-0.43779948,-0.6194416,0.04100007,0.07683298,-0.29655546,0.4413988,0.4326536,-0.9404944,-0.47290665,-0.24885394,0.668612,0.31598172,0.37831533,0.52085936,0.08470415,-0.13655731,-0.41683063,-0.088284306,-0.24340308,-0.0619563,0.25995767,-0.5384679,-0.4587875
28,-1.97921,0.24940419,-0.34026986,-0.7005128,0.14171015,-2.7115111,-2.474976,0.112557486,3.069244,-0.035313003,0.21423452,-0.024043579,0.40204918,1.4138074,0.6948085,-3.2777128,-0.50759006,-0.7216863,2.385255,1.5418327,0.7976941,-0.9917461,-0.9852359,0.17432237,0.06584254,3.0078542,-0.6684182,-0.5257416,4.021005,-0.63508916,0.09276542,0.104054034,-1.4561038,0.44615436,-0.1315857,0.2247276,-0.7221961,-0.075836495,1.2387462,0.786829,-0.17094547,0.1904083,0.19859886,0.47774732,-0.18763232,-1.3048462,-0.15963347,-0.04444839,0.07806653,1.0537571,-0.21062467,0.102400735,-0.33902222,-0.22301388,-0.18319106,-0.08098443,0.327645,0.5643631,0.12313905,0.12889045,0.18600029,-0.29029518,0.62471193,-0.49661362,0.024252135,-0.43070626,-0.27008528,0.033665374,0.09736426,-0.33305085,-0.0058148047,-0.2833438,-0.32237563,0.13062242,0.72115046,0.31227916,-0.012679883,0.64986134,-0.13103867,0.031031016,-0.08291695,-0.017688187
29,-2.274949,0.50029624,2.749999,-3.894478,-4.0098324,-3.2225523,-0.27715573,2.3043761,0.25633174,0.5932476,-0.5291542,2.3272629,-3.4215374,0.6673553,0.74978936,0.79321146,1.0953655,-0.27613908,-1.589629,-3.5666432,1.7101519,-1.6399608,1.028579,0.10488954,0.91171575,-1.0317733,-0.9105096,-0.21787722,-0.63508916,4.205022,-1.4454217,-0.094750464,-0.027867243,0.70591056,0.16439007,0.0425181,0.11725887,0.2999898,-1.3689227,0.89630425,0.4987525,-0.95142853,-0.96708435,-0.023503277,-0.99063337,-0.26385233,0.49555027,-0.37631696,-0.6501852,-0.33557594,0.3184613,-0.5566418,0.055896714,0.46009707,0.024100728,-0.27260527,-0.6554913,0.12819792,-0.4452746,-0.57219267,-0.30619007,0.4591828,-0.13807228,0.5277922,-0.4009238,-0.024535421,-0.18739319,-0.06466486,-0.21120998,0.07400824,-0.2472685,0.034059267,-0.257304,0.23268071,-0.15194148,0.4557196,0.12191434,-0.05897235,-0.042462632,-0.2671584,0.006704213,0.10980438
30,-1.4566141,0.47132465,1.1308095,-3.08923,-2.4309273,0.5723189,0.33902484,0.46706012,1.2425067,2.9688478,2.6985583,-3.649452,-0.39729527,-0.7344804,0.9509002,-0.7282903,-1.133105,-0.070411906,-0.3723482,0.040510967,-1.7478949,1.1292493,-0.22343197,0.15232316,0.9380832,1.8428817,1.0975151,-1.7182944,0.09276542,-1.4454217,5.6226587,-0.87828016,-0.8264394,-0.17548987,-0.66096205,-1.1052876,0.27009577,-0.24145892,1.1228563,-1.7129252,-0.682763,0.7713092,-0.48618853,0.35198334,0.9000014,-0.7081629,-1.60256,0.09990423,0.59436077,0.1811335,-0.6875404,-0.2638079,-0.39475,-0.47691453,0.5393177,-0.055230297,0.25857276,0.27616522,0.8984802,0.5524609,-0.329342,0.039999373,0.060368173,-0.4903088,0.022882082,0.42736363,0.06291275,0.108386874,0.19510323,-0.35352254,-0.054651685,-0.021436017,0.3895961,0.19524439,-0.25597918,-0.16657719,-0.5636381,-0.67200017,-0.09644577,0.20891418,0.4383899,0.09184821
31,1.0662907,-3.9556015,-1.1859555,6.4135003,1.7286439,0.26703462,0.9300822,1.6285963,-1.1228077,-3.3255424,0.9630011,-0.39868551,-0.41722155,-0.77446866,0.5171633,1.1648448,0.38939697,-0.13743037,0.82085395,-1.3254967,0.510854,0.8343002,0.6827621,-0.10051891,1.1462102,-0.4565145,-1.623627,-0.17144014,0.104054034,-0.094750464,-0.87828016,4.0410013,-0.08624837,1.4596716,0.4119382,-0.12465788,1.0136629,-1.002498,0.024020065,0.25207448,-0.037329856,-0.53619766,0.10081686,0.8365706,0.04381056,0.5182004,-0.7981049,0.058998033,-0.09448539,-0.4711471,0.34756145,0.056852948,-0.49811,-0.05403301,0.7694845,0.27049622,-0.33325246,-0.6658399,-1.2297194,-0.024661819,0.027059417,-0.7546377,-0.056790974,0.06398639,0.41605848,-0.7502646,-0.117611974,-0.1195485,0.51429,0.4331322,-0.6151795,-0.1522371,0.15745836,0.09874269,0.6146115,-0.015046986,-0.27238178,0.24856687,0.1148251,-0.09431641,0.1796,-0.06489405
32,-0.05828825,-1.1298718,-0.0071371263,0.7777334,2.2369425,0.9905808,0.9578572,-2.1861467,0.9298127,-0.91822445,-1.0496781,0.3013956,0.42319405,-2.5043955,-1.8876264,2.6882272,0.26643616,-0.107805714,0.15985206,-0.76783144,1.1139709,0.4931591,0.43950152,1.5804787,-0.7397696,-0.7124329,2.1514788,-0.5605886,-1.4561038,-0.027867243,-0.8264394,-0.08624837,3.7452385,-0.5383439,-1.0923283,0.63268936,-0.22802295,-0.70971674,0.16964692,-0.24496165,-0.98193777,-0.45898798,-0.6023676,0.48579907,0.9064815,1.007328,0.5588075,0.40474832,-0.98653376,-0.39929777,0.16524336,-0.22509104,-0.21787313,-0.5221586,-0.12492615,-0.3776241,0.36211598,0.2481119,0.7122355,-0.29175377,-0.102256,0.30735534,-0.76518,0.13486934,-0.22505939,0.29697752,0.68731964,-0.31160372,0.01290536,0.18650627,-0.37717226,0.40733346,0.003439161,-0.039903566,-0.13321373,-0.054187447,0.11613266,-0.16124848,0.35449922,-0.19205412,0.044203445,0.10379997
33,-2.3831358,-1.7153616,-1.4717774,-5.7971754,0.66138625,-2.067271,-0.25861713,1.2024987,-1.244039,-1.7132821,2.4374669,-1.5850067,-0.21914743,0.5364262,-0.6954975,-3.7492213,1.4436351,-0.4917345,1.7028823,0.03551019,1.0700278,-1.1865482,0.24153711,0.89323354,0.08315718,-0.8846823,-2.1695538,1.8010235,0.44615436,0.70591056,-0.17548987,1.4596716,-0.5383439,4.3757415,-0.32890826,-0.7356945,-0.017040012,-0.8437582,-0.97835803,0.2827952,0.67351633,0.09882433,-0.57228184,0.3499533,-0.114303365,0.78314143,0.060579956,-0.023678573,-0.24627143,-0.43731523,-0.6785576,-0.3434875,1.0452096,0.10590322,-0.09590843,-0.17823121,-0.21086511,0.11420596,-0.8982222,-0.13324134,-0.6971085,0.0036469444,-0.12126289,-0.025327556,-0.066349424,-0.4865403,-0.3440363,0.22244507,0.43228143,0.11608917,-0.21569382,0.15896282,0.08398403,0.013775993,0.5630468,-0.13886353,-0.486647,0.025690436,0.024866384,0.06753652,-0.049726248,-0.020735566
34,-0.15858601,-0.110209055,2.1622684,4.7259603,-1.6040289,-4.350934,-1.2678576,2.1963332,0.039934535,-0.4420704,-1.1243972,0.8925425,-2.1386054,-0.77128565,1.7999369,-1.9093091,2.2885773,0.12564558,0.80849516,0.58875597,-2.0376263,1.03934,0.34950477,0.80246073,0.37632108,0.60215867,1.7531946,-0.65954715,-0.1315857,0.16439007,-0.66096205,0.4119382,-1.0923283,-0.32890826,3.499145,-0.150724,-0.34147173,0.0861823,0.83176935,0.7826908,1.5431907,-0.57921493,-0.56762064,-0.31879252,-0.6447388,-0.33851105,-0.33345592,0.4246256,-0.2415869,-0.24600255,0.46924067,-0.22699405,0.20772818,0.9149432,-0.026560798,0.17357339,-0.20090988,-0.45357504,-0.9341742,0.31220555,0.025680585,0.1264705,0.039759684,-0.041093208,0.38567573,-0.50286674,0.22461429,0.24371783,-0.14014265,0.054006927,0.22203994,-0.11294634,-0.066364184,0.0002928509,-0.17061171,-0.07935504,0.016788013,0.081448376,0.08218516,0.08701588,-0.018180978,0.0035322576
35,-1.3951774,-3.1600134,-1.5007949,2.1724205,0.7130362,-1.8886875,0.50000787,-0.56452394,1.9066832,-2.0748205,-1.08219,0.78462553,1.2656543,-0.46205425,0.5797048,-0.65631056,0.46822256,0.32595772,0.23699692,-0.18609683,1.0118058,-0.2536449,-0.21238568,-0.15751655,-1.2033694,0.8962817,-0.061181616,0.26548865,0.2247276,0.0425181,-1.1052876,-0.12465788,0.63268936,-0.7356945,-0.150724,1.8038987,-1.118542,0.516533,-0.17622632,0.29902887,-0.23284282,-0.017035546,-0.055734348,-0.19840068,-0.14025393,-0.14685813,0.23306993,0.42866513,-0.14281335,0.047874115,0.043577526,-0.090672664,-0.32814687,-0.060854644,-0.37729377,0.51003265,0.1812048,0.192411,0.068894826,-0.7811715,-0.01473205,-0.30418596,0.15724708,0.041862197,0.06777793,0.37464255,0.13395368,-0.20346063,-0.082529195,0.17633235,-0.14130095,-0.12248881,0.13921927,0.043465566,-0.25957,0.2707981,0.44656098,0.24133247,-0.074242264,0.066223934,0.00543652,0.17827573
36,1.1406204,0.47032273,2.1603727,-1.6885768,-0.97977614,0.3301647,1.0834396,2.425356,-3.6592407,0.28529006,-0.11938918,-3.7718854,-1.8822691,2.6494455,-1.0837462,2.6895385,-3.0449514,-0.022729777,-1.2154806,-1.006768,-0.820822,0.76762426,-0.21195054,-0.67398787,0.8912933,-0.421401,1.0567045,-0.5374446,-0.7221961,0.11725887,0.27009577,1.0136629,-0.22802295,-0.017040012,-0.34147173,-1.118542,3.0792358,-0.16518024,-0.22488244,-0.24757305,-0.26439622,-0.22315112,1.0692875,0.6758759,0.3517472,0.6940235,-0.18085054,-0.6236432,0.5561662,-0.27418056,0.20969194,0.68780744,0.6067107,0.08509039,0.6649377,0.003010543,-0.3433481,-0.33772027,-0.40200245,0.095434874,0.4536351,-0.11969407,-0.63831896,0.058147527,0.17996143,-0.46844476,-0.22145483,-0.02768729,-0.026523199,0.02091533,0.08263831,0.39836568,-0.20129858,-0.44886196,0.25109136,-0.06836133,-0.08833217,0.10098495,0.25057662,-0.07706605,0.16237377,0.110429764
37,-0.47751963,2.7061296,0.8550712,-2.2442787,-3.0547476,1.7359302,0.23136994,1.3140785,-0.098734125,0.036571994,1.3060025,0.53116584,0.8309643,2.6682978,0.00029006985,-1.9964538,-1.684705,0.18134105,-0.08125423,-1.1807463,-0.5737134,-0.13181186,-0.32097238,-1.9176297,-0.64411485,0.5186614,-0.6844741,-1.6312242,-0.075836495,0.2999898,-0.24145892,-1.002498,-0.70971674,-0.8437582,0.0861823,0.516533,-0.16518024,3.1100001,-0.76769483,-0.511573,0.011557875,0.6205354,0.5805346,-1.3504089,-0.5911785,-0.3518166,-0.03068152,-0.11140944,0.47357467,-0.32136726,-0.2835821,-0.19905242,-0.0040843324,-0.23641387,-0.31509092,-0.6120499,-0.9531591,-0.021302788,0.22199443,-0.3209913,0.0032107183,-0.31307665,0.18732122,0.38118505,-0.24969171,-0.005416819,0.5152199,0.4599834,-0.135268,-0.20542198,0.059265397,-0.16840735,-0.07202375,-0.4555999,-0.41522002,-0.08796324,0.35904354,-0.027552411,-0.26021075,-0.15648475,0.082184374,0.16278088
38,-0.8793105,-2.6000257,0.05899926,4.592458,-0.24292488,-2.4251046,-0.4837805,-0.46263108,2.2597575,-0.039907306,-1.5581058,-1.6715717,0.11764241,-1.2870321,1.2604489,1.2790351,0.38983783,-0.21064743,0.33670688,0.27950937,-0.30921295,1.1176378,-0.48417494,0.098079324,0.10525989,2.5561416,0.77371144,-1.3987097,1.2387462,-1.3689227,1.1228563,0.024020065,0.16964692,-0.97835803,0.83176935,-0.17622632,-0.22488244,-0.76769483,2.8004346,0.53275216,0.23565799,-0.5265033,0.16936713,0.91560507,0.84906083,-0.66818935,-0.70467144,0.12641221,0.007946789,0.70435613,0.4584972,-0.021943657,-0.44157824,0.086920545,0.25777733,-0.19289547,0.5440028,0.55385447,0.45164087,0.08170943,0.25826192,-0.013479872,-0.03063934,-0.3053262,0.016567584,-0.1459664,0.32872725,0.3953648,-0.14745462,-0.22264527,0.11471598,-0.2966993,-0.036271572,-0.11442739,0.20599863,-0.036139127,0.011032735,0.12737203,0.42455602,0.011138689,-0.00035303528,0.18914965
39,-1.3917243,-0.7525202,1.2504748,-0.7499202,-1.5855118,-3.3377335,1.1293123,1.1084945,-1.1947861,-2.8706605,-0.63410807,1.0753672,-1.1291919,0.22439939,0.28598827,1.2116838,1.0943006,-1.5742867,-1.186238,0.06051328,0.377155,-0.9355585,0.6991515,0.043087363,0.4595952,-0.7509694,-0.24142003,0.008291065,0.786829,0.89630425,-1.7129252,0.25207448,-0.24496165,0.2827952,0.7826908,0.29902887,-0.24757305,-0.511573,0.53275216,2.998857,1.7301829,-1.0579363,-0.4115732,0.50483143,0.010047391,-0.081225924,0.34742105,-0.36887902,-0.5546255,1.0319483,-0.15793827,0.21671525,-0.5105744,0.62191796,0.05701281,0.33495873,0.23215228,0.5109324,-0.4205881,-0.13944109,0.1923702,0.10796795,-0.0763383,-0.014744533,-0.48310637,-0.13777697,0.10657094,-0.06834703,-0.3738209,0.031066207,0.4211769,-0.06224329,-0.22068238,-0.053298056,0.3035916,-0.02411542,0.14706343,0.24652429,-0.013580622,0.17672144,-0.07432087,0.07126029
40,-1.1843796,-0.8197283,0.4021687,-0.05526281,-1.5027627,-1.4988294,1.571219,1.1287935,-1.1499052,-1.2972734,0.6262378,0.43978506,-0.79644835,0.7280358,0.77460194,-0.35768074,2.0508685,-0.8093932,-0.8102839,0.73832214,-0.57005644,-0.3712429,0.32238215,-0.8359575,0.6456227,-1.4598887,-0.7307568,-0.036189318,-0.17094547,0.4987525,-0.682763,-0.037329856,-0.98193777,0.67351633,1.5431907,-0.23284282,-0.26439622,0.011557875,0.23565799,1.7301829,2.9002244,-0.550508,-0.026805902,-0.39732566,-0.081279986,0.06947586,-0.4073184,-0.16332856,-0.43553495,0.72630215,-0.17724386,-0.059229158,0.39606357,0.96472347,-0.3757795,0.046972178,-0.008750342,0.7392884,-0.5285765,-0.03229375,0.120097175,0.4505027,-0.1919094,0.042170554,-0.24140838,-0.36423025,0.06300369,0.22420394,-0.11084089,-0.2645527,0.6014304,-0.19599774,-0.06127583,-0.35683513,0.10831234,-0.30416805,-0.26659894,0.1034037,0.021036735,0.24564427,0.057819627,0.005326793
41,0.3890515,5.14909,0.5644814,-4.2183404,-1.3540549,3.2345595,-0.8876729,-2.564807,-0.6835422,-2.1486907,0.7273699,0.091731146,0.9793223,-0.46278295,-1.5031627,-2.1138587,0.30824915,0.45628113,0.5116217,0.97282594,-1.1453094,-0.1796979,-0.52675366,0.26667875,0.093400516,-0.018363805,-0.29755348,-0.02389289,0.1904083,-0.95142853,0.7713092,-0.53619766,-0.45898798,0.09882433,-0.57921493,-0.017035546,-0.22315112,0.6205354,-0.5265033,-1.0579363,-0.550508,2.2591832,0.255125,-0.63626266,0.17415047,0.032017436,-0.14572075,-0.23532829,0.11354464,0.35886335,-0.99366605,-0.251631,0.021514915,-0.5724342,-0.06324659,0.20467165,0.3022283,-0.47106737,0.31176805,-0.21887246,0.097136855,-0.025294617,0.32617286,-0.021109134,-0.19320023,-0.0016254222,-0.1058607,0.4829241,0.3330549,-0.20707405,0.010148912,-0.37523994,-0.055115394,0.25694007,0.14359322,-0.02435652,-0.012486037,-0.10446186,-0.09666232,-0.19503035,-0.10300222,0.1361592
42,0.45665294,-1.719235,-1.5316632,1.3205638,1.2674046,1.2800289,-0.19158503,-0.11648694,0.4794261,-0.2552136,-0.39235592,-2.3582826,1.0759873,2.0920138,-0.6389864,0.72917295,-1.4217105,1.1442,-1.2082269,0.68502045,0.8071004,-0.15235105,-0.8866242,-1.075304,-0.36217052,-0.08735767,-0.3573497,0.5136042,0.19859886,-0.96708435,-0.48618853,0.10081686,-0.6023676,-0.57228184,-0.56762064,-0.055734348,1.0692875,0.5805346,0.16936713,-0.4115732,-0.026805902,0.255125,2.6069074,-0.087152034,-0.16339242,-0.19867317,0.36247784,0.029075421,0.45763943,0.19792926,0.50274205,0.726973,0.31511095,-0.12481483,0.142856,0.29519305,-0.06084598,-0.22551304,-0.27663672,0.03032079,0.467685,-0.20514007,0.063940026,-0.13315299,0.22660744,-0.46411395,0.26448566,0.35917255,0.09012188,-0.13052878,0.15657616,-0.14219281,0.041859437,-0.7238437,-0.055087563,-0.2868694,0.11765743,0.27034765,0.27178347,0.13119243,-0.27940205,0.03621248
43,-0.42220983,-1.4827152,0.819546,2.0471826,0.92866945,-1.0904908,-0.11280194,-0.30576402,0.9837501,-0.58570516,-2.1951475,-1.1233621,-1.1873426,0.090868846,-0.6617664,2.6114988,-0.8421898,-0.28564674,-0.4606231,-0.29577383,0.085077465,-0.19288558,0.025422316,0.5379667,-0.06801412,0.83337677,0.53960025,0.31091416,0.47774732,-0.023503277,0.35198334,0.8365706,0.48579907,0.3499533,-0.31879252,-0.19840068,0.6758759,-1.3504089,0.91560507,0.50483143,-0.39732566,-0.63626266,-0.087152034,1.7438972,0.50423646,0.14622176,-0.15207681,0.019749654,-0.03453373,0.07484392,0.09178123,0.30590993,-0.21287659,-0.0060840836,0.20080923,0.41443542,0.34973934,0.24183904,-0.11388345,-0.109861195,-0.12015581,-0.13003035,-0.3678238,-0.31761077,0.06359293,-0.049955886,-0.38011754,-0.04621569,-0.1474593,-0.12689675,0.04520122,0.09279972,0.24575812,0.11658949,0.30141166,0.07618624,-0.19727191,-0.1414787,0.29730996,-0.038992718,0.001556126,0.0753486
