,0,1,2,3,4,5,6,7,8,9,10,11,12,13,14,15,16,17,18,19,20,21,22,23,24,25,26,27,28,29,30,31,32,33,34,35,36,37,38,39,40,41,42,43,44,45,46,47,48
0,326.52484,55.060043,-25.966341,55.289276,42.56569,-3.3633027,22.753551,-12.41947,-26.321,0.480609,-21.429771,0.6821027,-11.774219,-2.175102,-9.44784,-3.6534605,-2.6344779,1.9432929,-0.027240977,-1.5849525,4.8737993,-4.083124,-1.5513103,1.3878983,1.9503479,3.254076,2.34137,-3.0889697,-1.2491257,-2.7543275,1.0669113,4.646767,0.9143454,0.065508746,-0.87553674,0.84691197,0.86421037,1.1245301,1.1542866,0.29328805,0.77482766,0.7487534,0.1842708,-0.19641042,1.6173388e-07,6.287721e-07,-3.3483907e-08,-1.4209445e-07,-4.2940445e-07
1,55.060043,115.146065,-6.678501,30.365814,-40.020107,10.8414345,9.432014,6.7117834,0.056206748,-5.938574,-2.7392316,11.058897,3.2329135,-8.314938,0.020297298,4.584653,-3.401476,-6.968464,2.2906103,-4.525099,-0.24199656,5.3514423,-5.3090267,1.7674689,0.09531641,-7.6170745,0.7576555,-1.307934,0.9168709,4.8601813,5.3867826,0.2595116,2.0052245,1.2344583,2.2071795,2.756581,0.6787678,-1.2210352,0.8061609,0.3440413,0.13737926,0.41865647,0.43291858,-0.7386333,-8.664409e-07,-8.158459e-08,-2.0697883e-07,7.485066e-08,2.560497e-07
2,-25.966341,-6.678501,131.39442,26.719345,7.8213987,-13.128778,8.7522955,-0.59071946,-1.4378117,-16.727879,-6.8975334,4.796194,5.0029306,-1.1159929,-0.31377935,11.331369,-1.1220168,0.6079919,7.7339096,6.090335,-9.13216,2.5354524,0.7622547,-5.1806383,-0.09632294,3.702476,1.5189937,0.081498004,-2.0692868,-1.3874638,-0.58649445,-0.27689824,-1.2788873,0.3794972,3.9725163,-0.5393019,-1.4999774,-0.23230696,-0.35992107,-1.6285824,0.75711715,0.6807671,-0.4057432,0.0298431,-1.2323905e-08,-5.165547e-07,-6.2720204e-08,-2.3413195e-07,2.8271904e-07
3,55.289276,30.365814,26.719345,79.7107,-5.229561,20.82623,-14.13244,-10.208834,4.2218547,8.768171,-1.2494538,5.8194103,5.695238,5.684167,3.1111782,4.948916,-3.6217785,-6.594239,-3.1683748,0.38167605,-4.6526375,-0.15454371,7.754255,-1.5046685,1.8946491,2.5289369,-0.6012366,0.7139116,-0.44899184,-1.7881087,1.8564646,0.74896514,0.10109898,0.4818188,0.4691117,2.1099117,-1.5723963,-0.18544325,0.9483713,-0.6098615,-0.33326262,0.17475984,-0.07328382,-0.23825784,-1.3401522e-07,-6.6601734e-07,-1.3012938e-07,-1.0702745e-07,2.027983e-07
4,42.56569,-40.020107,7.8213987,-5.229561,85.05514,5.8415794,-4.243898,-4.5233274,2.3768735,-9.129097,7.4529448,1.781986,-6.000622,6.211595,7.8699408,4.3535213,1.0338354,8.149576,-0.45320034,-2.1285012,3.1065547,-4.2995234,-2.0848386,-1.7177141,3.4984264,2.924149,0.47028148,-4.0312366,1.9330698,0.6795254,0.6516363,-0.48186177,-0.025041621,2.0561495,-0.13034043,-1.1744239,0.14848915,-0.40363163,0.6170552,-0.84531677,0.32974026,-0.23874354,0.04598991,0.8214078,1.7525363e-07,2.5227752e-07,1.8919731e-07,-1.2007071e-08,2.2012225e-08
5,-3.3633027,10.8414345,-13.128778,20.82623,5.8415794,85.088875,0.13294429,6.45608,9.698128,-5.505311,-3.437294,-4.1238146,6.057393,2.9748697,8.188799,3.251016,-0.38873327,-0.030032381,4.226697,1.9671322,2.6983194,0.5469558,0.8191608,-0.47086155,-0.7709409,-2.7572343,1.7614576,-0.66610855,-0.19454375,-0.6006954,-2.0313354,1.5180851,-1.1351037,-1.7203369,-1.9572722,-0.08272147,0.28233448,-0.2547813,-0.32160607,-0.01315381,-0.702453,-0.32380867,-0.08567943,0.26745695,-6.0706327e-07,-2.5454264e-08,2.2992364e-08,1.02935566e-07,2.9250464e-07
6,22.753551,9.432014,8.7522955,-14.13244,-4.243898,0.13294429,29.178638,-8.383745,-12.2764,-9.724264,-2.900112,1.5040255,-0.9463513,2.8576674,-0.556624,-4.5403757,-2.740652,1.3427889,4.895501,2.5833488,-2.0177147,0.41589114,-1.6255817,-0.16713443,-2.8250337,-3.3163385,1.7877061,1.3998,0.8804723,2.371152,-2.158589,0.16148707,0.016109113,-0.46911678,-0.37232953,-0.80709696,0.20439461,-0.25483778,-0.69065225,0.25913483,-0.0995163,-0.06881745,0.013589345,0.05633522,-1.0784754e-07,1.6130674e-07,7.076706e-09,2.960262e-08,8.115967e-08
7,-12.41947,6.7117834,-0.59071946,-10.208834,-4.5233274,6.45608,-8.383745,27.390852,-4.284338,2.681319,3.2585502,4.241699,2.0946214,-4.272482,-1.0001922,0.48183283,5.6922073,-2.8666487,3.3495479,-2.2896929,3.4312828,-0.2525906,-2.9024675,-0.68215525,0.17159677,0.4852266,1.530391,-3.2136893,-2.7506032,-1.2340512,-0.15112282,1.6473624,-0.423967,-0.3968787,0.9082268,-0.2908692,0.24430305,-0.03230996,0.19150715,-0.575513,0.56361794,0.53511,-0.16506675,0.060306758,-2.964391e-07,1.1256074e-07,1.6561732e-08,-5.999924e-08,5.9364716e-08
8,-26.321,0.056206748,-1.4378117,4.2218547,2.3768735,9.698128,-12.2764,-4.284338,33.587242,-6.8011813,-3.2855701,2.1924248,0.4064897,-2.7006435,-4.755776,-1.4312093,-5.279172,0.5199032,-0.85382015,1.8647338,1.3261179,-1.3092375,-0.563277,3.3614044,-0.89163613,1.6792064,-0.58356345,-0.4361603,1.348369,-0.5763383,1.8233824,0.25073802,0.047557794,1.6276495,0.40205437,0.2804993,0.38066226,0.6781107,0.45989734,0.2908186,0.20875037,-0.0355547,0.062484894,0.08087778,1.3104426e-07,-1.8036599e-07,8.1636244e-08,2.6129175e-08,-2.8843061e-08
9,0.480609,-5.938574,-16.727879,8.768171,-9.129097,-5.505311,-9.724264,2.681319,-6.8011813,17.945076,-0.9751463,1.1888431,4.4458675,1.399551,0.80866086,0.6391219,3.4682555,0.823547,-2.3457108,-2.4948049,-1.4890312,-3.1694353,2.572801,0.82832325,0.43866473,-1.0856519,-0.5636686,0.9393817,-0.9550468,-1.5842035,0.76284564,-0.052730873,-0.65745604,0.56291795,-0.821814,-0.7286283,-0.86965895,0.38655174,0.045123037,-0.19363062,-0.22759125,0.17666718,-0.026682831,-0.118355684,-1.3044061e-07,2.8508473e-09,1.4882124e-08,-3.6968945e-08,5.845903e-09
10,-21.429771,-2.7392316,-6.8975334,-1.2494538,7.4529448,-3.437294,-2.900112,3.2585502,-3.2855701,-0.9751463,20.302492,2.1372538,-4.209097,5.88181,2.9657643,-2.410152,-3.6182532,-1.7323775,1.017108,-3.4778087,0.54947656,1.0786307,2.3871474,1.1315563,0.79068416,0.75850797,0.8253394,-0.66888237,-0.6388744,2.1350489,0.27022374,0.80103415,-0.42462236,-0.6574791,0.54573256,0.80124533,-0.48489624,-1.2097459,0.85549337,-0.34515107,-0.11766496,0.22359122,-0.047444224,-0.0841636,-2.53054e-07,-1.0239508e-07,2.042064e-08,5.3062784e-08,1.6548547e-07
11,0.6821027,11.058897,4.796194,5.8194103,1.781986,-4.1238146,1.5040255,4.241699,2.1924248,1.1888431,2.1372538,30.428474,-2.098881,-2.620867,1.5241575,0.80016255,0.63758016,-1.445017,-1.7255021,0.5840679,0.19225636,-2.7284608,0.09802355,1.6891348,-1.4766536,-0.50522697,0.9317399,0.5839366,1.0724561,0.033179358,-1.4045937,-0.13252696,0.22970024,0.32393548,-0.11007583,-0.36444885,-0.13578784,-0.7925198,-0.05485315,0.11666174,-0.17967242,-0.027609313,-0.31550092,0.43954325,2.8231347e-07,-2.628038e-07,1.3939388e-07,5.7254965e-08,8.543347e-08
12,-11.774219,3.2329135,5.0029306,5.695238,-6.000622,6.057393,-0.9463513,2.0946214,0.4064897,4.4458675,-4.209097,-2.098881,16.703362,2.726818,1.0651946,-2.7777543,1.7744509,0.43821117,1.0154488,-2.178082,-1.9932014,-3.0420237,-2.1518712,-1.8674643,1.4548464,0.3314668,1.7088876,1.5956959,1.7084394,0.6192744,0.16859503,0.07079707,0.95942223,0.47290707,0.5431094,0.026526093,-0.43860775,0.5394565,0.082054354,0.34504506,0.32808268,0.7326791,-0.33877993,0.14869654,-1.2613623e-07,-7.751335e-08,9.793882e-09,-1.0879056e-08,3.891268e-08
13,-2.175102,-8.314938,-1.1159929,5.684167,6.211595,2.9748697,2.8576674,-4.272482,-2.7006435,1.399551,5.88181,-2.620867,2.726818,16.866018,2.697088,-2.9629269,1.3646113,-2.5182557,-2.1238225,2.9196587,-4.1303577,-0.7738317,-0.597918,2.210662,-1.6426322,-0.043542534,0.70306087,-1.5223323,-0.014032893,0.21625562,0.11455417,0.27019483,0.27771652,0.17327818,0.056504868,-0.19466612,0.30134118,-0.13392371,0.28102195,0.037804343,0.21673875,0.44261077,-0.06891298,-0.08520988,-1.2102925e-07,-2.8782267e-08,-5.806693e-08,1.9606304e-08,5.060171e-08
14,-9.44784,0.020297298,-0.31377935,3.1111782,7.8699408,8.188799,-0.556624,-1.0001922,-4.755776,0.80866086,2.9657643,1.5241575,1.0651946,2.697088,7.26992,3.3073528,0.25428241,0.82526934,-2.5671551,-0.8940283,0.18481904,0.50978756,-0.81825817,-0.9865037,0.39863718,-1.2413149,1.1183646,0.3718996,-0.08108938,0.3407423,-0.3174963,-1.8986331,0.6358472,-0.114888206,-0.10505068,0.2741055,-0.22603475,-0.3030421,0.002479354,-0.32521605,-0.17188117,-0.26355904,0.108152255,-0.051716268,-2.3770929e-07,1.0490221e-08,-5.0949648e-08,4.3525056e-08,9.96637e-08
15,-3.6534605,4.584653,11.331369,4.948916,4.3535213,3.251016,-4.5403757,0.48183283,-1.4312093,0.6391219,-2.410152,0.80016255,-2.7777543,-2.9629269,3.3073528,10.345615,2.7913477,3.3732953,-1.6160793,-0.16662242,-1.1718953,1.2848957,-0.49243486,1.2609415,1.0818121,-1.2880912,-1.5914555,-0.15757461,-0.13748977,-0.1938818,0.6477399,-0.69588447,-0.67949224,-0.95635605,0.6260774,0.15315354,0.3966686,-0.15592939,-0.003007777,-0.22589427,-0.173391,0.04743529,0.06132157,-0.16305776,-2.5183338e-08,3.238469e-08,-3.4733937e-08,6.79738e-08,-2.00481e-08
16,-2.6344779,-3.401476,-1.1220168,-3.6217785,1.0338354,-0.38873327,-2.740652,5.6922073,-5.279172,3.4682555,-3.6182532,0.63758016,1.7744509,1.3646113,0.25428241,2.7913477,9.7270565,-0.66118634,1.0452464,1.829128,-1.3140957,-0.22085899,-1.8809277,0.89452595,0.90737504,0.48680207,-2.340764,-1.605226,0.77310795,-0.14232445,-0.7347142,0.45425636,0.71824086,0.23616514,-0.48397678,0.36518925,-0.098661765,-0.039843824,-0.22372799,0.1206141,-0.24162109,-0.21609715,-0.06699879,0.07536234,-6.896626e-08,-2.4573225e-08,3.0422957e-09,-2.1971255e-08,-8.297409e-09
17,1.9432929,-6.968464,0.6079919,-6.594239,8.149576,-0.030032381,1.3427889,-2.8666487,0.5199032,0.823547,-1.7323775,-1.445017,0.43821117,-2.5182557,0.82526934,3.3732953,-0.66118634,7.164034,1.3006163,-1.5525506,-0.16513625,-0.8150592,-0.9019073,2.6913142,0.8797927,-0.716205,0.5739986,1.6134002,-0.009937736,0.012828968,0.033733346,-0.16146404,-0.4388795,-0.28113785,-0.16525984,-0.48324937,-0.5969589,0.16031379,0.122951865,0.03969329,0.011623897,0.26593265,-0.07183118,-0.034802224,-1.9155183e-07,1.5196058e-07,8.439279e-08,6.3842975e-08,-2.7668405e-09
18,-0.027240977,2.2906103,7.7339096,-3.1683748,-0.45320034,4.226697,4.895501,3.3495479,-0.85382015,-2.3457108,1.017108,-1.7255021,1.0154488,-2.1238225,-2.5671551,-1.6160793,1.0452464,1.3006163,7.6183124,-0.4729033,-0.42671144,-0.6008658,0.4649884,0.7247378,0.21483931,-0.13854247,-0.22581738,-0.34148997,-0.1403848,1.1192557,-0.4117214,1.5443165,-0.4379214,0.8441796,-0.1950635,0.08338247,-1.1559612,-0.14841174,0.06078151,-0.35168344,-0.2877048,-0.1529417,0.019937634,-0.026738502,-4.7972856e-07,-3.3416455e-08,6.772785e-08,-6.917823e-08,1.9276493e-07
19,-1.5849525,-4.525099,6.090335,0.38167605,-2.1285012,1.9671322,2.5833488,-2.2896929,1.8647338,-2.4948049,-3.4778087,0.5840679,-2.178082,2.9196587,-0.8940283,-0.16662242,1.829128,-1.5525506,-0.4729033,4.212606,-1.2281146,1.2512676,-0.25256467,0.98019093,-1.4057283,0.39355317,-0.6145644,-0.63541913,-0.26532218,-0.9643808,-0.79543364,-0.05561267,0.34938467,0.064253084,-0.49810737,-0.112558514,0.07982467,0.058538437,-0.31110954,0.12620457,0.037423685,-0.22495994,-0.007920556,0.057138152,1.13318976e-07,-5.732837e-08,-1.3385741e-08,-1.6007089e-08,-2.2758844e-08
20,4.8737993,-0.24199656,-9.13216,-4.6526375,3.1065547,2.6983194,-2.0177147,3.4312828,1.3261179,-1.4890312,0.54947656,0.19225636,-1.9932014,-4.1303577,0.18481904,-1.1718953,-1.3140957,-0.16513625,-0.42671144,-1.2281146,3.4453104,0.21465391,-0.25317985,-0.952618,0.28225458,0.4734205,0.65598416,-0.16760218,-0.44773737,-0.2716385,-0.5380843,-0.34445095,0.42152992,-0.20304567,-0.14859715,0.29280096,0.075746745,0.27082968,0.06516974,-0.17323342,0.1551167,-0.21871215,0.09263395,0.08113111,2.7879496e-08,6.847638e-08,6.0619403e-09,1.525238e-10,-3.6194393e-08
21,-4.083124,5.3514423,2.5354524,-0.15454371,-4.2995234,0.5469558,0.41589114,-0.2525906,-1.3092375,-3.1694353,1.0786307,-2.7284608,-3.0420237,-0.7738317,0.50978756,1.2848957,-0.22085899,-0.8150592,-0.6008658,1.2512676,0.21465391,5.387261,0.0057655536,0.258582,0.82186985,-0.2257775,-0.1784983,-0.010092808,-0.86743426,-0.3182311,0.6773944,-0.1742693,0.8995659,-0.39897436,-0.57185173,0.15844852,-0.4489736,-0.73874676,-0.090838686,0.41515487,0.44249344,0.052555613,-0.114719585,0.1767077,1.4498141e-07,-1.690968e-08,5.954719e-09,2.5771202e-08,-2.8064495e-08
22,-1.5513103,-5.3090267,0.7622547,7.754255,-2.0848386,0.8191608,-1.6255817,-2.9024675,-0.563277,2.572801,2.3871474,0.09802355,-2.1518712,-0.597918,-0.81825817,-0.49243486,-1.8809277,-0.9019073,0.4649884,-0.25256467,-0.25317985,0.0057655536,4.8008842,-0.7309787,0.08944957,-0.45241868,-1.3954817,0.43905923,-0.12119155,0.10822199,-0.36970496,0.5323967,-0.6108825,-0.38418815,-0.33846492,-0.12594621,-0.4159135,0.2869863,0.01047067,-0.38789093,0.12480679,-0.070460334,0.019013833,0.24640024,2.6537603e-07,-1.2513533e-07,2.7883038e-08,-1.847917e-08,6.6398433e-09
23,1.3878983,1.7674689,-5.1806383,-1.5046685,-1.7177141,-0.47086155,-0.16713443,-0.68215525,3.3614044,0.82832325,1.1315563,1.6891348,-1.8674643,2.210662,-0.9865037,1.2609415,0.89452595,2.6913142,0.7247378,0.98019093,-0.952618,0.258582,-0.7309787,5.4483757,-0.54382885,-0.3621552,-0.1878185,0.13062415,-0.4856225,-0.049767815,-0.1674803,0.5572948,0.2259049,-0.30849183,-0.13582094,0.37026986,-0.49527866,0.17967981,0.4027479,0.04452898,0.14748284,0.27208555,-0.029012974,-0.15055966,-2.46765e-07,2.16299e-08,4.1748923e-08,6.576868e-08,1.2307618e-08
24,1.9503479,0.09531641,-0.09632294,1.8946491,3.4984264,-0.7709409,-2.8250337,0.17159677,-0.89163613,0.43866473,0.79068416,-1.4766536,1.4548464,-1.6426322,0.39863718,1.0818121,0.90737504,0.8797927,0.21483931,-1.4057283,0.28225458,0.82186985,0.08944957,-0.54382885,1.901315,0.8168117,-0.479456,0.34204972,0.60382855,0.34504455,0.40199885,0.23667106,0.36526304,-0.16058633,-0.07426083,0.32313958,-0.29608658,-0.29038808,0.12969294,0.24531567,0.052500695,0.12280795,-0.13255459,0.12851715,7.90553e-08,-2.6297654e-08,2.9818928e-08,1.3098889e-08,-2.4276027e-08
25,3.254076,-7.6170745,3.702476,2.5289369,2.924149,-2.7572343,-3.3163385,0.4852266,1.6792064,-1.0856519,0.75850797,-0.50522697,0.3314668,-0.043542534,-1.2413149,-1.2880912,0.48680207,-0.716205,-0.13854247,0.39355317,0.4734205,-0.2257775,-0.45241868,-0.3621552,0.8168117,3.517257,0.38934085,0.25357914,0.026194088,-0.84939694,-0.67863536,0.4605612,0.13410348,-0.32548952,0.067148015,0.61092114,-0.09850413,-0.27366155,0.1391487,0.31385356,-0.3075043,-0.031744115,-0.16486791,-0.117813125,1.5304753e-08,-7.793443e-08,1.7535166e-09,-2.2250015e-08,-3.8845045e-08
26,2.34137,0.7576555,1.5189937,-0.6012366,0.47028148,1.7614576,1.7877061,1.530391,-0.58356345,-0.5636686,0.8253394,0.9317399,1.7088876,0.70306087,1.1183646,-1.5914555,-2.340764,0.5739986,-0.22581738,-0.6145644,0.65598416,-0.1784983,-1.3954817,-0.1878185,-0.479456,0.38934085,2.5003679,0.6275871,-0.9689355,-0.63544893,-0.06604145,-0.3855573,0.08718609,0.08306584,0.09640299,-0.23997566,-0.23811507,-0.17304003,0.06768863,0.03008917,0.065866634,0.16982925,-0.06597908,-0.12127219,-2.0525609e-07,5.6340753e-08,-2.233316e-09,-3.531099e-09,4.268546e-08
27,-3.0889697,-1.307934,0.081498004,0.7139116,-4.0312366,-0.66610855,1.3998,-3.2136893,-0.4361603,0.9393817,-0.66888237,0.5839366,1.5956959,-1.5223323,0.3718996,-0.15757461,-1.605226,1.6134002,-0.34148997,-0.63541913,-0.16760218,-0.010092808,0.43905923,0.13062415,0.34204972,0.25357914,0.6275871,1.8935742,0.24860972,-0.057768654,-0.5014343,-0.30347672,0.038586013,-0.50746644,-0.20392102,0.074599884,-0.34529492,-0.06762792,-0.04863067,0.26494148,-0.1487476,0.06126751,-0.11280678,-0.031226095,1.3322522e-08,-2.5474176e-08,1.9218259e-08,3.2261447e-08,-1.1139742e-08
28,-1.2491257,0.9168709,-2.0692868,-0.44899184,1.9330698,-0.19454375,0.8804723,-2.7506032,1.348369,-0.9550468,-0.6388744,1.0724561,1.7084394,-0.014032893,-0.08108938,-0.13748977,0.77310795,-0.009937736,-0.1403848,-0.26532218,-0.44773737,-0.86743426,-0.12119155,-0.4856225,0.60382855,0.026194088,-0.9689355,0.24860972,1.7381592,1.0504532,-0.075164974,0.11690551,0.16734602,-0.034316443,0.05385431,0.2095722,0.37536192,-0.03378592,-0.04627687,0.2886618,-0.15939772,-0.02705956,-0.0501767,0.12329087,1.7014145e-07,-4.5252797e-08,1.4896906e-08,2.814473e-08,-3.202218e-08
29,-2.7543275,4.8601813,-1.3874638,-1.7881087,0.6795254,-0.6006954,2.371152,-1.2340512,-0.5763383,-1.5842035,2.1350489,0.033179358,0.6192744,0.21625562,0.3407423,-0.1938818,-0.14232445,0.012828968,1.1192557,-0.9643808,-0.2716385,-0.3182311,0.10822199,-0.049767815,0.34504455,-0.84939694,-0.63544893,-0.057768654,1.0504532,1.5938766,0.053535357,0.1032294,0.15314852,0.008278689,0.30409688,0.36084622,0.11020192,0.00548421,0.10964575,-0.072226524,-0.03173857,-0.011412785,0.05954069,0.03334979,-2.7250529e-08,-1.8232537e-08,-1.7773664e-09,2.2369148e-08,3.284572e-08
30,1.0669113,5.3867826,-0.58649445,1.8564646,0.6516363,-2.0313354,-2.158589,-0.15112282,1.8233824,0.76284564,0.27022374,-1.4045937,0.16859503,0.11455417,-0.3174963,0.6477399,-0.7347142,0.033733346,-0.4117214,-0.79543364,-0.5380843,0.6773944,-0.36970496,-0.1674803,0.40199885,-0.67863536,-0.06604145,-0.5014343,-0.075164974,0.053535357,1.8735756,0.07558162,-0.25901282,0.7895589,0.080591045,-0.4402412,0.074247316,-0.40372357,0.05437214,0.17732635,0.071884386,0.14967543,0.009467393,-0.02035907,-6.6436643e-09,3.2613286e-08,5.758321e-09,-1.0972032e-08,8.443982e-09
31,4.646767,0.2595116,-0.27689824,0.74896514,-0.48186177,1.5180851,0.16148707,1.6473624,0.25073802,-0.052730873,0.80103415,-0.13252696,0.07079707,0.27019483,-1.8986331,-0.69588447,0.45425636,-0.16146404,1.5443165,-0.05561267,-0.34445095,-0.1742693,0.5323967,0.5572948,0.23667106,0.4605612,-0.3855573,-0.30347672,0.11690551,0.1032294,0.07558162,1.2272729,-0.48999718,-0.2949864,-0.015570378,-0.13357863,0.08892408,-0.17127566,0.0707403,0.19024602,0.0028918479,0.23911643,-0.13296941,0.06643309,6.1768745e-08,-1.2008174e-08,3.5811382e-08,2.0576336e-09,-1.170868e-08
32,0.9143454,2.0052245,-1.2788873,0.10109898,-0.025041621,-1.1351037,0.016109113,-0.423967,0.047557794,-0.65745604,-0.42462236,0.22970024,0.95942223,0.27771652,0.6358472,-0.67949224,0.71824086,-0.4388795,-0.4379214,0.34938467,0.42152992,0.8995659,-0.6108825,0.2259049,0.36526304,0.13410348,0.08718609,0.038586013,0.16734602,0.15314852,-0.25901282,-0.48999718,1.1584716,0.22060621,-0.1616481,0.48182935,-0.3945998,0.17972535,0.07753985,-0.015432738,0.29283392,-0.061295323,0.008271346,0.105570704,-4.3129047e-09,-3.019573e-08,-3.1051832e-09,1.1984627e-09,-3.6060137e-09
33,0.065508746,1.2344583,0.3794972,0.4818188,2.0561495,-1.7203369,-0.46911678,-0.3968787,1.6276495,0.56291795,-0.6574791,0.32393548,0.47290707,0.17327818,-0.114888206,-0.95635605,0.23616514,-0.28113785,0.8441796,0.064253084,-0.20304567,-0.39897436,-0.38418815,-0.30849183,-0.16058633,-0.32548952,0.08306584,-0.50746644,-0.034316443,0.008278689,0.7895589,-0.2949864,0.22060621,1.4259446,-0.26315415,-0.21542794,-0.46283996,-0.117390916,-0.033419862,-0.13130912,-0.10205138,-0.25042075,0.10943188,-0.015460184,-1.7465413e-07,-1.2524918e-08,1.06821485e-08,-5.383655e-08,7.7622055e-08
34,-0.87553674,2.2071795,3.9725163,0.4691117,-0.13034043,-1.9572722,-0.37232953,0.9082268,0.40205437,-0.821814,0.54573256,-0.11007583,0.5431094,0.056504868,-0.10505068,0.6260774,-0.48397678,-0.16525984,-0.1950635,-0.49810737,-0.14859715,-0.57185173,-0.33846492,-0.13582094,-0.07426083,0.067148015,0.09640299,-0.20392102,0.05385431,0.30409688,0.080591045,-0.015570378,-0.1616481,-0.26315415,0.71207374,0.19195372,0.35458463,0.2261533,0.13361865,-0.17394988,0.09701681,0.15859035,0.03213034,-0.089116305,7.856474e-11,3.8721932e-09,-2.9806692e-08,5.360705e-09,-1.320192e-08
35,0.84691197,2.756581,-0.5393019,2.1099117,-1.1744239,-0.08272147,-0.80709696,-0.2908692,0.2804993,-0.7286283,0.80124533,-0.36444885,0.026526093,-0.19466612,0.2741055,0.15315354,0.36518925,-0.48324937,0.08338247,-0.112558514,0.29280096,0.15844852,-0.12594621,0.37026986,0.32313958,0.61092114,-0.23997566,0.074599884,0.2095722,0.36084622,-0.4402412,-0.13357863,0.48182935,-0.21542794,0.19195372,0.79856735,-0.124417946,0.13613278,0.17357162,-0.09698869,-0.08421106,-0.11410941,0.056717843,-0.106449954,-9.8263406e-08,-4.767358e-08,-2.841781e-08,6.060393e-09,1.1064351e-08
36,0.86421037,0.6787678,-1.4999774,-1.5723963,0.14848915,0.28233448,0.20439461,0.24430305,0.38066226,-0.86965895,-0.48489624,-0.13578784,-0.43860775,0.30134118,-0.22603475,0.3966686,-0.098661765,-0.5969589,-1.1559612,0.07982467,0.075746745,-0.4489736,-0.4159135,-0.49527866,-0.29608658,-0.09850413,-0.23811507,-0.34529492,0.37536192,0.11020192,0.074247316,0.08892408,-0.3945998,-0.46283996,0.35458463,-0.124417946,0.83510685,0.052432626,-0.06699651,0.12313464,-0.030751538,0.09354514,0.00318413,-0.025850182,1.5665913e-07,3.9646896e-08,-2.4795344e-08,2.2130008e-08,-6.355532e-08
37,1.1245301,-1.2210352,-0.23230696,-0.18544325,-0.40363163,-0.2547813,-0.25483778,-0.03230996,0.6781107,0.38655174,-1.2097459,-0.7925198,0.5394565,-0.13392371,-0.3030421,-0.15592939,-0.039843824,0.16031379,-0.14841174,0.058538437,0.27082968,-0.73874676,0.2869863,0.17967981,-0.29038808,-0.27366155,-0.17304003,-0.06762792,-0.03378592,0.00548421,-0.40372357,-0.17127566,0.17972535,-0.117390916,0.2261533,0.13613278,0.052432626,0.63555133,0.06128307,-0.29648024,0.24059564,0.027501822,0.080090955,0.025567345,2.7934115e-08,1.21865416e-08,-1.4817802e-08,-3.6472383e-09,-2.4618386e-08
38,1.1542866,0.8061609,-0.35992107,0.9483713,0.6170552,-0.32160607,-0.69065225,0.19150715,0.45989734,0.045123037,0.85549337,-0.05485315,0.082054354,0.28102195,0.002479354,-0.003007777,-0.22372799,0.122951865,0.06078151,-0.31110954,0.06516974,-0.090838686,0.01047067,0.4027479,0.12969294,0.1391487,0.06768863,-0.04863067,-0.04627687,0.10964575,0.05437214,0.0707403,0.07753985,-0.033419862,0.13361865,0.17357162,-0.06699651,0.06128307,0.13272355,-0.062384523,0.057316028,0.06200032,0.0061117713,-0.022135014,-3.7308553e-08,-5.3542593e-09,-9.502841e-10,4.2254626e-09,4.6335726e-09
39,0.29328805,0.3440413,-1.6285824,-0.6098615,-0.84531677,-0.01315381,0.25913483,-0.575513,0.2908186,-0.19363062,-0.34515107,0.11666174,0.34504506,0.037804343,-0.32521605,-0.22589427,0.1206141,0.03969329,-0.35168344,0.12620457,-0.17323342,0.41515487,-0.38789093,0.04452898,0.24531567,0.31385356,0.03008917,0.26494148,0.2886618,-0.072226524,0.17732635,0.19024602,-0.015432738,-0.13130912,-0.17394988,-0.09698869,0.12313464,-0.29648024,-0.062384523,0.35737473,-0.07876104,0.073776215,-0.099343136,0.022549193,7.4064516e-08,1.6733768e-09,1.4206922e-08,1.6286105e-08,-2.7781702e-08
40,0.77482766,0.13737926,0.75711715,-0.33326262,0.32974026,-0.702453,-0.0995163,0.56361794,0.20875037,-0.22759125,-0.11766496,-0.17967242,0.32808268,0.21673875,-0.17188117,-0.173391,-0.24162109,0.011623897,-0.2877048,0.037423685,0.1551167,0.44249344,0.12480679,0.14748284,0.052500695,-0.3075043,0.065866634,-0.1487476,-0.15939772,-0.03173857,0.071884386,0.0028918479,0.29283392,-0.10205138,0.09701681,-0.08421106,-0.030751538,0.24059564,0.057316028,-0.07876104,0.4073641,0.18248194,-0.02843085,0.1393747,1.0659396e-07,1.0958985e-08,8.772716e-09,5.76701e-09,-2.9459724e-08
41,0.7487534,0.41865647,0.6807671,0.17475984,-0.23874354,-0.32380867,-0.06881745,0.53511,-0.0355547,0.17666718,0.22359122,-0.027609313,0.7326791,0.44261077,-0.26355904,0.04743529,-0.21609715,0.26593265,-0.1529417,-0.22495994,-0.21871215,0.052555613,-0.070460334,0.27208555,0.12280795,-0.031744115,0.16982925,0.06126751,-0.02705956,-0.011412785,0.14967543,0.23911643,-0.061295323,-0.25042075,0.15859035,-0.11410941,0.09354514,0.027501822,0.06200032,0.073776215,0.18248194,0.23534779,-0.07470275,0.047808353,6.488749e-08,1.1779257e-08,9.1596695e-09,1.4142413e-08,-2.4470745e-08
42,0.1842708,0.43291858,-0.4057432,-0.07328382,0.04598991,-0.08567943,0.013589345,-0.16506675,0.062484894,-0.026682831,-0.047444224,-0.31550092,-0.33877993,-0.06891298,0.108152255,0.06132157,-0.06699879,-0.07183118,0.019937634,-0.007920556,0.09263395,-0.114719585,0.019013833,-0.029012974,-0.13255459,-0.16486791,-0.06597908,-0.11280678,-0.0501767,0.05954069,0.009467393,-0.13296941,0.008271346,0.10943188,0.03213034,0.056717843,0.00318413,0.080090955,0.0061117713,-0.099343136,-0.02843085,-0.07470275,0.058885083,-0.035988428,-3.9042686e-08,5.7272276e-09,-1.0344424e-08,-5.76234e-09,9.299784e-09
43,-0.19641042,-0.7386333,0.0298431,-0.23825784,0.8214078,0.26745695,0.05633522,0.060306758,0.08087778,-0.118355684,-0.0841636,0.43954325,0.14869654,-0.08520988,-0.051716268,-0.16305776,0.07536234,-0.034802224,-0.026738502,0.057138152,0.08113111,0.1767077,0.24640024,-0.15055966,0.12851715,-0.117813125,-0.12127219,-0.031226095,0.12329087,0.03334979,-0.02035907,0.06643309,0.105570704,-0.015460184,-0.089116305,-0.106449954,-0.025850182,0.025567345,-0.022135014,0.022549193,0.1393747,0.047808353,-0.035988428,0.122922994,9.102854e-08,-6.7702737e-09,1.613212e-08,2.657642e-09,-1.2819838e-08
44,1.6173388e-07,-8.664409e-07,-1.2323905e-08,-1.3401522e-07,1.7525363e-07,-6.0706327e-07,-1.0784754e-07,-2.964391e-07,1.3104426e-07,-1.3044061e-07,-2.53054e-07,2.8231347e-07,-1.2613623e-07,-1.2102925e-07,-2.3770929e-07,-2.5183338e-08,-6.896626e-08,-1.9155183e-07,-4.7972856e-07,1.13318976e-07,2.7879496e-08,1.4498141e-07,2.6537603e-07,-2.46765e-07,7.90553e-08,1.5304753e-08,-2.0525609e-07,1.3322522e-08,1.7014145e-07,-2.7250529e-08,-6.6436643e-09,6.1768745e-08,-4.3129047e-09,-1.7465413e-07,7.856474e-11,-9.8263406e-08,1.5665913e-07,2.7934115e-08,-3.7308553e-08,7.4064516e-08,1.0659396e-07,6.488749e-08,-3.9042686e-08,9.102854e-08,1.3652698e-13,-3.968589e-15,6.767983e-15,7.492318e-15,-3.44522e-14
45,6.287721e-07,-8.158459e-08,-5.165547e-07,-6.6601734e-07,2.5227752e-07,-2.5454264e-08,1.6130674e-07,1.1256074e-07,-1.8036599e-07,2.8508473e-09,-1.0239508e-07,-2.628038e-07,-7.751335e-08,-2.8782267e-08,1.0490221e-08,3.238469e-08,-2.4573225e-08,1.5196058e-07,-3.3416455e-08,-5.732837e-08,6.847638e-08,-1.690968e-08,-1.2513533e-07,2.16299e-08,-2.6297654e-08,-7.793443e-08,5.6340753e-08,-2.5474176e-08,-4.5252797e-08,-1.8232537e-08,3.2613286e-08,-1.2008174e-08,-3.019573e-08,-1.2524918e-08,3.8721932e-09,-4.767358e-08,3.9646896e-08,1.21865416e-08,-5.3542593e-09,1.6733768e-09,1.0958985e-08,1.1779257e-08,5.7272276e-09,-6.7702737e-09,-3.968589e-15,1.6758325e-14,-5.8728193e-16,1.4641113e-15,-4.3816443e-15
46,-3.3483907e-08,-2.0697883e-07,-6.2720204e-08,-1.3012938e-07,1.8919731e-07,2.2992364e-08,7.076706e-09,1.6561732e-08,8.1636244e-08,1.4882124e-08,2.042064e-08,1.3939388e-07,9.793882e-09,-5.806693e-08,-5.0949648e-08,-3.4733937e-08,3.0422957e-09,8.439279e-08,6.772785e-08,-1.3385741e-08,6.0619403e-09,5.954719e-09,2.7883038e-08,4.1748923e-08,2.9818928e-08,1.7535166e-09,-2.233316e-09,1.9218259e-08,1.4896906e-08,-1.7773664e-09,5.758321e-09,3.5811382e-08,-3.1051832e-09,1.06821485e-08,-2.9806692e-08,-2.841781e-08,-2.4795344e-08,-1.4817802e-08,-9.502841e-10,1.4206922e-08,8.772716e-09,9.1596695e-09,-1.0344424e-08,1.613212e-08,6.767983e-15,-5.8728193e-16,5.379662e-15,6.9275415e-16,8.8566865e-18
47,-1.4209445e-07,7.485066e-08,-2.3413195e-07,-1.0702745e-07,-1.2007071e-08,1.02935566e-07,2.960262e-08,-5.999924e-08,2.6129175e-08,-3.6968945e-08,5.3062784e-08,5.7254965e-08,-1.0879056e-08,1.9606304e-08,4.3525056e-08,6.79738e-08,-2.1971255e-08,6.3842975e-08,-6.917823e-08,-1.6007089e-08,1.525238e-10,2.5771202e-08,-1.847917e-08,6.576868e-08,1.3098889e-08,-2.2250015e-08,-3.531099e-09,3.2261447e-08,2.814473e-08,2.2369148e-08,-1.0972032e-08,2.0576336e-09,1.1984627e-09,-5.383655e-08,5.360705e-09,6.060393e-09,2.2130008e-08,-3.6472383e-09,4.2254626e-09,1.6286105e-08,5.76701e-09,1.4142413e-08,-5.76234e-09,2.657642e-09,7.492318e-15,1.4641113e-15,6.9275415e-16,4.421599e-15,-3.3618691e-15
48,-4.2940445e-07,2.560497e-07,2.8271904e-07,2.027983e-07,2.2012225e-08,2.9250464e-07,8.115967e-08,5.9364716e-08,-2.8843061e-08,5.845903e-09,1.6548547e-07,8.543347e-08,3.891268e-08,5.060171e-08,9.96637e-08,-2.00481e-08,-8.297409e-09,-2.7668405e-09,1.9276493e-07,-2.2758844e-08,-3.6194393e-08,-2.8064495e-08,6.6398433e-09,1.2307618e-08,-2.4276027e-08,-3.8845045e-08,4.268546e-08,-1.1139742e-08,-3.202218e-08,3.284572e-08,8.443982e-09,-1.170868e-08,-3.6060137e-09,7.7622055e-08,-1.320192e-08,1.1064351e-08,-6.355532e-08,-2.4618386e-08,4.6335726e-09,-2.7781702e-08,-2.9459724e-08,-2.4470745e-08,9.299784e-09,-1.2819838e-08,-3.44522e-14,-4.3816443e-15,8.8566865e-18,-3.3618691e-15,1.39943124e-14
