,0,1,2,3,4,5,6,7,8,9,10,11,12,13,14,15,16,17,18,19,20,21,22,23,24,25,26,27,28,29,30,31,32,33,34,35,36,37,38,39,40,41,42,43,44,45,46,47,48
0,118.30038,-44.874046,20.96683,-44.912754,-34.844383,2.6215105,-18.439777,10.244695,21.35765,-0.53865635,17.48225,-0.48308563,9.715941,1.7393993,7.681736,2.9791281,2.0838475,-1.5514381,0.021552784,1.3253822,-4.0101147,3.3530464,1.2203772,-1.176353,-1.606586,-2.6704907,-1.9564248,2.5135832,1.0300062,2.1471705,-0.8976675,-3.8439803,-0.8052683,-0.079515025,0.67381644,-0.72150266,-0.7593781,-0.92924786,-0.8137384,-0.20234278,-0.72312367,-0.54136145,-0.029064527,0.23134091,-6.35339e-08,-3.648563e-08,1.7124393e-08,-1.1967025e-08,6.992738e-08
1,-44.874046,165.43343,5.661716,-25.079996,32.938824,-8.4604025,-7.827318,-5.670082,0.06810199,5.1817684,2.2197652,-8.837956,-2.7990632,6.734694,0.023444762,-3.7807975,2.865445,5.660535,-1.8499773,3.6093023,0.2631689,-4.365182,4.50413,-1.4223177,-0.022212781,6.1917925,-0.5612844,1.1312729,-0.7386333,-3.808318,-4.3426085,-0.09293921,-1.5409174,-0.957942,-1.803025,-2.2624593,-0.48194587,0.9775915,-0.8785019,-0.32004282,0.05690485,-0.4414814,-0.5628315,0.5032493,1.7987577e-07,-1.420625e-07,3.557129e-08,-1.0862064e-07,1.709554e-08
2,20.96683,5.661716,70.35036,-21.467262,-6.6856804,10.379145,-6.9768906,0.68757015,1.0427866,13.321135,5.6400437,-3.9792218,-3.896362,0.9143485,0.21955039,-9.20174,0.81483686,-0.46490133,-6.3128324,-4.8921623,7.373888,-2.0484324,-0.7624773,4.1816583,0.03163743,-3.0199018,-1.3030968,-0.11214385,1.6883473,0.9735216,0.43048495,0.11389273,0.94377357,-0.35584766,-3.2567658,0.4318074,1.1432297,0.19397515,0.51342183,1.3743231,-0.78209656,-0.44856924,0.539577,0.0857634,1.1328438e-07,-1.946777e-07,2.2510552e-08,-1.5774316e-07,-1.1946173e-07
3,-44.912754,-25.079996,-21.467262,88.79018,4.662116,-16.543411,11.326691,8.063299,-3.2858176,-6.738189,0.9971523,-4.6000733,-4.859066,-4.6564283,-2.4882758,-4.079053,3.0740597,5.341237,2.598627,-0.40330505,3.8752193,0.110361986,-6.122035,1.2650394,-1.4805069,-2.065517,0.56714606,-0.51424277,0.3683136,1.651707,-1.4534576,-0.4662239,0.03867776,-0.3333369,-0.36973217,-1.7217803,1.3764602,0.13871023,-1.0501809,0.4413665,0.48103893,-0.2727977,-0.20343225,0.06119088,1.5080386e-07,-1.3639615e-08,-1.36917695e-08,2.8525898e-07,1.1988072e-07
4,-34.844383,32.938824,-6.6856804,4.662116,55.156197,-5.188568,3.6502118,3.946164,-2.0947685,7.030709,-6.0506477,-1.5857096,5.112118,-5.040707,-6.460177,-3.501601,-0.96700954,-6.6070395,0.3531167,1.8268355,-2.6165476,3.5205169,1.5030117,1.3581601,-2.913988,-2.3790956,-0.46268398,3.2182539,-1.5766711,-0.7516756,-0.59099746,0.2474493,-0.10275146,-1.7352825,0.09103924,0.9572561,-0.21831743,0.3400409,-0.22152737,0.74589545,-0.48072463,0.32739156,0.2292887,-0.53357697,-8.6614946e-08,1.3613747e-07,3.1226176e-07,-1.2644693e-07,-9.39256e-08
5,2.6215105,-8.4604025,10.379145,-16.543411,-5.188568,22.013151,0.08993189,-4.988101,-8.065065,4.0496597,2.8220108,3.195627,-4.705592,-2.393264,-6.72381,-2.5979197,0.18790871,0.056193616,-3.4624162,-1.503498,-2.2874484,-0.43091077,-0.8805307,0.34529337,0.5601342,2.2538805,-1.5165331,0.4674492,0.15444471,0.28346914,1.5924072,-1.3907661,0.7970215,1.3383492,1.5854394,0.07330921,-0.33039042,0.22298154,0.5568823,0.06881145,0.34921372,0.40161368,0.3495767,-0.078193575,-4.586937e-08,9.328882e-08,8.2434193e-10,-2.527243e-07,-5.8024945e-08
6,-18.439777,-7.827318,-6.9768906,11.326691,3.6502118,0.08993189,49.66701,6.705865,10.081072,8.117292,2.3510675,-1.1754649,0.66126084,-2.3346124,0.47582448,3.6795044,2.294188,-1.1120389,-3.9816318,-2.1490064,1.6850855,-0.3492025,1.4142033,0.1589806,2.3312373,2.702726,-1.4171183,-1.1113958,-0.71802056,-1.8358002,1.7879317,-0.062268123,0.046558905,0.4111288,0.31411338,0.66090035,-0.11831997,0.20421566,0.42716396,-0.23990235,0.18291786,-0.008950299,-0.13985497,-0.112032056,-1.0350375e-08,-1.0030753e-08,-1.8567778e-07,9.139703e-09,-8.454753e-08
7,10.244695,-5.670082,0.68757015,8.063299,3.946164,-4.988101,6.705865,26.45902,3.594898,-1.9236114,-2.6700945,-3.3804116,-1.852941,3.4715977,0.8456688,-0.42072678,-4.5569344,2.3129692,-2.7191138,1.8060465,-2.7408278,0.1933702,2.487475,0.58512175,-0.1000075,-0.3953774,-1.1946404,2.6600955,2.2410488,1.1340687,0.16208053,-1.248992,0.42569715,0.36224246,-0.72810096,0.23935413,-0.13514724,0.020057209,-0.33778512,0.4311117,-0.322311,-0.5225674,-0.03802766,-0.13830376,-2.5552161e-08,-7.127214e-08,1.4844356e-07,-2.5948938e-07,-8.936851e-08
8,21.35765,0.06810199,1.0427866,-3.2858176,-2.0947685,-8.065065,10.081072,3.594898,18.12307,5.3851495,2.6871312,-1.8253766,-0.2409531,2.2042572,3.8569622,1.182488,4.2517242,-0.40854907,0.68986285,-1.4837093,-1.1145399,1.0753903,0.38656726,-2.7583008,0.7027016,-1.3692477,0.4427838,0.33180508,-1.097885,0.39055678,-1.5096147,-0.2608569,-0.08811912,-1.3498161,-0.33696857,-0.23174503,-0.34979564,-0.54992294,-0.26362094,-0.21330602,-0.25350484,0.08236608,0.054529704,-0.010795621,5.2420783e-09,5.315391e-08,1.128099e-08,1.4693029e-07,3.545746e-08
9,-0.53865635,5.1817684,13.321135,-6.738189,7.030709,4.0496597,8.117292,-1.9236114,5.3851495,22.376472,0.81556165,-1.1124805,-3.3993456,-1.1165763,-0.7071184,-0.47362977,-2.9519362,-0.6385778,1.8941462,2.1272655,1.1278496,2.5984702,-2.2953281,-0.71549195,-0.42174494,0.8885114,0.38057607,-0.8350284,0.77603644,1.0923839,-0.6819755,-0.1038774,0.41173995,-0.5193552,0.6574605,0.5960461,0.61132437,-0.30167526,0.2459259,0.2145326,-0.028321259,-0.011025872,0.28998548,0.23320365,1.0459907e-07,1.09238485e-07,5.4101266e-09,-7.193051e-08,-3.911967e-08
10,17.48225,2.2197652,5.6400437,0.9971523,-6.0506477,2.8220108,2.3510675,-2.6700945,2.6871312,0.81556165,18.478325,-1.7393713,3.416297,-4.791813,-2.4140873,1.9620163,2.9556322,1.4089438,-0.8280695,2.8289943,-0.4427046,-0.8804878,-1.9358662,-0.9184067,-0.64099264,-0.6173811,-0.6675664,0.5476195,0.520098,-1.728087,-0.21668583,-0.6448183,0.35335407,0.53901684,-0.4424166,-0.65163076,0.40099555,0.9858558,-0.7129989,0.27760923,0.107711814,-0.1900514,0.023562497,0.060148142,1.58822e-08,-7.734937e-08,-2.9427387e-08,-1.12231655e-08,1.5172894e-08
11,-0.48308563,-8.837956,-3.9792218,-4.6000733,-1.5857096,3.195627,-1.1754649,-3.3804116,-1.8253766,-1.1124805,-1.7393713,5.563595,1.7684052,2.1638055,-1.2588575,-0.6296612,-0.5538102,1.1795087,1.3976738,-0.44334516,-0.18191156,2.220318,-0.1613137,-1.3756201,1.1788826,0.4233239,-0.77755946,-0.5083754,-0.8808141,-0.08372302,1.1267872,0.059889354,-0.22146088,-0.28288454,0.10036032,0.31182814,0.08602221,0.657242,0.13060573,-0.082534075,0.07996632,0.059043415,0.33835763,-0.32359523,-1.03253186e-07,4.1854186e-08,-2.7728817e-08,-2.2404354e-08,8.8697916e-10
12,9.715941,-2.7990632,-3.896362,-4.859066,5.112118,-4.705592,0.66126084,-1.852941,-0.2409531,-3.3993456,3.416297,1.7684052,14.832845,-2.2277985,-0.84203124,2.2401204,-1.3749878,-0.37771046,-0.81890047,1.7237403,1.6716225,2.4669771,1.8560941,1.5486591,-1.1516597,-0.2686482,-1.3466887,-1.2657907,-1.3930641,-0.39327002,-0.10370506,0.022413105,-0.71204346,-0.35183108,-0.43052948,-0.017826978,0.41316593,-0.44416106,-0.2235384,-0.3143592,-0.14942305,-0.67209506,0.12725806,-0.19909884,-1.4083255e-07,7.7299006e-08,6.4688366e-09,4.8976336e-08,6.311197e-08
13,1.7393993,6.734694,0.9143485,-4.6564283,-5.040707,-2.393264,-2.3346124,3.4715977,2.2042572,-1.1165763,-4.791813,2.1638055,-2.2277985,11.1797285,-2.1949515,2.4091558,-1.1075134,2.053331,1.7324172,-2.3843594,3.3691788,0.63296574,0.5030252,-1.8039229,1.3431023,0.03186714,-0.5716661,1.2477891,0.013651032,-0.16896325,-0.09089318,-0.21255958,-0.22166415,-0.13844332,-0.050909817,0.15330829,-0.24328074,0.10556692,-0.2410825,-0.031411458,-0.16680925,-0.36486512,0.04481255,0.0651163,1.1916086e-08,-4.859004e-08,1.2659893e-08,9.197574e-08,3.6658e-08
14,7.681736,0.023444762,0.21955039,-2.4882758,-6.460177,-6.72381,0.47582448,0.8456688,3.8569622,-0.7071184,-2.4140873,-1.2588575,-0.84203124,-2.1949515,14.4851885,-2.6894362,-0.22161901,-0.6687374,2.0897965,0.73957556,-0.16047668,-0.4135423,0.64367527,0.79915404,-0.33216202,1.0118091,-0.9204708,-0.31129947,0.06582907,-0.30061057,0.25173074,1.5299987,-0.53246355,0.08653941,0.08432987,-0.22302121,0.17284496,0.24859306,0.030748881,0.27159464,0.115228295,0.23016024,-0.056981053,0.057979565,-3.3102534e-09,-1.15718706e-07,-1.5386858e-07,-2.8111002e-08,-6.293624e-08
15,2.9791281,-3.7807975,-9.20174,-4.079053,-3.501601,-2.5979197,3.6795044,-0.42072678,1.182488,-0.47362977,1.9620163,-0.6296612,2.2401204,2.4091558,-2.6894362,10.96054,-2.2613108,-2.7513163,1.3189918,0.12503451,0.96418333,-1.0478668,0.42555106,-1.0245905,-0.8738989,1.0478122,1.3047744,0.13715573,0.11301541,0.17931613,-0.52125907,0.5834673,0.56677127,0.78590786,-0.51029426,-0.12665941,-0.3131463,0.12490319,-0.028491307,0.17838603,0.16479576,-0.052769937,-0.07929364,0.11886832,1.17864516e-07,-4.9147175e-08,5.0555315e-08,6.2894e-08,3.016909e-08
16,2.0838475,2.865445,0.81483686,3.0740597,-0.96700954,0.18790871,2.294188,-4.5569344,4.2517242,-2.9519362,2.9556322,-0.5538102,-1.3749878,-1.1075134,-0.22161901,-2.2613108,9.74323,0.550135,-0.85651445,-1.4616479,1.044247,0.18637751,1.474216,-0.7434174,-0.75841534,-0.39686996,1.8819867,1.2886231,-0.62964517,0.053873103,0.5798346,-0.41509792,-0.62386256,-0.21114996,0.38795727,-0.2992608,0.049356706,0.03507121,0.26995218,-0.07982633,0.1309444,0.21797502,0.13783234,-0.018519986,3.4501717e-08,2.1776035e-08,-3.7204046e-08,1.0243045e-07,3.8327492e-08
17,-1.5514381,5.660535,-0.46490133,5.341237,-6.6070395,0.056193616,-1.1120389,2.3129692,-0.40854907,-0.6385778,1.4089438,1.1795087,-0.37771046,2.053331,-0.6687374,-2.7513163,0.550135,8.15278,-1.0588002,1.257596,0.1421051,0.6613821,0.748554,-2.1873403,-0.7121304,0.5848054,-0.45998377,-1.3107955,0.007267718,0.0072121685,-0.022190763,0.14356616,0.36869484,0.23415954,0.13831261,0.39597988,0.49559623,-0.13034573,-0.12447558,-0.038029913,0.008594795,-0.22877923,0.035448138,0.015681047,-1.04146615e-07,3.2140314e-08,-1.9004212e-08,-2.7310498e-09,3.5179532e-08
18,0.021552784,-1.8499773,-6.3128324,2.598627,0.3531167,-3.4624162,-3.9816318,-2.7191138,0.68986285,1.8941462,-0.8280695,1.3976738,-0.81890047,1.7324172,2.0897965,1.3189918,-0.85651445,-1.0588002,7.1781187,0.38928992,0.34433144,0.48984236,-0.38754833,-0.5915903,-0.17778519,0.11341579,0.18118854,0.27494863,0.11405412,-0.91966295,0.3331173,-1.2643011,0.3520713,-0.6902778,0.15914416,-0.06722492,0.9382552,0.12184478,-0.03837955,0.2885825,0.2259072,0.12968698,-0.0056754164,0.026940852,2.8719908e-08,-7.2492455e-08,-9.601207e-08,1.2154769e-07,2.1405636e-08
19,1.3253822,3.6093023,-4.8921623,-0.40330505,1.8268355,-1.503498,-2.1490064,1.8060465,-1.4837093,2.1272655,2.8289943,-0.44334516,1.7237403,-2.3843594,0.73957556,0.12503451,-1.4616479,1.257596,0.38928992,9.460781,1.0201712,-1.023207,0.25086164,-0.78933954,1.159975,-0.32140005,0.518749,0.53371954,0.21659112,0.8309603,0.6618804,0.07875772,-0.25643685,-0.038486287,0.4086101,0.091259375,-0.04281696,-0.050798643,0.18914148,-0.11581063,0.018211946,0.15301852,-0.054648533,-0.07779127,-7.055782e-08,1.108891e-07,1.2129883e-07,-7.855414e-08,2.0987358e-08
20,-4.0101147,0.2631689,7.373888,3.8752193,-2.6165476,-2.2874484,1.6850855,-2.7408278,-1.1145399,1.1278496,-0.4427046,-0.18191156,1.6716225,3.3691788,-0.16047668,0.96418333,1.044247,0.1421051,0.34433144,1.0201712,8.299523,-0.17085698,0.16583887,0.76691246,-0.24316993,-0.3853792,-0.55160487,0.123209566,0.36475426,0.17927319,0.4256953,0.25010842,-0.3695873,0.15282774,0.117053,-0.23921278,-0.082538635,-0.21879837,0.006405754,0.15346733,-0.17115697,0.20651263,-0.019021558,-0.037281122,-3.930434e-08,3.5750083e-11,4.5599142e-09,1.7695152e-07,5.8893924e-08
21,3.3530464,-4.365182,-2.0484324,0.110361986,3.5205169,-0.43091077,-0.3492025,0.1933702,1.0753903,2.5984702,-0.8804878,2.220318,2.4669771,0.63296574,-0.4135423,-1.0478668,0.18637751,0.6613821,0.48984236,-1.023207,-0.17085698,5.303883,0.0009068138,-0.20669691,-0.6675216,0.18551028,0.14990899,0.009574931,0.7058933,0.26889977,-0.54910475,0.14810742,-0.72673297,0.32777402,0.46878833,-0.12695932,0.37104028,0.6025021,0.06117995,-0.34159964,-0.35106343,-0.049473636,0.08125913,-0.15144056,-3.7328256e-08,4.4861416e-08,-1.6467883e-09,-1.2132897e-08,-4.657604e-09
22,1.2203772,4.50413,-0.7624773,-6.122035,1.5030117,-0.8805307,1.4142033,2.487475,0.38656726,-2.2953281,-1.9358662,-0.1613137,1.8560941,0.5030252,0.64367527,0.42555106,1.474216,0.748554,-0.38754833,0.25086164,0.16583887,0.0009068138,4.2118115,0.57963544,-0.104630135,0.37330735,1.1011736,-0.39279282,0.09621149,-0.18119287,0.27280843,-0.50387114,0.4399095,0.28450948,0.2729463,0.107076585,0.2942919,-0.22621378,0.12505314,0.34167817,-0.202898,0.119294696,0.11109528,-0.13778752,-8.735536e-08,-1.795526e-08,4.9152458e-08,-3.4312002e-08,9.6151105e-09
23,-1.176353,-1.4223177,4.1816583,1.2650394,1.3581601,0.34529337,0.1589806,0.58512175,-2.7583008,-0.71549195,-0.9184067,-1.3756201,1.5486591,-1.8039229,0.79915404,-1.0245905,-0.7434174,-2.1873403,-0.5915903,-0.78933954,0.76691246,-0.20669691,0.57963544,3.1343553,0.4375903,0.29281494,0.14293918,-0.11086576,0.39707077,0.018087193,0.12977049,-0.4691149,-0.19812003,0.24482352,0.10543289,-0.3053431,0.39154887,-0.14705653,-0.29750055,-0.028766152,-0.14293161,-0.20617685,0.052865535,0.13887751,3.8906514e-08,-5.7233915e-08,-5.3744678e-08,-6.105668e-08,-5.9227707e-09
24,-1.606586,-0.022212781,0.03163743,-1.4805069,-2.913988,0.5601342,2.3312373,-0.1000075,0.7027016,-0.42174494,-0.64099264,1.1788826,-1.1516597,1.3431023,-0.33216202,-0.8738989,-0.75841534,-0.7121304,-0.17778519,1.159975,-0.24316993,-0.6675216,-0.104630135,0.4375903,4.7368665,-0.66420746,0.3787711,-0.28958732,-0.4926694,-0.31159705,-0.33682588,-0.21555293,-0.31644487,0.12159012,0.058966447,-0.26235914,0.22653916,0.23870122,-0.06210664,-0.19135295,-0.07568584,-0.07972856,0.14930464,-0.084253214,-4.2804345e-08,3.2049407e-08,3.4395235e-08,-7.874445e-08,2.7639946e-09
25,-2.6704907,6.1917925,-3.0199018,-2.065517,-2.3790956,2.2538805,2.702726,-0.3953774,-1.3692477,0.8885114,-0.6173811,0.4233239,-0.2686482,0.03186714,1.0118091,1.0478122,-0.39686996,0.5848054,0.11341579,-0.32140005,-0.3853792,0.18551028,0.37330735,0.29281494,-0.66420746,3.1188014,-0.31812313,-0.20449306,-0.020167511,0.69212544,0.5530792,-0.37421823,-0.10927543,0.26533556,-0.057181947,-0.50051445,0.07947454,0.22167474,-0.11430493,-0.25493044,0.25148183,0.026202926,0.1336042,0.09652485,6.935913e-08,-3.0948605e-08,-1.1251522e-07,-8.1362714e-08,-1.0233432e-09
26,-1.9564248,-0.5612844,-1.3030968,0.56714606,-0.46268398,-1.5165331,-1.4171183,-1.1946404,0.4427838,0.38057607,-0.6675664,-0.77755946,-1.3466887,-0.5716661,-0.9204708,1.3047744,1.8819867,-0.45998377,0.18118854,0.518749,-0.55160487,0.14990899,1.1011736,0.14293918,0.3787711,-0.31812313,3.2726831,-0.52315724,0.7901178,0.47785935,0.041763972,0.2857393,-0.09609913,-0.07957467,-0.083486564,0.19361174,0.17392603,0.14228702,0.0008167142,-0.012484239,-0.09571095,-0.111409485,0.10690235,0.12694664,9.059696e-08,-2.6459375e-08,1.5055228e-08,-1.0304566e-08,1.3405276e-08
27,2.5135832,1.1312729,-0.11214385,-0.51424277,3.2182539,0.4674492,-1.1113958,2.6600955,0.33180508,-0.8350284,0.5476195,-0.5083754,-1.2657907,1.2477891,-0.31129947,0.13715573,1.2886231,-1.3107955,0.27494863,0.53371954,0.123209566,0.009574931,-0.39279282,-0.11086576,-0.28958732,-0.20449306,-0.52315724,3.3218641,-0.20389327,0.015987348,0.39905185,0.22319806,-0.05061937,0.4035675,0.16672984,-0.05819509,0.26646098,0.05860369,0.0848106,-0.20748682,0.08673002,-0.029254228,0.1348296,0.046091974,3.7086647e-08,2.238186e-08,7.1423445e-09,-7.007236e-08,-2.7072495e-08
28,1.0300062,-0.7386333,1.6883473,0.3683136,-1.5766711,0.15444471,-0.71802056,2.2410488,-1.097885,0.77603644,0.520098,-0.8808141,-1.3930641,0.013651032,0.06582907,0.11301541,-0.62964517,0.007267718,0.11405412,0.21659112,0.36475426,0.7058933,0.09621149,0.39707077,-0.4926694,-0.020167511,0.7901178,-0.20389327,2.9983068,-0.85569584,0.061258692,-0.095755346,-0.1361959,0.027895104,-0.042273924,-0.16913101,-0.30530947,0.028394915,0.037929296,-0.23573506,0.12954354,0.021696892,0.04104071,-0.10094386,-2.3810705e-08,-1.8921429e-09,-3.170368e-08,5.421639e-09,-2.2693383e-08
29,2.1471705,-3.808318,0.9735216,1.651707,-0.7516756,0.28346914,-1.8358002,1.1340687,0.39055678,1.0923839,-1.728087,-0.08372302,-0.39327002,-0.16896325,-0.30061057,0.17931613,0.053873103,0.0072121685,-0.91966295,0.8309603,0.17927319,0.26889977,-0.18119287,0.018087193,-0.31159705,0.69212544,0.47785935,0.015987348,-0.85569584,2.4507341,-0.07331143,-0.15514055,-0.1859796,-0.03623036,-0.25734842,-0.29605818,-0.13850752,-1.6912918e-05,0.049108993,0.0877085,-0.07834847,0.07529089,0.0828808,0.040785126,7.7248885e-08,2.8768646e-08,6.357412e-08,-5.3131508e-08,2.2623517e-08
30,-0.8976675,-4.3426085,0.43048495,-1.4534576,-0.59099746,1.5924072,1.7879317,0.16208053,-1.5096147,-0.6819755,-0.21668583,1.1267872,-0.10370506,-0.09089318,0.25173074,-0.52125907,0.5798346,-0.022190763,0.3331173,0.6618804,0.4256953,-0.54910475,0.27280843,0.12977049,-0.33682588,0.5530792,0.041763972,0.39905185,0.061258692,-0.07331143,2.1497083,-0.083164036,0.19253963,-0.65229523,-0.06843788,0.3582183,-0.07522325,0.33037287,-0.0023197709,-0.13577789,-0.09018588,-0.101978324,0.03213294,0.037104093,3.1424065e-08,-6.7712065e-08,-8.6996145e-08,-6.6635177e-09,-1.3943476e-08
31,-3.8439803,-0.09293921,0.11389273,-0.4662239,0.2474493,-1.3907661,-0.062268123,-1.248992,-0.2608569,-0.1038774,-0.6448183,0.059889354,0.022413105,-0.21255958,1.5299987,0.5834673,-0.41509792,0.14356616,-1.2643011,0.07875772,0.25010842,0.14810742,-0.50387114,-0.4691149,-0.21555293,-0.37421823,0.2857393,0.22319806,-0.095755346,-0.15514055,-0.083164036,2.3989344,0.35497522,0.21876608,0.0074467156,0.10894855,-0.10741837,0.1437634,0.043255825,-0.13451105,-0.078511044,-0.1471811,0.20409122,-0.0052237604,-6.8865624e-09,3.4883783e-08,2.7074723e-08,-3.6749107e-08,-1.9916582e-08
32,-0.8052683,-1.5409174,0.94377357,0.03867776,-0.10275146,0.7970215,0.046558905,0.42569715,-0.08811912,0.41173995,0.35335407,-0.22146088,-0.71204346,-0.22166415,-0.53246355,0.56677127,-0.62386256,0.36869484,0.3520713,-0.25643685,-0.3695873,-0.72673297,0.4399095,-0.19812003,-0.31644487,-0.10927543,-0.09609913,-0.05061937,-0.1361959,-0.1859796,0.19253963,0.35497522,1.631996,-0.19819692,0.12548725,-0.3941369,0.29097837,-0.14387265,0.023216449,0.030714994,-0.30357885,0.09122563,0.07530649,-0.04401717,-3.492994e-08,2.191389e-09,3.7616008e-08,8.290284e-09,1.4276106e-08
33,-0.079515025,-0.957942,-0.35584766,-0.3333369,-1.7352825,1.3383492,0.4111288,0.36224246,-1.3498161,-0.5193552,0.53901684,-0.28288454,-0.35183108,-0.13844332,0.08653941,0.78590786,-0.21114996,0.23415954,-0.6902778,-0.038486287,0.15282774,0.32777402,0.28450948,0.24482352,0.12159012,0.26533556,-0.07957467,0.4035675,0.027895104,-0.03623036,-0.65229523,0.21876608,-0.19819692,1.3428084,0.21209985,0.17530541,0.36249846,0.0973697,0.06903254,0.115597054,0.051585857,0.22387084,-0.04947167,0.033085607,-1.6430564e-08,-1.771685e-09,9.0574055e-09,-6.128775e-08,-2.0105933e-08
34,0.67381644,-1.803025,-3.2567658,-0.36973217,0.09103924,1.5854394,0.31411338,-0.72810096,-0.33696857,0.6574605,-0.4424166,0.10036032,-0.43052948,-0.050909817,0.08432987,-0.51029426,0.38795727,0.13831261,0.15914416,0.4086101,0.117053,0.46878833,0.2729463,0.10543289,0.058966447,-0.057181947,-0.083486564,0.16672984,-0.042273924,-0.25734842,-0.06843788,0.0074467156,0.12548725,0.21209985,1.6736692,-0.16023207,-0.2943743,-0.18604021,-0.09675078,0.1454415,-0.087712556,-0.12245931,-0.014667526,0.080287516,-3.225551e-08,4.1987533e-08,5.0734698e-08,9.247728e-09,2.0181673e-08
35,-0.72150266,-2.2624593,0.4318074,-1.7217803,0.9572561,0.07330921,0.66090035,0.23935413,-0.23174503,0.5960461,-0.65163076,0.31182814,-0.017826978,0.15330829,-0.22302121,-0.12665941,-0.2992608,0.39597988,-0.06722492,0.091259375,-0.23921278,-0.12695932,0.107076585,-0.3053431,-0.26235914,-0.50051445,0.19361174,-0.05819509,-0.16913101,-0.29605818,0.3582183,0.10894855,-0.3941369,0.17530541,-0.16023207,1.1965448,0.09951245,-0.11279002,-0.1398811,0.08059414,0.06782837,0.09472728,-0.044672865,0.08927713,-1.1848476e-08,-2.794479e-08,-4.917506e-08,-1.2889622e-08,-2.80962e-08
36,-0.7593781,-0.48194587,1.1432297,1.3764602,-0.21831743,-0.33039042,-0.11831997,-0.13514724,-0.34979564,0.61132437,0.40099555,0.08602221,0.41316593,-0.24328074,0.17284496,-0.3131463,0.049356706,0.49559623,0.9382552,-0.04281696,-0.082538635,0.37104028,0.2942919,0.39154887,0.22653916,0.07947454,0.17392603,0.26646098,-0.30530947,-0.13850752,-0.07522325,-0.10741837,0.29097837,0.36249846,-0.2943743,0.09951245,1.0253166,-0.04081119,0.12308593,-0.085753545,-0.026469124,-0.043338817,0.062449142,0.055283934,6.912188e-09,-1.1941131e-08,-4.5937266e-08,-3.0740523e-08,-4.91378e-09
37,-0.92924786,0.9775915,0.19397515,0.13871023,0.3400409,0.22298154,0.20421566,0.020057209,-0.54992294,-0.30167526,0.9858558,0.657242,-0.44416106,0.10556692,0.24859306,0.12490319,0.03507121,-0.13034573,0.12184478,-0.050798643,-0.21879837,0.6025021,-0.22621378,-0.14705653,0.23870122,0.22167474,0.14228702,0.05860369,0.028394915,-1.6912918e-05,0.33037287,0.1437634,-0.14387265,0.0973697,-0.18604021,-0.11279002,-0.04081119,0.8995743,-0.057024308,0.24070236,-0.19042706,-0.025269732,-0.07202299,-0.023239803,4.6122167e-08,-8.0352414e-08,7.465921e-09,-2.668678e-08,-1.9270534e-08
38,-0.8137384,-0.8785019,0.51342183,-1.0501809,-0.22152737,0.5568823,0.42716396,-0.33778512,-0.26362094,0.2459259,-0.7129989,0.13060573,-0.2235384,-0.2410825,0.030748881,-0.028491307,0.26995218,-0.12447558,-0.03837955,0.18914148,0.006405754,0.06117995,0.12505314,-0.29750055,-0.06210664,-0.11430493,0.0008167142,0.0848106,0.037929296,0.049108993,-0.0023197709,0.043255825,0.023216449,0.06903254,-0.09675078,-0.1398811,0.12308593,-0.057024308,0.90681106,0.010425276,0.10101258,-0.14357908,-0.19098552,-0.07770462,1.6368828e-08,4.178228e-08,4.90364e-08,2.9043646e-08,-1.19024905e-08
39,-0.20234278,-0.32004282,1.3743231,0.4413665,0.74589545,0.06881145,-0.23990235,0.4311117,-0.21330602,0.2145326,0.27760923,-0.082534075,-0.3143592,-0.031411458,0.27159464,0.17838603,-0.07982633,-0.038029913,0.2885825,-0.11581063,0.15346733,-0.34159964,0.34167817,-0.028766152,-0.19135295,-0.25493044,-0.012484239,-0.20748682,-0.23573506,0.0877085,-0.13577789,-0.13451105,0.030714994,0.115597054,0.1454415,0.08059414,-0.085753545,0.24070236,0.010425276,0.7283016,0.09451964,-0.07963665,0.042572703,-0.038808323,1.2089226e-08,-3.4138445e-08,6.5710495e-08,-1.5287204e-08,-9.521432e-09
40,-0.72312367,0.05690485,-0.78209656,0.48103893,-0.48072463,0.34921372,0.18291786,-0.322311,-0.25350484,-0.028321259,0.107711814,0.07996632,-0.14942305,-0.16680925,0.115228295,0.16479576,0.1309444,0.008594795,0.2259072,0.018211946,-0.17115697,-0.35106343,-0.202898,-0.14293161,-0.07568584,0.25148183,-0.09571095,0.08673002,0.12954354,-0.07834847,-0.09018588,-0.078511044,-0.30357885,0.051585857,-0.087712556,0.06782837,-0.026469124,-0.19042706,0.10101258,0.09451964,0.4321399,-0.078657314,0.16335368,-0.04165481,-3.0653746e-10,3.5570018e-08,-1.1523049e-08,-2.1973225e-08,-8.405657e-09
41,-0.54136145,-0.4414814,-0.44856924,-0.2727977,0.32739156,0.40161368,-0.008950299,-0.5225674,0.08236608,-0.011025872,-0.1900514,0.059043415,-0.67209506,-0.36486512,0.23016024,-0.052769937,0.21797502,-0.22877923,0.12968698,0.15301852,0.20651263,-0.049473636,0.119294696,-0.20617685,-0.07972856,0.026202926,-0.111409485,-0.029254228,0.021696892,0.07529089,-0.101978324,-0.1471811,0.09122563,0.22387084,-0.12245931,0.09472728,-0.043338817,-0.025269732,-0.14357908,-0.07963665,-0.078657314,0.57475835,-0.027455237,-0.08495575,-5.127525e-08,1.9276936e-09,-1.595582e-08,1.0691818e-08,-1.1712957e-09
42,-0.029064527,-0.5628315,0.539577,-0.20343225,0.2292887,0.3495767,-0.13985497,-0.03802766,0.054529704,0.28998548,0.023562497,0.33835763,0.12725806,0.04481255,-0.056981053,-0.07929364,0.13783234,0.035448138,-0.0056754164,-0.054648533,-0.019021558,0.08125913,0.11109528,0.052865535,0.14930464,0.1336042,0.10690235,0.1348296,0.04104071,0.0828808,0.03213294,0.20409122,0.07530649,-0.04947167,-0.014667526,-0.044672865,0.062449142,-0.07202299,-0.19098552,0.042572703,0.16335368,-0.027455237,0.31755212,-0.061658215,-2.0105064e-08,2.8720564e-08,-2.8839735e-09,-4.7600892e-08,-4.4654835e-10
43,0.23134091,0.5032493,0.0857634,0.06119088,-0.53357697,-0.078193575,-0.112032056,-0.13830376,-0.010795621,0.23320365,0.060148142,-0.32359523,-0.19909884,0.0651163,0.057979565,0.11886832,-0.018519986,0.015681047,0.026940852,-0.07779127,-0.037281122,-0.15144056,-0.13778752,0.13887751,-0.084253214,0.09652485,0.12694664,0.046091974,-0.10094386,0.040785126,0.037104093,-0.0052237604,-0.04401717,0.033085607,0.080287516,0.08927713,0.055283934,-0.023239803,-0.07770462,-0.038808323,-0.04165481,-0.08495575,-0.061658215,0.11254263,3.1572398e-08,-2.0468015e-08,-1.9648123e-08,2.2911189e-09,2.1382691e-09
44,-6.35339e-08,1.7987577e-07,1.1328438e-07,1.5080386e-07,-8.6614946e-08,-4.586937e-08,-1.0350375e-08,-2.5552161e-08,5.2420783e-09,1.0459907e-07,1.58822e-08,-1.03253186e-07,-1.4083255e-07,1.1916086e-08,-3.3102534e-09,1.17864516e-07,3.4501717e-08,-1.04146615e-07,2.8719908e-08,-7.055782e-08,-3.930434e-08,-3.7328256e-08,-8.735536e-08,3.8906514e-08,-4.2804345e-08,6.935913e-08,9.059696e-08,3.7086647e-08,-2.3810705e-08,7.7248885e-08,3.1424065e-08,-6.8865624e-09,-3.492994e-08,-1.6430564e-08,-3.225551e-08,-1.1848476e-08,6.912188e-09,4.6122167e-08,1.6368828e-08,1.2089226e-08,-3.0653746e-10,-5.127525e-08,-2.0105064e-08,3.1572398e-08,2.094551e-14,-9.664137e-15,-2.7892727e-15,-4.4469357e-16,-8.314611e-16
45,-3.648563e-08,-1.420625e-07,-1.946777e-07,-1.3639615e-08,1.3613747e-07,9.328882e-08,-1.0030753e-08,-7.127214e-08,5.315391e-08,1.09238485e-07,-7.734937e-08,4.1854186e-08,7.7299006e-08,-4.859004e-08,-1.15718706e-07,-4.9147175e-08,2.1776035e-08,3.2140314e-08,-7.2492455e-08,1.108891e-07,3.5750083e-11,4.4861416e-08,-1.795526e-08,-5.7233915e-08,3.2049407e-08,-3.0948605e-08,-2.6459375e-08,2.238186e-08,-1.8921429e-09,2.8768646e-08,-6.7712065e-08,3.4883783e-08,2.191389e-09,-1.771685e-09,4.1987533e-08,-2.794479e-08,-1.1941131e-08,-8.0352414e-08,4.178228e-08,-3.4138445e-08,3.5570018e-08,1.9276936e-09,2.8720564e-08,-2.0468015e-08,-9.664137e-15,1.9835086e-14,7.750677e-15,-1.4534809e-15,1.9360882e-15
46,1.7124393e-08,3.557129e-08,2.2510552e-08,-1.36917695e-08,3.1226176e-07,8.2434193e-10,-1.8567778e-07,1.4844356e-07,1.128099e-08,5.4101266e-09,-2.9427387e-08,-2.7728817e-08,6.4688366e-09,1.2659893e-08,-1.5386858e-07,5.0555315e-08,-3.7204046e-08,-1.9004212e-08,-9.601207e-08,1.2129883e-07,4.5599142e-09,-1.6467883e-09,4.9152458e-08,-5.3744678e-08,3.4395235e-08,-1.1251522e-07,1.5055228e-08,7.1423445e-09,-3.170368e-08,6.357412e-08,-8.6996145e-08,2.7074723e-08,3.7616008e-08,9.0574055e-09,5.0734698e-08,-4.917506e-08,-4.5937266e-08,7.465921e-09,4.90364e-08,6.5710495e-08,-1.1523049e-08,-1.595582e-08,-2.8839735e-09,-1.9648123e-08,-2.7892727e-15,7.750677e-15,2.4019015e-14,-8.1641784e-16,1.291465e-15
47,-1.1967025e-08,-1.0862064e-07,-1.5774316e-07,2.8525898e-07,-1.2644693e-07,-2.527243e-07,9.139703e-09,-2.5948938e-07,1.4693029e-07,-7.193051e-08,-1.12231655e-08,-2.2404354e-08,4.8976336e-08,9.197574e-08,-2.8111002e-08,6.2894e-08,1.0243045e-07,-2.7310498e-09,1.2154769e-07,-7.855414e-08,1.7695152e-07,-1.2132897e-08,-3.4312002e-08,-6.105668e-08,-7.874445e-08,-8.1362714e-08,-1.0304566e-08,-7.007236e-08,5.421639e-09,-5.3131508e-08,-6.6635177e-09,-3.6749107e-08,8.290284e-09,-6.128775e-08,9.247728e-09,-1.2889622e-08,-3.0740523e-08,-2.668678e-08,2.9043646e-08,-1.5287204e-08,-2.1973225e-08,1.0691818e-08,-4.7600892e-08,2.2911189e-09,-4.4469357e-16,-1.4534809e-15,-8.1641784e-16,2.2625561e-14,4.493077e-15
48,6.992738e-08,1.709554e-08,-1.1946173e-07,1.1988072e-07,-9.39256e-08,-5.8024945e-08,-8.454753e-08,-8.936851e-08,3.545746e-08,-3.911967e-08,1.5172894e-08,8.8697916e-10,6.311197e-08,3.6658e-08,-6.293624e-08,3.016909e-08,3.8327492e-08,3.5179532e-08,2.1405636e-08,2.0987358e-08,5.8893924e-08,-4.657604e-09,9.6151105e-09,-5.9227707e-09,2.7639946e-09,-1.0233432e-09,1.3405276e-08,-2.7072495e-08,-2.2693383e-08,2.2623517e-08,-1.3943476e-08,-1.9916582e-08,1.4276106e-08,-2.0105933e-08,2.0181673e-08,-2.80962e-08,-4.91378e-09,-1.9270534e-08,-1.19024905e-08,-9.521432e-09,-8.405657e-09,-1.1712957e-09,-4.4654835e-10,2.1382691e-09,-8.314611e-16,1.9360882e-15,1.291465e-15,4.493077e-15,3.66391e-15
