,0,1,2,3,4,5,6,7,8,9,10,11,12,13,14,15,16,17,18,19,20,21,22,23,24,25,26,27,28,29,30,31,32,33,34,35,36,37,38,39,40,41,42,43,44,45,46,47,48,49
0,0.07364817,2.6297812,0.040168524,0.016185109,-0.008841982,0.0028285123,-0.006337043,-0.0012679468,-0.0015676748,0.0010047314,6.342629e-05,0.0041658385,0.003699632,0.001239591,-0.00070202356,0.0019576729,7.998961e-05,0.0004120201,0.001278791,0.000117585965,-0.00052224414,-0.0002797763,-0.0006018017,0.00016670935,-0.0003303697,-2.4100293e-05,-8.934751e-05,4.830941e-05,6.9196535e-06,0.0004762976,-0.00017528204,-0.00012678631,-0.0001432832,-0.00030444033,-9.716401e-05,0.00022175285,0.00043729212,0.00015026118,0.00029031432,4.9200567e-06,1.6289512e-05,-0.00021927623,-0.00025560902,0.00025682448,-0.00016916973,-4.6860732e-05,4.078016e-06,0.00018983503,9.131921e-05,0.000106675514
1,2.6297812,98.06975,-0.063120835,0.019744525,0.020384502,0.0071333563,-0.008240784,0.001272371,0.0035807951,5.7378093e-05,0.0012323088,0.0017738258,2.8135146e-05,-0.0018323393,0.0014017066,0.0020209393,0.002304563,-0.0007086289,0.0003126068,-0.000562959,-0.0012788551,-0.0006304643,-0.000787628,-0.0005574602,-0.00050443097,0.00057028414,-0.00034302342,0.00040061056,-8.494548e-05,-0.00010092014,0.00012380476,0.0005128653,-0.00019646855,0.00022330284,0.00031884172,0.0005151501,-0.00012700069,-0.00022803532,-0.0003304377,-2.8919414e-05,0.00015526748,-0.00035658822,-8.266024e-06,0.00022855413,-4.2139454e-05,-0.00037214212,-0.0001567597,6.6379194e-05,7.8579005e-06,-0.0002823866
2,0.040168524,-0.063120835,3.6308246,0.0031509816,-0.020129006,0.0047258222,-0.0038930916,-0.016171103,0.0052061947,-0.0006562894,0.010328995,-0.003978036,-0.0011673245,0.0074937167,-0.00016118589,0.006476754,0.0004619124,0.0011089883,-0.0062638433,0.0019558326,0.0023096264,-0.00021784379,-0.0029800574,-0.0035347852,-0.00022100817,0.0034321654,-8.6326065e-05,-0.0006802018,0.0013992533,-0.0016237397,-0.0001911272,-0.00045742004,-0.00049445336,-0.00035763317,0.00022582438,0.00035505608,-4.2060157e-05,-0.0007239259,-0.0011118837,-0.00011410627,0.0011254,0.0012503484,-4.043628e-05,-0.00020038878,-0.0006441502,-0.00086434296,-0.00041398636,2.3952438e-05,-0.0012769091,-0.0012467592
3,0.016185109,0.019744525,0.0031509816,0.42865944,0.00888693,-0.0044581834,0.000725055,0.010579137,-0.0028263596,0.0042660097,0.00026419945,-0.001580561,0.00185489,-0.002298461,-0.0033267394,0.00031157976,-0.0042975647,0.0030360664,0.004199803,0.0010923445,1.4678953e-05,6.426532e-05,0.0005877025,-0.0014357887,-0.002013443,0.00058726734,0.0013609215,-0.0012992594,0.0010777598,0.0004804855,0.0005114385,0.00029826752,-0.00086145825,-0.0005047872,-2.9884228e-05,0.00056378753,0.00017557295,-0.00017142887,-0.00015806043,0.00032874197,0.0001225349,0.00020774036,-0.0007545254,0.000341947,-0.00018848557,-6.6652065e-05,-0.00050572533,0.00023782109,4.9433103e-05,0.0001992179
4,-0.008841982,0.020384502,-0.020129006,0.00888693,0.3140566,0.017331552,-0.0037564477,-0.020048399,0.011248685,-0.009368554,0.0025815654,-0.0070166932,-0.003182323,0.0037952387,0.002509163,0.003664172,0.0037892507,0.00024603656,-0.0036475295,0.0005827231,0.002903965,0.0008906682,-0.004249434,-0.00072316895,0.0023205508,0.0003882332,-0.0014210478,0.0021235626,-0.00019060801,-0.0026470625,-0.0025379271,-0.00036152065,0.0019223352,7.590553e-05,-0.0006578985,0.0006692598,-0.0009127684,0.00012966938,0.00022074286,-0.00038622535,0.0009502731,-0.00022299134,0.0009443599,-0.0003240024,-0.00025485133,-0.00027626712,0.00019620352,-3.496006e-05,-0.00052832195,-0.0008614734
5,0.0028285123,0.0071333563,0.0047258222,-0.0044581834,0.017331552,0.18319061,0.00686474,0.010815151,-0.007259354,0.008652633,0.0048382175,0.010411625,0.0046169516,-0.0036053772,0.00046150142,-0.00067841343,-0.0018351312,-0.0012277735,0.0002365939,-0.0015450044,-0.0017585875,0.00026283393,0.0034160593,0.00082238927,-0.00059399265,0.0011654268,0.0004234128,-0.0018192423,6.319273e-05,0.0014129046,0.0030417554,0.00050441077,-0.0011482135,-0.00025748045,0.0016518873,0.000109818684,0.0007002766,-0.00013018101,-0.0013470904,-0.0002050147,0.00044958768,-0.0004458326,-0.00020935229,0.0006419539,-7.7360535e-05,-0.00033764358,0.0002062447,-0.00097408216,0.00021199224,-0.00061293837
6,-0.006337043,-0.008240784,-0.0038930916,0.000725055,-0.0037564477,0.00686474,0.1174653,-0.0029666435,0.0028738915,-0.0037312363,-0.002849591,-0.0018787822,-0.0036412776,0.0017185828,-0.0030988818,-0.0014191143,-1.3280282e-05,0.001979534,-9.4016475e-05,0.003098966,5.665872e-05,-0.0009484702,-0.0003002347,-1.02381055e-05,0.00051809207,-0.0012675631,0.0012481466,0.00018656733,0.0007049225,-0.000620761,-0.0010147073,-0.00021752679,0.000112003545,0.0008517939,-0.0002669855,-0.0012312421,0.00019257571,0.0004159647,0.0012226468,0.00058415404,-0.0002611975,0.00029217266,0.00030839985,-0.00031770836,-0.00014541019,-9.19006e-05,-0.00021345353,-0.0002931939,-0.00011282276,-1.9774616e-06
7,-0.0012679468,0.001272371,-0.016171103,0.010579137,-0.020048399,0.010815151,-0.0029666435,0.053680975,0.009812602,-0.008219028,0.004569526,-0.00066166767,-0.0024541882,0.003965411,0.0020050309,0.0012859625,0.0042599346,-0.0021707104,-0.0078072343,0.0032458073,0.00076578115,-0.0009649082,-0.002735984,-0.0014295708,0.0030840016,0.0011634205,-0.0011811913,0.00051815435,-0.00059521076,-0.001784553,-0.0005994527,0.00026109014,0.0004741007,0.0009225145,0.00073857076,1.634748e-05,4.3143547e-05,-0.000268351,-9.2209826e-05,-2.8213348e-05,-0.0002746635,-9.182669e-05,0.0006740263,-0.0005115579,-0.00014965612,-0.00077095075,0.00026380172,-0.00041350175,-0.00042856284,-0.0008083174
8,-0.0015676748,0.0035807951,0.0052061947,-0.0028263596,0.011248685,-0.007259354,0.0028738915,0.009812602,0.044569902,0.0019763692,-0.0006780889,0.004400419,0.0004800565,-0.001163808,-7.3329196e-05,-0.0017116216,0.0007918484,-0.00262044,0.00062204315,-0.0032048943,-0.0027403783,-0.00012853014,0.00122581,-0.0007667125,-0.00076860725,-0.00044786863,-0.0016275274,-0.0014734392,0.00029217955,0.0020671447,0.0015265306,-0.0004941855,9.097412e-05,9.887764e-05,-0.0008442184,-0.0012672171,-0.00017028546,-4.250845e-05,-0.0004862451,0.00024896642,-0.0005214956,0.0005197227,-4.7028338e-05,-0.00023097903,0.000462392,0.00015426331,-0.00011087074,0.0005724892,-0.00014027435,0.00050035026
9,0.0010047314,5.7378093e-05,-0.0006562894,0.0042660097,-0.009368554,0.008652633,-0.0037312363,-0.008219028,0.0019763692,0.044648368,-0.0038967703,-0.0028518876,-0.0027134824,0.0037785885,0.00046764262,-9.3001676e-05,0.00184332,-0.0019338711,-0.0024953207,0.0015353486,0.0009980893,-0.0018872702,-0.00086568424,0.0008762492,-0.00018871974,-0.00043407152,-0.0007321704,0.00026944964,-0.0002757422,5.292204e-06,-0.00051427656,5.580434e-05,-0.00011709808,0.0012712514,-0.0016920338,0.00024218005,-0.00073126657,0.00018990447,0.00057824445,-0.00018631062,-2.6986672e-06,0.00080446905,-0.00034345372,8.135178e-05,0.00035780587,0.00015988955,-9.309864e-05,0.0005149308,-0.00031110802,0.0003266525
10,6.342629e-05,0.0012323088,0.010328995,0.00026419945,0.0025815654,0.0048382175,-0.002849591,0.004569526,-0.0006780889,-0.0038967703,0.031195125,-0.0013300283,-0.0022646906,0.0006353783,0.00015060621,-0.001435294,-0.002202135,-0.0009545239,0.0011789603,0.0015359649,0.0030108523,-0.0020138512,0.0007801063,0.004110327,-0.0017752827,-0.0018322554,0.0009473724,0.0007753093,-0.0014180216,-0.00021471336,-0.00032581968,0.0011947689,-0.00063811115,0.0017600264,-0.0014948831,0.000563033,0.00046630597,0.00047373155,0.0010210455,-8.984582e-05,-0.0004422902,-0.00022307524,-2.9009107e-05,-8.28012e-05,0.0004057268,0.00094816333,-2.496839e-05,0.00044506267,0.00053658953,0.001129018
11,0.0041658385,0.0017738258,-0.003978036,-0.001580561,-0.0070166932,0.010411625,-0.0018787822,-0.00066166767,0.004400419,-0.0028518876,-0.0013300283,0.03329282,-0.0006858128,-0.00086095836,-0.0010059052,0.0019672136,-0.0012218469,0.0030377049,0.0036454266,-0.00022456748,0.0013960786,0.0011875744,-0.0033362166,-0.002423563,-0.0006426987,-0.00020868515,-0.00046859082,0.00077564263,0.00046158087,-0.0010703299,-0.002174267,-0.0003868346,0.0010451374,-0.0011263369,-0.0010939197,0.0008138595,-0.0005304165,-0.00037881563,0.0003536364,0.00025430936,-0.0002339879,-0.00018637012,6.4093416e-05,-0.0004217901,-0.000116864554,0.00029029738,-8.978519e-05,0.0010780366,-0.0002217002,0.0005578381
12,0.003699632,2.8135146e-05,-0.0011673245,0.00185489,-0.003182323,0.0046169516,-0.0036412776,-0.0024541882,0.0004800565,-0.0027134824,-0.0022646906,-0.0006858128,0.035783436,0.0016833846,-0.0017804741,-0.0007967676,0.0005833728,9.958605e-05,-0.0005534085,0.0021377704,-0.00047616177,-0.0010631006,-0.0003887761,0.0001095371,0.00044387486,-0.0011145787,3.8015507e-05,0.00020608504,0.0003846251,-0.00013594146,0.00025318528,-0.00045722455,0.0003806019,0.0008372528,-0.0005192243,-0.0011623488,1.9647789e-05,0.0005094586,0.0013618779,0.00010611327,8.407574e-05,0.00024787948,2.8821447e-05,-0.0003864321,-1.1742467e-05,0.00038241467,0.00017585218,-0.00024308833,5.4100383e-05,3.460453e-05
13,0.001239591,-0.0018323393,0.0074937167,-0.002298461,0.0037952387,-0.0036053772,0.0017185828,0.003965411,-0.001163808,0.0037785885,0.0006353783,-0.00086095836,0.0016833846,0.030016536,-0.00028543765,0.00092207245,-0.0018318039,0.00028757405,0.0020114365,0.00013018392,-0.00017523234,0.00024977972,-0.00016112949,-0.00012720129,-0.0007260992,0.0004028275,-8.4861356e-05,-8.591904e-05,-3.0512525e-05,0.0001988656,0.00071830145,3.8159815e-05,-0.00028713714,-0.0010509342,0.000119975964,0.00072406663,0.00026512967,-0.00035145474,-0.00011866045,-0.00031469908,5.225467e-05,-0.00034902734,-0.00028864865,6.885705e-05,-0.00010146396,0.0005797025,0.0005833531,-0.00020815588,0.00040639692,0.00033572438
14,-0.00070202356,0.0014017066,-0.00016118589,-0.0033267394,0.002509163,0.00046150142,-0.0030988818,0.0020050309,-7.3329196e-05,0.00046764262,0.00015060621,-0.0010059052,-0.0017804741,-0.00028543765,0.02250898,-0.0017363791,-0.0016317703,0.002084895,0.0018622583,0.004419198,-0.0016787245,-0.0014538311,0.00028917735,-0.0013747194,-7.835022e-05,-0.00062436785,0.0012891004,-0.0007492908,0.0020215053,0.00066536467,-0.0003138211,-0.00042333995,-0.00048330706,-0.0007115115,-0.0005976275,-0.00046690056,0.00023222256,-0.000122036916,0.00043159648,0.00061588065,-0.00051298604,0.00034829188,-3.679069e-05,-0.00021594061,-8.5348074e-05,-0.00021416781,0.00013199492,-0.00039190153,-0.00031561317,-0.00019072772
15,0.0019576729,0.0020209393,0.006476754,0.00031157976,0.003664172,-0.00067841343,-0.0014191143,0.0012859625,-0.0017116216,-9.3001676e-05,-0.001435294,0.0019672136,-0.0007967676,0.00092207245,-0.0017363791,0.023448605,0.0010408286,-0.00034435536,-0.00023737867,0.0014099982,-0.0015347407,-0.0008687326,0.0018426623,0.000961768,0.00050881936,-0.00080803025,0.00089268223,8.173728e-05,0.00035110617,0.0007918546,-0.00057742425,0.0003144799,-0.0004579579,0.00036077655,6.70957e-05,-0.000845275,-7.3387328e-06,0.000294939,0.00032061664,0.0005524881,-0.0006349444,0.0003800323,-9.411269e-05,5.0156465e-05,0.0001093157,-0.00040271477,-0.00038893684,-3.7857702e-05,0.00010632463,-0.00016423159
16,7.998961e-05,0.002304563,0.0004619124,-0.0042975647,0.0037892507,-0.0018351312,-1.3280282e-05,0.0042599346,0.0007918484,0.00184332,-0.002202135,-0.0012218469,0.0005833728,-0.0018318039,-0.0016317703,0.0010408286,0.016628632,0.0018758406,0.0021207943,0.0020707273,0.0015941586,-0.0005188846,-0.00037447072,-0.00060035044,-0.001431991,0.0005924497,0.0010518408,-0.00068512687,0.00014259343,-0.0004122635,0.001098814,0.00030570783,-0.0005248152,0.00033331334,7.840489e-05,0.0010646777,0.0006114937,-3.2586628e-05,0.00018987354,-0.0002105124,0.00036472935,-0.00030083273,-0.0005500219,0.00010728632,-0.000133616,0.00022400232,-6.88937e-05,-9.671172e-05,0.00015766991,0.00019164302
17,0.0004120201,-0.0007086289,0.0011089883,0.0030360664,0.00024603656,-0.0012277735,0.001979534,-0.0021707104,-0.00262044,-0.0019338711,-0.0009545239,0.0030377049,9.958605e-05,0.00028757405,0.002084895,-0.00034435536,0.0018758406,0.016520763,-0.0023490493,-0.0011912009,-0.00053611485,-0.0007083368,0.0001465642,0.00051725423,0.00033264706,0.00023290789,-0.0016966774,-0.00026348967,-0.00050990935,0.00076521025,0.00090341136,0.00017927038,0.00019628397,0.0005024292,-0.0006752197,0.00021999847,-0.00019136441,-3.634444e-05,-0.00064486824,-0.00026949076,-0.00021422852,6.831727e-05,9.320057e-05,-0.00011386492,0.0004540044,-2.8203816e-05,0.00014648003,0.0002679684,-0.000114857365,-1.5009668e-05
18,0.001278791,0.0003126068,-0.0062638433,0.004199803,-0.0036475295,0.0002365939,-9.4016475e-05,-0.0078072343,0.00062204315,-0.0024953207,0.0011789603,0.0036454266,-0.0005534085,0.0020114365,0.0018622583,-0.00023737867,0.0021207943,-0.0023490493,0.01466321,0.00010735939,-3.3400727e-06,-0.00060609065,0.0001511526,0.00016278218,0.0010501561,0.0006080796,-0.00053156156,-0.00044210686,-0.0007628249,-0.00024969282,0.00055919646,0.00047140953,-0.0002737565,0.0011766658,0.00064449146,-0.0006143453,0.00030759332,-2.722607e-05,-0.00038319756,0.000103547485,-0.00029928875,0.00018454879,0.0003140822,-0.00014033138,5.522203e-05,-0.00044797367,-0.0001971876,-0.00017226447,-7.602812e-05,-0.00019451938
19,0.000117585965,-0.000562959,0.0019558326,0.0010923445,0.0005827231,-0.0015450044,0.003098966,0.0032458073,-0.0032048943,0.0015353486,0.0015359649,-0.00022456748,0.0021377704,0.00013018392,0.004419198,0.0014099982,0.0020707273,-0.0011912009,0.00010735939,0.009936906,-0.00015201315,0.0022317162,1.0686912e-05,0.00064288697,-0.00027035412,0.00038390697,-0.0013468998,0.00040852954,-0.0012258717,-3.2464464e-05,-0.00040178496,-8.6232365e-05,0.00043557037,-0.00027714946,0.00018932685,-0.0004631496,-0.00055658544,-8.130628e-05,-0.0006130976,-0.00023385716,0.00039719295,0.00028831023,5.2636875e-05,0.0004104238,-1.2134744e-05,0.00034115475,-0.0002264078,0.00032341326,0.00043215914,0.00061208976
20,-0.00052224414,-0.0012788551,0.0023096264,1.4678953e-05,0.002903965,-0.0017585875,5.665872e-05,0.00076578115,-0.0027403783,0.0009980893,0.0030108523,0.0013960786,-0.00047616177,-0.00017523234,-0.0016787245,-0.0015347407,0.0015941586,-0.00053611485,-3.3400727e-06,-0.00015201315,0.012329825,2.7064856e-05,0.0002672944,-0.0014852342,0.0008274844,-0.00034934576,-0.00066581555,-0.0006316064,0.00085385854,0.00096351805,0.00016918223,-0.00073933613,0.00014612815,-0.00063867273,-3.449448e-05,-0.0013672309,-0.00014201752,-0.00015095455,3.820338e-05,0.00041432254,-0.00046821893,0.0004299762,0.00010812377,-0.00016309673,-9.843132e-06,-7.768243e-05,0.00021767468,-0.0002720642,-1.1741742e-05,9.650187e-05
21,-0.0002797763,-0.0006304643,-0.00021784379,6.426532e-05,0.0008906682,0.00026283393,-0.0009484702,-0.0009649082,-0.00012853014,-0.0018872702,-0.0020138512,0.0011875744,-0.0010631006,0.00024977972,-0.0014538311,-0.0008687326,-0.0005188846,-0.0007083368,-0.00060609065,0.0022317162,2.7064856e-05,0.012842461,0.00026442437,0.00023499242,-0.00018947583,-0.0002803331,0.000100294186,-0.00044561914,0.00039176317,0.00039236306,0.0005946191,0.00013358967,-0.0002643822,0.0005414827,-0.0006077889,0.00024425873,0.00010277795,6.895074e-05,0.00015560328,2.8063634e-05,-0.00018356851,1.0192698e-05,-6.9669266e-05,-0.00013294963,0.00020298359,-9.3315815e-05,0.00012330397,7.926173e-06,-0.00029823888,-0.00018275942
22,-0.0006018017,-0.000787628,-0.0029800574,0.0005877025,-0.004249434,0.0034160593,-0.0003002347,-0.002735984,0.00122581,-0.00086568424,0.0007801063,-0.0033362166,-0.0003887761,-0.00016112949,0.00028917735,0.0018426623,-0.00037447072,0.0001465642,0.0001511526,1.0686912e-05,0.0002672944,0.00026442437,0.0101687005,-0.0016772491,-0.0001588535,0.00041683044,-0.0010710873,-6.1429964e-05,-0.00010392415,-0.0005369092,0.00035028168,-0.00029556736,0.0004900352,-0.00029540638,-0.00030649817,0.00012781101,-5.0869653e-06,-0.00027772863,0.00028912554,-0.00015770775,7.998225e-05,-0.00010732138,-6.944369e-05,-0.00035780348,-0.00010212531,0.00048183868,0.00035151874,0.00023723111,7.6149394e-05,0.00036579696
23,0.00016670935,-0.0005574602,-0.0035347852,-0.0014357887,-0.00072316895,0.00082238927,-1.02381055e-05,-0.0014295708,-0.0007667125,0.0008762492,0.004110327,-0.002423563,0.0001095371,-0.00012720129,-0.0013747194,0.000961768,-0.00060035044,0.00051725423,0.00016278218,0.00064288697,-0.0014852342,0.00023499242,-0.0016772491,0.0076364656,7.586022e-06,0.0011132937,-0.0010209826,-0.0010638612,0.00068904227,0.00018638285,0.0009441322,-0.00045686058,0.0002825336,-0.00015133989,0.00016014214,-0.0004203897,-0.000103886996,-0.00021737604,0.00022536263,0.00026193395,-9.461265e-05,0.0004160536,-0.0006932528,-0.0003246063,-0.00017979227,-0.00011713043,-0.00026563776,0.000491062,-2.7626176e-05,7.305639e-05
24,-0.0003303697,-0.00050443097,-0.00022100817,-0.002013443,0.0023205508,-0.00059399265,0.00051809207,0.0030840016,-0.00076860725,-0.00018871974,-0.0017752827,-0.0006426987,0.00044387486,-0.0007260992,-7.835022e-05,0.00050881936,-0.001431991,0.00033264706,0.0010501561,-0.00027035412,0.0008274844,-0.00018947583,-0.0001588535,7.586022e-06,0.008895442,9.373475e-05,1.8937531e-05,-0.0003932129,-2.5075093e-05,4.7310386e-05,0.00030066643,0.00012404638,-0.00014690612,0.00016222557,-0.00046519737,0.00053022907,9.526048e-06,-8.828277e-05,-0.0001576407,-8.446889e-05,9.336353e-05,-3.5567347e-05,-0.00014221098,7.348195e-05,9.53112e-05,0.00011857107,-6.5530505e-05,0.0002852399,-0.00013572254,0.0002206989
25,-2.4100293e-05,0.00057028414,0.0034321654,0.00058726734,0.0003882332,0.0011654268,-0.0012675631,0.0011634205,-0.00044786863,-0.00043407152,-0.0018322554,-0.00020868515,-0.0011145787,0.0004028275,-0.00062436785,-0.00080803025,0.0005924497,0.00023290789,0.0006080796,0.00038390697,-0.00034934576,-0.0002803331,0.00041683044,0.0011132937,9.373475e-05,0.008148065,0.00022341096,0.0005750152,4.53764e-05,5.4147138e-05,-0.00032103085,-0.000101371945,0.00020577302,-1.7475688e-05,-0.00026292005,-0.00057479297,-3.9790793e-05,0.00022161538,0.0007003222,9.0052985e-05,-7.9069e-05,-9.009798e-05,0.00018700605,-0.000162349,9.155674e-06,0.0003149682,0.00026415638,-0.00010054109,8.4428015e-05,1.0472437e-05
26,-8.934751e-05,-0.00034302342,-8.6326065e-05,0.0013609215,-0.0014210478,0.0004234128,0.0012481466,-0.0011811913,-0.0016275274,-0.0007321704,0.0009473724,-0.00046859082,3.8015507e-05,-8.4861356e-05,0.0012891004,0.00089268223,0.0010518408,-0.0016966774,-0.00053156156,-0.0013468998,-0.00066581555,0.000100294186,-0.0010710873,-0.0010209826,1.8937531e-05,0.00022341096,0.0071760444,-0.00016002712,-0.00019497704,0.0003227346,0.0008180217,-0.00037600682,0.00056306133,-0.00014315375,-0.00053532596,-2.4546982e-05,-0.00032070052,-0.00012787321,-2.0922365e-05,-0.00028190497,7.119276e-05,2.110063e-05,-0.000101819045,-0.00025970786,0.00017399792,0.00035846504,0.0003195982,0.0003743386,-4.782781e-05,0.00019800347
27,4.830941e-05,0.00040061056,-0.0006802018,-0.0012992594,0.0021235626,-0.0018192423,0.00018656733,0.00051815435,-0.0014734392,0.00026944964,0.0007753093,0.00077564263,0.00020608504,-8.591904e-05,-0.0007492908,8.173728e-05,-0.00068512687,-0.00026348967,-0.00044210686,0.00040852954,-0.0006316064,-0.00044561914,-6.1429964e-05,-0.0010638612,-0.0003932129,0.0005750152,-0.00016002712,0.006682859,0.0002704385,0.00033334087,0.0008178109,-8.225789e-05,-0.00039566946,0.00025093174,-9.137161e-05,-0.0001817543,0.00014102401,-0.00018526235,-0.00022902948,7.279069e-05,-5.2622945e-05,0.00039380678,-0.00027626439,8.672838e-05,1.1002861e-05,-7.362329e-05,-0.00011825514,-7.9323596e-05,-3.9726685e-05,0.00020378348
28,6.9196535e-06,-8.494548e-05,0.0013992533,0.0010777598,-0.00019060801,6.319273e-05,0.0007049225,-0.00059521076,0.00029217955,-0.0002757422,-0.0014180216,0.00046158087,0.0003846251,-3.0512525e-05,0.0020215053,0.00035110617,0.00014259343,-0.00050990935,-0.0007628249,-0.0012258717,0.00085385854,0.00039176317,-0.00010392415,0.00068904227,-2.5075093e-05,4.53764e-05,-0.00019497704,0.0002704385,0.006383151,-0.00049027626,0.00016887751,0.00037346713,6.16871e-05,0.0005341391,0.00043375843,-5.157994e-05,0.00023060956,3.5843834e-05,9.076303e-05,-0.00010934883,-2.1846117e-05,-0.00026371697,0.00010377169,-5.4411845e-05,-1.6455782e-05,0.00019165453,-5.638393e-05,0.000109448636,0.00028007664,0.00027058338
29,0.0004762976,-0.00010092014,-0.0016237397,0.0004804855,-0.0026470625,0.0014129046,-0.000620761,-0.001784553,0.0020671447,5.292204e-06,-0.00021471336,-0.0010703299,-0.00013594146,0.0001988656,0.00066536467,0.0007918546,-0.0004122635,0.00076521025,-0.00024969282,-3.2464464e-05,0.00096351805,0.00039236306,-0.0005369092,0.00018638285,4.7310386e-05,5.4147138e-05,0.0003227346,0.00033334087,-0.00049027626,0.006325394,-0.00022507246,6.765888e-05,-1.4279496e-05,4.88194e-05,0.00043752178,6.3385164e-06,0.00025839027,-5.033369e-05,0.00020041372,-0.000101275305,0.000115915565,-0.00020603613,0.0001580863,-3.8275983e-05,-0.00018585919,0.00020711025,0.00010418605,-0.00019127753,0.000190247,0.0001978993
30,-0.00017528204,0.00012380476,-0.0001911272,0.0005114385,-0.0025379271,0.0030417554,-0.0010147073,-0.0005994527,0.0015265306,-0.00051427656,-0.00032581968,-0.002174267,0.00025318528,0.00071830145,-0.0003138211,-0.00057742425,0.001098814,0.00090341136,0.00055919646,-0.00040178496,0.00016918223,0.0005946191,0.00035028168,0.0009441322,0.00030066643,-0.00032103085,0.0008180217,0.0008178109,0.00016887751,-0.00022507246,0.00399786,0.00035857208,-0.00021326098,-0.00091333716,-0.00015094622,6.0122387e-05,-0.000191614,-0.0002612374,-0.0005665098,0.0004507801,-0.00054186804,0.00019376742,0.00050149165,0.00017035131,-5.4081673e-05,-0.0003299421,-0.00027623563,6.474147e-05,-2.9438424e-06,8.5703825e-05
31,-0.00012678631,0.0005128653,-0.00045742004,0.00029826752,-0.00036152065,0.00050441077,-0.00021752679,0.00026109014,-0.0004941855,5.580434e-05,0.0011947689,-0.0003868346,-0.00045722455,3.8159815e-05,-0.00042333995,0.0003144799,0.00030570783,0.00017927038,0.00047140953,-8.6232365e-05,-0.00073933613,0.00013358967,-0.00029556736,-0.00045686058,0.00012404638,-0.000101371945,-0.00037600682,-8.225789e-05,0.00037346713,6.765888e-05,0.00035857208,0.005431264,0.0003177461,-6.8022026e-05,-0.00017763008,-0.000392431,-0.00022998254,0.00013890305,0.00034786342,-8.768622e-05,0.0003888939,0.00015887953,-0.00013383507,6.288146e-05,-7.3850824e-05,0.00019347567,0.00017743043,-0.00023723434,5.0650116e-05,-4.1736967e-05
32,-0.0001432832,-0.00019646855,-0.00049445336,-0.00086145825,0.0019223352,-0.0011482135,0.000112003545,0.0004741007,9.097412e-05,-0.00011709808,-0.00063811115,0.0010451374,0.0003806019,-0.00028713714,-0.00048330706,-0.0004579579,-0.0005248152,0.00019628397,-0.0002737565,0.00043557037,0.00014612815,-0.0002643822,0.0004900352,0.0002825336,-0.00014690612,0.00020577302,0.00056306133,-0.00039566946,6.16871e-05,-1.4279496e-05,-0.00021326098,0.0003177461,0.0050667403,0.00012169186,8.0318176e-05,9.823849e-05,0.00025570265,-0.00016466253,-0.0004626077,0.00019472299,-0.00023198177,8.455477e-05,0.00014029037,0.00015085298,2.8922186e-06,-0.00028963928,-0.00018861456,-0.00018877766,-6.1027233e-05,1.8787297e-05
33,-0.00030444033,0.00022330284,-0.00035763317,-0.0005047872,7.590553e-05,-0.00025748045,0.0008517939,0.0009225145,9.887764e-05,0.0012712514,0.0017600264,-0.0011263369,0.0008372528,-0.0010509342,-0.0007115115,0.00036077655,0.00033331334,0.0005024292,0.0011766658,-0.00027714946,-0.00063867273,0.0005414827,-0.00029540638,-0.00015133989,0.00016222557,-1.7475688e-05,-0.00014315375,0.00025093174,0.0005341391,4.88194e-05,-0.00091333716,-6.8022026e-05,0.00012169186,0.0035599142,-0.00021050738,0.00020943901,-4.9255854e-05,-0.0004615535,-0.0005666116,0.00015988949,-0.0002821793,-0.0002006887,0.00047553977,-6.348443e-05,-7.897902e-05,4.0046274e-05,0.0004074053,-0.00017192219,-7.022015e-05,-4.2041305e-05
34,-9.716401e-05,0.00031884172,0.00022582438,-2.9884228e-05,-0.0006578985,0.0016518873,-0.0002669855,0.00073857076,-0.0008442184,-0.0016920338,-0.0014948831,-0.0010939197,-0.0005192243,0.000119975964,-0.0005976275,6.70957e-05,7.840489e-05,-0.0006752197,0.00064449146,0.00018932685,-3.449448e-05,-0.0006077889,-0.00030649817,0.00016014214,-0.00046519737,-0.00026292005,-0.00053532596,-9.137161e-05,0.00043375843,0.00043752178,-0.00015094622,-0.00017763008,8.0318176e-05,-0.00021050738,0.0034138623,0.00040841836,-0.000375967,-7.5308475e-05,-0.0001515266,-0.00010660848,3.811605e-05,0.0002148887,-2.4215948e-05,5.41815e-05,0.00022237547,0.00016692604,0.00017169006,0.00017709238,-0.00023036142,0.00013516785
35,0.00022175285,0.0005151501,0.00035505608,0.00056378753,0.0006692598,0.000109818684,-0.0012312421,1.634748e-05,-0.0012672171,0.00024218005,0.000563033,0.0008138595,-0.0011623488,0.00072406663,-0.00046690056,-0.000845275,0.0010646777,0.00021999847,-0.0006143453,-0.0004631496,-0.0013672309,0.00024425873,0.00012781101,-0.0004203897,0.00053022907,-0.00057479297,-2.4546982e-05,-0.0001817543,-5.157994e-05,6.3385164e-06,6.0122387e-05,-0.000392431,9.823849e-05,0.00020943901,0.00040841836,0.0029022095,0.00021294736,7.8124925e-05,0.0005715448,0.00033228163,-0.000257814,0.00026785617,0.00024570076,-0.00023280224,-0.00014585804,0.00018911104,3.9010964e-05,-0.0002954123,0.00023116705,0.00033658894
36,0.00043729212,-0.00012700069,-4.2060157e-05,0.00017557295,-0.0009127684,0.0007002766,0.00019257571,4.3143547e-05,-0.00017028546,-0.00073126657,0.00046630597,-0.0005304165,1.9647789e-05,0.00026512967,0.00023222256,-7.3387328e-06,0.0006114937,-0.00019136441,0.00030759332,-0.00055658544,-0.00014201752,0.00010277795,-5.0869653e-06,-0.000103886996,9.526048e-06,-3.9790793e-05,-0.00032070052,0.00014102401,0.00023060956,0.00025839027,-0.000191614,-0.00022998254,0.00025570265,-4.9255854e-05,-0.000375967,0.00021294736,0.003960224,0.00012880108,-4.4018423e-05,-0.00010674087,0.00022314179,0.00015950181,-0.00017146574,0.00013208375,0.00010920376,-0.00012225943,-0.00012680344,0.00023904184,-0.00020092093,-0.00018309675
37,0.00015026118,-0.00022803532,-0.0007239259,-0.00017142887,0.00012966938,-0.00013018101,0.0004159647,-0.000268351,-4.250845e-05,0.00018990447,0.00047373155,-0.00037881563,0.0005094586,-0.00035145474,-0.000122036916,0.000294939,-3.2586628e-05,-3.634444e-05,-2.722607e-05,-8.130628e-05,-0.00015095455,6.895074e-05,-0.00027772863,-0.00021737604,-8.828277e-05,0.00022161538,-0.00012787321,-0.00018526235,3.5843834e-05,-5.033369e-05,-0.0002612374,0.00013890305,-0.00016466253,-0.0004615535,-7.5308475e-05,7.8124925e-05,0.00012880108,0.003548852,-0.00040027674,0.0001284955,-0.00027604937,-1.6346019e-05,0.0002191102,-3.4022687e-05,-3.3023163e-05,1.7337763e-05,0.00015016085,-5.9021157e-05,2.6470336e-06,0.00017672163
38,0.00029031432,-0.0003304377,-0.0011118837,-0.00015806043,0.00022074286,-0.0013470904,0.0012226468,-9.2209826e-05,-0.0004862451,0.00057824445,0.0010210455,0.0003536364,0.0013618779,-0.00011866045,0.00043159648,0.00032061664,0.00018987354,-0.00064486824,-0.00038319756,-0.0006130976,3.820338e-05,0.00015560328,0.00028912554,0.00022536263,-0.0001576407,0.0007003222,-2.0922365e-05,-0.00022902948,9.076303e-05,0.00020041372,-0.0005665098,0.00034786342,-0.0004626077,-0.0005666116,-0.0001515266,0.0005715448,-4.4018423e-05,-0.00040027674,0.0026062,5.2545205e-05,-0.0001908475,0.000218834,0.00013401858,0.00030815226,5.5337376e-05,-0.0002897373,-0.000112902024,-6.30155e-05,-4.694116e-05,5.4135515e-05
39,4.9200567e-06,-2.8919414e-05,-0.00011410627,0.00032874197,-0.00038622535,-0.0002050147,0.00058415404,-2.8213348e-05,0.00024896642,-0.00018631062,-8.984582e-05,0.00025430936,0.00010611327,-0.00031469908,0.00061588065,0.0005524881,-0.0002105124,-0.00026949076,0.000103547485,-0.00023385716,0.00041432254,2.8063634e-05,-0.00015770775,0.00026193395,-8.446889e-05,9.0052985e-05,-0.00028190497,7.279069e-05,-0.00010934883,-0.000101275305,0.0004507801,-8.768622e-05,0.00019472299,0.00015988949,-0.00010660848,0.00033228163,-0.00010674087,0.0001284955,5.2545205e-05,0.0030568657,0.00041112176,-0.00013429913,-9.580212e-05,0.0001076142,2.1819144e-05,0.00013293824,0.0001360066,-0.00010389761,5.09641e-06,-0.00010512858
40,1.6289512e-05,0.00015526748,0.0011254,0.0001225349,0.0009502731,0.00044958768,-0.0002611975,-0.0002746635,-0.0005214956,-2.6986672e-06,-0.0004422902,-0.0002339879,8.407574e-05,5.225467e-05,-0.00051298604,-0.0006349444,0.00036472935,-0.00021422852,-0.00029928875,0.00039719295,-0.00046821893,-0.00018356851,7.998225e-05,-9.461265e-05,9.336353e-05,-7.9069e-05,7.119276e-05,-5.2622945e-05,-2.1846117e-05,0.000115915565,-0.00054186804,0.0003888939,-0.00023198177,-0.0002821793,3.811605e-05,-0.000257814,0.00022314179,-0.00027604937,-0.0001908475,0.00041112176,0.0024255964,6.1544756e-06,0.0002334099,-0.00025123815,2.082367e-05,-0.00010262594,-4.4556076e-05,0.00021272515,4.1750165e-05,0.00016437037
41,-0.00021927623,-0.00035658822,0.0012503484,0.00020774036,-0.00022299134,-0.0004458326,0.00029217266,-9.182669e-05,0.0005197227,0.00080446905,-0.00022307524,-0.00018637012,0.00024787948,-0.00034902734,0.00034829188,0.0003800323,-0.00030083273,6.831727e-05,0.00018454879,0.00028831023,0.0004299762,1.0192698e-05,-0.00010732138,0.0004160536,-3.5567347e-05,-9.009798e-05,2.110063e-05,0.00039380678,-0.00026371697,-0.00020603613,0.00019376742,0.00015887953,8.455477e-05,-0.0002006887,0.0002148887,0.00026785617,0.00015950181,-1.6346019e-05,0.000218834,-0.00013429913,6.1544756e-06,0.0025742976,5.095455e-05,-0.00017654826,-4.239253e-05,0.00021597181,0.00029135714,3.312637e-05,8.063039e-05,-0.00010166099
42,-0.00025560902,-8.266024e-06,-4.043628e-05,-0.0007545254,0.0009443599,-0.00020935229,0.00030839985,0.0006740263,-4.7028338e-05,-0.00034345372,-2.9009107e-05,6.4093416e-05,2.8821447e-05,-0.00028864865,-3.679069e-05,-9.411269e-05,-0.0005500219,9.320057e-05,0.0003140822,5.2636875e-05,0.00010812377,-6.9669266e-05,-6.944369e-05,-0.0006932528,-0.00014221098,0.00018700605,-0.000101819045,-0.00027626439,0.00010377169,0.0001580863,0.00050149165,-0.00013383507,0.00014029037,0.00047553977,-2.4215948e-05,0.00024570076,-0.00017146574,0.0002191102,0.00013401858,-9.580212e-05,0.0002334099,5.095455e-05,0.0025134995,7.005846e-05,7.540164e-05,-0.00017214887,-0.00029206212,0.00025989776,-0.0001216464,-0.00014167855
43,0.00025682448,0.00022855413,-0.00020038878,0.000341947,-0.0003240024,0.0006419539,-0.00031770836,-0.0005115579,-0.00023097903,8.135178e-05,-8.28012e-05,-0.0004217901,-0.0003864321,6.885705e-05,-0.00021594061,5.0156465e-05,0.00010728632,-0.00011386492,-0.00014033138,0.0004104238,-0.00016309673,-0.00013294963,-0.00035780348,-0.0003246063,7.348195e-05,-0.000162349,-0.00025970786,8.672838e-05,-5.4411845e-05,-3.8275983e-05,0.00017035131,6.288146e-05,0.00015085298,-6.348443e-05,5.41815e-05,-0.00023280224,0.00013208375,-3.4022687e-05,0.00030815226,0.0001076142,-0.00025123815,-0.00017654826,7.005846e-05,0.0021967192,-1.6812188e-05,0.00015648094,0.00015166227,0.00020515585,2.5407717e-05,1.2284242e-05
44,-0.00016916973,-4.2139454e-05,-0.0006441502,-0.00018848557,-0.00025485133,-7.7360535e-05,-0.00014541019,-0.00014965612,0.000462392,0.00035780587,0.0004057268,-0.000116864554,-1.1742467e-05,-0.00010146396,-8.5348074e-05,0.0001093157,-0.000133616,0.0004540044,5.522203e-05,-1.2134744e-05,-9.843132e-06,0.00020298359,-0.00010212531,-0.00017979227,9.53112e-05,9.155674e-06,0.00017399792,1.1002861e-05,-1.6455782e-05,-0.00018585919,-5.4081673e-05,-7.3850824e-05,2.8922186e-06,-7.897902e-05,0.00022237547,-0.00014585804,0.00010920376,-3.3023163e-05,5.5337376e-05,2.1819144e-05,2.082367e-05,-4.239253e-05,7.540164e-05,-1.6812188e-05,0.002357023,2.249741e-05,2.2435108e-05,-0.00013011084,4.900717e-05,4.112433e-05
45,-4.6860732e-05,-0.00037214212,-0.00086434296,-6.6652065e-05,-0.00027626712,-0.00033764358,-9.19006e-05,-0.00077095075,0.00015426331,0.00015988955,0.00094816333,0.00029029738,0.00038241467,0.0005797025,-0.00021416781,-0.00040271477,0.00022400232,-2.8203816e-05,-0.00044797367,0.00034115475,-7.768243e-05,-9.3315815e-05,0.00048183868,-0.00011713043,0.00011857107,0.0003149682,0.00035846504,-7.362329e-05,0.00019165453,0.00020711025,-0.0003299421,0.00019347567,-0.00028963928,4.0046274e-05,0.00016692604,0.00018911104,-0.00012225943,1.7337763e-05,-0.0002897373,0.00013293824,-0.00010262594,0.00021597181,-0.00017214887,0.00015648094,2.249741e-05,0.001938351,-0.00034560688,0.00014750025,-0.00010704947,-0.00022296753
46,4.078016e-06,-0.0001567597,-0.00041398636,-0.00050572533,0.00019620352,0.0002062447,-0.00021345353,0.00026380172,-0.00011087074,-9.309864e-05,-2.496839e-05,-8.978519e-05,0.00017585218,0.0005833531,0.00013199492,-0.00038893684,-6.88937e-05,0.00014648003,-0.0001971876,-0.0002264078,0.00021767468,0.00012330397,0.00035151874,-0.00026563776,-6.5530505e-05,0.00026415638,0.0003195982,-0.00011825514,-5.638393e-05,0.00010418605,-0.00027623563,0.00017743043,-0.00018861456,0.0004074053,0.00017169006,3.9010964e-05,-0.00012680344,0.00015016085,-0.000112902024,0.0001360066,-4.4556076e-05,0.00029135714,-0.00029206212,0.00015166227,2.2435108e-05,-0.00034560688,0.0016056673,0.00031890004,-1.6248052e-05,-3.304122e-05
47,0.00018983503,6.6379194e-05,2.3952438e-05,0.00023782109,-3.496006e-05,-0.00097408216,-0.0002931939,-0.00041350175,0.0005724892,0.0005149308,0.00044506267,0.0010780366,-0.00024308833,-0.00020815588,-0.00039190153,-3.7857702e-05,-9.671172e-05,0.0002679684,-0.00017226447,0.00032341326,-0.0002720642,7.926173e-06,0.00023723111,0.000491062,0.0002852399,-0.00010054109,0.0003743386,-7.9323596e-05,0.000109448636,-0.00019127753,6.474147e-05,-0.00023723434,-0.00018877766,-0.00017192219,0.00017709238,-0.0002954123,0.00023904184,-5.9021157e-05,-6.30155e-05,-0.00010389761,0.00021272515,3.312637e-05,0.00025989776,0.00020515585,-0.00013011084,0.00014750025,0.00031890004,0.0011695544,0.00016900798,0.00011413025
48,9.131921e-05,7.8579005e-06,-0.0012769091,4.9433103e-05,-0.00052832195,0.00021199224,-0.00011282276,-0.00042856284,-0.00014027435,-0.00031110802,0.00053658953,-0.0002217002,5.4100383e-05,0.00040639692,-0.00031561317,0.00010632463,0.00015766991,-0.000114857365,-7.602812e-05,0.00043215914,-1.1741742e-05,-0.00029823888,7.6149394e-05,-2.7626176e-05,-0.00013572254,8.4428015e-05,-4.782781e-05,-3.9726685e-05,0.00028007664,0.000190247,-2.9438424e-06,5.0650116e-05,-6.1027233e-05,-7.022015e-05,-0.00023036142,0.00023116705,-0.00020092093,2.6470336e-06,-4.694116e-05,5.09641e-06,4.1750165e-05,8.063039e-05,-0.0001216464,2.5407717e-05,4.900717e-05,-0.00010704947,-1.6248052e-05,0.00016900798,0.0016858442,-0.00021176439
49,0.000106675514,-0.0002823866,-0.0012467592,0.0001992179,-0.0008614734,-0.00061293837,-1.9774616e-06,-0.0008083174,0.00050035026,0.0003266525,0.001129018,0.0005578381,3.460453e-05,0.00033572438,-0.00019072772,-0.00016423159,0.00019164302,-1.5009668e-05,-0.00019451938,0.00061208976,9.650187e-05,-0.00018275942,0.00036579696,7.305639e-05,0.0002206989,1.0472437e-05,0.00019800347,0.00020378348,0.00027058338,0.0001978993,8.5703825e-05,-4.1736967e-05,1.8787297e-05,-4.2041305e-05,0.00013516785,0.00033658894,-0.00018309675,0.00017672163,5.4135515e-05,-0.00010512858,0.00016437037,-0.00010166099,-0.00014167855,1.2284242e-05,4.112433e-05,-0.00022296753,-3.304122e-05,0.00011413025,-0.00021176439,0.0011895847
