,0,1,2,3,4,5,6,7,8,9,10,11,12,13,14,15,16,17,18,19,20,21,22,23,24,25,26,27,28,29,30,31,32,33,34,35,36,37,38,39,40,41,42,43,44,45,46,47,48,49
0,9.521942,49.3023,-21.513803,0.17888232,0.0016097648,0.003022519,-0.009325065,0.00017659046,0.0030419435,0.0008319259,-0.0035877754,0.0062547335,-0.004298972,-0.00049098546,0.0009220339,0.0042966455,0.00064316037,-0.0014678158,0.0013786177,0.000544903,-0.0012551621,-0.00054173794,0.00057054777,0.00040903836,0.00019773183,0.00068258203,-0.0005120648,0.00011622002,0.00048669713,9.29177e-05,-0.00021015093,-9.804577e-05,2.4827563e-05,0.00021463694,-6.720466e-05,-7.2056704e-05,1.5019134e-06,-4.6141347e-05,0.00012277771,-4.2247964e-05,-9.915375e-05,8.114886e-05,-5.6365763e-05,2.5294663e-05,4.2615604e-05,0.00013688978,7.642615e-05,1.9792067e-06,-4.200024e-05,-0.000100416015
1,49.3023,255.68088,-111.56879,0.9219591,-0.0053513944,0.014320437,0.0011725506,0.002743423,-0.0052275276,0.0018246403,0.000715695,-0.0004908875,-0.0006561592,0.0023697838,-0.0010298647,0.00039916852,0.0004396435,-0.00082874874,0.00048241444,-0.00027637056,-3.089426e-05,3.2278388e-06,0.00025346898,-2.6231126e-06,-0.000116737356,-0.0002528283,-0.00031690235,-0.0005594613,0.0004441759,-0.00034881686,0.0003769223,0.00061916746,0.00046506955,0.0004902743,0.0005245835,-0.00028765807,2.5072051e-05,-0.00013574227,-9.270778e-06,-0.00041950768,0.00013612749,0.00027188426,1.3630068e-05,0.00018334753,0.00021878473,-2.6725595e-05,0.00013153699,0.00015869536,1.5748183e-05,-0.00021867732
2,-21.513803,-111.56879,48.688908,-0.3987581,0.004453825,0.014539143,-0.0031365203,0.0029216455,0.0033262135,-0.0025243931,-0.0013819437,0.00030269753,0.00089316955,-0.0010545535,-6.548857e-05,-0.00058624346,-0.0011482718,0.00027050247,-0.00034723635,-0.00018595665,0.0004193875,4.4914035e-05,-0.00014199484,-1.2997496e-05,-4.9982045e-05,-1.5221646e-05,0.0003413589,0.00044703967,7.566467e-05,0.00021167734,-0.00015672192,-0.0002449568,-0.00022033975,-2.3371107e-05,-0.000297194,0.00019995478,-4.22674e-05,6.181708e-05,-6.136729e-05,0.00014644307,-2.2990485e-05,2.8118126e-05,-1.0471387e-05,-7.097998e-05,-0.00018698792,8.549285e-05,-0.00013863979,-3.9922816e-05,-1.17006275e-05,0.00010219522
3,0.17888232,0.9219591,-0.3987581,0.008415837,0.011281138,0.014891168,-0.0016551542,0.003085754,0.002589846,-0.0007298121,-0.002303362,0.00031714476,-0.0017134622,0.0014149325,0.00020639581,-0.00024290735,-0.0007440859,3.4254488e-05,-0.00011731095,-0.0010332799,0.0008192212,0.0008258022,0.00013151074,4.393915e-05,-5.24149e-05,0.00010238905,6.9493544e-05,0.00025819417,0.00031120976,-1.4810208e-05,4.922354e-05,-1.70703e-05,3.4083234e-05,-8.6432365e-06,-0.00014504345,0.0001142715,-7.365857e-05,2.1723465e-05,-7.173911e-05,-4.6164805e-05,0.00013604628,8.738937e-05,-2.8153745e-06,5.6618483e-05,1.18397365e-05,0.00016415761,-6.329612e-05,0.00012451076,5.448413e-05,1.0545984e-05
4,0.0016097648,-0.0053513944,0.004453825,0.011281138,0.078555904,-0.006093738,0.013792058,0.009476783,0.012093604,0.0077518234,-0.0010018661,0.0054301852,-0.0062004095,0.0036652898,0.0011303127,-0.0011569355,-0.0023426577,0.0008905324,-0.0014214602,-0.003498604,0.0019142309,0.0021780669,0.00192698,0.00034278736,-0.00034527655,0.0013158764,0.00035776704,0.00094899954,-0.00071488577,-0.00017174156,0.0001867339,-0.00041511876,0.00026633168,0.00045445727,-0.00028644264,0.0003013367,-8.608948e-05,-0.00033415947,-0.000303898,-0.00027981302,0.0009001654,0.00013581483,0.00013626201,0.00024168381,0.00059666974,0.00043791416,-0.0004032383,-5.3791016e-05,0.00060839916,0.00014563825
5,0.003022519,0.014320437,0.014539143,0.014891168,-0.006093738,0.111410454,-0.011313701,0.0077176373,0.01034314,-0.0001839642,-0.004327383,-0.00087884115,0.0029316093,-1.3043726e-05,-0.0010530723,0.0003642112,-0.0016436195,0.00069299294,-0.00025422953,-0.00092354143,0.0018619271,-0.0006487288,-0.0009631263,-0.00024841726,0.00038863666,-0.0013997101,0.0003223674,0.00024278343,0.0020188624,0.00014542637,-0.00014571959,0.00064432324,-0.00023104748,0.00043573987,-6.517704e-05,0.00059557235,-2.785196e-05,0.00028283172,-0.00012344655,-0.00031171984,-0.00040238292,0.0004322435,-0.00027483114,-4.6873694e-05,-0.00052481925,-6.436245e-05,-0.00033268216,0.00024618575,8.945483e-05,9.0662434e-05
6,-0.009325065,0.0011725506,-0.0031365203,-0.0016551542,0.013792058,-0.011313701,0.021896336,0.0027015246,0.00010856145,0.005691464,0.0002979388,-0.0030325954,0.0038466696,0.0034391556,-0.00027839385,-0.0013610325,0.0022606975,0.0009611808,-0.00014364233,0.0009740113,0.0007770592,-0.00028005007,0.00074760534,-0.00015375794,0.00027682213,-0.00030577026,0.00033957628,-0.00030485168,-0.0006047735,-9.3518756e-05,5.7770794e-06,0.0005077792,0.00042937428,-0.0002073874,0.00020920002,0.0002014832,0.00010305148,2.8899285e-05,4.078985e-05,-8.8172776e-05,0.00036343365,-0.00019467276,-1.6027518e-05,-0.000103865874,0.00015172627,-0.00021301323,-0.000117209216,-0.00010570248,0.00024141502,0.00025577215
7,0.00017659046,0.002743423,0.0029216455,0.003085754,0.009476783,0.0077176373,0.0027015246,0.036504935,-0.0001762678,-0.0012611249,-0.0019933898,0.0009741723,0.0048476253,0.00034259938,0.0029029055,-0.00031362905,-0.0007048232,-0.0009854629,-0.00028224784,0.0010314558,0.00030717335,-3.665166e-05,0.00024323825,0.00072846917,0.0011511557,-4.0844327e-05,0.0005510517,0.00017687204,-2.1851283e-05,0.0003532844,-0.0002528329,-0.00046209677,0.00011013976,-0.00019330333,-0.00019505947,-0.0001672436,-0.00021619434,-0.0003287894,0.00015538179,0.00013255782,0.000677594,0.00020649422,0.00013058727,0.0003021678,0.00017751042,0.0004381394,1.9391315e-05,-0.0001023849,-0.0001168016,-0.0003281678
8,0.0030419435,-0.0052275276,0.0033262135,0.002589846,0.012093604,0.01034314,0.00010856145,-0.0001762678,0.007612519,0.0070519503,-6.3472066e-06,0.0015346736,-0.0018757102,-0.00070824486,0.0012105943,0.0009924171,-5.522896e-05,0.00078853755,0.0003262354,-0.0005919445,0.00013293786,-0.00032900745,0.0001650877,0.00014529514,0.00019084255,-0.00010802324,-0.00019827524,3.875191e-05,0.00035290292,4.3597902e-05,3.997032e-05,-0.0002121609,-8.5614316e-05,-5.8816186e-06,-0.00016724042,0.00011532193,-0.00015769765,6.5821834e-05,0.00013233509,-4.1893552e-05,-2.0692896e-06,-5.5991615e-05,-2.7515085e-05,2.6052e-05,7.6269615e-05,-7.05891e-05,-0.0001327425,-4.4749127e-06,0.00012588412,4.9562905e-06
9,0.0008319259,0.0018246403,-0.0025243931,-0.0007298121,0.0077518234,-0.0001839642,0.005691464,-0.0012611249,0.0070519503,0.013180618,0.0020942916,-0.0014666079,-0.00034915825,0.0002178305,0.0007663999,0.0006308846,-0.00066958374,0.00059485115,0.0005201099,0.00028518992,-0.00091038086,-0.00065743376,0.00064116804,0.00021562907,0.00034671096,-0.00041757643,-0.00011214237,-7.804312e-05,0.000275751,-1.9586081e-05,-0.00011659128,-1.6869362e-05,-9.634737e-05,1.290969e-05,-0.00023016665,-0.0002302709,-9.34752e-05,3.8769518e-05,7.451366e-05,3.3765205e-05,-3.7128724e-05,-4.1669893e-05,3.4998142e-05,-6.992198e-05,-0.000105565974,-0.0002245336,-8.867687e-05,-8.135027e-05,0.00018085865,-1.9315179e-05
10,-0.0035877754,0.000715695,-0.0013819437,-0.002303362,-0.0010018661,-0.004327383,0.0002979388,-0.0019933898,-6.3472066e-06,0.0020942916,0.011590822,-0.0008563035,0.00084952044,-0.001196022,0.00052953756,0.00012890436,-7.71232e-05,-0.0011028752,-0.0005275012,-0.0005664992,0.00065035105,-0.00030977733,-0.0010607503,-6.0622802e-05,0.00022984117,-0.0001010718,2.2783395e-05,0.00030800016,0.00025285434,-5.6447047e-05,-0.00010114713,-3.982443e-05,-1.6456511e-06,0.00014222707,0.000107159954,-5.230622e-07,-4.48298e-05,-0.00015778648,-9.8151926e-05,-0.00017025776,-1.7228565e-05,8.472687e-05,-3.4353095e-06,9.7168624e-05,-9.115623e-05,0.00014287615,-5.7222926e-05,-4.815821e-05,-0.0001030835,-5.2971896e-05
11,0.0062547335,-0.0004908875,0.00030269753,0.00031714476,0.0054301852,-0.00087884115,-0.0030325954,0.0009741723,0.0015346736,-0.0014666079,-0.0008563035,0.0056743626,-0.0011675516,-0.00071192096,0.00073672354,0.0009350134,0.0006322649,-0.00052112265,-0.0005466774,0.0003971453,-0.00044326746,-0.0005988168,-0.0002984064,6.035193e-05,0.00016814636,0.00035084132,-7.974266e-05,5.0110008e-05,-0.00019388186,-0.00026634886,-0.000120904966,-1.828458e-05,0.00018599966,0.00027897168,-0.00011040881,9.648635e-05,9.839935e-05,6.794651e-05,7.563968e-05,-9.013901e-05,-6.73469e-05,-3.756983e-05,-6.3348316e-06,-9.9953395e-06,7.510632e-05,9.853988e-05,-9.741192e-05,-0.00015801915,8.660196e-05,2.7168295e-05
12,-0.004298972,-0.0006561592,0.00089316955,-0.0017134622,-0.0062004095,0.0029316093,0.0038466696,0.0048476253,-0.0018757102,-0.00034915825,0.00084952044,-0.0011675516,0.004456244,-0.0009359913,-0.00015692713,0.00011853434,0.0004446241,0.00058117905,-0.0004030454,0.00045097113,-2.097303e-06,-0.00036372978,-2.2085533e-05,0.0001513311,0.00011478489,-0.00031742314,0.00014146371,-0.00016015617,-0.00031825833,6.1872786e-05,6.944833e-05,0.00016552798,0.00010859837,0.00012931986,0.00015084253,-0.00018088693,0.00012889723,-5.5282224e-05,-5.845479e-05,0.00010179616,-0.000104649785,0.00010695508,5.620515e-07,-6.5732806e-05,0.0001040597,-1.3935451e-05,-9.271162e-05,-0.000114311355,1.3405809e-05,4.167691e-05
13,-0.00049098546,0.0023697838,-0.0010545535,0.0014149325,0.0036652898,-1.3043726e-05,0.0034391556,0.00034259938,-0.00070824486,0.0002178305,-0.001196022,-0.00071192096,-0.0009359913,0.004770129,0.00056392467,6.476345e-05,0.00019665709,-0.0008985198,7.0190454e-06,0.00027278299,0.00029571797,0.00021621879,-6.2010386e-06,-0.00019390465,-9.582665e-05,-4.5844383e-05,0.00029870015,-4.348888e-05,2.4609899e-05,-0.00046133652,1.726924e-05,0.0004892388,0.000141027,-1.6193393e-05,-3.635522e-05,5.7455436e-05,2.8564984e-05,-1.2824909e-05,-0.00018987193,-5.9489386e-05,3.370266e-05,5.3239368e-05,-9.995515e-05,9.347906e-05,-0.00010087511,3.621535e-05,-8.846824e-05,0.00012027247,1.52095345e-05,-9.639884e-05
14,0.0009220339,-0.0010298647,-6.548857e-05,0.00020639581,0.0011303127,-0.0010530723,-0.00027839385,0.0029029055,0.0012105943,0.0007663999,0.00052953756,0.00073672354,-0.00015692713,0.00056392467,0.0018689791,0.00059989933,0.00070557324,0.00013798196,-0.00018642565,-9.795966e-05,0.00051850773,-0.00017327309,-0.00030834,3.9155384e-05,-0.00023899294,-8.4847634e-05,-0.00010030696,-5.646401e-06,7.1387476e-05,-8.8628585e-05,-5.6593788e-05,2.053785e-06,8.994821e-05,-5.743209e-06,-4.3583936e-05,4.4887354e-05,-9.089074e-05,4.5333494e-05,4.8922855e-05,4.6505986e-05,-1.3895697e-06,4.903764e-05,-8.081682e-05,0.00012854517,5.6129793e-05,1.01105e-05,-7.469999e-05,-4.799878e-05,-3.195241e-05,-5.1699768e-05
15,0.0042966455,0.00039916852,-0.00058624346,-0.00024290735,-0.0011569355,0.0003642112,-0.0013610325,-0.00031362905,0.0009924171,0.0006308846,0.00012890436,0.0009350134,0.00011853434,6.476345e-05,0.00059989933,0.003861125,0.0007437612,-0.00015855924,0.0006915963,-0.000100133504,0.00016541548,-2.2064452e-05,0.00032251776,0.00024894386,-0.00010199928,0.0002591737,-4.7248875e-05,-2.5119627e-05,-4.2421643e-06,0.00010845313,-2.0308195e-05,0.00010991396,8.458314e-06,0.00011460442,0.00015749813,-3.9707873e-05,2.1895092e-05,-0.000106213,-0.000121670324,4.7921887e-05,-0.00022003958,8.179591e-05,2.3565297e-05,-3.2468684e-05,8.2000464e-05,3.5941768e-05,0.00010629824,3.3952463e-05,-7.7590696e-05,-0.000109668545
16,0.00064316037,0.0004396435,-0.0011482718,-0.0007440859,-0.0023426577,-0.0016436195,0.0022606975,-0.0007048232,-5.522896e-05,-0.00066958374,-7.71232e-05,0.0006322649,0.0004446241,0.00019665709,0.00070557324,0.0007437612,0.0020101932,4.3073705e-05,7.6167664e-05,0.00035696378,0.00045092066,-0.00019518804,-0.00020561246,-2.94855e-05,0.00016773514,7.896116e-05,-0.00019396057,-0.00013772401,6.7999914e-05,4.209544e-05,-0.000100268815,0.000102412654,0.00015394672,-0.00018909812,4.304963e-05,0.00018709047,-4.0032282e-05,8.758268e-05,0.00011808809,-4.6394825e-06,3.8903356e-05,-4.951961e-05,-7.895417e-05,-5.9281214e-05,2.8341088e-05,-5.5102642e-05,-4.1062252e-05,-2.589835e-05,-6.459102e-05,0.0001292249
17,-0.0014678158,-0.00082874874,0.00027050247,3.4254488e-05,0.0008905324,0.00069299294,0.0009611808,-0.0009854629,0.00078853755,0.00059485115,-0.0011028752,-0.00052112265,0.00058117905,-0.0008985198,0.00013798196,-0.00015855924,4.3073705e-05,0.0014333595,-0.0003356851,-0.00035887447,0.0004611697,-0.000112851405,0.00019267325,-0.00016134832,-0.00021039929,-9.710248e-05,-0.00011516173,2.1482054e-05,-0.00024987088,-3.660585e-06,0.00024411597,-3.691102e-05,-5.3725285e-05,4.49394e-05,5.3674303e-05,1.66043e-05,-9.94634e-05,7.133748e-05,-1.5265043e-05,1.0651967e-05,-6.120709e-05,-4.00629e-05,4.1016552e-05,-7.75379e-05,0.00010597388,-9.3758616e-05,2.7815659e-05,-5.5780465e-06,1.1270125e-05,-4.9539894e-06
18,0.0013786177,0.00048241444,-0.00034723635,-0.00011731095,-0.0014214602,-0.00025422953,-0.00014364233,-0.00028224784,0.0003262354,0.0005201099,-0.0005275012,-0.0005466774,-0.0004030454,7.0190454e-06,-0.00018642565,0.0006915963,7.6167664e-05,-0.0003356851,0.0015455403,0.0003486757,-8.827478e-05,-0.00011299887,1.6726221e-06,6.166356e-05,-0.0001500005,-0.00010868121,0.00022402452,-0.00013726848,0.00019501257,6.550473e-05,0.00011424182,-0.00030835666,-6.6580295e-05,-1.9438457e-05,6.8855516e-05,-4.9514296e-05,-0.000135438,-1.701713e-05,6.210695e-05,8.529669e-05,7.8040895e-05,-8.032768e-05,3.3913793e-06,1.827886e-05,4.836313e-05,0.00011651319,2.6125395e-05,5.623411e-05,1.1585586e-05,-1.112193e-05
19,0.000544903,-0.00027637056,-0.00018595665,-0.0010332799,-0.003498604,-0.00092354143,0.0009740113,0.0010314558,-0.0005919445,0.00028518992,-0.0005664992,0.0003971453,0.00045097113,0.00027278299,-9.795966e-05,-0.000100133504,0.00035696378,-0.00035887447,0.0003486757,0.001357955,-0.00022766045,-0.0005904573,1.5360603e-05,-0.00023093323,-0.00013155353,-8.229917e-05,-6.6315464e-05,0.00010298387,3.812696e-05,3.0769555e-05,-0.00017221243,-3.6876804e-06,5.309649e-06,-6.6038933e-07,-3.7461782e-06,-0.00011828626,-2.5881734e-05,-3.2644453e-05,-3.8470338e-05,-9.123637e-05,9.151844e-05,-3.325562e-05,-4.213571e-05,-7.193035e-05,-6.562058e-05,-4.167942e-05,4.8383263e-05,-1.9497857e-06,2.0703843e-05,-1.159241e-05
20,-0.0012551621,-3.089426e-05,0.0004193875,0.0008192212,0.0019142309,0.0018619271,0.0007770592,0.00030717335,0.00013293786,-0.00091038086,0.00065035105,-0.00044326746,-2.097303e-06,0.00029571797,0.00051850773,0.00016541548,0.00045092066,0.0004611697,-8.827478e-05,-0.00022766045,0.0011936829,7.3555144e-05,-0.00020200768,-0.00014199907,-0.0004066757,-1.196337e-07,1.7816932e-05,0.00022714789,-6.1379375e-05,-2.6613307e-05,-3.059043e-07,-5.680746e-05,2.1566491e-05,-6.114198e-05,-5.4734628e-05,0.00012091818,-0.00012650948,1.1553913e-05,-2.8492332e-05,-4.6276684e-05,4.6537927e-05,-4.9365626e-05,2.2380857e-05,-5.9019145e-05,1.2574876e-05,3.2765463e-05,4.2481057e-05,6.323699e-05,-3.862975e-05,-1.6051024e-05
21,-0.00054173794,3.2278388e-06,4.4914035e-05,0.0008258022,0.0021780669,-0.0006487288,-0.00028005007,-3.665166e-05,-0.00032900745,-0.00065743376,-0.00030977733,-0.0005988168,-0.00036372978,0.00021621879,-0.00017327309,-2.2064452e-05,-0.00019518804,-0.000112851405,-0.00011299887,-0.0005904573,7.3555144e-05,0.001058554,-2.0489795e-05,0.0001441299,0.00011393885,6.799711e-05,-1.411011e-05,-0.00021085227,4.8226593e-05,0.00010494346,-0.00021543741,3.0193792e-06,0.00010511739,4.1443395e-06,-7.790567e-06,-0.00011711235,-3.7074955e-05,-3.7901875e-05,8.3373925e-06,2.4846355e-05,2.5449302e-05,4.3181346e-05,2.8800946e-06,7.398591e-05,1.4681487e-05,3.166221e-05,5.494283e-05,2.9138772e-07,4.1157327e-05,1.5714937e-05
22,0.00057054777,0.00025346898,-0.00014199484,0.00013151074,0.00192698,-0.0009631263,0.00074760534,0.00024323825,0.0001650877,0.00064116804,-0.0010607503,-0.0002984064,-2.2085533e-05,-6.2010386e-06,-0.00030834,0.00032251776,-0.00020561246,0.00019267325,1.6726221e-06,1.5360603e-05,-0.00020200768,-2.0489795e-05,0.0008205502,-7.548179e-05,7.2889015e-05,0.0001445591,-5.5163735e-05,0.00027768748,-4.1076615e-05,0.00010955233,-1.4281102e-05,-3.6132544e-05,-2.3335611e-05,-8.055077e-05,7.6817916e-05,2.2274598e-05,3.976597e-05,-8.893929e-06,-8.297328e-05,-2.5006934e-06,-1.4826646e-05,8.925662e-05,-1.7065937e-05,-2.4174384e-05,-5.4048385e-05,-1.7702147e-05,1.967703e-05,-7.642354e-05,-2.6636675e-05,1.9258157e-05
23,0.00040903836,-2.6231126e-06,-1.2997496e-05,4.393915e-05,0.00034278736,-0.00024841726,-0.00015375794,0.00072846917,0.00014529514,0.00021562907,-6.0622802e-05,6.035193e-05,0.0001513311,-0.00019390465,3.9155384e-05,0.00024894386,-2.94855e-05,-0.00016134832,6.166356e-05,-0.00023093323,-0.00014199907,0.0001441299,-7.548179e-05,0.0004813817,-2.5801804e-05,6.684153e-05,-1.0462605e-05,-0.00010415027,-1.7597521e-06,2.0464326e-05,1.592955e-05,1.7349901e-05,1.7466991e-05,-4.547971e-05,-0.00013954745,-2.8247141e-05,0.00015348324,-7.987436e-05,0.00016949946,7.090531e-05,-1.3940547e-05,2.4904664e-05,8.813814e-07,-3.953157e-05,3.5815898e-05,-1.0170489e-06,-7.589386e-05,4.8088532e-05,1.1835247e-05,4.194575e-05
24,0.00019773183,-0.000116737356,-4.9982045e-05,-5.24149e-05,-0.00034527655,0.00038863666,0.00027682213,0.0011511557,0.00019084255,0.00034671096,0.00022984117,0.00016814636,0.00011478489,-9.582665e-05,-0.00023899294,-0.00010199928,0.00016773514,-0.00021039929,-0.0001500005,-0.00013155353,-0.0004066757,0.00011393885,7.2889015e-05,-2.5801804e-05,0.0012919771,8.6083564e-05,-5.0969713e-05,-3.9204686e-05,4.1331736e-05,-6.476161e-05,5.7394773e-05,0.000111623725,-7.362797e-05,-0.00012788762,6.227757e-05,7.416902e-05,-8.7755834e-05,1.1283335e-05,5.3270727e-05,-6.336781e-05,-1.9826948e-05,-5.2071613e-05,1.7467313e-05,-3.7671828e-06,-3.1941152e-05,0.00010212473,3.391705e-05,2.310364e-05,-3.095041e-05,-2.1240126e-05
25,0.00068258203,-0.0002528283,-1.5221646e-05,0.00010238905,0.0013158764,-0.0013997101,-0.00030577026,-4.0844327e-05,-0.00010802324,-0.00041757643,-0.0001010718,0.00035084132,-0.00031742314,-4.5844383e-05,-8.4847634e-05,0.0002591737,7.896116e-05,-9.710248e-05,-0.00010868121,-8.229917e-05,-1.196337e-07,6.799711e-05,0.0001445591,6.684153e-05,8.6083564e-05,0.0003137338,-5.8032238e-05,2.1577758e-05,-4.5916724e-05,-1.3155779e-05,3.9388084e-07,-2.6235648e-06,-0.00012860217,4.085768e-05,5.900445e-06,5.5753917e-05,-6.9885764e-06,-4.654534e-05,-2.1810843e-05,1.0789982e-05,6.842525e-05,8.962235e-05,2.3902438e-05,-7.3886265e-05,-5.9704413e-05,-1.5097201e-05,-4.204232e-06,1.7441549e-05,-5.1587536e-05,3.867628e-05
26,-0.0005120648,-0.00031690235,0.0003413589,6.9493544e-05,0.00035776704,0.0003223674,0.00033957628,0.0005510517,-0.00019827524,-0.00011214237,2.2783395e-05,-7.974266e-05,0.00014146371,0.00029870015,-0.00010030696,-4.7248875e-05,-0.00019396057,-0.00011516173,0.00022402452,-6.6315464e-05,1.7816932e-05,-1.411011e-05,-5.5163735e-05,-1.0462605e-05,-5.0969713e-05,-5.8032238e-05,0.0004889409,-0.00021586198,-0.00013506073,-0.00012345822,-7.87671e-05,-0.0001327763,-6.930373e-05,-1.1255452e-05,1.7417773e-07,0.00013614933,-6.018393e-05,-2.3780216e-05,-4.9730617e-05,2.9686871e-05,-8.4820516e-05,-6.844854e-05,5.8225938e-05,-1.9026727e-05,-1.128793e-05,4.3119122e-05,-4.612538e-05,-4.9808765e-05,3.2604912e-05,-1.9561558e-05
27,0.00011622002,-0.0005594613,0.00044703967,0.00025819417,0.00094899954,0.00024278343,-0.00030485168,0.00017687204,3.875191e-05,-7.804312e-05,0.00030800016,5.0110008e-05,-0.00016015617,-4.348888e-05,-5.646401e-06,-2.5119627e-05,-0.00013772401,2.1482054e-05,-0.00013726848,0.00010298387,0.00022714789,-0.00021085227,0.00027768748,-0.00010415027,-3.9204686e-05,2.1577758e-05,-0.00021586198,0.00067371485,2.0245861e-05,3.4425175e-05,3.7472208e-05,1.1096353e-06,3.7856647e-05,-9.8953205e-05,-4.0207255e-05,-2.5200374e-05,0.00010420556,4.392528e-05,-7.2631374e-05,2.6747139e-06,-1.25845245e-05,-3.1763244e-05,-2.3416946e-05,-2.6660198e-05,-6.258681e-05,0.00011571092,1.6959388e-05,1.4789367e-07,-1.3456722e-06,-7.3287233e-06
28,0.00048669713,0.0004441759,7.566467e-05,0.00031120976,-0.00071488577,0.0020188624,-0.0006047735,-2.1851283e-05,0.00035290292,0.000275751,0.00025285434,-0.00019388186,-0.00031825833,2.4609899e-05,7.1387476e-05,-4.2421643e-06,6.7999914e-05,-0.00024987088,0.00019501257,3.812696e-05,-6.1379375e-05,4.8226593e-05,-4.1076615e-05,-1.7597521e-06,4.1331736e-05,-4.5916724e-05,-0.00013506073,2.0245861e-05,0.00031631146,5.9346705e-05,1.2406059e-05,-1.08351705e-05,7.867958e-05,-2.968765e-05,3.8543694e-05,-3.6866575e-05,1.1840737e-05,7.063646e-05,4.0933315e-05,-3.58549e-05,6.892314e-05,6.2631516e-05,1.1703199e-05,2.2691756e-05,-1.5962733e-05,2.7694197e-05,4.291356e-05,1.4240879e-05,3.6328165e-06,4.702386e-05
29,9.29177e-05,-0.00034881686,0.00021167734,-1.4810208e-05,-0.00017174156,0.00014542637,-9.3518756e-05,0.0003532844,4.3597902e-05,-1.9586081e-05,-5.6447047e-05,-0.00026634886,6.1872786e-05,-0.00046133652,-8.8628585e-05,0.00010845313,4.209544e-05,-3.660585e-06,6.550473e-05,3.0769555e-05,-2.6613307e-05,0.00010494346,0.00010955233,2.0464326e-05,-6.476161e-05,-1.3155779e-05,-0.00012345822,3.4425175e-05,5.9346705e-05,0.00038052045,-0.00022332667,1.1336566e-05,-2.4407504e-05,-0.00012144317,-7.323004e-05,-5.002277e-05,-2.4095085e-05,-4.0765084e-05,-6.049202e-05,-1.7813276e-05,-1.3391067e-05,6.904982e-06,-1.0097084e-05,5.7135265e-05,7.899193e-05,-3.148611e-05,2.9980358e-05,8.058436e-06,-3.160056e-05,3.1967153e-05
30,-0.00021015093,0.0003769223,-0.00015672192,4.922354e-05,0.0001867339,-0.00014571959,5.7770794e-06,-0.0002528329,3.997032e-05,-0.00011659128,-0.00010114713,-0.000120904966,6.944833e-05,1.726924e-05,-5.6593788e-05,-2.0308195e-05,-0.000100268815,0.00024411597,0.00011424182,-0.00017221243,-3.059043e-07,-0.00021543741,-1.4281102e-05,1.592955e-05,5.7394773e-05,3.9388084e-07,-7.87671e-05,3.7472208e-05,1.2406059e-05,-0.00022332667,0.00059906393,-7.266547e-05,2.220336e-05,1.0522042e-05,0.000113208094,-1.5188079e-05,7.6031916e-05,4.4598295e-05,5.8966525e-05,4.53513e-06,7.6416225e-05,4.3215165e-05,1.55755e-05,-3.193623e-07,6.935126e-05,1.8705987e-05,-3.0509815e-05,7.9583e-05,-4.6976904e-05,-4.012647e-05
31,-9.804577e-05,0.00061916746,-0.0002449568,-1.70703e-05,-0.00041511876,0.00064432324,0.0005077792,-0.00046209677,-0.0002121609,-1.6869362e-05,-3.982443e-05,-1.828458e-05,0.00016552798,0.0004892388,2.053785e-06,0.00010991396,0.000102412654,-3.691102e-05,-0.00030835666,-3.6876804e-06,-5.680746e-05,3.0193792e-06,-3.6132544e-05,1.7349901e-05,0.000111623725,-2.6235648e-06,-0.0001327763,1.1096353e-06,-1.08351705e-05,1.1336566e-05,-7.266547e-05,0.00037342633,5.4753567e-05,0.00010231852,-1.0185026e-05,-3.8852715e-05,8.665953e-06,-1.8893006e-05,-5.7272396e-06,-3.7774204e-05,-6.419625e-05,2.2304368e-06,7.819788e-06,-4.3215055e-05,9.649846e-06,-2.6776012e-05,1.530533e-05,6.146355e-05,3.6739017e-05,-4.0631526e-06
32,2.4827563e-05,0.00046506955,-0.00022033975,3.4083234e-05,0.00026633168,-0.00023104748,0.00042937428,0.00011013976,-8.5614316e-05,-9.634737e-05,-1.6456511e-06,0.00018599966,0.00010859837,0.000141027,8.994821e-05,8.458314e-06,0.00015394672,-5.3725285e-05,-6.6580295e-05,5.309649e-06,2.1566491e-05,0.00010511739,-2.3335611e-05,1.7466991e-05,-7.362797e-05,-0.00012860217,-6.930373e-05,3.7856647e-05,7.867958e-05,-2.4407504e-05,2.220336e-05,5.4753567e-05,0.00030323138,1.3422834e-05,-5.3264568e-05,-8.297354e-05,1.988765e-05,0.00010049103,9.060034e-05,-2.2864173e-05,4.175807e-06,-1.5438749e-05,2.5377729e-05,2.0513506e-05,2.7639402e-05,1.8815088e-05,2.6753081e-05,-3.998317e-05,2.3721364e-05,1.2935905e-05
33,0.00021463694,0.0004902743,-2.3371107e-05,-8.6432365e-06,0.00045445727,0.00043573987,-0.0002073874,-0.00019330333,-5.8816186e-06,1.290969e-05,0.00014222707,0.00027897168,0.00012931986,-1.6193393e-05,-5.743209e-06,0.00011460442,-0.00018909812,4.49394e-05,-1.9438457e-05,-6.6038933e-07,-6.114198e-05,4.1443395e-06,-8.055077e-05,-4.547971e-05,-0.00012788762,4.085768e-05,-1.1255452e-05,-9.8953205e-05,-2.968765e-05,-0.00012144317,1.0522042e-05,0.00010231852,1.3422834e-05,0.0003759178,7.877049e-05,-9.950712e-05,-9.875295e-05,1.168162e-05,-4.8582124e-06,4.2467113e-05,5.0728286e-05,5.587717e-05,9.269914e-06,-2.7266204e-05,-4.99043e-05,3.1265615e-06,1.5606733e-05,-3.649621e-05,3.4172594e-05,-4.6482887e-06
34,-6.720466e-05,0.0005245835,-0.000297194,-0.00014504345,-0.00028644264,-6.517704e-05,0.00020920002,-0.00019505947,-0.00016724042,-0.00023016665,0.000107159954,-0.00011040881,0.00015084253,-3.635522e-05,-4.3583936e-05,0.00015749813,4.304963e-05,5.3674303e-05,6.8855516e-05,-3.7461782e-06,-5.4734628e-05,-7.790567e-06,7.6817916e-05,-0.00013954745,6.227757e-05,5.900445e-06,1.7417773e-07,-4.0207255e-05,3.8543694e-05,-7.323004e-05,0.000113208094,-1.0185026e-05,-5.3264568e-05,7.877049e-05,0.00032307635,5.6377958e-05,6.2704035e-05,-3.940496e-06,-4.8893227e-05,-1.4857114e-05,9.018701e-06,2.7078262e-05,-3.3654513e-05,6.60306e-05,-8.888008e-06,2.2535273e-06,4.8379494e-05,-2.4809491e-05,5.311962e-05,-2.8404163e-05
35,-7.2056704e-05,-0.00028765807,0.00019995478,0.0001142715,0.0003013367,0.00059557235,0.0002014832,-0.0001672436,0.00011532193,-0.0002302709,-5.230622e-07,9.648635e-05,-0.00018088693,5.7455436e-05,4.4887354e-05,-3.9707873e-05,0.00018709047,1.66043e-05,-4.9514296e-05,-0.00011828626,0.00012091818,-0.00011711235,2.2274598e-05,-2.8247141e-05,7.416902e-05,5.5753917e-05,0.00013614933,-2.5200374e-05,-3.6866575e-05,-5.002277e-05,-1.5188079e-05,-3.8852715e-05,-8.297354e-05,-9.950712e-05,5.6377958e-05,0.0002313254,2.4712079e-05,1.9341805e-05,2.5041238e-05,-9.726585e-07,-2.9077612e-05,-4.7531095e-05,6.4869596e-06,6.637961e-06,-5.4271517e-05,-3.6300426e-05,-6.9377484e-06,-2.0635482e-05,-1.2564269e-05,2.8200916e-06
36,1.5019134e-06,2.5072051e-05,-4.22674e-05,-7.365857e-05,-8.608948e-05,-2.785196e-05,0.00010305148,-0.00021619434,-0.00015769765,-9.34752e-05,-4.48298e-05,9.839935e-05,0.00012889723,2.8564984e-05,-9.089074e-05,2.1895092e-05,-4.0032282e-05,-9.94634e-05,-0.000135438,-2.5881734e-05,-0.00012650948,-3.7074955e-05,3.976597e-05,0.00015348324,-8.7755834e-05,-6.9885764e-06,-6.018393e-05,0.00010420556,1.1840737e-05,-2.4095085e-05,7.6031916e-05,8.665953e-06,1.988765e-05,-9.875295e-05,6.2704035e-05,2.4712079e-05,0.0002727475,-1.3759927e-05,2.1116535e-05,1.5101187e-05,-3.7930855e-05,9.088091e-06,-3.8344988e-05,3.8355072e-05,9.844593e-06,-5.246364e-06,-2.4579029e-05,2.413893e-06,4.3886157e-05,1.3561426e-05
37,-4.6141347e-05,-0.00013574227,6.181708e-05,2.1723465e-05,-0.00033415947,0.00028283172,2.8899285e-05,-0.0003287894,6.5821834e-05,3.8769518e-05,-0.00015778648,6.794651e-05,-5.5282224e-05,-1.2824909e-05,4.5333494e-05,-0.000106213,8.758268e-05,7.133748e-05,-1.701713e-05,-3.2644453e-05,1.1553913e-05,-3.7901875e-05,-8.893929e-06,-7.987436e-05,1.1283335e-05,-4.654534e-05,-2.3780216e-05,4.392528e-05,7.063646e-05,-4.0765084e-05,4.4598295e-05,-1.8893006e-05,0.00010049103,1.168162e-05,-3.940496e-06,1.9341805e-05,-1.3759927e-05,0.0001494766,1.6778647e-05,2.0728165e-05,9.702825e-06,-3.1799414e-06,5.9111244e-05,1.119128e-05,-3.6567246e-05,1.6943548e-05,4.112294e-05,-5.0910145e-05,-3.7346363e-06,3.236309e-05
38,0.00012277771,-9.270778e-06,-6.136729e-05,-7.173911e-05,-0.000303898,-0.00012344655,4.078985e-05,0.00015538179,0.00013233509,7.451366e-05,-9.8151926e-05,7.563968e-05,-5.845479e-05,-0.00018987193,4.8922855e-05,-0.000121670324,0.00011808809,-1.5265043e-05,6.210695e-05,-3.8470338e-05,-2.8492332e-05,8.3373925e-06,-8.297328e-05,0.00016949946,5.3270727e-05,-2.1810843e-05,-4.9730617e-05,-7.2631374e-05,4.0933315e-05,-6.049202e-05,5.8966525e-05,-5.7272396e-06,9.060034e-05,-4.8582124e-06,-4.8893227e-05,2.5041238e-05,2.1116535e-05,1.6778647e-05,0.00020375325,1.0391624e-05,4.469452e-05,-3.460604e-05,-4.6652694e-06,-1.0809701e-05,-2.2976508e-05,-3.6548627e-05,2.7899757e-06,1.0873166e-05,1.4943996e-06,4.111007e-06
39,-4.2247964e-05,-0.00041950768,0.00014644307,-4.6164805e-05,-0.00027981302,-0.00031171984,-8.8172776e-05,0.00013255782,-4.1893552e-05,3.3765205e-05,-0.00017025776,-9.013901e-05,0.00010179616,-5.9489386e-05,4.6505986e-05,4.7921887e-05,-4.6394825e-06,1.0651967e-05,8.529669e-05,-9.123637e-05,-4.6276684e-05,2.4846355e-05,-2.5006934e-06,7.090531e-05,-6.336781e-05,1.0789982e-05,2.9686871e-05,2.6747139e-06,-3.58549e-05,-1.7813276e-05,4.53513e-06,-3.7774204e-05,-2.2864173e-05,4.2467113e-05,-1.4857114e-05,-9.726585e-07,1.5101187e-05,2.0728165e-05,1.0391624e-05,0.00011648761,7.915312e-06,-1.4827206e-05,-1.8662366e-05,1.3172924e-05,-3.392786e-05,1.2951289e-05,-3.6798177e-05,-3.2773845e-05,-8.881354e-06,8.828279e-06
40,-9.915375e-05,0.00013612749,-2.2990485e-05,0.00013604628,0.0009001654,-0.00040238292,0.00036343365,0.000677594,-2.0692896e-06,-3.7128724e-05,-1.7228565e-05,-6.73469e-05,-0.000104649785,3.370266e-05,-1.3895697e-06,-0.00022003958,3.8903356e-05,-6.120709e-05,7.8040895e-05,9.151844e-05,4.6537927e-05,2.5449302e-05,-1.4826646e-05,-1.3940547e-05,-1.9826948e-05,6.842525e-05,-8.4820516e-05,-1.25845245e-05,6.892314e-05,-1.3391067e-05,7.6416225e-05,-6.419625e-05,4.175807e-06,5.0728286e-05,9.018701e-06,-2.9077612e-05,-3.7930855e-05,9.702825e-06,4.469452e-05,7.915312e-06,0.00015906249,3.8319216e-05,-1.0440535e-05,2.3309549e-06,-2.9942887e-05,-1.6936128e-05,1.8663119e-05,1.0071284e-05,-3.4610548e-05,1.3123612e-05
41,8.114886e-05,0.00027188426,2.8118126e-05,8.738937e-05,0.00013581483,0.0004322435,-0.00019467276,0.00020649422,-5.5991615e-05,-4.1669893e-05,8.472687e-05,-3.756983e-05,0.00010695508,5.3239368e-05,4.903764e-05,8.179591e-05,-4.951961e-05,-4.00629e-05,-8.032768e-05,-3.325562e-05,-4.9365626e-05,4.3181346e-05,8.925662e-05,2.4904664e-05,-5.2071613e-05,8.962235e-05,-6.844854e-05,-3.1763244e-05,6.2631516e-05,6.904982e-06,4.3215165e-05,2.2304368e-06,-1.5438749e-05,5.587717e-05,2.7078262e-05,-4.7531095e-05,9.088091e-06,-3.1799414e-06,-3.460604e-05,-1.4827206e-05,3.8319216e-05,0.00015940492,-1.2257358e-06,1.039955e-05,-6.7049114e-06,-2.2324413e-05,-2.5656009e-05,-1.2024547e-05,-3.287918e-05,4.0362287e-05
42,-5.6365763e-05,1.3630068e-05,-1.0471387e-05,-2.8153745e-06,0.00013626201,-0.00027483114,-1.6027518e-05,0.00013058727,-2.7515085e-05,3.4998142e-05,-3.4353095e-06,-6.3348316e-06,5.620515e-07,-9.995515e-05,-8.081682e-05,2.3565297e-05,-7.895417e-05,4.1016552e-05,3.3913793e-06,-4.213571e-05,2.2380857e-05,2.8800946e-06,-1.7065937e-05,8.813814e-07,1.7467313e-05,2.3902438e-05,5.8225938e-05,-2.3416946e-05,1.1703199e-05,-1.0097084e-05,1.55755e-05,7.819788e-06,2.5377729e-05,9.269914e-06,-3.3654513e-05,6.4869596e-06,-3.8344988e-05,5.9111244e-05,-4.6652694e-06,-1.8662366e-05,-1.0440535e-05,-1.2257358e-06,0.00012537463,-6.492641e-05,7.9963065e-06,2.4128665e-05,5.4245786e-05,1.4418112e-05,1.5309575e-05,1.8934219e-05
43,2.5294663e-05,0.00018334753,-7.097998e-05,5.6618483e-05,0.00024168381,-4.6873694e-05,-0.000103865874,0.0003021678,2.6052e-05,-6.992198e-05,9.7168624e-05,-9.9953395e-06,-6.5732806e-05,9.347906e-05,0.00012854517,-3.2468684e-05,-5.9281214e-05,-7.75379e-05,1.827886e-05,-7.193035e-05,-5.9019145e-05,7.398591e-05,-2.4174384e-05,-3.953157e-05,-3.7671828e-06,-7.3886265e-05,-1.9026727e-05,-2.6660198e-05,2.2691756e-05,5.7135265e-05,-3.193623e-07,-4.3215055e-05,2.0513506e-05,-2.7266204e-05,6.60306e-05,6.637961e-06,3.8355072e-05,1.119128e-05,-1.0809701e-05,1.3172924e-05,2.3309549e-06,1.039955e-05,-6.492641e-05,0.00016796605,1.7800343e-05,-2.2362861e-05,-8.1859537e-07,-4.0035302e-05,-1.6749225e-05,-3.9520586e-05
44,4.2615604e-05,0.00021878473,-0.00018698792,1.18397365e-05,0.00059666974,-0.00052481925,0.00015172627,0.00017751042,7.6269615e-05,-0.000105565974,-9.115623e-05,7.510632e-05,0.0001040597,-0.00010087511,5.6129793e-05,8.2000464e-05,2.8341088e-05,0.00010597388,4.836313e-05,-6.562058e-05,1.2574876e-05,1.4681487e-05,-5.4048385e-05,3.5815898e-05,-3.1941152e-05,-5.9704413e-05,-1.128793e-05,-6.258681e-05,-1.5962733e-05,7.899193e-05,6.935126e-05,9.649846e-06,2.7639402e-05,-4.99043e-05,-8.888008e-06,-5.4271517e-05,9.844593e-06,-3.6567246e-05,-2.2976508e-05,-3.392786e-05,-2.9942887e-05,-6.7049114e-06,7.9963065e-06,1.7800343e-05,0.00014505918,2.4919518e-05,-1.915006e-05,4.349301e-05,1.7776805e-05,-1.9136442e-06
45,0.00013688978,-2.6725595e-05,8.549285e-05,0.00016415761,0.00043791416,-6.436245e-05,-0.00021301323,0.0004381394,-7.05891e-05,-0.0002245336,0.00014287615,9.853988e-05,-1.3935451e-05,3.621535e-05,1.01105e-05,3.5941768e-05,-5.5102642e-05,-9.3758616e-05,0.00011651319,-4.167942e-05,3.2765463e-05,3.166221e-05,-1.7702147e-05,-1.0170489e-06,0.00010212473,-1.5097201e-05,4.3119122e-05,0.00011571092,2.7694197e-05,-3.148611e-05,1.8705987e-05,-2.6776012e-05,1.8815088e-05,3.1265615e-06,2.2535273e-06,-3.6300426e-05,-5.246364e-06,1.6943548e-05,-3.6548627e-05,1.2951289e-05,-1.6936128e-05,-2.2324413e-05,2.4128665e-05,-2.2362861e-05,2.4919518e-05,0.00012760465,-3.0107176e-06,2.0430778e-06,3.1998075e-05,1.31470915e-05
46,7.642615e-05,0.00013153699,-0.00013863979,-6.329612e-05,-0.0004032383,-0.00033268216,-0.000117209216,1.9391315e-05,-0.0001327425,-8.867687e-05,-5.7222926e-05,-9.741192e-05,-9.271162e-05,-8.846824e-05,-7.469999e-05,0.00010629824,-4.1062252e-05,2.7815659e-05,2.6125395e-05,4.8383263e-05,4.2481057e-05,5.494283e-05,1.967703e-05,-7.589386e-05,3.391705e-05,-4.204232e-06,-4.612538e-05,1.6959388e-05,4.291356e-05,2.9980358e-05,-3.0509815e-05,1.530533e-05,2.6753081e-05,1.5606733e-05,4.8379494e-05,-6.9377484e-06,-2.4579029e-05,4.112294e-05,2.7899757e-06,-3.6798177e-05,1.8663119e-05,-2.5656009e-05,5.4245786e-05,-8.1859537e-07,-1.915006e-05,-3.0107176e-06,0.00011772697,8.114376e-06,9.059785e-06,-2.5907066e-05
47,1.9792067e-06,0.00015869536,-3.9922816e-05,0.00012451076,-5.3791016e-05,0.00024618575,-0.00010570248,-0.0001023849,-4.4749127e-06,-8.135027e-05,-4.815821e-05,-0.00015801915,-0.000114311355,0.00012027247,-4.799878e-05,3.3952463e-05,-2.589835e-05,-5.5780465e-06,5.623411e-05,-1.9497857e-06,6.323699e-05,2.9138772e-07,-7.642354e-05,4.8088532e-05,2.310364e-05,1.7441549e-05,-4.9808765e-05,1.4789367e-07,1.4240879e-05,8.058436e-06,7.9583e-05,6.146355e-05,-3.998317e-05,-3.649621e-05,-2.4809491e-05,-2.0635482e-05,2.413893e-06,-5.0910145e-05,1.0873166e-05,-3.2773845e-05,1.0071284e-05,-1.2024547e-05,1.4418112e-05,-4.0035302e-05,4.349301e-05,2.0430778e-06,8.114376e-06,9.636261e-05,3.00318e-07,-2.029512e-05
48,-4.200024e-05,1.5748183e-05,-1.17006275e-05,5.448413e-05,0.00060839916,8.945483e-05,0.00024141502,-0.0001168016,0.00012588412,0.00018085865,-0.0001030835,8.660196e-05,1.3405809e-05,1.52095345e-05,-3.195241e-05,-7.7590696e-05,-6.459102e-05,1.1270125e-05,1.1585586e-05,2.0703843e-05,-3.862975e-05,4.1157327e-05,-2.6636675e-05,1.1835247e-05,-3.095041e-05,-5.1587536e-05,3.2604912e-05,-1.3456722e-06,3.6328165e-06,-3.160056e-05,-4.6976904e-05,3.6739017e-05,2.3721364e-05,3.4172594e-05,5.311962e-05,-1.2564269e-05,4.3886157e-05,-3.7346363e-06,1.4943996e-06,-8.881354e-06,-3.4610548e-05,-3.287918e-05,1.5309575e-05,-1.6749225e-05,1.7776805e-05,3.1998075e-05,9.059785e-06,3.00318e-07,9.1275324e-05,7.749881e-06
49,-0.000100416015,-0.00021867732,0.00010219522,1.0545984e-05,0.00014563825,9.0662434e-05,0.00025577215,-0.0003281678,4.9562905e-06,-1.9315179e-05,-5.2971896e-05,2.7168295e-05,4.167691e-05,-9.639884e-05,-5.1699768e-05,-0.000109668545,0.0001292249,-4.9539894e-06,-1.112193e-05,-1.159241e-05,-1.6051024e-05,1.5714937e-05,1.9258157e-05,4.194575e-05,-2.1240126e-05,3.867628e-05,-1.9561558e-05,-7.3287233e-06,4.702386e-05,3.1967153e-05,-4.012647e-05,-4.0631526e-06,1.2935905e-05,-4.6482887e-06,-2.8404163e-05,2.8200916e-06,1.3561426e-05,3.236309e-05,4.111007e-06,8.828279e-06,1.3123612e-05,4.0362287e-05,1.8934219e-05,-3.9520586e-05,-1.9136442e-06,1.31470915e-05,-2.5907066e-05,-2.029512e-05,7.749881e-06,7.8381934e-05
