,0,1,2,3,4,5,6,7,8,9,10,11,12,13,14,15,16,17,18,19,20,21,22,23,24,25,26,27,28,29,30,31,32,33,34,35,36,37,38,39,40,41,42,43,44,45,46,47,48,49,50,51,52,53,54,55,56,57,58,59,60,61,62,63,64,65,66,67,68,69,70,71,72,73,74,75,76,77,78,79,80,81,82,83,84,85,86,87,88,89,90,91,92,93,94,95,96,97,98
0,398.27478,-1.9843233,-2.5655918,1.4158454,0.8006301,-0.49394307,0.30790612,1.0442064,-1.1427953,-0.61651355,0.6128903,0.61340636,0.25776428,-0.29267663,-0.19090468,0.021890264,-1.1292939,-0.16362055,-0.23914468,-0.16342267,-0.30382115,-0.2310217,-0.091617234,0.164947,-0.08829502,-0.1654205,0.53274035,-0.32206976,-0.095432945,-0.053183064,0.04747074,-0.1978645,0.047079317,0.33934578,0.1537106,-0.07662733,-0.07541581,0.12241994,0.07179548,-0.33269325,0.07515605,-0.09522961,-0.032001942,0.08369311,0.10789554,-0.14765397,-0.1611219,0.14261517,0.04948026,0.11091155,-0.13504705,-0.23004135,-0.0101644145,-0.018873231,0.043887585,0.1177981,-0.056486808,-0.115830295,0.14145947,0.16768605,-0.13112292,0.13315824,-0.020977512,0.020724978,-0.006943649,0.059221976,-0.17169687,-0.065766886,0.09463139,0.10632064,-0.0948836,-0.013984277,-0.062381573,-0.0122557655,0.021498743,-0.025883246,-0.0038695564,0.11363037,0.08724029,0.08699376,0.08334157,-0.113488525,-0.11539944,-0.1111657,-0.02365808,0.042258486,0.023514476,0.0039195553,0.019180998,0.08017625,-0.0019305696,0.016248563,0.04173485,0.020000268,0.031295523,0.045961507,0.026179682,0.022631694,0.005117264
1,-1.9843233,121.557335,2.0463943,0.96262157,0.27563196,-0.20880623,-0.75437766,-0.73678917,-1.6398425,0.22796892,1.2911975,0.49009153,-0.09856307,-0.69552135,1.5852813,-0.23602742,-0.9507679,-1.1651185,-0.01534763,-1.3751793,0.35434955,-0.78862226,-0.6133014,0.3693594,0.38432097,-0.08710133,1.2354615,0.045960326,-1.4837416,0.20724693,0.31877077,0.09773001,-0.32045338,1.8631456,-0.6770158,-0.024549749,-0.89207876,0.80099046,0.42911348,-0.82531077,-0.6903523,0.26312745,0.17164603,-0.06866464,-0.16597275,0.07230324,-0.30226707,-0.04191091,0.66341233,0.33069253,-0.41109258,-0.075861946,-0.73380685,0.12475617,-0.10598146,0.10828002,0.25463837,-0.077788755,0.52263194,0.42490178,-0.5195023,0.15729022,0.03953685,0.18923172,-0.2901001,0.031047875,-0.08195479,0.19262387,0.36694092,0.23104732,0.0026246016,0.01781147,-0.25049108,0.038989175,0.2521717,0.22348557,-0.15462828,-0.055132702,0.10404036,0.1885309,0.22511697,-0.006155826,-0.4738354,-0.016734447,-0.048485957,0.044931974,0.16783284,-0.21453008,-0.3085941,0.25138605,-0.010335284,0.0942352,-0.014896864,-0.06715829,-0.12550902,-0.027462542,-0.24375924,0.114703126,-0.003909231
2,-2.5655918,2.0463943,56.463406,0.30968294,-2.2836888,-1.9330261,1.1334028,1.0334594,-0.15411809,0.22467206,1.5357679,0.24003041,1.2075672,-0.7964859,-0.57892156,2.2739615,-1.7117977,0.461995,0.16036871,1.0232484,-0.5931762,-0.7179881,0.022780543,0.54079974,0.016424466,0.102865696,0.3577065,-0.74746,-0.033217236,0.13736838,-0.51450336,-0.49388033,0.51028335,0.2161037,0.3696678,0.3087257,0.8251095,0.056098662,0.455076,-0.52719814,0.42586416,-0.46528593,-0.23939289,0.6279459,0.2694326,0.27221477,-0.37701124,0.2747779,0.22741336,-0.14467676,-0.32298636,-0.33450377,-0.1631323,-0.36264968,-0.13349992,0.08178809,-0.024898918,-0.18127415,-0.1983782,0.034260206,-0.0632081,0.21653476,-0.092479154,-0.19030902,0.032657236,-0.13778764,-0.36096925,-0.39103907,0.16249897,0.15084371,-0.2926811,-0.051300198,0.009894351,0.19697015,-0.047173943,0.03342451,0.10212142,0.13152418,0.23588693,0.008085068,0.11628486,-0.28716663,-0.24121572,-0.081312075,-0.09471062,-0.029517084,-0.049456637,0.07608375,0.20585153,0.28288186,0.10033411,-0.060107093,-0.06962538,-0.014466591,0.26683244,-0.12127774,0.060994726,0.12812534,0.05565507
3,1.4158454,0.96262157,0.30968294,38.36029,-1.742228,-0.8438953,-0.94207376,-1.4547236,1.4044881,0.01722875,0.4232607,-0.5839198,-0.059662886,1.2679636,0.35083243,-0.040329482,0.5594084,0.3831273,0.15969887,-0.22942725,0.19473432,-0.5397711,-0.5162252,0.029633373,-0.18816996,-0.13147563,-0.8140416,0.5556661,0.4925006,0.4188643,0.087205574,-0.08111319,-0.08179783,-0.5170245,-0.3260734,0.86054814,-0.014995139,0.21940097,0.10516501,0.25898618,-0.19092435,0.43465352,-0.36254287,-0.08188442,-0.37498903,0.25069845,-0.37307286,-0.040551662,0.18737093,-0.052061483,-0.35510403,0.31820643,-0.11413206,0.012485604,-0.08647883,-0.16666883,0.040448174,0.108912885,-0.23726109,-0.009667499,0.26197004,0.15408963,0.16921501,0.14073819,0.13213982,-0.12708972,0.31621364,0.088367075,-0.2696266,0.010634728,0.0541446,-0.29010224,-0.05711201,0.019805372,0.13207401,-0.2581814,0.09778878,0.02700049,-0.001140733,-0.1365943,0.06219641,0.09847757,0.0040775,0.09634632,0.08241325,0.08332423,-0.17192715,-0.03114662,-0.05670198,-0.013605181,-0.14186993,-0.048193786,-0.02336207,-0.16383266,0.061305556,-0.2498893,0.008175056,-0.25035894,0.113052525
4,0.8006301,0.27563196,-2.2836888,-1.742228,33.446964,-0.56288195,-0.79363143,-0.6169832,1.3015716,1.2289941,-1.6768026,0.36449438,0.5331492,-0.6371423,1.5495481,0.9205889,-0.048943087,-0.30087143,-1.0255744,0.39583734,0.49296576,0.10217856,-0.58339417,0.021781322,0.13174868,0.51846415,-0.31785327,-0.28462082,0.26551342,0.5443468,0.16283172,0.05833132,0.09382293,-0.38097104,-0.41937304,0.5351256,0.51668423,0.06478532,0.121767625,-0.009970881,0.26914454,0.15639713,-0.05523625,0.22256538,-0.0072145797,0.19517885,-0.010314329,0.2133881,0.11172552,-0.31450906,0.013533337,0.33228993,-0.2565509,-0.3596211,-0.0518649,0.30008218,-0.028593061,-0.15730621,-0.13851967,-0.17968023,-0.18967414,-0.08531245,-0.041854493,-0.1645925,-0.18035965,-0.15086319,-0.076583624,-0.10883081,-0.27479953,0.22464593,0.17047986,0.021746678,0.11624548,0.114988595,-0.12513547,0.10566066,0.091578856,0.19305766,0.063067384,-0.1630963,-0.040141888,-0.0020060875,0.0774875,0.13720971,0.01658731,-0.0069609955,-0.065816805,-0.087181404,-0.016558563,0.08192149,-0.17600486,-0.04266297,0.0148514295,0.029051919,-0.02544083,-0.18254605,-0.012176691,0.07156557,0.08502328
5,-0.49394307,-0.20880623,-1.9330261,-0.8438953,-0.56288195,28.56089,0.023049947,-1.6247034,-0.8263835,-0.27246886,-0.49412486,0.061491735,0.101177976,-1.2546995,0.34956,0.06409534,-0.46801767,0.49752632,-0.43864435,-0.2810229,-0.38390693,0.4480567,-0.0142373,0.30714616,0.31277227,-0.15305139,-0.23081584,-0.2624111,0.27215594,0.053990155,-0.31372994,-0.15024906,0.3369069,0.31003958,-0.21336266,-0.23228976,0.32698452,0.16126561,0.30586952,0.013148533,0.24313879,-0.16398934,-0.10642483,0.036587395,0.0061218506,0.023063127,-0.16727385,0.17690828,0.054209717,0.2554229,0.212706,-0.0017934325,0.17325377,-0.13895759,0.14625593,0.04163161,-0.044149026,-0.06879557,-0.14233956,0.24578469,0.19504043,0.07709059,0.064538114,0.104287386,-0.100314476,0.06637941,0.1359475,-0.13439853,-0.013766065,0.11883257,-0.010635954,-0.15827498,-0.16896361,0.07516815,-0.17632502,-0.057349026,0.03338001,0.027666867,0.15355814,0.15402067,0.07111883,-0.019505482,-0.1050435,-0.07032276,0.013541209,-0.01658605,-0.07052551,0.090597235,-0.03995342,0.059459694,-0.08577475,0.062684946,-0.00299106,0.061206035,0.049661186,-0.12677155,0.010985826,-0.03246394,0.03567353
6,0.30790612,-0.75437766,1.1334028,-0.94207376,-0.79363143,0.023049947,27.485992,-1.1149447,0.38688368,-0.74030924,-1.3708203,-0.034311175,0.3649475,0.56445885,-0.20761733,-0.47868028,-0.08169563,0.09291354,0.108033106,-0.20073527,-0.4133379,-0.48959163,0.107792884,-0.33832833,0.23178275,0.34572035,-0.24001001,0.36017323,0.035155296,-0.075386405,0.28643876,0.019604757,0.031587772,0.46063805,-0.22090268,0.13684492,-0.15045407,-0.14145169,0.0019289119,0.066991486,-0.36356568,0.24707103,0.097492814,-0.08807084,-0.23889287,0.19270189,-0.2806636,0.064533874,-0.32238925,0.048918754,-0.18884301,0.23587717,-0.44467497,-0.14327016,-0.14033937,0.061059624,-0.14258306,-0.12430901,0.122045666,0.11711702,0.015979204,0.17174861,-0.14502975,0.0013771262,-0.09492203,-0.06159512,0.07125269,-0.032474235,-0.028172992,0.08789429,0.04271264,0.026391834,0.053710036,-0.09141398,-0.0075240997,-0.2280038,0.0064704246,0.03681746,-0.009722586,-0.021653358,0.005258248,-0.025133926,0.050894,-0.039133225,0.053088583,0.13851543,-0.12814337,-0.061799046,0.086608686,-0.011701064,-0.1237234,0.0436237,-0.017560448,-0.018009903,-0.105068184,-0.0012678872,0.048082918,0.016502904,0.10055299
7,1.0442064,-0.73678917,1.0334594,-1.4547236,-0.6169832,-1.6247034,-1.1149447,23.340572,0.5226583,0.15827698,-1.1734354,-0.5075736,-0.8443574,-1.2994096,-0.10224029,-0.38140172,0.63978064,0.1295366,-0.632442,-0.47947454,-0.43670315,-0.08245398,0.6587164,0.43257385,0.077290416,0.35342455,-0.74883187,-0.1650304,-0.08330035,0.08610068,-0.4608805,-0.1162675,0.38845384,0.21714422,-0.44550598,0.22562927,0.4582306,-0.0472909,0.32668993,-0.15954514,-0.21727365,0.39641,-0.15790597,0.1107725,0.102603465,0.22689983,-0.04405843,0.029319553,-0.26145902,0.0040940326,0.22491613,0.073114164,0.005301443,0.01637062,-0.47690305,0.10553144,-0.089291796,-0.039401248,-0.40751505,-0.01703209,0.22327892,0.08722941,0.20469698,-0.020941984,-0.0064221285,0.050532207,0.04688354,-0.07956222,0.08789918,-0.07954655,0.14137787,-0.07569557,0.11177012,0.027871653,-0.06209731,0.03351447,0.03350391,0.019739592,0.09411338,0.14202389,0.065042615,0.026719786,0.02316448,0.015267294,0.02766774,-0.0019476567,-0.06250042,0.039488576,-0.053481847,0.006624555,-0.05327409,-0.006617401,-0.055866834,-0.074117884,-0.054659102,0.025240596,-0.17637432,-0.09129563,0.07083691
8,-1.1427953,-1.6398425,-0.15411809,1.4044881,1.3015716,-0.8263835,0.38688368,0.5226583,22.966904,-0.5478661,0.6955757,1.0988863,-0.5068253,-0.47977906,-0.7859541,-0.06642975,-0.7780472,0.37318525,-0.9151856,-0.1395684,-0.10636824,0.647112,-0.062854104,0.064344004,0.37042347,-0.6430721,0.49167505,-0.23452532,0.054650106,0.16398638,-0.3327631,-0.32015276,-0.3903072,0.43653917,0.23239265,-0.21438494,-0.41980994,-0.14523111,-0.18687305,0.047284298,-0.17220512,-0.2543581,-0.12664038,-0.28049034,0.09663005,-0.3217606,-0.09877388,0.18973744,0.047286622,0.0010372862,-0.022708286,-0.102774106,0.18383807,0.0054141553,-0.170214,-0.03810045,0.16282767,-0.17117608,0.21548644,0.054216765,0.049451616,0.28495854,-0.037394643,-0.03638589,0.120033816,0.04176775,-0.10447325,-0.12593201,-0.010194661,0.15442537,0.09652561,-0.022808008,-0.049767278,0.1575975,-0.067808524,0.050820254,0.14950266,-0.030331448,0.15280497,0.11811018,0.119549476,0.066573486,-0.057729308,-0.13735671,0.022729032,0.06609985,-0.05420354,0.045026213,-0.13419046,0.14157218,0.095866635,0.12830846,0.101674095,0.038446262,-0.07172328,0.032052405,0.13551822,-0.07866685,-0.0035461993
9,-0.61651355,0.22796892,0.22467206,0.01722875,1.2289941,-0.27246886,-0.74030924,0.15827698,-0.5478661,22.842983,0.38617647,0.14606431,0.57549316,0.52453446,-0.63065827,-0.2096438,-0.6702678,0.36412966,0.7958933,0.058183,-0.17605129,0.061769195,-0.09357318,-0.49260613,0.06827985,0.09291111,-0.098606706,0.118820265,0.029492706,-0.031112097,-0.011586923,-0.10215789,0.13816085,0.23144701,-0.049247995,0.13758251,-0.2291096,0.023024594,0.11089628,0.1871878,0.034928717,0.1952006,-0.09485069,-0.2032395,-0.06182114,0.06320183,-0.15141562,-0.0064513865,-0.17609543,0.23407805,-0.043122806,-0.17579685,0.09407762,-0.01728344,-0.10854258,0.0352096,-0.06278753,0.028854022,0.17150125,0.23626107,0.16978636,0.13278605,-0.1164988,0.08917405,0.031024847,0.06846438,0.07965408,0.0715396,-0.01872775,0.12330799,0.06281892,-0.0765385,-0.022078805,-0.039532073,0.024586476,-0.07809469,-0.074016705,0.028192803,0.13136101,0.07374203,0.09693171,-0.02444059,0.017689079,-0.05198951,-0.012557857,0.059207045,0.027694892,-0.006557448,0.06064799,-0.11959089,0.0146946,-0.09284185,0.13387743,0.0990203,-0.086675495,0.020466382,0.060692698,-0.009945263,0.07176149
10,0.6128903,1.2911975,1.5357679,0.4232607,-1.6768026,-0.49412486,-1.3708203,-1.1734354,0.6955757,0.38617647,17.319485,0.09711372,-0.15895317,-0.81462765,0.2473957,-0.4251787,0.22029462,-0.4135415,-0.43514532,0.086248115,-0.15169773,0.2587369,0.4717077,0.029599845,0.29542097,0.29613885,-0.39169097,-0.4639476,0.5119388,0.35864455,0.20117223,-0.017221719,0.47232857,0.111979105,-0.2733092,-0.46501455,0.34556067,-0.19612318,0.09621895,0.20428194,0.090620786,0.001571039,0.17758991,-0.11918712,-0.30418608,-0.03028069,0.0035378686,-0.15806274,-0.31914318,0.042270623,0.122962624,0.24503157,-0.10684219,-0.12664413,0.013558087,0.20406169,-0.11726712,-0.16961657,0.12142774,-0.21030492,-0.0881507,-0.005825582,0.019185567,-0.14807302,0.025189662,0.09061886,0.14101791,-0.12626353,-0.020946307,0.010950414,0.15723026,0.054087207,0.07082391,-0.16523665,-0.12393731,0.020462636,-0.043256246,0.040942505,0.053496532,-0.1446229,-0.09983689,0.05007238,0.018507477,-0.044023164,0.017987706,0.10511575,-0.05581356,0.104687445,0.06522232,-0.066936135,-0.06767873,-0.017214887,-0.010930686,0.058850024,-0.025647087,0.09351498,0.021158032,0.0033503068,-0.0061550094
11,0.61340636,0.49009153,0.24003041,-0.5839198,0.36449438,0.061491735,-0.034311175,-0.5075736,1.0988863,0.14606431,0.09711372,16.45856,0.002065895,0.34932667,-0.014693856,0.08103461,-0.23462926,-0.5123234,0.18878251,-0.027253363,-0.32890144,0.11394426,0.06368175,-0.38502705,-0.04874891,-0.22994742,-0.32988083,-0.124450296,-0.17334133,0.057998784,-0.25423336,0.036470294,-0.06261931,0.2548645,0.12967612,-0.031358074,-0.11997801,0.038017377,-0.19468477,0.19371784,-0.10545784,-0.0640533,0.03154225,0.036129028,-0.016954053,0.18421307,-0.10356483,0.03248871,0.015795399,0.07836977,-0.108970515,-0.022713859,-0.13117447,0.061643504,-0.012587225,-0.22696465,-0.08774753,0.2858278,-0.2512089,-0.19269913,0.019752167,0.029180853,-0.048660073,-0.01642753,0.044412047,-0.058638625,0.13853171,0.035115816,0.027763568,-0.08352101,-0.036763657,-0.16580924,-0.010192292,-0.17193949,0.022907233,0.20937878,-0.10651708,-0.12469201,0.04972129,-0.020688022,-0.04523024,-0.02986129,0.018006537,-0.014214512,0.02918696,-0.1290977,-0.05016273,0.048573624,0.053730216,-0.058989387,-0.029837126,0.031011157,0.029872682,-0.11351505,-0.067646116,-0.009258034,-0.047450256,0.036059372,0.05396934
12,0.25776428,-0.09856307,1.2075672,-0.059662886,0.5331492,0.101177976,0.3649475,-0.8443574,-0.5068253,0.57549316,-0.15895317,0.002065895,15.076083,0.25048846,-0.13903183,0.24099813,0.23592636,0.19187276,-0.43607867,-0.4820909,0.0776632,0.4455443,0.2671393,-0.08088745,0.4399817,-0.27432936,0.12472948,-0.15441254,0.25053108,0.07175575,-0.18855828,-0.026851114,0.19158602,0.004341837,-0.22800791,-0.094652504,-0.078951,-0.26691046,-0.045612372,-0.110795155,-0.15108083,0.1252045,0.010070998,-0.25883073,0.027914017,-0.13453445,0.017728485,-0.063702784,-0.027628113,0.075774476,-0.07028081,0.09802303,-0.029506948,0.065494135,-0.06512599,-0.012759453,0.020793796,0.03700998,-5.8928465e-05,-0.010465808,-0.0095196385,0.039993472,0.048193634,-0.043991324,0.03912244,0.17807594,-0.054696538,-0.029559433,-0.024924695,-0.07211141,0.09860734,-0.0029822695,0.06453834,-0.05973174,0.009391446,0.00037216936,0.072482005,0.023072293,-0.024219051,0.065004855,0.056542397,-0.01844956,0.0006997481,-0.006192431,-0.077307,-0.090032175,-0.06400035,-0.00078866794,-0.041677654,0.029480904,0.06333016,-0.038396165,-0.024129927,-0.06405449,0.04381363,0.055920653,-0.054050256,-0.005918557,0.026218075
13,-0.29267663,-0.69552135,-0.7964859,1.2679636,-0.6371423,-1.2546995,0.56445885,-1.2994096,-0.47977906,0.52453446,-0.81462765,0.34932667,0.25048846,12.98159,0.34367287,-0.11213744,-0.21092346,-0.36752757,-0.5455793,-0.22850999,-0.08145699,0.46051443,-0.28805912,0.16540751,0.15799117,0.35503173,-0.03693285,-0.478256,-0.30459097,-0.11619097,-0.3911075,-0.07657007,-0.12095402,0.2812426,0.11066609,-0.4320119,0.4822554,0.0066472525,0.09759084,-0.09008898,0.23375301,-0.05050186,-0.021936461,0.22500756,-0.060745403,-0.2782783,0.21111928,-0.041921124,-0.09512544,0.08777183,0.2129328,0.017656531,0.036517285,-0.012015821,-0.23296207,0.07739882,-0.0621814,-0.107589036,-0.07816894,0.13680148,-0.22118774,-0.06800692,-0.07213056,-0.19759151,-0.04522392,-0.09046878,-0.093542084,-0.12567885,0.08621384,0.09405238,0.1137314,-0.05523888,-0.0048621334,0.047569744,-0.14752765,0.08627874,-0.037129708,0.07155858,0.106987424,0.038535297,-0.004817632,0.102367654,-0.04566208,-0.08550733,0.011946369,0.030021997,0.01855871,0.17222357,-0.05126643,0.04394581,0.0052134898,-0.0646576,-0.04616604,-0.033953592,0.0057468712,-0.021647662,-0.06758837,-0.010731105,-0.049865656
14,-0.19090468,1.5852813,-0.57892156,0.35083243,1.5495481,0.34956,-0.20761733,-0.10224029,-0.7859541,-0.63065827,0.2473957,-0.014693856,-0.13903183,0.34367287,13.1805935,-0.32126212,-0.3212477,-0.15409037,0.36744988,-0.061948046,-0.18772551,0.043922946,0.099500366,-0.09776771,-0.19403833,0.14158341,-0.15824261,0.15964916,0.14901738,-0.16918547,-0.17573339,-0.0723633,0.4202308,0.0617697,0.22650255,0.09974742,-0.10217792,-0.2333548,-0.113696754,0.0346008,-0.11372502,-0.078441545,0.02866464,-0.036626615,-0.0019723722,-0.08430629,-0.057742424,0.09166637,-0.16321406,-0.0052676527,-0.048091464,-0.10815503,0.006052715,0.06546378,-0.2632723,-0.15064138,-0.04200571,-0.02731495,0.021033205,-0.005361368,0.20223576,0.05264192,-0.08797333,-0.053697467,0.107975915,0.060366184,-0.016991919,-0.012282043,0.10675324,-0.07922992,0.015228601,0.091558486,0.035083458,0.022042574,0.01016034,-0.053065382,-0.01755313,-0.042869013,-0.028658615,0.046215918,-0.007755251,-0.07411499,-0.00056004245,-0.06124863,-0.021955185,0.10148904,0.040855207,0.07512979,0.039859228,-0.03994298,0.07119578,-0.0025381385,-0.020090722,-0.024116104,-0.03736063,0.09179042,0.059648734,-0.047788657,0.01083505
15,0.021890264,-0.23602742,2.2739615,-0.040329482,0.9205889,0.06409534,-0.47868028,-0.38140172,-0.06642975,-0.2096438,-0.4251787,0.08103461,0.24099813,-0.11213744,-0.32126212,11.111366,0.06545785,-0.35587096,0.01494841,-0.18874049,-0.27477658,0.113946095,-0.016482435,-0.10690588,-0.39690155,0.12262075,-0.017501615,0.2049845,-0.011925376,-0.14608845,0.18409818,-0.021046448,0.08254929,-0.0516606,-0.016961861,0.05088543,-0.23955008,0.15807119,-0.09506925,-0.04393878,-0.03656639,0.20212787,0.033557743,0.011584462,0.03554873,-0.13434847,-0.0297914,0.1328135,-0.17036927,0.089604646,0.06910686,-0.040709965,0.093304634,0.10911845,-0.042821087,-0.09120504,-0.11466949,-0.082033485,0.036074936,0.031613424,0.027094295,0.021646976,0.025969815,0.012942238,0.0036846164,0.04051704,0.04422491,0.06581274,0.024695808,-0.012515705,0.027489021,0.0053614466,-0.050896913,0.01677262,0.002827202,-0.09109878,-0.085111596,0.056012183,-0.063604996,-0.0014758417,-0.064027086,0.0063030925,-0.020119276,-0.041645534,0.04732264,0.12437245,0.04515289,0.049833275,-0.04489825,-0.03516388,-0.07363576,0.04038216,0.031395093,-0.0416509,-0.088128634,0.059571452,0.034046624,-0.06635058,0.0017892981
16,-1.1292939,-0.9507679,-1.7117977,0.5594084,-0.048943087,-0.46801767,-0.08169563,0.63978064,-0.7780472,-0.6702678,0.22029462,-0.23462926,0.23592636,-0.21092346,-0.3212477,0.06545785,10.208753,-0.4783913,-0.08302954,-0.020864869,-0.17416462,-0.027627788,-0.2991506,-0.034399092,0.088545665,-0.080631465,0.26622975,-0.3511423,0.05229585,0.028257925,-0.11697674,-0.23665634,0.13383411,0.26555374,0.10160668,-0.13209745,-0.05323258,0.04136392,0.03139077,-0.18921028,0.072504506,0.050702944,-0.07167606,-0.10981701,0.06505098,-0.118625894,-0.14646623,0.11517136,0.023466554,0.030494146,-0.15765843,-0.11135818,-0.08208221,0.047115047,-0.052551247,0.115627944,-0.09655126,-0.0039734617,0.006622863,0.14114541,-0.062613234,0.078161426,-0.041377235,-0.006456878,-0.0031797898,0.0032876385,-0.08031687,-0.11530024,-0.011158429,0.07307002,-0.032881804,-0.051865026,-0.012816462,-0.078118786,-0.038705304,0.00058259757,-0.015935387,0.075964764,0.0620739,0.024316948,0.07484,-0.11783649,-0.03628798,-0.059183482,-0.00063180225,0.073541194,-0.0005926627,0.0065401588,0.014441533,0.051685967,-0.020485366,0.042369556,0.04108665,0.021389127,-0.03792552,0.0012362374,0.038504053,-0.039833926,-0.024864938
17,-0.16362055,-1.1651185,0.461995,0.3831273,-0.30087143,0.49752632,0.09291354,0.1295366,0.37318525,0.36412966,-0.4135415,-0.5123234,0.19187276,-0.36752757,-0.15409037,-0.35587096,-0.4783913,8.995083,-0.052535437,-0.37431282,-0.0037128336,-0.07719006,-0.051326007,-0.03990794,-0.40221828,0.40072894,0.0442198,-0.22314662,-0.03428998,-0.1596463,-0.11929767,0.11100787,0.16656706,0.08389518,0.19934732,-0.0342485,-0.12316862,0.06537388,-0.017819121,0.02397801,0.04496987,-0.019515235,0.08029385,-0.048615243,0.08167964,-0.09071958,-0.038368735,-0.02407097,0.09239878,-0.018322919,-0.05669407,0.008982427,-0.029780865,0.08856906,-0.03507635,-0.025208943,-0.12579665,-0.009753689,-0.010255732,0.030058188,-0.09488642,-0.055285826,-0.057222024,-0.107245,-0.038548112,-0.0028771986,-0.056976907,0.0037169778,-0.036023743,0.030543722,-0.0050493805,0.044669952,0.0016982295,-0.021223344,-0.042804845,0.0672344,-0.07540569,0.07313252,-0.06954117,-0.06763244,-0.062185872,-0.094781816,0.024609765,-0.0062110852,-0.019023271,0.034010705,0.03845093,-0.025683032,-0.0022652466,-0.033442147,-0.05523545,0.020735644,-0.08973063,-0.06484151,-0.02625564,0.02751649,-0.036207333,-0.021743326,-0.031821214
18,-0.23914468,-0.01534763,0.16036871,0.15969887,-1.0255744,-0.43864435,0.108033106,-0.632442,-0.9151856,0.7958933,-0.43514532,0.18878251,-0.43607867,-0.5455793,0.36744988,0.01494841,-0.08302954,-0.052535437,7.8831515,-0.43686736,-0.06060976,0.09869709,-0.09097192,0.3440314,0.016123896,-0.36029804,0.020038668,-0.26894438,0.30027485,0.2620453,0.07305932,-0.10782409,-0.12115657,0.05881729,0.12794185,0.079941675,0.20245348,-0.1357692,-0.18365547,-0.18161918,0.013201289,-0.11780609,0.004323059,0.10790483,0.0007024589,-0.19577982,-0.03216607,0.21729548,-0.054166548,-0.08131674,0.019166375,0.022420172,0.016576026,-0.07816889,0.05044469,0.15834212,0.027825871,-0.109693944,-0.074689865,-0.1786198,-0.0813428,0.107764035,0.057400562,-0.020073406,-0.042813845,-0.03369619,-0.12958711,-0.03390082,-0.038784064,0.012986282,0.113835886,0.014258752,0.005885384,-0.037155017,-0.048977606,0.08124448,0.05882188,0.07507482,0.08771145,0.09303879,0.05677105,0.04307118,0.044408,-0.041718554,0.07759279,-0.033888206,-0.04457572,-0.009678271,-0.048778098,0.05048957,-0.13230851,0.055738937,0.04234784,-0.04978957,-0.058695015,0.03175596,-0.006957896,0.043129943,0.01811867
19,-0.16342267,-1.3751793,1.0232484,-0.22942725,0.39583734,-0.2810229,-0.20073527,-0.47947454,-0.1395684,0.058183,0.086248115,-0.027253363,-0.4820909,-0.22850999,-0.061948046,-0.18874049,-0.020864869,-0.37431282,-0.43686736,7.701682,-0.022966385,0.4474313,-0.21400842,-0.21615268,-0.23511016,0.19087061,0.06761134,0.05119372,0.03392201,-0.2751337,-0.13633767,-0.0070009003,-0.14863394,0.14926617,-0.07259394,-0.08149356,-0.16152161,-0.12935054,-0.03310883,-0.037918247,-0.009619493,-0.03241033,-0.08853454,0.0096165,-0.08207079,-0.1533902,-0.065971196,0.13965099,0.020600455,0.086493194,-0.079440236,0.023474893,-0.021180792,0.09092553,0.0057590045,0.09906004,0.0022547503,0.01855021,-0.11140187,0.08897239,-0.001136366,0.015699407,-0.08307174,0.024924252,-0.05885409,0.05855287,-0.0034572538,0.014319157,0.0065051466,0.015795926,-0.05040063,0.0044606794,-0.08759709,-0.033939302,0.10691608,-0.029725563,-0.08034886,0.050162517,-0.018495144,0.001250266,0.014477968,-0.053397916,0.044142272,-0.06226941,-0.021574382,-0.07521306,0.03449958,-0.024036389,-0.028178293,-0.033633027,0.043085806,0.034492403,-0.08424039,-0.050054338,-0.025162999,-0.0011341556,-0.0116270855,0.043438658,0.04456772
20,-0.30382115,0.35434955,-0.5931762,0.19473432,0.49296576,-0.38390693,-0.4133379,-0.43670315,-0.10636824,-0.17605129,-0.15169773,-0.32890144,0.0776632,-0.08145699,-0.18772551,-0.27477658,-0.17416462,-0.0037128336,-0.06060976,-0.022966385,7.9112473,0.083754376,0.26384187,-0.0657275,-0.10024485,-0.087706216,0.06593821,-0.10367073,-0.11503017,-0.018113937,-0.070389315,-0.16081515,-0.008594962,0.23143655,0.07821657,-0.15026596,-0.046731994,-0.0031805553,-0.016908534,-0.14602126,-0.031504232,0.04022619,0.03613123,0.035326377,0.10406889,-0.0044931658,-0.12447184,0.11574916,-0.1663146,0.07741664,-0.020347396,-0.020254254,-0.032515068,-0.019346118,-0.0503776,-0.0032166888,-0.11478706,0.014282402,-0.024531797,0.041254975,0.038088143,0.104589105,-0.05185001,-0.044540625,-0.037949465,0.015241638,-0.0059743905,-0.06766522,0.02145446,-0.0077124005,-0.030866187,-0.059621807,0.01915948,-0.03981389,-0.022658804,-0.01836925,-0.00034641215,-0.020884188,0.03998913,0.01861471,-0.035541162,-0.04924759,-0.040870976,-0.027781935,0.01959734,0.007767764,-0.033284497,0.0026868049,0.030673757,0.0023336853,-0.014890691,0.0051714387,0.010107414,0.0053724824,-0.017428543,0.012963379,0.021007925,-0.014421064,0.05719378
21,-0.2310217,-0.78862226,-0.7179881,-0.5397711,0.10217856,0.4480567,-0.48959163,-0.08245398,0.647112,0.061769195,0.2587369,0.11394426,0.4455443,0.46051443,0.043922946,0.113946095,-0.027627788,-0.07719006,0.09869709,0.4474313,0.083754376,5.8863463,0.28780258,0.43177345,-0.19224529,0.07361492,0.010969764,0.0844825,-0.11529003,-0.018032353,0.2102043,-0.008022733,0.11350886,0.016789537,-0.057409618,0.33540127,-0.00511652,0.12391422,0.062963806,-0.0917188,-0.05182647,0.04269229,0.014186814,0.11225988,-0.046321437,0.13568531,-0.06720151,-0.108559735,0.06976192,-0.13387594,-0.057763714,-0.06817687,-0.06002254,0.024835967,0.024984054,0.015357429,-0.044445187,-0.06699616,0.067662835,-0.053423338,-0.072798535,0.08209649,0.10603994,0.11629744,0.036459245,-0.027571462,-0.040589787,0.055152416,0.08361941,-0.038927115,-0.10036518,0.029885627,0.02817152,-0.04394117,0.058722917,-0.06907822,-0.01316812,0.04656727,0.015205713,0.024335649,0.04910487,0.0077882316,-0.008356343,0.017561428,0.012761372,0.06856987,-0.011071175,-0.03676673,0.04547386,0.026047332,-0.07927996,0.04751242,-0.01699936,-0.059369832,0.062005028,0.030204345,-0.05001457,-0.027941654,0.008345986
22,-0.091617234,-0.6133014,0.022780543,-0.5162252,-0.58339417,-0.0142373,0.107792884,0.6587164,-0.062854104,-0.09357318,0.4717077,0.06368175,0.2671393,-0.28805912,0.099500366,-0.016482435,-0.2991506,-0.051326007,-0.09097192,-0.21400842,0.26384187,0.28780258,5.9540396,-0.042015657,-0.15040986,-0.07910365,-0.13563205,0.035273552,0.062901884,0.028274987,0.092822045,0.010998722,-0.115079165,-0.037418436,0.14607036,0.009086617,0.05839815,0.03766988,-0.12617238,0.05501885,-0.055715725,-0.056384847,-0.0627256,-0.013272648,-0.036716543,-0.07095527,0.048362277,0.16906318,0.061221372,-0.041901976,-0.10655779,0.0015280048,-0.08217164,-0.080789134,-0.006142323,0.03641209,0.017565828,0.018935721,0.007091037,0.06711481,-0.04334578,-0.083295844,-0.037598483,-0.019270623,0.015837774,-0.037529264,-0.013780463,0.018757753,-0.06862718,0.0906212,0.07950885,0.012530014,0.007472976,-0.010654267,0.033438183,0.016657144,0.004947274,0.036896218,-0.03864689,-0.0063321437,0.018130993,0.015277794,0.019249316,-0.036807634,0.01686911,0.024450637,0.06863953,-0.015577552,-0.05372157,-0.015395241,-0.01680683,-0.041322045,0.073311254,-0.00080544315,-0.0034521895,-0.040038247,0.021174626,-0.031368874,-0.019826964
23,0.164947,0.3693594,0.54079974,0.029633373,0.021781322,0.30714616,-0.33832833,0.43257385,0.064344004,-0.49260613,0.029599845,-0.38502705,-0.08088745,0.16540751,-0.09776771,-0.10690588,-0.034399092,-0.03990794,0.3440314,-0.21615268,-0.0657275,0.43177345,-0.042015657,5.673783,0.21027851,-0.04535763,0.03222301,0.14752638,-0.045034036,-0.12844506,-0.119520105,0.012317274,-0.148951,-0.00722066,-0.100236945,0.045737486,-0.26574644,-0.0649692,-0.025443688,0.14812773,0.0011568067,0.08592374,0.024409514,-0.1314367,0.014568137,-0.0955593,-0.020348389,-0.005517217,-0.13961402,0.099230394,-0.019423235,0.06672041,-0.0840611,0.05416045,-0.031097285,-0.08171287,-0.0055264896,0.04522253,-0.0069333026,0.048223287,0.06470161,-0.010185379,-0.117011815,-0.027423691,-0.08366681,-0.034758918,-0.0055361427,0.013754347,-0.012133751,0.037332382,0.046147443,-0.03794764,-0.0069329203,0.042423178,-0.020433668,-0.013458235,-0.028772533,-0.03432001,-0.022816692,-0.044351485,-0.0028730626,-0.025523238,0.035218887,0.017077103,-0.023849424,-0.023679454,0.0008775706,0.0022052284,0.004658133,-0.011145221,0.026105119,-0.012115224,-0.011359559,0.0013498734,-0.06333898,-0.034635346,0.049686648,0.054231532,0.03480924
24,-0.08829502,0.38432097,0.016424466,-0.18816996,0.13174868,0.31277227,0.23178275,0.077290416,0.37042347,0.06827985,0.29542097,-0.04874891,0.4399817,0.15799117,-0.19403833,-0.39690155,0.088545665,-0.40221828,0.016123896,-0.23511016,-0.10024485,-0.19224529,-0.15040986,0.21027851,5.320553,0.13677555,-0.23782432,0.05417171,0.09584281,-0.24983317,0.18267213,-0.05927919,0.107954286,-0.102570444,0.080383986,0.09050843,-0.018549586,0.1454602,-0.15735552,-0.0009054688,0.0070783477,-0.12615314,-0.01120787,0.14533901,0.086304635,0.0044379043,-0.019045532,0.17089751,0.031226888,-0.04031997,0.02834526,-0.084147796,0.087841965,0.035257585,-0.05745341,0.021700172,-0.07971904,-0.024310108,-0.0172273,-0.04929649,0.029545892,0.012681309,0.060424536,-0.015204756,0.076533586,0.037390932,-0.021437787,0.07860726,-0.005762717,0.03753926,-0.0664475,0.051532693,0.019209495,0.02652362,0.08154912,-0.0143004935,-0.010555936,0.0048541445,-0.026771888,-0.013858264,-0.0857331,0.0026151543,0.01288163,-0.022892546,0.01941825,0.0094863055,0.06638165,-0.041780077,-0.003123819,-0.07199849,-0.025696892,0.0052619847,0.025552902,-0.037662894,0.03725348,0.021689542,-0.010561061,-0.069137804,0.022679865
25,-0.1654205,-0.08710133,0.102865696,-0.13147563,0.51846415,-0.15305139,0.34572035,0.35342455,-0.6430721,0.09291111,0.29613885,-0.22994742,-0.27432936,0.35503173,0.14158341,0.12262075,-0.080631465,0.40072894,-0.36029804,0.19087061,-0.087706216,0.07361492,-0.07910365,-0.04535763,0.13677555,4.7864246,-0.053190522,-0.0431602,0.15735033,0.1657876,0.06791166,-0.16710976,-0.10977408,0.10901316,0.003130287,-0.13061398,-0.05019331,-0.045100898,-0.12328833,0.014247757,-0.068185,-0.0906059,0.036193337,-0.11653009,-0.019900227,-0.093214534,-0.032062188,0.06529652,-0.0045262794,0.02110549,-0.03767629,-0.027329674,-0.06425727,-0.002515248,0.04724832,-0.004951343,0.01804898,0.059217684,0.012422321,-0.06699174,0.04395041,0.058198147,0.08821398,0.0267292,0.032609627,-0.0014066768,-0.01874261,0.022523548,0.0023927642,-0.03060561,0.03434173,-0.05624371,0.011555873,-0.058876205,0.0038170416,0.029050428,0.07677192,-0.06590991,0.040948547,0.03878309,0.037158225,0.048435375,-0.042153865,-0.00826399,0.038178384,-0.0409125,-0.00042519253,-0.016626904,-0.03901957,0.018789276,-0.027469598,0.038914017,0.075819865,0.0036527263,0.029349275,-0.012523061,0.031313017,-0.01814514,-0.019131009
26,0.53274035,1.2354615,0.3577065,-0.8140416,-0.31785327,-0.23081584,-0.24001001,-0.74883187,0.49167505,-0.098606706,-0.39169097,-0.32988083,0.12472948,-0.03693285,-0.15824261,-0.017501615,0.26622975,0.0442198,0.020038668,0.06761134,0.06593821,0.010969764,-0.13563205,0.03222301,-0.23782432,-0.053190522,4.64035,-0.006804379,0.2728668,0.096157975,-0.038527675,0.039763585,0.24941996,-0.09228471,0.016453862,0.019893255,0.17460564,0.0011981351,-0.07465519,0.09404474,0.01612682,0.015525637,-0.014047729,0.09795442,-0.1581882,0.07116698,0.0037165522,0.048042484,-0.0491857,-0.0117767,-0.0066345446,0.07096774,-0.10919279,-0.031302683,-0.14278737,-0.07277943,0.019997992,0.028496519,-0.111181006,-0.04279284,0.107268244,-0.036746558,0.008870931,-0.0029094547,0.12285242,-0.02789561,0.06662333,0.016078165,-0.005661113,-0.00076371775,0.048847772,-0.010226512,0.008996731,-0.00818108,0.00377776,-0.027019687,-0.0050888816,-0.082777426,0.00860908,0.0073098103,0.0035358546,0.049184978,0.023928765,0.025167793,0.015887788,-0.016749594,0.027465256,0.014397781,0.01292173,-0.081288755,-0.037154377,-0.025367912,0.077492334,-0.010744564,0.009960117,0.010304883,-0.021184966,-0.019262096,-0.062081654
27,-0.32206976,0.045960326,-0.74746,0.5556661,-0.28462082,-0.2624111,0.36017323,-0.1650304,-0.23452532,0.118820265,-0.4639476,-0.124450296,-0.15441254,-0.478256,0.15964916,0.2049845,-0.3511423,-0.22314662,-0.26894438,0.05119372,-0.10367073,0.0844825,0.035273552,0.14752638,0.05417171,-0.0431602,-0.006804379,4.095113,0.07740077,0.24177597,-0.18211436,-0.048543446,0.039403357,-0.047252618,0.15184957,-0.2621005,0.08050363,0.0032104487,0.052610993,-0.059853286,0.14055136,-0.034212142,-0.05267518,-0.053170647,0.064639404,-0.054667205,0.018803056,-0.08412523,-0.02372061,-0.07736887,-0.0541634,-0.017102744,-0.018039245,-0.057970874,0.03231099,0.047207035,-0.0052921157,-0.030227741,-0.041963905,-0.014931725,-0.079903305,0.028537577,0.025394913,-0.034518894,0.043538935,0.010391099,-0.057718012,-0.12999621,-0.030954931,0.026281519,-0.027637374,-0.052678697,-0.0021914255,-0.050508745,-0.036862604,0.06112934,0.038846973,-0.018450117,0.057573035,-0.020375,0.03447987,-0.035497397,-0.011792075,-0.031200565,-0.02047427,-0.0177987,-0.026617065,0.007944934,0.019940034,0.020586897,-0.009617657,-0.0421801,0.010520376,0.010018565,0.025761612,0.044529654,0.0374171,-0.0020580776,-0.016405087
28,-0.095432945,-1.4837416,-0.033217236,0.4925006,0.26551342,0.27215594,0.035155296,-0.08330035,0.054650106,0.029492706,0.5119388,-0.17334133,0.25053108,-0.30459097,0.14901738,-0.011925376,0.05229585,-0.03428998,0.30027485,0.03392201,-0.11503017,-0.11529003,0.062901884,-0.045034036,0.09584281,0.15735033,0.2728668,0.07740077,3.8716974,-0.042166583,-0.13249168,0.035886843,-0.23967853,0.20662837,0.073808335,0.04534805,-0.084081315,0.09959582,0.056627695,-0.08696416,-0.11108198,0.08422446,0.009076885,0.13067633,0.02553787,0.05325549,0.03657346,-0.036335275,0.053554073,0.016109532,-0.032720607,-0.059541468,0.022378687,0.020986453,0.0070258025,-0.07098554,0.0006063379,0.06705778,0.054794587,0.031288527,-0.06830797,-0.032750197,-0.044703066,-0.0007150463,-0.04473362,-0.044330053,0.0041629034,0.005238957,0.050384007,-0.04450936,-0.028927946,-0.012795533,0.02417197,0.01822325,0.04740841,0.06334627,-0.035418823,0.022985857,-0.019789247,-0.007468373,-0.032711923,-0.008033689,-0.017412778,-0.004165264,-0.030450251,-0.003119587,0.03180646,0.012398181,-0.016292928,0.04247174,0.046591192,0.010516425,0.012479251,-0.013205742,-0.0027090237,0.00011101461,-0.041912407,-0.0066250814,0.032337315
29,-0.053183064,0.20724693,0.13736838,0.4188643,0.5443468,0.053990155,-0.075386405,0.08610068,0.16398638,-0.031112097,0.35864455,0.057998784,0.07175575,-0.11619097,-0.16918547,-0.14608845,0.028257925,-0.1596463,0.2620453,-0.2751337,-0.018113937,-0.018032353,0.028274987,-0.12844506,-0.24983317,0.1657876,0.096157975,0.24177597,-0.042166583,3.5648522,0.013509627,-0.0010639653,0.07560419,0.120650835,-0.08346141,-0.056920387,-0.056793146,0.028593596,-0.0034116572,0.068158105,-0.040039036,-0.108686745,0.025318086,-0.017963972,0.057734832,-0.04283551,0.028766228,0.06466439,0.022141881,0.019399622,0.04394105,-0.027856156,0.05986435,0.08190608,-0.008080317,-0.009683106,-0.047361154,-0.00901123,-0.015865564,0.043780293,-0.00829793,-0.014863952,0.0044157063,-0.016526176,-0.049465973,0.041305766,-0.026396634,0.038774967,0.009837506,0.022432994,-0.06800799,0.059338726,0.016582778,0.05919671,0.046350956,-0.038830526,-0.00601188,0.028868873,-0.04458143,0.009988196,-0.048760384,-0.027589153,0.023087792,-0.0125704855,-0.06055467,-0.01913381,0.026713599,-0.007937791,-0.00030210608,-0.023920534,0.036607467,0.03406118,-0.042707477,-0.011847844,0.025985796,-0.011583999,-0.023394208,-0.009768177,0.036992595
30,0.04747074,0.31877077,-0.51450336,0.087205574,0.16283172,-0.31372994,0.28643876,-0.4608805,-0.3327631,-0.011586923,0.20117223,-0.25423336,-0.18855828,-0.3911075,-0.17573339,0.18409818,-0.11697674,-0.11929767,0.07305932,-0.13633767,-0.070389315,0.2102043,0.092822045,-0.119520105,0.18267213,0.06791166,-0.038527675,-0.18211436,-0.13249168,0.013509627,3.3307126,-0.019622473,0.013959942,0.048680946,0.14281002,-0.10773541,-0.009928918,-0.061192438,0.094720945,0.029744145,0.034167226,0.032528017,-0.058884952,-0.075617865,0.06479932,-0.045438796,0.017757151,-0.05999764,0.017984021,-0.008847401,-0.040616482,-0.019364607,0.095609315,-0.0010898499,-0.056371395,-0.07788521,0.040974967,0.037610717,-0.078184456,0.04615493,0.053609334,0.015039101,-0.03967174,-0.035386123,-0.011963228,-0.04802831,-0.040856123,-0.07305069,0.007073045,-0.019754738,0.016383933,-0.027458306,0.019731903,0.027384669,-0.06261368,0.05290151,-0.015055404,-0.027965836,0.0053317007,-0.002608097,0.028673902,-0.0014062701,0.016016414,0.024096698,-0.009754898,-0.027782835,0.0049201287,0.003957944,-0.012740479,0.034612916,0.06522975,0.012276137,-0.03495954,-0.035892926,0.00212699,-0.0062763374,-0.0024290704,0.010074963,-0.029280735
31,-0.1978645,0.09773001,-0.49388033,-0.08111319,0.05833132,-0.15024906,0.019604757,-0.1162675,-0.32015276,-0.10215789,-0.017221719,0.036470294,-0.026851114,-0.07657007,-0.0723633,-0.021046448,-0.23665634,0.11100787,-0.10782409,-0.0070009003,-0.16081515,-0.008022733,0.010998722,0.012317274,-0.05927919,-0.16710976,0.039763585,-0.048543446,0.035886843,-0.0010639653,-0.019622473,3.2604358,0.014471081,0.1304643,-0.05321891,-0.11499311,0.004843395,-0.044120733,-0.014342531,-0.06186033,0.019204564,0.008986965,-0.016208388,-0.062331844,0.013308522,-0.0341257,-0.054860227,0.07289286,-0.04474826,0.0013085536,-0.0027300916,-0.037690513,-0.010602465,0.04051225,-0.051521473,0.07500386,-0.030749999,0.0139235575,0.015915204,-0.034059506,0.0020740272,0.06505199,0.033400927,-0.031473476,0.032427967,0.012368842,-0.025840268,-0.04629013,0.004955995,-0.013057686,-0.0030510076,-0.017360244,0.031686753,-0.02270629,0.015737217,-0.010771329,-0.0028949562,-0.020441499,0.029627144,-0.007893469,0.0066668387,0.010745164,-0.013117557,-0.018938286,0.018154591,0.013113016,0.01690099,1.7792125e-05,-0.0052298405,0.022586765,0.009559087,0.034590196,0.02564573,-0.017341027,0.024412524,-0.008057104,0.02422823,-0.044516444,-0.00483456
32,0.047079317,-0.32045338,0.51028335,-0.08179783,0.09382293,0.3369069,0.031587772,0.38845384,-0.3903072,0.13816085,0.47232857,-0.06261931,0.19158602,-0.12095402,0.4202308,0.08254929,0.13383411,0.16656706,-0.12115657,-0.14863394,-0.008594962,0.11350886,-0.115079165,-0.148951,0.107954286,-0.10977408,0.24941996,0.039403357,-0.23967853,0.07560419,0.013959942,0.014471081,2.7943504,-0.066565245,0.066760585,-0.0016374724,-0.13534555,-0.0027556852,-0.12957951,0.021555223,-0.006790383,0.03439369,-0.089294404,0.0086558685,0.071806535,-0.010725787,0.039550275,-0.030877687,0.014869025,-0.018555408,0.01502214,0.029574268,0.024803946,0.043547444,0.044237472,0.015564585,0.05227661,0.028175743,-0.010414452,0.041314773,-0.041170213,0.010775531,-0.046788078,0.040787973,-0.034061655,-0.08412706,0.01157449,-0.016840413,-0.030146273,0.031111123,-0.045067947,-0.07392111,-0.04365918,-0.0041953195,-0.019107971,0.014379561,0.007644524,-0.009045833,0.03081702,-0.04898522,0.01869619,0.049230933,0.047067206,-0.019156162,0.060741484,-0.033802237,-0.051077567,-0.022927225,-0.02473345,0.012431016,0.02136407,0.029689096,-0.0046349317,0.0067917625,-0.040816613,-0.03016743,0.017125703,0.015005894,0.006896803
