,0,1,2,3,4,5,6,7,8,9,10,11,12,13,14,15,16,17,18,19,20,21,22,23,24,25,26,27,28,29,30,31,32,33,34,35,36,37,38,39,40,41,42,43,44,45,46,47,48,49,50,51,52,53,54,55,56,57,58,59,60,61,62,63,64,65,66,67,68,69,70,71,72,73,74,75,76,77,78,79,80,81,82,83,84,85,86,87,88,89,90,91,92,93,94,95,96,97,98
0,9.087217,10.362086,12.714495,-7.3684206,-4.1957884,2.665365,-1.0952139,-5.3917828,5.7509737,2.9312558,-3.4691896,-2.9632215,-1.0451717,1.7119653,1.0643135,0.0015990974,5.7938313,0.6114336,1.1069577,0.85997397,1.398562,1.2018452,0.6364663,-1.0210824,0.27952972,0.6685965,-2.8874383,1.6416562,0.56429493,0.47087163,-0.27833915,0.99184585,-0.22421688,-1.8423877,-0.64009815,0.532487,0.3532008,-0.6018177,-0.24809116,1.6904063,-0.341129,0.4808805,0.18727475,-0.3446312,-0.5581379,0.8184107,0.87227654,-0.6460712,-0.24024898,-0.56473327,0.7338749,1.088903,0.10960546,0.04377695,-0.20515865,-0.5932585,0.34465137,0.64912915,-0.6750169,-0.8872007,0.7768148,-0.7167728,0.049502626,-0.0820734,0.046621792,-0.27592915,0.8186281,0.39234695,-0.4950974,-0.5371853,0.55736923,0.047634948,0.34816873,0.13743126,-0.095025845,0.17693579,0.021554373,-0.6538191,-0.49467915,-0.42865258,-0.4260835,0.611969,0.5824049,0.6111139,0.15966758,-0.22645831,-0.068687305,-0.02951638,-0.11316861,-0.4378547,-0.026116602,-0.08808912,-0.17022428,-0.05554028,-0.15981248,-0.23306778,-0.14485207,-0.13616654,-0.02586817
1,10.362086,113.41139,-10.938265,-5.060237,-1.4486492,1.1121271,4.0717926,3.9066637,8.601412,-1.2585478,-6.8524046,-2.5376027,0.57462394,3.6981597,-8.3522625,1.2654502,4.986805,6.102006,0.054017067,7.253544,-1.9048854,4.156908,3.2619681,-1.9748807,-2.059851,0.42383593,-6.5305886,-0.2522987,7.837386,-1.0598774,-1.6863658,-0.5245507,1.6946466,-9.837324,3.6011887,0.15193066,4.698019,-4.217578,-2.2407665,4.342226,3.6512764,-1.3917758,-0.9022957,0.37913287,0.8774426,-0.37453082,1.5983834,0.23961514,-3.495856,-1.7408675,2.1722503,0.37844133,3.8806226,-0.667855,0.56368375,-0.5662861,-1.3351023,0.41702288,-2.7444434,-2.2418113,2.755241,-0.8321912,-0.21925315,-0.99342763,1.5320127,-0.1574055,0.41704917,-1.0081589,-1.9348805,-1.2146049,-0.003913033,-0.098534234,1.3246667,-0.19293681,-1.3269823,-1.1718102,0.81585586,0.28133482,-0.55484295,-0.9892055,-1.185129,0.03478975,2.4948876,0.09260404,0.26186514,-0.23764513,-0.8756263,1.1301199,1.6257529,-1.3286562,0.048174463,-0.49748987,0.087309286,0.36298746,0.66299474,0.1465174,1.2846494,-0.60798484,0.02083224
2,12.714495,-10.938265,69.96463,-1.4980049,12.085798,10.277828,-5.2629876,-5.294571,0.43718177,-1.6192337,-8.420839,-0.8969853,-5.9450617,4.4284415,3.1322231,-11.836691,8.808372,-2.7773287,-1.0551504,-5.4006424,2.8531098,3.7640758,0.08769731,-3.0575948,-0.33883846,-0.8184253,-1.9918537,3.8657029,0.2574184,-0.46692166,2.6763892,2.5350208,-2.6589634,-1.2109462,-1.7188843,-1.4551105,-4.4127035,-0.23634574,-2.223864,2.6937006,-2.1715684,2.42535,1.2874657,-3.1814203,-1.406306,-1.3825545,2.0189357,-1.3056526,-1.1714499,0.7905203,1.7328174,1.5960803,0.9362316,1.8373767,0.7398912,-0.3934641,0.19452345,1.0077953,1.1427088,-0.18422306,0.44855833,-1.1615903,0.40509427,1.0407714,-0.15882823,0.7761678,1.7862728,2.1241345,-0.8516551,-0.76357603,1.6207769,0.23528567,-0.026337942,-0.94054484,0.27376413,-0.121617466,-0.53716576,-0.76730615,-1.290996,-0.0017236713,-0.595117,1.5328069,1.2368184,0.4623875,0.5468065,0.1508941,0.33581817,-0.41318923,-1.102129,-1.5124195,-0.578419,0.31387645,0.4348199,0.14387855,-1.4003803,0.65243304,-0.33089948,-0.69851506,-0.29203045
3,-7.3684206,-5.060237,-1.4980049,39.837357,9.185455,4.4414873,4.882063,7.6545267,-7.362734,-0.037896253,-2.1936462,3.0351925,0.2628966,-6.7162285,-1.8602283,0.19344988,-2.9239173,-1.979428,-0.816906,1.2106464,-0.9936028,2.8501294,2.6977255,-0.13135347,1.0233841,0.7272322,4.30685,-2.9217293,-2.6079803,-2.240922,-0.45541668,0.4364351,0.42747098,2.735968,1.691834,-4.560568,0.08644006,-1.164578,-0.5763179,-1.3555206,0.9979998,-2.2892404,1.9094119,0.4159382,1.9762558,-1.3289286,1.964261,0.1963634,-0.9917934,0.27127457,1.8696288,-1.6580038,0.59280765,-0.056662712,0.4518143,0.8745291,-0.22107047,-0.58080775,1.2398131,0.051403623,-1.3959379,-0.8104466,-0.8824959,-0.7468988,-0.6986759,0.6643846,-1.6536533,-0.47363096,1.4215937,-0.060030334,-0.294998,1.5346045,0.29812124,-0.11649099,-0.6997419,1.3552301,-0.5160252,-0.13345844,0.011710484,0.71554524,-0.33031774,-0.5216712,-0.017164059,-0.51230943,-0.44049177,-0.43894958,0.89777887,0.1657438,0.3010928,0.07423353,0.75435865,0.25460857,0.11499002,0.85598004,-0.32425708,1.3166015,-0.04201398,1.3234067,-0.5965335
4,-4.1957884,-1.4486492,12.085798,9.185455,35.95925,2.9662466,4.16119,3.2491324,-6.8523607,-6.4676094,8.856321,-1.9357455,-2.8272884,3.3530333,-8.17682,-4.861583,0.265894,1.5991007,5.4172425,-2.0879161,-2.590703,-0.5381458,3.0700498,-0.10761398,-0.6860776,-2.7251482,1.6804085,1.504116,-1.4035116,-2.8804622,-0.85763025,-0.30521178,-0.4960612,2.012137,2.2040575,-2.828929,-2.7234015,-0.34382862,-0.6485379,0.055703975,-1.4223764,-0.8239564,0.2905512,-1.1786844,0.037517443,-1.0314484,0.05335264,-1.1306841,-0.5903572,1.6580814,-0.072422385,-1.7469467,1.3506116,1.8996644,0.27232224,-1.5842477,0.14859939,0.82796,0.727309,0.94792235,0.99647486,0.4507103,0.22370432,0.8669271,0.9509357,0.79406697,0.40810782,0.5719415,1.4493657,-1.1861598,-0.901988,-0.11346021,-0.6141219,-0.6100235,0.65921366,-0.5592984,-0.483127,-1.0157976,-0.33103567,0.8588874,0.21111938,0.009951267,-0.40750045,-0.72495973,-0.089172706,0.03688651,0.34453595,0.4602819,0.0879225,-0.43141228,0.9301652,0.22515252,-0.08071725,-0.15562394,0.13392898,0.96246755,0.06455544,-0.37672,-0.448555
5,2.665365,1.1121271,10.277828,4.4414873,2.9662466,21.333124,-0.17393887,8.55896,4.386707,1.4688544,2.6298747,-0.3510458,-0.5648145,6.601904,-1.8496491,-0.349643,2.484899,-2.599694,2.329112,1.4825691,2.0452282,-2.361786,0.05991231,-1.6052929,-1.6314754,0.82749355,1.225175,1.3898003,-1.441624,-0.30359626,1.6576662,0.79774714,-1.7796166,-1.6302755,1.1086107,1.2126228,-1.7204995,-0.85500073,-1.6263711,-0.06302281,-1.2880421,0.8671628,0.55962193,-0.20260927,-0.033395525,-0.12554228,0.8801463,-0.9437143,-0.28797823,-1.3493654,-1.1241231,0.021726295,-0.9194485,0.73850155,-0.77413446,-0.22238761,0.22827265,0.35913146,0.74381185,-1.2962657,-1.0372318,-0.4052278,-0.33438176,-0.5528277,0.5281762,-0.35374692,-0.70851374,0.70445955,0.072201386,-0.629205,0.050467227,0.83748794,0.8893934,-0.40372163,0.92829454,0.2985312,-0.17620477,-0.1405741,-0.8066071,-0.8154334,-0.37648642,0.1015663,0.5567124,0.36851397,-0.074877456,0.087857395,0.36655015,-0.47702616,0.21195573,-0.31216657,0.45605296,-0.3304271,0.010849724,-0.3277922,-0.2624858,0.667786,-0.05729363,0.17290714,-0.18827873
6,-1.0952139,4.0717926,-5.2629876,4.882063,4.16119,-0.17393887,19.938393,5.780033,-1.7982407,4.1852612,7.437483,-0.057163995,-2.1993299,-3.1240149,1.0446354,2.4226983,0.5736754,-0.27059692,-0.43493527,1.0607793,2.3583646,2.5975556,-0.70280564,1.9169111,-1.0599246,-1.6456997,1.3337642,-1.8501761,-0.23846158,0.23137088,-1.4866635,-0.05807399,-0.18777984,-2.384057,1.016077,-0.83372283,0.83252597,0.70771253,-0.124188684,-0.2970808,1.8695223,-1.2845905,-0.5301963,0.3800292,1.2505183,-1.0509338,1.4609947,-0.43326885,1.6824205,-0.27572125,0.9773921,-1.1355482,2.2967818,0.80455494,0.71727204,-0.34659636,0.71132076,0.62246835,-0.70591307,-0.61553913,-0.15859199,-0.89347625,0.81842875,-0.031097598,0.4920497,0.2930802,-0.2997924,0.13167655,0.14502601,-0.48437902,-0.27493685,-0.11641734,-0.2999973,0.41867626,0.023598287,1.1674197,-0.035109386,-0.14675629,0.08141807,0.08780487,-0.039529756,0.12095121,-0.24550173,0.18482892,-0.31050026,-0.7275646,0.6275946,0.333646,-0.4463629,0.074784905,0.6843734,-0.22804883,0.0490352,0.05138542,0.5496172,-0.0014966286,-0.24773178,-0.072424315,-0.5314098
7,-5.3917828,3.9066637,-5.294571,7.6545267,3.2491324,8.55896,5.780033,32.47063,-2.7038755,-0.77345467,6.2351108,2.6252236,4.3937917,6.8222475,0.52826035,1.9893749,-3.3434935,-0.63517463,3.3657591,2.5296354,2.3427134,0.43820968,-3.5041962,-2.2528062,-0.3719808,-1.8252199,3.9649181,0.881436,0.42780998,-0.4906863,2.4364877,0.6232617,-2.053731,-1.1353953,2.3172927,-1.2147393,-2.4086337,0.24101156,-1.7482963,0.8539384,1.1355262,-2.0869622,0.8294529,-0.6028639,-0.5433452,-1.2044492,0.22815403,-0.17501861,1.3752136,-0.025462061,-1.1905534,-0.3617987,-0.038679376,-0.07563993,2.5106144,-0.5620614,0.4620523,0.20055045,2.1360023,0.09032723,-1.1940969,-0.45738602,-1.0680721,0.10525359,0.03196974,-0.27355772,-0.23062313,0.41098732,-0.46444243,0.41507047,-0.7566544,0.40429303,-0.5932405,-0.16096747,0.32403612,-0.18452953,-0.17694187,-0.09371695,-0.48983413,-0.7549745,-0.3456961,-0.14350224,-0.11715494,-0.08527128,-0.15263228,0.010961644,0.31906855,-0.20662126,0.284414,-0.03208065,0.2879789,0.035355397,0.28513193,0.38140172,0.28731883,-0.13493758,0.93166566,0.48479575,-0.37388128
8,5.7509737,8.601412,0.43718177,-7.362734,-6.8523607,4.386707,-1.7982407,-2.7038755,24.789442,2.7429893,-3.77745,-5.6715593,2.817406,2.6077285,4.172443,0.40409923,4.029332,-2.0838265,4.7568445,0.7352066,0.46768633,-3.4213967,0.40202954,-0.4088757,-2.0394049,3.298758,-2.6290917,1.2109962,-0.26041973,-0.77774906,1.7425697,1.6650273,2.0700026,-2.3267884,-1.1475828,1.1896062,2.1941156,0.7862543,1.0455852,-0.27897787,0.9337408,1.3318999,0.6763369,1.5239762,-0.504688,1.7153726,0.53124845,-0.95214903,-0.23992604,0.003792962,0.12962884,0.48510927,-0.9440683,-0.054182503,0.9099647,0.21383138,-0.8375125,0.9204277,-1.1040884,-0.28715175,-0.22185315,-1.5097101,0.16921636,0.20443755,-0.62863183,-0.20362172,0.51115626,0.68506837,0.055676192,-0.80368793,-0.48312467,0.10832992,0.2712823,-0.79797435,0.36614364,-0.2495333,-0.788113,0.13510133,-0.82185996,-0.6091652,-0.62443674,-0.34507424,0.29246777,0.7358997,-0.103891194,-0.35030615,0.31131637,-0.2415165,0.70234054,-0.7536417,-0.5223665,-0.6779034,-0.51344824,-0.17991605,0.38077423,-0.16476208,-0.7179611,0.4072965,0.01922884
9,2.9312558,-1.2585478,-1.6192337,-0.037896253,-6.4676094,1.4688544,4.1852612,-0.77345467,2.7429893,16.24048,-2.1622849,-0.62588096,-2.8694003,-2.6780972,3.357363,1.1680224,3.4489112,-2.0539944,-4.280302,-0.3081408,0.82053256,-0.33488184,0.5749794,2.5182943,-0.45892268,-0.5980598,0.47901964,-0.6569984,-0.123360336,0.2650243,0.046381198,0.5114211,-0.7160066,-1.2486894,0.35026062,-0.6578593,1.1848936,-0.09812045,-0.51581454,-1.0216224,-0.15491973,-1.0410494,0.51003665,1.1233549,0.3319782,-0.3124807,0.81055856,0.090325415,0.9399579,-1.224046,0.23887351,0.8613439,-0.46661907,0.06157676,0.58652425,-0.17089486,0.3559535,-0.13201901,-0.8669628,-1.2476547,-0.85055095,-0.70801234,0.58214366,-0.45597452,-0.15838456,-0.34185094,-0.4663144,-0.3533175,0.100934416,-0.63790023,-0.3012761,0.38993806,0.1265848,0.24708614,-0.11993332,0.4333799,0.3910162,-0.17751458,-0.71121466,-0.3729627,-0.5041504,0.13597205,-0.10724382,0.28733242,0.084718436,-0.31419748,-0.11674911,0.029948367,-0.32627773,0.62291646,-0.09674545,0.48849094,-0.6797466,-0.49587044,0.46001068,-0.103020504,-0.32373804,0.043590356,-0.37792224
10,-3.4691896,-6.8524046,-8.420839,-2.1936462,8.856321,2.6298747,7.437483,6.2351108,-3.77745,-2.1622849,22.688818,-0.40586078,0.9609761,4.36255,-1.2824938,2.2885153,-1.2258161,2.0833957,2.2350616,-0.45580786,0.7206284,-1.3715322,-2.4283361,-0.21518181,-1.6310606,-1.6416352,2.0359054,2.4251013,-2.6767874,-1.8175616,-1.07204,0.07058714,-2.482101,-0.611176,1.5083339,2.502912,-1.8402121,1.0517206,-0.45661473,-1.1027532,-0.45644397,-0.016643552,-0.9296453,0.6664641,1.6088986,0.17511147,-0.009947392,0.8752464,1.6916094,-0.21507737,-0.6402428,-1.3410934,0.5854106,0.64625365,-0.06124141,-1.0654848,0.6368118,0.9095852,-0.6127852,1.1083493,0.49817836,0.025156759,-0.12505925,0.79171914,-0.12900583,-0.4637953,-0.7778426,0.6837405,0.11208226,-0.04850957,-0.8072143,-0.29548803,-0.36614358,0.90000147,0.6609568,-0.09217373,0.22860664,-0.23717745,-0.2956546,0.77468586,0.5319087,-0.25894615,-0.10788238,0.24185991,-0.08128402,-0.5558747,0.31601346,-0.55564404,-0.34873378,0.34725267,0.34284037,0.08988259,0.07713647,-0.2909415,0.13734558,-0.48965102,-0.114251375,-0.024207544,0.032916974
11,-2.9632215,-2.5376027,-0.8969853,3.0351925,-1.9357455,-0.3510458,-0.057163995,2.6252236,-5.6715593,-0.62588096,-0.40586078,17.01429,-0.15219891,-1.9181631,0.05146398,-0.4802794,1.3113406,2.8158045,-0.9262241,0.14478064,1.8268384,-0.5933083,-0.40511793,2.0993018,0.34108865,1.3047879,1.7750769,0.68214417,0.88697946,-0.3917215,1.3536141,-0.16904297,0.31945485,-1.3207517,-0.7609669,0.107707374,0.6529944,-0.22038667,0.96815395,-0.9927666,0.53138113,0.34756047,-0.1746012,-0.23417085,0.084439784,-0.98950547,0.5362585,-0.21923044,-0.0927448,-0.4224841,0.565117,0.17589885,0.66674715,-0.29997504,0.054530174,1.1846187,0.44182903,-1.5249112,1.2930768,1.0176586,-0.14251521,-0.14749798,0.28420806,0.07439656,-0.23874679,0.2929049,-0.69153273,-0.205668,-0.1482877,0.42989093,0.16835317,0.8863852,0.0451577,0.8742247,-0.12913415,-1.1226963,0.56139004,0.68222475,-0.24673346,0.095494986,0.23250476,0.15153207,-0.08314583,0.063844144,-0.16968015,0.68258655,0.2396582,-0.25228512,-0.2780245,0.31790382,0.17375375,-0.16251874,-0.18007423,0.5762944,0.35444707,0.044621795,0.2533552,-0.18267526,-0.28521478
12,-1.0451717,0.57462394,-5.9450617,0.2628966,-2.8272884,-0.5648145,-2.1993299,4.3937917,2.817406,-2.8694003,0.9609761,-0.15219891,10.617763,-1.4082358,0.7033973,-1.3320524,-1.1596773,-0.8818385,2.3804717,2.5441365,-0.30396414,-2.3413363,-1.4888513,0.50515074,-2.224269,1.5527313,-0.61774826,0.84406114,-1.3530358,-0.47725832,1.0090462,0.16858332,-1.0231667,0.004267233,1.1141875,0.4328555,0.43955445,1.3851293,0.17293221,0.6178416,0.7682444,-0.6493528,-0.06259936,1.3151469,-0.15298675,0.68922997,-0.10510211,0.28091708,0.1349607,-0.410208,0.35960066,-0.452519,0.12664117,-0.3165216,0.32987761,0.052752793,-0.13390672,-0.21497522,-0.03657859,0.056542214,0.0061121434,-0.20353895,-0.22253005,0.21792735,-0.2115328,-0.9582469,0.3336755,0.1323928,0.12937394,0.36810037,-0.54962087,0.029262919,-0.35034055,0.27735555,-0.059080157,-0.022911102,-0.38292482,-0.09352912,0.14565432,-0.35857728,-0.30526692,0.09041962,0.00994808,0.019857928,0.38971692,0.47676843,0.30888063,0.008698074,0.22608335,-0.147767,-0.31523657,0.20376486,0.10140658,0.3119969,-0.23384732,-0.29983225,0.28861466,0.039908797,-0.13889202
13,1.7119653,3.6981597,4.4284415,-6.7162285,3.3530333,6.601904,-3.1240149,6.8222475,2.6077285,-2.6780972,4.36255,-1.9181631,-1.4082358,17.574467,-1.8288863,0.55909985,1.1578538,2.0082958,2.92071,1.2060112,0.4861102,-2.4244475,1.4769987,-0.8306314,-0.7817967,-1.8163648,0.21627662,2.538573,1.5899093,0.56018174,2.070804,0.4182747,0.6313267,-1.469032,-0.63105536,2.2434008,-2.5315764,-0.0472346,-0.55093527,0.493056,-1.2483438,0.2723227,0.11065915,-1.2137128,0.31737655,1.4570029,-1.1198316,0.19171497,0.49602884,-0.46859625,-1.1291559,-0.058676157,-0.20810774,0.0788409,1.22158,-0.41605103,0.31508082,0.55699563,0.39265457,-0.72090745,1.1432061,0.36270165,0.39742208,1.0347404,0.23580596,0.4671297,0.51753867,0.6503973,-0.4559117,-0.5027021,-0.6156652,0.29861534,0.020362914,-0.27106822,0.77310723,-0.46630093,0.19554159,-0.3624317,-0.55480504,-0.21164054,0.021670293,-0.54367757,0.24814746,0.44419914,-0.07267362,-0.15738407,-0.113218896,-0.9060545,0.2737536,-0.2276761,-0.017452128,0.34172404,0.22970088,0.16528085,-0.03177592,0.111594014,0.35839987,0.061247632,0.26272961
14,1.0643135,-8.3522625,3.1322231,-1.8602283,-8.17682,-1.8496491,1.0446354,0.52826035,4.172443,3.357363,-1.2824938,0.05146398,0.7033973,-1.8288863,8.898545,1.6834879,1.7101609,0.8368257,-1.923506,0.3269815,1.009718,-0.23002899,-0.5395293,0.5302007,1.0413485,-0.727348,0.8421638,-0.8366877,-0.7918632,0.87424934,0.92964756,0.38667566,-2.2190528,-0.32084587,-1.2111235,-0.5384257,0.5432241,1.22672,0.5872797,-0.17636979,0.59462,0.41583318,-0.1529276,0.18392843,0.009342076,0.44096735,0.30246368,-0.4936934,0.85897046,0.02585988,0.25162023,0.58240616,-0.037275158,-0.33998695,1.386248,0.79195213,0.21710995,0.14045282,-0.117738634,0.028526645,-1.0749189,-0.27631348,0.46990034,0.28064883,-0.5705161,-0.3219117,0.09794013,0.06046386,-0.5635153,0.4156394,-0.08576276,-0.4804725,-0.1868905,-0.12323198,-0.055359997,0.27605414,0.092482,0.23131861,0.154477,-0.24667135,0.03962683,0.38968635,0.0054662563,0.32072502,0.11248015,-0.53501284,-0.22080152,-0.39547867,-0.20910732,0.21213588,-0.37207407,0.013612237,0.10121552,0.12243949,0.19656837,-0.48510122,-0.31400138,0.25367668,-0.057261825
15,0.0015990974,1.2654502,-11.836691,0.19344988,-4.861583,-0.349643,2.4226983,1.9893749,0.40409923,1.1680224,2.2885153,-0.4802794,-1.3320524,0.55909985,1.6834879,8.306618,-0.3135556,1.9258773,-0.04889461,0.9960463,1.488939,-0.5977493,0.05716122,0.59324586,2.1297164,-0.60740435,0.107348144,-1.0702422,0.051134117,0.7337342,-0.9657223,0.121059455,-0.4401148,0.2826538,0.05643042,-0.29322612,1.272275,-0.8423688,0.47623783,0.24427663,0.18216583,-1.0620775,-0.18056358,-0.07983197,-0.18967208,0.7010454,0.15282199,-0.7211684,0.89464366,-0.4765783,-0.36870688,0.2388522,-0.5030209,-0.56476855,0.22077906,0.47568628,0.5958401,0.42535466,-0.20407918,-0.16625234,-0.15938337,-0.111422956,-0.12516865,-0.073538326,-0.021366397,-0.22077763,-0.21642593,-0.35595343,-0.13105458,0.06144552,-0.15599768,-0.023246055,0.26477847,-0.10255799,-0.018474147,0.47271812,0.44875136,-0.2849426,0.3422023,0.0019297949,0.33512008,-0.035823327,0.11122258,0.21490297,-0.25637868,-0.65537477,-0.24890646,-0.26117015,0.23916008,0.18838465,0.3954525,-0.21255843,-0.17527679,0.21003856,0.46385795,-0.31603664,-0.178285,0.3532437,-0.009667888
16,5.7938313,4.986805,8.808372,-2.9239173,0.265894,2.484899,0.5736754,-3.3434935,4.029332,3.4489112,-1.2258161,1.3113406,-1.1596773,1.1578538,1.7101609,-0.3135556,8.061739,2.4556534,0.39615786,0.10943189,0.86356616,0.1410785,1.6195271,0.14056802,-0.5174408,0.37035477,-1.4253564,1.8368771,-0.25946712,-0.09761955,0.6095562,1.234329,-0.69947857,-1.4149517,-0.4898398,0.7313807,0.2687414,-0.20629019,-0.13034365,0.98066485,-0.3675086,-0.27323908,0.38307163,0.6054075,-0.3401243,0.6363934,0.7786435,-0.57881355,-0.118144125,-0.15538779,0.8374629,0.5537739,0.4480832,-0.26361927,0.28431588,-0.60236603,0.521934,0.031240448,-0.015713355,-0.7452554,0.35325134,-0.41616398,0.20176762,0.041400913,0.01947153,-0.007505305,0.40016603,0.6204785,0.059940323,-0.37906837,0.18879172,0.266555,0.07276358,0.43172708,0.2091276,0.007837621,0.08435743,-0.41539058,-0.33677053,-0.12010613,-0.39112133,0.6251757,0.18431629,0.3188603,0.012743959,-0.38888812,0.01808327,-0.036872715,-0.079418994,-0.2766802,0.098262876,-0.22413671,-0.20324275,-0.09933721,0.20147227,-0.00401448,-0.20493507,0.20560075,0.13147672
17,0.6114336,6.102006,-2.7773287,-1.979428,1.5991007,-2.599694,-0.27059692,-0.63517463,-2.0838265,-2.0539944,2.0833957,2.8158045,-0.8818385,2.0082958,0.8368257,1.9258773,2.4556534,7.640834,0.21299532,1.9735743,-0.0650512,0.40005755,0.33452237,0.14762151,2.0443509,-2.1984665,-0.2654431,1.1534259,0.20610434,0.9211721,0.61774415,-0.60708845,-0.8686039,-0.46432382,-0.9806629,0.23384964,0.63121855,-0.32657257,0.14818832,-0.15327623,-0.21424454,0.09402115,-0.41598797,0.29662484,-0.4262871,0.49492943,0.21164247,0.17108187,-0.4787497,0.10504095,0.3079863,-0.0990535,0.1803293,-0.49041012,0.19596767,0.14461643,0.68296015,0.067276165,0.083634734,-0.15962553,0.53585315,0.28569275,0.2764637,0.57702315,0.20746459,0.030301597,0.26439556,-0.00078045356,0.19172934,-0.15126538,0.05020795,-0.24646193,-0.0010211496,0.1421487,0.23344028,-0.3378678,0.39822093,-0.40832168,0.35250127,0.36931944,0.33363357,0.5054974,-0.14072862,0.04303477,0.11483835,-0.180881,-0.17983538,0.13184956,0.006969353,0.17019838,0.27628204,-0.110357955,0.4940517,0.3627665,0.1406945,-0.1412597,0.18818039,0.10774611,0.16833517
18,1.1069577,0.054017067,-1.0551504,-0.816906,5.4172425,2.329112,-0.43493527,3.3657591,4.7568445,-4.280302,2.2350616,-0.9262241,2.3804717,2.92071,-1.923506,-0.04889461,0.39615786,0.21299532,9.881078,2.3038983,0.26759267,-0.52498347,0.5190658,-1.8533728,-0.13262933,1.8485651,-0.12551472,1.4041356,-1.5684559,-1.3336649,-0.3924904,0.5555256,0.6452521,-0.3236446,-0.63129663,-0.38897264,-1.0793408,0.72743237,1.0021172,0.94156754,-0.055526115,0.61595225,-0.01811622,-0.5445067,-0.00084813556,1.0427921,0.17537831,-1.1191067,0.29105973,0.43411553,-0.09560409,-0.15005842,-0.07317427,0.39809752,-0.25937235,-0.82810044,-0.13485345,0.5883609,0.41213876,0.94155097,0.4507814,-0.5721072,-0.31838483,0.11283177,0.22838616,0.18703693,0.6613479,0.19042572,0.20561865,-0.062460423,-0.5859784,-0.08185734,-0.026173754,0.21456589,0.2630454,-0.41825223,-0.30999964,-0.40990174,-0.4714894,-0.4830591,-0.29601556,-0.22380173,-0.24097449,0.22636022,-0.40041345,0.1778563,0.24926327,0.048808757,0.25424075,-0.2701522,0.6886657,-0.29462653,-0.2106399,0.27539247,0.31095833,-0.1651403,0.034976646,-0.2317833,-0.09528071
19,0.85997397,7.253544,-5.4006424,1.2106464,-2.0879161,1.4825691,1.0607793,2.5296354,0.7352066,-0.3081408,-0.45580786,0.14478064,2.5441365,1.2060112,0.3269815,0.9960463,0.10943189,1.9735743,2.3038983,9.101068,0.120394215,-2.360269,1.1294503,1.1396472,1.2395115,-1.0075638,-0.35692352,-0.27024138,-0.17871585,1.4520216,0.71909255,0.036752477,0.7841244,-0.78757906,0.3835572,0.43034196,0.85186374,0.68247616,0.17511737,0.19977696,0.050943166,0.17088468,0.46709466,-0.050372913,0.43296355,0.80928147,0.34807506,-0.7362777,-0.10859033,-0.4561857,0.41912994,-0.124281906,0.11193132,-0.4798352,-0.030284073,-0.52244663,-0.011729907,-0.097711556,0.58790326,-0.4693382,0.0063052513,-0.082861915,0.43798387,-0.13138051,0.31049484,-0.30873334,0.017917395,-0.07537234,-0.034307964,-0.08323978,0.26606223,-0.023618434,0.46214634,0.17929628,-0.5639178,0.15695187,0.42384303,-0.26480222,0.09743516,-0.006484909,-0.07632245,0.28172255,-0.2329432,0.32856297,0.11393871,0.39673483,-0.18178049,0.12676108,0.14860289,0.17736347,-0.22740255,-0.181952,0.44455403,0.2642147,0.13275293,0.006016688,0.06130839,-0.22919764,-0.23509037
20,1.398562,-1.9048854,2.8531098,-0.9936028,-2.590703,2.0452282,2.3583646,2.3427134,0.46768633,0.82053256,0.7206284,1.8268384,-0.30396414,0.4861102,1.009718,1.488939,0.86356616,-0.0650512,0.26759267,0.120394215,3.47127,-0.44755834,-1.3400347,0.29573667,0.46602553,0.3940422,-0.37395188,0.5276649,0.6272414,0.1596952,0.3619445,0.83082426,0.053453237,-1.2385087,-0.3550841,0.8358006,0.23148106,0.031614207,0.13315742,0.7485225,0.18482247,-0.2194084,-0.18440756,-0.15376651,-0.5452212,0.03698866,0.664118,-0.57478815,0.8843384,-0.40154916,0.11458039,0.06489991,0.19035238,0.08324943,0.2746122,0.026409127,0.6212342,-0.062499736,0.15336555,-0.21850094,-0.1722706,-0.5565134,0.2529332,0.24411845,0.20353632,-0.06812702,0.0021892684,0.37223297,-0.11181548,0.048650075,0.18195431,0.30573642,-0.0946355,0.23452038,0.12571752,0.11050719,0.002201361,0.09185667,-0.22256404,-0.08800557,0.19203739,0.26425764,0.20673281,0.15486059,-0.09164521,-0.04216948,0.19421718,-0.017129209,-0.16584265,-0.017346885,0.06633167,-0.028075306,-0.036502935,-0.011518675,0.09370759,-0.06524721,-0.1130944,0.070432544,-0.30130547
21,1.2018452,4.156908,3.7640758,2.8501294,-0.5381458,-2.361786,2.5975556,0.43820968,-3.4213967,-0.33488184,-1.3715322,-0.5933083,-2.3413363,-2.4244475,-0.23002899,-0.5977493,0.1410785,0.40005755,-0.52498347,-2.360269,-0.44755834,7.021395,-1.5138074,-2.2818952,1.0088222,-0.3940668,-0.06006384,-0.44725263,0.609884,0.100513265,-1.1096141,0.040847316,-0.5980809,-0.09004897,0.3076697,-1.7656064,0.025733419,-0.65240693,-0.3284483,0.48198333,0.27495223,-0.22581372,-0.07432221,-0.58943385,0.24466199,-0.71462166,0.3551231,0.5756656,-0.36740595,0.7067701,0.3053074,0.35610652,0.31820422,-0.13259417,-0.13104352,-0.080212906,0.23576817,0.35448402,-0.3549128,0.28173095,0.3864224,-0.4334668,-0.56108963,-0.61269253,-0.19203453,0.1464656,0.21164662,-0.28964543,-0.44097763,0.20600945,0.53103167,-0.15838479,-0.1480628,0.23384775,-0.3092419,0.36553448,0.06949235,-0.24718079,-0.08118959,-0.12751494,-0.25864494,-0.040707335,0.043335423,-0.09193372,-0.06633055,-0.36180395,0.0599664,0.19369861,-0.24021769,-0.13782145,0.41717112,-0.25069612,0.09108766,0.314588,-0.32692617,-0.15906386,0.26363188,0.14691602,-0.043991745
22,0.6364663,3.2619681,0.08769731,2.6977255,3.0700498,0.05991231,-0.70280564,-3.5041962,0.40202954,0.5749794,-2.4283361,-0.40511793,-1.4888513,1.4769987,-0.5395293,0.05716122,1.6195271,0.33452237,0.5190658,1.1294503,-1.3400347,-1.5138074,5.0466743,0.2600813,0.8406943,0.46896386,0.73516464,-0.17160676,-0.3472234,-0.19749042,-0.48258632,-0.04483953,0.60090154,0.21067612,-0.8138618,-0.080430545,-0.29675245,-0.2098894,0.6324451,-0.27386162,0.2798652,0.30286884,0.32624805,0.045456015,0.19086605,0.36427894,-0.2607723,-0.9187925,-0.32822526,0.21590883,0.5566398,0.023510998,0.41925377,0.44035116,0.025707588,-0.199188,-0.10452139,-0.10954715,-0.05545498,-0.35337692,0.20706674,0.44301564,0.21384163,0.09472859,-0.08606373,0.18872215,0.09478984,-0.11045295,0.36096776,-0.4840457,-0.43382004,-0.05947417,-0.044267096,0.03774234,-0.18105307,-0.0981192,-0.026378274,-0.18084624,0.212618,0.025729612,-0.09906793,-0.08396493,-0.09486404,0.18788563,-0.097837895,-0.12807964,-0.37613085,0.084393814,0.28642678,0.08500834,0.09787683,0.21857399,-0.3993853,-0.008421933,0.016870156,0.20882839,-0.10997738,0.16971786,0.10429305
23,-1.0210824,-1.9748807,-3.0575948,-0.13135347,-0.10761398,-1.6052929,1.9169111,-2.2528062,-0.4088757,2.5182943,-0.21518181,2.0993018,0.50515074,-0.8306314,0.5302007,0.59324586,0.14056802,0.14762151,-1.8533728,1.1396472,0.29573667,-2.2818952,0.2600813,4.538373,-1.155787,0.18830827,-0.18936703,-0.79244053,0.2527526,0.72516155,0.62351257,-0.0779421,0.79176855,0.024978545,0.5714592,-0.2092469,1.3906851,0.3537259,0.16684571,-0.7975093,0.0077325804,-0.4586209,-0.12421647,0.71752626,-0.07409276,0.5139488,0.11290012,0.055671755,0.7416821,-0.51839817,0.10783957,-0.38306707,0.4574198,-0.2996853,0.17062728,0.43803507,0.040824194,-0.22901559,0.05436777,-0.25502625,-0.32002974,0.05016022,0.60195374,0.15147275,0.4438225,0.19246693,0.007432769,-0.061224252,0.06503204,-0.19098845,-0.2292301,0.19364548,0.041351385,-0.20559666,0.112395525,0.08110692,0.15204714,0.16745692,0.11173205,0.24152076,0.018529143,0.13795595,-0.1923492,-0.08389141,0.13453802,0.124023385,0.009228252,-0.013811825,-0.027572531,0.05505284,-0.146795,0.06331938,0.07240282,0.0053669326,0.335442,0.18504827,-0.26379067,-0.29025435,-0.183328
24,0.27952972,-2.059851,-0.33883846,1.0233841,-0.6860776,-1.6314754,-1.0599246,-0.3719808,-2.0394049,-0.45892268,-1.6310606,0.34108865,-2.224269,-0.7817967,1.0413485,2.1297164,-0.5174408,2.0443509,-0.13262933,1.2395115,0.46602553,1.0088222,0.8406943,-1.155787,4.788189,-0.78419626,1.2306368,-0.30329543,-0.48687732,1.3764704,-0.9721584,0.29672414,-0.5620234,0.52491283,-0.371467,-0.4380086,0.08414064,-0.7537565,0.8702154,-0.015073653,-0.020323735,0.658861,0.06474882,-0.7368739,-0.45184982,-0.011277357,0.10734035,-0.86877924,-0.15830536,0.21891531,-0.14290097,0.40557083,-0.44615138,-0.20317093,0.31117606,-0.105830684,0.4348976,0.13995364,0.112770215,0.25923586,-0.12967595,-0.071303345,-0.33755177,0.088586465,-0.4006548,-0.18601859,0.0862938,-0.40068027,0.031648427,-0.19072679,0.3679944,-0.27986014,-0.095454335,-0.117525205,-0.4245109,0.08787299,0.056025047,-0.042325564,0.13060006,0.08241093,0.45640212,-0.009701604,-0.07604262,0.12836275,-0.0917023,-0.0511318,-0.3331254,0.21769232,0.012777379,0.3751939,0.12438007,-0.028483802,-0.11942813,0.21403795,-0.19488949,-0.11153486,0.053627558,0.35954756,-0.11928099
25,0.6685965,0.42383593,-0.8184253,0.7272322,-2.7251482,0.82749355,-1.6456997,-1.8252199,3.298758,-0.5980598,-1.6416352,1.3047879,1.5527313,-1.8163648,-0.727348,-0.60740435,0.37035477,-2.1984665,1.8485651,-1.0075638,0.3940422,-0.3940668,0.46896386,0.18830827,-0.78419626,4.0222616,0.25448766,0.20846975,-0.8095744,-0.81045514,-0.36760843,0.8640438,0.58719754,-0.592697,0.040965043,0.73211676,0.24978125,0.2527256,0.69429,-0.09687424,0.37828493,0.47071782,-0.1847938,0.64728,0.10868098,0.5049813,0.17662898,-0.30867854,0.0308881,-0.104531154,0.2059769,0.10227885,0.35778642,-0.005534787,-0.24036282,0.03555406,-0.079483554,-0.29955044,-0.04159317,0.35251364,-0.20320565,-0.31181288,-0.48590633,-0.13182218,-0.16867864,0.01969181,0.06956194,-0.10354643,-0.011241604,0.16943836,-0.16202964,0.28790236,-0.0545268,0.33505815,-0.013934575,-0.13963418,-0.40460148,0.32938445,-0.22761217,-0.19439766,-0.1914685,-0.25101823,0.21351042,0.051911935,-0.1896463,0.21461861,0.02088002,0.08475953,0.20178834,-0.10414913,0.13267544,-0.20606583,-0.38315326,-0.002463546,-0.15303537,0.0692136,-0.1674569,0.090080485,0.1013052
26,-2.8874383,-6.5305886,-1.9918537,4.30685,1.6804085,1.225175,1.3337642,3.9649181,-2.6290917,0.47901964,2.0359054,1.7750769,-0.61774826,0.21627662,0.8421638,0.107348144,-1.4253564,-0.2654431,-0.12551472,-0.35692352,-0.37395188,-0.06006384,0.73516464,-0.18936703,1.2306368,0.25448766,4.3828144,0.028590567,-1.4315743,-0.4828244,0.19967324,-0.21640208,-1.3125978,0.480084,-0.06491794,-0.08853464,-0.9267484,-0.0006733917,0.4105152,-0.5043415,-0.077980585,-0.08465175,0.07645154,-0.50432086,0.8358669,-0.37035418,-0.016733252,-0.23980872,0.26212347,0.06471138,0.03775446,-0.39030576,0.583156,0.15796366,0.7565751,0.38749573,-0.09950678,-0.14544198,0.59559387,0.22539675,-0.55494714,0.1920099,-0.054618493,0.018829247,-0.64676833,0.15180898,-0.3625859,-0.07899441,0.030376226,0.0070610675,-0.25039703,0.05060362,-0.04501365,0.052469287,-0.017570801,0.14770472,0.026984131,0.42969358,-0.049836174,-0.03468693,-0.016916262,-0.25774896,-0.12959187,-0.12959318,-0.07934438,0.08790102,-0.13778594,-0.077068046,-0.06970005,0.4268821,0.19134161,0.13351032,-0.40237373,0.063073814,-0.05186379,-0.05316441,0.11088385,0.099465355,0.32762998
27,1.6416562,-0.2522987,3.8657029,-2.9217293,1.504116,1.3898003,-1.8501761,0.881436,1.2109962,-0.6569984,2.4251013,0.68214417,0.84406114,2.538573,-0.8366877,-1.0702422,1.8368771,1.1534259,1.4041356,-0.27024138,0.5276649,-0.44725263,-0.17160676,-0.79244053,-0.30329543,0.20846975,0.028590567,3.6436856,-0.40256673,-1.2574508,0.95803773,0.2511853,-0.20558375,0.24431948,-0.7849387,1.3946459,-0.42885605,-0.012794653,-0.2652325,0.3096534,-0.73620653,0.1784524,0.2795722,0.28959227,-0.3399307,0.29207653,-0.09708443,0.45375937,0.12709028,0.410021,0.2877382,0.078501716,0.10041817,0.30053848,-0.16796437,-0.24637674,0.032314956,0.16303156,0.22805646,0.0785235,0.4294942,-0.15188345,-0.13970923,0.18464881,-0.2287331,-0.051384564,0.29626748,0.68999827,0.16367039,-0.1364016,0.15113091,0.27542824,0.013357073,0.27328426,0.196181,-0.31864977,-0.20481423,0.092211515,-0.30694842,0.11032446,-0.18060915,0.188501,0.059726536,0.16690715,0.111287504,0.093551025,0.14561832,-0.042733565,-0.10631232,-0.11000574,0.047314312,0.22227901,-0.050796032,-0.048148997,-0.13539517,-0.23401368,-0.19801185,0.009281702,0.086647525
28,0.56429493,7.837386,0.2574184,-2.6079803,-1.4035116,-1.441624,-0.23846158,0.42780998,-0.26041973,-0.123360336,-2.6767874,0.88697946,-1.3530358,1.5899093,-0.7918632,0.051134117,-0.25946712,0.20610434,-1.5684559,-0.17871585,0.6272414,0.609884,-0.3472234,0.2527526,-0.48687732,-0.8095744,-1.4315743,-0.40256673,3.9746792,0.20331508,0.70167494,-0.18410261,1.2618802,-1.0847013,-0.4064703,-0.25206506,0.44799855,-0.52977955,-0.31180263,0.46520847,0.5804026,-0.4421261,-0.049709506,-0.69902176,-0.13581687,-0.28488338,-0.19516766,0.18100806,-0.28458828,-0.087004274,0.1704416,0.32656717,-0.12366228,-0.10510011,-0.03970761,0.3716418,-0.007881548,-0.35755035,-0.29618162,-0.16478491,0.35178632,0.17418893,0.24193811,0.0010401779,0.23497155,0.23018773,-0.013222087,-0.03218165,-0.2661845,0.23240666,0.1469008,0.07011701,-0.1294249,-0.10342634,-0.25192803,-0.33820975,0.18672407,-0.115804695,0.10784818,0.036363542,0.1712017,0.041046247,0.09448779,0.01948954,0.157123,0.016810803,-0.17333587,-0.06452505,0.087145925,-0.22254267,-0.2421265,-0.055236433,-0.07083669,0.064652756,0.013755772,-0.0015247222,0.22176808,0.03662469,-0.17069604
29,0.47087163,-1.0598774,-0.46692166,-2.240922,-2.8804622,-0.30359626,0.23137088,-0.4906863,-0.77774906,0.2650243,-1.8175616,-0.3917215,-0.47725832,0.56018174,0.87424934,0.7337342,-0.09761955,0.9211721,-1.3336649,1.4520216,0.1596952,0.100513265,-0.19749042,0.72516155,1.3764704,-0.81045514,-0.4828244,-1.2574508,0.20331508,2.724472,-0.06251828,0.02192302,-0.40641528,-0.61994874,0.3865488,0.25996703,0.31359583,-0.16468158,-0.023050856,-0.33925647,0.1937966,0.58006644,-0.13930297,0.06433889,-0.308037,0.21355486,-0.1587627,-0.374519,-0.12334645,-0.108696096,-0.23854864,0.18609726,-0.33337665,-0.41449207,0.03433872,0.042259723,0.23514134,0.03555285,0.06131774,-0.23011892,0.01702439,0.0829051,-0.0040754005,0.07860792,0.25780362,-0.22934484,0.1666244,-0.21881452,-0.053166445,-0.12578896,0.34087622,-0.30481023,-0.09348097,-0.33514512,-0.25028753,0.19212323,0.031360865,-0.13519594,0.24601677,-0.06219899,0.25295848,0.14134875,-0.11351937,0.058534794,0.30846268,0.102047615,-0.15832835,0.04462284,0.0053673983,0.13087979,-0.18168631,-0.17892814,0.20958103,0.04679423,-0.13873479,0.058164895,0.12552814,0.056792494,-0.19550051
30,-0.27833915,-1.6863658,2.6763892,-0.45541668,-0.85763025,1.6576662,-1.4866635,2.4364877,1.7425697,0.046381198,-1.07204,1.3536141,1.0090462,2.070804,0.92964756,-0.9657223,0.6095562,0.61774415,-0.3924904,0.71909255,0.3619445,-1.1096141,-0.48258632,0.62351257,-0.9721584,-0.36760843,0.19967324,0.95803773,0.70167494,-0.06251828,2.7099533,0.10112588,-0.07252656,-0.2592025,-0.7454726,0.5741823,0.050332922,0.32480943,-0.49365932,-0.15985528,-0.17769042,-0.17256793,0.311455,0.40332156,-0.3413116,0.24149981,-0.0926428,0.3213649,-0.09391363,0.04759719,0.21523738,0.0964258,-0.501771,0.0031883032,0.29856783,0.41213253,-0.2139991,-0.19664782,0.41569126,-0.24358065,-0.27887928,-0.079983994,0.20646062,0.18791334,0.063559934,0.25502536,0.2115154,0.3874256,-0.037122943,0.10529457,-0.08381423,0.1436421,-0.10321119,-0.14111426,0.33113337,-0.277201,0.07946628,0.14502537,-0.029707827,0.01514602,-0.15063319,0.008029278,-0.08569379,-0.1259736,0.053057667,0.14638975,-0.02341219,-0.021279622,0.06665568,-0.1832673,-0.34575284,-0.06486434,0.18670285,0.19162725,-0.010978567,0.03353741,0.012502328,-0.05391434,0.15450844
31,0.99184585,-0.5245507,2.5350208,0.4364351,-0.30521178,0.79774714,-0.05807399,0.6232617,1.6650273,0.5114211,0.07058714,-0.16904297,0.16858332,0.4182747,0.38667566,0.121059455,1.234329,-0.60708845,0.5555256,0.036752477,0.83082426,0.040847316,-0.04483953,-0.0779421,0.29672414,0.8640438,-0.21640208,0.2511853,-0.18410261,0.02192302,0.10112588,1.5065491,-0.07425808,-0.6926923,0.29536393,0.6175652,-0.029352639,0.23651345,0.086838976,0.32080168,-0.09656643,-0.049239866,0.08706664,0.337093,-0.069251135,0.18338126,0.29130402,-0.3753914,0.2378239,-0.005168033,0.01624035,0.18815231,0.060717583,-0.21848252,0.27403423,-0.39323884,0.1662116,-0.070184365,-0.0778569,0.17944375,-0.0036518828,-0.34437537,-0.18143061,0.16835749,-0.17020631,-0.062124416,0.12884855,0.24806893,-0.025793154,0.07091184,0.02096457,0.08933653,-0.16551356,0.1260097,-0.081435084,0.060279187,0.0153695345,0.103173554,-0.15923746,0.044225585,-0.034005605,-0.055541366,0.066938564,0.10201441,-0.09277947,-0.069474295,-0.08441061,-0.00084343756,0.026555344,-0.12042576,-0.053537212,-0.18266577,-0.13100457,0.09575364,-0.12832466,0.04330338,-0.128382,0.23338854,0.025598181
32,-0.22421688,1.6946466,-2.6589634,0.42747098,-0.4960612,-1.7796166,-0.18777984,-2.053731,2.0700026,-0.7160066,-2.482101,0.31945485,-1.0231667,0.6313267,-2.2190528,-0.4401148,-0.69947857,-0.8686039,0.6452521,0.7841244,0.053453237,-0.5980809,0.60090154,0.79176855,-0.5620234,0.58719754,-1.3125978,-0.20558375,1.2618802,-0.40641528,-0.07252656,-0.07425808,3.8535645,0.3532125,-0.35898674,0.0035054402,0.71571064,0.012777923,0.67832005,-0.111130565,0.033615302,-0.18057765,0.4703037,-0.049530677,-0.37921333,0.05500836,-0.2095116,0.158631,-0.07925999,0.097070865,-0.080097854,-0.15103897,-0.13307232,-0.2274827,-0.23440936,-0.083233096,-0.2776245,-0.15014401,0.05210326,-0.21783164,0.2137785,-0.05626344,0.24925117,-0.2162516,0.17927946,0.44230902,-0.0575748,0.087022,0.15885156,-0.16506347,0.2354618,0.39097828,0.22953528,0.01922343,0.10005979,-0.07746497,-0.040374007,0.049889296,-0.16118172,0.2571906,-0.099159464,-0.26022542,-0.24722841,0.10005889,-0.32180712,0.17844917,0.26722068,0.121289924,0.13094819,-0.06497602,-0.11124036,-0.15651636,0.022456404,-0.037820607,0.21509522,0.15875155,-0.09007068,-0.07848555,-0.036424555
33,-1.8423877,-9.837324,-1.2109462,2.735968,2.012137,-1.6302755,-2.384057,-1.1353953,-2.3267884,-1.2486894,-0.611176,-1.3207517,0.004267233,-1.469032,-0.32084587,0.2826538,-1.4149517,-0.46432382,-0.3236446,-0.78757906,-1.2385087,-0.09004897,0.21067612,0.024978545,0.52491283,-0.592697,0.480084,0.24431948,-1.0847013,-0.61994874,-0.2592025,-0.6926923,0.3532125,3.3303323,-0.20360218,-1.0777462,-0.045532767,-0.14881507,0.025175871,-0.23716515,-0.72144914,-0.38417888,0.38076782,-0.2773282,-0.42527622,0.17085911,-0.46544182,0.44677898,0.0860755,0.44339013,-0.4219836,-0.1525797,-0.5710082,-0.04444084,-0.30640543,-0.08034299,-0.14470136,0.086124405,0.5653649,0.17521189,-0.27917826,0.47220147,-0.29712132,-0.22561029,-0.15082166,0.1117118,0.014154777,-0.11512761,0.25357878,0.10680253,0.07367053,0.115415186,0.12749955,-0.18254124,0.17934906,0.2426117,-0.17889112,-0.032102197,0.31144264,0.16788352,-0.0070757214,0.015719987,-0.30872613,-0.23398867,-0.10237791,-0.07308283,0.09946565,-0.015340265,-0.016340299,0.050615378,0.080724746,0.25442272,0.18325268,-0.047897913,0.01305145,0.051705644,-0.20846373,0.07111091,0.21219644
34,-0.64009815,3.6011887,-1.7188843,1.691834,2.2040575,1.1086107,1.016077,2.3172927,-1.1475828,0.35026062,1.5083339,-0.7609669,1.1141875,-0.63105536,-1.2111235,0.05643042,-0.4898398,-0.9806629,-0.63129663,0.3835572,-0.3550841,0.3076697,-0.8138618,0.5714592,-0.371467,0.040965043,-0.06491794,-0.7849387,-0.4064703,0.3865488,-0.7454726,0.29536393,-0.35898674,-0.20360218,2.3701243,-0.53335273,0.11023682,-0.05162763,-0.25396746,0.039249014,-0.047936507,-0.5136584,0.010220317,0.18586645,0.3083307,-0.4244476,0.07595192,-0.13353124,-0.21195248,-0.24278374,-0.26286125,-0.29364154,0.3898672,-0.3946635,0.38984284,-0.28165013,0.059894335,0.12851244,0.012110304,-0.076347664,-0.018307302,-0.14754006,-0.077358335,-0.16917142,0.13127665,-0.37299925,-0.15302956,-0.20090781,0.029697614,-0.10548698,0.05842298,0.13162401,0.03217859,-0.21237913,-0.08725664,0.14228946,0.14782819,-0.1390205,-0.2056696,0.06509401,-0.06528446,-0.0567156,0.177318,-0.13891578,0.12384251,0.1739946,-0.0071358383,-0.062662885,0.1483173,0.009527791,-0.049715824,-0.11020282,-0.05587459,-0.12750047,-0.078050286,0.08647889,0.11045228,-0.0938732,-0.15228242
35,0.532487,0.15193066,-1.4551105,-4.560568,-2.828929,1.2126228,-0.83372283,-1.2147393,1.1896062,-0.6578593,2.502912,0.107707374,0.4328555,2.2434008,-0.5384257,-0.29322612,0.7313807,0.23384964,-0.38897264,0.43034196,0.8358006,-1.7656064,-0.080430545,-0.2092469,-0.4380086,0.73211676,-0.08853464,1.3946459,-0.25206506,0.25996703,0.5741823,0.6175652,0.0035054402,-1.0777462,-0.53335273,3.212672,-0.150112,0.46284074,0.11015161,0.018363856,-0.41051897,0.59488034,-0.259704,0.6944497,-0.04162903,0.44481593,-0.3315714,0.17287646,0.2369382,-0.089422315,-0.018734802,0.028291617,0.10359204,-0.05871146,-0.319047,-0.35265422,0.014461206,-0.2973459,-0.050981455,-0.17844203,0.24488398,0.23561049,-0.019388117,0.2186903,-0.046756603,-0.17497012,-0.110345915,0.47331417,-0.009547558,0.09873225,0.16550732,-0.016683541,0.03205673,0.43885797,0.089341015,-0.12566346,-0.05782961,0.4771424,0.031416677,0.06733997,0.15104845,-0.08730545,0.06952879,0.12142077,-0.01764895,0.14370069,-0.025681704,-0.044262953,-0.026558988,0.15561584,-0.27051848,-0.010111997,0.08196738,-0.19269124,-0.13631216,-0.0503117,-0.093946695,0.08068968,0.23797685
