,0,1,2,3,4,5,6,7,8,9,10,11,12,13,14,15,16,17,18,19,20,21,22,23,24,25,26,27,28,29,30,31,32,33,34,35,36,37,38,39,40,41,42,43,44,45,46,47,48,49,50,51,52,53,54,55,56,57,58,59,60,61,62,63,64,65,66,67,68,69,70,71,72,73,74,75,76,77,78,79,80,81,82,83,84,85,86,87,88,89,90,91,92,93,94,95,96,97,98,99,100
0,119.48881,9.895626,-3.9895215,-1.7605338,-2.0510418,13.411624,-11.30611,-3.7417004,4.5439143,-5.1605806,-2.9713244,5.8860703,3.5513942,-9.954638,9.067476,-2.1168942,7.548512,0.5628891,6.9391127,5.1448116,1.4197731,9.934921,-9.799174,-1.0581709,-5.19547,5.252866,4.495308,-1.2482058,-4.9038353,2.7000356,-2.1121764,2.2207975,2.105225,4.377305,-0.5718167,-0.46446955,2.375782,2.5274796,-2.1891315,-0.44715202,-3.3227887,-5.3678713,0.57008994,-4.146333,2.3827224,-0.01985002,1.480803,-1.4315822,-1.5766444,1.5982778,1.7340732,-0.71194,1.1807591,-0.0011663077,-1.0993148,-2.057231,4.130676,0.11767389,0.10416261,1.3350613,-0.0144726075,0.32165885,1.9706445,2.72336,-0.555338,0.948055,2.391718,1.7644229,0.8357917,-1.3260044,-0.23257974,0.65844405,1.6286247,2.5536723,-0.83095753,-0.33585107,0.7619175,1.3066962,0.30303228,0.77946556,-0.7096628,-0.102956295,-0.37915826,-0.27318388,-1.0626515,-0.76707244,0.32021755,-2.1140647,0.04732362,0.1603494,0.24076876,0.5941906,-1.56693,0.9057597,0.0585242,-1.4718466,-0.4953962,0.9870336,0.66335905,0.5547675,-0.2725418
1,9.895626,53.867027,-2.9307008,10.973377,13.604328,5.6992817,9.548311,2.6966794,6.3529263,-4.0554924,-4.1414623,11.04632,7.8899264,0.5423461,-4.480402,-1.141279,1.998301,5.294308,-3.366652,-6.61781,2.1669488,0.70110136,0.18717328,1.7428344,-3.6684117,-0.066278026,-0.8260889,-3.3168614,-0.106004745,3.6748652,-1.6020322,1.675117,2.836147,0.9883945,1.0231879,1.3686645,-2.1518621,0.5371109,-0.8099352,-1.4105693,-0.5760941,0.049084373,-0.96277213,-1.6623273,0.19344604,-1.0594871,2.075274,0.30042404,-2.2448332,3.2036853,1.3515232,0.7252544,0.6923287,1.091093,-1.0230367,-1.2895023,0.61685455,-0.93583024,2.3757672,-0.12212101,0.056555476,-1.0447733,0.6167674,0.2008753,1.3101175,0.06618537,0.02103125,0.70611405,0.6681776,0.19062284,0.52055955,-0.41398913,-0.39517847,-0.8411968,0.19257206,-0.38683808,-0.5923344,0.41659617,1.241339,0.04880227,-0.41159624,0.10138781,0.36634064,-0.18026407,-0.065957,-0.49195126,0.25186068,-0.01333184,0.24045712,-0.021378636,-0.41056255,-0.54662776,0.4737723,-0.07670747,-0.060191628,0.19955018,-0.21435905,-0.5885873,-0.20694917,-0.25319335,0.28499025
2,-3.9895215,-2.9307008,50.912865,-11.041878,-10.1174135,-7.9880667,3.3580756,7.7374115,-6.546316,0.8451011,-5.7928033,-1.194999,5.4335723,5.5898957,0.09797971,-1.7116044,-4.799975,-0.242802,3.0589964,2.3752224,3.0398057,-1.1178349,3.389277,-3.3131404,2.3789477,-2.0389757,0.5028594,-1.367918,-2.0858254,2.6397498,1.0892223,-1.8278852,0.54279995,1.801635,-0.95921373,0.43243593,0.3530595,1.2820392,2.4385996,1.1657258,-0.37803197,1.6735246,0.8205429,-1.664516,-1.0698287,-0.6107372,-1.4574162,0.78322494,-0.91561353,-0.3750896,-0.035267606,-1.1888514,-0.355132,2.9656394,0.59595716,-0.46363825,1.4251795,-1.7553971,0.19705233,1.4249638,-0.23171622,-0.34466618,-1.4053569,0.21601522,0.5306814,-0.6733798,0.8334032,-0.26975363,0.22006917,0.057642095,-0.22070956,-0.8920381,1.2897282,-0.7062521,0.08723422,-0.27219743,0.6890496,-0.15571898,0.78390765,-0.2792418,-0.41170824,0.15544048,-0.07190103,0.58496046,0.59655285,-1.4896035,-0.06344718,0.4353124,0.3059536,-0.062040746,0.3774692,-0.2678389,-0.46969256,0.20113099,0.27429906,0.22605611,0.2998469,-0.0036724457,0.9429878,0.31351548,0.40121865
3,-1.7605338,10.973377,-11.041878,26.053972,-3.3741622,11.143225,10.129063,0.87409836,5.054894,-3.8010235,0.8642274,1.4101462,2.6108425,0.95758617,5.0200257,-1.8730047,-2.1446161,-0.31742108,-3.4221017,-2.581542,1.1225002,0.34673402,3.5184786,0.39306703,-3.8845398,-0.19908245,-2.091358,-2.6263294,-1.1091917,-0.4971136,-1.3029013,1.3853171,-3.937465,-2.0073953,-0.38873976,0.2942344,-0.7882122,1.1852846,-0.8499373,0.9733119,0.35623282,1.4510498,-0.94328964,0.4808795,0.16708031,-0.7087863,1.3171673,-0.82602954,0.26431438,-0.117383994,0.112668976,-0.44522113,0.4136178,-0.007660375,-0.21537368,-0.23587754,-1.2325829,1.225894,0.65357774,-0.40146273,-0.6074085,-0.24662167,1.6602399,-0.79193425,-0.052697867,-0.43607873,1.2458111,0.06883709,-0.15104598,-0.058794923,-0.0030793091,-0.101856664,0.07266514,0.1494523,0.97020054,0.03956099,0.2419915,-0.44352457,-0.43509713,-0.40787315,-0.21923918,0.19482024,-0.13167156,0.30460662,0.18503475,0.19721681,0.28013426,-0.26652983,-0.4740002,0.08256431,-0.33647013,0.05081027,0.13824701,0.23915803,-0.3470523,-0.34633708,-0.29385626,-0.17858407,-0.20848805,0.19367664,0.09694623
4,-2.0510418,13.604328,-10.1174135,-3.3741622,43.489815,0.14971347,-1.9386287,2.5389872,6.2005477,6.0613666,6.109624,6.89388,3.0929964,1.8584566,-3.143494,-4.0524216,5.943442,-0.6320565,-0.7662247,-4.2948484,-1.9937103,0.07239677,-6.123882,-0.25152206,1.808352,-0.17097655,-0.23364234,2.2362618,-0.545133,-1.0176144,-3.3943307,-1.7670798,0.23097977,1.5461859,1.2159691,0.98556596,-1.2072816,-0.59333813,0.3677658,0.14018807,-0.28672433,0.83439946,-0.083064094,0.33654797,0.58409345,2.049367,1.0570364,1.6362994,-1.2275707,0.5893409,0.27341443,-0.6354904,-0.4511636,-0.023610134,-0.32951802,1.5922956,-0.5005983,0.998309,0.48944297,-0.7662625,0.38611105,0.53047633,-0.8535454,0.7032927,0.070151076,0.42463803,-1.5050938,0.4112902,1.1907742,0.48686448,-0.27729744,0.18308863,0.4868126,-0.9239577,0.5560533,-1.447592,0.41389397,0.05711153,-0.26617277,0.2895167,-0.29039103,-0.2638148,-0.55371636,-0.015157787,0.15167059,-0.58939385,0.21683319,-0.13137901,0.17057279,-0.056668367,-0.3539855,0.15879238,0.18523484,-0.0056711617,-0.28921378,-0.2541439,0.63704836,-0.052153893,-0.19191304,-0.31899363,-0.02213844
5,13.411624,5.6992817,-7.9880667,11.143225,0.14971347,31.411795,-3.9931731,5.2104707,7.4816647,3.353172,0.57146794,3.4103389,-0.4301186,-2.015759,-0.20438871,1.0553308,-2.802237,-2.5071702,-1.1477103,0.07845946,1.8259916,1.4386668,1.8493478,3.3744187,-2.1385405,-1.1342816,-2.2226918,2.5818222,-1.7175698,0.10260463,-1.3207052,1.4988687,-3.294798,-2.602418,-0.89952695,1.0764065,-0.29136533,2.4607787,-1.4809735,-1.4501783,0.5922965,-0.15795258,1.8671421,-1.0388634,0.014095563,0.67959535,0.78526926,0.36052722,0.036651604,-0.17805678,-1.3044803,0.76011765,-0.8025786,0.36913133,-1.5633214,0.36482745,0.10466479,-0.3531003,-0.6453329,-0.29091686,-0.23979306,-0.7029749,0.5761341,0.39261103,-0.96878153,-0.58942026,1.5252235,-0.3971135,0.40372828,-0.08889605,0.12806153,0.36949298,0.20031676,0.55602264,0.3818181,0.14897648,0.41877255,0.32783407,0.87838364,0.39429528,-0.17848259,-0.29404375,-0.14031416,-0.07220726,0.299283,-0.3944433,0.37210917,0.03983728,-0.54604304,0.42506158,0.28544992,0.1406312,-0.6476643,0.22813255,-0.15384607,-0.08828611,0.09416791,-0.2864138,-0.26104188,-0.23568445,-0.34708107
6,-11.30611,9.548311,3.3580756,10.129063,-1.9386287,-3.9931731,29.227741,2.3404078,4.5060616,-5.8271394,-1.9594035,-1.453804,2.5983539,3.8770852,1.2183142,-0.4292444,0.7765052,1.5355728,0.22995903,-0.75586677,-2.0889373,0.38536286,3.8581338,-1.054245,0.60119027,-0.2949957,-0.07043827,0.5401481,1.6776433,-0.28273457,1.5822315,-1.69944,-0.8689413,-0.54223853,1.2551829,0.42202306,0.80699164,-1.6460431,1.2302985,1.0473711,-1.8299844,-0.10644701,-0.18172023,-0.34464446,0.8149502,-0.4444871,1.6103284,0.13021746,-0.78389883,-0.7747742,1.3082876,0.42225724,-0.3469994,1.1401906,-0.33331043,-0.17835283,-0.3948062,1.1018939,-0.09063956,-0.24731672,-0.29320568,-0.57243955,0.9254497,-0.34297466,0.80567586,-1.2385929,0.86693954,0.10063755,0.41981936,0.31104404,0.45402193,-0.9025636,-0.6659951,-0.06895687,0.16267088,-0.7698243,-0.13120347,-0.6007192,-0.38380283,0.52171004,0.8111536,-0.35732293,0.06832038,0.57192516,0.4419394,0.25088495,0.61535776,-0.15325382,-0.07650308,0.39182946,-0.37429363,-0.81119645,0.43026626,0.14286582,0.18646267,-0.27764994,0.56859434,0.07242486,0.2557596,0.1882416,0.11704032
7,-3.7417004,2.6966794,7.7374115,0.87409836,2.5389872,5.2104707,2.3404078,24.432587,-6.467069,1.7951717,0.5622077,-4.941262,2.6296854,-1.8776331,0.6081039,-1.8514369,-0.6658068,0.35677335,-2.5208373,0.47089982,1.4184449,1.8431417,1.6777596,-1.506053,-0.21649021,-0.91028416,-0.3434206,1.8725644,-2.0698645,-0.25427425,1.0709839,0.57930845,2.4330652,-0.6071506,0.69388056,0.4045931,0.018519241,2.512852,0.8142358,1.1994791,0.42859966,0.7494614,-0.028397776,-0.6916895,1.10766,-0.041255407,-0.08025853,0.87122434,0.20001855,0.25427353,0.5198264,1.0327108,-0.6854346,0.7504358,0.09172952,0.8966937,0.8044344,1.0817759,-0.30473647,0.10724661,-0.634284,-0.66365075,-0.3701619,0.2706747,-0.754869,0.10496512,-0.916675,-0.47668982,0.27962416,-0.42698234,-0.107436076,-0.73837376,-0.3683659,-0.41932857,0.57520014,-0.6057468,-0.080659926,0.0113716535,1.3820597,0.2609344,-0.54589427,0.14504299,-0.21649304,0.12166746,0.5062715,0.35721707,0.20410752,-0.4104864,-0.08239593,0.111573055,0.018976208,-0.32461733,-0.07435252,0.057897806,-0.05083768,-0.044777445,-0.1447435,0.019276626,0.0758754,-0.009955592,-0.20021302
8,4.5439143,6.3529263,-6.546316,5.054894,6.2005477,7.4816647,4.5060616,-6.467069,23.723278,0.45999163,0.4739374,1.9324913,0.9003795,-1.7222039,-1.7504778,1.2805332,-1.7144189,-2.52148,-3.187012,-0.780342,-3.7668362,1.7493544,-1.8197153,-0.31264228,-0.84966457,-1.8626206,-0.73208606,0.33448604,1.0670815,1.2737131,-1.1913589,-0.025664438,-0.91227025,-1.0534867,1.8969727,-0.6444544,-0.67600644,-1.1346431,-1.2720749,0.17270832,2.6010394,-0.49466005,1.0109975,-1.1693709,-0.39524442,-2.0532966,-0.0022368021,0.77384865,-0.24311602,-1.4961565,0.33162737,-0.3861451,-0.052193776,-0.024718234,-0.5525877,-0.668158,-0.041390516,0.17878744,-0.35590646,0.18069291,0.5014479,0.23268168,-0.03574887,0.8220022,-0.17849272,-0.9868541,0.56022084,0.6191611,0.33166003,0.08799048,0.030700414,0.4215266,0.23585507,0.4099686,0.119566634,-0.4143814,0.35897505,-0.060453497,-0.31980836,-0.15915042,-0.009706312,0.17848575,0.34805232,0.09070719,0.059066348,-0.27183685,0.16228905,0.6098741,0.053447597,0.07318208,-0.18246788,-0.34589967,0.053496536,0.073715955,0.37433642,-0.36480045,0.061400153,0.25181246,0.2999176,-0.28794485,-0.33242044
9,-5.1605806,-4.0554924,0.8451011,-3.8010235,6.0613666,3.353172,-5.8271394,1.7951717,0.45999163,12.577408,-0.9936178,1.2484019,-0.615422,2.9279766,-0.5993881,-0.06885792,-0.6773284,0.59847856,-0.6814438,0.8121232,0.8722966,-0.5714977,-0.09521876,-0.65416545,-0.023031436,-0.71654975,-0.26086697,2.8048518,-2.1683993,-1.578557,-0.59368837,-0.554458,-0.70352507,0.42067736,0.7397739,-1.1471837,-1.0276443,0.49654093,-0.6091056,-0.047880653,0.93586206,-1.1276927,0.020905845,0.13737443,-1.241466,0.2724777,0.8649554,0.23534214,0.5134847,-1.372322,-0.4054168,-0.44914156,-0.06450351,0.16243201,-0.4977908,0.5887524,-0.18902445,-0.40012696,-0.25636876,0.32308626,0.43214923,0.3115018,-0.5948012,-0.25925052,-0.5984869,-0.088411696,-0.91671157,-0.35162407,0.2436809,0.583071,0.05109776,0.4123659,0.021217788,0.31138727,0.1631575,0.04467155,0.10343361,-0.20790178,0.3875981,-0.32148254,0.023355842,-0.29905695,-0.05100576,-0.29337,0.05689396,-0.06410374,-0.4938994,0.020197028,0.08411955,0.19026801,0.26865757,-0.01805212,0.034554012,-0.081696376,-0.42800468,-0.013560707,0.24845308,-0.69081384,-0.0025031115,-0.014011078,0.07046297
10,-2.9713244,-4.1414623,-5.7928033,0.8642274,6.109624,0.57146794,-1.9594035,0.5622077,0.4739374,-0.9936178,14.110494,1.7085472,0.48191518,-1.9395592,1.8554647,-0.036731724,-1.2307935,-0.3911044,-2.4840283,-4.2275743,-1.4474571,1.2526681,-0.80297863,-0.7807795,3.0546222,-0.6834717,-0.10244972,0.5419799,0.70893097,-0.1869295,0.3404467,-0.017860554,0.044350818,-1.0290904,-1.0319619,0.029705985,0.33164555,-0.28139096,0.80374575,-0.6890559,0.32222024,1.4336493,0.36707252,-0.49322426,1.3545377,1.2591786,-0.014601279,-0.5020269,0.6261163,0.1785234,1.5120411,0.55035275,-0.0608696,-0.9277942,1.0443162,0.80923486,-1.0140209,0.23087513,-0.07939517,0.1082568,0.29495496,-0.5650095,0.07901147,0.22520891,-0.22072577,-0.4735762,-0.38370878,0.13380557,-0.3273501,0.12001513,0.10880199,0.3939493,0.62425315,-0.24444336,-0.22367036,0.260791,0.09544683,-0.40682054,-0.29892755,-0.42574632,0.007882852,0.22394317,0.071633294,-0.11129315,0.0005282394,-0.11921471,-0.005860978,-0.04505033,-0.15847293,-0.32020956,-0.045469273,0.08945505,-0.34107655,-0.18674031,-0.08586676,-0.13708648,0.10067043,0.35038918,0.42517835,0.1062063,-0.06915209
11,5.8860703,11.04632,-1.194999,1.4101462,6.89388,3.4103389,-1.453804,-4.941262,1.9324913,1.2484019,1.7085472,17.344065,1.8512108,2.178282,1.4447682,-0.92346656,-1.2655197,2.728704,-2.4899216,-1.1062889,-1.7831198,-0.32365984,-1.5829828,0.44290614,-2.4430158,1.5877899,-2.019314,0.37643826,0.11970301,-0.78092706,1.133399,-1.2349098,-0.1800144,1.3414879,-1.1980964,0.8663405,-0.19027941,0.34448117,-0.31519634,-1.5164019,-0.42957628,-0.12493451,0.13936192,0.21917266,0.17044285,0.60323066,0.13124555,-0.18906167,-0.03829303,-0.12822132,-0.084990844,0.8830571,0.71325684,0.74535835,-0.5409438,-0.53510165,-0.08966148,-0.99986356,0.048636116,0.09858569,0.48331583,-0.078325704,0.20908034,-0.6047616,0.6184083,-0.24861673,-0.21800672,-0.43611062,0.31986523,-0.073221505,-0.22906296,0.15102507,0.31368792,-0.010940479,-0.05188524,0.290451,0.06947768,0.30153137,0.5329646,0.26062927,-0.09338346,-0.42023736,0.2506373,-0.23171976,0.17469966,-0.10791768,-0.33935285,0.3435487,0.144407,-0.3491259,-0.5635023,0.28095168,-0.29480207,0.08577399,0.13026398,-0.068651766,-0.060322814,0.19424248,0.21788004,0.26915967,0.42938364
12,3.5513942,7.8899264,5.4335723,2.6108425,3.0929964,-0.4301186,2.5983539,2.6296854,0.9003795,-0.615422,0.48191518,1.8512108,13.120217,-0.57629675,-1.9253297,-3.348961,-0.88009846,-1.6125115,-1.082552,-1.588609,0.6496354,0.4929588,2.075442,-0.49258608,-1.5303643,-1.0235555,-0.028174121,-0.2700468,0.6599647,-0.04908531,-1.6944921,-0.7283744,0.010270631,2.0356812,0.7441845,0.6278797,1.2761312,1.5478928,-0.039984044,0.12250021,-0.7393687,1.4808362,-0.37583455,0.60281605,0.2830196,-0.09636909,0.041710764,0.42018172,0.3730349,-0.73388696,1.0809436,0.36696202,-0.18032263,1.2776484,-0.15239953,-0.79164255,0.38733032,0.53725255,0.18392716,0.39772505,0.9253732,-0.35937968,-0.44699344,0.39403772,0.05899059,0.23517388,-0.29314297,-0.29929587,-0.5542716,0.4488138,-0.116153866,0.029689115,0.15447682,-0.30996996,-0.23430076,-0.021627333,-0.048721604,0.11795327,-0.23119023,0.07167186,0.16140251,-0.2987541,-0.126564,-0.13452327,-0.119520865,-0.1097345,-0.29988652,-0.052966192,-0.1801011,-0.02603535,0.3178868,0.15980086,-0.12882319,0.32920694,0.06739876,-0.3403455,-0.28950268,0.3202299,0.16308102,-0.16101292,-0.19821504
13,-9.954638,0.5423461,5.5898957,0.95758617,1.8584566,-2.015759,3.8770852,-1.8776331,-1.7222039,2.9279766,-1.9395592,2.178282,-0.57629675,13.85969,-1.3407536,-1.9238874,1.2989123,0.17060053,1.848976,0.38943014,-0.4738797,0.13158718,1.9142256,-1.0771801,0.13280341,-0.19607502,-0.9497602,-1.33863,-1.7103337,-0.124945864,0.7929371,-1.3298402,-0.515466,1.4786773,0.5264826,-0.071088314,-1.4068065,-0.8428432,-0.315836,0.066169456,-0.19019124,0.8092065,0.2761163,0.5835594,-0.79548246,0.8755827,1.112249,-0.6171503,0.54923654,-0.41382098,-0.30775136,-0.07158059,0.43325818,-0.63367826,0.06232465,-0.6550784,-0.109453894,0.008770321,0.4601794,-0.16826738,-0.020204479,-0.40466535,-1.0922726,-0.24826723,-0.585969,-0.6081097,0.6568922,-0.34910566,0.12274793,0.35454974,0.028074946,0.16807169,-0.27891764,-0.25651374,0.20649731,0.08719765,0.47687468,-0.334641,-0.078462996,0.20794669,-0.4100343,-0.072023004,0.011694027,-0.01226353,0.23142979,-0.16799544,-0.0004030686,0.30630478,0.27802324,0.048749603,-0.41839105,0.012884832,-0.2523995,0.265634,-0.16990411,0.09993523,0.10577382,-0.44393495,-0.16315648,0.09503314,-0.15455252
14,9.067476,-4.480402,0.09797971,5.0200257,-3.143494,-0.20438871,1.2183142,0.6081039,-1.7504778,-0.5993881,1.8554647,1.4447682,-1.9253297,-1.3407536,12.628449,-1.3055516,0.24994448,0.46218008,-1.0959984,-0.01063822,-0.37128028,-0.05203681,-1.0255783,-1.6995196,-0.028634157,-0.21131298,-0.6870862,0.16180572,-2.6534743,-0.8786724,-0.825521,0.38881052,0.20175758,-1.4546007,-0.93866074,-0.4495045,-0.19433066,0.49539837,0.14339733,-0.6730974,-1.3148624,-0.23138018,-0.8849473,-0.329311,0.29426816,-0.5863417,-0.39791667,-0.6636555,-0.07329549,0.1517668,0.8115697,0.11391555,1.1924219,0.018824585,0.19514091,-0.31034666,-0.26906407,0.39509377,0.28052673,0.13265154,-0.19723001,-0.19879684,0.9182526,-0.80958927,-0.20656903,0.10193235,0.23007739,-0.15222228,-0.18007034,-0.6605595,-0.65775573,-0.14763606,0.51049787,0.36391005,0.045411047,-0.0696451,0.47647643,0.17946434,-0.82870895,-0.04316958,0.33905658,-0.16537274,-0.18294838,0.22559637,0.16223569,-0.11231229,-0.14453447,0.052244388,0.21938847,-0.017735418,-0.21265857,-0.24705958,-0.10184431,-0.021958869,-0.18880396,0.032088608,-0.19976754,-0.008504788,0.102466606,0.42494422,0.010120719
15,-2.1168942,-1.141279,-1.7116044,-1.8730047,-4.0524216,1.0553308,-0.4292444,-1.8514369,1.2805332,-0.06885792,-0.036731724,-0.92346656,-3.348961,-1.9238874,-1.3055516,12.237442,-2.301085,0.6048131,2.327495,1.4416084,-1.0334313,-2.6769423,1.904686,0.2712605,0.59670883,-0.1319298,0.12759179,0.25286686,0.6071357,0.3591693,0.009823667,0.12413724,-0.5536799,0.5041434,0.6105075,0.088305146,0.18164352,0.19937205,-0.6684246,-1.8108249,2.1564507,-1.3318374,-0.62401175,-0.72827584,0.5313361,-0.13658784,0.17746161,-0.7293905,-0.3910684,0.4326325,-0.19301963,0.43007612,0.34730703,0.24440959,-0.23245582,0.61430776,0.14942285,-0.27559853,-0.31869942,0.20458421,0.22945805,-0.050675906,0.2830778,0.24978928,1.0432763,0.12125474,-0.34173644,-0.30099025,0.4534148,-0.033664733,-0.2048808,0.12278202,-0.19936907,-0.3933188,0.3167984,-0.2940535,0.009529499,-0.3022797,0.22270793,0.23568481,0.11853449,-0.16264571,-0.19780232,0.02244908,-0.5085989,-0.3716392,0.2471641,0.20955725,0.23546463,0.2964363,-0.12299397,-0.049750213,0.14907718,-0.28368625,-0.08342119,-0.13890263,-0.30269647,0.09820019,0.38662964,-0.04956375,-0.21753223
16,7.548512,1.998301,-4.799975,-2.1446161,5.943442,-2.802237,0.7765052,-0.6658068,-1.7144189,-0.6773284,-1.2307935,-1.2655197,-0.88009846,1.2989123,0.24994448,-2.301085,11.181099,3.2960782,-1.04508,1.5214872,-0.45508265,0.4915375,-0.9320856,-0.26883194,0.50166005,0.416328,0.14901438,-1.3053434,-0.107797794,-1.1109042,-0.4931384,0.5851466,0.58227694,0.68284845,0.0031213537,-0.49857256,0.5754461,-0.6937309,0.44560614,-0.114195585,-1.0404897,0.024171125,-0.5982343,-1.5008478,-1.3306917,0.21076325,0.61709356,0.5856335,-0.67175967,0.12445958,0.11785845,-0.32880515,-0.85104394,-0.28208208,-0.0065485826,0.3550862,0.32528412,0.29712945,-0.054200284,-0.043476075,-0.4476089,0.06471994,-0.11073008,0.46375278,-0.1282776,0.05369948,-0.39341572,-0.17983654,0.44494778,-0.45408338,-0.10949544,0.31756085,-0.12369354,0.11608005,0.008999115,0.29694974,0.20182675,0.3632055,-0.5589073,0.2660491,0.29400593,-0.28338772,0.00046522793,0.26349846,-0.02000716,-0.16385299,-0.017117336,-0.36291984,0.30154186,0.33920228,-0.058943853,0.23352793,-0.16725579,-0.152969,-0.13538238,-0.19130181,-0.009271196,-0.07166167,-0.37670058,-0.1224102,-0.17417863
17,0.5628891,5.294308,-0.242802,-0.31742108,-0.6320565,-2.5071702,1.5355728,0.35677335,-2.52148,0.59847856,-0.3911044,2.728704,-1.6125115,0.17060053,0.46218008,0.6048131,3.2960782,10.232308,-1.9939699,-0.6943494,-0.32466573,-1.4749343,-0.5915854,0.4567193,-0.6569966,1.4661965,-0.83053434,0.3309446,0.5880243,0.41420227,0.9320605,-0.46547288,-0.8760024,1.3093474,-0.5408418,0.5487721,0.26205122,-0.5657661,-0.6581502,0.68334615,-0.6762832,-0.6586335,-0.11719007,-0.93861246,-0.731614,0.044170912,0.5364643,0.7423711,-0.438636,0.4825117,0.4864881,0.3571688,-0.010950696,0.31897733,0.5744516,-0.2770555,0.5811487,-0.5070486,0.042378034,0.23096158,0.09329161,-0.26286334,0.6347724,0.32424563,0.14644803,-0.29899317,-0.37062293,-0.47777122,0.019084375,-0.06209913,-0.124761075,-0.18251011,-0.007488124,0.06783642,-0.27705377,0.25956926,-0.524338,-0.2346311,0.151596,-0.5862606,-0.01708794,0.3173421,0.13387573,0.15590131,0.041747402,-0.040270276,-0.15837818,0.13391036,0.03968636,0.19626233,0.29936713,0.48106065,0.23930237,-0.2830066,-0.0010764992,0.21615598,0.060228743,-0.24013785,-0.12471231,0.24379374,0.011676048
18,6.9391127,-3.366652,3.0589964,-3.4221017,-0.7662247,-1.1477103,0.22995903,-2.5208373,-3.187012,-0.6814438,-2.4840283,-2.4899216,-1.082552,1.848976,-1.0959984,2.327495,-1.04508,-1.9939699,11.03181,1.008945,-0.6698438,-0.2800051,0.19029355,1.9038417,-0.077437505,0.08195868,0.44307488,0.4357183,-0.7156286,-0.25814682,0.46657294,-0.21874952,-0.26271042,1.0719516,0.22909713,1.1383935,-0.6346238,-0.8077992,0.09376513,-0.25468454,0.31281394,0.031287827,0.3596979,-0.33538744,0.3120609,1.2955616,0.33148557,-0.89342165,-1.0047307,0.28144476,0.21627694,-0.5125147,0.6652721,0.22409044,0.014574813,-0.033278786,0.3469137,0.11299946,0.08121733,-0.86899835,0.017176416,-0.13308626,-0.5289293,0.21269864,-0.013890877,0.117666036,0.49625465,0.070969984,0.049271442,0.02213078,0.24682632,-0.13832352,0.32841122,0.39688355,0.07332991,-0.35601082,-0.21244448,0.14769776,-0.4220038,0.22896704,-0.0069457493,0.08399437,-0.27481425,-0.044778563,-0.16021511,-0.0025888754,0.1005639,-0.24623086,-0.083856314,0.2981636,-0.20768937,0.03652529,-0.072251216,-0.036875382,-0.06137962,-0.18951637,0.026227333,0.072188005,0.11891679,-0.2026287,0.19251272
19,5.1448116,-6.61781,2.3752224,-2.581542,-4.2948484,0.07845946,-0.75586677,0.47089982,-0.780342,0.8121232,-4.2275743,-1.1062889,-1.588609,0.38943014,-0.01063822,1.4416084,1.5214872,-0.6943494,1.008945,9.311615,-0.56716526,-0.20259821,-1.3382723,-0.5896704,-1.5687892,0.51236147,-1.0209887,-0.006444075,-0.34150475,-1.6555314,-0.2127834,-1.2079546,0.19959998,-0.23089561,0.29976624,-0.24216715,1.2240181,0.07507302,0.654219,0.38511097,0.874542,-1.3771087,0.31892404,-0.5017803,-0.55719596,-0.25956532,0.3287603,-0.43510973,-0.3075114,-0.12150546,-0.1874049,-0.06581016,-0.57031596,0.35171026,-0.2418748,-0.14250886,0.5519706,0.24069333,-0.440763,0.5498043,-0.23225087,-0.21345432,0.08753266,-0.3953319,-0.2588238,-0.32809114,-0.29660636,-0.3602801,-0.04459431,-0.035925105,-0.26007086,0.0064594634,-0.35674536,0.05414599,-0.28168732,0.0469745,0.5019553,0.10466303,0.10269563,0.034086764,-0.33984256,-0.59612,-0.46527472,0.18264365,0.18042842,0.17642936,0.2716349,0.14982101,0.16353217,-0.20464382,-0.24310629,0.04759436,0.003139411,0.03197384,0.24421,-0.29138613,0.007629309,0.026852291,-0.14922383,0.0016830054,-0.043025732
20,1.4197731,2.1669488,3.0398057,1.1225002,-1.9937103,1.8259916,-2.0889373,1.4184449,-3.7668362,0.8722966,-1.4474571,-1.7831198,0.6496354,-0.4738797,-0.37128028,-1.0334313,-0.45508265,-0.32466573,-0.6698438,-0.56716526,8.008126,-0.044111773,1.0825363,0.21781415,-0.32000083,0.6293311,0.63170195,-0.4297461,0.10454984,0.7421621,-1.3338704,1.2513819,-0.102093235,-0.7793643,-0.8119921,0.5285967,-1.3661549,1.0861845,-0.026846912,0.43613094,-0.7722726,-0.8027336,-0.3244518,-0.07662532,-0.27244633,-0.9446398,0.82131004,-0.791089,0.64616644,0.091933556,-0.68487763,-0.36756966,-0.23321477,-0.04822672,-0.40675128,0.3172931,-0.2665288,-0.16770715,0.620991,0.12422007,0.030003294,-0.5910812,-0.1326313,0.32102817,0.15524381,0.22532926,-0.14998874,-0.28168762,-0.14634314,-0.12514482,0.23172253,-0.06080287,-0.47189555,-0.21527393,-0.14270084,-0.33686143,-0.11220285,0.0013003293,-0.21723264,-0.3339101,0.051929303,0.1487323,0.111956775,-0.049755607,-0.2756446,-0.2155348,0.23136191,-0.03663341,0.0466405,0.33742845,0.31366557,0.00095409877,-0.21357551,-0.09075554,0.056409962,-0.16901304,0.54120266,-0.018784292,-0.15642482,0.26399088,0.19110313
21,9.934921,0.70110136,-1.1178349,0.34673402,0.07239677,1.4386668,0.38536286,1.8431417,1.7493544,-0.5714977,1.2526681,-0.32365984,0.4929588,0.13158718,-0.05203681,-2.6769423,0.4915375,-1.4749343,-0.2800051,-0.20259821,-0.044111773,8.242927,-0.45354915,-1.6064866,-0.14878494,-0.72845197,-0.7211918,-0.9240658,0.88679755,0.31745395,0.5508195,0.29436544,1.1082462,0.12157372,0.47716928,-1.3216226,-0.373394,0.063593425,-0.39546338,-0.3260665,0.15494192,0.14745665,0.29319036,-0.042728193,0.112217724,1.2127335,0.19700256,-0.61434466,0.12140657,0.54568696,-0.062035847,-0.8093,0.007052942,-0.19912234,0.0023721764,0.33120888,0.16719054,0.8119477,-0.599377,0.23864606,0.44566238,-0.35794127,-0.12224232,0.031188909,-0.07924545,-0.34003967,0.4304459,0.41876635,0.30546558,-0.42891705,0.10333689,-0.025441179,-0.12682605,0.67650604,-0.534598,0.1352647,-0.23510681,0.008218875,0.29919374,-0.28779414,-0.56871367,-0.16607724,0.076369196,0.043598883,-0.16458373,0.1080372,0.18810064,-0.20511988,-0.12203008,0.20373416,-0.10566896,-0.16826019,0.042168714,0.47278458,0.07588459,0.002473627,0.04402723,0.17774919,0.16534004,0.07845643,0.13574356
22,-9.799174,0.18717328,3.389277,3.5184786,-6.123882,1.8493478,3.8581338,1.6777596,-1.8197153,-0.09521876,-0.80297863,-1.5829828,2.075442,1.9142256,-1.0255783,1.904686,-0.9320856,-0.5915854,0.19029355,-1.3382723,1.0825363,-0.45354915,9.1823845,1.0305634,0.0020314362,-2.2120275,0.34420025,-0.50426924,-1.0089765,-0.15617663,-0.005149414,0.57383966,-0.22338933,-0.09794366,0.52923614,-0.4827747,0.1394228,0.92459303,-0.25988185,-0.33315495,-0.52907145,0.7738483,-0.046713993,0.23620236,-0.96811926,0.5816962,0.391398,-1.0587163,0.34451032,-0.13310046,0.29352683,-0.15156099,-0.28427184,0.5550098,-0.40360197,-0.05536357,-0.075546265,0.1684773,-0.13194202,-0.28806132,0.1852915,-0.032593627,0.10150324,0.13032842,0.17504281,0.32374787,-0.5022564,-0.010530015,0.02742659,-0.44759756,0.28281683,0.5538641,0.27414536,0.013169471,0.07640663,0.14464189,0.08615404,-0.29484665,-0.038526103,0.19057769,0.10668511,-0.19200325,0.29567713,0.16369243,0.104528636,0.14355455,-0.13024195,0.20456013,-0.14277554,0.02024556,0.17749211,0.27097353,0.13457605,0.13171004,0.021792166,-0.0098373415,0.09274726,0.15683188,0.057076693,-0.089885205,-0.052869264
23,-1.0581709,1.7428344,-3.3131404,0.39306703,-0.25152206,3.3744187,-1.054245,-1.506053,-0.31264228,-0.65416545,-0.7807795,0.44290614,-0.49258608,-1.0771801,-1.6995196,0.2712605,-0.26883194,0.4567193,1.9038417,-0.5896704,0.21781415,-1.6064866,1.0305634,8.007634,-0.6282221,-1.0730033,-0.4577266,0.24660406,1.2735863,-0.45895946,0.104405925,0.0826853,0.45612702,-0.82885134,0.34271437,0.051675074,-0.10149005,-0.22489879,-0.28912574,0.5403005,-0.5819341,0.7015753,0.7110334,-0.3048963,0.18181616,0.008266093,-0.010650986,0.4990257,0.2399752,-0.2442758,0.2225998,-0.05093593,0.14417297,-0.41471308,-0.41963303,0.2700377,0.74896055,-0.084970884,0.69367915,0.100448295,-0.5720149,0.60943687,-0.18827924,-0.28063267,-0.23127152,0.18956831,-0.07343745,0.34938607,-0.12982276,0.16284621,0.30796373,0.035491288,0.083280616,-0.23227099,-0.100155756,0.22647291,0.016936067,0.11504474,0.12194264,-0.061639775,0.37982225,-0.18500264,-0.11805812,-0.27120042,0.05301965,0.16488005,0.40301782,0.04124123,-0.10948271,0.01591924,0.20532463,0.34296638,0.010005058,-0.107149005,0.019360825,-0.1720944,0.022671614,-0.14246622,0.086240426,0.29968348,0.16853912
24,-5.19547,-3.6684117,2.3789477,-3.8845398,1.808352,-2.1385405,0.60119027,-0.21649021,-0.84966457,-0.023031436,3.0546222,-2.4430158,-1.5303643,0.13280341,-0.028634157,0.59670883,0.50166005,-0.6569966,-0.077437505,-1.5687892,-0.32000083,-0.14878494,0.0020314362,-0.6282221,6.464837,-0.2351039,0.62581486,-0.27872294,-0.4716143,1.3579628,0.33657873,-0.24022447,0.12154013,-0.3008986,-0.007486185,-0.25271863,0.25425738,-0.41528702,-0.08986845,-1.0140188,-0.16935848,-0.16285487,0.43408746,-0.47061002,-0.660831,0.28033125,-0.36939263,0.6077895,0.64509016,-0.27448666,-0.031008914,0.12143494,-0.42066115,-0.05835887,0.1367219,0.38362682,-0.44893944,0.30654678,0.3269905,0.43483552,-0.086313516,-0.39875358,-0.31076542,0.23836395,0.22571307,-0.048502207,0.2772631,0.34770256,0.3491432,0.18723527,0.0028968414,-0.30529845,0.45174104,0.051806476,0.19810113,-0.12799224,0.018003272,-0.004082809,0.12716499,0.008246776,0.6722533,0.026311446,-0.09676823,-0.028945155,0.11050195,-0.23870024,-0.28386405,-0.024176586,0.16146204,-0.025760762,0.10503805,-0.056543287,0.14302585,0.1178437,-0.20036246,0.101162925,0.26789865,0.13902439,-0.077764496,-0.102039844,-0.012206087
25,5.252866,-0.066278026,-2.0389757,-0.19908245,-0.17097655,-1.1342816,-0.2949957,-0.91028416,-1.8626206,-0.71654975,-0.6834717,1.5877899,-1.0235555,-0.19607502,-0.21131298,-0.1319298,0.416328,1.4661965,0.08195868,0.51236147,0.6293311,-0.72845197,-2.2120275,-1.0730033,-0.2351039,4.358371,-0.07950997,0.0902325,0.2471131,0.46729088,0.20649177,-0.2928812,-0.7810793,0.19957307,-0.4023444,0.31359282,0.077361785,-0.14258027,0.47787547,0.15677813,0.16492912,-1.1729465,-0.122835204,0.26695144,0.6001694,0.0826393,-0.0700663,0.31786656,0.10201757,0.6513697,-0.4527841,0.011733878,-0.12981619,0.5825249,-0.3376444,-0.31286982,-0.067664504,-0.04102447,0.47919336,-0.35700548,0.25288075,-0.23370399,-0.09059319,0.40230012,-0.21003342,0.09757875,0.071850106,0.035889417,-0.12501284,-0.042923085,-0.05162665,-0.21048376,-0.1192922,-0.12567079,0.20394242,0.28495133,-0.045612074,-0.2177907,0.08238746,0.23703,0.07045892,0.11701901,0.1853567,-0.021015443,-0.00153181,0.23053905,0.17479861,-0.10808717,-0.14634101,0.16315183,0.006256385,0.15562677,-0.09539975,0.1264473,-0.0017424303,0.0513688,0.054747604,0.10996285,-0.09888029,0.11518806,0.21173033
26,4.495308,-0.8260889,0.5028594,-2.091358,-0.23364234,-2.2226918,-0.07043827,-0.3434206,-0.73208606,-0.26086697,-0.10244972,-2.019314,-0.028174121,-0.9497602,-0.6870862,0.12759179,0.14901438,-0.83053434,0.44307488,-1.0209887,0.63170195,-0.7211918,0.34420025,-0.4577266,0.62581486,-0.07950997,4.8930945,-0.11235769,-1.0498583,0.8881252,-0.21236327,0.33388624,-0.06723835,0.08991972,-0.17788388,-0.790897,0.05972248,-0.13062602,0.17848426,0.1511229,-0.5846673,-0.52890563,-0.13509314,0.81510484,0.6111915,0.088930264,-0.4442981,0.4868225,-0.02185269,-0.25082317,-0.02320742,0.0013951042,-0.18953292,0.15560286,0.11904967,-0.06441348,0.10437055,0.11335258,-0.14235307,-0.09079501,-0.43569314,0.4264307,0.3317507,0.45079282,0.16139227,0.0054560998,0.11957492,0.1580523,-0.114833176,-0.061652392,-0.045876138,0.26950127,-0.20959722,-0.10451975,0.0811662,-0.11145346,0.100738,0.37861782,-0.045289837,0.017834842,0.019875059,0.22342119,0.35984787,-0.40323597,0.049933918,-0.05701747,0.10789743,-0.42936987,0.16043176,-0.19246005,0.0924006,-0.010615915,-0.022537801,-0.011926979,0.22502674,-0.43756515,-0.00012123516,0.05870997,-0.091708094,-0.11809334,-0.16081835
27,-1.2482058,-3.3168614,-1.367918,-2.6263294,2.2362618,2.5818222,0.5401481,1.8725644,0.33448604,2.8048518,0.5419799,0.37643826,-0.2700468,-1.33863,0.16180572,0.25286686,-1.3053434,0.3309446,0.4357183,-0.006444075,-0.4297461,-0.9240658,-0.50426924,0.24660406,-0.27872294,0.0902325,-0.11235769,5.5031204,0.026613079,0.60242,0.50297534,-0.89400876,-0.40677887,-0.013575028,0.2965024,0.63387847,-0.8637115,-0.16169702,-0.14099792,0.27632105,-0.48953253,-0.9087213,-0.47490287,-0.019618118,0.127123,0.30929163,0.0315186,0.36312062,-0.24432507,-0.40221697,0.30184472,0.44595364,-0.43043447,0.30587924,-0.63764066,0.104867116,0.07573135,0.2169899,-0.73062915,-0.59537137,-0.11120944,0.10372034,0.24641368,-0.27196622,-0.2281218,-0.028587073,-0.3383893,-0.3459561,-0.02110437,0.3455214,-0.057693243,0.08562483,0.017960707,0.25478762,-0.6269987,-0.009132702,-0.008170476,0.05088247,0.01898234,0.21498612,0.16385965,-0.05371869,0.015978761,0.043246835,0.04993289,0.13154876,-0.12699433,-0.02041336,-0.103609726,0.0057452656,0.20640424,0.03725279,-0.05112113,-0.034696106,0.14840156,0.15387134,0.18834315,-0.019966777,0.21376637,0.1273768,0.026437435
28,-4.9038353,-0.106004745,-2.0858254,-1.1091917,-0.545133,-1.7175698,1.6776433,-2.0698645,1.0670815,-2.1683993,0.70893097,0.11970301,0.6599647,-1.7103337,-2.6534743,0.6071357,-0.107797794,0.5880243,-0.7156286,-0.34150475,0.10454984,0.88679755,-1.0089765,1.2735863,-0.4716143,0.2471131,-1.0498583,0.026613079,6.3020153,-0.70575106,0.8127649,0.23104014,-0.91238815,0.004203552,-0.5080552,0.093194924,0.436692,0.087947935,0.5693239,-0.43107325,-0.019552287,0.4447571,0.08839601,-0.3877464,0.5330261,-0.58904374,0.16026676,0.37387902,0.60865545,0.51393473,-0.46056795,-0.045970097,-0.55941725,0.0425735,0.05291989,0.068753496,0.25493047,0.34935394,-0.15068486,0.10502638,0.23119208,0.10270139,-0.573187,-0.33712506,0.09275745,-0.067196324,0.17955083,-0.45181865,0.029363563,-0.22196177,0.25375772,-0.058089912,-0.34351677,-0.070320345,-0.45541286,-0.07670359,-0.15006241,-0.330038,-0.0655348,0.3643865,-0.025571287,0.02105343,0.241512,0.025174564,-0.18103714,0.08852729,0.060730267,-0.01984317,0.08331827,-0.13296351,0.17032321,-0.06772375,0.12349759,-0.054495543,0.03091146,0.08994688,0.05254727,0.06569559,0.11714235,-0.0793989,0.1746728
29,2.7000356,3.6748652,2.6397498,-0.4971136,-1.0176144,0.10260463,-0.28273457,-0.25427425,1.2737131,-1.578557,-0.1869295,-0.78092706,-0.04908531,-0.124945864,-0.8786724,0.3591693,-1.1109042,0.41420227,-0.25814682,-1.6555314,0.7421621,0.31745395,-0.15617663,-0.45895946,1.3579628,0.46729088,0.8881252,0.60242,-0.70575106,5.3174415,0.04992847,-0.37826872,0.30213365,-0.07661837,-0.19469899,-0.65100026,-0.4173104,0.39962527,0.1268838,0.037330806,-0.014544036,-0.38341063,-0.44559556,-0.23535304,-0.1320013,-0.24078074,-0.32796127,0.47353783,0.27162558,0.26677087,0.056953594,-0.021569904,0.20245782,0.25923735,-0.38458744,0.057936303,0.4600551,0.18300012,0.38012576,-0.19451782,-0.25563753,-0.2334881,0.52612686,0.06781569,0.43147522,-0.23606867,0.40402967,0.2470764,-0.17638245,0.45607638,-0.10545098,0.08560319,0.22698118,0.06087409,-0.20151973,0.20835729,-0.36225778,0.084335014,0.13181859,-0.03493361,-0.31013745,0.34898025,0.0182749,0.21805418,-0.13407364,-0.17606711,0.14045191,0.24379668,0.034097746,-0.0403162,-0.093228884,0.40289438,0.11088124,0.025283113,0.12027272,0.0081161205,-0.02810151,-0.034898184,0.04184343,-0.15382919,0.017017957
30,-2.1121764,-1.6020322,1.0892223,-1.3029013,-3.3943307,-1.3207052,1.5822315,1.0709839,-1.1913589,-0.59368837,0.3404467,1.133399,-1.6944921,0.7929371,-0.825521,0.009823667,-0.4931384,0.9320605,0.46657294,-0.2127834,-1.3338704,0.5508195,-0.005149414,0.104405925,0.33657873,0.20649177,-0.21236327,0.50297534,0.8127649,0.04992847,4.890147,0.048154034,0.09668478,0.2672915,-0.57886493,0.14469305,-0.064122364,0.1962381,-0.7092282,0.0454323,-0.88854253,0.3901102,0.40247476,-0.9755055,-0.27014408,0.42694652,-0.012244968,0.05007814,0.53780663,-0.17141752,-0.25018036,0.44617924,-0.17473935,-0.265149,0.48902452,-0.038881093,-0.04643559,0.35566133,-0.30703306,-0.19627082,0.11224605,0.19279416,-0.056445494,-0.1274523,-0.17928213,-0.1594466,0.10175387,0.03456205,0.04422342,-0.044843867,0.018295977,0.011466391,-0.3171159,0.28068942,-0.24278018,0.018492669,-0.017181305,0.011561294,0.42242405,-0.077407375,0.079818115,0.26026314,0.054902483,-0.055958774,-0.17641506,0.09089632,-0.12802109,-0.030140815,0.14182317,0.030076405,-0.41338912,0.017287496,0.005115197,-0.037069373,0.0820881,-0.174774,-0.19583085,-0.043401882,0.14800197,-0.010420371,0.14444472
31,2.2207975,1.675117,-1.8278852,1.3853171,-1.7670798,1.4988687,-1.69944,0.57930845,-0.025664438,-0.554458,-0.017860554,-1.2349098,-0.7283744,-1.3298402,0.38881052,0.12413724,0.5851466,-0.46547288,-0.21874952,-1.2079546,1.2513819,0.29436544,0.57383966,0.0826853,-0.24022447,-0.2928812,0.33388624,-0.89400876,0.23104014,-0.37826872,0.048154034,3.4160528,0.1775128,0.36834502,-0.34221333,-0.043665107,-0.76766956,-0.23305407,-0.15259269,-0.50054145,0.23227468,-0.12755975,-0.7204036,-0.65999115,-0.69532555,-0.57122266,-0.563125,-0.23040393,-0.30217487,0.1361736,0.17493957,-0.00713774,-0.22478312,-0.084057,0.5361021,-0.101626575,-0.2423582,-0.19453506,0.20422143,-0.37755853,0.29118937,0.07780938,-0.08941452,-0.083269,-0.35276207,0.2503688,0.213117,0.100113034,0.03425259,-0.08845617,0.41914624,0.33257782,-0.28321576,0.12630877,0.006331349,-0.16336209,0.16650526,0.17632529,0.20355031,0.0712612,0.02650063,0.06495636,0.24956648,-0.014080524,0.1601223,-0.17746761,0.099693276,-0.1869151,-0.11886686,-0.0019638524,0.15912235,-0.14672378,-0.066737086,-0.22418162,-0.11416967,-0.017426845,-0.13984653,0.10643119,0.0006155274,-0.018409051,0.07997297
32,2.105225,2.836147,0.54279995,-3.937465,0.23097977,-3.294798,-0.8689413,2.4330652,-0.91227025,-0.70352507,0.044350818,-0.1800144,0.010270631,-0.515466,0.20175758,-0.5536799,0.58227694,-0.8760024,-0.26271042,0.19959998,-0.102093235,1.1082462,-0.22338933,0.45612702,0.12154013,-0.7810793,-0.06723835,-0.40677887,-0.91238815,0.30213365,0.09668478,0.1775128,6.3171477,-0.26557517,0.33204007,0.26398835,0.2982325,-0.07741208,0.27428526,-0.22982928,-0.14868176,0.113767676,-0.22586386,-0.1415933,0.29893273,-0.18501517,-0.071428716,-0.43815297,-0.28326082,0.06192922,0.1694133,0.48597002,0.46042818,-0.3675287,-0.057071857,-0.064132854,0.34187883,-0.14481756,0.1955574,0.11585481,0.16253667,0.2571848,-0.27337843,0.23523927,0.3834047,0.02690646,0.042548567,0.0065265866,0.32421535,0.061550707,-0.03331636,0.41984636,-0.11781855,0.19793984,-0.041275635,0.19765347,-0.08189298,0.1201548,0.17225084,0.19250095,0.24547999,-0.011492873,0.029099306,-0.15814349,-0.08203162,0.24076138,0.012507195,0.38422862,-0.043864205,-0.10181202,-0.07019526,-0.21839876,0.098168306,-0.18854383,0.09604621,0.040511914,0.20176037,-0.0086460225,-0.09193598,0.10997461,0.0147002805
33,4.377305,0.9883945,1.801635,-2.0073953,1.5461859,-2.602418,-0.54223853,-0.6071506,-1.0534867,0.42067736,-1.0290904,1.3414879,2.0356812,1.4786773,-1.4546007,0.5041434,0.68284845,1.3093474,1.0719516,-0.23089561,-0.7793643,0.12157372,-0.09794366,-0.82885134,-0.3008986,0.19957307,0.08991972,-0.013575028,0.004203552,-0.07661837,0.2672915,0.36834502,-0.26557517,4.3390956,0.9533837,0.83739114,0.2696786,-0.096339464,-0.45535225,0.14945042,-0.24432948,-0.20113517,-0.9795568,-0.07125684,-0.5482437,-0.17830873,0.12557115,-0.015386766,0.21006171,-0.63015616,0.045573656,0.080332376,0.12549682,-0.12629429,0.21950758,-0.0074545797,0.051711537,-0.32816538,-0.113029286,0.035179734,0.31412446,0.10676831,0.1946018,0.32140732,0.08450809,-0.15527391,0.076651216,0.12569065,0.22683352,-0.21360677,0.015767897,0.21564522,-0.0015046853,-0.17989284,-0.082364604,0.06910145,0.13181072,0.032190956,0.20217972,0.17295319,-0.32838583,0.084779285,-0.10546968,0.036767572,-0.030983036,-0.014121598,-0.12711014,-0.17777617,-0.15672083,-0.080856316,0.10426115,0.18110374,0.15775518,0.09450739,-0.17059223,0.05683302,-0.26250753,0.3499536,0.14224593,-0.012747245,-0.00863719
34,-0.5718167,1.0231879,-0.95921373,-0.38873976,1.2159691,-0.89952695,1.2551829,0.69388056,1.8969727,0.7397739,-1.0319619,-1.1980964,0.7441845,0.5264826,-0.93866074,0.6105075,0.0031213537,-0.5408418,0.22909713,0.29976624,-0.8119921,0.47716928,0.52923614,0.34271437,-0.007486185,-0.4023444,-0.17788388,0.2965024,-0.5080552,-0.19469899,-0.57886493,-0.34221333,0.33204007,0.9533837,2.791256,0.07718075,-0.6060096,0.29480743,-0.05705852,0.39636362,0.72769296,-0.31145668,0.18453056,-0.27752852,0.40850228,-0.14640376,0.011549041,0.03833039,0.29241398,-0.20724928,0.29994774,0.13032317,0.12566775,-0.18152198,-0.05112315,-0.31733304,0.046553448,0.09500711,-0.037969165,0.27185407,-0.14556201,-0.11491084,0.12416666,0.17252535,-0.28153032,-0.047305964,-0.18278843,0.52118707,0.3214844,-0.07312158,-0.13142988,-0.27766824,-0.014529569,-0.39217138,-0.14469346,-0.040152475,0.09191259,0.010402523,-0.083629295,-0.08402327,0.057816353,-0.16877031,-0.12273016,0.13407937,-0.08127637,0.2169267,-0.14846694,-0.042803004,-0.13293967,0.082374066,0.11521296,-0.122430906,0.13145822,-0.05888076,0.12773517,0.15567353,-0.11389109,0.1461102,-0.1416736,0.000992046,0.045966614
