,0,1,2,3,4,5,6,7,8,9,10,11,12,13,14,15,16,17,18,19,20,21,22,23,24,25,26,27,28,29,30,31,32,33,34,35,36,37,38,39,40,41,42,43,44,45,46,47,48,49,50,51,52,53,54,55,56,57,58,59,60,61,62,63,64,65,66,67,68,69,70,71,72,73,74,75,76,77,78,79,80,81,82,83,84,85,86,87,88,89,90,91,92,93,94,95,96,97,98,99,100
0,321.79282,-9.493767,2.6377063,1.8474337,1.9861417,-9.556435,7.601598,2.8863163,-2.961382,2.717894,1.8333204,-4.4711523,-2.8042626,6.2953825,-6.015662,1.4643732,-4.453895,-0.1796821,-4.4927154,-3.7467942,-1.4172992,-6.095353,6.7345195,1.0903479,2.981337,-3.9162188,-3.0124922,0.68841356,3.392819,-1.6066878,1.3859224,-2.037944,-1.7468789,-3.100679,0.80677927,0.05314246,-1.0860466,-1.6760483,1.2353413,-0.0024696756,2.260571,3.5438852,-0.51589423,2.7613134,-1.9148461,-0.19175592,-1.1987066,1.241389,0.96523416,-1.034692,-1.2833652,0.57329947,-0.8035749,0.031704422,0.6023151,1.2892442,-2.7356021,-0.14397264,-0.08699255,-0.99150366,0.15080412,-0.21556985,-1.4165988,-1.9189014,0.44064346,-0.44123828,-1.5571816,-1.1452343,-0.4810571,0.8014307,0.23144323,-0.44518366,-1.0464774,-1.8174884,0.6160265,0.085362956,-0.4940074,-1.0026534,-0.23631197,-0.5442703,0.35405278,0.124906935,0.17635313,0.30032623,0.83160484,0.6027451,-0.24228343,1.5054309,-0.046261266,-0.11621609,-0.091877714,-0.5225868,0.9661579,-0.62417626,-0.08397388,1.0169094,0.44769594,-0.78823173,-0.43520802,-0.33667004,0.23624167
1,-9.493767,101.52859,1.885704,-6.637595,-8.51462,-4.4180765,-6.6862335,-1.4028115,-4.150072,1.6948045,2.5673504,-8.145866,-5.8936443,-1.0437009,3.2992275,0.8040073,-0.42884266,-3.3441634,2.6301157,4.211987,-2.0760508,0.44264817,-0.07458702,-0.7010753,1.7495327,-0.39111233,0.64249027,2.0469923,0.12928295,-2.1937432,1.0185347,-1.8381712,-2.348522,-0.821926,-0.1448558,-1.2868488,2.1851633,-0.2994588,0.20673096,0.55354166,0.38100165,-0.19764245,0.48942605,1.0405374,-0.51444244,0.45026237,-1.6667925,0.14562957,1.3845034,-2.1124225,-1.0547867,-0.3796367,-0.4688409,-0.70423293,0.5009524,0.7260997,-0.30646843,0.5545953,-1.644134,-0.022377025,0.149077,0.71928155,-0.5149946,-0.21506585,-0.81350607,0.22972944,0.087830916,-0.40227342,-0.33669302,-0.26930553,-0.2589924,0.28904545,0.35809672,0.47761953,-0.067141056,0.07238975,0.43992618,-0.43103406,-0.8870412,-0.049008243,0.10706059,0.003376373,-0.3603654,0.27455705,0.1857408,0.440911,-0.20339747,0.090570234,-0.18280374,0.005748283,0.37721592,0.21808365,-0.46255094,0.04526294,-0.017477747,-0.12112977,0.2919366,0.25040334,0.16531882,0.2293557,-0.12805134
2,2.6377063,1.885704,71.661415,7.570893,6.936788,5.440397,-2.2994046,-5.2719183,4.478264,-0.61181635,3.9489732,0.7971685,-3.7281203,-3.8404224,-0.05925327,1.1701202,3.3091798,0.17463018,-2.0792613,-1.6326054,-2.0957747,0.7932012,-2.3137555,2.2791219,-1.6494299,1.3789843,-0.34104276,0.9275173,1.4267573,-1.7932376,-0.7465407,1.2265439,-0.3839872,-1.2355375,0.6730375,-0.30666503,-0.21831673,-0.8736923,-1.6770375,-0.80948967,0.25784087,-1.1485503,-0.56593454,1.1341107,0.7186215,0.40847933,0.98769665,-0.52386343,0.62075543,0.2587054,0.019897915,0.8158621,0.24275708,-2.02471,-0.41347092,0.3118033,-0.9699545,1.1965084,-0.13530883,-0.9768858,0.16431405,0.23562717,0.9570808,-0.15006512,-0.35993105,0.46884325,-0.5660833,0.18685052,-0.14651805,-0.043828003,0.15388358,0.6096262,-0.87828344,0.47939053,-0.05753769,0.17980948,-0.46959737,0.10168572,-0.53677964,0.19026704,0.27569923,-0.10387613,0.045597717,-0.3947897,-0.4030554,1.0209966,0.04233653,-0.29478782,-0.20961103,0.042097658,-0.25477475,0.17799667,0.3164351,-0.1376343,-0.18926698,-0.15396312,-0.20018676,-0.0023380462,-0.6434572,-0.21237648,-0.271968
3,1.8474337,-6.637595,7.570893,75.312836,2.1212773,-7.488968,-6.8814087,-0.7008583,-3.4982243,2.8505764,-0.52857745,-0.8219775,-1.6648202,-0.49540538,-3.485765,1.2738543,1.2442459,0.15250249,2.260023,1.8365033,-0.6263607,-0.45428425,-2.4162993,-0.38403594,2.8322368,0.23899227,1.4102864,1.8458555,0.74431,0.2648782,0.9080317,-0.7826714,2.7869065,1.4059489,0.13482842,-0.11798588,0.36978102,-0.82567334,0.66240025,-0.56817144,-0.2404097,-0.95260227,0.68414164,-0.3060829,-0.02396072,0.548761,-0.8411043,0.4815349,-0.14537314,0.062189773,-0.045946233,0.2768373,-0.28355828,-0.004478386,0.19382966,0.19768584,0.8149284,-0.8175019,-0.441525,0.29921532,0.3706687,0.16718239,-1.1121305,0.5593929,0.016775945,0.23305021,-0.8752134,-0.06592135,0.07494051,0.07297039,-0.020696308,0.06811172,-0.070441484,-0.07919982,-0.67801523,0.018240487,-0.17362878,0.33753186,0.30644715,0.28234375,0.19085933,-0.15022406,0.115921676,-0.24382795,-0.15959612,-0.15947059,-0.18398568,0.16286343,0.3281807,-0.054320864,0.2070542,0.0019435363,-0.06167548,-0.1617055,0.25092652,0.23301804,0.16642392,0.15779081,0.13678762,-0.14561751,-0.0819564
4,1.9861417,-8.51462,6.936788,2.1212773,42.89854,0.010063885,1.3594263,-1.8286507,-4.2766666,-3.910591,-4.1178446,-4.58136,-2.0052571,-1.125555,2.0965302,2.763287,-4.260795,0.3734275,0.45278364,3.0002542,1.4895556,-0.24676391,4.172203,0.06702137,-1.0734563,0.21022075,0.14289129,-1.4808586,0.36024934,0.62737286,2.3351793,1.3557355,-0.0698165,-1.0249053,-0.94937694,-0.5979553,0.67165947,0.39089465,-0.17701814,-0.007976071,0.19860105,-0.53491306,0.092792034,-0.20955046,-0.31717336,-1.3415,-0.66880995,-1.1929632,0.8705777,-0.4189301,-0.15863661,0.40933967,0.3073348,0.007326698,0.26748073,-1.0546522,0.3173737,-0.6638688,-0.32985622,0.5461356,-0.30396932,-0.3635954,0.60316217,-0.46379954,-0.06538886,-0.34897125,1.0063471,-0.2981363,-0.8391337,-0.30282646,0.16874833,-0.12640582,-0.35142523,0.6520051,-0.39367718,1.0300285,-0.2903165,-0.0076733604,0.19019385,-0.19443156,0.2356666,0.16466887,0.4018531,-0.02205304,-0.13373719,0.38020486,-0.14142323,0.07231688,-0.11255789,0.04061179,0.22111738,-0.07522139,-0.09681055,0.0054075276,0.2101295,0.1703735,-0.46637195,0.06811646,0.12598386,0.2058587,0.0008526264
5,-9.556435,-4.4180765,5.440397,-7.488968,0.010063885,37.29765,2.7044764,-3.4962754,-5.083807,-2.445723,-0.42821482,-2.4162612,0.2213636,1.2800789,0.17401472,-0.7173947,2.0493245,1.7521435,0.8316673,-0.098156065,-1.3333201,-0.8500166,-1.2557616,-2.2347083,1.3519448,0.7120589,1.5297182,-1.7953732,1.1815366,-0.02442886,0.8913151,-1.123927,2.1916857,1.7567531,0.69436574,-0.7860178,0.30208915,-1.6714054,0.961815,0.93164885,-0.40646377,0.08426005,-1.2998097,0.69602346,-0.06471223,-0.50367624,-0.5723449,-0.19574398,-0.046490967,0.13263355,0.87223196,-0.5025985,0.5488874,-0.24625665,1.0394952,-0.2715491,-0.054967675,0.22900923,0.43781787,0.18349189,0.19086324,0.4810301,-0.4071015,-0.27942306,0.67360723,0.44228998,-1.0272653,0.28284493,-0.2585609,0.040699996,-0.07355842,-0.251529,-0.12415841,-0.39383236,-0.2515588,-0.12942159,-0.28100753,-0.24506164,-0.6057062,-0.2716323,0.09684713,0.21134394,0.08000314,0.071134776,-0.18418711,0.2845673,-0.25873893,-0.01548582,0.37036222,-0.29167274,-0.18106875,-0.118460216,0.42245755,-0.15688968,0.09666726,0.06250157,-0.043375663,0.1738117,0.18178691,0.1691347,0.24671595
6,7.601598,-6.6862335,-2.2994046,-6.8814087,1.3594263,2.7044764,30.981218,-1.5791676,-3.0699165,3.9326563,1.3269303,0.9663386,-1.7976458,-2.6788702,-0.82166433,0.29426777,-0.48854798,-1.0368237,-0.14228289,0.50251746,1.4004364,-0.22199753,-2.6333165,0.74214506,-0.44460768,0.1820432,0.051615164,-0.37885147,-1.1435428,0.20735657,-1.0843482,1.129921,0.5752592,0.3638982,-0.8326608,-0.3041035,-0.51930296,1.1275444,-0.8560524,-0.7338991,1.2496359,0.06538251,0.11662055,0.23117703,-0.57388866,0.29139474,-1.1112843,-0.07324192,0.5288248,0.53270984,-0.89967805,-0.28328001,0.23726168,-0.7770976,0.21885675,0.1149022,0.27487594,-0.756587,0.060977988,0.16423336,0.20872355,0.39133468,-0.63642037,0.23082544,-0.54676807,0.85849595,-0.5876812,-0.065161735,-0.28143892,-0.21872997,-0.3058318,0.61689156,0.4589312,0.04276643,-0.10824096,0.5173191,0.091223255,0.40383637,0.26045904,-0.35712206,-0.56194556,0.24736673,-0.051603258,-0.38394418,-0.29562178,-0.16670465,-0.42180017,0.10834636,0.051440567,-0.2680714,0.26003826,0.5472238,-0.30016583,-0.097917005,-0.13000882,0.19035962,-0.38192558,-0.05628003,-0.17365578,-0.1260767,-0.07697355
7,2.8863163,-1.4028115,-5.2719183,-0.7008583,-1.8286507,-3.4962754,-1.5791676,26.734097,4.395144,-1.096519,-0.35247582,3.448049,-1.7357731,1.3639784,-0.44423395,1.2619154,0.34186193,-0.27664763,1.6822965,-0.28441405,-0.8971455,-1.370456,-1.1526182,0.96978784,0.23922926,0.6745237,0.22517912,-1.2528441,1.4071927,0.13545735,-0.7224989,-0.31200624,-1.6125592,0.4324836,-0.54092896,-0.23391876,-0.09897977,-1.7248439,-0.5144172,-0.7699324,-0.29129332,-0.49220237,0.039718844,0.48404282,-0.71057343,0.061219335,0.08488618,-0.6375519,-0.11863821,-0.1829218,-0.33925557,-0.71950805,0.46777147,-0.51764345,-0.038772516,-0.59389627,-0.5634477,-0.7288126,0.21073788,-0.060500957,0.41066483,0.45271635,0.2641749,-0.17550752,0.5058708,-0.10489822,0.6139064,0.31598538,-0.20549248,0.30849528,0.061734483,0.5036732,0.24102147,0.2981872,-0.40074217,0.43698964,0.050850004,0.00990405,-0.9394659,-0.17637563,0.39395583,-0.10785796,0.16119072,-0.10139373,-0.3628492,-0.2567008,-0.1356606,0.27059704,0.058524437,-0.07516138,-0.024640754,0.24052073,0.06755759,-0.038696267,0.04180196,0.028754372,0.08131191,0.0051397523,-0.0547233,-5.4698603e-06,0.1287382
8,-2.961382,-4.150072,4.478264,-3.4982243,-4.2766666,-5.083807,-3.0699165,4.395144,25.367926,-0.25815636,-0.3101051,-1.2889109,-0.5888499,1.2117301,1.1834252,-0.87609875,1.1223226,1.7083387,2.159955,0.54923975,2.6045218,-1.2432585,1.2403649,0.18803948,0.6200012,1.2952707,0.49605054,-0.2170566,-0.7319477,-0.8867072,0.8178607,0.05374109,0.6446947,0.7273816,-1.3248963,0.45865214,0.4244603,0.7716286,0.887145,-0.09656909,-1.7762856,0.34651452,-0.6818954,0.80384153,0.2899921,1.4170382,0.014541982,-0.54700637,0.17385669,1.0181466,-0.21968418,0.25773853,0.035448395,0.0147491675,0.38786215,0.46453667,0.022282682,-0.117718995,0.24424243,-0.11791547,-0.35237253,-0.15925568,0.02931333,-0.55750215,0.11767808,0.6598267,-0.3880629,-0.4271685,-0.23283234,-0.052846886,-0.02601587,-0.28828835,-0.16572875,-0.27500516,-0.085048765,0.29311866,-0.24707842,0.048952032,0.2205278,0.10954799,0.015730418,-0.12573624,-0.23202214,-0.06987867,-0.04771053,0.18023446,-0.10923338,-0.42089888,-0.035537228,-0.04953038,0.1195986,0.24442536,-0.029289845,-0.04998692,-0.25267217,0.24842843,-0.049543295,-0.16410312,-0.20614606,0.19377156,0.22361517
9,2.717894,1.6948045,-0.61181635,2.8505764,-3.910591,-2.445723,3.9326563,-1.096519,-0.25815636,29.886803,0.6014531,-1.0299906,0.27167422,-2.199192,0.47992033,0.054177687,0.73939157,-0.32824987,0.56311816,-0.64616656,-0.7719356,0.66271293,0.08082922,0.5915427,-0.2078253,0.3605937,0.20127386,-1.9808888,1.4982021,1.1720173,0.3831448,0.1737735,0.35921097,-0.3307135,-0.3416338,0.6797193,0.9133446,-0.31927997,0.31369013,-0.088459976,-0.6430463,0.7219051,-0.06399402,-0.12195785,0.73518324,-0.26698416,-0.66448313,-0.057116143,-0.39487565,0.9600405,0.23811606,0.34105968,0.045295678,-0.09879477,0.28158498,-0.44796667,0.16313069,0.24831375,0.16891873,-0.25197104,-0.23976249,-0.2111763,0.37868828,0.15411136,0.4329582,0.14164008,0.6564705,0.26389182,-0.1310787,-0.43943945,-0.0063505303,-0.27987668,0.011537325,-0.24140874,-0.09242827,-0.087222055,-0.060232945,0.09876202,-0.27631235,0.214991,-0.06739691,0.22576973,0.0023315852,0.24515265,0.0026989174,0.07476432,0.32815814,0.010275305,-0.06294598,-0.13259378,-0.15495725,-0.033575322,-0.064634845,0.053706385,0.2750898,0.01374447,-0.12674488,0.4271094,0.008783881,0.026226986,-0.028450876
10,1.8333204,2.5673504,3.9489732,-0.52857745,-4.1178446,-0.42821482,1.3269303,-0.35247582,-0.3101051,0.6014531,23.304142,-1.2103109,-0.36543205,1.2766027,-1.2504628,0.026869535,0.90819466,0.28681284,1.7207468,2.8659093,0.9460101,-0.7894444,0.55237186,0.568648,-2.1412537,0.4355204,0.07562308,-0.38604283,-0.48022625,0.1505109,-0.23804013,-0.037697256,-0.05989004,0.69246083,0.74490297,-0.045589585,-0.17509001,0.1970905,-0.57403415,0.44122225,-0.22105666,-0.99123704,-0.2628763,0.33011308,-0.95289373,-0.8799081,-0.007948173,0.36819792,-0.43847787,-0.11646819,-1.0424302,-0.36765027,0.041881636,0.63680714,-0.72768146,-0.5639832,0.7010162,-0.16383585,0.052713707,-0.081568286,-0.18799838,0.386397,-0.060724847,-0.15945268,0.15665773,0.3433151,0.26948833,-0.08564958,0.23226807,-0.092004865,-0.06737663,-0.26868528,-0.42012268,0.16000864,0.15744078,-0.19197181,-0.06267008,0.26739675,0.20141381,0.28972843,-0.017920919,-0.14776453,-0.05687383,0.08692475,0.009763892,0.08898963,0.0017483933,0.036641166,0.106919914,0.21812078,0.038032424,-0.072296366,0.22301644,0.12706304,0.054441195,0.09474222,-0.058303498,-0.25028777,-0.28874385,-0.068496704,0.052036177
11,-4.4711523,-8.145866,0.7971685,-0.8219775,-4.58136,-2.4162612,0.9663386,3.448049,-1.2889109,-1.0299906,-1.2103109,19.89414,-1.3475618,-1.598989,-0.94776,0.6349008,1.018763,-1.8192394,1.7553954,0.70490116,1.1200486,0.37288454,1.0902077,-0.22195324,1.5443957,-1.1565793,1.3923836,-0.29322696,-0.07242143,0.58569443,-0.78679454,0.7294196,0.05529438,-0.94065034,0.9097824,-0.64980006,0.24776259,-0.22421753,0.1582486,0.96842134,0.29139066,0.058331095,-0.12292211,-0.16538733,-0.17940202,-0.45715094,-0.13067535,0.18693346,0.0016060353,0.100151554,0.036401495,-0.5841979,-0.48659718,-0.5024351,0.33694607,0.34007603,0.080185845,0.66911995,-0.036697984,-0.08478485,-0.29927108,0.05441449,-0.15826891,0.40034747,-0.4090473,0.21512757,0.16576603,0.31112432,-0.1987926,0.027112637,0.1724034,-0.10216002,-0.19979359,-0.008511279,0.04605329,-0.23003566,-0.041654736,-0.23010737,-0.37052894,-0.18063316,0.035109412,0.29906094,-0.18936247,0.18322864,-0.09617684,0.09099289,0.22667073,-0.22128567,-0.101712495,0.23705374,0.4009049,-0.21752477,0.17853166,-0.05977835,-0.09864615,0.04940228,0.065173924,-0.1576808,-0.14490491,-0.17459884,-0.28236613
12,-2.8042626,-5.8936443,-3.7281203,-1.6648202,-2.0052571,0.2213636,-1.7976458,-1.7357731,-0.5888499,0.27167422,-0.36543205,-1.3475618,20.832357,0.30063868,1.3482893,2.2912323,0.73071647,1.1393125,0.7852216,1.0425687,-0.526163,-0.20935297,-1.4104974,0.4042079,0.9408865,0.63892365,0.030063953,0.15422109,-0.44299465,0.07733349,1.147136,0.40166867,-0.06383985,-1.410991,-0.43178254,-0.47760707,-0.77294517,-1.0481441,-0.020604264,-0.14040482,0.50338197,-1.0343566,0.23346788,-0.42497772,-0.24621034,0.027999684,-0.062926926,-0.23853183,-0.27546114,0.5119084,-0.75664294,-0.2346841,0.12377474,-0.8671577,0.076745726,0.51941884,-0.24871443,-0.37874618,-0.1285736,-0.28634012,-0.60622644,0.24627358,0.29243273,-0.27995837,-0.029029682,-0.12264942,0.21439718,0.21554849,0.3952248,-0.3258472,0.09270536,-0.019423615,-0.09334315,0.19833663,0.16897136,-0.011752956,0.03816117,-0.10083099,0.15255107,-0.051131167,-0.13433747,0.2141454,0.07124646,0.11284127,0.10110864,0.08946329,0.20054075,0.047454193,0.1204766,0.016566046,-0.20380147,-0.13064997,0.06880189,-0.22588557,-0.054143954,0.23461549,0.21789914,-0.23974831,-0.108106196,0.11779602,0.14462954
13,6.2953825,-1.0437009,-3.8404224,-0.49540538,-1.125555,1.2800789,-2.6788702,1.3639784,1.2117301,-2.199192,1.2766027,-1.598989,0.30063868,16.207182,0.96003926,1.3188397,-0.71423674,-0.06610029,-1.2021127,-0.32319558,0.21362126,0.080527216,-1.2978833,0.8264389,-0.23062935,0.053251572,0.66329664,0.87401104,1.1789378,0.1439442,-0.55574733,0.7802521,0.27615803,-1.0373069,-0.2572161,-0.016481977,1.0933253,0.58828825,0.15167907,-0.121042475,0.12758261,-0.5831609,-0.21974836,-0.41625452,0.47276646,-0.64873606,-0.8059025,0.4864903,-0.4027943,0.29680884,0.18594868,0.07031592,-0.29522794,0.44052127,-0.07918437,0.41889656,0.09603217,-0.02166216,-0.31827545,0.09539388,0.048509263,0.2774709,0.72888505,0.15522248,0.4153927,0.46628773,-0.42987272,0.2533111,-0.061707087,-0.2679267,-0.0013078332,-0.11366729,0.20683604,0.15729396,-0.1291609,-0.09505038,-0.31926435,0.20154089,0.04639855,-0.14496018,0.24792413,0.06263445,-0.02834576,0.03636652,-0.13209888,0.13415444,-0.005522714,-0.19419616,-0.19336855,-0.034944057,0.30371672,-0.037531823,0.14675257,-0.18279263,0.1052347,-0.06546271,-0.045354877,0.27523512,0.11588876,-0.054499365,0.11790808
14,-6.015662,3.2992275,-0.05925327,-3.485765,2.0965302,0.17401472,-0.82166433,-0.44423395,1.1834252,0.47992033,-1.2504628,-0.94776,1.3482893,0.96003926,13.720968,0.89031243,-0.23205826,-0.33360374,0.72714674,0.027500011,0.2926475,-0.024786523,0.697171,1.1290061,0.06911217,0.17292261,0.46430126,-0.09621593,1.8090557,0.5795113,0.56893593,-0.22020414,-0.11091824,1.0033543,0.60498536,0.33011132,0.08593293,-0.34286317,-0.075274676,0.48668814,0.89909214,0.16881981,0.61558557,0.23119569,-0.17600484,0.41847664,0.28815222,0.43041724,0.059824284,-0.108671755,-0.54582316,-0.085412234,-0.8148847,-0.01555096,-0.12034506,0.22215702,0.17629746,-0.26437402,-0.1902692,-0.08369239,0.12245554,0.13545802,-0.6211867,0.55818504,0.13577816,-0.087634265,-0.16386913,0.098747954,0.11516854,0.46038222,0.4430322,0.10045141,-0.354521,-0.24226454,-0.035239495,0.060142986,-0.32782263,-0.11301759,0.5686977,0.0305149,-0.22022778,0.10821454,0.13219655,-0.16403168,-0.12004751,0.06986846,0.10079587,-0.041025966,-0.14866084,0.012700336,0.13894564,0.1789568,0.078667425,0.015470469,0.132822,-0.022912689,0.12694556,0.015746064,-0.07157076,-0.29399994,-0.011278374
15,1.4643732,0.8040073,1.1701202,1.2738543,2.763287,-0.7173947,0.29426777,1.2619154,-0.87609875,0.054177687,0.026869535,0.6349008,2.2912323,1.3188397,0.89031243,12.726572,1.5657673,-0.41501904,-1.5922756,-0.98280734,0.7100135,1.822601,-1.3015536,-0.18860617,-0.40258813,0.09302968,-0.08766256,-0.17128861,-0.41512954,-0.24749878,-0.0062154466,-0.08018468,0.38100544,-0.34340578,-0.4207864,-0.05799243,-0.12887202,-0.13666072,0.45896026,1.2398288,-1.4731237,0.9109503,0.4274177,0.49815458,-0.36041665,0.09513655,-0.119559675,0.49596506,0.2681473,-0.29606736,0.13273622,-0.294591,-0.23727657,-0.16724223,0.16013551,-0.41864085,-0.10283928,0.18884882,0.21786186,-0.13904563,-0.15800762,0.034587942,-0.19275711,-0.17013878,-0.7132914,-0.08467413,0.23278072,0.20509756,-0.31055278,0.023939054,0.13932537,-0.083914004,0.1356147,0.26935035,-0.21685478,0.20217314,-0.006747633,0.20749508,-0.15188703,-0.16091207,-0.07980904,0.11062713,0.13587555,-0.016341105,0.3465088,0.2531967,-0.16864075,-0.14370546,-0.16072758,-0.20245506,0.08336572,0.03502587,-0.100921504,0.1938622,0.05738521,0.09480043,0.2058241,-0.066069715,-0.26429307,0.033485733,0.14816314
16,-4.453895,-0.42884266,3.3091798,1.2442459,-4.260795,2.0493245,-0.48854798,0.34186193,1.1223226,0.73939157,0.90819466,1.018763,0.73071647,-0.71423674,-0.23205826,1.5657673,11.461953,-2.3219385,0.6290349,-0.95993936,0.46409458,-0.57283413,0.623093,0.0577289,-0.14809507,-0.17219533,-0.12188175,0.9481063,0.059039734,0.6774603,0.356415,-0.22134992,-0.2921135,-0.42876285,-0.14466003,0.4310829,-0.577057,0.45657146,-0.21527502,0.1834974,0.7140793,0.02569402,0.45196807,1.0497863,1.0074135,-0.073645264,-0.35752386,-0.49031866,0.49726772,-0.10463515,-0.046709202,0.19484796,0.58035314,0.18212311,0.055390432,-0.20276189,-0.25179654,-0.18119088,0.04245146,0.056916595,0.2575177,-0.045629606,0.099732466,-0.29681247,0.06666005,-0.10740642,0.24248494,0.10225095,-0.3347829,0.34598836,0.049947552,-0.21854392,0.061841093,-0.054335225,-0.022712227,-0.15350753,-0.14695483,-0.21046567,0.39185187,-0.17772219,-0.15607283,0.17492028,0.027997188,-0.21894705,-0.022513129,0.08498059,0.019759577,0.22698516,-0.20122617,-0.22945195,0.015381868,-0.11957766,0.1499804,0.106341615,0.10756102,0.1267915,-0.031086406,0.08797628,0.25119126,0.06913029,0.10185079
17,-0.1796821,-3.3441634,0.17463018,0.15250249,0.3734275,1.7521435,-1.0368237,-0.27664763,1.7083387,-0.32824987,0.28681284,-1.8192394,1.1393125,-0.06610029,-0.33360374,-0.41501904,-2.3219385,11.624669,1.3374628,0.49750173,0.2664366,0.93856955,0.40015495,-0.3487027,0.50554544,-0.9689417,0.56151927,-0.20967682,-0.40597123,-0.30670655,-0.6310734,0.36997116,0.62926316,-0.88351506,0.32795882,-0.34851575,-0.2326222,0.3814578,0.47560018,-0.43610227,0.4629659,0.46225107,0.09266348,0.6483593,0.5284668,-0.009677742,-0.347833,-0.5334537,0.3108445,-0.3353448,-0.3224988,-0.25268942,0.007168092,-0.22099227,-0.37760663,0.20088348,-0.40563506,0.35274625,-0.027372256,-0.14985803,-0.07779784,0.17916675,-0.42663914,-0.21568635,-0.10616025,0.1836561,0.24554318,0.32039773,-0.02201658,0.052846,0.07799397,0.12422465,-0.0014890775,-0.03906706,0.18444514,-0.16294745,0.35556722,0.17126122,-0.10064617,0.4016872,0.024726307,-0.22224456,-0.08320126,-0.117848486,-0.039066046,0.019649241,0.11054458,-0.097587794,-0.025720056,-0.13341865,-0.21176983,-0.31700385,-0.15307318,0.19387504,0.0051319785,-0.14881349,-0.05205332,0.17542061,0.08340664,-0.17077938,-0.012974273
18,-4.4927154,2.6301157,-2.0792613,2.260023,0.45278364,0.8316673,-0.14228289,1.6822965,2.159955,0.56311816,1.7207468,1.7553954,0.7852216,-1.2021127,0.72714674,-1.5922756,0.6290349,1.3374628,9.367197,-0.6612499,0.5116333,0.10768947,-0.13485456,-1.3450611,0.12151737,-0.016427308,-0.30977222,-0.27780002,0.48375252,0.14764228,-0.3118511,0.21233317,0.21674249,-0.7190324,-0.2067685,-0.745813,0.36870146,0.5457365,-0.03262426,0.21118242,-0.21256167,-0.0064939004,-0.23048209,0.23774892,-0.17852464,-0.86027837,-0.20387389,0.5785369,0.6999314,-0.19919248,-0.13583349,0.33962947,-0.45486024,-0.15681997,0.007993852,0.03677439,-0.2474366,-0.06950833,-0.05357919,0.6032594,-0.028758818,0.09041825,0.36984026,-0.13825145,0.002089561,-0.105327375,-0.34829432,-0.055750854,-0.04451969,-0.002511295,-0.17738529,0.09393239,-0.23234579,-0.26233613,-0.055937212,0.2606197,0.14193398,-0.0876257,0.29183245,-0.1550004,0.020534169,-0.06397018,0.19773066,0.016862448,0.09670052,-0.007744408,-0.06585507,0.1608322,0.058970153,-0.20289595,0.13311872,-0.0108597595,0.061953925,0.025840338,0.047249228,0.12809378,-0.031113848,-0.03555832,-0.08340876,0.13331877,-0.13756086
19,-3.7467942,4.211987,-1.6326054,1.8365033,3.0002542,-0.098156065,0.50251746,-0.28441405,0.54923975,-0.64616656,2.8659093,0.70490116,1.0425687,-0.32319558,0.027500011,-0.98280734,-0.95993936,0.49750173,-0.6612499,9.718649,0.33691317,0.2166364,0.91878235,0.44440293,1.0075142,-0.38707778,0.70414054,-0.014193831,0.23812598,1.157911,0.13892382,0.7663448,-0.17123935,0.14527774,-0.1577428,0.13557476,-0.7754977,-0.04555303,-0.47636777,-0.29790965,-0.59852767,0.92687005,-0.2321676,0.33472168,0.34820336,0.15410802,-0.24574445,0.32703528,0.1974164,0.0894777,0.11686468,0.05479002,0.3899696,-0.23678148,0.1484401,0.084210545,-0.36733395,-0.17163011,0.2993263,-0.38458586,0.17460144,0.14630008,-0.067749426,0.26347703,0.18373972,0.247486,0.21130703,0.2529303,0.04063302,0.012736071,0.18588051,-0.0038797462,0.25120136,-0.0452263,0.19791093,-0.04838191,-0.3399258,-0.08392987,-0.07347049,-0.024618577,0.21738115,0.41341543,0.30850965,-0.111928895,-0.11131989,-0.11162861,-0.18823195,-0.09544042,-0.113292366,0.13906077,0.17429768,-0.04570487,-0.013932383,-0.022453457,-0.17181225,0.200356,0.007141552,-0.031222302,0.103977606,0.0036373625,0.03505062
20,-1.4172992,-2.0760508,-2.0957747,-0.6263607,1.4895556,-1.3333201,1.4004364,-0.8971455,2.6045218,-0.7719356,0.9460101,1.1200486,-0.526163,0.21362126,0.2926475,0.7100135,0.46409458,0.2664366,0.5116333,0.33691317,9.857491,0.18094343,-0.7308402,-0.06868559,0.094809,-0.50130516,-0.41878283,0.25775328,-0.06214013,-0.45519108,0.8988456,-0.96840084,0.0025050947,0.5084316,0.6453949,-0.41867596,1.0503246,-0.73100466,-0.038357846,-0.36505127,0.5255295,0.5215592,0.19412878,0.03680259,0.12357855,0.6005949,-0.6018388,0.5978503,-0.4658317,-0.05033826,0.44638318,0.27005103,0.15999362,0.039689746,0.24549212,-0.24209858,0.20089407,0.10070878,-0.42769524,-0.102176756,0.010206284,0.4046986,0.075288236,-0.23204741,-0.09271293,-0.10895099,0.119188964,0.20555007,0.11957662,0.06273616,-0.14249498,0.042557538,0.33680618,0.1311862,0.10803118,0.19873407,0.0824307,-0.024845881,0.1420316,0.22555113,-0.06396447,-0.08972248,-0.09449491,0.05876212,0.21133077,0.16439605,-0.16319188,0.038358923,-0.034901887,-0.23196849,-0.19846037,-0.026069699,0.12318891,0.060833327,-0.048122846,0.1179468,-0.34593022,-0.011987576,0.110781506,-0.1711235,-0.119653806
21,-6.095353,0.44264817,0.7932012,-0.45428425,-0.24676391,-0.8500166,-0.22199753,-1.370456,-1.2432585,0.66271293,-0.7894444,0.37288454,-0.20935297,0.080527216,-0.024786523,1.822601,-0.57283413,0.93856955,0.10768947,0.2166364,0.18094343,9.016313,0.29637763,0.973529,0.29318088,0.60809815,0.47291827,0.68673515,-0.62020373,-0.29707998,-0.3570947,-0.025518712,-0.65306985,-0.045906316,-0.466277,0.9919449,0.074040905,-0.06053102,0.35790706,0.32657403,-0.102642685,-0.05919774,-0.15769875,0.053250335,0.020131074,-0.75925124,-0.07153115,0.33088142,-0.04519682,-0.39209816,0.07565227,0.523561,-0.0058566555,0.12561844,0.048496477,-0.18707538,-0.14331722,-0.53324187,0.41481137,-0.13625172,-0.35197788,0.24314128,0.1072177,-0.0016080091,0.033485427,0.16269222,-0.3199404,-0.30636835,-0.2390095,0.32824206,-0.09505725,0.01581285,0.064340115,-0.4375944,0.3489157,-0.043827143,0.15168123,0.03145831,-0.19452882,0.20057926,0.43260887,0.09506217,-0.024302196,-0.06810638,0.07682074,-0.10034895,-0.12056245,0.119505525,0.08806974,-0.13694558,0.04769927,0.15428121,0.006351241,-0.32118297,-0.037005283,-0.0055329273,-0.06691396,-0.08302511,-0.11901343,-0.067870885,-0.10960308
22,6.7345195,-0.07458702,-2.3137555,-2.4162993,4.172203,-1.2557616,-2.6333165,-1.1526182,1.2403649,0.08082922,0.55237186,1.0902077,-1.4104974,-1.2978833,0.697171,-1.3015536,0.623093,0.40015495,-0.13485456,0.91878235,-0.7308402,0.29637763,7.824438,-0.711212,0.00970037,1.5175638,-0.23629458,0.34770167,0.688449,0.102069356,0.004644622,-0.38186675,0.15862001,0.0690392,-0.3696673,0.33498657,-0.10569818,-0.6326291,0.18262267,0.23360209,0.36162385,-0.5262606,0.034372687,-0.1599609,0.66696787,-0.3933875,-0.2637617,0.7181418,-0.23316476,0.089820705,-0.19860877,0.10183937,0.19414392,-0.37976968,0.2786185,0.040086567,0.04992662,-0.11385746,0.090454355,0.19833487,-0.12933517,0.022184916,-0.06798138,-0.08789019,-0.12078069,-0.2252006,0.34162992,0.0060260077,-0.020487532,0.30781627,-0.19462684,-0.37847596,-0.18857354,-0.0075727766,-0.053141356,-0.096009046,-0.059370443,0.20356846,0.02688823,-0.12996584,-0.0703434,0.13010922,-0.20039225,-0.11404611,-0.07347098,-0.099603415,0.08943602,-0.14093907,0.097808614,-0.013700578,-0.12266533,-0.18284528,-0.08990487,-0.089882694,-0.014031528,0.0064986125,-0.06549354,-0.10492073,-0.039340526,0.060581297,0.035140775
23,1.0903479,-0.7010753,2.2791219,-0.38403594,0.06702137,-2.2347083,0.74214506,0.96978784,0.18803948,0.5915427,0.568648,-0.22195324,0.4042079,0.8264389,1.1290061,-0.18860617,0.0577289,-0.3487027,-1.3450611,0.44440293,-0.06868559,0.973529,-0.711212,7.281033,0.53095925,0.7917421,0.30219918,-0.13900355,-0.8777002,0.2709428,-0.061117098,0.03679801,-0.25633192,0.58598286,-0.30866706,0.012004901,-0.026860554,0.14457276,0.24414252,-0.31395623,0.39926785,-0.45722416,-0.4631325,0.22108963,-0.07279685,0.031136267,0.040768355,-0.38810587,-0.1438919,0.15662646,-0.13439643,0.019217612,-0.09904022,0.27778643,0.31329873,-0.16365233,-0.5271239,0.06945507,-0.4710648,-0.054393448,0.36553198,-0.41708964,0.1412259,0.20218098,0.14702456,-0.16649438,0.036434826,-0.24946456,0.07257168,-0.09254791,-0.22338599,-0.025080692,-0.068739586,0.17173511,0.059756093,-0.12890851,-0.016312314,-0.058904584,-0.078063905,0.044222623,-0.2360612,0.11661367,0.095460534,0.1649219,-0.055145644,-0.12673911,-0.27110982,-0.039129365,0.07729828,-0.009685309,-0.15328687,-0.21340555,0.011842209,0.07416194,-0.0053468226,0.11552945,-0.035056286,0.117730886,-0.062138207,-0.21231687,-0.12410194
24,2.981337,1.7495327,-1.6494299,2.8322368,-1.0734563,1.3519448,-0.44460768,0.23922926,0.6200012,-0.2078253,-2.1412537,1.5443957,0.9408865,-0.23062935,0.06911217,-0.40258813,-0.14809507,0.50554544,0.12151737,1.0075142,0.094809,0.29318088,0.00970037,0.53095925,7.217655,0.06994037,-0.4112996,0.14488998,0.33398664,-0.8618724,-0.24571761,0.019953802,-0.16844197,0.1750668,0.1202818,0.09954516,-0.025076535,0.29774025,-0.010645857,0.60751724,0.11307879,0.07715027,-0.33152515,0.30174142,0.37201104,-0.24835464,0.20060615,-0.34231168,-0.47167802,0.20336404,-0.006141212,-0.05888959,0.28823572,0.04842336,-0.13455045,-0.2942615,0.3305902,-0.22703663,-0.22777894,-0.3190591,0.0979778,0.27356148,0.19283822,-0.17901546,-0.13724601,0.09028107,-0.1681779,-0.22088805,-0.21363002,-0.15681258,0.018108495,0.20985544,-0.29030672,-0.055561565,-0.12194872,0.047556147,-0.0049690614,-0.027642252,-0.0949785,-0.00889148,-0.4954491,-0.0028832606,0.043228913,0.05123347,-0.046252675,0.18485737,0.18741232,0.03344337,-0.11416139,0.015757177,-0.051650736,0.0063371034,-0.12657127,-0.08199313,0.12470402,-0.065957375,-0.15278505,-0.1265043,0.058101997,0.08142652,0.022187196
25,-3.9162188,-0.39111233,1.3789843,0.23899227,0.21022075,0.7120589,0.1820432,0.6745237,1.2952707,0.3605937,0.4355204,-1.1565793,0.63892365,0.053251572,0.17292261,0.09302968,-0.17219533,-0.9689417,-0.016427308,-0.38707778,-0.50130516,0.60809815,1.5175638,0.7917421,0.06994037,7.6608634,0.0636996,-0.08790329,-0.16201699,-0.2812732,-0.1501612,0.116929844,0.48435336,-0.1539135,0.3412825,-0.25639552,0.032863546,0.105490975,-0.36800766,-0.15627149,-0.11417776,0.78164405,0.06375249,-0.1937756,-0.4558311,-0.089238524,0.018019576,-0.17512035,-0.087569706,-0.43585116,0.29356724,0.005864742,0.08918655,-0.3930287,0.20694718,0.19518402,0.06000883,0.01786567,-0.32989985,0.23120868,-0.15025383,0.16032052,0.050661284,-0.2841739,0.15325129,-0.03371103,-0.03684119,-0.014913203,0.09977226,0.012657968,0.0468466,0.14454676,0.09205919,0.0742178,-0.13160503,-0.21766388,0.03538409,0.13123885,-0.060958337,-0.16381443,-0.06900319,-0.07124512,-0.13982058,0.032499954,0.017902458,-0.14493257,-0.12317178,0.08360496,0.09775026,-0.112524316,0.0073230322,-0.124942064,0.048531417,-0.087237895,-0.0058294246,-0.033274963,-0.0199646,-0.09330203,0.07042359,-0.071934104,-0.13666138
26,-3.0124922,0.64249027,-0.34104276,1.4102864,0.14289129,1.5297182,0.051615164,0.22517912,0.49605054,0.20127386,0.07562308,1.3923836,0.030063953,0.66329664,0.46430126,-0.08766256,-0.12188175,0.56151927,-0.30977222,0.70414054,-0.41878283,0.47291827,-0.23629458,0.30219918,-0.4112996,0.0636996,6.8918304,0.08145802,0.7160047,-0.6135438,0.14671212,-0.21322516,0.054752387,-0.058288418,0.10963313,0.5478621,-0.056163967,0.08779514,-0.11449808,-0.094433516,0.39969978,0.36485958,0.09590659,-0.55481154,-0.40934443,-0.05488959,0.30887842,-0.34010744,0.018129759,0.16971385,0.018679596,-0.003442219,0.12938657,-0.1071863,-0.0770839,0.047318608,-0.07376584,-0.075617835,0.09770173,0.06430171,0.29361963,-0.2914477,-0.22462668,-0.3062913,-0.11200434,-0.009633147,-0.08388083,-0.10969737,0.07587377,0.045098767,0.02927149,-0.18424957,0.14129962,0.07348929,-0.05683433,0.08025797,-0.06957476,-0.25552088,0.03178227,-0.011842493,-0.009840669,-0.1541925,-0.24347478,0.2722282,-0.037130915,0.036700524,-0.073038146,0.2915849,-0.109204754,0.13167521,-0.06519968,0.010592707,0.01837964,0.00830089,-0.15247583,0.2986056,-0.0030417908,-0.036853664,0.06213697,0.079466745,0.10843688
27,0.68841356,2.0469923,0.9275173,1.8458555,-1.4808586,-1.7953732,-0.37885147,-1.2528441,-0.2170566,-1.9808888,-0.38604283,-0.29322696,0.15422109,0.87401104,-0.09621593,-0.17128861,0.9481063,-0.20967682,-0.27780002,-0.014193831,0.25775328,0.68673515,0.34770167,-0.13900355,0.14488998,-0.08790329,0.08145802,6.000966,-0.014767397,-0.39249682,-0.3481956,0.5690314,0.25317618,0.0004543633,-0.16922206,-0.4541995,0.63308847,0.11452104,0.07546994,-0.21345085,0.33367538,0.6109427,0.3143202,0.0076759346,-0.10984228,-0.22774324,-0.036510497,-0.22696236,0.1579456,0.2793731,-0.21411373,-0.29770052,0.29431003,-0.20648995,0.42371178,-0.080961436,-0.044823103,-0.15333813,0.49787688,0.4003803,0.087266505,-0.07052213,-0.1739774,0.1811244,0.16075593,0.036075737,0.23732741,0.2411699,0.021622662,-0.24441296,0.045229703,-0.058122158,-0.0069699483,-0.17990184,0.43222517,-0.0053051836,0.00770164,-0.04356793,-0.015312456,-0.14781767,-0.12241896,0.0410656,-0.01754133,-0.020438768,-0.025652736,-0.08356084,0.0848714,0.018845338,0.06966403,-0.004456434,-0.13518873,-0.034799032,0.026569284,0.023269821,-0.10490836,-0.10420498,-0.119919,0.0045162924,-0.14459881,-0.083630815,-0.014053645
28,3.392819,0.12928295,1.4267573,0.74431,0.36024934,1.1815366,-1.1435428,1.4071927,-0.7319477,1.4982021,-0.48022625,-0.07242143,-0.44299465,1.1789378,1.8090557,-0.41512954,0.059039734,-0.40597123,0.48375252,0.23812598,-0.06214013,-0.62020373,0.688449,-0.8777002,0.33398664,-0.16201699,0.7160047,-0.014767397,4.9009595,0.47720468,-0.55406475,-0.14699593,0.62972516,-0.00059081765,0.33843535,-0.058171656,-0.3094869,-0.06113656,-0.38354105,0.30090082,0.013552748,-0.30128145,-0.057761587,0.26639032,-0.35818532,0.40669164,-0.105610535,-0.26089817,-0.41348103,-0.35229373,0.31669855,0.02959615,0.38210353,-0.029729504,-0.033067025,-0.044557866,-0.1759631,-0.2373504,0.10327649,-0.07010148,-0.1608756,-0.07025057,0.39304042,0.2315312,-0.06463414,0.041619025,-0.12426263,0.30741632,-0.021927029,0.15380841,-0.17486793,0.039584607,0.23330344,0.049557235,0.31011766,0.05539406,0.10196607,0.22775275,0.04538218,-0.24869515,0.020183584,-0.015513474,-0.16327792,-0.019565787,0.121488065,-0.062115956,-0.041001253,0.01228226,-0.05663649,0.090973884,-0.11786516,0.048691176,-0.082200356,0.03733833,-0.020204514,-0.061687045,-0.038169987,-0.042514917,-0.08040207,0.053364046,-0.12036921
29,-1.6066878,-2.1937432,-1.7932376,0.2648782,0.62737286,-0.02442886,0.20735657,0.13545735,-0.8867072,1.1720173,0.1505109,0.58569443,0.07733349,0.1439442,0.5795113,-0.24749878,0.6774603,-0.30670655,0.14764228,1.157911,-0.45519108,-0.29707998,0.102069356,0.2709428,-0.8618724,-0.2812732,-0.6135438,-0.39249682,0.47720468,4.956812,-0.027509531,0.3187836,-0.17064622,0.06511344,0.084802546,0.47534436,0.22286835,-0.27887785,-0.056533378,0.01018584,0.011033213,0.27621982,0.31905952,0.16905764,0.123446375,0.18829352,0.24572162,-0.35403526,-0.17260283,-0.18887943,-0.027471844,0.004661941,-0.13866982,-0.18068627,0.27996463,-0.026105624,-0.32429072,-0.117648,-0.2578501,0.14209786,0.15831137,0.1590402,-0.35128447,-0.03955423,-0.30186895,0.13734967,-0.28491497,-0.17576566,0.11007491,-0.29947522,0.06362752,-0.059022747,-0.16273451,-0.033142395,0.13206574,-0.12564576,0.24441257,-0.044871602,-0.08666416,0.025225636,0.22702762,-0.2447343,-0.002904707,-0.16214079,0.07935494,0.11116356,-0.09322495,-0.17364538,-0.021680929,0.028315376,0.05527507,-0.26172745,-0.0636653,-0.016650911,-0.07706881,-0.0068674237,0.0065366644,0.03704181,-0.030668847,0.10018581,-0.017425973
30,1.3859224,1.0185347,-0.7465407,0.9080317,2.3351793,0.8913151,-1.0843482,-0.7224989,0.8178607,0.3831448,-0.23804013,-0.78679454,1.147136,-0.55574733,0.56893593,-0.0062154466,0.356415,-0.6310734,-0.3118511,0.13892382,0.8988456,-0.3570947,0.004644622,-0.061117098,-0.24571761,-0.1501612,0.14671212,-0.3481956,-0.55406475,-0.027509531,4.9358253,-0.04736269,-0.07461409,-0.18565337,0.4070105,-0.10618595,0.0587063,-0.13265926,0.47729197,-0.039596476,0.60676485,-0.26993287,-0.2784608,0.6644454,0.17658919,-0.2973867,0.0031773779,-0.026892096,-0.37052876,0.118697144,0.16817966,-0.30240375,0.1194617,0.18199578,-0.3382092,0.023326753,0.03412488,-0.24474429,0.209317,0.13188264,-0.072767586,-0.13159208,0.036614478,0.08544752,0.124176905,0.11466254,-0.06738503,-0.021938615,-0.027714014,0.02773643,-0.010486176,-0.0077007646,0.21848187,-0.19378075,0.16720635,-0.01663212,0.012471426,-0.010947866,-0.28939578,0.05255319,-0.058156062,-0.17628846,-0.039802782,0.04138603,0.123450905,-0.059912615,0.0868074,0.022289366,-0.09727562,-0.020727787,0.28443006,-0.015047273,-0.0063877306,0.0251791,-0.057301693,0.11971989,0.13681811,0.026488014,-0.10061309,0.0082929935,-0.097292766
31,-2.037944,-1.8381712,1.2265439,-0.7826714,1.3557355,-1.123927,1.129921,-0.31200624,0.05374109,0.1737735,-0.037697256,0.7294196,0.40166867,0.7802521,-0.22020414,-0.08018468,-0.22134992,0.36997116,0.21233317,0.7663448,-0.96840084,-0.025518712,-0.38186675,0.03679801,0.019953802,0.116929844,-0.21322516,0.5690314,-0.14699593,0.3187836,-0.04736269,5.334794,-0.19958097,-0.27958858,0.33938548,-0.037214994,0.6607101,0.17206405,0.038204677,0.26380035,-0.16107291,0.055870228,0.46008825,0.4327609,0.4021868,0.33812022,0.33725336,0.22425403,0.17801498,-0.07851057,-0.14456166,0.026943207,0.15435155,0.06527713,-0.4039639,0.039921142,0.18748432,0.11675447,-0.14353523,0.23777542,-0.16316614,-0.05210824,0.04324575,0.04205177,0.25652745,-0.11865267,-0.12611628,-0.053126752,-0.00057042355,0.033926092,-0.26792905,-0.22601573,0.21027651,-0.104789995,0.007949049,0.07504222,-0.107029684,-0.1483616,-0.14648703,-0.05167173,-0.05128262,-0.030536022,-0.19147031,0.038469568,-0.08258851,0.14121723,-0.07407686,0.14321798,0.07767744,-0.00034630857,-0.09027836,0.070633925,0.019132566,0.1517961,0.06683179,0.014798816,0.12326321,-0.10161615,0.0041386737,0.023319617,-0.04193648
32,-1.7468789,-2.348522,-0.3839872,2.7869065,-0.0698165,2.1916857,0.5752592,-1.6125592,0.6446947,0.35921097,-0.05989004,0.05529438,-0.06383985,0.27615803,-0.11091824,0.38100544,-0.2921135,0.62926316,0.21674249,-0.17123935,0.0025050947,-0.65306985,0.15862001,-0.25633192,-0.16844197,0.48435336,0.054752387,0.25317618,0.62972516,-0.17064622,-0.07461409,-0.19958097,3.0688179,0.1648698,-0.16428562,-0.22005951,-0.123001814,0.060493864,-0.22650489,0.110713944,0.10015702,-0.09624989,0.135299,0.086001776,-0.24737379,0.09551513,0.020681541,0.33893394,0.17668876,-0.03370426,-0.13057727,-0.31892514,-0.314081,0.2557333,0.016642924,0.02633709,-0.22058769,0.089371696,-0.13598177,-0.09109634,-0.08985181,-0.17508252,0.17619321,-0.1694974,-0.2527238,0.012653083,-0.01753286,0.00458617,-0.20796213,-0.05775452,0.03366366,-0.28612304,0.09043594,-0.14618447,0.035472732,-0.1566892,0.059929572,-0.09861893,-0.12207861,-0.13328056,-0.18736254,0.016053721,-0.032304384,0.12512793,0.071922675,-0.15264577,-0.012085376,-0.25329387,0.02787121,0.06855507,0.05887273,0.13166618,-0.082743265,0.1280021,-0.07222758,-0.025962152,-0.121410966,-0.011219144,0.06551095,-0.06876547,-0.0025228304
33,-3.100679,-0.821926,-1.2355375,1.4059489,-1.0249053,1.7567531,0.3638982,0.4324836,0.7273816,-0.3307135,0.69246083,-0.94065034,-1.410991,-1.0373069,1.0033543,-0.34340578,-0.42876285,-0.88351506,-0.7190324,0.14527774,0.5084316,-0.045906316,0.0690392,0.58598286,0.1750668,-0.1539135,-0.058288418,0.0004543633,-0.00059081765,0.06511344,-0.18565337,-0.27958858,0.1648698,4.3026853,-0.6289954,-0.5862423,-0.15540874,0.06853904,0.29712924,-0.11862129,0.16639774,0.13079557,0.6624185,0.04485317,0.359137,0.110799894,-0.09582129,0.024641905,-0.14949799,0.4335755,-0.036427476,-0.050219253,-0.0855752,0.08794351,-0.15793748,-0.0011447299,-0.030703913,0.22077909,0.0763644,-0.028306004,-0.20704067,-0.07273169,-0.13671964,-0.22270727,-0.054444633,0.117157355,-0.048244774,-0.08263852,-0.15013878,0.14032592,-0.0068777557,-0.14707367,0.0045808638,0.118989624,0.05886308,-0.054940782,-0.088625014,-0.027892217,-0.13969384,-0.11878538,0.21732669,-0.05499132,0.067619845,-0.019019153,0.02683762,0.013870574,0.08557321,0.124733426,0.10631635,0.05487872,-0.067329384,-0.12998408,-0.113369,-0.06485628,0.11418381,-0.038219146,0.185197,-0.24518928,-0.09621267,0.010981085,0.008585764
