,0,1,2,3,4,5,6,7,8,9,10,11,12,13,14,15,16,17,18,19,20,21,22,23,24,25,26,27,28,29,30,31,32
0,232.3343,-25.868721,46.16958,29.05146,6.225421,22.621899,-26.939589,17.465069,23.432518,-9.434349,7.606288,-3.457837,7.0727587,6.1388497,-1.9560785,0.4316443,-1.070675,0.16936183,-1.1837752,0.45360148,-0.32935667,-0.093651116,-0.15423724,0.0883512,0.3308214,-0.1676135,0.12968022,-0.20626959,0.1313273,-0.24901633,-0.0005259393,0.10192421,-0.016767398
1,-25.868721,119.58376,-18.89095,-20.025997,11.856609,5.8194733,-33.63246,22.221561,-3.720405,-31.200245,-35.630524,-6.5392675,-4.19378,5.951091,0.671412,-2.0188928,0.22061273,-0.71356,0.2628329,-0.834636,0.1264785,0.33030218,-0.23556182,0.32228017,0.13143434,-0.11249103,-0.21700037,0.33683145,0.028775387,0.21833414,-0.24225877,-0.03207036,0.25594378
2,46.16958,-18.89095,130.14365,-25.817364,-10.469032,7.4385285,1.6658809,-2.822834,-33.921947,-1.5882804,10.708741,6.8481436,13.0592985,-3.1464634,-11.061996,0.8063055,-2.959206,0.8447504,1.3205879,0.3877899,-1.2394078,-0.29148564,-0.24597423,0.54207444,0.75664026,-0.5857289,0.18408173,-0.46196964,0.7349739,-0.050270483,-0.12504432,0.4220462,-0.05745677
3,29.05146,-20.025997,-25.817364,109.0203,11.839794,-28.041382,-13.066454,8.549452,-9.862446,6.421595,-0.8608942,-3.5724864,-2.9749448,-1.794772,-9.352347,0.7350103,-2.2074873,0.44804928,-0.09550288,0.41141838,-0.937837,-0.11505555,-0.1998367,0.54847884,0.5798894,-0.45999524,0.18209273,-0.28878564,0.47703415,-0.15974793,-0.12898251,0.29046434,0.015778221
4,6.225421,11.856609,-10.469032,11.839794,106.01906,35.70934,23.963837,-4.566538,-8.827477,3.2066472,-5.364799,1.7711844,-1.1441925,0.06193708,8.156735,-0.5944404,2.81194,-0.49816802,0.88670367,-0.6150408,0.9997994,0.14049168,0.33683512,-0.5572146,-0.763251,0.52555084,-0.20867293,0.38938487,-0.5115466,0.31990302,0.13279083,-0.32454485,-0.033040047
5,22.621899,5.8194733,7.4385285,-28.041382,35.70934,31.82343,-2.4769526,-11.25415,7.069665,-1.162179,-1.1565027,5.8507423,-1.9784539,-3.750914,2.924329,0.20758219,0.7670161,-0.12409826,-0.6319679,0.08485668,0.34974825,0.018712986,0.11181891,-0.25504142,-0.21146835,0.19343072,-0.0024885633,0.051824022,-0.23943765,-0.047209762,0.10548017,-0.095174216,-0.033311654
6,-26.939589,-33.63246,1.6658809,-13.066454,23.963837,-2.4769526,64.74854,15.779168,2.8439083,7.0418215,16.205519,3.9691043,11.640463,-0.34283203,6.09092,-0.08327223,2.1007051,0.011567431,1.7767961,-0.3649397,0.682636,-0.054001767,0.30432633,-0.5152719,-0.6106273,0.41187537,-0.123672344,0.19493166,-0.25673068,0.3148617,0.14488034,-0.20721488,-0.13890536
7,17.465069,22.221561,-2.822834,8.549452,-4.566538,-11.25415,15.779168,44.36128,-1.3505814,-12.163232,-3.0457172,8.151521,1.0646974,-2.969083,8.441018,-0.18625446,2.0767946,-0.14774536,0.658955,-0.29389563,0.75142217,0.031576894,0.31570637,-0.54730076,-0.55537194,0.47436455,-0.09635909,0.24129003,-0.37923828,0.18325782,0.14415798,-0.22395852,-0.108539805
8,23.432518,-3.720405,-33.921947,-9.862446,-8.827477,7.069665,2.8439083,-1.3505814,37.357918,-1.981909,1.3381352,2.419887,3.0772936,-0.0457195,-5.874608,0.1026537,-1.3543651,0.1870332,-0.35377708,0.22856107,-0.51754093,-0.033184946,-0.2399762,0.35445696,0.43611854,-0.32116067,0.07246842,-0.17524077,0.29508692,-0.10704554,-0.08832973,0.15238786,0.046951722
9,-9.434349,-31.200245,-1.5882804,6.421595,3.2066472,-1.162179,7.0418215,-12.163232,-1.981909,28.403692,-2.7993631,12.956148,11.236591,-0.3809411,5.7806153,0.51018655,1.4322357,-0.014379472,-0.1769642,0.12825091,0.6134835,-0.07247488,0.27729824,-0.49603513,-0.47174126,0.3692472,0.035041977,0.054066025,-0.36988196,-0.018680938,0.21321139,-0.14419395,-0.1348107
10,7.606288,-35.630524,10.708741,-0.8608942,-5.364799,-1.1565027,16.205519,-3.0457172,1.3381352,-2.7993631,18.020939,-6.7724924,-6.1571083,-1.0318404,-3.241649,0.27270943,-0.5728636,0.29227552,0.8991369,0.00883188,-0.35919386,-0.08268233,-0.01079832,0.10911162,0.11433129,-0.11482005,-0.010954188,-0.10447747,0.2104469,0.081159875,-0.034923725,0.041851543,-0.03647217
11,-3.457837,-6.5392675,6.8481436,-3.5724864,1.7711844,5.8507423,3.9691043,8.151521,2.419887,12.956148,-6.7724924,23.005596,-2.596534,-2.5423865,2.3160982,-0.0356698,1.1437497,0.23933418,2.3042374,-0.4507505,0.18644014,-0.06572309,0.3025558,-0.33160228,-0.34009972,0.25345206,-0.12206211,0.07727721,-0.06795463,0.37201804,0.10806043,-0.1440542,-0.14708005
12,7.0727587,-4.19378,13.0592985,-2.9749448,-1.1441925,-1.9784539,11.640463,1.0646974,3.0772936,11.236591,-6.1571083,-2.596534,19.667377,-1.3765552,-2.5335534,0.017656252,-0.08932707,0.16230455,1.3937224,-0.1317344,-0.06673403,-0.101261675,0.015622129,-0.0046176277,-0.026426481,-0.007307062,0.018321713,-0.012082263,0.14112964,0.15913938,0.0020517856,0.0788356,-0.062360436
13,6.1388497,5.951091,-3.1464634,-1.794772,0.06193708,-3.750914,-0.34283203,-2.969083,-0.0457195,-0.3809411,-1.0318404,-2.5423865,-1.3765552,14.795874,1.9562144,-1.1763163,0.19967057,-0.38742465,-0.111942574,-0.4095541,0.09201588,0.16874915,-0.16479722,0.17160593,0.058667846,-0.10453833,-0.14457071,0.13636354,-0.0046999278,0.073591225,-0.12741405,-0.07780539,0.15439717
14,-1.9560785,0.671412,-11.061996,-9.352347,8.156735,2.924329,6.09092,8.441018,-5.874608,5.7806153,-3.241649,2.3160982,-2.5335534,1.9562144,14.648186,-0.4583398,3.6852112,-0.5650399,0.20101082,-0.49555403,1.4492338,0.12879117,0.50135815,-0.9344809,-1.055205,0.82483155,-0.19810624,0.44745636,-0.8062905,0.22300121,0.25613093,-0.46330678,-0.1065336
15,0.4316443,-2.0188928,0.8063055,0.7350103,-0.5944404,0.20758219,-0.08327223,-0.18625446,0.1026537,0.51018655,0.27270943,-0.0356698,0.017656252,-1.1763163,-0.4583398,0.092791304,-0.051318094,0.05054927,0.13569105,0.0155063635,-0.033939146,-0.019029003,0.014153553,-0.0050252927,0.0013142228,0.00086130854,0.008210555,-0.014887354,0.01858623,0.0101169795,0.006496205,0.009562344,-0.015365515
16,-1.070675,0.22061273,-2.959206,-2.2074873,2.81194,0.7670161,2.1007051,2.0767946,-1.3543651,1.4322357,-0.5728636,1.1437497,-0.08932707,0.19967057,3.6852112,-0.051318094,0.8650206,-0.13744977,-0.1435472,-0.06623871,0.3576969,0.028724547,0.11668392,-0.22913304,-0.24652973,0.1983832,-0.033877008,0.09765456,-0.20715389,0.021601181,0.068652555,-0.106988154,-0.025839873
17,0.16936183,-0.71356,0.8447504,0.44804928,-0.49816802,-0.12409826,0.011567431,-0.14774536,0.1870332,-0.014379472,0.29227552,0.23933418,0.16230455,-0.38742465,-0.5650399,0.05054927,-0.13744977,0.03414494,0.0024380237,0.02963785,-0.05529861,-0.010364593,-0.012996327,0.028023323,0.036467575,-0.02711958,0.01124767,-0.021030266,0.029871844,-0.009672726,-0.005152667,0.018768169,-0.0012057277
18,-1.1837752,0.2628329,1.3205879,-0.09550288,0.88670367,-0.6319679,1.7767961,0.658955,-0.35377708,-0.1769642,0.8991369,2.3042374,1.3937224,-0.111942574,0.20101082,0.13569105,-0.1435472,0.0024380237,-0.5525457,0.15300243,-0.004149139,-0.0056631854,-0.0311969,0.017401949,0.05150839,-0.028406508,0.041285273,-0.037682943,-0.015242323,-0.09568764,0.009365821,0.024553657,0.0066093206
19,0.45360148,-0.834636,0.3877899,0.41141838,-0.6150408,0.08485668,-0.3649397,-0.29389563,0.22856107,0.12825091,0.00883188,-0.4507505,-0.1317344,-0.4095541,-0.49555403,0.0155063635,-0.06623871,0.02963785,0.15300243,-0.014087638,-0.04120218,-0.008564519,0.00067645404,0.013951134,0.012372319,-0.011240459,-0.0009823167,-0.0073840967,0.0264173,0.017678702,-0.0047347527,0.008222139,-0.0046670777
20,-0.32935667,0.1264785,-1.2394078,-0.937837,0.9997994,0.34974825,0.682636,0.75142217,-0.51754093,0.6134835,-0.35919386,0.18644014,-0.06673403,0.09201588,1.4492338,-0.033939146,0.3576969,-0.05529861,-0.004149139,-0.04120218,0.14276314,0.011890482,0.049329735,-0.092800334,-0.10308014,0.08176531,-0.017380493,0.04252491,-0.08106208,0.017754052,0.026388653,-0.04488987,-0.010891071
21,-0.093651116,0.33030218,-0.29148564,-0.11505555,0.14049168,0.018712986,-0.054001767,0.031576894,-0.033184946,-0.07247488,-0.08268233,-0.06572309,-0.101261675,0.16874915,0.12879117,-0.019029003,0.028724547,-0.010364593,-0.0056631854,-0.008564519,0.011890482,0.0037200716,0.0011740611,-0.0040453854,-0.0065697953,0.004551974,-0.0032844718,0.005365854,-0.006289025,0.0020028967,-2.195812e-05,-0.0043327194,0.0016504244
22,-0.15423724,-0.23556182,-0.24597423,-0.1998367,0.33683512,0.11181891,0.30432633,0.31570637,-0.2399762,0.27729824,-0.01079832,0.3025558,0.015622129,-0.16479722,0.50135815,0.014153553,0.11668392,-0.012996327,-0.0311969,0.00067645404,0.049329735,0.0011740611,0.018435277,-0.03486695,-0.034758177,0.028882585,-0.0016214373,0.010563806,-0.029697172,-0.00036107004,0.012029795,-0.013501661,-0.005992918
23,0.0883512,0.32228017,0.54207444,0.54847884,-0.5572146,-0.25504142,-0.5152719,-0.54730076,0.35445696,-0.49603513,0.10911162,-0.33160228,-0.0046176277,0.17160593,-0.9344809,-0.0050252927,-0.22913304,0.028023323,0.017401949,0.013951134,-0.092800334,-0.0040453854,-0.03486695,0.06440494,0.06773168,-0.054809444,0.0073394394,-0.023743223,0.053986415,-0.007180784,-0.020431105,0.02748581,0.010209369
24,0.3308214,0.13143434,0.75664026,0.5798894,-0.763251,-0.21146835,-0.6106273,-0.55537194,0.43611854,-0.47174126,0.11433129,-0.34009972,-0.026426481,0.058667846,-1.055205,0.0013142228,-0.24652973,0.036467575,0.05150839,0.012372319,-0.10308014,-0.0065697953,-0.034758177,0.06773168,0.07133832,-0.057949305,0.0076724887,-0.026338037,0.06048605,-0.0036530532,-0.021266755,0.029880937,0.0087776
25,-0.1676135,-0.11249103,-0.5857289,-0.45999524,0.52555084,0.19343072,0.41187537,0.47436455,-0.32116067,0.3692472,-0.11482005,0.25345206,-0.007307062,-0.10453833,0.82483155,0.00086130854,0.1983832,-0.02711958,-0.028406508,-0.011240459,0.08176531,0.004551974,0.028882585,-0.054809444,-0.057949305,0.04682774,-0.00633609,0.02098409,-0.047676116,0.004629343,0.017238103,-0.0238631,-0.007823655
26,0.12968022,-0.21700037,0.18408173,0.18209273,-0.20867293,-0.0024885633,-0.123672344,-0.09635909,0.07246842,0.035041977,-0.010954188,-0.12206211,0.018321713,-0.14457071,-0.19810624,0.008210555,-0.033877008,0.01124767,0.041285273,-0.0009823167,-0.017380493,-0.0032844718,-0.0016214373,0.0073394394,0.0076724887,-0.00633609,0.00081974955,-0.00424271,0.0105198175,0.0037343823,-0.0020819586,0.004329042,-0.0011706954
27,-0.20626959,0.33683145,-0.46196964,-0.28878564,0.38938487,0.051824022,0.19493166,0.24129003,-0.17524077,0.054066025,-0.10447747,0.07727721,-0.012082263,0.13636354,0.44745636,-0.014887354,0.09765456,-0.021030266,-0.037682943,-0.0073840967,0.04252491,0.005365854,0.010563806,-0.023743223,-0.026338037,0.02098409,-0.00424271,0.011959224,-0.024784178,0.00013064034,0.006635066,-0.012432836,-0.0008532702
28,0.1313273,0.028775387,0.7349739,0.47703415,-0.5115466,-0.23943765,-0.25673068,-0.37923828,0.29508692,-0.36988196,0.2104469,-0.06795463,0.14112964,-0.0046999278,-0.8062905,0.01858623,-0.20715389,0.029871844,-0.015242323,0.0264173,-0.08106208,-0.006289025,-0.029697172,0.053986415,0.06048605,-0.047676116,0.0105198175,-0.024784178,0.045536827,-0.012747176,-0.015241479,0.025898831,0.007013029
29,-0.24901633,0.21833414,-0.050270483,-0.15974793,0.31990302,-0.047209762,0.3148617,0.18325782,-0.10704554,-0.018680938,0.081159875,0.37201804,0.15913938,0.073591225,0.22300121,0.0101169795,0.021601181,-0.009672726,-0.09568764,0.017678702,0.017754052,0.0020028967,-0.00036107004,-0.007180784,-0.0036530532,0.004629343,0.0037343823,0.00013064034,-0.012747176,-0.013442092,0.0038412076,-0.001965459,0.0010118189
30,-0.0005259393,-0.24225877,-0.12504432,-0.12898251,0.13279083,0.10548017,0.14488034,0.14415798,-0.08832973,0.21321139,-0.034923725,0.10806043,0.0020517856,-0.12741405,0.25613093,0.006496205,0.068652555,-0.005152667,0.009365821,-0.0047347527,0.026388653,-2.195812e-05,0.012029795,-0.020431105,-0.021266755,0.017238103,-0.0020819586,0.006635066,-0.015241479,0.0038412076,0.0067080827,-0.0080532525,-0.0042846454
31,0.10192421,-0.03207036,0.4220462,0.29046434,-0.32454485,-0.095174216,-0.20721488,-0.22395852,0.15238786,-0.14419395,0.041851543,-0.1440542,0.0788356,-0.07780539,-0.46330678,0.009562344,-0.106988154,0.018768169,0.024553657,0.008222139,-0.04488987,-0.0043327194,-0.013501661,0.02748581,0.029880937,-0.0238631,0.004329042,-0.012432836,0.025898831,-0.001965459,-0.0080532525,0.0132921655,0.0024433234
32,-0.016767398,0.25594378,-0.05745677,0.015778221,-0.033040047,-0.033311654,-0.13890536,-0.108539805,0.046951722,-0.1348107,-0.03647217,-0.14708005,-0.062360436,0.15439717,-0.1065336,-0.015365515,-0.025839873,-0.0012057277,0.0066093206,-0.0046670777,-0.010891071,0.0016504244,-0.005992918,0.010209369,0.0087776,-0.007823655,-0.0011706954,-0.0008532702,0.007013029,0.0010118189,-0.0042846454,0.0024433234,0.0030876573
