,0,1,2,3,4,5,6,7,8,9,10,11,12,13,14,15,16,17,18,19,20,21,22,23,24,25,26,27,28,29,30,31,32,33,34,35,36,37,38,39,40,41,42,43,44,45,46,47,48,49
0,732.1265,-61.186123,-16.241518,1.1059556,-0.008881985,0.0021660218,0.00823712,-0.0011625094,-0.0019820672,-0.00011838737,0.0015058697,-0.001064867,0.001957749,0.0001649691,0.0007026259,-0.002167896,-0.00023607287,3.251108e-05,-0.00039433554,-0.00064347906,0.00045014024,0.00030844437,0.00012540886,-0.00019675583,-7.885026e-05,5.004637e-05,7.35403e-05,-0.00021046013,-0.00013035693,0.00010942978,0.0002836135,-0.0003267242,0.000104346196,-5.157987e-05,4.2460477e-05,-0.00012844539,-1.7410206e-05,-8.691264e-05,-0.00021754534,-2.7821452e-06,-3.211693e-05,-8.1696344e-05,0.00011977538,5.57358e-07,-0.00010357481,-9.8845136e-05,4.0584695e-05,0.00015580386,0.00012602251,8.120785e-06
1,-61.186123,5.2251916,1.336458,-0.8938073,0.0039010905,0.00038285152,-0.0009465086,0.00019668697,5.7967525e-05,-0.00038791247,5.4075044e-05,0.00061080244,0.00016817747,0.00032724257,0.00010362842,0.00031363204,-0.000260461,0.0003959093,7.034426e-05,5.681055e-05,-0.00015747335,0.00012738054,-4.346539e-05,-0.00023390038,-8.265071e-06,-9.4523726e-05,-5.197469e-05,-0.00010226287,0.00017373769,7.147736e-05,7.808946e-05,6.075694e-06,-5.6999444e-05,-0.00011163045,-4.0201812e-05,-3.7608675e-05,-9.860263e-06,-1.1315207e-05,4.3639102e-05,1.3052162e-05,-3.635938e-05,-4.257478e-05,-4.8514732e-05,-2.0455702e-05,-8.551088e-05,-2.3726407e-06,1.471749e-05,7.710441e-06,-5.789797e-06,4.123496e-05
2,-16.241518,1.336458,0.36486,0.12427586,-0.0006503833,0.0016526617,-0.0004285574,0.00049706385,-3.2971998e-06,-0.00028343225,0.00036853057,-0.0007404811,-0.0007484243,0.00023431741,-0.00017786829,0.00021429724,0.0002529005,-0.00017666619,-0.00013718268,1.0200267e-07,-0.00034914014,-0.00019703398,8.6902175e-05,0.00018751327,-8.627614e-05,-1.6916809e-05,-0.00017370321,4.9738075e-05,-0.00031349162,-0.000100843215,-0.00011381662,-4.9002094e-05,1.0399841e-05,2.1592734e-05,6.199679e-05,-2.262121e-05,-4.4037955e-05,6.9582566e-05,2.565077e-05,2.6377559e-06,6.681136e-05,-7.950629e-05,8.356067e-05,8.305803e-06,0.00010912158,-3.995111e-06,-5.053587e-05,-4.3246455e-05,-2.5567771e-05,8.132967e-06
3,1.1059556,-0.8938073,0.12427586,5.7773113,-0.013460466,-0.0056475177,0.002945425,0.00090551213,-0.0002484055,2.1749122e-05,0.0017171451,0.0005554417,-0.00061884295,-0.00019449482,-0.00036240905,0.00013818314,-0.00011672093,0.00047564856,0.00023891134,0.00033416873,-0.0003104372,-0.00011379273,7.989208e-05,5.4953463e-05,4.3695673e-05,-0.00017217443,-4.5152956e-05,-3.0513937e-05,-0.0003099598,-9.332232e-05,-7.49321e-05,2.924937e-05,8.4899335e-07,-1.6151009e-05,0.000105031926,-0.00011157169,6.656072e-05,6.062407e-05,-2.7805974e-05,3.1266456e-05,-3.4853038e-05,-5.73216e-06,5.3908792e-05,-6.916179e-05,5.6128083e-05,-0.00014665007,-5.91586e-05,-6.1772254e-05,-6.282408e-05,4.505591e-05
4,-0.008881985,0.0039010905,-0.0006503833,-0.013460466,0.009775528,-0.003913097,0.0017131692,0.0046764603,-0.00030447566,-0.0023102928,0.00086632895,0.0010741602,-0.0013927349,0.000441604,-0.0010723425,0.00089632324,-0.0006311104,0.0019675256,0.0005244502,-9.367179e-05,-0.0003187104,-3.0222398e-05,-0.0007557621,-0.00060690707,0.00022787717,-0.0012725516,-1.3782506e-05,-8.359278e-05,0.000372611,9.9771336e-05,-8.19185e-05,0.00021216812,-0.00019148161,-0.00028915203,0.00014019554,-0.0004056777,0.00015607978,7.189732e-06,6.0660626e-05,6.523082e-05,-0.0002793712,0.00018851168,3.9577553e-05,-0.00029977137,-0.0003621176,-0.00026734194,-0.00015542415,-0.00013051287,-0.00027928525,1.2333667e-05
5,0.0021660218,0.00038285152,0.0016526617,-0.0056475177,-0.003913097,0.010327855,-0.0022099372,-0.0011091385,-0.00032956348,-0.0009104111,0.003114025,-0.0015222412,-0.0013867572,0.0018177737,0.0008348953,-0.00018920893,0.0007200328,0.00038516606,-0.0003053437,0.0010608118,-0.0013268334,0.00034268937,0.0008563996,0.00034738018,-0.00017569828,0.0009009506,-0.00037402933,-5.141289e-05,-0.0011395342,-0.00010474586,0.00010067673,-0.00050841813,0.00017790736,-2.5414025e-05,-4.2980704e-05,-4.1858446e-05,-0.00011421878,0.000117642994,0.00018269134,0.00020273443,7.887653e-05,-0.0003198772,0.000112992275,-8.333203e-06,0.00042813833,6.561367e-05,8.643382e-05,-8.874469e-05,0.00011154967,8.349094e-05
6,0.00823712,-0.0009465086,-0.0004285574,0.002945425,0.0017131692,-0.0022099372,0.0017996154,-0.00058199174,-0.00038192252,0.00021777337,-0.000731482,0.0005253659,0.00060478935,0.000104900326,-0.0005311908,0.0002978964,-0.00025637195,0.0002943048,-8.800389e-05,-4.3869724e-05,-0.0001210755,0.00017385563,-0.00037312898,0.00023223765,-0.00015077385,-0.00049712934,-6.7685876e-05,0.00018211927,0.00030597733,-1.972049e-05,-1.7492805e-05,8.9483336e-05,-0.00023309939,2.2497683e-05,-1.4527995e-05,0.0001218119,-0.000113909846,-3.1631338e-05,9.105762e-05,-3.685808e-05,-0.00011028645,0.00012806675,-8.023508e-06,1.5020836e-05,-0.00013653186,0.00017745461,-1.541511e-05,-2.0769174e-05,-0.00019605597,-4.6588775e-05
7,-0.0011625094,0.00019668697,0.00049706385,0.00090551213,0.0046764603,-0.0011091385,-0.00058199174,0.006708766,0.000640447,-0.00055069925,0.00057042204,-0.0011686794,-0.0025437996,-0.0010399246,-0.0015720404,0.0010709846,-0.0001642401,0.00016540382,-3.6979938e-05,6.653224e-06,0.0001578296,-0.00023055426,-0.00043077618,-0.00088880956,2.8970697e-05,-0.00020621938,0.00010118779,-0.00037155542,-0.00028384523,-0.00023322555,-9.991911e-05,0.00032102398,0.00021458344,-0.0001502005,0.0001776843,-0.0003245137,0.00031997517,0.00024990673,-8.269292e-05,-1.7199649e-05,-4.9311537e-05,-9.66928e-05,-0.00010535812,-0.00024111477,-5.990052e-06,-0.00025538274,-0.00020116474,-0.000108451146,-0.00016896665,0.000104398656
8,-0.0019820672,5.7967525e-05,-3.2971998e-06,-0.0002484055,-0.00030447566,-0.00032956348,-0.00038192252,0.000640447,0.0007208632,0.00041004037,-0.00045851828,-0.00025328647,-0.0003521263,-0.00070636347,-4.609597e-05,-0.00018055041,0.0003542679,-0.00023356808,4.728343e-05,3.1487758e-05,0.00030158577,-3.1977375e-05,-0.0001190052,-0.00013693661,0.00010094543,0.0001004208,1.2442737e-06,-7.235032e-05,-0.0002506895,-7.1897586e-05,5.1967378e-05,8.0078375e-05,2.6131125e-05,-2.5858717e-06,7.699531e-06,-0.00011882,5.5999306e-05,-4.0198254e-05,-0.000100144665,-4.880457e-07,-1.6403646e-05,1.286734e-05,1.9249055e-05,4.764089e-05,-5.6305296e-05,1.4422933e-05,-2.6634776e-05,3.7727506e-05,3.2596825e-05,1.7474656e-05
9,-0.00011838737,-0.00038791247,-0.00028343225,2.1749122e-05,-0.0023102928,-0.0009104111,0.00021777337,-0.00055069925,0.00041004037,0.0020270927,-0.001297978,-0.00017251968,0.00058110297,-0.0007906023,-0.00040602172,-6.7366076e-05,0.000105917396,-0.0011024941,-0.00055284385,0.00012563288,0.0005334412,0.00025183798,-0.00013080516,-0.00012262461,-0.00016435294,0.00030434688,7.67277e-05,-9.733238e-05,-5.213561e-06,6.5794186e-05,0.00022179954,-1.7621267e-05,7.171917e-05,0.00014810442,-4.1613057e-05,0.00016729401,1.9292744e-05,1.9787643e-05,-1.996803e-06,1.221825e-05,-9.214153e-05,-1.39605745e-05,-9.465874e-05,3.3232456e-05,6.6627326e-06,0.00019572035,4.3447333e-05,5.3416123e-05,-6.7416506e-05,-3.9956376e-05
10,0.0015058697,5.4075044e-05,0.00036853057,0.0017171451,0.00086632895,0.003114025,-0.000731482,0.00057042204,-0.00045851828,-0.001297978,0.0020840848,-9.399271e-06,-0.0007720275,0.00088157493,0.00019137608,0.00020987482,-9.733098e-05,0.0011244006,9.290292e-05,0.00060926226,-0.0006006897,0.00022847507,0.00034590723,-8.7582135e-05,6.54842e-06,0.00018098546,2.7575245e-05,-0.000143105,-9.242883e-05,4.075244e-06,-7.081445e-06,-9.7942415e-05,7.103314e-05,-0.00015786182,-4.048792e-05,-3.491247e-05,5.0890587e-05,6.1011386e-05,6.987678e-05,0.00010479899,6.0204744e-05,-6.262347e-05,9.213023e-06,-6.531121e-05,9.9232e-05,-8.307047e-05,9.430556e-06,-3.1086412e-05,7.2425406e-05,4.422328e-05
11,-0.001064867,0.00061080244,-0.0007404811,0.0005554417,0.0010741602,-0.0015222412,0.0005253659,-0.0011686794,-0.00025328647,-0.00017251968,-9.399271e-06,0.0013730435,0.0011166381,0.00035296922,0.00046445645,-0.00013353257,-0.0003803238,0.0005267347,6.480483e-05,-2.5751964e-05,1.8078226e-05,0.00021182722,1.6585454e-05,-0.00013091651,5.753203e-05,-0.00017356458,2.2867413e-05,-0.00010601246,0.00039867993,0.00021150828,0.00016706754,-7.725903e-05,-8.3472594e-05,-9.27212e-05,-7.535941e-05,-3.156158e-06,-5.2028074e-05,-8.261551e-05,-1.4121453e-05,2.3645847e-05,-7.28874e-05,1.9930378e-05,-2.9372874e-05,4.9668924e-06,-0.00016683558,-1.377365e-05,6.935897e-05,6.147759e-05,2.9640381e-05,-1.2290507e-05
12,0.001957749,0.00016817747,-0.0007484243,-0.00061884295,-0.0013927349,-0.0013867572,0.00060478935,-0.0025437996,-0.0003521263,0.00058110297,-0.0007720275,0.0011166381,0.0022764045,0.00017184678,0.00092298316,-0.00026668893,-0.0006039932,-0.00022007969,9.696012e-05,-0.00050253165,6.253248e-06,0.00014743209,0.00017577517,-2.7651702e-05,-0.00018814296,0.00021583599,-6.590068e-05,1.04805695e-05,0.0003906222,1.0333404e-05,1.3893472e-05,-6.369764e-05,-9.8712786e-05,-5.431706e-05,-4.7144422e-05,9.25498e-05,-0.00014211446,-6.50464e-05,7.1864124e-05,-0.00012420845,-8.453551e-06,-0.000104621846,-8.086139e-05,5.17383e-05,-0.00011585549,0.0001159806,7.941807e-05,8.6522996e-05,-1.5839863e-05,-1.718911e-06
13,0.0001649691,0.00032724257,0.00023431741,-0.00019449482,0.000441604,0.0018177737,0.000104900326,-0.0010399246,-0.00070636347,-0.0007906023,0.00088157493,0.00035296922,0.00017184678,0.0014239555,0.00040393294,-5.6541117e-05,-0.00018788845,0.00024794193,1.3068955e-05,1.4785405e-05,-0.0005283092,2.29508e-05,0.00013096262,2.1557e-05,-9.908477e-06,-0.00015153897,-0.00020950237,8.482959e-05,1.5585683e-05,0.0002754823,8.2357845e-05,-0.0002715461,-7.00786e-05,1.644385e-06,3.143509e-05,1.0752112e-05,-0.00011792913,-2.9696868e-05,0.00015638872,8.575466e-05,-8.493742e-05,-3.649653e-05,5.5008684e-05,-9.0018926e-05,6.2304534e-05,-5.4422315e-05,3.004089e-05,-6.440113e-05,1.7118292e-06,2.6248399e-05
14,0.0007026259,0.00010362842,-0.00017786829,-0.00036240905,-0.0010723425,0.0008348953,-0.0005311908,-0.0015720404,-4.609597e-05,-0.00040602172,0.00019137608,0.00046445645,0.00092298316,0.00040393294,0.001225536,-0.0006456383,-5.490257e-05,7.9835605e-05,0.00043419912,-0.00030406076,-9.781467e-05,-3.9242317e-05,0.00031565822,4.3832413e-05,9.152872e-05,0.00035575204,-3.7835467e-05,6.953326e-05,-2.1411717e-05,4.273227e-05,-2.7860548e-05,-0.0001297204,3.0298479e-05,-3.4453366e-05,8.255016e-06,-0.00012265073,-5.9196944e-05,-7.6985e-05,-3.7094128e-06,-4.4386343e-05,-7.715211e-06,-8.1547754e-05,4.019112e-05,3.2058088e-06,-2.9126357e-05,-6.6201654e-05,3.368574e-05,3.1107716e-05,7.782983e-05,-4.2077504e-06
15,-0.002167896,0.00031363204,0.00021429724,0.00013818314,0.00089632324,-0.00018920893,0.0002978964,0.0010709846,-0.00018055041,-6.7366076e-05,0.00020987482,-0.00013353257,-0.00026668893,-5.6541117e-05,-0.0006456383,0.000709235,-0.00027717324,0.00015428028,-0.00029612676,3.569675e-05,-0.0001928001,-6.7789524e-06,-8.3429506e-05,-0.00013811307,-0.0001802433,-0.0002451013,-7.904316e-05,-0.00013912059,5.6322348e-05,-0.00013175623,-7.508894e-05,8.728137e-05,-5.754469e-05,-9.285635e-05,2.8327138e-06,7.700491e-05,1.6812899e-05,7.882371e-05,6.360702e-05,-1.2750334e-05,9.159445e-05,-5.905943e-05,-3.889548e-05,-1.4783581e-06,1.2674236e-05,3.0438605e-05,-1.12449325e-05,-4.9136183e-06,-4.43046e-05,4.3221655e-05
16,-0.00023607287,-0.000260461,0.0002529005,-0.00011672093,-0.0006311104,0.0007200328,-0.00025637195,-0.0001642401,0.0003542679,0.000105917396,-9.733098e-05,-0.0003803238,-0.0006039932,-0.00018788845,-5.490257e-05,-0.00027717324,0.0006888151,-0.00011525385,-0.0001533401,0.00018119882,2.7844755e-05,-3.3020373e-05,1.4242979e-05,0.0003161432,0.00010587904,-7.9992846e-05,-4.628715e-06,2.0890351e-05,-0.00020343048,-8.545969e-06,1.4625038e-05,-0.00014629547,7.645675e-05,8.143658e-05,3.6656784e-05,-3.2880904e-05,-3.0647088e-06,-4.7429712e-05,-0.0001551033,3.7126316e-05,2.2735258e-06,7.272502e-05,0.00010068744,1.4497904e-05,-1.3801279e-06,2.709779e-05,-3.350336e-05,4.5822475e-05,3.0417206e-05,-4.1077335e-05
17,3.251108e-05,0.0003959093,-0.00017666619,0.00047564856,0.0019675256,0.00038516606,0.0002943048,0.00016540382,-0.00023356808,-0.0011024941,0.0011244006,0.0005267347,-0.00022007969,0.00024794193,7.9835605e-05,0.00015428028,-0.00011525385,0.0015300502,0.0003122427,0.00049549,-0.0003692485,0.00032765255,3.9294733e-05,0.00017150101,9.3746e-05,-8.086003e-05,0.00010737071,1.8960049e-05,0.00012248188,-6.1545456e-05,-8.452199e-05,9.896315e-05,-7.298356e-05,-8.0215905e-05,-5.035389e-05,-9.629359e-06,4.4939672e-05,-2.9324538e-05,1.2370965e-05,5.7420457e-06,5.6277648e-05,2.740994e-05,2.11246e-06,8.479011e-06,-7.76408e-05,-1.4149933e-05,-1.7446382e-05,9.547615e-06,-3.8658814e-06,-1.6603852e-05
18,-0.00039433554,7.034426e-05,-0.00013718268,0.00023891134,0.0005244502,-0.0003053437,-8.800389e-05,-3.6979938e-05,4.728343e-05,-0.00055284385,9.290292e-05,6.480483e-05,9.696012e-05,1.3068955e-05,0.00043419912,-0.00029612676,-0.0001533401,0.0003122427,0.0007332865,-0.00014417575,5.329003e-05,-1.41273895e-05,-0.0001055541,-3.0676888e-06,0.00015588579,0.0001300464,9.630642e-05,0.00021456352,1.670736e-05,-5.7076202e-05,-5.303431e-05,0.0001802988,-3.9441325e-05,-1.6619715e-06,-7.311548e-06,-0.00010961775,5.9976774e-05,-6.582051e-05,1.9191946e-05,-7.1488714e-05,-3.362873e-05,5.75178e-06,-2.2261702e-05,-5.240241e-06,-2.9670447e-05,-9.0995e-05,-1.1329208e-05,-6.515462e-05,5.0981644e-06,5.8440215e-05
19,-0.00064347906,5.681055e-05,1.0200267e-07,0.00033416873,-9.367179e-05,0.0010608118,-4.3869724e-05,6.653224e-06,3.1487758e-05,0.00012563288,0.00060926226,-2.5751964e-05,-0.00050253165,1.4785405e-05,-0.00030406076,3.569675e-05,0.00018119882,0.00049549,-0.00014417575,0.0007344656,-3.1083255e-05,0.0003695575,-5.492708e-06,5.0683764e-05,1.2928494e-05,0.0001636476,0.00012423999,-5.5590084e-05,-3.3522243e-05,9.3061724e-05,0.00016516047,3.8646114e-05,1.7153478e-05,2.992513e-05,-8.614684e-05,8.1232254e-05,5.1241994e-05,1.0126787e-05,1.5390683e-06,0.0001036165,-2.2246179e-05,4.1314168e-05,-2.2769614e-06,4.36066e-05,2.2934897e-05,7.781111e-05,-2.0001296e-06,1.2927292e-06,1.153578e-05,-2.2009583e-05
20,0.00045014024,-0.00015747335,-0.00034914014,-0.0003104372,-0.0003187104,-0.0013268334,-0.0001210755,0.0001578296,0.00030158577,0.0005334412,-0.0006006897,1.8078226e-05,6.253248e-06,-0.0005283092,-9.781467e-05,-0.0001928001,2.7844755e-05,-0.0003692485,5.329003e-05,-3.1083255e-05,0.00052536756,-5.7965928e-05,-0.00010834944,-0.00016662794,0.00011398543,8.456975e-05,0.00016397295,3.0334294e-07,6.2172505e-05,7.736975e-05,5.1383107e-05,0.00010502992,3.7765778e-05,5.2066258e-05,-2.7360833e-05,2.399501e-06,8.9831665e-05,-3.3586824e-05,-5.713964e-06,3.606209e-05,-3.0512165e-05,0.00010183627,-2.3792192e-05,1.3466555e-05,-1.0222417e-05,-2.4551155e-05,2.6202188e-05,3.3841354e-07,4.645109e-05,-3.854745e-05
21,0.00030844437,0.00012738054,-0.00019703398,-0.00011379273,-3.0222398e-05,0.00034268937,0.00017385563,-0.00023055426,-3.1977375e-05,0.00025183798,0.00022847507,0.00021182722,0.00014743209,2.29508e-05,-3.9242317e-05,-6.7789524e-06,-3.3020373e-05,0.00032765255,-1.41273895e-05,0.0003695575,-5.7965928e-05,0.00037972524,-2.8393271e-05,1.3298013e-05,-2.7558464e-05,0.0001357818,7.9487734e-05,-1.5299624e-05,5.2008792e-05,4.2291995e-05,0.00010686711,-2.3746583e-05,2.5714999e-05,4.3396565e-05,-3.5346577e-05,4.5501525e-05,4.118984e-05,-1.6393906e-06,6.258292e-06,5.870494e-06,-5.8269667e-05,-3.7686208e-05,-7.111225e-05,-2.4277651e-05,-3.649466e-05,6.9465816e-05,3.54695e-06,2.4835797e-05,-4.643746e-05,9.926454e-07
22,0.00012540886,-4.346539e-05,8.6902175e-05,7.989208e-05,-0.0007557621,0.0008563996,-0.00037312898,-0.00043077618,-0.0001190052,-0.00013080516,0.00034590723,1.6585454e-05,0.00017577517,0.00013096262,0.00031565822,-8.3429506e-05,1.4242979e-05,3.9294733e-05,-0.0001055541,-5.492708e-06,-0.00010834944,-2.8393271e-05,0.0002860023,3.6716854e-05,-4.627613e-05,0.0001727413,3.118494e-06,-8.041505e-05,-8.393995e-06,-3.8003272e-05,-6.788896e-05,-0.00010073238,6.444365e-05,-4.9349535e-05,-6.787508e-06,2.6076384e-06,-2.218282e-05,3.407521e-05,-9.071432e-06,8.541936e-06,6.409304e-05,-3.3142584e-05,1.3632258e-05,4.948576e-06,3.4716337e-05,4.1274455e-07,1.9814866e-05,4.263599e-05,5.1900213e-05,-3.606786e-05
23,-0.00019675583,-0.00023390038,0.00018751327,5.4953463e-05,-0.00060690707,0.00034738018,0.00023223765,-0.00088880956,-0.00013693661,-0.00012262461,-8.7582135e-05,-0.00013091651,-2.7651702e-05,2.1557e-05,4.3832413e-05,-0.00013811307,0.0003161432,0.00017150101,-3.0676888e-06,5.0683764e-05,-0.00016662794,1.3298013e-05,3.6716854e-05,0.00071002,5.6035395e-05,-0.00012575148,6.977894e-05,0.00019721623,2.6143587e-05,-8.011093e-05,-3.945154e-05,-4.3521315e-05,2.6287531e-05,0.00013919453,-3.5680692e-05,7.436449e-05,-5.1887007e-05,4.557196e-06,-0.0001474474,-6.4453314e-05,6.194078e-05,-1.28881065e-05,4.2816442e-05,6.024754e-05,2.8743958e-05,-6.429185e-06,2.8223527e-05,-1.786409e-05,-3.5946643e-05,-5.6765897e-05
24,-7.885026e-05,-8.265071e-06,-8.627614e-05,4.3695673e-05,0.00022787717,-0.00017569828,-0.00015077385,2.8970697e-05,0.00010094543,-0.00016435294,6.54842e-06,5.753203e-05,-0.00018814296,-9.908477e-06,9.152872e-05,-0.0001802433,0.00010587904,9.3746e-05,0.00015588579,1.2928494e-05,0.00011398543,-2.7558464e-05,-4.627613e-05,5.6035395e-05,0.00017005518,-4.9508846e-05,6.093309e-05,6.534894e-05,-2.8693896e-05,7.326051e-05,2.1796586e-05,-1.3329267e-05,1.8606574e-05,6.777946e-05,1.3852948e-06,-2.7781814e-05,3.2797798e-05,-4.4588916e-05,-3.5906254e-05,8.847159e-06,-1.8224357e-05,4.433583e-05,-1.1083755e-05,-2.1540927e-05,1.0290265e-05,-7.502715e-05,2.3129895e-05,-2.2175973e-05,3.661687e-05,-2.4389485e-06
25,5.004637e-05,-9.4523726e-05,-1.6916809e-05,-0.00017217443,-0.0012725516,0.0009009506,-0.00049712934,-0.00020621938,0.0001004208,0.00030434688,0.00018098546,-0.00017356458,0.00021583599,-0.00015153897,0.00035575204,-0.0002451013,-7.9992846e-05,-8.086003e-05,0.0001300464,0.0001636476,8.456975e-05,0.0001357818,0.0001727413,-0.00012575148,-4.9508846e-05,0.00063079066,0.00010290857,-2.5614398e-05,-4.9574875e-05,1.9710642e-05,5.9894177e-05,0.00010350596,7.327656e-05,1.199467e-05,-2.0450876e-05,7.5142784e-06,2.2041842e-05,3.865156e-05,2.7779639e-05,-1.1232863e-05,1.04991244e-07,-8.528428e-05,-4.8221837e-06,4.024177e-05,5.604443e-05,2.129855e-05,-3.4805e-05,-1.3643241e-05,7.25474e-06,-3.6337792e-06
26,7.35403e-05,-5.197469e-05,-0.00017370321,-4.5152956e-05,-1.3782506e-05,-0.00037402933,-6.7685876e-05,0.00010118779,1.2442737e-06,7.67277e-05,2.7575245e-05,2.2867413e-05,-6.590068e-05,-0.00020950237,-3.7835467e-05,-7.904316e-05,-4.628715e-06,0.00010737071,9.630642e-05,0.00012423999,0.00016397295,7.9487734e-05,3.118494e-06,6.977894e-05,6.093309e-05,0.00010290857,0.00019696221,1.7436298e-05,0.00013051214,-6.425603e-06,1.8633309e-05,6.473015e-05,7.537297e-05,2.6314065e-05,-3.7424164e-05,2.2234392e-05,7.891763e-05,1.3153989e-05,-5.306641e-05,-2.4255596e-06,-4.4348326e-07,3.054311e-05,-2.51697e-05,-9.2023365e-06,3.826187e-06,-3.6398043e-05,1.6673506e-05,-1.2252233e-05,1.7528829e-07,-2.6231632e-05
27,-0.00021046013,-0.00010226287,4.9738075e-05,-3.0513937e-05,-8.359278e-05,-5.141289e-05,0.00018211927,-0.00037155542,-7.235032e-05,-9.733238e-05,-0.000143105,-0.00010601246,1.04805695e-05,8.482959e-05,6.953326e-05,-0.00013912059,2.0890351e-05,1.8960049e-05,0.00021456352,-5.5590084e-05,3.0334294e-07,-1.5299624e-05,-8.041505e-05,0.00019721623,6.534894e-05,-2.5614398e-05,1.7436298e-05,0.00019977806,-2.4680361e-05,1.7963806e-05,-4.8149745e-05,3.7966627e-05,-3.7660277e-05,0.00010339034,6.6014027e-06,1.6469934e-05,-4.1453704e-06,-2.6939604e-05,3.6471898e-05,-2.9919383e-05,-1.593378e-05,1.916126e-05,-4.6661876e-06,1.5785477e-06,2.163142e-05,-1.2618107e-05,2.5645086e-06,-4.170939e-05,-2.481053e-05,-1.5202798e-05
28,-0.00013035693,0.00017373769,-0.00031349162,-0.0003099598,0.000372611,-0.0011395342,0.00030597733,-0.00028384523,-0.0002506895,-5.213561e-06,-9.242883e-05,0.00039867993,0.0003906222,1.5585683e-05,-2.1411717e-05,5.6322348e-05,-0.00020343048,0.00012248188,1.670736e-05,-3.3522243e-05,6.2172505e-05,5.2008792e-05,-8.393995e-06,2.6143587e-05,-2.8693896e-05,-4.9574875e-05,0.00013051214,-2.4680361e-05,0.00038134938,7.6780445e-05,1.9190022e-05,4.1008498e-05,1.6374903e-05,-1.7365455e-05,-7.1463332e-06,7.5796896e-05,2.5502482e-05,-8.053123e-07,-4.9414244e-05,-2.7358928e-05,1.5526894e-05,6.4548512e-06,1.2399487e-05,-5.021222e-06,-5.978511e-05,-2.362992e-05,-2.7275952e-05,2.4403786e-05,-1.1937289e-05,-1.2261149e-05
29,0.00010942978,7.147736e-05,-0.000100843215,-9.332232e-05,9.9771336e-05,-0.00010474586,-1.972049e-05,-0.00023322555,-7.1897586e-05,6.5794186e-05,4.075244e-06,0.00021150828,1.0333404e-05,0.0002754823,4.273227e-05,-0.00013175623,-8.545969e-06,-6.1545456e-05,-5.7076202e-05,9.3061724e-05,7.736975e-05,4.2291995e-05,-3.8003272e-05,-8.011093e-05,7.326051e-05,1.9710642e-05,-6.425603e-06,1.7963806e-05,7.6780445e-05,0.00032107296,0.000121026256,-5.4884942e-05,-4.673211e-06,0.000105471656,3.2301e-05,3.6144214e-05,2.755607e-06,-2.9496328e-05,4.1666153e-05,5.846972e-05,-5.5716824e-05,-1.3534067e-05,5.0651284e-05,-1.88042e-05,-6.918952e-06,-4.8188784e-05,-4.038972e-05,-1.6232085e-06,1.33654785e-05,-3.0774558e-05
30,0.0002836135,7.808946e-05,-0.00011381662,-7.49321e-05,-8.19185e-05,0.00010067673,-1.7492805e-05,-9.991911e-05,5.1967378e-05,0.00022179954,-7.081445e-06,0.00016706754,1.3893472e-05,8.2357845e-05,-2.7860548e-05,-7.508894e-05,1.4625038e-05,-8.452199e-05,-5.303431e-05,0.00016516047,5.1383107e-05,0.00010686711,-6.788896e-05,-3.945154e-05,2.1796586e-05,5.9894177e-05,1.8633309e-05,-4.8149745e-05,1.9190022e-05,0.000121026256,0.00022917733,8.490357e-06,6.0079783e-06,6.244346e-06,-5.835667e-05,-3.5881822e-06,-2.1403057e-05,2.1500816e-06,-5.6855893e-05,3.7882342e-05,-7.47389e-05,-2.3063123e-05,-1.0887092e-07,3.2056574e-05,-3.932306e-06,-8.307306e-06,2.0645488e-05,-3.3373115e-05,-6.1723395e-06,3.1649153e-05
31,-0.0003267242,6.075694e-06,-4.9002094e-05,2.924937e-05,0.00021216812,-0.00050841813,8.9483336e-05,0.00032102398,8.0078375e-05,-1.7621267e-05,-9.7942415e-05,-7.725903e-05,-6.369764e-05,-0.0002715461,-0.0001297204,8.728137e-05,-0.00014629547,9.896315e-05,0.0001802988,3.8646114e-05,0.00010502992,-2.3746583e-05,-0.00010073238,-4.3521315e-05,-1.3329267e-05,0.00010350596,6.473015e-05,3.7966627e-05,4.1008498e-05,-5.4884942e-05,8.490357e-06,0.00024732613,-6.333587e-05,-3.5442114e-05,-5.114873e-05,1.211858e-06,2.2105763e-05,1.9918483e-05,1.617769e-05,-1.8885843e-05,2.8477398e-05,-3.1258257e-06,1.4027224e-05,8.63203e-05,-6.760219e-06,-1.3672945e-06,-2.1038006e-05,-4.3939966e-05,-9.488818e-06,1.4663525e-05
32,0.000104346196,-5.6999444e-05,1.0399841e-05,8.4899335e-07,-0.00019148161,0.00017790736,-0.00023309939,0.00021458344,2.6131125e-05,7.171917e-05,7.103314e-05,-8.3472594e-05,-9.8712786e-05,-7.00786e-05,3.0298479e-05,-5.754469e-05,7.645675e-05,-7.298356e-05,-3.9441325e-05,1.7153478e-05,3.7765778e-05,2.5714999e-05,6.444365e-05,2.6287531e-05,1.8606574e-05,7.327656e-05,7.537297e-05,-3.7660277e-05,1.6374903e-05,-4.673211e-06,6.0079783e-06,-6.333587e-05,0.000104783954,2.4694295e-05,1.578902e-05,-1.6116326e-05,4.391674e-05,2.649715e-05,-6.203326e-05,-7.8954945e-06,-3.6735037e-06,-2.6096237e-05,-1.8776593e-05,-4.551201e-05,1.17748405e-05,-3.5523302e-05,-1.8547901e-06,1.358993e-05,-2.5367754e-06,-1.26759405e-05
33,-5.157987e-05,-0.00011163045,2.1592734e-05,-1.6151009e-05,-0.00028915203,-2.5414025e-05,2.2497683e-05,-0.0001502005,-2.5858717e-06,0.00014810442,-0.00015786182,-9.27212e-05,-5.431706e-05,1.644385e-06,-3.4453366e-05,-9.285635e-05,8.143658e-05,-8.0215905e-05,-1.6619715e-06,2.992513e-05,5.2066258e-05,4.3396565e-05,-4.9349535e-05,0.00013919453,6.777946e-05,1.199467e-05,2.6314065e-05,0.00010339034,-1.7365455e-05,0.000105471656,6.244346e-06,-3.5442114e-05,2.4694295e-05,0.0001557707,3.237719e-05,4.8774775e-05,1.1167915e-05,-9.056141e-06,-3.2596238e-06,-1.9712044e-05,-9.4654115e-06,-1.9136638e-05,-2.4980485e-05,-2.2735992e-05,2.9318984e-05,-2.0273066e-05,-1.547514e-05,-6.16314e-06,-1.3629292e-05,-2.455649e-05
34,4.2460477e-05,-4.0201812e-05,6.199679e-05,0.000105031926,0.00014019554,-4.2980704e-05,-1.4527995e-05,0.0001776843,7.699531e-06,-4.1613057e-05,-4.048792e-05,-7.535941e-05,-4.7144422e-05,3.143509e-05,8.255016e-06,2.8327138e-06,3.6656784e-05,-5.035389e-05,-7.311548e-06,-8.614684e-05,-2.7360833e-05,-3.5346577e-05,-6.787508e-06,-3.5680692e-05,1.3852948e-06,-2.0450876e-05,-3.7424164e-05,6.6014027e-06,-7.1463332e-06,3.2301e-05,-5.835667e-05,-5.114873e-05,1.578902e-05,3.237719e-05,7.226493e-05,-5.0830345e-06,9.633279e-06,-1.4842842e-05,1.4405549e-05,-1.5511469e-05,2.2741092e-06,-1.2333168e-05,1.889103e-05,-4.6876186e-05,-7.694804e-06,-1.1314223e-05,-4.7337708e-05,1.758088e-05,-1.2259567e-05,-2.2409974e-06
35,-0.00012844539,-3.7608675e-05,-2.262121e-05,-0.00011157169,-0.0004056777,-4.1858446e-05,0.0001218119,-0.0003245137,-0.00011882,0.00016729401,-3.491247e-05,-3.156158e-06,9.25498e-05,1.0752112e-05,-0.00012265073,7.700491e-05,-3.2880904e-05,-9.629359e-06,-0.00010961775,8.1232254e-05,2.399501e-06,4.5501525e-05,2.6076384e-06,7.436449e-05,-2.7781814e-05,7.5142784e-06,2.2234392e-05,1.6469934e-05,7.5796896e-05,3.6144214e-05,-3.5881822e-06,1.211858e-06,-1.6116326e-05,4.8774775e-05,-5.0830345e-06,0.00011739086,-1.40516695e-05,-9.779875e-06,2.512417e-05,-2.8702045e-06,3.896826e-05,1.6353031e-05,-1.38439555e-05,1.3716102e-05,4.1333064e-05,3.176264e-05,5.495175e-06,1.681676e-07,8.359422e-06,-1.6705708e-06
36,-1.7410206e-05,-9.860263e-06,-4.4037955e-05,6.656072e-05,0.00015607978,-0.00011421878,-0.000113909846,0.00031997517,5.5999306e-05,1.9292744e-05,5.0890587e-05,-5.2028074e-05,-0.00014211446,-0.00011792913,-5.9196944e-05,1.6812899e-05,-3.0647088e-06,4.4939672e-05,5.9976774e-05,5.1241994e-05,8.9831665e-05,4.118984e-05,-2.218282e-05,-5.1887007e-05,3.2797798e-05,2.2041842e-05,7.891763e-05,-4.1453704e-06,2.5502482e-05,2.755607e-06,-2.1403057e-05,2.2105763e-05,4.391674e-05,1.1167915e-05,9.633279e-06,-1.40516695e-05,8.325734e-05,-1.6566152e-06,9.300182e-06,8.907307e-06,-1.3344884e-08,-3.0118968e-06,-3.4698e-06,-3.354798e-05,-1.4796447e-05,-3.104409e-05,-4.9976525e-06,6.067058e-06,-5.727414e-07,-1.1461323e-05
37,-8.691264e-05,-1.1315207e-05,6.9582566e-05,6.062407e-05,7.189732e-06,0.000117642994,-3.1631338e-05,0.00024990673,-4.0198254e-05,1.9787643e-05,6.1011386e-05,-8.261551e-05,-6.50464e-05,-2.9696868e-05,-7.6985e-05,7.882371e-05,-4.7429712e-05,-2.9324538e-05,-6.582051e-05,1.0126787e-05,-3.3586824e-05,-1.6393906e-06,3.407521e-05,4.557196e-06,-4.4588916e-05,3.865156e-05,1.3153989e-05,-2.6939604e-05,-8.053123e-07,-2.9496328e-05,2.1500816e-06,1.9918483e-05,2.649715e-05,-9.056141e-06,-1.4842842e-05,-9.779875e-06,-1.6566152e-06,5.8962014e-05,-1.929521e-05,-9.705935e-06,5.022509e-06,-3.8721526e-05,-2.0041629e-05,6.582287e-06,1.124867e-05,-3.2687258e-06,-2.6248217e-06,-4.089516e-06,-1.979603e-05,-1.0277759e-05
38,-0.00021754534,4.3639102e-05,2.565077e-05,-2.7805974e-05,6.0660626e-05,0.00018269134,9.105762e-05,-8.269292e-05,-0.000100144665,-1.996803e-06,6.987678e-05,-1.4121453e-05,7.1864124e-05,0.00015638872,-3.7094128e-06,6.360702e-05,-0.0001551033,1.2370965e-05,1.9191946e-05,1.5390683e-06,-5.713964e-06,6.258292e-06,-9.071432e-06,-0.0001474474,-3.5906254e-05,2.7779639e-05,-5.306641e-05,3.6471898e-05,-4.9414244e-05,4.1666153e-05,-5.6855893e-05,1.617769e-05,-6.203326e-05,-3.2596238e-06,1.4405549e-05,2.512417e-05,9.300182e-06,-1.929521e-05,0.00016412938,4.0423565e-05,-8.769337e-06,2.3484361e-05,3.833443e-06,-1.8732164e-05,2.165879e-05,2.8205972e-05,9.20599e-06,-1.6499276e-05,-2.6288646e-06,-1.5918862e-05
39,-2.7821452e-06,1.3052162e-05,2.6377559e-06,3.1266456e-05,6.523082e-05,0.00020273443,-3.685808e-05,-1.7199649e-05,-4.880457e-07,1.221825e-05,0.00010479899,2.3645847e-05,-0.00012420845,8.575466e-05,-4.4386343e-05,-1.2750334e-05,3.7126316e-05,5.7420457e-06,-7.1488714e-05,0.0001036165,3.606209e-05,5.870494e-06,8.541936e-06,-6.4453314e-05,8.847159e-06,-1.1232863e-05,-2.4255596e-06,-2.9919383e-05,-2.7358928e-05,5.846972e-05,3.7882342e-05,-1.8885843e-05,-7.8954945e-06,-1.9712044e-05,-1.5511469e-05,-2.8702045e-06,8.907307e-06,-9.705935e-06,4.0423565e-05,6.426319e-05,-2.029035e-05,4.1105384e-05,3.224518e-05,1.8951262e-06,5.731754e-06,6.68954e-06,1.4917298e-05,-6.211275e-06,1.6851272e-05,-2.0718271e-05
40,-3.211693e-05,-3.635938e-05,6.681136e-05,-3.4853038e-05,-0.0002793712,7.887653e-05,-0.00011028645,-4.9311537e-05,-1.6403646e-05,-9.214153e-05,6.0204744e-05,-7.28874e-05,-8.453551e-06,-8.493742e-05,-7.715211e-06,9.159445e-05,2.2735258e-06,5.6277648e-05,-3.362873e-05,-2.2246179e-05,-3.0512165e-05,-5.8269667e-05,6.409304e-05,6.194078e-05,-1.8224357e-05,1.04991244e-07,-4.4348326e-07,-1.593378e-05,1.5526894e-05,-5.5716824e-05,-7.47389e-05,2.8477398e-05,-3.6735037e-06,-9.4654115e-06,2.2741092e-06,3.896826e-05,-1.3344884e-08,5.022509e-06,-8.769337e-06,-2.029035e-05,8.658873e-05,-1.5474767e-05,1.3259834e-05,3.2289412e-05,1.9353582e-05,-3.517649e-06,-6.975174e-06,1.9775873e-05,3.5139306e-05,-6.058731e-07
41,-8.1696344e-05,-4.257478e-05,-7.950629e-05,-5.73216e-06,0.00018851168,-0.0003198772,0.00012806675,-9.66928e-05,1.286734e-05,-1.39605745e-05,-6.262347e-05,1.9930378e-05,-0.000104621846,-3.649653e-05,-8.1547754e-05,-5.905943e-05,7.272502e-05,2.740994e-05,5.75178e-06,4.1314168e-05,0.00010183627,-3.7686208e-05,-3.3142584e-05,-1.28881065e-05,4.433583e-05,-8.528428e-05,3.054311e-05,1.916126e-05,6.4548512e-06,-1.3534067e-05,-2.3063123e-05,-3.1258257e-06,-2.6096237e-05,-1.9136638e-05,-1.2333168e-05,1.6353031e-05,-3.0118968e-06,-3.8721526e-05,2.3484361e-05,4.1105384e-05,-1.5474767e-05,0.00012872294,2.5483764e-06,-4.9889886e-06,1.0655413e-05,2.7015492e-05,2.4984663e-05,-7.648601e-06,2.4670404e-05,-1.4505336e-05
42,0.00011977538,-4.8514732e-05,8.356067e-05,5.3908792e-05,3.9577553e-05,0.000112992275,-8.023508e-06,-0.00010535812,1.9249055e-05,-9.465874e-05,9.213023e-06,-2.9372874e-05,-8.086139e-05,5.5008684e-05,4.019112e-05,-3.889548e-05,0.00010068744,2.11246e-06,-2.2261702e-05,-2.2769614e-06,-2.3792192e-05,-7.111225e-05,1.3632258e-05,4.2816442e-05,-1.1083755e-05,-4.8221837e-06,-2.51697e-05,-4.6661876e-06,1.2399487e-05,5.0651284e-05,-1.0887092e-07,1.4027224e-05,-1.8776593e-05,-2.4980485e-05,1.889103e-05,-1.38439555e-05,-3.4698e-06,-2.0041629e-05,3.833443e-06,3.224518e-05,1.3259834e-05,2.5483764e-06,0.00011930167,3.107759e-05,-2.517128e-05,-7.885168e-06,-3.7826292e-05,-1.0241154e-06,-9.760909e-07,-2.6975635e-05
43,5.57358e-07,-2.0455702e-05,8.305803e-06,-6.916179e-05,-0.00029977137,-8.333203e-06,1.5020836e-05,-0.00024111477,4.764089e-05,3.3232456e-05,-6.531121e-05,4.9668924e-06,5.17383e-05,-9.0018926e-05,3.2058088e-06,-1.4783581e-06,1.4497904e-05,8.479011e-06,-5.240241e-06,4.36066e-05,1.3466555e-05,-2.4277651e-05,4.948576e-06,6.024754e-05,-2.1540927e-05,4.024177e-05,-9.2023365e-06,1.5785477e-06,-5.021222e-06,-1.88042e-05,3.2056574e-05,8.63203e-05,-4.551201e-05,-2.2735992e-05,-4.6876186e-05,1.3716102e-05,-3.354798e-05,6.582287e-06,-1.8732164e-05,1.8951262e-06,3.2289412e-05,-4.9889886e-06,3.107759e-05,8.5478816e-05,-2.0972257e-06,2.3641056e-05,1.2294855e-06,-3.0614933e-06,1.9308987e-05,-1.085521e-06
44,-0.00010357481,-8.551088e-05,0.00010912158,5.6128083e-05,-0.0003621176,0.00042813833,-0.00013653186,-5.990052e-06,-5.6305296e-05,6.6627326e-06,9.9232e-05,-0.00016683558,-0.00011585549,6.2304534e-05,-2.9126357e-05,1.2674236e-05,-1.3801279e-06,-7.76408e-05,-2.9670447e-05,2.2934897e-05,-1.0222417e-05,-3.649466e-05,3.4716337e-05,2.8743958e-05,1.0290265e-05,5.604443e-05,3.826187e-06,2.163142e-05,-5.978511e-05,-6.918952e-06,-3.932306e-06,-6.760219e-06,1.17748405e-05,2.9318984e-05,-7.694804e-06,4.1333064e-05,-1.4796447e-05,1.124867e-05,2.165879e-05,5.731754e-06,1.9353582e-05,1.0655413e-05,-2.517128e-05,-2.0972257e-06,7.782765e-05,-1.02707745e-05,2.5342926e-05,-3.344108e-05,1.7821965e-05,1.1173412e-05
45,-9.8845136e-05,-2.3726407e-06,-3.995111e-06,-0.00014665007,-0.00026734194,6.561367e-05,0.00017745461,-0.00025538274,1.4422933e-05,0.00019572035,-8.307047e-05,-1.377365e-05,0.0001159806,-5.4422315e-05,-6.6201654e-05,3.0438605e-05,2.709779e-05,-1.4149933e-05,-9.0995e-05,7.781111e-05,-2.4551155e-05,6.9465816e-05,4.1274455e-07,-6.429185e-06,-7.502715e-05,2.129855e-05,-3.6398043e-05,-1.2618107e-05,-2.362992e-05,-4.8188784e-05,-8.307306e-06,-1.3672945e-06,-3.5523302e-05,-2.0273066e-05,-1.1314223e-05,3.176264e-05,-3.104409e-05,-3.2687258e-06,2.8205972e-05,6.68954e-06,-3.517649e-06,2.7015492e-05,-7.885168e-06,2.3641056e-05,-1.02707745e-05,8.921952e-05,-4.193722e-06,2.5671388e-05,-1.0651465e-05,-4.8119377e-06
46,4.0584695e-05,1.471749e-05,-5.053587e-05,-5.91586e-05,-0.00015542415,8.643382e-05,-1.541511e-05,-0.00020116474,-2.6634776e-05,4.3447333e-05,9.430556e-06,6.935897e-05,7.941807e-05,3.004089e-05,3.368574e-05,-1.12449325e-05,-3.350336e-05,-1.7446382e-05,-1.1329208e-05,-2.0001296e-06,2.6202188e-05,3.54695e-06,1.9814866e-05,2.8223527e-05,2.3129895e-05,-3.4805e-05,1.6673506e-05,2.5645086e-06,-2.7275952e-05,-4.038972e-05,2.0645488e-05,-2.1038006e-05,-1.8547901e-06,-1.547514e-05,-4.7337708e-05,5.495175e-06,-4.9976525e-06,-2.6248217e-06,9.20599e-06,1.4917298e-05,-6.975174e-06,2.4984663e-05,-3.7826292e-05,1.2294855e-06,2.5342926e-05,-4.193722e-06,7.421611e-05,-2.0053052e-05,1.51547565e-05,2.4213373e-06
47,0.00015580386,7.710441e-06,-4.3246455e-05,-6.1772254e-05,-0.00013051287,-8.874469e-05,-2.0769174e-05,-0.000108451146,3.7727506e-05,5.3416123e-05,-3.1086412e-05,6.147759e-05,8.6522996e-05,-6.440113e-05,3.1107716e-05,-4.9136183e-06,4.5822475e-05,9.547615e-06,-6.515462e-05,1.2927292e-06,3.3841354e-07,2.4835797e-05,4.263599e-05,-1.786409e-05,-2.2175973e-05,-1.3643241e-05,-1.2252233e-05,-4.170939e-05,2.4403786e-05,-1.6232085e-06,-3.3373115e-05,-4.3939966e-05,1.358993e-05,-6.16314e-06,1.758088e-05,1.681676e-07,6.067058e-06,-4.089516e-06,-1.6499276e-05,-6.211275e-06,1.9775873e-05,-7.648601e-06,-1.0241154e-06,-3.0614933e-06,-3.344108e-05,2.5671388e-05,-2.0053052e-05,5.4176922e-05,1.526602e-05,-1.3746198e-05
48,0.00012602251,-5.789797e-06,-2.5567771e-05,-6.282408e-05,-0.00027928525,0.00011154967,-0.00019605597,-0.00016896665,3.2596825e-05,-6.7416506e-05,7.2425406e-05,2.9640381e-05,-1.5839863e-05,1.7118292e-06,7.782983e-05,-4.43046e-05,3.0417206e-05,-3.8658814e-06,5.0981644e-06,1.153578e-05,4.645109e-05,-4.643746e-05,5.1900213e-05,-3.5946643e-05,3.661687e-05,7.25474e-06,1.7528829e-07,-2.481053e-05,-1.1937289e-05,1.33654785e-05,-6.1723395e-06,-9.488818e-06,-2.5367754e-06,-1.3629292e-05,-1.2259567e-05,8.359422e-06,-5.727414e-07,-1.979603e-05,-2.6288646e-06,1.6851272e-05,3.5139306e-05,2.4670404e-05,-9.760909e-07,1.9308987e-05,1.7821965e-05,-1.0651465e-05,1.51547565e-05,1.526602e-05,6.281183e-05,7.950948e-06
49,8.120785e-06,4.123496e-05,8.132967e-06,4.505591e-05,1.2333667e-05,8.349094e-05,-4.6588775e-05,0.000104398656,1.7474656e-05,-3.9956376e-05,4.422328e-05,-1.2290507e-05,-1.718911e-06,2.6248399e-05,-4.2077504e-06,4.3221655e-05,-4.1077335e-05,-1.6603852e-05,5.8440215e-05,-2.2009583e-05,-3.854745e-05,9.926454e-07,-3.606786e-05,-5.6765897e-05,-2.4389485e-06,-3.6337792e-06,-2.6231632e-05,-1.5202798e-05,-1.2261149e-05,-3.0774558e-05,3.1649153e-05,1.4663525e-05,-1.26759405e-05,-2.455649e-05,-2.2409974e-06,-1.6705708e-06,-1.1461323e-05,-1.0277759e-05,-1.5918862e-05,-2.0718271e-05,-6.058731e-07,-1.4505336e-05,-2.6975635e-05,-1.085521e-06,1.1173412e-05,-4.8119377e-06,2.4213373e-06,-1.3746198e-05,7.950948e-06,5.8225305e-05
