,0,1,2,3,4,5,6,7,8,9,10,11,12,13,14,15,16,17,18,19,20,21,22,23,24,25,26,27,28,29,30,31,32,33,34,35,36,37,38,39,40,41,42,43,44,45,46,47,48,49
0,41.976772,-42.364517,38.66353,0.018488307,0.010771116,0.011736743,-0.015629642,0.0053812624,-0.002257924,-0.0066511864,0.0015202825,-0.0043200254,-0.00093464216,0.001513097,0.0016225234,-0.0018335457,0.0021876479,0.0033299532,-0.0009873987,-0.0007597954,0.0025788017,3.167239e-05,0.0016154475,0.0019245615,-0.0015322093,-0.0008472394,0.0009704933,0.0019678653,-0.0010743019,-0.0007090167,-0.0005150902,0.00072265114,5.9696977e-06,0.00048836024,-0.0003894471,-0.000100787554,-0.00016537099,0.0008635602,-0.0011146235,-5.784929e-05,0.00019097354,-0.0001906818,-6.108789e-06,-8.726539e-05,-8.370342e-05,-4.234368e-05,4.8910397e-11,5.0468713e-12,4.195392e-11,-3.7956496e-11
1,-42.364517,182.51631,3.2233677,0.03688857,0.002497386,-0.0060441196,-0.0046663973,0.000564777,-0.0047073117,-0.0005671571,0.0036590209,0.002485794,-0.0015608595,-0.00015451713,-0.00051890896,-0.00088937004,0.0007902286,0.0009837269,-0.00019826248,-0.0004847016,-0.0007147831,-0.00040581872,-0.0009728421,-0.0008780994,0.0017526557,-0.00011839201,-0.0006123398,-0.000112354865,0.000991788,-0.0006984231,0.00022895279,-0.00036938628,0.0010083064,-0.00039825327,-1.4035277e-05,-0.00046367635,0.00059629005,-0.00057441107,0.00018797506,-8.1690174e-05,0.00012486502,0.00030023634,-0.00020310676,-9.912038e-05,0.0001786323,-7.524777e-05,5.8181767e-12,-4.3714386e-11,-1.7288001e-11,-2.8596077e-11
2,38.66353,3.2233677,48.40543,0.020565614,-0.01995219,-0.017288987,0.006980859,0.012030473,-0.0015902661,-0.0036921431,-0.0008532674,0.0036894132,0.0009652034,-0.00030174037,0.00240546,0.0003645456,0.00076405867,-0.00020415342,-0.0024991026,-0.0012852456,0.0017379443,-0.00063644757,-0.0015032631,0.00015711412,-0.0012580538,-0.00029904232,0.0004784235,0.0005727598,-0.0001322669,-0.0011452938,0.00012022017,0.0009056708,0.0009185194,0.0005993803,-0.00026982924,-0.00015488965,0.0005292456,7.1327915e-05,-0.00079478195,0.00024653837,0.00036155691,-0.0002246012,-0.00045780104,-0.00015388473,-0.0001229207,-9.707743e-05,-1.3485163e-10,-8.745117e-11,1.5827971e-11,1.0314981e-10
3,0.018488307,0.03688857,0.020565614,0.77438617,-0.006373047,-0.012537103,-0.007299916,0.0002537758,-0.00012059087,0.0019489976,0.0027541043,-0.000715354,-0.0042051305,0.004405999,-0.006165832,0.0038957456,0.0048082722,0.000104906314,0.0031797802,0.0006842536,-0.0048481924,0.00068731233,0.0017031913,0.00027522788,0.00038534353,-0.0017394526,0.0007942016,-0.0006193728,-0.0010466913,0.0006363849,-0.0002323443,-0.0016461781,0.0009843041,0.0018139445,0.0016045742,0.00018040628,-0.0007119162,0.00080441724,-0.0006922405,0.00060488866,-0.0002816256,-0.00031051325,-0.00030585343,-9.5245865e-05,-6.000603e-05,-5.647759e-05,6.936687e-11,-5.8080385e-10,4.8046053e-11,-2.5173336e-10
4,0.010771116,0.002497386,-0.01995219,-0.006373047,0.25389722,-0.0061581186,-0.0123963365,0.0018935017,-0.004978941,-0.0015370992,-7.630191e-06,-0.0034532594,0.0052801273,0.0038837136,-0.005546435,0.0024966814,-0.00094678765,-0.0037874542,0.0058134533,-0.0023749461,-0.004090587,-0.0006475878,-0.0011194785,0.00036194653,0.0011931586,0.00048406346,-0.0016305151,0.00037628203,-0.0012774782,0.0014495126,-0.00072525116,-0.00028518395,0.00033872854,0.0007108456,0.00019839726,0.00012166993,-0.00013050763,0.00034120324,-0.00060106016,-0.00018387234,-0.00026960392,-0.00023884772,6.438338e-05,-0.00010042284,7.390232e-05,7.152052e-05,6.5373756e-10,-1.548334e-10,2.0014226e-10,2.1459393e-10
5,0.011736743,-0.0060441196,-0.017288987,-0.012537103,-0.0061581186,0.15034537,-0.0068925316,0.00037348585,1.5164737e-05,0.0016173212,0.0026324694,-0.0004452609,-0.0032045245,0.004597798,-0.0057737064,0.004748523,0.004279729,0.00035747653,0.003271317,0.00093420746,-0.0040650787,7.981313e-06,0.0018304889,0.00010554261,0.00027174063,-0.0012239506,0.0012449832,-0.00032109226,-0.0011818507,0.0008917935,-0.0004937636,-0.0015261511,0.00046063645,0.001712562,0.0015560114,0.00048590073,-0.0007522607,0.0007540504,-0.00061150116,0.0006851094,-0.0003299799,-0.0003109793,-0.00026788458,-6.5032116e-05,-7.617753e-05,-7.0124865e-05,6.289955e-10,-3.96466e-10,-1.5036956e-10,-4.3712806e-10
6,-0.015629642,-0.0046663973,0.006980859,-0.007299916,-0.0123963365,-0.0068925316,0.0909777,0.0042114398,-0.005684351,-0.0017411999,0.0024827374,-0.0023474256,0.010978637,-0.0009797073,-0.005642746,0.0050153276,-0.0014950058,-0.0017002013,0.0049230875,-0.0050580045,-0.003555885,-0.0012173376,-0.0024317028,0.00074170803,0.0021051539,-0.0020513167,-0.0010653845,-0.001389425,-5.2224084e-05,0.0004469913,0.0012338036,-0.0018284703,0.0006831056,0.0008760976,-0.0006838406,-0.0002523425,1.6100668e-05,-3.8886672e-05,-0.001189207,0.0017092095,-0.00030293025,-0.00027914668,-0.000827902,-0.00017523958,-0.00016379404,-0.00012836269,-4.1144782e-10,-4.1606507e-10,2.8200242e-10,2.634306e-10
7,0.0053812624,0.000564777,0.012030473,0.0002537758,0.0018935017,0.00037348585,0.0042114398,0.08053769,0.00019536444,0.0007121071,-0.00027323904,0.0009823155,-0.0029548737,0.0019085883,0.0007453039,-0.0021421048,-0.00023247008,-0.0013863781,-0.0012400695,0.00075218134,0.00057210925,0.0010654975,0.0016677675,0.00043927925,-0.0005822531,0.00024736038,-5.859761e-05,-0.0002407385,-1.7459142e-05,2.4085315e-05,-0.0002799189,-0.00013711894,-0.000105641055,-0.000118368465,0.0004202939,-0.00011412617,0.0001393047,0.00022114314,-6.8361696e-05,-1.9053721e-05,-6.5928085e-05,2.7921724e-05,0.00010046424,9.847851e-06,1.565689e-05,9.455314e-06,4.8207632e-11,-3.1236502e-10,-1.6514518e-10,1.356526e-10
8,-0.002257924,-0.0047073117,-0.0015902661,-0.00012059087,-0.004978941,1.5164737e-05,-0.005684351,0.00019536444,0.06704929,-0.0011373934,-0.0004343065,5.3976706e-05,0.0044297483,0.0008649958,-0.0019597858,-0.00080220215,-0.0023008878,-0.0031429338,-0.0004650898,-0.0019768802,-0.0013165369,-0.00078283774,0.00030442112,0.0008938994,-0.00019048514,0.00046436937,-0.0014082957,-0.00011501959,-0.0005103976,0.00089621637,-7.55485e-05,-0.0009820259,-0.0004085967,-0.00022941231,-0.00025586365,-0.0009951758,0.0010257901,-0.000120794844,-0.0007595186,-3.5672514e-05,-0.00048184046,-0.0006831922,8.2788385e-05,-0.0001762133,0.00021069622,0.0001838667,3.5081277e-10,-4.5239642e-11,-2.6494162e-10,-2.8649349e-11
9,-0.0066511864,-0.0005671571,-0.0036921431,0.0019489976,-0.0015370992,0.0016173212,-0.0017411999,0.0007121071,-0.0011373934,0.055123173,-0.00043409172,-0.00043715612,0.0034925235,-0.00041815394,-0.00069774827,0.0003127065,-0.00095929037,-0.0004485083,0.00082174427,-0.0013961704,0.0008465413,-0.00062632037,-0.0010177279,-0.00027130658,0.0003590113,0.00062484376,-0.00019833661,0.00049565075,6.949663e-05,0.0003095349,-0.00057163317,0.0001764081,-0.00034853414,-0.00048958673,1.295135e-05,-3.1294308e-06,0.0004197752,-0.00031147973,0.00021537274,-0.00016614958,2.3717974e-05,0.00016456618,0.00012929023,5.1294e-07,2.3146993e-05,2.532688e-05,-1.2052706e-10,-3.143405e-10,-4.1745028e-12,1.4830842e-10
10,0.0015202825,0.0036590209,-0.0008532674,0.0027541043,-7.630191e-06,0.0026324694,0.0024827374,-0.00027323904,-0.0004343065,-0.00043409172,0.049937505,-0.000745724,0.000400491,0.00028437533,0.0014264097,-0.0013027419,-0.0015837232,-0.001230814,0.0002543216,0.0003716227,0.00033207904,-6.16648e-05,-0.0003701074,-9.358266e-05,-2.589112e-05,0.0008343506,-0.0007030141,0.0004598012,-5.3138836e-05,0.00015965413,-0.00013278604,0.0008722554,-0.00014766115,-0.0002590926,-0.00052101753,3.341736e-05,-0.00016442068,0.000115690855,0.000107032385,-0.00065954117,5.5234268e-05,-5.4663244e-05,0.0002478278,3.417158e-05,7.8811296e-05,6.0753715e-05,-2.8973846e-10,-2.4200994e-11,4.1448386e-11,-1.6233528e-10
11,-0.0043200254,0.002485794,0.0036894132,-0.000715354,-0.0034532594,-0.0004452609,-0.0023474256,0.0009823155,5.3976706e-05,-0.00043715612,-0.000745724,0.032020863,0.00036697637,0.0002777796,-0.0004256169,-4.8899885e-05,-0.00032024848,-0.0003904518,0.0030121817,-0.00016696601,-0.0023534528,0.00018826396,-0.0017829423,6.990973e-05,0.00050529675,0.0006485093,-0.0014008534,0.00038859824,-0.00071791315,-6.0625913e-05,0.00018277258,0.0011076033,0.00077580556,0.0002567064,-0.00049377757,0.00044362876,-0.00044638367,-0.000120966135,0.0001620976,-0.00044600404,0.00022775802,0.00028325798,9.365478e-05,2.7094997e-05,-1.214439e-05,-7.0243723e-06,8.95003e-11,-6.841566e-12,-1.6489426e-10,-7.280251e-13
12,-0.00093464216,-0.0015608595,0.0009652034,-0.0042051305,0.0052801273,-0.0032045245,0.010978637,-0.0029548737,0.0044297483,0.0034925235,0.000400491,0.00036697637,0.021185976,0.0025267247,0.0010668593,-0.0030525771,0.0041349847,0.0014325448,-0.0018399265,0.0040196236,-0.0025458601,0.0026595388,0.0025412443,0.00066788436,-0.001456894,-0.00026134588,-1.2983986e-05,-0.00043235376,-0.0008669542,-0.00084088463,0.0003019455,0.00026230642,0.0012406295,0.0008155314,0.0009968958,0.00017251521,-0.00049916096,0.0003060338,0.00017475814,-0.00029117765,0.00017486172,0.00019701474,0.00010182586,2.9782837e-05,-2.4612905e-06,-1.1362925e-05,-4.242902e-11,3.158627e-11,1.1655118e-11,3.4340692e-12
13,0.001513097,-0.00015451713,-0.00030174037,0.004405999,0.0038837136,0.004597798,-0.0009797073,0.0019085883,0.0008649958,-0.00041815394,0.00028437533,0.0002777796,0.0025267247,0.022683097,0.0018070091,0.0006686783,0.001029911,0.004688626,-0.002763723,-0.000830016,0.00038182287,-0.0012619002,-0.0030692932,-0.00067574275,0.00031307622,-0.0012451998,3.7971608e-05,-4.8238457e-05,0.0010400629,-0.0012709138,0.001529918,0.00011111989,0.0005640391,-0.0004252695,-0.0012066709,-0.0008489347,0.00041965226,-0.00087511353,0.00026135656,-0.00015407943,0.00025149423,-0.00014714786,-0.00020301824,-6.258786e-05,5.8198275e-05,3.7458678e-05,-9.0302925e-11,-5.2759998e-11,9.328177e-11,3.2566685e-11
14,0.0016225234,-0.00051890896,0.00240546,-0.006165832,-0.005546435,-0.0057737064,-0.005642746,0.0007453039,-0.0019597858,-0.00069774827,0.0014264097,-0.0004256169,0.0010668593,0.0018070091,0.022358073,0.0018742278,0.0034910084,-0.00023436165,0.002106092,-0.0023505474,-0.0018630468,0.00019659419,-0.00036730198,-0.00034791656,0.00075956725,-0.0007060555,0.00021682295,0.00035799993,-0.0002393464,0.0007215777,-0.0014404997,-0.0013490146,0.0004912962,0.00018651658,0.0018634379,-0.0005952886,0.0008404392,-0.0001291073,3.9391445e-05,-0.00015311925,-0.00011898825,0.000116975454,9.888607e-05,-0.00012315705,8.0840255e-05,5.911795e-05,-2.2098543e-11,-8.8197796e-11,3.2286028e-11,-5.2823787e-11
15,-0.0018335457,-0.00088937004,0.0003645456,0.0038957456,0.0024966814,0.004748523,0.0050153276,-0.0021421048,-0.00080220215,0.0003127065,-0.0013027419,-4.8899885e-05,-0.0030525771,0.0006686783,0.0018742278,0.01651855,-0.0017630002,-0.0032168687,-0.0019022899,-0.00090609107,0.0003107392,0.0029117689,0.0005578698,0.0012073129,-0.00044796563,0.00026851287,-0.0022112424,-0.00077614875,0.0003826219,-0.00078320515,0.00025160506,0.00034014985,0.0008777493,-0.0007874428,-2.7417004e-06,-0.00080117676,0.0007966121,-0.00018663093,3.7843114e-05,-0.00027566846,0.00019312638,0.00044697773,0.00015594397,-2.6029627e-05,4.9932773e-05,4.0575702e-05,-2.0872723e-10,-2.1836677e-10,1.7385905e-10,1.1869974e-10
16,0.0021876479,0.0007902286,0.00076405867,0.0048082722,-0.00094678765,0.004279729,-0.0014950058,-0.00023247008,-0.0023008878,-0.00095929037,-0.0015837232,-0.00032024848,0.0041349847,0.001029911,0.0034910084,-0.0017630002,0.014891391,-0.0035795798,0.00024256787,-0.00036969339,0.0015483052,-0.00033801817,0.00041983975,0.00086679636,-0.00019175952,0.0013410336,-0.0011528948,-0.00033840278,-0.000120572404,0.00032490882,0.00051495084,0.0007013573,-0.000901007,-0.0004383946,-0.0014515176,0.0004251153,-0.00019887582,0.00015859382,-0.00039739435,0.00039801537,-0.00014600946,-0.00011040132,-4.8966198e-05,5.463705e-05,-4.9925795e-05,-3.0785865e-05,2.2915805e-11,-4.3167174e-14,1.3436408e-10,1.3241117e-10
17,0.0033299532,0.0009837269,-0.00020415342,0.000104906314,-0.0037874542,0.00035747653,-0.0017002013,-0.0013863781,-0.0031429338,-0.0004485083,-0.001230814,-0.0003904518,0.0014325448,0.004688626,-0.00023436165,-0.0032168687,-0.0035795798,0.011326284,0.0016149795,-0.0013071671,0.00073019555,0.0018533369,0.0015643146,0.00067540957,0.0005899672,5.663895e-05,-0.0013228982,-0.0006103002,0.00052090304,0.0006854872,-0.0005611452,-1.9555111e-05,-7.560529e-05,-0.00013895199,4.8589573e-05,-0.00027825637,-0.00024073792,0.0010418331,-0.0005637541,-0.00022657738,-0.00014875128,-8.889019e-05,0.00013091206,1.0552025e-05,2.0791982e-05,2.8222305e-05,-1.2758644e-10,6.264826e-11,3.6464207e-11,-9.343748e-12
18,-0.0009873987,-0.00019826248,-0.0024991026,0.0031797802,0.0058134533,0.003271317,0.0049230875,-0.0012400695,-0.0004650898,0.00082174427,0.0002543216,0.0030121817,-0.0018399265,-0.002763723,0.002106092,-0.0019022899,0.00024256787,0.0016149795,0.012047939,0.00065226236,0.0013334103,-0.0002512138,0.0012837613,0.0004623459,-0.0012844922,-0.00038338444,0.00042524186,-0.00048650848,0.00039883752,-0.00051512034,0.00069318205,-0.0009292101,-0.0004144519,-0.0004843028,-0.00016016267,-0.0009962652,0.0009813813,-0.00044371004,-0.00018965566,0.00024420195,-0.00021898618,-0.000469035,-6.256472e-05,-9.668103e-05,0.00012255678,9.4680756e-05,-2.49615e-12,1.588385e-10,-1.0726012e-10,-9.1257626e-11
19,-0.0007597954,-0.0004847016,-0.0012852456,0.0006842536,-0.0023749461,0.00093420746,-0.0050580045,0.00075218134,-0.0019768802,-0.0013961704,0.0003716227,-0.00016696601,0.0040196236,-0.000830016,-0.0023505474,-0.00090609107,-0.00036969339,-0.0013071671,0.00065226236,0.012324338,0.0007196626,0.0006752742,-0.0012154414,4.5886707e-05,0.00090915896,-0.00063194917,-0.00064694084,-0.00031762177,0.0007731946,-9.686359e-05,-0.00039831127,-0.00064786,0.00036089192,-0.0006107718,0.0004774235,-0.0006583741,0.0008941451,-0.00035162896,7.052574e-05,0.00020140549,8.2018276e-05,0.00037835666,-7.208825e-05,-6.2324485e-05,-1.6226018e-05,-1.4941352e-05,-4.534317e-11,1.12234645e-10,-1.3838419e-10,-6.769148e-11
20,0.0025788017,-0.0007147831,0.0017379443,-0.0048481924,-0.004090587,-0.0040650787,-0.003555885,0.00057210925,-0.0013165369,0.0008465413,0.00033207904,-0.0023534528,-0.0025458601,0.00038182287,-0.0018630468,0.0003107392,0.0015483052,0.00073019555,0.0013334103,0.0007196626,0.0070980084,-6.6575696e-05,-0.00063992315,0.0009537449,-0.00047646754,0.00031976588,-0.0016439632,-3.2479704e-05,-0.0017527605,-1.9279356e-05,0.00081857236,5.900773e-06,0.001098214,0.0008600166,-0.00025783703,-7.906672e-05,2.0823678e-05,-0.00034932623,-0.0003892096,-7.445559e-05,-9.697623e-05,-0.00024876453,-3.042984e-05,-0.00011735969,9.5087285e-05,7.7978446e-05,-7.310351e-11,6.342833e-11,-9.927323e-11,1.113023e-11
21,3.167239e-05,-0.00040581872,-0.00063644757,0.00068731233,-0.0006475878,7.981313e-06,-0.0012173376,0.0010654975,-0.00078283774,-0.00062632037,-6.16648e-05,0.00018826396,0.0026595388,-0.0012619002,0.00019659419,0.0029117689,-0.00033801817,0.0018533369,-0.0002512138,0.0006752742,-6.6575696e-05,0.009320893,-0.00044064334,-0.00035216636,-0.00040607704,0.00086161616,0.00069188944,0.0007524763,-0.00067477196,0.0005600754,-1.4486691e-05,3.1631527e-05,-0.0009286454,6.201687e-05,-0.00049983285,0.00028429492,5.5545308e-05,-0.00031641312,-2.8660288e-05,-3.1553031e-06,-0.00021954688,-0.00044096282,4.6013134e-05,-1.9270163e-05,7.077328e-05,6.137841e-05,-1.5201745e-10,-2.7866452e-11,5.5889057e-11,5.4399756e-11
22,0.0016154475,-0.0009728421,-0.0015032631,0.0017031913,-0.0011194785,0.0018304889,-0.0024317028,0.0016677675,0.00030442112,-0.0010177279,-0.0003701074,-0.0017829423,0.0025412443,-0.0030692932,-0.00036730198,0.0005578698,0.00041983975,0.0015643146,0.0012837613,-0.0012154414,-0.00063992315,-0.00044064334,0.00828553,-0.0006057696,0.00084655744,-0.00015969898,-0.0006646074,0.00046452912,0.00029255112,-0.00043847988,0.0002744642,0.0007242712,0.00065825135,-0.00022355141,-0.0005108513,-0.00013201124,2.1823576e-05,-0.00045712726,0.00038018398,-0.00049662834,0.00030288505,0.00026399837,4.6570094e-05,9.876994e-07,1.832372e-05,9.563372e-06,-1.3482862e-10,6.3220776e-11,6.1216175e-12,-8.514052e-11
23,0.0019245615,-0.0008780994,0.00015711412,0.00027522788,0.00036194653,0.00010554261,0.00074170803,0.00043927925,0.0008938994,-0.00027130658,-9.358266e-05,6.990973e-05,0.00066788436,-0.00067574275,-0.00034791656,0.0012073129,0.00086679636,0.00067540957,0.0004623459,4.5886707e-05,0.0009537449,-0.00035216636,-0.0006057696,0.008838285,0.00060964713,-0.0005137845,0.0007827275,0.00042971713,0.00069090957,7.6184275e-05,-0.00037359184,0.00021947816,-6.368449e-05,7.9198435e-07,0.00012755855,-4.2010233e-05,-0.0003711742,0.00030245451,0.00021890839,-0.00051642774,0.00010434371,-5.3231204e-05,0.000100954305,3.7722606e-05,2.1399668e-05,1.6541013e-05,-3.8578248e-11,7.379007e-11,-4.6644133e-11,3.6275642e-11
24,-0.0015322093,0.0017526557,-0.0012580538,0.00038534353,0.0011931586,0.00027174063,0.0021051539,-0.0005822531,-0.00019048514,0.0003590113,-2.589112e-05,0.00050529675,-0.001456894,0.00031307622,0.00075956725,-0.00044796563,-0.00019175952,0.0005899672,-0.0012844922,0.00090915896,-0.00047646754,-0.00040607704,0.00084655744,0.00060964713,0.008649605,0.0009180291,-0.00012148463,5.3452648e-05,-0.0008778068,8.1801154e-05,0.00010508576,-0.00010890373,-0.00036426776,-4.2248663e-05,-2.8381397e-05,0.00015136924,0.00040901284,-0.00039546908,-3.575128e-05,0.00028144626,-0.0001482156,-8.844127e-05,1.9551348e-05,-2.656888e-05,2.8100436e-05,2.7674943e-05,-1.8864178e-10,-9.184367e-11,-2.6584986e-11,5.32335e-11
25,-0.0008472394,-0.00011839201,-0.00029904232,-0.0017394526,0.00048406346,-0.0012239506,-0.0020513167,0.00024736038,0.00046436937,0.00062484376,0.0008343506,0.0006485093,-0.00026134588,-0.0012451998,-0.0007060555,0.00026851287,0.0013410336,5.663895e-05,-0.00038338444,-0.00063194917,0.00031976588,0.00086161616,-0.00015969898,-0.0005137845,0.0009180291,0.0064438726,0.000525623,-0.000738431,0.0014019684,-0.0004783735,0.000513438,-0.0006140498,0.0006821039,0.00031090266,9.313902e-05,-0.00065772195,-0.0004311282,0.00061327877,-0.00024052052,-5.066742e-05,8.506961e-05,-0.00019329449,-0.00021987958,-2.2679847e-05,-2.2407065e-05,-2.2566572e-05,1.1825551e-11,4.49136e-11,-1.2685939e-11,9.719789e-11
26,0.0009704933,-0.0006123398,0.0004784235,0.0007942016,-0.0016305151,0.0012449832,-0.0010653845,-5.859761e-05,-0.0014082957,-0.00019833661,-0.0007030141,-0.0014008534,-1.2983986e-05,3.7971608e-05,0.00021682295,-0.0022112424,-0.0011528948,-0.0013228982,0.00042524186,-0.00064694084,-0.0016439632,0.00069188944,-0.0006646074,0.0007827275,-0.00012148463,0.000525623,0.0056601837,-0.0001852299,-0.0005160951,-0.00020360248,0.00042008265,0.00036968134,0.0005969336,-0.0001259044,-0.0004305705,-0.00022479007,0.0003188572,-0.00029790623,-0.00010791303,-0.0001257477,5.2880678e-05,0.00011908528,4.3991822e-05,-4.4204913e-05,4.4843393e-05,3.6888327e-05,4.192839e-11,9.4078134e-11,-1.2472391e-10,-3.1432627e-11
27,0.0019678653,-0.000112354865,0.0005727598,-0.0006193728,0.00037628203,-0.00032109226,-0.001389425,-0.0002407385,-0.00011501959,0.00049565075,0.0004598012,0.00038859824,-0.00043235376,-4.8238457e-05,0.00035799993,-0.00077614875,-0.00033840278,-0.0006103002,-0.00048650848,-0.00031762177,-3.2479704e-05,0.0007524763,0.00046452912,0.00042971713,5.3452648e-05,-0.000738431,-0.0001852299,0.0065691858,0.00032375526,-0.00033262494,0.0005523078,-0.00039054485,0.00028788258,0.00011940526,-0.0001152601,-0.00016594012,-5.0095383e-05,0.00014374928,-0.0002556471,0.00045502043,-1.027657e-05,7.357146e-07,-0.00021958414,-1.5659638e-05,-6.2075065e-05,-4.9303348e-05,-4.3589903e-11,-2.8728277e-11,1.2417557e-11,-1.0921909e-11
28,-0.0010743019,0.000991788,-0.0001322669,-0.0010466913,-0.0012774782,-0.0011818507,-5.2224084e-05,-1.7459142e-05,-0.0005103976,6.949663e-05,-5.3138836e-05,-0.00071791315,-0.0008669542,0.0010400629,-0.0002393464,0.0003826219,-0.000120572404,0.00052090304,0.00039883752,0.0007731946,-0.0017527605,-0.00067477196,0.00029255112,0.00069090957,-0.0008778068,0.0014019684,-0.0005160951,0.00032375526,0.005058141,0.00031566317,-4.0750547e-05,0.00013582797,-0.0002225262,0.00015458181,-2.1126212e-05,0.0004742037,0.0003016525,-0.000507084,-1.0140124e-05,0.00026614958,-0.00013590851,1.8870956e-05,4.8423968e-05,-2.512534e-05,1.6015038e-05,1.650663e-05,6.9731776e-11,3.6616293e-11,-5.9641445e-11,-4.88364e-11
29,-0.0007090167,-0.0006984231,-0.0011452938,0.0006363849,0.0014495126,0.0008917935,0.0004469913,2.4085315e-05,0.00089621637,0.0003095349,0.00015965413,-6.0625913e-05,-0.00084088463,-0.0012709138,0.0007215777,-0.00078320515,0.00032490882,0.0006854872,-0.00051512034,-9.686359e-05,-1.9279356e-05,0.0005600754,-0.00043847988,7.6184275e-05,8.1801154e-05,-0.0004783735,-0.00020360248,-0.00033262494,0.00031566317,0.0049946746,0.00048674416,9.70143e-05,0.00045288226,-4.436625e-05,-0.00017606794,-0.00011450901,-1.9307805e-05,-0.00012485037,7.64951e-05,0.00010412637,0.00014658211,0.00016536386,-0.00010195711,5.642226e-06,-4.1017476e-05,-3.629626e-05,1.4660637e-11,-5.8316144e-11,-4.7783895e-11,7.87974e-12
30,-0.0005150902,0.00022895279,0.00012022017,-0.0002323443,-0.00072525116,-0.0004937636,0.0012338036,-0.0002799189,-7.55485e-05,-0.00057163317,-0.00013278604,0.00018277258,0.0003019455,0.001529918,-0.0014404997,0.00025160506,0.00051495084,-0.0005611452,0.00069318205,-0.00039831127,0.00081857236,-1.4486691e-05,0.0002744642,-0.00037359184,0.00010508576,0.000513438,0.00042008265,0.0005523078,-4.0750547e-05,0.00048674416,0.0038328385,-4.630784e-05,-0.0003512957,-0.00024930935,0.0007969501,9.588794e-05,0.00026286277,9.966483e-06,0.0002731266,-0.00027468806,-1.0338874e-05,0.00018410198,0.00021594792,1.868149e-05,2.5475594e-05,2.128712e-05,6.1614177e-12,3.694292e-11,-1.7012664e-11,-1.9283936e-11
31,0.00072265114,-0.00036938628,0.0009056708,-0.0016461781,-0.00028518395,-0.0015261511,-0.0018284703,-0.00013711894,-0.0009820259,0.0001764081,0.0008722554,0.0011076033,0.00026230642,0.00011111989,-0.0013490146,0.00034014985,0.0007013573,-1.9555111e-05,-0.0009292101,-0.00064786,5.900773e-06,3.1631527e-05,0.0007242712,0.00021947816,-0.00010890373,-0.0006140498,0.00036968134,-0.00039054485,0.00013582797,9.70143e-05,-4.630784e-05,0.003644653,-8.389133e-05,3.8532944e-05,0.00046660175,-0.00040749979,0.00043793162,-2.8273782e-05,-0.00024200478,0.00040354067,-0.00017294726,-0.00016123828,-0.00012593219,-6.6913046e-05,1.1960512e-05,7.4336003e-06,-5.5271464e-12,4.602823e-11,-7.5434894e-11,4.104128e-11
32,5.9696977e-06,0.0010083064,0.0009185194,0.0009843041,0.00033872854,0.00046063645,0.0006831056,-0.000105641055,-0.0004085967,-0.00034853414,-0.00014766115,0.00077580556,0.0012406295,0.0005640391,0.0004912962,0.0008777493,-0.000901007,-7.560529e-05,-0.0004144519,0.00036089192,0.001098214,-0.0009286454,0.00065825135,-6.368449e-05,-0.00036426776,0.0006821039,0.0005969336,0.00028788258,-0.0002225262,0.00045288226,-0.0003512957,-8.389133e-05,0.0033711174,-0.00014291969,-2.5565634e-05,0.000265629,9.101097e-05,-2.319517e-05,-1.0803975e-05,0.0001560878,-0.00016171805,-0.00015015053,4.6245546e-05,1.6972526e-05,6.313512e-06,1.0013234e-05,2.9882798e-12,8.00846e-12,-1.2979665e-10,7.805921e-12
33,0.00048836024,-0.00039825327,0.0005993803,0.0018139445,0.0007108456,0.001712562,0.0008760976,-0.000118368465,-0.00022941231,-0.00048958673,-0.0002590926,0.0002567064,0.0008155314,-0.0004252695,0.00018651658,-0.0007874428,-0.0004383946,-0.00013895199,-0.0004843028,-0.0006107718,0.0008600166,6.201687e-05,-0.00022355141,7.9198435e-07,-4.2248663e-05,0.00031090266,-0.0001259044,0.00011940526,0.00015458181,-4.436625e-05,-0.00024930935,3.8532944e-05,-0.00014291969,0.003504658,9.485608e-05,-0.00012346974,0.00039869425,-0.00025122502,0.00017038657,-3.6497884e-05,3.8302052e-05,0.00016360336,7.21024e-05,5.755328e-07,1.1479522e-05,8.143281e-06,1.1844133e-10,1.4461073e-12,-9.4032074e-11,-7.93062e-11
34,-0.0003894471,-1.4035277e-05,-0.00026982924,0.0016045742,0.00019839726,0.0015560114,-0.0006838406,0.0004202939,-0.00025586365,1.295135e-05,-0.00052101753,-0.00049377757,0.0009968958,-0.0012066709,0.0018634379,-2.7417004e-06,-0.0014515176,4.8589573e-05,-0.00016016267,0.0004774235,-0.00025783703,-0.00049983285,-0.0005108513,0.00012755855,-2.8381397e-05,9.313902e-05,-0.0004305705,-0.0001152601,-2.1126212e-05,-0.00017606794,0.0007969501,0.00046660175,-2.5565634e-05,9.485608e-05,0.002712178,8.7744804e-05,-0.00037288442,4.9257244e-05,-0.00018171789,-1.6647831e-05,1.4056799e-06,-0.00022313371,-7.4112904e-05,1.0854497e-05,3.8539115e-06,6.2081263e-06,8.964253e-11,-1.0166838e-11,-6.188569e-11,-3.7813322e-11
35,-0.000100787554,-0.00046367635,-0.00015488965,0.00018040628,0.00012166993,0.00048590073,-0.0002523425,-0.00011412617,-0.0009951758,-3.1294308e-06,3.341736e-05,0.00044362876,0.00017251521,-0.0008489347,-0.0005952886,-0.00080117676,0.0004251153,-0.00027825637,-0.0009962652,-0.0006583741,-7.906672e-05,0.00028429492,-0.00013201124,-4.2010233e-05,0.00015136924,-0.00065772195,-0.00022479007,-0.00016594012,0.0004742037,-0.00011450901,9.588794e-05,-0.00040749979,0.000265629,-0.00012346974,8.7744804e-05,0.0026545934,0.00032258342,3.996359e-05,-0.00013291177,-0.00025035092,-3.6431586e-05,-0.00019233255,2.8448158e-05,-6.147365e-05,8.587876e-05,6.585922e-05,7.3070175e-11,-2.7682504e-11,-2.120375e-11,-7.438769e-11
36,-0.00016537099,0.00059629005,0.0005292456,-0.0007119162,-0.00013050763,-0.0007522607,1.6100668e-05,0.0001393047,0.0010257901,0.0004197752,-0.00016442068,-0.00044638367,-0.00049916096,0.00041965226,0.0008404392,0.0007966121,-0.00019887582,-0.00024073792,0.0009813813,0.0008941451,2.0823678e-05,5.5545308e-05,2.1823576e-05,-0.0003711742,0.00040901284,-0.0004311282,0.0003188572,-5.0095383e-05,0.0003016525,-1.9307805e-05,0.00026286277,0.00043793162,9.101097e-05,0.00039869425,-0.00037288442,0.00032258342,0.0022447393,0.0005654888,-9.0433576e-05,-0.00017001752,6.831148e-05,-0.000115293544,-4.1055126e-05,6.10487e-05,-4.5147342e-05,-3.671052e-05,8.2758314e-11,2.7305318e-11,2.011765e-11,9.684115e-12
37,0.0008635602,-0.00057441107,7.1327915e-05,0.00080441724,0.00034120324,0.0007540504,-3.8886672e-05,0.00022114314,-0.000120794844,-0.00031147973,0.000115690855,-0.000120966135,0.0003060338,-0.00087511353,-0.0001291073,-0.00018663093,0.00015859382,0.0010418331,-0.00044371004,-0.00035162896,-0.00034932623,-0.00031641312,-0.00045712726,0.00030245451,-0.00039546908,0.00061327877,-0.00029790623,0.00014374928,-0.000507084,-0.00012485037,9.966483e-06,-2.8273782e-05,-2.319517e-05,-0.00025122502,4.9257244e-05,3.996359e-05,0.0005654888,0.0020288622,0.00017462591,0.00022346675,1.3116876e-05,0.00019511486,9.618028e-08,-2.581215e-05,4.9017035e-07,-5.350706e-07,-2.329437e-11,1.5930757e-11,6.628478e-11,3.4233137e-11
38,-0.0011146235,0.00018797506,-0.00079478195,-0.0006922405,-0.00060106016,-0.00061150116,-0.001189207,-6.8361696e-05,-0.0007595186,0.00021537274,0.000107032385,0.0001620976,0.00017475814,0.00026135656,3.9391445e-05,3.7843114e-05,-0.00039739435,-0.0005637541,-0.00018965566,7.052574e-05,-0.0003892096,-2.8660288e-05,0.00038018398,0.00021890839,-3.575128e-05,-0.00024052052,-0.00010791303,-0.0002556471,-1.0140124e-05,7.64951e-05,0.0002731266,-0.00024200478,-1.0803975e-05,0.00017038657,-0.00018171789,-0.00013291177,-9.0433576e-05,0.00017462591,0.0018796675,0.00011734916,-0.00010673028,-0.00022031163,-6.6117274e-05,-2.4814606e-05,1.3763272e-05,1.2460575e-05,-9.068299e-11,8.102791e-11,-7.563722e-12,-3.100622e-11
39,-5.784929e-05,-8.1690174e-05,0.00024653837,0.00060488866,-0.00018387234,0.0006851094,0.0017092095,-1.9053721e-05,-3.5672514e-05,-0.00016614958,-0.00065954117,-0.00044600404,-0.00029117765,-0.00015407943,-0.00015311925,-0.00027566846,0.00039801537,-0.00022657738,0.00024420195,0.00020140549,-7.445559e-05,-3.1553031e-06,-0.00049662834,-0.00051642774,0.00028144626,-5.066742e-05,-0.0001257477,0.00045502043,0.00026614958,0.00010412637,-0.00027468806,0.00040354067,0.0001560878,-3.6497884e-05,-1.6647831e-05,-0.00025035092,-0.00017001752,0.00022346675,0.00011734916,0.0011067985,6.813545e-05,-0.00012972546,0.0002176201,3.7294665e-06,9.649952e-05,7.949931e-05,-9.2456556e-11,-3.131547e-11,-1.9251245e-11,1.02827035e-11
40,0.00019097354,0.00012486502,0.00036155691,-0.0002816256,-0.00026960392,-0.0003299799,-0.00030293025,-6.5928085e-05,-0.00048184046,2.3717974e-05,5.5234268e-05,0.00022775802,0.00017486172,0.00025149423,-0.00011898825,0.00019312638,-0.00014600946,-0.00014875128,-0.00021898618,8.2018276e-05,-9.697623e-05,-0.00021954688,0.00030288505,0.00010434371,-0.0001482156,8.506961e-05,5.2880678e-05,-1.027657e-05,-0.00013590851,0.00014658211,-1.0338874e-05,-0.00017294726,-0.00016171805,3.8302052e-05,1.4056799e-06,-3.6431586e-05,6.831148e-05,1.3116876e-05,-0.00010673028,6.813545e-05,0.0013086955,-0.00012339265,-3.3853048e-06,-1.6296188e-05,1.8576917e-05,1.6264537e-05,-5.546611e-11,-2.607499e-11,1.1704142e-10,-2.4560184e-11
41,-0.0001906818,0.00030023634,-0.0002246012,-0.00031051325,-0.00023884772,-0.0003109793,-0.00027914668,2.7921724e-05,-0.0006831922,0.00016456618,-5.4663244e-05,0.00028325798,0.00019701474,-0.00014714786,0.000116975454,0.00044697773,-0.00011040132,-8.889019e-05,-0.000469035,0.00037835666,-0.00024876453,-0.00044096282,0.00026399837,-5.3231204e-05,-8.844127e-05,-0.00019329449,0.00011908528,7.357146e-07,1.8870956e-05,0.00016536386,0.00018410198,-0.00016123828,-0.00015015053,0.00016360336,-0.00022313371,-0.00019233255,-0.000115293544,0.00019511486,-0.00022031163,-0.00012972546,-0.00012339265,0.0007400773,6.40835e-06,-2.7362112e-05,5.981382e-05,5.21275e-05,-5.1943415e-11,-1.5666635e-11,-5.1418467e-11,-3.1138793e-11
42,-6.108789e-06,-0.00020310676,-0.00045780104,-0.00030585343,6.438338e-05,-0.00026788458,-0.000827902,0.00010046424,8.2788385e-05,0.00012929023,0.0002478278,9.365478e-05,0.00010182586,-0.00020301824,9.888607e-05,0.00015594397,-4.8966198e-05,0.00013091206,-6.256472e-05,-7.208825e-05,-3.042984e-05,4.6013134e-05,4.6570094e-05,0.000100954305,1.9551348e-05,-0.00021987958,4.3991822e-05,-0.00021958414,4.8423968e-05,-0.00010195711,0.00021594792,-0.00012593219,4.6245546e-05,7.21024e-05,-7.4112904e-05,2.8448158e-05,-4.1055126e-05,9.618028e-08,-6.6117274e-05,0.0002176201,-3.3853048e-06,6.40835e-06,0.00088798284,-2.2112445e-06,-3.2220094e-05,-2.521633e-05,5.6912586e-11,-2.855255e-11,6.241918e-11,1.3567014e-11
43,-8.726539e-05,-9.912038e-05,-0.00015388473,-9.5245865e-05,-0.00010042284,-6.5032116e-05,-0.00017523958,9.847851e-06,-0.0001762133,5.1294e-07,3.417158e-05,2.7094997e-05,2.9782837e-05,-6.258786e-05,-0.00012315705,-2.6029627e-05,5.463705e-05,1.0552025e-05,-9.668103e-05,-6.2324485e-05,-0.00011735969,-1.9270163e-05,9.876994e-07,3.7722606e-05,-2.656888e-05,-2.2679847e-05,-4.4204913e-05,-1.5659638e-05,-2.512534e-05,5.642226e-06,1.868149e-05,-6.6913046e-05,1.6972526e-05,5.755328e-07,1.0854497e-05,-6.147365e-05,6.10487e-05,-2.581215e-05,-2.4814606e-05,3.7294665e-06,-1.6296188e-05,-2.7362112e-05,-2.2112445e-06,0.0006109909,9.823748e-06,8.098422e-06,-9.921123e-13,-2.8091106e-11,-1.8523072e-11,5.5380405e-11
44,-8.370342e-05,0.0001786323,-0.0001229207,-6.000603e-05,7.390232e-05,-7.617753e-05,-0.00016379404,1.565689e-05,0.00021069622,2.3146993e-05,7.8811296e-05,-1.214439e-05,-2.4612905e-06,5.8198275e-05,8.0840255e-05,4.9932773e-05,-4.9925795e-05,2.0791982e-05,0.00012255678,-1.6226018e-05,9.5087285e-05,7.077328e-05,1.832372e-05,2.1399668e-05,2.8100436e-05,-2.2407065e-05,4.4843393e-05,-6.2075065e-05,1.6015038e-05,-4.1017476e-05,2.5475594e-05,1.1960512e-05,6.313512e-06,1.1479522e-05,3.8539115e-06,8.587876e-05,-4.5147342e-05,4.9017035e-07,1.3763272e-05,9.649952e-05,1.8576917e-05,5.981382e-05,-3.2220094e-05,9.823748e-06,0.00015288495,-2.0118841e-05,5.779319e-11,-4.8247604e-11,-1.9518833e-11,-8.766063e-13
45,-4.234368e-05,-7.524777e-05,-9.707743e-05,-5.647759e-05,7.152052e-05,-7.0124865e-05,-0.00012836269,9.455314e-06,0.0001838667,2.532688e-05,6.0753715e-05,-7.0243723e-06,-1.1362925e-05,3.7458678e-05,5.911795e-05,4.0575702e-05,-3.0785865e-05,2.8222305e-05,9.4680756e-05,-1.4941352e-05,7.7978446e-05,6.137841e-05,9.563372e-06,1.6541013e-05,2.7674943e-05,-2.2566572e-05,3.6888327e-05,-4.9303348e-05,1.650663e-05,-3.629626e-05,2.128712e-05,7.4336003e-06,1.0013234e-05,8.143281e-06,6.2081263e-06,6.585922e-05,-3.671052e-05,-5.350706e-07,1.2460575e-05,7.949931e-05,1.6264537e-05,5.21275e-05,-2.521633e-05,8.098422e-06,-2.0118841e-05,8.963244e-05,-9.954166e-11,3.3122234e-11,-3.025978e-11,-2.2801074e-11
46,4.8910397e-11,5.8181767e-12,-1.3485163e-10,6.936687e-11,6.5373756e-10,6.289955e-10,-4.1144782e-10,4.8207632e-11,3.5081277e-10,-1.2052706e-10,-2.8973846e-10,8.95003e-11,-4.242902e-11,-9.0302925e-11,-2.2098543e-11,-2.0872723e-10,2.2915805e-11,-1.2758644e-10,-2.49615e-12,-4.534317e-11,-7.310351e-11,-1.5201745e-10,-1.3482862e-10,-3.8578248e-11,-1.8864178e-10,1.1825551e-11,4.192839e-11,-4.3589903e-11,6.9731776e-11,1.4660637e-11,6.1614177e-12,-5.5271464e-12,2.9882798e-12,1.1844133e-10,8.964253e-11,7.3070175e-11,8.2758314e-11,-2.329437e-11,-9.068299e-11,-9.2456556e-11,-5.546611e-11,-5.1943415e-11,5.6912586e-11,-9.921123e-13,5.779319e-11,-9.954166e-11,1.5944089e-16,-4.5795058e-17,1.3903548e-17,1.6281118e-17
47,5.0468713e-12,-4.3714386e-11,-8.745117e-11,-5.8080385e-10,-1.548334e-10,-3.96466e-10,-4.1606507e-10,-3.1236502e-10,-4.5239642e-11,-3.143405e-10,-2.4200994e-11,-6.841566e-12,3.158627e-11,-5.2759998e-11,-8.8197796e-11,-2.1836677e-10,-4.3167174e-14,6.264826e-11,1.588385e-10,1.12234645e-10,6.342833e-11,-2.7866452e-11,6.3220776e-11,7.379007e-11,-9.184367e-11,4.49136e-11,9.4078134e-11,-2.8728277e-11,3.6616293e-11,-5.8316144e-11,3.694292e-11,4.602823e-11,8.00846e-12,1.4461073e-12,-1.0166838e-11,-2.7682504e-11,2.7305318e-11,1.5930757e-11,8.102791e-11,-3.131547e-11,-2.607499e-11,-1.5666635e-11,-2.855255e-11,-2.8091106e-11,-4.8247604e-11,3.3122234e-11,-4.5795058e-17,4.6707835e-17,-1.2751449e-17,-1.3484826e-17
48,4.195392e-11,-1.7288001e-11,1.5827971e-11,4.8046053e-11,2.0014226e-10,-1.5036956e-10,2.8200242e-10,-1.6514518e-10,-2.6494162e-10,-4.1745028e-12,4.1448386e-11,-1.6489426e-10,1.1655118e-11,9.328177e-11,3.2286028e-11,1.7385905e-10,1.3436408e-10,3.6464207e-11,-1.0726012e-10,-1.3838419e-10,-9.927323e-11,5.5889057e-11,6.1216175e-12,-4.6644133e-11,-2.6584986e-11,-1.2685939e-11,-1.2472391e-10,1.2417557e-11,-5.9641445e-11,-4.7783895e-11,-1.7012664e-11,-7.5434894e-11,-1.2979665e-10,-9.4032074e-11,-6.188569e-11,-2.120375e-11,2.011765e-11,6.628478e-11,-7.563722e-12,-1.9251245e-11,1.1704142e-10,-5.1418467e-11,6.241918e-11,-1.8523072e-11,-1.9518833e-11,-3.025978e-11,1.3903548e-17,-1.2751449e-17,5.0095682e-17,1.2630024e-17
49,-3.7956496e-11,-2.8596077e-11,1.0314981e-10,-2.5173336e-10,2.1459393e-10,-4.3712806e-10,2.634306e-10,1.356526e-10,-2.8649349e-11,1.4830842e-10,-1.6233528e-10,-7.280251e-13,3.4340692e-12,3.2566685e-11,-5.2823787e-11,1.1869974e-10,1.3241117e-10,-9.343748e-12,-9.1257626e-11,-6.769148e-11,1.113023e-11,5.4399756e-11,-8.514052e-11,3.6275642e-11,5.32335e-11,9.719789e-11,-3.1432627e-11,-1.0921909e-11,-4.88364e-11,7.87974e-12,-1.9283936e-11,4.104128e-11,7.805921e-12,-7.93062e-11,-3.7813322e-11,-7.438769e-11,9.684115e-12,3.4233137e-11,-3.100622e-11,1.02827035e-11,-2.4560184e-11,-3.1138793e-11,1.3567014e-11,5.5380405e-11,-8.766063e-13,-2.2801074e-11,1.6281118e-17,-1.3484826e-17,1.2630024e-17,2.4926661e-17
