,0,1,2,3,4,5,6,7,8,9,10,11,12,13,14,15,16,17,18,19,20,21,22,23,24,25,26,27,28,29,30,31,32,33,34,35,36,37,38,39,40,41,42,43,44,45,46,47,48,49
0,680.3019,-0.4287919,0.13713717,-0.03496746,-0.109741166,-0.082547575,-0.016610377,-0.00088257785,-0.1105497,-0.09537453,0.09690963,0.0137975225,0.047113784,-0.005247239,0.038189225,0.02742055,0.04144662,-0.0033438161,-0.051083222,-0.030440833,0.015148483,0.008373344,-0.03243165,0.027176995,0.0045451717,0.021163318,-0.031078601,0.0037399463,0.0014319969,-0.014502569,0.018491365,0.0029590977,0.049733218,0.007341359,-0.048476722,-0.029812027,0.029632887,0.020993708,0.007878999,-0.039449897,-0.015906774,0.01177571,-0.016953059,0.022550458,0.008634791,0.005099427,-0.009291107,0.00917327,-0.015475659,0.006242765
1,-0.4287919,15.944087,-0.023522891,-0.6562816,0.3244335,0.0964002,0.30451664,-0.24716738,0.19922769,0.029870994,-0.08922054,0.34787092,-0.18600385,0.09695282,-0.3398347,-0.19730647,-0.112970695,0.26070318,0.15541789,0.12568867,-0.26981825,-0.03673221,-0.15273985,-0.1825797,0.045972683,0.05465144,0.068877265,0.13470083,-0.30351552,0.21037775,-0.2999704,-0.034139276,-0.13465282,0.084677175,0.32510436,0.089053735,0.0038434323,-0.19047342,-0.103764914,0.102776036,0.044815432,0.09953063,-0.05408435,-0.033148155,-0.027897703,-0.09347414,0.08046004,-0.018758696,0.006569188,0.03612578
2,0.13713717,-0.023522891,7.2086835,-0.8448437,0.39232814,-0.39218044,-0.2442931,-0.04917916,-0.027555544,-0.50618446,0.07613678,-0.20656615,-0.05346315,0.13910183,0.17083262,-0.025355853,-0.04605697,-0.00011453466,-0.4323499,0.04588635,-0.19036847,0.01686408,-0.094230235,0.26616883,0.031374324,0.10979054,0.004488495,0.02876937,0.15965378,-0.07688081,0.047502358,-0.104991704,-0.14606139,-0.16323714,0.120131776,-0.019456154,0.05810948,0.049027793,0.08048077,-0.042003974,0.05035572,0.12162806,-0.063914336,0.07720111,-0.016228676,-0.0059698075,0.023557913,-0.0014234679,-0.056344148,-0.07121203
3,-0.03496746,-0.6562816,-0.8448437,3.7100375,0.6645266,-0.30964726,-0.1902523,-0.6068401,-0.01580318,-0.34469956,-0.35547504,-0.024497066,-0.2786325,0.016058128,0.0057082227,-0.20543599,-0.2570942,0.09412386,0.12621295,0.09073679,-0.11058667,-0.0034620138,-0.013501553,-0.007671757,-0.07818422,-0.20667325,-0.0036731013,0.031962056,-0.15260676,0.035319783,0.03800706,-0.061484776,0.031837124,-0.06472971,-0.077132486,-0.029440645,-0.07999092,0.00012709084,0.10727373,-0.06983352,0.043092303,-0.0026565045,-0.043589618,-0.051891338,-0.0059183585,0.07522541,0.0033481128,0.03195616,-0.026619129,-0.030986022
4,-0.109741166,0.3244335,0.39232814,0.6645266,3.3320777,0.1907288,0.090085655,0.11032744,-0.040597614,0.1643618,0.40193808,-0.06670257,-0.034249045,-0.029913105,-0.13516346,-0.24776578,0.1431827,-0.07791502,0.006678119,0.04949077,0.0620965,0.026680145,0.24597257,0.013438946,-0.0037705544,-0.020392075,0.015176032,-0.111355364,-0.061849438,-0.0508381,0.09761688,-0.025015518,0.05121333,-0.04013794,0.04599841,0.12653078,-0.0077945255,0.0706232,0.0023209557,-0.0042383457,0.040335193,-0.061545927,0.04407401,0.011123592,-0.07182671,-0.0674088,-0.006317559,-0.021275584,0.014562804,-0.019681305
5,-0.082547575,0.0964002,-0.39218044,-0.30964726,0.1907288,2.6042802,0.22272629,-0.035996504,-0.251913,0.0776874,-0.049796533,-0.13964671,-0.101783864,0.16438827,0.18267688,0.0883435,-0.027683742,-0.14864582,0.020312794,0.16149215,-0.117471345,-0.035843927,-0.102757454,-0.08498718,-0.113492206,-0.047927603,0.13778667,0.016483644,0.076313734,-0.018590348,-0.070637375,-0.039306853,0.032354772,0.036005393,0.0247543,0.037587218,-0.062851414,0.067517295,-0.00067300384,0.012233808,0.026563076,-0.03694147,0.003248329,-0.04525783,0.010439171,-0.014005039,0.029043088,-0.0070309285,0.03867063,-0.081324846
6,-0.016610377,0.30451664,-0.2442931,-0.1902523,0.090085655,0.22272629,2.4318764,0.06326067,0.05921885,-0.39869362,-0.043878615,0.07243502,0.03339739,-0.145349,0.09135519,-0.01946491,-0.005219452,0.16041413,-0.17535204,-0.026321996,0.06033443,-0.025008786,-0.08374505,0.045781113,0.0083325645,-0.059564345,0.08644685,0.06004629,-0.035034254,-0.047839783,0.049209118,-0.043321587,-0.02707975,-0.05220703,-0.079244785,-0.028478738,0.051348343,-0.0069848085,-0.04967646,-0.0316743,-0.003970056,-0.057433613,-0.022134013,-0.045439906,-0.016235106,0.00070875476,-0.0037418916,-0.067040935,0.028022021,0.033880245
7,-0.00088257785,-0.24716738,-0.04917916,-0.6068401,0.11032744,-0.035996504,0.06326067,1.3394185,0.40902928,-0.068122715,0.100950226,0.118924476,-0.026303802,0.1552726,-0.11648555,-0.03743644,-0.096516326,-0.19553247,0.09759649,-0.05619798,0.09380658,-0.12642664,0.015026702,0.07946374,-0.022480663,-0.019548291,-0.047116034,-0.042091355,-0.05475284,-0.02538487,0.018131182,-0.01661337,-0.08358416,0.042732507,-0.005579096,-0.074336275,0.013183579,-0.011860036,-0.029848935,0.08046821,0.025667094,-0.031630937,0.010101642,0.010547741,-0.029310435,0.021658037,-0.024675734,0.018222284,0.0063414457,-0.043128196
8,-0.1105497,0.19922769,-0.027555544,-0.01580318,-0.040597614,-0.251913,0.05921885,0.40902928,1.9476221,0.086252466,-0.113559544,-0.20870553,-0.17639059,-0.016732737,0.041002057,0.07801197,-0.12712774,-0.046395276,-0.04764598,0.08344291,-0.021705788,0.1152512,-0.065203235,-0.06162384,-0.03878006,-0.022583893,0.015208803,-0.009555211,-0.021363134,0.016788747,0.01144262,-0.004397435,0.027019514,-0.005634495,0.006900185,0.051585577,-0.051800966,0.047156937,0.0017693359,-0.020649703,-0.013337913,-0.012416195,0.05338633,-0.00057196146,-0.007750966,-0.004469499,-0.016034316,0.018829525,-0.04246917,0.03807571
9,-0.09537453,0.029870994,-0.50618446,-0.34469956,0.1643618,0.0776874,-0.39869362,-0.068122715,0.086252466,1.3735691,-0.060662672,-0.05989492,0.07930659,-0.06874358,0.0036703444,0.06852533,0.04013875,-0.01810056,-0.14337297,-0.07708599,0.019328542,-0.027732957,-0.08370262,0.14973825,-0.002820897,-0.0454066,-0.0335541,0.07049999,-0.08793974,-0.0756611,0.013758877,-0.023923043,-0.04447167,-0.03726518,0.042656384,0.030911442,0.0072929803,-0.0021379786,-0.021274462,-0.027958835,-0.007307762,-0.033315994,-0.007545734,-0.018775482,-0.017878827,-0.0067323623,0.01964803,-0.029004317,0.025343962,-0.0060036792
10,0.09690963,-0.08922054,0.07613678,-0.35547504,0.40193808,-0.049796533,-0.043878615,0.100950226,-0.113559544,-0.060662672,1.1126552,-0.05147831,-0.06634521,0.015132258,0.07108214,0.095528714,-0.01761207,-0.014533396,-0.03862465,0.012419682,0.019514447,-0.063998714,-0.012277873,-0.10361733,0.0052063633,0.0044472786,-0.04424286,0.04206355,-0.027644694,0.022630872,-0.0109889805,-0.017902222,0.036846258,0.072844625,-0.012259492,-0.008391879,0.026189402,-0.034685887,0.009555363,-0.037708282,-0.0268027,-0.0033835485,-0.023472495,-0.02184077,0.0045372774,0.019604024,0.002911494,0.029411184,-0.023170102,0.039710812
11,0.0137975225,0.34787092,-0.20656615,-0.024497066,-0.06670257,-0.13964671,0.07243502,0.118924476,-0.20870553,-0.05989492,-0.05147831,1.1243285,-0.04771307,0.07695539,0.041030973,0.07596181,-0.021982603,-0.12999946,-0.031097492,0.014006694,-0.04049342,0.026251467,-0.01663737,0.049551778,0.013138501,-0.04216002,-0.049187675,-0.05306971,0.012998,0.0160041,0.019439727,-0.03500262,0.008713753,0.017767588,0.022115298,0.008771947,0.0037738178,0.018441096,0.028325062,-0.029309524,0.0074149463,-0.038753778,0.05255959,0.043826845,-0.021925401,-0.009208758,0.025619019,0.008902896,-0.011840863,0.01687118
12,0.047113784,-0.18600385,-0.05346315,-0.2786325,-0.034249045,-0.101783864,0.03339739,-0.026303802,-0.17639059,0.07930659,-0.06634521,-0.04771307,1.1529135,0.051916853,0.040793955,0.028290229,-0.12832145,-0.0054816846,-0.0031472198,0.056102086,-0.0032932865,-0.019132316,-0.016837485,-0.033887446,0.0111821275,-0.008903521,-0.022726111,-0.014719817,-0.047747556,0.016331237,0.038924932,-0.0108961295,0.02299722,0.03889256,-0.0037719999,0.023956744,-0.02722985,0.015008543,-0.0044195955,-0.0072930725,0.015878798,0.007854693,-0.005516587,-0.017760247,-0.020157102,-0.003026533,-0.015452543,0.026889807,-0.02252922,0.008849597
13,-0.005247239,0.09695282,0.13910183,0.016058128,-0.029913105,0.16438827,-0.145349,0.1552726,-0.016732737,-0.06874358,0.015132258,0.07695539,0.051916853,1.0517834,-0.045368917,-0.07880527,0.008047089,0.06356281,-0.02713542,0.002150714,0.037557617,0.08221236,-0.0038316268,0.04548171,-0.021032747,-0.023710612,0.021952234,0.013274482,-0.033051874,0.015512256,-0.0015999218,0.0141458195,0.027569477,-0.03904156,-0.028607633,-0.014660254,-0.027076699,-0.023345824,0.0020730337,-0.029378772,-0.03170216,0.009465534,0.0017330002,-0.024854477,0.0046400456,-0.02887367,-0.0034216568,0.008894459,-0.0013228559,0.012251275
14,0.038189225,-0.3398347,0.17083262,0.0057082227,-0.13516346,0.18267688,0.09135519,-0.11648555,0.041002057,0.0036703444,0.07108214,0.041030973,0.040793955,-0.045368917,0.7905136,-0.08014827,0.008866131,-0.005202924,0.029603677,-0.030512769,-0.009005455,0.04744447,0.024796061,-0.0027057256,-0.0049502635,0.003156202,-0.019848078,-0.0024075336,-0.05722054,0.006220928,-0.033692367,0.012531901,-0.02871397,-0.032281216,0.038214713,0.011496033,-0.0065616537,-0.0070852377,-0.0010158743,0.03039293,0.005471331,0.0023194305,0.03533707,0.011767212,-0.018248316,-0.0032310018,-0.007136061,-0.0014279089,-0.019733565,0.019890409
15,0.02742055,-0.19730647,-0.025355853,-0.20543599,-0.24776578,0.0883435,-0.01946491,-0.03743644,0.07801197,0.06852533,0.095528714,0.07596181,0.028290229,-0.07880527,-0.08014827,0.57854134,-0.022897832,0.14964339,0.032183066,0.08486695,-0.0043199807,0.018478382,0.14774194,-0.0085481,-0.06979102,-0.026813589,0.035543375,0.04374868,0.028663982,0.0069864863,0.01613361,-0.0632785,0.004543557,-0.029857647,0.017836519,-0.027299989,-0.006529724,-0.001962325,-0.00654555,-0.026005384,-1.4473528e-05,-0.0051923264,0.027982732,0.010808354,-0.022518724,-0.014754825,0.021175515,0.010844654,-0.003417873,-0.0030801422
16,0.04144662,-0.112970695,-0.04605697,-0.2570942,0.1431827,-0.027683742,-0.005219452,-0.096516326,-0.12712774,0.04013875,-0.01761207,-0.021982603,-0.12832145,0.008047089,0.008866131,-0.022897832,0.61262083,0.06859514,0.037691846,0.073371604,0.014180845,0.015469223,-0.024782602,0.06413762,0.0028011084,-0.029218744,-0.032175243,0.054610305,0.0065062307,0.0039525297,0.030428577,-0.0010634748,-0.020705078,0.022741236,-0.015766408,-0.015387424,-0.034745354,0.03340131,-0.0121670505,-0.0009342866,-0.026381776,0.020420114,0.037299052,0.021983039,0.005372585,0.0199164,-0.01800644,0.028540496,0.00059957395,0.012860172
17,-0.0033438161,0.26070318,-0.00011453466,0.09412386,-0.07791502,-0.14864582,0.16041413,-0.19553247,-0.046395276,-0.01810056,-0.014533396,-0.12999946,-0.0054816846,0.06356281,-0.005202924,0.14964339,0.06859514,0.5414464,-0.0038494314,-0.027981956,0.024709363,0.0018315581,-0.000700072,0.053964783,0.029103074,0.011575439,0.0024556443,-0.074843384,-0.050657738,0.002761751,0.0021694656,0.017340194,0.0054245167,0.027814724,0.012197139,0.011765162,0.009135047,0.008212439,0.020485189,0.021787636,-0.012721488,-0.03662216,0.013852293,-0.00064844603,-0.0045183916,-0.020019973,-0.010804512,0.007120707,-0.008737885,-0.0021178783
18,-0.051083222,0.15541789,-0.4323499,0.12621295,0.006678119,0.020312794,-0.17535204,0.09759649,-0.04764598,-0.14337297,-0.03862465,-0.031097492,-0.0031472198,-0.02713542,0.029603677,0.032183066,0.037691846,-0.0038494314,0.4723557,0.037680227,0.016936854,0.006639452,-0.043886237,-0.0037172681,0.0007410924,0.08000633,-0.008768974,0.012743805,0.020632733,-0.013721278,0.02007218,-0.032449793,-0.017132595,-0.028417006,0.043996707,0.00023324194,0.04308094,0.008259429,-0.020433895,-0.014114263,-0.0010401853,-0.011520395,0.0036969045,-0.008697799,-0.021907419,-0.007306599,-0.013266838,0.0063460954,-0.025484778,0.00079849275
19,-0.030440833,0.12568867,0.04588635,0.09073679,0.04949077,0.16149215,-0.026321996,-0.05619798,0.08344291,-0.07708599,0.012419682,0.014006694,0.056102086,0.002150714,-0.030512769,0.08486695,0.073371604,-0.027981956,0.037680227,0.5138133,0.036869533,-0.01361891,-0.01792245,0.015300453,0.00029246233,-0.006475014,-0.058818243,-0.013732562,-0.017581284,-0.03372297,0.0013809085,0.036784016,-0.020317338,-0.004248437,-0.020198489,-0.0083068255,-0.011473745,-0.020354066,-0.005956851,0.0108447755,0.018203925,0.022775747,-0.01775391,0.015893036,0.0073370347,0.0060694683,0.011127032,-0.023758896,-0.010396527,0.019052245
20,0.015148483,-0.26981825,-0.19036847,-0.11058667,0.0620965,-0.117471345,0.06033443,0.09380658,-0.021705788,0.019328542,0.019514447,-0.04049342,-0.0032932865,0.037557617,-0.009005455,-0.0043199807,0.014180845,0.024709363,0.016936854,0.036869533,0.45371637,-0.017312864,-0.0077133225,0.027721683,0.09209057,0.0022604233,0.04633928,0.030317837,-0.0032384759,0.016116295,-0.064811185,-0.0036628314,0.007367382,-0.013224584,0.012078527,-0.0011094585,0.0065919026,0.020036979,0.040123593,0.02039652,0.026223723,0.01157294,0.020865737,-0.022837536,-0.01856972,-0.004358153,0.015363453,-0.016087746,-0.00826631,0.016941594
21,0.008373344,-0.03673221,0.01686408,-0.0034620138,0.026680145,-0.035843927,-0.025008786,-0.12642664,0.1152512,-0.027732957,-0.063998714,0.026251467,-0.019132316,0.08221236,0.04744447,0.018478382,0.015469223,0.0018315581,0.006639452,-0.01361891,-0.017312864,0.4221807,0.07071467,-0.031880405,0.037014026,0.0076293866,-0.062673256,0.022529831,0.0133180525,-0.04973349,-0.0013945627,-0.029811878,-0.005944577,0.060069926,0.006907723,-0.0015289718,0.018873382,0.018562187,-0.01590477,0.0068834154,0.0009289248,0.014779411,-0.02283223,-0.032778308,-0.020632518,-0.0067690555,0.0018236237,-0.0013571179,0.021843117,0.006382846
22,-0.03243165,-0.15273985,-0.094230235,-0.013501553,0.24597257,-0.102757454,-0.08374505,0.015026702,-0.065203235,-0.08370262,-0.012277873,-0.01663737,-0.016837485,-0.0038316268,0.024796061,0.14774194,-0.024782602,-0.000700072,-0.043886237,-0.01792245,-0.0077133225,0.07071467,0.37808663,-0.0053696893,-0.023564234,-0.0010622459,0.031685896,-0.006268774,-0.013799323,0.032771714,-0.039186217,0.021024661,-0.019670561,-0.013677668,0.011582334,0.0047006216,-0.009888468,-0.027507441,-0.02338784,0.01417801,0.021716807,-0.008437805,-0.0056930985,0.0027574208,0.012910599,0.012284523,0.003350423,-0.0077902903,-0.0037525366,-0.015253875
23,0.027176995,-0.1825797,0.26616883,-0.007671757,0.013438946,-0.08498718,0.045781113,0.07946374,-0.06162384,0.14973825,-0.10361733,0.049551778,-0.033887446,0.04548171,-0.0027057256,-0.0085481,0.06413762,0.053964783,-0.0037172681,0.015300453,0.027721683,-0.031880405,-0.0053696893,0.27104387,-0.08484341,0.0138713885,-0.01849157,-0.04410027,0.021591354,0.0121947145,-0.033482168,-0.02272249,0.0016757678,0.0001485653,0.0141891,0.015084698,0.0013619179,-0.0049859136,-0.026283536,0.009315343,0.019952757,-0.002202726,-0.02079346,-0.02846656,-0.002173596,0.015220468,-0.013126455,-0.0044019166,-0.010201382,0.0014316577
24,0.0045451717,0.045972683,0.031374324,-0.07818422,-0.0037705544,-0.113492206,0.0083325645,-0.022480663,-0.03878006,-0.002820897,0.0052063633,0.013138501,0.0111821275,-0.021032747,-0.0049502635,-0.06979102,0.0028011084,0.029103074,0.0007410924,0.00029246233,0.09209057,0.037014026,-0.023564234,-0.08484341,0.3060855,-0.024160728,-0.006001416,-0.0054700775,0.02634184,-0.007117603,0.002596935,-0.024385886,-0.01336504,-0.015601481,0.022117928,-0.0032170615,-0.036930926,-0.0058129225,-0.044113718,-0.014479484,0.0006439538,-0.009662092,0.0006445806,0.007187738,0.010886742,0.0023791862,0.009310471,0.0027488596,0.0031792468,-0.022914104
25,0.021163318,0.05465144,0.10979054,-0.20667325,-0.020392075,-0.047927603,-0.059564345,-0.019548291,-0.022583893,-0.0454066,0.0044472786,-0.04216002,-0.008903521,-0.023710612,0.003156202,-0.026813589,-0.029218744,0.011575439,0.08000633,-0.006475014,0.0022604233,0.0076293866,-0.0010622459,0.0138713885,-0.024160728,0.3383883,0.0006949995,-0.014909199,-0.01892187,-0.0012725412,0.004781007,-0.005253903,0.011607934,-0.0033925246,-0.029056812,0.0054243533,-0.027552046,-5.273944e-05,0.008827576,-0.014425857,0.0043067522,-0.015999015,0.0066405376,9.5780764e-05,-0.0005030639,-0.004565873,0.013730807,-0.009478543,0.021579972,-0.004472336
26,-0.031078601,0.068877265,0.004488495,-0.0036731013,0.015176032,0.13778667,0.08644685,-0.047116034,0.015208803,-0.0335541,-0.04424286,-0.049187675,-0.022726111,0.021952234,-0.019848078,0.035543375,-0.032175243,0.0024556443,-0.008768974,-0.058818243,0.04633928,-0.062673256,0.031685896,-0.01849157,-0.006001416,0.0006949995,0.21927425,-0.024528958,0.012568929,-0.028295483,0.023546383,-0.00686384,-0.019363182,0.018503556,0.01691312,0.0016516729,-0.012049691,0.010987716,-0.00809489,-0.01155825,-0.0038725198,0.03313394,0.003207162,0.015763905,-0.010252913,0.0020440714,-0.0035802433,0.01662363,-0.0040865415,0.013070429
27,0.0037399463,0.13470083,0.02876937,0.031962056,-0.111355364,0.016483644,0.06004629,-0.042091355,-0.009555211,0.07049999,0.04206355,-0.05306971,-0.014719817,0.013274482,-0.0024075336,0.04374868,0.054610305,-0.074843384,0.012743805,-0.013732562,0.030317837,0.022529831,-0.006268774,-0.04410027,-0.0054700775,-0.014909199,-0.024528958,0.22087559,0.005974919,0.031065304,0.013605695,-0.0037468045,-0.008422948,-0.026666433,-0.01977725,-0.009572174,0.00782974,-0.019972961,0.023913212,0.00828094,0.009008979,-0.008503728,-0.01640056,0.0010088936,-0.0046193893,-0.0147860795,-0.0192455,0.006852554,6.964778e-06,-0.016482845
28,0.0014319969,-0.30351552,0.15965378,-0.15260676,-0.061849438,0.076313734,-0.035034254,-0.05475284,-0.021363134,-0.08793974,-0.027644694,0.012998,-0.047747556,-0.033051874,-0.05722054,0.028663982,0.0065062307,-0.050657738,0.020632733,-0.017581284,-0.0032384759,0.0133180525,-0.013799323,0.021591354,0.02634184,-0.01892187,0.012568929,0.005974919,0.21988592,0.009844823,-0.005703223,0.018940492,0.013034726,0.008028423,0.01285339,0.033977058,-0.014125308,-0.012339968,-0.0017674341,0.006757881,0.0010604938,-0.017838616,-0.0007764369,-0.02817902,-0.012532767,-0.011834979,-0.0048198504,-0.003402005,-0.0061583854,0.015868858
29,-0.014502569,0.21037775,-0.07688081,0.035319783,-0.0508381,-0.018590348,-0.047839783,-0.02538487,0.016788747,-0.0756611,0.022630872,0.0160041,0.016331237,0.015512256,0.006220928,0.0069864863,0.0039525297,0.002761751,-0.013721278,-0.03372297,0.016116295,-0.04973349,0.032771714,0.0121947145,-0.007117603,-0.0012725412,-0.028295483,0.031065304,0.009844823,0.2464318,0.018157158,0.00042508176,-0.0128227025,-0.008181661,0.0002648302,0.025753802,-0.009043492,0.040881768,-0.008409308,0.0051534134,0.0012357163,0.0075969864,-0.00080072135,-0.0077686124,-0.0058950335,0.009490166,-0.0070774965,-0.012836451,0.008527376,-0.0036363718
30,0.018491365,-0.2999704,0.047502358,0.03800706,0.09761688,-0.070637375,0.049209118,0.018131182,0.01144262,0.013758877,-0.0109889805,0.019439727,0.038924932,-0.0015999218,-0.033692367,0.01613361,0.030428577,0.0021694656,0.02007218,0.0013809085,-0.064811185,-0.0013945627,-0.039186217,-0.033482168,0.002596935,0.004781007,0.023546383,0.013605695,-0.005703223,0.018157158,0.23069344,0.0034358453,-0.012066593,0.0008153793,0.026332958,-0.0037433517,-0.0007912717,-0.0113824215,-0.0028291543,0.021579254,0.003347686,0.009054236,0.0043094927,-0.013627257,0.0011294337,-0.0076701506,0.009345256,-0.009409691,0.0031326339,0.0072806827
31,0.0029590977,-0.034139276,-0.104991704,-0.061484776,-0.025015518,-0.039306853,-0.043321587,-0.01661337,-0.004397435,-0.023923043,-0.017902222,-0.03500262,-0.0108961295,0.0141458195,0.012531901,-0.0632785,-0.0010634748,0.017340194,-0.032449793,0.036784016,-0.0036628314,-0.029811878,0.021024661,-0.02272249,-0.024385886,-0.005253903,-0.00686384,-0.0037468045,0.018940492,0.00042508176,0.0034358453,0.2339398,-0.01148447,0.005086134,0.023346001,-0.012857148,0.011946561,-0.002872589,-0.012562495,-0.009973382,0.0006951401,-0.012941202,0.008392749,-0.005628599,-0.019586613,-0.009090087,0.00777174,0.0088979155,-0.0010663369,-0.0007442897
32,0.049733218,-0.13465282,-0.14606139,0.031837124,0.05121333,0.032354772,-0.02707975,-0.08358416,0.027019514,-0.04447167,0.036846258,0.008713753,0.02299722,0.027569477,-0.02871397,0.004543557,-0.020705078,0.0054245167,-0.017132595,-0.020317338,0.007367382,-0.005944577,-0.019670561,0.0016757678,-0.01336504,0.011607934,-0.019363182,-0.008422948,0.013034726,-0.0128227025,-0.012066593,-0.01148447,0.20428583,-0.01943535,0.024131963,-0.015340611,0.007381665,0.0006960019,-0.021166397,0.025009252,-0.005618386,0.0082035,0.00693489,0.008982046,-0.0013394118,0.00045093987,-0.009035267,-0.0073293215,0.0010023084,0.003222101
33,0.007341359,0.084677175,-0.16323714,-0.06472971,-0.04013794,0.036005393,-0.05220703,0.042732507,-0.005634495,-0.03726518,0.072844625,0.017767588,0.03889256,-0.03904156,-0.032281216,-0.029857647,0.022741236,0.027814724,-0.028417006,-0.004248437,-0.013224584,0.060069926,-0.013677668,0.0001485653,-0.015601481,-0.0033925246,0.018503556,-0.026666433,0.008028423,-0.008181661,0.0008153793,0.005086134,-0.01943535,0.17502578,-0.0045688627,0.0065178396,-0.004404696,0.013751488,0.017169617,0.0051652347,0.0066030314,0.0040435987,0.0017916064,0.00058015354,0.0038509648,0.009942833,-0.014721092,-0.012962335,-0.0054546213,-0.011836978
34,-0.048476722,0.32510436,0.120131776,-0.077132486,0.04599841,0.0247543,-0.079244785,-0.005579096,0.006900185,0.042656384,-0.012259492,0.022115298,-0.0037719999,-0.028607633,0.038214713,0.017836519,-0.015766408,0.012197139,0.043996707,-0.020198489,0.012078527,0.006907723,0.011582334,0.0141891,0.022117928,-0.029056812,0.01691312,-0.01977725,0.01285339,0.0002648302,0.026332958,0.023346001,0.024131963,-0.0045688627,0.15403964,-0.02567954,-0.0030413338,-0.00053873437,0.022300087,-0.0051973197,-0.0023658306,-0.0036356705,-0.009348169,-0.0038186722,0.012250253,0.009686209,-0.010252624,-0.005481121,0.004471069,0.0040632375
35,-0.029812027,0.089053735,-0.019456154,-0.029440645,0.12653078,0.037587218,-0.028478738,-0.074336275,0.051585577,0.030911442,-0.008391879,0.008771947,0.023956744,-0.014660254,0.011496033,-0.027299989,-0.015387424,0.011765162,0.00023324194,-0.0083068255,-0.0011094585,-0.0015289718,0.0047006216,0.015084698,-0.0032170615,0.0054243533,0.0016516729,-0.009572174,0.033977058,0.025753802,-0.0037433517,-0.012857148,-0.015340611,0.0065178396,-0.02567954,0.14824829,0.007885788,-0.02310389,-0.00873425,0.0044538993,-0.015242417,-0.00031142548,0.006818873,-0.0012120232,0.0052125608,-0.0049315924,8.745014e-05,0.009005813,-0.0065694773,0.015393004
36,0.029632887,0.0038434323,0.05810948,-0.07999092,-0.0077945255,-0.062851414,0.051348343,0.013183579,-0.051800966,0.0072929803,0.026189402,0.0037738178,-0.02722985,-0.027076699,-0.0065616537,-0.006529724,-0.034745354,0.009135047,0.04308094,-0.011473745,0.0065919026,0.018873382,-0.009888468,0.0013619179,-0.036930926,-0.027552046,-0.012049691,0.00782974,-0.014125308,-0.009043492,-0.0007912717,0.011946561,0.007381665,-0.004404696,-0.0030413338,0.007885788,0.15630195,0.01350435,-0.0089459,-0.004582163,-0.00067700754,0.012818906,0.004309695,-0.00882583,0.0068189204,-0.00409378,0.0030311043,0.0006320842,0.0029242411,-0.0035061575
37,0.020993708,-0.19047342,0.049027793,0.00012709084,0.0706232,0.067517295,-0.0069848085,-0.011860036,0.047156937,-0.0021379786,-0.034685887,0.018441096,0.015008543,-0.023345824,-0.0070852377,-0.001962325,0.03340131,0.008212439,0.008259429,-0.020354066,0.020036979,0.018562187,-0.027507441,-0.0049859136,-0.0058129225,-5.273944e-05,0.010987716,-0.019972961,-0.012339968,0.040881768,-0.0113824215,-0.002872589,0.0006960019,0.013751488,-0.00053873437,-0.02310389,0.01350435,0.13012382,-0.0016750225,-0.006799937,0.0043473076,0.00015453142,-0.017601859,0.009750676,0.00033453476,-0.013769381,0.0145316515,0.010314599,-0.006193693,-0.0007680928
38,0.007878999,-0.103764914,0.08048077,0.10727373,0.0023209557,-0.00067300384,-0.04967646,-0.029848935,0.0017693359,-0.021274462,0.009555363,0.028325062,-0.0044195955,0.0020730337,-0.0010158743,-0.00654555,-0.0121670505,0.020485189,-0.020433895,-0.005956851,0.040123593,-0.01590477,-0.02338784,-0.026283536,-0.044113718,0.008827576,-0.00809489,0.023913212,-0.0017674341,-0.008409308,-0.0028291543,-0.012562495,-0.021166397,0.017169617,0.022300087,-0.00873425,-0.0089459,-0.0016750225,0.12332574,0.0076276134,-0.0055530863,-0.011345066,0.008791152,-0.007733098,-0.0007796483,-0.00837497,0.004352059,-0.0068673324,0.0057921885,0.0057987906
39,-0.039449897,0.102776036,-0.042003974,-0.06983352,-0.0042383457,0.012233808,-0.0316743,0.08046821,-0.020649703,-0.027958835,-0.037708282,-0.029309524,-0.0072930725,-0.029378772,0.03039293,-0.026005384,-0.0009342866,0.021787636,-0.014114263,0.0108447755,0.02039652,0.0068834154,0.01417801,0.009315343,-0.014479484,-0.014425857,-0.01155825,0.00828094,0.006757881,0.0051534134,0.021579254,-0.009973382,0.025009252,0.0051652347,-0.0051973197,0.0044538993,-0.004582163,-0.006799937,0.0076276134,0.13875225,-0.0023414358,0.0016576971,-0.0057015787,0.00798243,0.0020835614,-0.00249073,0.013707487,0.008015469,0.00038168184,-0.0036774003
40,-0.015906774,0.044815432,0.05035572,0.043092303,0.040335193,0.026563076,-0.003970056,0.025667094,-0.013337913,-0.007307762,-0.0268027,0.0074149463,0.015878798,-0.03170216,0.005471331,-1.4473528e-05,-0.026381776,-0.012721488,-0.0010401853,0.018203925,0.026223723,0.0009289248,0.021716807,0.019952757,0.0006439538,0.0043067522,-0.0038725198,0.009008979,0.0010604938,0.0012357163,0.003347686,0.0006951401,-0.005618386,0.0066030314,-0.0023658306,-0.015242417,-0.00067700754,0.0043473076,-0.0055530863,-0.0023414358,0.12152812,0.0005316958,0.0036174832,-0.007927464,0.011771496,-0.005885142,-0.010822071,0.008176202,0.0084251445,0.008812858
41,0.01177571,0.09953063,0.12162806,-0.0026565045,-0.061545927,-0.03694147,-0.057433613,-0.031630937,-0.012416195,-0.033315994,-0.0033835485,-0.038753778,0.007854693,0.009465534,0.0023194305,-0.0051923264,0.020420114,-0.03662216,-0.011520395,0.022775747,0.01157294,0.014779411,-0.008437805,-0.002202726,-0.009662092,-0.015999015,0.03313394,-0.008503728,-0.017838616,0.0075969864,0.009054236,-0.012941202,0.0082035,0.0040435987,-0.0036356705,-0.00031142548,0.012818906,0.00015453142,-0.011345066,0.0016576971,0.0005316958,0.09977049,0.019637922,-0.0043774843,-0.007437148,0.0007559908,0.0021881666,-0.007825752,0.006392281,-0.0013166175
42,-0.016953059,-0.05408435,-0.063914336,-0.043589618,0.04407401,0.003248329,-0.022134013,0.010101642,0.05338633,-0.007545734,-0.023472495,0.05255959,-0.005516587,0.0017330002,0.03533707,0.027982732,0.037299052,0.013852293,0.0036969045,-0.01775391,0.020865737,-0.02283223,-0.0056930985,-0.02079346,0.0006445806,0.0066405376,0.003207162,-0.01640056,-0.0007764369,-0.00080072135,0.0043094927,0.008392749,0.00693489,0.0017916064,-0.009348169,0.006818873,0.004309695,-0.017601859,0.008791152,-0.0057015787,0.0036174832,0.019637922,0.10448759,-0.011773534,0.011190122,-1.5605317e-05,-0.0038532154,0.0012457628,0.007838313,-0.016527846
43,0.022550458,-0.033148155,0.07720111,-0.051891338,0.011123592,-0.04525783,-0.045439906,0.010547741,-0.00057196146,-0.018775482,-0.02184077,0.043826845,-0.017760247,-0.024854477,0.011767212,0.010808354,0.021983039,-0.00064844603,-0.008697799,0.015893036,-0.022837536,-0.032778308,0.0027574208,-0.02846656,0.007187738,9.5780764e-05,0.015763905,0.0010088936,-0.02817902,-0.0077686124,-0.013627257,-0.005628599,0.008982046,0.00058015354,-0.0038186722,-0.0012120232,-0.00882583,0.009750676,-0.007733098,0.00798243,-0.007927464,-0.0043774843,-0.011773534,0.09214856,-0.0064200726,-0.008561361,-0.014135564,-0.0005098246,0.0051380782,0.003343848
44,0.008634791,-0.027897703,-0.016228676,-0.0059183585,-0.07182671,0.010439171,-0.016235106,-0.029310435,-0.007750966,-0.017878827,0.0045372774,-0.021925401,-0.020157102,0.0046400456,-0.018248316,-0.022518724,0.005372585,-0.0045183916,-0.021907419,0.0073370347,-0.01856972,-0.020632518,0.012910599,-0.002173596,0.010886742,-0.0005030639,-0.010252913,-0.0046193893,-0.012532767,-0.0058950335,0.0011294337,-0.019586613,-0.0013394118,0.0038509648,0.012250253,0.0052125608,0.0068189204,0.00033453476,-0.0007796483,0.0020835614,0.011771496,-0.007437148,0.011190122,-0.0064200726,0.11100441,-0.008018903,0.0011321162,0.0054306327,-0.00918125,0.005535866
45,0.005099427,-0.09347414,-0.0059698075,0.07522541,-0.0674088,-0.014005039,0.00070875476,0.021658037,-0.004469499,-0.0067323623,0.019604024,-0.009208758,-0.003026533,-0.02887367,-0.0032310018,-0.014754825,0.0199164,-0.020019973,-0.007306599,0.0060694683,-0.004358153,-0.0067690555,0.012284523,0.015220468,0.0023791862,-0.004565873,0.0020440714,-0.0147860795,-0.011834979,0.009490166,-0.0076701506,-0.009090087,0.00045093987,0.009942833,0.009686209,-0.0049315924,-0.00409378,-0.013769381,-0.00837497,-0.00249073,-0.005885142,0.0007559908,-1.5605317e-05,-0.008561361,-0.008018903,0.08841212,0.009431273,7.451797e-05,0.0066560814,0.0032559321
46,-0.009291107,0.08046004,0.023557913,0.0033481128,-0.006317559,0.029043088,-0.0037418916,-0.024675734,-0.016034316,0.01964803,0.002911494,0.025619019,-0.015452543,-0.0034216568,-0.007136061,0.021175515,-0.01800644,-0.010804512,-0.013266838,0.011127032,0.015363453,0.0018236237,0.003350423,-0.013126455,0.009310471,0.013730807,-0.0035802433,-0.0192455,-0.0048198504,-0.0070774965,0.009345256,0.00777174,-0.009035267,-0.014721092,-0.010252624,8.745014e-05,0.0030311043,0.0145316515,0.004352059,0.013707487,-0.010822071,0.0021881666,-0.0038532154,-0.014135564,0.0011321162,0.009431273,0.08214499,0.0072675766,-0.0037930873,-0.00044144553
47,0.00917327,-0.018758696,-0.0014234679,0.03195616,-0.021275584,-0.0070309285,-0.067040935,0.018222284,0.018829525,-0.029004317,0.029411184,0.008902896,0.026889807,0.008894459,-0.0014279089,0.010844654,0.028540496,0.007120707,0.0063460954,-0.023758896,-0.016087746,-0.0013571179,-0.0077902903,-0.0044019166,0.0027488596,-0.009478543,0.01662363,0.006852554,-0.003402005,-0.012836451,-0.009409691,0.0088979155,-0.0073293215,-0.012962335,-0.005481121,0.009005813,0.0006320842,0.010314599,-0.0068673324,0.008015469,0.008176202,-0.007825752,0.0012457628,-0.0005098246,0.0054306327,7.451797e-05,0.0072675766,0.0766124,0.010893988,0.003878501
48,-0.015475659,0.006569188,-0.056344148,-0.026619129,0.014562804,0.03867063,0.028022021,0.0063414457,-0.04246917,0.025343962,-0.023170102,-0.011840863,-0.02252922,-0.0013228559,-0.019733565,-0.003417873,0.00059957395,-0.008737885,-0.025484778,-0.010396527,-0.00826631,0.021843117,-0.0037525366,-0.010201382,0.0031792468,0.021579972,-0.0040865415,6.964778e-06,-0.0061583854,0.008527376,0.0031326339,-0.0010663369,0.0010023084,-0.0054546213,0.004471069,-0.0065694773,0.0029242411,-0.006193693,0.0057921885,0.00038168184,0.0084251445,0.006392281,0.007838313,0.0051380782,-0.00918125,0.0066560814,-0.0037930873,0.010893988,0.07223333,0.013498437
49,0.006242765,0.03612578,-0.07121203,-0.030986022,-0.019681305,-0.081324846,0.033880245,-0.043128196,0.03807571,-0.0060036792,0.039710812,0.01687118,0.008849597,0.012251275,0.019890409,-0.0030801422,0.012860172,-0.0021178783,0.00079849275,0.019052245,0.016941594,0.006382846,-0.015253875,0.0014316577,-0.022914104,-0.004472336,0.013070429,-0.016482845,0.015868858,-0.0036363718,0.0072806827,-0.0007442897,0.003222101,-0.011836978,0.0040632375,0.015393004,-0.0035061575,-0.0007680928,0.0057987906,-0.0036774003,0.008812858,-0.0013166175,-0.016527846,0.003343848,0.005535866,0.0032559321,-0.00044144553,0.003878501,0.013498437,0.059729982
