,0,1,2,3,4,5,6,7,8,9,10,11,12,13,14,15,16,17,18,19,20,21,22,23,24,25,26,27,28,29,30,31,32,33,34,35,36,37,38,39,40,41,42,43,44,45,46,47,48,49
0,0.20775619,-1.1110133,0.1388592,-0.06415151,-0.14040938,-0.21910277,0.19819015,-0.2676823,0.07428227,0.1537149,0.11135359,0.15339819,-0.0736229,0.070815146,-0.09940545,-0.12370774,-0.036496796,0.023189474,0.06588973,0.09890099,-0.056689113,-0.032071255,-0.0022340934,-0.08684104,-0.04105656,0.020534253,0.06952863,0.03495857,-0.05652857,0.031200252,-0.0778099,-0.0144397225,-0.026016895,0.030635482,0.090779565,0.038733713,-0.022249617,-0.006429246,-0.05485422,0.056477956,0.027293645,0.0015886978,0.005522024,-0.024883112,-0.01630152,-0.03379718,0.013105376,-0.010265794,0.01827741,-0.027736166
1,-1.1110133,10.718557,0.053272985,1.5213649,-0.73989916,-0.2660305,-0.71032715,0.5745528,-0.43313724,-0.08280903,0.20943041,-0.8204919,0.47667098,-0.22337508,0.80074465,0.4459703,0.28112575,-0.62261355,-0.38477206,-0.27415514,0.6144814,0.09484334,0.3837543,0.42622828,-0.102818124,-0.11903162,-0.15120646,-0.32132322,0.71606976,-0.49361253,0.690979,0.07200137,0.31512505,-0.20828186,-0.75221926,-0.22460869,-0.0020476892,0.4532771,0.24974757,-0.24520954,-0.12063943,-0.22917305,0.1251596,0.073667176,0.06564686,0.22911316,-0.20057058,0.054080214,-0.019745123,-0.08460459
2,0.1388592,0.053272985,7.0427346,1.9746118,-0.8703494,0.8997874,0.5772579,0.085875645,0.10477765,1.1940839,-0.18565562,0.49721003,0.17375493,-0.32397842,-0.41295597,0.04190141,0.12132883,-0.009482741,1.0070138,-0.076986015,0.41419894,-0.038123734,0.24379969,-0.63927007,-0.06553061,-0.2465781,0.007836505,-0.06489064,-0.3839286,0.19429807,-0.14179769,0.23587641,0.33681032,0.37452096,-0.26266503,0.029736118,-0.13057858,-0.11497334,-0.18123418,0.0985906,-0.1348849,-0.2782849,0.15513878,-0.1961759,0.035093643,0.022506166,-0.06878558,0.013763661,0.12672977,0.17097053
3,-0.06415151,1.5213649,1.9746118,6.330126,-1.5642657,0.73632956,0.4512629,1.4345813,0.054674122,0.81584716,0.8399756,0.05130858,0.6857686,-0.031294737,-0.024676602,0.47985655,0.6197381,-0.2311693,-0.31171477,-0.19549379,0.24516745,0.0019860766,0.042468745,0.010841199,0.18697429,0.49873203,0.019303799,-0.07324158,0.36595595,-0.073754594,-0.11088886,0.13838658,-0.08220881,0.14648557,0.19911525,0.059747256,0.19854084,-0.0011068135,-0.24468927,0.16642466,-0.109089494,0.013704872,0.10428819,0.11854864,0.013634927,-0.17523628,-0.01252188,-0.06994961,0.063288145,0.07410062
4,-0.14040938,-0.73989916,-0.8703494,-1.5642657,2.9743338,-0.44430238,-0.20051067,-0.23942682,0.07485798,-0.38204792,-0.9536232,0.16443524,0.046846595,0.065936804,0.32762545,0.6006534,-0.3485225,0.1951419,-0.0022308154,-0.1431416,-0.12040652,-0.055704497,-0.5988062,-0.028032651,0.002971786,0.0393982,-0.050900362,0.26233566,0.14452757,0.1098921,-0.21030346,0.07134196,-0.11220201,0.107621886,-0.12611717,-0.28814757,0.011249487,-0.1699795,-0.020455416,0.010103523,-0.086630784,0.13806327,-0.10778676,-0.016100429,0.17424248,0.15402892,0.022537395,0.043209337,-0.030237297,0.04754279
5,-0.21910277,-0.2660305,0.8997874,0.73632956,-0.44430238,2.509524,-0.53926146,0.07968744,0.6003783,-0.18588887,0.11637512,0.3267212,0.24981579,-0.39039263,-0.43836796,-0.21179014,0.06774007,0.3520156,-0.049554437,-0.37809694,0.27383184,0.07810237,0.24689837,0.20197877,0.2698096,0.11602937,-0.32540596,-0.038104713,-0.17843014,0.049740016,0.16208246,0.09069511,-0.08044944,-0.088988096,-0.055400096,-0.09322949,0.15252274,-0.16031721,0.010454858,-0.028838051,-0.06393522,0.0898691,-0.0069509773,0.105148986,-0.02564324,0.035036765,-0.07029006,0.018217057,-0.09236549,0.19302565
6,0.19819015,-0.71032715,0.5772579,0.4512629,-0.20051067,-0.53926146,2.2179708,-0.15628812,-0.13584979,0.946789,0.1039073,-0.17163244,-0.070856124,0.3475707,-0.217215,0.046492387,0.013306837,-0.38477066,0.41496742,0.06672373,-0.15004453,0.05875931,0.2022424,-0.10820594,-0.01716932,0.14405397,-0.2024718,-0.14311308,0.08328215,0.11464871,-0.12167548,0.1007693,0.06255628,0.12152055,0.19114625,0.06522094,-0.12142384,0.016717708,0.11983962,0.07551498,0.0068760496,0.13904086,0.053420566,0.10609056,0.037677523,-0.00032072014,0.0074147093,0.16137089,-0.06840193,-0.081400126
7,-0.2676823,0.5745528,0.085875645,1.4345813,-0.23942682,0.07968744,-0.15628812,2.8144414,-0.9628179,0.15601411,-0.2443507,-0.28583372,0.08068181,-0.36635968,0.27304798,0.08401761,0.23420149,0.46172106,-0.23945546,0.14731167,-0.2382157,0.2969061,-0.028509706,-0.19227636,0.056571446,0.051326044,0.12043136,0.1014826,0.13104519,0.06642181,-0.05641298,0.033428423,0.19461888,-0.107822195,0.022380866,0.16973016,-0.027039174,0.028351583,0.07836333,-0.19160031,-0.06650112,0.08021577,-0.023509122,-0.029634044,0.06891422,-0.048170555,0.055510253,-0.039209213,-0.016851535,0.102045104
8,0.07428227,-0.43313724,0.10477765,0.054674122,0.07485798,0.6003783,-0.13584979,-0.9628179,1.2132987,-0.20078148,0.2759658,0.50256085,0.40216452,0.035301007,-0.09159315,-0.1781054,0.29744983,0.114407755,0.120044895,-0.2152675,0.06775637,-0.2686081,0.14754555,0.15091121,0.09119505,0.048830234,-0.044426873,0.021062955,0.048708677,-0.048227422,-0.012172684,0.017271921,-0.05849415,0.019478276,-0.027614474,-0.11529201,0.11822924,-0.11247611,-0.0148338005,0.04902102,0.036606524,0.024509907,-0.12715381,0.006116783,0.019750107,0.007038715,0.042128175,-0.04959161,0.10238552,-0.09032269
9,0.1537149,-0.08280903,1.1940839,0.81584716,-0.38204792,-0.18588887,0.946789,0.15601411,-0.20078148,1.3743393,0.14270663,0.14116922,-0.1812807,0.1657093,-0.010299811,-0.16531843,-0.093712434,0.040748514,0.33847174,0.19005549,-0.052507434,0.063728824,0.20241632,-0.35789496,0.0073965294,0.11019183,0.08358307,-0.1671829,0.21087763,0.1829258,-0.038613487,0.05437974,0.10354408,0.08595383,-0.098023,-0.07650551,-0.015481776,0.0049757995,0.055173352,0.066621415,0.0156337,0.081781924,0.018450387,0.042768702,0.04178753,0.017416868,-0.048501465,0.07099707,-0.060948126,0.013995361
10,0.11135359,0.20943041,-0.18565562,0.8399756,-0.9536232,0.11637512,0.1039073,-0.2443507,0.2759658,0.14270663,0.9086436,0.12161781,0.16366872,-0.034140646,-0.17211005,-0.22998543,0.043701846,0.03298499,0.08876594,-0.024450494,-0.051289305,0.15184289,0.031879887,0.24539778,-0.01204159,-0.009116679,0.10829644,-0.09948352,0.066233665,-0.05193869,0.021005157,0.040481083,-0.08947384,-0.17581053,0.032947816,0.01761046,-0.060629852,0.08221321,-0.0208876,0.08976277,0.062276438,0.010202367,0.056025364,0.050952446,-0.011013947,-0.045877505,-0.00815073,-0.068498865,0.055194877,-0.09459705
11,0.15339819,-0.8204919,0.49721003,0.05130858,0.16443524,0.3267212,-0.17163244,-0.28583372,0.50256085,0.14116922,0.12161781,0.74133843,0.118804425,-0.18187943,-0.100014254,-0.18321837,0.053424966,0.30826327,0.06981587,-0.029591486,0.09217236,-0.061319053,0.042355396,-0.11922404,-0.030662425,0.10252428,0.1195396,0.12728912,-0.03212001,-0.037030265,-0.050429158,0.08183298,-0.021618754,-0.044240136,-0.049476944,-0.023166042,-0.0077156303,-0.044222876,-0.06750779,0.06946394,-0.019565735,0.09430322,-0.12474983,-0.10546072,0.052359253,0.022702802,-0.062444136,-0.019899983,0.02769343,-0.03991509
12,-0.0736229,0.47667098,0.17375493,0.6857686,0.046846595,0.24981579,-0.070856124,0.08068181,0.40216452,-0.1812807,0.16366872,0.118804425,0.4941732,-0.12963443,-0.09023886,-0.058397695,0.29966313,0.020783244,0.019574162,-0.15504017,0.029853519,0.052088328,0.029123124,0.085384,-0.029803555,0.013834067,0.042313702,0.03213214,0.11169714,-0.04872171,-0.07277701,0.03522917,-0.04718944,-0.08329633,-0.00549333,-0.04605547,0.058092616,-0.036083095,-0.0020850599,0.017569037,-0.030371007,-0.02646619,0.011432381,0.049705815,0.04986212,0.0020931442,0.042621866,-0.07051575,0.056087516,-0.020600794
13,0.070815146,-0.22337508,-0.32397842,-0.031294737,0.065936804,-0.39039263,0.3475707,-0.36635968,0.035301007,0.1657093,-0.034140646,-0.18187943,-0.12963443,0.53119445,0.110728845,0.19018559,-0.020760834,-0.1493909,0.06816936,-0.0103880875,-0.08492695,-0.19485414,0.0064769243,-0.10664913,0.049943272,0.0550622,-0.05516916,-0.032649253,0.07821038,-0.039308794,0.008967722,-0.031641133,-0.0641368,0.09532334,0.06449737,0.03750488,0.06265983,0.055990994,-0.007620113,0.07021891,0.07724179,-0.024721012,-0.004521893,0.060646012,-0.010862684,0.067848265,0.009406064,-0.022827603,0.0031892098,-0.029294569
14,-0.09940545,0.80074465,-0.41295597,-0.024676602,0.32762545,-0.43836796,-0.217215,0.27304798,-0.09159315,-0.010299811,-0.17211005,-0.100014254,-0.09023886,0.110728845,0.3907997,0.18734112,-0.019281609,0.0094626285,-0.07633293,0.0799049,0.015513416,-0.11344925,-0.055676118,0.0034735168,0.011708409,-0.0052479086,0.050758123,0.0074556684,0.13694076,-0.011643097,0.07359193,-0.032528598,0.06664048,0.07415715,-0.08562569,-0.030735534,0.018225322,0.016396897,0.005184922,-0.072898224,-0.015205275,-0.0026459577,-0.08349705,-0.029754043,0.04342049,0.0088632135,0.015222168,0.005553807,0.047031958,-0.04681286
15,-0.12370774,0.4459703,0.04190141,0.47985655,0.6006534,-0.21179014,0.046492387,0.08401761,-0.1781054,-0.16531843,-0.22998543,-0.18321837,-0.058397695,0.19018559,0.18734112,0.8206065,0.05769793,-0.35801697,-0.07976727,-0.19399801,0.0023620354,-0.046287283,-0.34775883,0.017521683,0.16695583,0.066636644,-0.08103726,-0.103583515,-0.067847356,-0.012145443,-0.04610607,0.14764734,-0.013467677,0.068684146,-0.036018156,0.061081517,0.018352658,0.0047975597,0.020228896,0.062097687,-0.0027353843,0.014752371,-0.06717332,-0.028062295,0.05338285,0.03706143,-0.052568134,-0.023421166,0.0075859493,0.007459371
16,-0.036496796,0.28112575,0.12132883,0.6197381,-0.3485225,0.06774007,0.013306837,0.23420149,0.29744983,-0.093712434,0.043701846,0.053424966,0.29966313,-0.020760834,-0.019281609,0.05769793,0.64195895,-0.16253446,-0.087691285,-0.1804649,-0.028348027,-0.035480816,0.056229092,-0.15128182,-0.007545082,0.0680252,0.07382525,-0.13060215,-0.015857881,-0.011917729,-0.06746928,0.0048789512,0.05126869,-0.052292444,0.033618417,0.039311893,0.08107055,-0.07962648,0.026354957,0.002131715,0.064860925,-0.050438613,-0.0885997,-0.050922126,-0.012408254,-0.048745595,0.044371225,-0.069775246,-0.0009924979,-0.030629165
17,0.023189474,-0.62261355,-0.009482741,-0.2311693,0.1951419,0.3520156,-0.38477066,0.46172106,0.114407755,0.040748514,0.03298499,0.30826327,0.020783244,-0.1493909,0.0094626285,-0.35801697,-0.16253446,0.68587357,0.0034133084,0.07267168,-0.0648232,-0.005862165,0.004847859,-0.13016522,-0.06898832,-0.02538399,-0.002051943,0.18007562,0.12120386,-0.0040316163,-0.011168467,-0.043802112,-0.014774395,-0.0698162,-0.02521384,-0.0316922,-0.019577533,-0.019659214,-0.045326434,-0.052351534,0.02828518,0.09019781,-0.031309582,-0.00049433287,0.010643883,0.04911275,0.024084095,-0.015158305,0.020474272,0.0050241104
18,0.06588973,-0.38477206,1.0070138,-0.31171477,-0.0022308154,-0.049554437,0.41496742,-0.23945546,0.120044895,0.33847174,0.08876594,0.06981587,0.019574162,0.06816936,-0.07633293,-0.07976727,-0.087691285,0.0034133084,0.5915077,-0.079585716,-0.049612924,-0.019741965,0.109926045,0.005515323,-0.0013912614,-0.18756121,0.026669415,-0.027986687,-0.04774864,0.038114727,-0.05806818,0.073056765,0.03766779,0.06270451,-0.09789273,-0.0066454215,-0.0987544,-0.019705689,0.055195875,0.033292875,-0.00065552245,0.03183868,-0.0068088723,0.017417725,0.052289806,0.019745238,0.029260045,-0.012127928,0.060462706,-0.0020347394
19,0.09890099,-0.27415514,-0.076986015,-0.19549379,-0.1431416,-0.37809694,0.06672373,0.14731167,-0.2152675,0.19005549,-0.024450494,-0.029591486,-0.15504017,-0.0103880875,0.0799049,-0.19399801,-0.1804649,0.07267168,-0.079585716,0.3770687,-0.07005279,0.036535498,0.03356103,-0.031625725,-0.0029844306,0.009392003,0.13063587,0.03029696,0.040834393,0.0723543,0.013541924,-0.08014707,0.054346167,0.01753861,0.035438947,0.028973885,0.021464203,0.048605558,0.0053111436,-0.025635112,-0.037132196,-0.06073386,0.041375734,-0.032408133,-0.016441878,-0.01847342,-0.021797635,0.05120542,0.026425615,-0.045515567
20,-0.056689113,0.6144814,0.41419894,0.24516745,-0.12040652,0.27383184,-0.15004453,-0.2382157,0.06775637,-0.052507434,-0.051289305,0.09217236,0.029853519,-0.08492695,0.015513416,0.0023620354,-0.028348027,-0.0648232,-0.049612924,-0.07005279,0.4733265,0.036261506,0.027115677,-0.0706391,-0.21667992,0.00040093297,-0.10070177,-0.069989994,0.009609617,-0.030239746,0.13820186,0.0009155604,-0.023919776,0.023971885,-0.016467895,-0.006536929,-0.010008792,-0.047461122,-0.08609195,-0.048693895,-0.068852514,-0.02138836,-0.048801698,0.048323788,0.042840566,0.014612453,-0.041411497,0.043748416,0.01771371,-0.040438794
21,-0.032071255,0.09484334,-0.038123734,0.0019860766,-0.055704497,0.07810237,0.05875931,0.2969061,-0.2686081,0.063728824,0.15184289,-0.061319053,0.052088328,-0.19485414,-0.11344925,-0.046287283,-0.035480816,-0.005862165,-0.019741965,0.036535498,0.036261506,0.41063017,-0.16608298,0.075434595,-0.0866277,-0.016266502,0.15219492,-0.053253576,-0.032390848,0.11921859,-0.0004951565,0.06922743,0.012804875,-0.14525098,-0.013450364,0.0017373526,-0.044020258,-0.044479176,0.038238876,-0.016654167,-0.0044348356,-0.03339169,0.05471518,0.076765016,0.048521902,0.017085176,-0.005983766,0.004736621,-0.053069532,-0.014978951
22,-0.0022340934,0.3837543,0.24379969,0.042468745,-0.5988062,0.24689837,0.2022424,-0.028509706,0.14754555,0.20241632,0.031879887,0.042355396,0.029123124,0.0064769243,-0.055676118,-0.34775883,0.056229092,0.004847859,0.109926045,0.03356103,0.027115677,-0.16608298,0.48452455,0.015420992,0.05541411,-0.0004179034,-0.08035931,0.013519144,0.031768803,-0.08251251,0.10201752,-0.046458464,0.04997491,0.036347855,-0.034101658,-0.0067584384,0.020498212,0.06570585,0.050239865,-0.033732556,-0.048785508,0.016835276,0.012966374,-0.0037762232,-0.030117957,-0.031344242,-0.005638225,0.0158404,0.009538531,0.03639532
23,-0.08684104,0.42622828,-0.63927007,0.010841199,-0.028032651,0.20197877,-0.10820594,-0.19227636,0.15091121,-0.35789496,0.24539778,-0.11922404,0.085384,-0.10664913,0.0034735168,0.017521683,-0.15128182,-0.13016522,0.005515323,-0.031625725,-0.0706391,0.075434595,0.015420992,0.5862325,0.2020193,-0.03130129,0.046246402,0.10610151,-0.051518258,-0.026622642,0.07517789,0.052393094,-0.0053109927,-0.0021141972,-0.030066565,-0.038329557,-0.0015500085,0.011773471,0.06498571,-0.02249176,-0.04891952,0.006998698,0.049843237,0.06688131,0.005269753,-0.03545347,0.02999918,0.011884579,0.02428268,-0.003178387
24,-0.04105656,-0.102818124,-0.06553061,0.18697429,0.002971786,0.2698096,-0.01716932,0.056571446,0.09119505,0.0073965294,-0.01204159,-0.030662425,-0.029803555,0.049943272,0.011708409,0.16695583,-0.007545082,-0.06898832,-0.0013912614,-0.0029844306,-0.21667992,-0.0866277,0.05541411,0.2020193,0.34333643,0.05677464,0.0131199015,0.012859993,-0.06349057,0.015737131,-0.004418169,0.059387147,0.033161134,0.038320784,-0.05385238,0.008791623,0.087591425,0.013383238,0.10297884,0.034497164,-0.0009867924,0.022496883,-0.0016883042,-0.015983233,-0.02550283,-0.0063300184,-0.021446984,-0.0070872735,-0.006981069,0.054910842
25,0.020534253,-0.11903162,-0.2465781,0.49873203,0.0393982,0.11602937,0.14405397,0.051326044,0.048830234,0.11019183,-0.009116679,0.10252428,0.013834067,0.0550622,-0.0052479086,0.066636644,0.0680252,-0.02538399,-0.18756121,0.009392003,0.00040093297,-0.016266502,-0.0004179034,-0.03130129,0.05677464,0.18835467,-0.004859129,0.03458415,0.044281445,-1.6044502e-05,-0.0058855764,0.015164709,-0.025610149,0.010677667,0.06504011,-0.009689134,0.06366959,-9.3501694e-05,-0.024476364,0.03445899,-0.00817577,0.036014255,-0.016419828,0.001973818,0.0015406569,0.009431282,-0.031176958,0.02082165,-0.050845932,0.010636618
26,0.06952863,-0.15120646,0.007836505,0.019303799,-0.050900362,-0.32540596,-0.2024718,0.12043136,-0.044426873,0.08358307,0.10829644,0.1195396,0.042313702,-0.05516916,0.050758123,-0.08103726,0.07382525,-0.002051943,0.026669415,0.13063587,-0.10070177,0.15219492,-0.08035931,0.046246402,0.0131199015,-0.004859129,0.35628814,0.05702947,-0.030906381,0.06324908,-0.047075287,0.02050034,0.04959139,-0.039736312,-0.04677347,0.0009994793,0.025602907,-0.026212722,0.013809156,0.027752044,0.012483509,-0.082635775,-0.008454891,-0.034443785,0.025195139,-0.007051735,0.011156723,-0.042531706,0.010620967,-0.031049106
27,0.03495857,-0.32132322,-0.06489064,-0.07324158,0.26233566,-0.038104713,-0.14311308,0.1014826,0.021062955,-0.1671829,-0.09948352,0.12728912,0.03213214,-0.032649253,0.0074556684,-0.103583515,-0.13060215,0.18007562,-0.027986687,0.03029696,-0.069989994,-0.053253576,0.013519144,0.10610151,0.012859993,0.03458415,0.05702947,0.32863235,-0.014211262,-0.07528025,-0.02984953,0.0100066215,0.020675283,0.06486882,0.045337386,0.024458133,-0.019658964,0.047689594,-0.058064703,-0.01960523,-0.020590886,0.0191077,0.038440935,-0.0016821772,0.010853475,0.034706257,0.046489976,-0.017114542,9.950856e-05,0.03928431
28,-0.05652857,0.71606976,-0.3839286,0.36595595,0.14452757,-0.17843014,0.08328215,0.13104519,0.048708677,0.21087763,0.066233665,-0.03212001,0.11169714,0.07821038,0.13694076,-0.067847356,-0.015857881,0.12120386,-0.04774864,0.040834393,0.009609617,-0.032390848,0.031768803,-0.051518258,-0.06349057,0.044281445,-0.030906381,-0.014211262,0.2798627,-0.023469547,0.015077298,-0.044532396,-0.030854784,-0.018505234,-0.031605907,-0.080210894,0.033361852,0.029576493,0.0046486733,-0.01605429,-0.0016494172,0.041896444,0.0017590374,0.06742905,0.029893225,0.027904604,0.011939395,0.0076043606,0.01507478,-0.037736565
29,0.031200252,-0.49361253,0.19429807,-0.073754594,0.1098921,0.049740016,0.11464871,0.06642181,-0.048227422,0.1829258,-0.05193869,-0.037030265,-0.04872171,-0.039308794,-0.011643097,-0.012145443,-0.011917729,-0.0040316163,0.038114727,0.0723543,-0.030239746,0.11921859,-0.08251251,-0.026622642,0.015737131,-1.6044502e-05,0.06324908,-0.07528025,-0.023469547,0.16257629,-0.035833564,0.0023989817,0.03304725,0.022804638,-0.0068174796,-0.057219107,0.018961305,-0.09755677,0.017035259,-0.0120285805,0.00019804167,-0.021053046,0.0013597722,0.021075493,0.014454456,-0.024427604,0.01927222,0.028112633,-0.019369666,0.0083022695
30,-0.0778099,0.690979,-0.14179769,-0.11088886,-0.21030346,0.16208246,-0.12167548,-0.05641298,-0.012172684,-0.038613487,0.021005157,-0.050429158,-0.07277701,0.008967722,0.07359193,-0.04610607,-0.06746928,-0.011168467,-0.05806818,0.013541924,0.13820186,-0.0004951565,0.10201752,0.07517789,-0.004418169,-0.0058855764,-0.047075287,-0.02984953,0.015077298,-0.035833564,0.14954224,-0.015207539,0.023218505,-0.009042907,-0.050881587,0.0005605774,0.007543533,0.026773058,0.01541014,-0.051777434,-0.01369785,-0.015277401,-0.009222694,0.027448196,-0.0037950878,0.021899983,-0.026664065,0.027555313,-0.00871695,-0.017248768
31,-0.0144397225,0.07200137,0.23587641,0.13838658,0.07134196,0.09069511,0.1007693,0.033428423,0.017271921,0.05437974,0.040481083,0.08183298,0.03522917,-0.031641133,-0.032528598,0.14764734,0.0048789512,-0.043802112,0.073056765,-0.08014707,0.0009155604,0.06922743,-0.046458464,0.052393094,0.059387147,0.015164709,0.02050034,0.0100066215,-0.044532396,0.0023989817,-0.015207539,0.114999026,0.024689507,-0.0154067185,-0.050432943,0.026754038,-0.026106987,0.0069812518,0.033690635,0.023665607,-0.0042777434,0.033577584,-0.01952225,0.010889248,0.046152934,0.023393441,-0.020621821,-0.01894619,0.0016396712,0.0017690298
32,-0.026016895,0.31512505,0.33681032,-0.08220881,-0.11220201,-0.08044944,0.06255628,0.19461888,-0.05849415,0.10354408,-0.08947384,-0.021618754,-0.04718944,-0.0641368,0.06664048,-0.013467677,0.05126869,-0.014774395,0.03766779,0.054346167,-0.023919776,0.012804875,0.04997491,-0.0053109927,0.033161134,-0.025610149,0.04959139,0.020675283,-0.030854784,0.03304725,0.023218505,0.024689507,0.13724981,0.043785915,-0.05343632,0.0334779,-0.015772834,-0.0016043405,0.05322402,-0.059627905,0.011084339,-0.017472353,-0.01631813,-0.023420047,0.0026794397,0.00036116975,0.019905575,0.019334111,-0.003197708,-0.007772581
33,0.030635482,-0.20828186,0.37452096,0.14648557,0.107621886,-0.088988096,0.12152055,-0.107822195,0.019478276,0.08595383,-0.17581053,-0.044240136,-0.08329633,0.09532334,0.07415715,0.068684146,-0.052292444,-0.0698162,0.06270451,0.01753861,0.023971885,-0.14525098,0.036347855,-0.0021141972,0.038320784,0.010677667,-0.039736312,0.06486882,-0.018505234,0.022804638,-0.009042907,-0.0154067185,0.043785915,0.17088583,0.015895518,-0.019676395,0.013012337,-0.032733142,-0.036983706,-0.012495184,-0.0184053,-0.0066824965,-0.003261598,-0.0039696363,-0.00965143,-0.021959722,0.033075787,0.03317604,0.012237013,0.028171547
34,0.090779565,-0.75221926,-0.26266503,0.19911525,-0.12611717,-0.055400096,0.19114625,0.022380866,-0.027614474,-0.098023,0.032947816,-0.049476944,-0.00549333,0.06449737,-0.08562569,-0.036018156,0.033618417,-0.02521384,-0.09789273,0.035438947,-0.016467895,-0.013450364,-0.034101658,-0.030066565,-0.05385238,0.06504011,-0.04677347,0.045337386,-0.031605907,-0.0068174796,-0.050881587,-0.050432943,-0.05343632,0.015895518,0.18172829,0.06765781,0.0029660838,0.0012798356,-0.05976542,0.012579517,0.009880075,0.004262366,0.021713935,0.012911074,-0.028599637,-0.025861677,0.02773961,0.009288697,-0.009699009,-0.009864613
35,0.038733713,-0.22460869,0.029736118,0.059747256,-0.28814757,-0.09322949,0.06522094,0.16973016,-0.11529201,-0.07650551,0.01761046,-0.023166042,-0.04605547,0.03750488,-0.030735534,0.061081517,0.039311893,-0.0316922,-0.0066454215,0.028973885,-0.006536929,0.0017373526,-0.0067584384,-0.038329557,0.008791623,-0.009689134,0.0009994793,0.024458133,-0.080210894,-0.057219107,0.0005605774,0.026754038,0.0334779,-0.019676395,0.06765781,0.18202537,-0.015831223,0.055276744,0.025539853,-0.010920839,0.03320209,0.00414183,-0.015208451,-0.00023418997,-0.0130598955,0.013805305,-0.0028459108,-0.018763185,0.0146905,-0.036487095
36,-0.022249617,-0.0020476892,-0.13057858,0.19854084,0.011249487,0.15252274,-0.12142384,-0.027039174,0.11822924,-0.015481776,-0.060629852,-0.0077156303,0.058092616,0.06265983,0.018225322,0.018352658,0.08107055,-0.019577533,-0.0987544,0.021464203,-0.010008792,-0.044020258,0.020498212,-0.0015500085,0.087591425,0.06366959,0.025602907,-0.019658964,0.033361852,0.018961305,0.007543533,-0.026106987,-0.015772834,0.013012337,0.0029660838,-0.015831223,0.11063245,-0.032047294,0.018550575,0.011125833,0.0036406338,-0.03285051,-0.010730138,0.022726905,-0.015968475,0.008545181,-0.005638307,-0.0033100597,-0.0065850276,0.008219257
37,-0.006429246,0.4532771,-0.11497334,-0.0011068135,-0.1699795,-0.16031721,0.016717708,0.028351583,-0.11247611,0.0049757995,0.08221321,-0.044222876,-0.036083095,0.055990994,0.016396897,0.0047975597,-0.07962648,-0.019659214,-0.019705689,0.048605558,-0.047461122,-0.044479176,0.06570585,0.011773471,0.013383238,-9.3501694e-05,-0.026212722,0.047689594,0.029576493,-0.09755677,0.026773058,0.0069812518,-0.0016043405,-0.032733142,0.0012798356,0.055276744,-0.032047294,0.14587426,0.004294432,0.016203046,-0.0101748295,-0.00019312998,0.04181426,-0.0229217,-0.00074801163,0.032689907,-0.03446167,-0.024563275,0.015177167,0.0017371898
38,-0.05485422,0.24974757,-0.18123418,-0.24468927,-0.020455416,0.010454858,0.11983962,0.07836333,-0.0148338005,0.055173352,-0.0208876,-0.06750779,-0.0020850599,-0.007620113,0.005184922,0.020228896,0.026354957,-0.045326434,0.055195875,0.0053111436,-0.08609195,0.038238876,0.050239865,0.06498571,0.10297884,-0.024476364,0.013809156,-0.058064703,0.0046486733,0.017035259,0.01541014,0.033690635,0.05322402,-0.036983706,-0.05976542,0.025539853,0.018550575,0.004294432,0.12357136,-0.018058602,0.017376576,0.023431389,-0.02160234,0.021317197,0.0026002638,0.017744072,-0.007671767,0.013318408,-0.012577804,-0.013892277
39,0.056477956,-0.24520954,0.0985906,0.16642466,0.010103523,-0.028838051,0.07551498,-0.19160031,0.04902102,0.066621415,0.08976277,0.06946394,0.017569037,0.07021891,-0.072898224,0.062097687,0.002131715,-0.052351534,0.033292875,-0.025635112,-0.048693895,-0.016654167,-0.033732556,-0.02249176,0.034497164,0.03445899,0.027752044,-0.01960523,-0.01605429,-0.0120285805,-0.051777434,0.023665607,-0.059627905,-0.012495184,0.012579517,-0.010920839,0.011125833,0.016203046,-0.018058602,0.08291835,0.005519392,-0.0038102877,0.013791492,-0.019112736,-0.004861581,0.00600243,-0.032653987,-0.01904117,-0.00084457576,0.008768701
40,0.027293645,-0.12063943,-0.1348849,-0.109089494,-0.086630784,-0.06393522,0.0068760496,-0.06650112,0.036606524,0.0156337,0.062276438,-0.019565735,-0.030371007,0.07724179,-0.015205275,-0.0027353843,0.064860925,0.02828518,-0.00065552245,-0.037132196,-0.068852514,-0.0044348356,-0.048785508,-0.04891952,-0.0009867924,-0.00817577,0.012483509,-0.020590886,-0.0016494172,0.00019804167,-0.01369785,-0.0042777434,0.011084339,-0.0184053,0.009880075,0.03320209,0.0036406338,-0.0101748295,0.017376576,0.005519392,0.08326283,0.0008282395,-0.008224001,0.016766917,-0.028600715,0.015479011,0.024127288,-0.01771902,-0.020687304,-0.021089435
41,0.0015886978,-0.22917305,-0.2782849,0.013704872,0.13806327,0.0898691,0.13904086,0.08021577,0.024509907,0.081781924,0.010202367,0.09430322,-0.02646619,-0.024721012,-0.0026459577,0.014752371,-0.050438613,0.09019781,0.03183868,-0.06073386,-0.02138836,-0.03339169,0.016835276,0.006998698,0.022496883,0.036014255,-0.082635775,0.0191077,0.041896444,-0.021053046,-0.015277401,0.033577584,-0.017472353,-0.0066824965,0.004262366,0.00414183,-0.03285051,-0.00019312998,0.023431389,-0.0038102877,0.0008282395,0.1258389,-0.047581315,0.012362706,0.018051147,-0.0031959345,-0.003629488,0.016713146,-0.014876268,0.0032246476
42,0.005522024,0.1251596,0.15513878,0.10428819,-0.10778676,-0.0069509773,0.053420566,-0.023509122,-0.12715381,0.018450387,0.056025364,-0.12474983,0.011432381,-0.004521893,-0.08349705,-0.06717332,-0.0885997,-0.031309582,-0.0068088723,0.041375734,-0.048801698,0.05471518,0.012966374,0.049843237,-0.0016883042,-0.016419828,-0.008454891,0.038440935,0.0017590374,0.0013597722,-0.009222694,-0.01952225,-0.01631813,-0.003261598,0.021713935,-0.015208451,-0.010730138,0.04181426,-0.02160234,0.013791492,-0.008224001,-0.047581315,0.11139262,0.028686944,-0.026863087,-0.0002988964,0.009522698,-0.0032556118,-0.01850222,0.039410695
43,-0.024883112,0.073667176,-0.1961759,0.11854864,-0.016100429,0.105148986,0.10609056,-0.029634044,0.006116783,0.042768702,0.050952446,-0.10546072,0.049705815,0.060646012,-0.029754043,-0.028062295,-0.050922126,-0.00049433287,0.017417725,-0.032408133,0.048323788,0.076765016,-0.0037762232,0.06688131,-0.015983233,0.001973818,-0.034443785,-0.0016821772,0.06742905,0.021075493,0.027448196,0.010889248,-0.023420047,-0.0039696363,0.012911074,-0.00023418997,0.022726905,-0.0229217,0.021317197,-0.019112736,0.016766917,0.012362706,0.028686944,0.121827275,0.014855532,0.021835698,0.0320559,0.0028589463,-0.0132153,-0.0080191195
44,-0.01630152,0.06564686,0.035093643,0.013634927,0.17424248,-0.02564324,0.037677523,0.06891422,0.019750107,0.04178753,-0.011013947,0.052359253,0.04986212,-0.010862684,0.04342049,0.05338285,-0.012408254,0.010643883,0.052289806,-0.016441878,0.042840566,0.048521902,-0.030117957,0.005269753,-0.02550283,0.0015406569,0.025195139,0.010853475,0.029893225,0.014454456,-0.0037950878,0.046152934,0.0026794397,-0.00965143,-0.028599637,-0.0130598955,-0.015968475,-0.00074801163,0.0026002638,-0.004861581,-0.028600715,0.018051147,-0.026863087,0.014855532,0.059919853,0.019485313,-0.0029647688,-0.01258993,0.0216407,-0.013426755
45,-0.03379718,0.22911316,0.022506166,-0.17523628,0.15402892,0.035036765,-0.00032072014,-0.048170555,0.007038715,0.017416868,-0.045877505,0.022702802,0.0020931442,0.067848265,0.0088632135,0.03706143,-0.048745595,0.04911275,0.019745238,-0.01847342,0.014612453,0.017085176,-0.031344242,-0.03545347,-0.0063300184,0.009431282,-0.007051735,0.034706257,0.027904604,-0.024427604,0.021899983,0.023393441,0.00036116975,-0.021959722,-0.025861677,0.013805305,0.008545181,0.032689907,0.017744072,0.00600243,0.015479011,-0.0031959345,-0.0002988964,0.021835698,0.019485313,0.07868516,-0.021303456,-0.0013716551,-0.015328314,-0.0077620894
46,0.013105376,-0.20057058,-0.06878558,-0.01252188,0.022537395,-0.07029006,0.0074147093,0.055510253,0.042128175,-0.048501465,-0.00815073,-0.062444136,0.042621866,0.009406064,0.015222168,-0.052568134,0.044371225,0.024084095,0.029260045,-0.021797635,-0.041411497,-0.005983766,-0.005638225,0.02999918,-0.021446984,-0.031176958,0.011156723,0.046489976,0.011939395,0.01927222,-0.026664065,-0.020621821,0.019905575,0.033075787,0.02773961,-0.0028459108,-0.005638307,-0.03446167,-0.007671767,-0.032653987,0.024127288,-0.003629488,0.009522698,0.0320559,-0.0029647688,-0.021303456,0.068647,-0.01591599,0.008530106,0.0009885193
47,-0.010265794,0.054080214,0.013763661,-0.06994961,0.043209337,0.018217057,0.16137089,-0.039209213,-0.04959161,0.07099707,-0.068498865,-0.019899983,-0.07051575,-0.022827603,0.005553807,-0.023421166,-0.069775246,-0.015158305,-0.012127928,0.05120542,0.043748416,0.004736621,0.0158404,0.011884579,-0.0070872735,0.02082165,-0.042531706,-0.017114542,0.0076043606,0.028112633,0.027555313,-0.01894619,0.019334111,0.03317604,0.009288697,-0.018763185,-0.0033100597,-0.024563275,0.013318408,-0.01904117,-0.01771902,0.016713146,-0.0032556118,0.0028589463,-0.01258993,-0.0013716551,-0.01591599,0.067746416,-0.025554376,-0.00922193
48,0.01827741,-0.019745123,0.12672977,0.063288145,-0.030237297,-0.09236549,-0.06840193,-0.016851535,0.10238552,-0.060948126,0.055194877,0.02769343,0.056087516,0.0031892098,0.047031958,0.0075859493,-0.0009924979,0.020474272,0.060462706,0.026425615,0.01771371,-0.053069532,0.009538531,0.02428268,-0.006981069,-0.050845932,0.010620967,9.950856e-05,0.01507478,-0.019369666,-0.00871695,0.0016396712,-0.003197708,0.012237013,-0.009699009,0.0146905,-0.0065850276,0.015177167,-0.012577804,-0.00084457576,-0.020687304,-0.014876268,-0.01850222,-0.0132153,0.0216407,-0.015328314,0.008530106,-0.025554376,0.07397521,-0.0322914
49,-0.027736166,-0.08460459,0.17097053,0.07410062,0.04754279,0.19302565,-0.081400126,0.102045104,-0.09032269,0.013995361,-0.09459705,-0.03991509,-0.020600794,-0.029294569,-0.04681286,0.007459371,-0.030629165,0.0050241104,-0.0020347394,-0.045515567,-0.040438794,-0.014978951,0.03639532,-0.003178387,0.054910842,0.010636618,-0.031049106,0.03928431,-0.037736565,0.0083022695,-0.017248768,0.0017690298,-0.007772581,0.028171547,-0.009864613,-0.036487095,0.008219257,0.0017371898,-0.013892277,0.008768701,-0.021089435,0.0032246476,0.039410695,-0.0080191195,-0.013426755,-0.0077620894,0.0009885193,-0.00922193,-0.0322914,0.086608335
