,0,1,2,3,4,5,6,7,8,9,10,11,12,13,14,15,16,17,18,19,20,21,22,23,24,25,26,27,28,29,30,31,32,33,34,35,36,37,38,39,40,41,42,43,44,45,46,47,48,49
0,380.6844,3.532677,21.556778,17.921425,-17.225769,-7.3581038,0.10655816,-9.12995,-0.61542904,3.9918027,-2.1758795,0.06555611,0.005837188,0.001418825,0.0014125847,0.0008645023,0.002482194,-0.0005350287,0.0014651152,-0.00017472879,0.0011462806,0.00048808393,-0.00046633562,0.00030717795,1.8875828e-05,-0.00013421712,0.00025972904,-0.00027791812,-0.00044888473,-0.00012703163,0.00015379462,-4.8698148e-05,-8.283835e-05,0.00032856938,0.00018221221,-0.00017360617,2.2062424e-05,6.6199755e-05,9.2786955e-05,7.1123555e-05,8.9599074e-05,0.00012953673,-8.1659324e-05,-4.414669e-05,-5.0678254e-06,-5.4805616e-05,-9.0261865e-06,7.0943206e-05,-3.3222997e-05,6.638824e-05
1,3.532677,110.76267,-0.14178887,-1.2351977,1.1829872,-0.65439576,0.21013278,-0.103506394,0.048105612,-0.2613386,-0.20258354,0.18799244,-0.0006858406,-0.00085463084,0.00056374667,0.0006494543,0.00015946335,0.00051549834,0.00025900285,-0.000273626,-0.00017082886,0.00015431698,-0.00023814305,-1.1149154e-05,8.1304504e-05,-4.13664e-06,0.00023474693,0.00018472399,7.797839e-05,3.991582e-05,0.00015485572,-0.0001665549,3.339847e-05,4.933048e-05,3.914818e-05,-5.2638123e-05,-3.2420532e-05,8.755081e-05,-1.45568265e-05,-8.761027e-05,-9.476687e-06,-6.329393e-05,-2.6104237e-05,-2.6744445e-05,2.7025515e-05,-8.505765e-06,4.0596336e-05,4.585145e-05,-5.1877647e-05,9.968413e-06
2,21.556778,-0.14178887,35.209896,6.334817,4.13066,6.1601915,-0.12868974,1.1594534,-0.013364811,0.2168864,0.40361583,0.044927932,-0.0009675366,-0.0011719462,0.00017221255,7.803654e-05,-0.00054008194,0.00036702427,-4.970961e-05,1.1396591e-05,-0.00026197307,0.00041281752,-4.154685e-05,-6.412731e-05,0.00013488578,6.922958e-05,-0.00013176736,-8.3947e-06,-7.826635e-05,3.165272e-05,0.00010208116,-2.875608e-05,5.649943e-05,0.000108732136,-8.8526074e-05,2.6316706e-05,5.6659246e-05,0.00014569593,1.4837387e-05,7.720535e-05,-5.470105e-05,2.0940042e-05,-1.32141895e-05,-5.112635e-05,1.8949806e-06,5.2497322e-05,2.2095144e-05,1.8256495e-05,-3.1179563e-05,-5.4482753e-06
3,17.921425,-1.2351977,6.334817,15.774847,1.175287,-4.7438936,0.2719015,1.870352,-0.14314263,-1.2430577,0.4899487,0.015915737,-0.0008937405,-0.00044054343,0.00010105856,-0.00021260142,0.00048688444,-0.00012931722,-0.0004541176,0.00015243124,-6.619953e-05,-0.00032667076,2.3801125e-05,0.000110343346,-3.9703802e-05,-3.964051e-05,4.491758e-05,-0.00013164,2.2188265e-06,-4.188797e-05,-4.481111e-05,7.404e-05,-5.725881e-05,8.544697e-05,-5.7528373e-06,4.151269e-05,-4.02928e-05,-4.631874e-05,-8.446552e-07,4.002623e-05,0.00011426745,2.9330857e-05,-3.3723159e-06,-2.3045375e-05,-3.5718956e-05,-2.0251306e-05,1.8738192e-05,-1.2579343e-05,2.7049507e-05,2.0114592e-05
4,-17.225769,1.1829872,4.13066,1.175287,17.67954,-2.167991,-0.4412004,-1.9192173,0.19438657,0.27259976,-0.4530512,-0.13365461,0.0026793485,0.0007784273,0.00061953237,-0.00014606662,-1.8714654e-05,-2.9384975e-05,0.00047385227,6.998636e-05,0.00033629412,0.00036268195,-5.625878e-05,-7.9591075e-05,9.3635004e-05,-6.23693e-05,1.5420332e-05,-4.289476e-05,-0.00018316723,-4.1325817e-05,-6.401228e-06,-1.0907706e-05,9.190521e-07,0.00010007619,-2.523894e-05,-2.792553e-06,-8.063711e-06,9.970289e-05,-2.855867e-06,5.6600555e-05,2.3666107e-05,5.393331e-06,2.796184e-05,-1.533737e-05,-3.4873035e-05,-1.0856364e-05,-3.0837207e-05,1.963717e-05,8.589818e-06,1.1821451e-05
5,-7.3581038,-0.65439576,6.1601915,-4.7438936,-2.167991,4.7647667,0.119508296,-0.6245061,-0.370162,-0.3673306,0.064192325,-0.03731454,0.001237491,0.0002275585,9.194612e-05,-0.0001270991,-0.00027385802,0.00022597109,5.3758507e-05,-8.397593e-05,5.424641e-05,-3.4528086e-05,0.00010012434,-5.5046945e-05,-2.9363387e-06,-4.741858e-05,-3.4361754e-05,5.0011316e-05,2.4979829e-05,-2.0667016e-05,-4.586007e-05,-5.0250215e-05,-2.9214589e-05,-9.788206e-05,3.1758675e-05,1.3047161e-05,-1.5939311e-05,1.6536703e-06,-1.6809769e-05,-1.8140967e-05,-1.1368642e-05,-2.2421063e-06,2.819264e-05,1.7365546e-05,9.097876e-06,-1.8843455e-05,-8.738214e-06,1.5049271e-05,2.4059626e-05,2.8234826e-06
6,0.10655816,0.21013278,-0.12868974,0.2719015,-0.4412004,0.119508296,4.4823956,-0.2217932,0.4105075,0.27712107,0.33044177,-0.4129405,0.0006551506,0.00062759826,0.0003533609,0.00017835783,-0.00015562719,-0.00042125498,-2.7756112e-05,9.861574e-05,7.4207754e-05,1.1647338e-05,6.769992e-06,3.857293e-05,1.4479026e-05,-0.000114857576,5.3320175e-05,-6.9452275e-05,-0.00013592532,-4.7858637e-05,-8.711326e-06,5.360235e-05,-4.2483996e-05,7.351453e-05,5.0757444e-05,1.6942884e-05,5.350584e-05,-4.3375476e-05,3.9850867e-05,2.8336048e-05,8.9110756e-05,5.518029e-06,-2.4500208e-05,-1.4856367e-05,-3.3429096e-05,-4.1203733e-05,-2.0920343e-05,-1.1453336e-05,2.551864e-05,1.1537009e-05
7,-9.12995,-0.103506394,1.1594534,1.870352,-1.9192173,-0.6245061,-0.2217932,2.6014786,0.11118723,0.4706252,-0.12070398,-0.08489386,0.00089005596,0.00016198453,0.00036288472,0.00019946512,5.0712097e-05,-0.00023320151,0.00045037636,0.00010771223,9.529098e-06,6.5658314e-05,8.287673e-06,-6.1772253e-06,-5.3220236e-05,-6.605138e-05,9.0890084e-05,-0.00010116621,-0.00012383738,-8.5214975e-05,-9.327758e-06,-1.8082697e-05,-0.00010983615,1.1931259e-05,4.848416e-05,-3.3734028e-05,1.9768748e-05,-2.7590568e-05,3.482598e-05,-5.405933e-06,4.3959622e-05,-1.2158007e-05,-1.1187996e-05,6.5229374e-06,-3.2694763e-05,-1.5264166e-05,-1.0119743e-05,1.8619481e-05,6.2058343e-06,1.0349957e-05
8,-0.61542904,0.048105612,-0.013364811,-0.14314263,0.19438657,-0.370162,0.4105075,0.11118723,2.7962863,-0.019493122,-0.07842112,-0.0073790895,0.0007773998,0.0006747999,-0.00027233362,2.1083852e-05,-0.00030397245,0.0001291582,-0.00012193219,-0.00016203056,-0.000109413304,3.9141185e-05,-7.5625954e-05,-3.6922975e-05,5.245486e-05,-2.4425422e-05,-3.117245e-05,7.329977e-06,0.00010911914,2.2566255e-05,4.1251583e-06,2.4870164e-05,5.8208323e-05,-5.0681345e-05,-1.1600023e-06,7.4902096e-07,1.2975945e-06,-1.1094415e-05,2.923282e-06,-3.2077536e-05,-5.953366e-05,-1.6241414e-05,1.0850677e-05,2.3360219e-05,2.994197e-05,3.861768e-08,-5.0184462e-06,-1.0188454e-05,2.1765431e-06,-1.768694e-05
9,3.9918027,-0.2613386,0.2168864,-1.2430577,0.27259976,-0.3673306,0.27712107,0.4706252,-0.019493122,1.1969512,0.087548405,0.07567272,-0.00074168475,-0.00014635993,0.00010393342,-0.00024241582,-3.0492978e-05,-6.936255e-05,-6.1010753e-05,6.066548e-05,-0.00012199937,-0.00010832932,-2.899641e-05,-6.6558796e-06,-2.9233322e-06,-4.2177717e-06,2.140642e-05,3.200752e-05,5.7537116e-05,1.3359671e-05,-6.1059172e-06,1.4570782e-05,6.8490635e-10,-1.9044197e-05,-3.617137e-05,-2.1583062e-05,-1.61092e-05,-1.9199213e-05,-1.5372698e-05,-3.6181586e-06,1.3784671e-05,-1.9702256e-05,5.6312556e-06,-1.148992e-06,5.695677e-06,-3.9082634e-06,7.853232e-06,-3.6405131e-06,4.4524354e-06,-1.0502999e-06
10,-2.1758795,-0.20258354,0.40361583,0.4899487,-0.4530512,0.064192325,0.33044177,-0.12070398,-0.07842112,0.087548405,0.5226729,0.19251159,-0.00063292455,-3.1490443e-05,-0.00019502861,-4.252697e-06,0.00019620624,4.1811352e-05,-7.3219286e-05,3.5381214e-05,-6.98346e-05,-0.0002086024,2.3750716e-05,2.2103137e-05,-7.656526e-05,6.554261e-05,2.8805898e-05,1.0009208e-05,1.8197501e-05,-4.1073192e-05,-1.0561576e-05,-6.3525167e-06,-4.276768e-05,-3.7712303e-05,1.0804302e-05,-1.7952414e-05,2.8282659e-05,-1.8736588e-05,-2.3512272e-05,-1.3376777e-05,5.898596e-06,-1.210328e-06,-7.4560726e-06,-2.1657331e-07,-4.0476675e-06,-1.8470362e-05,7.484109e-07,1.0371738e-05,4.4169283e-06,-1.6584161e-06
11,0.06555611,0.18799244,0.044927932,0.015915737,-0.13365461,-0.03731454,-0.4129405,-0.08489386,-0.0073790895,0.07567272,0.19251159,0.1511162,-0.00012384416,0.0011297711,0.00041877356,-0.0001259674,-0.00023375108,-9.793405e-05,0.0001807856,9.889476e-05,-7.790411e-06,3.205875e-05,1.94424e-06,-0.000109676155,-6.1275405e-06,-7.49398e-05,5.02553e-05,4.2784513e-06,-1.9543188e-05,-1.9377589e-05,-3.2961507e-05,1.4672836e-05,-1.7347335e-05,-3.0472442e-05,4.973269e-05,1.1990538e-06,-2.9452238e-05,-4.572993e-05,-2.2724862e-06,-8.844843e-06,2.564414e-05,-1.5491012e-05,7.454094e-06,9.997197e-06,5.141517e-07,-2.2514307e-05,-9.964481e-06,1.10647625e-05,7.100657e-06,-8.548568e-06
12,0.005837188,-0.0006858406,-0.0009675366,-0.0008937405,0.0026793485,0.001237491,0.0006551506,0.00089005596,0.0007773998,-0.00074168475,-0.00063292455,-0.00012384416,0.007770246,-0.00045483967,9.3895185e-05,-0.00019141621,0.0010862546,-0.00067194295,1.934635e-05,0.00014183758,0.00024292307,-0.0006341145,0.00028791552,-0.00012270715,-0.00048895134,8.161529e-05,5.7762663e-05,-2.3859888e-05,-0.00021962344,-0.0002475322,-1.2419163e-05,8.477535e-06,-0.00024786667,-0.00011559877,0.00018169689,-3.0415616e-05,-5.9039256e-05,-0.00021630462,-2.2983088e-05,-6.480652e-05,0.00017499289,2.4584331e-05,-6.8047804e-05,-4.581393e-06,-4.1943687e-05,-9.138082e-05,-7.905202e-06,5.656488e-05,4.1647312e-05,6.105997e-06
13,0.001418825,-0.00085463084,-0.0011719462,-0.00044054343,0.0007784273,0.0002275585,0.00062759826,0.00016198453,0.0006747999,-0.00014635993,-3.1490443e-05,0.0011297711,-0.00045483967,0.003541092,0.0010200226,-0.0005629044,-0.00036060877,-2.052466e-05,0.0004460001,0.00034765672,-0.00021998811,0.00015735862,2.761971e-05,7.0278516e-06,-5.3630356e-05,1.0770604e-05,3.5489218e-05,-1.5447135e-05,-2.9737192e-05,-6.0248894e-05,-6.493046e-05,-2.7290349e-05,-3.3753015e-05,-6.172308e-05,2.3208666e-05,-4.8861213e-05,-1.5501912e-05,-3.8977205e-06,-1.304823e-06,-7.598983e-06,-1.881885e-05,-2.187418e-05,1.1941073e-05,-1.2620851e-05,2.773525e-06,8.9093805e-07,1.245161e-06,1.4051582e-05,3.724359e-06,-2.014164e-05
14,0.0014125847,0.00056374667,0.00017221255,0.00010105856,0.00061953237,9.194612e-05,0.0003533609,0.00036288472,-0.00027233362,0.00010393342,-0.00019502861,0.00041877356,9.3895185e-05,0.0010200226,0.0019647314,0.00048575638,4.0186118e-05,9.114278e-05,-5.5055265e-05,-0.00010841203,-0.00037994556,-0.0002882313,-6.481401e-05,1.7149257e-05,5.6832425e-05,-0.00010688572,0.00010612336,-0.00010233878,-1.6952701e-05,-3.4305835e-05,-3.4404806e-05,3.7480888e-05,4.552717e-06,4.9580514e-05,-4.650239e-06,1.548407e-05,3.5271773e-05,-3.853265e-05,2.8288043e-05,3.998846e-05,5.680896e-05,-7.654123e-07,-1.258088e-05,-1.0583268e-05,-1.0168284e-05,-1.12648395e-05,-5.4001464e-07,-2.6520956e-05,6.165735e-06,4.4029126e-05
15,0.0008645023,0.0006494543,7.803654e-05,-0.00021260142,-0.00014606662,-0.0001270991,0.00017835783,0.00019946512,2.1083852e-05,-0.00024241582,-4.252697e-06,-0.0001259674,-0.00019141621,-0.0005629044,0.00048575638,0.001462674,0.00032530585,0.00029918,0.0002850874,8.778935e-05,-6.941061e-05,0.00013577292,8.183082e-06,-3.7591308e-05,-8.838484e-06,-2.6463815e-05,4.8299466e-05,-4.6098707e-05,-9.9533405e-05,-1.9898875e-05,1.5841388e-05,-8.495916e-06,2.675345e-05,8.8414585e-05,-2.9920493e-05,-1.4811565e-05,-2.3670227e-05,5.0100643e-05,1.14667555e-05,1.6408307e-05,4.5350193e-05,1.80936e-05,-1.2956725e-06,-2.5079204e-05,-1.8893948e-05,5.7289953e-06,-6.027939e-06,2.2557897e-06,-1.6679443e-05,3.1842552e-05
16,0.002482194,0.00015946335,-0.00054008194,0.00048688444,-1.8714654e-05,-0.00027385802,-0.00015562719,5.0712097e-05,-0.00030397245,-3.0492978e-05,0.00019620624,-0.00023375108,0.0010862546,-0.00036060877,4.0186118e-05,0.00032530585,0.0009212495,0.00015627538,-9.6822005e-05,9.785197e-05,-0.00021045348,-5.5947825e-05,0.000120881625,-1.992239e-05,-3.9902287e-05,0.0001461893,-5.33981e-05,-2.3960827e-05,1.2594461e-05,-0.00011524242,-5.3346157e-05,-3.249727e-05,-4.426422e-05,-1.6680495e-05,6.3639076e-05,-3.253527e-06,1.3991821e-05,3.7587147e-06,-8.978775e-06,-1.6896016e-05,-4.3678825e-05,-1.3752195e-05,7.984615e-07,-9.744602e-07,-2.452988e-05,-1.6760094e-05,1.1459342e-05,4.54944e-06,-2.6593139e-06,7.74412e-06
17,-0.0005350287,0.00051549834,0.00036702427,-0.00012931722,-2.9384975e-05,0.00022597109,-0.00042125498,-0.00023320151,0.0001291582,-6.936255e-05,4.1811352e-05,-9.793405e-05,-0.00067194295,-2.052466e-05,9.114278e-05,0.00029918,0.00015627538,0.0012262766,0.00016230099,-0.00013496063,-0.00010498223,-3.2567914e-05,-0.00011963593,-8.357938e-05,-1.8301269e-05,2.6667865e-05,5.0865714e-05,8.975902e-05,0.00012903317,3.7055856e-05,-1.7391198e-05,-4.769476e-05,9.1227075e-06,-6.689421e-05,-6.6084954e-06,-3.0517585e-06,-2.1230737e-05,-2.5069163e-05,-3.185239e-05,-2.4929428e-05,-1.4509836e-05,-2.4217303e-05,2.3926725e-06,2.1259097e-05,1.5648508e-05,1.6415634e-05,1.6703052e-05,1.85856e-05,7.612344e-07,-1.7483631e-05
18,0.0014651152,0.00025900285,-4.970961e-05,-0.0004541176,0.00047385227,5.3758507e-05,-2.7756112e-05,0.00045037636,-0.00012193219,-6.1010753e-05,-7.3219286e-05,0.0001807856,1.934635e-05,0.0004460001,-5.5055265e-05,0.0002850874,-9.6822005e-05,0.00016230099,0.00079484587,-3.311257e-05,0.00014839134,7.033566e-05,0.000100968646,6.300033e-05,2.4979858e-05,-1.2749547e-05,-4.3378415e-05,2.5415042e-05,-2.2311699e-05,3.245385e-06,2.9291741e-05,8.349732e-06,-1.59753e-05,-6.6685548e-06,2.6192094e-05,1.4857169e-05,4.08734e-05,1.8211842e-05,1.4498095e-05,-2.614196e-07,-1.7399691e-06,3.244465e-05,-1.8483156e-06,6.239555e-06,-1.0169036e-05,-4.687098e-06,-1.0173467e-05,8.927843e-06,1.5649657e-05,-6.4553365e-06
19,-0.00017472879,-0.000273626,1.1396591e-05,0.00015243124,6.998636e-05,-8.397593e-05,9.861574e-05,0.00010771223,-0.00016203056,6.066548e-05,3.5381214e-05,9.889476e-05,0.00014183758,0.00034765672,-0.00010841203,8.778935e-05,9.785197e-05,-0.00013496063,-3.311257e-05,0.00076527614,4.8530303e-05,-0.00010239861,-2.531125e-05,-0.000101294485,4.036518e-05,5.8287318e-05,-6.1647544e-05,4.367256e-05,-2.1099877e-05,1.0348802e-05,4.0149666e-06,-1.7253375e-05,5.250481e-06,1.3390493e-05,-3.398012e-05,1.7707835e-06,-1.3017654e-05,2.7658893e-05,-3.4196077e-05,-1.1411886e-05,3.680429e-06,-3.908032e-06,4.2784404e-06,-6.3842017e-06,-1.7926911e-06,-2.8816112e-06,1.4216982e-06,1.0598546e-05,-1.3055489e-05,1.4353943e-05
20,0.0011462806,-0.00017082886,-0.00026197307,-6.619953e-05,0.00033629412,5.424641e-05,7.4207754e-05,9.529098e-06,-0.000109413304,-0.00012199937,-6.98346e-05,-7.790411e-06,0.00024292307,-0.00021998811,-0.00037994556,-6.941061e-05,-0.00021045348,-0.00010498223,0.00014839134,4.8530303e-05,0.00038679322,2.5822396e-06,6.0137536e-06,-1.7466955e-05,2.7150443e-05,-2.505499e-05,8.688793e-05,-1.4271942e-05,-1.9175306e-05,-1.6799886e-05,-4.7327914e-05,-1.0878326e-05,-2.4799032e-05,-1.7126684e-05,-9.576848e-06,-1.3522654e-06,1.8552963e-05,2.5537513e-05,-3.5059106e-06,-7.8430844e-07,1.8027105e-05,-2.1838987e-06,3.67562e-07,-9.598446e-07,-4.853918e-06,1.418271e-05,-9.250509e-06,1.1581117e-05,1.7337328e-05,6.38437e-06
21,0.00048808393,0.00015431698,0.00041281752,-0.00032667076,0.00036268195,-3.4528086e-05,1.1647338e-05,6.5658314e-05,3.9141185e-05,-0.00010832932,-0.0002086024,3.205875e-05,-0.0006341145,0.00015735862,-0.0002882313,0.00013577292,-5.5947825e-05,-3.2567914e-05,7.033566e-05,-0.00010239861,2.5822396e-06,0.0006036918,-2.1253773e-05,-2.6539521e-05,2.3998207e-06,4.0592273e-05,-6.7224255e-06,-1.5263966e-05,-3.5311616e-05,-2.9384457e-05,-6.7749147e-06,-7.862117e-07,1.869335e-05,-4.0211532e-07,3.161217e-05,1.4636458e-05,-2.4468347e-05,-1.2147782e-05,1.5712278e-06,-9.951917e-06,-2.8124637e-06,-1.47661585e-05,1.1371001e-06,2.6932224e-07,4.2363718e-06,-1.7674041e-05,-1.2220421e-05,6.2595373e-06,3.06022e-06,-8.744435e-06
22,-0.00046633562,-0.00023814305,-4.154685e-05,2.3801125e-05,-5.625878e-05,0.00010012434,6.769992e-06,8.287673e-06,-7.5625954e-05,-2.899641e-05,2.3750716e-05,1.94424e-06,0.00028791552,2.761971e-05,-6.481401e-05,8.183082e-06,0.000120881625,-0.00011963593,0.000100968646,-2.531125e-05,6.0137536e-06,-2.1253773e-05,0.0004200684,-8.394545e-05,4.754678e-07,1.0283842e-05,-3.0822594e-05,-7.161877e-06,5.6969187e-05,-1.9451352e-05,-4.4389446e-05,3.175306e-05,2.4840738e-05,-6.0286056e-06,3.1753848e-06,-3.4425448e-05,-2.8237282e-05,-1.479256e-05,-3.1641393e-05,-1.6336107e-05,-2.0193602e-05,2.7501199e-05,-9.10854e-06,3.6763358e-06,7.608047e-06,-1.6504756e-06,8.4299645e-06,-5.1721663e-06,9.820342e-06,5.014728e-07
23,0.00030717795,-1.1149154e-05,-6.412731e-05,0.000110343346,-7.9591075e-05,-5.5046945e-05,3.857293e-05,-6.1772253e-06,-3.6922975e-05,-6.6558796e-06,2.2103137e-05,-0.000109676155,-0.00012270715,7.0278516e-06,1.7149257e-05,-3.7591308e-05,-1.992239e-05,-8.357938e-05,6.300033e-05,-0.000101294485,-1.7466955e-05,-2.6539521e-05,-8.394545e-05,0.00036571632,6.3553953e-06,3.3303797e-05,-5.2915268e-05,4.718778e-05,-3.1987158e-05,1.3117339e-06,-3.1817763e-05,-1.14231225e-05,-6.7462224e-06,1.9060644e-05,-1.5433432e-05,-1.3651149e-05,7.0768315e-06,6.509954e-06,-1.1523607e-05,1.1507734e-06,8.774688e-06,1.2498038e-05,-1.0274402e-05,-1.8468902e-05,3.048554e-06,1.255068e-05,4.0865066e-06,3.597961e-06,7.999735e-06,9.957637e-06
24,1.8875828e-05,8.1304504e-05,0.00013488578,-3.9703802e-05,9.3635004e-05,-2.9363387e-06,1.4479026e-05,-5.3220236e-05,5.245486e-05,-2.9233322e-06,-7.656526e-05,-6.1275405e-06,-0.00048895134,-5.3630356e-05,5.6832425e-05,-8.838484e-06,-3.9902287e-05,-1.8301269e-05,2.4979858e-05,4.036518e-05,2.7150443e-05,2.3998207e-06,4.754678e-07,6.3553953e-06,0.00029012136,3.8808426e-05,6.8634217e-06,-1.21209705e-05,6.4545593e-06,5.3370627e-08,-1.5390611e-05,3.203744e-05,1.3364261e-05,4.1470892e-05,1.556738e-05,3.4602584e-05,-8.166271e-06,-8.385827e-06,1.39802805e-05,7.3232377e-06,-8.490766e-06,1.3140291e-05,5.9012507e-07,9.853695e-06,-1.0081527e-05,-6.002928e-06,-1.2468934e-06,-5.372692e-06,-3.9459573e-07,8.228006e-06
25,-0.00013421712,-4.13664e-06,6.922958e-05,-3.964051e-05,-6.23693e-05,-4.741858e-05,-0.000114857576,-6.605138e-05,-2.4425422e-05,-4.2177717e-06,6.554261e-05,-7.49398e-05,8.161529e-05,1.0770604e-05,-0.00010688572,-2.6463815e-05,0.0001461893,2.6667865e-05,-1.2749547e-05,5.8287318e-05,-2.505499e-05,4.0592273e-05,1.0283842e-05,3.3303797e-05,3.8808426e-05,0.0002984609,2.8474476e-05,-8.47701e-06,1.2707253e-05,4.3109467e-06,-2.5605685e-05,8.74895e-06,2.8850804e-06,-1.1083123e-06,-1.0913196e-05,-1.041432e-05,1.8337832e-05,-8.445913e-06,1.8737679e-05,6.8172876e-06,1.7475997e-05,-7.1491354e-06,-9.954183e-06,2.211379e-06,3.160847e-06,1.2403635e-05,-4.2934444e-06,6.0974535e-06,7.5904654e-06,-7.761139e-06
26,0.00025972904,0.00023474693,-0.00013176736,4.491758e-05,1.5420332e-05,-3.4361754e-05,5.3320175e-05,9.0890084e-05,-3.117245e-05,2.140642e-05,2.8805898e-05,5.02553e-05,5.7762663e-05,3.5489218e-05,0.00010612336,4.8299466e-05,-5.33981e-05,5.0865714e-05,-4.3378415e-05,-6.1647544e-05,8.688793e-05,-6.7224255e-06,-3.0822594e-05,-5.2915268e-05,6.8634217e-06,2.8474476e-05,0.00028496247,2.8970833e-05,-8.616693e-06,-2.4638106e-05,-1.137411e-05,1.0753862e-05,-1.8313838e-05,-9.476514e-06,5.689077e-07,-7.514294e-06,1.3577227e-05,1.3123241e-05,-3.7159843e-06,8.270648e-07,-9.303509e-07,-2.4439264e-06,-7.498192e-06,-7.238972e-06,-1.5143496e-06,-1.4449457e-05,-4.926195e-06,8.7931985e-06,-7.2070816e-06,5.274894e-06
27,-0.00027791812,0.00018472399,-8.3947e-06,-0.00013164,-4.289476e-05,5.0011316e-05,-6.9452275e-05,-0.00010116621,7.329977e-06,3.200752e-05,1.0009208e-05,4.2784513e-06,-2.3859888e-05,-1.5447135e-05,-0.00010233878,-4.6098707e-05,-2.3960827e-05,8.975902e-05,2.5415042e-05,4.367256e-05,-1.4271942e-05,-1.5263966e-05,-7.161877e-06,4.718778e-05,-1.21209705e-05,-8.47701e-06,2.8970833e-05,0.00024743675,9.947946e-06,-1.3419662e-05,-9.447731e-06,2.5251025e-05,2.3922497e-05,3.3951528e-05,2.0900023e-05,-7.588673e-06,-1.5619888e-05,-1.204126e-05,-1.5236059e-05,-2.0473824e-06,-6.7151423e-06,1.19866745e-05,1.0070186e-05,1.4145307e-05,-2.2841546e-06,-8.096412e-06,3.848082e-06,-4.352335e-06,-4.1815456e-06,-2.9083126e-06
28,-0.00044888473,7.797839e-05,-7.826635e-05,2.2188265e-06,-0.00018316723,2.4979829e-05,-0.00013592532,-0.00012383738,0.00010911914,5.7537116e-05,1.8197501e-05,-1.9543188e-05,-0.00021962344,-2.9737192e-05,-1.6952701e-05,-9.9533405e-05,1.2594461e-05,0.00012903317,-2.2311699e-05,-2.1099877e-05,-1.9175306e-05,-3.5311616e-05,5.6969187e-05,-3.1987158e-05,6.4545593e-06,1.2707253e-05,-8.616693e-06,9.947946e-06,0.00019443863,9.586871e-06,-1.3196937e-05,6.0561456e-06,-1.8601368e-05,-1.9004458e-06,-1.580509e-05,6.4978076e-06,2.457924e-05,5.232367e-06,-1.1047081e-05,1.971687e-05,3.2936043e-07,2.0057478e-06,7.794588e-06,-1.8549346e-05,5.5748988e-06,-9.743128e-06,-1.5327445e-05,-5.3706668e-08,1.1909038e-05,-1.4774268e-06
29,-0.00012703163,3.991582e-05,3.165272e-05,-4.188797e-05,-4.1325817e-05,-2.0667016e-05,-4.7858637e-05,-8.5214975e-05,2.2566255e-05,1.3359671e-05,-4.1073192e-05,-1.9377589e-05,-0.0002475322,-6.0248894e-05,-3.4305835e-05,-1.9898875e-05,-0.00011524242,3.7055856e-05,3.245385e-06,1.0348802e-05,-1.6799886e-05,-2.9384457e-05,-1.9451352e-05,1.3117339e-06,5.3370627e-08,4.3109467e-06,-2.4638106e-05,-1.3419662e-05,9.586871e-06,0.00018525029,-1.6867189e-05,8.584209e-06,-5.0598658e-08,4.5451102e-07,-1.0205742e-05,-1.7342749e-05,-7.1926905e-07,1.5612863e-05,-4.0548957e-06,-1.2976125e-05,-4.649017e-06,1.4083501e-05,3.0767026e-06,5.9253716e-07,-1.0197972e-06,-2.086086e-05,9.718566e-06,1.0218131e-05,-2.290588e-06,1.4802023e-05
30,0.00015379462,0.00015485572,0.00010208116,-4.481111e-05,-6.401228e-06,-4.586007e-05,-8.711326e-06,-9.327758e-06,4.1251583e-06,-6.1059172e-06,-1.0561576e-05,-3.2961507e-05,-1.2419163e-05,-6.493046e-05,-3.4404806e-05,1.5841388e-05,-5.3346157e-05,-1.7391198e-05,2.9291741e-05,4.0149666e-06,-4.7327914e-05,-6.7749147e-06,-4.4389446e-05,-3.1817763e-05,-1.5390611e-05,-2.5605685e-05,-1.137411e-05,-9.447731e-06,-1.3196937e-05,-1.6867189e-05,0.00019761031,2.7840444e-05,2.7699645e-07,9.033134e-06,-1.4969104e-05,-2.5870468e-05,1.3141154e-05,-1.7414664e-05,-1.938949e-06,-1.7669976e-06,-9.988911e-06,2.3885564e-06,-1.8013401e-06,8.825622e-06,-2.5963914e-06,-3.4309514e-06,-9.757001e-06,1.0228918e-05,6.8556046e-06,-4.8300267e-06
31,-4.8698148e-05,-0.0001665549,-2.875608e-05,7.404e-05,-1.0907706e-05,-5.0250215e-05,5.360235e-05,-1.8082697e-05,2.4870164e-05,1.4570782e-05,-6.3525167e-06,1.4672836e-05,8.477535e-06,-2.7290349e-05,3.7480888e-05,-8.495916e-06,-3.249727e-05,-4.769476e-05,8.349732e-06,-1.7253375e-05,-1.0878326e-05,-7.862117e-07,3.175306e-05,-1.14231225e-05,3.203744e-05,8.74895e-06,1.0753862e-05,2.5251025e-05,6.0561456e-06,8.584209e-06,2.7840444e-05,0.00016424661,6.213911e-06,-1.372575e-05,6.6233933e-06,-6.9989346e-06,-4.847525e-07,7.696619e-06,9.386624e-06,2.7129743e-06,1.1714683e-05,-1.1639906e-05,3.8050187e-06,-1.1095867e-06,2.0398434e-06,1.3273402e-06,1.0444168e-05,-8.9805735e-06,-1.1517348e-05,7.58455e-06
32,-8.283835e-05,3.339847e-05,5.649943e-05,-5.725881e-05,9.190521e-07,-2.9214589e-05,-4.2483996e-05,-0.00010983615,5.8208323e-05,6.8490635e-10,-4.276768e-05,-1.7347335e-05,-0.00024786667,-3.3753015e-05,4.552717e-06,2.675345e-05,-4.426422e-05,9.1227075e-06,-1.59753e-05,5.250481e-06,-2.4799032e-05,1.869335e-05,2.4840738e-05,-6.7462224e-06,1.3364261e-05,2.8850804e-06,-1.8313838e-05,2.3922497e-05,-1.8601368e-05,-5.0598658e-08,2.7699645e-07,6.213911e-06,0.00016813203,-2.557439e-05,3.2026054e-07,-5.461866e-06,5.47721e-06,-3.915346e-06,-1.06743755e-05,-4.7778176e-06,8.97764e-06,-2.1795624e-06,-1.41568e-05,-4.7147187e-06,1.1053409e-05,-2.1731362e-06,-4.1809863e-06,-2.1614483e-06,6.4534415e-06,6.321241e-06
33,0.00032856938,4.933048e-05,0.000108732136,8.544697e-05,0.00010007619,-9.788206e-05,7.351453e-05,1.1931259e-05,-5.0681345e-05,-1.9044197e-05,-3.7712303e-05,-3.0472442e-05,-0.00011559877,-6.172308e-05,4.9580514e-05,8.8414585e-05,-1.6680495e-05,-6.689421e-05,-6.6685548e-06,1.3390493e-05,-1.7126684e-05,-4.0211532e-07,-6.0286056e-06,1.9060644e-05,4.1470892e-05,-1.1083123e-06,-9.476514e-06,3.3951528e-05,-1.9004458e-06,4.5451102e-07,9.033134e-06,-1.372575e-05,-2.557439e-05,0.00014041991,2.0848977e-06,-7.7680725e-06,-2.6574412e-06,-3.4129653e-06,-6.1269816e-07,-4.376526e-06,-4.6357704e-06,-6.8068184e-06,1.0524526e-06,-1.3576899e-05,4.7444996e-06,-7.129201e-06,2.8517942e-07,-2.841859e-06,6.642264e-07,-8.985171e-06
34,0.00018221221,3.914818e-05,-8.8526074e-05,-5.7528373e-06,-2.523894e-05,3.1758675e-05,5.0757444e-05,4.848416e-05,-1.1600023e-06,-3.617137e-05,1.0804302e-05,4.973269e-05,0.00018169689,2.3208666e-05,-4.650239e-06,-2.9920493e-05,6.3639076e-05,-6.6084954e-06,2.6192094e-05,-3.398012e-05,-9.576848e-06,3.161217e-05,3.1753848e-06,-1.5433432e-05,1.556738e-05,-1.0913196e-05,5.689077e-07,2.0900023e-05,-1.580509e-05,-1.0205742e-05,-1.4969104e-05,6.6233933e-06,3.2026054e-07,2.0848977e-06,0.00010923053,-1.1694326e-05,-1.7347143e-06,-5.041379e-06,-1.036148e-06,7.4054096e-06,-1.969801e-05,-2.8896866e-06,6.7117758e-06,-8.699528e-06,-2.2367858e-06,7.1903446e-07,-5.136012e-06,2.5193635e-06,3.4347404e-06,6.615509e-06
35,-0.00017360617,-5.2638123e-05,2.6316706e-05,4.151269e-05,-2.792553e-06,1.3047161e-05,1.6942884e-05,-3.3734028e-05,7.4902096e-07,-2.1583062e-05,-1.7952414e-05,1.1990538e-06,-3.0415616e-05,-4.8861213e-05,1.548407e-05,-1.4811565e-05,-3.253527e-06,-3.0517585e-06,1.4857169e-05,1.7707835e-06,-1.3522654e-06,1.4636458e-05,-3.4425448e-05,-1.3651149e-05,3.4602584e-05,-1.041432e-05,-7.514294e-06,-7.588673e-06,6.4978076e-06,-1.7342749e-05,-2.5870468e-05,-6.9989346e-06,-5.461866e-06,-7.7680725e-06,-1.1694326e-05,0.000119344986,-1.985074e-06,-2.1382634e-06,-3.9644056e-06,-6.090493e-07,-4.894272e-06,5.3285053e-06,3.5605203e-06,1.1498324e-06,1.5253712e-06,-5.299365e-06,8.850235e-06,-8.658971e-06,-2.350931e-06,-1.1358347e-06
36,2.2062424e-05,-3.2420532e-05,5.6659246e-05,-4.02928e-05,-8.063711e-06,-1.5939311e-05,5.350584e-05,1.9768748e-05,1.2975945e-06,-1.61092e-05,2.8282659e-05,-2.9452238e-05,-5.9039256e-05,-1.5501912e-05,3.5271773e-05,-2.3670227e-05,1.3991821e-05,-2.1230737e-05,4.08734e-05,-1.3017654e-05,1.8552963e-05,-2.4468347e-05,-2.8237282e-05,7.0768315e-06,-8.166271e-06,1.8337832e-05,1.3577227e-05,-1.5619888e-05,2.457924e-05,-7.1926905e-07,1.3141154e-05,-4.847525e-07,5.47721e-06,-2.6574412e-06,-1.7347143e-06,-1.985074e-06,0.00011558864,2.809304e-06,-1.231233e-06,-2.851026e-06,-9.296553e-06,4.2801994e-06,-1.9151216e-06,-4.870716e-06,-8.645131e-06,-6.9190364e-06,3.0793973e-07,-3.0864528e-06,-8.661929e-06,7.197478e-06
37,6.6199755e-05,8.755081e-05,0.00014569593,-4.631874e-05,9.970289e-05,1.6536703e-06,-4.3375476e-05,-2.7590568e-05,-1.1094415e-05,-1.9199213e-05,-1.8736588e-05,-4.572993e-05,-0.00021630462,-3.8977205e-06,-3.853265e-05,5.0100643e-05,3.7587147e-06,-2.5069163e-05,1.8211842e-05,2.7658893e-05,2.5537513e-05,-1.2147782e-05,-1.479256e-05,6.509954e-06,-8.385827e-06,-8.445913e-06,1.3123241e-05,-1.204126e-05,5.232367e-06,1.5612863e-05,-1.7414664e-05,7.696619e-06,-3.915346e-06,-3.4129653e-06,-5.041379e-06,-2.1382634e-06,2.809304e-06,9.641874e-05,2.2154576e-07,1.190649e-05,-1.2814122e-05,-3.3134984e-06,3.1216389e-06,-6.145661e-06,4.817297e-06,-7.592444e-06,-3.6711654e-06,-7.865268e-06,2.5575694e-06,-6.11254e-06
38,9.2786955e-05,-1.45568265e-05,1.4837387e-05,-8.446552e-07,-2.855867e-06,-1.6809769e-05,3.9850867e-05,3.482598e-05,2.923282e-06,-1.5372698e-05,-2.3512272e-05,-2.2724862e-06,-2.2983088e-05,-1.304823e-06,2.8288043e-05,1.14667555e-05,-8.978775e-06,-3.185239e-05,1.4498095e-05,-3.4196077e-05,-3.5059106e-06,1.5712278e-06,-3.1641393e-05,-1.1523607e-05,1.39802805e-05,1.8737679e-05,-3.7159843e-06,-1.5236059e-05,-1.1047081e-05,-4.0548957e-06,-1.938949e-06,9.386624e-06,-1.06743755e-05,-6.1269816e-07,-1.036148e-06,-3.9644056e-06,-1.231233e-06,2.2154576e-07,9.4006995e-05,-9.919719e-06,1.0642098e-06,7.1925006e-06,2.624763e-06,8.12355e-06,1.5619098e-05,8.471519e-06,3.8196727e-06,6.454695e-06,2.3433475e-07,3.5910066e-06
39,7.1123555e-05,-8.761027e-05,7.720535e-05,4.002623e-05,5.6600555e-05,-1.8140967e-05,2.8336048e-05,-5.405933e-06,-3.2077536e-05,-3.6181586e-06,-1.3376777e-05,-8.844843e-06,-6.480652e-05,-7.598983e-06,3.998846e-05,1.6408307e-05,-1.6896016e-05,-2.4929428e-05,-2.614196e-07,-1.1411886e-05,-7.8430844e-07,-9.951917e-06,-1.6336107e-05,1.1507734e-06,7.3232377e-06,6.8172876e-06,8.270648e-07,-2.0473824e-06,1.971687e-05,-1.2976125e-05,-1.7669976e-06,2.7129743e-06,-4.7778176e-06,-4.376526e-06,7.4054096e-06,-6.090493e-07,-2.851026e-06,1.190649e-05,-9.919719e-06,0.00010270583,8.154816e-06,6.7825376e-06,-4.519249e-06,6.659674e-06,-4.5694264e-06,6.623097e-06,4.2376364e-06,1.00591415e-05,3.5810963e-06,-1.2792252e-06
40,8.9599074e-05,-9.476687e-06,-5.470105e-05,0.00011426745,2.3666107e-05,-1.1368642e-05,8.9110756e-05,4.3959622e-05,-5.953366e-05,1.3784671e-05,5.898596e-06,2.564414e-05,0.00017499289,-1.881885e-05,5.680896e-05,4.5350193e-05,-4.3678825e-05,-1.4509836e-05,-1.7399691e-06,3.680429e-06,1.8027105e-05,-2.8124637e-06,-2.0193602e-05,8.774688e-06,-8.490766e-06,1.7475997e-05,-9.303509e-07,-6.7151423e-06,3.2936043e-07,-4.649017e-06,-9.988911e-06,1.1714683e-05,8.97764e-06,-4.6357704e-06,-1.969801e-05,-4.894272e-06,-9.296553e-06,-1.2814122e-05,1.0642098e-06,8.154816e-06,7.529653e-05,2.0571297e-06,6.0580314e-06,-2.654072e-07,-8.368868e-07,-7.4373283e-06,-4.63768e-06,-6.174675e-06,1.3152132e-06,-2.362542e-06
41,0.00012953673,-6.329393e-05,2.0940042e-05,2.9330857e-05,5.393331e-06,-2.2421063e-06,5.518029e-06,-1.2158007e-05,-1.6241414e-05,-1.9702256e-05,-1.210328e-06,-1.5491012e-05,2.4584331e-05,-2.187418e-05,-7.654123e-07,1.80936e-05,-1.3752195e-05,-2.4217303e-05,3.244465e-05,-3.908032e-06,-2.1838987e-06,-1.47661585e-05,2.7501199e-05,1.2498038e-05,1.3140291e-05,-7.1491354e-06,-2.4439264e-06,1.19866745e-05,2.0057478e-06,1.4083501e-05,2.3885564e-06,-1.1639906e-05,-2.1795624e-06,-6.8068184e-06,-2.8896866e-06,5.3285053e-06,4.2801994e-06,-3.3134984e-06,7.1925006e-06,6.7825376e-06,2.0571297e-06,7.342166e-05,-1.3189688e-06,-1.0161891e-06,3.2473902e-06,9.3290316e-07,-9.321013e-06,1.1024473e-05,-6.997987e-06,-1.0941606e-06
42,-8.1659324e-05,-2.6104237e-05,-1.32141895e-05,-3.3723159e-06,2.796184e-05,2.819264e-05,-2.4500208e-05,-1.1187996e-05,1.0850677e-05,5.6312556e-06,-7.4560726e-06,7.454094e-06,-6.8047804e-05,1.1941073e-05,-1.258088e-05,-1.2956725e-06,7.984615e-07,2.3926725e-06,-1.8483156e-06,4.2784404e-06,3.67562e-07,1.1371001e-06,-9.10854e-06,-1.0274402e-05,5.9012507e-07,-9.954183e-06,-7.498192e-06,1.0070186e-05,7.794588e-06,3.0767026e-06,-1.8013401e-06,3.8050187e-06,-1.41568e-05,1.0524526e-06,6.7117758e-06,3.5605203e-06,-1.9151216e-06,3.1216389e-06,2.624763e-06,-4.519249e-06,6.0580314e-06,-1.3189688e-06,7.142403e-05,8.02968e-06,-5.435574e-06,6.618641e-08,-3.584955e-06,3.7107916e-06,-3.678535e-07,-2.4435458e-06
43,-4.414669e-05,-2.6744445e-05,-5.112635e-05,-2.3045375e-05,-1.533737e-05,1.7365546e-05,-1.4856367e-05,6.5229374e-06,2.3360219e-05,-1.148992e-06,-2.1657331e-07,9.997197e-06,-4.581393e-06,-1.2620851e-05,-1.0583268e-05,-2.5079204e-05,-9.744602e-07,2.1259097e-05,6.239555e-06,-6.3842017e-06,-9.598446e-07,2.6932224e-07,3.6763358e-06,-1.8468902e-05,9.853695e-06,2.211379e-06,-7.238972e-06,1.4145307e-05,-1.8549346e-05,5.9253716e-07,8.825622e-06,-1.1095867e-06,-4.7147187e-06,-1.3576899e-05,-8.699528e-06,1.1498324e-06,-4.870716e-06,-6.145661e-06,8.12355e-06,6.659674e-06,-2.654072e-07,-1.0161891e-06,8.02968e-06,7.0581686e-05,-4.9559203e-06,-2.703447e-06,2.9306045e-06,-8.7675505e-07,4.7553812e-07,4.1227013e-06
44,-5.0678254e-06,2.7025515e-05,1.8949806e-06,-3.5718956e-05,-3.4873035e-05,9.097876e-06,-3.3429096e-05,-3.2694763e-05,2.994197e-05,5.695677e-06,-4.0476675e-06,5.141517e-07,-4.1943687e-05,2.773525e-06,-1.0168284e-05,-1.8893948e-05,-2.452988e-05,1.5648508e-05,-1.0169036e-05,-1.7926911e-06,-4.853918e-06,4.2363718e-06,7.608047e-06,3.048554e-06,-1.0081527e-05,3.160847e-06,-1.5143496e-06,-2.2841546e-06,5.5748988e-06,-1.0197972e-06,-2.5963914e-06,2.0398434e-06,1.1053409e-05,4.7444996e-06,-2.2367858e-06,1.5253712e-06,-8.645131e-06,4.817297e-06,1.5619098e-05,-4.5694264e-06,-8.368868e-07,3.2473902e-06,-5.435574e-06,-4.9559203e-06,6.015888e-05,-7.1395164e-07,4.2800375e-06,4.1114463e-06,-2.1704263e-06,-5.4557916e-07
45,-5.4805616e-05,-8.505765e-06,5.2497322e-05,-2.0251306e-05,-1.0856364e-05,-1.8843455e-05,-4.1203733e-05,-1.5264166e-05,3.861768e-08,-3.9082634e-06,-1.8470362e-05,-2.2514307e-05,-9.138082e-05,8.9093805e-07,-1.12648395e-05,5.7289953e-06,-1.6760094e-05,1.6415634e-05,-4.687098e-06,-2.8816112e-06,1.418271e-05,-1.7674041e-05,-1.6504756e-06,1.255068e-05,-6.002928e-06,1.2403635e-05,-1.4449457e-05,-8.096412e-06,-9.743128e-06,-2.086086e-05,-3.4309514e-06,1.3273402e-06,-2.1731362e-06,-7.129201e-06,7.1903446e-07,-5.299365e-06,-6.9190364e-06,-7.592444e-06,8.471519e-06,6.623097e-06,-7.4373283e-06,9.3290316e-07,6.618641e-08,-2.703447e-06,-7.1395164e-07,6.141576e-05,-1.0978222e-06,-4.2368e-06,-4.028486e-06,-8.6517247e-07
46,-9.0261865e-06,4.0596336e-05,2.2095144e-05,1.8738192e-05,-3.0837207e-05,-8.738214e-06,-2.0920343e-05,-1.0119743e-05,-5.0184462e-06,7.853232e-06,7.484109e-07,-9.964481e-06,-7.905202e-06,1.245161e-06,-5.4001464e-07,-6.027939e-06,1.1459342e-05,1.6703052e-05,-1.0173467e-05,1.4216982e-06,-9.250509e-06,-1.2220421e-05,8.4299645e-06,4.0865066e-06,-1.2468934e-06,-4.2934444e-06,-4.926195e-06,3.848082e-06,-1.5327445e-05,9.718566e-06,-9.757001e-06,1.0444168e-05,-4.1809863e-06,2.8517942e-07,-5.136012e-06,8.850235e-06,3.0793973e-07,-3.6711654e-06,3.8196727e-06,4.2376364e-06,-4.63768e-06,-9.321013e-06,-3.584955e-06,2.9306045e-06,4.2800375e-06,-1.0978222e-06,5.251915e-05,6.6610364e-06,2.4359388e-06,1.1936086e-06
47,7.0943206e-05,4.585145e-05,1.8256495e-05,-1.2579343e-05,1.963717e-05,1.5049271e-05,-1.1453336e-05,1.8619481e-05,-1.0188454e-05,-3.6405131e-06,1.0371738e-05,1.10647625e-05,5.656488e-05,1.4051582e-05,-2.6520956e-05,2.2557897e-06,4.54944e-06,1.85856e-05,8.927843e-06,1.0598546e-05,1.1581117e-05,6.2595373e-06,-5.1721663e-06,3.597961e-06,-5.372692e-06,6.0974535e-06,8.7931985e-06,-4.352335e-06,-5.3706668e-08,1.0218131e-05,1.0228918e-05,-8.9805735e-06,-2.1614483e-06,-2.841859e-06,2.5193635e-06,-8.658971e-06,-3.0864528e-06,-7.865268e-06,6.454695e-06,1.00591415e-05,-6.174675e-06,1.1024473e-05,3.7107916e-06,-8.7675505e-07,4.1114463e-06,-4.2368e-06,6.6610364e-06,4.11387e-05,1.0403218e-06,-3.06878e-07
48,-3.3222997e-05,-5.1877647e-05,-3.1179563e-05,2.7049507e-05,8.589818e-06,2.4059626e-05,2.551864e-05,6.2058343e-06,2.1765431e-06,4.4524354e-06,4.4169283e-06,7.100657e-06,4.1647312e-05,3.724359e-06,6.165735e-06,-1.6679443e-05,-2.6593139e-06,7.612344e-07,1.5649657e-05,-1.3055489e-05,1.7337328e-05,3.06022e-06,9.820342e-06,7.999735e-06,-3.9459573e-07,7.5904654e-06,-7.2070816e-06,-4.1815456e-06,1.1909038e-05,-2.290588e-06,6.8556046e-06,-1.1517348e-05,6.4534415e-06,6.642264e-07,3.4347404e-06,-2.350931e-06,-8.661929e-06,2.5575694e-06,2.3433475e-07,3.5810963e-06,1.3152132e-06,-6.997987e-06,-3.678535e-07,4.7553812e-07,-2.1704263e-06,-4.028486e-06,2.4359388e-06,1.0403218e-06,5.4270866e-05,6.6631633e-06
49,6.638824e-05,9.968413e-06,-5.4482753e-06,2.0114592e-05,1.1821451e-05,2.8234826e-06,1.1537009e-05,1.0349957e-05,-1.768694e-05,-1.0502999e-06,-1.6584161e-06,-8.548568e-06,6.105997e-06,-2.014164e-05,4.4029126e-05,3.1842552e-05,7.74412e-06,-1.7483631e-05,-6.4553365e-06,1.4353943e-05,6.38437e-06,-8.744435e-06,5.014728e-07,9.957637e-06,8.228006e-06,-7.761139e-06,5.274894e-06,-2.9083126e-06,-1.4774268e-06,1.4802023e-05,-4.8300267e-06,7.58455e-06,6.321241e-06,-8.985171e-06,6.615509e-06,-1.1358347e-06,7.197478e-06,-6.11254e-06,3.5910066e-06,-1.2792252e-06,-2.362542e-06,-1.0941606e-06,-2.4435458e-06,4.1227013e-06,-5.4557916e-07,-8.6517247e-07,1.1936086e-06,-3.06878e-07,6.6631633e-06,4.335486e-05
