,0,1,2,3,4,5,6,7,8,9,10,11,12,13,14,15,16,17,18,19,20,21,22,23,24,25,26,27,28,29,30,31,32,33,34,35,36,37,38,39,40,41,42,43,44
0,925.7516,0.8852387,0.22570659,-0.095591575,0.011390928,0.26728332,0.010822762,0.027868949,0.03536635,0.017036028,0.046447888,0.012417534,-0.03954805,-0.061727423,-0.069317184,-0.031067692,-0.024612019,0.031388223,-0.016141396,0.008611506,0.01452474,-0.0013910471,-0.01986818,-0.0054711006,-0.017484311,-0.030768855,0.0019007073,-0.006136192,0.0020564254,-0.0054022144,0.005857125,-0.0003998974,-5.9475442e-09,2.123929e-09,-1.1183788e-09,9.2878055e-10,1.5803694e-09,4.259631e-10,-1.5536681e-09,3.2033043e-09,4.55615e-09,-2.6334412e-09,1.1548237e-09,2.7564915e-09,3.6066896e-09
1,0.8852387,21.213707,4.803438,4.4300604,1.0130525,2.906394,-0.71575236,0.40000457,-0.48077464,-0.75383973,-0.72368014,-0.5396285,-0.6173221,0.55676514,-0.34856763,-0.20996296,0.12881228,0.041199587,0.28763014,-0.128581,0.4373641,-0.5192993,0.19131544,0.06846031,-0.11659795,-0.23729983,-0.032744505,0.048082076,0.040148437,-0.032656863,-0.026816312,-0.03035397,-2.6601136e-08,-4.1351164e-08,3.539589e-08,-2.5092701e-08,-3.4650647e-08,-3.289749e-09,-2.873495e-08,2.3821649e-08,-3.1069625e-08,5.8887558e-08,2.5260158e-09,-3.4828547e-09,3.451409e-08
2,0.22570659,4.803438,11.255591,-1.2499186,-2.2319565,1.9693525,0.94765854,0.33854628,0.8147528,-0.26960844,0.97692823,0.12985012,-0.78063524,-0.7733245,-0.44656575,-0.4635285,0.26047945,0.554806,-0.32507622,-0.06537564,-0.49038398,0.26519674,0.07114146,-0.048169054,0.0936732,-0.045862548,-0.08838564,-0.08913758,0.053423762,0.032528527,-0.024853071,0.0010301601,9.344514e-08,3.3195962e-09,7.079177e-08,-4.7063374e-08,-1.00067155e-07,-2.3563206e-08,1.656966e-08,4.1152717e-09,-2.8538873e-09,2.1664452e-08,-1.269e-08,-1.7466377e-08,2.3463539e-08
3,-0.095591575,4.4300604,-1.2499186,2.6831448,1.2698522,1.1903883,-1.3035171,-0.6565214,-0.17244825,0.6360549,-0.18298659,0.052398704,0.20972261,-0.06859014,0.09032643,0.15275423,0.096300915,-0.07916075,0.16147207,0.037476607,0.07134903,-0.13216667,-0.043671746,0.041190956,-0.010698793,-0.035077292,0.02326021,0.012989726,0.013397395,0.027572377,-0.013537535,0.0068162438,-3.0507465e-08,5.6022795e-08,-1.0576021e-07,9.404907e-09,5.6286034e-08,1.5350576e-08,-3.4305867e-08,-6.1093663e-09,3.055166e-08,-3.0898125e-08,6.7034676e-09,3.253747e-08,-6.138742e-09
4,0.011390928,1.0130525,-2.2319565,1.2698522,1.5055821,0.26074004,-0.33532155,-0.11961178,-0.49473816,0.4977584,-0.47490138,-0.008314954,0.1982595,-0.15697774,0.108388215,0.018531606,0.30757552,-0.2698846,-0.07130747,-0.042627007,0.17298223,-0.03799574,-0.027669292,-0.12298608,0.05253432,0.090152934,-0.035944156,-0.038251143,0.045366347,-0.091187626,-0.03065367,-0.007921215,-5.4680722e-08,-4.3668436e-08,-4.9793037e-08,3.907393e-08,-2.4866813e-09,-7.8918445e-09,-1.27918725e-08,-7.280762e-09,-5.898032e-10,-5.5818017e-09,4.135778e-09,2.8943383e-08,4.6418838e-10
5,0.26728332,2.906394,1.9693525,1.1903883,0.26074004,1.8020252,-0.3063859,0.11573862,-0.2446205,0.8262199,0.3161245,0.110650845,0.06409019,-0.24618551,-0.10101445,-0.0053835013,0.04329676,0.0458939,-0.16877532,0.17536011,-0.040740304,0.13074408,0.008829592,0.024442662,-0.017642714,0.026794374,0.08388363,0.07358985,-0.08589466,0.015242264,0.056254715,0.0163542,-5.0346515e-08,5.3667634e-08,-1.2099884e-08,3.6179664e-08,1.950334e-08,2.8843279e-09,-1.9060355e-08,-2.8600797e-09,1.887043e-08,-2.5721036e-08,9.416897e-09,8.827314e-09,-1.9230826e-09
6,0.010822762,-0.71575236,0.94765854,-1.3035171,-0.33532155,-0.3063859,1.4311155,0.86394083,-0.42442515,-0.13027535,-0.17234457,-0.023551939,-0.0072331475,-0.011800669,-0.109493144,-0.14682272,0.06659432,-0.00075664185,-0.11461769,-0.0061592907,0.11845429,0.03900972,0.062365346,-0.06260266,0.05250254,-0.09864854,-0.1810396,-0.007315445,-0.09856421,-0.0006889211,0.0024365112,0.006424346,-2.2609843e-08,-3.5964895e-08,7.9037434e-08,3.36368e-09,-3.2779653e-08,-3.317495e-08,1.974298e-08,1.1343974e-08,-3.400106e-08,1.944646e-08,-3.4089938e-09,-1.2912425e-08,1.3410425e-08
7,0.027868949,0.40000457,0.33854628,-0.6565214,-0.11961178,0.11573862,0.86394083,0.9985228,-0.55429035,0.05305384,-0.027654476,-0.122513175,0.023717768,0.13375485,-0.16715476,-0.075666726,-0.20186469,-0.051833913,-0.12405802,0.0060032653,0.17627837,0.12827979,0.040194344,0.03456352,-0.097123355,-0.044705495,0.019871794,0.028139982,-0.013297421,-0.09188512,0.013920947,0.011982342,-3.415326e-08,-1.102593e-07,6.605056e-08,2.8812423e-08,-1.9773367e-09,-4.583066e-09,1.0422752e-08,5.116033e-09,-8.5547445e-09,1.3456344e-08,2.3926376e-09,-1.888923e-09,1.1250991e-08
8,0.03536635,-0.48077464,0.8147528,-0.17244825,-0.49473816,-0.2446205,-0.42442515,-0.55429035,0.6708599,-0.32996666,0.16140366,0.027189806,-0.1891722,0.11153318,0.020927936,0.11659601,0.13897286,0.118415944,0.043347053,0.022303084,-0.17565134,0.004890959,0.08756302,0.031450827,0.033099733,0.063286975,0.014605949,0.0010481407,0.036321767,0.044703323,-0.032473702,0.011857964,5.5306543e-08,4.3302393e-08,-3.2443912e-09,-3.2628726e-08,-6.962292e-09,8.934364e-09,2.4747413e-09,-8.26487e-09,-6.5117565e-09,1.6376521e-08,-4.9589266e-09,-4.690458e-09,-3.69302e-09
9,0.017036028,-0.75383973,-0.26960844,0.6360549,0.4977584,0.8262199,-0.13027535,0.05305384,-0.32996666,0.95636636,0.13283181,0.17387074,0.27135408,-0.29929572,-0.035212003,0.14760232,0.03321952,-0.048743993,-0.049980976,0.066135325,-0.04417832,0.20668933,-0.01676574,0.035127774,-0.0126778,-0.05081439,-0.03227452,0.00055394263,-0.03354549,-0.0042771203,0.00994803,0.02273088,-2.490423e-08,6.20705e-09,-4.5518135e-08,2.2361785e-08,3.6691e-08,1.2827732e-09,-1.811042e-08,-6.8959056e-09,2.5716929e-08,-3.3489748e-08,3.3529397e-09,2.842484e-08,-2.8117353e-09
10,0.046447888,-0.72368014,0.97692823,-0.18298659,-0.47490138,0.3161245,-0.17234457,-0.027654476,0.16140366,0.13283181,0.415205,0.08715267,0.08351098,-0.06791282,-0.015065022,-0.06576857,-0.17312273,0.18810594,-0.06737022,0.08399405,-0.05024445,0.063014984,-0.04750233,0.08634077,-0.029808149,0.02641106,0.0804276,0.021285878,0.026799612,0.02047206,0.011966041,0.0106843915,8.343086e-09,1.11673195e-08,-3.331201e-08,3.8340717e-09,3.0616278e-08,2.311464e-08,-2.1567605e-09,-3.953758e-09,2.8095066e-08,-2.1996438e-08,1.7131208e-09,1.9624932e-10,-8.15651e-09
11,0.012417534,-0.5396285,0.12985012,0.052398704,-0.008314954,0.110650845,-0.023551939,-0.122513175,0.027189806,0.17387074,0.08715267,0.1054026,0.12826061,-0.11018239,0.02782103,-0.0071493834,0.03709182,0.08413419,-0.018797595,0.043879665,-0.010254126,0.004135184,-0.015844826,0.020371635,0.03322532,-0.013530342,-0.052037705,-0.003153063,-0.014294418,0.0398838,-0.0146835055,-0.0069103073,3.040311e-08,2.083179e-08,-4.7614e-08,-7.217788e-09,1.1415313e-08,5.217425e-09,-4.39423e-09,-3.9422874e-09,1.2214887e-08,-1.5239253e-08,-4.3907424e-09,7.417812e-09,-3.7703476e-09
12,-0.03954805,-0.6173221,-0.78063524,0.20972261,0.1982595,0.06409019,-0.0072331475,0.023717768,-0.1891722,0.27135408,0.08351098,0.12826061,0.3865455,-0.017400462,0.068949826,-0.05630497,-0.042764373,0.17554846,-0.031273514,0.08544156,0.16780338,-0.019771744,-0.037713267,0.09782562,0.02677375,-0.022140201,-0.07445164,-0.0023065181,0.034243032,0.033061825,-0.00808179,-0.008914424,1.3286426e-08,3.9422976e-09,-9.7756356e-08,2.6787144e-09,3.9976847e-08,3.0038265e-08,-1.0945471e-08,-3.868749e-09,3.1252824e-08,-3.5167005e-08,-3.4286993e-09,1.1352716e-08,-1.373464e-08
13,-0.061727423,0.55676514,-0.7733245,-0.06859014,-0.15697774,-0.24618551,-0.011800669,0.13375485,0.11153318,-0.29929572,-0.06791282,-0.11018239,-0.017400462,0.52851284,-0.02346018,0.16732448,-9.260834e-05,0.048854534,0.030702509,0.10464826,0.11899193,0.011677466,0.17081167,0.111824796,-0.036496405,0.031097444,0.028725043,0.07194138,-0.004775551,0.0054572145,0.029824886,0.022005014,-2.0319892e-08,1.5376001e-08,4.4188255e-08,-2.6394371e-09,7.739362e-09,1.9980776e-08,-1.6346738e-10,8.4997426e-10,-1.8940847e-08,2.1573129e-08,3.2283762e-09,-1.7824846e-08,-7.261542e-09
14,-0.069317184,-0.34856763,-0.44656575,0.09032643,0.108388215,-0.10101445,-0.109493144,-0.16715476,0.020927936,-0.035212003,-0.015065022,0.02782103,0.068949826,-0.02346018,0.095475115,-0.087523475,0.036489688,0.027513972,-0.0026364462,0.021743093,0.035147544,-0.0930581,-0.051087257,-0.029207366,0.054178346,0.032250218,0.00055875373,-0.0044456245,0.0006872235,0.024706349,0.023940034,0.0072858906,-5.1164616e-08,4.8030895e-08,-7.772169e-09,9.1070005e-09,9.069206e-09,2.445212e-09,-2.2490954e-10,4.204643e-09,1.9426225e-09,-1.1147382e-08,6.4737593e-09,-7.744962e-09,-7.991833e-09
15,-0.031067692,-0.20996296,-0.4635285,0.15275423,0.018531606,-0.0053835013,-0.14682272,-0.075666726,0.11659601,0.14760232,-0.06576857,-0.0071493834,-0.05630497,0.16732448,-0.087523475,0.3461676,0.05820123,-0.08157192,0.097181216,0.0027434626,-0.096171275,0.16377601,0.14906424,0.074358374,-0.059703216,-0.050078236,-0.028002901,0.024123657,-0.026939852,0.004491283,-0.009978498,-0.007950243,7.5527865e-08,-1.0544258e-08,8.054091e-09,-2.4122414e-08,-1.2038694e-08,1.465621e-09,-9.479672e-09,-7.3725777e-09,-9.41726e-09,1.5412722e-08,-9.20194e-09,8.045184e-09,3.3346885e-09
16,-0.024612019,0.12881228,0.26047945,0.096300915,0.30757552,0.04329676,0.06659432,-0.20186469,0.13897286,0.03321952,-0.17312273,0.03709182,-0.042764373,-9.260834e-05,0.036489688,0.05820123,0.4548558,-0.0050893817,-0.093647376,0.028132722,0.001604527,0.0457765,0.13101044,-0.06383301,0.12599662,0.09168407,-0.10646778,-0.021004159,0.018565554,-0.00071488455,0.011509674,0.004172423,-2.9118727e-08,4.6599418e-08,1.2204065e-08,1.4284189e-09,-3.9604323e-08,-3.316818e-09,-4.194238e-09,-2.015813e-09,-2.4186253e-08,1.2851305e-08,4.323888e-10,-6.1538348e-09,-6.8669337e-09
17,0.031388223,0.041199587,0.554806,-0.07916075,-0.2698846,0.0458939,-0.00075664185,-0.051833913,0.118415944,-0.048743993,0.18810594,0.08413419,0.17554846,0.048854534,0.027513972,-0.08157192,-0.0050893817,0.25174364,-0.024967961,0.06729439,0.08294162,-0.02186377,0.007009092,0.099749066,0.037297964,-0.003803415,-0.05408985,-0.005604566,0.056432858,0.042611197,0.0027093964,-0.002415746,1.3611748e-08,2.350107e-08,-5.9481746e-08,-1.0542511e-08,1.9756069e-08,3.0155533e-08,-5.63206e-09,-8.145814e-10,2.0364368e-08,-2.0252457e-08,-2.7851415e-09,-3.2461978e-09,-1.318625e-08
18,-0.016141396,0.28763014,-0.32507622,0.16147207,-0.07130747,-0.16877532,-0.11461769,-0.12405802,0.043347053,-0.049980976,-0.06737022,-0.018797595,-0.031273514,0.030702509,-0.0026364462,0.097181216,-0.093647376,-0.024967961,0.2073324,-0.092488125,-0.058546364,-0.024243198,-0.02023507,0.03350532,-0.018904908,-0.12924585,-0.04081483,-0.03163561,0.006432237,0.03165561,0.026884288,0.010406325,-2.4845107e-08,3.3949497e-08,1.708639e-08,-1.829234e-08,9.256586e-09,-2.9801184e-09,-5.5816445e-09,9.7804005e-09,1.0962735e-09,-5.632558e-09,3.189089e-09,-4.52205e-09,-1.0236012e-09
19,0.008611506,-0.128581,-0.06537564,0.037476607,-0.042627007,0.17536011,-0.0061592907,0.0060032653,0.022303084,0.066135325,0.08399405,0.043879665,0.08544156,0.10464826,0.021743093,0.0027434626,0.028132722,0.06729439,-0.092488125,0.14554325,0.048868097,-0.020052379,0.04389643,0.025768004,0.014263069,0.05649935,0.017987698,0.06351721,-0.063928336,0.035497703,-0.008153573,0.008596602,1.0719333e-08,2.490886e-08,-1.2777653e-08,6.8621233e-09,1.7275749e-08,4.7226947e-09,1.4600505e-09,-5.953747e-09,-1.4247792e-09,-1.2015317e-10,-4.1623605e-10,-3.8238385e-10,-2.5712596e-09
20,0.01452474,0.4373641,-0.49038398,0.07134903,0.17298223,-0.040740304,0.11845429,0.17627837,-0.17565134,-0.04417832,-0.05024445,-0.010254126,0.16780338,0.11899193,0.035147544,-0.096171275,0.001604527,0.08294162,-0.058546364,0.048868097,0.18441848,-0.05399707,0.004038751,0.038749903,0.016448919,0.027584624,-0.022680443,0.007404345,0.037050895,-0.01200624,0.0028530494,-0.002109472,-2.237741e-08,-1.5117948e-08,-2.8591327e-08,1.1767861e-08,1.287038e-08,1.772419e-08,-1.5475239e-09,5.950783e-10,6.6440746e-09,-7.830435e-09,1.2151067e-09,-1.5919612e-09,-7.099431e-09
21,-0.0013910471,-0.5192993,0.26519674,-0.13216667,-0.03799574,0.13074408,0.03900972,0.12827979,0.004890959,0.20668933,0.063014984,0.004135184,-0.019771744,0.011677466,-0.0930581,0.16377601,0.0457765,-0.02186377,-0.024243198,-0.020052379,-0.05399707,0.20601857,0.08645876,0.05251485,-0.0417066,0.0012407174,-0.0007593921,-0.009396318,0.044561557,-0.044272043,0.014303533,-0.007909749,2.8825662e-08,-3.570148e-08,6.4084094e-09,-2.5576878e-09,-1.9114012e-08,1.0397332e-08,-7.626339e-09,-4.3900767e-09,1.978401e-09,3.2041023e-09,-4.1917634e-09,4.2405492e-09,-1.5422312e-09
22,-0.01986818,0.19131544,0.07114146,-0.043671746,-0.027669292,0.008829592,0.062365346,0.040194344,0.08756302,-0.01676574,-0.04750233,-0.015844826,-0.037713267,0.17081167,-0.051087257,0.14906424,0.13101044,0.007009092,-0.02023507,0.04389643,0.004038751,0.08645876,0.13303213,0.040821128,-0.0024262997,0.018496986,-0.032996543,0.023621287,-0.0061783325,-0.0027730712,-0.0050796885,-0.00026976722,3.1303937e-08,-4.655738e-09,1.2289632e-08,-9.142939e-09,-1.4816308e-08,4.859688e-09,-2.6127966e-09,-4.732817e-09,-1.30293945e-08,1.56152e-08,-4.7556785e-09,-1.0801536e-09,-2.5845437e-10
23,-0.0054711006,0.06846031,-0.048169054,0.041190956,-0.12298608,0.024442662,-0.06260266,0.03456352,0.031450827,0.035127774,0.08634077,0.020371635,0.09782562,0.111824796,-0.029207366,0.074358374,-0.06383301,0.099749066,0.03350532,0.025768004,0.038749903,0.05251485,0.040821128,0.100500695,-0.031549122,-0.03231034,-0.016618613,0.0065000486,0.03526388,0.009054307,0.00035267172,-0.0051053306,3.185052e-08,-1.0195365e-08,-3.1166685e-08,-1.0907607e-08,1.2929661e-08,2.105671e-08,-7.0982753e-09,-2.4452225e-09,1.2805762e-08,-7.817004e-09,-4.1487977e-09,2.541159e-09,-5.675024e-09
24,-0.017484311,-0.11659795,0.0936732,-0.010698793,0.05253432,-0.017642714,0.05250254,-0.097123355,0.033099733,-0.0126778,-0.029808149,0.03322532,0.02677375,-0.036496405,0.054178346,-0.059703216,0.12599662,0.037297964,-0.018904908,0.014263069,0.016448919,-0.0417066,-0.0024262997,-0.031549122,0.070579484,0.018766653,-0.043530762,-0.013549684,0.00072272785,0.022310605,0.024896342,0.009931168,-4.8967348e-08,4.7497466e-08,5.9484497e-09,4.8161555e-09,-4.1641304e-09,-1.1788666e-09,-4.98968e-10,4.6723425e-09,-5.208433e-09,-5.3464677e-09,4.9957443e-09,-8.636938e-09,-6.4001338e-09
25,-0.030768855,-0.23729983,-0.045862548,-0.035077292,0.090152934,0.026794374,-0.09864854,-0.044705495,0.063286975,-0.05081439,0.02641106,-0.013530342,-0.022140201,0.031097444,0.032250218,-0.050078236,0.09168407,-0.003803415,-0.12924585,0.05649935,0.027584624,0.0012407174,0.018496986,-0.03231034,0.018766653,0.12682787,0.062545,0.022555925,0.01408975,-0.027624846,1.6571623e-05,-0.007550873,-9.065352e-10,-6.676737e-09,-1.9144988e-09,1.5075955e-08,-1.2751757e-08,5.689856e-09,2.682199e-09,-5.5622014e-09,-3.963954e-09,6.2906986e-09,8.038532e-10,-3.410505e-09,-3.2567722e-09
26,0.0019007073,-0.032744505,-0.08838564,0.02326021,-0.035944156,0.08388363,-0.1810396,0.019871794,0.014605949,-0.03227452,0.0804276,-0.052037705,-0.07445164,0.028725043,0.00055875373,-0.028002901,-0.10646778,-0.05408985,-0.04081483,0.017987698,-0.022680443,-0.0007593921,-0.032996543,-0.016618613,-0.043530762,0.062545,0.12074643,0.028520398,-0.004358729,-0.028470065,0.016095925,0.003810785,-2.0135593e-08,-9.395496e-09,2.3295055e-08,1.6147276e-08,2.7279337e-09,1.3036658e-10,3.3842462e-09,-6.676638e-10,8.08536e-10,3.5689487e-09,5.2246216e-09,-4.280775e-09,9.109039e-10
27,-0.006136192,0.048082076,-0.08913758,0.012989726,-0.038251143,0.07358985,-0.007315445,0.028139982,0.0010481407,0.00055394263,0.021285878,-0.003153063,-0.0023065181,0.07194138,-0.0044456245,0.024123657,-0.021004159,-0.005604566,-0.03163561,0.06351721,0.007404345,-0.009396318,0.023621287,0.0065000486,-0.013549684,0.022555925,0.028520398,0.041120294,-0.049776874,0.014936632,-0.0023051943,-0.0026734294,1.757581e-08,6.785107e-09,3.982154e-09,1.8462727e-09,2.7252507e-09,-1.7885005e-09,1.6189917e-09,-2.7074454e-09,-4.104442e-09,4.6053157e-09,-1.248565e-09,-1.4387223e-09,1.5199098e-09
28,0.0020564254,0.040148437,0.053423762,0.013397395,0.045366347,-0.08589466,-0.09856421,-0.013297421,0.036321767,-0.03354549,0.026799612,-0.014294418,0.034243032,-0.004775551,0.0006872235,-0.026939852,0.018565554,0.056432858,0.006432237,-0.063928336,0.037050895,0.044561557,-0.0061783325,0.03526388,0.00072272785,0.01408975,-0.004358729,-0.049776874,0.1191082,-0.045459095,0.00506836,0.0032572905,-2.2089218e-08,-2.8576878e-08,-1.7871798e-08,1.96319e-09,-1.2620918e-10,1.9156293e-08,-4.587526e-09,6.282498e-10,1.1884902e-08,-6.777725e-09,1.8653532e-09,1.7211805e-09,-6.9509163e-09
29,-0.0054022144,-0.032656863,0.032528527,0.027572377,-0.091187626,0.015242264,-0.0006889211,-0.09188512,0.044703323,-0.0042771203,0.02047206,0.0398838,0.033061825,0.0054572145,0.024706349,0.004491283,-0.00071488455,0.042611197,0.03165561,0.035497703,-0.01200624,-0.044272043,-0.0027730712,0.009054307,0.022310605,-0.027624846,-0.028470065,0.014936632,-0.045459095,0.050148014,0.011165928,-0.003554687,6.38442e-09,4.235182e-08,-7.585622e-09,-8.034144e-09,4.2464814e-09,-1.5406301e-09,-1.5219916e-09,2.1583468e-09,-3.7729292e-10,-5.7249867e-09,-7.5734496e-10,-4.8935647e-09,-2.437624e-09
30,0.005857125,-0.026816312,-0.024853071,-0.013537535,-0.03065367,0.056254715,0.0024365112,0.013920947,-0.032473702,0.00994803,0.011966041,-0.0146835055,-0.00808179,0.029824886,0.023940034,-0.009978498,0.011509674,0.0027093964,0.026884288,-0.008153573,0.0028530494,0.014303533,-0.0050796885,0.00035267172,0.024896342,1.6571623e-05,0.016095925,-0.0023051943,0.00506836,0.011165928,0.09780919,-0.002470454,-7.938506e-08,6.541468e-08,3.6580737e-08,1.1106938e-08,-1.7099733e-08,6.684976e-09,-6.960995e-09,1.2753518e-08,-3.8201695e-09,-1.1100003e-08,9.818747e-09,-2.4033238e-08,-1.2417077e-08
31,-0.0003998974,-0.03035397,0.0010301601,0.0068162438,-0.007921215,0.0163542,0.006424346,0.011982342,0.011857964,0.02273088,0.0106843915,-0.0069103073,-0.008914424,0.022005014,0.0072858906,-0.007950243,0.004172423,-0.002415746,0.010406325,0.008596602,-0.002109472,-0.007909749,-0.00026976722,-0.0051053306,0.009931168,-0.007550873,0.003810785,-0.0026734294,0.0032572905,-0.003554687,-0.002470454,0.040595446,-5.836352e-08,1.0095073e-08,2.6226438e-08,8.807259e-09,2.1576398e-08,-4.7989843e-09,3.7822527e-09,1.9941455e-09,-3.4502003e-09,2.0460305e-09,7.82615e-09,1.1882464e-09,8.6438884e-10
32,-5.9475442e-09,-2.6601136e-08,9.344514e-08,-3.0507465e-08,-5.4680722e-08,-5.0346515e-08,-2.2609843e-08,-3.415326e-08,5.5306543e-08,-2.490423e-08,8.343086e-09,3.040311e-08,1.3286426e-08,-2.0319892e-08,-5.1164616e-08,7.5527865e-08,-2.9118727e-08,1.3611748e-08,-2.4845107e-08,1.0719333e-08,-2.237741e-08,2.8825662e-08,3.1303937e-08,3.185052e-08,-4.8967348e-08,-9.065352e-10,-2.0135593e-08,1.757581e-08,-2.2089218e-08,6.38442e-09,-7.938506e-08,-5.836352e-08,1.7105443e-13,-6.6950216e-14,-6.899651e-14,-2.8193624e-14,-1.6517144e-14,3.0363647e-15,-8.596009e-16,-1.507924e-14,8.05095e-15,7.886981e-15,-2.1761381e-14,1.8687834e-14,9.410583e-15
33,2.123929e-09,-4.1351164e-08,3.3195962e-09,5.6022795e-08,-4.3668436e-08,5.3667634e-08,-3.5964895e-08,-1.102593e-07,4.3302393e-08,6.20705e-09,1.11673195e-08,2.083179e-08,3.9422976e-09,1.5376001e-08,4.8030895e-08,-1.0544258e-08,4.6599418e-08,2.350107e-08,3.3949497e-08,2.490886e-08,-1.5117948e-08,-3.570148e-08,-4.655738e-09,-1.0195365e-08,4.7497466e-08,-6.676737e-09,-9.395496e-09,6.785107e-09,-2.8576878e-08,4.235182e-08,6.541468e-08,1.0095073e-08,-6.6950216e-14,7.997475e-14,2.5645752e-14,4.915748e-15,-2.7367999e-15,-1.8509266e-16,-3.9059264e-15,9.506434e-15,-5.605816e-15,-9.143966e-15,8.5104365e-15,-1.7883088e-14,-9.31742e-15
34,-1.1183788e-09,3.539589e-08,7.079177e-08,-1.0576021e-07,-4.9793037e-08,-1.2099884e-08,7.9037434e-08,6.605056e-08,-3.2443912e-09,-4.5518135e-08,-3.331201e-08,-4.7614e-08,-9.7756356e-08,4.4188255e-08,-7.772169e-09,8.054091e-09,1.2204065e-08,-5.9481746e-08,1.708639e-08,-1.2777653e-08,-2.8591327e-08,6.4084094e-09,1.2289632e-08,-3.1166685e-08,5.9484497e-09,-1.9144988e-09,2.3295055e-08,3.982154e-09,-1.7871798e-08,-7.585622e-09,3.6580737e-08,2.6226438e-08,-6.899651e-14,2.5645752e-14,5.932984e-14,1.0549745e-14,-3.550862e-15,-1.0402131e-14,3.6502766e-15,7.115348e-15,-1.3896841e-14,7.66643e-15,9.151842e-15,-1.1244383e-14,4.684494e-16
35,9.2878055e-10,-2.5092701e-08,-4.7063374e-08,9.404907e-09,3.907393e-08,3.6179664e-08,3.36368e-09,2.8812423e-08,-3.2628726e-08,2.2361785e-08,3.8340717e-09,-7.217788e-09,2.6787144e-09,-2.6394371e-09,9.1070005e-09,-2.4122414e-08,1.4284189e-09,-1.0542511e-08,-1.829234e-08,6.8621233e-09,1.1767861e-08,-2.5576878e-09,-9.142939e-09,-1.0907607e-08,4.8161555e-09,1.5075955e-08,1.6147276e-08,1.8462727e-09,1.96319e-09,-8.034144e-09,1.1106938e-08,8.807259e-09,-2.8193624e-14,4.915748e-15,1.0549745e-14,8.530624e-15,2.9509705e-15,-5.8543084e-16,7.53245e-16,1.4858468e-15,-9.050721e-16,-1.0397033e-15,3.7486875e-15,-2.1325429e-15,-1.1310092e-15
36,1.5803694e-09,-3.4650647e-08,-1.00067155e-07,5.6286034e-08,-2.4866813e-09,1.950334e-08,-3.2779653e-08,-1.9773367e-09,-6.962292e-09,3.6691e-08,3.0616278e-08,1.1415313e-08,3.9976847e-08,7.739362e-09,9.069206e-09,-1.2038694e-08,-3.9604323e-08,1.9756069e-08,9.256586e-09,1.7275749e-08,1.287038e-08,-1.9114012e-08,-1.4816308e-08,1.2929661e-08,-4.1641304e-09,-1.2751757e-08,2.7279337e-09,2.7252507e-09,-1.2620918e-10,4.2464814e-09,-1.7099733e-08,2.1576398e-08,-1.6517144e-14,-2.7367999e-15,-3.550862e-15,2.9509705e-15,2.2836508e-14,-7.8755575e-17,1.9569544e-15,-1.0943852e-15,4.1135986e-15,-2.3972972e-15,2.600591e-15,5.6869013e-15,1.1363636e-15
37,4.259631e-10,-3.289749e-09,-2.3563206e-08,1.5350576e-08,-7.8918445e-09,2.8843279e-09,-3.317495e-08,-4.583066e-09,8.934364e-09,1.2827732e-09,2.311464e-08,5.217425e-09,3.0038265e-08,1.9980776e-08,2.445212e-09,1.465621e-09,-3.316818e-09,3.0155533e-08,-2.9801184e-09,4.7226947e-09,1.772419e-08,1.0397332e-08,4.859688e-09,2.105671e-08,-1.1788666e-09,5.689856e-09,1.3036658e-10,-1.7885005e-09,1.9156293e-08,-1.5406301e-09,6.684976e-09,-4.7989843e-09,3.0363647e-15,-1.8509266e-16,-1.0402131e-14,-5.8543084e-16,-7.8755575e-17,7.599011e-15,-2.4790041e-15,-1.7402398e-16,4.1045794e-15,-3.6194675e-15,-5.138032e-16,-1.1132276e-15,-3.2435805e-15
38,-1.5536681e-09,-2.873495e-08,1.656966e-08,-3.4305867e-08,-1.27918725e-08,-1.9060355e-08,1.974298e-08,1.0422752e-08,2.4747413e-09,-1.811042e-08,-2.1567605e-09,-4.39423e-09,-1.0945471e-08,-1.6346738e-10,-2.2490954e-10,-9.479672e-09,-4.194238e-09,-5.63206e-09,-5.5816445e-09,1.4600505e-09,-1.5475239e-09,-7.626339e-09,-2.6127966e-09,-7.0982753e-09,-4.98968e-10,2.682199e-09,3.3842462e-09,1.6189917e-09,-4.587526e-09,-1.5219916e-09,-6.960995e-09,3.7822527e-09,-8.596009e-16,-3.9059264e-15,3.6502766e-15,7.53245e-16,1.9569544e-15,-2.4790041e-15,1.9928345e-15,-4.4959757e-16,-1.3792017e-15,2.1552673e-15,2.1982231e-16,9.00017e-16,1.5422932e-15
39,3.2033043e-09,2.3821649e-08,4.1152717e-09,-6.1093663e-09,-7.280762e-09,-2.8600797e-09,1.1343974e-08,5.116033e-09,-8.26487e-09,-6.8959056e-09,-3.953758e-09,-3.9422874e-09,-3.868749e-09,8.4997426e-10,4.204643e-09,-7.3725777e-09,-2.015813e-09,-8.145814e-10,9.7804005e-09,-5.953747e-09,5.950783e-10,-4.3900767e-09,-4.732817e-09,-2.4452225e-09,4.6723425e-09,-5.5622014e-09,-6.676638e-10,-2.7074454e-09,6.282498e-10,2.1583468e-09,1.2753518e-08,1.9941455e-09,-1.507924e-14,9.506434e-15,7.115348e-15,1.4858468e-15,-1.0943852e-15,-1.7402398e-16,-4.4959757e-16,2.3437806e-15,-8.679179e-16,-1.4373193e-15,1.829329e-15,-3.3151165e-15,-1.3106823e-15
40,4.55615e-09,-3.1069625e-08,-2.8538873e-09,3.055166e-08,-5.898032e-10,1.887043e-08,-3.400106e-08,-8.5547445e-09,-6.5117565e-09,2.5716929e-08,2.8095066e-08,1.2214887e-08,3.1252824e-08,-1.8940847e-08,1.9426225e-09,-9.41726e-09,-2.4186253e-08,2.0364368e-08,1.0962735e-09,-1.4247792e-09,6.6440746e-09,1.978401e-09,-1.30293945e-08,1.2805762e-08,-5.208433e-09,-3.963954e-09,8.08536e-10,-4.104442e-09,1.1884902e-08,-3.7729292e-10,-3.8201695e-09,-3.4502003e-09,8.05095e-15,-5.605816e-15,-1.3896841e-14,-9.050721e-16,4.1135986e-15,4.1045794e-15,-1.3792017e-15,-8.679179e-16,5.806814e-15,-4.3951845e-15,-9.661434e-16,2.400515e-15,-9.620638e-16
41,-2.6334412e-09,5.8887558e-08,2.1664452e-08,-3.0898125e-08,-5.5818017e-09,-2.5721036e-08,1.944646e-08,1.3456344e-08,1.6376521e-08,-3.3489748e-08,-2.1996438e-08,-1.5239253e-08,-3.5167005e-08,2.1573129e-08,-1.1147382e-08,1.5412722e-08,1.2851305e-08,-2.0252457e-08,-5.632558e-09,-1.2015317e-10,-7.830435e-09,3.2041023e-09,1.56152e-08,-7.817004e-09,-5.3464677e-09,6.2906986e-09,3.5689487e-09,4.6053157e-09,-6.777725e-09,-5.7249867e-09,-1.1100003e-08,2.0460305e-09,7.886981e-15,-9.143966e-15,7.66643e-15,-1.0397033e-15,-2.3972972e-15,-3.6194675e-15,2.1552673e-15,-1.4373193e-15,-4.3951845e-15,6.476516e-15,-9.030456e-16,1.3858708e-15,2.8273814e-15
42,1.1548237e-09,2.5260158e-09,-1.269e-08,6.7034676e-09,4.135778e-09,9.416897e-09,-3.4089938e-09,2.3926376e-09,-4.9589266e-09,3.3529397e-09,1.7131208e-09,-4.3907424e-09,-3.4286993e-09,3.2283762e-09,6.4737593e-09,-9.20194e-09,4.323888e-10,-2.7851415e-09,3.189089e-09,-4.1623605e-10,1.2151067e-09,-4.1917634e-09,-4.7556785e-09,-4.1487977e-09,4.9957443e-09,8.038532e-10,5.2246216e-09,-1.248565e-09,1.8653532e-09,-7.5734496e-10,9.818747e-09,7.82615e-09,-2.1761381e-14,8.5104365e-15,9.151842e-15,3.7486875e-15,2.600591e-15,-5.138032e-16,2.1982231e-16,1.829329e-15,-9.661434e-16,-9.030456e-16,2.849469e-15,-2.3011225e-15,-1.077935e-15
43,2.7564915e-09,-3.4828547e-09,-1.7466377e-08,3.253747e-08,2.8943383e-08,8.827314e-09,-1.2912425e-08,-1.888923e-09,-4.690458e-09,2.842484e-08,1.9624932e-10,7.417812e-09,1.1352716e-08,-1.7824846e-08,-7.744962e-09,8.045184e-09,-6.1538348e-09,-3.2461978e-09,-4.52205e-09,-3.8238385e-10,-1.5919612e-09,4.2405492e-09,-1.0801536e-09,2.541159e-09,-8.636938e-09,-3.410505e-09,-4.280775e-09,-1.4387223e-09,1.7211805e-09,-4.8935647e-09,-2.4033238e-08,1.1882464e-09,1.8687834e-14,-1.7883088e-14,-1.1244383e-14,-2.1325429e-15,5.6869013e-15,-1.1132276e-15,9.00017e-16,-3.3151165e-15,2.400515e-15,1.3858708e-15,-2.3011225e-15,7.186289e-15,2.9414655e-15
44,3.6066896e-09,3.451409e-08,2.3463539e-08,-6.138742e-09,4.6418838e-10,-1.9230826e-09,1.3410425e-08,1.1250991e-08,-3.69302e-09,-2.8117353e-09,-8.15651e-09,-3.7703476e-09,-1.373464e-08,-7.261542e-09,-7.991833e-09,3.3346885e-09,-6.8669337e-09,-1.318625e-08,-1.0236012e-09,-2.5712596e-09,-7.099431e-09,-1.5422312e-09,-2.5845437e-10,-5.675024e-09,-6.4001338e-09,-3.2567722e-09,9.109039e-10,1.5199098e-09,-6.9509163e-09,-2.437624e-09,-1.2417077e-08,8.6438884e-10,9.410583e-15,-9.31742e-15,4.684494e-16,-1.1310092e-15,1.1363636e-15,-3.2435805e-15,1.5422932e-15,-1.3106823e-15,-9.620638e-16,2.8273814e-15,-1.077935e-15,2.9414655e-15,2.7330621e-15
