,0,1,2,3,4,5,6,7,8,9,10,11,12,13,14,15,16,17,18,19,20,21,22,23,24,25,26,27,28,29,30,31,32,33,34,35,36,37,38,39,40,41,42,43,44,45,46,47,48,49,50,51,52,53,54,55,56,57
0,298.99152,9.243843,40.862442,-77.798294,23.48428,-40.88343,17.300411,2.0031075,-1.0240798,-25.597801,-14.057507,-4.1367826,-8.652376,3.2905564,-6.2771015,10.494875,-0.15400985,9.769869,-1.3261719,1.5174024,-4.6064806,-2.0468116,1.8756967,2.3084059,-1.3054206,1.4795943,0.1700936,1.9062293,-1.5177935,5.9413023,-1.6701226,-1.3901389,-1.3009009,3.6956735,-2.2456603,2.6777515,1.9632363,2.943886,4.9282365,-0.7641939,1.8628631,-2.5996122,3.593563,-1.1303095,0.3780837,1.0611427,-2.2997777,2.1400251,-0.8999219,2.8539224,-0.40184855,1.4520862,2.2208705,-1.4481151,1.8048198,1.359956,-0.9072433,-1.4392345
1,9.243843,187.95862,26.506567,12.724499,9.3881855,-3.6849236,-4.8936644,-1.5991695,15.069719,4.995538,-2.012323,1.4017974,-1.1858191,-8.527945,-0.546681,-2.8847682,3.74476,-0.97443366,1.9082782,4.1339602,2.933147,0.99911714,6.871357,1.2999768,7.695276,-2.9947543,1.017374,1.9113185,-1.5336868,1.1784037,-3.7146146,-2.812234,-2.0438952,2.9923525,-0.91019064,-1.9782786,-3.5107884,-2.298155,0.55655885,0.24288101,0.7577434,-1.3243579,2.398957,-1.9677293,-1.8777621,0.14090946,0.1284439,-1.2612803,-1.430315,-0.7321884,0.21211764,-1.8239751,0.818167,0.6547219,0.27148926,-0.4390619,-0.0005227854,0.4547848
2,40.862442,26.506567,98.50475,-9.460205,-18.908417,6.058279,4.924796,11.662035,-5.560786,7.0371113,-2.7313166,1.6956384,-1.4176412,-1.3850553,1.6224806,1.6050909,0.59681046,3.214767,-7.873302,-5.746679,-3.9600563,-1.3415906,3.7637305,1.0796431,-0.41506407,1.1202346,-2.567153,2.4562502,0.60205734,-1.3699801,0.39761508,0.6808424,-1.0372202,-2.1393728,2.6458716,-1.5157905,1.4753901,0.7975021,1.6315744,-3.153504,3.0290527,0.67262024,0.9100019,-1.2649927,-1.2891444,1.8671333,-1.5979753,-0.8431126,-1.1890143,-0.644783,0.56561124,1.354772,0.8167864,0.6299374,-0.38507825,-0.9729372,-0.6009339,0.5140376
3,-77.798294,12.724499,-9.460205,59.74837,-7.8868504,6.532114,6.701268,-0.8196526,10.430996,1.9883491,2.3073013,-1.4447963,3.0250385,1.2856643,-2.7461214,-3.250023,-1.5661738,0.062040687,-0.119277164,-3.477383,0.18632165,0.8923385,0.91256714,-4.0605445,-0.5804194,-1.9564567,-2.9674459,0.52948153,-0.19190301,-0.5192772,-1.031026,-1.9606166,-2.7291179,-2.0837579,2.487225,3.2671838,-0.35605088,0.9039665,-0.018684618,1.166208,-1.2393634,0.7569225,-0.38294795,0.26090482,-0.036749557,1.2730067,-0.20738181,-0.87613916,0.47173005,0.08209694,-0.65945935,0.53813416,1.1179008,0.015893858,0.8274268,0.20818177,-0.73397505,0.39102352
4,23.48428,9.3881855,-18.908417,-7.8868504,72.949196,-1.4795694,0.63497174,1.1957879,1.908849,5.516777,0.57111204,1.4021937,-3.6271763,2.7992654,0.46528924,-1.9419627,1.0656514,-0.59528637,-0.7110525,-1.927763,-0.55854905,0.3250433,0.77509713,-0.63844514,-0.69555604,-0.6032537,-1.2172792,0.94106585,-0.9741872,-0.27919215,1.5084193,0.97771895,-0.3702137,-1.7310419,1.3135782,0.08671203,0.026778419,0.5682757,0.21995197,0.33395576,-0.42162454,-0.73696965,-1.3319249,0.63358736,-1.229054,0.39453703,-0.3768958,-0.4011011,0.40088207,0.45147368,-0.12568451,0.11035378,-0.24131697,0.089257,-0.10369526,-0.82498753,-0.87946945,-0.1501508
5,-40.88343,-3.6849236,6.058279,6.532114,-1.4795694,22.74379,7.9655952,4.9793596,-0.58792484,3.5884767,1.292274,0.76627135,0.918597,5.5074325,4.1214542,-0.9456332,-1.0298257,0.37417817,1.3896213,-0.94580936,1.4510012,1.434329,-0.97314227,1.4464009,3.1129594,-1.8352952,-0.14334959,0.14416824,1.0044383,-3.2775965,0.5622431,0.6481328,1.541002,0.21134952,0.27122843,-1.2398626,-0.2163091,-0.16745533,0.29189885,0.013967555,1.7313578,-1.1397777,-1.0676138,0.9144131,-0.3258228,-0.15753454,-0.3918211,-0.57998693,-0.07725988,0.06617071,0.16368555,-0.28906113,0.19254802,-0.10367138,-0.80294496,-0.54207253,-0.07643755,0.3596754
6,17.300411,-4.8936644,4.924796,6.701268,0.63497174,7.9655952,39.960117,-0.38859862,1.526593,-0.8528847,-6.482203,-1.497049,-3.0086794,2.3918996,2.7624438,3.9016929,3.2320857,-1.7652043,2.2859354,1.4400563,0.06684896,2.2167926,0.18972686,-0.76144695,-1.0572095,-2.0330007,-0.61603236,1.1874102,-0.18564436,0.10573144,0.6220197,0.63461375,-0.9276537,-0.083856285,1.2102294,0.023794662,-0.5720341,0.41950154,0.4804973,0.31824172,0.5426899,-0.26338613,0.20452818,-0.092848845,-0.061168835,-0.43077454,0.07541832,-0.17911865,-1.0494411,-0.7688334,-0.35656607,0.013387683,0.3595677,-0.39415315,0.537107,0.71384525,0.9179572,-0.18198222
7,2.0031075,-1.5991695,11.662035,-0.8196526,1.1957879,4.9793596,-0.38859862,26.252674,2.201284,0.9204867,-1.0750972,-0.61428905,1.7636617,0.7313842,-0.34870452,-3.0093236,1.3208785,2.9604783,0.40843058,-0.22272438,0.383649,-0.4627755,0.31292012,1.6525996,0.6161187,-1.5604079,0.5200548,-0.164303,-0.20163862,0.538123,0.5084156,0.6710561,0.19998461,-1.6792834,-2.2817173,-0.7804158,1.2993064,1.0386262,0.71886325,0.93976647,-1.2826648,-0.13242999,-0.55029255,0.7145394,-0.57010627,-0.14694068,0.27690333,-1.1106095,0.89248043,0.9974948,1.0397573,0.474137,0.51270175,-0.088049404,-0.34467757,0.9371562,0.8556909,0.07149091
8,-1.0240798,15.069719,-5.560786,10.430996,1.908849,-0.58792484,1.526593,2.201284,18.611347,-3.2430005,0.64106923,2.0871873,-0.77445936,-1.1570222,-0.20588917,1.6140044,2.3979127,1.5289154,3.789376,-2.674291,0.9997827,-0.2171861,-0.93325984,-0.5898149,-0.94602185,1.6199696,-0.35809922,-1.0775008,0.32832098,0.21465921,0.9054762,-0.023413353,0.37790567,0.96141243,-1.3411664,0.08738135,-0.041051827,0.5478299,1.5874437,0.15254499,0.98069704,1.7572249,0.32764488,0.7374487,0.57226133,0.87220526,-0.44155058,-0.08200939,0.48556927,0.5725777,0.26165962,0.31869936,-0.05213803,-0.28789836,0.007348613,0.115746096,-0.048763964,0.76374686
9,-25.597801,4.995538,7.0371113,1.9883491,5.516777,3.5884767,-0.8528847,0.9204867,-3.2430005,20.90999,1.4538207,-2.5392118,-1.5890124,-0.70927715,-2.2135763,0.9128227,0.6462716,0.9449071,-0.26885954,-0.63487864,-0.8117188,0.31179196,-0.94521713,-1.4506984,-0.15476444,0.5912937,-0.095805466,0.62946033,1.5197375,0.5492399,1.9344633,0.23772335,0.3652319,0.8154357,0.5392244,0.01934703,1.1329024,-0.47155315,-0.6015836,1.1995922,-0.1171218,0.6110257,0.6210879,-0.61072254,-0.20158833,-0.06973636,0.1198394,0.81271803,-1.0084381,-1.1326776,1.4790641,-0.6557992,-0.7275559,-0.06391011,-0.050921977,0.091959566,0.8221437,-0.079817474
10,-14.057507,-2.012323,-2.7313166,2.3073013,0.57111204,1.292274,-6.482203,-1.0750972,0.64106923,1.4538207,8.618126,-0.41070142,-0.60720795,0.33405906,2.7247114,-1.3824662,-0.6824546,0.0024432633,-0.35088432,-0.04816471,0.21148393,-2.437856,-2.4491785,0.06977427,0.8630222,-1.6748859,-0.8296267,-0.4699059,-0.5054326,1.6257919,0.41663408,0.4648494,0.5600766,0.6854764,0.042375706,-0.48699313,0.23388739,0.613225,0.14939758,-0.81372845,0.4162848,0.22742683,1.0729526,0.5893363,-0.3702101,0.1907981,0.25902042,0.009273447,-0.6242679,0.043367047,-0.33665437,0.37854916,0.08157744,-0.49850816,0.35699472,-0.44720346,-0.0024831938,0.066389054
11,-4.1367826,1.4017974,1.6956384,-1.4447963,1.4021937,0.76627135,-1.497049,-0.61428905,2.0871873,-2.5392118,-0.41070142,11.653758,3.8624678,0.4857397,-0.118251085,0.40057525,1.0682577,-1.0029597,-0.99370825,0.32520533,1.1443932,-1.0334458,-0.6708401,1.3178561,-0.4260925,1.18674,0.5100957,2.0769496,-0.04616893,0.13569319,2.4582908,-0.5627396,-0.45654666,0.54267234,0.7731199,-2.0462866,-0.6886283,-1.0087639,-1.0186775,-0.0023492584,0.24237818,0.32684466,-1.0030775,-0.16209622,0.5709122,0.94381356,-0.4015261,-0.5514743,-0.27133006,0.7202587,0.30321315,0.38514638,-0.021537067,0.29248947,0.48283184,-0.020273356,-0.3989631,-0.099589795
12,-8.652376,-1.1858191,-1.4176412,3.0250385,-3.6271763,0.918597,-3.0086794,1.7636617,-0.77445936,-1.5890124,-0.60720795,3.8624678,8.7432165,-0.15533225,0.04076777,0.9732145,-0.14926416,0.08922407,-1.0619097,-1.4614936,1.2992576,-2.550243,1.3337657,-0.32710195,0.81994534,-0.3235283,1.4420893,1.0218616,-0.6200087,0.44803584,1.5942018,0.114189774,0.19181547,0.35690913,0.6169026,1.0824461,-0.8302336,-0.069737464,1.1983747,0.5058186,-1.2774845,-0.61994016,-0.682484,-0.45584366,-0.7533786,-0.43560827,-0.15645799,-0.007733723,0.22221854,0.09541379,0.19086075,-0.14977518,-0.22636253,-0.07226516,-0.23985308,0.19788787,-0.10379456,-0.43725795
13,3.2905564,-8.527945,-1.3850553,1.2856643,2.7992654,5.5074325,2.3918996,0.7313842,-1.1570222,-0.70927715,0.33405906,0.4857397,-0.15533225,8.980934,-1.5966688,0.6818168,-1.5684192,-1.4065317,0.06949966,0.019399963,-1.0772531,-0.14621678,-1.4416814,1.193944,2.3654237,-0.9542337,0.1445142,-1.2419899,0.8355677,-0.72835255,0.4904107,-0.5323782,-1.4991562,1.3048035,0.28275573,0.39334345,0.32662725,0.30868143,0.43859285,-0.22768372,0.41833758,-0.5065266,-0.30230296,-0.6679971,-0.3855335,0.80484915,-0.3040768,-0.056662075,0.62606335,0.41669142,0.67671704,0.24163073,0.53667176,-0.06202882,0.10327244,0.07141463,-0.38618386,0.4440682
14,-6.2771015,-0.546681,1.6224806,-2.7461214,0.46528924,4.1214542,2.7624438,-0.34870452,-0.20588917,-2.2135763,2.7247114,-0.118251085,0.04076777,-1.5966688,10.708104,-1.4708258,-1.6153495,-0.48365456,0.41416997,-1.290827,0.19933513,0.24866709,0.20937842,-1.2760365,1.1059895,1.2602688,0.9774854,0.5112362,-0.7117002,0.3499871,0.64622396,0.8276859,-0.44575268,-0.948374,-0.5560821,-1.0151997,-0.7186922,0.84327495,0.16726863,-0.31782603,1.1386728,-0.48554856,0.41875196,0.18214136,-0.18152303,-0.75126874,0.19299501,0.35942495,-0.36796352,-0.07946384,-0.20537627,0.024553636,-0.7645813,0.10654505,0.3848716,-0.18661113,0.06402649,-0.010084316
15,10.494875,-2.8847682,1.6050909,-3.250023,-1.9419627,-0.9456332,3.9016929,-3.0093236,1.6140044,0.9128227,-1.3824662,0.40057525,0.9732145,0.6818168,-1.4708258,7.2199116,0.7793641,1.2388225,-0.1712843,-1.2391057,-0.52015084,-1.8257498,0.425578,-1.6677434,1.1076497,0.42492226,-0.25696838,-1.096329,-0.006732377,0.87659216,-0.18862635,1.6335137,-0.16679251,1.3843071,0.62508744,-0.46489257,-0.49060753,-0.07289134,-0.33007622,0.5903847,-0.3407179,0.20611955,-0.33792666,0.7664002,0.10614155,0.31560582,0.41121274,-0.030097447,0.0661217,-0.30747235,0.10930979,-0.19056097,-0.26232925,0.2201215,-0.4131451,0.19850612,0.013839275,0.24906799
16,-0.15400985,3.74476,0.59681046,-1.5661738,1.0656514,-1.0298257,3.2320857,1.3208785,2.3979127,0.6462716,-0.6824546,1.0682577,-0.14926416,-1.5684192,-1.6153495,0.7793641,5.350616,-1.968604,0.783882,0.9603745,-0.21661875,-2.1292927,0.056021873,-0.14654711,-0.5062986,-0.8756007,0.04893126,-0.36287248,-0.028457655,-1.0796306,0.08220382,0.46770766,0.54924744,0.113162525,-0.40771854,-0.6579002,0.11384863,0.00020055527,0.46716887,-0.54953,-0.15515411,0.95431983,-1.0095972,-0.17645407,0.32258263,-0.7613066,0.22653893,-0.123934805,-0.41053498,-0.3882625,-0.05260544,0.3776038,-0.30593944,-0.42641968,-0.11725922,-0.31872118,0.20375544,-0.063357815
17,9.769869,-0.97443366,3.214767,0.062040687,-0.59528637,0.37417817,-1.7652043,2.9604783,1.5289154,0.9449071,0.0024432633,-1.0029597,0.08922407,-1.4065317,-0.48365456,1.2388225,-1.968604,8.19768,1.9508067,-0.45496988,-0.5425191,0.045724656,-0.28044608,-1.30005,0.25841504,-0.32380226,-0.29186353,1.3933265,-0.080872856,0.97436655,-0.28551835,-1.2502258,0.73868966,0.036132604,1.0586554,0.094634645,0.52425444,0.27173498,-0.44671696,0.047135703,0.39046848,-0.60544,-0.6584891,0.7043564,0.47590664,-0.6337664,-0.49115548,0.42752326,0.26769024,0.7441628,-0.008048648,-0.2659648,-0.004432738,0.09093374,-0.30670923,0.08279812,-0.025317095,-0.27145943
18,-1.3261719,1.9082782,-7.873302,-0.119277164,-0.7110525,1.3896213,2.2859354,0.40843058,3.789376,-0.26885954,-0.35088432,-0.99370825,-1.0619097,0.06949966,0.41416997,-0.1712843,0.783882,1.9508067,7.4198055,0.3297634,0.16123806,-1.3738954,-0.8310447,1.252769,0.023107637,1.3991811,1.3054819,-0.04066863,-0.01745433,-0.6835124,-0.28412944,-0.73115635,-0.028114233,0.16954747,0.53593856,-0.18174449,0.96487284,0.20454288,-0.2609514,-0.07197681,0.3047344,-0.6920882,0.53030926,-0.7883066,0.17308408,-0.11880675,0.63508534,0.30666572,0.32893816,-0.27349675,-0.15671848,0.034734428,-0.35630456,-0.2474226,-0.41669428,-0.13336524,0.2027891,-0.22863165
19,1.5174024,4.1339602,-5.746679,-3.477383,-1.927763,-0.94580936,1.4400563,-0.22272438,-2.674291,-0.63487864,-0.04816471,0.32520533,-1.4614936,0.019399963,-1.290827,-1.2391057,0.9603745,-0.45496988,0.3297634,8.568531,0.69756615,-1.0744524,-0.6967289,-0.41663337,1.1546195,-0.584688,0.8170476,0.17697993,1.1984067,0.46371767,-0.009071458,-0.5160035,0.46375102,-1.1146789,0.8022829,0.43873268,-0.429402,-0.5352572,-0.164444,0.16516909,0.8301194,0.37525982,0.1403631,0.6781428,0.13700715,-0.25314388,-0.4006899,-0.38414013,-0.16621877,0.09630525,0.44165143,0.0906671,0.25620034,0.3008913,0.28026915,-0.0073270826,0.30854392,0.0883809
20,-4.6064806,2.933147,-3.9600563,0.18632165,-0.55854905,1.4510012,0.06684896,0.383649,0.9997827,-0.8117188,0.21148393,1.1443932,1.2992576,-1.0772531,0.19933513,-0.52015084,-0.21661875,-0.5425191,0.16123806,0.69756615,3.5450792,0.5799636,0.7276163,0.5669569,-0.31322157,0.09112726,0.28201067,0.27297294,-0.12616943,-0.35391936,0.60206896,0.8860057,1.2993734,0.7351556,0.060436957,0.17439285,-0.51018906,0.054442704,0.38068438,0.03774254,-0.02415317,-0.32212156,0.6692066,0.67189395,-0.06958589,0.23732103,0.22656363,0.70846236,-0.067135915,0.056177318,0.22300902,-0.01869953,1.0281023,0.07163389,0.18285486,-0.0151502155,0.007351456,-0.4067846
21,-2.0468116,0.99911714,-1.3415906,0.8923385,0.3250433,1.434329,2.2167926,-0.4627755,-0.2171861,0.31179196,-2.437856,-1.0334458,-2.550243,-0.14621678,0.24866709,-1.8257498,-2.1292927,0.045724656,-1.3738954,-1.0744524,0.5799636,6.9698434,-0.044575408,0.5968181,-0.6904706,-0.06063422,0.5947713,0.5496694,-0.45978057,0.03424602,-0.30015406,-0.123100296,0.013965059,0.59845984,-0.27922815,0.04168442,-0.6277348,-0.52642214,-0.22008772,0.14173934,-0.04552583,0.91978663,0.20809165,-0.24952629,0.85081506,-0.18675646,-0.013681114,0.08777477,0.4112597,0.71592206,0.2448715,-0.3365314,0.16166306,0.30770117,-0.47757056,-0.11493628,0.08520124,0.10397633
22,1.8756967,6.871357,3.7637305,0.91256714,0.77509713,-0.97314227,0.18972686,0.31292012,-0.93325984,-0.94521713,-2.4491785,-0.6708401,1.3337657,-1.4416814,0.20937842,0.425578,0.056021873,-0.28044608,-0.8310447,-0.6967289,0.7276163,-0.044575408,4.8431077,-1.5749924,-0.84785044,0.16137362,1.1724541,-1.5687121,-0.25119537,-1.6712104,0.382081,-0.09540901,0.45715472,-0.2935843,0.046395563,0.6164118,-0.2698434,0.3559353,-0.9909746,-0.060161114,-0.2984354,-0.6806792,-0.03284967,0.07833688,-0.18283641,-0.04120712,-0.16085458,-0.20140064,0.20202956,-0.07163465,0.15414485,-0.18935469,0.22509831,-0.046197593,0.025340587,0.0043015005,-0.29461026,-0.16500288
23,2.3084059,1.2999768,1.0796431,-4.0605445,-0.63844514,1.4464009,-0.76144695,1.6525996,-0.5898149,-1.4506984,0.06977427,1.3178561,-0.32710195,1.193944,-1.2760365,-1.6677434,-0.14654711,-1.30005,1.252769,-0.41663337,0.5669569,0.5968181,-1.5749924,4.5860577,-0.58604497,-0.17301574,0.24828762,0.57981,-0.81215334,0.073691085,-0.6672647,-0.19746815,0.34959152,-0.01360959,-0.20248353,-0.34463936,0.1366077,-0.12512729,0.19674525,-0.7804388,-0.030523958,-0.06728233,-0.0673109,-0.38846105,-0.591138,1.0037732,0.60693705,-0.016234126,-0.3203321,-0.29330266,0.10242185,-0.6554309,0.11585562,-0.108650625,-0.22630702,0.36516953,0.10546014,0.0053866114
24,-1.3054206,7.695276,-0.41506407,-0.5804194,-0.69555604,3.1129594,-1.0572095,0.6161187,-0.94602185,-0.15476444,0.8630222,-0.4260925,0.81994534,2.3654237,1.1059895,1.1076497,-0.5062986,0.25841504,0.023107637,1.1546195,-0.31322157,-0.6904706,-0.84785044,-0.58604497,4.7825108,0.26468787,-0.1165566,-0.55812585,-0.6661279,0.03811869,-0.9784272,0.27715203,-0.6921989,0.29351795,-0.041430246,-0.18698514,0.22376126,0.037404656,0.49054134,0.69827306,0.018827071,0.32969588,-0.392985,-0.21397811,0.23791361,-0.3112861,0.10853173,-0.2962435,-0.4004467,0.44011265,0.20574208,0.09839682,0.23020564,0.32529634,-0.3031764,-0.3285487,-0.21827473,-0.30278945
25,1.4795943,-2.9947543,1.1202346,-1.9564567,-0.6032537,-1.8352952,-2.0330007,-1.5604079,1.6199696,0.5912937,-1.6748859,1.18674,-0.3235283,-0.9542337,1.2602688,0.42492226,-0.8756007,-0.32380226,1.3991811,-0.584688,0.09112726,-0.06063422,0.16137362,-0.17301574,0.26468787,5.653993,-0.95307755,-0.4023725,0.39249277,-0.9787227,0.2846334,-0.26854235,-0.59956896,-1.1343528,0.4065008,0.1758388,0.07720254,-0.36872742,0.14156058,0.5444108,0.23815387,0.41817266,0.20187493,-0.2202757,-0.31955618,0.60173213,0.58770925,0.23442447,-0.26370567,0.40678072,0.42612362,0.09401451,0.03259404,0.34328026,-0.009646933,0.063274056,0.37247986,-0.20084643
26,0.1700936,1.017374,-2.567153,-2.9674459,-1.2172792,-0.14334959,-0.61603236,0.5200548,-0.35809922,-0.095805466,-0.8296267,0.5100957,1.4420893,0.1445142,0.9774854,-0.25696838,0.04893126,-0.29186353,1.3054819,0.8170476,0.28201067,0.5947713,1.1724541,0.24828762,-0.1165566,-0.95307755,4.8699584,-0.39190674,-0.5805136,0.46105707,1.0133661,0.42074174,-0.30586806,-0.1022888,0.32464343,0.35879028,0.15473907,0.7793199,-0.23096275,0.35752773,0.14630169,0.7422568,0.20177263,-0.59864014,0.21240734,0.04086706,-0.757068,0.35447085,0.13514991,-0.064713895,0.020332864,-0.44297886,-0.32390848,-0.057117686,-0.43238455,0.07682045,-0.20960847,0.34786913
27,1.9062293,1.9113185,2.4562502,0.52948153,0.94106585,0.14416824,1.1874102,-0.164303,-1.0775008,0.62946033,-0.4699059,2.0769496,1.0218616,-1.2419899,0.5112362,-1.096329,-0.36287248,1.3933265,-0.04066863,0.17697993,0.27297294,0.5496694,-1.5687121,0.57981,-0.55812585,-0.4023725,-0.39190674,3.6980612,0.06648048,1.1003304,0.05158348,-0.16033521,0.0034669319,-0.13617273,0.7598934,0.19349068,-0.65837014,0.17400399,0.17077355,0.33944258,0.45651776,-0.30917722,-0.3035114,-0.3468234,0.33267677,-0.2795211,0.33831537,0.02002846,-0.0241109,-0.1926735,-0.10569246,0.2648624,-0.0625406,-0.02056705,0.27704966,0.034041688,-0.22077292,-0.37759775
28,-1.5177935,-1.5336868,0.60205734,-0.19190301,-0.9741872,1.0044383,-0.18564436,-0.20163862,0.32832098,1.5197375,-0.5054326,-0.04616893,-0.6200087,0.8355677,-0.7117002,-0.006732377,-0.028457655,-0.080872856,-0.01745433,1.1984067,-0.12616943,-0.45978057,-0.25119537,-0.81215334,-0.6661279,0.39249277,-0.5805136,0.06648048,4.8507648,-0.30328068,0.38281047,-1.0011003,-0.40451956,0.298824,-0.6187117,-0.353383,-1.0916656,1.1517785,0.18324487,-0.08019602,0.06405018,-0.38245267,0.564376,0.07597367,-0.46584195,0.17897679,-0.45034805,-0.24068332,0.23025939,0.29686022,-0.18716355,-0.20860375,-0.38991773,-0.16473779,-0.18049636,-0.1688326,-0.13312553,-0.107324615
29,5.9413023,1.1784037,-1.3699801,-0.5192772,-0.27919215,-3.2775965,0.10573144,0.538123,0.21465921,0.5492399,1.6257919,0.13569319,0.44803584,-0.72835255,0.3499871,0.87659216,-1.0796306,0.97436655,-0.6835124,0.46371767,-0.35391936,0.03424602,-1.6712104,0.073691085,0.03811869,-0.9787227,0.46105707,1.1003304,-0.30328068,3.3435884,0.28945237,0.44425905,-0.8927711,0.21953522,-0.017964117,0.1158656,-0.44790018,0.22157565,0.19060397,0.5021807,-0.40520972,0.38228065,0.70439875,0.06270649,-0.026768014,0.27015653,0.20936966,-0.2071,0.00041739532,-0.2063272,-0.07742688,-0.2070064,-0.23255378,0.16594753,-0.019989286,0.38907084,0.22239822,0.006677836
30,-1.6701226,-3.7146146,0.39761508,-1.031026,1.5084193,0.5622431,0.6220197,0.5084156,0.9054762,1.9344633,0.41663408,2.4582908,1.5942018,0.4904107,0.64622396,-0.18862635,0.08220382,-0.28551835,-0.28412944,-0.009071458,0.60206896,-0.30015406,0.382081,-0.6672647,-0.9784272,0.2846334,1.0133661,0.05158348,0.38281047,0.28945237,3.1611295,-0.14496233,-0.24827081,0.5016393,-0.18231289,0.253432,0.18174532,-0.6084161,0.121083684,0.18889052,0.6368416,-0.16267732,0.30189764,-0.46698332,-0.099016935,-0.15990344,-0.5165471,0.024451617,0.2825498,-0.1861406,0.08544755,0.16069835,0.29850143,-0.11419867,-0.012214304,0.19287297,0.27432588,-0.20532078
31,-1.3901389,-2.812234,0.6808424,-1.9606166,0.97771895,0.6481328,0.63461375,0.6710561,-0.023413353,0.23772335,0.4648494,-0.5627396,0.114189774,-0.5323782,0.8276859,1.6335137,0.46770766,-1.2502258,-0.73115635,-0.5160035,0.8860057,-0.123100296,-0.09540901,-0.19746815,0.27715203,-0.26854235,0.42074174,-0.16033521,-1.0011003,0.44425905,-0.14496233,2.787373,0.5638279,0.04861542,0.44225466,-0.34561783,-0.027209241,-0.005296368,0.12294486,0.4968912,0.22004901,0.42224512,0.5904732,0.77078056,-0.09564906,0.34229663,0.3830077,-0.08011676,0.43056697,-0.25842342,-0.094294995,0.212796,0.23746277,-0.016722163,-0.41164035,-0.045179434,0.0305213,0.021614077
32,-1.3009009,-2.0438952,-1.0372202,-2.7291179,-0.3702137,1.541002,-0.9276537,0.19998461,0.37790567,0.3652319,0.5600766,-0.45654666,0.19181547,-1.4991562,-0.44575268,-0.16679251,0.54924744,0.73868966,-0.028114233,0.46375102,1.2993734,0.013965059,0.45715472,0.34959152,-0.6921989,-0.59956896,-0.30586806,0.0034669319,-0.40451956,-0.8927711,-0.24827081,0.5638279,3.5342562,0.9015629,0.2771129,0.3476452,0.40217948,0.257322,-0.022963252,-0.25287288,0.726001,0.24302521,-0.06410642,0.5365398,-0.276358,0.018739622,0.012106745,-0.31622326,-0.055760693,0.21207476,0.109926775,-0.029720642,-0.42918777,0.10051656,0.24248946,0.08400878,0.049662504,-0.10867831
33,3.6956735,2.9923525,-2.1393728,-2.0837579,-1.7310419,0.21134952,-0.083856285,-1.6792834,0.96141243,0.8154357,0.6854764,0.54267234,0.35690913,1.3048035,-0.948374,1.3843071,0.113162525,0.036132604,0.16954747,-1.1146789,0.7351556,0.59845984,-0.2935843,-0.01360959,0.29351795,-1.1343528,-0.1022888,-0.13617273,0.298824,0.21953522,0.5016393,0.04861542,0.9015629,3.4148626,-0.52737164,-0.13017884,-0.16547269,0.015464861,-0.2185453,-0.004621648,0.22100188,-0.24882868,0.13389492,-0.6543826,-0.023951959,-0.1995016,0.3887633,0.3492745,0.17449139,0.48489696,0.028100712,0.08517526,-0.036599554,0.17195272,0.2513367,-0.21021429,0.15494227,-0.09039858
34,-2.2456603,-0.91019064,2.6458716,2.487225,1.3135782,0.27122843,1.2102294,-2.2817173,-1.3411664,0.5392244,0.042375706,0.7731199,0.6169026,0.28275573,-0.5560821,0.62508744,-0.40771854,1.0586554,0.53593856,0.8022829,0.060436957,-0.27922815,0.046395563,-0.20248353,-0.041430246,0.4065008,0.32464343,0.7598934,-0.6187117,-0.017964117,-0.18231289,0.44225466,0.2771129,-0.52737164,3.3962154,-0.0037912044,-0.19225515,0.08916563,-0.19162162,-0.80214286,-0.097543545,0.57199615,0.22083114,-0.12725556,-0.70737064,0.041698866,0.052855156,0.11264554,0.44966784,0.32874057,0.13048863,0.31155723,0.14119843,-0.011990428,-0.24894717,-0.19941111,0.02063952,0.080226675
35,2.6777515,-1.9782786,-1.5157905,3.2671838,0.08671203,-1.2398626,0.023794662,-0.7804158,0.08738135,0.01934703,-0.48699313,-2.0462866,1.0824461,0.39334345,-1.0151997,-0.46489257,-0.6579002,0.094634645,-0.18174449,0.43873268,0.17439285,0.04168442,0.6164118,-0.34463936,-0.18698514,0.1758388,0.35879028,0.19349068,-0.353383,0.1158656,0.253432,-0.34561783,0.3476452,-0.13017884,-0.0037912044,3.2522032,-0.19616291,0.029106183,1.1442378,0.42363656,0.74117064,-0.05351352,-0.22003199,-0.26464728,-0.23994961,0.15517724,0.3751723,-0.040444933,-0.29449108,-0.08013481,0.08256921,-0.035706535,-0.008703447,0.051007956,-0.13967428,0.21010405,-0.30884612,-0.017585253
36,1.9632363,-3.5107884,1.4753901,-0.35605088,0.026778419,-0.2163091,-0.5720341,1.2993064,-0.041051827,1.1329024,0.23388739,-0.6886283,-0.8302336,0.32662725,-0.7186922,-0.49060753,0.11384863,0.52425444,0.96487284,-0.429402,-0.51018906,-0.6277348,-0.2698434,0.1366077,0.22376126,0.07720254,0.15473907,-0.65837014,-1.0916656,-0.44790018,0.18174532,-0.027209241,0.40217948,-0.16547269,-0.19225515,-0.19616291,2.269307,-0.3623945,-0.25149304,0.24953249,0.26610833,0.14440426,0.33438718,-0.52718174,0.2881673,0.24057251,-0.7298292,0.04205041,-0.099903926,-0.19290069,-0.24310543,0.28605187,0.060371477,0.33030444,0.21721023,0.15166107,-0.11705317,-0.067628466
37,2.943886,-2.298155,0.7975021,0.9039665,0.5682757,-0.16745533,0.41950154,1.0386262,0.5478299,-0.47155315,0.613225,-1.0087639,-0.069737464,0.30868143,0.84327495,-0.07289134,0.00020055527,0.27173498,0.20454288,-0.5352572,0.054442704,-0.52642214,0.3559353,-0.12512729,0.037404656,-0.36872742,0.7793199,0.17400399,1.1517785,0.22157565,-0.6084161,-0.005296368,0.257322,0.015464861,0.08916563,0.029106183,-0.3623945,3.373063,-0.27235085,-0.030554365,-0.22862694,0.93011355,-0.24003209,-0.32455105,-0.16318846,0.45779714,0.10900536,0.06285593,0.014438838,-0.10724029,-0.036050096,-0.2231855,0.22609693,-0.025470195,0.55774176,-0.20165128,-0.16156068,-0.4430133
38,4.9282365,0.55655885,1.6315744,-0.018684618,0.21995197,0.29189885,0.4804973,0.71886325,1.5874437,-0.6015836,0.14939758,-1.0186775,1.1983747,0.43859285,0.16726863,-0.33007622,0.46716887,-0.44671696,-0.2609514,-0.164444,0.38068438,-0.22008772,-0.9909746,0.19674525,0.49054134,0.14156058,-0.23096275,0.17077355,0.18324487,0.19060397,0.121083684,0.12294486,-0.022963252,-0.2185453,-0.19162162,1.1442378,-0.25149304,-0.27235085,3.1499455,-0.47606534,-0.16083491,-0.016579214,0.12811996,0.24362892,-0.060726702,-0.015098929,-0.40702546,0.5130723,0.13157207,-0.25111595,0.14889929,0.11712353,-0.20773304,0.34164014,-0.28502503,-0.40207607,0.17459674,-0.0005930896
39,-0.7641939,0.24288101,-3.153504,1.166208,0.33395576,0.013967555,0.31824172,0.93976647,0.15254499,1.1995922,-0.81372845,-0.0023492584,0.5058186,-0.22768372,-0.31782603,0.5903847,-0.54953,0.047135703,-0.07197681,0.16516909,0.03774254,0.14173934,-0.060161114,-0.7804388,0.69827306,0.5444108,0.35752773,0.33944258,-0.08019602,0.5021807,0.18889052,0.4968912,-0.25287288,-0.004621648,-0.80214286,0.42363656,0.24953249,-0.030554365,-0.47606534,2.2921607,0.10635714,-0.101146705,0.08747352,0.1631875,0.21295992,0.26518708,-0.03773404,-0.388703,-0.22203922,0.24110125,-0.5327844,0.07443707,0.28720474,0.1423411,0.19710723,0.1738567,0.24829799,0.024419036
40,1.8628631,0.7577434,3.0290527,-1.2393634,-0.42162454,1.7313578,0.5426899,-1.2826648,0.98069704,-0.1171218,0.4162848,0.24237818,-1.2774845,0.41833758,1.1386728,-0.3407179,-0.15515411,0.39046848,0.3047344,0.8301194,-0.02415317,-0.04552583,-0.2984354,-0.030523958,0.018827071,0.23815387,0.14630169,0.45651776,0.06405018,-0.40520972,0.6368416,0.22004901,0.726001,0.22100188,-0.097543545,0.74117064,0.26610833,-0.22862694,-0.16083491,0.10635714,2.3628855,-0.057543464,-0.3094859,0.09160076,-0.018622667,0.31263375,-0.10751569,-0.21242823,-0.13298297,0.024905475,-0.21115941,-0.022124631,0.015230984,0.08892268,-0.036200523,0.13694555,-0.24138018,-0.018920004
41,-2.5996122,-1.3243579,0.67262024,0.7569225,-0.73696965,-1.1397777,-0.26338613,-0.13242999,1.7572249,0.6110257,0.22742683,0.32684466,-0.61994016,-0.5065266,-0.48554856,0.20611955,0.95431983,-0.60544,-0.6920882,0.37525982,-0.32212156,0.91978663,-0.6806792,-0.06728233,0.32969588,0.41817266,0.7422568,-0.30917722,-0.38245267,0.38228065,-0.16267732,0.42224512,0.24302521,-0.24882868,0.57199615,-0.05351352,0.14440426,0.93011355,-0.016579214,-0.101146705,-0.057543464,2.3379443,-0.28450033,-0.40776694,0.088128425,0.05276781,-0.11446179,-0.12912726,-0.2594682,0.33092368,0.19269298,0.041494623,-0.02507826,0.079321355,-0.10084008,-0.05344192,0.028252833,0.18701577
42,3.593563,2.398957,0.9100019,-0.38294795,-1.3319249,-1.0676138,0.20452818,-0.55029255,0.32764488,0.6210879,1.0729526,-1.0030775,-0.682484,-0.30230296,0.41875196,-0.33792666,-1.0095972,-0.6584891,0.53030926,0.1403631,0.6692066,0.20809165,-0.03284967,-0.0673109,-0.392985,0.20187493,0.20177263,-0.3035114,0.564376,0.70439875,0.30189764,0.5904732,-0.06410642,0.13389492,0.22083114,-0.22003199,0.33438718,-0.24003209,0.12811996,0.08747352,-0.3094859,-0.28450033,2.5363803,0.030111955,-0.062594734,0.40583408,-0.27803528,-0.13998586,0.11513161,0.03472984,0.0832766,0.41330922,0.082000814,-0.54937637,-0.13040645,0.012726225,-0.20652637,-0.011692182
43,-1.1303095,-1.9677293,-1.2649927,0.26090482,0.63358736,0.9144131,-0.092848845,0.7145394,0.7374487,-0.61072254,0.5893363,-0.16209622,-0.45584366,-0.6679971,0.18214136,0.7664002,-0.17645407,0.7043564,-0.7883066,0.6781428,0.67189395,-0.24952629,0.07833688,-0.38846105,-0.21397811,-0.2202757,-0.59864014,-0.3468234,0.07597367,0.06270649,-0.46698332,0.77078056,0.5365398,-0.6543826,-0.12725556,-0.26464728,-0.52718174,-0.32455105,0.24362892,0.1631875,0.09160076,-0.40776694,0.030111955,1.8935606,0.25799072,0.50704324,-0.2065034,0.15546814,-0.07507594,0.15906286,0.23070869,-0.29368895,0.10668699,-0.1499474,-0.06355995,-0.08572399,0.06849603,0.12796135
44,0.3780837,-1.8777621,-1.2891444,-0.036749557,-1.229054,-0.3258228,-0.061168835,-0.57010627,0.57226133,-0.20158833,-0.3702101,0.5709122,-0.7533786,-0.3855335,-0.18152303,0.10614155,0.32258263,0.47590664,0.17308408,0.13700715,-0.06958589,0.85081506,-0.18283641,-0.591138,0.23791361,-0.31955618,0.21240734,0.33267677,-0.46584195,-0.026768014,-0.099016935,-0.09564906,-0.276358,-0.023951959,-0.70737064,-0.23994961,0.2881673,-0.16318846,-0.060726702,0.21295992,-0.018622667,0.088128425,-0.062594734,0.25799072,1.9271834,0.0061955247,-0.21016753,-0.05414759,0.07145419,-0.43684915,0.47705442,0.30790907,-0.06336713,0.05186538,0.069998816,-0.48763102,-0.5081862,-0.3534053
45,1.0611427,0.14090946,1.8671333,1.2730067,0.39453703,-0.15753454,-0.43077454,-0.14694068,0.87220526,-0.06973636,0.1907981,0.94381356,-0.43560827,0.80484915,-0.75126874,0.31560582,-0.7613066,-0.6337664,-0.11880675,-0.25314388,0.23732103,-0.18675646,-0.04120712,1.0037732,-0.3112861,0.60173213,0.04086706,-0.2795211,0.17897679,0.27015653,-0.15990344,0.34229663,0.018739622,-0.1995016,0.041698866,0.15517724,0.24057251,0.45779714,-0.015098929,0.26518708,0.31263375,0.05276781,0.40583408,0.50704324,0.0061955247,1.7846696,-0.116071776,-0.263304,-0.064766526,-0.13831156,0.08959639,-0.41296726,0.01007399,0.40101826,0.11540425,-0.011931923,-0.1695321,-0.146729
46,-2.2997777,0.1284439,-1.5979753,-0.20738181,-0.3768958,-0.3918211,0.07541832,0.27690333,-0.44155058,0.1198394,0.25902042,-0.4015261,-0.15645799,-0.3040768,0.19299501,0.41121274,0.22653893,-0.49115548,0.63508534,-0.4006899,0.22656363,-0.013681114,-0.16085458,0.60693705,0.10853173,0.58770925,-0.757068,0.33831537,-0.45034805,0.20936966,-0.5165471,0.3830077,0.012106745,0.3887633,0.052855156,0.3751723,-0.7298292,0.10900536,-0.40702546,-0.03773404,-0.10751569,-0.11446179,-0.27803528,-0.2065034,-0.21016753,-0.116071776,1.5970242,-0.33199823,-0.024707591,-0.15253788,0.1384541,0.09028055,0.007883505,-0.11695337,-0.14058158,0.13536538,0.13331589,-0.22927481
47,2.1400251,-1.2612803,-0.8431126,-0.87613916,-0.4011011,-0.57998693,-0.17911865,-1.1106095,-0.08200939,0.81271803,0.009273447,-0.5514743,-0.007733723,-0.056662075,0.35942495,-0.030097447,-0.123934805,0.42752326,0.30666572,-0.38414013,0.70846236,0.08777477,-0.20140064,-0.016234126,-0.2962435,0.23442447,0.35447085,0.02002846,-0.24068332,-0.2071,0.024451617,-0.08011676,-0.31622326,0.3492745,0.11264554,-0.040444933,0.04205041,0.06285593,0.5130723,-0.388703,-0.21242823,-0.12912726,-0.13998586,0.15546814,-0.05414759,-0.263304,-0.33199823,1.8078581,-0.28193498,0.07290525,0.3894403,-0.2942564,0.45654514,-0.0046019433,0.39118695,-0.1842176,0.24374186,0.18307972
48,-0.8999219,-1.430315,-1.1890143,0.47173005,0.40088207,-0.07725988,-1.0494411,0.89248043,0.48556927,-1.0084381,-0.6242679,-0.27133006,0.22221854,0.62606335,-0.36796352,0.0661217,-0.41053498,0.26769024,0.32893816,-0.16621877,-0.067135915,0.4112597,0.20202956,-0.3203321,-0.4004467,-0.26370567,0.13514991,-0.0241109,0.23025939,0.00041739532,0.2825498,0.43056697,-0.055760693,0.17449139,0.44966784,-0.29449108,-0.099903926,0.014438838,0.13157207,-0.22203922,-0.13298297,-0.2594682,0.11513161,-0.07507594,0.07145419,-0.064766526,-0.024707591,-0.28193498,1.5135438,-0.32801113,0.06190522,0.24970743,0.029297229,0.34182554,-0.16927624,-0.16504243,0.19388476,-0.07162003
49,2.8539224,-0.7321884,-0.644783,0.08209694,0.45147368,0.06617071,-0.7688334,0.9974948,0.5725777,-1.1326776,0.043367047,0.7202587,0.09541379,0.41669142,-0.07946384,-0.30747235,-0.3882625,0.7441628,-0.27349675,0.09630525,0.056177318,0.71592206,-0.07163465,-0.29330266,0.44011265,0.40678072,-0.064713895,-0.1926735,0.29686022,-0.2063272,-0.1861406,-0.25842342,0.21207476,0.48489696,0.32874057,-0.08013481,-0.19290069,-0.10724029,-0.25111595,0.24110125,0.024905475,0.33092368,0.03472984,0.15906286,-0.43684915,-0.13831156,-0.15253788,0.07290525,-0.32801113,1.6023834,-0.1159719,0.10818341,0.0475666,-0.30280012,-0.15409198,-0.073012054,0.059215598,0.2064243
50,-0.40184855,0.21211764,0.56561124,-0.65945935,-0.12568451,0.16368555,-0.35656607,1.0397573,0.26165962,1.4790641,-0.33665437,0.30321315,0.19086075,0.67671704,-0.20537627,0.10930979,-0.05260544,-0.008048648,-0.15671848,0.44165143,0.22300902,0.2448715,0.15414485,0.10242185,0.20574208,0.42612362,0.020332864,-0.10569246,-0.18716355,-0.07742688,0.08544755,-0.094294995,0.109926775,0.028100712,0.13048863,0.08256921,-0.24310543,-0.036050096,0.14889929,-0.5327844,-0.21115941,0.19269298,0.0832766,0.23070869,0.47705442,0.08959639,0.1384541,0.3894403,0.06190522,-0.1159719,1.6154419,-0.075595796,-0.18550359,-0.27986413,0.20252237,0.039153602,-0.16066986,-0.015613301
51,1.4520862,-1.8239751,1.354772,0.53813416,0.11035378,-0.28906113,0.013387683,0.474137,0.31869936,-0.6557992,0.37854916,0.38514638,-0.14977518,0.24163073,0.024553636,-0.19056097,0.3776038,-0.2659648,0.034734428,0.0906671,-0.01869953,-0.3365314,-0.18935469,-0.6554309,0.09839682,0.09401451,-0.44297886,0.2648624,-0.20860375,-0.2070064,0.16069835,0.212796,-0.029720642,0.08517526,0.31155723,-0.035706535,0.28605187,-0.2231855,0.11712353,0.07443707,-0.022124631,0.041494623,0.41330922,-0.29368895,0.30790907,-0.41296726,0.09028055,-0.2942564,0.24970743,0.10818341,-0.075595796,1.0859424,0.17773856,-0.053924322,0.23944134,-0.15224181,-0.1969119,0.23456964
52,2.2208705,0.818167,0.8167864,1.1179008,-0.24131697,0.19254802,0.3595677,0.51270175,-0.05213803,-0.7275559,0.08157744,-0.021537067,-0.22636253,0.53667176,-0.7645813,-0.26232925,-0.30593944,-0.004432738,-0.35630456,0.25620034,1.0281023,0.16166306,0.22509831,0.11585562,0.23020564,0.03259404,-0.32390848,-0.0625406,-0.38991773,-0.23255378,0.29850143,0.23746277,-0.42918777,-0.036599554,0.14119843,-0.008703447,0.060371477,0.22609693,-0.20773304,0.28720474,0.015230984,-0.02507826,0.082000814,0.10668699,-0.06336713,0.01007399,0.007883505,0.45654514,0.029297229,0.0475666,-0.18550359,0.17773856,1.4793413,-0.18235716,0.21848351,-0.035738092,0.18771154,-0.22726575
53,-1.4481151,0.6547219,0.6299374,0.015893858,0.089257,-0.10367138,-0.39415315,-0.088049404,-0.28789836,-0.06391011,-0.49850816,0.29248947,-0.07226516,-0.06202882,0.10654505,0.2201215,-0.42641968,0.09093374,-0.2474226,0.3008913,0.07163389,0.30770117,-0.046197593,-0.108650625,0.32529634,0.34328026,-0.057117686,-0.02056705,-0.16473779,0.16594753,-0.11419867,-0.016722163,0.10051656,0.17195272,-0.011990428,0.051007956,0.33030444,-0.025470195,0.34164014,0.1423411,0.08892268,0.079321355,-0.54937637,-0.1499474,0.05186538,0.40101826,-0.11695337,-0.0046019433,0.34182554,-0.30280012,-0.27986413,-0.053924322,-0.18235716,1.3534418,0.27048695,-0.18599534,0.24471202,0.0686079
54,1.8048198,0.27148926,-0.38507825,0.8274268,-0.10369526,-0.80294496,0.537107,-0.34467757,0.007348613,-0.050921977,0.35699472,0.48283184,-0.23985308,0.10327244,0.3848716,-0.4131451,-0.11725922,-0.30670923,-0.41669428,0.28026915,0.18285486,-0.47757056,0.025340587,-0.22630702,-0.3031764,-0.009646933,-0.43238455,0.27704966,-0.18049636,-0.019989286,-0.012214304,-0.41164035,0.24248946,0.2513367,-0.24894717,-0.13967428,0.21721023,0.55774176,-0.28502503,0.19710723,-0.036200523,-0.10084008,-0.13040645,-0.06355995,0.069998816,0.11540425,-0.14058158,0.39118695,-0.16927624,-0.15409198,0.20252237,0.23944134,0.21848351,0.27048695,1.1526234,0.10227348,0.1485801,0.20378196
55,1.359956,-0.4390619,-0.9729372,0.20818177,-0.82498753,-0.54207253,0.71384525,0.9371562,0.115746096,0.091959566,-0.44720346,-0.020273356,0.19788787,0.07141463,-0.18661113,0.19850612,-0.31872118,0.08279812,-0.13336524,-0.0073270826,-0.0151502155,-0.11493628,0.0043015005,0.36516953,-0.3285487,0.063274056,0.07682045,0.034041688,-0.1688326,0.38907084,0.19287297,-0.045179434,0.08400878,-0.21021429,-0.19941111,0.21010405,0.15166107,-0.20165128,-0.40207607,0.1738567,0.13694555,-0.05344192,0.012726225,-0.08572399,-0.48763102,-0.011931923,0.13536538,-0.1842176,-0.16504243,-0.073012054,0.039153602,-0.15224181,-0.035738092,-0.18599534,0.10227348,0.9042241,-0.035531238,0.21380721
56,-0.9072433,-0.0005227854,-0.6009339,-0.73397505,-0.87946945,-0.07643755,0.9179572,0.8556909,-0.048763964,0.8221437,-0.0024831938,-0.3989631,-0.10379456,-0.38618386,0.06402649,0.013839275,0.20375544,-0.025317095,0.2027891,0.30854392,0.007351456,0.08520124,-0.29461026,0.10546014,-0.21827473,0.37247986,-0.20960847,-0.22077292,-0.13312553,0.22239822,0.27432588,0.0305213,0.049662504,0.15494227,0.02063952,-0.30884612,-0.11705317,-0.16156068,0.17459674,0.24829799,-0.24138018,0.028252833,-0.20652637,0.06849603,-0.5081862,-0.1695321,0.13331589,0.24374186,0.19388476,0.059215598,-0.16066986,-0.1969119,0.18771154,0.24471202,0.1485801,-0.035531238,0.96133244,0.05459037
57,-1.4392345,0.4547848,0.5140376,0.39102352,-0.1501508,0.3596754,-0.18198222,0.07149091,0.76374686,-0.079817474,0.066389054,-0.099589795,-0.43725795,0.4440682,-0.010084316,0.24906799,-0.063357815,-0.27145943,-0.22863165,0.0883809,-0.4067846,0.10397633,-0.16500288,0.0053866114,-0.30278945,-0.20084643,0.34786913,-0.37759775,-0.107324615,0.006677836,-0.20532078,0.021614077,-0.10867831,-0.09039858,0.080226675,-0.017585253,-0.067628466,-0.4430133,-0.0005930896,0.024419036,-0.018920004,0.18701577,-0.011692182,0.12796135,-0.3534053,-0.146729,-0.22927481,0.18307972,-0.07162003,0.2064243,-0.015613301,0.23456964,-0.22726575,0.0686079,0.20378196,0.21380721,0.05459037,1.1056501
