,0,1,2,3,4,5,6,7,8,9,10,11,12,13,14,15,16,17,18,19,20,21,22,23,24,25,26,27,28,29,30,31,32,33,34,35,36,37,38,39,40,41,42,43,44,45,46,47,48,49,50,51,52,53,54,55,56,57,58,59,60,61,62,63,64,65,66,67,68,69,70,71,72,73,74,75,76,77,78,79,80,81,82,83,84,85,86,87,88,89,90,91,92,93,94,95,96,97,98,99,100
0,101.32412,25.680323,7.5989566,-4.194723,0.71151125,6.5811462,3.3982131,10.213514,2.173001,-13.742664,-2.8445008,4.701919,10.718729,-5.617113,0.4880253,-5.7150187,8.049099,-1.9334109,6.7994523,3.6874595,0.6524988,16.165848,-5.596756,2.2139378,-3.2702956,2.4397018,3.1036696,-6.062131,-3.20957,3.5701423,3.5129151,3.1210785,9.249844,2.462777,-0.40712902,-1.8008175,3.4725099,1.467713,-1.0381076,-2.1232605,-5.202136,-1.9888575,3.9795494,-5.502514,2.2226553,2.7731621,1.0737526,-1.4239867,-1.5289419,2.0115476,2.9142184,1.0735767,0.8965361,1.2163076,1.9837445,-1.5857248,6.428192,2.1026564,1.0826089,1.3934474,0.101234995,0.44392192,0.10373701,2.5606754,0.54349095,0.7822256,1.7312617,3.0075545,0.6481093,0.5547767,0.6712774,0.32385677,-0.886064,1.629475,-0.6124038,-2.424477,0.038414516,2.334412,2.308022,0.47659355,-0.19749117,-0.8854666,0.3109789,0.0058070617,-0.013467742,-1.1898984,1.9677747,-0.79343545,-0.72940886,1.4195046,-0.56977963,-0.32245156,-1.3907355,1.2445848,0.3413788,-2.1661053,-1.199872,1.7364606,0.7776489,0.53539336,-0.31750113
1,25.680323,44.144474,4.2783337,6.229387,8.387045,10.454094,10.639667,4.3727055,5.870487,-2.5302243,-7.600765,2.497448,8.7267,-1.5597074,-4.964962,0.36727762,0.59972286,-1.1229287,3.237127,-1.6985698,3.6858592,2.268149,2.17164,2.1394274,-0.60466295,-3.7342901,2.522386,-4.2073092,-3.3605616,2.4852781,-2.3976011,1.1562444,4.934786,1.2506721,1.700767,0.30665976,1.6751795,0.99462336,-1.2506136,-0.52639556,-1.829182,-1.552439,0.6568928,-1.1177254,-0.5165603,-0.49851298,2.6682324,-0.41035807,-2.8820763,0.7835258,0.47895712,1.473644,0.27054346,0.7345892,-1.2617352,0.06301318,0.47211295,-0.7456758,2.557043,1.0969042,0.88074255,-1.5022207,0.72608614,1.8577121,1.2068086,0.114527136,1.8836305,1.9439356,0.23331216,-0.32095808,0.6564909,-0.2667933,-0.57906806,-0.07539363,0.5964633,-1.2522264,-0.12357697,1.1077007,1.5425422,-0.38467053,0.16517964,-0.80374146,-1.1289487,-0.5195584,-0.4271083,-0.91082734,0.04914058,-0.16040315,0.07245928,0.0064049885,0.08925621,-0.6702595,0.72765005,0.095796935,0.116185606,-0.17715104,0.45567998,-0.22385487,-0.26840687,-0.60578805,0.049483597
2,7.5989566,4.2783337,32.383698,-5.748236,8.06576,-1.2845438,5.7110004,6.861631,5.5485497,2.536075,-1.9309745,2.0365233,4.685871,1.9560931,3.7633276,-6.479945,1.1262288,1.1850469,-1.5589657,0.3443169,0.6358665,-1.2436099,-6.5771017,-3.416994,3.9259002,-0.80812466,-2.2361894,0.55384874,-2.700944,1.4689212,-1.1086601,-0.46851432,-0.56564903,2.0158107,-0.37559217,1.219197,-0.19818452,-0.52236974,2.4678416,1.4212241,0.90035427,1.0774074,-0.459368,-4.1401577,-2.512095,-2.501329,-1.9575704,1.9678688,-1.2299832,-1.9901942,1.1917613,0.20929658,0.057744846,1.7108662,0.14179099,0.034613684,-0.25700927,-2.1774418,0.5229314,1.8243208,-0.8363061,-0.35921043,-0.63487697,0.854909,-0.50009084,-0.917578,0.87437737,0.29839227,0.13944995,1.3544331,0.15858686,-1.6311502,0.7897817,0.04710225,0.24572489,-1.2288103,0.45221716,0.22930354,0.35819376,0.21806192,0.54044867,-0.11082968,-0.60519826,0.7842605,1.1001945,-1.6076174,-0.030737419,0.108411014,0.08211222,0.06454664,-0.013619217,-0.60487473,-0.29631537,0.30353737,0.20763005,-0.06543951,0.5874351,-0.20331892,0.63304484,0.4209442,0.1687265
3,-4.194723,6.229387,-5.748236,18.48451,-8.79412,14.903732,4.212706,4.771474,6.862542,-1.7330841,1.5103432,-2.8956356,1.115871,-2.984167,1.1852486,3.4491515,-8.897582,-4.7960944,-2.09025,-1.2087601,3.6293979,1.8299332,3.356337,-0.46821463,-2.9765782,-1.0067612,-0.559762,-0.9703676,1.0066836,1.3331429,-1.2676399,2.5897288,-1.5238461,-3.064847,0.032009788,-0.6467413,-0.81669164,2.6108584,-0.15205565,-0.3775369,2.5667014,0.27994886,-0.65578175,0.51778984,1.2897406,-1.05831,0.99183583,-0.9445193,0.5645229,0.2432126,-0.704543,-0.018306898,0.09181921,0.081284046,-0.7908113,0.4115929,-1.1592888,0.78925586,0.5000423,-0.13610083,0.13608152,-0.882611,0.8308804,-0.66509926,-0.5544647,-0.656731,1.8355931,-0.092359066,-0.1439243,-0.18547428,-0.051359795,0.36172476,-0.5043452,-0.22994971,0.50612384,-0.05190155,0.45623124,-0.14163257,0.34910563,-0.35987616,-0.42415547,0.3049538,-0.14476319,-0.21276656,-0.087697744,-0.052318536,0.5348795,0.101696834,-0.6102321,0.20734921,0.042089343,-0.22752622,0.08598171,-0.458439,0.234727,-0.022525385,0.075489745,0.0017412086,0.19488,-0.2981465,0.24309772
4,0.71151125,8.387045,8.06576,-8.79412,27.11602,-10.863375,-1.2178288,3.3913403,-5.6858435,2.135585,0.15749794,-2.129277,1.6533203,4.467879,-1.5996579,0.115679726,5.6364374,-0.096729144,5.0946074,-2.1096225,0.5212245,-3.5952234,-2.4538612,-0.7032721,5.175741,0.25692898,1.937612,-1.5294209,-3.7344527,-0.036806956,-3.696088,-1.9436836,1.1503725,2.763038,2.5451603,1.0441737,-0.17377464,-0.2510438,0.68996406,0.88362813,0.2862696,0.30774814,-1.0761058,0.47980106,0.24110626,1.458858,-0.5619268,0.64564216,-0.9275323,1.4967283,0.08544713,-1.0744236,0.5969,-0.21406712,-0.043588936,0.06913185,0.2556584,0.37103242,1.1818252,-0.507771,-0.041102465,-0.7766329,-0.94014287,1.4562716,0.7325141,1.1457353,-1.1042349,1.7962718,1.3392274,0.045719862,-0.5259595,-0.8848662,1.2977372,-1.9328551,0.38207555,-1.2984779,-0.14168054,-0.68321514,-0.35477576,0.34478557,0.26621556,-0.11206144,-1.1972189,0.47005713,0.22263485,-1.1552644,-0.48476875,-0.60368985,0.8475442,-0.06911723,0.39409393,-0.0025050833,-0.27310857,0.1562405,-0.2964295,-0.220276,0.32904178,-0.5682532,-0.68378556,0.18808529,-0.23467974
5,6.5811462,10.454094,-1.2845438,14.903732,-10.863375,38.56373,-4.3005233,11.217926,6.095169,0.8339913,-0.81009465,0.4924966,-0.35501236,-2.352491,-0.6453851,2.08495,-6.2630215,-4.752454,-2.86832,-1.5280759,5.1398215,0.06375544,6.644853,5.2908783,-2.1417928,-3.7048259,-1.4144917,1.7081542,-2.3567185,2.1694808,-1.008701,4.154312,-1.7042757,-4.8417797,-2.079806,1.2668624,-1.0966904,3.1967053,-1.8673172,-2.6324759,0.616119,0.9127824,1.728592,-1.3830097,-0.22204697,-0.25878206,0.48703733,0.52035534,-0.01446203,0.21095262,-1.7514777,1.5507102,-0.8703034,0.6522915,-1.264791,0.088109136,0.34435052,-0.2959516,-0.14293018,0.0012463123,-1.3931557,-0.7236151,0.55928326,-0.18673283,-1.044024,0.0014456466,2.2664576,-0.34162927,0.23021418,0.35483846,0.4649238,0.48730308,-0.42300665,0.43934268,0.7675669,0.049515888,0.33721328,0.3323286,1.7945275,0.6214826,-0.36431366,0.15487647,0.26024532,0.14716968,1.0720084,-0.47516143,0.2984385,0.55997825,-0.5007684,0.42041433,0.70649236,-0.10387726,-1.185565,-0.0142810475,-0.3053288,-0.31283316,-0.15596378,-0.3377103,-0.3433959,-0.19393244,-0.5839963
6,3.3982131,10.639667,5.7110004,4.212706,-1.2178288,-4.3005233,27.85391,2.8847747,5.341626,-4.2350607,-3.192299,-3.347189,0.4169749,0.64052254,1.4512618,0.47704345,1.383962,0.43823677,0.6259283,0.34022498,2.128573,1.945107,0.10584446,-4.811824,1.003288,1.1903012,1.8855968,2.6785493,3.0970292,2.1131809,1.3842052,-0.92471063,1.3276877,-0.8813424,0.42769074,0.35936862,0.16929463,-0.6114738,2.3232567,0.83801246,-2.5139852,-2.8025284,-1.1755774,-1.7123431,1.4322698,-1.9736828,2.425148,0.08536801,-1.2793272,-0.7376689,0.88255274,0.250367,-0.5849303,0.99260086,-1.8723946,0.85276437,-0.48563826,0.6418438,-0.11098023,0.0067807324,0.4263067,-1.0875573,1.1533446,0.23509726,0.5381332,-1.6101497,1.5538683,-0.72565126,1.0111804,-0.2576086,0.6896261,-0.68254507,-1.0019162,0.5938505,-0.3380879,-0.8774006,-0.07261628,-0.5567645,-0.47234327,0.9967298,0.622142,0.013149066,0.14733417,0.18594289,-0.34822136,-0.15610987,0.5982876,-0.5871124,0.68239975,0.47088882,-0.29583633,-1.2445388,0.50107455,-0.10084423,0.60490704,-0.06879352,1.5821931,0.22375883,0.44967574,0.03807442,0.3658377
7,10.213514,4.3727055,6.861631,4.771474,3.3913403,11.217926,2.8847747,28.79568,-5.159671,2.8508615,2.8390114,-3.9856493,3.2767115,-2.900619,6.5016384,-2.8352191,-0.2740618,2.1282883,-3.2157192,-1.1666343,-0.25768882,2.7667723,0.5244491,-2.9460545,-0.8988817,-1.3009291,-0.743801,4.047024,-4.945919,-0.8738271,0.5143848,1.0510355,3.245564,-0.30988932,1.2708542,1.2748766,-0.34966227,2.626334,0.24195191,1.5646513,0.25761607,0.38546687,-0.5882654,-1.0229652,2.0713658,0.11019282,-0.35032594,1.1959579,-0.9147403,0.16743864,1.4324391,1.4560165,-0.1240692,0.35978526,-0.24613078,0.6433648,1.1983204,1.3589848,-1.0312133,0.3464437,-0.27526617,-1.321155,0.24568358,0.057881866,-1.5917177,0.44341087,0.23215097,-0.35642028,1.0732275,-0.8106098,-0.842222,-1.0990341,0.63110065,-0.17252481,0.16353187,-0.25090024,-0.23166582,0.18820527,1.2438424,0.21963789,-0.26827002,0.4373597,-0.37045562,-0.070630915,0.6420872,-0.14939201,-0.42758328,-0.5769578,-0.11040121,0.4837855,0.7156111,-0.6292906,-0.6171229,0.16307482,-0.16966352,0.072482325,-0.346513,-0.26707727,0.2100704,0.29962385,-0.49157482
8,2.173001,5.870487,5.5485497,6.862542,-5.6858435,6.095169,5.341626,-5.159671,19.422466,-2.250514,-2.045506,-1.1981132,2.8521466,-1.6612594,-0.6694572,1.2324238,-5.1653347,-4.3694754,-2.0771408,-1.9253862,-0.010205106,0.53752524,2.3493671,-2.341975,-0.13148054,-2.6149726,0.7269695,-1.7402122,0.0018722404,4.015765,0.37696362,1.3839161,-1.3110325,-1.6669147,0.1970981,-0.55988723,0.16815037,1.6108346,-1.1379769,-0.6296947,1.4290899,0.96399033,0.8544568,-1.92398,-1.5947902,-3.1291199,-1.4175375,0.02894488,0.52915835,-1.465256,0.157003,-0.22506836,0.5527911,1.1079768,-0.1248236,-1.2954128,-0.4968965,-0.34588152,0.043682083,-0.6872159,0.5405568,0.066947944,0.41753367,1.4526377,0.29421055,-1.4194504,0.6396787,0.48110947,-0.55485106,0.011383297,0.32476184,0.9568441,-0.031831875,0.5949772,0.46301895,-1.0743471,0.37343183,-0.078261584,-0.31733218,-0.17832153,-0.22312403,0.29497162,0.3273861,0.14172667,-0.38157815,-0.79638684,0.20711654,0.4463684,0.310861,0.014686859,-0.7559123,-0.034281485,0.17439315,-0.008823672,0.7462091,-0.2328978,0.25143224,-0.02454913,0.15873264,-0.42024785,-0.36834264
9,-13.742664,-2.5302243,2.536075,-1.7330841,2.135585,0.8339913,-4.2350607,2.8508615,-2.250514,9.393555,0.124604404,-0.41145438,0.11451027,1.3791509,0.57391393,0.3373794,-0.3216861,3.288573,-2.4390147,-0.29205728,0.21392524,-4.114091,0.57119864,-0.017478304,0.1437681,-0.85151714,0.62104565,2.2458222,-2.66117,-1.2511947,-0.8958088,-0.5786532,-1.0327442,-0.62256926,0.9110557,-0.22936715,-1.6690626,0.5363933,0.21173403,0.09909138,1.4826732,-0.10150106,-0.42335427,0.26631904,-0.6909866,0.3032214,-0.45861125,1.2201083,-0.19660822,-1.20296,0.07616489,0.5909976,-0.029483564,0.71235406,0.7274157,0.050070383,-0.66497654,-0.6767456,-0.1345362,0.42459232,-0.29383856,0.19161892,-0.18611279,-0.1693418,-0.4864921,0.2768873,-0.5529524,-0.5826328,-0.3718775,1.0610492,-0.5200405,0.14081888,-0.124027096,-0.36122784,0.033306703,0.1551947,-0.005008849,-0.54102844,-0.016593393,-0.6621194,0.30417222,-0.016713565,-0.19761014,0.124166906,0.38533214,0.15985346,-0.92349553,-0.06894834,-0.044578202,0.018614117,0.52811754,0.081281975,0.043796547,-0.38770014,-0.07856539,-0.10680548,-0.10425234,-0.7542315,-0.48713034,0.24761647,-0.09521708
10,-2.8445008,-7.600765,-1.9309745,1.5103432,0.15749794,-0.81009465,-3.192299,2.8390114,-2.045506,0.124604404,11.35778,0.07689857,0.5957663,-1.5515397,1.811549,2.8326526,-1.6532335,-0.92618406,-1.2500612,-0.85300016,-0.14184672,1.3508,1.6560107,-0.7989955,1.7111247,-0.73129493,-1.4948089,0.381029,0.8190383,-0.9514979,-0.41957846,0.54943216,0.43744758,-0.32690948,-0.44453844,0.9194288,-0.35983506,0.4507739,0.7532761,-0.10005787,2.355112,1.2687252,-0.8147097,-0.7390777,0.18504453,0.08340665,-1.2118969,-1.7098597,0.9888369,-0.17696626,1.181478,-1.1224045,0.15780511,-1.0100698,0.53824353,0.41714445,-0.3732247,0.78364974,-0.74932015,0.04417796,0.29135877,-0.5579238,0.10522699,-0.07435395,0.22006172,-0.31119204,-1.4543449,-0.17104346,0.41227412,-0.25478378,0.6463784,-0.08781172,1.1779835,-0.24571717,-0.32487088,0.5897929,0.04549219,-0.62731725,-0.14118317,-0.11223121,-0.24088106,-0.07828707,0.20835066,0.021810122,0.039482296,-0.15241688,0.13445152,-0.21573257,0.05591826,-0.64172435,-0.25192648,0.11778307,-0.36214545,0.08703915,-0.2971964,-0.39322364,-0.014209233,0.34303862,0.5198668,0.36711115,0.16279148
11,4.701919,2.497448,2.0365233,-2.8956356,-2.129277,0.4924966,-3.347189,-3.9856493,-1.1981132,-0.41145438,0.07689857,11.506268,-0.20359358,1.3977728,0.9121977,-2.527344,0.13297054,0.48778772,-2.0399122,2.5383933,-0.19618097,-0.6527281,-0.58125174,2.5055437,-0.82259953,0.94260985,-0.2218897,-1.9351187,-0.32348517,-1.3376733,1.6593232,-0.61318123,2.1965094,0.4549285,-1.4143481,-0.12511191,1.2920556,0.22025129,1.3141861,-0.7383997,-0.22948432,-0.06872161,0.2638271,-0.09037849,-1.539566,-0.10945757,-0.7026627,-0.34858462,0.8020746,-1.1648709,-0.6761594,0.98176265,0.63716733,-0.34616768,-0.5565493,-0.6001334,-0.19769621,-0.90712416,0.63252664,0.68652344,0.029456496,0.008378401,-0.1188893,-0.16952166,0.061460268,-0.2363239,-0.11248392,-0.049893416,-0.37656367,-0.20917723,0.42177314,0.09744184,-0.23095171,-0.3184775,-0.33972815,0.7211911,0.3798685,0.5036807,0.5551333,0.05010031,0.27742675,-0.434369,0.099726036,-0.470438,0.5685555,0.061326683,-0.042909585,0.38977164,0.20303391,-0.7115433,-0.527331,0.27038407,-0.12387924,0.23739767,0.59272087,-0.4677886,0.048837155,0.44991004,0.026348978,0.22755693,0.32135826
12,10.718729,8.7267,4.685871,1.115871,1.6533203,-0.35501236,0.4169749,3.2767115,2.8521466,0.11451027,0.5957663,-0.20359358,14.40672,-2.5855796,-1.8383768,-2.366928,-1.3969502,-2.8435135,0.31307632,-0.28362024,1.8976613,0.74706125,0.826368,-1.460393,-1.7240238,-0.9458794,-0.467378,-0.12519762,-0.69797564,-0.47729045,-2.2843354,-0.39187,1.0319706,1.6594633,1.1455446,0.16975532,2.0955715,0.7081981,0.27715558,0.2085876,0.6515109,0.90786505,-0.4818337,-0.36125976,0.17791665,-0.61494446,0.7019068,-0.7399249,-0.020696498,-0.7896277,2.1871948,1.0303838,-0.12271805,0.7992829,-0.9303613,-0.96994376,0.17937118,0.400571,0.2745589,0.5426386,1.4545107,-0.7664063,-0.69824946,1.05181,-0.09291507,0.4887728,-0.60967416,-0.02545492,-1.2618774,0.4569202,-0.14633873,-0.22172704,-0.09841224,0.059456836,-0.27231586,-0.44040215,-0.04347031,0.2775843,-0.32824433,-0.5343973,0.26252124,-0.17446753,-0.058869965,-0.49758524,-0.4417925,-0.33904338,-0.77227795,0.18434528,0.06835057,0.27164474,0.6749389,-0.09961088,-0.34397215,0.4076781,0.12407486,-0.43437755,-0.24605583,0.47953114,0.342425,0.03421765,-0.21588916
13,-5.617113,-1.5597074,1.9560931,-2.984167,4.467879,-2.352491,0.64052254,-2.900619,-1.6612594,1.3791509,-1.5515397,1.3977728,-2.5855796,6.8896422,-0.84891355,0.13524024,1.7071893,0.39368546,1.0997728,1.9118061,-0.25749877,-2.675496,-1.7546804,-1.2378936,1.1700501,1.8641083,0.09274699,0.15928748,-1.4088235,1.4324305,-0.6767708,-2.2938666,0.17602788,0.26290017,-0.20768097,0.7317503,-0.4007883,0.14939794,1.1516197,-0.08313654,0.22456776,-0.6037531,-0.53065383,0.76679826,-0.387671,0.9025872,0.007854984,0.5040933,0.19376242,0.058611587,-0.23484993,0.36781812,0.14576852,-0.1034278,-0.24076822,0.03902176,-0.41229814,-0.5387064,0.28605503,-0.042014435,-0.289399,-0.24143016,-0.39048767,-0.11912371,-0.119533,-0.26500311,0.43441308,-0.3860951,0.020893987,0.5541916,-0.29463273,0.0024418163,-0.07326765,-0.24264395,0.06805748,-0.10303003,0.23470993,-0.35767967,-0.017554395,0.4437476,0.041823134,0.2562484,-0.19900271,0.20954227,0.019517088,0.23065218,0.3462782,0.38855568,0.26753062,0.10054528,-0.31055707,0.19175845,-0.24828148,-0.009920765,-0.073409535,-0.12446144,0.20385149,-0.5053685,-0.5908042,-0.3113106,-0.2834555
14,0.4880253,-4.964962,3.7633276,1.1852486,-1.5996579,-0.6453851,1.4512618,6.5016384,-0.6694572,0.57391393,1.811549,0.9121977,-1.8383768,-0.84891355,10.308991,-0.78074056,-0.8328358,-0.6942879,-2.803438,1.0392116,-0.86401844,1.8499799,-1.3847196,-0.9566721,0.9811926,-0.43428737,-1.7536856,0.5107007,-0.5935403,-0.6792895,0.09898899,-0.29538533,1.8924971,-2.1721349,0.74848413,-0.80736053,-1.4881308,1.4674957,1.0754709,-0.8490271,0.2908274,0.106080115,-0.23176102,-1.1080165,0.8791399,-0.89982396,-0.5869643,-0.13080165,1.0029154,0.22752178,0.5141965,0.3984734,0.7888326,0.3919585,0.14127615,-0.13911569,0.6153308,1.0166786,0.2690154,0.7102815,-0.4479025,-0.47478193,-0.32240131,-1.0578377,-0.5026667,-0.2499013,-0.23501128,-0.29272842,0.26788342,-0.73732316,-0.9721396,-0.62102985,0.29979604,-0.13805288,-0.21332082,-0.029759519,0.44099635,0.3782704,-0.42576116,0.19961114,0.41772723,-0.41929173,0.017969675,0.22085099,0.21683009,0.1834329,0.22695115,0.27201188,0.13698068,-0.20710365,-0.38412675,-0.44981548,0.110143594,-0.012001014,-0.038745463,0.1415748,-0.07266337,0.13379031,0.17222103,0.23030128,0.20707986
15,-5.7150187,0.36727762,-6.479945,3.4491515,0.115679726,2.08495,0.47704345,-2.8352191,1.2324238,0.3373794,2.8326526,-2.527344,-2.366928,0.13524024,-0.78074056,9.96038,0.14704394,1.370173,0.8246219,-1.7266713,0.47868353,-1.776767,3.4874082,1.4316485,1.4207946,-1.4703887,0.6725638,-1.044581,1.4231229,0.66881466,-0.071400404,0.53977525,-1.433914,-0.08773755,-0.112243176,0.20820996,-0.07974267,0.95918345,-1.4130099,-1.4808792,0.7964322,-0.20511153,-0.5572722,-1.0258005,-0.33009616,0.25124007,1.0947235,-0.5590209,0.37910193,0.2848451,-0.4351734,-0.21586624,0.25286558,-0.49506578,0.22404811,1.1388011,-0.46984088,1.0721223,0.36588806,0.5042583,0.04617498,0.5818362,0.4089223,0.4555619,0.74686193,0.18837236,-0.11586553,-0.9622512,0.6062575,0.21906894,0.3146708,0.529275,-0.20051435,-0.3524035,0.4989878,-0.13714442,0.2254389,-0.6049571,-0.37749174,-0.1327149,0.081375375,0.11262119,-0.21498916,-0.12339564,-0.7470753,-0.67762196,0.5139295,-0.0048551485,0.49317878,0.35744947,-0.35668552,0.4184187,0.3204106,-0.0718977,-0.118362434,-0.29983652,-0.11316916,-0.052468553,0.28993684,-0.11756657,-0.36977965
16,8.049099,0.59972286,1.1262288,-8.897582,5.6364374,-6.2630215,1.383962,-0.2740618,-5.1653347,-0.3216861,-1.6532335,0.13297054,-1.3969502,1.7071893,-0.8328358,0.14704394,9.716427,5.12869,0.18720536,1.5061371,-0.6985816,-0.88432175,-0.6189542,-0.6172931,2.3263006,1.3346715,0.5490651,-0.11898641,-0.45957816,0.14199689,0.7471329,-0.8442325,1.4135079,1.7387102,0.02079234,0.24845085,1.6733812,-1.0639191,-0.2647252,-0.047942385,-2.235299,-1.2994667,0.9723171,-1.4728822,-0.26325047,0.06289148,0.77530134,0.15499574,-0.78356177,0.38942683,0.0551555,0.31620774,-0.8330055,0.47346932,0.67848444,0.6787292,1.236421,0.4606803,-0.22717583,0.14921087,-0.15847665,0.2137123,-0.3645187,0.92570305,0.3858961,0.26892832,-0.6827804,0.020577323,0.51849616,-0.16338319,-0.5365011,0.113316625,0.012043192,-0.029597191,-0.13670525,0.062800616,-0.28209752,0.35347372,-0.30326867,0.4728595,0.36414507,-0.54937446,0.07605808,0.22209442,-0.06173193,-0.32522053,-0.17543125,0.14197744,0.15317518,0.39328808,0.05050285,0.48282152,-0.25695625,-0.18108685,-0.58413064,0.03854339,0.16361299,0.01148404,-0.20450592,0.01250988,-0.123158485
17,-1.9334109,-1.1229287,1.1850469,-4.7960944,-0.096729144,-4.752454,0.43823677,2.1282883,-4.3694754,3.288573,-0.92618406,0.48778772,-2.8435135,0.39368546,-0.6942879,1.370173,5.12869,11.099914,-2.0552464,1.499606,-1.2724421,-2.4897282,-0.61696404,0.8355063,0.19219416,0.21292222,-0.076177,0.6575751,0.64524984,-0.80495733,1.8372662,-0.369432,0.07584368,2.4682064,-0.60694116,0.20333123,1.3241115,-0.8773416,-0.3693679,1.0399206,-1.3575811,-0.6252932,-0.1833021,-1.2556078,-1.6077998,-0.2554584,0.77152455,1.4759959,-0.6102375,-0.9567,0.26230353,0.6988967,-0.23671618,-0.15026799,0.9519846,1.0038446,0.97280335,-0.2769286,-0.2530445,0.86393183,0.15871471,0.22711876,0.5141486,0.07682737,-0.36162323,-0.27570826,-0.40467718,-0.62283623,0.10194346,-0.15493633,-0.21628824,0.19943573,-0.33554435,0.15876159,-0.020050384,-0.1661584,-0.43141606,0.10153088,0.4656607,-0.5169244,-0.048225828,0.09224741,-0.060592707,-0.13503484,-0.0022914032,-0.13529748,-0.15522158,0.22504547,-0.04229409,0.12535529,0.41399804,0.6171427,0.5969506,-0.638057,-0.2052073,0.14491853,0.20544675,-0.13615637,0.010518794,0.11745685,-0.17512077
18,6.7994523,3.237127,-1.5589657,-2.09025,5.0946074,-2.86832,0.6259283,-3.2157192,-2.0771408,-2.4390147,-1.2500612,-2.0399122,0.31307632,1.0997728,-2.803438,0.8246219,0.18720536,-2.0552464,10.642179,-1.7512654,-1.020371,-0.36508515,-1.8206055,3.6288419,0.3034227,0.71716726,0.42927468,-0.57155555,0.19972456,1.3351619,-0.10752772,-0.2797965,0.74262,0.69860363,0.06309586,0.89148307,-1.2136993,-1.1409489,-0.049099,0.024795018,-0.12444872,-0.053682685,-0.19102281,-0.1816828,0.84590703,1.6485467,0.6990781,0.36811167,-0.39686692,0.63841856,0.27105227,-0.61276984,0.8733764,0.0034072548,0.14420874,0.34032786,0.5090087,0.41635376,1.1344802,-0.7526078,-0.13970825,-0.0066604456,-0.66303194,-0.041744076,0.4615382,0.15519089,0.4875335,0.17522743,0.3320846,0.68858486,0.56807256,-0.144624,0.4547838,0.44219902,0.5201776,-0.024624586,-0.7748719,0.010680196,-0.42869654,0.48282862,0.16059732,0.45136783,-0.24561262,0.18692556,0.03493591,0.39069492,0.45673478,-0.30023497,0.090952985,0.43791455,-0.22834724,-0.19962797,-0.026602007,-0.0014212374,-0.39384317,-0.34261167,-0.17198282,0.08241418,0.060889304,-0.32093334,0.19158578
19,3.6874595,-1.6985698,0.3443169,-1.2087601,-2.1096225,-1.5280759,0.34022498,-1.1666343,-1.9253862,-0.29205728,-0.85300016,2.5383933,-0.28362024,1.9118061,1.0392116,-1.7266713,1.5061371,1.499606,-1.7512654,6.0184484,-0.32682234,0.4143296,-2.1033478,-0.7981808,-0.2973924,1.2681888,-1.471437,0.15844189,0.43635297,0.112750225,1.0382638,-1.1286252,1.1115904,0.1579316,-0.452088,-0.46191114,1.0704483,0.4001946,0.7262021,-0.048462838,-0.90204215,-1.0287912,-0.18447748,-0.7783294,-0.3068152,0.24337536,0.96700436,0.12433157,0.47512817,0.53156984,0.20637517,1.023459,-0.40757382,0.35061544,0.24937677,-0.686866,0.14086345,0.23678327,0.16887292,0.3291184,-0.12592837,-0.16483968,0.03120445,-0.7990942,-0.2738496,-0.41821784,0.28608015,-0.12760961,-0.29232767,0.6034006,-0.53120285,0.35114563,-0.465218,0.1762881,-0.7709685,0.2886262,0.5065038,-0.12288982,0.06580904,-0.12719324,-0.2224416,-0.25835645,-0.4633113,0.14111033,0.0828395,0.3111363,0.0019284727,0.64187515,-0.069441624,-0.14689124,-0.21787,0.29024577,-0.050291333,0.062478267,0.20974508,-0.32996505,0.0071778083,-0.1298388,-0.24108946,0.10585132,0.24824122
20,0.6524988,3.6858592,0.6358665,3.6293979,0.5212245,5.1398215,2.128573,-0.25768882,-0.010205106,0.21392524,-0.14184672,-0.19618097,1.8976613,-0.25749877,-0.86401844,0.47868353,-0.6985816,-1.2724421,-1.020371,-0.32682234,6.4723654,-0.890939,1.7449174,1.943678,-0.55783415,-0.056646667,0.48813576,0.14244725,0.28221342,-0.69654214,-2.7864532,0.5871266,-0.7860059,-1.0221938,0.21938159,0.40074956,-1.0615106,0.23237593,0.32635668,0.11363289,-0.32167244,-0.7602489,-0.17215115,0.2081427,0.5949928,-0.61481535,1.3798168,-0.5217197,0.18101737,-0.25279546,-0.24030077,0.097890824,-0.5591507,-0.03430053,-0.702737,0.5159034,-0.20210949,-0.38703102,0.40705794,0.50156355,-0.166233,-0.6831224,-0.10806973,-0.021383723,0.21343127,0.099706754,0.37116486,-0.12989381,-0.08121084,-0.019945212,-0.2868057,0.013170778,-0.298738,-0.8022267,-0.039771542,-0.76918054,0.14853531,0.22598583,-0.4247023,-0.17618132,0.46886516,-0.3498832,0.021546222,-0.044545643,-0.043555677,-0.23174976,0.49216878,-0.06391096,-0.4203186,0.43931726,0.5749569,-0.14728501,-0.31677026,-0.29519475,0.23127468,-0.18836516,0.65957075,0.08009313,0.04197086,0.36181787,0.074117824
21,16.165848,2.268149,-1.2436099,1.8299332,-3.5952234,0.06375544,1.945107,2.7667723,0.53752524,-4.114091,1.3508,-0.6527281,0.74706125,-2.675496,1.8499799,-1.776767,-0.88432175,-2.4897282,-0.36508515,0.4143296,-0.890939,9.280733,-0.5842495,-2.314153,-0.8390828,-0.7256321,-0.07719627,-1.5574853,0.21534818,1.2926996,0.13279645,0.4608149,2.0203807,-0.120841354,0.18477276,-1.4045253,0.402987,-0.08893682,-0.12273741,-0.80346787,0.063990414,0.26539648,0.19823393,0.26648545,1.023847,0.8503717,-0.6153953,-1.332406,-0.6931549,1.213788,0.5817675,-0.8586929,0.6018407,0.18526617,0.24361263,0.5131259,0.50876606,1.0433965,-0.96903384,0.37414265,0.11134753,-0.12647372,0.88763934,-0.3364312,0.42531204,-0.15615168,0.38523653,0.7169493,0.045759656,-0.32837796,-0.10218567,-0.18679293,-0.17185703,0.77151036,-0.59659475,-0.16353235,-0.6249651,0.14591935,0.41222,-0.12733203,-0.9148572,-0.36038816,0.15991056,0.08930181,-0.0027880294,0.16896302,0.43542498,-0.38351548,-0.30676934,-0.06354744,-0.33866325,-0.26946658,0.2119359,0.5652163,-0.007234644,0.0051043103,-0.11864053,0.23046309,0.28485402,0.22734512,0.005657959
22,-5.596756,2.17164,-6.5771017,3.356337,-2.4538612,6.644853,0.10584446,0.5244491,2.3493671,0.57119864,1.6560107,-0.58125174,0.826368,-1.7546804,-1.3847196,3.4874082,-0.6189542,-0.61696404,-1.8206055,-2.1033478,1.7449174,-0.5842495,6.866715,1.3526559,-0.56833684,-2.248759,0.09902914,0.49126893,-0.2906558,-0.040941257,-0.9751992,0.87701076,0.035374567,-1.0054598,1.1020677,0.41773182,0.2221725,1.0039196,-0.81654,-0.73398066,0.027723081,-0.016696583,0.72432786,-0.11975217,0.05204685,-0.36809045,0.43286574,-1.0970218,0.57191706,-0.2612972,0.15102506,0.42271382,-0.00855097,-0.39688095,-0.8433343,0.4159202,-0.510273,0.20516217,-0.43944874,-0.04787308,0.35727847,-0.45846945,0.82310176,0.6410291,0.0124536045,0.52918535,-0.7740383,-0.33718452,0.18415353,-0.59216136,0.35124743,0.5791753,-0.007722228,-0.14887896,-0.035491467,0.22600105,-0.19410887,-0.13924512,-0.3014656,0.1786729,-0.0511797,-0.1424295,0.2602769,-0.012788869,-0.22929215,0.011733903,-0.35226822,0.2547024,0.2483429,0.054982737,0.2704072,0.2570477,-0.044868458,-0.22875726,0.118424594,0.0076166503,0.28778756,0.16511944,-0.13101068,-0.059603617,-0.29996443
23,2.2139378,2.1394274,-3.416994,-0.46821463,-0.7032721,5.2908783,-4.811824,-2.9460545,-2.341975,-0.017478304,-0.7989955,2.5055437,-1.460393,-1.2378936,-0.9566721,1.4316485,-0.6172931,0.8355063,3.6288419,-0.7981808,1.943678,-2.314153,1.3526559,9.524859,-1.8755794,-1.163005,-0.86146724,0.33786452,1.1637516,-1.1886749,0.28138554,1.2208179,0.3194407,-0.45953465,-0.57834405,0.26844907,-1.2982309,-0.3815692,-1.000804,-0.096085094,-1.2490354,0.36852354,0.47109246,-0.5812434,0.03421181,0.40138656,0.32693553,0.11384247,-0.16382863,-0.05557646,0.17165828,0.033750758,0.2918966,-0.22507297,-0.32041746,0.5523655,0.7115067,-0.69663835,1.2756374,-0.1883029,-0.26479912,0.16482621,-0.35055327,-0.2118211,-0.3058275,0.3750775,-0.30996352,0.36673933,-0.34752756,-0.055096477,0.4066779,0.52223563,-0.30728406,-0.175417,0.011986103,0.35117263,0.0728783,0.2504626,0.16199058,-0.0708573,0.28167483,-0.21583521,-0.24540347,-0.15717238,0.1596167,0.19285332,0.41352224,0.13593146,0.08391513,0.15726188,0.39016825,0.32612473,-0.15706025,-0.28088352,-0.15172799,-0.2995051,-0.0051030237,0.027330544,0.3226439,0.5726545,0.1527336
24,-3.2702956,-0.60466295,3.9259002,-2.9765782,5.175741,-2.1417928,1.003288,-0.8988817,-0.13148054,0.1437681,1.7111247,-0.82259953,-1.7240238,1.1700501,0.9811926,1.4207946,2.3263006,0.19219416,0.3034227,-0.2973924,-0.55783415,-0.8390828,-0.56833684,-1.8755794,6.105062,0.1203848,0.01701032,-0.36323714,-1.1488078,1.2131457,-0.9471458,-0.48127702,-0.9871304,0.24384055,0.0754545,1.0636837,-0.6741588,-0.736888,-0.51264864,-1.4454732,0.21844915,-0.21414265,0.27604854,-0.9145795,-1.184873,-0.31482422,-0.6015606,0.68758655,-0.14593169,0.11298732,-0.4216075,-1.0290511,-0.2705223,0.39031613,0.03760609,-0.022202834,-0.30245388,0.6552688,0.15935719,0.23089147,-0.42638612,-0.62126136,0.01886195,0.2273767,0.6657634,-0.032057896,-0.17664514,-0.09981875,0.8213842,0.011824633,0.06063085,-0.624586,0.6855053,-0.33191496,0.3652664,-0.028794909,0.33417225,0.11611685,-0.12806746,0.07253637,0.20950952,-0.046863936,-0.16656005,0.18703708,0.33208722,-0.53481686,-0.16182436,-0.17711884,0.5018234,-0.21517405,-0.1770289,-0.16557157,0.14379176,0.18230003,-0.39595258,0.024193905,0.36733645,0.22151196,-0.041494653,-0.074490696,-0.06971362
25,2.4397018,-3.7342901,-0.80812466,-1.0067612,0.25692898,-3.7048259,1.1903012,-1.3009291,-2.6149726,-0.85151714,-0.73129493,0.94260985,-0.9458794,1.8641083,-0.43428737,-1.4703887,1.3346715,0.21292222,0.71716726,1.2681888,-0.056646667,-0.7256321,-2.248759,-1.163005,0.1203848,4.4254184,0.7177373,-0.28905007,0.18883762,-0.313385,0.55680025,-0.48766732,-0.28509772,-0.028028158,-0.598951,-0.15893495,0.44657403,-0.8926311,0.9403304,0.14105082,-0.23814994,-0.6766903,0.084058285,0.93636835,0.5994258,0.34544748,-0.08714008,0.7362522,-0.21672483,0.024367044,-0.7234378,-0.12534475,-0.14736913,0.5788842,-0.20191912,-0.113108724,-0.15307224,0.38767794,0.5160351,-0.2875954,0.057129577,-0.047423497,-0.41998088,0.148072,-0.69073355,0.15929142,0.3741753,0.048934728,-0.1731072,0.018020177,0.028887087,-0.17375039,-0.4651512,-0.18717085,0.40208936,0.34633017,0.2178044,-0.15659958,0.12158073,0.2663585,0.13116242,0.0017894154,0.21695966,-0.17670128,0.08479005,0.19424504,0.18640366,-0.03233604,-0.1550917,0.26194105,-0.016202189,0.14507799,-0.23159242,0.0025138203,0.047482997,-0.12314397,0.09076145,0.28080684,-0.07371669,0.023008507,0.17862627
26,3.1036696,2.522386,-2.2361894,-0.559762,1.937612,-1.4144917,1.8855968,-0.743801,0.7269695,0.62104565,-1.4948089,-0.2218897,-0.467378,0.09274699,-1.7536856,0.6725638,0.5490651,-0.076177,0.42927468,-1.471437,0.48813576,-0.07719627,0.09902914,-0.86146724,0.01701032,0.7177373,4.4177065,-0.19358625,-0.8707973,-0.020460393,0.539448,0.23932332,-1.0091567,0.012944456,0.2973027,-0.48129058,-0.49373323,-0.28919783,-0.32819885,0.17511886,-0.14215331,-1.0656108,-0.09945224,0.82202256,0.46145737,0.5875653,-0.64203775,0.5202561,0.14786306,-0.3059174,-0.5143435,0.015435861,-0.19162306,0.038848747,0.15224183,-0.07745888,0.05138892,0.39797252,-0.37853217,-0.43990743,0.026602078,0.27571875,0.21048,0.58450127,0.49881318,-0.04682646,0.061051838,0.16034673,0.2723643,-0.15254793,-0.07802937,-0.009018547,-0.33315772,-0.26810038,0.14887998,-0.5100907,-0.07976323,0.469814,0.059842788,-0.054664075,0.12287471,0.13963586,0.5574931,-0.49455693,0.00018678425,-0.18624762,0.21273592,-0.46428624,0.26045817,0.23101613,-0.068736404,-0.27128392,-0.024144715,0.24223244,0.27611253,-0.45787695,-0.10200168,-0.020862557,-0.34098557,0.023261912,0.036105014
27,-6.062131,-4.2073092,0.55384874,-0.9703676,-1.5294209,1.7081542,2.6785493,4.047024,-1.7402122,2.2458222,0.381029,-1.9351187,-0.12519762,0.15928748,0.5107007,-1.044581,-0.11898641,0.6575751,-0.57155555,0.15844189,0.14244725,-1.5574853,0.49126893,0.33786452,-0.36323714,-0.28905007,-0.19358625,5.4935365,-0.0059253434,0.63447833,1.3760635,-1.0759425,-1.0107644,-0.48203385,0.3552553,0.3046143,-1.3247254,-0.25929964,0.32916218,0.7467414,-1.0037344,-0.43013662,-0.7421815,-0.20374088,0.11702895,0.06794487,0.4749962,0.63799113,0.15245882,-0.7762816,0.4193442,0.5663363,-0.6957015,-0.108089805,-0.6862918,0.12613766,0.121037275,0.24436727,-0.5959331,-0.5071342,-0.6240982,-0.35792923,0.3950206,-0.6292851,-0.45459852,-0.25116527,-0.32679933,-0.48459855,-0.15213312,0.18643919,0.008791778,-0.016997706,-0.13212588,-0.0036005718,-0.61798394,0.29319048,-0.025419097,-0.23691264,0.004092685,0.15746921,0.15820026,0.14446554,0.08150476,0.27095965,0.1359992,0.23788759,-0.32786345,-0.29640782,0.20073466,0.023701038,0.32059938,-0.17812939,-0.19451305,-0.018869307,0.13954657,0.08369841,-0.13889256,-0.098644555,0.11717242,0.33738047,-0.11368612
28,-3.20957,-3.3605616,-2.700944,1.0066836,-3.7344527,-2.3567185,3.0970292,-4.945919,0.0018722404,-2.66117,0.8190383,-0.32348517,-0.69797564,-1.4088235,-0.5935403,1.4231229,-0.45957816,0.64524984,0.19972456,0.43635297,0.28221342,0.21534818,-0.2906558,1.1637516,-1.1488078,0.18883762,-0.8707973,-0.0059253434,6.2383747,-1.2735441,0.7265048,0.39165547,-1.8091388,-0.35005924,-1.8767903,-0.7971934,1.3846974,-0.7479935,0.5699526,-0.3309712,-0.93658674,0.27053556,-0.062497243,-0.3932981,0.18245155,-0.7923209,0.7398472,-0.48872238,0.32941917,0.7093288,-0.25636762,-0.40900314,-0.35019606,0.06620009,-0.24418898,0.11486584,0.26055494,0.36064017,-0.18156928,-0.2536319,0.2518186,0.427891,-0.18403673,-0.58037806,0.3557149,-0.2688163,0.11407015,-0.38124436,-0.4107049,-0.23429927,0.4808122,0.16889887,-0.4312621,0.4793769,-0.3671115,0.020179793,-0.01979651,-0.42460024,-0.3350857,0.24157579,-0.117763326,-0.0673868,0.3176052,-0.069844194,-0.20039997,-0.09002441,0.17107153,0.08891782,0.17496711,-0.21284994,0.27398258,-0.18406409,0.21812093,0.07189542,-0.33981436,0.11115801,0.2458023,-0.0039303103,0.49326348,0.04207349,0.0891245
29,3.5701423,2.4852781,1.4689212,1.3331429,-0.036806956,2.1694808,2.1131809,-0.8738271,4.015765,-1.2511947,-0.9514979,-1.3376733,-0.47729045,1.4324305,-0.6792895,0.66881466,0.14199689,-0.80495733,1.3351619,0.112750225,-0.69654214,1.2926996,-0.040941257,-1.1886749,1.2131457,-0.313385,-0.020460393,0.63447833,-1.2735441,4.7472005,0.49291807,-0.5945852,-1.2590778,0.04052118,0.29368818,-0.6258081,-0.64765406,0.032327473,-0.047218136,-0.2796326,0.47161162,-0.184809,-0.47880763,-0.7026191,-1.0258479,0.14040722,-0.10278487,0.310966,-0.14843617,-0.31857473,0.1479744,-0.20568845,0.23539093,0.08807814,-0.2842787,0.50927573,0.33651716,0.75675607,0.15903321,-0.22660124,-0.35196856,-0.7866498,0.63758254,-0.19174293,0.02514482,-0.39160576,0.5073038,0.4089917,-0.13478225,0.35046953,-0.096466705,0.11808154,0.11605701,0.036255874,-0.13359943,-0.20442656,-0.37446773,0.25540617,0.08524799,0.05784104,-0.48047346,0.09120667,-0.23807883,0.49098542,-0.06618874,-0.3200724,0.28527468,0.14048654,0.073439926,0.17951897,-0.40307215,0.41259575,0.07126802,-0.019831473,0.11559519,-0.12417485,-0.19483083,0.02012028,0.021120338,-0.37168154,-0.20224288
30,3.5129151,-2.3976011,-1.1086601,-1.2676399,-3.696088,-1.008701,1.3842052,0.5143848,0.37696362,-0.8958088,-0.41957846,1.6593232,-2.2843354,-0.6767708,0.09898899,-0.071400404,0.7471329,1.8372662,-0.10752772,1.0382638,-2.7864532,0.13279645,-0.9751992,0.28138554,-0.9471458,0.55680025,0.539448,1.3760635,0.7265048,0.49291807,5.1287093,-0.00882755,0.40556902,0.45518523,-1.0811772,-0.17724928,0.32003886,-0.02785188,-1.0803833,0.3233981,-1.2236586,-0.20827998,0.097052276,-1.0358434,-0.51364934,0.22146289,-0.3610282,0.42899352,0.32189125,-0.21139444,-0.3622344,-0.09033219,-0.4283423,-0.15445957,0.24925812,-0.35649198,0.23237064,0.35430086,-0.52422667,-0.23853174,0.03351389,0.68633926,0.628041,-0.057672665,-0.035251588,-0.31631756,0.014349961,-0.30982876,0.07684356,-0.00876,0.08681856,0.29264665,-0.2960389,0.42035538,-0.3431626,0.48466817,0.22510384,0.19744115,0.31792492,0.0631776,0.062346317,0.28955507,0.027821759,0.07702364,0.14000478,0.2283356,0.104191676,-0.2215788,0.23331733,-0.2680792,-0.54540956,0.06802845,0.15711702,0.009294156,0.29809335,-0.3848544,-0.25730598,-0.033584103,0.30076814,-0.03677091,0.018419603
31,3.1210785,1.1562444,-0.46851432,2.5897288,-1.9436836,4.154312,-0.92471063,1.0510355,1.3839161,-0.5786532,0.54943216,-0.61318123,-0.39187,-2.2938666,-0.29538533,0.53977525,-0.8442325,-0.369432,-0.2797965,-1.1286252,0.5871266,0.4608149,0.87701076,1.2208179,-0.48127702,-0.48766732,0.23932332,-1.0759425,0.39165547,-0.5945852,-0.00882755,2.8974128,-0.7782324,-0.2425984,-0.16674486,-0.07743137,0.32525772,-0.19149433,-0.3534559,0.066778935,0.36618146,-0.22543487,0.70560086,-0.57003635,0.075899705,-0.4514578,-0.500319,-0.17111132,-0.29944515,0.07012535,0.104713194,-0.21255279,-0.49544716,0.24918456,0.8182971,0.0022935646,0.1751457,-0.12649024,-0.023383424,-0.10814761,0.26509655,0.24891773,0.11647615,0.054448128,-0.11312496,-0.0033267317,0.37255293,0.16838887,0.065702036,-0.011989542,0.4476034,0.06253071,0.09000069,0.02596512,0.10779498,-0.1345753,0.17952278,0.086577594,0.40750563,-0.33815438,-0.06258634,-0.080596074,0.23350255,-0.015759755,0.15085539,-0.29643723,0.32450095,-0.25760397,-0.23412254,-0.027083233,0.27535886,-0.089412525,-0.24059686,-0.20305306,-0.20923203,0.011570627,-0.024859004,0.11070134,0.05274394,-0.054077473,0.18078004
32,9.249844,4.934786,-0.56564903,-1.5238461,1.1503725,-1.7042757,1.3276877,3.245564,-1.3110325,-1.0327442,0.43744758,2.1965094,1.0319706,0.17602788,1.8924971,-1.433914,1.4135079,0.07584368,0.74262,1.1115904,-0.7860059,2.0203807,0.035374567,0.3194407,-0.9871304,-0.28509772,-1.0091567,-1.0107644,-1.8091388,-1.2590778,0.40556902,-0.7782324,6.2539396,0.23059446,0.6348148,1.2986091,0.71835005,0.40670317,-0.2645294,-0.018041093,-0.57723546,0.23488717,0.5664795,-0.26818615,0.9296979,0.21984634,0.7501476,-1.3267756,-0.4277827,0.22134286,0.5927535,0.6169714,0.6496809,-0.10768506,0.17548692,-0.36670756,0.37304628,-0.17878428,0.19399887,0.20220488,0.20735085,-0.15458141,-0.10157372,0.7104033,0.31551293,-0.23266652,-0.080685005,-0.024014696,0.40021455,-0.3861971,-0.12527207,0.4600979,0.20655188,0.35926762,0.031149063,0.19837917,-0.11262589,-0.20845303,0.035645623,0.31295383,0.20957695,-0.166841,-0.15906735,0.0034409845,-0.18251489,0.5299938,0.0058278195,0.035600264,-0.16039604,-0.18482071,-0.39876717,-0.09040172,-0.014211097,-0.10153109,0.025096426,-0.009716278,0.1458962,-0.03642471,-0.2817974,0.16976884,-0.0627476
33,2.462777,1.2506721,2.0158107,-3.064847,2.763038,-4.8417797,-0.8813424,-0.30988932,-1.6669147,-0.62256926,-0.32690948,0.4549285,1.6594633,0.26290017,-2.1721349,-0.08773755,1.7387102,2.4682064,0.69860363,0.1579316,-1.0221938,-0.120841354,-1.0054598,-0.45953465,0.24384055,-0.028028158,0.012944456,-0.48203385,-0.35005924,0.04052118,0.45518523,-0.2425984,0.23059446,3.816216,0.7312324,0.7968868,1.5761089,-0.51141727,-0.13123886,0.64289284,-0.13717851,-0.050764162,-0.5891067,-0.4130119,-0.9776809,0.2747931,0.06043756,-0.13228443,-0.1159773,-0.5799409,0.5132798,0.20202228,0.012020662,-0.4746229,0.4017343,0.55024564,-0.08633619,-0.29914245,-0.05489342,0.43164235,0.16366999,0.33664137,0.59927016,0.53882,0.2646346,-0.27283835,-0.14604422,0.06672941,0.048080508,0.006936445,0.14349945,-0.041917026,0.04100219,-0.115120284,-0.1496782,-0.0435924,-0.042078733,0.03319941,0.29492277,-0.49078327,-0.29227233,0.24223267,-0.043278337,-0.030025642,-0.058740184,-0.20359388,0.0074802446,-0.19626608,0.041219242,0.10906421,0.13708884,0.23260635,0.17835182,0.12198171,0.012938084,0.32472816,-0.11166398,0.4164837,0.0062726876,-0.065192774,-0.01026056
34,-0.40712902,1.700767,-0.37559217,0.032009788,2.5451603,-2.079806,0.42769074,1.2708542,0.1970981,0.9110557,-0.44453844,-1.4143481,1.1455446,-0.20768097,0.74848413,-0.112243176,0.02079234,-0.60694116,0.06309586,-0.452088,0.21938159,0.18477276,1.1020677,-0.57834405,0.0754545,-0.598951,0.2973027,0.3552553,-1.8767903,0.29368818,-1.0811772,-0.16674486,0.6348148,0.7312324,2.7581074,-0.12739176,-0.6516874,0.8983028,0.124813035,0.2792061,-0.010907005,-0.3722226,0.1079655,-0.27413702,0.40325892,0.20234747,-0.010197804,-0.27722952,0.016030936,0.0030137605,0.7152958,0.1990563,0.27299467,0.039890952,0.054788,-0.11179225,-0.34355843,-0.10689694,0.19361657,0.16766894,-0.08370882,-0.10498801,0.63307106,0.27458405,-0.26838994,0.0029611213,-0.4803338,0.5666164,0.15117684,-0.09343193,-0.16025952,-0.15662709,-0.04752791,-0.3018968,-0.09187428,-0.18584374,0.1725469,0.032808375,-0.23321672,-0.3756227,0.047822252,-0.14366606,-0.14368391,0.20601842,-0.18839103,0.19288918,-0.25349635,-0.052144498,-0.076657206,0.21080165,0.09041198,-0.11380297,0.2277902,-0.13583508,0.19715542,0.31885707,-0.0767377,0.24515724,-0.24611856,-0.008130452,0.08615729
