,0,1,2,3,4,5,6,7,8,9,10,11,12,13,14,15,16,17,18,19,20,21,22,23,24,25,26,27,28,29,30,31,32,33,34,35,36,37,38,39,40,41,42,43,44,45,46,47,48,49,50,51,52,53,54,55,56,57,58,59,60,61,62,63,64,65,66,67,68,69,70,71,72,73,74,75,76,77,78,79,80,81,82,83,84,85,86,87,88,89,90,91,92,93,94,95,96,97,98,99,100
0,288.14487,-8.662363,-2.6498141,1.4779154,-0.27248752,-2.1707344,-1.1374135,-3.459698,-0.76583964,4.6250916,0.9672842,-1.582568,-3.6434698,1.935129,-0.1729514,1.9596846,-2.7396855,0.6585187,-2.2991102,-1.2553177,-0.24205653,-5.494918,1.8984054,-0.721835,1.1310029,-0.81870735,-1.0461226,2.046443,1.0446073,-1.1829835,-1.1805782,-1.055341,-3.128782,-0.831357,0.14093797,0.59759957,-1.1802617,-0.4988643,0.34926155,0.71803176,1.7564287,0.6722907,-1.3395746,1.8704605,-0.74946,-0.94591916,-0.37738138,0.4764557,0.52179825,-0.69395334,-0.97957337,-0.34431,-0.29171717,-0.41681427,-0.6821831,0.5385974,-2.1730769,-0.7251917,-0.3694221,-0.48154455,-0.033740424,-0.15542355,-0.029957628,-0.86401904,-0.1911532,-0.279015,-0.5787269,-1.0152473,-0.22162655,-0.18319882,-0.22949223,-0.11133121,0.2967072,-0.54627013,0.20530212,0.828847,-0.017785331,-0.78838825,-0.7775893,-0.15335618,0.075115144,0.29132286,-0.1061426,-0.01107483,-0.0035807397,0.39917338,-0.6679279,0.26835045,0.24108928,-0.4837051,0.18780848,0.11115578,0.48012936,-0.41846612,-0.116075575,0.7378178,0.40220678,-0.58945096,-0.26649314,-0.18015194,0.10270457
1,-8.662363,97.86818,-1.2415222,-2.2637272,-2.7552547,-3.693408,-3.6380687,-1.4760988,-1.906598,0.93175226,2.562173,-0.8711343,-2.916432,0.4382642,1.7021356,-0.19086757,-0.16431612,0.36945063,-1.1039157,0.5935031,-1.191172,-0.71057695,-0.7445451,-0.7996057,0.14082374,1.244647,-0.86692834,1.440702,1.2511239,-0.9106425,0.7880989,-0.39568105,-1.679102,-0.43001997,-0.5841299,-0.07121246,-0.5550668,-0.331679,0.42948198,0.18059397,0.63273954,0.528257,-0.24340639,0.35846913,0.1667873,0.18749872,-0.8660452,0.15426151,0.9648117,-0.23079239,-0.18139812,-0.5507379,-0.12347468,-0.23533541,0.45554864,-0.025875509,-0.16897619,0.28824782,-0.8582096,-0.34509665,-0.29965854,0.52243257,-0.25971723,-0.6369908,-0.38945448,-0.00072639366,-0.6579143,-0.66628665,-0.073121786,0.09620121,-0.21633315,0.09483518,0.20497811,0.01091676,-0.19648203,0.4026494,0.05464361,-0.3804716,-0.53267944,0.108768806,-0.0779768,0.2949082,0.38461256,0.20048663,0.16647507,0.31828648,-0.0120895505,0.055086605,-0.008700752,0.0060962276,-0.016411312,0.22166893,-0.27127087,-0.040246867,-0.0379396,0.04811991,-0.14339058,0.0798689,0.09949508,0.20213926,-0.003793926
2,-2.6498141,-1.2415222,73.21426,2.3019528,-2.925167,0.78895223,-1.8519255,-2.3334703,-2.0652733,-1.0315075,0.67971826,-0.6304945,-1.6747274,-0.45572084,-1.3225713,2.3469157,-0.47046274,-0.37645912,0.545888,-0.15884206,-0.3460191,0.2891064,2.2482328,1.3297558,-1.1821657,0.31895396,0.786747,-0.22465587,0.65405333,-0.33811808,0.42979133,0.1682467,0.21059453,-0.6675748,0.14632162,-0.4878267,0.039084084,0.16508909,-0.84945786,-0.48658103,-0.3356701,-0.3708477,0.20376626,1.4476987,0.8692154,0.8038757,0.576908,-0.7015203,0.44175637,0.59446883,-0.35928434,0.048232704,0.05372236,-0.6100403,-0.113156185,-0.0012685352,0.108026765,0.65498877,-0.19453642,-0.6781342,0.28647915,0.08992027,0.24690372,-0.27101162,0.12527299,0.22316477,-0.24978302,-0.08243215,-0.060720462,-0.42999232,-0.06736408,0.54195267,-0.28793356,0.01764505,-0.09574621,0.46513224,-0.18254523,-0.06517006,-0.09732364,-0.02440657,-0.1322825,-0.01483301,0.19940943,-0.32203102,-0.42280817,0.5215102,-4.015415e-05,-0.038502444,-0.06421441,-0.04088495,-0.027124928,0.21693406,0.15752316,-0.08478485,-0.07350545,0.04940732,-0.22392121,0.05946944,-0.23413885,-0.13571435,-0.08690735
3,1.4779154,-2.2637272,2.3019528,67.68676,3.1227078,-5.3107195,-1.4874583,-1.6079565,-2.184194,0.7159969,-0.5307902,0.93625313,-0.31189936,0.8559644,-0.36514413,-1.2820499,3.0791912,1.6053362,0.69423676,0.4408414,-1.1311979,-0.52093554,-1.1524346,0.029398086,0.89787143,0.3069417,0.16746524,0.3563285,-0.14627767,-0.57036114,0.38857812,-0.88395786,0.5017479,1.0265384,-0.025154248,0.27510232,0.2974236,-0.8751496,0.061809853,0.13177814,-0.84607863,-0.090250775,0.18596454,-0.20961383,-0.45064968,0.3904305,-0.2716709,0.34611017,-0.21001902,-0.023064785,0.20549312,-0.0828165,-0.085789815,-0.0045027956,0.3164354,-0.14717308,0.3768155,-0.20580539,-0.15623769,0.09122033,-0.04858745,0.32250333,-0.30520284,0.21139652,0.22065642,0.28777683,-0.6560924,0.01734778,0.058809694,0.041404467,0.027627138,-0.11476335,0.18610808,0.05274584,-0.16200691,-0.019103449,-0.13249692,0.038618185,-0.13608842,0.08491774,0.10572438,-0.064160556,0.053109005,0.11424987,0.06728345,0.034731034,-0.17329665,-0.033099473,0.23380294,-0.055983294,0.009491506,0.06797599,-0.07183783,0.14177367,-0.07708527,-0.012749119,-0.0068520764,0.0064122807,-0.05117988,0.09584853,-0.06005508
4,-0.27248752,-2.7552547,-2.925167,3.1227078,48.61706,3.822556,0.44570044,-1.1524423,1.8490524,-0.79349756,-0.042784348,0.74502397,-0.5956818,-1.4284848,0.5219233,0.023172379,-1.9447513,0.042896885,-1.7175819,0.69703776,-0.2298018,1.1634799,0.8395121,0.30858997,-1.6924484,-0.0685039,-0.64397734,0.5026779,1.1582375,0.07739818,1.2736542,0.6620264,-0.38173926,-0.92942363,-0.8539525,-0.38414207,0.0474092,0.080180146,-0.23927045,-0.30136472,-0.10946634,-0.10667564,0.38402694,-0.14372277,-0.07400899,-0.51147187,0.1552387,-0.23298357,0.3243674,-0.5391208,-0.010888092,0.41235888,-0.17223011,0.059940223,-0.011824224,-0.019144267,-0.077989265,-0.15915495,-0.4072857,0.14728165,0.0152731445,0.25002873,0.33135265,-0.4855379,-0.2659874,-0.4236318,0.39275014,-0.6005951,-0.45893362,-0.003813014,0.17250675,0.2953909,-0.44776273,0.6681211,-0.13448532,0.4596569,0.035966713,0.23640262,0.12988073,-0.096574664,-0.06945139,0.016595248,0.40311956,-0.18218979,-0.09589356,0.3818507,0.15987447,0.20367384,-0.30181038,0.015642509,-0.1463758,0.005784223,0.115791164,-0.045567486,0.099062145,0.085696556,-0.12161791,0.188584,0.22344585,-0.060907118,0.067318216
5,-2.1707344,-3.693408,0.78895223,-5.3107195,3.822556,33.467903,1.3952508,-3.7905276,-1.925008,-0.15387179,0.25504935,-0.21069522,0.18571581,0.6428255,0.2544812,-0.81967777,2.1868293,1.590675,0.95770514,0.548822,-1.6430403,0.0765443,-2.265759,-1.9199271,0.61581063,1.2206378,0.45695496,-0.5506793,0.99163043,-0.85292953,0.30104047,-1.4137161,0.56291354,1.6282482,0.689941,-0.37309572,0.39212018,-1.0735648,0.64251125,0.8952486,-0.1857501,-0.30453318,-0.62119114,0.43413216,0.061284684,0.119587734,-0.10106151,-0.14999102,-0.013891651,-0.012417445,0.56010205,-0.6136246,0.24023342,-0.19796209,0.47668636,-0.037601314,-0.13221054,0.16133693,0.061396502,0.044512615,0.4692037,0.2685681,-0.21314701,0.04949525,0.38625437,0.06461482,-0.8018118,0.10181585,-0.0679206,-0.14143422,-0.14723161,-0.15729788,0.15849316,-0.17374896,-0.2505517,-0.053270213,-0.09229441,-0.12180195,-0.6253933,-0.24720095,0.08562476,-0.01352996,-0.08404155,-0.007818405,-0.32555303,0.17782345,-0.093282446,-0.18827003,0.19661888,-0.12819046,-0.21559131,0.026151277,0.358875,-0.008544264,0.10576345,0.08564188,0.07143143,0.12130838,0.13100043,0.060579553,0.2198768
6,-1.1374135,-3.6380687,-1.8519255,-1.4874583,0.44570044,1.3952508,31.079113,-0.97499883,-1.7765889,1.4635159,1.0764099,1.1231713,-0.12602638,-0.2523794,-0.4830348,-0.18780135,-0.4532674,-0.1526621,-0.2150265,-0.10795975,-0.6982645,-0.6359285,-0.039503045,1.5995421,-0.36498207,-0.41078925,-0.6434903,-0.9005539,-1.0039392,-0.7427776,-0.47801775,0.31142783,-0.45278335,0.29584277,-0.14812472,-0.10878161,-0.05254939,0.20906252,-0.7842523,-0.2828133,0.8564713,0.94993293,0.3897708,0.57188153,-0.48813176,0.6756062,-0.80635273,-0.022833608,0.42881897,0.26338303,-0.30640864,-0.105214104,0.18548638,-0.3307923,0.64515024,-0.29053432,0.160819,-0.20320666,0.04058492,0.008084787,-0.14490515,0.37367272,-0.39596698,-0.08274881,-0.17463446,0.5601996,-0.53407407,0.24249643,-0.34004653,0.08231829,-0.23113132,0.23287445,0.3427469,-0.20682374,0.11661865,0.28864872,0.0296356,0.18636373,0.15582329,-0.34596056,-0.21934095,0.0045346725,-0.048947178,-0.05327292,0.12653051,0.056752738,-0.20077771,0.19908465,-0.22479859,-0.15616332,0.10562244,0.41930592,-0.17946655,0.031058282,-0.20426895,0.018616354,-0.5314046,-0.0741594,-0.14885706,-0.014064435,-0.11875229
7,-3.459698,-1.4760988,-2.3334703,-1.6079565,-1.1524423,-3.7905276,-0.97499883,24.827654,1.742968,-0.96898675,-0.96067345,1.3507216,-1.1113291,0.98650616,-2.2024062,0.96320534,0.090894476,-0.72007596,1.0891917,0.39408267,0.08444047,-0.9396799,-0.17710306,1.0011706,0.3074973,0.44143507,0.2524834,-1.3710607,1.6690121,0.29930973,-0.17299257,-0.35566375,-1.0984628,0.10526399,-0.42988035,-0.43326288,0.11779101,-0.8894836,-0.08223875,-0.52988446,-0.087890334,-0.13064742,0.20019573,0.34734866,-0.70091987,-0.038225442,0.116757974,-0.40570408,0.31026152,-0.058406956,-0.48406273,-0.49043587,0.043607987,-0.12247968,0.08194399,-0.21760656,-0.40527722,-0.46189928,0.34877217,-0.11859381,0.09326793,0.4466399,-0.08251232,-0.019201394,0.5379809,-0.15201268,-0.07761637,0.12108183,-0.3636611,0.27507704,0.28487313,0.37189043,-0.214124,0.059136875,-0.055637255,0.08600503,0.07780892,-0.06345248,-0.42062646,-0.0733097,0.091924,-0.14921808,0.12531567,0.022699356,-0.2184822,0.050092947,0.14454636,0.19530779,0.036597207,-0.16420913,-0.24296963,0.21332252,0.21017988,-0.054831672,0.05738151,-0.023957402,0.1167818,0.09022188,-0.07154848,-0.10130058,0.1657958
8,-0.76583964,-1.906598,-2.0652733,-2.184194,1.8490524,-1.925008,-1.7765889,1.742968,26.422132,0.6942407,0.70267785,0.4287868,-1.0002165,0.64335823,0.20776474,-0.35736415,1.713961,1.4890924,0.7103255,0.6353268,-0.047758117,-0.2337186,-0.7871271,0.8607198,0.10213115,0.90318215,-0.23457095,0.5746659,-0.10268675,-1.2972267,-0.10630941,-0.46480814,0.45135936,0.5702232,-0.05922682,0.16019842,-0.06787659,-0.5500109,0.37984145,0.21111122,-0.49593642,-0.32878074,-0.2704047,0.66941845,0.5472883,1.0426102,0.4463063,-0.023612343,-0.16925994,0.46500248,-0.035835803,0.122859344,-0.15845089,-0.38719693,0.016747888,0.4426846,0.1764666,0.08487356,-0.021647103,0.20900348,-0.18172961,-0.035098627,-0.12885553,-0.48460227,-0.11686371,0.44630852,-0.19847545,-0.15560985,0.18258077,0.0073477854,-0.11530797,-0.32801628,0.002732753,-0.18827072,-0.16168764,0.3829875,-0.13796453,0.031391196,0.116823465,0.07974197,0.09540726,-0.120379895,-0.11300183,-0.07011734,0.10948457,0.26070303,-0.074230194,-0.15184249,-0.11951902,-0.012427084,0.2435111,0.016360164,-0.036627017,0.010034813,-0.25391284,0.08953044,-0.09493552,0.0046374197,-0.061503887,0.14496046,0.11304758
9,4.6250916,0.93175226,-1.0315075,0.7159969,-0.79349756,-0.15387179,1.4635159,-0.96898675,0.6942407,27.611279,-0.032827802,0.16075331,-0.070729285,-0.3919108,-0.21184799,-0.05867345,0.07654405,-1.1045073,0.8323597,0.08347433,-0.11989544,1.3450747,-0.18564543,0.06865322,0.004729399,0.30476224,-0.19954382,-0.77391243,0.80648315,0.48140937,0.32307932,0.19938347,0.3565765,0.21621346,-0.3015034,0.050403498,0.5549356,-0.18590063,-0.07672088,-0.03547793,-0.5131835,0.032162026,0.16088668,-0.0735099,0.24074382,-0.11829564,0.12412661,-0.42588925,0.07573565,0.37849063,-0.009705864,-0.15686709,0.036555264,-0.25236034,-0.26994795,-0.013161862,0.23278734,0.1992805,0.039201487,-0.16568653,0.10068792,-0.07638375,0.07463111,0.06404266,0.14872813,-0.12554076,0.2040361,0.20402381,0.12099008,-0.34887272,0.17112398,-0.051422127,0.03454647,0.1344954,-0.015846841,-0.034731537,-0.008990832,0.18770261,0.014321376,0.24213655,-0.0845701,-0.013337795,0.06491434,-0.0625507,-0.14872794,-0.062394977,0.30888903,0.022703934,0.0018861291,-0.013207296,-0.19033837,-0.023115013,0.005937417,0.13780025,0.025436796,0.046061307,0.026210468,0.25196454,0.15774104,-0.08136381,0.02143628
10,0.9672842,2.562173,0.67971826,-0.5307902,-0.042784348,0.25504935,1.0764099,-0.96067345,0.70267785,-0.032827802,22.367552,-0.029279634,-0.19693492,0.5140043,-0.6107333,-0.967434,0.5646465,0.3122255,0.42227048,0.2911195,0.0551605,-0.45017737,-0.56187433,0.2610988,-0.5873891,0.24511445,0.5045006,-0.12695277,-0.26311895,0.3134783,0.13909589,-0.18653503,-0.14914094,0.10988468,0.14947097,-0.30718523,0.12336356,-0.1519924,-0.25427568,0.034160383,-0.7957003,-0.42924875,0.27319232,0.24772179,-0.063672155,-0.025888558,0.4150305,0.580861,-0.33617902,0.06426619,-0.40245998,0.37350103,-0.057401534,0.34367695,-0.1786684,-0.14182374,0.1252115,-0.26084846,0.25465924,-0.011664325,-0.09882429,0.19061577,-0.037391093,0.024188947,-0.07210369,0.11013885,0.4898663,0.056893386,-0.13883474,0.084693074,-0.21811104,0.030302428,-0.39773375,0.081372425,0.11068068,-0.2023719,-0.013792558,0.21173075,0.046506118,0.035295084,0.07878904,0.029363334,-0.07024364,-0.004306245,-0.010625446,0.052844435,-0.04495443,0.07313928,-0.016958084,0.21831079,0.08703582,-0.040545724,0.11949867,-0.030455492,0.10080434,0.13164403,0.006177587,-0.11563191,-0.17493114,-0.12467051,-0.05350288
11,-1.582568,-0.8711343,-0.6304945,0.93625313,0.74502397,-0.21069522,1.1231713,1.3507216,0.4287868,0.16075331,-0.029279634,21.419876,0.07991084,-0.49890575,-0.30287993,0.83675706,-0.033941384,-0.1682258,0.6884271,-0.85422754,0.08260076,0.23738453,0.19414485,-0.8697532,0.2602857,-0.32476413,0.07144597,0.6597949,0.1418091,0.43319553,-0.56856716,0.20645088,-0.74607277,-0.15594107,0.47649986,0.051687635,-0.4339887,-0.07309525,-0.443232,0.25068897,0.08149387,0.024021639,-0.09530357,0.02492294,0.5189469,0.042390894,0.2485546,0.12238589,-0.27469724,0.404251,0.22344074,-0.3471725,-0.22481294,0.121022135,0.19651356,0.20191732,0.06432085,0.31732708,-0.21198684,-0.22496632,-0.0103966985,0.0010910573,0.03629514,0.05512126,-0.015338052,0.090860784,0.03233946,0.014577031,0.12916932,0.06727746,-0.14111602,-0.03171503,0.080746174,0.10367221,0.11657083,-0.25027436,-0.12496564,-0.17207453,-0.19092321,-0.02308936,-0.10022223,0.15356828,-0.033097982,0.16628239,-0.18626538,-0.017935682,0.015817966,-0.13174956,-0.064228036,0.24327064,0.18248433,-0.09305146,0.034851156,-0.08261038,-0.20029134,0.15500371,-0.013436081,-0.15117136,-0.006463982,-0.077887386,-0.10511857
12,-3.6434698,-2.916432,-1.6747274,-0.31189936,-0.5956818,0.18571581,-0.12602638,-1.1113291,-1.0002165,-0.070729285,-0.19693492,0.07991084,18.857008,0.9137294,0.6134886,0.82967746,0.45645487,0.96735144,-0.10264883,0.08822304,-0.6667274,-0.2773916,-0.27579528,0.52645624,0.61095333,0.3286618,0.163707,0.035509832,0.1881299,0.19107544,0.7835009,0.13445258,-0.345901,-0.55911475,-0.3843245,-0.07138489,-0.7146938,-0.24198607,-0.09640169,-0.07160123,-0.22625075,-0.30851835,0.17207807,0.13081661,-0.05677923,0.20025262,-0.25354573,0.24400121,0.0116888955,0.25266445,-0.73234886,-0.32681188,0.0551015,-0.2763171,0.30294293,0.33034608,-0.056847915,-0.15083751,-0.09620117,-0.19490598,-0.4918483,0.25363123,0.24234578,-0.35271692,0.023301449,-0.1817024,0.21500221,0.012066497,0.4247647,-0.14940366,0.047005363,0.07315588,0.029519644,-0.013907194,0.089882955,0.15820599,0.0092745945,-0.09167044,0.11556511,0.19009101,-0.079492755,0.049392372,0.018917184,0.15802534,0.14027432,0.11057767,0.259548,-0.0627501,-0.029875122,-0.0954999,-0.23440635,0.035969947,0.12704831,-0.13470107,-0.04260133,0.1521177,0.078675106,-0.16409723,-0.11960812,-0.010320135,0.067586094
13,1.935129,0.4382642,-0.45572084,0.8559644,-1.4284848,0.6428255,-0.2523794,0.98650616,0.64335823,-0.3919108,0.5140043,-0.49890575,0.9137294,18.095758,0.30845082,-0.11215833,-0.5392922,-0.14406168,-0.38019216,-0.6289246,0.14393646,0.9631568,0.5848002,0.34410995,-0.45999867,-0.65086424,-0.044233184,-0.037802294,0.59004116,-0.55407274,0.20553222,0.7725277,-0.067842185,-0.095525265,0.061999466,-0.21516632,0.14786074,-0.045444127,-0.38391298,0.03046874,-0.062682346,0.20704877,0.158712,-0.27955428,0.1231506,-0.28691876,0.034619614,-0.15538466,-0.07658096,0.014600653,0.060305484,-0.17625067,-0.081140414,0.048385642,0.10979962,-0.017761897,0.1304668,0.21809012,-0.08926469,0.04045681,0.0965334,0.09548913,0.11833535,0.032344338,0.059595637,0.12772459,-0.16719651,0.12263468,-0.0012166854,-0.20006171,0.105698675,0.0036583499,0.03371837,0.06758033,-0.017604,0.013577772,-0.06669214,0.11568801,-0.004447341,-0.17170116,-0.036176834,-0.0640329,0.06975436,-0.046429336,0.015228521,-0.06821211,-0.11271022,-0.13078728,-0.07479186,-0.025784308,0.11894181,-0.070194155,0.05923918,-0.004454022,0.026239796,0.03030362,-0.058153816,0.17517881,0.20863587,0.10243845,0.10890229
14,-0.1729514,1.7021356,-1.3225713,-0.36514413,0.5219233,0.2544812,-0.4830348,-2.2024062,0.20776474,-0.21184799,-0.6107333,-0.30287993,0.6134886,0.30845082,14.290129,0.27989095,0.2729128,0.2375792,0.95102125,-0.35615915,0.27923846,-0.6397619,0.4710145,0.3415134,-0.3172648,0.15164079,0.59677297,-0.17669633,0.1744799,0.24613366,-0.027967567,0.101000406,-0.6388526,0.73697877,-0.25147146,0.26573214,0.5010218,-0.4980833,-0.3655448,0.28693455,-0.10159023,-0.036533885,0.08338493,0.37982756,-0.29576644,0.3002987,0.19000989,0.040704183,-0.3370043,-0.085091814,-0.16958013,-0.12282356,-0.25964475,-0.13583642,-0.054446936,0.048161298,-0.20619355,-0.35258895,-0.09286967,-0.24662532,0.15199268,0.15753432,0.112402365,0.36004218,0.16572559,0.07572518,0.084284574,0.10100128,-0.09207974,0.25254992,0.32775557,0.20921683,-0.10358754,0.05014824,0.07095513,0.015064947,-0.15230455,-0.12681352,0.14659111,-0.06256611,-0.13627055,0.13664931,-0.0066433838,-0.080518335,-0.07852976,-0.06441851,-0.07790311,-0.09227615,-0.05007408,0.068187475,0.1268326,0.15353395,-0.03148689,0.0058897543,0.012793327,-0.045166068,0.022060428,-0.04624991,-0.060325105,-0.07728679,-0.07313624
15,1.9596846,-0.19086757,2.3469157,-1.2820499,0.023172379,-0.81967777,-0.18780135,0.96320534,-0.35736415,-0.05867345,-0.967434,0.83675706,0.82967746,-0.11215833,0.27989095,13.348504,-0.021147259,-0.47189894,-0.2850131,0.59818804,-0.12009152,0.64397645,-1.1876521,-0.54024136,-0.5282687,0.48326212,-0.23720783,0.36560366,-0.3982054,-0.27758914,0.0067077503,-0.18581337,0.4793924,0.024888223,0.031864837,-0.046380866,0.03596787,-0.32097685,0.4828793,0.5031147,-0.25977397,0.07138115,0.17317876,0.33257174,0.1057708,-0.071245745,-0.3430593,0.20059642,-0.13648182,-0.07093836,0.13314167,0.034839027,-0.109144196,0.17749721,-0.054949895,-0.38892686,0.15233359,-0.33658803,-0.11828481,-0.15131533,-0.016701438,-0.1868161,-0.14872654,-0.16015159,-0.23873793,-0.035684153,0.024367716,0.319827,-0.20093611,-0.08336155,-0.10215033,-0.17587543,0.074483156,0.108516045,-0.16493425,0.030668803,-0.06687963,0.20081815,0.120131016,0.029067997,-0.043841075,-0.021310475,0.07454456,0.059915535,0.2690992,0.23674417,-0.1706478,0.002226899,-0.15529549,-0.11492016,0.13096642,-0.1455665,-0.126859,0.018565789,0.041104324,0.09277129,0.046356432,0.020781366,-0.09180486,0.037610773,0.13477045
16,-2.7396855,-0.16431612,-0.47046274,3.0791912,-1.9447513,2.1868293,-0.4532674,0.090894476,1.713961,0.07654405,0.5646465,-0.033941384,0.45645487,-0.5392922,0.2729128,-0.021147259,12.075205,-1.7318575,-0.060023822,-0.51786804,0.21203205,0.27469885,0.21358988,0.2413705,-0.76008147,-0.4434027,-0.1803624,0.03332933,0.10683761,-0.018253222,-0.24277425,0.28765404,-0.47501427,-0.58591366,-0.0034451843,-0.0981773,-0.5718372,0.35800555,0.087034106,0.015228124,0.7510698,0.43884802,-0.3201796,0.5072968,0.092628926,-0.029353438,-0.27858526,-0.059067734,0.27004075,-0.14671803,-0.010390505,-0.08474667,0.29575866,-0.16607824,-0.2419288,-0.22784773,-0.4146975,-0.17138158,0.073638275,-0.061838437,0.05427877,-0.0782869,0.12940295,-0.3099749,-0.13891049,-0.10745626,0.2398485,-0.00348223,-0.17808107,0.060674217,0.17908522,-0.040292926,-0.007925324,0.016305037,0.04393223,-0.0120706605,0.09000228,-0.11734123,0.10717062,-0.15083782,-0.11379804,0.17620619,-0.026785247,-0.085777044,0.011477728,0.10584577,0.057441093,-0.048403636,-0.058679134,-0.13672678,-0.023045128,-0.16119897,0.097707845,0.06468333,0.19717872,-0.007940078,-0.060084984,-0.0056426954,0.0655328,-0.002962233,0.03612011
17,0.6585187,0.36945063,-0.37645912,1.6053362,0.042896885,1.590675,-0.1526621,-0.72007596,1.4890924,-1.1045073,0.3122255,-0.1682258,0.96735144,-0.14406168,0.2375792,-0.47189894,-1.7318575,11.060828,0.6949122,-0.5055522,0.43762466,0.8498372,0.20776913,-0.2918923,-0.07273085,-0.07444223,0.024239652,-0.22067802,-0.20488894,0.26426867,-0.6249062,0.12458931,-0.026667248,-0.8364774,0.20451167,-0.064927116,-0.44686064,0.29767138,0.12577263,-0.35182267,0.4612429,0.2120232,0.05953518,0.42273036,0.54339683,0.088729404,-0.2567602,-0.49791837,0.20530316,0.32804802,-0.09111795,-0.24284641,0.07635036,0.052482318,-0.31892264,-0.34042555,-0.33046192,0.098040685,0.08658367,-0.28936732,-0.05391449,-0.075254716,-0.17574811,-0.02697431,0.12473531,0.097916126,0.13460544,0.20990834,-0.033817552,0.05095442,0.073945045,-0.066986896,0.11467936,-0.055497196,0.00744225,0.053701323,0.1476029,-0.035023637,-0.1589118,0.17244604,0.013687812,-0.02850969,0.020803034,0.048663393,0.0034003677,0.046991404,0.053094283,-0.07610893,0.016216643,-0.041450955,-0.13851684,-0.20958716,-0.20509396,0.21509594,0.06964871,-0.05049579,-0.06825591,0.046582095,-0.0025303517,-0.040122956,0.060841218
18,-2.2991102,-1.1039157,0.545888,0.69423676,-1.7175819,0.95770514,-0.2150265,1.0891917,0.7103255,0.8323597,0.42227048,0.6884271,-0.10264883,-0.38019216,0.95102125,-0.2850131,-0.060023822,0.6949122,9.863015,0.59453845,0.35044283,0.12861064,0.61559147,-1.2352138,-0.10831866,-0.24455163,-0.14646265,0.19493546,-0.057733893,-0.4580816,0.034350388,0.09435769,-0.25216895,-0.23711297,-0.022083795,-0.29897833,0.412008,0.38674486,0.017154675,-0.008193875,0.0432958,0.018409774,0.06284368,0.059775934,-0.28712565,-0.55654013,-0.23343861,-0.12330864,0.13343322,-0.2131498,-0.09345868,0.20295006,-0.2984811,1.8940176e-05,-0.046356127,-0.1156168,-0.1731469,-0.13785496,-0.38346195,0.25710577,0.04716885,0.003456363,0.22327183,0.013428258,-0.15459624,-0.04922804,-0.1668247,-0.06003666,-0.111926295,-0.23423272,-0.191823,0.049357086,-0.15320086,-0.15099314,-0.17565045,0.0064783096,0.26347128,-0.0040910793,0.14424509,-0.16535205,-0.056303,-0.15084761,0.083361566,-0.06114673,-0.009919516,-0.13142008,-0.15424772,0.10172372,-0.029412009,-0.14755023,0.07852478,0.06712744,0.0068394025,-0.00020211798,0.13347146,0.114961624,0.059184432,-0.027549181,-0.01986397,0.1084065,-0.06374126
19,-1.2553177,0.5935031,-0.15884206,0.4408414,0.69703776,0.548822,-0.10795975,0.39408267,0.6353268,0.08347433,0.2911195,-0.85422754,0.08822304,-0.6289246,-0.35615915,0.59818804,-0.51786804,-0.5055522,0.59453845,10.767406,0.09903306,-0.15200698,0.7140454,0.28562367,0.11374651,-0.42536533,0.50082654,-0.056940548,-0.17087546,-0.024033958,-0.3466972,0.3829838,-0.37467444,-0.0521524,0.15478022,0.14973083,-0.36492324,-0.13655786,-0.24711293,0.015924934,0.302687,0.3477981,0.066755354,0.2676044,0.105534524,-0.08622077,-0.3350389,-0.045225114,-0.15862906,-0.18703434,-0.06594482,-0.3359379,0.14449534,-0.12144932,-0.090216115,0.23349363,-0.04582689,-0.08748686,-0.058735058,-0.11680052,0.04292793,0.05299911,-0.0077257995,0.27220157,0.08881229,0.13382632,-0.092746824,0.0448533,0.097773656,-0.20176655,0.17864868,-0.11980578,0.15569016,-0.056709044,0.25992358,-0.09336456,-0.17410606,0.042716272,-0.020155177,0.047455788,0.07981555,0.082818225,0.15637681,-0.052795283,-0.03251852,-0.10736701,-0.0015884844,-0.21748757,0.020274356,0.04804592,0.07094768,-0.097197756,0.022109536,-0.01955336,-0.071301036,0.114135854,-0.0046464074,0.043129604,0.079869,-0.0352344,-0.08669289
20,-0.24205653,-1.191172,-0.3460191,-1.1311979,-0.2298018,-1.6430403,-0.6982645,0.08444047,-0.047758117,-0.11989544,0.0551605,0.08260076,-0.6667274,0.14393646,0.27923846,-0.12009152,0.21203205,0.43762466,0.35044283,0.09903306,10.04049,0.26543644,-0.58492064,-0.6106541,0.22926073,0.031663693,-0.1571683,-0.05843368,-0.16705196,0.279545,0.9583898,-0.19616863,0.27134085,0.35022444,-0.06902465,-0.15630083,0.3517276,-0.081911534,-0.1142952,-0.039937675,0.100459814,0.25574595,0.071546346,-0.057864998,-0.19632904,0.19635442,-0.4907621,0.16696766,-0.054345943,0.06380047,0.09351596,-0.00045073387,0.20943116,0.0031609044,0.22005129,-0.17180014,0.07420513,0.10846463,-0.1426206,-0.18640974,0.05720074,0.22258893,0.045358673,0.01230788,-0.08435769,-0.05778902,-0.11295207,0.049097694,0.023787128,0.014606796,0.09335098,-0.0072993524,0.095511876,0.28084347,0.010025006,0.27390754,-0.05837012,-0.073088765,0.15036762,0.07321959,-0.14482138,0.1040933,-0.008796601,-0.0004240231,0.00094122696,0.07221104,-0.16950631,0.021151599,0.13232134,-0.15396571,-0.2033911,0.053196743,0.12295982,0.10488484,-0.079180464,0.071261145,-0.2301929,-0.02969081,-0.019649653,-0.120627314,-0.03327173
21,-5.494918,-0.71057695,0.2891064,-0.52093554,1.1634799,0.0765443,-0.6359285,-0.9396799,-0.2337186,1.3450747,-0.45017737,0.23738453,-0.2773916,0.9631568,-0.6397619,0.64397645,0.27469885,0.8498372,0.12861064,-0.15200698,0.26543644,8.655606,0.20372939,0.83144563,0.32485542,0.25823778,0.034340724,0.51702356,-0.14510638,-0.39356834,-0.029879067,-0.15337484,-0.6787928,0.045054995,-0.05725592,0.45474353,-0.1441967,0.026835322,0.037709214,0.27056214,-0.030197974,-0.09154579,-0.053736806,-0.07750639,-0.34146908,-0.29984677,0.18456677,0.44136128,0.24170339,-0.43296295,-0.18470259,0.3237499,-0.18347403,-0.071254894,-0.10054918,-0.17084436,-0.16643709,-0.37606704,0.32324857,-0.14342906,-0.036774546,0.034035172,-0.29167438,0.11902053,-0.15622066,0.028601553,-0.1176067,-0.23758373,-0.019238647,0.11911801,0.030805573,0.06038197,0.05250488,-0.25190857,0.19851893,0.068972595,0.20344335,-0.045953825,-0.13293174,0.05681622,0.32381028,0.10751281,-0.05566466,-0.045888662,-0.01299748,-0.06352711,-0.15032446,0.12935059,0.09378144,0.016242178,0.10586481,0.0946016,-0.05590131,-0.18638456,0.0015594206,0.0058309874,0.033229187,-0.08062747,-0.10193728,-0.075083114,-0.010162154
22,1.8984054,-0.7445451,2.2482328,-1.1524346,0.8395121,-2.265759,-0.039503045,-0.17710306,-0.7871271,-0.18564543,-0.56187433,0.19414485,-0.27579528,0.5848002,0.4710145,-1.1876521,0.21358988,0.20776913,0.61559147,0.7140454,-0.58492064,0.20372939,8.8861475,-0.4657557,0.18582566,0.7593543,-0.034872383,-0.1646509,0.11009927,0.0067454483,0.3277488,-0.29733977,-0.012828888,0.33973944,-0.37400275,-0.13804492,-0.07394676,-0.33936492,0.27709308,0.24874488,-0.008022519,0.0059254216,-0.24742454,0.03849431,-0.01847535,0.12656361,-0.14271945,0.37300375,-0.1947692,0.09203304,-0.053140633,-0.14848657,-0.00038398214,0.13575459,0.28846896,-0.1412938,0.17182171,-0.06577608,0.14958042,0.018913714,-0.121130064,0.156649,-0.28012997,-0.2178572,-0.002237496,-0.1752389,0.25998777,0.11332637,-0.061741807,0.19920272,-0.11831116,-0.19563714,0.0035395871,0.048905604,0.012574768,-0.07872694,0.06704482,0.046591595,0.10099901,-0.06271665,0.015040982,0.050579436,-0.08788997,0.0068662083,0.07989381,-0.0029480322,0.119737,-0.0861579,-0.08245388,-0.017761145,-0.09012151,-0.087577626,0.012622595,0.07664054,-0.039954785,-0.003808496,-0.09631511,-0.055486612,0.045249477,0.01987692,0.10289548
23,-0.721835,-0.7996057,1.3297558,0.029398086,0.30858997,-1.9199271,1.5995421,1.0011706,0.8607198,0.06865322,0.2610988,-0.8697532,0.52645624,0.34410995,0.3415134,-0.54024136,0.2413705,-0.2918923,-1.2352138,0.28562367,-0.6106541,0.83144563,-0.4657557,6.905719,0.58164805,0.37729755,0.2809437,-0.10089913,-0.29947853,0.34467095,-0.11502607,-0.41685233,-0.11507354,0.15016888,0.18886243,-0.06364255,0.44971448,0.13348089,0.3438809,0.034490813,0.43408838,-0.12257646,-0.17702848,0.18013287,-0.018351873,-0.120293826,-0.07950644,-0.02575687,0.046292417,0.047631033,-0.07418546,-0.054679245,-0.1254167,0.08738367,0.13213506,-0.1908195,-0.24853003,0.26574147,-0.42556638,0.08570088,0.08844447,-0.044305615,0.10708512,0.06501746,0.119534105,-0.09522333,0.088143766,-0.13093095,0.12256635,0.008263436,-0.13272762,-0.17307188,0.111500576,0.047198165,0.0004966642,-0.13671991,-0.01399195,-0.08934063,-0.06353545,0.0060469527,-0.11377831,0.092079766,0.085080534,0.07372616,-0.035778143,-0.05702793,-0.13621414,-0.045376092,-0.0151941385,-0.04633802,-0.12057305,-0.11481993,0.032414857,0.08856924,0.052532606,0.0915132,0.010812945,-0.0058531063,-0.10205004,-0.1963684,-0.04089591
24,1.1310029,0.14082374,-1.1821657,0.89787143,-1.6924484,0.61581063,-0.36498207,0.3074973,0.10213115,0.004729399,-0.5873891,0.2602857,0.61095333,-0.45999867,-0.3172648,-0.5282687,-0.76008147,-0.07273085,-0.10831866,0.11374651,0.22926073,0.32485542,0.18582566,0.58164805,7.264966,-0.054781936,-0.014866661,0.13445815,0.46941137,-0.45993435,0.30386716,0.15998767,0.32833934,-0.08717934,-0.031483777,-0.33695883,0.23690988,0.25315022,0.17785013,0.49106735,-0.06446786,0.07437598,-0.10837272,0.29547542,0.39541426,0.11987695,0.23020634,-0.22193067,0.041608717,-0.013747189,0.12908661,0.3116166,0.06897445,-0.122636825,0.007388075,0.0042822836,0.095917866,-0.19645569,-0.04855305,-0.05950975,0.14333382,0.22013551,-0.01625242,-0.082682155,-0.21180685,0.037896454,0.045509867,0.028044522,-0.27393878,-0.012839012,-0.01629768,0.21465671,-0.22575587,0.10200697,-0.119798034,-0.0054147537,-0.104056105,-0.043170568,0.035963193,-0.039829254,-0.08660356,0.03203101,0.0580898,-0.045875177,-0.096896276,0.1881198,0.058021557,0.06052009,-0.15866178,0.07873621,0.0697456,0.052310906,-0.066351905,-0.0672846,0.13504979,-0.016611844,-0.11664302,-0.072105974,0.02016886,0.023115702,0.032804992
25,-0.81870735,1.244647,0.31895396,0.3069417,-0.0685039,1.2206378,-0.41078925,0.44143507,0.90318215,0.30476224,0.24511445,-0.32476413,0.3286618,-0.65086424,0.15164079,0.48326212,-0.4434027,-0.07444223,-0.24455163,-0.42536533,0.031663693,0.25823778,0.7593543,0.37729755,-0.054781936,6.999325,-0.24582264,0.10143064,-0.03910069,0.09093077,-0.1937218,0.16420767,0.09472151,0.008067252,0.20097364,0.060974814,-0.14852282,0.3033405,-0.31705153,-0.0472612,0.083562665,0.22968686,-0.033073086,-0.32142222,-0.20473844,-0.11285326,0.037688658,-0.24593222,0.07096279,-0.0006776379,0.24072117,0.031073293,0.042922735,-0.19306484,0.07458141,0.0372961,0.04982426,-0.12342526,-0.17305848,0.103136174,-0.01965987,0.019075286,0.13913977,-0.051895075,0.23806614,-0.04558491,-0.13110738,-0.018346863,0.0599038,-0.008830448,-0.008476039,0.059821494,0.15944913,0.06016942,-0.13494036,-0.121942654,-0.07093635,0.05184212,-0.043447226,-0.09489915,-0.049254037,0.0043789465,-0.07293831,0.06521852,-0.023916395,-0.06359161,-0.06211734,0.011115156,0.055984505,-0.08687423,0.008511036,-0.05027982,0.07295717,-0.002566435,-0.01577121,0.039094914,-0.028342593,-0.09418134,0.02684783,-0.008438677,-0.057638764
26,-1.0461226,-0.86692834,0.786747,0.16746524,-0.64397734,0.45695496,-0.6434903,0.2524834,-0.23457095,-0.19954382,0.5045006,0.07144597,0.163707,-0.044233184,0.59677297,-0.23720783,-0.1803624,0.024239652,-0.14646265,0.50082654,-0.1571683,0.034340724,-0.034872383,0.2809437,-0.014866661,-0.24582264,6.643109,0.06784625,0.31101948,-0.0029638922,-0.18602021,-0.08164606,0.34050453,-0.005313254,-0.10184395,0.16762176,0.16889156,0.09865393,0.11198187,-0.058956802,0.05004181,0.36117798,0.0306732,-0.28117716,-0.15740636,-0.19626634,0.22271451,-0.17396976,-0.05162988,0.10851164,0.1714027,-0.012620575,0.060333326,-0.011238752,-0.04750237,0.025572632,-0.018702362,-0.12963891,0.1292493,0.15269867,-0.009214144,-0.09138729,-0.073252246,-0.19904089,-0.16616178,0.021284606,-0.023537435,-0.05544334,-0.091384776,0.049867466,0.027274782,0.0037013404,0.11407901,0.08868222,-0.04962978,0.16966084,0.028833184,-0.15985191,-0.021746406,0.015436772,-0.044750907,-0.04403042,-0.18842152,0.17095506,0.003060795,0.064474195,-0.07137601,0.1573152,-0.085926555,-0.077035,0.025249235,0.091101006,0.004626522,-0.08313509,-0.09328857,0.15333569,0.036084715,0.0076484373,0.1166818,-0.008303504,-0.01037477
27,2.046443,1.440702,-0.22465587,0.3563285,0.5026779,-0.5506793,-0.9005539,-1.3710607,0.5746659,-0.77391243,-0.12695277,0.6597949,0.035509832,-0.037802294,-0.17669633,0.36560366,0.03332933,-0.22067802,0.19493546,-0.056940548,-0.05843368,0.51702356,-0.1646509,-0.10089913,0.13445815,0.10143064,0.06784625,5.909861,-0.018326811,-0.20238693,-0.46167162,0.36503813,0.34372407,0.1643832,-0.11878613,-0.10900679,0.44634238,0.08687299,-0.112541996,-0.25325388,0.33743966,0.14516528,0.25506765,0.07256526,-0.03816686,-0.026354969,-0.16753003,-0.21875831,-0.04965523,0.25664014,-0.13852341,-0.1824454,0.2412701,0.03418751,0.22728549,-0.04189387,-0.039337546,-0.089160144,0.20040613,0.16699135,0.21157253,0.11871904,-0.13124739,0.21450646,0.15048243,0.07821129,0.114265755,0.16553745,0.05045332,-0.060884543,-0.004043049,0.004947403,0.04313142,0.003841089,0.2082695,-0.09543602,0.006309773,0.08119168,0.000480952,-0.04945837,-0.049603358,-0.053002663,-0.028022036,-0.09615584,-0.04997994,-0.082323626,0.11019021,0.10021758,-0.07081165,-0.0095093595,-0.111030355,0.061257057,0.07032187,0.0077975504,-0.047497608,-0.02620908,0.04507281,0.032669604,-0.04122047,-0.113700286,0.03616578
28,1.0446073,1.2511239,0.65405333,-0.14627767,1.1582375,0.99163043,-1.0039392,1.6690121,-0.10268675,0.80648315,-0.26311895,0.1418091,0.1881299,0.59004116,0.1744799,-0.3982054,0.10683761,-0.20488894,-0.057733893,-0.17087546,-0.16705196,-0.14510638,0.11009927,-0.29947853,0.46941137,-0.03910069,0.31101948,-0.018326811,5.0675716,0.51830435,-0.21621144,-0.12735292,0.6229623,0.12671098,0.64590216,0.22884926,-0.48414963,0.24681275,-0.20056477,0.10913045,0.30027306,-0.0949165,0.047567055,0.15828973,-0.05156064,0.24473451,-0.2974962,0.14619522,-0.097694315,-0.28359205,0.11100468,0.20365307,0.15863472,-0.039253443,0.047036428,-0.033168867,-0.07672697,-0.16709946,0.05192391,0.052811228,-0.08343704,-0.16221252,0.07980984,0.20659596,-0.14452872,0.043135166,-0.013300877,0.13927253,0.13167526,0.09498903,-0.17027557,-0.06284458,0.1347793,-0.14392725,0.11743282,0.020024616,-0.009395789,0.15058392,0.12654403,-0.05475036,0.06761613,-0.005816501,-0.11053006,-0.0072603356,0.040331952,0.018012721,-0.063641,-0.03108621,-0.07915877,0.061656766,-0.11014012,0.0689537,-0.04256154,-0.014501495,0.11330181,-0.022723503,-0.09691568,-0.003799716,-0.17784555,-0.010511443,-0.046470687
29,-1.1829835,-0.9106425,-0.33811808,-0.57036114,0.07739818,-0.85292953,-0.7427776,0.29930973,-1.2972267,0.48140937,0.3134783,0.43319553,0.19107544,-0.55407274,0.24613366,-0.27758914,-0.018253222,0.26426867,-0.4580816,-0.024033958,0.279545,-0.39356834,0.0067454483,0.34467095,-0.45993435,0.09093077,-0.0029638922,-0.20238693,0.51830435,5.1923614,-0.18510517,0.19810444,0.41994026,-0.018700883,-0.105826445,0.23697753,0.22864687,-0.0070129638,0.02063169,0.0964629,-0.1493668,0.06461268,0.14597213,0.2225332,0.34108424,-0.033143375,0.06351501,-0.09350686,0.041790947,0.1344104,-0.06489432,0.029805489,-0.10419224,-0.019528763,0.11803992,-0.17593028,-0.12095875,-0.22871947,-0.047998063,0.0969341,0.11805779,0.27694803,-0.22656958,0.058747146,0.006215176,0.16186674,-0.18723497,-0.14470449,0.050147574,-0.12823322,0.0372312,-0.036522746,-0.03242954,-0.023512345,0.049434073,0.052798793,0.13663757,-0.090644136,-0.036869876,-0.03611834,0.14572182,-0.013381731,0.082447514,-0.14734386,0.039233137,0.11599952,-0.09309394,-0.046967477,-0.012689605,-0.054415748,0.14708632,-0.14375573,-0.043258578,0.0006960521,-0.0380658,0.032926753,0.07433297,-0.0036787433,-0.000527087,0.12356394,0.07843388
30,-1.1805782,0.7880989,0.42979133,0.38857812,1.2736542,0.30104047,-0.47801775,-0.17299257,-0.10630941,0.32307932,0.13909589,-0.56856716,0.7835009,0.20553222,-0.027967567,0.0067077503,-0.24277425,-0.6249062,0.034350388,-0.3466972,0.9583898,-0.029879067,0.3277488,-0.11502607,0.30386716,-0.1937218,-0.18602021,-0.46167162,-0.21621144,-0.18510517,4.840741,0.0018855224,-0.13948801,-0.15581521,0.36387095,0.068590164,-0.10516974,0.010775063,0.36738068,-0.108890526,0.4178387,0.07121426,-0.03837401,0.34546655,0.17178528,-0.07006912,0.13206255,-0.14121544,-0.11188157,0.08065374,0.11759876,0.016966034,0.13665128,0.05581812,-0.07695159,0.11949493,-0.081075445,-0.11055751,0.1794942,0.08767545,-0.011719037,-0.22875644,-0.2162961,0.017419223,0.016965596,0.11710589,-0.010147346,0.1027766,-0.024473319,-0.00030151263,-0.0278278,-0.09790167,0.102580905,-0.1461675,0.11762701,-0.16970742,-0.07285547,-0.068277106,-0.11037886,-0.027044203,-0.026906524,-0.092054665,-0.008791544,-0.019619953,-0.04165419,-0.0747083,-0.034080256,0.07522681,-0.0748366,0.09294523,0.18829532,-0.024418069,-0.05973263,-0.0052037667,-0.10056427,0.1271936,0.08997946,0.012445722,-0.09957293,0.011666311,-0.0028304039
31,-1.055341,-0.39568105,0.1682467,-0.88395786,0.6620264,-1.4137161,0.31142783,-0.35566375,-0.46480814,0.19938347,-0.18653503,0.20645088,0.13445258,0.7725277,0.101000406,-0.18581337,0.28765404,0.12458931,0.09435769,0.3829838,-0.19616863,-0.15337484,-0.29733977,-0.41685233,0.15998767,0.16420767,-0.08164606,0.36503813,-0.12735292,0.19810444,0.0018855224,5.2225275,0.26310965,0.081829205,0.056078322,0.027712556,-0.10957777,0.06507295,0.119956926,-0.022486031,-0.123355374,0.076456,-0.23987803,0.19207403,-0.026074644,0.15373126,0.1711362,0.058655865,0.100865096,-0.022144102,-0.03634291,0.0695725,0.16626433,-0.08375171,-0.2757514,-0.0009892485,-0.059722655,0.04449156,0.008265601,0.037836663,-0.08982346,-0.08363712,-0.040075116,-0.018804308,0.039188124,0.0028831777,-0.12706785,-0.057386816,-0.021977328,0.0034838659,-0.1512754,-0.020960608,-0.030060321,-0.009469986,-0.03624616,0.04457514,-0.06018834,-0.029561974,-0.13845968,0.1135063,0.020166144,0.028347235,-0.07894887,0.0064737825,-0.0500615,0.10082738,-0.10965576,0.08725436,0.0800062,0.00955066,-0.09259668,0.03002817,0.08030726,0.068387255,0.070907,-0.004461799,0.0089198705,-0.0372914,-0.017459702,0.018172543,-0.0606061
32,-3.128782,-1.679102,0.21059453,0.5017479,-0.38173926,0.56291354,-0.45278335,-1.0984628,0.45135936,0.3565765,-0.14914094,-0.74607277,-0.345901,-0.067842185,-0.6388526,0.4793924,-0.47501427,-0.026667248,-0.25216895,-0.37467444,0.27134085,-0.6787928,-0.012828888,-0.11507354,0.32833934,0.09472151,0.34050453,0.34372407,0.6229623,0.41994026,-0.13948801,0.26310965,3.7913802,-0.07866642,-0.2157057,-0.43668038,-0.24210612,-0.13723816,0.0901272,0.0063139987,0.19667596,-0.079273835,-0.19374037,0.0889675,-0.31553176,-0.07271692,-0.25056177,0.45062703,0.14384213,-0.07176748,-0.20246708,-0.2136595,-0.22288871,0.03768868,-0.05681724,0.12374617,-0.12714942,0.06382033,-0.0649879,-0.06605427,-0.0703405,0.053602953,0.033109114,-0.2412658,-0.105070494,0.082272574,0.02547519,0.0073885163,-0.13496625,0.12961094,0.042957548,-0.15536791,-0.06911428,-0.12298748,-0.010046094,-0.069126114,0.0393089,0.07007882,-0.013024583,-0.10793695,-0.072988436,0.058573432,0.054076087,0.001093122,0.06380889,-0.17853495,-0.0015567478,-0.011979647,0.055758495,0.06333809,0.13628411,0.030119263,0.0025289622,0.033654533,-0.008366054,0.0021967157,-0.048397575,0.012707368,0.096205086,-0.05775229,0.022431262
33,-0.831357,-0.43001997,-0.6675748,1.0265384,-0.92942363,1.6282482,0.29584277,0.10526399,0.5702232,0.21621346,0.10988468,-0.15594107,-0.55911475,-0.095525265,0.73697877,0.024888223,-0.58591366,-0.8364774,-0.23711297,-0.0521524,0.35022444,0.045054995,0.33973944,0.15016888,-0.08717934,0.008067252,-0.005313254,0.1643832,0.12671098,-0.018700883,-0.15581521,0.081829205,-0.07866642,4.491436,-0.2481893,-0.2674492,-0.532752,0.17353666,0.04486176,-0.21751365,0.047398973,0.017373653,0.19793499,0.1383955,0.33043915,-0.09169401,-0.017770492,0.045885034,0.038480356,0.19884571,-0.1751863,-0.072144315,-0.00636039,0.161668,-0.13397026,-0.18663275,0.028572101,0.10385877,0.019133063,-0.14425448,-0.05552627,-0.11299398,-0.2039124,-0.18301924,-0.088215314,0.09513211,0.04799441,-0.02317926,-0.01585914,-0.0032498476,-0.04815182,0.014517492,-0.013237417,0.03792105,0.05107177,0.013220375,0.015165487,-0.011631127,-0.10060956,0.16461444,0.09736576,-0.08037656,0.014824625,0.011943551,0.02146903,0.06964843,-0.002206511,0.06650769,-0.012811026,-0.03632868,-0.04541319,-0.07914024,-0.062179536,-0.041865878,-0.0042787576,-0.11080825,0.038598847,-0.1407195,-0.0015015955,0.021858219,0.0044108885
