,0,1,2,3,4,5,6,7,8,9,10,11,12,13,14,15,16,17,18,19,20,21,22,23,24,25,26,27,28,29,30,31,32,33,34,35,36,37,38,39,40,41,42,43,44,45,46,47,48,49,50,51,52,53,54,55,56,57,58,59,60,61,62,63,64,65,66,67,68,69,70,71
0,138.90692,-95.55143,-18.812523,3.259578,16.780155,-10.265343,16.788975,15.992415,-5.4766483,-6.319906,3.4344049,0.4696554,1.1530225,5.6904955,-7.9601946,11.507229,0.033929422,0.3497877,8.071865,3.3672135,-1.9558656,-1.0201292,-3.233149,-6.6362395,3.0002189,-4.131299,2.1942315,3.3819325,-1.699532,4.249586,5.7029676,0.77984834,3.837705,-2.0686765,1.4500837,-0.11535542,-1.3307023,0.8770071,-2.1894817,-3.8644989,-1.7418253,1.876626,-3.2213478,0.13624069,-0.333781,-1.2690613,-0.21922046,1.4187968,-1.1721287,-1.2783773,0.25118297,1.7145509,-0.07848804,1.3861995,-2.7290883,-1.2042711,-1.0609348,0.20144835,-0.5974655,0.8188463,-0.90086496,0.73833776,0.19965166,-0.37636167,-0.11657108,0.15781373,0.34604195,0.3779201,0.089156955,-0.4773605,-0.16283715,0.39118165
1,-95.55143,165.91571,-44.629906,-11.622729,-8.015814,-4.044384,-4.052676,15.031464,-0.57906884,-2.3515458,-1.5477974,-6.9940267,0.35052082,1.1881362,6.8557267,-6.4392085,-0.28938824,2.9461946,-1.962052,-1.7036467,1.3354547,-1.9514817,2.64401,5.3638744,1.4111621,-0.8587867,1.5533645,7.0078964,0.18078294,-0.14374039,-1.7203939,-2.6675687,-2.350796,4.6108284,3.2982392,1.922776,1.2198617,-1.414448,-0.029509563,1.7592443,1.361443,-2.1586783,-0.73646104,0.84517044,-1.2760763,-0.19045049,0.38246906,-1.4288079,-0.15150529,1.1136814,-0.10344754,-0.24446474,0.10018984,-1.9232832,0.09861778,0.86423904,-1.2032778,0.45084387,-0.022851566,-1.0024416,-0.19506833,-0.41680187,-0.7717997,-0.16273597,-0.6088846,0.5984576,-0.5449578,-0.10135185,0.21607968,0.44825357,-0.39809388,-0.3820948
2,-18.812523,-44.629906,100.3485,-16.947903,-7.1261473,-0.95150477,-17.06826,-5.7163134,3.5595367,-0.889058,-6.8915596,6.139222,2.584241,8.228692,12.607712,0.5168123,5.597716,-2.3379822,0.40941983,-1.5292163,2.914847,-2.4787178,0.8491391,1.3941193,-3.3316603,-0.819105,-3.2313313,-0.6624,-0.85468775,-2.1220026,-3.4101753,2.8696434,-2.082313,-1.1734713,-0.60482883,-0.36614802,1.320224,0.63072884,-0.43584144,0.083381616,-1.6605145,-1.0665514,1.1270235,0.3588571,-1.0994267,0.61723113,-0.14265831,0.02483492,-0.44169486,1.1419364,-1.6502068,-0.14282241,0.23211679,0.56792027,1.5238373,0.03955593,-1.5577826,-0.28667635,-0.9578397,0.5326493,0.7835448,0.32502544,-0.13777107,1.0440688,-0.40258387,-0.61688954,-0.114752516,-0.5545651,0.33654064,0.33003426,0.39367115,0.061898865
3,3.259578,-11.622729,-16.947903,71.153885,6.8947268,-0.29145145,-7.3509755,-13.572624,1.5108279,2.0492687,-6.4860983,8.050473,1.0238931,-3.6960196,-3.8978534,1.9642675,-1.3486056,5.332412,-2.9908876,-1.5280433,1.20893,3.2690806,1.8240482,0.7190796,1.4674447,-0.1565592,-1.8144708,5.243987,3.044045,-2.9609752,-1.1761311,-2.3412862,1.1268209,-0.78324145,-0.5771183,1.1634572,0.0504001,-0.9823396,-1.263623,-1.4151644,-1.0326512,-1.2243032,0.26552615,0.6729953,0.44199163,2.5589178,0.60625696,-0.47482172,-0.014027347,0.9571095,1.1604052,1.2182499,-1.548127,0.59562737,-0.385289,0.56430995,-0.061602976,0.7290808,-0.6572226,-0.66544724,-0.21686527,-0.2696259,-0.073769934,0.1352427,-0.55495363,0.15311003,0.2644789,0.81787896,0.18741363,-0.6025597,0.2244558,0.2173278
4,16.780155,-8.015814,-7.1261473,6.8947268,42.78415,-0.30295068,19.815062,2.525762,8.456198,-3.8026505,4.4418364,10.008124,-0.8889986,4.5898533,2.8900979,0.23672453,0.07423547,1.068636,-1.7144114,-2.5365944,5.0756655,2.6985066,-4.5172963,2.8480554,1.2687956,0.6538243,-1.3410705,-0.8375342,-3.0835943,1.3667961,-2.1174068,0.10665625,-1.7625859,-0.009744281,1.1909794,1.0136883,0.97207594,-0.34565198,-0.23055366,2.0552278,0.87040275,0.24325475,-0.60870326,2.0770893,0.5417149,0.5582667,-0.15719095,-0.7323415,-0.7828588,0.5841723,-0.22638585,1.1156535,-0.16159768,-1.3403738,-0.07260151,0.2730502,-0.09364346,0.45611656,-0.19099283,0.17649832,0.43332785,-0.067950115,-0.44399083,0.14188886,0.062068336,0.21892253,-0.24896203,-0.11753543,-0.35927153,-0.12727305,0.30407548,0.23419228
5,-10.265343,-4.044384,-0.95150477,-0.29145145,-0.30295068,37.513626,0.9499595,-7.8423195,8.815497,4.8991733,-1.0508968,-10.55484,-3.0612268,-2.6486032,2.5524511,-0.47332138,-0.6126503,5.142923,3.6120052,1.0692017,0.88214755,-1.606837,-5.145815,-0.9989221,-0.6740408,3.9423647,1.8284699,-0.62688553,-0.06562069,-1.4317557,-1.2161448,2.1085773,0.10512297,0.21308446,1.1636248,-0.7344935,1.4244101,0.5334611,-0.90199834,-0.3333441,0.51597106,1.6121361,0.58099484,-0.032993987,0.002680935,2.001822,-1.0183508,0.021640988,0.5154398,-0.42593664,0.060742587,0.50597537,-0.71609354,-0.4747702,-0.36447126,-0.25979406,0.06560524,0.54066896,0.7969984,0.20520562,-0.0049408427,-0.17037071,0.38078746,-0.016964007,0.009614319,-0.27043715,0.78958356,0.08229919,-0.59796584,-0.20728229,0.6444316,0.7881658
6,16.788975,-4.052676,-17.06826,-7.3509755,19.815062,0.9499595,38.663857,-2.255704,-1.5444806,7.3870754,-2.0031817,-1.3835742,3.8438892,3.4586797,3.0398808,0.86812687,0.14599723,0.22932053,1.1562808,0.10305622,-2.0069704,0.095010564,-0.28623664,2.882462,0.9797598,0.035575926,2.4990005,-0.61160517,0.15214041,1.1436491,-0.55232346,-0.80221665,-0.94304115,-1.6465068,1.6448357,-1.4748107,-0.45927387,0.5387497,1.678863,0.6601849,-0.18447927,0.4724577,1.4153819,1.3306007,-0.060141712,-0.28998092,1.0386783,0.69466305,0.9337852,0.53069067,-0.5433389,0.57221365,0.49202666,0.2976504,0.90373266,-0.11461425,-0.10389496,-0.6453885,0.5727588,-0.43168885,0.33908564,-0.1036846,-0.5814306,0.058394805,0.80845183,0.7749839,-0.2438969,0.085065216,-0.29750296,0.16785306,0.3039987,-0.84703505
7,15.992415,15.031464,-5.7163134,-13.572624,2.525762,-7.8423195,-2.255704,31.994444,0.5914457,-1.4403268,-0.32933447,0.9510999,-7.9672194,-3.1248927,0.50656575,0.88543177,0.65576863,-3.204214,0.12179333,0.4686118,-1.2502494,-0.6377783,-0.4579796,0.6803259,-0.034848295,-0.79401636,-1.2242594,2.9049964,-2.2692251,-0.17164774,1.628418,0.8105322,0.81985587,-3.1236634,0.36019292,-0.14970674,0.70218885,-0.81298023,-0.97230816,0.7264068,-1.5002198,1.5308167,-0.3489731,0.36201698,-0.4094177,-0.7494024,-0.18818443,-0.5057164,-0.78870916,0.35180622,0.18133281,0.9341655,-0.37840438,0.04859896,-1.3021077,0.17097223,-1.1651535,0.68444425,-0.8404253,0.40227503,-0.35111248,-0.33798504,-0.29429686,1.1827855,0.1291438,0.2548672,-0.03527174,0.061542414,-0.3771088,0.06767926,0.08149359,0.123416945
8,-5.4766483,-0.57906884,3.5595367,1.5108279,8.456198,8.815497,-1.5444806,0.5914457,42.087406,-0.57864094,3.7815351,-1.6372037,-2.6997027,2.689011,0.0631755,-0.6498637,-0.530144,-4.6952868,0.077877775,-1.8012574,-0.74961996,0.11781928,0.8902152,0.29560655,2.2575297,-1.1899784,0.037605383,0.42780545,-2.3959274,-2.1637714,0.980469,-1.2108463,0.20914595,2.7122383,-1.099654,-0.75263107,0.18490899,0.0021070035,-0.5662476,-1.1866851,-1.1233252,-0.31529596,0.87237537,-0.56535757,0.5308551,-0.5505896,-0.67126274,0.028433453,-0.06392577,0.19167042,0.30860385,-0.055420414,-0.8851627,0.47446108,-0.19955322,0.23476765,-0.015648454,0.023563094,0.32397723,-0.66762453,0.8924037,0.27764454,-0.3071022,0.115607254,1.2774371,0.3604229,-0.13818735,0.047057368,0.2348298,-0.7526486,-0.095864296,-0.2175903
9,-6.319906,-2.3515458,-0.889058,2.0492687,-3.8026505,4.8991733,7.3870754,-1.4403268,-0.57864094,32.411465,-4.083056,5.1883717,-1.4370255,0.8752204,-2.4124012,-0.677631,3.262671,-3.7353148,0.33981717,3.194343,0.24074519,-3.4962616,-1.1414144,1.4926258,-0.31675485,1.3321137,0.9006778,0.5300329,1.5055885,-1.7941707,0.5123869,-0.34043005,-0.26703888,0.35914284,-0.2516265,-0.26713255,1.0312955,-1.030385,-0.10792822,-0.13354833,0.7125716,-0.09293911,0.4685333,-1.5370733,-0.08705814,-1.1846919,0.48618814,-0.404252,0.061998047,-0.46726382,0.30796018,-0.9036443,-0.0005616364,-0.31993768,-0.6659092,0.63970405,-0.25233483,0.1433375,0.2955268,0.15562901,-0.42044097,-0.1111988,-0.4251083,0.48907638,-0.10417133,0.008950042,-0.004292833,0.18502367,-0.5111174,0.09219914,-0.30203754,0.009802096
10,3.4344049,-1.5477974,-6.8915596,-6.4860983,4.4418364,-1.0508968,-2.0031817,-0.32933447,3.7815351,-4.083056,26.27919,5.047696,-1.399241,1.0467002,-1.6457608,-0.34815198,1.5226846,1.0717753,0.26808557,0.8131896,-3.0839024,-1.3636172,-0.005758465,-1.2315233,-1.4813414,0.9200157,0.37017772,0.98432463,2.8598628,-1.2413609,-1.6288264,0.8287481,0.4245237,0.4257552,-0.43715966,-0.23839353,0.8048295,0.31255358,0.63501394,-0.009870043,0.73378855,0.025663152,0.12892863,-0.22676206,-0.22252935,-0.42958647,-0.20567507,-0.76304126,0.7858494,0.03153442,0.27573645,-0.28729606,0.6532501,0.17841694,0.39306426,0.09075755,0.08861802,0.3106988,0.2591792,0.14807534,-0.23125944,-0.15701458,0.26883435,-0.40020612,-0.20829684,-0.32630402,0.11564186,-0.22555688,0.17118104,0.15347356,0.16991891,-0.065275416
11,0.4696554,-6.9940267,6.139222,8.050473,10.008124,-10.55484,-1.3835742,0.9510999,-1.6372037,5.1883717,5.047696,18.918856,-0.55890834,-2.490427,5.0613556,-3.0452104,-1.8731542,0.641446,0.08075486,0.9814034,0.4521522,-0.37722552,0.6040022,0.22734502,0.0010516533,0.35377944,-0.24648383,-0.38698643,-0.43400556,-1.1419173,1.0869064,-0.063485146,-0.92921233,0.927467,-0.37707314,0.80959344,-0.38040736,-0.8272723,-0.4366038,0.6811372,0.6762202,-0.5734465,-0.37946707,-0.12634781,-0.33368188,-0.07984263,-0.36457452,-0.10162994,0.17588925,-0.22677362,0.070253104,-0.26659358,-0.091711074,-0.31625527,-0.07619597,0.12643236,0.026583236,-0.120120265,-0.0933453,0.1986074,-0.041775703,-0.4350265,-0.2829287,-0.06007825,0.031778626,0.028963495,-0.3689554,0.038309637,-0.09551726,0.31976676,-0.3647177,0.007628318
12,1.1530225,0.35052082,2.584241,1.0238931,-0.8889986,-3.0612268,3.8438892,-7.9672194,-2.6997027,-1.4370255,-1.399241,-0.55890834,15.934895,1.1854261,1.1775978,0.056130193,0.6052699,-2.440372,2.7513711,0.8019802,-1.0569746,0.16717428,-0.66747284,1.5157292,1.5917773,-1.9217163,-0.039677702,2.612406,-1.0943425,0.5275962,-1.2973614,0.1036943,0.635679,0.9952214,-1.067983,0.019562772,-1.0763664,1.2313032,0.059574645,0.38328183,0.039482675,-0.27469528,-0.006481058,0.22702527,-0.545948,-0.06909189,-0.9381368,-0.24261531,-0.15263867,-0.50834775,-0.31515157,-0.4174168,0.31164047,-0.035145827,-0.23914921,-0.19951554,0.39429832,0.2026293,0.3707376,-1.4973189,-0.70398444,-1.0229446,0.6173836,-0.46501517,0.053997267,-0.5149832,0.103843674,-0.17373489,0.57880926,0.4028148,0.17672408,-0.39592302
13,5.6904955,1.1881362,8.228692,-3.6960196,4.5898533,-2.6486032,3.4586797,-3.1248927,2.689011,0.8752204,1.0467002,-2.490427,1.1854261,17.936823,-3.0824008,-0.93559754,-0.6887159,0.8696995,-0.7276046,-0.24409717,2.4627533,-2.2517548,2.8887372,-0.57448524,0.0608166,-1.4296575,0.8534394,0.25528032,1.3107027,1.4689713,0.24252582,0.35150325,1.3013195,0.5427495,0.8079393,-0.13079816,0.6177241,-0.6606229,-1.0004134,-0.10376996,0.67647,-0.5958513,-0.21853516,0.15104046,-0.8913517,0.44618493,0.77378535,-0.20769766,-0.6503488,0.39734185,-0.15869752,-0.26540852,0.060350385,-0.99714386,-0.14266561,-0.07127611,-0.53411365,0.51415086,-0.6822117,-0.4310256,0.09106498,0.0440194,0.012700239,0.27118868,-0.6958139,0.09101786,-0.16664457,-0.21679816,-0.09354374,0.10037489,0.14945245,0.117944464
14,-7.9601946,6.8557267,12.607712,-3.8978534,2.8900979,2.5524511,3.0398808,0.50656575,0.0631755,-2.4124012,-1.6457608,5.0613556,1.1775978,-3.0824008,17.708967,1.9431373,0.17172778,3.8521028,1.5355346,0.5494957,0.044911757,-0.4172474,0.26509273,0.8664371,-0.0016522176,0.6713706,0.6988654,0.4400946,-0.58297956,-0.3589295,0.42385006,-0.24249132,1.8752606,0.8856622,0.82514894,-0.84756374,0.0042450726,0.1296795,1.1374881,-0.22829172,0.020758543,0.32576144,-0.46980423,-0.30392635,-0.74731123,-0.73164827,0.01842711,-0.06548509,0.17452449,0.75992405,0.2901175,0.004407213,-0.09908613,0.17151958,-0.5518656,-0.030166086,-0.055564884,-0.35597357,-0.21099743,-0.4935946,0.09623972,0.07396735,0.14087261,-0.2176362,0.019271638,0.19174923,0.008021431,0.5030873,-0.17010386,-0.13381073,-0.07153399,0.087384135
15,11.507229,-6.4392085,0.5168123,1.9642675,0.23672453,-0.47332138,0.86812687,0.88543177,-0.6498637,-0.677631,-0.34815198,-3.0452104,0.056130193,-0.93559754,1.9431373,18.651129,-0.2825253,-1.2095909,-2.3458772,-0.71201456,-0.5529774,-0.23112263,0.93614626,0.33408505,-1.2351484,1.2597109,0.14487812,1.5261474,0.47117037,0.65208703,-0.26620835,-0.4738776,-0.56182206,1.3186609,0.9059863,0.8388457,1.0435803,0.23392846,-0.12195589,0.35768187,-0.376841,-0.15347882,0.18899852,-0.6973311,-0.025806293,-0.20242588,-0.3537972,-0.7314944,0.20498744,1.1009465,0.30866033,-0.75836,-0.18796992,0.13498354,-0.425992,0.07988961,-0.29798847,-0.27297455,0.714416,-0.026272245,-0.17198259,0.30455893,0.11248975,-0.024081372,-0.16049725,0.24591056,-0.12936068,-0.4564951,-0.1581747,0.31437403,-0.20737955,0.2014831
16,0.033929422,-0.28938824,5.597716,-1.3486056,0.07423547,-0.6126503,0.14599723,0.65576863,-0.530144,3.262671,1.5226846,-1.8731542,0.6052699,-0.6887159,0.17172778,-0.2825253,18.17862,1.1395109,0.40999907,-2.1128812,-1.137727,2.155457,-0.52576053,0.13461208,1.3851252,0.6718152,-1.741574,0.9120884,0.9322686,0.30316266,0.535681,-0.7874334,-0.18332377,-0.38931635,0.39004302,0.6848858,-0.53081745,0.71075666,-0.9520757,0.41818416,0.38171914,0.2339077,0.06960722,-0.30784008,-0.34078228,-0.60304177,0.1801152,0.20925874,-0.31426334,0.005558988,0.40678602,0.34355327,0.14648177,-0.18226677,0.4371405,-0.18164122,-0.168311,0.6513785,-0.2008138,-0.16769221,0.33648562,0.3526374,-0.07449484,-0.48782328,-0.046663508,0.36052793,-0.10706228,0.0018491518,-0.01993102,-0.22157371,-0.0255527,-0.08592959
17,0.3497877,2.9461946,-2.3379822,5.332412,1.068636,5.142923,0.22932053,-3.204214,-4.6952868,-3.7353148,1.0717753,0.641446,-2.440372,0.8696995,3.8521028,-1.2095909,1.1395109,11.168067,-0.25143915,-1.4750013,-0.41912454,-2.6718411,-0.7369766,-1.4221997,1.4180247,0.7835334,1.5451078,-0.11935657,1.1135626,0.5066106,0.83702993,0.4917972,0.758939,-0.8288579,0.7680867,0.92678887,-0.6804366,-0.8875783,-1.3208514,-0.25004214,-0.47210053,-0.085412115,0.17808552,0.13789243,-0.16472915,-0.07192996,0.39112478,0.0896276,-0.52930015,0.36496794,-0.4583193,-0.23062253,-0.10145049,-0.07040389,-0.071210414,0.094228014,-0.035174366,-0.14072496,0.33246252,0.07298864,0.22839294,0.49229074,0.0394387,0.16368249,0.32855678,-0.14375934,0.029581893,-0.014147861,-0.006469964,0.1396958,0.35050344,-0.13135265
18,8.071865,-1.962052,0.40941983,-2.9908876,-1.7144114,3.6120052,1.1562808,0.12179333,0.077877775,0.33981717,0.26808557,0.08075486,2.7513711,-0.7276046,1.5355346,-2.3458772,0.40999907,-0.25143915,11.893046,0.538934,-0.43563545,2.166994,1.7645729,-0.16766381,-1.53285,-1.2585831,2.5438411,1.5445595,-0.06545908,-0.13469419,-0.56502104,1.1090993,-0.58050704,0.18520418,0.5476284,0.6113821,-0.43455154,-0.8507751,-0.78766775,-0.58612615,-0.3066685,0.197314,-0.2090221,0.3675738,0.775216,-0.5449126,-0.16346928,0.09475471,0.4982028,-0.05958734,0.07962093,-0.004576325,-0.6093757,-0.15968183,-0.38818318,-0.035818264,0.03648246,0.16421285,0.06705749,0.6087,-0.24784228,-0.061252736,-0.4243449,-0.19101393,-0.22090873,-0.04234675,0.32926238,-0.035522863,0.027200337,-0.3578189,-0.23162887,0.29418057
19,3.3672135,-1.7036467,-1.5292163,-1.5280433,-2.5365944,1.0692017,0.10305622,0.4686118,-1.8012574,3.194343,0.8131896,0.9814034,0.8019802,-0.24409717,0.5494957,-0.71201456,-2.1128812,-1.4750013,0.538934,10.514482,-0.69026357,-1.5955664,1.9173777,-0.81417936,0.29711097,1.370817,-1.6123716,0.9252833,-0.7025659,0.20095566,-0.16422638,0.45815176,0.8426869,0.23479252,0.78564864,1.1524189,0.59626424,0.15310663,0.7005775,0.7121482,-0.9049269,0.466713,-0.79258597,-0.057950642,-0.3051531,0.6569643,-0.47763717,0.61587846,0.1781928,-0.4203744,-0.12524274,0.6871702,0.1161609,-0.40247127,0.25383443,-0.29913586,-0.03903583,0.4258289,0.28634813,-0.34938422,0.658351,0.6185576,0.18034925,-0.25867337,0.038479242,0.089393854,0.0526593,0.15536752,0.2670275,-0.38879353,0.13481727,-0.017769696
20,-1.9558656,1.3354547,2.914847,1.20893,5.0756655,0.88214755,-2.0069704,-1.2502494,-0.74961996,0.24074519,-3.0839024,0.4521522,-1.0569746,2.4627533,0.044911757,-0.5529774,-1.137727,-0.41912454,-0.43563545,-0.69026357,9.220747,1.3741353,-0.08831492,-1.8878031,-0.44265246,0.550405,0.3179677,0.38293445,-0.7357141,-0.26300645,-0.029716425,-1.1414812,-0.32023388,0.54770136,1.1719427,-0.098958895,0.11424703,-0.19232354,0.8512325,0.21794586,0.19986345,1.1717609,0.08576366,0.053282652,-0.5240052,-0.8944223,-0.5203306,-1.2134693,-0.8604642,-0.5201132,-0.1652095,0.4675672,0.16497345,-0.1624181,0.10909544,0.4062716,0.22198187,0.2602659,-0.2031239,0.7610259,-0.3787894,0.053714283,-0.24617857,-0.4320018,-0.28776354,-0.04160515,0.20267087,-0.096158996,0.12592411,0.11609943,0.2688818,-0.045437597
21,-1.0201292,-1.9514817,-2.4787178,3.2690806,2.6985066,-1.606837,0.095010564,-0.6377783,0.11781928,-3.4962616,-1.3636172,-0.37722552,0.16717428,-2.2517548,-0.4172474,-0.23112263,2.155457,-2.6718411,2.166994,-1.5955664,1.3741353,9.688904,1.4124644,0.16760072,-0.53611887,0.9608972,1.0107626,-0.49370414,-0.050941948,-0.11738005,-0.3200186,0.41439277,0.9244871,-0.096130475,-0.16891569,-0.471633,1.2762485,-1.4417801,0.25363207,0.69800806,0.11960948,-0.28391996,-0.30781543,-0.5821747,-0.14846434,0.46234363,-0.24533303,0.03957785,0.21358824,-0.6802971,0.0059544016,0.17054304,0.7438019,-0.3722561,0.30660766,0.07129528,-0.14424771,0.039845794,0.006832759,-0.17936382,0.20087823,0.028517216,0.16157833,0.068331875,0.061903037,0.04447476,-0.05776546,-0.091141805,-0.27993214,0.09396537,-0.16011766,-0.13030735
22,-3.233149,2.64401,0.8491391,1.8240482,-4.5172963,-5.145815,-0.28623664,-0.4579796,0.8902152,-1.1414144,-0.005758465,0.6040022,-0.66747284,2.8887372,0.26509273,0.93614626,-0.52576053,-0.7369766,1.7645729,1.9173777,-0.08831492,1.4124644,10.354071,0.18295142,1.3916924,1.3317665,0.15642735,-0.73492384,0.6931371,-0.6946189,0.70301557,-0.016114011,-0.21954885,-0.7166399,1.2775836,-0.44104037,-1.0162432,-0.07392326,-0.35008943,-0.062592894,-0.018787876,0.24181579,0.97582984,-0.4011914,0.500713,0.13158534,0.25951156,-0.34375244,0.16393937,0.640864,0.21212661,-0.02439665,0.22448468,0.39798412,0.01584382,-0.075569436,0.13174358,0.10225726,0.37011138,-0.072484374,0.050567538,0.053366378,-0.22354233,-0.07187062,0.17028183,0.18615499,-0.12273872,0.148354,-0.08864131,-0.14322558,-0.023175288,0.15946952
23,-6.6362395,5.3638744,1.3941193,0.7190796,2.8480554,-0.9989221,2.882462,0.6803259,0.29560655,1.4926258,-1.2315233,0.22734502,1.5157292,-0.57448524,0.8664371,0.33408505,0.13461208,-1.4221997,-0.16766381,-0.81417936,-1.8878031,0.16760072,0.18295142,7.9594398,0.30191725,-1.6769264,-0.41136146,-1.8719355,1.1911459,-0.40076125,-0.6172327,0.8864309,0.5603337,0.019208327,0.2147566,0.7550144,0.7917896,0.8319242,-0.6525395,-0.2513944,-0.819649,0.13054894,-0.67303926,0.68414927,0.24427205,0.56608737,-0.036873914,-0.91732275,0.067162395,0.21385655,0.5330197,0.15076518,0.39014557,0.25889584,-0.16357878,0.099565506,0.24161017,0.021003366,0.3141914,0.45983627,-0.124475375,0.0133776665,0.112578094,0.21880922,-0.008520605,-0.17395216,-0.06780088,-0.14388172,0.09015604,-0.00017284554,0.08687872,0.16857217
24,3.0002189,1.4111621,-3.3316603,1.4674447,1.2687956,-0.6740408,0.9797598,-0.034848295,2.2575297,-0.31675485,-1.4813414,0.0010516533,1.5917773,0.0608166,-0.0016522176,-1.2351484,1.3851252,1.4180247,-1.53285,0.29711097,-0.44265246,-0.53611887,1.3916924,0.30191725,9.423345,1.0939555,-0.6611866,0.53112096,-0.5416343,0.629303,0.0496919,1.4216051,0.44282228,0.08972287,-0.379692,-0.8786907,0.32451078,-0.06383957,0.39465454,-0.50144786,-0.48766124,0.119676724,-0.7414907,-0.45959684,0.20572564,-0.26394102,-0.5199907,0.040841956,-0.30219758,0.058961038,-0.6959828,-0.20917648,-0.062227108,0.31380486,0.37332678,-0.4205804,0.26846448,-0.40069142,0.017545719,0.5940162,-0.15357408,-0.14186832,-0.20535079,0.011201045,-0.14599732,-0.27069217,-0.00035935966,-0.1308735,0.025997836,0.18565229,-0.24894626,0.24407013
25,-4.131299,-0.8587867,-0.819105,-0.1565592,0.6538243,3.9423647,0.035575926,-0.79401636,-1.1899784,1.3321137,0.9200157,0.35377944,-1.9217163,-1.4296575,0.6713706,1.2597109,0.6718152,0.7835334,-1.2585831,1.370817,0.550405,0.9608972,1.3317665,-1.6769264,1.0939555,5.7279825,0.40132105,-0.99545574,-0.71030223,0.17136782,-0.0992337,1.4061252,-0.6224345,0.19879642,0.09191826,-0.57278574,0.2727124,0.7161068,0.018102858,0.60818267,0.21465126,0.14406174,0.20984668,-0.3530562,0.57925516,0.28849036,0.18563125,-0.5142757,0.11864422,0.22180218,0.051692173,0.49462956,0.37116972,-0.15066391,-0.27683175,-0.020164885,-0.23284543,0.4570005,-0.2586426,-0.41414496,0.03967853,-0.5819316,-0.20490023,0.09778239,-0.33745968,-0.14998367,-0.025067847,-0.33255532,0.0044635013,-0.116879165,0.03922648,-0.43699175
26,2.1942315,1.5533645,-3.2313313,-1.8144708,-1.3410705,1.8284699,2.4990005,-1.2242594,0.037605383,0.9006778,0.37017772,-0.24648383,-0.039677702,0.8534394,0.6988654,0.14487812,-1.741574,1.5451078,2.5438411,-1.6123716,0.3179677,1.0107626,0.15642735,-0.41136146,-0.6611866,0.40132105,4.3562584,-0.17173669,0.84531146,-0.12947774,0.99396276,0.60952824,0.24249445,1.0025334,-0.40938693,0.23489109,0.028949685,-0.065475315,-0.09383215,0.07099643,-1.1144278,-0.29241002,0.42345846,-0.30195278,0.022055963,-0.38828534,0.2768067,-0.056716863,-0.105237335,-0.22655976,-0.36440495,-0.07408053,0.17279248,0.31928617,-0.04444343,0.06503437,-0.14961928,0.14078894,0.016147345,0.083345346,-0.033540174,-0.122896254,0.18226272,0.10228564,-0.34946567,0.35291314,-0.06838288,0.0059892684,-0.20176089,0.32656187,-0.18341096,-0.34807664
27,3.3819325,7.0078964,-0.6624,5.243987,-0.8375342,-0.62688553,-0.61160517,2.9049964,0.42780545,0.5300329,0.98432463,-0.38698643,2.612406,0.25528032,0.4400946,1.5261474,0.9120884,-0.11935657,1.5445595,0.9252833,0.38293445,-0.49370414,-0.73492384,-1.8719355,0.53112096,-0.99545574,-0.17173669,6.9075365,-0.64812696,-0.6254421,-0.9161556,0.5225435,-0.34677207,-0.26729017,-0.18055078,-0.11767479,0.53405905,-0.1275421,0.1666419,-0.54741126,-0.074411884,-0.4887886,0.7910099,-0.12224707,-1.0644567,0.14524066,0.38243878,-0.09713064,-0.036412068,0.107270285,-0.4480114,0.40492168,-0.20955035,0.22684658,-0.23167054,0.1855421,-0.14776912,-0.02869242,-0.028341932,0.09106796,0.0832748,-0.07187778,-0.24955125,-0.18948826,-0.23784542,0.08136161,-0.10816033,-0.04828233,-0.046070367,0.20976126,0.069730796,0.03161463
28,-1.699532,0.18078294,-0.85468775,3.044045,-3.0835943,-0.06562069,0.15214041,-2.2692251,-2.3959274,1.5055885,2.8598628,-0.43400556,-1.0943425,1.3107027,-0.58297956,0.47117037,0.9322686,1.1135626,-0.06545908,-0.7025659,-0.7357141,-0.050941948,0.6931371,1.1911459,-0.5416343,-0.71030223,0.84531146,-0.64812696,4.7087507,0.18616877,-0.47101015,0.0009532296,-0.26955122,-0.0059435586,0.44433868,-0.8157182,0.30413133,-0.5325228,0.6624214,0.019353624,-1.0501294,0.18011029,0.20745765,-0.07472598,-0.7764277,0.021866303,-0.37263793,-0.25636405,-0.1118847,-0.3107631,0.8433405,0.0946398,-0.32372603,-0.0015347656,0.011113085,-0.34793168,-0.078415185,-0.41616154,-0.4177627,0.14614315,0.08312012,0.02745683,0.058130108,0.1319106,0.03810058,0.00075703696,0.14302394,0.13164577,0.22587028,0.013764711,-0.11147579,0.008510884
29,4.249586,-0.14374039,-2.1220026,-2.9609752,1.3667961,-1.4317557,1.1436491,-0.17164774,-2.1637714,-1.7941707,-1.2413609,-1.1419173,0.5275962,1.4689713,-0.3589295,0.65208703,0.30316266,0.5066106,-0.13469419,0.20095566,-0.26300645,-0.11738005,-0.6946189,-0.40076125,0.629303,0.17136782,-0.12947774,-0.6254421,0.18616877,3.5509162,-0.024359949,0.52117807,-0.51454604,0.9250629,-0.7209474,0.39192817,-0.24399385,-0.1880046,-0.03636317,0.62272847,0.020127455,0.128167,-0.57224894,-0.9409224,-0.21558118,-0.09107567,0.35637212,-0.08193289,-0.112550214,0.09793447,0.33785138,0.18243341,-0.30190995,-0.38419348,-0.23930877,0.39415175,-0.036754258,-0.3630764,-0.26877064,0.15837008,0.5972627,-0.2507472,0.03927636,-0.18480521,0.24193808,-0.1846211,0.21086176,0.20343533,0.13615325,-0.29588786,-0.43869174,0.05121989
30,5.7029676,-1.7203939,-3.4101753,-1.1761311,-2.1174068,-1.2161448,-0.55232346,1.628418,0.980469,0.5123869,-1.6288264,1.0869064,-1.2973614,0.24252582,0.42385006,-0.26620835,0.535681,0.83702993,-0.56502104,-0.16422638,-0.029716425,-0.3200186,0.70301557,-0.6172327,0.0496919,-0.0992337,0.99396276,-0.9161556,-0.47101015,-0.024359949,4.8391414,-0.3267054,0.60438263,1.2131436,-0.03346344,0.18498549,-0.5203868,0.46893895,-0.7422043,-0.23613521,-0.15451479,-0.30465597,0.047152456,-0.13669533,-0.6100669,-0.250793,-0.11569002,0.6807206,-0.060101673,-0.40706122,0.69672734,0.526032,0.22928345,0.18030778,0.4281473,0.10861174,0.10700841,-0.020788014,0.27447373,0.0377059,-0.4126313,-0.280603,0.14122193,-0.11105879,-0.17446381,0.092302695,0.011216239,-0.25089383,-0.28755513,0.27656192,0.11125946,-0.05033052
31,0.77984834,-2.6675687,2.8696434,-2.3412862,0.10665625,2.1085773,-0.80221665,0.8105322,-1.2108463,-0.34043005,0.8287481,-0.063485146,0.1036943,0.35150325,-0.24249132,-0.4738776,-0.7874334,0.4917972,1.1090993,0.45815176,-1.1414812,0.41439277,-0.016114011,0.8864309,1.4216051,1.4061252,0.60952824,0.5225435,0.0009532296,0.52117807,-0.3267054,3.4833727,-0.643309,-0.3746696,-0.837105,-0.5720101,0.4917038,0.13710731,-0.418939,0.46824598,-0.25108004,-0.64681894,0.023959719,-0.22424187,-0.031739905,0.5324816,-0.07795103,-0.27906567,-0.60490394,-0.07760757,-0.054323457,0.063941166,-0.014523657,-0.29691818,-0.4051194,0.06256886,0.17527643,-0.024620157,0.15857261,0.46422216,-0.32720786,-0.03750703,0.07503442,0.1512956,-0.3099407,0.017176343,-0.28639293,-0.2533489,-0.0063811615,-0.0048459424,-0.037957802,0.105791
32,3.837705,-2.350796,-2.082313,1.1268209,-1.7625859,0.10512297,-0.94304115,0.81985587,0.20914595,-0.26703888,0.4245237,-0.92921233,0.635679,1.3013195,1.8752606,-0.56182206,-0.18332377,0.758939,-0.58050704,0.8426869,-0.32023388,0.9244871,-0.21954885,0.5603337,0.44282228,-0.6224345,0.24249445,-0.34677207,-0.26955122,-0.51454604,0.60438263,-0.643309,6.6063104,-0.626246,-0.49048644,0.02444638,0.90668654,0.49816078,0.10419752,0.29842022,0.24813348,0.16670592,0.2828956,-0.102224365,-0.027218811,-0.21643195,0.12691484,-0.43849677,0.079506606,-0.174635,0.04172419,-0.41617465,-0.12801623,-0.3931408,0.051083807,0.30194777,-0.27126586,0.37999475,0.2247023,-0.122830465,0.025840014,-0.039180208,0.04621824,-0.06774745,-0.13688773,-0.012357565,0.3016489,0.16668886,0.030525949,-0.08719787,-0.06401815,0.18863523
33,-2.0686765,4.6108284,-1.1734713,-0.78324145,-0.009744281,0.21308446,-1.6465068,-3.1236634,2.7122383,0.35914284,0.4257552,0.927467,0.9952214,0.5427495,0.8856622,1.3186609,-0.38931635,-0.8288579,0.18520418,0.23479252,0.54770136,-0.096130475,-0.7166399,0.019208327,0.08972287,0.19879642,1.0025334,-0.26729017,-0.0059435586,0.9250629,1.2131436,-0.3746696,-0.626246,3.6712422,-0.55633414,1.073139,0.29043198,0.2322962,0.014451512,-0.012226546,-0.22654864,-0.2096009,-0.46872044,-0.41284448,-0.36128157,0.079489335,0.27544934,-0.0696365,0.005400507,-0.16559926,0.35847878,0.2711352,0.23897758,0.06319632,0.2087805,-0.55923676,-0.14261496,0.040493384,-0.102575235,0.090259835,-0.1884599,-0.053957358,-0.13910279,-0.4755046,-0.18206549,-0.21277615,-0.042868584,0.0776643,0.07319518,-0.09274639,-0.22639161,0.12663548
34,1.4500837,3.2982392,-0.60482883,-0.5771183,1.1909794,1.1636248,1.6448357,0.36019292,-1.099654,-0.2516265,-0.43715966,-0.37707314,-1.067983,0.8079393,0.82514894,0.9059863,0.39004302,0.7680867,0.5476284,0.78564864,1.1719427,-0.16891569,1.2775836,0.2147566,-0.379692,0.09191826,-0.40938693,-0.18055078,0.44433868,-0.7209474,-0.03346344,-0.837105,-0.49048644,-0.55633414,3.32168,-0.27549544,0.26713997,0.28179228,-0.2832434,-0.72266823,0.7855559,-0.32122684,-0.6472535,0.66679716,-0.0014816779,0.15162998,-0.8177433,0.25449586,-0.17116717,-0.33469546,0.29595762,0.012009565,-0.06555657,0.33661225,-0.104778215,-0.19390754,-0.45086056,0.18561223,0.267707,0.20971277,0.3896,0.07858141,-0.08736873,-0.1281546,0.09658839,-0.057044946,0.19945854,-0.23137513,0.2662667,0.11985974,-0.06212097,-0.09766555
35,-0.11535542,1.922776,-0.36614802,1.1634572,1.0136883,-0.7344935,-1.4748107,-0.14970674,-0.75263107,-0.26713255,-0.23839353,0.80959344,0.019562772,-0.13079816,-0.84756374,0.8388457,0.6848858,0.92678887,0.6113821,1.1524189,-0.098958895,-0.471633,-0.44104037,0.7550144,-0.8786907,-0.57278574,0.23489109,-0.11767479,-0.8157182,0.39192817,0.18498549,-0.5720101,0.02444638,1.073139,-0.27549544,2.7798097,0.05852092,-0.37560815,-0.9245707,0.6882785,-0.6718668,0.2985314,-0.19135779,0.27457815,0.2501916,0.16336979,0.45469502,-0.043173812,-0.035148576,0.109492525,-0.33742034,-0.14043865,0.064941876,0.17977458,0.35044664,-0.15555623,0.13090545,0.55199146,0.3285436,0.21627952,0.5349226,0.17000328,-0.031747308,-0.06418802,-0.08030933,-0.12601885,-0.07347852,-0.122474164,-0.10903321,-0.13064305,0.041090775,0.0835362
36,-1.3307023,1.2198617,1.320224,0.0504001,0.97207594,1.4244101,-0.45927387,0.70218885,0.18490899,1.0312955,0.8048295,-0.38040736,-1.0763664,0.6177241,0.0042450726,1.0435803,-0.53081745,-0.6804366,-0.43455154,0.59626424,0.11424703,1.2762485,-1.0162432,0.7917896,0.32451078,0.2727124,0.028949685,0.53405905,0.30413133,-0.24399385,-0.5203868,0.4917038,0.90668654,0.29043198,0.26713997,0.05852092,3.16368,-0.73604757,0.17685384,-0.0828979,0.14355958,-0.009891812,0.04463397,0.13947034,-0.26620954,0.24122338,-0.11697994,1.0944448,-0.31702918,0.44805807,0.17759517,-0.0724359,0.73813415,0.1715506,0.09389344,0.1008323,-0.0070961607,0.16866502,-0.08762292,0.31868923,0.028665539,-0.011106803,-0.10903032,0.08279836,-0.31269777,-0.18167496,0.20066366,0.08191015,0.110671826,0.15437168,-0.17207652,-0.07379761
37,0.8770071,-1.414448,0.63072884,-0.9823396,-0.34565198,0.5334611,0.5387497,-0.81298023,0.0021070035,-1.030385,0.31255358,-0.8272723,1.2313032,-0.6606229,0.1296795,0.23392846,0.71075666,-0.8875783,-0.8507751,0.15310663,-0.19232354,-1.4417801,-0.07392326,0.8319242,-0.06383957,0.7161068,-0.065475315,-0.1275421,-0.5325228,-0.1880046,0.46893895,0.13710731,0.49816078,0.2322962,0.28179228,-0.37560815,-0.73604757,3.0927553,0.18875447,-0.3869788,0.029577956,-0.52575934,0.47576433,0.51932526,0.41118038,0.39673463,0.07020405,-0.4527917,0.19906095,-0.35925138,0.2175817,0.66114855,0.018920943,0.018549208,-0.047426444,0.2559762,-0.26125428,0.24962555,-0.20594501,0.2941544,0.062129952,-0.11873096,0.017272398,-0.4896328,-0.32873917,0.21806687,-0.021603283,0.25194842,0.094247565,0.08857638,-0.16285752,-0.08890173
38,-2.1894817,-0.029509563,-0.43584144,-1.263623,-0.23055366,-0.90199834,1.678863,-0.97230816,-0.5662476,-0.10792822,0.63501394,-0.4366038,0.059574645,-1.0004134,1.1374881,-0.12195589,-0.9520757,-1.3208514,-0.78766775,0.7005775,0.8512325,0.25363207,-0.35008943,-0.6525395,0.39465454,0.018102858,-0.09383215,0.1666419,0.6624214,-0.03636317,-0.7422043,-0.418939,0.10419752,0.014451512,-0.2832434,-0.9245707,0.17685384,0.18875447,2.5274048,0.44085163,-0.1858184,-0.41698456,0.21123268,0.051832877,0.18701512,-0.62886065,0.11825372,0.0119937435,-0.08832881,-0.1333766,0.08614005,0.12229239,-0.30684784,0.3504272,0.3507859,-0.5041503,0.099215195,-0.24831766,-0.34324425,0.10427648,0.029637737,0.17443652,0.2319074,-0.130558,-0.13559759,0.18899089,0.24537413,0.24109046,-0.21463734,0.021585591,-0.054841653,-0.06578053
39,-3.8644989,1.7592443,0.083381616,-1.4151644,2.0552278,-0.3333441,0.6601849,0.7264068,-1.1866851,-0.13354833,-0.009870043,0.6811372,0.38328183,-0.10376996,-0.22829172,0.35768187,0.41818416,-0.25004214,-0.58612615,0.7121482,0.21794586,0.69800806,-0.062592894,-0.2513944,-0.50144786,0.60818267,0.07099643,-0.54741126,0.019353624,0.62272847,-0.23613521,0.46824598,0.29842022,-0.012226546,-0.72266823,0.6882785,-0.0828979,-0.3869788,0.44085163,2.6324766,-0.34618077,-0.30790228,0.912928,0.034002945,-0.08347595,0.027184777,-0.22520748,-0.070782214,-0.7703514,-0.09023398,0.026900146,-0.10236247,-0.58953243,-0.31271094,0.39157572,-0.29995856,-0.07448086,0.26325804,0.44921267,-0.08451832,0.07098697,-0.3060424,0.09161953,0.05705701,0.19791435,0.17684095,0.008766646,-0.080862924,-0.1010994,-0.18686244,0.098668754,0.16558784
40,-1.7418253,1.361443,-1.6605145,-1.0326512,0.87040275,0.51597106,-0.18447927,-1.5002198,-1.1233252,0.7125716,0.73378855,0.6762202,0.039482675,0.67647,0.020758543,-0.376841,0.38171914,-0.47210053,-0.3066685,-0.9049269,0.19986345,0.11960948,-0.018787876,-0.819649,-0.48766124,0.21465126,-1.1144278,-0.074411884,-1.0501294,0.020127455,-0.15451479,-0.25108004,0.24813348,-0.22654864,0.7855559,-0.6718668,0.14355958,0.029577956,-0.1858184,-0.34618077,3.3564186,-0.1399515,-0.08451465,-0.12534088,-0.19330837,0.1540137,0.30833548,0.069729105,0.28341582,-0.07978961,0.03527567,-0.2874096,0.0058582537,0.10827103,-0.27765548,-0.20878124,0.11623816,-0.08627924,0.60204434,-0.036913887,-0.197416,-0.13131814,0.28252804,-0.074467555,-0.11584708,-0.012941966,-0.026836995,-0.11890687,-0.105702266,-0.18827927,-0.40482205,0.33842978
41,1.876626,-2.1586783,-1.0665514,-1.2243032,0.24325475,1.6121361,0.4724577,1.5308167,-0.31529596,-0.09293911,0.025663152,-0.5734465,-0.27469528,-0.5958513,0.32576144,-0.15347882,0.2339077,-0.085412115,0.197314,0.466713,1.1717609,-0.28391996,0.24181579,0.13054894,0.119676724,0.14406174,-0.29241002,-0.4887886,0.18011029,0.128167,-0.30465597,-0.64681894,0.16670592,-0.2096009,-0.32122684,0.2985314,-0.009891812,-0.52575934,-0.41698456,-0.30790228,-0.1399515,3.180493,0.2799812,-0.09613496,-0.7657679,0.0410797,-0.040678516,-0.49508035,0.56468785,0.344672,-0.07594468,0.18772043,0.2385513,0.061475202,0.04019575,-0.25676304,0.8700044,0.19830506,-0.23745707,-0.06504397,-0.14189765,-0.10927737,-0.04190722,0.014841525,0.14501049,-0.07718978,0.012746378,0.08734095,0.31798515,0.049893543,-0.042682804,0.05893132
42,-3.2213478,-0.73646104,1.1270235,0.26552615,-0.60870326,0.58099484,1.4153819,-0.3489731,0.87237537,0.4685333,0.12892863,-0.37946707,-0.006481058,-0.21853516,-0.46980423,0.18899852,0.06960722,0.17808552,-0.2090221,-0.79258597,0.08576366,-0.30781543,0.97582984,-0.67303926,-0.7414907,0.20984668,0.42345846,0.7910099,0.20745765,-0.57224894,0.047152456,0.023959719,0.2828956,-0.46872044,-0.6472535,-0.19135779,0.04463397,0.47576433,0.21123268,0.912928,-0.08451465,0.2799812,2.709913,0.5163,-0.14641498,-0.13592048,0.37733635,0.12494026,-0.45280826,0.12799224,0.09722533,0.3475584,0.0023198891,0.015589515,0.17838295,0.021083439,0.3586585,-0.13248384,0.36479884,0.007118163,0.0830082,-0.064512864,-0.22287604,0.0012746355,0.18328956,-0.14816219,-0.18586941,0.22203851,0.04233444,0.20743643,-0.11519981,0.18044716
43,0.13624069,0.84517044,0.3588571,0.6729953,2.0770893,-0.032993987,1.3306007,0.36201698,-0.56535757,-1.5370733,-0.22676206,-0.12634781,0.22702527,0.15104046,-0.30392635,-0.6973311,-0.30784008,0.13789243,0.3675738,-0.057950642,0.053282652,-0.5821747,-0.4011914,0.68414927,-0.45959684,-0.3530562,-0.30195278,-0.12224707,-0.07472598,-0.9409224,-0.13669533,-0.22424187,-0.102224365,-0.41284448,0.66679716,0.27457815,0.13947034,0.51932526,0.051832877,0.034002945,-0.12534088,-0.09613496,0.5163,1.7180187,0.25010055,0.03668642,-0.005454935,0.26236767,-0.31748018,-0.031112581,-0.019185172,0.35481942,0.048854865,0.08814242,0.2106551,-0.39211583,0.14978954,0.15069857,-0.054297954,-0.044718377,-0.009150642,0.06848807,-0.13375568,0.13074148,-0.45197237,-0.14741278,-0.041883834,-0.16214229,0.09810643,-0.13480067,-0.11228779,0.019296229
44,-0.333781,-1.2760763,-1.0994267,0.44199163,0.5417149,0.002680935,-0.060141712,-0.4094177,0.5308551,-0.08705814,-0.22252935,-0.33368188,-0.545948,-0.8913517,-0.74731123,-0.025806293,-0.34078228,-0.16472915,0.775216,-0.3051531,-0.5240052,-0.14846434,0.500713,0.24427205,0.20572564,0.57925516,0.022055963,-1.0644567,-0.7764277,-0.21558118,-0.6100669,-0.031739905,-0.027218811,-0.36128157,-0.0014816779,0.2501916,-0.26620954,0.41118038,0.18701512,-0.08347595,-0.19330837,-0.7657679,-0.14641498,0.25010055,1.9030399,-0.5402268,0.16773611,0.07050048,-0.012353161,0.5181639,0.10798541,-0.3007114,-0.27673036,-0.18469635,-0.1442762,0.07993279,-0.0989736,0.41164804,-0.14530581,-0.00630324,-0.04308364,0.23836263,-0.11518626,-0.022171687,-0.12113269,-0.29910442,0.091675684,0.08951901,-0.21659382,0.124094635,0.012325013,-0.0035686225
45,-1.2690613,-0.19045049,0.61723113,2.5589178,0.5582667,2.001822,-0.28998092,-0.7494024,-0.5505896,-1.1846919,-0.42958647,-0.07984263,-0.06909189,0.44618493,-0.73164827,-0.20242588,-0.60304177,-0.07192996,-0.5449126,0.6569643,-0.8944223,0.46234363,0.13158534,0.56608737,-0.26394102,0.28849036,-0.38828534,0.14524066,0.021866303,-0.09107567,-0.250793,0.5324816,-0.21643195,0.079489335,0.15162998,0.16336979,0.24122338,0.39673463,-0.62886065,0.027184777,0.1540137,0.0410797,-0.13592048,0.03668642,-0.5402268,1.7952684,-0.0046571903,0.018526353,0.468072,-0.27337927,-0.19314389,0.020376017,0.18805835,-0.22495222,0.08632385,-0.30389035,-0.2564244,0.094788305,-0.1244481,0.13328308,0.21307367,-0.14619645,-0.05994293,-0.1930692,0.09334069,0.369536,-0.14660026,0.13200587,-0.10264614,0.0966602,0.21187143,0.15018201
46,-0.21922046,0.38246906,-0.14265831,0.60625696,-0.15719095,-1.0183508,1.0386783,-0.18818443,-0.67126274,0.48618814,-0.20567507,-0.36457452,-0.9381368,0.77378535,0.01842711,-0.3537972,0.1801152,0.39112478,-0.16346928,-0.47763717,-0.5203306,-0.24533303,0.25951156,-0.036873914,-0.5199907,0.18563125,0.2768067,0.38243878,-0.37263793,0.35637212,-0.11569002,-0.07795103,0.12691484,0.27544934,-0.8177433,0.45469502,-0.11697994,0.07020405,0.11825372,-0.22520748,0.30833548,-0.040678516,0.37733635,-0.005454935,0.16773611,-0.0046571903,1.6342981,-0.39246494,0.22033437,0.30815148,-0.39268804,0.2376242,0.44581044,0.4338078,-0.07031304,-0.23413542,-0.10594395,0.05894742,-0.20800532,0.013722957,0.15542352,0.055773623,-0.043698493,0.19767687,-0.06409778,-0.073098674,0.0038886727,0.27090037,-0.29950845,-0.27289423,-0.17129362,0.15177307
47,1.4187968,-1.4288079,0.02483492,-0.47482172,-0.7323415,0.021640988,0.69466305,-0.5057164,0.028433453,-0.404252,-0.76304126,-0.10162994,-0.24261531,-0.20769766,-0.06548509,-0.7314944,0.20925874,0.0896276,0.09475471,0.61587846,-1.2134693,0.03957785,-0.34375244,-0.91732275,0.040841956,-0.5142757,-0.056716863,-0.09713064,-0.25636405,-0.08193289,0.6807206,-0.27906567,-0.43849677,-0.0696365,0.25449586,-0.043173812,1.0944448,-0.4527917,0.0119937435,-0.070782214,0.069729105,-0.49508035,0.12494026,0.26236767,0.07050048,0.018526353,-0.39246494,2.249923,-0.2079388,0.4802514,0.2680323,0.026033837,0.22213213,-0.06892392,0.22403203,-0.06457637,0.17677823,-0.19359651,-0.022801716,-0.26445717,0.1583177,0.08492955,-0.13982417,-0.17627046,-0.06986656,0.08578749,0.017364418,0.10168492,-0.047126442,0.07866278,-0.029409703,-0.014462236
48,-1.1721287,-0.15150529,-0.44169486,-0.014027347,-0.7828588,0.5154398,0.9337852,-0.78870916,-0.06392577,0.061998047,0.7858494,0.17588925,-0.15263867,-0.6503488,0.17452449,0.20498744,-0.31426334,-0.52930015,0.4982028,0.1781928,-0.8604642,0.21358824,0.16393937,0.067162395,-0.30219758,0.11864422,-0.105237335,-0.036412068,-0.1118847,-0.112550214,-0.060101673,-0.60490394,0.079506606,0.005400507,-0.17116717,-0.035148576,-0.31702918,0.19906095,-0.08832881,-0.7703514,0.28341582,0.56468785,-0.45280826,-0.31748018,-0.012353161,0.468072,0.22033437,-0.2079388,1.8499379,0.23440522,-0.28506815,0.27909428,-0.14880708,-0.36789975,0.60920143,0.20178708,-0.13679928,-0.2280989,-0.17054808,-0.051026527,0.10361004,-0.034985702,-0.07327341,0.08588569,-0.07085167,0.11616153,0.05088589,-0.2133725,-0.20619567,0.21636909,-0.03380645,-0.0063078096
