,0,1,2,3,4,5,6,7,8,9,10,11,12,13,14,15,16,17,18,19,20,21,22,23,24,25,26,27,28,29,30,31,32,33,34,35,36,37,38,39,40,41,42,43,44,45,46,47,48,49
0,441.5172,12.641825,-84.53481,-0.31287116,-0.09066969,-0.04283095,-0.0040619187,-0.030148596,0.028418422,0.010539464,-0.023693655,-0.012699148,0.013512474,-0.0007159533,-0.0007117171,-0.0072697112,0.0059315967,0.0011343857,-0.00026879215,0.0010824908,0.0005236546,0.0024404768,-0.0013699965,-0.0039480003,0.00033530605,-0.0030814433,-0.00026142463,0.0006163445,-0.0010388163,-0.0029188273,-0.0010236374,0.0006503054,-0.00079042173,-0.00015554499,-0.0010871115,-0.0019030996,3.4301323e-05,-0.0012249287,-0.00011256158,0.00050535146,-0.00072575663,0.0007317123,0.00045501773,0.0003236524,3.0971758e-05,0.0007241969,-0.00080617686,-0.00021672844,-0.00027892325,1.0246251e-05
1,12.641825,0.38371426,-2.417776,-0.018659204,-0.0027357521,0.005114656,0.0027598075,0.0006868708,-0.00091276853,-0.0123064015,-0.0074035805,-0.001301592,-0.0036680475,0.0041311174,-0.004078522,-0.0019279311,0.00141098,0.0034107883,0.00060410646,0.0024623321,-0.00026106465,-0.0011637347,-0.00030654742,-0.00035728858,0.0019386624,-0.0006168578,-0.0002151796,-0.0009252379,-0.0011213326,-0.0011159156,-0.0010103268,0.00030194697,0.00022146096,0.00010248278,-3.4011166e-05,-0.00048407735,0.00032553915,-0.0005807597,-7.202111e-05,-8.445879e-05,-0.0005719955,-0.00021209527,-3.93866e-05,-0.00023804446,0.0002617321,0.00019253546,-0.00043932366,0.0003871621,-0.00012641323,-4.0082938e-05
2,-84.53481,-2.417776,16.192186,0.058867298,0.013500759,0.007550545,0.006435396,0.00015882115,-0.0020688106,0.00081806356,0.0010695034,-0.0016264797,-0.0026753051,-0.00027319894,-0.00091208436,-0.0024079294,-0.0008558845,0.00031536535,0.0014948674,0.0015073136,-0.0011519744,-0.00033369134,0.0012971163,1.7610566e-06,-0.00017840567,-8.2497005e-05,-0.00018934588,-0.00016609344,0.0006264959,-0.00013304179,-0.000113668924,0.00016830678,0.00024673803,-7.0567934e-05,0.00031647267,5.7404086e-05,0.00031415233,0.0003809632,0.00010829312,-3.6333433e-05,-4.017142e-05,-8.937217e-05,-7.217287e-05,1.5885185e-05,5.462526e-05,-0.00014760203,0.00013860042,0.00018403851,8.0570535e-05,-1.7423703e-05
3,-0.31287116,-0.018659204,0.058867298,0.017032286,-0.0040052785,-0.0094053075,0.007071008,-0.0019354349,-0.0012957777,0.012619858,0.002200917,-0.00026408402,0.0012369372,-0.004952769,-0.0013152068,0.003212409,-0.0005529902,0.0001554161,0.001126894,-0.0017555689,0.0021072393,-0.0006475188,0.000477435,0.0008603571,-0.00034105574,0.0016023573,-0.0008934464,0.00062928005,-0.00028000015,0.00025229045,0.0011445419,-0.0009718278,0.00043047545,-0.0006258492,-0.00012682623,-0.00028916576,-4.41924e-05,0.00035740007,-9.149054e-05,3.423225e-05,-0.00018540604,0.00033794,-0.00015427324,-0.00011366719,0.00021980885,-1.6930575e-05,0.000279132,0.0002037228,0.00011279719,-0.0003405279
4,-0.09066969,-0.0027357521,0.013500759,-0.0040052785,0.011618803,0.0072764694,-0.016360128,0.0018407849,-0.0024263405,-0.0023782705,0.0047202054,0.0055886125,0.00088842434,0.0005527686,-0.0010614037,0.0015301646,0.0006542491,0.00076306646,0.0011840558,0.00019096772,-0.00042065117,0.00027216907,-0.0010137851,0.0011026002,0.00020677307,0.00017302162,0.00031393583,3.178135e-05,-0.000322413,0.00046644825,-0.0010393918,0.00057500263,-0.0011354131,0.0004938323,-0.00020109722,-7.551911e-05,-0.00044572708,-0.000282583,5.5558896e-05,-0.00022964049,-0.00010263141,8.855474e-05,8.3702995e-05,0.00023628987,-0.00046949816,3.726506e-05,-0.00031846805,-0.00043107034,0.0001623875,0.00018490788
5,-0.04283095,0.005114656,0.007550545,-0.0094053075,0.0072764694,0.06369966,-0.019984704,-0.01024881,0.005791424,-0.0038707554,-0.013493287,0.008285454,0.012651003,0.0011526833,-0.0025714547,0.00013440108,0.0033205762,-0.0006360322,-0.0026179352,-0.0014721458,0.0014530211,0.0020671953,-0.0018742648,-0.0024746396,0.0014375527,-0.0025418699,0.00048679195,0.00036496043,-0.0007653872,-0.0011319936,-1.6223617e-05,-0.00014284297,-0.0009184247,0.00015295671,-0.0005576636,-0.0005682949,-0.00038577704,-0.0013013554,-0.0002695896,0.00056820724,-0.00065742177,0.00051435496,0.00024518798,0.00028144004,0.00013484713,0.00022540131,-0.00045545105,-0.00033415167,-0.00025791812,0.00012749358
6,-0.0040619187,0.0027598075,0.006435396,0.007071008,-0.016360128,-0.019984704,0.031363707,0.0028457148,0.0020792023,0.0015552405,-0.0050024847,-0.007570046,-0.004227136,0.0002163452,6.68236e-05,-0.0009811975,-0.0020810599,-0.00058733043,0.00090538454,-0.001086667,8.0583064e-05,-0.00010546178,0.0015238281,-0.0018058963,-0.0005445386,0.0013283691,-0.0005170118,8.5808795e-05,0.00094423856,-0.001307765,0.0010272452,-0.0012821858,0.0014700354,-0.00044999318,0.0004020058,0.00026481412,0.001086393,0.00041718825,-0.00018252918,-0.00025307405,-0.00027701168,-0.00016964533,-0.0001528858,-0.0002543366,0.00091309054,7.508333e-05,0.00064869237,0.00051568984,9.678336e-05,-0.00041658385
7,-0.030148596,0.0006868708,0.00015882115,-0.0019354349,0.0018407849,-0.01024881,0.0028457148,0.028244205,-0.013064232,-0.009507106,0.0032215486,0.009161225,-0.0009223778,-0.0014587865,-0.00021668014,0.0022567934,0.0005389288,-0.0013128362,0.0005726565,-0.00037179986,-0.0016694841,-0.000927049,-0.00012419978,-0.0002558195,-0.0008198867,-9.661541e-05,0.00010996936,-0.00020139878,0.0006944818,0.0007185794,0.00012287142,-0.0008902886,0.0007359039,0.00022136496,0.000264219,0.00061760226,0.00045792243,0.0004717556,0.0003023171,2.6935365e-06,-0.00018245433,2.82059e-05,0.00013948855,-0.000108866254,0.0003161403,0.00015023028,0.00037340846,0.00023773444,0.00010962495,5.0527515e-06
8,0.028418422,-0.00091276853,-0.0020688106,-0.0012957777,-0.0024263405,0.005791424,0.0020792023,-0.013064232,0.017517377,0.002575014,-0.0032197572,-0.004784451,-0.0016433308,-5.1147766e-05,0.0031050872,-0.0011609299,-0.0002355229,-0.0017145885,-0.00028104958,8.8982226e-05,-0.001402159,-0.0001550582,-0.001452892,-0.00040578042,-0.00013533204,0.0008136471,-0.0008896272,0.000548595,-0.000576856,0.00017805958,-0.00032818806,-0.0001594532,-6.378415e-05,0.0006047966,-0.000344409,0.00013550796,6.5403647e-06,-0.00048784883,4.440658e-05,7.6754e-05,4.298884e-05,0.00013935243,0.00014306922,-0.00020694383,-0.00022433157,0.0002750241,3.683344e-05,-0.00016592344,0.00017317475,-8.91846e-05
9,0.010539464,-0.0123064015,0.00081806356,0.012619858,-0.0023782705,-0.0038707554,0.0015552405,-0.009507106,0.002575014,0.02026619,0.0003988313,-0.0021253577,0.0025184113,-0.0037253702,0.0008085529,0.0014817312,0.0011996229,0.0010941861,0.0020667051,-0.00050113164,0.0013201358,-0.00048169214,0.00067134877,0.00070092024,-0.00032388454,0.00037805323,0.00018140655,0.00052488944,0.0007993672,6.9761836e-06,0.0013290513,4.3456304e-05,1.0853901e-05,-0.00016098053,0.00034466098,-9.522821e-05,-0.00014905733,0.00046317274,0.00026395053,0.0002204387,-0.00010420286,0.00019479897,-4.193429e-05,0.00019134153,-0.00012298465,-5.6415298e-05,-2.9486866e-05,-0.00010605308,0.0001289651,-6.4797496e-06
10,-0.023693655,-0.0074035805,0.0010695034,0.002200917,0.0047202054,-0.013493287,-0.0050024847,0.0032215486,-0.0032197572,0.0003988313,0.0155771375,0.0017076167,-0.00072744244,0.00022143393,0.0010386949,-0.0004935815,-0.0029238826,-0.00016089142,0.00017667054,0.00054741965,2.2559081e-05,0.00021064866,0.00067636446,0.000624373,0.0008341812,0.0011478183,-0.0007752411,0.0007408437,-0.00017870413,-9.138523e-05,0.00029710407,9.784991e-05,-0.0005912412,0.00010813495,0.00022018093,0.00026953508,-0.0002701172,-0.00022016054,-0.00040853582,0.00023764036,0.00017759536,-6.9267655e-05,4.820422e-06,8.7964116e-05,-0.00045106967,0.00016674981,0.00014383008,-0.00017069993,1.4181289e-05,-7.8306155e-05
11,-0.012699148,-0.001301592,-0.0016264797,-0.00026408402,0.0055886125,0.008285454,-0.007570046,0.009161225,-0.004784451,-0.0021253577,0.0017076167,0.0102792075,0.0020414996,-0.0016791958,0.0014728152,6.468374e-05,0.00086039247,0.0010983527,0.00076329056,-0.00061351544,0.0005916594,0.00011246234,-0.0012628939,-0.0007678787,-0.00051186536,7.765495e-05,-0.00011843743,-7.304894e-05,-0.00015153413,0.00023608732,0.00022280189,-0.00030929854,1.6119959e-05,-2.3229586e-06,-0.00026241376,0.00025436017,-7.895235e-05,-0.00014777202,5.3704167e-05,2.0870655e-05,-0.00044899498,0.00015506524,0.00010435124,-7.594173e-05,-2.0334093e-05,4.3866054e-05,-7.6387194e-05,-8.2313934e-05,0.00013580674,-1.4889447e-05
12,0.013512474,-0.0036680475,-0.0026753051,0.0012369372,0.00088842434,0.012651003,-0.004227136,-0.0009223778,-0.0016433308,0.0025184113,-0.00072744244,0.0020414996,0.008135857,0.00025480604,-0.0016127599,-0.0014297098,0.0003170636,-0.0023025235,0.0007880331,-0.00077188783,0.0005091018,0.0012199734,0.0006313544,0.00011132677,0.0005601238,-0.00042877166,0.00019727682,9.069419e-05,-0.00012910791,-2.2522698e-05,0.0006351343,-0.00010562931,0.00021412,-0.00019709147,0.00016607132,0.00010153903,1.5768075e-05,-0.00018377224,2.9238137e-05,9.0298476e-05,4.3424974e-05,0.00016069197,-4.0526753e-05,2.4771643e-05,-4.856927e-05,-0.000107470725,9.791162e-05,-7.9443824e-05,2.079344e-05,0.000116109615
13,-0.0007159533,0.0041311174,-0.00027319894,-0.004952769,0.0005527686,0.0011526833,0.0002163452,-0.0014587865,-5.1147766e-05,-0.0037253702,0.00022143393,-0.0016791958,0.00025480604,0.008235317,-9.374497e-06,0.0003022788,0.0005619677,-0.0005541325,0.00061684055,0.00014030625,0.0009119025,0.00072194426,-0.00053527975,-0.00028302995,0.0008954973,0.00048107392,7.048447e-05,7.288943e-05,0.00025978318,-7.36274e-06,0.00018714454,0.0006514761,2.4770125e-05,-0.000113548755,0.00040646695,0.00015177309,0.00015659849,0.0001042486,0.00013747485,-3.41239e-05,9.725929e-05,-0.00025675463,8.056834e-05,-0.00013414914,-3.993016e-05,6.4623804e-05,9.101462e-05,-0.00018521989,-6.573321e-05,9.209565e-05
14,-0.0007117171,-0.004078522,-0.00091208436,-0.0013152068,-0.0010614037,-0.0025714547,6.68236e-05,-0.00021668014,0.0031050872,0.0008085529,0.0010386949,0.0014728152,-0.0016127599,-9.374497e-06,0.008368766,-0.0003701505,-7.587215e-05,-0.000568622,-0.000750441,9.114246e-05,0.0004904336,0.00042023463,0.00018428752,-0.00019161875,-0.00048933015,-0.00032662493,0.00047983305,-6.3819454e-05,-0.0004376229,0.0005084055,7.667161e-05,-7.046771e-05,2.609465e-05,-0.00011800192,0.0001574099,0.0004130149,0.00010060058,-9.077162e-05,0.00019973691,5.053555e-05,-0.00012111724,-0.00019597683,4.7767644e-05,-7.474433e-05,0.00021107364,4.516286e-07,-6.9334856e-05,-0.00012450194,-0.000108896114,3.9913444e-05
15,-0.0072697112,-0.0019279311,-0.0024079294,0.003212409,0.0015301646,0.00013440108,-0.0009811975,0.0022567934,-0.0011609299,0.0014817312,-0.0004935815,6.468374e-05,-0.0014297098,0.0003022788,-0.0003701505,0.008014367,0.00084172946,-0.00076770195,-0.00072350574,-0.0007960604,0.0006838013,-0.0002902997,0.000118594435,0.0007084083,-0.00013462862,0.00019715437,0.00022260477,0.00030302774,0.00010966325,-0.000104127066,-0.00018272868,-0.00035176438,-0.0002931801,0.00028034364,-0.00029043073,-0.00011893281,-1.8020382e-05,9.049176e-05,0.00011859731,-8.824689e-05,7.926279e-05,-0.0001237407,7.552572e-05,-0.00028012623,8.4498846e-05,-1.6337217e-05,-4.727124e-05,-0.00012584662,-7.447922e-05,-7.31749e-05
16,0.0059315967,0.00141098,-0.0008558845,-0.0005529902,0.0006542491,0.0033205762,-0.0020810599,0.0005389288,-0.0002355229,0.0011996229,-0.0029238826,0.00086039247,0.0003170636,0.0005619677,-7.587215e-05,0.00084172946,0.003587735,0.00026944609,-0.00024108157,0.001260883,-0.00019374432,-0.00038150576,-0.00067401247,0.0007131285,-0.00021524583,6.326343e-05,-0.00014326427,-0.00029754924,0.00011489003,0.00013769463,2.8564958e-05,0.0004117556,0.0001488252,-0.00013056275,-1.606437e-05,0.00018915575,0.00014905285,0.00029984262,0.00013887504,-4.9159375e-05,-0.0002999296,3.5884754e-05,-5.2595067e-05,7.5702237e-06,-2.678923e-05,-5.6918958e-05,-1.6809005e-05,-3.8258782e-05,4.5281224e-05,-7.201139e-05
17,0.0011343857,0.0034107883,0.00031536535,0.0001554161,0.00076306646,-0.0006360322,-0.00058733043,-0.0013128362,-0.0017145885,0.0010941861,-0.00016089142,0.0010983527,-0.0023025235,-0.0005541325,-0.000568622,-0.00076770195,0.00026944609,0.0050192834,-1.601494e-05,-0.00020403757,0.00058664504,0.00045793317,-0.0007959632,6.364893e-05,0.0006197768,-0.00019041597,-0.0003497505,-0.00018887129,8.578379e-05,-0.00019403275,-8.528029e-05,0.0002392942,-5.331338e-05,3.2755634e-05,-7.7831646e-05,-5.2874795e-05,1.7279022e-05,3.0591604e-05,5.798967e-05,3.9332306e-05,3.2462426e-06,-0.00013505622,2.9232448e-05,4.4619017e-05,2.7543654e-05,1.0330226e-05,-0.00011072724,1.7056213e-05,1.6972115e-05,-2.0070927e-05
18,-0.00026879215,0.00060410646,0.0014948674,0.001126894,0.0011840558,-0.0026179352,0.00090538454,0.0005726565,-0.00028104958,0.0020667051,0.00017667054,0.00076329056,0.0007880331,0.00061684055,-0.000750441,-0.00072350574,-0.00024108157,-1.601494e-05,0.004592717,-2.709043e-05,4.855469e-05,-0.0003002542,0.00012560931,0.00019332979,-0.00019370187,0.00014028592,9.202532e-05,-0.00024698532,-0.00021866732,2.0036669e-05,-0.00027708075,-0.00011336045,-0.00027841478,-1.8043655e-05,-2.6232923e-05,1.1751907e-06,0.00014556972,2.4299916e-05,0.0001284054,-7.012153e-05,-0.00012791579,-8.696439e-05,7.29863e-05,-0.00017528943,4.3569316e-06,8.112268e-06,-5.422894e-05,-9.540905e-05,-2.6166072e-05,-5.464358e-05
19,0.0010824908,0.0024623321,0.0015073136,-0.0017555689,0.00019096772,-0.0014721458,-0.001086667,-0.00037179986,8.8982226e-05,-0.00050113164,0.00054741965,-0.00061351544,-0.00077188783,0.00014030625,9.114246e-05,-0.0007960604,0.001260883,-0.00020403757,-2.709043e-05,0.00430064,0.00012742731,-0.00054657937,0.00010613484,-6.690425e-05,0.00011627996,-0.00016476135,1.7876295e-05,0.00012563878,-2.9709612e-05,-0.0004350866,-0.00010209577,-0.00022620225,-5.043816e-05,-0.000114839175,-0.00015630288,-4.724158e-05,4.0590458e-05,-2.0277257e-05,9.880403e-05,-3.136412e-06,1.7611812e-05,3.516186e-05,5.2348136e-05,-1.14298855e-05,-8.43124e-05,-7.033832e-05,-1.3697229e-05,4.1826897e-05,1.6579615e-05,0.00010526789
20,0.0005236546,-0.00026106465,-0.0011519744,0.0021072393,-0.00042065117,0.0014530211,8.0583064e-05,-0.0016694841,-0.001402159,0.0013201358,2.2559081e-05,0.0005916594,0.0005091018,0.0009119025,0.0004904336,0.0006838013,-0.00019374432,0.00058664504,4.855469e-05,0.00012742731,0.0036380014,-4.9071376e-05,-0.00010005834,-0.00031235517,-0.00022971892,3.8855296e-06,0.00010849464,0.00018404645,-0.0003015179,8.7628185e-05,-0.00019594876,-0.00015770383,0.00016804473,-0.00010701167,0.00016960865,-0.00013054792,-0.00021258483,-6.1998115e-05,-0.00021203831,-2.3390836e-05,5.8062826e-05,-1.1500361e-05,9.108742e-05,-5.664074e-06,5.8526282e-05,3.954565e-05,4.4484197e-05,9.6053096e-05,4.1709143e-05,7.714403e-05
21,0.0024404768,-0.0011637347,-0.00033369134,-0.0006475188,0.00027216907,0.0020671953,-0.00010546178,-0.000927049,-0.0001550582,-0.00048169214,0.00021064866,0.00011246234,0.0012199734,0.00072194426,0.00042023463,-0.0002902997,-0.00038150576,0.00045793317,-0.0003002542,-0.00054657937,-4.9071376e-05,0.0029433204,0.0003875813,0.00018399047,-0.00027686273,0.00030187692,7.993362e-06,0.00021012154,3.115826e-05,-0.00017229121,-0.00031086456,3.4925644e-05,-5.0626608e-05,-0.000122836,-0.00022431897,6.5601096e-05,0.00029215054,0.00013345334,0.00019035893,-7.043536e-05,0.00015805406,4.557543e-05,-3.3879034e-05,7.9057136e-05,2.3010074e-05,-5.8047273e-05,-5.5050637e-06,-6.421281e-05,3.036232e-06,-2.2745577e-05
22,-0.0013699965,-0.00030654742,0.0012971163,0.000477435,-0.0010137851,-0.0018742648,0.0015238281,-0.00012419978,-0.001452892,0.00067134877,0.00067636446,-0.0012628939,0.0006313544,-0.00053527975,0.00018428752,0.000118594435,-0.00067401247,-0.0007959632,0.00012560931,0.00010613484,-0.00010005834,0.0003875813,0.0024903324,-2.5812047e-05,0.0001512309,-0.00036804803,1.9717136e-05,8.598983e-05,-8.1662816e-05,-0.000112914975,-0.00026358519,0.00028439827,6.3591106e-05,3.253694e-05,4.667337e-05,-0.00027415244,3.9109073e-05,8.8577755e-05,-5.62589e-05,2.8130231e-05,-0.00024989154,-0.00012484848,-0.0001105205,1.8207445e-05,6.816132e-05,-7.175589e-05,-8.241279e-05,8.597227e-05,-2.1406273e-05,5.353552e-05
23,-0.0039480003,-0.00035728858,1.7610566e-06,0.0008603571,0.0011026002,-0.0024746396,-0.0018058963,-0.0002558195,-0.00040578042,0.00070092024,0.000624373,-0.0007678787,0.00011132677,-0.00028302995,-0.00019161875,0.0007084083,0.0007131285,6.364893e-05,0.00019332979,-6.690425e-05,-0.00031235517,0.00018399047,-2.5812047e-05,0.0027143862,0.00025992971,-0.00019503426,-5.2844218e-05,-0.00010351078,-0.00034872565,0.00015555962,-9.8982004e-05,0.00019263205,0.00020655498,3.6584912e-05,-3.1529555e-05,0.00023014273,0.0001716913,-0.000120408324,6.6625274e-05,3.848081e-06,0.0001060987,3.6031277e-05,2.7195656e-05,0.00010844612,2.5324912e-06,9.038481e-05,7.682114e-06,-2.422872e-05,2.77523e-05,3.6372552e-05
24,0.00033530605,0.0019386624,-0.00017840567,-0.00034105574,0.00020677307,0.0014375527,-0.0005445386,-0.0008198867,-0.00013533204,-0.00032388454,0.0008341812,-0.00051186536,0.0005601238,0.0008954973,-0.00048933015,-0.00013462862,-0.00021524583,0.0006197768,-0.00019370187,0.00011627996,-0.00022971892,-0.00027686273,0.0001512309,0.00025992971,0.002531287,2.1396369e-05,0.00014182368,0.00026494724,-0.00018888773,0.00013903443,5.683968e-05,-0.00034424552,0.00018269711,0.00020530634,4.8260914e-05,-7.009107e-05,-5.1745075e-05,-0.00016255396,0.0001705017,-6.8794593e-06,-7.8987956e-05,4.6519745e-05,-9.956765e-05,-2.5638994e-05,0.00010505614,-5.6706325e-05,1.3843277e-05,-5.175416e-05,-1.1095447e-05,-7.978178e-06
25,-0.0030814433,-0.0006168578,-8.2497005e-05,0.0016023573,0.00017302162,-0.0025418699,0.0013283691,-9.661541e-05,0.0008136471,0.00037805323,0.0011478183,7.765495e-05,-0.00042877166,0.00048107392,-0.00032662493,0.00019715437,6.326343e-05,-0.00019041597,0.00014028592,-0.00016476135,3.8855296e-06,0.00030187692,-0.00036804803,-0.00019503426,2.1396369e-05,0.002330062,0.00028059457,-3.5292192e-05,-0.00014875323,5.3098374e-05,6.175905e-05,7.444637e-05,0.0001622318,7.414192e-06,-0.00011075304,1.6222282e-05,-9.594328e-05,1.3426328e-05,5.2001706e-06,-3.1315296e-05,-0.00018637,0.00011055114,-1.785348e-05,1.02695285e-05,5.072872e-05,-7.622318e-06,-4.750347e-05,7.04664e-05,6.2129504e-05,4.0504815e-06
26,-0.00026142463,-0.0002151796,-0.00018934588,-0.0008934464,0.00031393583,0.00048679195,-0.0005170118,0.00010996936,-0.0008896272,0.00018140655,-0.0007752411,-0.00011843743,0.00019727682,7.048447e-05,0.00047983305,0.00022260477,-0.00014326427,-0.0003497505,9.202532e-05,1.7876295e-05,0.00010849464,7.993362e-06,1.9717136e-05,-5.2844218e-05,0.00014182368,0.00028059457,0.002068342,-0.00022888879,0.00013107638,-0.00024058184,-0.00014501641,-0.00011179436,-6.124487e-05,5.7276728e-05,-5.4700955e-05,7.815228e-05,-0.00012321002,-2.4210869e-05,1.7330569e-05,3.1683136e-05,9.230479e-06,-4.9860933e-05,2.0522912e-05,2.7374621e-05,-5.818809e-05,2.9947116e-05,-2.9066705e-05,6.668672e-05,9.377872e-06,2.2253407e-06
27,0.0006163445,-0.0009252379,-0.00016609344,0.00062928005,3.178135e-05,0.00036496043,8.5808795e-05,-0.00020139878,0.000548595,0.00052488944,0.0007408437,-7.304894e-05,9.069419e-05,7.288943e-05,-6.3819454e-05,0.00030302774,-0.00029754924,-0.00018887129,-0.00024698532,0.00012563878,0.00018404645,0.00021012154,8.598983e-05,-0.00010351078,0.00026494724,-3.5292192e-05,-0.00022888879,0.0013447402,0.00041276636,6.509308e-05,-0.00018883022,-9.9832985e-05,-7.386418e-05,-0.000101676094,4.514875e-05,1.16216725e-05,-1.6381977e-05,3.5240286e-05,7.6088836e-05,-5.045296e-05,-0.0001300547,2.426875e-05,9.606147e-05,3.9068054e-05,-1.1212706e-05,8.8206e-06,-5.1538787e-05,7.794021e-06,3.6199577e-05,-1.9214147e-05
28,-0.0010388163,-0.0011213326,0.0006264959,-0.00028000015,-0.000322413,-0.0007653872,0.00094423856,0.0006944818,-0.000576856,0.0007993672,-0.00017870413,-0.00015153413,-0.00012910791,0.00025978318,-0.0004376229,0.00010966325,0.00011489003,8.578379e-05,-0.00021866732,-2.9709612e-05,-0.0003015179,3.115826e-05,-8.1662816e-05,-0.00034872565,-0.00018888773,-0.00014875323,0.00013107638,0.00041276636,0.0014997819,1.0103269e-05,0.00015563198,0.00016581667,1.823514e-05,0.00016818065,-0.00010004762,8.453935e-05,8.5427455e-05,-5.646763e-05,-4.9903603e-05,3.5486635e-05,-2.139292e-05,-1.4380084e-05,5.6200348e-05,-5.662354e-05,8.323152e-05,-2.519764e-05,-9.3473875e-07,-0.00011107512,3.2094184e-05,8.917223e-05
29,-0.0029188273,-0.0011159156,-0.00013304179,0.00025229045,0.00046644825,-0.0011319936,-0.001307765,0.0007185794,0.00017805958,6.9761836e-06,-9.138523e-05,0.00023608732,-2.2522698e-05,-7.36274e-06,0.0005084055,-0.000104127066,0.00013769463,-0.00019403275,2.0036669e-05,-0.0004350866,8.7628185e-05,-0.00017229121,-0.000112914975,0.00015555962,0.00013903443,5.3098374e-05,-0.00024058184,6.509308e-05,1.0103269e-05,0.0012876826,-0.00010012794,7.540047e-05,3.3025273e-05,1.6332127e-05,6.591763e-05,-0.00015967357,-4.311499e-05,7.950763e-05,0.0001188071,4.0450395e-05,7.429847e-05,5.3869044e-05,-6.332233e-07,-6.9507405e-05,2.9561843e-05,-5.9976064e-05,1.7029637e-05,-1.7613605e-05,1.2904067e-05,3.8797414e-05
30,-0.0010236374,-0.0010103268,-0.000113668924,0.0011445419,-0.0010393918,-1.6223617e-05,0.0010272452,0.00012287142,-0.00032818806,0.0013290513,0.00029710407,0.00022280189,0.0006351343,0.00018714454,7.667161e-05,-0.00018272868,2.8564958e-05,-8.528029e-05,-0.00027708075,-0.00010209577,-0.00019594876,-0.00031086456,-0.00026358519,-9.8982004e-05,5.683968e-05,6.175905e-05,-0.00014501641,-0.00018883022,0.00015563198,-0.00010012794,0.0012539384,-1.5731654e-05,1.1590131e-05,-8.427487e-05,6.87189e-05,0.00012542435,-4.7931597e-05,-4.087748e-05,1.8202107e-05,-1.6076403e-05,7.97454e-05,-4.8009366e-05,-4.0530913e-06,-1.0972758e-05,1.1865112e-05,5.5331955e-05,2.289362e-05,2.0987085e-05,-6.0042003e-05,-4.2732187e-05
31,0.0006503054,0.00030194697,0.00016830678,-0.0009718278,0.00057500263,-0.00014284297,-0.0012821858,-0.0008902886,-0.0001594532,4.3456304e-05,9.784991e-05,-0.00030929854,-0.00010562931,0.0006514761,-7.046771e-05,-0.00035176438,0.0004117556,0.0002392942,-0.00011336045,-0.00022620225,-0.00015770383,3.4925644e-05,0.00028439827,0.00019263205,-0.00034424552,7.444637e-05,-0.00011179436,-9.9832985e-05,0.00016581667,7.540047e-05,-1.5731654e-05,0.0011170647,-3.576491e-05,3.6130667e-05,-1.5014031e-05,-1.4336589e-05,-0.00021384718,-3.6930855e-05,-4.8134534e-05,-3.6389152e-05,-6.0331426e-05,-7.00471e-05,4.1601274e-05,-3.7709586e-05,3.9349092e-05,-3.881592e-07,-1.4164215e-05,9.1325e-05,-3.6757523e-05,4.5311626e-06
32,-0.00079042173,0.00022146096,0.00024673803,0.00043047545,-0.0011354131,-0.0009184247,0.0014700354,0.0007359039,-6.378415e-05,1.0853901e-05,-0.0005912412,1.6119959e-05,0.00021412,2.4770125e-05,2.609465e-05,-0.0002931801,0.0001488252,-5.331338e-05,-0.00027841478,-5.043816e-05,0.00016804473,-5.0626608e-05,6.3591106e-05,0.00020655498,0.00018269711,0.0001622318,-6.124487e-05,-7.386418e-05,1.823514e-05,3.3025273e-05,1.1590131e-05,-3.576491e-05,0.000994268,-9.510844e-05,-0.0001379245,1.9386298e-05,2.4863695e-05,8.650489e-06,-3.2636453e-05,6.048124e-05,4.02828e-05,-5.0317876e-06,7.195592e-05,-4.2812273e-05,-3.177431e-05,7.0738897e-06,-2.0656496e-05,-7.3384954e-06,7.595896e-05,6.040394e-06
33,-0.00015554499,0.00010248278,-7.0567934e-05,-0.0006258492,0.0004938323,0.00015295671,-0.00044999318,0.00022136496,0.0006047966,-0.00016098053,0.00010813495,-2.3229586e-06,-0.00019709147,-0.000113548755,-0.00011800192,0.00028034364,-0.00013056275,3.2755634e-05,-1.8043655e-05,-0.000114839175,-0.00010701167,-0.000122836,3.253694e-05,3.6584912e-05,0.00020530634,7.414192e-06,5.7276728e-05,-0.000101676094,0.00016818065,1.6332127e-05,-8.427487e-05,3.6130667e-05,-9.510844e-05,0.00087190245,5.5606244e-05,3.7049434e-05,0.000100912584,-6.945869e-05,-9.2936854e-05,3.4161774e-05,2.6644171e-05,3.3914068e-05,5.8175996e-05,4.661111e-05,-8.331615e-05,-7.5591834e-06,2.4963188e-06,1.28265065e-05,5.3882628e-05,2.1134534e-05
34,-0.0010871115,-3.4011166e-05,0.00031647267,-0.00012682623,-0.00020109722,-0.0005576636,0.0004020058,0.000264219,-0.000344409,0.00034466098,0.00022018093,-0.00026241376,0.00016607132,0.00040646695,0.0001574099,-0.00029043073,-1.606437e-05,-7.7831646e-05,-2.6232923e-05,-0.00015630288,0.00016960865,-0.00022431897,4.667337e-05,-3.1529555e-05,4.8260914e-05,-0.00011075304,-5.4700955e-05,4.514875e-05,-0.00010004762,6.591763e-05,6.87189e-05,-1.5014031e-05,-0.0001379245,5.5606244e-05,0.0007510832,8.044787e-05,7.751846e-05,1.7431626e-05,-2.9472012e-05,-1.1691791e-05,-6.93949e-06,6.2713174e-05,4.780206e-05,3.6839374e-05,6.7790706e-06,-3.7278543e-05,-7.4132855e-05,4.71005e-05,5.185246e-05,-9.180521e-06
35,-0.0019030996,-0.00048407735,5.7404086e-05,-0.00028916576,-7.551911e-05,-0.0005682949,0.00026481412,0.00061760226,0.00013550796,-9.522821e-05,0.00026953508,0.00025436017,0.00010153903,0.00015177309,0.0004130149,-0.00011893281,0.00018915575,-5.2874795e-05,1.1751907e-06,-4.724158e-05,-0.00013054792,6.5601096e-05,-0.00027415244,0.00023014273,-7.009107e-05,1.6222282e-05,7.815228e-05,1.16216725e-05,8.453935e-05,-0.00015967357,0.00012542435,-1.4336589e-05,1.9386298e-05,3.7049434e-05,8.044787e-05,0.0006142511,2.926759e-05,-3.9717517e-05,-1.7763654e-05,-7.273888e-05,4.6657915e-06,1.589243e-05,-8.4910585e-05,1.7444172e-05,-4.241951e-05,-0.00010130848,-3.7009908e-05,4.187049e-05,9.448768e-06,2.2600165e-07
36,3.4301323e-05,0.00032553915,0.00031415233,-4.41924e-05,-0.00044572708,-0.00038577704,0.001086393,0.00045792243,6.5403647e-06,-0.00014905733,-0.0002701172,-7.895235e-05,1.5768075e-05,0.00015659849,0.00010060058,-1.8020382e-05,0.00014905285,1.7279022e-05,0.00014556972,4.0590458e-05,-0.00021258483,0.00029215054,3.9109073e-05,0.0001716913,-5.1745075e-05,-9.594328e-05,-0.00012321002,-1.6381977e-05,8.5427455e-05,-4.311499e-05,-4.7931597e-05,-0.00021384718,2.4863695e-05,0.000100912584,7.751846e-05,2.926759e-05,0.0005964855,4.8607464e-05,-3.2147975e-05,3.4848388e-05,-3.4449047e-05,-1.542055e-05,1.7979142e-05,-3.0083665e-05,3.9647857e-05,4.4654997e-05,1.5951446e-06,1.29702275e-05,-2.534706e-05,-3.6553196e-05
37,-0.0012249287,-0.0005807597,0.0003809632,0.00035740007,-0.000282583,-0.0013013554,0.00041718825,0.0004717556,-0.00048784883,0.00046317274,-0.00022016054,-0.00014777202,-0.00018377224,0.0001042486,-9.077162e-05,9.049176e-05,0.00029984262,3.0591604e-05,2.4299916e-05,-2.0277257e-05,-6.1998115e-05,0.00013345334,8.8577755e-05,-0.000120408324,-0.00016255396,1.3426328e-05,-2.4210869e-05,3.5240286e-05,-5.646763e-05,7.950763e-05,-4.087748e-05,-3.6930855e-05,8.650489e-06,-6.945869e-05,1.7431626e-05,-3.9717517e-05,4.8607464e-05,0.00067271,-2.6451804e-05,-3.584652e-06,0.00010271606,-1.4223491e-06,-5.6453977e-05,7.237761e-05,-0.00010108355,-5.485341e-07,3.0638952e-05,-1.1002898e-05,-8.467312e-06,1.5441281e-05
38,-0.00011256158,-7.202111e-05,0.00010829312,-9.149054e-05,5.5558896e-05,-0.0002695896,-0.00018252918,0.0003023171,4.440658e-05,0.00026395053,-0.00040853582,5.3704167e-05,2.9238137e-05,0.00013747485,0.00019973691,0.00011859731,0.00013887504,5.798967e-05,0.0001284054,9.880403e-05,-0.00021203831,0.00019035893,-5.62589e-05,6.6625274e-05,0.0001705017,5.2001706e-06,1.7330569e-05,7.6088836e-05,-4.9903603e-05,0.0001188071,1.8202107e-05,-4.8134534e-05,-3.2636453e-05,-9.2936854e-05,-2.9472012e-05,-1.7763654e-05,-3.2147975e-05,-2.6451804e-05,0.00063319283,-1.652986e-05,-5.9071117e-06,-4.0115947e-06,7.055016e-06,-3.5719262e-05,-2.9550938e-06,-7.0156702e-06,-1.098296e-05,3.911697e-05,-4.227134e-06,1.1659244e-05
39,0.00050535146,-8.445879e-05,-3.6333433e-05,3.423225e-05,-0.00022964049,0.00056820724,-0.00025307405,2.6935365e-06,7.6754e-05,0.0002204387,0.00023764036,2.0870655e-05,9.0298476e-05,-3.41239e-05,5.053555e-05,-8.824689e-05,-4.9159375e-05,3.9332306e-05,-7.012153e-05,-3.136412e-06,-2.3390836e-05,-7.043536e-05,2.8130231e-05,3.848081e-06,-6.8794593e-06,-3.1315296e-05,3.1683136e-05,-5.045296e-05,3.5486635e-05,4.0450395e-05,-1.6076403e-05,-3.6389152e-05,6.048124e-05,3.4161774e-05,-1.1691791e-05,-7.273888e-05,3.4848388e-05,-3.584652e-06,-1.652986e-05,0.0006694638,2.1788761e-05,-6.1791893e-06,6.3433104e-06,-5.314906e-05,-3.0229412e-06,-1.2329158e-06,1.6387792e-05,3.6990852e-05,-1.1909553e-05,1.8032406e-05
40,-0.00072575663,-0.0005719955,-4.017142e-05,-0.00018540604,-0.00010263141,-0.00065742177,-0.00027701168,-0.00018245433,4.298884e-05,-0.00010420286,0.00017759536,-0.00044899498,4.3424974e-05,9.725929e-05,-0.00012111724,7.926279e-05,-0.0002999296,3.2462426e-06,-0.00012791579,1.7611812e-05,5.8062826e-05,0.00015805406,-0.00024989154,0.0001060987,-7.8987956e-05,-0.00018637,9.230479e-06,-0.0001300547,-2.139292e-05,7.429847e-05,7.97454e-05,-6.0331426e-05,4.02828e-05,2.6644171e-05,-6.93949e-06,4.6657915e-06,-3.4449047e-05,0.00010271606,-5.9071117e-06,2.1788761e-05,0.0004741958,-2.0968757e-05,4.1405627e-05,-1.7654784e-05,1.36340805e-05,-4.3248496e-05,-3.8896437e-06,7.4736035e-06,8.362184e-07,1.4042982e-06
41,0.0007317123,-0.00021209527,-8.937217e-05,0.00033794,8.855474e-05,0.00051435496,-0.00016964533,2.82059e-05,0.00013935243,0.00019479897,-6.9267655e-05,0.00015506524,0.00016069197,-0.00025675463,-0.00019597683,-0.0001237407,3.5884754e-05,-0.00013505622,-8.696439e-05,3.516186e-05,-1.1500361e-05,4.557543e-05,-0.00012484848,3.6031277e-05,4.6519745e-05,0.00011055114,-4.9860933e-05,2.426875e-05,-1.4380084e-05,5.3869044e-05,-4.8009366e-05,-7.00471e-05,-5.0317876e-06,3.3914068e-05,6.2713174e-05,1.589243e-05,-1.542055e-05,-1.4223491e-06,-4.0115947e-06,-6.1791893e-06,-2.0968757e-05,0.0004683942,6.0063026e-05,3.0233798e-07,1.59532e-05,9.80722e-06,3.3973964e-05,4.1341926e-05,-3.4683915e-05,2.1841413e-05
42,0.00045501773,-3.93866e-05,-7.217287e-05,-0.00015427324,8.3702995e-05,0.00024518798,-0.0001528858,0.00013948855,0.00014306922,-4.193429e-05,4.820422e-06,0.00010435124,-4.0526753e-05,8.056834e-05,4.7767644e-05,7.552572e-05,-5.2595067e-05,2.9232448e-05,7.29863e-05,5.2348136e-05,9.108742e-05,-3.3879034e-05,-0.0001105205,2.7195656e-05,-9.956765e-05,-1.785348e-05,2.0522912e-05,9.606147e-05,5.6200348e-05,-6.332233e-07,-4.0530913e-06,4.1601274e-05,7.195592e-05,5.8175996e-05,4.780206e-05,-8.4910585e-05,1.7979142e-05,-5.6453977e-05,7.055016e-06,6.3433104e-06,4.1405627e-05,6.0063026e-05,0.0004839759,3.7574948e-05,-3.5531193e-05,1.3177385e-05,3.8764082e-07,3.5424753e-05,-2.9287883e-05,-5.3079602e-05
43,0.0003236524,-0.00023804446,1.5885185e-05,-0.00011366719,0.00023628987,0.00028144004,-0.0002543366,-0.000108866254,-0.00020694383,0.00019134153,8.7964116e-05,-7.594173e-05,2.4771643e-05,-0.00013414914,-7.474433e-05,-0.00028012623,7.5702237e-06,4.4619017e-05,-0.00017528943,-1.14298855e-05,-5.664074e-06,7.9057136e-05,1.8207445e-05,0.00010844612,-2.5638994e-05,1.02695285e-05,2.7374621e-05,3.9068054e-05,-5.662354e-05,-6.9507405e-05,-1.0972758e-05,-3.7709586e-05,-4.2812273e-05,4.661111e-05,3.6839374e-05,1.7444172e-05,-3.0083665e-05,7.237761e-05,-3.5719262e-05,-5.314906e-05,-1.7654784e-05,3.0233798e-07,3.7574948e-05,0.00043385028,6.7747314e-05,-6.4785518e-06,-2.0741786e-06,-2.0823536e-05,2.5372286e-05,1.1107913e-05
44,3.0971758e-05,0.0002617321,5.462526e-05,0.00021980885,-0.00046949816,0.00013484713,0.00091309054,0.0003161403,-0.00022433157,-0.00012298465,-0.00045106967,-2.0334093e-05,-4.856927e-05,-3.993016e-05,0.00021107364,8.4498846e-05,-2.678923e-05,2.7543654e-05,4.3569316e-06,-8.43124e-05,5.8526282e-05,2.3010074e-05,6.816132e-05,2.5324912e-06,0.00010505614,5.072872e-05,-5.818809e-05,-1.1212706e-05,8.323152e-05,2.9561843e-05,1.1865112e-05,3.9349092e-05,-3.177431e-05,-8.331615e-05,6.7790706e-06,-4.241951e-05,3.9647857e-05,-0.00010108355,-2.9550938e-06,-3.0229412e-06,1.36340805e-05,1.59532e-05,-3.5531193e-05,6.7747314e-05,0.00045901214,2.921964e-06,2.389582e-05,2.5535202e-05,2.777878e-05,-1.9062867e-05
45,0.0007241969,0.00019253546,-0.00014760203,-1.6930575e-05,3.726506e-05,0.00022540131,7.508333e-05,0.00015023028,0.0002750241,-5.6415298e-05,0.00016674981,4.3866054e-05,-0.000107470725,6.4623804e-05,4.516286e-07,-1.6337217e-05,-5.6918958e-05,1.0330226e-05,8.112268e-06,-7.033832e-05,3.954565e-05,-5.8047273e-05,-7.175589e-05,9.038481e-05,-5.6706325e-05,-7.622318e-06,2.9947116e-05,8.8206e-06,-2.519764e-05,-5.9976064e-05,5.5331955e-05,-3.881592e-07,7.0738897e-06,-7.5591834e-06,-3.7278543e-05,-0.00010130848,4.4654997e-05,-5.485341e-07,-7.0156702e-06,-1.2329158e-06,-4.3248496e-05,9.80722e-06,1.3177385e-05,-6.4785518e-06,2.921964e-06,0.00047804814,-8.565359e-06,-3.421645e-06,-1.856399e-06,1.5514128e-05
46,-0.00080617686,-0.00043932366,0.00013860042,0.000279132,-0.00031846805,-0.00045545105,0.00064869237,0.00037340846,3.683344e-05,-2.9486866e-05,0.00014383008,-7.6387194e-05,9.791162e-05,9.101462e-05,-6.9334856e-05,-4.727124e-05,-1.6809005e-05,-0.00011072724,-5.422894e-05,-1.3697229e-05,4.4484197e-05,-5.5050637e-06,-8.241279e-05,7.682114e-06,1.3843277e-05,-4.750347e-05,-2.9066705e-05,-5.1538787e-05,-9.3473875e-07,1.7029637e-05,2.289362e-05,-1.4164215e-05,-2.0656496e-05,2.4963188e-06,-7.4132855e-05,-3.7009908e-05,1.5951446e-06,3.0638952e-05,-1.098296e-05,1.6387792e-05,-3.8896437e-06,3.3973964e-05,3.8764082e-07,-2.0741786e-06,2.389582e-05,-8.565359e-06,0.0004374783,9.527375e-06,7.841428e-06,1.5655769e-06
47,-0.00021672844,0.0003871621,0.00018403851,0.0002037228,-0.00043107034,-0.00033415167,0.00051568984,0.00023773444,-0.00016592344,-0.00010605308,-0.00017069993,-8.2313934e-05,-7.9443824e-05,-0.00018521989,-0.00012450194,-0.00012584662,-3.8258782e-05,1.7056213e-05,-9.540905e-05,4.1826897e-05,9.6053096e-05,-6.421281e-05,8.597227e-05,-2.422872e-05,-5.175416e-05,7.04664e-05,6.668672e-05,7.794021e-06,-0.00011107512,-1.7613605e-05,2.0987085e-05,9.1325e-05,-7.3384954e-06,1.28265065e-05,4.71005e-05,4.187049e-05,1.29702275e-05,-1.1002898e-05,3.911697e-05,3.6990852e-05,7.4736035e-06,4.1341926e-05,3.5424753e-05,-2.0823536e-05,2.5535202e-05,-3.421645e-06,9.527375e-06,0.00029908094,-1.8645967e-05,-4.12593e-06
48,-0.00027892325,-0.00012641323,8.0570535e-05,0.00011279719,0.0001623875,-0.00025791812,9.678336e-05,0.00010962495,0.00017317475,0.0001289651,1.4181289e-05,0.00013580674,2.079344e-05,-6.573321e-05,-0.000108896114,-7.447922e-05,4.5281224e-05,1.6972115e-05,-2.6166072e-05,1.6579615e-05,4.1709143e-05,3.036232e-06,-2.1406273e-05,2.77523e-05,-1.1095447e-05,6.2129504e-05,9.377872e-06,3.6199577e-05,3.2094184e-05,1.2904067e-05,-6.0042003e-05,-3.6757523e-05,7.595896e-05,5.3882628e-05,5.185246e-05,9.448768e-06,-2.534706e-05,-8.467312e-06,-4.227134e-06,-1.1909553e-05,8.362184e-07,-3.4683915e-05,-2.9287883e-05,2.5372286e-05,2.777878e-05,-1.856399e-06,7.841428e-06,-1.8645967e-05,0.0003406413,-4.2631673e-06
49,1.0246251e-05,-4.0082938e-05,-1.7423703e-05,-0.0003405279,0.00018490788,0.00012749358,-0.00041658385,5.0527515e-06,-8.91846e-05,-6.4797496e-06,-7.8306155e-05,-1.4889447e-05,0.000116109615,9.209565e-05,3.9913444e-05,-7.31749e-05,-7.201139e-05,-2.0070927e-05,-5.464358e-05,0.00010526789,7.714403e-05,-2.2745577e-05,5.353552e-05,3.6372552e-05,-7.978178e-06,4.0504815e-06,2.2253407e-06,-1.9214147e-05,8.917223e-05,3.8797414e-05,-4.2732187e-05,4.5311626e-06,6.040394e-06,2.1134534e-05,-9.180521e-06,2.2600165e-07,-3.6553196e-05,1.5441281e-05,1.1659244e-05,1.8032406e-05,1.4042982e-06,2.1841413e-05,-5.3079602e-05,1.1107913e-05,-1.9062867e-05,1.5514128e-05,1.5655769e-06,-4.12593e-06,-4.2631673e-06,0.00028275422
