,0,1,2,3,4,5,6,7,8,9,10,11,12,13,14,15,16,17,18,19,20,21,22,23,24,25,26,27,28,29,30,31,32,33,34,35,36,37,38,39,40,41,42,43,44,45,46,47,48,49
0,460.16068,-15.179455,9.177034,-0.53768235,-0.013041746,0.012270134,0.0036511146,-0.0017664898,0.0005672145,0.0009391878,5.5326338e-05,4.463951e-05,-0.0003904737,-9.6812924e-05,-0.00022586295,-0.00021183229,1.224818e-05,0.00030787973,-0.00039037483,-0.00033763036,0.00038879446,0.00022481185,-0.00040915183,0.00034359854,1.4782576e-05,-0.00016084372,0.00052860985,-0.00014727753,-0.00041473453,-1.7976534e-05,2.4303234e-05,-0.00010278489,0.00018044977,0.00019517119,0.00016283602,2.7648786e-05,0.00019009902,-4.5129924e-05,0.00012922575,-1.48337e-05,6.971174e-05,4.1089872e-05,4.617966e-05,0.00014012128,-0.00010919043,-0.00011315252,1.2437353e-05,4.6502297e-05,9.592922e-05,-7.420416e-05
1,-15.179455,103.82909,-4.2105646,-0.19674787,0.006698017,-0.0008045675,0.0007816985,9.311642e-05,0.00021715337,-0.00013620916,-0.000708132,-0.0002554519,2.2147688e-05,-2.5992274e-05,-0.00060393516,1.9379186e-05,0.00011474232,0.00020740996,-3.7192178e-05,0.00010700751,-0.00010127187,0.00014879959,-0.0002357419,5.2610318e-05,-5.551958e-05,-0.00021379109,-6.6822264e-05,5.110684e-05,6.830988e-05,-0.000101517406,-2.2576063e-05,-3.2244094e-05,7.5937525e-05,-3.6163223e-05,-2.2940592e-05,-0.0001207755,2.5427133e-05,7.735047e-05,0.00010154978,3.8183418e-05,-2.0388408e-05,-3.1496686e-05,-4.5661443e-05,-3.2556673e-06,5.211671e-06,-4.184244e-05,9.534242e-06,4.295217e-05,2.0277384e-05,1.9756628e-05
2,9.177034,-4.2105646,63.78108,0.0029222462,-0.0046001123,0.003403904,0.0016271721,-0.00078374037,0.00017283467,0.00016035605,-0.00052060874,-0.00021843542,2.6573278e-05,-0.00013461802,2.3803703e-05,-5.884921e-05,-0.00012805744,-3.6215365e-06,-0.00033404428,-0.00016102412,6.79982e-05,-2.1475109e-05,-0.00019563964,0.00016557645,7.9092875e-05,-9.6595075e-05,-9.471725e-05,2.675526e-05,-7.669006e-05,7.1308095e-05,0.00010605776,3.199435e-06,7.0395734e-05,3.5616067e-05,8.611211e-05,-7.7135526e-05,1.8881694e-06,-8.9804176e-05,2.5726895e-05,8.385692e-06,-4.9016395e-05,1.8841689e-05,2.414141e-05,7.67614e-05,-9.537785e-06,-8.086962e-05,-5.251836e-05,7.0416376e-05,-1.8378032e-05,-6.796724e-05
3,-0.53768235,-0.19674787,0.0029222462,2.3745854,0.00092762057,0.0021717413,-0.002465634,0.0001922867,6.809828e-05,0.000104857245,0.0005335815,0.0005674362,0.0002763359,-0.00042535417,-0.00012698256,-4.0578252e-05,0.00045134762,1.7862561e-05,-0.00030564493,0.00046878678,8.708953e-05,-1.7076003e-05,-0.0003434892,-8.212091e-05,0.00010362913,9.742635e-05,0.00018599063,-0.00016149673,-0.00021039353,0.00015815023,-4.2346812e-05,3.644457e-05,-7.302298e-05,3.941785e-05,0.00010672347,-3.1724965e-05,7.026423e-05,2.2375942e-05,-5.8804308e-05,-5.732032e-05,3.3524339e-06,-2.2563686e-06,1.33811345e-05,1.2913259e-05,1.4179431e-05,-2.7176755e-05,-8.124588e-06,-1.2620476e-05,1.8504004e-05,-6.528112e-05
4,-0.013041746,0.006698017,-0.0046001123,0.00092762057,0.11892089,-0.017287359,-0.006296005,0.0022662748,-0.00024995615,-0.0019554384,0.0017992744,0.00024395192,0.0009801134,-0.00064089615,-0.00015763748,0.00026880048,0.00063465757,0.0002521827,0.00068987504,0.00031243797,-0.00021587507,-0.00024506997,0.00016997685,-0.00021540483,0.00055600744,0.0002887131,-0.0007638248,-4.2316693e-05,0.00030296104,6.7340006e-05,-0.00016807433,5.372651e-05,-0.00037702863,-0.00021345365,-0.0002355534,0.00019199791,-0.000100464735,6.128549e-05,-0.00026026941,-7.209432e-05,0.00011024206,1.8052293e-05,-1.8433244e-05,-8.5601736e-05,0.0002160148,0.00017231453,2.6451675e-05,-6.585922e-05,-4.1940497e-05,9.23092e-05
5,0.012270134,-0.0008045675,0.003403904,0.0021717413,-0.017287359,0.011278331,-0.0064816056,0.0012749826,0.00018121173,-0.00090186973,0.0021723746,0.0008950569,0.00060658023,-0.0006332931,-0.00034858903,-0.00064721156,0.0003826897,-0.0007299974,0.0002233441,8.339777e-05,-0.0001861295,-0.00044491218,0.00034315095,-6.53421e-05,0.00025264127,0.00049736805,-0.00010736136,8.58388e-05,0.00016085908,-0.000115418414,-1.1074793e-05,6.536685e-06,-0.00029541482,-0.00011002614,0.00012554781,0.0001236434,1.826767e-05,-0.00015039298,-0.000389934,-4.848933e-05,3.298265e-05,0.00011057496,3.0632124e-05,-0.00014347833,7.484237e-05,-1.1591429e-05,7.318828e-06,-5.7350328e-05,-0.00012022826,7.779083e-05
6,0.0036511146,0.0007816985,0.0016271721,-0.002465634,-0.006296005,-0.0064816056,0.017998682,0.0011590396,0.0016253254,-9.453599e-05,-0.0008875828,0.00013674474,-8.346259e-06,-0.00029849814,0.00029702368,-0.00037785893,-0.00035455468,-9.7239055e-05,0.0005083279,-0.0006043216,-0.00015022769,-5.2967127e-05,0.0002912269,-0.00022242701,0.00027224136,0.00011977127,-5.885656e-05,7.267915e-05,0.00042420282,-0.00021525467,0.00014396169,0.00011854553,-0.00033717934,-0.00016106357,-0.00015806215,-0.0003312728,0.00017495058,1.14358445e-05,0.00023404365,7.943188e-05,-4.4213033e-05,-0.00013384092,-0.00025086472,-0.00012688147,-2.1514705e-05,-1.0554055e-05,-5.783579e-05,0.000121529316,0.00013431537,0.000104566905
7,-0.0017664898,9.311642e-05,-0.00078374037,0.0001922867,0.0022662748,0.0012749826,0.0011590396,0.014839025,0.0008452494,0.000114587885,9.688157e-05,0.0008541188,0.0010048724,0.0016370409,-0.0005751853,-0.00072190864,-3.545005e-05,8.282543e-05,-0.0006456539,0.0003239474,0.00047147594,-0.00017580844,0.00016881556,3.4387198e-05,8.556638e-05,-0.00020209371,-0.00017106868,0.00038795365,2.1606622e-06,-0.00011524861,0.0001384803,0.00017912331,1.1601294e-05,0.00016843715,0.00030914752,-0.00012572878,-1.3275987e-05,-0.00040887226,-4.527904e-05,0.00012623756,0.00022014933,0.0002816747,-8.6813176e-05,0.00024591867,-1.6466694e-05,9.882711e-06,5.4079657e-05,8.191964e-05,5.9000376e-07,-2.8456103e-05
8,0.0005672145,0.00021715337,0.00017283467,6.809828e-05,-0.00024995615,0.00018121173,0.0016253254,0.0008452494,0.0077641434,0.00013873007,0.00066950766,0.0002634974,1.5994414e-05,-0.00033305335,-0.00014609203,0.00063887105,-4.8656824e-05,0.00021777069,-0.00022960268,0.00016096747,-0.00031393382,0.00011978595,-0.00014909382,-0.0001897683,0.0003190143,9.2255716e-05,4.866639e-05,-0.00021496702,-0.00027222003,-2.1484495e-05,1.9269995e-05,-5.6291435e-07,2.7533137e-05,9.138791e-05,-0.00011558084,0.00028401776,2.1496286e-05,-5.7046564e-05,-0.00010961406,-0.00020392705,-2.9506398e-05,-0.000114330614,9.782339e-05,9.8282035e-05,0.00013372963,0.0001261775,6.4048936e-06,-2.446688e-06,6.462146e-05,-8.692712e-05
9,0.0009391878,-0.00013620916,0.00016035605,0.000104857245,-0.0019554384,-0.00090186973,-9.453599e-05,0.000114587885,0.00013873007,0.0068218284,-0.00055119407,0.00035743535,0.00014240923,-0.00043257582,-3.4164816e-05,0.00013508098,0.00028887787,0.0004501858,0.00059873867,0.00027206045,0.0005503185,1.3635555e-05,-7.7868535e-05,-0.00024005341,-0.0002693124,0.000167922,-0.00029133406,1.7264008e-05,9.487539e-05,0.00025287052,-3.0036232e-05,-0.00012225151,0.00019536389,-2.2804037e-05,-5.7523226e-05,2.1170901e-05,-0.000109119654,2.964475e-05,1.0208646e-05,2.5591904e-05,-1.58205e-05,9.398417e-05,-7.163915e-06,4.490328e-05,8.52829e-05,0.00012975148,1.5318807e-05,-2.4822893e-05,-8.6678345e-05,-4.9853254e-05
10,5.5326338e-05,-0.000708132,-0.00052060874,0.0005335815,0.0017992744,0.0021723746,-0.0008875828,9.688157e-05,0.00066950766,-0.00055119407,0.005170778,0.0005965248,-0.000650062,-0.00040422205,0.00025129947,0.000118878306,0.00047372296,0.00016141753,0.0009519252,-0.00023378775,0.00039761025,4.4363194e-05,-5.2311196e-05,-9.551122e-05,0.00014030859,1.4076749e-05,-1.1937807e-05,-0.00016833656,-3.483557e-05,-0.00010794446,0.00017109237,-0.00021289047,-9.1558955e-05,5.4848977e-05,-2.0326494e-05,-0.00032637504,0.00019821979,-3.1772244e-05,0.0001726808,-2.120692e-05,-3.7977657e-06,4.6852456e-05,-9.3049704e-05,0.00012617692,-6.958682e-05,9.021425e-05,-3.2082964e-05,2.1198197e-05,1.2855708e-05,7.890207e-06
11,4.463951e-05,-0.0002554519,-0.00021843542,0.0005674362,0.00024395192,0.0008950569,0.00013674474,0.0008541188,0.0002634974,0.00035743535,0.0005965248,0.0046513374,-0.0006674026,-9.729291e-06,0.0002868293,-0.00020010906,0.00026523415,0.00010284659,-3.607992e-05,0.00035597422,-0.00010349174,-1.4876924e-05,9.218359e-05,0.000112362446,3.1870382e-05,-0.00015316973,9.483043e-05,7.6709315e-05,6.636207e-06,-3.1166717e-05,-0.00033476684,0.00013238072,-6.088433e-05,-0.00023365507,2.7405524e-05,-8.486252e-05,-3.1601627e-05,0.0002902327,-0.000159057,9.6886186e-05,1.2097971e-05,-1.616585e-05,2.739965e-06,-5.7335514e-05,0.00015203864,-3.0688847e-05,-7.19917e-05,2.3682383e-05,4.8434067e-05,-1.3524586e-05
12,-0.0003904737,2.2147688e-05,2.6573278e-05,0.0002763359,0.0009801134,0.00060658023,-8.346259e-06,0.0010048724,1.5994414e-05,0.00014240923,-0.000650062,-0.0006674026,0.0042432216,-0.0009394138,1.7301121e-05,-0.0003746883,0.00033778587,-0.00041061087,0.0001979519,6.186818e-05,-0.000121282515,-0.0002463952,7.350715e-05,-0.000113588474,5.4198837e-05,0.00017583946,0.00029863784,3.58165e-06,-0.00011784116,-4.075849e-05,-0.00014358148,3.5181598e-05,6.006307e-05,6.238579e-05,4.228241e-05,-0.00020989424,1.7077542e-05,3.5599398e-05,-1.1892565e-05,2.517243e-05,-6.821553e-05,-4.445675e-05,3.1622928e-06,5.1182375e-05,-3.6486395e-05,0.00012756606,-5.7697926e-05,4.429831e-07,3.4402303e-05,3.1497766e-06
13,-9.6812924e-05,-2.5992274e-05,-0.00013461802,-0.00042535417,-0.00064089615,-0.0006332931,-0.00029849814,0.0016370409,-0.00033305335,-0.00043257582,-0.00040422205,-9.729291e-06,-0.0009394138,0.0038750188,0.00013353751,5.9637947e-05,9.415462e-05,-0.00026656443,0.00039914582,2.353897e-05,-4.528142e-05,-5.239559e-05,-2.2011076e-05,-0.00014906967,-0.00015087162,0.00017207648,6.474255e-05,-0.00010353861,2.7873506e-05,0.00010402582,-0.00013000888,-5.330072e-05,0.00020593393,3.967758e-05,-0.00011189641,5.142921e-05,2.2598765e-06,1.4239789e-05,1.781475e-05,5.439963e-05,-0.00017772833,-0.000106242886,6.0580052e-05,4.256307e-05,-3.4712888e-05,0.00010134984,-4.2902444e-05,-1.5950092e-05,4.7456024e-06,1.5808777e-05
14,-0.00022586295,-0.00060393516,2.3803703e-05,-0.00012698256,-0.00015763748,-0.00034858903,0.00029702368,-0.0005751853,-0.00014609203,-3.4164816e-05,0.00025129947,0.0002868293,1.7301121e-05,0.00013353751,0.004102093,7.2097915e-05,6.899848e-05,-9.9312245e-05,-0.00010655036,-5.2285304e-05,-8.357434e-05,-9.189236e-05,0.00016166572,-1.0451733e-05,0.00017417921,7.391275e-05,5.984394e-05,0.0002010569,3.5768546e-05,0.00022985958,2.7734184e-05,-1.4034724e-05,3.725244e-05,0.00010519865,0.00015609374,-7.4261916e-05,-6.638249e-05,-2.4893456e-05,-7.098004e-05,-9.089189e-05,1.9796067e-07,8.504948e-05,-2.4166924e-05,9.6076095e-05,2.2573233e-06,5.5001483e-06,4.0193183e-05,2.7700558e-05,1.5908921e-05,-2.8082473e-05
15,-0.00021183229,1.9379186e-05,-5.884921e-05,-4.0578252e-05,0.00026880048,-0.00064721156,-0.00037785893,-0.00072190864,0.00063887105,0.00013508098,0.000118878306,-0.00020010906,-0.0003746883,5.9637947e-05,7.2097915e-05,0.003081929,-1.3731931e-05,-0.00024846592,-0.00017411014,0.00019145323,8.484771e-05,-0.00020063264,0.0001909011,0.00017824041,-0.00037552288,2.6953452e-05,-4.263052e-05,0.00014015398,-1.2242244e-05,-7.964106e-05,-1.2177436e-05,0.0002069505,0.00014559744,-8.46093e-05,0.00013447579,-0.000121487625,9.8763616e-05,-0.0001642754,4.4708228e-05,-2.4665027e-05,-2.4500947e-05,1.599162e-05,7.0003907e-06,-1.28638585e-05,-1.9324689e-05,7.222207e-05,3.2635537e-05,8.3903906e-05,3.8152786e-05,2.9067234e-05
16,1.224818e-05,0.00011474232,-0.00012805744,0.00045134762,0.00063465757,0.0003826897,-0.00035455468,-3.545005e-05,-4.8656824e-05,0.00028887787,0.00047372296,0.00026523415,0.00033778587,9.415462e-05,6.899848e-05,-1.3731931e-05,0.0028916087,6.6851817e-06,-0.0005329156,-0.00017321284,-0.00016543854,0.0001639016,9.929057e-05,-0.00024869028,-0.0001963689,7.916354e-05,3.6677244e-05,-1.6808022e-05,0.00014946976,-2.955515e-05,5.6528086e-05,4.8154856e-05,6.196276e-05,-2.8824597e-05,-4.7779577e-05,6.30619e-05,-3.5983998e-05,2.3243747e-06,9.874331e-05,4.8268932e-05,-6.55364e-05,-5.4156255e-05,-7.2713374e-05,-8.4272746e-05,-3.867904e-05,-2.5996182e-05,-3.632881e-06,1.2879902e-05,6.8316775e-05,-4.08482e-05
17,0.00030787973,0.00020740996,-3.6215365e-06,1.7862561e-05,0.0002521827,-0.0007299974,-9.7239055e-05,8.282543e-05,0.00021777069,0.0004501858,0.00016141753,0.00010284659,-0.00041061087,-0.00026656443,-9.9312245e-05,-0.00024846592,6.6851817e-06,0.00212421,-0.00015514862,-3.9131977e-05,-0.00010898303,-0.0001605087,9.5529154e-05,0.0001506022,-7.339619e-05,-3.0604144e-06,0.00020488983,-7.7040764e-05,-3.5906054e-05,-2.3709286e-05,-2.0065916e-05,3.3068065e-06,3.728213e-05,7.380641e-05,0.00014535262,-1.0801283e-05,3.2233453e-05,-6.947279e-05,-1.0534667e-05,1.6354497e-05,-1.642284e-05,-8.0364756e-05,9.890164e-06,-4.04097e-05,-5.623817e-05,-4.1881976e-05,-1.987036e-05,6.840884e-06,-3.351635e-05,1.145783e-05
18,-0.00039037483,-3.7192178e-05,-0.00033404428,-0.00030564493,0.00068987504,0.0002233441,0.0005083279,-0.0006456539,-0.00022960268,0.00059873867,0.0009519252,-3.607992e-05,0.0001979519,0.00039914582,-0.00010655036,-0.00017411014,-0.0005329156,-0.00015514862,0.001757966,3.2671094e-05,-0.00018590823,-8.13021e-05,8.672912e-05,-9.8865035e-05,-3.177166e-05,4.0950996e-05,4.526612e-05,-5.652247e-05,-1.9932359e-05,-0.00011062743,1.7844475e-06,7.39761e-05,2.1490352e-05,3.0811327e-06,9.480967e-05,4.8835944e-05,-0.00012611205,-3.611856e-05,-5.677498e-05,-1.53951e-05,1.9755353e-05,-4.7475503e-05,-2.9201947e-05,-1.1638673e-05,-5.2290132e-05,2.855945e-05,3.607547e-05,-4.038142e-05,5.199972e-05,1.6545931e-05
19,-0.00033763036,0.00010700751,-0.00016102412,0.00046878678,0.00031243797,8.339777e-05,-0.0006043216,0.0003239474,0.00016096747,0.00027206045,-0.00023378775,0.00035597422,6.186818e-05,2.353897e-05,-5.2285304e-05,0.00019145323,-0.00017321284,-3.9131977e-05,3.2671094e-05,0.0019773424,-0.00014419883,3.041988e-05,-0.00010496459,5.5110002e-05,0.00010913818,9.8173026e-05,0.00016023548,2.4099576e-05,1.0879601e-05,4.757922e-05,0.00016837587,2.4370782e-05,-8.062687e-05,0.00013314834,-9.892117e-05,-5.0703457e-05,-2.1158584e-07,-6.7670253e-06,9.2453956e-05,-5.108799e-05,-8.2714905e-05,-1.5620124e-05,-8.518594e-05,-6.833061e-05,-4.4799166e-05,-6.975756e-05,4.0366762e-05,-6.606504e-06,-7.929268e-06,1.6752132e-05
20,0.00038879446,-0.00010127187,6.79982e-05,8.708953e-05,-0.00021587507,-0.0001861295,-0.00015022769,0.00047147594,-0.00031393382,0.0005503185,0.00039761025,-0.00010349174,-0.000121282515,-4.528142e-05,-8.357434e-05,8.484771e-05,-0.00016543854,-0.00010898303,-0.00018590823,-0.00014419883,0.0017595695,-3.520246e-05,5.743676e-05,0.00013784111,0.00019783263,-2.2064054e-05,6.3081636e-05,4.1447372e-05,-4.6367582e-05,5.6192694e-06,-2.2824537e-05,0.000115111296,-7.699055e-05,3.510715e-05,-8.820286e-05,3.1843705e-05,3.5596036e-05,2.5446141e-05,3.094899e-05,-4.416483e-05,-2.7325132e-05,-3.1781947e-05,4.0693776e-05,3.656669e-07,-4.0586237e-05,-2.9326922e-05,4.815285e-06,-5.2913774e-06,5.451197e-05,3.459391e-05
21,0.00022481185,0.00014879959,-2.1475109e-05,-1.7076003e-05,-0.00024506997,-0.00044491218,-5.2967127e-05,-0.00017580844,0.00011978595,1.3635555e-05,4.4363194e-05,-1.4876924e-05,-0.0002463952,-5.239559e-05,-9.189236e-05,-0.00020063264,0.0001639016,-0.0001605087,-8.13021e-05,3.041988e-05,-3.520246e-05,0.0015671896,-1.832059e-05,6.527364e-05,3.8581045e-05,5.7816513e-05,0.000111746645,4.4322223e-05,-7.1907125e-05,-3.2864787e-05,1.4071134e-06,2.209872e-05,7.898188e-06,5.6472887e-05,5.856504e-05,-5.597061e-05,-6.426005e-05,-2.0900381e-05,2.360054e-05,-1.5997935e-05,1.1143555e-05,-8.526256e-06,4.031168e-05,4.124934e-05,-5.4924e-06,3.1656906e-05,1.9042644e-05,-2.055188e-05,-2.5954764e-06,6.7911235e-05
22,-0.00040915183,-0.0002357419,-0.00019563964,-0.0003434892,0.00016997685,0.00034315095,0.0002912269,0.00016881556,-0.00014909382,-7.7868535e-05,-5.2311196e-05,9.218359e-05,7.350715e-05,-2.2011076e-05,0.00016166572,0.0001909011,9.929057e-05,9.5529154e-05,8.672912e-05,-0.00010496459,5.743676e-05,-1.832059e-05,0.0014648504,1.343433e-05,-9.6434e-06,3.3627985e-05,6.1190716e-05,-8.403241e-05,-6.477369e-05,-7.769787e-05,6.381083e-05,-4.7550573e-05,-3.7488688e-05,9.9673285e-05,-7.339002e-05,5.570572e-05,-6.264246e-05,-6.4063706e-06,7.210579e-05,1.9101324e-05,-2.8767122e-06,-7.4944674e-06,1.9011153e-05,-3.9003484e-05,3.464121e-05,-1.964e-05,2.0568566e-05,-3.3783697e-05,-4.49577e-05,3.626421e-05
23,0.00034359854,5.2610318e-05,0.00016557645,-8.212091e-05,-0.00021540483,-6.53421e-05,-0.00022242701,3.4387198e-05,-0.0001897683,-0.00024005341,-9.551122e-05,0.000112362446,-0.000113588474,-0.00014906967,-1.0451733e-05,0.00017824041,-0.00024869028,0.0001506022,-9.8865035e-05,5.5110002e-05,0.00013784111,6.527364e-05,1.343433e-05,0.0010525497,8.636697e-06,0.00019243444,-2.0768119e-05,1.1046882e-05,0.00015224496,-9.615319e-05,1.6680417e-05,-0.00010923973,1.8590114e-05,2.8699764e-05,-2.6645216e-06,-2.8097824e-05,-0.000107814936,2.5225861e-05,-1.7968165e-05,9.607407e-05,2.3416847e-05,-5.305875e-07,-4.1853982e-05,1.5820686e-05,5.2761214e-07,8.7262466e-05,-4.6674533e-05,1.1011492e-05,3.7214704e-05,-5.093749e-05
24,1.4782576e-05,-5.551958e-05,7.9092875e-05,0.00010362913,0.00055600744,0.00025264127,0.00027224136,8.556638e-05,0.0003190143,-0.0002693124,0.00014030859,3.1870382e-05,5.4198837e-05,-0.00015087162,0.00017417921,-0.00037552288,-0.0001963689,-7.339619e-05,-3.177166e-05,0.00010913818,0.00019783263,3.8581045e-05,-9.6434e-06,8.636697e-06,0.00093714305,9.8520904e-05,-0.00010142063,-3.7190526e-05,7.735304e-05,1.4094252e-05,3.9341714e-05,-3.223183e-05,0.00017327024,-5.7421927e-05,8.1348866e-05,3.7831967e-05,-1.4563306e-05,1.0301241e-05,3.3337896e-05,1.919354e-05,-5.4474032e-05,-2.1693819e-05,3.9492315e-05,-8.170171e-05,-1.045355e-05,-4.5376923e-06,3.1024847e-05,1.806454e-05,-3.773214e-05,-1.137257e-06
25,-0.00016084372,-0.00021379109,-9.6595075e-05,9.742635e-05,0.0002887131,0.00049736805,0.00011977127,-0.00020209371,9.2255716e-05,0.000167922,1.4076749e-05,-0.00015316973,0.00017583946,0.00017207648,7.391275e-05,2.6953452e-05,7.916354e-05,-3.0604144e-06,4.0950996e-05,9.8173026e-05,-2.2064054e-05,5.7816513e-05,3.3627985e-05,0.00019243444,9.8520904e-05,0.0010394548,-4.9426148e-05,-2.1113367e-05,-1.3198595e-05,4.161113e-05,-0.00010141119,2.4871712e-05,-5.1227405e-05,-0.00010490898,-7.169e-06,3.6587597e-05,6.7248344e-05,-5.355863e-06,9.839043e-06,1.3209999e-05,3.147419e-05,-7.0098313e-06,3.9596816e-06,9.655989e-06,5.4272696e-06,-4.4470806e-05,-1.0354691e-05,8.663541e-06,1.1550677e-05,1.2213958e-05
26,0.00052860985,-6.6822264e-05,-9.471725e-05,0.00018599063,-0.0007638248,-0.00010736136,-5.885656e-05,-0.00017106868,4.866639e-05,-0.00029133406,-1.1937807e-05,9.483043e-05,0.00029863784,6.474255e-05,5.984394e-05,-4.263052e-05,3.6677244e-05,0.00020488983,4.526612e-05,0.00016023548,6.3081636e-05,0.000111746645,6.1190716e-05,-2.0768119e-05,-0.00010142063,-4.9426148e-05,0.0007073157,-8.4146006e-05,9.977976e-05,1.1902344e-05,-6.1898754e-06,2.9412326e-05,1.276396e-05,-6.8007794e-05,-3.8954207e-05,5.0848772e-05,4.1416184e-05,-4.9837236e-05,-6.189237e-05,-1.4582448e-05,2.314163e-05,-3.3913066e-06,-1.0270875e-05,2.1815093e-05,-6.0391696e-05,8.654718e-05,4.481698e-05,1.7273702e-05,1.3577654e-05,-3.1078193e-06
27,-0.00014727753,5.110684e-05,2.675526e-05,-0.00016149673,-4.2316693e-05,8.58388e-05,7.267915e-05,0.00038795365,-0.00021496702,1.7264008e-05,-0.00016833656,7.6709315e-05,3.58165e-06,-0.00010353861,0.0002010569,0.00014015398,-1.6808022e-05,-7.7040764e-05,-5.652247e-05,2.4099576e-05,4.1447372e-05,4.4322223e-05,-8.403241e-05,1.1046882e-05,-3.7190526e-05,-2.1113367e-05,-8.4146006e-05,0.0007676394,-6.985722e-05,-0.000108657856,1.6142457e-06,-7.047743e-05,-1.683718e-05,-8.668394e-06,-6.764481e-06,6.0582635e-05,6.1545484e-06,-2.0669127e-05,-2.411291e-05,-2.6955118e-05,9.486097e-06,-6.3630585e-05,-3.289117e-05,-3.829848e-05,-2.9532719e-05,3.6361584e-05,6.365236e-06,-4.9489787e-05,-2.2014037e-05,1.4005104e-06
28,-0.00041473453,6.830988e-05,-7.669006e-05,-0.00021039353,0.00030296104,0.00016085908,0.00042420282,2.1606622e-06,-0.00027222003,9.487539e-05,-3.483557e-05,6.636207e-06,-0.00011784116,2.7873506e-05,3.5768546e-05,-1.2242244e-05,0.00014946976,-3.5906054e-05,-1.9932359e-05,1.0879601e-05,-4.6367582e-05,-7.1907125e-05,-6.477369e-05,0.00015224496,7.735304e-05,-1.3198595e-05,9.977976e-05,-6.985722e-05,0.0008496065,-3.939338e-05,8.29931e-06,3.9227016e-05,-1.6416474e-05,2.2671305e-05,-2.714741e-05,2.640675e-05,3.6646692e-05,-3.3677898e-05,-1.539371e-05,-6.154647e-05,1.1859478e-05,-1.3500988e-05,2.6656446e-05,1.36730505e-05,3.4937802e-06,3.7976843e-06,4.094236e-06,-4.0528896e-05,-2.5233609e-05,5.8953e-06
29,-1.7976534e-05,-0.000101517406,7.1308095e-05,0.00015815023,6.7340006e-05,-0.000115418414,-0.00021525467,-0.00011524861,-2.1484495e-05,0.00025287052,-0.00010794446,-3.1166717e-05,-4.075849e-05,0.00010402582,0.00022985958,-7.964106e-05,-2.955515e-05,-2.3709286e-05,-0.00011062743,4.757922e-05,5.6192694e-06,-3.2864787e-05,-7.769787e-05,-9.615319e-05,1.4094252e-05,4.161113e-05,1.1902344e-05,-0.000108657856,-3.939338e-05,0.00065984577,4.912462e-05,-1.073694e-05,-6.9759844e-05,2.1305543e-05,-7.5925323e-06,-1.0307989e-05,1.2016757e-05,-3.322428e-05,2.3362572e-05,4.8518803e-05,6.26076e-05,-4.2492735e-05,1.1834052e-05,-8.5792e-06,-9.52084e-06,1.8066588e-05,-2.7341095e-05,-1.35276405e-05,1.4096495e-05,3.0513624e-05
30,2.4303234e-05,-2.2576063e-05,0.00010605776,-4.2346812e-05,-0.00016807433,-1.1074793e-05,0.00014396169,0.0001384803,1.9269995e-05,-3.0036232e-05,0.00017109237,-0.00033476684,-0.00014358148,-0.00013000888,2.7734184e-05,-1.2177436e-05,5.6528086e-05,-2.0065916e-05,1.7844475e-06,0.00016837587,-2.2824537e-05,1.4071134e-06,6.381083e-05,1.6680417e-05,3.9341714e-05,-0.00010141119,-6.1898754e-06,1.6142457e-06,8.29931e-06,4.912462e-05,0.0007151596,1.6122418e-05,4.8529644e-05,-5.958455e-05,-4.3388693e-05,4.108523e-05,-5.5216533e-06,1.7267346e-06,-4.9883638e-05,7.3864096e-05,6.2137087e-06,5.2221272e-05,8.5761385e-06,3.1525283e-06,-1.2713862e-05,3.183899e-06,-4.8240356e-05,-2.2951095e-05,-4.4627927e-06,-1.9377669e-05
31,-0.00010278489,-3.2244094e-05,3.199435e-06,3.644457e-05,5.372651e-05,6.536685e-06,0.00011854553,0.00017912331,-5.6291435e-07,-0.00012225151,-0.00021289047,0.00013238072,3.5181598e-05,-5.330072e-05,-1.4034724e-05,0.0002069505,4.8154856e-05,3.3068065e-06,7.39761e-05,2.4370782e-05,0.000115111296,2.209872e-05,-4.7550573e-05,-0.00010923973,-3.223183e-05,2.4871712e-05,2.9412326e-05,-7.047743e-05,3.9227016e-05,-1.073694e-05,1.6122418e-05,0.0006382197,-1.5884249e-05,-1.3890224e-05,9.347061e-05,-1.6174432e-05,-5.7937214e-05,6.2186205e-05,-1.01606665e-05,-1.5302323e-06,2.1456004e-05,1.9844952e-05,2.50114e-05,-1.9074855e-06,-1.5298536e-05,-1.6671718e-05,-1.3851947e-06,-2.7944863e-05,-2.0110674e-05,1.1840718e-05
32,0.00018044977,7.5937525e-05,7.0395734e-05,-7.302298e-05,-0.00037702863,-0.00029541482,-0.00033717934,1.1601294e-05,2.7533137e-05,0.00019536389,-9.1558955e-05,-6.088433e-05,6.006307e-05,0.00020593393,3.725244e-05,0.00014559744,6.196276e-05,3.728213e-05,2.1490352e-05,-8.062687e-05,-7.699055e-05,7.898188e-06,-3.7488688e-05,1.8590114e-05,0.00017327024,-5.1227405e-05,1.276396e-05,-1.683718e-05,-1.6416474e-05,-6.9759844e-05,4.8529644e-05,-1.5884249e-05,0.0006287491,-6.623259e-06,1.9563981e-06,-3.8149174e-05,2.0986616e-05,4.2606058e-05,6.3586904e-06,-1.5534184e-05,4.267987e-05,-1.626958e-05,-9.590815e-06,-9.349372e-06,1.0397934e-05,-2.7141732e-05,5.3508356e-06,2.386023e-06,9.92509e-06,2.0069656e-05
33,0.00019517119,-3.6163223e-05,3.5616067e-05,3.941785e-05,-0.00021345365,-0.00011002614,-0.00016106357,0.00016843715,9.138791e-05,-2.2804037e-05,5.4848977e-05,-0.00023365507,6.238579e-05,3.967758e-05,0.00010519865,-8.46093e-05,-2.8824597e-05,7.380641e-05,3.0811327e-06,0.00013314834,3.510715e-05,5.6472887e-05,9.9673285e-05,2.8699764e-05,-5.7421927e-05,-0.00010490898,-6.8007794e-05,-8.668394e-06,2.2671305e-05,2.1305543e-05,-5.958455e-05,-1.3890224e-05,-6.623259e-06,0.00056393276,2.8239514e-05,-1.7990086e-06,3.898025e-05,6.2527775e-05,-2.5750785e-05,-2.3820368e-05,1.1007875e-05,-3.6769045e-05,1.736054e-05,-8.375655e-06,1.8744765e-07,-5.6514587e-08,-6.9425187e-06,3.323824e-06,2.291278e-05,5.55111e-06
34,0.00016283602,-2.2940592e-05,8.611211e-05,0.00010672347,-0.0002355534,0.00012554781,-0.00015806215,0.00030914752,-0.00011558084,-5.7523226e-05,-2.0326494e-05,2.7405524e-05,4.228241e-05,-0.00011189641,0.00015609374,0.00013447579,-4.7779577e-05,0.00014535262,9.480967e-05,-9.892117e-05,-8.820286e-05,5.856504e-05,-7.339002e-05,-2.6645216e-06,8.1348866e-05,-7.169e-06,-3.8954207e-05,-6.764481e-06,-2.714741e-05,-7.5925323e-06,-4.3388693e-05,9.347061e-05,1.9563981e-06,2.8239514e-05,0.00041465616,8.364932e-05,3.714684e-05,-4.7791764e-05,3.884216e-05,5.3551565e-05,-2.1197851e-05,4.6454197e-06,-7.564706e-06,-3.0228197e-05,-2.8767641e-05,3.8319217e-06,-3.3454653e-05,-2.4256551e-05,-1.3692503e-05,-1.4858246e-05
35,2.7648786e-05,-0.0001207755,-7.7135526e-05,-3.1724965e-05,0.00019199791,0.0001236434,-0.0003312728,-0.00012572878,0.00028401776,2.1170901e-05,-0.00032637504,-8.486252e-05,-0.00020989424,5.142921e-05,-7.4261916e-05,-0.000121487625,6.30619e-05,-1.0801283e-05,4.8835944e-05,-5.0703457e-05,3.1843705e-05,-5.597061e-05,5.570572e-05,-2.8097824e-05,3.7831967e-05,3.6587597e-05,5.0848772e-05,6.0582635e-05,2.640675e-05,-1.0307989e-05,4.108523e-05,-1.6174432e-05,-3.8149174e-05,-1.7990086e-06,8.364932e-05,0.00046828308,-8.894072e-06,3.9790575e-05,2.103941e-05,-2.637145e-05,9.033783e-06,1.1575384e-05,-3.6769365e-05,2.8587292e-05,8.124365e-06,1.5679458e-05,1.3078608e-05,1.6338294e-05,2.9837644e-05,1.8175644e-05
36,0.00019009902,2.5427133e-05,1.8881694e-06,7.026423e-05,-0.000100464735,1.826767e-05,0.00017495058,-1.3275987e-05,2.1496286e-05,-0.000109119654,0.00019821979,-3.1601627e-05,1.7077542e-05,2.2598765e-06,-6.638249e-05,9.8763616e-05,-3.5983998e-05,3.2233453e-05,-0.00012611205,-2.1158584e-07,3.5596036e-05,-6.426005e-05,-6.264246e-05,-0.000107814936,-1.4563306e-05,6.7248344e-05,4.1416184e-05,6.1545484e-06,3.6646692e-05,1.2016757e-05,-5.5216533e-06,-5.7937214e-05,2.0986616e-05,3.898025e-05,3.714684e-05,-8.894072e-06,0.00040364914,6.1821316e-05,-5.475432e-06,2.4084968e-05,3.9249217e-06,1.6040365e-05,-4.313736e-06,5.5510864e-06,7.95707e-06,1.2065266e-05,1.8578161e-05,-4.0029954e-05,-5.76031e-06,2.936148e-05
37,-4.5129924e-05,7.735047e-05,-8.9804176e-05,2.2375942e-05,6.128549e-05,-0.00015039298,1.14358445e-05,-0.00040887226,-5.7046564e-05,2.964475e-05,-3.1772244e-05,0.0002902327,3.5599398e-05,1.4239789e-05,-2.4893456e-05,-0.0001642754,2.3243747e-06,-6.947279e-05,-3.611856e-05,-6.7670253e-06,2.5446141e-05,-2.0900381e-05,-6.4063706e-06,2.5225861e-05,1.0301241e-05,-5.355863e-06,-4.9837236e-05,-2.0669127e-05,-3.3677898e-05,-3.322428e-05,1.7267346e-06,6.2186205e-05,4.2606058e-05,6.2527775e-05,-4.7791764e-05,3.9790575e-05,6.1821316e-05,0.00032873236,2.5328856e-05,4.3602017e-06,1.46864e-06,2.133966e-05,-1.9708776e-05,4.024574e-06,-3.4332654e-05,3.6571866e-05,-6.8360787e-06,2.0601652e-05,-1.0841633e-05,-2.1817626e-05
38,0.00012922575,0.00010154978,2.5726895e-05,-5.8804308e-05,-0.00026026941,-0.000389934,0.00023404365,-4.527904e-05,-0.00010961406,1.0208646e-05,0.0001726808,-0.000159057,-1.1892565e-05,1.781475e-05,-7.098004e-05,4.4708228e-05,9.874331e-05,-1.0534667e-05,-5.677498e-05,9.2453956e-05,3.094899e-05,2.360054e-05,7.210579e-05,-1.7968165e-05,3.3337896e-05,9.839043e-06,-6.189237e-05,-2.411291e-05,-1.539371e-05,2.3362572e-05,-4.9883638e-05,-1.01606665e-05,6.3586904e-06,-2.5750785e-05,3.884216e-05,2.103941e-05,-5.475432e-06,2.5328856e-05,0.0003412245,3.7410573e-06,6.3616585e-06,3.2361775e-05,-4.361472e-06,2.1838738e-05,-2.1589249e-05,5.0705344e-06,-4.3993705e-06,-1.8613302e-05,-1.6264272e-05,-3.2500087e-05
39,-1.48337e-05,3.8183418e-05,8.385692e-06,-5.732032e-05,-7.209432e-05,-4.848933e-05,7.943188e-05,0.00012623756,-0.00020392705,2.5591904e-05,-2.120692e-05,9.6886186e-05,2.517243e-05,5.439963e-05,-9.089189e-05,-2.4665027e-05,4.8268932e-05,1.6354497e-05,-1.53951e-05,-5.108799e-05,-4.416483e-05,-1.5997935e-05,1.9101324e-05,9.607407e-05,1.919354e-05,1.3209999e-05,-1.4582448e-05,-2.6955118e-05,-6.154647e-05,4.8518803e-05,7.3864096e-05,-1.5302323e-06,-1.5534184e-05,-2.3820368e-05,5.3551565e-05,-2.637145e-05,2.4084968e-05,4.3602017e-06,3.7410573e-06,0.00033042047,-1.27149815e-05,-4.4578795e-05,-6.323993e-07,1.0977674e-05,1.7597455e-05,2.504878e-05,4.9254166e-05,7.559064e-06,1.869593e-05,1.0246387e-05
40,6.971174e-05,-2.0388408e-05,-4.9016395e-05,3.3524339e-06,0.00011024206,3.298265e-05,-4.4213033e-05,0.00022014933,-2.9506398e-05,-1.58205e-05,-3.7977657e-06,1.2097971e-05,-6.821553e-05,-0.00017772833,1.9796067e-07,-2.4500947e-05,-6.55364e-05,-1.642284e-05,1.9755353e-05,-8.2714905e-05,-2.7325132e-05,1.1143555e-05,-2.8767122e-06,2.3416847e-05,-5.4474032e-05,3.147419e-05,2.314163e-05,9.486097e-06,1.1859478e-05,6.26076e-05,6.2137087e-06,2.1456004e-05,4.267987e-05,1.1007875e-05,-2.1197851e-05,9.033783e-06,3.9249217e-06,1.46864e-06,6.3616585e-06,-1.27149815e-05,0.00036524548,-7.3100746e-06,-5.9376925e-06,-3.7419459e-06,-4.559286e-07,1.5776672e-07,1.5748265e-05,1.0192898e-05,6.3968696e-06,1.3109886e-07
41,4.1089872e-05,-3.1496686e-05,1.8841689e-05,-2.2563686e-06,1.8052293e-05,0.00011057496,-0.00013384092,0.0002816747,-0.000114330614,9.398417e-05,4.6852456e-05,-1.616585e-05,-4.445675e-05,-0.000106242886,8.504948e-05,1.599162e-05,-5.4156255e-05,-8.0364756e-05,-4.7475503e-05,-1.5620124e-05,-3.1781947e-05,-8.526256e-06,-7.4944674e-06,-5.305875e-07,-2.1693819e-05,-7.0098313e-06,-3.3913066e-06,-6.3630585e-05,-1.3500988e-05,-4.2492735e-05,5.2221272e-05,1.9844952e-05,-1.626958e-05,-3.6769045e-05,4.6454197e-06,1.1575384e-05,1.6040365e-05,2.133966e-05,3.2361775e-05,-4.4578795e-05,-7.3100746e-06,0.0002512626,7.2998655e-06,-6.734408e-06,1.544943e-05,2.0734456e-05,1.059635e-05,1.1616424e-05,2.2893668e-05,2.6117777e-05
42,4.617966e-05,-4.5661443e-05,2.414141e-05,1.33811345e-05,-1.8433244e-05,3.0632124e-05,-0.00025086472,-8.6813176e-05,9.782339e-05,-7.163915e-06,-9.3049704e-05,2.739965e-06,3.1622928e-06,6.0580052e-05,-2.4166924e-05,7.0003907e-06,-7.2713374e-05,9.890164e-06,-2.9201947e-05,-8.518594e-05,4.0693776e-05,4.031168e-05,1.9011153e-05,-4.1853982e-05,3.9492315e-05,3.9596816e-06,-1.0270875e-05,-3.289117e-05,2.6656446e-05,1.1834052e-05,8.5761385e-06,2.50114e-05,-9.590815e-06,1.736054e-05,-7.564706e-06,-3.6769365e-05,-4.313736e-06,-1.9708776e-05,-4.361472e-06,-6.323993e-07,-5.9376925e-06,7.2998655e-06,0.00027074935,-1.6774333e-05,5.8650066e-06,1.1457549e-05,2.8825743e-06,3.8061225e-06,6.779933e-06,-2.9363011e-05
43,0.00014012128,-3.2556673e-06,7.67614e-05,1.2913259e-05,-8.5601736e-05,-0.00014347833,-0.00012688147,0.00024591867,9.8282035e-05,4.490328e-05,0.00012617692,-5.7335514e-05,5.1182375e-05,4.256307e-05,9.6076095e-05,-1.28638585e-05,-8.4272746e-05,-4.04097e-05,-1.1638673e-05,-6.833061e-05,3.656669e-07,4.124934e-05,-3.9003484e-05,1.5820686e-05,-8.170171e-05,9.655989e-06,2.1815093e-05,-3.829848e-05,1.36730505e-05,-8.5792e-06,3.1525283e-06,-1.9074855e-06,-9.349372e-06,-8.375655e-06,-3.0228197e-05,2.8587292e-05,5.5510864e-06,4.024574e-06,2.1838738e-05,1.0977674e-05,-3.7419459e-06,-6.734408e-06,-1.6774333e-05,0.00024288656,-2.2692805e-06,-3.4163277e-05,-7.946582e-06,-1.036046e-06,-2.8614988e-05,-2.0331012e-05
44,-0.00010919043,5.211671e-06,-9.537785e-06,1.4179431e-05,0.0002160148,7.484237e-05,-2.1514705e-05,-1.6466694e-05,0.00013372963,8.52829e-05,-6.958682e-05,0.00015203864,-3.6486395e-05,-3.4712888e-05,2.2573233e-06,-1.9324689e-05,-3.867904e-05,-5.623817e-05,-5.2290132e-05,-4.4799166e-05,-4.0586237e-05,-5.4924e-06,3.464121e-05,5.2761214e-07,-1.045355e-05,5.4272696e-06,-6.0391696e-05,-2.9532719e-05,3.4937802e-06,-9.52084e-06,-1.2713862e-05,-1.5298536e-05,1.0397934e-05,1.8744765e-07,-2.8767641e-05,8.124365e-06,7.95707e-06,-3.4332654e-05,-2.1589249e-05,1.7597455e-05,-4.559286e-07,1.544943e-05,5.8650066e-06,-2.2692805e-06,0.00020545037,2.4359942e-06,-1.0950273e-06,-3.3869524e-05,-1.2924373e-05,1.3558347e-05
45,-0.00011315252,-4.184244e-05,-8.086962e-05,-2.7176755e-05,0.00017231453,-1.1591429e-05,-1.0554055e-05,9.882711e-06,0.0001261775,0.00012975148,9.021425e-05,-3.0688847e-05,0.00012756606,0.00010134984,5.5001483e-06,7.222207e-05,-2.5996182e-05,-4.1881976e-05,2.855945e-05,-6.975756e-05,-2.9326922e-05,3.1656906e-05,-1.964e-05,8.7262466e-05,-4.5376923e-06,-4.4470806e-05,8.654718e-05,3.6361584e-05,3.7976843e-06,1.8066588e-05,3.183899e-06,-1.6671718e-05,-2.7141732e-05,-5.6514587e-08,3.8319217e-06,1.5679458e-05,1.2065266e-05,3.6571866e-05,5.0705344e-06,2.504878e-05,1.5776672e-07,2.0734456e-05,1.1457549e-05,-3.4163277e-05,2.4359942e-06,0.00022515972,-1.0097674e-05,-4.712482e-06,-2.3550047e-05,-4.798513e-07
46,1.2437353e-05,9.534242e-06,-5.251836e-05,-8.124588e-06,2.6451675e-05,7.318828e-06,-5.783579e-05,5.4079657e-05,6.4048936e-06,1.5318807e-05,-3.2082964e-05,-7.19917e-05,-5.7697926e-05,-4.2902444e-05,4.0193183e-05,3.2635537e-05,-3.632881e-06,-1.987036e-05,3.607547e-05,4.0366762e-05,4.815285e-06,1.9042644e-05,2.0568566e-05,-4.6674533e-05,3.1024847e-05,-1.0354691e-05,4.481698e-05,6.365236e-06,4.094236e-06,-2.7341095e-05,-4.8240356e-05,-1.3851947e-06,5.3508356e-06,-6.9425187e-06,-3.3454653e-05,1.3078608e-05,1.8578161e-05,-6.8360787e-06,-4.3993705e-06,4.9254166e-05,1.5748265e-05,1.059635e-05,2.8825743e-06,-7.946582e-06,-1.0950273e-06,-1.0097674e-05,0.00024926494,-7.4732304e-07,-6.5560635e-06,-2.2854481e-05
47,4.6502297e-05,4.295217e-05,7.0416376e-05,-1.2620476e-05,-6.585922e-05,-5.7350328e-05,0.000121529316,8.191964e-05,-2.446688e-06,-2.4822893e-05,2.1198197e-05,2.3682383e-05,4.429831e-07,-1.5950092e-05,2.7700558e-05,8.3903906e-05,1.2879902e-05,6.840884e-06,-4.038142e-05,-6.606504e-06,-5.2913774e-06,-2.055188e-05,-3.3783697e-05,1.1011492e-05,1.806454e-05,8.663541e-06,1.7273702e-05,-4.9489787e-05,-4.0528896e-05,-1.35276405e-05,-2.2951095e-05,-2.7944863e-05,2.386023e-06,3.323824e-06,-2.4256551e-05,1.6338294e-05,-4.0029954e-05,2.0601652e-05,-1.8613302e-05,7.559064e-06,1.0192898e-05,1.1616424e-05,3.8061225e-06,-1.036046e-06,-3.3869524e-05,-4.712482e-06,-7.4732304e-07,0.0002030431,-2.0535655e-05,1.6580438e-05
48,9.592922e-05,2.0277384e-05,-1.8378032e-05,1.8504004e-05,-4.1940497e-05,-0.00012022826,0.00013431537,5.9000376e-07,6.462146e-05,-8.6678345e-05,1.2855708e-05,4.8434067e-05,3.4402303e-05,4.7456024e-06,1.5908921e-05,3.8152786e-05,6.8316775e-05,-3.351635e-05,5.199972e-05,-7.929268e-06,5.451197e-05,-2.5954764e-06,-4.49577e-05,3.7214704e-05,-3.773214e-05,1.1550677e-05,1.3577654e-05,-2.2014037e-05,-2.5233609e-05,1.4096495e-05,-4.4627927e-06,-2.0110674e-05,9.92509e-06,2.291278e-05,-1.3692503e-05,2.9837644e-05,-5.76031e-06,-1.0841633e-05,-1.6264272e-05,1.869593e-05,6.3968696e-06,2.2893668e-05,6.779933e-06,-2.8614988e-05,-1.2924373e-05,-2.3550047e-05,-6.5560635e-06,-2.0535655e-05,0.00020672822,-1.147221e-05
49,-7.420416e-05,1.9756628e-05,-6.796724e-05,-6.528112e-05,9.23092e-05,7.779083e-05,0.000104566905,-2.8456103e-05,-8.692712e-05,-4.9853254e-05,7.890207e-06,-1.3524586e-05,3.1497766e-06,1.5808777e-05,-2.8082473e-05,2.9067234e-05,-4.08482e-05,1.145783e-05,1.6545931e-05,1.6752132e-05,3.459391e-05,6.7911235e-05,3.626421e-05,-5.093749e-05,-1.137257e-06,1.2213958e-05,-3.1078193e-06,1.4005104e-06,5.8953e-06,3.0513624e-05,-1.9377669e-05,1.1840718e-05,2.0069656e-05,5.55111e-06,-1.4858246e-05,1.8175644e-05,2.936148e-05,-2.1817626e-05,-3.2500087e-05,1.0246387e-05,1.3109886e-07,2.6117777e-05,-2.9363011e-05,-2.0331012e-05,1.3558347e-05,-4.798513e-07,-2.2854481e-05,1.6580438e-05,-1.147221e-05,0.0001627939
