,0,1,2,3,4,5,6,7,8,9,10,11,12,13,14,15,16,17,18,19,20,21,22,23,24,25,26,27,28,29,30,31,32,33,34,35,36,37,38,39,40,41,42,43,44,45,46,47,48,49
0,59.179012,-12.802137,-4.715105,0.795252,-1.4046836,-1.1665103,0.43228996,0.046058968,-0.00024314548,0.004984622,-0.0011597283,-0.004933865,0.0008959914,-0.0018122123,0.0032517742,0.0030854975,-0.0040677628,-0.00019078661,-4.8174377e-05,-0.00026291385,-0.00014729348,-0.0008868457,-0.00013780591,0.0012680432,0.0015409696,-0.00073016237,-0.0002714882,0.00062491465,6.3952124e-05,0.00049814023,-0.00012566385,-0.0007959852,6.569816e-05,-0.00046828692,-0.00055916206,-0.0008101715,1.6596554e-05,4.9286915e-05,-5.886268e-05,-0.0006768374,0.0006732263,-0.000160734,8.402998e-05,-0.00035158702,0.00014766329,0.000103842714,-1.953973e-05,-0.00020619124,-8.615658e-05,-2.1930191e-05
1,-12.802137,2.9929998,0.9227334,-0.8903771,-0.095621035,0.2905686,-0.040653557,-0.038318064,0.0026572528,-5.762044e-05,-0.00028204016,0.0001459318,0.00011571612,-0.00032083807,-0.0006196117,-0.0006814818,0.0003786038,2.0107042e-05,-0.00058264734,0.00019665224,0.00023672543,0.0004379197,0.00032063888,7.036551e-05,-0.00011088536,-3.0806008e-05,3.6000642e-06,-8.918025e-05,5.260184e-05,-0.00015168288,0.00012610035,0.00022444135,0.00020823229,0.00022184555,5.1756375e-05,0.00020927974,0.00016797162,1.3186226e-05,-8.116504e-05,0.00024036993,-0.00025355816,4.228472e-05,3.0771145e-05,5.1862906e-05,-2.2744227e-05,-5.5147488e-05,-5.544079e-05,-1.6868598e-05,5.713484e-05,5.893495e-06
2,-4.715105,0.9227334,0.7724606,0.74565756,-0.44218546,-0.2751255,-0.005415527,-0.0098804785,-0.0058603073,0.0016521441,0.00035888772,0.0017858213,0.00026838592,0.0006807925,-0.00056798616,-0.00018406563,0.00012094766,-0.00020720124,0.0002940977,0.00016059075,2.7252314e-05,9.001752e-05,-0.0002001563,-0.00028831008,-0.0001348161,9.175521e-05,1.5681479e-05,7.484578e-05,0.00024699024,-9.2811315e-06,0.0001354035,1.3781795e-05,-0.00012034415,2.738244e-05,-4.659366e-05,-6.04404e-06,-0.00010333116,0.00010827836,0.000119904376,8.0168444e-05,0.00011083674,7.7287346e-05,3.9024133e-05,0.00011637738,6.0979946e-05,9.445617e-06,1.7707393e-05,4.5539615e-05,-1.8669663e-05,-4.2959065e-05
3,0.795252,-0.8903771,0.74565756,3.4426093,-0.024311762,-0.08423388,0.02985921,0.0074416455,-0.00027948403,0.0005990821,4.2889602e-05,0.00017081767,0.0007322504,0.000103678736,2.620116e-05,7.244098e-05,0.00083824457,-2.4327292e-08,0.00022531737,0.00014198977,-0.00025478879,6.922854e-05,0.00017563094,-0.00020786634,-7.236493e-05,-3.936812e-05,9.558693e-05,1.6457669e-05,-2.4746401e-05,1.801395e-05,-9.112697e-05,-2.7909795e-05,-9.229289e-05,1.4859581e-05,-6.953899e-05,-0.00011786694,5.6738463e-05,-0.00012887781,-1.2113535e-05,-3.6714613e-05,-1.832055e-05,-9.386192e-05,-1.1701617e-05,-2.9126964e-05,-1.5827522e-05,0.00012180967,-2.5030395e-05,-3.7238133e-05,-8.670916e-05,-6.321602e-05
4,-1.4046836,-0.095621035,-0.44218546,-0.024311762,2.6884189,0.14967182,-0.055078454,-0.0130149145,-0.00062474626,-0.002472002,0.00055901636,-0.0010650734,0.00067475636,-0.00021714042,-0.00027999654,0.0009150347,-0.00028589863,0.00016930996,-4.827146e-05,-0.0004790337,-0.00045023108,9.3188064e-05,-0.00025328918,-2.6233221e-05,-0.00015127452,0.0002543647,0.00013053598,-1.0393354e-05,-0.0001979066,-8.783346e-05,-2.2195638e-05,0.00011704304,2.589926e-05,-8.201148e-05,9.519161e-05,9.232586e-05,4.8969363e-05,7.890969e-06,6.6605135e-05,-2.025814e-05,-5.040297e-05,-7.575858e-05,6.663655e-06,0.00010977809,7.2068055e-05,-0.000117204996,6.419424e-05,-2.6354435e-05,3.7527618e-05,1.7097798e-05
5,-1.1665103,0.2905686,-0.2751255,-0.08423388,0.14967182,1.2447165,-0.096939206,-0.019066084,0.0083705215,-0.0015467672,-9.976731e-05,0.0007345921,-0.0005899933,0.00030125695,-0.00036222884,-0.0004098302,0.00021991425,-0.00048257556,-0.00027511208,0.00040237088,5.89463e-05,3.9731538e-05,3.7886944e-05,0.00023487228,1.6140277e-05,-9.8203294e-05,4.985212e-05,-2.6308939e-05,2.1289357e-05,8.800959e-05,-1.1541519e-05,-9.2275324e-05,2.3136563e-05,6.417265e-05,6.2678687e-06,5.0568713e-05,-0.0001574716,-8.257199e-05,-4.7434598e-05,2.3988465e-05,-1.0781976e-05,-2.2340719e-06,-8.046866e-05,-0.00016911764,-6.884399e-05,-0.00013284612,7.494803e-06,-9.5423515e-05,7.7282486e-05,-5.814404e-05
6,0.43228996,-0.040653557,-0.005415527,0.02985921,-0.055078454,-0.096939206,0.522223,0.0065565123,-0.0025215861,-0.00079798076,-0.00027332956,-0.00037542838,-0.00022016797,-0.0006044121,0.00035463856,0.00033781034,-0.0001421629,-1.0437052e-06,0.00026199233,0.00024498225,-0.00022051096,-5.3317766e-05,3.5786725e-05,-0.00010463194,-0.00020195173,-4.5711993e-05,9.6866615e-06,0.00012099598,1.4093817e-05,1.7402272e-05,-7.173448e-05,0.0001273895,-6.6842134e-05,-0.00014942329,4.468445e-05,-6.920824e-05,1.2618819e-05,-2.8738927e-05,5.946302e-05,2.1311798e-05,-2.0411182e-05,1.758468e-05,2.6871825e-05,4.7263484e-06,4.31999e-05,4.978637e-05,-4.0780833e-05,6.0457074e-05,5.2593175e-05,2.877252e-05
7,0.046058968,-0.038318064,-0.0098804785,0.0074416455,-0.0130149145,-0.019066084,0.0065565123,0.22672705,0.0017242343,-0.00012748069,-0.00055159465,-0.0006068402,0.0006039953,0.00014894363,-0.00028152973,0.0004637033,-0.0004782087,0.00011588496,-2.8148688e-05,-0.00018120685,7.4879405e-05,-9.921547e-05,-3.854634e-06,-4.668391e-05,-1.2399687e-05,1.8188526e-05,-4.901024e-05,8.51333e-05,9.646313e-05,-3.236455e-05,2.2026747e-05,-0.00012421422,3.1443415e-05,-1.7193863e-05,3.0558465e-05,-3.3855464e-05,-4.17225e-05,-1.2078852e-05,2.5261344e-05,-2.6571477e-05,-3.144146e-05,1.2081997e-05,-3.1468124e-05,-3.0366286e-05,-6.288922e-05,-7.01323e-05,1.6358468e-05,6.157848e-06,-1.1449623e-05,-2.8003047e-05
8,-0.00024314548,0.0026572528,-0.0058603073,-0.00027948403,-0.00062474626,0.0083705215,-0.0025215861,0.0017242343,0.01940163,0.00017959427,0.00057350256,-0.0004845108,-5.0725823e-05,-0.0005058461,-0.00020871157,-0.00015513558,0.0001332454,-6.985247e-05,8.395383e-05,0.00026096415,3.58998e-05,0.00023879218,0.00011874356,8.069905e-05,6.6908833e-06,0.00016755855,-7.9586855e-05,7.7761964e-05,7.7655335e-05,3.4850866e-05,8.050456e-05,-0.0001505689,6.751013e-05,0.0001940972,0.00017907232,5.7160156e-05,-0.00010908225,-0.00014870783,-0.00017523795,-5.5778022e-05,5.758133e-05,5.5306326e-05,-9.311286e-05,-0.0001539358,-9.989639e-05,-0.00014466114,4.4593624e-05,-3.7217702e-05,-3.2969983e-05,-0.00014019528
9,0.004984622,-5.762044e-05,0.0016521441,0.0005990821,-0.002472002,-0.0015467672,-0.00079798076,-0.00012748069,0.00017959427,0.007950735,-0.0001222527,-0.00020649935,-0.00019684754,0.0001046528,-0.0003192953,-7.773665e-05,-0.00035551924,-1.8143306e-05,0.00017734247,9.928662e-05,-5.5519326e-05,0.00012527106,1.6640029e-06,-2.2902634e-05,0.0001528161,-0.0001247004,0.000101740006,7.836564e-05,4.9253613e-05,-2.1599933e-05,8.220834e-05,1.04261e-05,2.4110434e-06,-8.454857e-06,-5.0122188e-05,2.1050852e-05,-2.091047e-06,-4.5215456e-05,-8.433177e-05,2.8776797e-06,8.694074e-05,2.5081015e-05,7.0367714e-05,7.3490155e-05,-2.6711752e-05,0.000117072064,-1.69988e-05,-1.48869885e-05,-4.8350965e-05,-3.576138e-05
10,-0.0011597283,-0.00028204016,0.00035888772,4.2889602e-05,0.00055901636,-9.976731e-05,-0.00027332956,-0.00055159465,0.00057350256,-0.0001222527,0.0051879385,-0.00011444443,-3.7192825e-05,0.00031619496,-6.370063e-05,2.1547567e-05,2.3358487e-05,0.00011135933,-4.0067964e-05,1.79649e-05,-3.773139e-05,-1.1202943e-05,-8.8101406e-05,-7.146067e-05,3.7737722e-05,-1.3682181e-05,2.0169862e-05,1.3429179e-05,-6.418492e-05,4.3947697e-05,-7.429501e-05,4.425519e-05,2.6459162e-05,-5.4810087e-05,-2.6658534e-05,1.16200376e-07,-4.481222e-06,9.551666e-05,1.0880591e-05,6.704105e-05,2.0807121e-05,-1.6548238e-05,7.5731936e-05,4.2592244e-05,6.976809e-05,5.881774e-05,-4.2207426e-05,-1.6259242e-05,-1.34645625e-05,6.365157e-05
11,-0.004933865,0.0001459318,0.0017858213,0.00017081767,-0.0010650734,0.0007345921,-0.00037542838,-0.0006068402,-0.0004845108,-0.00020649935,-0.00011444443,0.0046594013,-0.00013420709,5.856988e-05,-0.00028949222,-3.9135793e-05,0.0002518156,-8.2487444e-05,-3.0160598e-05,0.00028210165,-3.3586891e-06,0.00014820258,-7.574983e-05,-8.57975e-05,0.00015842398,6.0588776e-05,2.1042117e-05,-5.936826e-06,4.4814376e-05,3.9750652e-05,9.101278e-06,-1.6636839e-05,3.1539916e-05,5.219711e-05,7.5141594e-05,5.02278e-05,-0.00011926821,2.6985981e-05,-0.00010618383,-1.9823062e-06,4.499058e-05,-5.4223137e-06,7.9310295e-05,-1.6228485e-05,-1.6742839e-06,5.853706e-05,-3.128158e-05,-1.1563835e-05,5.0510913e-05,-3.6680125e-05
12,0.0008959914,0.00011571612,0.00026838592,0.0007322504,0.00067475636,-0.0005899933,-0.00022016797,0.0006039953,-5.0725823e-05,-0.00019684754,-3.7192825e-05,-0.00013420709,0.004264481,-0.00020173391,-5.246648e-05,2.1150838e-05,-8.435863e-05,-0.0001374526,-9.0877424e-05,7.71951e-06,6.129034e-05,-5.7112054e-05,9.1468006e-05,3.8028315e-06,6.541311e-05,4.5443594e-05,3.4797005e-05,-8.886472e-05,8.83723e-05,3.1505315e-06,-2.4708017e-05,-2.4963749e-05,-5.2107107e-06,-2.5148689e-05,1.6468912e-06,1.4033743e-05,2.7594957e-05,-1.5346908e-05,-9.149711e-06,6.367147e-06,1.3109277e-05,2.3293767e-05,-1.1295636e-05,6.474505e-05,-1.0420186e-05,4.8389848e-05,-1.81409e-05,-1.4700645e-05,-4.2371023e-05,1.2991395e-05
13,-0.0018122123,-0.00032083807,0.0006807925,0.000103678736,-0.00021714042,0.00030125695,-0.0006044121,0.00014894363,-0.0005058461,0.0001046528,0.00031619496,5.856988e-05,-0.00020173391,0.0028783935,-0.00015316842,0.00025812944,0.00013990907,-0.00016662844,-0.00011346771,5.3954434e-05,0.00019296783,-0.00019947527,-0.000120612036,3.814198e-05,6.393572e-05,0.00016606122,-6.2326464e-05,-0.0001332293,2.869777e-05,1.2230814e-05,2.6596103e-05,-0.000101228674,-1.3771594e-05,7.835882e-05,-1.5808819e-05,4.6671354e-05,-1.52497105e-05,-9.544776e-05,-5.8440186e-05,-2.1149654e-05,-6.614095e-06,6.497749e-05,-0.0001149169,-5.412473e-05,-0.00012567005,-4.961154e-05,1.3560651e-05,1.3158948e-05,-2.13503e-05,-2.0201602e-05
14,0.0032517742,-0.0006196117,-0.00056798616,2.620116e-05,-0.00027999654,-0.00036222884,0.00035463856,-0.00028152973,-0.00020871157,-0.0003192953,-6.370063e-05,-0.00028949222,-5.246648e-05,-0.00015316842,0.0027448793,0.000106257074,9.3539165e-05,-9.536438e-06,-2.3639106e-05,0.0001873997,5.1225812e-05,-2.3735367e-05,-0.00017642463,-6.139194e-05,0.000176793,6.137628e-05,3.3618133e-05,4.2258544e-05,-7.1458435e-06,2.137876e-06,-6.638471e-06,-4.774368e-06,2.6696473e-05,7.7170924e-05,3.2721447e-05,3.641343e-05,-8.5298976e-05,-7.710595e-06,-0.000115324714,-2.0392064e-05,6.397802e-05,3.219042e-05,3.494641e-05,-1.146142e-06,-4.547647e-05,2.6624637e-05,-3.529068e-05,-1.3504241e-05,-1.4801437e-05,-1.0308329e-05
15,0.0030854975,-0.0006814818,-0.00018406563,7.244098e-05,0.0009150347,-0.0004098302,0.00033781034,0.0004637033,-0.00015513558,-7.773665e-05,2.1547567e-05,-3.9135793e-05,2.1150838e-05,0.00025812944,0.000106257074,0.0024612644,-0.00018478025,0.0001703444,8.466898e-05,5.907813e-06,-5.9208916e-05,9.8125434e-05,0.0001596699,3.355798e-06,-5.4703116e-05,-6.686922e-05,6.6962184e-06,-1.2329228e-05,7.0186674e-05,1.6321756e-05,3.2298383e-05,-4.7349404e-06,4.7175417e-05,-3.3384847e-05,-7.431935e-06,-2.6861017e-05,-1.3287321e-05,-1.2357272e-05,-8.193939e-06,-1.6568374e-05,6.874199e-06,-2.5754582e-06,-1.4173294e-05,6.45485e-05,4.703247e-05,8.226014e-06,-6.7005176e-06,-1.7903314e-05,1.5657684e-05,-3.609882e-05
16,-0.0040677628,0.0003786038,0.00012094766,0.00083824457,-0.00028589863,0.00021991425,-0.0001421629,-0.0004782087,0.0001332454,-0.00035551924,2.3358487e-05,0.0002518156,-8.435863e-05,0.00013990907,9.3539165e-05,-0.00018478025,0.0022041975,4.6111607e-05,0.0002029872,-0.000115488554,-8.774224e-05,0.000104517734,0.00025954598,8.196093e-05,-0.00010600603,-9.275139e-05,5.950605e-05,9.31563e-07,2.3161414e-05,2.2616303e-05,3.5229845e-05,8.141353e-06,-2.2140198e-06,-5.8062964e-05,-2.5269917e-05,-2.1391439e-05,4.5052366e-05,-6.2949664e-05,3.248021e-05,2.4432453e-05,1.7176313e-05,1.6507802e-05,-4.6068657e-05,5.868909e-05,1.9090796e-05,2.6738153e-05,-7.3870024e-06,-3.843046e-05,-8.283867e-05,-1.9688276e-05
17,-0.00019078661,2.0107042e-05,-0.00020720124,-2.4327292e-08,0.00016930996,-0.00048257556,-1.0437052e-06,0.00011588496,-6.985247e-05,-1.8143306e-05,0.00011135933,-8.2487444e-05,-0.0001374526,-0.00016662844,-9.536438e-06,0.0001703444,4.6111607e-05,0.0017376521,-2.4997938e-05,-7.511939e-05,-2.292576e-05,-4.221469e-06,2.9090881e-05,8.792222e-06,6.8289286e-05,1.2657643e-05,1.6398602e-05,-2.6536207e-05,6.8021705e-05,-4.693569e-05,-8.515924e-06,8.073801e-06,-9.857574e-05,7.693392e-06,2.6051486e-05,4.806861e-06,7.278203e-06,-2.0653311e-05,-1.23989375e-05,-3.4077915e-05,-4.851199e-05,1.2270567e-05,8.34265e-07,-1.5849426e-05,-3.0013613e-05,2.8129934e-05,3.5660487e-06,1.1659448e-06,4.259434e-06,3.3661297e-07
18,-4.8174377e-05,-0.00058264734,0.0002940977,0.00022531737,-4.827146e-05,-0.00027511208,0.00026199233,-2.8148688e-05,8.395383e-05,0.00017734247,-4.0067964e-05,-3.0160598e-05,-9.0877424e-05,-0.00011346771,-2.3639106e-05,8.466898e-05,0.0002029872,-2.4997938e-05,0.0014452956,-1.134344e-05,9.355711e-05,-0.00012916094,-8.3139355e-05,-4.9555063e-05,5.1933508e-05,6.364369e-05,1.6068738e-05,-5.8755817e-05,3.2256175e-05,-1.6009322e-05,-3.5114488e-05,1.355737e-05,-3.0451702e-05,-2.3538032e-06,2.069676e-05,8.0573445e-06,-7.992039e-06,4.5767112e-05,1.7869446e-05,-2.6674956e-05,-4.974338e-06,1.649859e-06,2.2559796e-06,2.3758595e-05,1.3827125e-07,-5.489349e-06,-1.8616978e-05,1.587426e-05,9.551173e-06,4.222376e-05
19,-0.00026291385,0.00019665224,0.00016059075,0.00014198977,-0.0004790337,0.00040237088,0.00024498225,-0.00018120685,0.00026096415,9.928662e-05,1.79649e-05,0.00028210165,7.71951e-06,5.3954434e-05,0.0001873997,5.907813e-06,-0.000115488554,-7.511939e-05,-1.134344e-05,0.0013280235,-5.221909e-05,-1.01943115e-05,0.00011295226,-3.224214e-05,-9.1856724e-05,3.6477734e-06,-6.1464207e-06,-3.130589e-05,3.949953e-05,3.7605314e-05,2.2177876e-05,4.9719485e-05,-4.1595245e-05,-5.4408527e-05,-1.9916688e-05,-1.7739903e-05,5.9170845e-05,-2.5993977e-05,6.2485706e-05,9.8051605e-06,-2.0394029e-05,-2.5163885e-05,-2.5499863e-05,3.283303e-06,4.6169967e-05,2.6108032e-06,-1.0030919e-05,-1.3148654e-05,-3.286414e-05,2.5405505e-05
20,-0.00014729348,0.00023672543,2.7252314e-05,-0.00025478879,-0.00045023108,5.89463e-05,-0.00022051096,7.4879405e-05,3.58998e-05,-5.5519326e-05,-3.773139e-05,-3.3586891e-06,6.129034e-05,0.00019296783,5.1225812e-05,-5.9208916e-05,-8.774224e-05,-2.292576e-05,9.355711e-05,-5.221909e-05,0.0014676005,0.00010328216,6.549315e-05,4.415324e-06,2.799751e-05,-6.527209e-05,1.1424243e-05,4.658931e-05,-1.6025608e-05,4.052701e-06,-6.927471e-06,3.5069846e-05,-1.19148835e-05,-3.791122e-05,9.83971e-06,-3.0369615e-06,-4.9437074e-07,1.3386452e-06,9.079711e-06,-9.899327e-06,2.2188428e-06,6.400832e-06,1.1974207e-06,5.117555e-06,2.4295305e-05,1.0710103e-05,-9.867006e-06,-5.617675e-07,-4.174439e-06,4.763624e-06
21,-0.0008868457,0.0004379197,9.001752e-05,6.922854e-05,9.3188064e-05,3.9731538e-05,-5.3317766e-05,-9.921547e-05,0.00023879218,0.00012527106,-1.1202943e-05,0.00014820258,-5.7112054e-05,-0.00019947527,-2.3735367e-05,9.8125434e-05,0.000104517734,-4.221469e-06,-0.00012916094,-1.01943115e-05,0.00010328216,0.0012042909,-8.0444195e-05,-1.3534618e-05,4.3345008e-05,6.809768e-05,-4.3346623e-05,-5.515729e-05,2.0486277e-05,-1.9541316e-05,-5.0732604e-05,-6.9199923e-06,2.6312771e-05,-1.20338345e-05,-4.1885007e-05,-2.0382231e-05,3.2831114e-05,2.317183e-05,1.3909025e-05,-6.6014627e-06,-1.1605232e-05,4.1263893e-06,-1.1968825e-05,2.232052e-05,-1.4122221e-05,-5.953916e-07,-1.985962e-05,2.5517285e-05,7.8927515e-06,4.6002406e-05
22,-0.00013780591,0.00032063888,-0.0002001563,0.00017563094,-0.00025328918,3.7886944e-05,3.5786725e-05,-3.854634e-06,0.00011874356,1.6640029e-06,-8.8101406e-05,-7.574983e-05,9.1468006e-05,-0.000120612036,-0.00017642463,0.0001596699,0.00025954598,2.9090881e-05,-8.3139355e-05,0.00011295226,6.549315e-05,-8.0444195e-05,0.00103302,-5.665052e-05,0.00010287341,1.2463453e-05,-4.8384347e-05,2.1207594e-05,-2.486582e-05,-3.287471e-05,-9.7276925e-06,-2.6011767e-06,-2.368082e-05,5.4890006e-05,-6.441785e-05,1.365125e-05,-3.583415e-05,4.15093e-05,-6.7967e-05,5.106861e-06,-6.4071187e-06,2.0259497e-05,5.0214017e-05,-6.0756454e-05,-4.511496e-05,-3.1262316e-06,1.5202852e-05,2.858595e-05,3.693247e-05,3.5440487e-05
23,0.0012680432,7.036551e-05,-0.00028831008,-0.00020786634,-2.6233221e-05,0.00023487228,-0.00010463194,-4.668391e-05,8.069905e-05,-2.2902634e-05,-7.146067e-05,-8.57975e-05,3.8028315e-06,3.814198e-05,-6.139194e-05,3.355798e-06,8.196093e-05,8.792222e-06,-4.9555063e-05,-3.224214e-05,4.415324e-06,-1.3534618e-05,-5.665052e-05,0.0011272149,7.1516624e-05,3.9928866e-05,4.2657703e-06,-1.580978e-06,3.225653e-05,4.0171682e-05,1.3627652e-05,3.6373593e-05,1.4325664e-05,-1.534823e-06,-7.7806897e-07,1.7390248e-06,-1.9323335e-05,9.991535e-06,-4.5758043e-06,-9.152809e-07,5.1575553e-06,-2.2124437e-05,2.4662077e-05,7.0993674e-06,3.1435615e-05,3.169798e-05,-1.5094092e-05,-8.2624065e-06,7.331877e-06,-1.1555186e-06
24,0.0015409696,-0.00011088536,-0.0001348161,-7.236493e-05,-0.00015127452,1.6140277e-05,-0.00020195173,-1.2399687e-05,6.6908833e-06,0.0001528161,3.7737722e-05,0.00015842398,6.541311e-05,6.393572e-05,0.000176793,-5.4703116e-05,-0.00010600603,6.8289286e-05,5.1933508e-05,-9.1856724e-05,2.799751e-05,4.3345008e-05,0.00010287341,7.1516624e-05,0.0009518182,1.5155968e-07,-1.6186488e-05,-1.8909293e-05,-3.623103e-05,3.9880797e-05,2.479455e-05,-2.5555193e-05,-6.7211067e-06,3.4230015e-06,-8.612948e-06,-1.29167165e-05,4.182777e-05,-1.785732e-05,3.9530387e-05,4.5582114e-05,-1.0652375e-05,-2.979681e-05,-1.716004e-05,-3.7228674e-05,2.688801e-05,-3.753312e-05,2.2449782e-05,-3.108888e-05,-1.8453122e-05,-1.2661529e-05
25,-0.00073016237,-3.0806008e-05,9.175521e-05,-3.936812e-05,0.0002543647,-9.8203294e-05,-4.5711993e-05,1.8188526e-05,0.00016755855,-0.0001247004,-1.3682181e-05,6.0588776e-05,4.5443594e-05,0.00016606122,6.137628e-05,-6.686922e-05,-9.275139e-05,1.2657643e-05,6.364369e-05,3.6477734e-06,-6.527209e-05,6.809768e-05,1.2463453e-05,3.9928866e-05,1.5155968e-07,0.0009241822,4.042793e-05,2.8495238e-05,-7.0006545e-06,-6.340921e-05,1.8693576e-05,-5.9392187e-06,-5.1295567e-05,-3.5784768e-05,-1.9469175e-05,-1.25088045e-05,1.3883052e-05,1.4258064e-05,1.2274057e-05,-1.6681219e-05,-8.54404e-06,2.2817087e-05,7.1478025e-06,5.5263787e-05,-1.0845144e-05,1.6162201e-05,1.2526365e-05,2.9277084e-07,3.3794615e-06,-9.953876e-06
26,-0.0002714882,3.6000642e-06,1.5681479e-05,9.558693e-05,0.00013053598,4.985212e-05,9.6866615e-06,-4.901024e-05,-7.9586855e-05,0.000101740006,2.0169862e-05,2.1042117e-05,3.4797005e-05,-6.2326464e-05,3.3618133e-05,6.6962184e-06,5.950605e-05,1.6398602e-05,1.6068738e-05,-6.1464207e-06,1.1424243e-05,-4.3346623e-05,-4.8384347e-05,4.2657703e-06,-1.6186488e-05,4.042793e-05,0.000851683,2.1265652e-05,4.3808177e-05,1.1991264e-05,-9.72333e-06,1.2512688e-05,2.7580252e-05,1.3574733e-06,-4.5986904e-05,-7.828632e-06,-1.7061759e-06,6.5218337e-06,-1.4369871e-05,2.5629688e-05,-1.0699519e-05,-1.2721599e-05,-1.744392e-06,-3.963901e-05,-2.0550528e-05,2.8208547e-06,1.567226e-05,9.354706e-06,9.354773e-06,1.1459895e-05
27,0.00062491465,-8.918025e-05,7.484578e-05,1.6457669e-05,-1.0393354e-05,-2.6308939e-05,0.00012099598,8.51333e-05,7.7761964e-05,7.836564e-05,1.3429179e-05,-5.936826e-06,-8.886472e-05,-0.0001332293,4.2258544e-05,-1.2329228e-05,9.31563e-07,-2.6536207e-05,-5.8755817e-05,-3.130589e-05,4.658931e-05,-5.515729e-05,2.1207594e-05,-1.580978e-06,-1.8909293e-05,2.8495238e-05,2.1265652e-05,0.0007915987,4.043688e-05,3.0243644e-05,1.9511772e-06,-3.97647e-05,-2.3396296e-06,-2.4315028e-05,-2.466043e-05,8.8117395e-06,-1.3591628e-05,-5.9922804e-06,1.0792542e-05,-5.0113085e-06,-9.777341e-06,4.695845e-06,-3.021943e-05,2.0653697e-05,1.6152924e-05,1.0387514e-05,-2.8611614e-05,5.000512e-06,1.5849331e-05,1.5018279e-05
28,6.3952124e-05,5.260184e-05,0.00024699024,-2.4746401e-05,-0.0001979066,2.1289357e-05,1.4093817e-05,9.646313e-05,7.7655335e-05,4.9253613e-05,-6.418492e-05,4.4814376e-05,8.83723e-05,2.869777e-05,-7.1458435e-06,7.0186674e-05,2.3161414e-05,6.8021705e-05,3.2256175e-05,3.949953e-05,-1.6025608e-05,2.0486277e-05,-2.486582e-05,3.225653e-05,-3.623103e-05,-7.0006545e-06,4.3808177e-05,4.043688e-05,0.00074817985,1.6049187e-05,-1.8158365e-05,-2.366085e-05,1.3406099e-05,1.8575463e-05,4.5983354e-05,6.949922e-06,9.726755e-06,1.1757878e-05,1.353701e-05,2.7304655e-05,1.3023357e-05,5.2972205e-06,-4.638825e-06,-1.9718958e-05,1.1957294e-05,-4.089954e-05,-2.093448e-06,-2.6545712e-07,-6.851389e-06,1.1797009e-06
29,0.00049814023,-0.00015168288,-9.2811315e-06,1.801395e-05,-8.783346e-05,8.800959e-05,1.7402272e-05,-3.236455e-05,3.4850866e-05,-2.1599933e-05,4.3947697e-05,3.9750652e-05,3.1505315e-06,1.2230814e-05,2.137876e-06,1.6321756e-05,2.2616303e-05,-4.693569e-05,-1.6009322e-05,3.7605314e-05,4.052701e-06,-1.9541316e-05,-3.287471e-05,4.0171682e-05,3.9880797e-05,-6.340921e-05,1.1991264e-05,3.0243644e-05,1.6049187e-05,0.00070674653,-8.511268e-06,-5.771386e-07,-3.9585844e-05,-5.710843e-07,-6.846476e-06,-1.15598905e-05,8.778277e-06,9.858749e-06,-8.113271e-06,-3.409059e-05,-2.5945841e-05,2.2556625e-05,1.1103337e-05,2.3989225e-05,-2.8796703e-05,-6.3840566e-06,2.0846503e-05,1.6749065e-05,1.8634386e-05,1.0395304e-06
30,-0.00012566385,0.00012610035,0.0001354035,-9.112697e-05,-2.2195638e-05,-1.1541519e-05,-7.173448e-05,2.2026747e-05,8.050456e-05,8.220834e-05,-7.429501e-05,9.101278e-06,-2.4708017e-05,2.6596103e-05,-6.638471e-06,3.2298383e-05,3.5229845e-05,-8.515924e-06,-3.5114488e-05,2.2177876e-05,-6.927471e-06,-5.0732604e-05,-9.7276925e-06,1.3627652e-05,2.479455e-05,1.8693576e-05,-9.72333e-06,1.9511772e-06,-1.8158365e-05,-8.511268e-06,0.0006962403,1.2181365e-05,-8.8525314e-07,-6.385444e-06,8.5262745e-06,-2.3648984e-06,9.500485e-06,1.5199436e-05,6.699679e-06,-8.6506225e-06,-1.4496754e-05,1.4687681e-05,-4.096282e-06,1.6950318e-05,4.7871576e-06,-1.4034131e-05,-9.612323e-07,2.6135758e-06,1.164867e-06,3.233173e-05
31,-0.0007959852,0.00022444135,1.3781795e-05,-2.7909795e-05,0.00011704304,-9.2275324e-05,0.0001273895,-0.00012421422,-0.0001505689,1.04261e-05,4.425519e-05,-1.6636839e-05,-2.4963749e-05,-0.000101228674,-4.774368e-06,-4.7349404e-06,8.141353e-06,8.073801e-06,1.355737e-05,4.9719485e-05,3.5069846e-05,-6.9199923e-06,-2.6011767e-06,3.6373593e-05,-2.5555193e-05,-5.9392187e-06,1.2512688e-05,-3.97647e-05,-2.366085e-05,-5.771386e-07,1.2181365e-05,0.0006460965,1.205749e-05,1.5963407e-05,-1.6225874e-06,7.070561e-06,3.9798397e-06,-1.0412368e-05,-1.9735697e-05,7.0110545e-06,7.792261e-06,1.7318864e-05,-9.586482e-06,-4.2923957e-06,-9.4351935e-06,-1.9035891e-05,-8.502097e-07,-6.377711e-06,-3.8171515e-06,-1.7184273e-05
32,6.569816e-05,0.00020823229,-0.00012034415,-9.229289e-05,2.589926e-05,2.3136563e-05,-6.6842134e-05,3.1443415e-05,6.751013e-05,2.4110434e-06,2.6459162e-05,3.1539916e-05,-5.2107107e-06,-1.3771594e-05,2.6696473e-05,4.7175417e-05,-2.2140198e-06,-9.857574e-05,-3.0451702e-05,-4.1595245e-05,-1.19148835e-05,2.6312771e-05,-2.368082e-05,1.4325664e-05,-6.7211067e-06,-5.1295567e-05,2.7580252e-05,-2.3396296e-06,1.3406099e-05,-3.9585844e-05,-8.8525314e-07,1.205749e-05,0.0006108636,-5.866815e-07,5.95004e-06,8.159781e-06,-1.2313507e-05,-4.173249e-06,4.590276e-06,-1.8696894e-05,-2.697786e-05,2.7654232e-05,-1.4234536e-05,2.9376306e-06,-1.5763786e-05,-3.681594e-06,1.6625507e-05,-1.918748e-08,-1.3793795e-06,3.544973e-06
33,-0.00046828692,0.00022184555,2.738244e-05,1.4859581e-05,-8.201148e-05,6.417265e-05,-0.00014942329,-1.7193863e-05,0.0001940972,-8.454857e-06,-5.4810087e-05,5.219711e-05,-2.5148689e-05,7.835882e-05,7.7170924e-05,-3.3384847e-05,-5.8062964e-05,7.693392e-06,-2.3538032e-06,-5.4408527e-05,-3.791122e-05,-1.20338345e-05,5.4890006e-05,-1.534823e-06,3.4230015e-06,-3.5784768e-05,1.3574733e-06,-2.4315028e-05,1.8575463e-05,-5.710843e-07,-6.385444e-06,1.5963407e-05,-5.866815e-07,0.0005904614,-2.0931437e-05,-1.9996161e-05,1.874437e-05,2.821018e-05,3.105402e-05,9.359542e-06,-1.4956713e-05,-8.735174e-06,3.2284288e-06,3.5575416e-05,1.0371872e-05,2.2862003e-05,-2.0453008e-05,-2.3239124e-07,-1.6513917e-05,1.9509112e-05
34,-0.00055916206,5.1756375e-05,-4.659366e-05,-6.953899e-05,9.519161e-05,6.2678687e-06,4.468445e-05,3.0558465e-05,0.00017907232,-5.0122188e-05,-2.6658534e-05,7.5141594e-05,1.6468912e-06,-1.5808819e-05,3.2721447e-05,-7.431935e-06,-2.5269917e-05,2.6051486e-05,2.069676e-05,-1.9916688e-05,9.83971e-06,-4.1885007e-05,-6.441785e-05,-7.7806897e-07,-8.612948e-06,-1.9469175e-05,-4.5986904e-05,-2.466043e-05,4.5983354e-05,-6.846476e-06,8.5262745e-06,-1.6225874e-06,5.95004e-06,-2.0931437e-05,0.0005134392,-6.783387e-06,3.1527758e-05,1.9089712e-06,-2.6667492e-06,2.0364394e-05,-1.0681313e-05,-3.577542e-06,2.9870982e-05,-1.6017468e-05,-1.2132046e-05,2.9469182e-05,4.1600993e-06,3.7062305e-06,1.7518412e-06,1.0257488e-05
35,-0.0008101715,0.00020927974,-6.04404e-06,-0.00011786694,9.232586e-05,5.0568713e-05,-6.920824e-05,-3.3855464e-05,5.7160156e-05,2.1050852e-05,1.16200376e-07,5.02278e-05,1.4033743e-05,4.6671354e-05,3.641343e-05,-2.6861017e-05,-2.1391439e-05,4.806861e-06,8.0573445e-06,-1.7739903e-05,-3.0369615e-06,-2.0382231e-05,1.365125e-05,1.7390248e-06,-1.29167165e-05,-1.25088045e-05,-7.828632e-06,8.8117395e-06,6.949922e-06,-1.15598905e-05,-2.3648984e-06,7.070561e-06,8.159781e-06,-1.9996161e-05,-6.783387e-06,0.0005009488,2.258398e-05,1.8147703e-05,1.4586753e-06,-2.3504883e-06,-3.051721e-05,-1.4269181e-05,3.3192846e-06,1.2354702e-05,-9.943697e-07,3.128348e-07,-6.9876724e-06,-1.0210568e-05,-1.044701e-05,8.380126e-06
36,1.6596554e-05,0.00016797162,-0.00010333116,5.6738463e-05,4.8969363e-05,-0.0001574716,1.2618819e-05,-4.17225e-05,-0.00010908225,-2.091047e-06,-4.481222e-06,-0.00011926821,2.7594957e-05,-1.52497105e-05,-8.5298976e-05,-1.3287321e-05,4.5052366e-05,7.278203e-06,-7.992039e-06,5.9170845e-05,-4.9437074e-07,3.2831114e-05,-3.583415e-05,-1.9323335e-05,4.182777e-05,1.3883052e-05,-1.7061759e-06,-1.3591628e-05,9.726755e-06,8.778277e-06,9.500485e-06,3.9798397e-06,-1.2313507e-05,1.874437e-05,3.1527758e-05,2.258398e-05,0.00043502095,6.1390683e-06,-3.1541225e-05,-7.728068e-06,1.0042882e-05,1.8148741e-05,-1.9590028e-05,5.862396e-07,-4.5008564e-06,5.3637514e-06,-1.2278297e-05,2.0907003e-06,1.5766338e-05,-8.614326e-06
37,4.9286915e-05,1.3186226e-05,0.00010827836,-0.00012887781,7.890969e-06,-8.257199e-05,-2.8738927e-05,-1.2078852e-05,-0.00014870783,-4.5215456e-05,9.551666e-05,2.6985981e-05,-1.5346908e-05,-9.544776e-05,-7.710595e-06,-1.2357272e-05,-6.2949664e-05,-2.0653311e-05,4.5767112e-05,-2.5993977e-05,1.3386452e-06,2.317183e-05,4.15093e-05,9.991535e-06,-1.785732e-05,1.4258064e-05,6.5218337e-06,-5.9922804e-06,1.1757878e-05,9.858749e-06,1.5199436e-05,-1.0412368e-05,-4.173249e-06,2.821018e-05,1.9089712e-06,1.8147703e-05,6.1390683e-06,0.00040803957,-6.2680883e-06,-1.8323826e-05,9.382626e-06,1.6677797e-05,-2.7420749e-05,-1.347016e-05,-5.358077e-06,-1.7546803e-05,1.414388e-05,-8.197989e-06,5.0436292e-06,-2.2046597e-05
38,-5.886268e-05,-8.116504e-05,0.000119904376,-1.2113535e-05,6.6605135e-05,-4.7434598e-05,5.946302e-05,2.5261344e-05,-0.00017523795,-8.433177e-05,1.0880591e-05,-0.00010618383,-9.149711e-06,-5.8440186e-05,-0.000115324714,-8.193939e-06,3.248021e-05,-1.23989375e-05,1.7869446e-05,6.2485706e-05,9.079711e-06,1.3909025e-05,-6.7967e-05,-4.5758043e-06,3.9530387e-05,1.2274057e-05,-1.4369871e-05,1.0792542e-05,1.353701e-05,-8.113271e-06,6.699679e-06,-1.9735697e-05,4.590276e-06,3.105402e-05,-2.6667492e-06,1.4586753e-06,-3.1541225e-05,-6.2680883e-06,0.00039580205,-2.9293008e-06,-4.299091e-06,2.1037886e-05,9.650992e-06,-9.814079e-06,-2.362784e-05,-2.1413948e-06,3.4640234e-06,-7.0452797e-06,4.1991298e-06,-8.410117e-06
39,-0.0006768374,0.00024036993,8.0168444e-05,-3.6714613e-05,-2.025814e-05,2.3988465e-05,2.1311798e-05,-2.6571477e-05,-5.5778022e-05,2.8776797e-06,6.704105e-05,-1.9823062e-06,6.367147e-06,-2.1149654e-05,-2.0392064e-05,-1.6568374e-05,2.4432453e-05,-3.4077915e-05,-2.6674956e-05,9.8051605e-06,-9.899327e-06,-6.6014627e-06,5.106861e-06,-9.152809e-07,4.5582114e-05,-1.6681219e-05,2.5629688e-05,-5.0113085e-06,2.7304655e-05,-3.409059e-05,-8.6506225e-06,7.0110545e-06,-1.8696894e-05,9.359542e-06,2.0364394e-05,-2.3504883e-06,-7.728068e-06,-1.8323826e-05,-2.9293008e-06,0.0003682813,-7.212864e-06,1.2902979e-05,-1.366943e-05,3.05241e-05,-3.3889078e-06,-9.832211e-06,6.407391e-06,4.2442616e-06,2.616757e-05,-5.7362454e-06
40,0.0006732263,-0.00025355816,0.00011083674,-1.832055e-05,-5.040297e-05,-1.0781976e-05,-2.0411182e-05,-3.144146e-05,5.758133e-05,8.694074e-05,2.0807121e-05,4.499058e-05,1.3109277e-05,-6.614095e-06,6.397802e-05,6.874199e-06,1.7176313e-05,-4.851199e-05,-4.974338e-06,-2.0394029e-05,2.2188428e-06,-1.1605232e-05,-6.4071187e-06,5.1575553e-06,-1.0652375e-05,-8.54404e-06,-1.0699519e-05,-9.777341e-06,1.3023357e-05,-2.5945841e-05,-1.4496754e-05,7.792261e-06,-2.697786e-05,-1.4956713e-05,-1.0681313e-05,-3.051721e-05,1.0042882e-05,9.382626e-06,-4.299091e-06,-7.212864e-06,0.0003489388,2.886526e-06,-1.3491783e-06,6.03886e-06,-1.0726602e-05,-8.738627e-06,1.2778224e-05,-5.398335e-06,9.188023e-06,5.4091106e-06
41,-0.000160734,4.228472e-05,7.7287346e-05,-9.386192e-05,-7.575858e-05,-2.2340719e-06,1.758468e-05,1.2081997e-05,5.5306326e-05,2.5081015e-05,-1.6548238e-05,-5.4223137e-06,2.3293767e-05,6.497749e-05,3.219042e-05,-2.5754582e-06,1.6507802e-05,1.2270567e-05,1.649859e-06,-2.5163885e-05,6.400832e-06,4.1263893e-06,2.0259497e-05,-2.2124437e-05,-2.979681e-05,2.2817087e-05,-1.2721599e-05,4.695845e-06,5.2972205e-06,2.2556625e-05,1.4687681e-05,1.7318864e-05,2.7654232e-05,-8.735174e-06,-3.577542e-06,-1.4269181e-05,1.8148741e-05,1.6677797e-05,2.1037886e-05,1.2902979e-05,2.886526e-06,0.00033978026,2.2384116e-05,-1.722848e-05,1.911008e-05,1.51025e-05,-3.8150824e-06,2.0190814e-06,3.5327096e-06,-1.7976034e-06
42,8.402998e-05,3.0771145e-05,3.9024133e-05,-1.1701617e-05,6.663655e-06,-8.046866e-05,2.6871825e-05,-3.1468124e-05,-9.311286e-05,7.0367714e-05,7.5731936e-05,7.9310295e-05,-1.1295636e-05,-0.0001149169,3.494641e-05,-1.4173294e-05,-4.6068657e-05,8.34265e-07,2.2559796e-06,-2.5499863e-05,1.1974207e-06,-1.1968825e-05,5.0214017e-05,2.4662077e-05,-1.716004e-05,7.1478025e-06,-1.744392e-06,-3.021943e-05,-4.638825e-06,1.1103337e-05,-4.096282e-06,-9.586482e-06,-1.4234536e-05,3.2284288e-06,2.9870982e-05,3.3192846e-06,-1.9590028e-05,-2.7420749e-05,9.650992e-06,-1.366943e-05,-1.3491783e-06,2.2384116e-05,0.00030802208,1.05726795e-05,-8.258175e-06,-2.2126635e-05,2.5903382e-06,8.3869945e-06,-7.0320652e-06,-3.051181e-06
43,-0.00035158702,5.1862906e-05,0.00011637738,-2.9126964e-05,0.00010977809,-0.00016911764,4.7263484e-06,-3.0366286e-05,-0.0001539358,7.3490155e-05,4.2592244e-05,-1.6228485e-05,6.474505e-05,-5.412473e-05,-1.146142e-06,6.45485e-05,5.868909e-05,-1.5849426e-05,2.3758595e-05,3.283303e-06,5.117555e-06,2.232052e-05,-6.0756454e-05,7.0993674e-06,-3.7228674e-05,5.5263787e-05,-3.963901e-05,2.0653697e-05,-1.9718958e-05,2.3989225e-05,1.6950318e-05,-4.2923957e-06,2.9376306e-06,3.5575416e-05,-1.6017468e-05,1.2354702e-05,5.862396e-07,-1.347016e-05,-9.814079e-06,3.05241e-05,6.03886e-06,-1.722848e-05,1.05726795e-05,0.00026114265,-7.3902784e-06,-2.24631e-05,1.2316117e-05,1.9008456e-05,-1.8155907e-06,2.9570192e-06
44,0.00014766329,-2.2744227e-05,6.0979946e-05,-1.5827522e-05,7.2068055e-05,-6.884399e-05,4.31999e-05,-6.288922e-05,-9.989639e-05,-2.6711752e-05,6.976809e-05,-1.6742839e-06,-1.0420186e-05,-0.00012567005,-4.547647e-05,4.703247e-05,1.9090796e-05,-3.0013613e-05,1.3827125e-07,4.6169967e-05,2.4295305e-05,-1.4122221e-05,-4.511496e-05,3.1435615e-05,2.688801e-05,-1.0845144e-05,-2.0550528e-05,1.6152924e-05,1.1957294e-05,-2.8796703e-05,4.7871576e-06,-9.4351935e-06,-1.5763786e-05,1.0371872e-05,-1.2132046e-05,-9.943697e-07,-4.5008564e-06,-5.358077e-06,-2.362784e-05,-3.3889078e-06,-1.0726602e-05,1.911008e-05,-8.258175e-06,-7.3902784e-06,0.00030452717,-5.458326e-06,1.2185486e-05,7.110002e-06,-1.0599217e-05,-3.4327845e-06
45,0.000103842714,-5.5147488e-05,9.445617e-06,0.00012180967,-0.000117204996,-0.00013284612,4.978637e-05,-7.01323e-05,-0.00014466114,0.000117072064,5.881774e-05,5.853706e-05,4.8389848e-05,-4.961154e-05,2.6624637e-05,8.226014e-06,2.6738153e-05,2.8129934e-05,-5.489349e-06,2.6108032e-06,1.0710103e-05,-5.953916e-07,-3.1262316e-06,3.169798e-05,-3.753312e-05,1.6162201e-05,2.8208547e-06,1.0387514e-05,-4.089954e-05,-6.3840566e-06,-1.4034131e-05,-1.9035891e-05,-3.681594e-06,2.2862003e-05,2.9469182e-05,3.128348e-07,5.3637514e-06,-1.7546803e-05,-2.1413948e-06,-9.832211e-06,-8.738627e-06,1.51025e-05,-2.2126635e-05,-2.24631e-05,-5.458326e-06,0.00027238828,1.5908987e-05,2.6058967e-07,4.403655e-07,2.8779477e-06
46,-1.953973e-05,-5.544079e-05,1.7707393e-05,-2.5030395e-05,6.419424e-05,7.494803e-06,-4.0780833e-05,1.6358468e-05,4.4593624e-05,-1.69988e-05,-4.2207426e-05,-3.128158e-05,-1.81409e-05,1.3560651e-05,-3.529068e-05,-6.7005176e-06,-7.3870024e-06,3.5660487e-06,-1.8616978e-05,-1.0030919e-05,-9.867006e-06,-1.985962e-05,1.5202852e-05,-1.5094092e-05,2.2449782e-05,1.2526365e-05,1.567226e-05,-2.8611614e-05,-2.093448e-06,2.0846503e-05,-9.612323e-07,-8.502097e-07,1.6625507e-05,-2.0453008e-05,4.1600993e-06,-6.9876724e-06,-1.2278297e-05,1.414388e-05,3.4640234e-06,6.407391e-06,1.2778224e-05,-3.8150824e-06,2.5903382e-06,1.2316117e-05,1.2185486e-05,1.5908987e-05,0.00026044814,-9.4581865e-06,-1.0036018e-05,1.1652854e-05
47,-0.00020619124,-1.6868598e-05,4.5539615e-05,-3.7238133e-05,-2.6354435e-05,-9.5423515e-05,6.0457074e-05,6.157848e-06,-3.7217702e-05,-1.48869885e-05,-1.6259242e-05,-1.1563835e-05,-1.4700645e-05,1.3158948e-05,-1.3504241e-05,-1.7903314e-05,-3.843046e-05,1.1659448e-06,1.587426e-05,-1.3148654e-05,-5.617675e-07,2.5517285e-05,2.858595e-05,-8.2624065e-06,-3.108888e-05,2.9277084e-07,9.354706e-06,5.000512e-06,-2.6545712e-07,1.6749065e-05,2.6135758e-06,-6.377711e-06,-1.918748e-08,-2.3239124e-07,3.7062305e-06,-1.0210568e-05,2.0907003e-06,-8.197989e-06,-7.0452797e-06,4.2442616e-06,-5.398335e-06,2.0190814e-06,8.3869945e-06,1.9008456e-05,7.110002e-06,2.6058967e-07,-9.4581865e-06,0.00024117893,-1.9386684e-05,-1.1526622e-05
48,-8.615658e-05,5.713484e-05,-1.8669663e-05,-8.670916e-05,3.7527618e-05,7.7282486e-05,5.2593175e-05,-1.1449623e-05,-3.2969983e-05,-4.8350965e-05,-1.34645625e-05,5.0510913e-05,-4.2371023e-05,-2.13503e-05,-1.4801437e-05,1.5657684e-05,-8.283867e-05,4.259434e-06,9.551173e-06,-3.286414e-05,-4.174439e-06,7.8927515e-06,3.693247e-05,7.331877e-06,-1.8453122e-05,3.3794615e-06,9.354773e-06,1.5849331e-05,-6.851389e-06,1.8634386e-05,1.164867e-06,-3.8171515e-06,-1.3793795e-06,-1.6513917e-05,1.7518412e-06,-1.044701e-05,1.5766338e-05,5.0436292e-06,4.1991298e-06,2.616757e-05,9.188023e-06,3.5327096e-06,-7.0320652e-06,-1.8155907e-06,-1.0599217e-05,4.403655e-07,-1.0036018e-05,-1.9386684e-05,0.00021740276,4.0932664e-06
49,-2.1930191e-05,5.893495e-06,-4.2959065e-05,-6.321602e-05,1.7097798e-05,-5.814404e-05,2.877252e-05,-2.8003047e-05,-0.00014019528,-3.576138e-05,6.365157e-05,-3.6680125e-05,1.2991395e-05,-2.0201602e-05,-1.0308329e-05,-3.609882e-05,-1.9688276e-05,3.3661297e-07,4.222376e-05,2.5405505e-05,4.763624e-06,4.6002406e-05,3.5440487e-05,-1.1555186e-06,-1.2661529e-05,-9.953876e-06,1.1459895e-05,1.5018279e-05,1.1797009e-06,1.0395304e-06,3.233173e-05,-1.7184273e-05,3.544973e-06,1.9509112e-05,1.0257488e-05,8.380126e-06,-8.614326e-06,-2.2046597e-05,-8.410117e-06,-5.7362454e-06,5.4091106e-06,-1.7976034e-06,-3.051181e-06,2.9570192e-06,-3.4327845e-06,2.8779477e-06,1.1652854e-05,-1.1526622e-05,4.0932664e-06,0.00022926762
