,0,1,2,3,4,5,6,7,8,9,10,11,12,13,14,15,16,17,18,19,20,21,22,23,24,25,26,27,28,29,30,31,32,33,34,35,36,37,38,39,40,41,42,43,44,45,46,47,48,49,50,51,52,53,54,55,56,57,58,59,60,61,62,63,64,65,66,67,68,69,70,71,72,73,74,75,76,77,78,79,80,81,82,83,84,85,86,87,88,89,90,91,92,93,94,95,96,97,98,99,100
0,387.66965,-28.428358,-1.6337477,16.056526,5.658146,-13.454035,11.529416,-2.3579783,-14.127558,1.9201802,5.7893248,-2.7177186,-6.4591346,10.806917,-12.050121,8.237366,-3.7005148,-2.7611184,-14.317041,-1.0325632,-0.28132904,-7.732337,7.990118,0.45999062,-2.03332,-7.900247,-2.997104,2.0320415,4.304615,3.7005405,5.5547686,-1.9887016,0.48956347,-4.9978476,1.2136548,1.3866117,-1.3108509,-4.82167,-2.7930896,-2.1928773,3.1384845,4.5286016,0.032448635,4.758481,-2.4806974,-0.76690197,-0.72495186,0.85053754,-0.44659993,-2.731452,-0.6642853,3.6153576,0.46600008,1.1414356,0.1757504,0.30496573,-3.0631342,-0.021514041,0.6015515,-2.1880255,0.6963052,-0.8086655,-3.872767,-2.2457545,0.8736068,-0.37003696,-2.6775022,-0.8717484,-0.8299455,0.92838675,0.5035072,-2.271834,0.7672273,-2.693565,1.2825372,-0.847636,0.27210772,-0.32178003,-0.5213767,-1.6078209,0.074710995,0.19499648,0.17099726,-0.4032177,1.6557336,0.99861634,-0.091483414,0.20291159,-0.48171103,-0.01762215,0.8423825,-0.61507714,1.5356356,0.044506304,0.16087419,0.8053511,0.7313294,-1.4094739,-0.40489584,-1.1228472,1.0866802
1,-28.428358,101.647156,-1.5062578,-10.8568,-4.8164496,-11.923828,-4.374317,0.43381786,-8.185257,5.768565,5.400384,-4.6664634,-4.276071,-1.1709836,2.6382258,1.4032679,-1.8103368,-0.53841233,0.068308905,4.941639,-4.677562,-0.8531233,-0.44052547,2.1716092,-1.946531,-2.291721,3.325715,2.0732489,-0.6324154,0.65800726,-0.14130555,-2.506545,-3.0247574,-0.56833625,-1.756109,-0.94416595,3.5407667,1.7513084,-1.1012119,0.94792247,2.0033567,-1.1615088,-0.37391073,1.2219422,-2.0327053,0.68648535,-3.5206687,-1.715662,1.4140832,-0.33731878,-1.4211178,-0.09393599,-0.6345253,-1.6665578,-0.29536974,1.1436019,1.0269189,0.1541428,-2.4076824,0.8802283,-0.60662603,-0.86673474,-1.6371034,0.6145739,-1.1371524,0.4205994,1.8426151,-0.23664476,0.034242965,-0.77150583,0.26687855,-0.0025184227,0.019395705,0.6577239,-0.12567708,-0.71438456,1.7069176,-0.90210944,-1.2734885,-0.89228415,0.61771715,0.42559725,0.30233103,-0.2064636,0.5416601,1.1230286,-0.48637182,-0.0048710303,-1.2781384,0.37370825,-0.9237604,-0.1984551,-0.64140177,0.010386512,-0.75015306,-0.74185336,0.7802696,0.2385864,0.29833823,0.6196334,-0.31878155
2,-1.6337477,-1.5062578,75.668274,2.6545703,8.569156,8.938147,-2.2292767,-10.260181,2.9270558,1.6051776,7.868449,-2.2630718,-5.611521,-1.7195423,-2.8558044,0.39654765,4.8134127,1.3174164,-1.9935265,-2.8823822,1.0992286,1.9080634,0.17595401,2.3045592,-4.3630614,0.7352041,-2.1967683,-0.05057534,2.488636,-1.5458113,0.51085174,-0.9931824,0.63301015,-0.9428091,1.5467774,1.1252176,-0.4902156,-0.5195188,-1.6078873,-1.4257963,1.1571121,-2.3512864,-0.7303207,0.5414892,1.3781772,0.67559785,0.09205414,0.62937105,0.23777553,0.7410449,-0.7491602,0.7847455,-0.82817996,-2.1464055,-0.8250569,0.843925,-0.14498648,0.30765098,-0.18715422,-2.0312634,-0.103970885,-0.8774866,2.8003168,-1.1165345,-1.0719976,0.48759663,-0.31365982,0.651819,-1.4537659,0.15149742,-0.30631873,0.68485224,-0.59861827,0.7015003,0.2586068,-0.99729395,-0.51670456,0.330262,-1.121119,0.07692468,0.61831146,0.4258995,-0.12212417,-1.2145755,-0.21646428,0.7587589,-0.6287277,-0.5811031,0.030519748,-0.47540742,-0.70172477,-0.21449834,0.6133036,0.07475851,-0.81392246,-0.13597456,-0.49435264,0.46508053,-0.29326624,-0.21571451,-0.42811537
3,16.056526,-10.8568,2.6545703,88.550804,3.4274836,-9.705029,-5.0728617,1.0176834,-0.7094201,7.9112415,-5.8897157,-1.0241721,-3.2560577,-0.09686337,-3.5198505,0.8065791,0.76901764,-0.7338244,1.3297217,-0.3653104,1.9065126,1.9598873,0.326179,-1.8590473,4.5533113,0.40854347,0.9123023,3.1272488,-0.07163793,-1.4958279,1.1203227,-2.6308305,3.4892232,4.0607233,-1.5542696,1.523874,0.5913336,-2.0641165,2.6994324,-0.82667,0.8346697,-0.4783762,0.0074203173,-1.8723323,0.86791396,0.6223497,-1.9936671,1.5539145,0.12766224,1.2956197,-1.5376762,-0.052888125,-0.9259943,0.14191027,0.44935828,0.7357143,2.3337164,-1.5185782,-1.1045365,0.90837216,0.036557503,0.18016648,-0.85983706,0.42332837,-0.42738426,0.7656788,-0.4707256,0.27276915,-1.0312607,0.71043205,-0.24704525,0.1775468,-0.07473671,-0.39327967,-1.2250321,0.27194673,0.21895021,0.08701831,-0.12724444,0.08313497,0.77314043,0.09695355,-0.14290902,-0.6002267,-0.5496564,0.020624736,-0.11685528,0.43983185,0.77888036,-0.10351676,-0.20804071,0.011038924,0.15767899,-0.59406924,-0.12173411,0.4134736,0.030966561,0.34300062,0.17509803,-0.069499984,-0.18812579
4,5.658146,-4.8164496,8.569156,3.4274836,43.113247,5.2276783,-2.1162481,-2.8278866,-8.70953,0.6189728,-2.3662257,-6.599284,4.4010806,-0.4709827,2.2343059,5.5410895,-1.5948842,-0.56950486,1.0572876,2.3820243,3.5160782,1.4275755,5.246749,-0.27983785,-0.73535913,1.1568238,1.196805,-0.7314898,2.4441683,-1.2594068,3.9663079,0.54023564,0.07032584,-2.0906808,0.17920353,-0.9396174,0.5881438,-0.18253675,-0.3451618,0.096742585,0.21621838,-1.9391774,-0.30016485,-1.41144,0.07287276,-1.7088223,-0.5538062,-0.8080269,-0.13987032,-1.283503,1.1301816,0.11784624,0.6659924,-0.22467363,0.5764574,-1.2009495,0.07996403,-0.5358571,-0.1706815,0.0646833,0.20504405,0.6958507,0.8459206,-1.2164326,0.55777264,-0.6200639,1.7347438,0.033550702,-0.99713045,-0.8421706,0.15618864,-0.7734283,-0.41028962,0.36318383,0.29706615,1.9508852,-0.67985964,0.29532105,0.21180849,-0.19891557,-0.123137474,0.76036215,-0.15889388,0.11694293,0.17494853,0.1778418,-0.41859326,0.51720047,-0.22450852,-0.4277091,-0.18873192,-0.2025612,0.19209033,-0.10897398,0.47886598,0.4032309,-0.27069843,-0.0812763,-0.35173202,0.28771755,-0.31308758
5,-13.454035,-11.923828,8.938147,-9.705029,5.2276783,37.15803,2.6321487,-7.794507,-4.7798433,-5.9670076,-3.9852276,-1.8059328,-4.361695,0.7249849,2.2332487,-4.4518304,-0.825142,6.050415,0.42817548,-0.2954982,-0.11841176,-2.7410831,-0.62428224,-2.5161648,3.1241493,0.90906775,0.8767921,-0.6242049,1.9207692,-0.59649503,1.1119896,0.35841453,2.6531658,2.1208272,2.1873076,-1.2888672,1.70683,0.76270306,0.21940193,0.4823826,0.9156277,0.7381638,-0.59071374,1.5132109,-0.18758819,-0.58842,-0.35391843,-0.707628,-0.8161389,0.44271898,1.815052,-0.4281035,-0.08050602,-0.78377575,0.5697848,0.19907397,0.20131668,0.7242911,0.82486236,-0.32107705,0.2729385,0.3608104,-0.2641733,0.23712274,0.6324836,-0.023122776,-1.0174782,0.34628165,-0.047606464,0.027062248,0.06288411,-0.10077245,-0.19125271,-0.77084196,-0.16095486,-0.07122202,-0.121341884,-0.38783646,-0.7122496,-0.02354031,-0.028941438,0.3664447,-0.010234219,-0.21879399,-0.26340312,0.4939885,-0.09848212,-0.14188056,0.1897623,-0.2915449,-0.13990176,-0.542416,0.55051076,-0.07722907,0.0036249715,-0.63094056,-0.23520648,0.14845528,0.23246565,0.014677333,0.21799074
6,11.529416,-4.374317,-2.2292767,-5.0728617,-2.1162481,2.6321487,27.086086,-1.8609352,-1.0275929,5.6012664,1.0413561,-1.0489528,-2.0720398,-1.0130553,-3.7197375,0.18950984,2.736471,-0.3944974,1.9780772,-1.2841214,0.15710251,-1.2523574,-3.9169486,1.6466279,2.3936665,0.15116194,-0.81477344,1.0440364,-1.9373958,-0.97384655,-0.6177713,1.6048784,0.34449804,-0.30277333,-1.877135,-0.5278498,0.44058567,3.0369673,-0.9769726,-1.0253406,0.73190904,-0.15965307,-0.6794344,1.3414185,-0.3313468,-0.6974827,-0.7444862,-1.4813194,0.37531394,0.34736222,0.3420005,-0.5121886,-0.45413095,-0.6046693,0.48468325,-0.8818662,-0.005568194,-0.085993126,0.7014266,-0.22783273,0.6914475,0.18649474,-0.075991765,-0.51947457,-0.6219726,0.3557136,-0.35658538,-0.2884143,0.25799727,-0.07806338,-0.43267748,0.12247117,0.809199,-0.5059224,0.3969286,0.69005716,-0.387429,0.63357484,0.42036974,-0.48998797,-1.0961533,-0.20514426,0.065923624,-0.2580104,-0.5803995,0.25229272,-0.36384636,0.49695057,-0.234925,-0.38678455,0.39699492,0.08425113,-0.44535083,0.07288533,0.3807695,0.14843291,-0.42488483,-0.07690069,0.13253906,0.0089179175,-0.2885586
7,-2.3579783,0.43381786,-10.260181,1.0176834,-2.8278866,-7.794507,-1.8609352,29.3039,1.6346781,-3.444603,-0.25405902,4.4945984,-0.91629136,1.3283304,-1.0894887,1.4831567,-1.6569779,0.20141238,0.8789334,0.69557446,0.029188644,-1.141819,-1.7689524,1.7416233,0.72579956,1.7274426,-1.4089469,-0.8955489,2.0814695,-0.7423688,-0.9144834,0.5060488,-0.56370175,0.3719963,-1.1550452,-0.90501857,-0.37994558,-2.2427502,-1.5104637,-1.407845,0.28950796,-0.8272768,0.20900722,0.13820732,-0.7247697,0.4833002,0.1586135,-0.4459526,0.037750155,-0.94411755,-0.73065853,-0.93709385,0.34884658,-0.46901327,-0.30255175,-0.715472,-0.13216397,-0.9398459,-0.33773375,-0.7413316,0.16976252,0.59699446,0.6740781,0.010771621,0.012657847,-0.4644242,0.40514904,0.9353306,-0.52170753,0.5412768,-0.13860309,0.90217793,0.8247782,0.4603498,0.16490969,0.10522875,0.10614906,0.049963966,-1.2987874,-0.2508438,0.4232345,0.018176569,-0.15743887,0.17741574,-0.31406498,-0.9098921,-0.19015926,-0.024639215,0.0126866475,-0.18160169,0.1283991,0.031224912,0.08056106,0.32149047,0.31226578,-0.17225352,0.18327153,-0.051228262,-0.12877965,-0.1779161,0.14664766
8,-14.127558,-8.185257,2.9270558,-0.7094201,-8.70953,-4.7798433,-1.0275929,1.6346781,24.613739,-2.8586059,4.4413795,-1.3213869,2.2273045,0.8550959,-0.67613304,-0.9812099,-0.41286558,1.7687172,1.3630302,1.4672648,4.166527,-1.2260498,0.3209039,0.23542666,-1.5733213,1.4305027,0.14981107,-1.3131881,-1.3103342,-0.99797046,0.8956131,0.5510175,2.3082285,1.1080989,-0.54711616,-0.30612046,-0.088145405,-0.34007478,0.80682933,-1.2026701,-2.290598,-1.3006771,-0.34014648,0.57117367,-0.34434545,2.133687,-0.068239525,0.727913,0.3091545,0.7070558,0.16270754,0.2458427,-0.19960293,-0.10555315,0.14848617,0.74814796,0.37056935,-0.18680441,-0.06532774,-1.0600579,-0.47368252,-0.061927736,0.38684934,-0.18845576,-0.2793515,0.8944299,-0.8176427,-0.8906014,-0.1416806,-0.16875851,-0.19251415,-0.7136601,0.39830834,-0.34276438,0.33523673,-0.10270278,-0.3602724,0.14541224,0.36740315,-0.03792301,-0.012981484,-0.17508592,-0.7076467,0.08232515,0.16830695,-0.11630285,-0.31004405,-0.6894045,-0.2555985,0.020186234,-0.21266747,0.44527328,-0.41534927,0.09808461,-0.60816664,0.2926621,0.061078977,-0.24197128,-0.37349063,0.07737279,0.35037798
9,1.9201802,5.768565,1.6051776,7.9112415,0.6189728,-5.9670076,5.6012664,-3.444603,-2.8586059,32.36411,-0.5797882,-0.009816082,-3.2656116,-6.785371,-0.27647012,-1.3672773,-0.040520687,-0.62169445,1.4957237,0.50310814,-1.7575476,2.0100532,-0.7237809,0.4231608,-0.6812074,-0.8003333,-0.28883958,-2.4496932,0.011321953,2.097204,1.0989442,1.2994741,-0.02021674,-0.74617696,-0.42537948,0.01530643,1.4233985,-0.47890764,0.06136842,-1.4280298,-0.6573863,1.209636,0.67857224,0.8070121,-0.028696755,-0.4268479,-0.39228663,-0.59558916,1.0553339,0.2934259,0.6310692,0.644739,-0.5705092,0.23848736,0.18211572,-0.6944549,0.5855913,-0.15713102,-0.07908671,-0.7051228,-0.08227134,-0.19183345,0.6214545,0.8037219,-0.29301775,0.17284597,0.6457553,-0.16232392,0.013423093,-0.29995942,-0.06312132,-0.7489125,-0.28473485,-0.7937527,0.28948158,-0.20894954,-0.50775975,0.034631304,-0.6334394,0.49889678,0.10562539,0.4026488,0.04076862,0.5907426,-0.10491952,0.12513202,0.5954536,0.108137295,0.09110271,-0.041021526,0.18843564,0.071652845,-0.39543834,0.18609646,0.28704304,0.10788344,-0.30340308,0.58217525,0.3071192,0.08368327,0.14177933
10,5.7893248,5.400384,7.868449,-5.8897157,-2.3662257,-3.9852276,1.0413561,-0.25405902,4.4413795,-0.5797882,20.749525,-0.051931202,-2.790667,1.0210402,-1.4398685,-3.0406432,-0.08373083,-0.3523981,1.6227355,3.7053113,-0.51226234,-0.3953597,3.2321887,0.042108245,-1.0359774,0.95666206,-0.8784263,1.1930468,-1.6897392,-0.11389733,-0.026577188,1.3923999,-0.8844873,1.0509752,-0.36809808,0.36542547,-0.97985774,0.5352632,-0.3257833,-0.6939484,0.009810066,-0.7842181,-0.7360914,-0.015472487,-0.2747844,-0.7390132,-0.5486311,-0.2803676,-0.4590674,0.47715145,-1.506761,0.77649176,-0.1773214,-0.16573817,-1.1460091,-0.6350746,1.0841198,0.46410275,0.034653284,0.4365868,-0.06753196,1.3165786,-0.016084818,-0.2278282,0.16552639,-0.14148723,0.56129205,0.12815997,-0.13108444,-0.47667637,-0.43730748,-0.5783423,-0.9261131,-0.36059368,0.33399075,0.04827562,-0.4974333,0.01788764,-0.064193815,0.034813337,-0.088335186,-0.33692348,-0.20143604,0.0126048755,-0.0633208,0.12359803,0.14733846,-0.2725472,-0.013975754,0.26928985,0.34644413,0.22432443,0.20625505,-0.055838294,-0.08865675,-0.17475629,0.1872257,-0.45849788,-0.24045385,-0.21864167,0.044053078
11,-2.7177186,-4.6664634,-2.2630718,-1.0241721,-6.599284,-1.8059328,-1.0489528,4.4945984,-1.3213869,-0.009816082,-0.051931202,19.001389,-1.8000717,-0.54386485,0.14889559,1.6307106,0.37363428,-1.9057345,3.8651896,0.039939553,1.5337057,0.4347358,1.8184018,-1.0131077,1.7309909,0.022199817,0.32351393,-1.0072758,1.3158848,1.4694264,-2.9966362,0.90622264,-0.5555953,-1.0132747,1.0965939,-0.7331166,0.19400482,-0.76953226,1.3717108,1.2930295,-1.0311015,0.20549306,-0.044587374,-0.260311,0.029970352,-0.40478384,-0.078636736,0.33375618,0.0028500569,-0.7047862,-0.45013306,-0.6812619,-0.7490852,-0.60149896,1.13379,-0.048059493,0.50563455,0.89643943,-0.03801077,-0.06299951,-0.16864204,0.0073549426,0.08547004,0.50738806,-0.88483167,-0.30081993,-0.59353864,0.093044505,0.24639526,0.4673698,-0.051211454,0.15647969,0.116482034,0.3584116,-0.05412269,-0.732996,-0.08930755,-0.2126917,0.06754321,-0.26157328,0.05671071,-0.039472334,-0.46596313,-0.096406415,-0.24842581,-0.009763526,-0.025016489,-0.24990185,0.0033853145,-0.010945665,0.5387847,-0.46452242,0.53386533,-0.12123169,-0.009404074,0.06027828,-0.1810579,-0.40628505,-0.05683557,-0.07983284,-0.17634839
12,-6.4591346,-4.276071,-5.611521,-3.2560577,4.4010806,-4.361695,-2.0720398,-0.91629136,2.2273045,-3.2656116,-2.790667,-1.8000717,19.44504,1.4140491,2.7027555,1.8380568,0.5823796,1.4441985,1.5202048,1.8175348,1.3608825,-0.36501533,-1.3198445,-1.1179637,1.0241344,-0.58989155,-0.69184077,0.46340704,-1.3269074,0.82766557,2.9511127,0.48346752,-0.91537607,-2.0136626,0.52974844,-0.80119914,-0.23033725,-0.6069594,0.044845276,-0.99599296,0.70752776,-0.6253803,1.349802,0.32094654,0.08047864,-0.5577874,-0.086742476,-0.37369686,-0.20082837,0.43610665,-1.3912086,0.20078456,-0.07276964,-0.73067415,0.0022449065,0.32205063,-0.84824824,-0.6841681,0.014174838,-0.5751475,-0.99306995,0.4950766,0.6984979,-0.47857353,-0.19237608,0.48819184,-0.12311723,-0.06491612,0.42161316,-0.021875951,0.21650279,0.06964593,0.2873233,0.35536695,-0.2430004,0.18356848,0.3319208,-0.18012407,0.29395837,0.096867345,-0.08500895,-0.0031862464,0.5944854,0.0024419897,-0.1696519,0.12379096,0.55751586,0.078857645,0.19737081,0.23662767,0.4684081,-0.05407854,0.072065085,-0.2773711,-0.09409921,0.17712723,-0.05756098,0.020433156,-0.053284027,0.08883701,0.2965569
13,10.806917,-1.1709836,-1.7195423,-0.09686337,-0.4709827,0.7249849,-1.0130553,1.3283304,0.8550959,-6.785371,1.0210402,-0.54386485,1.4140491,17.50113,3.5051177,1.6574947,-2.3785896,-0.16715452,-1.6626524,-0.06502023,-1.5627162,0.33617866,-1.7812917,1.1123204,-0.22646654,0.35757095,0.78679603,1.7347522,0.9428199,-0.42005262,-0.71478224,2.2417867,0.8497113,-1.3565766,-0.09729956,-0.468089,1.1574349,0.37436026,-0.15690716,-0.17657669,0.13869604,-0.56367,0.20081238,-0.6747731,-0.18217231,-0.51826906,-0.46150136,0.10736364,0.2951898,-0.13720092,-0.2335641,-0.13666014,-1.0299633,0.92554545,-0.29321495,1.3074157,0.21195346,-0.57676923,-0.74793345,0.050914068,0.18211773,0.24288252,0.38381058,0.5425321,0.17397583,0.5932517,-0.50750303,0.43186072,0.14654863,-0.028930772,-0.10474421,-0.29249796,-0.14845529,-0.34459156,0.035853274,0.10278483,-0.7654859,0.29241312,-0.106197104,-0.10861023,0.084761985,0.5419233,-0.08220516,-0.038804084,-0.16992748,0.2370883,0.060716093,-0.436943,-0.023093583,0.03404015,0.30410922,0.2497261,0.23861276,-0.18421751,0.13155456,-0.0053712362,-0.033950422,-0.030055895,0.095317796,0.008314483,0.08031843
14,-12.050121,2.6382258,-2.8558044,-3.5198505,2.2343059,2.2332487,-3.7197375,-1.0894887,-0.67613304,-0.27647012,-1.4398685,0.14889559,2.7027555,3.5051177,12.76304,-1.0296729,-0.15150261,-1.1083314,1.2385836,0.16716307,0.6820092,-0.12974471,-0.14855361,0.65116787,-0.40870422,-1.1384466,1.7187356,-0.6276077,1.4817703,0.117346205,2.1418357,-0.8915677,-0.18067412,-0.1886372,-0.06970742,0.5328461,0.015830139,-0.33174998,0.017523553,0.41824675,1.4169247,-0.6569706,0.3140539,0.36279374,-0.4325689,-0.22378922,0.030487562,1.0086346,-0.38911855,-0.42260572,0.46481875,-0.1726052,-0.9114947,-0.11152515,-0.26121202,-0.32106918,0.6819643,-0.36800152,-0.31209272,0.07377989,0.23426583,-0.02312243,-0.21751943,0.68861675,0.33037817,-0.062255844,-0.16390914,0.14146599,0.0851577,0.3053223,0.2314874,0.2911703,-0.28825122,-0.24220106,0.2251635,-0.29262298,-0.6145964,-0.50538725,0.68637264,0.06399539,-0.21180108,0.09250672,0.079512775,0.23504263,-0.2402187,-0.009738732,0.3301634,0.049927916,-0.2576632,0.30585298,0.08075884,0.17158094,0.0011077491,-0.07898493,0.009191046,0.067435116,0.13664767,0.21558543,0.07618415,-0.36938757,0.2863497
15,8.237366,1.4032679,0.39654765,0.8065791,5.5410895,-4.4518304,0.18950984,1.4831567,-0.9812099,-1.3672773,-3.0406432,1.6307106,1.8380568,1.6574947,-1.0296729,12.935601,0.29079235,0.17889497,-0.9530394,-1.1019893,0.6819961,2.163918,-1.3075159,-1.029705,0.17766625,-0.7169755,-0.53453946,0.17756668,-0.9755096,-1.2611401,0.1243086,0.04471425,0.07928282,-1.9528731,-0.8973383,-0.13333717,-0.6514461,0.5754814,1.092164,1.3975174,-1.8371933,0.9105599,0.5850347,0.7737752,-0.6936005,-0.36980695,-0.65471387,0.6960392,0.1296133,-0.22668625,0.5602898,-0.1378474,-0.93224776,-0.5299052,-0.077926025,-0.0812776,-0.00853006,0.49201146,0.36440685,-0.3591143,-0.19761208,0.081560016,0.5113656,0.008176718,-0.84995896,-0.4727277,0.37883866,0.014802817,-0.43019933,-0.26369727,0.090079375,0.33684635,0.15731862,0.20102319,-0.21382105,0.2576021,-0.2586437,-0.093123004,-0.019695807,-0.07406099,-0.06495891,0.25763285,-0.09194914,-0.17029722,0.5296112,0.042273007,-0.3579678,-0.087749526,-0.4227298,-0.03433109,-0.07293051,-0.08469371,-0.2261327,0.14650753,-0.1016846,0.06262715,0.06424337,0.10116541,-0.34794748,0.014210841,0.25756866
16,-3.7005148,-1.8103368,4.8134127,0.76901764,-1.5948842,-0.825142,2.736471,-1.6569779,-0.41286558,-0.040520687,-0.08373083,0.37363428,0.5823796,-2.3785896,-0.15150261,0.29079235,8.932169,-1.79058,-0.14237931,-0.77993023,0.14340733,-2.4186227,1.0813761,0.516276,0.11011574,0.66590464,-1.0370605,-0.3299142,-1.1696982,-0.038709477,-0.33631104,0.48875654,0.028162334,-0.027385239,-0.3488644,0.06805347,-1.4046367,0.14832087,-0.40954387,-0.46812636,0.9758767,0.17371708,1.0861849,0.7022215,1.1102036,-0.06822431,-0.28063792,0.67825884,0.96866655,-0.14405689,-0.12907845,0.021285348,0.24726808,-0.19097164,-0.6669995,0.07184146,-0.22319777,0.23386191,-0.30377948,-0.061037846,0.07415184,-0.23254731,0.24383059,0.17792632,-0.23464483,-0.5083571,0.16386339,-0.22939393,-0.42461827,0.35061523,-0.14854631,0.02546965,0.17370558,0.36513382,-0.56357646,-0.5700027,-0.17574894,-0.31861773,0.6627665,-0.03632295,-0.5523817,0.069657065,0.03344097,-0.25630188,-0.2782594,0.084216535,0.029515587,0.08383712,-0.3106702,-0.05879864,-0.07687561,-0.115295626,-0.030542353,0.039863855,0.06783569,0.1128688,-0.15885824,-0.118188575,0.41888577,0.08528754,0.1996338
17,-2.7611184,-0.53841233,1.3174164,-0.7338244,-0.56950486,6.050415,-0.3944974,0.20141238,1.7687172,-0.62169445,-0.3523981,-1.9057345,1.4441985,-0.16715452,-1.1083314,0.17889497,-1.79058,12.595553,0.8221787,1.6711862,0.20089024,1.5032592,0.34249324,-2.1128306,-0.0011417659,-2.173994,1.3732443,0.42857373,0.052820276,0.11542274,-0.44017228,1.1799622,1.2661345,-0.76102257,-0.06470795,-0.33095056,-0.40663004,-0.49854523,0.61767614,-0.4259922,0.66013694,0.4242362,0.45548344,1.0019864,0.7801416,0.4735927,-0.13018182,-0.32135886,0.45470548,-0.71308166,-0.3158085,-0.6420716,0.3616997,-0.18040001,-0.025386568,-0.078529745,-0.81253266,0.23930565,0.38486993,-0.24322039,-0.36483312,0.7221868,-0.496544,-0.5210991,-0.27846062,0.44340706,0.32287845,0.670648,-0.27437562,-0.12735231,-0.22613373,-0.02088593,0.17158109,-0.3135035,0.03492534,-0.058032926,0.2706892,0.13282782,-0.43528494,0.4786914,0.33609223,-0.45792842,-0.19703683,-0.13317037,-0.19102868,0.06819792,0.2151384,-0.17712808,0.19092321,0.0662341,-0.2726016,-0.114401326,-0.22624335,0.320672,-0.18894933,-0.095104545,-0.02208676,0.2250388,0.024452124,-0.29291844,0.10570489
18,-14.317041,0.068308905,-1.9935265,1.3297217,1.0572876,0.42817548,1.9780772,0.8789334,1.3630302,1.4957237,1.6227355,3.8651896,1.5202048,-1.6626524,1.2385836,-0.9530394,-0.14237931,0.8221787,6.9136276,-0.23967046,1.3094659,1.1013801,0.8767371,-1.4471412,-0.46890342,0.85116816,-0.10325055,-0.48179018,-0.2591487,-0.045713343,0.024555927,0.7333551,0.11330117,0.45450538,-1.4777226,-1.0092256,0.5895222,0.2157296,-0.20232807,0.014857018,0.61689997,-0.6271836,0.23052444,0.040981084,0.3215739,-0.80520165,-0.6124004,0.63331366,0.20987645,-0.27286667,0.19477668,0.14117786,-0.30248773,-0.7885854,0.031367537,0.0072342064,0.43209043,0.2080251,0.17468727,0.4753951,-0.2894739,0.25176087,-0.08287274,-0.0549863,-0.02577826,-0.1760289,-0.13570735,0.11593246,-0.1429341,0.22425455,0.057466503,-0.14903632,0.032471117,-0.39208275,-0.11402376,0.13707507,0.5473664,0.20502093,0.12135059,-0.12120044,0.078621894,-0.22235104,0.21261662,0.31557265,-0.15260419,0.15258726,-0.22234091,-0.098205365,0.035015754,0.05051074,0.26704592,0.016923683,0.25144047,0.0009341179,0.041910943,0.071859226,0.012340017,-0.31557187,-0.34994385,-0.06991428,-0.0081655225
19,-1.0325632,4.941639,-2.8823822,-0.3653104,2.3820243,-0.2954982,-1.2841214,0.69557446,1.4672648,0.50310814,3.7053113,0.039939553,1.8175348,-0.06502023,0.16716307,-1.1019893,-0.77993023,1.6711862,-0.23967046,10.1549635,1.0264382,1.1623268,1.8209803,0.7836226,1.6457949,0.011365132,0.8750262,0.6013645,-0.15014471,0.3888539,-0.06768887,0.8926871,-0.62106323,0.24408826,0.7969126,0.22341469,-0.65386266,0.12826961,0.18466653,-0.8229577,-1.2729363,0.96151507,-0.5598428,0.23920739,0.6239074,-0.15221617,-0.4502969,0.5036307,-0.047880158,0.05492138,-0.011787499,0.14874259,0.19882989,-0.57744575,0.24702883,-0.08770988,-0.34450382,-0.1491119,-0.17046642,-0.21142134,0.5535519,-0.11645326,-0.0006986641,0.14593002,0.42569035,0.57718164,0.5063031,0.33128473,0.16815037,0.5205436,-0.11491534,-0.10165179,0.17518348,-0.15265006,0.49254966,0.15754935,-0.28724545,-0.41139325,-0.07557684,-0.2601916,0.12388036,0.44229758,0.6113671,-0.16024405,-0.1359401,-0.08450885,0.14743194,0.16476437,-0.22792894,-0.08230552,-0.16894978,-0.046762004,0.057510383,-0.104838,-0.2836827,0.13048694,-0.043689147,-0.10319077,0.122824535,0.20773405,0.014208255
20,-0.28132904,-4.677562,1.0992286,1.9065126,3.5160782,-0.11841176,0.15710251,0.029188644,4.166527,-1.7575476,-0.51226234,1.5337057,1.3608825,-1.5627162,0.6820092,0.6819961,0.14340733,0.20089024,1.3094659,1.0264382,8.42053,-1.1280711,-0.98179424,0.27900347,0.48325506,-1.1279454,-0.49966046,-0.6038722,0.07217086,-0.30793428,1.1780658,-0.6735562,0.20935395,0.5299454,-0.060183562,-1.4983209,0.071640894,-1.3913028,0.31563032,0.057120122,-0.45559987,0.22813284,-0.49059355,-0.15419382,0.46208894,0.913592,-0.93888426,-0.3723706,0.0006348478,0.019445606,0.34382832,0.380384,-0.22869551,-0.07082728,0.1953251,-0.56669796,-0.1266436,0.09002792,-0.26091713,0.17632385,0.016860504,0.17783222,-0.07094804,-0.24803862,-0.071784325,-0.58352304,0.07687013,0.02579884,0.67236114,0.07214938,-0.26644528,-0.022819761,0.06335471,-0.16870904,0.09711304,0.18251067,-0.3069352,0.089159,0.2709921,0.028915446,-0.3539283,-0.2582296,-0.048156194,-0.08394587,0.27980816,0.2419563,-0.44244242,-0.17123893,-0.2519064,-0.11689684,-0.27990162,0.22358027,-0.0075741336,0.02679867,-0.2099613,0.20269352,-0.084723875,-0.12102915,0.14226761,-0.15039457,-0.23951977
21,-7.732337,-0.8531233,1.9080634,1.9598873,1.4275755,-2.7410831,-1.2523574,-1.141819,-1.2260498,2.0100532,-0.3953597,0.4347358,-0.36501533,0.33617866,-0.12974471,2.163918,-2.4186227,1.5032592,1.1013801,1.1623268,-1.1280711,9.093762,-0.07412633,0.8112656,0.8965507,0.49612737,0.37519348,-0.29833072,-0.23296542,-0.12361354,-0.8430959,0.82692075,-0.29773146,-0.65407217,-0.23007543,1.1190896,0.12473422,0.5687851,0.038306788,0.9883194,-0.44886827,-0.037297793,0.2528083,0.1340993,-0.46437818,-1.1407683,0.5041435,0.9086883,-0.34896517,0.07464286,0.24413344,0.41578442,-0.30420187,-0.029579833,-0.100773364,-0.25424212,-0.7899112,-0.8537086,0.6529702,-0.100988075,-0.61557066,-0.1314925,0.110793956,-0.16951314,0.22195965,0.15345982,-0.23482579,-0.4132783,-0.29119742,0.09630462,-0.29909563,0.14853922,0.2158441,-0.36910266,-0.118880816,0.015143097,0.07109359,0.030508284,-0.040781617,0.41916087,0.39595062,-0.021523852,0.15972334,-0.057283558,0.011608836,-0.045421313,-0.15068957,-0.07703384,-0.058084503,-0.0117567945,-0.04015215,0.3209307,-0.038647987,-0.31513363,-0.076695025,-0.16665119,0.01744252,0.0037926426,-0.05867457,-0.0944881,-0.25471148
22,7.990118,-0.44052547,0.17595401,0.326179,5.246749,-0.62428224,-3.9169486,-1.7689524,0.3209039,-0.7237809,3.2321887,1.8184018,-1.3198445,-1.7812917,-0.14855361,-1.3075159,1.0813761,0.34249324,0.8767371,1.8209803,-0.98179424,-0.07412633,8.645433,-1.3539587,-0.6304248,1.7204738,0.44225007,0.3052553,1.1506343,0.5183378,-0.6367911,-0.52076566,0.26664126,-0.7557503,-0.08733642,0.054131955,-0.07722609,-1.1011217,-0.25668722,0.072036386,0.26140755,-0.5491446,0.00048970134,-0.013907375,0.0672779,-0.72877073,0.21138704,1.2255168,0.05423049,-0.18798876,0.24627757,0.10228651,0.7388735,-0.22405487,0.42575213,-0.21058829,-0.03776494,-0.13409209,0.052551173,0.39995834,-0.10261595,0.37657067,-0.24021271,0.07095708,-0.17746934,-0.14751211,0.27150017,-0.010055082,0.26201826,0.22165692,-0.32577908,-0.5322317,-0.26601642,0.12770717,-0.1879412,-0.07255517,-0.07906966,0.15734592,0.27352533,-0.12590517,-0.012257191,0.19602641,-0.17737122,0.022348953,-0.13509989,-0.05860223,0.16449293,-0.06391035,0.036697432,0.03112637,-0.32217267,-0.25936598,-0.18622576,-0.16024905,0.090600595,0.08288926,-0.047413617,-0.14030936,-0.1410175,0.15835518,0.059220385
23,0.45999062,2.1716092,2.3045592,-1.8590473,-0.27983785,-2.5161648,1.6466279,1.7416233,0.23542666,0.4231608,0.042108245,-1.0131077,-1.1179637,1.1123204,0.65116787,-1.029705,0.516276,-2.1128306,-1.4471412,0.7836226,0.27900347,0.8112656,-1.3539587,7.150684,0.3870352,-0.27027184,0.062450908,0.20015588,-0.5837185,0.32450262,0.052122686,0.32906055,-0.33123818,-0.14321053,-0.45950648,0.2905202,-0.34470743,-0.13301703,0.2821018,-0.66083467,0.4603726,-0.4951897,-0.3047052,0.105745986,-0.17077625,-0.16822308,0.5393237,-0.20473436,-0.0917895,0.12833858,-0.13772628,0.40782073,-0.10779149,0.4491477,0.6838531,-0.6341089,-0.5628077,-0.42490822,-0.85999954,-0.026765138,0.5738759,-0.3846987,0.3191372,0.14750373,0.19619295,-0.046389423,-0.23783064,-0.120934114,0.0053011035,-0.19462131,-0.66180897,-0.09097248,0.30847612,0.0028934607,0.08930877,0.13038287,0.013167104,-0.31648552,0.06611307,0.053817157,-0.18833992,0.26994568,-0.1788986,0.14569545,-0.16716892,-0.28276098,-0.27452403,-0.16695492,0.10936885,0.18820836,-0.21112178,0.08669243,0.25367886,0.18105724,-0.2114424,0.11732827,-0.07700115,0.27176273,-0.066051275,-0.25017408,-0.12394753
24,-2.03332,-1.946531,-4.3630614,4.5533113,-0.73535913,3.1241493,2.3936665,0.72579956,-1.5733213,-0.6812074,-1.0359774,1.7309909,1.0241344,-0.22646654,-0.40870422,0.17766625,0.11011574,-0.0011417659,-0.46890342,1.6457949,0.48325506,0.8965507,-0.6304248,0.3870352,7.3218203,-0.53801477,-0.07232765,0.0720233,0.852998,0.38831577,-0.43819222,-0.07297242,-0.063299835,0.34237126,0.7878313,0.16831093,0.01172342,0.0653436,-0.021533411,0.52048445,-0.061552905,-0.11409649,-0.35315618,0.50532675,0.02212523,-0.26602012,0.19430828,-0.42434746,-0.61712754,0.0015726396,-0.12348233,-0.24776462,0.71856475,0.17225133,-0.11106835,-0.7196506,0.6868113,-0.87802076,-0.23081587,-0.23684269,0.15095246,0.36244106,0.13602692,0.041863374,-0.4762987,0.38357943,-0.29453844,-0.51074874,-0.059705295,-0.022042092,-0.057450127,0.26234916,-0.2580344,-0.063136205,-0.19168538,-0.08696586,0.1288485,0.050571315,-0.14494187,-0.20764087,-0.5574815,0.08013899,0.19269785,-0.1656186,-0.00411712,0.112933695,0.097872704,-0.023444457,-0.3456514,0.03341728,-0.20272088,0.12766545,-0.19060393,-0.1841198,-0.09700376,-0.13563353,-0.19077784,-0.1762047,0.0112057235,0.08472444,0.24331097
25,-7.900247,-2.291721,0.7352041,0.40854347,1.1568238,0.90906775,0.15116194,1.7274426,1.4305027,-0.8003333,0.95666206,0.022199817,-0.58989155,0.35757095,-1.1384466,-0.7169755,0.66590464,-2.173994,0.85116816,0.011365132,-1.1279454,0.49612737,1.7204738,-0.27027184,-0.53801477,8.365014,0.45348638,-0.12169984,0.020787481,0.11176408,0.20063491,-0.052387394,0.81754154,-0.7218426,0.33641863,-0.49396622,-0.26791394,0.1685716,-0.8241359,-0.040069323,-0.13239715,0.9064859,-0.044626474,-0.09497382,-0.72817314,-0.61492825,0.20375666,-0.1873284,0.30193022,-0.31585187,0.5869229,0.1829961,-0.15315086,-0.3313024,0.08214476,-0.17888397,0.02021981,-0.38608062,-0.39483204,0.05554728,-0.43440735,0.09037336,0.35571837,-0.39312068,0.29334387,0.18328644,-0.030886807,-0.13755092,0.076002486,-0.12607153,0.065575555,-0.070228025,0.18816805,-0.15584773,-0.1291705,-0.1754081,0.11534396,0.08777854,-0.03514523,-0.32401899,0.17838979,-0.0013406654,-0.251021,-0.15282199,0.043073215,-0.31852406,-0.16825315,0.19637355,0.009304516,0.15356201,-0.03303674,-0.005785344,0.045929104,-0.060332045,-0.28792,-0.03596638,0.052666627,0.19407663,0.114177614,-0.015070583,-0.24719355
26,-2.997104,3.325715,-2.1967683,0.9123023,1.196805,0.8767921,-0.81477344,-1.4089469,0.14981107,-0.28883958,-0.8784263,0.32351393,-0.69184077,0.78679603,1.7187356,-0.53453946,-1.0370605,1.3732443,-0.10325055,0.8750262,-0.49966046,0.37519348,0.44225007,0.062450908,-0.07232765,0.45348638,7.4435663,-0.027554471,1.061058,-0.72752935,-0.23005372,0.09508234,0.4604579,0.101763025,0.027464833,0.65351284,0.14166197,0.2966274,-0.18584114,0.0014870693,0.551191,0.7910802,0.1097347,-0.97843516,-0.2757528,-0.07005199,0.54497266,-0.31725287,0.21537855,0.23041373,-0.516048,0.2818912,-0.40078297,-0.027005844,-0.102980375,0.035929628,-0.1639198,0.0053653354,-0.2373965,-0.20644972,0.31307077,-0.45619816,-0.14749518,-0.40770197,-0.61573994,-0.24293418,-0.21060841,-0.21490507,0.05318223,0.33858806,0.03256329,-0.21649992,0.6339604,0.09410315,0.07648284,0.09787312,-0.26269567,-0.2386127,0.163106,-0.14268205,-0.2081486,-0.36890388,-0.566537,0.3627212,-0.09194014,0.021773264,-0.11682348,0.21630695,-0.25523877,0.11422868,-0.0034372606,-0.20670176,0.081160516,-0.0066448413,-0.12772186,0.18629077,-0.014056343,0.12609522,0.17939544,0.078622684,0.07327379
27,2.0320415,2.0732489,-0.05057534,3.1272488,-0.7314898,-0.6242049,1.0440364,-0.8955489,-1.3131881,-2.4496932,1.1930468,-1.0072758,0.46340704,1.7347522,-0.6276077,0.17756668,-0.3299142,0.42857373,-0.48179018,0.6013645,-0.6038722,-0.29833072,0.3052553,0.20015588,0.0720233,-0.12169984,-0.027554471,5.2263,-0.6220442,-0.50627327,-0.38153306,-0.105382115,0.23501113,0.22401527,-0.054007683,-1.3830028,0.06816275,-0.31917566,0.30049664,0.040443443,0.067496106,0.6296178,0.2687165,-0.43242642,0.011051368,-0.6236171,-0.43497747,-0.014524099,0.3346908,0.55857325,-0.59949267,-0.6107487,0.100300886,-0.12406923,0.1616178,-0.029821236,-0.16765764,-0.23237363,0.67831063,0.39131975,0.260534,-0.31314856,-0.44874436,0.2663646,0.32885557,0.22799307,0.33668143,0.13526174,-0.026880141,-0.20872056,0.111882165,0.06418374,0.18044412,0.18658727,0.05791741,-0.3318686,0.057134762,0.19026956,0.18362729,-0.21111897,-0.34031796,-0.04152515,0.13016446,0.11789188,-0.28346124,-0.032178015,-0.089710705,-0.118118584,0.23582286,-0.004135976,-0.20696148,-0.026971556,-0.047716387,-0.18785638,-0.17252913,-0.04717625,-0.03671281,0.19397785,-0.22579882,-0.0818668,-0.080889106
28,4.304615,-0.6324154,2.488636,-0.07163793,2.4441683,1.9207692,-1.9373958,2.0814695,-1.3103342,0.011321953,-1.6897392,1.3158848,-1.3269074,0.9428199,1.4817703,-0.9755096,-1.1696982,0.052820276,-0.2591487,-0.15014471,0.07217086,-0.23296542,1.1506343,-0.5837185,0.852998,0.020787481,1.061058,-0.6220442,4.5509634,0.101705626,-0.22720453,-0.61583316,0.5920079,0.07901579,0.12061521,-0.28089613,-0.17239694,-0.47526228,-0.53084534,-0.17873363,0.09672566,-0.35483342,-0.26233095,0.39021742,-0.8320781,0.13159141,-0.1137394,-0.2727915,-0.43262166,-0.6350198,0.5860565,-0.003150717,0.25395,-0.056919493,-0.30710697,0.0065363464,0.020476013,-0.109637424,-0.31247097,-0.015504621,-0.11783949,-0.2965514,0.28595307,0.4081557,-0.1809921,0.23979229,0.06773724,0.19233124,-0.19517535,0.4761988,-0.24061234,-0.0942002,0.20640351,0.10355323,0.38656014,0.010237455,0.115386076,0.3287362,-0.22723284,-0.23506631,-0.1670487,-0.021655127,-0.06413095,0.27982146,-0.004330897,0.122585155,0.11759469,0.009828664,-0.019035526,0.15587144,-0.13308126,-0.0965239,-0.15472886,-0.06748672,0.060181163,0.027343197,-0.17186257,-0.07457178,0.015438098,0.1585634,-0.024594862
29,3.7005405,0.65800726,-1.5458113,-1.4958279,-1.2594068,-0.59649503,-0.97384655,-0.7423688,-0.99797046,2.097204,-0.11389733,1.4694264,0.82766557,-0.42005262,0.117346205,-1.2611401,-0.038709477,0.11542274,-0.045713343,0.3888539,-0.30793428,-0.12361354,0.5183378,0.32450262,0.38831577,0.11176408,-0.72752935,-0.50627327,0.101705626,3.760014,0.6384157,0.30869028,-0.10150206,-0.106117114,0.30971158,0.56975913,-0.0320931,-0.5738292,0.7622522,-0.037623756,0.1512344,0.20428103,0.45459497,-0.06347065,0.47775042,-0.41642442,0.273311,-0.32496607,-0.21886307,-0.44759542,0.15758707,-0.526629,-0.4443012,-0.1285517,0.19493267,0.25129765,-0.24995661,0.09381004,-0.5690989,0.020514958,0.43798453,0.15172648,-0.09111568,-0.3113607,-0.2010484,0.33247,-0.29288015,-0.08089402,0.0975672,-0.11841568,0.000873022,0.0042833667,-0.21124935,-0.10022705,0.33996266,-0.02354391,0.4772161,-0.27233863,-0.03688804,0.16402236,0.1967984,-0.24449712,-0.05969963,0.117987946,-0.0049710227,0.10965736,0.16973808,-0.100053586,0.09890734,0.12324715,-0.039285537,-0.13728876,-0.1618745,0.051295377,0.08400093,0.04123468,-0.0070887525,-0.075953335,-0.16787162,0.06482038,-0.16975334
30,5.5547686,-0.14130555,0.51085174,1.1203227,3.9663079,1.1119896,-0.6177713,-0.9144834,0.8956131,1.0989442,-0.026577188,-2.9966362,2.9511127,-0.71478224,2.1418357,0.1243086,-0.33631104,-0.44017228,0.024555927,-0.06768887,1.1780658,-0.8430959,-0.6367911,0.052122686,-0.43819222,0.20063491,-0.23005372,-0.38153306,-0.22720453,0.6384157,4.577377,0.5675918,-0.36421213,0.017572138,0.21679544,-0.1567156,0.12427486,-0.29101795,0.8703023,-0.15608922,0.7913195,-0.27123737,-0.23674577,1.018029,-0.33331943,0.038794957,0.29755098,0.18768224,-0.24514051,0.48693436,0.19166708,-0.13314319,0.29227912,-0.04096993,-0.24139291,-0.06728488,0.24715362,-0.19429938,-0.07768356,0.15228817,-0.21876162,-0.026557907,-0.073698655,0.31838506,0.07917349,-0.15618649,-0.16492374,-0.18646118,0.109145716,-0.2116817,0.031359956,-0.10716441,0.19715649,-0.09669624,0.12553811,0.057425,0.078216396,-0.20491043,-0.105609775,-0.008091549,0.14103907,-0.40237767,-0.06951535,-0.1002839,0.1788617,-0.063613385,0.0026056222,0.22020374,-0.1379697,-0.1528568,-0.0017903852,-0.05160556,0.10876492,-0.027004138,-0.11122176,0.10320128,0.20669606,0.07174304,-0.17598443,0.09862003,-0.15820733
31,-1.9887016,-2.506545,-0.9931824,-2.6308305,0.54023564,0.35841453,1.6048784,0.5060488,0.5510175,1.2994741,1.3923999,0.90622264,0.48346752,2.2417867,-0.8915677,0.04471425,0.48875654,1.1799622,0.7333551,0.8926871,-0.6735562,0.82692075,-0.52076566,0.32906055,-0.07297242,-0.052387394,0.09508234,-0.105382115,-0.61583316,0.30869028,0.5675918,5.7910233,-0.73665446,-0.50738686,0.6410019,0.07737917,0.7010941,-0.017022608,0.28588778,0.4428866,-0.31017625,0.18020514,0.04182452,0.37293902,0.76812994,-0.026896827,0.00947197,0.26718622,0.29519716,-0.07615493,-0.34066534,-0.11217316,0.26488099,0.46766305,-0.714714,0.20390043,0.39873078,0.16302815,-0.045547046,0.35517243,-0.124447405,-0.050392404,0.15682533,-0.04431286,0.61690223,0.070454374,-0.18357901,-0.14705665,-0.16726692,0.24117729,-0.18426809,-0.21852589,0.29279947,-0.052702613,-0.05297392,-0.058277816,-0.0065355403,-0.034686923,-0.20139693,-0.004938031,-0.04441256,0.120813385,-0.29646882,0.026675634,-0.11777045,0.22221848,-0.32352573,0.30168813,0.10399398,-0.07065828,-0.07165153,-0.11482227,0.03598106,0.062292792,0.15594065,0.24120781,0.0695716,0.0007120041,0.0042549903,0.091523156,-0.08815579
32,0.48956347,-3.0247574,0.63301015,3.4892232,0.07032584,2.6531658,0.34449804,-0.56370175,2.3082285,-0.02021674,-0.8844873,-0.5555953,-0.91537607,0.8497113,-0.18067412,0.07928282,0.028162334,1.2661345,0.11330117,-0.62106323,0.20935395,-0.29773146,0.26664126,-0.33123818,-0.063299835,0.81754154,0.4604579,0.23501113,0.5920079,-0.10150206,-0.36421213,-0.73665446,2.9805572,0.21737477,-0.329741,-0.31750777,-0.15048462,0.23633236,-0.05180136,-0.2071494,0.21426876,-0.18518999,0.22274777,0.3172537,-0.30242327,0.12790865,-0.22810903,0.051238313,0.12712914,-0.06767814,0.13822767,-0.27525386,-0.3328128,0.037561666,0.09534454,0.07749152,-0.087667525,0.27539894,-0.0010247012,-0.06835553,0.16912808,0.064600706,0.17502618,-0.094350934,-0.1612829,-0.049709246,-0.025926173,-0.19963285,-0.1493789,-0.06768568,0.197875,-0.40081468,-0.070371106,-0.22808526,0.002005795,-0.18841763,0.11755724,-0.14315774,-0.09726813,-0.06300047,-0.104937956,-0.059151635,-0.11610149,0.17430115,0.0036333378,-0.080174506,-0.13714597,-0.1379782,0.03718675,0.06322874,0.10731183,0.102154955,-0.058392692,-0.02051583,-0.14880928,0.009665161,-0.29942214,-0.035992928,0.084663585,-0.03706388,0.07442054
33,-4.9978476,-0.56833625,-0.9428091,4.0607233,-2.0906808,2.1208272,-0.30277333,0.3719963,1.1080989,-0.74617696,1.0509752,-1.0132747,-2.0136626,-1.3565766,-0.1886372,-1.9528731,-0.027385239,-0.76102257,0.45450538,0.24408826,0.5299454,-0.65407217,-0.7557503,-0.14321053,0.34237126,-0.7218426,0.101763025,0.22401527,0.07901579,-0.106117114,0.017572138,-0.50738686,0.21737477,4.067295,-0.47693563,-0.8814211,-0.4259631,0.44000903,0.2755744,-0.3975944,0.0025387323,0.28017482,0.6478076,0.1251877,0.17226973,-0.38942897,-0.08985484,-0.1891292,-0.42680556,0.5447656,0.13042471,0.30526173,0.064963356,0.056497358,-0.2770654,0.014817017,0.025692403,0.22247618,-0.16491693,0.35185188,0.1199273,-0.18034144,-0.14781937,-0.22746468,0.19453847,0.20698884,-0.2786028,-0.120372295,-0.1406816,0.087030776,-0.14638315,0.13048443,0.058959004,0.16381812,0.23539689,0.0939138,-0.1463027,-0.204656,-0.012589099,-0.105562,0.19691095,0.14434816,-0.14272502,0.0034065957,0.18101394,-0.10522082,0.2229025,0.05788864,-0.04752303,0.030958015,-0.028197616,-0.18318614,-0.10254188,-0.06311616,0.15434012,-0.066862434,0.23093498,-0.21275131,-0.10709041,-0.020229492,0.13456452
34,1.2136548,-1.756109,1.5467774,-1.5542696,0.17920353,2.1873076,-1.877135,-1.1550452,-0.54711616,-0.42537948,-0.36809808,1.0965939,0.52974844,-0.09729956,-0.06970742,-0.8973383,-0.3488644,-0.06470795,-1.4777226,0.7969126,-0.060183562,-0.23007543,-0.08733642,-0.45950648,0.7878313,0.33641863,0.027464833,-0.054007683,0.12061521,0.30971158,0.21679544,0.6410019,-0.329741,-0.47693563,3.5082164,0.36585382,0.2438034,-0.7144021,-0.029834107,0.34770024,-0.4485901,0.46076918,-0.8828089,0.35976893,0.21613735,0.2803151,0.09262435,-0.59566516,0.016372364,0.38585103,-0.27806506,0.10190026,-0.05883115,0.35408047,0.368406,0.04041674,0.37022313,-0.0714618,0.16279447,-0.15006498,-0.38502315,-0.002593429,-0.038904242,-0.027006537,-0.0671283,-0.12684414,0.08104687,-0.41942716,-0.33532077,-0.23563132,0.31981447,0.18889143,0.07725179,0.34473437,0.19572422,-0.13953656,-0.12537594,-0.028881062,0.03201272,0.00227314,0.21059753,0.0945594,-0.100289635,-0.10548641,-0.09757611,-0.17128271,0.12589805,0.04602772,0.25381184,0.12799166,-0.0799727,-0.11110177,0.11309638,0.0715199,-0.060366333,-0.1037031,0.019521289,-0.15287215,0.1410909,0.13156419,0.10868703
