,0,1,2,3,4,5,6,7,8,9,10,11,12,13,14,15,16,17,18,19,20,21,22,23,24,25,26,27,28,29,30,31,32,33,34,35,36,37,38,39,40,41,42,43,44,45,46,47,48,49,50,51,52,53,54,55,56,57,58,59,60,61,62,63,64,65,66,67,68,69,70,71,72,73,74,75,76,77,78,79,80,81,82,83,84,85,86,87,88,89,90,91,92,93,94,95,96,97,98,99,100
0,135.6202,20.253191,1.0880506,-11.5248785,-4.0305805,9.602396,-8.245551,1.7599738,10.22093,-1.3209695,-4.1395407,1.9849756,4.643005,-7.7420206,8.634336,-5.9381948,2.6163845,1.9861462,10.315912,0.778227,0.16838692,5.497342,-5.716311,-0.32072634,1.4285719,5.587552,2.2146792,-1.4502063,-3.0516899,-2.6547146,-3.972819,1.4223974,-0.31943384,3.6010761,-0.87165046,-0.9714939,0.92511284,3.463531,2.000689,1.6063513,-2.2614121,-3.2467926,-0.019491661,-3.4028456,1.7714161,0.5296143,0.5324201,-0.58488226,0.32957792,1.9914806,0.48700166,-2.614812,-0.34019506,-0.8253925,-0.14113232,-0.22610515,2.1814177,0.002264393,-0.41538313,1.5594286,-0.5210141,0.5590863,2.7798572,1.6011314,-0.6061996,0.26512772,1.9346823,0.6207746,0.5952082,-0.68132573,-0.35714212,1.6194072,-0.56618834,1.9319582,-0.92599535,0.61517835,-0.19308925,0.23063248,0.3760691,1.159301,-0.049843527,-0.13294412,-0.10769808,0.270038,-1.180547,-0.7314629,0.056662485,-0.14328736,0.33627784,0.02950117,-0.61397815,0.4607196,-1.1046991,-0.027707482,-0.12095547,-0.57521987,-0.51838696,1.0118151,0.29133308,0.8084165,-0.78494096
1,20.253191,71.07835,0.5469411,7.725814,3.6287222,8.25536,3.282403,0.12732002,6.4371653,-3.778864,-3.7939034,3.575275,3.1341906,0.8933125,-1.9422468,-1.2011768,1.0586483,0.42403406,0.25766006,-3.3036141,3.141953,0.3050826,0.40420127,-1.4981439,1.2065468,1.1440055,-1.9687712,-1.4418321,0.6797138,-0.47696522,0.17119503,1.7733364,2.3723037,0.51470494,1.2515584,0.8236589,-2.635229,-1.2202306,0.7738277,-0.46493793,-1.5045755,0.8396013,0.29230893,-0.81401396,1.4085317,-0.6221652,2.6047752,1.390656,-0.9551755,0.44971222,1.0866287,-0.072800666,0.41715583,1.1519527,0.11591801,-0.86736584,-0.8348089,-0.19499367,1.829103,-0.69340515,0.29691067,0.4884534,1.1893809,-0.5010423,0.9450946,-0.30301058,-1.2293627,0.14149573,-0.024516996,0.45448536,-0.16606364,-0.0613371,-0.11556332,-0.4703789,0.050805554,0.5586888,-1.2110361,0.6461458,0.92707604,0.6793625,-0.41919458,-0.261266,-0.12160036,0.025713379,-0.34452814,-0.90299463,0.29171282,0.017665021,0.85787594,-0.16035676,0.5997776,0.2674055,0.43846935,0.019479215,0.5023173,0.5470222,-0.5206858,-0.1647397,-0.20792872,-0.4244401,0.19289249
2,1.0880506,0.5469411,54.00006,-1.9413632,-6.0376205,-6.5936923,1.6887324,7.6298933,-1.7480004,-0.92919123,-5.5941353,1.7646568,4.0663185,1.2663224,2.0170524,-0.4050673,-3.6004992,-0.9213705,1.6196915,2.2160347,-0.92009234,-1.5584118,-0.07156227,-1.6160636,3.0117288,-0.83675396,1.8333972,0.06414251,-1.6447103,1.1054589,-0.32311326,0.6972616,-0.32822186,0.74250627,-1.114202,-0.7161864,0.2921949,0.39474064,1.1432852,1.1556835,-0.87188035,1.6903956,0.53875196,-0.3497063,-1.0189227,-0.5649435,-0.01656567,-0.35213262,-0.13399196,-0.40272644,0.5790613,-0.6496655,0.57049525,1.512546,0.5322991,-0.6344727,0.043054976,-0.27296722,0.1976472,1.4182994,-0.011021512,0.5468367,-1.9988527,0.76342016,0.84906924,-0.35052404,0.28199384,-0.4849479,1.0426295,-0.16985404,0.2353753,-0.5302559,0.36634672,-0.5022657,-0.20981732,0.74394786,0.37868956,-0.23738086,0.81256086,-0.030745681,-0.42868918,-0.27820438,0.14657232,0.7952572,0.18245205,-0.60461015,0.4155402,0.42554182,-0.05829589,0.4076445,0.46440408,0.23131362,-0.45317978,-0.036934394,0.5616249,0.106807984,0.37863645,-0.32959697,0.21405795,0.16706747,0.2848938
3,-11.5248785,7.725814,-1.9413632,31.689465,-2.4458454,6.939286,3.648344,-0.69900584,0.54870653,-5.6485004,4.229582,0.75057375,2.3399768,0.07324462,2.5208309,-0.59210044,-0.56834936,0.52889884,-0.9320152,0.27891073,-1.3823366,-1.4271202,-0.22768229,1.3374491,-3.2788825,-0.32811794,-0.62497354,-2.2396514,0.067262135,1.072402,-0.7985414,1.8851173,-2.4881024,-2.9047284,1.1141332,-1.0825584,-0.43085387,1.4828541,-1.9370965,0.6080149,-0.6034179,0.3435462,-0.003608467,1.3471735,-0.6259222,-0.45547575,1.4354477,-1.1031369,-0.08741048,-0.9145572,1.1075354,0.02806758,0.6614115,-0.1048242,-0.3290391,-0.5309504,-1.6805933,1.0831394,0.79936004,-0.6558466,-0.035956353,-0.13857315,0.61772746,-0.30784154,0.3156488,-0.5492202,0.34408677,-0.19762287,0.7395866,-0.51645696,0.17895764,-0.13178284,0.046433337,0.28214264,0.87577057,-0.19178271,-0.15609479,-0.062465146,0.09223226,-0.05684018,-0.55279696,-0.06643759,0.10919143,0.4218465,0.39729512,-0.021657865,0.079785705,-0.31443924,-0.5627339,0.08181833,0.14479646,0.0008825816,-0.11459228,0.427943,0.08479504,-0.295469,-0.019473225,-0.2455412,-0.12515059,0.051246315,0.13240233
4,-4.0305805,3.6287222,-6.0376205,-2.4458454,43.291603,-3.6891685,1.4882977,1.9392657,6.1314287,-0.5164307,1.6809962,4.686556,-3.170023,0.32694918,-1.5922465,-3.9344707,1.1923203,0.40077257,-0.8203936,-1.7569946,-2.4785495,-0.96170765,-3.7807055,0.1886776,0.5657303,-0.7285,-0.9426256,0.51550233,-1.7986829,0.90423757,-2.8586361,-0.38251433,-0.09154122,1.4776701,-0.12693262,0.6441711,-0.40237963,0.12365902,0.2507792,-0.11290826,-0.14129871,1.3893738,0.21037975,0.99961704,-0.04228041,1.2518282,0.38099366,0.5470564,0.08837605,0.8783967,-0.8242081,-0.056107286,-0.46994835,0.16989513,-0.3940066,0.87085396,-0.037435275,0.40140957,0.10166246,-0.033803143,-0.11907148,-0.4720717,-0.6097723,0.8846059,-0.42626208,0.4449632,-1.2627633,-0.018354446,0.7151135,0.6239956,-0.11714693,0.567469,0.31484047,-0.26073882,-0.20509237,-1.408515,0.48492038,-0.21163702,-0.1546934,0.13466832,0.083495535,-0.55421877,0.09466882,-0.059086002,-0.13436434,-0.10778019,0.31177035,-0.37379628,0.1729097,0.28493124,0.14805558,0.11993411,-0.13341057,0.07270089,-0.33619967,-0.29222593,0.18626006,0.05699955,0.25103223,-0.21038666,0.23177972
5,9.602396,8.25536,-6.5936923,6.939286,-3.6891685,33.270733,-1.8376933,5.7408137,3.6229901,4.402615,2.8853266,1.3737712,3.1513581,-0.50151443,-1.6189013,3.125753,0.5093484,-4.326194,-0.20160232,0.2946155,0.01170216,1.8603501,0.4780534,1.8249094,-2.3056996,-0.82375824,-0.48562697,0.46313146,-1.2997679,0.42603415,-0.7734788,-0.26538596,-1.8329731,-1.484159,-1.5713767,0.9747661,-1.2570662,-0.53469265,-0.16283095,-0.27203953,-0.67999697,-0.52710104,0.43197432,-1.0637574,0.11758635,0.37732995,0.28128317,0.5625982,0.6055956,-0.2460254,-1.2784956,0.25879568,0.04469918,0.54723036,-0.4416277,-0.1590077,-0.17819639,-0.54849875,-0.55635583,0.20888904,-0.2432617,-0.30455905,0.19472271,-0.19078568,-0.4090245,0.016112216,0.7613801,-0.2580338,0.03415816,-0.053401336,-0.036385577,0.050565075,0.1022086,0.55328214,0.10190955,0.06702017,0.09153356,0.27785206,0.5155401,0.03044276,0.028944567,-0.24768552,0.040096145,0.11483343,0.20401818,-0.3878343,0.050984286,0.10663232,-0.1563053,0.24611604,0.07876262,0.43203047,-0.40220547,0.06464915,-0.01486987,0.4576575,0.18206385,-0.10427503,-0.16464034,-0.003662364,-0.16863745
6,-8.245551,3.282403,1.6887324,3.648344,1.4882977,-1.8376933,32.535496,1.2606479,0.64117587,-4.0776577,-0.76016974,0.7136911,1.4746251,0.71744484,2.676264,-0.10303312,-1.9220327,0.2765777,-1.4703004,0.88032734,-0.076715186,0.9499538,2.7942226,-1.1909342,-1.6847236,-0.023993423,0.5140011,-0.7563795,1.35127,0.6993114,0.43121964,-1.1468801,-0.28131503,0.19908112,1.347563,0.3538154,-0.29984128,-2.1840496,0.7032995,0.69910973,-0.5134687,0.113392934,0.48320067,-0.97257733,0.24594405,0.5221124,0.5204624,1.0353026,-0.2791381,-0.28419024,-0.25667137,0.3909803,0.3321128,0.44094393,-0.33139396,0.64039916,0.020605996,0.07592648,-0.52032155,0.17390588,-0.47256595,-0.11129168,0.051930998,0.38273093,0.42418393,-0.25485742,0.2401815,0.21161586,-0.18503432,0.072673574,0.3060491,-0.077178776,-0.56318825,0.36262298,-0.2780199,-0.50271547,0.2756393,-0.45423877,-0.30380276,0.34474865,0.78210986,0.13970795,-0.06336096,0.20568337,0.40882218,-0.16447547,0.2705824,-0.3587874,0.17841086,0.2592321,-0.27412647,-0.081534624,0.3230368,-0.056814294,-0.26706612,-0.10898365,0.29814434,0.054071084,-0.09607173,-0.0097614145,0.21298131
7,1.7599738,0.12732002,7.6298933,-0.69900584,1.9392657,5.7408137,1.2606479,23.117876,-1.4610791,2.2879448,0.14189395,-3.3398643,0.6227542,-0.97992426,0.8069601,-0.9644508,1.3104051,-0.16368535,-0.7864979,-0.62127185,0.087415956,0.97510636,1.2236863,-1.2792478,-0.42404902,-0.9844458,0.7983989,0.6193457,-1.60795,0.5350231,0.62028277,-0.35056782,0.3008609,-0.32134417,0.8323736,0.5744382,0.32131734,1.5902436,1.0913489,0.90024436,-0.17308798,0.5899261,-0.16220556,-0.1308531,0.54488504,-0.2805031,-0.15442075,0.23820439,-0.057103343,0.5712714,0.48965082,0.7434443,-0.23087107,0.35838872,0.26582405,0.5371512,0.14487556,0.71705985,0.19007322,0.5632983,-0.051383913,-0.36036047,-0.49121207,0.022969428,-0.07506852,0.33376604,-0.3374774,-0.6564142,0.3741383,-0.33786815,0.0865079,-0.61487436,-0.53973997,-0.33081657,-0.09823795,-0.09907015,-0.08281769,-0.035421588,0.924437,0.15980783,-0.315664,-0.03541567,0.06441003,-0.064912446,0.20285642,0.702243,0.16545093,0.010455423,0.020839723,0.075409785,-0.060145427,-0.086095616,-0.04681055,-0.24427631,-0.20579395,0.115894906,-0.15124948,0.03349357,0.089295216,0.11744381,-0.08697816
8,10.22093,6.4371653,-1.7480004,0.54870653,6.1314287,3.6229901,0.64117587,-1.4610791,24.399254,1.8141394,-3.237372,0.79711914,-1.6418698,-0.6485241,0.5180391,0.8319929,0.45393673,-1.2933955,-1.1794835,-1.2106147,-2.8479972,1.0813353,-0.28832248,-0.20788847,1.2531126,-0.6968578,-0.3816919,0.91214335,0.79082024,0.7191039,-0.6883233,-0.37923014,-1.78912,-0.8652524,0.397553,0.12305413,0.1263462,0.22035629,-0.56816065,0.72102225,1.6874359,0.9284514,0.22801884,-0.45069855,0.27940583,-1.4447325,-0.0036530504,-0.627581,-0.26055273,-0.643943,-0.1611166,-0.08399071,0.1681253,0.10419054,-0.043312497,-0.50547147,-0.20098627,0.18960656,-0.020580254,0.8011768,0.4306999,0.13207547,-0.2875004,0.17485458,0.11499508,-0.64055806,0.52571785,0.6573091,0.10158739,0.18609944,0.12138663,0.55339235,-0.21870962,0.24495962,-0.21451464,0.043138593,0.24973133,-0.103747234,-0.27256322,0.0012227587,-0.006381211,0.09662607,0.44478387,0.021549989,-0.14964807,0.14767435,0.2599597,0.48509777,0.22202563,-0.08537621,0.19382009,-0.40171185,0.3120545,-0.08807838,0.4596463,-0.21976542,-0.06942569,0.16933444,0.26388907,-0.068619326,-0.22774887
9,-1.3209695,-3.778864,-0.92919123,-5.6485004,-0.5164307,4.402615,-4.0776577,2.2879448,1.8141394,16.221218,0.38293558,-0.08806674,2.3138852,4.844035,0.21919024,1.0616133,0.12877944,0.43009508,-1.2002871,-0.46088696,1.3489752,-1.313932,0.4823737,-0.32818252,0.567381,0.7818997,0.033841766,1.7381293,-0.10220605,-1.5019251,-0.81720155,-0.9218991,-0.06998141,0.49057743,0.30836073,-0.07199746,-0.9809389,0.3285717,-0.037411585,0.93473816,0.49972734,-0.8702673,-0.49671462,-0.60472006,0.04108883,0.36015302,0.24811289,0.3604739,-0.781416,-0.29693586,-0.4806647,-0.40404397,0.4249208,-0.15302846,-0.090693966,0.517686,-0.37903062,0.14785227,0.014113911,0.5315653,0.1164957,0.19297831,-0.45204636,-0.5513232,0.15622696,-0.12340343,-0.50145066,0.12815486,-0.009655362,0.25623137,0.034736514,0.5633709,0.24650405,0.5687097,-0.19123974,0.13056722,0.35869646,-0.02449631,0.44855613,-0.37420696,-0.08565242,-0.30705923,-0.068865776,-0.3727416,0.05696436,-0.04913771,-0.403282,-0.08345385,-0.04087604,-0.015382791,-0.10904477,-0.1034397,0.29255915,-0.14467095,-0.1910153,-0.08361551,0.20140296,-0.42017955,-0.2227681,-0.06831978,-0.08680987
10,-4.1395407,-3.7939034,-5.5941353,4.229582,1.6809962,2.8853266,-0.76016974,0.14189395,-3.237372,0.38293558,18.740543,0.016254012,1.9951851,-0.73717046,1.0372069,2.1985948,0.082049735,0.24924254,-1.1919701,-2.679417,0.3869232,0.31170908,-2.3261523,-0.035616614,0.76039624,-0.6402323,0.5917462,-0.8597642,1.1910733,0.08216365,0.012668482,-0.99636644,0.6156823,-0.76355755,0.2647277,-0.2755285,0.7115533,-0.38717264,0.23510318,0.4779428,-0.0007967487,0.5618036,0.5256866,0.0053707026,0.2015954,0.54193914,0.38613153,0.18635929,0.32380843,-0.36129573,1.0744054,-0.54400784,0.13065684,0.12284179,0.8307097,0.45978117,-0.7684715,-0.32509303,-0.03426873,-0.3073914,0.061127916,-0.9319873,0.010113647,0.16893393,-0.1306287,0.101593,-0.41100746,-0.089320235,0.094012365,0.3509454,0.31129616,0.42056835,0.67352664,0.2584824,-0.23591253,-0.03887821,0.35554034,-0.012750283,0.044785015,-0.02859666,0.061167248,0.23758675,0.13571306,0.0022037579,0.041372716,-0.07967974,-0.10042068,0.19415262,0.015416393,-0.20301817,-0.24269727,-0.1723755,-0.14594266,0.037576854,0.06686371,0.12394865,-0.13785024,0.32824528,0.17189407,0.15497284,-0.028311595
11,1.9849756,3.575275,1.7646568,0.75057375,4.686556,1.3737712,0.7136911,-3.3398643,0.79711914,-0.08806674,0.016254012,18.797108,1.2730017,0.37582493,-0.09347441,-1.1178019,-0.20432721,1.3566885,-2.8534296,-0.092490956,-1.0434418,-0.23034798,-1.3275552,0.710837,-1.1910996,0.116729334,-0.34258205,0.71045995,-1.003773,-1.0524764,2.1305668,-0.64347225,0.3445558,0.69824445,-0.78436005,0.4868682,-0.11368294,0.54239553,-0.9795226,-0.98439,0.7575018,-0.14913666,0.02554104,0.17014034,-0.008414176,0.32477796,0.03518527,-0.28191024,-0.017701274,0.45027804,0.3049046,0.52581793,0.5472913,0.44285756,-0.7876531,0.047011256,-0.3365241,-0.6204769,7.559934e-05,0.061676256,0.15763184,0.030068615,-0.06536093,-0.347879,0.600171,0.21609649,0.40120846,-0.059239946,-0.17671841,-0.30894735,0.030000545,-0.09545553,-0.056538507,-0.25739995,0.049258754,0.51338315,0.060562234,0.15275803,-0.0520987,0.17711864,-0.04699235,0.016639216,0.3088885,0.101631686,0.16649732,0.032911982,0.033101533,0.17545804,0.013176948,-0.020744342,-0.3697533,0.29992852,-0.37715703,0.07979209,0.016214982,-0.047211386,0.11952053,0.28968722,0.039157994,0.05195418,0.13596287
12,4.643005,3.1341906,4.0663185,2.3399768,-3.170023,3.1513581,1.4746251,0.6227542,-1.6418698,2.3138852,1.9951851,1.2730017,16.517902,-1.0183079,-1.9343841,-1.3029606,-0.39888322,-1.0387126,-1.1143224,-1.3223445,-0.9592704,0.28583804,0.93962425,0.79710996,-0.71960557,0.46227664,0.4634813,-0.33584702,0.93388546,-0.5931669,-2.1219354,-0.34484303,0.64053977,1.435738,-0.37931186,0.56308997,0.172712,0.43247104,-0.03091161,0.69742227,-0.5020974,0.4479745,-0.969953,-0.23506376,-0.0538465,0.41021055,0.055943727,0.25542134,0.1394124,-0.3290695,0.99244,-0.13299444,0.055170123,0.5274144,0.0059142844,-0.22725582,0.6160572,0.49730837,-0.018207327,0.41735232,0.7230514,-0.3446154,-0.50213826,0.34793732,0.1277936,-0.35001314,0.08106878,0.048776895,-0.30236998,0.023444243,-0.15725899,-0.044992633,-0.19807938,-0.2549606,0.1773532,-0.13528165,-0.23907483,0.12924308,-0.2119025,-0.07256326,0.0590959,-0.0011608106,-0.4338212,0.007856198,0.11822276,-0.081121504,-0.39535272,-0.057663318,-0.13692707,-0.17815623,-0.3310123,0.0289668,-0.049995318,0.19681138,0.07028512,-0.12820867,0.038227685,-0.015158905,0.037738398,-0.06527147,-0.20988062
13,-7.7420206,0.8933125,1.2663224,0.07324462,0.32694918,-0.50151443,0.71744484,-0.97992426,-0.6485241,4.844035,-0.73717046,0.37582493,-1.0183079,13.766718,-2.5106535,-1.1766033,1.7207589,0.11754585,1.1733818,0.03168287,1.1339765,-0.2220402,1.2720057,-0.8014049,0.174193,-0.2253961,-0.59015137,-1.2469327,-0.69022655,0.30158374,0.5082809,-1.6062474,-0.6219927,0.96624726,0.070262685,0.32659364,-0.82411945,-0.2706992,0.11351082,0.11328606,-0.095257476,0.40384194,-0.14551824,0.48004645,0.13370775,0.3797701,0.3260113,-0.08695645,-0.21536678,0.08547391,0.16331227,0.10672104,0.7410259,-0.6610863,0.21625197,-0.9347086,-0.14590316,0.4188826,0.53003776,-0.03263904,-0.12202482,-0.16591437,-0.27621436,-0.3853364,-0.13283199,-0.42537388,0.35823852,-0.30796534,-0.105100185,0.026898496,0.073543206,0.21369734,0.11278097,0.2470487,-0.023259774,-0.07658911,0.5481672,-0.20965776,0.07530695,0.07543677,-0.062270325,-0.39138412,0.053035505,0.03543283,0.119130194,-0.16396892,-0.03999322,0.31248143,0.020213146,-0.031106051,-0.21420369,-0.18687262,-0.16978878,0.1304432,-0.09213193,0.0029202644,0.021928743,0.021162447,-0.06873361,-0.007203942,-0.05537702
14,8.634336,-1.9422468,2.0170524,2.5208309,-1.5922465,-1.6189013,2.676264,0.8069601,0.5180391,0.21919024,1.0372069,-0.09347441,-1.9343841,-2.5106535,13.659512,0.7271087,0.094664864,0.79709667,-0.87038255,-0.10584833,-0.5015331,0.07517638,0.11172296,-0.4635147,0.28204036,0.78730375,-1.2083397,0.4527213,-1.0494809,-0.084487975,-1.5319915,0.6379951,0.1414032,0.14154504,0.049540192,-0.3736049,-0.01693326,0.23999509,-0.0135040935,-0.28742403,-1.0201494,0.47155136,-0.2238112,-0.25655586,0.30735642,0.15292206,-0.017200805,-0.71402013,0.28249782,0.3152179,-0.3294071,0.11560732,0.6514902,0.07746747,0.18173411,0.22750384,-0.49481267,0.25900126,0.22979555,-0.056537718,-0.17605862,0.008819831,0.15688844,-0.49737173,-0.22937095,0.044574298,0.12292901,-0.10310524,-0.061070412,-0.22473666,-0.16454068,-0.21251243,0.200788,0.17377105,-0.16377383,0.2125605,0.441536,0.36240268,-0.4914508,-0.043597363,0.15328994,-0.063783035,-0.05146756,-0.17570528,0.1748411,0.0012945659,-0.24011813,-0.034981858,0.18136097,-0.21306305,-0.061574116,-0.11576101,-0.0020498037,0.058216017,-0.008672366,-0.047490973,-0.095732495,-0.15423833,-0.054282255,0.26607838,-0.20745268
15,-5.9381948,-1.2011768,-0.4050673,-0.59210044,-3.9344707,3.125753,-0.10303312,-0.9644508,0.8319929,1.0616133,2.1985948,-1.1178019,-1.3029606,-1.1766033,0.7271087,12.191879,-0.26277632,-0.11972792,0.75287247,0.8447166,-0.5372436,-1.621341,0.9576949,0.7518909,-0.1702852,0.40114075,0.4775741,-0.11717584,0.750794,0.90330696,-0.07335758,-0.037566617,-0.010915371,1.4247985,0.6417662,0.12877455,0.445512,-0.40463322,-0.786872,-0.9536512,1.3022397,-0.6515357,-0.4141025,-0.5408287,0.4863066,0.2358532,0.48761535,-0.46291757,-0.07961685,0.20959875,-0.38655895,0.067130595,0.66002,0.370246,0.03418693,0.047618926,-0.016132796,-0.37196696,-0.23818286,0.24349058,0.11046479,-0.088615775,-0.3632874,-0.01950749,0.63888294,0.33871472,-0.25085092,-0.016993333,0.3085456,0.16676116,-0.058865152,-0.25585973,-0.13582477,-0.1438657,0.14445224,-0.17426023,0.18846291,0.0666028,0.017240196,0.06203498,0.051973432,-0.1748232,0.08749166,0.094446644,-0.3698852,-0.052392032,0.24380666,0.06613751,0.2898696,0.048980944,0.038110316,0.089040935,0.15731126,-0.09897759,0.064857244,-0.04151512,-0.037268873,-0.071110606,0.2509048,-0.0056800283,-0.1928108
16,2.6163845,1.0586483,-3.6004992,-0.56834936,1.1923203,0.5093484,-1.9220327,1.3104051,0.45393673,0.12877944,0.082049735,-0.20432721,-0.39888322,1.7207589,0.094664864,-0.26277632,13.259476,1.2946713,0.1874485,0.6262672,-0.16206826,1.6491942,-0.7509575,-0.3537696,-0.13169938,-0.61662877,0.85965836,0.24913922,0.9018292,0.026331615,0.2606324,-0.35727632,0.036313497,0.04945023,0.24800858,-0.008016592,0.980677,-0.096423596,0.28929177,0.39553753,-0.7187595,-0.12273953,-0.7722475,-0.48625302,-0.80991614,0.012785474,0.2234912,-0.4418308,-0.67828137,0.16116431,0.11135186,-0.054290906,-0.18788025,0.124920875,0.45165646,-0.064659566,0.13269654,-0.1912319,0.24635696,0.0264774,-0.09163675,0.12971625,-0.17061079,-0.14438696,0.20434877,0.3642003,-0.09187856,0.15666309,0.30453628,-0.27895963,0.113583304,-0.035836935,-0.15286744,-0.2614927,0.393234,0.42169112,0.12969592,0.22827226,-0.4714859,0.037031204,0.40277866,-0.037720144,0.0025252332,0.14975521,0.21179011,-0.08755446,-0.037059516,-0.056175746,0.2064456,0.072137505,0.037674475,0.11750482,0.015912939,-0.021093532,-0.058576494,-0.07677004,0.12476073,0.08653498,-0.2987362,-0.05561161,-0.1531231
17,1.9861462,0.42403406,-0.9213705,0.52889884,0.40077257,-4.326194,0.2765777,-0.16368535,-1.2933955,0.43009508,0.24924254,1.3566885,-1.0387126,0.11754585,0.79709667,-0.11972792,1.2946713,9.977098,-0.603145,-1.2091022,-0.13472655,-1.0646019,-0.24949834,1.5126663,0.009148082,1.5810932,-1.0031589,-0.3093307,-0.047816694,-0.0825551,0.31260744,-0.8451767,-0.91697633,0.5410638,0.046758793,0.23090549,0.29582793,0.35596478,-0.44227898,0.29606313,-0.47045237,-0.3045485,-0.3277341,-0.721341,-0.5573249,-0.33394724,0.08986086,0.22343665,-0.32869565,0.50227046,0.22353227,0.4666422,-0.25774255,0.13128304,0.02241734,0.05838975,0.58705384,-0.16790146,-0.28051826,0.17715272,0.26772547,-0.51207876,0.35543972,0.37635976,0.1940135,-0.31794396,-0.23560117,-0.47973832,0.19677034,0.095668525,0.16106774,0.017755773,-0.11858925,0.2247817,-0.023327393,0.03958112,-0.19470705,-0.095222935,0.31156713,-0.34503293,-0.24208128,0.32648385,0.13713062,0.100884646,0.13506918,-0.044619888,-0.15178323,0.12640849,-0.13433832,-0.052233007,0.1982584,0.07654682,0.16320181,-0.23116256,0.13708064,0.067548715,0.014131741,-0.16167517,-0.017802518,0.20919535,-0.07424083
18,10.315912,0.25766006,1.6196915,-0.9320152,-0.8203936,-0.20160232,-1.4703004,-0.7864979,-1.1794835,-1.2002871,-1.1919701,-2.8534296,-1.1143224,1.1733818,-0.87038255,0.75287247,0.1874485,-0.603145,12.208347,0.08628659,-0.863345,-0.68062896,-0.6602119,1.0167298,0.40376598,-0.4324981,-0.07426083,0.32949662,0.10531759,0.034607336,-0.04248102,-0.5173253,-0.1535824,-0.36412233,1.0625956,0.67158884,-0.3886432,-0.16747135,0.1507906,-0.0871941,-0.41825074,0.447443,-0.17395183,-0.0515969,-0.21308249,0.6237111,0.41076085,-0.51126266,-0.17151059,0.121671446,-0.16371316,-0.051313546,0.23043478,0.58096516,0.011660889,0.011624824,-0.27486044,-0.119094044,-0.16174844,-0.31881654,0.2568103,-0.1331445,0.05399216,0.06089416,-0.027664768,0.12672059,0.06451823,-0.07309736,0.10249689,-0.1256431,-0.050240777,0.12936631,0.012923239,0.28071305,0.09578006,-0.114813685,-0.39723212,-0.14673829,-0.0919391,0.07287989,-0.06486805,0.14380682,-0.18640319,-0.18273108,0.09379776,-0.07467415,0.1797958,0.06538634,-0.0041764155,-0.074575186,-0.16918004,-0.056690864,-0.172661,-0.010260613,-0.017351598,-0.056876328,-0.022705998,0.22405097,0.24882218,0.04303644,0.018585075
19,0.778227,-3.3036141,2.2160347,0.27891073,-1.7569946,0.2946155,0.88032734,-0.62127185,-1.2106147,-0.46088696,-2.679417,-0.092490956,-1.3223445,0.03168287,-0.10584833,0.8447166,0.6262672,-1.2091022,0.08628659,9.081675,-0.67672896,-0.74794817,-1.3306029,-0.57854587,-1.127423,0.13134278,-0.74381864,-0.4438638,0.04453252,-0.27743995,0.029033586,-0.6334499,0.3887383,-0.20495895,-0.5693282,-0.20115346,0.49569196,-0.10198003,-0.12800215,0.5302154,0.93185735,-0.6914238,0.3947507,-0.18896273,-0.43370113,0.14542013,0.30064666,-0.40593308,0.017866235,-0.097419135,-0.010387395,-0.067534044,-0.13201502,0.42621344,-0.15037683,0.07608113,0.2745241,0.13052237,0.093666345,0.16898051,-0.35841787,0.12069121,-0.0037641888,-0.08782689,-0.34147128,-0.41355908,-0.38882917,-0.22971576,-0.12060925,-0.3457289,0.07534258,0.09053299,-0.09725541,0.10910963,-0.34226102,-0.12592715,0.20233998,0.2952736,0.05035521,0.1755895,-0.09549375,-0.3294762,-0.46504775,0.14908844,0.08522326,0.08785127,-0.08979462,-0.12212521,0.17987749,0.02896678,0.1386789,-0.0013919743,-0.035232365,0.06766649,0.21340875,-0.09776888,0.020468928,0.07222502,-0.08976731,-0.15455101,-0.00020940778
20,0.16838692,3.141953,-0.92009234,-1.3823366,-2.4785495,0.01170216,-0.076715186,0.087415956,-2.8479972,1.3489752,0.3869232,-1.0434418,-0.9592704,1.1339765,-0.5015331,-0.5372436,-0.16206826,-0.13472655,-0.863345,-0.67672896,9.645938,0.73324704,0.72594446,-0.18544352,-0.39338493,0.68550074,0.46122843,0.44419995,0.004105896,0.21956247,-0.82761896,0.4770667,-0.09999731,-0.35360092,0.041216716,1.1107602,-0.07506493,1.006636,-0.2302862,0.012122019,0.30998588,-0.16196027,0.3578244,0.12600118,-0.34357524,-0.68728626,0.69307446,0.30665565,0.0141066965,0.037406147,-0.22991043,-0.30743924,0.15463611,0.04011634,-0.16378906,0.39475977,0.066525936,-0.085432366,0.21242087,-0.14181241,-0.046230525,-0.16042891,0.054664504,0.16299395,0.08350971,0.41814363,-0.032366283,-0.025474273,-0.48219216,-0.07616457,0.19734535,0.0007738098,-0.07055567,0.12131786,-0.07936457,-0.11944319,0.22337422,-0.064146265,-0.19094157,-0.010991266,0.25971252,0.19605768,0.05806858,0.029969662,-0.18980664,-0.19763371,0.30319536,0.12631133,0.16613698,0.110436305,0.18524176,-0.12943785,0.00011622188,-0.012567566,0.14176652,-0.1416582,0.07037194,0.088372864,-0.100540794,0.1127888,0.1629434
21,5.497342,0.3050826,-1.5584118,-1.4271202,-0.96170765,1.8603501,0.9499538,0.97510636,1.0813353,-1.313932,0.31170908,-0.23034798,0.28583804,-0.2220402,0.07517638,-1.621341,1.6491942,-1.0646019,-0.68062896,-0.74794817,0.73324704,8.5505295,0.08461511,-0.5606987,-0.71049225,-0.53381926,-0.12073276,0.22999471,0.2476587,0.08682221,0.6295144,-0.60169196,0.2858609,0.5072646,0.16219383,-0.7503712,-0.12360074,-0.3951775,-0.033139758,-0.6322371,0.2977498,0.029101312,-0.17268977,-0.07396327,0.3155002,0.7718742,-0.33310932,-0.5946053,0.27128232,0.020518374,-0.1510521,-0.34814548,0.2046698,0.005803773,0.03810466,0.16551541,0.5314734,0.582165,-0.4318167,0.050292537,0.39224926,0.046865977,-0.07401852,0.100094244,-0.11301555,-0.1105382,0.2012236,0.28634295,0.2088596,-0.10427168,0.22352819,-0.12902346,-0.19102089,0.26518595,0.0712505,0.005654262,-0.046312854,-0.022172417,0.034150843,-0.28656048,-0.2754814,0.031097416,-0.08061538,-0.0025124482,0.007326956,-0.0021899291,0.08772473,0.060302775,0.020717181,0.046794474,0.006449703,-0.18559489,0.020050792,0.23559889,0.042297848,0.12486135,0.0013523883,-0.00045310683,0.04423252,0.07487264,0.16993713
22,-5.716311,0.40420127,-0.07156227,-0.22768229,-3.7807055,0.4780534,2.7942226,1.2236863,-0.28832248,0.4823737,-2.3261523,-1.3275552,0.93962425,1.2720057,0.11172296,0.9576949,-0.7509575,-0.24949834,-0.6602119,-1.3306029,0.72594446,0.08461511,8.173852,0.96494675,0.4715445,-1.1826729,-0.35985723,-0.22353014,-0.8483948,-0.37119776,0.44954056,0.3759877,-0.21202901,0.5310147,0.06343567,-0.053827904,0.06521732,0.7860508,0.1857188,-0.073690265,-0.18053538,0.3931421,-0.0028325052,0.003588722,-0.043205865,0.53596354,-0.15979809,-0.8953408,-0.04493228,0.11352708,-0.18354931,-0.058987234,-0.5260055,0.16511169,-0.29550675,0.15585989,0.037169695,0.1048259,-0.048176654,-0.28046793,0.08775192,-0.2564265,0.17070794,-0.044704903,0.11398088,0.10593545,-0.20415936,0.010109413,-0.1879125,-0.14883785,0.2310448,0.3881669,0.2012041,-0.091717385,0.13881826,0.047284197,0.0553587,-0.11275757,-0.19757664,0.08625078,0.0063421084,-0.14508682,0.11743854,-0.0034806952,0.09238011,0.052032303,-0.11211674,0.044384025,-0.020293608,-0.03335749,0.23748195,0.17318949,0.13576499,0.11216605,-0.061322354,-0.060984924,0.030016853,0.09997377,0.100519046,-0.11561175,-0.03880846
23,-0.32072634,-1.4981439,-1.6160636,1.3374491,0.1886776,1.8249094,-1.1909342,-1.2792478,-0.20788847,-0.32818252,-0.035616614,0.710837,0.79710996,-0.8014049,-0.4635147,0.7518909,-0.3537696,1.5126663,1.0167298,-0.57854587,-0.18544352,-0.5606987,0.96494675,7.944041,-0.26451457,0.2282427,-0.073468715,-0.1466411,0.40305376,-0.23235594,-0.04219438,-0.23433858,0.22357342,0.09533413,0.33008635,-0.21846011,0.2538071,0.09293613,-0.20121655,0.45914048,-0.32548243,0.35468024,0.21685702,-0.080121994,0.1258697,0.12958516,-0.3922932,0.1357961,0.061770253,-0.10635692,0.09412792,-0.2828222,0.07992171,-0.31913793,-0.48383993,0.45802045,0.41040078,0.31056136,0.60971797,0.023469362,-0.40205413,0.2850641,-0.22992283,-0.10163775,-0.14962631,0.033355683,0.16422123,0.0886766,-0.0038061766,0.14637394,0.4728866,0.06958659,-0.21422732,-0.002161832,-0.061342813,-0.09669757,-0.0103457095,0.22702658,-0.048365436,-0.041306555,0.13343114,-0.19662344,0.12174102,-0.09605716,0.116864346,0.20951116,0.20081413,0.11875807,-0.07438603,-0.14239421,0.15572621,-0.07078409,-0.18044737,-0.13170478,0.15409574,-0.08517593,0.052547343,-0.19534324,0.046955638,0.17804307,0.091352135
24,1.4285719,1.2065468,3.0117288,-3.2788825,0.5657303,-2.3056996,-1.6847236,-0.42404902,1.2531126,0.567381,0.76039624,-1.1910996,-0.71960557,0.174193,0.28204036,-0.1702852,-0.13169938,0.009148082,0.40376598,-1.127423,-0.39338493,-0.71049225,0.4715445,-0.26451457,6.736995,0.27592468,0.14351504,-0.041750375,-0.561992,-0.27961558,0.32962993,0.047013737,0.09007995,-0.2219642,-0.5667484,-0.08845824,-0.02950196,-0.038982563,0.011927199,-0.3259857,0.029210553,0.08327769,0.25859803,-0.34869438,-0.026709791,0.16220444,-0.12177524,0.33959448,0.4555726,0.0445998,0.10340123,0.14684168,-0.52366465,-0.13305888,0.058547683,0.5057255,-0.5142044,0.61109966,0.18806562,0.15619218,-0.13866104,-0.28922307,-0.09419088,-0.043284632,0.3701036,-0.27538455,0.2315039,0.36008304,0.04282806,-0.0059329374,0.046777442,-0.20204923,0.16268,0.045572348,0.12881812,0.07256633,-0.08952092,-0.036450196,0.106979236,0.15758947,0.40505582,-0.047802553,-0.11723906,0.0918442,0.012619886,-0.10246906,-0.08275703,0.019933375,0.23495421,-0.00026885103,0.13158628,-0.06403175,0.13195866,0.13797458,0.06172036,0.10057034,0.1453844,0.12777242,-0.006710856,-0.056373715,-0.18235871
25,5.587552,1.1440055,-0.83675396,-0.32811794,-0.7285,-0.82375824,-0.023993423,-0.9844458,-0.6968578,0.7818997,-0.6402323,0.116729334,0.46227664,-0.2253961,0.78730375,0.40114075,-0.61662877,1.5810932,-0.4324981,0.13134278,0.68550074,-0.53381926,-1.1826729,0.2282427,0.27592468,4.6175766,-0.08356883,0.1133993,0.11631712,-0.08314069,-0.10335895,0.023505349,-0.4685154,0.57985604,-0.24583861,0.43930697,0.13652503,-0.100153,0.5818287,0.15341109,0.055578165,-0.6462649,0.04603877,0.10429172,0.49364477,0.36567286,-0.09978911,0.22732481,-0.1823098,0.34712058,-0.38176662,-0.21260193,0.08784207,0.2124986,-0.11457233,0.100904875,-0.0715695,0.22786593,0.3425805,-0.07589544,0.23137988,-0.1420603,-0.24625126,0.24695769,-0.13518333,-0.13223642,0.075602315,0.08226912,-0.054481857,0.033081733,-0.032331027,0.013733455,-0.19393381,0.11253774,0.06981102,0.15268804,-0.07510637,-0.06343107,0.033196412,0.2552604,-0.114119686,0.026463589,0.23529138,0.038588338,-0.005396587,0.17181769,0.08753292,-0.13260329,-0.040780827,-0.047652904,-0.0126993805,0.07673284,-0.04543219,0.05889134,0.18579358,0.034497846,-0.015195686,-0.1354893,-0.07838631,0.022383753,0.15654023
26,2.2146792,-1.9687712,1.8333972,-0.62497354,-0.9426256,-0.48562697,0.5140011,0.7983989,-0.3816919,0.033841766,0.5917462,-0.34258205,0.4634813,-0.59015137,-1.2083397,0.4775741,0.85965836,-1.0031589,-0.07426083,-0.74381864,0.46122843,-0.12073276,-0.35985723,-0.073468715,0.14351504,-0.08356883,4.903383,-0.0019999577,-0.87034225,0.5242437,0.13120076,-0.056477383,-0.4284283,-0.12479049,-0.015890097,-0.5395613,-0.055238474,-0.2300204,0.14096119,-0.104987815,-0.36247754,-0.5705421,-0.09039589,0.6715578,0.22158241,0.11302664,-0.4294684,0.15002112,-0.18299073,-0.26576135,0.3374642,-0.13435279,0.30576184,0.040290177,0.120243706,-0.0029390561,0.16512896,0.03701248,0.120734215,0.17811358,-0.15770636,0.3915577,0.09839535,0.3215471,0.37891823,0.17488009,0.106490836,0.16777757,-0.038161643,-0.19504133,-0.035602264,0.18580091,-0.40549093,-0.06812699,-0.035826124,-0.09260273,0.18205157,0.1715211,-0.123633996,0.08325067,0.13776036,0.24331293,0.3602419,-0.20094672,0.04468749,0.031576455,0.111398794,-0.16198827,0.21147951,-0.133997,0.032796025,0.08774777,-0.047794726,-0.008257048,0.10884561,-0.14085874,-0.008736435,-0.09351388,-0.13157402,-0.06603286,-0.03526636
27,-1.4502063,-1.4418321,0.06414251,-2.2396514,0.51550233,0.46313146,-0.7563795,0.6193457,0.91214335,1.7381293,-0.8597642,0.71045995,-0.33584702,-1.2469327,0.4527213,-0.11717584,0.24913922,-0.3093307,0.32949662,-0.4438638,0.44419995,0.22999471,-0.22353014,-0.1466411,-0.041750375,0.1133993,-0.0019999577,6.220627,0.43428898,0.36333668,0.2699619,0.076849386,-0.17915475,-0.16625889,0.03914506,0.98419416,-0.0438727,0.2270273,-0.21467918,-0.04025077,-0.044861168,-0.45188442,-0.19396763,0.3068634,-0.005352287,0.45402858,0.3077808,0.002037875,-0.24311876,-0.41145027,0.42642295,0.4453355,-0.06995161,0.09124705,-0.110891715,0.023849785,0.12538466,0.17106652,-0.49181712,-0.27739602,-0.17962286,0.23155162,0.32103467,-0.18787041,-0.2426152,-0.16343555,-0.24627471,-0.09552758,0.019273918,0.1548546,-0.08156222,-0.042727984,-0.12409663,-0.1338852,-0.03947843,0.23558046,-0.041659042,-0.1364147,-0.13240758,0.14934623,0.24282248,0.027479272,-0.098329686,-0.07815333,0.2009919,0.0281782,0.067320526,0.083972275,-0.16605562,-0.0026602433,0.15170746,0.012804325,0.035344467,0.1333172,0.12559858,0.033051122,0.02429282,-0.13944948,0.16162121,0.057669923,0.059876405
28,-3.0516899,0.6797138,-1.6447103,0.067262135,-1.7986829,-1.2997679,1.35127,-1.60795,0.79082024,-0.10220605,1.1910733,-1.003773,0.93388546,-0.69022655,-1.0494809,0.750794,0.9018292,-0.047816694,0.10531759,0.04453252,0.004105896,0.2476587,-0.8483948,0.40305376,-0.561992,0.11631712,-0.87034225,0.43428898,6.0699797,-0.071594596,0.14459714,0.4480312,-0.47789955,-0.08480346,-0.08443568,0.1629594,0.14881831,0.33145577,0.3848787,0.071743175,-0.051548213,0.25274038,0.18178672,-0.29622054,0.6096802,-0.060273603,0.060593404,0.1535491,0.294772,0.400841,-0.43802622,0.03907878,-0.17217249,0.052185178,0.24543889,0.0077066803,0.011146583,0.10081757,0.19720829,0.027438853,0.12079707,0.2476411,-0.20908931,-0.2768849,0.095766276,-0.17161268,-0.072774895,-0.1305206,0.13996382,-0.31556153,0.16590682,0.084139645,-0.1213281,-0.074611634,-0.2668985,-0.0195149,-0.086201444,-0.23554787,0.15934977,0.15822068,0.11354542,0.003986685,0.02097774,-0.16853693,-0.008434279,-0.062284656,-0.06933938,-0.010773137,0.029091178,-0.14006612,0.1119162,0.03637009,0.11662225,0.041326452,-0.03379614,-0.023547463,0.113035515,0.051806845,-0.012653612,-0.118952885,0.02702561
29,-2.6547146,-0.47696522,1.1054589,1.072402,0.90423757,0.42603415,0.6993114,0.5350231,0.7191039,-1.5019251,0.08216365,-1.0524764,-0.5931669,0.30158374,-0.084487975,0.90330696,0.026331615,-0.0825551,0.034607336,-0.27743995,0.21956247,0.08682221,-0.37119776,-0.23235594,-0.27961558,-0.08314069,0.5242437,0.36333668,-0.071594596,6.0945373,-0.4574349,-0.22152492,0.074007526,0.07674614,-0.22214979,-0.40775624,0.022448724,0.41173455,-0.5467639,0.02824717,-0.10886004,-0.14645854,-0.32587326,0.045887537,-0.34291983,0.29787874,-0.19553417,0.23401943,0.15730664,0.32224426,-0.11260763,0.37684655,0.31840584,0.091945544,-0.1403738,-0.18050432,0.17867935,-0.067777246,0.4087574,-0.015087387,-0.31492943,-0.10959326,0.065438196,0.22294366,0.1449615,-0.23844723,0.2105942,0.057842355,-0.06997556,0.08433281,-0.00047913933,-0.0034467536,0.15089609,0.07188372,-0.24405105,0.017156925,-0.34216416,0.19530734,0.02654044,-0.11739837,-0.14099176,0.17560232,0.04338242,-0.08534718,0.0038269982,-0.07922361,-0.1220752,0.071837254,-0.07128773,-0.08774869,0.027802013,0.099203825,0.11596163,-0.03662868,-0.06045385,-0.029483307,0.005313908,0.054510385,0.12042794,-0.046368398,0.121527866
30,-3.972819,0.17119503,-0.32311326,-0.7985414,-2.8586361,-0.7734788,0.43121964,0.62028277,-0.6883233,-0.81720155,0.012668482,2.1305668,-2.1219354,0.5082809,-1.5319915,-0.07335758,0.2606324,0.31260744,-0.04248102,0.029033586,-0.82761896,0.6295144,0.44954056,-0.04219438,0.32962993,-0.10335895,0.13120076,0.2699619,0.14459714,-0.4574349,5.1569967,-0.40509367,0.24473783,-0.021286458,-0.15484011,0.1005017,-0.081351876,0.20580547,-0.62286866,0.09450805,-0.56200725,0.19398785,0.16782916,-0.7351581,0.24303982,-0.01729155,-0.21987513,-0.14760008,0.17101812,-0.36607224,-0.14292686,0.10685534,-0.20654261,0.032893524,0.1809051,0.052082717,-0.16927168,0.14619584,0.047409385,-0.10417933,0.16809678,0.029850772,0.051617395,-0.22344671,-0.06729069,0.11212376,0.11080483,0.13601892,-0.078280695,0.15982811,-0.024545066,0.08197941,-0.13314734,0.06924136,-0.08683854,-0.04494163,-0.05715801,0.147025,0.07462528,0.0026019537,-0.10308045,0.28500992,0.042128284,0.08184694,-0.1318399,0.053536274,0.0027613381,-0.15907675,0.10371554,0.10089114,0.00637162,0.026865255,-0.07625702,0.017180871,0.08265799,-0.075225696,-0.15139337,-0.05196929,0.12572113,-0.072347276,0.11635916
31,1.4223974,1.7733364,0.6972616,1.8851173,-0.38251433,-0.26538596,-1.1468801,-0.35056782,-0.37923014,-0.9218991,-0.99636644,-0.64347225,-0.34484303,-1.6062474,0.6379951,-0.037566617,-0.35727632,-0.8451767,-0.5173253,-0.6334499,0.4770667,-0.60169196,0.3759877,-0.23433858,0.047013737,0.023505349,-0.056477383,0.076849386,0.4480312,-0.22152492,-0.40509367,3.80447,0.534026,0.36689872,-0.45992732,-0.05138044,-0.5055089,0.01321077,-0.20547755,-0.31158292,0.22054969,-0.1290547,-0.029318668,-0.26570675,-0.55226254,0.015636684,-0.004548367,-0.1871036,-0.21005559,0.060463924,0.24621727,0.07650561,-0.19103444,-0.33660775,0.50987613,-0.14755999,-0.288727,-0.119293034,0.035541594,-0.2564711,0.08536636,0.032394774,-0.11203366,0.030080216,-0.43877578,-0.05057188,0.1342502,0.10466979,0.11996016,-0.17575137,0.13286859,0.15494923,-0.21284814,0.03783479,0.03688492,0.043101855,0.005058377,0.024851225,0.1448237,0.0046526566,0.032523006,-0.08540552,0.21530055,-0.022572912,0.085699156,-0.16211422,0.23041847,-0.2159687,-0.076233655,0.05370161,0.04961882,0.08586817,-0.026409147,-0.04391755,-0.11283988,-0.17256528,-0.04879734,-0.00033344206,-0.0028830618,-0.065078795,0.062216654
32,-0.31943384,2.3723037,-0.32822186,-2.4881024,-0.09154122,-1.8329731,-0.28131503,0.3008609,-1.78912,-0.06998141,0.6156823,0.3445558,0.64053977,-0.6219927,0.1414032,-0.010915371,0.036313497,-0.91697633,-0.1535824,0.3887383,-0.09999731,0.2858609,-0.21202901,0.22357342,0.09007995,-0.4685154,-0.4284283,-0.17915475,-0.47789955,0.074007526,0.24473783,0.534026,5.3955607,-0.18116793,0.23834282,0.19315195,0.13053536,-0.17792577,0.04090763,0.09788861,-0.13765517,0.13125291,-0.16545585,-0.24222052,0.2285072,-0.06111311,0.14475957,-0.07453355,-0.105076894,-0.00047647083,-0.11504264,0.23046663,0.24761802,-0.01673776,-0.045760896,-0.044440366,0.08606151,-0.17759037,-0.023416441,0.063669346,-0.0887157,-0.014940269,-0.12912898,0.08187821,0.08511266,0.035963826,-0.0031281568,0.1498265,0.10712348,0.07184252,-0.14788878,0.30234247,0.074448146,0.16326024,0.007836049,0.12419985,-0.087402016,0.1028618,0.06651138,0.035881035,0.06964153,0.03205561,0.060804874,-0.09614221,-0.012961669,0.08051218,0.11182282,0.095608115,-0.01281064,-0.07073887,-0.062173452,-0.1027597,0.04695256,0.008363329,0.11513291,-0.010468502,0.20556375,0.024311878,-0.062140636,0.02187658,-0.044944495
33,3.6010761,0.51470494,0.74250627,-2.9047284,1.4776701,-1.484159,0.19908112,-0.32134417,-0.8652524,0.49057743,-0.76355755,0.69824445,1.435738,0.96624726,0.14154504,1.4247985,0.04945023,0.5410638,-0.36412233,-0.20495895,-0.35360092,0.5072646,0.5310147,0.09533413,-0.2219642,0.57985604,-0.12479049,-0.16625889,-0.08480346,0.07674614,-0.021286458,0.36689872,-0.18116793,4.489579,0.34302706,0.61390233,0.31741685,-0.32000354,-0.19565079,0.25840986,0.006614522,-0.20175818,-0.46759892,-0.09753566,-0.11741625,0.29543537,0.054510396,0.11569896,0.29876432,-0.4165543,-0.10192927,-0.20147857,-0.041877143,-0.03513477,0.21063384,-0.0047478164,-0.006192144,-0.14904192,0.10553293,-0.24461433,-0.06882141,0.14590044,0.104113966,0.17063099,-0.1556386,-0.14828046,0.18834661,0.0898388,0.100888744,-0.05012402,0.10182847,-0.08572795,-0.029633889,-0.11764726,-0.1639297,-0.073119506,0.103288576,0.14687382,0.00731318,0.07079938,-0.14418519,-0.108989984,0.09050779,0.012785491,-0.13528329,0.08760392,-0.15275484,-0.043278918,0.04139618,-0.035599127,0.028027765,0.11581252,0.07621732,0.04191503,-0.10625169,0.046083525,-0.17045945,0.1517855,0.076052785,0.012026083,-0.092060566
