,0,1,2,3,4,5,6,7,8,9,10,11,12,13,14,15,16,17,18,19,20,21,22,23,24,25,26,27,28,29,30,31,32,33,34,35,36,37,38,39,40,41,42,43,44,45,46,47,48,49
0,499.83823,-15.5809555,-164.18155,14.35497,41.578674,-0.24925117,-0.39734864,0.0032942584,-0.0011422297,0.0022408776,-0.013613936,-0.0017123346,0.009647159,0.0010305305,0.0075242436,-0.022059835,0.011210004,0.008627709,0.006238773,0.007705719,0.00060876267,-0.0014248696,0.005694489,-0.00090202404,-0.0029427456,0.00035492145,-0.003283097,0.0028085609,-0.00033099682,0.0015554895,0.002456711,-0.0012901253,0.00064030517,0.00011764288,0.00069821003,-0.00037393466,0.0010843519,-0.00027277422,-0.0012657316,-3.7589598e-05,0.0003353977,-0.00037575632,-0.00035228342,6.2161016e-05,-0.00024681055,-6.1862884e-05,-1.1689419e-05,9.420842e-05,-0.00016349161,-0.00053856615
1,-15.5809555,0.5810699,4.4795847,-2.7513826,-1.8311982,-0.005268028,0.009334135,-0.003962421,0.000549486,-0.003377596,0.0039645517,0.00034387328,-0.0044313353,-0.0015007195,-0.0026971712,0.0049780826,-0.0021516606,-0.0028243903,-0.0019261464,-0.001782886,0.00062982604,-0.00024896272,-0.0018631368,-0.0012612909,0.00024698942,0.00035362015,0.0014664829,-0.0004889172,-6.149628e-05,0.00032031594,-6.293459e-05,-8.3604435e-05,0.000110086025,-0.00052177074,-0.00027659276,0.00017455564,7.39618e-05,-6.311013e-05,0.00010366707,-0.00024722904,0.00010845906,-8.788679e-05,7.733765e-05,-3.7850048e-05,0.0002974522,8.1258695e-05,-4.2563785e-05,0.00013238614,-8.8962464e-05,-4.3256463e-05
2,-164.18155,4.4795847,58.43837,11.690101,-9.83495,0.17986584,0.09086741,0.012241322,-0.0035654637,0.004764886,-0.0010521018,-0.00055041333,0.0022552211,-4.5193894e-05,-0.00010986894,0.0007034276,-4.555976e-05,0.000387876,0.0022519105,0.00038673048,-0.0006607421,0.00011457562,0.00044688664,0.00036195965,-0.00033170817,-0.00025934848,0.00031913532,-0.0012457682,-0.00027069822,0.0005204998,0.0002233707,-0.00036365553,-0.0002997892,0.00029204076,-0.00014305204,0.00038994086,-0.00010072777,-7.445556e-05,-1.5303021e-05,-1.7670322e-05,-0.00015420784,0.00018553666,-8.870658e-06,0.0002029615,-0.00016353051,-1.628549e-05,-0.00013280893,0.00010219257,6.261129e-05,7.8943805e-05
3,14.35497,-2.7513826,11.690101,60.223824,15.151956,0.3738751,-0.2107915,0.0385843,-0.01994636,0.003170391,-0.0048135375,0.00018525924,0.0069343913,-0.0026817536,0.0016868978,-0.0029863708,0.002775148,0.0013572063,0.0029053418,0.0032832546,-0.0012759084,-7.058396e-07,0.000910911,-0.00020027302,-0.000940033,0.00080241344,-0.00016620284,-0.00077820086,-0.0009009158,0.0018563909,0.0010244756,-0.00076387636,0.00034406024,-6.879876e-05,-0.00014499848,0.00032260676,0.00053916895,-0.00023112242,-0.0006015997,-0.00022280385,9.49324e-05,-5.7552963e-05,-0.00027803896,0.00023481608,-2.41782e-05,5.6869183e-05,-0.00032323622,0.00015995625,-6.284851e-05,-8.323725e-05
4,41.578674,-1.8311982,-9.83495,15.151956,6.7224097,0.0759266,-0.08853518,0.0071289027,-0.005699472,-0.0010213668,-0.0010766416,0.0013174901,0.0005057602,0.001570783,0.00063752563,-1.933537e-05,-0.0014008656,0.00027857727,-0.0013565682,-0.00045545778,0.00054528954,0.00071339216,-0.00074226025,9.062566e-05,0.000512657,-0.00038278356,0.0003983704,0.00072744436,0.00030884182,-0.00018590273,-0.0005172099,0.00024246177,-7.5014934e-05,-0.000106375664,-0.0002501228,-8.9595254e-05,-0.00018093424,0.00035754446,7.303903e-05,4.3412518e-05,-0.00012111798,5.177906e-06,-5.5670387e-07,-0.00010535179,8.187289e-06,-3.891799e-05,0.00024604722,-1.1043833e-05,6.185984e-05,8.4323605e-05
5,-0.24925117,-0.005268028,0.17986584,0.3738751,0.0759266,0.01536973,-0.007942438,-0.0018054224,-0.00033972508,-0.0006427043,-0.0020590946,0.0010936307,-0.0024308865,0.003922371,0.0015122818,0.00072529435,-0.0032814213,0.00013570958,-0.0047359946,-0.0025927352,0.0017178145,0.00092014443,-0.0014689045,-6.916607e-06,0.0013780384,-0.0007070579,0.000701515,0.002108362,0.0007621156,-0.0012628129,-0.0012273203,0.00096374727,-9.3328345e-05,-0.0003098152,-0.00028371182,-0.0005979025,-0.00012721325,0.00012022277,0.00011336818,0.00032490806,-6.263553e-05,-0.00013172063,0.00019478264,-0.0002106642,-0.00011396859,-7.7486084e-07,0.00039005646,-0.00023660612,4.887701e-05,0.0001479575
6,-0.39734864,0.009334135,0.09086741,-0.2107915,-0.08853518,-0.007942438,0.028059956,0.004956658,0.0025843566,0.0081017995,-0.009729076,-0.0024273442,0.005434613,0.0011721663,0.0049646767,-0.009473968,0.005724469,0.003954064,0.0031298795,0.0031520263,-0.00011462756,-0.0005920016,0.0033931718,0.0007822064,-0.0013652216,-0.00021464606,-0.0013850082,0.0015728393,-0.00016848501,0.00037518592,0.001163786,-0.00041009643,-4.0343126e-05,9.881159e-05,-0.0001622215,-0.00019523752,0.0005864798,-0.0005246751,-0.00087786757,6.0544968e-05,5.7320543e-05,-0.00039500598,-0.00020118983,9.034491e-05,-0.00028091908,-3.9655228e-05,-9.1436654e-05,-0.00011079404,4.0594037e-05,-0.0001675495
7,0.0032942584,-0.003962421,0.012241322,0.0385843,0.0071289027,-0.0018054224,0.004956658,0.002468147,0.0006851909,0.0014012787,-0.0014253247,-0.001042899,0.0014731421,-0.0002749901,0.0009944078,-0.0011500979,0.0017266632,0.0012592627,6.555686e-05,0.00060975866,-0.00047543118,-0.00039114355,0.00076197117,0.00040262842,-0.0003111174,0.00034376665,-0.000939058,-0.00010820507,-0.00019007799,-0.00011004957,0.0002712885,-4.8987116e-05,0.00019301065,0.000295596,0.0002459907,3.5077108e-05,1.6929137e-06,-6.7735076e-05,-0.00010526168,0.00019119409,8.8390625e-05,-0.00021386781,-0.00017138627,0.00019096522,0.00031653608,8.6922584e-05,0.00014434019,-2.2015774e-06,-4.0764364e-05,-2.7382277e-05
8,-0.0011422297,0.000549486,-0.0035654637,-0.01994636,-0.005699472,-0.00033972508,0.0025843566,0.0006851909,0.0016252281,0.0013727206,-0.0019455573,-0.00057937205,-0.00075155415,0.0010131598,0.00057861255,-0.001664299,0.0003301173,0.0010029078,-6.436369e-05,-0.00036811968,0.00065971236,-0.0005088224,5.3175907e-05,-0.0007739698,-0.0002592067,-0.00018012579,0.0004991096,-8.7358185e-06,-5.258379e-05,0.00037350738,0.00020825694,-0.00023013048,0.00013985702,-1.650486e-05,4.1909057e-05,1.52178145e-05,6.1557344e-05,7.43101e-05,-0.00033725984,0.00015406776,0.000100723315,-0.00016081215,-0.00010930962,0.00016155464,0.0001995282,0.00011594105,4.627995e-05,3.5728208e-05,-6.419433e-05,-3.9409322e-05
9,0.0022408776,-0.003377596,0.004764886,0.003170391,-0.0010213668,-0.0006427043,0.0081017995,0.0014012787,0.0013727206,0.003225315,-0.0037615607,-0.000893638,0.0009665926,0.002130542,0.0016692725,-0.0038540699,0.0011204421,0.0020139418,0.0006257633,0.00049000187,0.00066599937,-0.00027638552,0.0008247789,-0.0003320147,-0.00040179532,-0.0003383909,-7.531047e-05,0.0007197621,0.00013974198,5.196721e-05,0.00032842357,-0.00029537457,5.191454e-05,3.5002453e-05,7.21839e-05,-0.0001051486,0.00014386229,1.751298e-05,-0.00016611542,9.6211326e-05,1.839776e-05,-8.121642e-05,-7.150952e-05,-2.8540722e-05,2.8455239e-05,-3.2289536e-05,1.9565454e-05,-6.2839754e-06,-2.7780338e-06,-5.487381e-05
10,-0.013613936,0.0039645517,-0.0010521018,-0.0048135375,-0.0010766416,-0.0020590946,-0.009729076,-0.0014253247,-0.0019455573,-0.0037615607,0.007191181,0.0006244804,-0.0005298931,-0.0019097882,-0.0030260982,0.004510315,-0.0015112908,-0.0013671226,0.00076483854,0.0001807113,-0.0006946743,0.00015230577,-0.00075605593,-0.00014593272,0.0005067891,0.0003588891,-0.00032312132,-0.0018471868,-0.00026890106,-0.00012708669,-3.9412073e-05,-0.00011818526,-0.0001416136,0.000106135456,0.00046189196,0.00026484297,-0.0001616262,-9.6526725e-05,0.0007394497,-0.0001368655,-0.00016753205,0.00028538163,-1.0819354e-05,-0.00022715173,0.00010450001,4.3844793e-05,-0.00029930988,-2.8128588e-05,0.0001993796,0.00022021064
11,-0.0017123346,0.00034387328,-0.00055041333,0.00018525924,0.0013174901,0.0010936307,-0.0024273442,-0.001042899,-0.00057937205,-0.000893638,0.0006244804,0.0015358956,-5.2481784e-05,-0.00019359421,-5.9613645e-05,0.00040750648,-0.00084567955,-0.00054276426,0.0004878445,-0.00045374758,-3.0521536e-05,0.00046184647,-0.00038017356,0.00055174425,0.00021331693,-0.0003483332,0.00047198043,-0.00029693104,0.0003335437,-0.00018398283,-0.00054249796,0.00015148171,-0.00042128278,0.000100628204,-0.00031125988,0.00013351941,-0.00017640818,0.00013131331,-4.7406895e-05,7.003682e-05,-0.0001533432,0.00016637117,5.2926356e-05,0.000101352234,-0.00023969967,-4.013414e-05,3.5818985e-06,-2.0374206e-05,7.596702e-05,2.8366961e-05
12,0.009647159,-0.0044313353,0.0022552211,0.0069343913,0.0005057602,-0.0024308865,0.005434613,0.0014731421,-0.00075155415,0.0009665926,-0.0005298931,-5.2481784e-05,0.0033691658,-0.00054386444,0.0009466624,-0.0012975619,0.001337715,0.00094921037,0.0013408505,0.0012825156,-0.0010016289,0.0003450221,0.0011520177,0.0013573358,-0.00013544335,-3.8410097e-05,-0.0013416501,-0.00019141208,-7.425378e-05,-0.00033114658,-8.9687295e-05,0.00018611352,-0.00022599142,0.00047928654,7.974396e-05,9.386997e-05,-0.00019022656,-9.359099e-05,0.0001594724,5.2073978e-05,-0.00018723853,8.2928105e-05,5.3860116e-05,0.00010249819,-0.00023127688,-0.00010823787,7.58106e-05,-4.5831683e-05,5.140729e-05,4.174041e-05
13,0.0010305305,-0.0015007195,-4.5193894e-05,-0.0026817536,0.001570783,0.003922371,0.0011721663,-0.0002749901,0.0010131598,0.002130542,-0.0019097882,-0.00019359421,-0.00054386444,0.005204059,0.00083961216,-0.0029946286,-0.0016133875,0.0025644256,-0.0001694744,-0.0006234825,0.0013338405,0.00014932324,-0.00017541321,-0.00078475033,0.00033506355,-0.00093472336,0.00047445187,0.0007444732,0.00048876303,-0.00045839447,-0.0001585345,-0.00022100654,7.900578e-05,8.1807375e-05,0.00042403652,-0.0002093746,-0.00013828487,0.0005252578,0.000359611,0.00021938153,-0.00013712284,0.00018338562,-1.7780916e-05,-0.00029738975,0.00011118612,-6.654972e-05,4.142074e-05,-5.7016947e-05,7.170411e-05,0.00014634809
14,0.0075242436,-0.0026971712,-0.00010986894,0.0016868978,0.00063752563,0.0015122818,0.0049646767,0.0009944078,0.00057861255,0.0016692725,-0.0030260982,-5.9613645e-05,0.0009466624,0.00083961216,0.0021025282,-0.0021746054,0.00066973147,0.0009886405,-0.0004356741,-4.604961e-05,0.00027472596,0.00021021799,0.0003384279,0.000502318,1.8547415e-05,-0.00028785248,-0.00016914128,0.0007032015,0.00013506282,-0.00041612764,-0.00015944953,0.00022348926,-5.9474965e-05,7.0116794e-06,-0.00022103856,-0.00010476385,0.00010737947,-0.00010774757,-0.00023732123,0.00028197016,-0.00012023703,-0.00026992065,-2.6512615e-05,8.6837885e-05,-8.6706714e-05,5.405032e-06,8.085781e-05,-0.00013636223,-1.5582482e-05,-5.999356e-05
15,-0.022059835,0.0049780826,0.0007034276,-0.0029863708,-1.933537e-05,0.00072529435,-0.009473968,-0.0011500979,-0.001664299,-0.0038540699,0.004510315,0.00040750648,-0.0012975619,-0.0029946286,-0.0021746054,0.00585844,-0.00072355696,-0.0026042163,-0.0014368095,-0.00028053683,-0.0009278724,0.000321044,-0.0009232813,0.00041719084,0.00048365718,0.0007814281,-4.8240487e-05,-0.00064797275,-0.00037631037,-7.6553464e-05,-0.00010745654,0.00031395786,-4.0188872e-05,-0.00036036913,-0.00012048232,-1.4465302e-05,-3.821491e-05,2.1685028e-05,0.00017831987,-0.00025350472,4.3955264e-05,-7.588767e-05,2.0873878e-05,-2.342494e-06,0.00012542756,2.9864605e-05,-3.8874773e-06,8.3001985e-05,9.3330455e-05,6.621632e-05
16,0.011210004,-0.0021516606,-4.555976e-05,0.002775148,-0.0014008656,-0.0032814213,0.005724469,0.0017266632,0.0003301173,0.0011204421,-0.0015112908,-0.00084567955,0.001337715,-0.0016133875,0.00066973147,-0.00072355696,0.002528792,0.00013324695,0.0007381105,0.0012132602,-0.0008538271,-0.0002490578,0.0008811782,0.0006270609,-0.00060440565,0.0005942248,-0.00043805715,0.00011694436,-0.0003008307,0.00022967151,0.00040966697,-0.00015251995,5.5469554e-05,-4.3066408e-05,-0.00012987197,0.00015230548,0.00015835138,-0.00014139962,-0.00023521011,-0.00018137934,0.00012382997,-0.00022805904,-0.00010521077,9.684556e-05,0.00019198642,7.5333075e-05,3.3737233e-05,1.4973632e-06,6.6659613e-06,-7.389634e-05
17,0.008627709,-0.0028243903,0.000387876,0.0013572063,0.00027857727,0.00013570958,0.003954064,0.0012592627,0.0010029078,0.0020139418,-0.0013671226,-0.00054276426,0.00094921037,0.0025644256,0.0009886405,-0.0026042163,0.00013324695,0.0029201303,0.00055305834,0.00012329213,0.00060488365,-7.463478e-05,0.00043262023,-0.00038158224,-4.7585985e-05,-0.00032142206,-0.00031509646,-0.00027514074,0.00015052466,-0.00048137043,-7.527141e-05,-0.00025673094,-0.00013167984,0.00028908515,0.0003533937,0.00012793043,-2.1761887e-05,-8.085039e-05,0.000172539,0.00030435596,-0.0001321396,4.734881e-05,3.9740036e-05,3.5746074e-05,0.0001719431,1.5015272e-05,-1.7763668e-05,-7.085907e-05,6.979832e-05,0.00010208531
18,0.006238773,-0.0019261464,0.0022519105,0.0029053418,-0.0013565682,-0.0047359946,0.0031298795,6.555686e-05,-6.436369e-05,0.0006257633,0.00076483854,0.0004878445,0.0013408505,-0.0001694744,-0.0004356741,-0.0014368095,0.0007381105,0.00055305834,0.0035875398,0.0012360358,-0.000662106,0.00018757298,0.00056330574,0.00028354872,-0.0004594822,-0.00028824573,0.00035760103,-0.001066405,-3.487357e-06,0.000383639,0.00030963361,-0.0004974797,-0.0003034204,0.00016711478,2.3479119e-05,0.0003453649,2.5949867e-06,0.0002452039,1.3573283e-05,-0.00010247488,-0.00022830354,0.00022368116,-4.9399845e-05,5.5094383e-06,-0.00016707621,-6.2530985e-06,-0.00022130804,4.645564e-05,9.8651995e-05,7.63899e-05
19,0.007705719,-0.001782886,0.00038673048,0.0032832546,-0.00045545778,-0.0025927352,0.0031520263,0.00060975866,-0.00036811968,0.00049000187,0.0001807113,-0.00045374758,0.0012825156,-0.0006234825,-4.604961e-05,-0.00028053683,0.0012132602,0.00012329213,0.0012360358,0.0013338502,-0.00073887396,0.00010863271,0.00067627843,0.00049586396,-0.00024200827,0.00020867033,-0.00036124725,-1.1621865e-05,-0.0002440552,0.00013681619,0.0003678567,-0.00014112453,-1.331004e-05,-9.111619e-05,7.830741e-05,2.6185226e-05,9.2398885e-05,1.9876274e-05,0.00011500268,-0.00026383947,-2.0305244e-05,-2.815637e-07,-4.3785825e-05,-0.0001496124,-7.27953e-05,-3.5861034e-05,-0.00011469392,-2.426246e-05,0.00011878785,6.51748e-05
20,0.00060876267,0.00062982604,-0.0006607421,-0.0012759084,0.00054528954,0.0017178145,-0.00011462756,-0.00047543118,0.00065971236,0.00066599937,-0.0006946743,-3.0521536e-05,-0.0010016289,0.0013338405,0.00027472596,-0.0009278724,-0.0008538271,0.00060488365,-0.000662106,-0.00073887396,0.0015385094,-0.00017362135,-0.00021848483,-0.001147188,7.104011e-05,-0.0004557384,0.0003823946,0.00021320708,0.0001387409,0.00010079418,4.4088058e-05,-0.0001252649,-0.00011251049,-0.00014943638,-9.6634525e-05,-2.7300108e-05,1.4802129e-05,-0.0002884586,2.7734133e-05,9.0543894e-05,-2.4329493e-05,4.417231e-06,-3.1880804e-06,-4.3641106e-05,-6.0550658e-05,3.0008654e-05,1.571728e-05,8.644489e-06,8.0694794e-05,-3.2474003e-05
21,-0.0014248696,-0.00024896272,0.00011457562,-7.058396e-07,0.00071339216,0.00092014443,-0.0005920016,-0.00039114355,-0.0005088224,-0.00027638552,0.00015230577,0.00046184647,0.0003450221,0.00014932324,0.00021021799,0.000321044,-0.0002490578,-7.463478e-05,0.00018757298,0.00010863271,-0.00017362135,0.00059993024,-8.832506e-05,0.00043065235,0.000144605,-0.00011908506,9.702495e-05,7.74661e-05,5.2830903e-05,-0.0002874802,-0.00017385189,0.000121984776,-0.0001877309,-0.000108684384,-0.00013586578,-1.4688071e-05,4.6014075e-06,8.806197e-05,0.00012387756,1.9187946e-05,-0.00014755072,9.280719e-06,9.403276e-05,-8.021212e-05,-0.00015889748,-2.8226314e-05,2.6690828e-05,-3.9406084e-05,7.535778e-05,2.28957e-05
22,0.005694489,-0.0018631368,0.00044688664,0.000910911,-0.00074226025,-0.0014689045,0.0033931718,0.00076197117,5.3175907e-05,0.0008247789,-0.00075605593,-0.00038017356,0.0011520177,-0.00017541321,0.0003384279,-0.0009232813,0.0008811782,0.00043262023,0.00056330574,0.00067627843,-0.00021848483,-8.832506e-05,0.00076864567,0.00016544736,-0.00013753798,5.835827e-05,-0.0005770728,8.919156e-05,-0.00015570255,0.00016785925,0.00016112268,4.013947e-05,6.062233e-05,7.551079e-05,8.119753e-05,-4.5656074e-05,-8.06592e-05,-6.789765e-05,-3.1213633e-05,-8.267055e-05,8.846016e-05,0.00010706375,-1.3129307e-05,2.0617306e-05,-0.0001351366,1.5884143e-05,2.1254835e-05,-9.794836e-07,5.668292e-05,-1.2733331e-05
23,-0.00090202404,-0.0012612909,0.00036195965,-0.00020027302,9.062566e-05,-6.916607e-06,0.0007822064,0.00040262842,-0.0007739698,-0.0003320147,-0.00014593272,0.00055174425,0.0013573358,-0.00078475033,0.000502318,0.00041719084,0.0006270609,-0.00038158224,0.00028354872,0.00049586396,-0.001147188,0.00043065235,0.00016544736,0.0015534513,6.751847e-05,0.00010863945,-0.00032805087,0.00015841614,0.0001070479,-0.00037432043,-0.0002997745,0.00027236267,-0.00019255579,0.00018616914,-0.0001495246,4.3952678e-05,-9.278739e-05,0.0002645483,-1.0020676e-05,-4.6429792e-05,-0.00013043087,-8.181204e-05,-2.3542412e-05,7.805926e-05,-2.5670357e-05,-8.2691884e-05,0.000104110455,-3.5727324e-05,2.822133e-06,7.091943e-05
24,-0.0029427456,0.00024698942,-0.00033170817,-0.000940033,0.000512657,0.0013780384,-0.0013652216,-0.0003111174,-0.0002592067,-0.00040179532,0.0005067891,0.00021331693,-0.00013544335,0.00033506355,1.8547415e-05,0.00048365718,-0.00060440565,-4.7585985e-05,-0.0004594822,-0.00024200827,7.104011e-05,0.000144605,-0.00013753798,6.751847e-05,0.0004716665,-0.00013870854,-0.00011573234,3.8404298e-05,1.3780642e-05,-0.00022580786,-0.00019930354,0.00023184513,-1.7995695e-05,-5.7973488e-05,6.918161e-05,-0.00016673242,-4.1906373e-05,2.0218764e-05,1.8599678e-06,5.4841978e-05,-4.940576e-05,5.1882813e-05,-2.2723202e-06,-7.493432e-05,-9.723742e-05,9.763039e-07,-6.180754e-05,-0.00011421395,7.8233665e-05,8.513301e-05
25,0.00035492145,0.00035362015,-0.00025934848,0.00080241344,-0.00038278356,-0.0007070579,-0.00021464606,0.00034376665,-0.00018012579,-0.0003383909,0.0003588891,-0.0003483332,-3.8410097e-05,-0.00093472336,-0.00028785248,0.0007814281,0.0005942248,-0.00032142206,-0.00028824573,0.00020867033,-0.0004557384,-0.00011908506,5.835827e-05,0.00010863945,-0.00013870854,0.0005876796,-0.00026516442,-1.9911575e-05,-8.711274e-05,-9.400082e-05,0.00010741524,-2.6839642e-05,0.00011374323,-4.953491e-05,7.723682e-05,-1.8685805e-05,0.00014475189,-0.00012924809,1.2181966e-05,-3.451518e-05,0.00014685254,-2.2443222e-05,4.059229e-05,1.51175045e-05,0.00012526516,2.7354454e-05,-4.4950426e-05,4.7476977e-05,-7.094298e-05,-6.1113926e-05
26,-0.003283097,0.0014664829,0.00031913532,-0.00016620284,0.0003983704,0.000701515,-0.0013850082,-0.000939058,0.0004991096,-7.531047e-05,-0.00032312132,0.00047198043,-0.0013416501,0.00047445187,-0.00016914128,-4.8240487e-05,-0.00043805715,-0.00031509646,0.00035760103,-0.00036124725,0.0003823946,9.702495e-05,-0.0005770728,-0.00032805087,-0.00011573234,-0.00026516442,0.0012813546,-5.7111432e-05,0.00013138275,0.00023337331,-1.5132289e-05,-0.00026217132,-0.00012817665,-0.0002632306,-0.0003043823,0.00011053344,0.00010796767,0.00022141806,-0.00017012091,-5.8005106e-05,-9.550789e-05,-0.00012464888,-2.441961e-05,-1.2819586e-05,3.9679788e-05,2.2227006e-05,-5.7484125e-05,-1.0057586e-05,1.4211216e-05,6.4747996e-06
27,0.0028085609,-0.0004889172,-0.0012457682,-0.00077820086,0.00072744436,0.002108362,0.0015728393,-0.00010820507,-8.7358185e-06,0.0007197621,-0.0018471868,-0.00029693104,-0.00019141208,0.0007444732,0.0007032015,-0.00064797275,0.00011694436,-0.00027514074,-0.001066405,-1.1621865e-05,0.00021320708,7.74661e-05,8.919156e-05,0.00015841614,3.8404298e-05,-1.9911575e-05,-5.7111432e-05,0.0013704184,0.00012818098,-5.719426e-05,7.988419e-05,0.0002067385,0.00010719262,-0.00021894835,-8.160072e-05,-0.00027735048,9.862553e-05,5.0877636e-05,-8.568928e-06,-0.00019284661,0.00012062858,-6.000276e-05,-1.3461636e-05,-0.0002028929,-4.9957176e-05,-8.723774e-05,0.00011681495,3.5014473e-05,-2.117527e-05,-1.5845737e-05
28,-0.00033099682,-6.149628e-05,-0.00027069822,-0.0009009158,0.00030884182,0.0007621156,-0.00016848501,-0.00019007799,-5.258379e-05,0.00013974198,-0.00026890106,0.0003335437,-7.425378e-05,0.00048876303,0.00013506282,-0.00037631037,-0.0003008307,0.00015052466,-3.487357e-06,-0.0002440552,0.0001387409,5.2830903e-05,-0.00015570255,0.0001070479,1.3780642e-05,-8.711274e-05,0.00013138275,0.00012818098,0.00029660107,-0.0002004337,-0.00015378083,-1.49063535e-05,-0.00012901475,9.875085e-05,-4.902092e-05,2.0271216e-05,1.9954467e-05,1.2147289e-05,1.6917173e-05,5.50618e-05,-2.9790666e-05,3.4576326e-05,2.0330532e-05,7.493207e-06,2.1560634e-05,-3.8291495e-05,2.3810448e-05,2.9863779e-05,-2.7891034e-05,1.8370209e-05
29,0.0015554895,0.00032031594,0.0005204998,0.0018563909,-0.00018590273,-0.0012628129,0.00037518592,-0.00011004957,0.00037350738,5.196721e-05,-0.00012708669,-0.00018398283,-0.00033114658,-0.00045839447,-0.00041612764,-7.6553464e-05,0.00022967151,-0.00048137043,0.000383639,0.00013681619,0.00010079418,-0.0002874802,0.00016785925,-0.00037432043,-0.00022580786,-9.400082e-05,0.00023337331,-5.719426e-05,-0.0002004337,0.0006911017,0.00026908406,-9.521388e-05,0.000102303995,-3.8624647e-05,-3.6813006e-05,9.649693e-06,-9.0964095e-05,8.0211204e-05,-0.00016527477,-0.00017839143,0.00012343974,3.3261746e-05,-7.372518e-05,4.6323905e-05,-5.2984513e-05,4.691685e-05,7.429451e-05,6.684939e-05,4.720954e-08,-1.7261651e-05
30,0.002456711,-6.293459e-05,0.0002233707,0.0010244756,-0.0005172099,-0.0012273203,0.001163786,0.0002712885,0.00020825694,0.00032842357,-3.9412073e-05,-0.00054249796,-8.9687295e-05,-0.0001585345,-0.00015944953,-0.00010745654,0.00040966697,-7.527141e-05,0.00030963361,0.0003678567,4.4088058e-05,-0.00017385189,0.00016112268,-0.0002997745,-0.00019930354,0.00010741524,-1.5132289e-05,7.988419e-05,-0.00015378083,0.00026908406,0.00045748355,-0.00017147177,0.0001201108,-0.00013855535,7.6493976e-05,-6.657011e-05,0.0001482852,-2.8251361e-05,1.465431e-06,-8.9906855e-05,4.2554457e-05,-7.131918e-05,-8.550912e-05,-6.606934e-05,5.261328e-05,1.9957308e-05,-4.237909e-05,8.6902844e-05,-1.293708e-06,-1.7764243e-05
31,-0.0012901253,-8.3604435e-05,-0.00036365553,-0.00076387636,0.00024246177,0.00096374727,-0.00041009643,-4.8987116e-05,-0.00023013048,-0.00029537457,-0.00011818526,0.00015148171,0.00018611352,-0.00022100654,0.00022348926,0.00031395786,-0.00015251995,-0.00025673094,-0.0004974797,-0.00014112453,-0.0001252649,0.000121984776,4.013947e-05,0.00027236267,0.00023184513,-2.6839642e-05,-0.00026217132,0.0002067385,-1.49063535e-05,-9.521388e-05,-0.00017147177,0.0003076049,1.3991521e-06,1.2610763e-05,-2.614368e-05,-0.00010164501,-6.228703e-05,-2.2774537e-05,-6.747035e-05,2.6278583e-05,2.8901302e-05,1.1571847e-05,2.9462877e-05,3.1393756e-05,-0.00011618056,8.639802e-06,6.2480845e-05,-3.314046e-05,1.0981668e-05,2.6079939e-05
32,0.00064030517,0.000110086025,-0.0002997892,0.00034406024,-7.5014934e-05,-9.3328345e-05,-4.0343126e-05,0.00019301065,0.00013985702,5.191454e-05,-0.0001416136,-0.00042128278,-0.00022599142,7.900578e-05,-5.9474965e-05,-4.0188872e-05,5.5469554e-05,-0.00013167984,-0.0003034204,-1.331004e-05,-0.00011251049,-0.0001877309,6.062233e-05,-0.00019255579,-1.7995695e-05,0.00011374323,-0.00012817665,0.00010719262,-0.00012901475,0.000102303995,0.0001201108,1.3991521e-06,0.00042654658,1.0573411e-06,0.00015080895,-0.00012633967,-2.3224475e-05,9.6062264e-05,9.296389e-06,3.8692135e-05,0.00012060089,3.9827314e-06,-3.2485885e-05,-2.4051606e-05,5.878246e-05,4.5842135e-05,-1.1932442e-05,-3.0041112e-05,-7.7128934e-05,-7.992897e-05
33,0.00011764288,-0.00052177074,0.00029204076,-6.879876e-05,-0.000106375664,-0.0003098152,9.881159e-05,0.000295596,-1.650486e-05,3.5002453e-05,0.000106135456,0.000100628204,0.00047928654,8.1807375e-05,7.0116794e-06,-0.00036036913,-4.3066408e-05,0.00028908515,0.00016711478,-9.111619e-05,-0.00014943638,-0.000108684384,7.551079e-05,0.00018616914,-5.7973488e-05,-4.953491e-05,-0.0002632306,-0.00021894835,9.875085e-05,-3.8624647e-05,-0.00013855535,1.2610763e-05,1.0573411e-06,0.0003469991,0.00011509192,8.3548875e-05,-0.0001377943,1.1633614e-05,4.5135042e-05,9.0208305e-05,-1.0178441e-05,6.68101e-05,1.5080877e-06,0.00010957611,6.167279e-05,-2.9164544e-06,0.000103893086,8.8783145e-06,-7.32973e-05,1.5942816e-05
34,0.00069821003,-0.00027659276,-0.00014305204,-0.00014499848,-0.0002501228,-0.00028371182,-0.0001622215,0.0002459907,4.1909057e-05,7.21839e-05,0.00046189196,-0.00031125988,7.974396e-05,0.00042403652,-0.00022103856,-0.00012048232,-0.00012987197,0.0003533937,2.3479119e-05,7.830741e-05,-9.6634525e-05,-0.00013586578,8.119753e-05,-0.0001495246,6.918161e-05,7.723682e-05,-0.0003043823,-8.160072e-05,-4.902092e-05,-3.6813006e-05,7.6493976e-05,-2.614368e-05,0.00015080895,0.00011509192,0.00034352648,-8.850319e-05,-1.9242223e-05,6.113894e-05,0.00014228017,3.700979e-05,6.364845e-05,9.9236495e-05,-3.0306499e-05,-5.9829777e-05,6.311583e-05,9.3652725e-06,-3.2697804e-05,5.130687e-06,-9.910284e-06,3.50712e-05
35,-0.00037393466,0.00017455564,0.00038994086,0.00032260676,-8.9595254e-05,-0.0005979025,-0.00019523752,3.5077108e-05,1.52178145e-05,-0.0001051486,0.00026484297,0.00013351941,9.386997e-05,-0.0002093746,-0.00010476385,-1.4465302e-05,0.00015230548,0.00012793043,0.0003453649,2.6185226e-05,-2.7300108e-05,-1.4688071e-05,-4.5656074e-05,4.3952678e-05,-0.00016673242,-1.8685805e-05,0.00011053344,-0.00027735048,2.0271216e-05,9.649693e-06,-6.657011e-05,-0.00010164501,-0.00012633967,8.3548875e-05,-8.850319e-05,0.00026932766,-6.4850974e-05,-3.6621015e-05,4.284984e-05,-1.3753439e-05,-6.123207e-05,-2.7613576e-05,1.2892825e-05,5.7844285e-05,8.982493e-05,1.4634585e-05,3.1311953e-05,1.872873e-05,2.7212582e-06,6.369854e-06
36,0.0010843519,7.39618e-05,-0.00010072777,0.00053916895,-0.00018093424,-0.00012721325,0.0005864798,1.6929137e-06,6.1557344e-05,0.00014386229,-0.0001616262,-0.00017640818,-0.00019022656,-0.00013828487,0.00010737947,-3.821491e-05,0.00015835138,-2.1761887e-05,2.5949867e-06,9.2398885e-05,1.4802129e-05,4.6014075e-06,-8.06592e-05,-9.278739e-05,-4.1906373e-05,0.00014475189,0.00010796767,9.862553e-05,1.9954467e-05,-9.0964095e-05,0.0001482852,-6.228703e-05,-2.3224475e-05,-0.0001377943,-1.9242223e-05,-6.4850974e-05,0.00025747018,-0.00014449982,-5.8001577e-05,1.7001115e-05,-1.0397292e-05,-9.598177e-05,2.0142903e-05,-4.094579e-05,1.859826e-05,-3.6443107e-06,-0.00010646245,3.2583785e-06,-2.1229185e-05,-1.3212384e-06
37,-0.00027277422,-6.311013e-05,-7.445556e-05,-0.00023112242,0.00035754446,0.00012022277,-0.0005246751,-6.7735076e-05,7.43101e-05,1.751298e-05,-9.6526725e-05,0.00013131331,-9.359099e-05,0.0005252578,-0.00010774757,2.1685028e-05,-0.00014139962,-8.085039e-05,0.0002452039,1.9876274e-05,-0.0002884586,8.806197e-05,-6.789765e-05,0.0002645483,2.0218764e-05,-0.00012924809,0.00022141806,5.0877636e-05,1.2147289e-05,8.0211204e-05,-2.8251361e-05,-2.2774537e-05,9.6062264e-05,1.1633614e-05,6.113894e-05,-3.6621015e-05,-0.00014449982,0.0004838215,2.6986812e-05,-3.4415498e-05,-4.850721e-06,2.9615276e-05,-7.957232e-05,-1.2080585e-05,5.5274213e-05,-2.2907767e-05,5.6496814e-05,4.0387284e-05,1.8807236e-06,9.787427e-06
38,-0.0012657316,0.00010366707,-1.5303021e-05,-0.0006015997,7.303903e-05,0.00011336818,-0.00087786757,-0.00010526168,-0.00033725984,-0.00016611542,0.0007394497,-4.7406895e-05,0.0001594724,0.000359611,-0.00023732123,0.00017831987,-0.00023521011,0.000172539,1.3573283e-05,0.00011500268,2.7734133e-05,0.00012387756,-3.1213633e-05,-1.0020676e-05,1.8599678e-06,1.2181966e-05,-0.00017012091,-8.568928e-06,1.6917173e-05,-0.00016527477,1.465431e-06,-6.747035e-05,9.296389e-06,4.5135042e-05,0.00014228017,4.284984e-05,-5.8001577e-05,2.6986812e-05,0.00033984013,-3.4592154e-05,-4.6705434e-05,6.6589375e-05,2.2136595e-05,-0.000116606345,3.3447355e-05,-3.5716424e-05,8.874364e-06,7.547298e-06,3.5527366e-05,8.854651e-06
39,-3.7589598e-05,-0.00024722904,-1.7670322e-05,-0.00022280385,4.3412518e-05,0.00032490806,6.0544968e-05,0.00019119409,0.00015406776,9.6211326e-05,-0.0001368655,7.003682e-05,5.2073978e-05,0.00021938153,0.00028197016,-0.00025350472,-0.00018137934,0.00030435596,-0.00010247488,-0.00026383947,9.0543894e-05,1.9187946e-05,-8.267055e-05,-4.6429792e-05,5.4841978e-05,-3.451518e-05,-5.8005106e-05,-0.00019284661,5.50618e-05,-0.00017839143,-8.9906855e-05,2.6278583e-05,3.8692135e-05,9.0208305e-05,3.700979e-05,-1.3753439e-05,1.7001115e-05,-3.4415498e-05,-3.4592154e-05,0.00025567,-3.3462886e-05,-5.0499315e-05,1.4775036e-05,6.826551e-05,1.5252361e-05,4.603441e-05,-2.366861e-05,-1.6645452e-05,-5.2277388e-05,-4.353626e-05
40,0.0003353977,0.00010845906,-0.00015420784,9.49324e-05,-0.00012111798,-6.263553e-05,5.7320543e-05,8.8390625e-05,0.000100723315,1.839776e-05,-0.00016753205,-0.0001533432,-0.00018723853,-0.00013712284,-0.00012023703,4.3955264e-05,0.00012382997,-0.0001321396,-0.00022830354,-2.0305244e-05,-2.4329493e-05,-0.00014755072,8.846016e-05,-0.00013043087,-4.940576e-05,0.00014685254,-9.550789e-05,0.00012062858,-2.9790666e-05,0.00012343974,4.2554457e-05,2.8901302e-05,0.00012060089,-1.0178441e-05,6.364845e-05,-6.123207e-05,-1.0397292e-05,-4.850721e-06,-4.6705434e-05,-3.3462886e-05,0.0001537344,5.659352e-05,2.0288371e-06,9.137458e-06,1.3477263e-05,3.1085503e-05,2.5061658e-05,3.0743326e-05,-1.6202968e-05,-2.931102e-05
41,-0.00037575632,-8.788679e-05,0.00018553666,-5.7552963e-05,5.177906e-06,-0.00013172063,-0.00039500598,-0.00021386781,-0.00016081215,-8.121642e-05,0.00028538163,0.00016637117,8.2928105e-05,0.00018338562,-0.00026992065,-7.588767e-05,-0.00022805904,4.734881e-05,0.00022368116,-2.815637e-07,4.417231e-06,9.280719e-06,0.00010706375,-8.181204e-05,5.1882813e-05,-2.2443222e-05,-0.00012464888,-6.000276e-05,3.4576326e-05,3.3261746e-05,-7.131918e-05,1.1571847e-05,3.9827314e-06,6.68101e-05,9.9236495e-05,-2.7613576e-05,-9.598177e-05,2.9615276e-05,6.6589375e-05,-5.0499315e-05,5.659352e-05,0.00022640967,4.9323462e-05,-6.895679e-06,-9.363076e-05,-1.9591791e-05,-3.497929e-06,1.6826561e-05,2.499466e-05,-1.8152018e-06
42,-0.00035228342,7.733765e-05,-8.870658e-06,-0.00027803896,-5.5670387e-07,0.00019478264,-0.00020118983,-0.00017138627,-0.00010930962,-7.150952e-05,-1.0819354e-05,5.2926356e-05,5.3860116e-05,-1.7780916e-05,-2.6512615e-05,2.0873878e-05,-0.00010521077,3.9740036e-05,-4.9399845e-05,-4.3785825e-05,-3.1880804e-06,9.403276e-05,-1.3129307e-05,-2.3542412e-05,-2.2723202e-06,4.059229e-05,-2.441961e-05,-1.3461636e-05,2.0330532e-05,-7.372518e-05,-8.550912e-05,2.9462877e-05,-3.2485885e-05,1.5080877e-06,-3.0306499e-05,1.2892825e-05,2.0142903e-05,-7.957232e-05,2.2136595e-05,1.4775036e-05,2.0288371e-06,4.9323462e-05,0.00012066014,1.6503862e-05,-7.57019e-05,-2.4175702e-05,1.4879729e-06,-1.1134763e-05,-3.2177908e-05,-2.191978e-05
43,6.2161016e-05,-3.7850048e-05,0.0002029615,0.00023481608,-0.00010535179,-0.0002106642,9.034491e-05,0.00019096522,0.00016155464,-2.8540722e-05,-0.00022715173,0.000101352234,0.00010249819,-0.00029738975,8.6837885e-05,-2.342494e-06,9.684556e-05,3.5746074e-05,5.5094383e-06,-0.0001496124,-4.3641106e-05,-8.021212e-05,2.0617306e-05,7.805926e-05,-7.493432e-05,1.51175045e-05,-1.2819586e-05,-0.0002028929,7.493207e-06,4.6323905e-05,-6.606934e-05,3.1393756e-05,-2.4051606e-05,0.00010957611,-5.9829777e-05,5.7844285e-05,-4.094579e-05,-1.2080585e-05,-0.000116606345,6.826551e-05,9.137458e-06,-6.895679e-06,1.6503862e-05,0.00020416174,-6.1440655e-06,1.623316e-05,6.28805e-05,4.7390327e-05,-4.0255567e-05,-3.0842508e-05
44,-0.00024681055,0.0002974522,-0.00016353051,-2.41782e-05,8.187289e-06,-0.00011396859,-0.00028091908,0.00031653608,0.0001995282,2.8455239e-05,0.00010450001,-0.00023969967,-0.00023127688,0.00011118612,-8.6706714e-05,0.00012542756,0.00019198642,0.0001719431,-0.00016707621,-7.27953e-05,-6.0550658e-05,-0.00015889748,-0.0001351366,-2.5670357e-05,-9.723742e-05,0.00012526516,3.9679788e-05,-4.9957176e-05,2.1560634e-05,-5.2984513e-05,5.261328e-05,-0.00011618056,5.878246e-05,6.167279e-05,6.311583e-05,8.982493e-05,1.859826e-05,5.5274213e-05,3.3447355e-05,1.5252361e-05,1.3477263e-05,-9.363076e-05,-7.57019e-05,-6.1440655e-06,0.000298363,4.299028e-05,3.975325e-05,2.25039e-05,-2.3491453e-05,1.6318243e-05
45,-6.1862884e-05,8.1258695e-05,-1.628549e-05,5.6869183e-05,-3.891799e-05,-7.7486084e-07,-3.9655228e-05,8.6922584e-05,0.00011594105,-3.2289536e-05,4.3844793e-05,-4.013414e-05,-0.00010823787,-6.654972e-05,5.405032e-06,2.9864605e-05,7.5333075e-05,1.5015272e-05,-6.2530985e-06,-3.5861034e-05,3.0008654e-05,-2.8226314e-05,1.5884143e-05,-8.2691884e-05,9.763039e-07,2.7354454e-05,2.2227006e-05,-8.723774e-05,-3.8291495e-05,4.691685e-05,1.9957308e-05,8.639802e-06,4.5842135e-05,-2.9164544e-06,9.3652725e-06,1.4634585e-05,-3.6443107e-06,-2.2907767e-05,-3.5716424e-05,4.603441e-05,3.1085503e-05,-1.9591791e-05,-2.4175702e-05,1.623316e-05,4.299028e-05,9.074717e-05,2.3537617e-05,-1.03879665e-05,2.4183588e-05,3.1906948e-06
46,-1.1689419e-05,-4.2563785e-05,-0.00013280893,-0.00032323622,0.00024604722,0.00039005646,-9.1436654e-05,0.00014434019,4.627995e-05,1.9565454e-05,-0.00029930988,3.5818985e-06,7.58106e-05,4.142074e-05,8.085781e-05,-3.8874773e-06,3.3737233e-05,-1.7763668e-05,-0.00022130804,-0.00011469392,1.571728e-05,2.6690828e-05,2.1254835e-05,0.000104110455,-6.180754e-05,-4.4950426e-05,-5.7484125e-05,0.00011681495,2.3810448e-05,7.429451e-05,-4.237909e-05,6.2480845e-05,-1.1932442e-05,0.000103893086,-3.2697804e-05,3.1311953e-05,-0.00010646245,5.6496814e-05,8.874364e-06,-2.366861e-05,2.5061658e-05,-3.497929e-06,1.4879729e-06,6.28805e-05,3.975325e-05,2.3537617e-05,0.00019946662,3.6090554e-05,-1.7217932e-05,4.406391e-06
47,9.420842e-05,0.00013238614,0.00010219257,0.00015995625,-1.1043833e-05,-0.00023660612,-0.00011079404,-2.2015774e-06,3.5728208e-05,-6.2839754e-06,-2.8128588e-05,-2.0374206e-05,-4.5831683e-05,-5.7016947e-05,-0.00013636223,8.3001985e-05,1.4973632e-06,-7.085907e-05,4.645564e-05,-2.426246e-05,8.644489e-06,-3.9406084e-05,-9.794836e-07,-3.5727324e-05,-0.00011421395,4.7476977e-05,-1.0057586e-05,3.5014473e-05,2.9863779e-05,6.684939e-05,8.6902844e-05,-3.314046e-05,-3.0041112e-05,8.8783145e-06,5.130687e-06,1.872873e-05,3.2583785e-06,4.0387284e-05,7.547298e-06,-1.6645452e-05,3.0743326e-05,1.6826561e-05,-1.1134763e-05,4.7390327e-05,2.25039e-05,-1.03879665e-05,3.6090554e-05,0.00013828793,-2.2605793e-05,-2.2737391e-05
48,-0.00016349161,-8.8962464e-05,6.261129e-05,-6.284851e-05,6.185984e-05,4.887701e-05,4.0594037e-05,-4.0764364e-05,-6.419433e-05,-2.7780338e-06,0.0001993796,7.596702e-05,5.140729e-05,7.170411e-05,-1.5582482e-05,9.3330455e-05,6.6659613e-06,6.979832e-05,9.8651995e-05,0.00011878785,8.0694794e-05,7.535778e-05,5.668292e-05,2.822133e-06,7.8233665e-05,-7.094298e-05,1.4211216e-05,-2.117527e-05,-2.7891034e-05,4.720954e-08,-1.293708e-06,1.0981668e-05,-7.7128934e-05,-7.32973e-05,-9.910284e-06,2.7212582e-06,-2.1229185e-05,1.8807236e-06,3.5527366e-05,-5.2277388e-05,-1.6202968e-05,2.499466e-05,-3.2177908e-05,-4.0255567e-05,-2.3491453e-05,2.4183588e-05,-1.7217932e-05,-2.2605793e-05,0.00011939862,4.699469e-05
49,-0.00053856615,-4.3256463e-05,7.8943805e-05,-8.323725e-05,8.4323605e-05,0.0001479575,-0.0001675495,-2.7382277e-05,-3.9409322e-05,-5.487381e-05,0.00022021064,2.8366961e-05,4.174041e-05,0.00014634809,-5.999356e-05,6.621632e-05,-7.389634e-05,0.00010208531,7.63899e-05,6.51748e-05,-3.2474003e-05,2.28957e-05,-1.2733331e-05,7.091943e-05,8.513301e-05,-6.1113926e-05,6.4747996e-06,-1.5845737e-05,1.8370209e-05,-1.7261651e-05,-1.7764243e-05,2.6079939e-05,-7.992897e-05,1.5942816e-05,3.50712e-05,6.369854e-06,-1.3212384e-06,9.787427e-06,8.854651e-06,-4.353626e-05,-2.931102e-05,-1.8152018e-06,-2.191978e-05,-3.0842508e-05,1.6318243e-05,3.1906948e-06,4.406391e-06,-2.2737391e-05,4.699469e-05,8.61762e-05
