,0,1,2,3,4,5,6,7,8,9,10,11,12,13,14,15,16,17,18,19,20,21,22,23,24,25,26,27,28,29,30,31,32,33,34,35,36,37,38,39,40,41,42,43,44,45,46,47,48,49
0,254.9662,8.37989,90.90481,-6.5965805,-22.968613,0.1236316,0.53104067,-0.09780672,-0.053835712,-0.07720488,-0.036793,-0.00038162046,0.016561847,0.012624733,0.004307832,0.013515133,-0.0007624469,-0.0057959575,-0.00062454224,-0.0031167304,-0.00044381298,-0.0062882733,-0.0048329546,-0.0028125965,0.0011456362,-0.0005708517,0.000863814,-0.0027405145,0.0017107361,-0.0001708963,-0.0014016944,0.00031593977,-0.00029792514,-0.0007138626,0.00082521944,0.00074499194,-0.0003254247,-0.000109133936,0.0014520893,-0.00019984314,0.0005457137,-0.00040034935,-0.00031616323,-0.00042161308,0.00011525624,-0.00020058748,0.00043814757,0.00023483484,4.168014e-05,0.0005314417
1,8.37989,164.43411,-2.43688,1.4772999,1.1166732,0.0046630213,-0.08445801,-0.0141592715,0.039728194,-0.008806379,-0.0040154187,-0.0033456227,-0.002629844,-0.004486541,0.00023415087,-0.0040178522,0.0011884639,0.0011687069,0.0010377022,0.0010925743,0.00059203315,0.0013192415,0.00022737075,0.00153654,0.00045219695,0.00053375296,-0.0006298369,0.00044109885,4.8515987e-05,-0.0002924613,0.00017647052,-0.00012366811,0.0002677301,0.00022479196,0.0003087771,-5.1988143e-05,-0.00017332051,-0.00014039548,7.424889e-05,5.581753e-05,-0.00022424795,0.00016754743,8.110795e-05,-0.00010712091,-0.00019350063,-0.0001908062,-9.310375e-06,1.0163356e-05,4.264809e-05,2.8847993e-05
2,90.90481,-2.43688,39.59222,-7.0935755,5.3979273,-0.11310025,-0.039659522,-0.033239603,-0.009304245,-0.012218682,-0.0047192588,0.00090480584,0.0014956417,-0.0002560735,1.7854563e-05,-9.8059445e-06,0.0010504755,-0.0005952198,5.990621e-05,0.00017574613,0.0003641895,-0.0013262872,-0.0011018151,-0.00072587794,0.00030615355,5.296689e-05,-0.00047877835,-6.0580325e-05,0.00066273124,-0.00035525183,-0.00037267047,0.00014096245,-0.00012548335,-0.00044174521,0.00013679007,-3.8893737e-05,1.8523891e-05,9.8576e-05,0.0001441469,6.346789e-05,4.743752e-05,-0.00019374133,6.1381375e-05,-4.4311204e-05,3.8133847e-05,-6.25416e-05,0.0002085826,5.84004e-07,3.3197255e-05,2.0461757e-05
3,-6.5965805,1.4772999,-7.0935755,3.5713758,-8.640547,-0.25512266,0.2160463,-0.06460052,0.00030627273,-0.034659736,-0.0072307596,-0.000117399315,0.0025202527,0.004935514,0.0005432697,0.0034142775,0.0016004683,-0.0025372815,0.00069346715,-0.0013067193,0.00030825153,-0.0021390046,-0.00085883256,-0.0010936402,-0.00021266026,-0.00089013955,-0.00022624474,-0.00030989374,0.0014947443,-0.0010051018,-0.00041640567,0.00037545216,-1.6020856e-05,-0.0002832426,0.00018904617,-0.00016211499,-0.0003836692,-5.9320257e-05,0.0003639852,0.00018736765,0.00017793447,-0.0002383877,0.00013070133,-0.00015131113,9.774568e-05,-0.00015664237,0.0003211834,-0.00013421262,3.0606785e-05,0.00016555027
4,-22.968613,1.1166732,5.3979273,-8.640547,29.42047,-0.0153990425,0.021315066,0.0060336906,-0.000519944,0.015303039,-0.0022706287,-0.00090941484,-0.0036834641,-0.0027383566,-0.0018448232,-0.000753326,0.00010442334,0.00014592744,0.00018010325,-8.373542e-05,0.00011884926,-0.00040921924,0.00050681137,0.000851658,0.00018655942,0.00034342497,0.00019444231,-0.00015463863,-0.00057086966,-0.00024196896,0.00017302851,-0.00016854805,-0.00032839365,0.00010812629,0.0003046253,8.2345294e-05,1.3747086e-05,-0.000108446635,1.8584195e-05,-7.373349e-05,-6.553276e-05,6.330598e-05,-4.516147e-05,4.5358418e-05,-2.4160548e-05,-1.3193889e-05,-0.0001115309,6.394305e-05,-5.5048375e-05,-0.00019231414
5,0.1236316,0.0046630213,-0.11310025,-0.25512266,-0.0153990425,0.62849605,-0.012225219,0.015705282,0.023799147,0.02158074,0.009465052,-0.00021581387,-0.0074520493,-0.0038441774,-0.0017175488,-0.0023069805,-0.0008184017,0.0006688498,-7.1711314e-05,0.00027298252,-0.00022487485,0.0010249373,0.0015965378,0.0017780768,-6.9289556e-05,0.0010338727,-2.0694479e-05,-0.00035956252,-0.0013341324,0.00030898137,0.00040393893,-0.00033143198,-0.00035697554,0.0006783352,0.00015517423,0.00043538766,0.00025270032,7.115237e-05,-0.00017129644,-0.00037708838,-0.0002682862,0.0001966943,-0.00025820732,0.00016461869,-9.208646e-05,0.00015099412,-0.00043355647,0.00025102016,-6.6480505e-05,-0.00027049496
6,0.53104067,-0.08445801,-0.039659522,0.2160463,0.021315066,-0.012225219,0.51750106,-0.032246415,-0.032143235,-0.042135023,-0.012135325,0.0028040698,0.010299439,0.007901143,0.0006006253,0.0070242733,-0.00073167565,-0.0038226633,-0.0009986487,-0.0010136366,-0.00022231872,-0.0027494945,-0.0025706743,-0.0022249946,0.0004662302,-0.00037379854,0.00073610956,-0.0016277893,0.0008190265,-4.916705e-05,-0.000935591,0.00036466884,-0.000327289,-0.00048337376,0.00053080433,0.00050351373,-0.00013888485,-2.2218519e-05,0.0006699353,-4.921509e-06,0.00020004404,-0.00016386653,-0.0001666657,-8.6374566e-05,0.00018202148,-4.646636e-05,0.00025306887,0.00011062819,4.8829367e-07,0.0001328038
7,-0.09780672,-0.0141592715,-0.033239603,-0.06460052,0.0060336906,0.015705282,-0.032246415,0.12748654,-0.011506947,-0.013462066,-0.0061380835,0.0010165842,0.0038703764,0.0032967678,0.00031038775,0.0012504703,0.0002852959,-0.0013686714,0.00047138793,9.204931e-05,0.00035137837,-0.0004195797,-0.0007025165,-0.0007460525,-1.9976727e-05,-0.00026891846,0.00038031227,-0.0001724925,0.00036401607,0.00036096718,-0.00020695846,-1.9880012e-05,-6.809404e-05,-0.00034918156,-0.00015474808,-6.614845e-05,0.00012060568,-2.7183352e-05,0.00011968643,-5.1560994e-05,2.2261502e-05,9.833161e-05,0.00016164064,-0.00013225197,-0.00013654865,-6.911472e-05,-2.2801426e-06,-3.2969856e-05,8.734595e-05,3.526975e-05
8,-0.053835712,0.039728194,-0.009304245,0.00030627273,-0.000519944,0.023799147,-0.032143235,-0.011506947,0.05917061,-0.02089936,-0.009554064,0.0012656221,0.0010375623,-0.0019412963,0.0010884276,0.00022903603,0.0005901385,-2.9604002e-05,0.00055148127,0.0009242828,0.0002602788,9.07873e-05,-0.0008306796,0.00033266813,0.00042101572,0.00035700013,-0.00040456318,-0.00026313157,3.1377356e-05,-7.170957e-05,-8.03685e-05,-0.0001221669,0.00020621673,-3.5019322e-05,0.00015881294,2.1189458e-05,-6.095873e-05,-0.00012721728,0.00038511495,-0.00013694765,-0.00011311395,6.642892e-05,3.769464e-05,-0.00020542665,-8.640771e-05,-0.000102267084,2.9530194e-05,1.2989426e-05,-1.0376758e-05,6.3494954e-05
9,-0.07720488,-0.008806379,-0.012218682,-0.034659736,0.015303039,0.02158074,-0.042135023,-0.013462066,-0.02089936,0.045548625,-0.010319572,0.0013604,-0.00018431504,-0.0035981284,0.0010172441,0.0011196968,-5.3651933e-05,-0.00017811768,-0.0001835411,0.0006172862,0.0002478216,-0.0007136722,-0.0012940475,1.8247762e-05,0.0007930711,0.0003345118,9.263924e-05,-0.00073582237,-0.00041119754,-6.338618e-05,-6.163491e-05,2.110596e-05,-0.0001943041,-3.9424745e-06,0.00040329323,0.00023445714,-5.057642e-05,5.289928e-06,0.00026490865,-0.00018620702,-7.047715e-05,-2.5010242e-05,-9.957438e-05,-7.802094e-05,-3.8520928e-05,-3.2074007e-05,5.480121e-05,8.637483e-05,-1.9505951e-05,1.1320743e-05
10,-0.036793,-0.0040154187,-0.0047192588,-0.0072307596,-0.0022706287,0.009465052,-0.012135325,-0.0061380835,-0.009554064,-0.010319572,0.026149223,0.00025672303,2.4570656e-05,-0.00019100387,0.0022846404,-0.0031961338,0.0014543157,0.0012454805,-0.00018215648,0.00049138116,0.0010126961,6.502545e-05,-7.037075e-05,0.00015584435,-7.478773e-05,0.00014122383,5.356413e-05,0.00086119387,-8.40734e-05,0.00033411852,4.166636e-05,-8.1234466e-05,0.00018238061,-5.750901e-05,-0.00024489424,-0.0002581356,0.00015872243,0.00013786837,-0.0003875799,2.9570298e-05,6.641724e-05,-3.5935842e-05,0.000109347864,2.6508678e-05,-4.0933526e-05,-6.6531866e-05,0.00018426044,1.2708286e-05,-6.209503e-05,-0.00010379104
11,-0.00038162046,-0.0033456227,0.00090480584,-0.000117399315,-0.00090941484,-0.00021581387,0.0028040698,0.0010165842,0.0012656221,0.0013604,0.00025672303,0.019822063,0.00018158826,0.0002227223,-1.9596686e-05,-0.00010672645,0.0004931317,0.00032407526,-0.00042414575,0.00020525203,9.366223e-08,-0.00045243738,0.00030915742,-0.00040844065,-6.256275e-05,8.8766334e-05,-0.00022743712,0.000106302454,-0.0002824483,5.6326666e-05,0.00035233964,-0.00011481189,3.4133944e-05,-5.283171e-05,0.00025219948,-7.288098e-05,0.00018248468,-6.544683e-06,2.0643052e-05,-7.7111996e-05,7.376369e-05,-0.000119887125,-9.773962e-07,-3.333638e-05,0.00013217708,2.519721e-05,7.86799e-06,-2.3358047e-05,-8.909736e-06,-6.185922e-05
12,0.016561847,-0.002629844,0.0014956417,0.0025202527,-0.0036834641,-0.0074520493,0.010299439,0.0038703764,0.0010375623,-0.00018431504,2.4570656e-05,0.00018158826,0.011580137,-0.0046253856,-0.00063764106,-0.0006844558,-0.0015105973,0.0008322864,-0.0009614099,-0.0005757818,0.0010801088,0.00068132504,-0.0009315745,-3.3025513e-05,0.0005146481,0.0004921338,0.00076906395,0.00019179747,-0.00032810232,8.560134e-05,0.0001982659,-0.00028739718,0.0003034991,-4.0735336e-05,1.8174773e-05,-9.012901e-05,1.2279541e-05,0.00012773069,-1.6089256e-05,-8.415131e-05,-6.001828e-05,6.488138e-06,-2.8210012e-05,-0.00011324076,0.00012030611,5.0580165e-05,-7.234693e-05,8.2278755e-05,-5.3682797e-05,8.233999e-06
13,0.012624733,-0.004486541,-0.0002560735,0.004935514,-0.0027383566,-0.0038441774,0.007901143,0.0032967678,-0.0019412963,-0.0035981284,-0.00019100387,0.0002227223,-0.0046253856,0.0077975327,-0.00025406058,0.0001978626,9.6328746e-05,-0.00016150236,-0.00025296857,0.0005305985,-0.00028024783,0.00030746093,-0.00018280253,0.000976416,0.0003802922,0.000757474,-0.00016703931,-0.00034210552,-0.0007766199,5.264599e-05,0.00020801675,3.326977e-05,-6.230871e-05,0.00017351896,7.83868e-06,0.00019067855,-3.2749595e-05,-0.00018344296,-0.0001661881,-0.00025127278,-6.243788e-05,-5.379138e-05,-8.450914e-05,0.00011438049,-0.0001166225,3.337456e-05,-5.73007e-05,8.2139995e-05,-0.00012460312,-0.00010653416
14,0.004307832,0.00023415087,1.7854563e-05,0.0005432697,-0.0018448232,-0.0017175488,0.0006006253,0.00031038775,0.0010884276,0.0010172441,0.0022846404,-1.9596686e-05,-0.00063764106,-0.00025406058,0.0068287957,0.0012333463,-0.00028013514,-0.0005529179,0.00025904868,-4.723145e-05,-9.5502815e-05,9.0619054e-05,-0.00013582778,-0.0002837518,-8.649951e-05,0.0002422735,1.7279704e-05,-0.00040078076,-5.7028014e-05,0.0002922775,4.762618e-05,-0.00015397204,0.00010501695,-4.101652e-06,4.982881e-05,-2.107419e-05,-4.1743195e-05,9.224274e-05,9.3937124e-05,-0.00016105812,7.5631746e-05,0.0001875464,8.240453e-05,-7.0161885e-05,6.946844e-05,-1.3510185e-05,-5.6891782e-05,4.13984e-05,1.7060924e-05,4.8763548e-05
15,0.013515133,-0.0040178522,-9.8059445e-06,0.0034142775,-0.000753326,-0.0023069805,0.0070242733,0.0012504703,0.00022903603,0.0011196968,-0.0031961338,-0.00010672645,-0.0006844558,0.0001978626,0.0012333463,0.0041522733,0.00020826294,0.0017464657,0.000703492,0.0002363968,0.000671981,-1.06349125e-05,0.00041139612,-4.4236658e-05,-0.00010845164,-0.00032436318,3.939891e-05,0.00039245258,3.0818774e-05,3.4126322e-05,7.052842e-05,-0.00017198123,3.3688033e-05,0.00026183284,0.000107456835,2.2647888e-05,-1.4302032e-05,3.223338e-05,-0.00011809775,0.000104564024,-5.1784864e-05,9.127899e-05,-2.9378112e-05,-1.6881735e-05,-9.142628e-05,-2.0707363e-05,-7.993807e-06,-2.6799846e-05,-6.9753965e-05,-4.1296058e-05
16,-0.0007624469,0.0011884639,0.0010504755,0.0016004683,0.00010442334,-0.0008184017,-0.00073167565,0.0002852959,0.0005901385,-5.3651933e-05,0.0014543157,0.0004931317,-0.0015105973,9.6328746e-05,-0.00028013514,0.00020826294,0.0048300824,7.310179e-05,-0.0005041835,-0.00062793447,0.00037887652,7.0503535e-05,-0.0004852421,-0.00017606356,0.00041982118,-0.00037243922,0.00035397243,4.2147076e-05,9.558212e-05,-0.00023686109,-0.00017804264,0.00016188313,-9.8837016e-05,6.0202463e-05,0.000108544366,1.7860453e-06,-0.00013827185,5.1534727e-05,0.00014265404,0.00010296196,-8.147367e-05,0.00011454029,-3.277172e-05,-2.6957965e-05,-0.00013967029,-3.3242635e-05,-3.2076976e-05,5.2871e-05,-1.6021862e-05,3.215099e-05
17,-0.0057959575,0.0011687069,-0.0005952198,-0.0025372815,0.00014592744,0.0006688498,-0.0038226633,-0.0013686714,-2.9604002e-05,-0.00017811768,0.0012454805,0.00032407526,0.0008322864,-0.00016150236,-0.0005529179,0.0017464657,7.310179e-05,0.00388,-0.0001726135,-0.00013498345,-0.0004724455,-4.748127e-05,-0.00017026615,0.00010796711,-9.7991535e-05,3.2227785e-05,0.00013533783,0.00019368881,8.004646e-05,0.0003383343,6.0233924e-07,0.00020277494,0.00015161559,-0.0002047063,-0.00023784253,-4.99053e-05,-2.2478565e-05,-1.791491e-05,-8.9533045e-05,-0.00010990395,9.330274e-05,-2.968332e-05,-3.7972284e-05,1.0538273e-05,-0.000111463174,1.2764216e-05,2.9418015e-05,2.9098195e-05,-5.2830685e-05,-5.247443e-05
18,-0.00062454224,0.0010377022,5.990621e-05,0.00069346715,0.00018010325,-7.1711314e-05,-0.0009986487,0.00047138793,0.00055148127,-0.0001835411,-0.00018215648,-0.00042414575,-0.0009614099,-0.00025296857,0.00025904868,0.000703492,-0.0005041835,-0.0001726135,0.003071352,-0.000704114,0.00037122663,-0.0003088943,-0.00022573963,-0.00021189911,0.00035447231,8.00289e-05,-0.00015382079,0.0005491222,-0.00017332648,-0.00026384817,-0.00013563872,0.0003203296,-4.0859137e-05,-6.367132e-05,7.9875e-05,-0.00015929175,2.5704743e-05,-6.235475e-05,-4.6269306e-05,6.6723974e-06,0.00012460204,-0.00012542785,3.1234981e-06,9.489164e-06,7.497633e-05,2.4391118e-06,0.00011301358,-2.490989e-05,-4.2767413e-05,-8.596208e-05
19,-0.0031167304,0.0010925743,0.00017574613,-0.0013067193,-8.373542e-05,0.00027298252,-0.0010136366,9.204931e-05,0.0009242828,0.0006172862,0.00049138116,0.00020525203,-0.0005757818,0.0005305985,-4.723145e-05,0.0002363968,-0.00062793447,-0.00013498345,-0.000704114,0.004101912,0.00042799936,-6.965808e-05,-0.00032285444,-0.000388032,0.00010968547,-0.00013670832,0.00012948757,-5.358192e-05,0.00017498196,-5.9878425e-05,-0.00023682797,6.8274065e-05,6.467076e-05,5.7251105e-05,-1.962294e-05,-1.1360046e-05,-8.571912e-05,-1.3522831e-05,-7.023581e-05,0.00013321507,8.213227e-06,-2.7345422e-05,1.6915204e-05,7.717875e-05,4.566233e-05,1.6686838e-05,6.850341e-05,-9.122508e-06,-8.712083e-05,-3.0777323e-05
20,-0.00044381298,0.00059203315,0.0003641895,0.00030825153,0.00011884926,-0.00022487485,-0.00022231872,0.00035137837,0.0002602788,0.0002478216,0.0010126961,9.366223e-08,0.0010801088,-0.00028024783,-9.5502815e-05,0.000671981,0.00037887652,-0.0004724455,0.00037122663,0.00042799936,0.0033707423,-6.5256325e-05,0.00016148329,0.00063945784,-8.4637286e-05,0.00017590506,-0.00010291721,-5.3698597e-05,-1.8185234e-05,-0.0001491582,-3.1514624e-05,0.00012096745,-4.591749e-05,5.7858088e-05,5.6389013e-05,8.019952e-05,2.0512822e-05,0.00012835467,-2.4912852e-05,-3.133684e-05,5.4416672e-05,-1.8250132e-05,-2.6297734e-05,4.2316664e-05,2.1903934e-05,-5.8060104e-06,-1.5304133e-05,2.3494435e-05,-4.7837908e-05,1.0981103e-05
21,-0.0062882733,0.0013192415,-0.0013262872,-0.0021390046,-0.00040921924,0.0010249373,-0.0027494945,-0.0004195797,9.07873e-05,-0.0007136722,6.502545e-05,-0.00045243738,0.00068132504,0.00030746093,9.0619054e-05,-1.06349125e-05,7.0503535e-05,-4.748127e-05,-0.0003088943,-6.965808e-05,-6.5256325e-05,0.0024194696,0.00015079863,-0.00041700678,-8.301713e-06,-0.00014045674,5.5626453e-05,-8.7266024e-05,-0.00014608915,6.6036984e-05,0.00012049363,5.275445e-05,-0.00020129819,6.1343715e-05,0.00021075478,0.000102860104,3.496897e-05,-4.0930613e-06,-0.000104170555,-3.790731e-05,9.9359335e-05,-5.4365435e-05,-0.00013057262,8.713311e-05,5.4163273e-05,1.6243554e-05,9.362017e-07,2.4749297e-05,-2.1492491e-05,-5.462011e-05
22,-0.0048329546,0.00022737075,-0.0011018151,-0.00085883256,0.00050681137,0.0015965378,-0.0025706743,-0.0007025165,-0.0008306796,-0.0012940475,-7.037075e-05,0.00030915742,-0.0009315745,-0.00018280253,-0.00013582778,0.00041139612,-0.0004852421,-0.00017026615,-0.00022573963,-0.00032285444,0.00016148329,0.00015079863,0.0026627127,-1.6341903e-05,8.390877e-05,5.405062e-05,0.00031063153,-4.3369604e-05,0.00014158378,-7.062817e-05,-9.538175e-05,-6.987288e-05,6.341713e-05,-2.572027e-05,-5.9317485e-05,2.3054892e-05,2.99409e-05,1.3354913e-05,4.244307e-05,6.284636e-05,-6.6325156e-05,-6.50195e-05,1.119712e-05,-2.5414447e-05,7.820366e-05,-1.2397946e-05,-1.8005107e-06,2.558779e-07,-3.6473575e-05,3.8115497e-05
23,-0.0028125965,0.00153654,-0.00072587794,-0.0010936402,0.000851658,0.0017780768,-0.0022249946,-0.0007460525,0.00033266813,1.8247762e-05,0.00015584435,-0.00040844065,-3.3025513e-05,0.000976416,-0.0002837518,-4.4236658e-05,-0.00017606356,0.00010796711,-0.00021189911,-0.000388032,0.00063945784,-0.00041700678,-1.6341903e-05,0.0014778479,-5.8181264e-05,-0.0001235097,0.00011477264,-0.00019857961,-5.5528966e-05,0.00021393734,0.00012536412,-0.00015354817,5.9352402e-05,-0.00011995046,0.00013575522,-3.0101764e-05,5.8302416e-05,-0.000111707035,-2.2477996e-05,-7.718303e-06,8.670729e-05,1.4299656e-05,1.5389567e-05,-4.8545175e-05,2.3605364e-05,3.641343e-05,-4.745112e-05,-1.6991897e-05,-1.013379e-05,-5.0623985e-05
24,0.0011456362,0.00045219695,0.00030615355,-0.00021266026,0.00018655942,-6.9289556e-05,0.0004662302,-1.9976727e-05,0.00042101572,0.0007930711,-7.478773e-05,-6.256275e-05,0.0005146481,0.0003802922,-8.649951e-05,-0.00010845164,0.00041982118,-9.7991535e-05,0.00035447231,0.00010968547,-8.4637286e-05,-8.301713e-06,8.390877e-05,-5.8181264e-05,0.0017729892,0.000104188846,4.0168026e-05,-1.477667e-05,9.427928e-05,0.00015289904,7.6338394e-05,-0.00013174744,8.44735e-05,2.3495372e-06,-0.000109283224,6.877909e-05,2.699838e-05,-4.1022766e-05,-4.5354163e-06,-5.9160348e-06,5.0708295e-05,-2.46809e-05,2.5799847e-05,3.4777673e-05,6.978739e-05,-6.5764957e-06,3.173844e-05,6.1480394e-05,-3.5609708e-05,-2.662393e-05
25,-0.0005708517,0.00053375296,5.296689e-05,-0.00089013955,0.00034342497,0.0010338727,-0.00037379854,-0.00026891846,0.00035700013,0.0003345118,0.00014122383,8.8766334e-05,0.0004921338,0.000757474,0.0002422735,-0.00032436318,-0.00037243922,3.2227785e-05,8.00289e-05,-0.00013670832,0.00017590506,-0.00014045674,5.405062e-05,-0.0001235097,0.000104188846,0.0015081092,0.00017011122,3.571003e-05,3.278946e-06,1.07420965e-05,-1.5602223e-05,8.658912e-05,-0.00016306437,1.0760996e-05,1.2430779e-05,5.6422883e-05,-9.562308e-05,5.6304292e-05,9.3825565e-06,1.0041811e-05,-8.1201964e-05,-2.5672803e-06,-7.227478e-05,2.8821716e-05,-9.084723e-05,2.4704664e-06,2.0550953e-05,-1.3481281e-05,3.1511354e-05,-1.3853427e-05
26,0.000863814,-0.0006298369,-0.00047877835,-0.00022624474,0.00019444231,-2.0694479e-05,0.00073610956,0.00038031227,-0.00040456318,9.263924e-05,5.356413e-05,-0.00022743712,0.00076906395,-0.00016703931,1.7279704e-05,3.939891e-05,0.00035397243,0.00013533783,-0.00015382079,0.00012948757,-0.00010291721,5.5626453e-05,0.00031063153,0.00011477264,4.0168026e-05,0.00017011122,0.0011135277,-1.981854e-05,-4.3279717e-05,-6.144437e-05,-1.0446594e-05,0.00011378954,0.00018624449,0.00013945332,0.00015339526,-9.426552e-05,-8.902454e-05,-0.000122001584,0.00010420829,2.2475066e-05,4.3472384e-05,8.0370606e-05,4.0435487e-05,-8.692119e-06,-1.1504679e-05,-1.510881e-05,3.016269e-05,-1.7643513e-05,-2.170616e-05,3.6327592e-06
27,-0.0027405145,0.00044109885,-6.0580325e-05,-0.00030989374,-0.00015463863,-0.00035956252,-0.0016277893,-0.0001724925,-0.00026313157,-0.00073582237,0.00086119387,0.000106302454,0.00019179747,-0.00034210552,-0.00040078076,0.00039245258,4.2147076e-05,0.00019368881,0.0005491222,-5.358192e-05,-5.3698597e-05,-8.7266024e-05,-4.3369604e-05,-0.00019857961,-1.477667e-05,3.571003e-05,-1.981854e-05,0.0009230484,-7.652891e-05,4.6884263e-05,-6.166292e-05,-0.00015273989,-5.8653193e-05,0.0001236653,7.5864926e-05,0.0001260949,-4.101837e-05,2.036681e-06,-6.04204e-06,8.320196e-05,-7.187574e-05,1.106976e-05,2.5620007e-05,9.5564836e-05,4.3889344e-05,3.7027017e-05,-5.5115568e-05,-4.9529866e-05,9.5283585e-06,1.3346727e-05
28,0.0017107361,4.8515987e-05,0.00066273124,0.0014947443,-0.00057086966,-0.0013341324,0.0008190265,0.00036401607,3.1377356e-05,-0.00041119754,-8.40734e-05,-0.0002824483,-0.00032810232,-0.0007766199,-5.7028014e-05,3.0818774e-05,9.558212e-05,8.004646e-05,-0.00017332648,0.00017498196,-1.8185234e-05,-0.00014608915,0.00014158378,-5.5528966e-05,9.427928e-05,3.278946e-06,-4.3279717e-05,-7.652891e-05,0.0013261047,7.873737e-05,0.00012156136,6.055612e-05,-0.00010115121,-3.3882563e-05,8.6271306e-05,-1.8183368e-07,1.9006804e-05,6.919647e-05,-5.3259457e-05,-7.827232e-05,2.1685832e-05,1.3692832e-05,-1.785599e-05,4.281263e-06,-2.8232742e-05,1.6493992e-05,-2.7824011e-05,-9.819946e-06,3.099753e-05,-5.6271772e-05
29,-0.0001708963,-0.0002924613,-0.00035525183,-0.0010051018,-0.00024196896,0.00030898137,-4.916705e-05,0.00036096718,-7.170957e-05,-6.338618e-05,0.00033411852,5.6326666e-05,8.560134e-05,5.264599e-05,0.0002922775,3.4126322e-05,-0.00023686109,0.0003383343,-0.00026384817,-5.9878425e-05,-0.0001491582,6.6036984e-05,-7.062817e-05,0.00021393734,0.00015289904,1.07420965e-05,-6.144437e-05,4.6884263e-05,7.873737e-05,0.00090697414,-0.0001367715,5.319831e-05,-0.00015153,1.1643982e-05,6.768564e-05,4.406245e-05,7.1008064e-05,-4.587428e-05,8.980573e-05,6.74294e-05,-4.803988e-05,-3.508052e-05,1.478359e-05,-2.3444929e-05,2.6198035e-05,-2.4050141e-05,-5.7559588e-05,-1.8734536e-05,-1.7696671e-05,-1.486447e-05
30,-0.0014016944,0.00017647052,-0.00037267047,-0.00041640567,0.00017302851,0.00040393893,-0.000935591,-0.00020695846,-8.03685e-05,-6.163491e-05,4.166636e-05,0.00035233964,0.0001982659,0.00020801675,4.762618e-05,7.052842e-05,-0.00017804264,6.0233924e-07,-0.00013563872,-0.00023682797,-3.1514624e-05,0.00012049363,-9.538175e-05,0.00012536412,7.6338394e-05,-1.5602223e-05,-1.0446594e-05,-6.166292e-05,0.00012156136,-0.0001367715,0.00095008,8.6083484e-05,-1.9889227e-05,8.074328e-05,-4.837363e-05,2.825332e-05,-9.117626e-05,1.9734965e-05,-3.394425e-05,3.8280064e-05,-9.315027e-06,4.530987e-05,4.896259e-05,1.4811487e-05,-2.383929e-05,-1.9959207e-05,2.278277e-05,-6.678259e-05,-2.0197962e-05,3.087733e-05
31,0.00031593977,-0.00012366811,0.00014096245,0.00037545216,-0.00016854805,-0.00033143198,0.00036466884,-1.9880012e-05,-0.0001221669,2.110596e-05,-8.1234466e-05,-0.00011481189,-0.00028739718,3.326977e-05,-0.00015397204,-0.00017198123,0.00016188313,0.00020277494,0.0003203296,6.8274065e-05,0.00012096745,5.275445e-05,-6.987288e-05,-0.00015354817,-0.00013174744,8.658912e-05,0.00011378954,-0.00015273989,6.055612e-05,5.319831e-05,8.6083484e-05,0.0008243676,5.8226895e-05,-7.786846e-06,1.3347589e-05,2.5819263e-05,5.9744118e-05,1.2705883e-05,5.78024e-05,-2.269783e-05,-3.0158008e-05,-2.2541417e-05,2.45048e-05,-3.7990176e-05,8.400458e-05,-7.3263645e-06,-2.7892009e-05,-7.893863e-06,-1.1047461e-05,-2.4481405e-06
32,-0.00029792514,0.0002677301,-0.00012548335,-1.6020856e-05,-0.00032839365,-0.00035697554,-0.000327289,-6.809404e-05,0.00020621673,-0.0001943041,0.00018238061,3.4133944e-05,0.0003034991,-6.230871e-05,0.00010501695,3.3688033e-05,-9.8837016e-05,0.00015161559,-4.0859137e-05,6.467076e-05,-4.591749e-05,-0.00020129819,6.341713e-05,5.9352402e-05,8.44735e-05,-0.00016306437,0.00018624449,-5.8653193e-05,-0.00010115121,-0.00015153,-1.9889227e-05,5.8226895e-05,0.00051918946,-2.5783038e-07,-2.8217046e-06,0.00010978368,0.000100195306,2.5086498e-05,-5.9532944e-05,-6.066537e-05,-3.5191908e-05,-4.7204003e-06,4.6272717e-06,3.446229e-05,-4.5568464e-05,-2.507244e-05,-3.91734e-06,3.112221e-05,7.387319e-05,-1.2499515e-05
33,-0.0007138626,0.00022479196,-0.00044174521,-0.0002832426,0.00010812629,0.0006783352,-0.00048337376,-0.00034918156,-3.5019322e-05,-3.9424745e-06,-5.750901e-05,-5.283171e-05,-4.0735336e-05,0.00017351896,-4.101652e-06,0.00026183284,6.0202463e-05,-0.0002047063,-6.367132e-05,5.7251105e-05,5.7858088e-05,6.1343715e-05,-2.572027e-05,-0.00011995046,2.3495372e-06,1.0760996e-05,0.00013945332,0.0001236653,-3.3882563e-05,1.1643982e-05,8.074328e-05,-7.786846e-06,-2.5783038e-07,0.00068538927,-8.026828e-05,-4.8119742e-05,8.300459e-05,-1.6128917e-05,-2.0194808e-05,-4.581156e-05,1.7392322e-05,-3.5300975e-05,5.7108355e-06,-5.695709e-05,-2.9710834e-05,3.1743846e-06,-6.0523947e-05,1.8658187e-07,4.187719e-05,-1.5758382e-05
34,0.00082521944,0.0003087771,0.00013679007,0.00018904617,0.0003046253,0.00015517423,0.00053080433,-0.00015474808,0.00015881294,0.00040329323,-0.00024489424,0.00025219948,1.8174773e-05,7.83868e-06,4.982881e-05,0.000107456835,0.000108544366,-0.00023784253,7.9875e-05,-1.962294e-05,5.6389013e-05,0.00021075478,-5.9317485e-05,0.00013575522,-0.000109283224,1.2430779e-05,0.00015339526,7.5864926e-05,8.6271306e-05,6.768564e-05,-4.837363e-05,1.3347589e-05,-2.8217046e-06,-8.026828e-05,0.00050440547,1.2532517e-05,6.6377597e-06,-5.7551315e-05,-7.548976e-05,1.23783175e-05,-2.8786028e-05,-3.6019155e-05,3.9406237e-05,3.0464273e-05,-2.3168526e-05,-8.846326e-06,1.66891e-05,5.189221e-06,2.3120247e-05,8.608838e-07
35,0.00074499194,-5.1988143e-05,-3.8893737e-05,-0.00016211499,8.2345294e-05,0.00043538766,0.00050351373,-6.614845e-05,2.1189458e-05,0.00023445714,-0.0002581356,-7.288098e-05,-9.012901e-05,0.00019067855,-2.107419e-05,2.2647888e-05,1.7860453e-06,-4.99053e-05,-0.00015929175,-1.1360046e-05,8.019952e-05,0.000102860104,2.3054892e-05,-3.0101764e-05,6.877909e-05,5.6422883e-05,-9.426552e-05,0.0001260949,-1.8183368e-07,4.406245e-05,2.825332e-05,2.5819263e-05,0.00010978368,-4.8119742e-05,1.2532517e-05,0.0004922552,4.6789653e-05,2.9978577e-05,-2.354964e-05,1.0979948e-05,2.3499033e-05,2.5696609e-05,2.6484417e-05,-4.3492724e-05,-3.481435e-05,-1.0278785e-05,-1.7428498e-05,-3.1067717e-05,9.397245e-06,8.562651e-06
36,-0.0003254247,-0.00017332051,1.8523891e-05,-0.0003836692,1.3747086e-05,0.00025270032,-0.00013888485,0.00012060568,-6.095873e-05,-5.057642e-05,0.00015872243,0.00018248468,1.2279541e-05,-3.2749595e-05,-4.1743195e-05,-1.4302032e-05,-0.00013827185,-2.2478565e-05,2.5704743e-05,-8.571912e-05,2.0512822e-05,3.496897e-05,2.99409e-05,5.8302416e-05,2.699838e-05,-9.562308e-05,-8.902454e-05,-4.101837e-05,1.9006804e-05,7.1008064e-05,-9.117626e-05,5.9744118e-05,0.000100195306,8.300459e-05,6.6377597e-06,4.6789653e-05,0.0004488635,4.635124e-05,4.972748e-05,1.375313e-06,-9.344045e-06,5.01173e-05,-4.4808025e-05,2.512653e-05,-2.0829944e-05,6.187658e-06,5.947102e-05,5.2390933e-06,-8.958237e-06,1.2465044e-05
37,-0.000109133936,-0.00014039548,9.8576e-05,-5.9320257e-05,-0.000108446635,7.115237e-05,-2.2218519e-05,-2.7183352e-05,-0.00012721728,5.289928e-06,0.00013786837,-6.544683e-06,0.00012773069,-0.00018344296,9.224274e-05,3.223338e-05,5.1534727e-05,-1.791491e-05,-6.235475e-05,-1.3522831e-05,0.00012835467,-4.0930613e-06,1.3354913e-05,-0.000111707035,-4.1022766e-05,5.6304292e-05,-0.000122001584,2.036681e-06,6.919647e-05,-4.587428e-05,1.9734965e-05,1.2705883e-05,2.5086498e-05,-1.6128917e-05,-5.7551315e-05,2.9978577e-05,4.635124e-05,0.00032193912,1.9487936e-05,4.2605057e-05,-5.010641e-06,-3.0987176e-05,2.5287885e-05,1.2651884e-05,-2.9020786e-05,1.8071933e-05,-2.903628e-05,-7.852334e-06,-1.2049943e-05,5.3606395e-06
38,0.0014520893,7.424889e-05,0.0001441469,0.0003639852,1.8584195e-05,-0.00017129644,0.0006699353,0.00011968643,0.00038511495,0.00026490865,-0.0003875799,2.0643052e-05,-1.6089256e-05,-0.0001661881,9.3937124e-05,-0.00011809775,0.00014265404,-8.9533045e-05,-4.6269306e-05,-7.023581e-05,-2.4912852e-05,-0.000104170555,4.244307e-05,-2.2477996e-05,-4.5354163e-06,9.3825565e-06,0.00010420829,-6.04204e-06,-5.3259457e-05,8.980573e-05,-3.394425e-05,5.78024e-05,-5.9532944e-05,-2.0194808e-05,-7.548976e-05,-2.354964e-05,4.972748e-05,1.9487936e-05,0.00035766943,4.2469446e-06,4.698862e-05,-1.9581159e-05,-5.9491113e-06,5.6381647e-05,-2.1353564e-05,1.1604793e-05,-7.309472e-06,-1.1505981e-05,-1.640335e-05,-7.629758e-06
39,-0.00019984314,5.581753e-05,6.346789e-05,0.00018736765,-7.373349e-05,-0.00037708838,-4.921509e-06,-5.1560994e-05,-0.00013694765,-0.00018620702,2.9570298e-05,-7.7111996e-05,-8.415131e-05,-0.00025127278,-0.00016105812,0.000104564024,0.00010296196,-0.00010990395,6.6723974e-06,0.00013321507,-3.133684e-05,-3.790731e-05,6.284636e-05,-7.718303e-06,-5.9160348e-06,1.0041811e-05,2.2475066e-05,8.320196e-05,-7.827232e-05,6.74294e-05,3.8280064e-05,-2.269783e-05,-6.066537e-05,-4.581156e-05,1.23783175e-05,1.0979948e-05,1.375313e-06,4.2605057e-05,4.2469446e-06,0.00034000157,2.553498e-05,3.5105768e-05,-4.542356e-06,-4.826676e-05,-5.9376844e-06,-3.041646e-05,3.0632253e-07,-7.947393e-07,1.7343184e-05,8.880601e-06
40,0.0005457137,-0.00022424795,4.743752e-05,0.00017793447,-6.553276e-05,-0.0002682862,0.00020004404,2.2261502e-05,-0.00011311395,-7.047715e-05,6.641724e-05,7.376369e-05,-6.001828e-05,-6.243788e-05,7.5631746e-05,-5.1784864e-05,-8.147367e-05,9.330274e-05,0.00012460204,8.213227e-06,5.4416672e-05,9.9359335e-05,-6.6325156e-05,8.670729e-05,5.0708295e-05,-8.1201964e-05,4.3472384e-05,-7.187574e-05,2.1685832e-05,-4.803988e-05,-9.315027e-06,-3.0158008e-05,-3.5191908e-05,1.7392322e-05,-2.8786028e-05,2.3499033e-05,-9.344045e-06,-5.010641e-06,4.698862e-05,2.553498e-05,0.00038119894,-4.2264903e-05,-8.02666e-06,-6.906687e-07,-8.71367e-06,-1.3402165e-05,-5.02154e-06,-2.5906342e-05,1.0367392e-05,2.2517714e-05
41,-0.00040034935,0.00016754743,-0.00019374133,-0.0002383877,6.330598e-05,0.0001966943,-0.00016386653,9.833161e-05,6.642892e-05,-2.5010242e-05,-3.5935842e-05,-0.000119887125,6.488138e-06,-5.379138e-05,0.0001875464,9.127899e-05,0.00011454029,-2.968332e-05,-0.00012542785,-2.7345422e-05,-1.8250132e-05,-5.4365435e-05,-6.50195e-05,1.4299656e-05,-2.46809e-05,-2.5672803e-06,8.0370606e-05,1.106976e-05,1.3692832e-05,-3.508052e-05,4.530987e-05,-2.2541417e-05,-4.7204003e-06,-3.5300975e-05,-3.6019155e-05,2.5696609e-05,5.01173e-05,-3.0987176e-05,-1.9581159e-05,3.5105768e-05,-4.2264903e-05,0.0002659045,-3.9486462e-05,9.429665e-06,5.31243e-05,1.3327224e-05,1.34548e-05,-1.2378761e-05,-1.4322255e-05,5.2727946e-06
42,-0.00031616323,8.110795e-05,6.1381375e-05,0.00013070133,-4.516147e-05,-0.00025820732,-0.0001666657,0.00016164064,3.769464e-05,-9.957438e-05,0.000109347864,-9.773962e-07,-2.8210012e-05,-8.450914e-05,8.240453e-05,-2.9378112e-05,-3.277172e-05,-3.7972284e-05,3.1234981e-06,1.6915204e-05,-2.6297734e-05,-0.00013057262,1.119712e-05,1.5389567e-05,2.5799847e-05,-7.227478e-05,4.0435487e-05,2.5620007e-05,-1.785599e-05,1.478359e-05,4.896259e-05,2.45048e-05,4.6272717e-06,5.7108355e-06,3.9406237e-05,2.6484417e-05,-4.4808025e-05,2.5287885e-05,-5.9491113e-06,-4.542356e-06,-8.02666e-06,-3.9486462e-05,0.00028992456,4.004617e-06,2.5573525e-05,1.7637889e-05,1.3885149e-06,1.770554e-05,7.749582e-06,9.962682e-06
43,-0.00042161308,-0.00010712091,-4.4311204e-05,-0.00015131113,4.5358418e-05,0.00016461869,-8.6374566e-05,-0.00013225197,-0.00020542665,-7.802094e-05,2.6508678e-05,-3.333638e-05,-0.00011324076,0.00011438049,-7.0161885e-05,-1.6881735e-05,-2.6957965e-05,1.0538273e-05,9.489164e-06,7.717875e-05,4.2316664e-05,8.713311e-05,-2.5414447e-05,-4.8545175e-05,3.4777673e-05,2.8821716e-05,-8.692119e-06,9.5564836e-05,4.281263e-06,-2.3444929e-05,1.4811487e-05,-3.7990176e-05,3.446229e-05,-5.695709e-05,3.0464273e-05,-4.3492724e-05,2.512653e-05,1.2651884e-05,5.6381647e-05,-4.826676e-05,-6.906687e-07,9.429665e-06,4.004617e-06,0.00024105558,1.0013251e-05,-1.3279392e-05,-3.9358943e-05,-3.3901277e-05,1.3277748e-05,2.4020792e-05
44,0.00011525624,-0.00019350063,3.8133847e-05,9.774568e-05,-2.4160548e-05,-9.208646e-05,0.00018202148,-0.00013654865,-8.640771e-05,-3.8520928e-05,-4.0933526e-05,0.00013217708,0.00012030611,-0.0001166225,6.946844e-05,-9.142628e-05,-0.00013967029,-0.000111463174,7.497633e-05,4.566233e-05,2.1903934e-05,5.4163273e-05,7.820366e-05,2.3605364e-05,6.978739e-05,-9.084723e-05,-1.1504679e-05,4.3889344e-05,-2.8232742e-05,2.6198035e-05,-2.383929e-05,8.400458e-05,-4.5568464e-05,-2.9710834e-05,-2.3168526e-05,-3.481435e-05,-2.0829944e-05,-2.9020786e-05,-2.1353564e-05,-5.9376844e-06,-8.71367e-06,5.31243e-05,2.5573525e-05,1.0013251e-05,0.00017584089,-2.0498119e-05,-1.9480369e-05,-6.0851066e-06,9.23597e-06,-1.270067e-05
45,-0.00020058748,-0.0001908062,-6.25416e-05,-0.00015664237,-1.3193889e-05,0.00015099412,-4.646636e-05,-6.911472e-05,-0.000102267084,-3.2074007e-05,-6.6531866e-05,2.519721e-05,5.0580165e-05,3.337456e-05,-1.3510185e-05,-2.0707363e-05,-3.3242635e-05,1.2764216e-05,2.4391118e-06,1.6686838e-05,-5.8060104e-06,1.6243554e-05,-1.2397946e-05,3.641343e-05,-6.5764957e-06,2.4704664e-06,-1.510881e-05,3.7027017e-05,1.6493992e-05,-2.4050141e-05,-1.9959207e-05,-7.3263645e-06,-2.507244e-05,3.1743846e-06,-8.846326e-06,-1.0278785e-05,6.187658e-06,1.8071933e-05,1.1604793e-05,-3.041646e-05,-1.3402165e-05,1.3327224e-05,1.7637889e-05,-1.3279392e-05,-2.0498119e-05,0.00027276296,-1.384433e-05,1.757378e-06,-9.436366e-06,1.8172423e-06
46,0.00043814757,-9.310375e-06,0.0002085826,0.0003211834,-0.0001115309,-0.00043355647,0.00025306887,-2.2801426e-06,2.9530194e-05,5.480121e-05,0.00018426044,7.86799e-06,-7.234693e-05,-5.73007e-05,-5.6891782e-05,-7.993807e-06,-3.2076976e-05,2.9418015e-05,0.00011301358,6.850341e-05,-1.5304133e-05,9.362017e-07,-1.8005107e-06,-4.745112e-05,3.173844e-05,2.0550953e-05,3.016269e-05,-5.5115568e-05,-2.7824011e-05,-5.7559588e-05,2.278277e-05,-2.7892009e-05,-3.91734e-06,-6.0523947e-05,1.66891e-05,-1.7428498e-05,5.947102e-05,-2.903628e-05,-7.309472e-06,3.0632253e-07,-5.02154e-06,1.34548e-05,1.3885149e-06,-3.9358943e-05,-1.9480369e-05,-1.384433e-05,0.00017755062,-1.411947e-05,4.018828e-06,-1.0126926e-05
47,0.00023483484,1.0163356e-05,5.84004e-07,-0.00013421262,6.394305e-05,0.00025102016,0.00011062819,-3.2969856e-05,1.2989426e-05,8.637483e-05,1.2708286e-05,-2.3358047e-05,8.2278755e-05,8.2139995e-05,4.13984e-05,-2.6799846e-05,5.2871e-05,2.9098195e-05,-2.490989e-05,-9.122508e-06,2.3494435e-05,2.4749297e-05,2.558779e-07,-1.6991897e-05,6.1480394e-05,-1.3481281e-05,-1.7643513e-05,-4.9529866e-05,-9.819946e-06,-1.8734536e-05,-6.678259e-05,-7.893863e-06,3.112221e-05,1.8658187e-07,5.189221e-06,-3.1067717e-05,5.2390933e-06,-7.852334e-06,-1.1505981e-05,-7.947393e-07,-2.5906342e-05,-1.2378761e-05,1.770554e-05,-3.3901277e-05,-6.0851066e-06,1.757378e-06,-1.411947e-05,0.00016022833,9.512284e-06,1.8795545e-05
48,4.168014e-05,4.264809e-05,3.3197255e-05,3.0606785e-05,-5.5048375e-05,-6.6480505e-05,4.8829367e-07,8.734595e-05,-1.0376758e-05,-1.9505951e-05,-6.209503e-05,-8.909736e-06,-5.3682797e-05,-0.00012460312,1.7060924e-05,-6.9753965e-05,-1.6021862e-05,-5.2830685e-05,-4.2767413e-05,-8.712083e-05,-4.7837908e-05,-2.1492491e-05,-3.6473575e-05,-1.013379e-05,-3.5609708e-05,3.1511354e-05,-2.170616e-05,9.5283585e-06,3.099753e-05,-1.7696671e-05,-2.0197962e-05,-1.1047461e-05,7.387319e-05,4.187719e-05,2.3120247e-05,9.397245e-06,-8.958237e-06,-1.2049943e-05,-1.640335e-05,1.7343184e-05,1.0367392e-05,-1.4322255e-05,7.749582e-06,1.3277748e-05,9.23597e-06,-9.436366e-06,4.018828e-06,9.512284e-06,0.00015860093,-2.5484012e-05
49,0.0005314417,2.8847993e-05,2.0461757e-05,0.00016555027,-0.00019231414,-0.00027049496,0.0001328038,3.526975e-05,6.3494954e-05,1.1320743e-05,-0.00010379104,-6.185922e-05,8.233999e-06,-0.00010653416,4.8763548e-05,-4.1296058e-05,3.215099e-05,-5.247443e-05,-8.596208e-05,-3.0777323e-05,1.0981103e-05,-5.462011e-05,3.8115497e-05,-5.0623985e-05,-2.662393e-05,-1.3853427e-05,3.6327592e-06,1.3346727e-05,-5.6271772e-05,-1.486447e-05,3.087733e-05,-2.4481405e-06,-1.2499515e-05,-1.5758382e-05,8.608838e-07,8.562651e-06,1.2465044e-05,5.3606395e-06,-7.629758e-06,8.880601e-06,2.2517714e-05,5.2727946e-06,9.962682e-06,2.4020792e-05,-1.270067e-05,1.8172423e-06,-1.0126926e-05,1.8795545e-05,-2.5484012e-05,0.00016213165
