,0,1,2,3,4,5,6,7,8,9,10,11,12,13,14,15,16,17,18,19,20,21,22,23,24,25,26,27,28,29,30,31,32,33,34,35,36,37,38,39,40,41,42,43,44,45,46,47,48,49,50,51,52,53,54,55,56,57,58,59,60,61,62,63,64,65,66,67,68,69,70,71,72,73,74,75,76
0,317.29578,26.286823,52.223267,-67.91959,1.7011566,-15.487461,-0.60809624,-1.0765299,-11.381411,11.601606,-10.497582,-6.391485,15.546461,-4.7501416,-5.897046,1.7387451,1.1715248,-4.988183,-1.7959883,-0.9391629,-1.1175308,-0.021874748,2.0785232,-3.0118933,2.4213197,-1.3814609,-6.841532,-0.60281503,2.1678743,0.83672905,-0.760769,3.9108782,0.5734583,1.4637527,-1.4432192,0.8707794,0.026675537,1.5349656,-1.0351732,-0.19808564,-0.05804528,0.41991004,0.19465208,-0.49609035,-0.8555236,-0.9740933,-1.1252419,0.8118402,1.00251,-0.40975183,-0.9110105,0.49898255,0.23531975,1.6701729,-1.2142725,-1.0188432,-1.1325647,-0.7433541,-0.069616966,-0.51473486,0.12541565,0.5651529,0.84411865,1.052804,1.0344672,0.1933011,-0.16156851,0.22069436,0.13685994,-0.31654245,-0.13452667,-0.52991784,-0.63432133,-0.95803213,-0.49217784,-0.15015377,-0.23860282
1,26.286823,110.3877,32.187557,-24.397573,2.2221384,-8.650648,-0.34418932,1.4366022,9.49934,11.960138,3.3472085,4.8851357,-5.873214,0.9883855,0.45735088,0.4794986,14.552668,5.150818,-6.6310663,-0.5468578,2.280181,1.1636889,-1.7520494,2.3044062,-3.3220296,-2.1843348,7.8600354,0.860113,-3.0539083,2.4102745,-0.0076340823,-2.1264148,1.3546443,-4.7366548,1.8627992,-0.3756957,1.3571935,1.5763751,-0.38617945,1.901614,2.2180386,0.80983144,0.6834426,2.8261194,-0.53733206,2.4794362,1.3473895,-0.47934908,-0.7986057,-1.682339,1.2772425,-1.2352362,-1.2478192,-2.0950475,2.6356306,-1.2527068,1.1104546,0.0020377866,0.9921207,-0.31295595,0.14194413,0.5938827,-0.10930531,0.0044954605,0.2512275,-0.88597023,0.58463275,0.4080234,-0.0070701884,0.07458115,-0.9489656,-0.43133008,-0.4192497,0.18538973,0.19271523,-0.21044691,0.45737326
2,52.223267,32.187557,96.78123,-33.038246,-18.451313,1.9223912,-9.959749,3.1652565,15.154722,-11.478662,-0.35933214,-3.0983007,-6.4158354,4.832156,10.774906,1.7078269,1.0264643,2.7056255,6.446558,1.5164379,0.03244168,0.23764753,-3.5243893,3.6337147,-0.6988562,2.1893404,0.66883516,0.31335843,-2.1588564,2.7860653,2.0095878,-0.43645215,0.4138828,-0.023512773,-2.0973558,2.8459253,-1.074414,-1.5129914,-0.038777143,0.3141821,-0.522403,0.059051014,-1.1422789,0.793994,1.0270274,-0.6713104,0.5043527,-0.33610767,-0.8407457,-0.04377593,0.18346423,-0.6210187,0.4080214,0.5078218,0.49767712,0.130169,-0.9493583,-0.2953694,-1.1703885,-0.04040676,-0.53591734,0.16945672,0.26647377,-0.75312185,-0.94931537,-0.5024908,0.33254933,-0.038078435,0.80359125,-0.10320018,-0.27562565,-0.18635088,0.6993699,-0.029696085,0.19295222,0.48544592,-0.7739141
3,-67.91959,-24.397573,-33.038246,50.41419,6.2546053,-5.611206,3.1243324,3.2715917,-0.742437,-0.60788584,-2.4501984,-4.2313566,0.2718647,-0.24887025,-2.8501143,1.5096797,0.7852463,-0.9616995,0.9236735,-0.82232046,-1.5073879,0.86125183,0.22502518,-0.8386463,0.5538136,0.050266422,-0.7351301,-0.6684404,0.38130343,1.2214899,2.8249862,2.564211,1.1197116,0.20594846,-0.0053344937,0.371108,-0.83687836,0.40489018,0.15607369,1.1271524,1.2979975,0.20910013,-0.1111847,-0.18131599,-1.0216784,0.27453494,0.52068985,0.85122013,-0.2387183,-0.6009106,0.13679391,0.6989354,0.06569326,0.9752741,0.80272686,-0.2388924,-0.55376804,-0.06286999,-0.34187967,-0.5731994,-0.9234996,-0.08271449,0.30797416,0.61014307,0.44053197,-0.4468097,0.47898313,0.20272082,0.24971755,-0.27921048,-0.47869182,-0.17354618,-0.117179886,-0.83975387,-0.092346005,0.06512916,-0.22248113
4,1.7011566,2.2221384,-18.451313,6.2546053,56.048115,0.6673761,-6.1643314,3.4114432,-9.838628,4.893244,-0.02785863,-4.3059177,-0.27912006,-7.7968183,-1.8629036,1.4286253,0.76295745,-0.931877,-1.8765427,-0.1740787,1.7043045,-1.1262919,-1.3960234,0.564292,-1.6083977,-1.1649384,-1.6305952,1.5593657,-2.9297152,0.006052128,1.3052096,1.0497544,-1.6539054,-0.427249,0.7879745,-1.4544039,3.0108767,-0.93629205,-1.1099169,0.9347482,-0.14231774,1.282417,0.61525136,1.2596797,0.096227825,0.045079447,0.036808535,-0.17926794,0.86546934,0.7501743,-0.6082841,-1.0349122,-0.74146414,0.408149,-0.447465,-0.22396499,0.026466649,0.04572701,0.24474643,-0.02284128,0.08645654,1.0888495,0.33733916,-0.07538018,-0.23127413,0.14594546,-0.41214412,0.6970371,1.1247545,-0.6433104,-0.09756654,-0.5416949,0.8640664,0.23093992,0.7997757,0.008516258,-0.87008756
5,-15.487461,-8.650648,1.9223912,-5.611206,0.6673761,56.961052,6.8876505,-4.220336,-0.89616966,-0.20498168,0.6474123,-1.1479079,1.9708786,-3.566343,-2.3547192,1.2231616,-1.7583423,-0.3557573,1.9530723,4.8922687,0.10083933,-0.39350462,0.8452508,1.9581597,1.9361081,1.9813995,-2.0236826,0.17732412,1.1544511,1.0295155,-1.9161966,-0.2928172,1.4399865,-0.60742956,-1.3018302,2.516488,-0.6814967,1.7648203,-2.224524,-1.6916689,0.01152383,0.4531879,-0.69008994,0.7714273,-0.046077598,0.020761397,0.042995796,0.1796181,-0.44762498,0.4464914,0.44504124,-1.167944,-0.61702937,-0.7393546,0.28340644,-0.008019561,-0.79367137,-0.19656622,-0.04123642,0.24925375,1.2650473,0.15475342,-0.46134484,0.56833833,-0.057390425,-0.17861296,-0.21019074,-0.14597282,0.6637299,0.1614112,-0.47410432,-0.3407946,0.20192373,0.6112459,-0.55930305,0.68848634,-0.0063883094
6,-0.60809624,-0.34418932,-9.959749,3.1243324,-6.1643314,6.8876505,27.224638,6.7733164,1.6551523,1.8782194,1.7475418,1.0708213,4.9558625,0.029111976,-2.4882808,0.06429098,2.1585422,2.140285,0.10249026,2.5410209,0.15739954,1.1423483,0.26818007,0.30012244,1.166829,0.58522105,-0.37333876,-0.3943469,1.9288638,0.673825,-0.6976262,0.7124535,0.59772927,-2.131895,-1.6338302,1.2527937,-0.40231284,0.41478872,-1.3754249,0.512146,-0.7375332,0.95136076,0.5059024,0.62507296,-0.6795956,-1.1332529,-1.1201484,-0.52471733,0.66507137,-0.1294052,1.1351528,-0.66047823,0.7120779,-0.1848552,-0.14859062,-0.17862222,0.6848086,0.3248917,0.7087215,-0.48663765,-0.28005934,-0.027270837,0.12985964,0.4897231,0.23890282,-0.05305837,0.12408765,-0.41007033,-0.5773629,-0.19185054,0.25102073,0.15577549,0.033614755,-0.35418528,0.8845891,-0.39292502,0.3000281
7,-1.0765299,1.4366022,3.1652565,3.2715917,3.4114432,-4.220336,6.7733164,35.786385,0.020676218,1.459045,0.5793618,-2.594819,1.5166659,-0.7805034,-1.1984651,0.52891326,4.341362,-1.4178166,-0.82297456,0.6946239,-1.4070554,-1.2037231,1.8276558,0.2273787,-1.2701776,2.2305446,2.191033,-4.1321816,0.6288559,-0.30616963,1.3728827,-1.7586457,-0.43090025,0.15377869,-0.86547863,1.1735579,-0.29457778,-1.1167905,-1.2401505,-0.8499432,-0.55302703,-0.24788293,0.11238749,0.1190431,0.058582723,-0.9754003,0.054111622,-0.6429899,-1.1444774,-0.9761905,0.40885997,-0.019421296,-0.35959446,0.40131426,-0.07121539,0.2784249,-0.8474879,0.17484647,-0.5277937,-0.33040023,-0.2248262,0.42802823,-0.18213415,-0.27499425,-0.25848344,-0.05987181,-0.4727322,-0.048876047,0.08054419,-0.40408203,0.24600205,0.23562925,0.46373773,-0.06370273,-0.01550466,-0.21410763,-0.12282439
8,-11.381411,9.49934,15.154722,-0.742437,-9.838628,-0.89616966,1.6551523,0.020676218,24.462254,0.81006753,5.1336412,-1.5492599,-0.1836885,-1.3310137,1.8062232,1.7855275,-1.3532077,-0.09254548,-1.5151806,0.3632492,-0.48379445,1.432624,-1.4692993,-1.5255787,-0.15900561,3.081293,0.48510465,0.98854566,-0.19417936,-0.112955436,0.8409295,1.1052346,-0.2595744,0.47289044,-0.6350322,0.79766893,0.06327307,1.4809444,-0.08712527,0.981142,-0.10291594,0.14299674,0.003751625,0.48720136,-0.36141747,-0.0776429,0.6117123,0.058458634,0.12655668,0.625249,0.07602824,-0.5344126,0.349056,-0.87035775,0.7715461,0.37810683,0.18609494,0.40080568,0.011301292,-0.25431108,-1.2079505,0.18979031,-0.2582345,-0.51549625,-0.3202603,0.4097213,-0.2030451,-0.3797868,0.44976673,-0.5780225,-0.01330788,-0.46242234,0.46899948,0.3465824,0.24151802,0.08859046,0.19347265
9,11.601606,11.960138,-11.478662,-0.60788584,4.893244,-0.20498168,1.8782194,1.459045,0.81006753,20.17397,-4.521269,3.1914723,0.13191946,-1.4768481,-4.3627357,0.6066077,1.0063112,0.3145641,-0.57292354,0.15443769,2.2677174,-3.4494886,-1.1739978,-0.546736,0.58958447,2.8698564,1.6091287,-1.1658542,-0.86033833,-0.4063297,0.4044996,-0.20237014,0.87495255,0.010880679,0.30595523,0.016929023,0.3793093,0.6153374,1.6575159,-0.12865496,-0.07460664,1.2799933,-0.06298578,-0.5050224,0.6668064,-0.39264354,0.98827994,1.0930709,0.054897197,0.016752942,0.5054623,-0.058620043,-0.16533917,-0.4066643,-0.29801893,0.22498888,0.20523152,0.012453664,0.8120612,0.11729804,-0.4055717,-0.2826321,-0.43140894,0.030630127,0.2863875,0.32728207,0.06867497,0.33829886,-0.12737602,-0.42251068,-0.076552965,-0.056909718,0.1568484,-0.097856514,-0.014638601,0.48407328,0.18551126
10,-10.497582,3.3472085,-0.35933214,-2.4501984,-0.02785863,0.6474123,1.7475418,0.5793618,5.1336412,-4.521269,20.577736,0.40073502,5.1425962,3.027092,-0.016988754,-0.8761611,2.331758,-2.6065621,-1.6836076,-1.9293536,0.14880085,-2.4356809,-1.1496785,-1.5030293,-1.1885765,-1.048363,0.13533902,0.6354189,-0.055250183,2.0750484,0.32534963,-0.09057453,-0.63261384,-1.0034503,0.37408566,0.32111734,-0.24465525,-1.5406768,-0.7326189,0.60042775,-0.24320994,-0.22937487,0.09978047,-0.05043927,-0.23106179,-0.036925316,-0.63933325,0.3810662,1.1271223,0.7218672,-0.43079203,-0.49742135,0.3006007,0.43592107,-0.34039608,0.024707668,-0.00696986,0.17873749,0.13973641,-0.12748386,0.49675924,-0.036240745,-0.17243135,-0.20559078,-0.049813904,0.20439242,-0.13883531,-0.20090911,0.189311,0.10471083,-0.21305475,0.3107273,-0.105802804,0.21991622,0.18214017,-0.35955578,0.3001899
11,-6.391485,4.8851357,-3.0983007,-4.2313566,-4.3059177,-1.1479079,1.0708213,-2.594819,-1.5492599,3.1914723,0.40073502,17.953224,1.7422185,-1.2164199,2.7679567,0.88417965,-1.7318032,0.02797876,1.1766511,1.9666327,1.9684732,0.48087934,0.44145977,-0.3044026,-0.1022459,-0.11968838,0.1901175,-1.6452546,-0.7426063,-0.075755954,-0.21153809,-0.37577587,0.083934315,-0.9266608,1.5397488,-0.9960964,0.8899431,-0.47116423,0.22260234,0.36375797,-0.13876027,0.098790765,-0.5194569,0.20533209,0.27230772,-0.3402574,-0.81559765,0.44945955,-0.445857,-0.7551016,-0.5527355,0.080125436,-0.43524438,0.092049226,0.31016463,-0.50176585,-0.8374983,-0.06718465,0.3846028,0.33958608,0.015938047,-0.15818289,-0.68174034,0.58601403,0.31550962,-0.2142013,-0.43193674,-0.01387811,-0.12317361,-0.04474344,0.45395467,0.35393566,0.007932462,-0.06516881,0.37250113,-0.28896302,0.0975305
12,15.546461,-5.873214,-6.4158354,0.2718647,-0.27912006,1.9708786,4.9558625,1.5166659,-0.1836885,0.13191946,5.1425962,1.7422185,14.250301,-0.23332165,-2.749613,2.1999426,-1.6240416,0.11742351,0.15151598,1.3703146,-1.5253742,-1.2222638,-0.07757092,-0.44555885,-0.5039309,-0.09494583,-0.4071175,0.52687645,0.14295164,1.2023807,-0.80940235,-0.38342166,-0.8584031,0.0030574042,0.4455676,-0.33100408,0.3405695,0.7286509,0.6198056,0.7061255,-0.62283206,-0.30850357,-0.6470552,-0.21690276,-0.3805744,0.2560465,-0.46816242,-0.21759123,0.24634671,-0.19440053,0.13849638,0.37672943,-0.4248799,0.34144711,0.15183744,1.0410886,-0.10850935,0.57699656,-0.36437792,-0.78114927,-0.05946111,0.53716147,0.018822785,0.078759365,-0.2845447,-0.31899726,0.06416066,-0.059794173,-0.121979274,-0.26790863,-0.043743,0.25414926,-0.041758157,-0.12602569,-0.1518192,-0.3810626,-0.06883824
13,-4.7501416,0.9883855,4.832156,-0.24887025,-7.7968183,-3.566343,0.029111976,-0.7805034,-1.3310137,-1.4768481,3.027092,-1.2164199,-0.23332165,12.356028,-0.660885,-2.4571629,-0.44694817,1.3514451,0.27360237,-0.6506828,-1.2035875,-1.9765844,-0.8007394,-0.5147569,-1.1581553,0.9745678,-0.65033686,0.12181157,-0.11282636,1.4090655,-0.1783207,-0.444646,0.06321923,0.1602824,-0.78915286,0.9875064,0.35091358,-0.3431998,0.57311547,-0.06856641,0.54135275,-0.031585667,-0.14723146,-0.49371883,-0.5823394,0.49044114,0.5011059,-0.71850896,-0.61780834,-0.1784428,0.25464773,0.20272629,-0.4898941,0.44722784,-0.30596453,-0.36640438,0.37090638,-0.2995352,0.68645966,0.5752516,-0.014208255,0.03203669,0.18614,0.08251524,0.2613893,-0.10576131,-0.09328184,0.31744456,0.12198685,-0.06310648,0.07781665,0.5802959,-0.10719395,-0.047881655,0.1890302,-0.06453459,-0.2483449
14,-5.897046,0.45735088,10.774906,-2.8501143,-1.8629036,-2.3547192,-2.4882808,-1.1984651,1.8062232,-4.3627357,-0.016988754,2.7679567,-2.749613,-0.660885,9.999813,2.0156806,-1.5691001,-0.5285466,-1.0569305,0.20496324,0.2711203,1.0860813,0.6170302,1.2792757,-0.78815997,-0.60124314,0.8313056,-0.24017155,-0.21486211,-0.56742287,0.7984109,1.4769752,-1.0130961,-0.5114708,-0.47318688,-0.5040482,0.23399808,-0.5397679,-0.31812054,-0.13428336,-0.1970956,-0.27860564,0.50728655,-0.37313086,-0.26732743,-0.41946566,0.05221456,-0.004911931,0.104401596,-0.21058255,0.2464386,-0.31837898,0.41086847,0.58009094,-0.39261517,-0.08708215,-0.06971708,-0.06317103,-0.0066384017,-0.23664081,-0.11194633,-0.062956415,-0.20675804,0.6414355,-0.4741312,-0.16162312,-0.34734583,0.20627302,-0.14162698,-0.15065014,-0.05272917,-0.15387978,0.35341796,-0.3471102,0.048446186,0.22227307,0.06883393
15,1.7387451,0.4794986,1.7078269,1.5096797,1.4286253,1.2231616,0.06429098,0.52891326,1.7855275,0.6066077,-0.8761611,0.88417965,2.1999426,-2.4571629,2.0156806,9.336923,0.7350919,0.1797876,0.60643476,0.82492113,-1.4059215,-1.8411931,0.76536334,-0.8418287,0.61911863,0.41213632,0.4419011,0.38268763,-1.2198486,-1.3788354,0.16198412,1.1545329,0.61873996,-0.5518595,-0.45264333,-0.51293194,0.0072205616,0.4572569,-0.36162835,-0.08039507,0.5980844,-1.2196186,0.013828583,-0.05570945,0.37317628,0.6648997,-0.41623563,0.25928542,-0.06597057,0.45878643,0.11238273,0.093916215,0.5054514,0.84578466,0.4521057,0.13942042,0.16971019,0.0051295687,0.2536479,-0.0039110477,-0.20724587,0.03031498,0.0059340755,-0.17198011,-0.14434472,-0.23407423,-0.037281096,-0.1508364,-0.25129846,-0.5288285,-0.039030336,0.11527349,-0.06630802,-0.17385486,0.2475564,0.5143866,-0.22099316
16,1.1715248,14.552668,1.0264643,0.7852463,0.76295745,-1.7583423,2.1585422,4.341362,-1.3532077,1.0063112,2.331758,-1.7318032,-1.6240416,-0.44694817,-1.5691001,0.7350919,11.477154,0.2949202,-1.0645463,-0.3580168,1.2063055,0.58512807,-0.9829969,-1.6226606,0.4827401,-0.7826431,0.5924237,0.120659426,0.29609823,0.12903531,-0.7863831,-0.06649262,-0.31570005,-1.4499187,0.8286952,-0.084148526,-0.44162345,-0.29074773,-0.80282354,-0.3372269,0.68206894,-0.4463566,0.28196567,0.275795,-0.38750917,-0.5560989,0.098211326,0.21081021,-0.11046876,-0.06256806,-0.18916157,0.3240114,0.084576026,-0.122892424,0.36462623,0.47373605,0.1184072,-0.5623872,0.25956059,0.037658956,-0.020239897,-0.0683002,-0.0017551824,0.20631099,-0.22271363,-0.45200855,-0.021924142,0.15933707,0.033213377,0.25101134,-0.06713768,0.1940406,0.05759552,-0.03497739,-0.26698142,0.4259641,0.21965146
17,-4.988183,5.150818,2.7056255,-0.9616995,-0.931877,-0.3557573,2.140285,-1.4178166,-0.09254548,0.3145641,-2.6065621,0.02797876,0.11742351,1.3514451,-0.5285466,0.1797876,0.2949202,7.7447705,-0.23844606,1.269712,1.3535678,-1.2509171,0.8909644,0.8609855,-0.23254162,0.46210617,-0.71402884,0.37511557,-0.5902322,-0.22712457,-0.052198894,-0.6045574,-1.2102063,-0.7919072,0.27029485,-0.1229064,0.034000613,0.85749865,0.17468765,0.42791346,0.37638298,0.17141965,-0.72972476,-0.38575178,-0.14943497,-0.479713,0.7740314,-0.67164457,-0.19872072,-0.31757647,-0.18671092,-0.13927111,-0.105055496,0.129691,0.11591865,-0.11533068,0.9045885,-0.28126514,-0.4553478,0.05833022,0.16477129,0.21596426,0.13333492,-0.14392284,0.1187166,0.20481172,0.4501516,-0.25094208,-0.11415656,-0.042560577,-0.31613976,0.123939365,0.0019015676,0.17847465,0.24501836,0.11425733,0.17568845
18,-1.7959883,-6.6310663,6.446558,0.9236735,-1.8765427,1.9530723,0.10249026,-0.82297456,-1.5151806,-0.57292354,-1.6836076,1.1766511,0.15151598,0.27360237,-1.0569305,0.60643476,-1.0645463,-0.23844606,10.380039,1.0111302,0.20219114,-0.36559972,-1.1021792,-0.30334455,0.40089858,-0.3982668,0.6456285,-1.1917672,-0.20120633,0.4698754,0.082237706,0.46905884,0.34816945,-0.048534714,0.77032185,0.3206026,0.1693395,-0.30282545,0.68129826,0.23996213,-0.008444129,0.022272784,-0.24534303,-0.29710972,0.3057258,-0.5128088,0.34604496,-0.085151665,0.6103653,0.25177348,0.32947996,-0.57829964,-0.31071073,0.43528432,0.39735138,-0.010687099,-0.39805862,-0.36772725,0.2766562,-0.09186381,0.034354836,0.6507461,-0.10989025,-0.76672494,-0.36826035,0.14386874,0.15615085,0.24322122,0.31947893,0.36429822,0.065304175,0.18233123,0.04512632,-0.16881812,-0.023952194,-0.07222478,-0.22758555
19,-0.9391629,-0.5468578,1.5164379,-0.82232046,-0.1740787,4.8922687,2.5410209,0.6946239,0.3632492,0.15443769,-1.9293536,1.9666327,1.3703146,-0.6506828,0.20496324,0.82492113,-0.3580168,1.269712,1.0111302,7.69605,-0.5686765,-1.2653983,0.1719392,-0.49122882,-1.0374023,-0.7059456,-0.08256065,-0.51665473,-0.23948535,0.05761959,-0.72240853,0.2907375,-0.60207796,0.75924397,0.07238725,0.040810596,0.037995007,-0.552359,0.14164224,0.23482445,0.043706965,-0.108591646,1.0480793,0.54767036,0.062201373,-0.0016253875,-0.31064063,-0.1870552,-0.63866854,-0.0974762,0.5002169,0.11652692,-0.14166059,-0.46459,-0.29850656,-0.12892133,-0.035027437,-0.23208971,0.09875595,0.13333553,-0.25439665,-0.045296513,0.3002075,0.18538587,-0.27725804,0.12071814,0.16594045,0.09121601,-0.13782817,-0.48625034,-0.12139034,-0.27027094,0.024635702,0.08206563,-0.014668837,0.014377708,0.23376282
20,-1.1175308,2.280181,0.03244168,-1.5073879,1.7043045,0.10083933,0.15739954,-1.4070554,-0.48379445,2.2677174,0.14880085,1.9684732,-1.5253742,-1.2035875,0.2711203,-1.4059215,1.2063055,1.3535678,0.20219114,-0.5686765,7.401041,1.2217896,-0.93472505,-0.26986104,-0.07561599,0.7804126,0.08516963,-0.27267927,-0.71284455,0.16563353,-0.13275066,-0.074750975,-0.38402167,1.1612703,-0.16573519,-0.3858788,-1.254854,-0.09611266,-0.053111516,0.8463651,-0.81385547,-0.5149151,0.4089313,-0.16117129,0.35637653,-0.6176009,-0.34940627,-0.17424458,0.24815705,-0.010008067,-0.15360478,-0.30158073,-0.45254833,0.52491915,0.2664119,0.07010154,0.22780894,0.017439477,-0.15615746,0.25251108,0.23957458,-0.07845716,-0.039248466,0.020173749,0.21255983,-0.01977931,0.115383655,-0.14947309,0.17504892,0.31438965,-0.25716692,0.0219354,0.38606608,0.092466295,0.041258596,0.12765782,0.22695935
21,-0.021874748,1.1636889,0.23764753,0.86125183,-1.1262919,-0.39350462,1.1423483,-1.2037231,1.432624,-3.4494886,-2.4356809,0.48087934,-1.2222638,-1.9765844,1.0860813,-1.8411931,0.58512807,-1.2509171,-0.36559972,-1.2653983,1.2217896,7.799475,-0.18591571,-0.44573307,0.3686938,-0.7398888,-0.23739907,-0.3696949,1.270201,0.8779866,-0.4170893,0.90706384,-0.6929597,-0.016175497,-0.32326746,-0.10490514,0.73397577,0.9333427,-0.061896805,-0.117656425,-0.2578205,-0.17766052,-0.4092653,0.24532656,-0.4381398,-0.004927081,-0.15080112,-0.13715664,-0.2568786,-0.17211294,-0.060535677,0.016213786,-0.053820018,-0.11980881,0.24381834,0.2637631,-0.24772453,0.4668793,0.26209772,-0.30488583,0.1806072,0.29694718,0.17516902,0.034143463,0.057912335,-0.054923214,-0.22884282,0.16775736,0.05857241,0.0111038545,0.16189654,0.027010765,0.025184605,-0.06492902,0.1755102,-0.1622022,0.1484771
22,2.0785232,-1.7520494,-3.5243893,0.22502518,-1.3960234,0.8452508,0.26818007,1.8276558,-1.4692993,-1.1739978,-1.1496785,0.44145977,-0.07757092,-0.8007394,0.6170302,0.76536334,-0.9829969,0.8909644,-1.1021792,0.1719392,-0.93472505,-0.18591571,5.5067105,-0.0011329812,-0.1171293,-0.08978936,0.25885957,-0.5347344,-0.41916642,-0.9399842,-0.11312163,0.15749907,-0.22645967,-0.50626504,-0.36946297,0.38124257,0.5596173,-0.008107368,-0.54830724,0.043047927,0.5963644,0.061166,-0.22230832,-0.3049109,0.25739804,-0.09975477,0.43751734,-1.1596669,-0.3208668,0.33735314,-0.2146334,0.19593622,0.16072145,0.08452992,0.41107464,-0.10766806,-0.15036023,-0.1612567,0.11619073,-0.21430178,0.1730338,0.00060702895,0.0847657,0.03273557,0.24056198,0.007308946,0.112026274,-0.168396,-0.117539495,0.35299307,0.034975916,-0.26769167,-0.2329708,-0.22870138,-0.1599835,0.043700404,0.34226677
23,-3.0118933,2.3044062,3.6337147,-0.8386463,0.564292,1.9581597,0.30012244,0.2273787,-1.5255787,-0.546736,-1.5030293,-0.3044026,-0.44555885,-0.5147569,1.2792757,-0.8418287,-1.6226606,0.8609855,-0.30334455,-0.49122882,-0.26986104,-0.44573307,-0.0011329812,7.2137957,-0.7278624,0.20927,0.11113109,0.9366013,0.31004378,0.45254713,-0.3788227,-0.64385384,0.23422709,-0.92111796,-0.13718556,-0.06114728,0.32508594,-0.31904888,0.14420527,0.36389607,0.15684202,0.13305216,0.5167101,0.29678166,0.59880847,-0.6721623,0.046089828,0.46013826,0.11261371,-0.26206917,0.51734567,-0.048801772,-0.045616537,0.19052829,-0.058841527,-0.18167181,-0.16060695,-0.19558674,-0.16366437,-0.56937885,-0.13884023,0.24073939,-0.09473999,-0.04786872,0.10731253,-0.31557631,-0.070718125,-0.16016531,-0.16055682,0.024699133,-0.22262545,0.09466992,-0.05719339,0.18007152,0.112519026,-0.06439781,-0.02290206
24,2.4213197,-3.3220296,-0.6988562,0.5538136,-1.6083977,1.9361081,1.166829,-1.2701776,-0.15900561,0.58958447,-1.1885765,-0.1022459,-0.5039309,-1.1581553,-0.78815997,0.61911863,0.4827401,-0.23254162,0.40089858,-1.0374023,-0.07561599,0.3686938,-0.1171293,-0.7278624,6.2901773,-0.59855866,0.5371033,-0.31254184,-0.61203456,-0.09288582,-0.50860214,0.40498433,0.8670188,-0.06697732,-0.5652761,-0.13775703,0.04642438,-0.43201315,-0.29171184,0.72957313,0.06127717,0.3382583,-0.07668232,-0.27829576,-0.14892662,-0.16647717,0.45651916,-0.29710704,-0.30335158,-0.23763594,-0.15791112,0.053057767,0.44877875,-0.29787058,-0.6111546,0.061412707,-0.16621289,0.53452504,0.07767494,-0.10590267,-0.0049457895,-0.20392787,0.05112122,-0.16249372,0.12370652,0.15034346,-0.07790247,-0.00076659257,-0.08140019,0.2087207,-0.11960156,0.14674616,0.102789104,0.10545501,0.14995538,-0.13275945,0.058290627
25,-1.3814609,-2.1843348,2.1893404,0.050266422,-1.1649384,1.9813995,0.58522105,2.2305446,3.081293,2.8698564,-1.048363,-0.11968838,-0.09494583,0.9745678,-0.60124314,0.41213632,-0.7826431,0.46210617,-0.3982668,-0.7059456,0.7804126,-0.7398888,-0.08978936,0.20927,-0.59855866,6.8149347,-0.33913228,0.24705654,0.92339414,-0.12764102,0.049548227,0.09380845,-0.22853512,-0.013203168,-0.590654,-0.19755058,0.045189098,-0.008636178,0.27764025,0.424141,0.32835126,-0.3479553,-0.45349723,-0.10070944,0.50105375,0.23271441,0.09450205,0.09998205,-0.36586383,0.24744284,-0.4048202,-0.21837038,0.1593653,0.16788566,-0.22904725,0.16496801,-0.055771805,-0.48405784,0.21128756,-0.19023353,0.15455246,-0.06271626,0.041074827,-0.06924768,0.0871818,-0.3432954,0.15568325,0.09265831,0.23987249,0.24186856,0.3131159,-0.08433494,0.17614754,-0.0040976065,0.22386812,-0.12108519,-0.050800797
26,-6.841532,7.8600354,0.66883516,-0.7351301,-1.6305952,-2.0236826,-0.37333876,2.191033,0.48510465,1.6091287,0.13533902,0.1901175,-0.4071175,-0.65033686,0.8313056,0.4419011,0.5924237,-0.71402884,0.6456285,-0.08256065,0.08516963,-0.23739907,0.25885957,0.11113109,0.5371033,-0.33913228,6.3051815,0.438973,-0.32669422,0.4912128,-0.29512483,0.33731037,0.088410005,0.31024903,-0.052511793,0.20888716,0.20281222,0.4031623,0.030495107,-0.3982007,-0.05845748,0.05443052,-0.22030264,0.06925076,0.43040827,0.41299942,-0.21764477,-0.17661777,0.26238856,0.10246458,0.192029,0.52469325,-0.10815744,-0.39405146,-0.28520846,-0.41698068,-0.32401013,0.045370065,0.28784853,-0.07845774,0.1120251,0.14416468,-0.21110955,-0.21097302,-0.2557221,0.06426744,0.21015593,-0.018975142,-0.18554549,0.18165964,-0.1423673,-0.08714636,0.11576004,0.020473337,-0.07431006,-0.21594937,0.062754236
27,-0.60281503,0.860113,0.31335843,-0.6684404,1.5593657,0.17732412,-0.3943469,-4.1321816,0.98854566,-1.1658542,0.6354189,-1.6452546,0.52687645,0.12181157,-0.24017155,0.38268763,0.120659426,0.37511557,-1.1917672,-0.51665473,-0.27267927,-0.3696949,-0.5347344,0.9366013,-0.31254184,0.24705654,0.438973,4.5504756,0.13911796,-0.6714945,0.024113849,-0.27497536,0.32950133,-0.3557163,0.89096284,0.076947466,-0.15154436,0.20701307,-0.08542059,0.089760244,0.13804,0.28712052,-0.04254823,0.27880496,0.37586856,0.16024661,-0.49642837,-0.14547987,0.15908104,-0.06795542,0.19535899,0.06845771,0.24578282,0.03877344,-0.100486256,0.2128365,-0.1389094,0.07537107,0.35610554,0.27040264,-0.120710894,0.23515216,0.20173496,0.17814693,-0.010839267,-0.07347438,-0.024506025,0.015688043,0.15351969,0.10187539,0.15253872,-0.048504837,0.0687159,-0.013752683,-0.18479142,-0.124090135,0.12742108
28,2.1678743,-3.0539083,-2.1588564,0.38130343,-2.9297152,1.1544511,1.9288638,0.6288559,-0.19417936,-0.86033833,-0.055250183,-0.7426063,0.14295164,-0.11282636,-0.21486211,-1.2198486,0.29609823,-0.5902322,-0.20120633,-0.23948535,-0.71284455,1.270201,-0.41916642,0.31004378,-0.61203456,0.92339414,-0.32669422,0.13911796,4.3607197,-0.5800785,0.3640415,0.38013515,-0.53104585,0.21568693,0.9703392,-0.031829238,-0.2622261,0.34407434,0.23215085,0.0041523725,0.054107454,-0.23718983,-0.3024213,0.3849491,-0.43711418,-0.32266593,-0.19215083,0.5289091,0.051653694,-0.31857982,-0.0745071,-0.20231107,-0.0838339,-0.36834708,-0.46430373,-0.34336066,-0.04416398,-0.17262384,0.18528931,-0.09655726,0.1852388,-0.15437444,-0.06281973,-0.20460689,-0.14532828,-0.076208964,0.18096781,-0.21901014,-0.10977023,-0.04776565,0.19744575,0.04818771,-0.117887825,-0.17283437,0.011328331,0.13455589,0.14776284
29,0.83672905,2.4102745,2.7860653,1.2214899,0.006052128,1.0295155,0.673825,-0.30616963,-0.112955436,-0.4063297,2.0750484,-0.075755954,1.2023807,1.4090655,-0.56742287,-1.3788354,0.12903531,-0.22712457,0.4698754,0.05761959,0.16563353,0.8779866,-0.9399842,0.45254713,-0.09288582,-0.12764102,0.4912128,-0.6714945,-0.5800785,4.0307593,-0.030346984,0.3936189,0.17750299,-0.14705665,-0.30568588,-0.046215817,0.6165856,-0.20447198,0.32837677,-0.20364319,0.5310968,0.13899739,-0.008027041,-0.17799985,-0.09805833,0.26753908,-0.16562471,0.3261818,-0.25424463,0.029284058,-0.35063404,-0.02047532,-0.37137198,0.25619674,0.07956695,0.11793511,-0.34803963,0.069965586,0.019332375,-0.36056107,0.086946264,-0.086596146,-0.17111358,-0.10954431,0.042901218,0.23090938,-0.010186809,-0.020929629,-0.0966203,-0.12241833,-0.28786635,-0.19564709,-0.12848601,0.018261084,-0.0042257914,0.05717735,-0.07037784
30,-0.760769,-0.0076340823,2.0095878,2.8249862,1.3052096,-1.9161966,-0.6976262,1.3728827,0.8409295,0.4044996,0.32534963,-0.21153809,-0.80940235,-0.1783207,0.7984109,0.16198412,-0.7863831,-0.052198894,0.082237706,-0.72240853,-0.13275066,-0.4170893,-0.11312163,-0.3788227,-0.50860214,0.049548227,-0.29512483,0.024113849,0.3640415,-0.030346984,2.8381436,-0.038361497,0.40795952,0.10541998,0.0056413305,0.25921744,-0.07502133,0.6439245,0.30756214,0.074237,-0.2336092,0.2683094,-0.05143536,-0.23229289,0.19432004,-0.068946026,-0.054859433,0.13727891,-0.04410137,-0.44266832,-0.064024314,-0.37730122,-0.08870602,0.1537809,-0.05484604,-0.23344424,-0.09309488,0.1054685,-0.028914705,0.024028078,-0.022601213,-0.060732692,-0.21578214,0.16038424,0.062424332,-0.09973478,-0.045753255,-0.140095,-0.079221785,0.015195381,-0.14060083,-0.15934044,-0.11090838,-0.29039773,0.018521028,-0.0043865805,-0.10482834
31,3.9108782,-2.1264148,-0.43645215,2.564211,1.0497544,-0.2928172,0.7124535,-1.7586457,1.1052346,-0.20237014,-0.09057453,-0.37577587,-0.38342166,-0.444646,1.4769752,1.1545329,-0.06649262,-0.6045574,0.46905884,0.2907375,-0.074750975,0.90706384,0.15749907,-0.64385384,0.40498433,0.09380845,0.33731037,-0.27497536,0.38013515,0.3936189,-0.038361497,3.4197822,-0.034431323,0.33115882,-0.6363166,-0.05633356,0.31531167,-0.28270233,-0.016403936,-0.0924976,0.4325021,0.57244724,-0.042993125,0.40171126,-0.41187033,-0.20296672,0.06907426,0.10726276,0.16626781,0.20615484,-0.29270574,0.16258468,0.05562067,0.16441444,-0.02557427,-0.13110657,0.34582847,-0.43922448,-0.02075048,-0.112648994,-0.13416319,-0.027947508,-0.20196676,0.043448888,0.07526818,-0.27750778,0.057625398,0.051369265,0.17500514,-0.23439586,-0.08505459,0.088129416,-0.03909599,-0.051315933,-0.090460256,-0.0980335,0.12408709
32,0.5734583,1.3546443,0.4138828,1.1197116,-1.6539054,1.4399865,0.59772927,-0.43090025,-0.2595744,0.87495255,-0.63261384,0.083934315,-0.8584031,0.06321923,-1.0130961,0.61873996,-0.31570005,-1.2102063,0.34816945,-0.60207796,-0.38402167,-0.6929597,-0.22645967,0.23422709,0.8670188,-0.22853512,0.088410005,0.32950133,-0.53104585,0.17750299,0.40795952,-0.034431323,2.7770338,-0.20956427,0.053801425,0.5943953,0.28181195,-0.27239376,0.10080317,-0.48985046,-0.18156262,-0.117089,0.12734109,0.12065289,0.22186324,0.24299005,-0.4559573,-0.029510591,-0.09515309,-0.053670816,0.08217594,-0.18113202,-0.19749004,-0.0040863343,-0.04266221,-0.15139484,0.24759603,0.19635475,-0.14085013,0.19691566,-0.41574034,-0.09614012,-0.14167544,0.13976115,0.14872983,-0.006696414,-0.020614954,-0.15000488,0.14083807,0.09282431,0.06451462,-0.048852205,-0.09029786,-0.08487359,-0.1793668,-0.12732716,-0.009039438
33,1.4637527,-4.7366548,-0.023512773,0.20594846,-0.427249,-0.60742956,-2.131895,0.15377869,0.47289044,0.010880679,-1.0034503,-0.9266608,0.0030574042,0.1602824,-0.5114708,-0.5518595,-1.4499187,-0.7919072,-0.048534714,0.75924397,1.1612703,-0.016175497,-0.50626504,-0.92111796,-0.06697732,-0.013203168,0.31024903,-0.3557163,0.21568693,-0.14705665,0.10541998,0.33115882,-0.20956427,3.3887198,-0.12336923,0.488254,-0.37001866,-0.25553825,-0.06903593,0.6468054,-0.08162888,-0.04567281,0.12545307,0.64168733,-0.032679588,0.19260824,-0.28387976,-0.29283285,-0.21721894,0.23549171,0.14648591,0.1676591,-0.3827836,-0.044066407,-0.054613225,0.10967067,-0.070949994,-0.025984509,-0.07542437,0.10898869,-0.16605987,-0.02653981,0.0078145545,-0.03785879,-0.11762996,0.033572223,0.07078959,-0.015953712,-0.22716126,0.009750852,-0.12402406,0.029855061,-0.12826604,0.06713359,-0.13604799,0.07743734,-0.12522432
34,-1.4432192,1.8627992,-2.0973558,-0.0053344937,0.7879745,-1.3018302,-1.6338302,-0.86547863,-0.6350322,0.30595523,0.37408566,1.5397488,0.4455676,-0.78915286,-0.47318688,-0.45264333,0.8286952,0.27029485,0.77032185,0.07238725,-0.16573519,-0.32326746,-0.36946297,-0.13718556,-0.5652761,-0.590654,-0.052511793,0.89096284,0.9703392,-0.30568588,0.0056413305,-0.6363166,0.053801425,-0.12336923,2.4996407,0.20024139,0.18734536,-0.034370467,0.32506472,0.17557836,0.030306797,-0.19233897,-0.11899006,0.14311089,-0.3870684,-0.12511574,0.06582221,0.07091226,-0.03172665,-0.029327396,-0.23701036,-0.17938754,-0.15235507,-0.1411106,-0.11868091,0.14114836,-0.21665251,-0.4609577,-0.010609637,0.019284045,-0.13447037,0.036647804,-0.15748121,0.14045644,-0.063276455,0.20566487,-0.02187141,0.16235965,-0.039918758,0.032358684,0.012015941,-0.17443287,-0.009875881,0.057460412,-0.084738046,0.003914821,0.07112245
35,0.8707794,-0.3756957,2.8459253,0.371108,-1.4544039,2.516488,1.2527937,1.1735579,0.79766893,0.016929023,0.32111734,-0.9960964,-0.33100408,0.9875064,-0.5040482,-0.51293194,-0.084148526,-0.1229064,0.3206026,0.040810596,-0.3858788,-0.10490514,0.38124257,-0.06114728,-0.13775703,-0.19755058,0.20888716,0.076947466,-0.031829238,-0.046215817,0.25921744,-0.05633356,0.5943953,0.488254,0.20024139,2.4002287,0.27816373,0.16983473,-0.28977188,0.22374213,-0.29089272,0.38230914,-0.042252094,0.3202585,0.05354962,-0.48903167,0.109153785,0.010977885,0.025584083,0.3219601,-0.002454385,0.2348575,-0.026276417,0.16329962,-0.08511547,-0.17414051,0.064269155,-0.13636835,0.00018808646,0.15804662,-0.036444485,-0.17042106,-0.12060445,0.35441887,0.01589027,0.24627724,0.04644571,0.136378,0.10814959,0.015560055,-0.05655949,-0.049910434,0.033855297,-0.20425504,-0.013676506,-0.05072734,-0.04595212
36,0.026675537,1.3571935,-1.074414,-0.83687836,3.0108767,-0.6814967,-0.40231284,-0.29457778,0.06327307,0.3793093,-0.24465525,0.8899431,0.3405695,0.35091358,0.23399808,0.0072205616,-0.44162345,0.034000613,0.1693395,0.037995007,-1.254854,0.73397577,0.5596173,0.32508594,0.04642438,0.045189098,0.20281222,-0.15154436,-0.2622261,0.6165856,-0.07502133,0.31531167,0.28181195,-0.37001866,0.18734536,0.27816373,3.5177906,0.2519737,-0.28711504,-0.07451029,-0.40063918,-0.30574,-0.28362226,0.14057565,0.26183733,-0.10309125,0.34058595,-0.09965433,-0.21712658,-0.02573958,-0.21104431,-0.13671601,-0.26426327,0.061151903,0.0018221631,-0.010633763,0.291825,0.019071626,0.2955689,-0.1281556,-0.19472629,-0.24587552,0.22480991,-0.12234232,-0.15218168,0.16386661,0.07552053,0.06862968,0.023759939,-0.04093915,0.12388185,0.06125232,-0.03707733,-0.043735903,0.0021394817,-0.11785017,0.040990897
37,1.5349656,1.5763751,-1.5129914,0.40489018,-0.93629205,1.7648203,0.41478872,-1.1167905,1.4809444,0.6153374,-1.5406768,-0.47116423,0.7286509,-0.3431998,-0.5397679,0.4572569,-0.29074773,0.85749865,-0.30282545,-0.552359,-0.09611266,0.9333427,-0.008107368,-0.31904888,-0.43201315,-0.008636178,0.4031623,0.20701307,0.34407434,-0.20447198,0.6439245,-0.28270233,-0.27239376,-0.25553825,-0.034370467,0.16983473,0.2519737,2.481928,0.10242143,-0.14361396,0.05171769,-0.19856173,-0.10549852,-0.6215658,-0.039354436,-0.05243375,-0.08645357,-0.13596141,0.13139567,-0.13138115,-0.15646489,0.17672545,-0.35218984,-0.15136474,0.24543914,-0.19379099,0.057759613,0.22015676,0.07915804,0.025859743,0.094102494,-0.0044498397,-0.16803591,0.1421538,-0.09613446,-0.102916375,0.08076753,-0.12969704,0.04238427,-0.12017536,-0.15619005,-0.026077919,0.0320701,0.019465601,-0.018051315,0.058139384,-0.111963585
38,-1.0351732,-0.38617945,-0.038777143,0.15607369,-1.1099169,-2.224524,-1.3754249,-1.2401505,-0.08712527,1.6575159,-0.7326189,0.22260234,0.6198056,0.57311547,-0.31812054,-0.36162835,-0.80282354,0.17468765,0.68129826,0.14164224,-0.053111516,-0.061896805,-0.54830724,0.14420527,-0.29171184,0.27764025,0.030495107,-0.08542059,0.23215085,0.32837677,0.30756214,-0.016403936,0.10080317,-0.06903593,0.32506472,-0.28977188,-0.28711504,0.10242143,2.0769262,-0.40421206,-0.19050395,0.3608446,0.28641045,-0.527665,-0.061536316,0.049344644,0.060390174,0.031063601,-0.2773103,0.11724569,-0.0026513333,0.09103796,-0.17942163,-0.34558713,-0.15906437,0.094863124,0.18467504,-0.020430544,-0.02896005,-0.24203135,0.0573053,0.024642605,0.045685843,-0.034463383,-0.23226614,-0.07394433,-0.0009973769,0.20989361,0.04563527,-0.046472214,-0.07334076,0.05737797,-0.077963576,-0.077520736,0.026902944,-0.008443002,0.18406916
39,-0.19808564,1.901614,0.3141821,1.1271524,0.9347482,-1.6916689,0.512146,-0.8499432,0.981142,-0.12865496,0.60042775,0.36375797,0.7061255,-0.06856641,-0.13428336,-0.08039507,-0.3372269,0.42791346,0.23996213,0.23482445,0.8463651,-0.117656425,0.043047927,0.36389607,0.72957313,0.424141,-0.3982007,0.089760244,0.0041523725,-0.20364319,0.074237,-0.0924976,-0.48985046,0.6468054,0.17557836,0.22374213,-0.07451029,-0.14361396,-0.40421206,2.3883784,0.54160595,-0.071699545,0.19983953,0.35297677,0.26653263,-0.023445502,0.10964473,-0.09350747,-0.18204892,-0.20988551,0.07492429,-0.042840965,0.099019036,-0.020543078,-0.0072982335,0.12621176,0.020918876,0.14864585,0.17783038,-0.22174555,0.10083763,-0.08804177,0.1531325,0.019793253,-0.10186584,-0.03442043,-0.047388732,0.035661582,0.034113094,0.13219458,-0.06383045,-0.009697801,0.05391649,-0.15396747,0.04021008,-0.06876223,-0.07475047
40,-0.05804528,2.2180386,-0.522403,1.2979975,-0.14231774,0.01152383,-0.7375332,-0.55302703,-0.10291594,-0.07460664,-0.24320994,-0.13876027,-0.62283206,0.54135275,-0.1970956,0.5980844,0.68206894,0.37638298,-0.008444129,0.043706965,-0.81385547,-0.2578205,0.5963644,0.15684202,0.06127717,0.32835126,-0.05845748,0.13804,0.054107454,0.5310968,-0.2336092,0.4325021,-0.18156262,-0.08162888,0.030306797,-0.29089272,-0.40063918,0.05171769,-0.19050395,0.54160595,2.7109528,0.15671234,-0.2248379,-0.09504863,-0.050509907,-0.2132102,-0.47535974,-0.22865069,-0.100130916,0.13567734,-0.1317917,0.16265826,-0.32610452,-0.006968977,0.006787492,-0.15571159,-0.17513329,0.02463016,-0.016340151,0.019161312,0.015813276,0.17267421,-0.08769469,-0.15077367,-0.013071697,0.08225275,-0.12883177,0.17817952,-0.050164618,0.026987612,-0.056010023,0.030173551,-0.01510033,-0.1940183,-0.012997616,0.22446734,0.046664156
41,0.41991004,0.80983144,0.059051014,0.20910013,1.282417,0.4531879,0.95136076,-0.24788293,0.14299674,1.2799933,-0.22937487,0.098790765,-0.30850357,-0.031585667,-0.27860564,-1.2196186,-0.4463566,0.17141965,0.022272784,-0.108591646,-0.5149151,-0.17766052,0.061166,0.13305216,0.3382583,-0.3479553,0.05443052,0.28712052,-0.23718983,0.13899739,0.2683094,0.57244724,-0.117089,-0.04567281,-0.19233897,0.38230914,-0.30574,-0.19856173,0.3608446,-0.071699545,0.15671234,1.8148284,-0.23901023,0.11936104,-0.18824343,-0.18033318,0.20931706,-0.035729095,0.14556637,-0.19433403,0.023166178,0.018734917,-0.015867583,-0.115816236,-0.016982784,0.15439454,0.0042889714,0.031948492,-0.009402137,0.13471839,0.1181715,0.12851366,-0.08078763,0.011720192,0.016631544,-0.20057134,0.006622605,0.12499356,0.013229562,0.015397843,0.08838228,-0.07796179,-0.045657486,-0.20103016,-0.00093823485,-0.046749957,0.08499278
42,0.19465208,0.6834426,-1.1422789,-0.1111847,0.61525136,-0.69008994,0.5059024,0.11238749,0.003751625,-0.06298578,0.09978047,-0.5194569,-0.6470552,-0.14723146,0.50728655,0.013828583,0.28196567,-0.72972476,-0.24534303,1.0480793,0.4089313,-0.4092653,-0.22230832,0.5167101,-0.07668232,-0.45349723,-0.22030264,-0.04254823,-0.3024213,-0.008027041,-0.05143536,-0.042993125,0.12734109,0.12545307,-0.11899006,-0.042252094,-0.28362226,-0.10549852,0.28641045,0.19983953,-0.2248379,-0.23901023,2.1525695,-0.09625305,-0.13258296,-0.17803195,-0.21836877,-0.30486742,-0.033368796,0.094302505,0.012455266,0.091386475,-0.11077693,-0.0364625,-0.035149485,-0.25427556,0.11214462,-0.04435038,0.33309513,-0.22619832,-0.07668079,0.06476636,-0.0045546773,0.09496783,0.0881051,0.012398645,0.0023786162,-0.12263883,-0.06513525,0.053106226,-0.049568623,-0.011590426,-0.121371165,0.028310355,-0.06548725,0.01962861,0.060984302
43,-0.49609035,2.8261194,0.793994,-0.18131599,1.2596797,0.7714273,0.62507296,0.1190431,0.48720136,-0.5050224,-0.05043927,0.20533209,-0.21690276,-0.49371883,-0.37313086,-0.05570945,0.275795,-0.38575178,-0.29710972,0.54767036,-0.16117129,0.24532656,-0.3049109,0.29678166,-0.27829576,-0.10070944,0.06925076,0.27880496,0.3849491,-0.17799985,-0.23229289,0.40171126,0.12065289,0.64168733,0.14311089,0.3202585,0.14057565,-0.6215658,-0.527665,0.35297677,-0.09504863,0.11936104,-0.09625305,1.6037785,0.08709041,0.24714485,-0.16426776,0.26218727,-0.090837024,-0.20440376,0.17080274,-0.15787455,-0.25815925,-0.16060041,0.19727519,-0.038995165,0.11181308,-0.30302984,0.021604944,0.03676547,-0.10381697,0.014989624,0.033026602,-0.19613203,0.21479174,-0.07997653,-0.019195404,-0.050163783,-0.0027342108,-0.03660651,0.112457454,0.009063976,-0.0270742,-0.009184899,-0.032868475,-0.10104903,0.03608074
44,-0.8555236,-0.53733206,1.0270274,-1.0216784,0.096227825,-0.046077598,-0.6795956,0.058582723,-0.36141747,0.6668064,-0.23106179,0.27230772,-0.3805744,-0.5823394,-0.26732743,0.37317628,-0.38750917,-0.14943497,0.3057258,0.062201373,0.35637653,-0.4381398,0.25739804,0.59880847,-0.14892662,0.50105375,0.43040827,0.37586856,-0.43711418,-0.09805833,0.19432004,-0.41187033,0.22186324,-0.032679588,-0.3870684,0.05354962,0.26183733,-0.039354436,-0.061536316,0.26653263,-0.050509907,-0.18824343,-0.13258296,0.08709041,1.4278764,-0.09877295,-0.4940127,0.12060234,0.04886124,0.06582124,-0.073839374,0.0016506261,0.2566048,-0.13252954,0.06197232,0.11147775,0.0446959,0.1768736,-0.039170057,0.014286721,0.29615796,-0.2225019,-0.034255564,-0.27087194,0.04323754,0.07663933,-0.048127584,0.03443008,-0.030753575,0.004284445,0.13437182,0.00094618904,0.023681445,-0.14240316,-0.13543601,-0.070884496,0.020257019
