,0,1,2,3,4,5,6,7,8,9,10,11,12,13,14,15,16,17,18,19,20,21,22,23,24,25,26,27,28,29,30,31,32,33,34,35,36,37,38,39,40,41,42,43,44,45,46,47,48,49,50,51,52,53,54,55,56,57,58,59,60,61,62,63,64,65,66,67,68,69,70,71,72,73,74,75,76
0,108.245476,-19.432373,-40.002895,51.953995,-1.5505881,11.866233,0.33100057,0.8991935,8.299326,-9.008948,7.9465976,5.1374564,-11.844232,3.753302,4.3933907,-1.2714331,-0.86449647,3.4907007,1.6145307,0.6079936,0.8296453,-0.01705613,-1.700429,2.2142506,-1.788791,1.1513383,5.174367,0.68910956,-1.6684248,-0.6492191,0.47747844,-2.9923234,-0.5007836,-1.0261377,1.0581462,-0.69655395,-0.040966943,-1.1422601,0.7763622,0.15697776,0.028790575,-0.40370554,-0.14789456,0.34678042,0.67523533,0.7482142,0.94923073,-0.6322422,-0.6881511,0.28949183,0.6089622,-0.37752083,-0.14858061,-1.3398871,0.95093846,0.67308044,0.91510653,0.59040916,0.09178981,0.3346621,-0.17770626,-0.4556812,-0.5915041,-0.7857075,-0.8621417,-0.20615548,0.100006595,-0.1636816,-0.15628292,0.18001002,0.09138,0.38558066,0.56853914,0.70674455,0.36004585,0.17569327,0.16013868
1,-19.432373,197.18521,-24.438751,18.704506,-1.1004272,6.651907,0.41674232,-1.1876472,-6.460381,-8.897302,-2.3681276,-4.1985264,4.3857393,-0.9313642,-0.105464354,-0.5186986,-11.224138,-3.311152,4.6065702,0.54476357,-1.6987286,-0.84286594,1.5475297,-1.6322422,2.450194,1.5137068,-5.9091215,-1.0610573,2.3620148,-1.8034687,0.22008169,1.624492,-0.9336671,3.43321,-1.32303,0.34895915,-0.997239,-1.2700174,0.34686142,-1.4880958,-1.6831522,-0.47904056,-0.5216706,-2.0747838,0.3857209,-1.9320254,-1.1835098,0.35968542,0.43199834,1.3577182,-0.8285744,0.92146826,0.8988482,1.7166457,-2.0651672,1.1533668,-0.9398909,-0.038706962,-0.8172058,0.32521904,0.048667982,-0.4171427,-0.028029842,-0.031437226,-0.064613074,0.81234515,-0.38927203,-0.32666954,0.09728089,0.05858419,0.7451935,0.36246246,0.1637775,-0.08923486,-0.12167458,0.06204634,-0.30164295
2,-40.002895,-24.438751,127.08507,25.296898,13.997015,-1.492629,7.6368284,-2.427269,-11.720154,8.746038,0.24000901,2.4323125,4.927678,-3.6912735,-8.285393,-1.2737217,-0.7664443,-2.158805,-4.8643565,-1.1517582,-0.029902166,-0.1827853,2.6684217,-2.7856798,0.5377104,-1.6607933,-0.52307796,-0.1943646,1.646535,-2.1461444,-1.5727345,0.33505875,-0.32540953,0.04878203,1.5868671,-2.1886559,0.8159167,1.1667035,0.015410774,-0.22920048,0.40266052,-0.059311442,0.8728583,-0.62788165,-0.7868705,0.52773196,-0.37007436,0.26716924,0.67754966,0.016161978,-0.15482342,0.484136,-0.30575323,-0.40291634,-0.37221712,-0.12292038,0.738376,0.22960071,0.898529,0.02795044,0.3881573,-0.13263664,-0.186286,0.5769836,0.7114054,0.3586716,-0.26709634,0.03242973,-0.62623984,0.06381662,0.20935047,0.14007545,-0.51422524,0.014761183,-0.14960808,-0.36345038,0.58395886
3,51.953995,18.704506,25.296898,66.4212,-4.790106,4.29937,-2.405798,-2.497365,0.5520576,0.46115667,1.8732362,3.2492857,-0.20638527,0.19888912,2.1766171,-1.1550548,-0.60090387,0.7211033,-0.6980002,0.61989963,1.1519461,-0.6617975,-0.17656475,0.6355077,-0.4186207,-0.032683004,0.5590106,0.5234726,-0.29134905,-0.9338932,-2.1659932,-1.9630387,-0.8613963,-0.15398961,0.002836504,-0.28470516,0.63993603,-0.308362,-0.11841442,-0.863536,-0.994956,-0.16481268,0.085748106,0.13853288,0.7836698,-0.2117567,-0.3933735,-0.653787,0.18461844,0.4601762,-0.11006525,-0.5360212,-0.04879325,-0.7496318,-0.613749,0.17719045,0.42624497,0.049484853,0.26451898,0.4345736,0.70360136,0.061842196,-0.2337184,-0.4654919,-0.34088945,0.34103292,-0.36672547,-0.155022,-0.19360927,0.21066165,0.36579737,0.1316747,0.093734086,0.641651,0.06975341,-0.046316914,0.16958185
4,-1.5505881,-1.1004272,13.997015,-4.790106,38.62438,-0.5375134,4.6795006,-2.5869048,7.1729627,-3.859582,-0.07017696,3.4910083,0.26231766,6.0293474,1.3151274,-1.0156401,-0.5404459,0.43791184,1.6437275,0.100335054,-1.3244126,0.84625536,0.97747076,-0.47668612,1.2635314,0.95510775,1.2045922,-1.0278122,2.2305317,-0.029367637,-1.096215,-0.8020119,1.2245784,0.41475707,-0.65133065,1.0856752,-2.3229856,0.74395764,0.8217453,-0.69529915,0.106884524,-1.0382371,-0.47190103,-1.0095993,-0.06641512,-0.011819181,0.034379676,0.14734297,-0.57626975,-0.61167574,0.40525842,0.8071331,0.59043515,-0.3607277,0.36523306,0.08926971,0.018417086,-0.020199059,-0.16654539,-0.011924132,-0.13410059,-0.84772956,-0.20775563,0.06684396,0.12305666,-0.17583676,0.2864009,-0.52585226,-0.8996559,0.44233385,0.067505434,0.40249914,-0.5930182,-0.20038089,-0.6219014,0.03119033,0.64340377
5,11.866233,6.651907,-1.492629,4.29937,-0.5375134,25.686985,-5.2655125,3.2256908,0.67182016,0.15311393,-0.50151104,0.88194627,-1.507309,2.7259564,1.7954023,-0.9282354,1.350389,0.2605663,-1.4870982,-3.7363782,-0.07847406,0.30283946,-0.65082616,-1.4947135,-1.4831144,-1.5160723,1.548809,-0.13451669,-0.8839009,-0.791952,1.4616591,0.22378772,-1.1028936,0.47043037,0.99317926,-1.9266319,0.52106774,-1.3498678,1.6997745,1.2988966,-0.006727124,-0.3469122,0.52878803,-0.59598166,0.033552933,-0.011896081,-0.031636775,-0.13417295,0.34946093,-0.3464167,-0.34109718,0.8961649,0.47195518,0.56441724,-0.21498148,0.003631364,0.60889447,0.15057844,0.030657649,-0.1882748,-0.9700558,-0.11822003,0.35592014,-0.4360156,0.042629078,0.13220787,0.15839002,0.11300893,-0.50882924,-0.12554565,0.36327416,0.26142162,-0.15175733,-0.46916837,0.42860764,-0.52830064,0.0032559792
6,0.33100057,0.41674232,7.6368284,-2.405798,4.6795006,-5.2655125,34.00833,-5.1604514,-1.3697221,-1.4712937,-1.3566682,-0.7523959,-3.7784817,0.013872499,1.8803906,-0.040886514,-1.6478393,-1.7156942,-0.020107167,-1.9793956,-0.12568064,-0.88564575,-0.227166,-0.25897354,-0.8759874,-0.42350194,0.2674899,0.36510104,-1.479451,-0.5142951,0.5095501,-0.5443678,-0.47347224,1.6512504,1.2408967,-0.9691528,0.30245695,-0.30933118,1.0514541,-0.39561728,0.55812967,-0.7515581,-0.38878578,-0.4804518,0.52849984,0.8651773,0.8792784,0.39596006,-0.4944936,0.09743641,-0.8927147,0.5046208,-0.5344361,0.12619556,0.117283,0.11136991,-0.5126089,-0.24285576,-0.5312437,0.3536921,0.19283915,0.014476951,-0.08759965,-0.36817005,-0.20109311,0.0286013,-0.09911026,0.31335837,0.4294569,0.13258919,-0.19610305,-0.12567973,-0.005932789,0.26531178,-0.6820698,0.319349,-0.23378853
7,0.8991935,-1.1876472,-2.427269,-2.497365,-2.5869048,3.2256908,-5.1604514,16.602324,0.037141494,-1.1002761,-0.43343312,1.9522753,-1.1682541,0.5783851,0.93233955,-0.40977338,-3.3258295,1.1281209,0.5987711,-0.51071525,1.0805802,0.9272424,-1.383686,-0.1586846,0.9620976,-1.7210262,-1.6685019,3.130424,-0.48022747,0.23380868,-1.038222,1.3458415,0.33919767,-0.12908497,0.66791636,-0.8948872,0.22817057,0.85038114,0.95011866,0.6512586,0.42658526,0.20153283,-0.08615107,-0.08850436,-0.04834786,0.74802864,-0.053861804,0.4955004,0.8675038,0.7487374,-0.30028126,0.015288458,0.27092844,-0.2988166,0.05218765,-0.1978235,0.64220226,-0.13712174,0.39777005,0.26275972,0.18327025,-0.32407308,0.13246736,0.20722467,0.2078215,0.05232264,0.3640386,0.037047565,-0.05439408,0.3176459,-0.18655503,-0.17726055,-0.36602738,0.052031055,0.014499512,0.15443598,0.09671953
8,8.299326,-6.460381,-11.720154,0.5520576,7.1729627,0.67182016,-1.3697221,0.037141494,20.948736,-0.768604,-4.043947,1.4530673,0.2027142,1.1225286,-1.5320387,-1.2742007,1.0874295,-0.31092677,1.4341755,-0.3486542,0.33927515,-1.1248474,1.0045716,1.0916141,0.1796827,-2.2624261,-0.43581322,-0.51909924,0.13703084,0.06077928,-0.7709433,-0.84610903,0.13348123,-0.24540867,0.42419192,-0.64444375,-0.07229757,-1.0950899,0.038557604,-0.72881424,0.0717241,-0.19349897,-0.0011170633,-0.42853385,0.2909156,0.08041449,-0.3756947,-0.040269993,0.011209097,-0.52188796,-0.14810288,0.42218173,-0.23488063,0.5979811,-0.5610883,-0.40722865,-0.08823703,-0.28378817,0.026431527,0.14519404,0.8327702,-0.1676789,0.26469302,0.4109692,0.16834584,-0.39266866,0.12126975,0.30060634,-0.397862,0.37277758,-0.00029513208,0.33548933,-0.26371586,-0.29714018,-0.199135,-0.010579726,-0.17745754
9,-9.008948,-8.897302,8.746038,0.46115667,-3.859582,0.15311393,-1.4712937,-1.1002761,-0.768604,19.901272,3.425118,-2.3616114,-0.08226526,1.1617908,3.2919426,-0.43458074,-0.75370646,-0.36010885,0.5235631,-0.13993192,-1.7460978,2.6319017,0.8602314,0.3957457,-0.43276906,-2.166491,-1.251565,0.96534383,0.6555034,0.302651,-0.3492529,0.15458128,-0.69065547,0.028680537,-0.25359446,-0.022694785,-0.29751348,-0.4590947,-1.2773652,0.106118605,0.055296324,-1.0055932,0.049435005,0.36839175,-0.50643635,0.30729762,-0.7272511,-0.8352828,-0.007725226,-0.026951127,-0.4150728,0.049065657,0.13599864,0.2898654,0.23759675,-0.20940463,-0.14004889,-0.0023719114,-0.610688,-0.10464387,0.28239876,0.20943046,0.35127795,-0.018578473,-0.24326092,-0.27505183,-0.06328836,-0.25545722,0.080706105,0.30131513,0.055560663,0.038117796,-0.09000328,0.06482667,0.006908674,-0.3533853,-0.1513531
10,7.9465976,-2.3681276,0.24000901,1.8732362,-0.07017696,-0.50151104,-1.3566682,-0.43343312,-4.043947,3.425118,15.110936,-0.24428958,-3.9213033,-2.2950873,-0.023119114,0.69460255,-1.7714703,1.9048827,1.3543658,1.4636834,-0.12096407,1.8586087,0.8510643,1.1347027,0.92202604,0.82412964,-0.11819179,-0.431974,0.039211586,-1.5955586,-0.2798617,0.06938508,0.46970195,0.7963506,-0.30152822,-0.25401255,0.18155023,1.1882619,0.55296624,-0.4533329,0.18522096,0.15658581,-0.07607557,0.024244348,0.17953005,0.03452806,0.51053953,-0.28935802,-0.8357239,-0.56401074,0.30935746,0.38473195,-0.22275864,-0.34958735,0.26785526,-0.046225116,0.018044831,-0.13169657,-0.0994966,0.087242864,-0.40186816,0.02280251,0.14815249,0.16070199,0.020369004,-0.17619386,0.09747383,0.15635851,-0.15746048,-0.096579045,0.160765,-0.24187928,0.10340479,-0.17599067,-0.14258026,0.28780586,-0.23697737
11,5.1374564,-4.1985264,2.4323125,3.2492857,3.4910083,0.88194627,-0.7523959,1.9522753,1.4530673,-2.3616114,-0.24428958,11.075197,-1.3671715,0.87053066,-2.0347729,-0.727139,1.2977068,0.19334345,-1.0533196,-1.4608734,-1.4882388,-0.3514772,-0.269939,0.2774114,0.042902604,0.03580844,-0.10846596,1.1248065,0.57359874,0.07120052,0.23255762,0.28821886,-0.025825014,0.6437699,-1.1445887,0.78037906,-0.6682914,0.33914426,-0.15633821,-0.29025376,0.11066397,-0.027514752,0.39553547,-0.12661076,-0.21688303,0.25034916,0.5707437,-0.34474576,0.281748,0.60141206,0.47519803,-0.06766519,0.3153266,-0.031629045,-0.25390872,0.4512835,0.61024594,0.03823509,-0.31513578,-0.23096903,0.038540028,0.13403486,0.48451465,-0.45825288,-0.19781777,0.20661554,0.34897465,0.0048939763,0.12479791,0.07401343,-0.3416226,-0.26048177,-0.060161665,0.067852475,-0.27694517,0.18870756,-0.05831533
12,-11.844232,4.3857393,4.927678,-0.20638527,0.26231766,-1.507309,-3.7784817,-1.1682541,0.2027142,-0.08226526,-3.9213033,-1.3671715,11.182981,0.16554035,2.124786,-1.6965752,1.2361455,-0.03978184,-0.15181735,-1.0391186,1.1719534,0.9390197,0.07618906,0.35047722,0.37770808,0.05983519,0.3199405,-0.43378073,-0.108305156,-0.916847,0.63620675,0.29366514,0.66590464,-0.018072665,-0.33296448,0.25727218,-0.25776213,-0.56262743,-0.4707623,-0.54375756,0.47747594,0.2469308,0.49456692,0.17377308,0.28973255,-0.19866705,0.34587547,0.166105,-0.20307314,0.15482795,-0.09401695,-0.2901627,0.32142958,-0.25229952,-0.12026448,-0.7811434,0.07584508,-0.44459477,0.27431124,0.60414684,0.05711051,-0.40825793,-0.023266887,-0.062311478,0.22789705,0.25436386,-0.04458011,0.044213172,0.100607276,0.21453506,0.034719534,-0.19230324,0.019265147,0.100751705,0.11806012,0.28460312,0.056656606
13,3.753302,-0.9313642,-3.6912735,0.19888912,6.0293474,2.7259564,0.013872499,0.5783851,1.1225286,1.1617908,-2.2950873,0.87053066,0.16554035,11.811459,0.53666484,1.8654121,0.33380046,-0.9505639,-0.26825333,0.52349293,0.92865986,1.5215005,0.63822746,0.41635346,0.8696493,-0.77002335,0.51410145,-0.15039133,0.08786787,-1.0760651,0.16292487,0.34061396,-0.031772614,-0.14674634,0.6159613,-0.7485188,-0.26363045,0.2542044,-0.4355246,0.050616726,-0.4109112,0.04522018,0.11191978,0.38666743,0.4405889,-0.37643468,-0.4060298,0.5525217,0.45276612,0.14297336,-0.1722966,-0.15587746,0.36696514,-0.32661542,0.22857282,0.307494,-0.2961712,0.22359243,-0.5352994,-0.42580482,0.031025935,-0.01870441,-0.15622622,-0.06822471,-0.1821238,0.09536881,0.077175125,-0.24452347,-0.08099657,0.063973956,-0.056763753,-0.4392611,0.06071078,0.043431684,-0.14086646,0.034467198,0.19577794
14,4.3933907,-0.105464354,-8.285393,2.1766171,1.3151274,1.7954023,1.8803906,0.93233955,-1.5320387,3.2919426,-0.023119114,-2.0347729,2.124786,0.53666484,11.832148,-1.5140877,1.2169714,0.2892912,0.8943572,-0.17592327,-0.21593256,-0.83966297,-0.5076026,-1.0019624,0.6192956,0.48850194,-0.6564411,0.25706786,0.1599547,0.42619514,-0.65088314,-1.1300515,0.7569863,0.42666456,0.3432486,0.3735534,-0.18676765,0.42471707,0.23402753,0.10882738,0.14870523,0.18747823,-0.38884097,0.26941884,0.20941961,0.32819456,-0.012676042,0.0058806245,-0.046697333,0.14795123,-0.21569422,0.24830432,-0.30368435,-0.46459916,0.3093025,0.03220029,0.06965429,0.05499091,0.015192214,0.16624759,0.057062685,0.04159572,0.17848435,-0.48597062,0.3397896,0.0988646,0.2549461,-0.1553656,0.09219754,0.094527945,0.036870576,0.11194034,-0.24190006,0.25603363,-0.041558355,-0.15246147,-0.061423585
15,-1.2714331,-0.5186986,-1.2737217,-1.1550548,-1.0156401,-0.9282354,-0.040886514,-0.40977338,-1.2742007,-0.43458074,0.69460255,-0.727139,-1.6965752,1.8654121,-1.5140877,11.693908,-0.57416725,-0.066310965,-0.51736194,-0.6246929,1.0809902,1.4131517,-0.56299996,0.655402,-0.48161986,-0.331283,-0.3273965,-0.33489782,0.9370525,1.0621765,-0.0988697,-0.8841028,-0.46353102,0.39986497,0.3591175,0.39977482,-0.00067783333,-0.35715383,0.28436428,0.055909686,-0.45750403,0.9478002,-0.01015171,0.05480103,-0.28728563,-0.5151493,0.30293456,-0.20173422,0.028040461,-0.34129626,-0.07114859,-0.07587524,-0.39280507,-0.63515747,-0.35195816,-0.085866645,-0.13973224,-0.0077148178,-0.19923007,0.010155559,0.17626908,-0.019591298,-0.017650295,0.12939435,0.12404293,0.19610688,0.036167294,0.113459155,0.20204444,0.4173989,0.031691715,-0.085144356,0.033418752,0.13912964,-0.18712771,-0.4032972,0.17502834
16,-0.86449647,-11.224138,-0.7664443,-0.60090387,-0.5404459,1.350389,-1.6478393,-3.3258295,1.0874295,-0.75370646,-1.7714703,1.2977068,1.2361455,0.33380046,1.2169714,-0.57416725,8.191498,-0.18610677,0.7852917,0.27717716,-0.9206101,-0.44582325,0.7647511,1.2479482,-0.37379408,0.59030056,-0.4472262,-0.11568931,-0.22486216,-0.09490833,0.61603796,0.050722383,0.24725083,1.0972091,-0.62726504,0.06854506,0.3407089,0.21860237,0.6186904,0.2549656,-0.5220182,0.3496378,-0.2156092,-0.20431323,0.29568678,0.42208558,-0.08387703,-0.16327786,0.07196793,0.053463973,0.15311874,-0.25025386,-0.06810522,0.10088524,-0.28241667,-0.35119402,-0.09610894,0.42839646,-0.20144153,-0.024972977,0.025220616,0.0542517,-0.0059103677,-0.15916476,0.1779938,0.3554093,0.021072753,-0.12307902,-0.020105071,-0.18512154,0.05239829,-0.14682606,-0.05376853,0.03016828,0.20563054,-0.3312704,-0.1648771
17,3.4907007,-3.311152,-2.158805,0.7211033,0.43791184,0.2605663,-1.7156942,1.1281209,-0.31092677,-0.36010885,1.9048827,0.19334345,-0.03978184,-0.9505639,0.2892912,-0.066310965,-0.18610677,10.255007,0.3996532,-1.0273005,-1.0594642,0.93444026,-0.77310026,-0.72094905,0.22313422,-0.27817172,0.49412113,-0.0967219,0.44182616,0.1545163,-0.060782433,0.46312046,0.8757009,0.6966187,-0.2551601,0.06483468,-0.04526156,-0.6260217,-0.15552816,-0.31219044,-0.29441652,-0.19883889,0.55859077,0.2539305,0.12714759,0.38331592,-0.52003574,0.51731896,0.23590162,0.21036252,0.07149272,0.11660777,0.10770902,-0.15298736,-0.0661801,-0.003063126,-0.64990866,0.23336193,0.37638205,-0.08486949,-0.19940469,-0.18304728,-0.049945645,0.12375293,-0.15146282,-0.2188198,-0.37127122,0.19891489,0.045442514,-0.021609306,0.23311836,-0.11011119,0.07317573,-0.16148087,-0.1991001,-0.040966924,-0.1569615
18,1.6145307,4.6065702,-4.8643565,-0.6980002,1.6437275,-1.4870982,-0.020107167,0.5987711,1.4341755,0.5235631,1.3543658,-1.0533196,-0.15181735,-0.26825333,0.8943572,-0.51736194,0.7852917,0.3996532,6.6701674,-0.7308793,-0.1371752,0.29588825,0.91508377,0.27580136,-0.34020266,0.24972197,-0.45747578,0.77614754,0.16073516,-0.34513527,0.0099965595,-0.35926354,-0.22927637,-0.029868461,-0.5544614,-0.22612965,-0.11603268,0.21020041,-0.50499254,-0.1960147,0.010784136,0.030879159,0.18670565,0.25898975,-0.24207398,0.38079375,-0.31807268,0.06317277,-0.52923965,-0.1678685,-0.20037338,0.43473828,0.21969858,-0.29405987,-0.32100874,0.075828806,0.27356163,0.2685929,-0.23180282,0.09884219,0.026128065,-0.48532706,0.045745194,0.5775763,0.32597876,-0.06499554,-0.09979585,-0.19186404,-0.21311149,-0.23850903,-0.04399569,-0.12906739,-0.08918339,0.14751762,0.02681681,0.022614423,0.19105503
19,0.6079936,0.54476357,-1.1517582,0.61989963,0.100335054,-3.7363782,-1.9793956,-0.51071525,-0.3486542,-0.13993192,1.4636834,-1.4608734,-1.0391186,0.52349293,-0.17592327,-0.6246929,0.27717716,-1.0273005,-0.7308793,7.739449,0.43059942,0.96088547,-0.1539416,0.35516602,0.80901825,0.5595958,0.050492242,0.44007403,0.18243003,-0.042632222,0.5355706,-0.22208193,0.44815695,-0.5654797,-0.06180109,-0.036413543,-0.032322876,0.4278733,-0.109242424,-0.18193623,-0.03822455,0.066697165,-0.8016081,-0.42155236,-0.042412173,-0.0017965101,0.25544223,0.13742864,0.4999867,0.07294123,-0.40147135,-0.08967559,0.11431956,0.34402627,0.23151651,0.07872054,0.035744578,0.18148592,-0.067065075,-0.115895525,0.18058193,0.029936291,-0.22104964,-0.13721552,0.1987223,-0.09994177,-0.13000941,-0.069419965,0.09480338,0.36021626,0.09044102,0.20270275,-0.0037390685,-0.0673978,0.007215279,0.0015710539,-0.18228632
20,0.8296453,-1.6987286,-0.029902166,1.1519461,-1.3244126,-0.07847406,-0.12568064,1.0805802,0.33927515,-1.7460978,-0.12096407,-1.4882388,1.1719534,0.92865986,-0.21593256,1.0809902,-0.9206101,-1.0594642,-0.1371752,0.43059942,6.61565,-0.93725824,0.7089568,0.20092052,0.061202515,-0.59152985,-0.06951067,0.22458792,0.5444269,-0.12801275,0.09361065,0.05746204,0.29045808,-0.88221025,0.12313883,0.29245383,0.9588007,0.076017246,0.038843412,-0.6471762,0.6221658,0.3885069,-0.3134947,0.12070307,-0.27140197,0.4737923,0.2729136,0.13362604,-0.18380937,0.005569063,0.11205025,0.23155713,0.34902668,-0.4059221,-0.20235771,-0.06049148,-0.17112042,-0.011928871,0.12176357,-0.19689879,-0.18959272,0.05858624,0.03402438,-0.014169691,-0.16736272,0.010185832,-0.09037013,0.11464816,-0.13725883,-0.24465668,0.19596648,-0.018230807,-0.28989664,-0.072639845,-0.03261456,-0.09351987,-0.17535004
21,-0.01705613,-0.84286594,-0.1827853,-0.6617975,0.84625536,0.30283946,-0.88564575,0.9272424,-1.1248474,2.6319017,1.8586087,-0.3514772,0.9390197,1.5215005,-0.83966297,1.4131517,-0.44582325,0.93444026,0.29588825,0.96088547,-0.93725824,5.4343934,0.1353803,0.33469966,-0.2772166,0.57317,0.17710426,0.29889446,-0.9725552,-0.67252177,0.31209767,-0.6944179,0.5257859,0.018931478,0.24427944,0.07834546,-0.5631327,-0.7120937,0.046705976,0.09042281,0.19628973,0.13005902,0.31356174,-0.19004545,0.33688462,0.0037483196,0.12176862,0.104079865,0.20190753,0.13020632,0.0399722,-0.012374122,0.04342563,0.08735755,-0.18511984,-0.20935455,0.1930126,-0.35578784,-0.19777521,0.22916558,-0.1437178,-0.22895816,-0.13037127,-0.024636723,-0.049244955,0.0383166,0.17369594,-0.12800226,-0.048288293,-0.012843249,-0.12471072,-0.022073604,-0.013421346,0.047840394,-0.1354326,0.1283812,-0.11516832
22,-1.700429,1.5475297,2.6684217,-0.17656475,0.97747076,-0.65082616,-0.227166,-1.383686,1.0045716,0.8602314,0.8510643,-0.269939,0.07618906,0.63822746,-0.5076026,-0.56299996,0.7647511,-0.77310026,0.91508377,-0.1539416,0.7089568,0.1353803,6.40996,-0.018842943,0.10369744,0.0925245,-0.21454516,0.469873,0.31720024,0.7138854,0.054459374,-0.11967862,0.15815003,0.41623425,0.2681818,-0.30149496,-0.43434438,0.014801652,0.41185436,-0.029220931,-0.45908704,-0.06787188,0.16997229,0.22138003,-0.19294685,0.08078718,-0.31186002,0.88768554,0.2721485,-0.26842168,0.14116828,-0.14597553,-0.11472014,-0.08167793,-0.30771747,0.053868566,0.12853678,0.12840594,-0.080376685,0.15084997,-0.15541306,-0.005914405,-0.048658803,-0.020836433,-0.20328563,-0.024951521,-0.094600976,0.1308811,0.07533392,-0.28797358,-0.029693082,0.20010257,0.20176584,0.16715524,0.118101545,-0.018785838,-0.2690118
23,2.2142506,-1.6322422,-2.7856798,0.6355077,-0.47668612,-1.4947135,-0.25897354,-0.1586846,1.0916141,0.3957457,1.1347027,0.2774114,0.35047722,0.41635346,-1.0019624,0.655402,1.2479482,-0.72094905,0.27580136,0.35516602,0.20092052,0.33469966,-0.018842943,4.385332,0.5703478,-0.14185531,-0.09727925,-0.67423886,-0.23815838,-0.34790254,0.27057892,0.49258903,-0.19198257,0.72295606,0.096403465,0.04171951,-0.25236386,0.25037807,-0.11241609,-0.27736014,-0.12282623,-0.11758876,-0.39462668,-0.23345584,-0.4544769,0.51470923,-0.018163849,-0.35467142,-0.07153845,0.19610363,-0.41319343,0.037699066,0.040675465,-0.15762638,0.049179334,0.11866978,0.13213658,0.15391633,0.13284658,0.42470548,0.09155059,-0.18867332,0.08264862,0.040507436,-0.095591776,0.23132578,0.050020255,0.12379858,0.11341289,-0.030792683,0.16834182,-0.07611227,0.059746895,-0.14288983,-0.08908543,0.060452603,0.013331676
24,-1.788791,2.450194,0.5377104,-0.4186207,1.2635314,-1.4831144,-0.8759874,0.9620976,0.1796827,-0.43276906,0.92202604,0.042902604,0.37770808,0.8696493,0.6192956,-0.48161986,-0.37379408,0.22313422,-0.34020266,0.80901825,0.061202515,-0.2772166,0.10369744,0.5703478,4.270927,0.44532615,-0.4021936,0.20684332,0.47007683,0.07213866,0.40384656,-0.310313,-0.6551906,0.03869138,0.43910414,0.11020303,-0.032506924,0.32602584,0.2254365,-0.55870235,-0.0445223,-0.24720493,0.05901762,0.21695697,0.11079353,0.12698516,-0.36132246,0.22890133,0.22160792,0.18487115,0.13307595,-0.041121006,-0.34837303,0.23645398,0.4650231,-0.03247849,0.120630234,-0.41219896,-0.06484014,0.089584455,0.015518341,0.15931971,-0.046585783,0.12145603,-0.084849,-0.106918395,0.062828645,0.00012990626,0.069241956,-0.1514317,0.09330167,-0.10935797,-0.0900548,-0.07714627,-0.11243895,0.09276177,-0.041647233
25,1.1513383,1.5137068,-1.6607933,-0.032683004,0.95510775,-1.5160723,-0.42350194,-1.7210262,-2.2624261,-2.166491,0.82412964,0.03580844,0.05983519,-0.77002335,0.48850194,-0.331283,0.59030056,-0.27817172,0.24972197,0.5595958,-0.59152985,0.57317,0.0925245,-0.14185531,0.44532615,3.4357314,0.2733634,-0.23947251,-0.7043207,0.101212844,-0.013098396,-0.07204762,0.18833703,-0.012068319,0.4636681,0.1585145,-0.029721186,-0.0010527594,-0.20783365,-0.32720035,-0.2487336,0.2843374,0.3471584,0.086057104,-0.38752425,-0.18063088,-0.09142663,-0.07584298,0.26034164,-0.18249854,0.32889724,0.16533956,-0.12917903,-0.1146893,0.17002979,-0.10252482,0.031817354,0.3657318,-0.16962919,0.15748644,-0.099465385,0.052891545,-0.044336602,0.04898916,-0.05098842,0.27747834,-0.11303731,-0.07233118,-0.17247833,-0.17123842,-0.23718819,0.0688211,-0.15375358,0.0093015535,-0.1680001,0.07973939,0.04431309
26,5.174367,-5.9091215,-0.52307796,0.5590106,1.2045922,1.548809,0.2674899,-1.6685019,-0.43581322,-1.251565,-0.11819179,-0.10846596,0.3199405,0.51410145,-0.6564411,-0.3273965,-0.4472262,0.49412113,-0.45747578,0.050492242,-0.06951067,0.17710426,-0.21454516,-0.09727925,-0.4021936,0.2733634,3.0811996,-0.3026333,0.24858537,-0.37864345,0.20930871,-0.2582402,-0.077065825,-0.22217786,0.032097757,-0.1639861,-0.15849975,-0.30315468,-0.026497204,0.30729413,0.04319796,-0.053572804,0.16892952,-0.05994725,-0.32715097,-0.31430745,0.17963889,0.1349603,-0.18721375,-0.08340002,-0.15955675,-0.40050393,0.08722569,0.29226708,0.22208303,0.3024568,0.25544217,-0.031284794,-0.21491708,0.052254245,-0.098467946,-0.113725424,0.17063066,0.16408393,0.18508214,-0.059331216,-0.16495064,0.015747417,0.13460848,-0.14851132,0.10746193,0.06394099,-0.07566798,-0.019884847,0.054783113,0.17387596,-0.051918738
27,0.68910956,-1.0610573,-0.1943646,0.5234726,-1.0278122,-0.13451669,0.36510104,3.130424,-0.51909924,0.96534383,-0.431974,1.1248065,-0.43378073,-0.15039133,0.25706786,-0.33489782,-0.11568931,-0.0967219,0.77614754,0.44007403,0.22458792,0.29889446,0.469873,-0.67423886,0.20684332,-0.23947251,-0.3026333,3.5778873,-0.1014599,0.5242366,0.04361352,0.21064743,-0.21801004,0.21523677,-0.65241426,-0.042654015,0.1276584,-0.1776514,0.077252954,-0.07759496,-0.10050535,-0.17606363,0.031238196,-0.18809496,-0.2961679,-0.129998,0.3320179,0.11204781,-0.17283857,0.071121626,-0.10260539,-0.057283092,-0.20459315,0.0048791063,0.06284609,-0.10282663,0.07896287,-0.069644004,-0.2918311,-0.17929092,0.1382069,-0.16803904,-0.18723485,-0.14566056,0.04737055,0.093353465,0.034410644,-0.016551109,-0.08998689,-0.042774603,-0.11120132,0.046984144,-0.10039179,0.026255762,0.14920342,0.064541385,-0.08336739
28,-1.6684248,2.3620148,1.646535,-0.29134905,2.2305317,-0.8839009,-1.479451,-0.48022747,0.13703084,0.6555034,0.039211586,0.57359874,-0.108305156,0.08786787,0.1599547,0.9370525,-0.22486216,0.44182616,0.16073516,0.18243003,0.5444269,-0.9725552,0.31720024,-0.23815838,0.47007683,-0.7043207,0.24858537,-0.1014599,3.4895585,0.44290912,-0.28203204,-0.29118383,0.4045382,-0.16150987,-0.7444595,0.023983834,0.20030636,-0.26248842,-0.17846483,-0.001952596,-0.041178238,0.1797618,0.23200634,-0.2968489,0.33451658,0.24785927,0.14961195,-0.40451849,-0.036126994,0.24211358,0.05473109,0.15538013,0.06454051,0.28012735,0.35641557,0.25965452,0.035279453,0.1326423,-0.14110252,0.0732806,-0.14365031,0.117709145,0.049933016,0.15679282,0.10929833,0.056264736,-0.1395562,0.16820663,0.08263548,0.0345272,-0.15121105,-0.037084185,0.09290322,0.13134582,-0.008883023,-0.10219699,-0.11402039
29,-0.6492191,-1.8034687,-2.1461444,-0.9338932,-0.029367637,-0.791952,-0.5142951,0.23380868,0.06077928,0.302651,-1.5955586,0.07120052,-0.916847,-1.0760651,0.42619514,1.0621765,-0.09490833,0.1545163,-0.34513527,-0.042632222,-0.12801275,-0.67252177,0.7138854,-0.34790254,0.07213866,0.101212844,-0.37864345,0.5242366,0.44290912,3.344204,0.015976518,-0.3011788,-0.13809822,0.1189861,0.23014608,0.03317397,-0.47333542,0.15847275,-0.2540027,0.15807365,-0.4060551,-0.109757125,0.0058840816,0.13220526,0.07512517,-0.2020795,0.13042542,-0.24782336,0.20154354,-0.025851835,0.26500684,0.0172317,0.2858172,-0.1992406,-0.05910608,-0.095430695,0.2689605,-0.052657593,-0.013968979,0.2750139,-0.07130386,0.06555355,0.13468945,0.08412129,-0.03626705,-0.1820291,0.0053217816,0.016677853,0.0716607,0.09047841,0.2199506,0.14911574,0.102961704,-0.01566692,0.0028326465,-0.04177323,0.052147172
30,0.47747844,0.22008169,-1.5727345,-2.1659932,-1.096215,1.4616591,0.5095501,-1.038222,-0.7709433,-0.3492529,-0.2798617,0.23255762,0.63620675,0.16292487,-0.65088314,-0.0988697,0.61603796,-0.060782433,0.0099965595,0.5355706,0.09361065,0.31209767,0.054459374,0.27057892,0.40384656,-0.013098396,0.20930871,0.04361352,-0.28203204,0.015976518,3.486674,0.02946568,-0.32903075,-0.049738705,-0.020917917,-0.20741977,0.051003,-0.48271853,-0.24345209,-0.050581865,0.17715862,-0.2271492,0.03964367,0.16266254,-0.14527369,0.058882385,0.06601383,-0.10335834,0.06284177,0.3269521,0.025776176,0.29266158,0.07629434,-0.1355749,0.049860857,0.14770788,0.08550599,-0.07475941,0.03105048,-0.030980073,-0.0070986543,0.04070104,0.18305153,-0.118666336,-0.0679186,0.054906815,0.0257115,0.109901026,0.046516243,-0.02994634,0.10490726,0.117191985,0.109949514,0.21385272,-0.01788358,0.018206835,0.07236439
31,-2.9923234,1.624492,0.33505875,-1.9630387,-0.8020119,0.22378772,-0.5443678,1.3458415,-0.84610903,0.15458128,0.06938508,0.28821886,0.29366514,0.34061396,-1.1300515,-0.8841028,0.050722383,0.46312046,-0.35926354,-0.22208193,0.05746204,-0.6944179,-0.11967862,0.49258903,-0.310313,-0.07204762,-0.2582402,0.21064743,-0.29118383,-0.3011788,0.02946568,2.853752,0.026627071,-0.25389564,0.48710948,0.04278559,-0.24144752,0.2164495,0.012575099,0.07054427,-0.33114475,-0.4382366,0.03261087,-0.30712706,0.31544492,0.15536457,-0.053171523,-0.08200669,-0.12759236,-0.15754212,0.22424524,-0.12452429,-0.042304717,-0.12572059,0.01943648,0.10068846,-0.2648331,0.33621883,0.015848298,0.08612481,0.102525145,0.021394044,0.15446405,-0.03319017,-0.057505086,0.21239966,-0.04404155,-0.03949126,-0.13375153,0.17969784,0.06502296,-0.06755944,0.02969398,0.039376263,0.069245875,0.07523918,-0.094868325
32,-0.5007836,-0.9336671,-0.32540953,-0.8613963,1.2245784,-1.1028936,-0.47347224,0.33919767,0.13348123,-0.69065547,0.46970195,-0.025825014,0.66590464,-0.031772614,0.7569863,-0.46353102,0.24725083,0.8757009,-0.22927637,0.44815695,0.29045808,0.5257859,0.15815003,-0.19198257,-0.6551906,0.18833703,-0.077065825,-0.21801004,0.4045382,-0.13809822,-0.32903075,0.026627071,3.0538807,0.17497218,-0.048896052,-0.46035904,-0.21909076,0.21367134,-0.08042005,0.37636238,0.13711703,0.077364385,-0.09781696,-0.09808159,-0.16690572,-0.18450461,0.36159092,0.022311859,0.085741356,0.03679359,-0.075464316,0.13980518,0.15637621,-0.0060154344,0.03607822,0.100441106,-0.18232442,-0.14714913,0.11307298,-0.15890984,0.30534244,0.07026759,0.11697757,-0.1041158,-0.12411766,-0.0047861827,0.011680383,0.11555718,-0.11517852,-0.08012647,-0.051175013,0.034359314,0.08150562,0.060887218,0.13498536,0.106460445,0.003390113
33,-1.0261377,3.43321,0.04878203,-0.15398961,0.41475707,0.47043037,1.6512504,-0.12908497,-0.24540867,0.028680537,0.7963506,0.6437699,-0.018072665,-0.14674634,0.42666456,0.39986497,1.0972091,0.6966187,-0.029868461,-0.5654797,-0.88221025,0.018931478,0.41623425,0.72295606,0.03869138,-0.012068319,-0.22217786,0.21523677,-0.16150987,0.1189861,-0.049738705,-0.25389564,0.17497218,2.4440634,0.10938224,-0.3646502,0.28923327,0.18648525,0.060429305,-0.50010157,0.064212605,0.054898694,-0.09570063,-0.47815126,0.02151414,-0.15301158,0.19588616,0.22251368,0.14011429,-0.16978106,-0.09112092,-0.13200998,0.28486973,0.049824625,0.034867346,-0.056481022,0.041513264,0.014628729,0.04978233,-0.071770474,0.14959913,0.025513327,-0.022024475,0.025161188,0.108203635,-0.0060925707,-0.045622922,0.01011847,0.18672156,0.008925671,0.09758158,-0.018337417,0.07571705,-0.04382432,0.10765356,-0.07308632,0.102827124
34,1.0581462,-1.32303,1.5868671,0.002836504,-0.65133065,0.99317926,1.2408967,0.66791636,0.42419192,-0.25359446,-0.30152822,-1.1445887,-0.33296448,0.6159613,0.3432486,0.3591175,-0.62726504,-0.2551601,-0.5544614,-0.06180109,0.12313883,0.24427944,0.2681818,0.096403465,0.43910414,0.4636681,0.032097757,-0.65241426,-0.7444595,0.23014608,-0.020917917,0.48710948,-0.048896052,0.10938224,3.0599284,-0.15805061,-0.14650625,0.031166751,-0.25288635,-0.13124278,-0.023729768,0.13685414,0.09105472,-0.116962776,0.29791185,0.09918519,-0.039154533,-0.05296684,0.038597163,0.016459454,0.17047209,0.13937518,0.12085439,0.09948926,0.09467837,-0.1224103,0.17260486,0.35560122,0.012125406,-0.020361168,0.09121517,-0.030694665,0.12910837,-0.10564177,0.0389168,-0.16800229,0.012063555,-0.1230229,0.023993857,-0.033416808,-0.010512549,0.13126794,0.019522563,-0.0480481,0.06318751,0.0038949188,-0.058214713
35,-0.69655395,0.34895915,-2.1886559,-0.28470516,1.0856752,-1.9266319,-0.9691528,-0.8948872,-0.64444375,-0.022694785,-0.25401255,0.78037906,0.25727218,-0.7485188,0.3735534,0.39977482,0.06854506,0.06483468,-0.22612965,-0.036413543,0.29245383,0.07834546,-0.30149496,0.04171951,0.11020303,0.1585145,-0.1639861,-0.042654015,0.023983834,0.03317397,-0.20741977,0.04278559,-0.46035904,-0.3646502,-0.15805061,2.7460394,-0.2145096,-0.12698737,0.21985677,-0.16865149,0.22244981,-0.29837507,0.03310604,-0.25033373,-0.040527858,0.3759591,-0.07644789,-0.007979882,-0.0112271,-0.25010192,-0.00452065,-0.17889932,0.021741994,-0.13005677,0.067600444,0.12377851,-0.045091733,0.10626244,0.002517079,-0.124217205,0.02147518,0.12875107,0.09757255,-0.27028987,-0.017852254,-0.19434524,-0.037986733,-0.10323426,-0.08668451,-0.017260034,0.04278528,0.037099436,-0.018665645,0.15391773,0.00962517,0.042582706,0.03274206
36,-0.040966943,-0.997239,0.8159167,0.63993603,-2.3229856,0.52106774,0.30245695,0.22817057,-0.07229757,-0.29751348,0.18155023,-0.6682914,-0.25776213,-0.26363045,-0.18676765,-0.00067783333,0.3407089,-0.04526156,-0.11603268,-0.032322876,0.9588007,-0.5631327,-0.43434438,-0.25236386,-0.032506924,-0.029721186,-0.15849975,0.1276584,0.20030636,-0.47333542,0.051003,-0.24144752,-0.21909076,0.28923327,-0.14650625,-0.2145096,1.7547731,-0.19096428,0.21841434,0.05828615,0.3064273,0.22984539,0.21733592,-0.11056937,-0.19978304,0.080026984,-0.25598043,0.07653676,0.17174414,0.017389506,0.15697426,0.10531509,0.2038014,-0.05025606,0.00015644568,0.0022237417,-0.22062421,-0.01346253,-0.22450426,0.0957654,0.1446116,0.18710208,-0.16871144,0.09442765,0.11263796,-0.12934688,-0.059539326,-0.05195597,-0.02085177,0.027777651,-0.09530261,-0.047743358,0.033230573,0.031839427,-0.0023029665,0.09290146,-0.03287609
37,-1.1422601,-1.2700174,1.1667035,-0.308362,0.74395764,-1.3498678,-0.30933118,0.85038114,-1.0950899,-0.4590947,1.1882619,0.33914426,-0.56262743,0.2542044,0.42471707,-0.35715383,0.21860237,-0.6260217,0.21020041,0.4278733,0.076017246,-0.7120937,0.014801652,0.25037807,0.32602584,-0.0010527594,-0.30315468,-0.1776514,-0.26248842,0.15847275,-0.48271853,0.2164495,0.21367134,0.18648525,0.031166751,-0.12698737,-0.19096428,2.2305198,-0.07636255,0.10836822,-0.039018758,0.15889177,0.08069523,0.4799383,0.028778255,0.038491055,0.058851887,0.103697926,-0.10897192,0.1038479,0.12701118,-0.13619038,0.2667454,0.12128883,-0.19015458,0.15742993,-0.048492465,-0.17036617,-0.06341404,-0.015793402,-0.064728044,0.0051915925,0.12342329,-0.11021307,0.07967105,0.08494346,-0.059172608,0.098584846,-0.028345423,0.09740058,0.12044723,0.021496743,-0.03208471,-0.012384305,0.014922791,-0.04914873,0.08793638
38,0.7763622,0.34686142,0.015410774,-0.11841442,0.8217453,1.6997745,1.0514541,0.95011866,0.038557604,-1.2773652,0.55296624,-0.15633821,-0.4707623,-0.4355246,0.23402753,0.28436428,0.6186904,-0.15552816,-0.50499254,-0.109242424,0.038843412,0.046705976,0.41185436,-0.11241609,0.2254365,-0.20783365,-0.026497204,0.077252954,-0.17846483,-0.2540027,-0.24345209,0.012575099,-0.08042005,0.060429305,-0.25288635,0.21985677,0.21841434,-0.07636255,2.3209386,0.31173468,0.14616704,-0.28015745,-0.21902296,0.39942825,0.04716239,-0.035263732,-0.04138741,-0.02246648,0.22001797,-0.09356667,-0.002522334,-0.06806025,0.1387307,0.26070982,0.12384452,-0.07906701,-0.13825649,0.016652945,0.023422124,0.1838095,-0.048880063,-0.019782297,-0.030783504,0.026753781,0.1735818,0.051145658,-0.0018927886,-0.15975913,-0.03797996,0.03142371,0.055755544,-0.044576015,0.0652597,0.057332575,-0.02119479,0.00867404,-0.14287578
39,0.15697776,-1.4880958,-0.22920048,-0.863536,-0.69529915,1.2988966,-0.39561728,0.6512586,-0.72881424,0.106118605,-0.4533329,-0.29025376,-0.54375756,0.050616726,0.10882738,0.055909686,0.2549656,-0.31219044,-0.1960147,-0.18193623,-0.6471762,0.09042281,-0.029220931,-0.27736014,-0.55870235,-0.32720035,0.30729413,-0.07759496,-0.001952596,0.15807365,-0.050581865,0.07054427,0.37636238,-0.50010157,-0.13124278,-0.16865149,0.05828615,0.10836822,0.31173468,1.8805335,-0.41491574,0.057789955,-0.15232655,-0.2673176,-0.2043243,0.015497029,-0.08657867,0.06984949,0.13369963,0.16338035,-0.05463402,0.031373326,-0.07752468,0.018234849,0.00423514,-0.0929703,-0.018009365,-0.11441068,-0.13663203,0.17051108,-0.07306124,0.06790914,-0.120116174,-0.015419446,0.08071308,0.030868765,0.038424753,-0.0276073,-0.024358088,-0.09875794,0.04931146,0.008058021,-0.044897404,0.11919148,-0.030411564,0.05085811,0.058503415
40,0.028790575,-1.6831522,0.40266052,-0.994956,0.106884524,-0.006727124,0.55812967,0.42658526,0.0717241,0.055296324,0.18522096,0.11066397,0.47747594,-0.4109112,0.14870523,-0.45750403,-0.5220182,-0.29441652,0.010784136,-0.03822455,0.6221658,0.19628973,-0.45908704,-0.12282623,-0.0445223,-0.2487336,0.04319796,-0.10050535,-0.041178238,-0.4060551,0.17715862,-0.33114475,0.13711703,0.064212605,-0.023729768,0.22244981,0.3064273,-0.039018758,0.14616704,-0.41491574,1.4657983,-0.121966206,0.17245269,0.07260996,0.039319634,0.16241255,0.3662047,0.17394067,0.07755625,-0.10379493,0.098466754,-0.12484977,0.25015405,0.003936808,-0.004873423,0.11665456,0.13512626,-0.018331522,0.013728896,-0.01650209,-0.013476554,-0.1328062,0.068029456,0.116049424,0.008384425,-0.06335948,0.09851277,-0.13628417,0.037126392,-0.02212942,0.042617396,-0.023573047,0.013363885,0.14798784,0.009475999,-0.17032315,-0.03606197
41,-0.40370554,-0.47904056,-0.059311442,-0.16481268,-1.0382371,-0.3469122,-0.7515581,0.20153283,-0.19349897,-1.0055932,0.15658581,-0.027514752,0.2469308,0.04522018,0.18747823,0.9478002,0.3496378,-0.19883889,0.030879159,0.066697165,0.3885069,0.13005902,-0.06787188,-0.11758876,-0.24720493,0.2843374,-0.053572804,-0.17606363,0.1797618,-0.109757125,-0.2271492,-0.4382366,0.077364385,0.054898694,0.13685414,-0.29837507,0.22984539,0.15889177,-0.28015745,0.057789955,-0.121966206,1.9041836,0.18334681,-0.10003741,0.14727697,0.1403677,-0.14316183,0.02688722,-0.09373002,0.1423153,-0.034443364,-0.012852266,0.018107247,0.07640305,0.01787604,-0.13958335,0.0064024883,-0.02009967,0.014213799,-0.11327581,-0.10681306,-0.102702364,0.07340659,-0.0055392706,-0.026645795,0.14054589,-0.010425257,-0.094156295,-0.019818747,-0.024165764,-0.06967249,0.056073263,0.051843747,0.14836188,-0.0020594876,0.04687544,-0.07000299
42,-0.14789456,-0.5216706,0.8728583,0.085748106,-0.47190103,0.52878803,-0.38878578,-0.08615107,-0.0011170633,0.049435005,-0.07607557,0.39553547,0.49456692,0.11191978,-0.38884097,-0.01015171,-0.2156092,0.55859077,0.18670565,-0.8016081,-0.3134947,0.31356174,0.16997229,-0.39462668,0.05901762,0.3471584,0.16892952,0.031238196,0.23200634,0.0058840816,0.03964367,0.03261087,-0.09781696,-0.09570063,0.09105472,0.03310604,0.21733592,0.08069523,-0.21902296,-0.15232655,0.17245269,0.18334681,1.556262,0.07298574,0.10106592,0.13638505,0.1672756,0.23343778,0.025796715,-0.07258256,-0.009415261,-0.069982804,0.08425735,0.027933713,0.027109321,0.19445743,-0.08581935,0.033950254,-0.25503963,0.17367727,0.059301015,-0.04950481,0.0035231253,-0.07288445,-0.06732731,-0.009280913,-0.0017784028,0.09418315,0.049979106,-0.04076834,0.038153216,0.009135947,0.09298998,-0.02172742,0.050318398,-0.015645918,-0.046796195
43,0.34678042,-2.0747838,-0.62788165,0.13853288,-1.0095993,-0.59598166,-0.4804518,-0.08850436,-0.42853385,0.36839175,0.024244348,-0.12661076,0.17377308,0.38666743,0.26941884,0.05480103,-0.20431323,0.2539305,0.25898975,-0.42155236,0.12070307,-0.19004545,0.22138003,-0.23345584,0.21695697,0.086057104,-0.05994725,-0.18809496,-0.2968489,0.13220526,0.16266254,-0.30712706,-0.09808159,-0.47815126,-0.116962776,-0.25033373,-0.11056937,0.4799383,0.39942825,-0.2673176,0.07260996,-0.10003741,0.07298574,1.8641055,-0.065331355,-0.18509477,0.13459697,-0.19855365,0.08271387,0.1506898,-0.1395897,0.12331234,0.2016488,0.11576125,-0.14764158,0.018265508,-0.079888284,0.23410049,-0.013717407,-0.032271292,0.0689217,-0.013482006,-0.017770965,0.15148622,-0.1724447,0.051099278,0.010086281,0.03932391,-0.0033681663,0.020839836,-0.087285906,-0.008854769,0.030874878,0.0035043154,0.023783252,0.08306076,-0.030906916
44,0.67523533,0.3857209,-0.7868705,0.7836698,-0.06641512,0.033552933,0.52849984,-0.04834786,0.2909156,-0.50643635,0.17953005,-0.21688303,0.28973255,0.4405889,0.20941961,-0.28728563,0.29568678,0.12714759,-0.24207398,-0.042412173,-0.27140197,0.33688462,-0.19294685,-0.4544769,0.11079353,-0.38752425,-0.32715097,-0.2961679,0.33451658,0.07512517,-0.14527369,0.31544492,-0.16690572,0.02151414,0.29791185,-0.040527858,-0.19978304,0.028778255,0.04716239,-0.2043243,0.039319634,0.14727697,0.10106592,-0.065331355,1.9105628,0.07592763,0.3744579,-0.09152232,-0.04000903,-0.049686648,0.060032155,-0.0010358751,-0.19735835,0.1038292,-0.04825801,-0.08081809,-0.036092825,-0.13639069,0.02821508,-0.008466102,-0.22383907,0.17131609,0.024174076,0.20648961,-0.030342259,-0.056907266,0.037413042,-0.026676135,0.025434783,-0.0008553631,-0.10249189,9.553799e-06,-0.021362472,0.10998636,0.10424188,0.051916353,-0.0146448165
