,0,1,2,3,4,5,6,7,8,9,10,11,12,13,14,15,16,17,18,19,20,21,22,23,24,25,26,27,28,29,30,31,32,33,34,35,36,37,38,39,40,41,42,43,44,45,46,47,48,49
0,697.02606,-418.35214,-0.25218278,-0.15410388,-0.04157825,-0.014595417,-0.0031469192,-0.017784886,0.042122684,0.0068319594,0.025594264,0.0052708955,0.002541434,-0.020786237,-0.020089153,-0.02093126,-0.03795187,-0.01736406,0.008761017,-0.002533292,-0.010917998,0.0037650676,-0.005371997,0.0011213701,-0.004715479,-0.004184664,0.003893312,0.0025191037,0.000580951,-0.0010290358,0.0037557373,0.00049240305,-0.0017169404,-0.0013120403,0.0039569046,-0.0010293277,0.0035498752,0.0021813912,0.0036276905,0.00042922102,-0.0010914921,8.018021e-05,-7.430896e-05,0.0014175602,-0.0002735894,-0.000888991,0.00015225352,-0.00028981786,0.0007419579,-0.0015652515
1,-418.35214,251.12875,0.17659557,0.14104742,0.07882641,-0.012983371,0.007149249,0.0076438515,-0.034315933,0.004759082,0.0064432584,-0.011018729,-0.0070785023,0.010493923,0.0013271992,0.014369923,0.005440728,0.0045217443,-0.011383811,-0.0035111122,-0.0045199627,0.0027132423,-0.0043037445,0.0017594837,-0.0028918704,0.002901372,0.0020184414,0.0023770141,-0.0019783988,-0.00017340292,0.0021435828,-0.0012074877,0.0012133084,0.0014485228,-0.0011805056,0.0005273151,-0.00014682687,0.0024061901,0.0008038222,-0.0004268536,0.00068785937,-0.0018528623,-0.0023749762,-0.00095295557,0.0015271131,-0.0006526272,-1.989465e-05,-0.002369227,0.0005557897,-0.0005815883
2,-0.25218278,0.17659557,0.14837979,-0.011277853,-0.10827193,0.011757342,0.026067577,-0.019479528,0.01619649,0.058174342,0.027833411,0.0074207317,0.01002363,0.009915898,-0.00630535,-0.015216492,-0.0063803345,0.0024334206,-0.009475308,0.011634178,-0.00786276,0.016691644,-0.009512798,-0.0007627492,-0.0039286045,-0.0067566223,0.014463755,0.011810968,0.01271634,-0.00050446467,0.006429937,-0.010253259,0.00093726383,-0.0019813846,0.0106743835,-0.0015112348,0.0059241923,0.0088475775,0.0023334967,0.004452127,-0.0003572216,-0.004023582,0.00027025625,-0.0016632106,0.0033505727,-0.0018334955,-0.0012972918,0.003870855,-0.0017512946,-0.0014537028
3,-0.15410388,0.14104742,-0.011277853,0.4035254,0.17549938,-0.1662978,-0.060812842,-0.026664967,0.0033871122,0.033179067,0.058865383,0.007251025,0.007321189,-0.024619691,-0.026499331,0.043944713,-0.052312613,-0.03969555,0.012218065,0.004470921,0.014196118,-0.01765687,0.0020569875,0.0017627598,0.0033185813,0.013571214,0.0086184135,-0.0025758299,-0.0027749012,-0.0032064212,-0.0006600394,-0.00888725,-0.0067868656,-0.003587426,0.0057031745,-0.009612133,-0.0037201256,-0.0016925826,0.009027238,-0.004983859,0.0034839395,0.0059476607,-0.0071713254,0.001393264,-0.0022616046,-0.0012100679,0.004639677,0.0037556654,0.0032575906,-0.0070000137
4,-0.04157825,0.07882641,-0.10827193,0.17549938,0.43929464,-0.022163482,0.03826654,0.0650357,-0.05998275,-0.06724897,0.057143964,-0.028917238,-0.03732556,-0.027522795,-0.029955417,0.022742767,-0.04088734,-0.03109056,-0.0003264558,-0.031286716,-0.010011785,0.0020959987,-0.023033813,0.0048005586,0.0056577716,0.022453576,0.010813935,-0.01296492,-0.0119269,-0.0015969628,0.0070396457,0.0062418263,0.0033751056,0.010370763,-0.0067324406,0.0042384844,-0.003476928,-0.00069199794,0.00585551,-0.004209909,0.0029857284,0.008200266,0.0005521229,0.0031974055,-0.007384685,0.0006945279,0.0035166033,-0.0032481619,0.004618706,-0.0007512389
5,-0.014595417,-0.012983371,0.011757342,-0.1662978,-0.022163482,0.13244008,0.028525295,0.030184072,-0.017518723,-0.022126876,0.0073756296,-0.023979172,-0.02398921,0.0017387709,-0.00609906,-0.024045466,0.023611583,0.0076766005,-0.002548765,0.013711766,0.0064869337,0.01996078,-0.0002916989,-0.01320258,-0.0045253052,-0.005721201,-0.00029696323,-6.604852e-05,0.0058814595,-0.00031264286,-0.00083812734,0.0055924933,0.0062173232,0.0028844718,-0.0011868145,0.0048801126,0.0044854004,0.0005095502,-0.0046186578,0.0018813048,-0.002241603,-9.622779e-05,0.0034242156,0.0011346263,-0.00022663629,-0.0007797755,-0.0019489101,0.0010045543,-0.0017015869,0.003892534
6,-0.0031469192,0.007149249,0.026067577,-0.060812842,0.03826654,0.028525295,0.1724291,0.051848553,-0.007307742,0.021012252,-0.003095569,0.023790412,-0.001824883,-0.0039334986,0.031523596,-0.014114087,0.0014747398,-0.0053459546,-0.013588553,-0.0041924855,-0.0098079275,0.021514568,-0.006625548,0.0006776693,0.010705056,-0.0051155426,0.009075556,0.0031176212,0.0031951903,0.0057811225,0.006265234,0.0025879098,0.00079034903,-0.0036347487,0.004797214,0.0027273851,0.0019016007,0.002100957,0.00826313,-0.0026672035,0.005216291,-0.0010045071,0.007291129,-0.0010188025,-0.0026268503,-0.00042394767,0.0031645638,-0.0032898677,0.0023131846,0.002476067
7,-0.017784886,0.0076438515,-0.019479528,-0.026664967,0.0650357,0.030184072,0.051848553,0.06740852,-0.012698796,-0.026653828,0.0059329495,0.00040938696,-0.02718664,-0.00032253162,-0.0014826966,-0.012816006,0.012144817,-0.007875947,0.0013719355,-0.0050045424,0.006848032,0.010320669,0.0013337294,0.005109502,0.0077941287,0.0038553744,-0.0019195869,-0.0045173643,0.002290092,0.0008934167,0.006138103,0.0006003388,-0.0015357444,0.00055823324,0.0024627035,0.0031379238,-0.006393195,0.0023254566,-0.0013139981,0.00032359367,0.0006874853,-0.0009199827,0.0027012522,-0.00066232076,-0.0017995022,-0.00020176798,0.0023036033,-0.0003880697,0.0001119197,-0.0003411303
8,0.042122684,-0.034315933,0.01619649,0.0033871122,-0.05998275,-0.017518723,-0.007307742,-0.012698796,0.057545092,0.014376469,-0.0024544415,-0.015054804,0.013480563,4.581872e-05,0.021015793,0.008235477,0.0065755052,-0.0045061,0.0011614161,1.15830235e-05,-0.003836649,-0.009529429,0.005156571,-0.0039750803,0.007247678,-0.0025615534,0.002957075,-0.007710921,0.0020846755,0.0065489183,-0.00086422527,-0.0011744449,-0.0012083427,0.00019726809,0.006619772,0.0027992502,0.00045609503,0.003341985,-0.0034967493,0.002806345,0.0012494845,-0.0006252038,-0.0051734517,-0.0005964538,0.0006529482,-6.692043e-05,0.002396936,0.0007931256,-0.0014016291,8.8478206e-05
9,0.0068319594,0.004759082,0.058174342,0.033179067,-0.06724897,-0.022126876,0.021012252,-0.026653828,0.014376469,0.065920375,0.021437261,0.01533376,0.009215398,-0.015165757,0.009273397,0.0006848018,-0.004348576,0.0026569786,-0.0006275021,0.008715671,-0.0056247013,0.0013584765,-0.002563817,0.0006728851,-0.0058160145,-0.00064812077,0.005427371,0.0050152484,0.0068999007,0.0011118092,-0.0035412267,-0.0011765745,0.0029355655,-0.003132095,0.006603907,-0.0035154251,0.0025914945,-0.0005269242,0.0013890513,-0.00055733917,0.00067802286,-0.0037342338,0.0004912912,-0.0043720286,-0.00027688005,-0.0010945874,0.00096275285,0.00068382313,0.00070183794,0.00014093309
10,0.025594264,0.0064432584,0.027833411,0.058865383,0.057143964,0.0073756296,-0.003095569,0.0059329495,-0.0024544415,0.021437261,0.08530548,-0.01868105,-0.010130227,-0.027376425,-0.007946454,0.0024462785,-0.008941233,-0.019666975,-0.0010483619,0.005120067,0.003486069,0.0056748223,0.0009200735,0.0029268246,-0.010671739,0.0034824947,0.0075467806,0.0033026198,0.0017498597,0.0035222094,-0.00391326,0.000647645,0.001860999,-0.00038821073,0.0044546137,0.0019824405,-0.0012742376,0.00392395,-0.0018796714,0.001030609,0.001697843,0.0023840398,0.0018821801,-0.0011572547,0.00031196774,-0.00043960015,-0.0020289405,0.0005141975,-0.0021231433,-0.00095004076
11,0.0052708955,-0.011018729,0.0074207317,0.007251025,-0.028917238,-0.023979172,0.023790412,0.00040938696,-0.015054804,0.01533376,-0.01868105,0.0449936,0.008927987,0.00034481176,0.004191366,-0.0013799861,0.00045378102,0.005905061,-0.00055888435,-0.0047103204,0.0073985606,0.00030478957,-0.00090547476,0.0054267123,0.004830515,0.00043692274,-0.0026742641,0.0025528315,0.0011692925,0.0020246548,0.00052085903,-0.0033541266,0.0010396314,-0.0023939912,-0.00078289135,-0.0023205252,-0.0028945447,-0.0009366271,0.0042935573,0.00022693884,-0.001047015,-0.001301131,0.0045503206,-0.0016343201,-0.0011161116,0.0011821245,-0.00062532525,0.0017933142,0.0022718618,-0.0010500445
12,0.002541434,-0.0070785023,0.01002363,0.007321189,-0.03732556,-0.02398921,-0.001824883,-0.02718664,0.013480563,0.009215398,-0.010130227,0.008927987,0.041698914,0.00018105909,0.015117097,0.010222767,-0.0001890162,-0.004369404,-0.0005059716,-0.0028125334,0.0008711264,-0.004629663,0.0011354904,0.0040480997,0.0013240145,0.0008340903,0.0053274864,0.001845978,-0.0005269282,-0.0006140247,0.00092474103,-0.003643088,-0.003211422,-0.0012294536,-0.00082353386,-0.0017279703,0.004246827,-0.0007347456,0.00027731044,-0.00014092539,0.00021733815,0.0023596212,0.00087676896,0.0004931968,0.00019014953,0.0023794672,0.00018581431,0.00024716626,-0.00093173736,0.0023068807
13,-0.020786237,0.010493923,0.009915898,-0.024619691,-0.027522795,0.0017387709,-0.0039334986,-0.00032253162,4.581872e-05,-0.015165757,-0.027376425,0.00034481176,0.00018105909,0.029157575,-0.00042559582,-0.007265168,-0.00021274772,0.0058914134,-0.003001913,-0.0033146024,0.000653334,0.0010254802,0.0015942823,0.0017976745,0.0017820958,-0.0077694133,0.0014876145,0.0009788957,-0.0005181866,-0.002434881,0.005442529,-0.0011514891,0.00017832532,0.001025928,-0.0020847283,0.000361673,0.00090871967,-0.0006898319,0.0014554962,-0.0007609555,-0.00043785363,0.00020761558,-0.001974444,0.000814519,0.0014598712,0.00044219894,-0.0003718307,0.001037991,-0.0014597775,-0.002146475
14,-0.020089153,0.0013271992,-0.00630535,-0.026499331,-0.029955417,-0.00609906,0.031523596,-0.0014826966,0.021015793,0.009273397,-0.007946454,0.004191366,0.015117097,-0.00042559582,0.031913124,-0.0033676513,0.0068835076,0.0017908404,5.6478384e-05,-0.005666082,-0.0017638437,-0.007397186,0.0043058656,0.0019099461,0.0007898165,-3.4341094e-05,0.0019905362,-0.002588993,-0.0007265429,0.004931717,0.00027638962,-0.00048839743,0.002375375,0.0005734225,0.00032053483,-1.761494e-05,7.613367e-05,0.00095285475,-0.00040061568,-0.0013731595,0.0030860715,0.00093088654,0.00049723824,6.974275e-05,-0.0010792634,-0.00061533815,-0.00029110152,-0.0010091837,-0.00016374196,0.0011235634
15,-0.02093126,0.014369923,-0.015216492,0.043944713,0.022742767,-0.024045466,-0.014114087,-0.012816006,0.008235477,0.0006848018,0.0024462785,-0.0013799861,0.010222767,-0.007265168,-0.0033676513,0.019765241,-0.0081119435,-0.007172719,0.0003616393,-0.00084080186,-0.0026684916,-0.004879589,-0.0003043572,0.0005358,0.0020972863,0.0005879864,0.0007373659,-0.001091423,-0.0038439438,0.0004491565,-0.0015421115,0.002366596,-0.002959998,-0.0013629487,0.00038800554,0.0010018337,0.0005511657,-0.0010371376,-0.000445196,0.0009840322,-0.0015603914,-3.6104277e-05,-0.0014403492,-7.1002425e-05,0.00078234397,0.001434818,0.001425904,-6.4150634e-05,0.0005487051,0.0008876373
16,-0.03795187,0.005440728,-0.0063803345,-0.052312613,-0.04088734,0.023611583,0.0014747398,0.012144817,0.0065755052,-0.004348576,-0.008941233,0.00045378102,-0.0001890162,-0.00021274772,0.0068835076,-0.0081119435,0.021722933,0.0036950859,0.0063039213,0.0007233458,0.0074251853,0.00033194406,-0.0018253276,0.0032729805,-3.1362702e-05,-0.0005424151,-0.0032961185,-0.0019587919,0.0034926692,0.00024611512,-0.001641462,0.0012830165,-0.00046974112,-0.00023615459,0.0014233366,5.629843e-05,-0.0013728333,-0.00010733759,-0.0022037285,0.0010783188,-0.0002082805,-0.0006269576,0.00048096752,0.00021978673,-0.0011919156,0.001321234,0.00082692376,-0.0001522139,-0.0017939146,0.00033804623
17,-0.01736406,0.0045217443,0.0024334206,-0.03969555,-0.03109056,0.0076766005,-0.0053459546,-0.007875947,-0.0045061,0.0026569786,-0.019666975,0.005905061,-0.004369404,0.0058914134,0.0017908404,-0.007172719,0.0036950859,0.016031917,0.00064164697,0.0006632079,-0.007620219,-0.00395601,-0.0055502136,0.0008859774,-0.0015005528,0.00094617973,-0.002060959,0.0014149058,-0.0002073978,-0.0007517787,-0.0011058741,0.00056576123,0.0028035427,0.00087351975,-0.0020116162,-0.0014822731,-0.0006207775,-0.0007922434,-0.0010824826,1.6527664e-06,1.1970329e-05,-0.0017903065,0.00082581764,3.66752e-05,-0.0004120717,-0.0008888278,-0.0014138124,0.00047161535,0.0005519098,0.0001621123
18,0.008761017,-0.011383811,-0.009475308,0.012218065,-0.0003264558,-0.002548765,-0.013588553,0.0013719355,0.0011614161,-0.0006275021,-0.0010483619,-0.00055888435,-0.0005059716,-0.003001913,5.6478384e-05,0.0003616393,0.0063039213,0.00064164697,0.007962336,-0.0020810976,0.005982222,-0.00466087,-0.0023738826,0.0016499069,-0.0020124232,0.0027461047,-0.0021516609,-0.0009877253,0.001934758,-0.0031519511,-0.0018861376,-0.0007789964,-0.0010780867,0.0010045776,0.0013329961,-0.0020234068,-0.0015583397,-0.00047305704,-0.0003825569,-9.7159966e-05,9.250917e-05,0.00016810378,-0.0005917528,0.00047774328,-0.00061683846,-0.00015455522,0.0006050383,0.0005316774,-0.00046144135,0.00027420663
19,-0.002533292,-0.0035111122,0.011634178,0.004470921,-0.031286716,0.013711766,-0.0041924855,-0.0050045424,1.15830235e-05,0.008715671,0.005120067,-0.0047103204,-0.0028125334,-0.0033146024,-0.005666082,-0.00084080186,0.0007233458,0.0006632079,-0.0020810976,0.02194836,-0.0016930188,0.00419466,0.004289771,-0.0050004534,0.00116952,-0.0003309531,0.0012938761,0.002575654,0.0005601552,0.0020828627,-0.0017052207,0.0020259253,-0.0003260856,-0.0045707403,-0.0005996511,-0.0010486445,0.001684274,-0.0016966627,-0.0025384133,-0.0008275558,0.00035972672,0.00015994319,0.0009528382,0.00081928616,-0.0002623354,-0.00029609393,-0.00020205707,0.0013846282,-0.00033224022,-3.367383e-05
20,-0.010917998,-0.0045199627,-0.00786276,0.014196118,-0.010011785,0.0064869337,-0.0098079275,0.006848032,-0.003836649,-0.0056247013,0.003486069,0.0073985606,0.0008711264,0.000653334,-0.0017638437,-0.0026684916,0.0074251853,-0.007620219,0.005982222,-0.0016930188,0.02278623,0.0020119878,0.0060389712,-0.0032642034,-8.561445e-05,-0.0038471874,-0.0038374607,-0.0017888679,0.0032898737,-0.0018727651,-0.0023950997,-0.0026583034,-0.00031972333,0.00060540397,0.0012299245,-0.0007384117,-0.0013320338,-0.00082338986,0.002573351,-5.9025835e-05,-0.00074053835,0.0021499414,-7.094712e-05,0.00021478414,-0.00015826491,0.00071063417,7.886025e-05,0.0017284837,-0.0004971629,-0.00064162305
21,0.0037650676,0.0027132423,0.016691644,-0.01765687,0.0020959987,0.01996078,0.021514568,0.010320669,-0.009529429,0.0013584765,0.0056748223,0.00030478957,-0.004629663,0.0010254802,-0.007397186,-0.004879589,0.00033194406,-0.00395601,-0.00466087,0.00419466,0.0020119878,0.012323018,0.00029956005,-0.0020656805,0.00051590917,-0.004367724,0.0015601618,0.0016725707,0.0020114942,-0.00083094,0.0014736451,-0.00022422228,2.252009e-05,-0.00092592754,0.0009668329,0.0014751826,0.0023680367,-0.00036686478,0.0015842495,0.00045845826,-0.0006532705,-0.00020536692,0.0009630325,-0.0009092044,-7.949381e-05,0.00047692822,0.0005558209,-0.0007587576,-9.3492185e-05,2.2856653e-05
22,-0.005371997,-0.0043037445,-0.009512798,0.0020569875,-0.023033813,-0.0002916989,-0.006625548,0.0013337294,0.005156571,-0.002563817,0.0009200735,-0.00090547476,0.0011354904,0.0015942823,0.0043058656,-0.0003043572,-0.0018253276,-0.0055502136,-0.0023738826,0.004289771,0.0060389712,0.00029956005,0.019788831,-0.0048144776,0.0015018326,0.00042931264,-0.0022169766,-0.002089987,0.00038670626,0.002107997,0.0025116021,-0.0012026445,-0.000665282,-0.0009801362,-0.0017474443,0.0006989683,0.0005267051,-0.0013020576,-0.0017599993,-0.0018081444,-0.00042494558,0.0009818485,-3.433104e-05,-0.0012862328,0.001011214,-0.0010068798,-0.0002266398,-0.00020241784,-3.062201e-06,-0.00014536089
23,0.0011213701,0.0017594837,-0.0007627492,0.0017627598,0.0048005586,-0.01320258,0.0006776693,0.005109502,-0.0039750803,0.0006728851,0.0029268246,0.0054267123,0.0040480997,0.0017976745,0.0019099461,0.0005358,0.0032729805,0.0008859774,0.0016499069,-0.0050004534,-0.0032642034,-0.0020656805,-0.0048144776,0.012950941,-0.0027789134,0.0013098072,0.0021946398,0.0018406427,-0.0015950631,-0.0012992057,0.0015400308,0.00018331409,-0.0005204375,-0.00027508833,-0.00016346532,-0.00021322741,-0.0019859902,-0.0005868281,-0.001590412,0.00045062485,0.00010333567,-0.0006118845,0.0010456695,-0.0010697499,-0.0006521032,0.0015273647,-6.300167e-05,-0.0005754351,-0.0013948805,-0.00073382247
24,-0.004715479,-0.0028918704,-0.0039286045,0.0033185813,0.0056577716,-0.0045253052,0.010705056,0.0077941287,0.007247678,-0.0058160145,-0.010671739,0.004830515,0.0013240145,0.0017820958,0.0007898165,0.0020972863,-3.1362702e-05,-0.0015005528,-0.0020124232,0.00116952,-8.561445e-05,0.00051590917,0.0015018326,-0.0027789134,0.009940655,0.0014397374,0.00038185046,-0.0033623287,0.0006463445,0.0027937684,0.0010952563,-0.0003021111,-0.0015158535,-0.0009939412,0.00035495654,0.001135922,-0.001134552,1.1636367e-05,8.1976395e-05,0.00036254805,0.00023824883,0.0005575671,0.00066591025,9.3311275e-05,-0.00067749654,0.0008040555,0.0013767523,0.0014437106,0.0006345003,-8.960176e-05
25,-0.004184664,0.002901372,-0.0067566223,0.013571214,0.022453576,-0.005721201,-0.0051155426,0.0038553744,-0.0025615534,-0.00064812077,0.0034824947,0.00043692274,0.0008340903,-0.0077694133,-3.4341094e-05,0.0005879864,-0.0005424151,0.00094617973,0.0027461047,-0.0003309531,-0.0038471874,-0.004367724,0.00042931264,0.0013098072,0.0014397374,0.011016482,0.00032107567,-0.0008149408,0.0016814712,0.000569116,0.0023459906,-0.0002665876,-0.0014505675,5.659084e-05,-0.0010298863,-0.0019308807,-0.0013151767,0.0010044107,-0.0021688226,-0.0012096948,0.00022338104,-0.00012212426,0.0014375127,0.00047910947,-0.0006440672,-0.0005988762,0.0004113414,0.00051735307,0.0004909029,0.0006414881
26,0.003893312,0.0020184414,0.014463755,0.0086184135,0.010813935,-0.00029696323,0.009075556,-0.0019195869,0.002957075,0.005427371,0.0075467806,-0.0026742641,0.0053274864,0.0014876145,0.0019905362,0.0007373659,-0.0032961185,-0.002060959,-0.0021516609,0.0012938761,-0.0038374607,0.0015601618,-0.0022169766,0.0021946398,0.00038185046,0.00032107567,0.0060601113,0.00031782844,0.00046441564,0.00050723646,0.0019012187,-0.0005964186,0.0010539397,0.00023149872,0.0004571198,0.00033834926,0.0016908897,-2.0673884e-05,-0.00041252899,-6.790411e-05,0.00072353554,0.0009490679,0.0003056336,-0.00024130105,-0.0006920515,0.00048715115,0.00016098097,0.00067878957,-0.00071492535,-0.00010964652
27,0.0025191037,0.0023770141,0.011810968,-0.0025758299,-0.01296492,-6.604852e-05,0.0031176212,-0.0045173643,-0.007710921,0.0050152484,0.0033026198,0.0025528315,0.001845978,0.0009788957,-0.002588993,-0.001091423,-0.0019587919,0.0014149058,-0.0009877253,0.002575654,-0.0017888679,0.0016725707,-0.002089987,0.0018406427,-0.0033623287,-0.0008149408,0.00031782844,0.0053507728,-7.035247e-05,-0.0016139487,-0.00011313702,0.0006093738,-0.0017827052,-0.0018353197,-0.00026657857,-0.0013540033,0.00028184682,0.0005553628,0.0010001241,-0.0005746621,9.828979e-05,-0.000499606,0.0012266957,0.00080294884,0.0013322385,-9.486232e-05,-0.0008583445,-0.0001422525,-0.00044509134,6.219745e-05
28,0.000580951,-0.0019783988,0.01271634,-0.0027749012,-0.0119269,0.0058814595,0.0031951903,0.002290092,0.0020846755,0.0068999007,0.0017498597,0.0011692925,-0.0005269282,-0.0005181866,-0.0007265429,-0.0038439438,0.0034926692,-0.0002073978,0.001934758,0.0005601552,0.0032898737,0.0020114942,0.00038670626,-0.0015950631,0.0006463445,0.0016814712,0.00046441564,-7.035247e-05,0.0046154563,-0.0009272632,0.0008403019,-0.0008110252,-0.00072034716,2.0383515e-05,0.0017575361,-0.0010382211,0.00034661015,0.00045125553,0.00044367512,-0.00044079212,-0.00020104984,-0.0003797748,0.00018385399,-0.00036859635,4.3234454e-06,-9.206764e-05,0.00092609524,0.00080142415,-0.000396142,-2.8914255e-05
29,-0.0010290358,-0.00017340292,-0.00050446467,-0.0032064212,-0.0015969628,-0.00031264286,0.0057811225,0.0008934167,0.0065489183,0.0011118092,0.0035222094,0.0020246548,-0.0006140247,-0.002434881,0.004931717,0.0004491565,0.00024611512,-0.0007517787,-0.0031519511,0.0020828627,-0.0018727651,-0.00083094,0.002107997,-0.0012992057,0.0027937684,0.000569116,0.00050723646,-0.0016139487,-0.0009272632,0.0063711056,0.00066499854,0.0018319008,0.0014482395,-0.0012188831,-0.00068802154,0.0014163675,-0.00044051197,0.0016457024,-0.00051514583,0.00028596428,0.00019667472,-1.9887573e-05,0.00021837276,0.00054938276,-0.0002082315,0.00030054993,-0.00031640075,0.00020313772,0.00024579128,-0.0010026306
30,0.0037557373,0.0021435828,0.006429937,-0.0006600394,0.0070396457,-0.00083812734,0.006265234,0.006138103,-0.00086422527,-0.0035412267,-0.00391326,0.00052085903,0.00092474103,0.005442529,0.00027638962,-0.0015421115,-0.001641462,-0.0011058741,-0.0018861376,-0.0017052207,-0.0023950997,0.0014736451,0.0025116021,0.0015400308,0.0010952563,0.0023459906,0.0019012187,-0.00011313702,0.0008403019,0.00066499854,0.0057630916,-0.0006139984,-0.0005943631,8.101293e-05,-0.0006335289,8.794454e-06,0.0008197451,0.001313644,-0.00038210105,-0.0006106829,-0.000674318,-0.0007454519,-0.00038708956,9.614307e-05,0.00044372428,-0.00020776925,0.00059334905,-0.0002403566,-1.8510687e-05,-0.00052065984
31,0.00049240305,-0.0012074877,-0.010253259,-0.00888725,0.0062418263,0.0055924933,0.0025879098,0.0006003388,-0.0011744449,-0.0011765745,0.000647645,-0.0033541266,-0.003643088,-0.0011514891,-0.00048839743,0.002366596,0.0012830165,0.00056576123,-0.0007789964,0.0020259253,-0.0026583034,-0.00022422228,-0.0012026445,0.00018331409,-0.0003021111,-0.0002665876,-0.0005964186,0.0006093738,-0.0008110252,0.0018319008,-0.0006139984,0.0056998027,-0.00046257494,-0.0016836266,-0.001135067,0.0005470065,-0.00026183156,-0.0007233868,-0.00044169457,-0.0011270861,-0.00060996786,-0.00091856753,-2.6412012e-05,0.00041000053,0.00056413526,0.0009670428,0.0007026241,-0.00028938655,-0.00039549518,-0.00017849624
32,-0.0017169404,0.0012133084,0.00093726383,-0.0067868656,0.0033751056,0.0062173232,0.00079034903,-0.0015357444,-0.0012083427,0.0029355655,0.001860999,0.0010396314,-0.003211422,0.00017832532,0.002375375,-0.002959998,-0.00046974112,0.0028035427,-0.0010780867,-0.0003260856,-0.00031972333,2.252009e-05,-0.000665282,-0.0005204375,-0.0015158535,-0.0014505675,0.0010539397,-0.0017827052,-0.00072034716,0.0014482395,-0.0005943631,-0.00046257494,0.004585135,0.0017542836,-0.00066729775,0.0007358886,0.0004821172,-0.0006419342,-0.0004173474,0.00039298236,7.612469e-05,7.922681e-05,-0.00024283011,-0.00095095276,-0.0011962429,-0.00042179704,-0.00087921147,0.00024467398,0.00054340047,-0.0003109991
33,-0.0013120403,0.0014485228,-0.0019813846,-0.003587426,0.010370763,0.0028844718,-0.0036347487,0.00055823324,0.00019726809,-0.003132095,-0.00038821073,-0.0023939912,-0.0012294536,0.001025928,0.0005734225,-0.0013629487,-0.00023615459,0.00087351975,0.0010045776,-0.0045707403,0.00060540397,-0.00092592754,-0.0009801362,-0.00027508833,-0.0009939412,5.659084e-05,0.00023149872,-0.0018353197,2.0383515e-05,-0.0012188831,8.101293e-05,-0.0016836266,0.0017542836,0.0025048067,0.00012348221,0.0004122404,0.00019107354,5.6943274e-05,-0.000101587604,0.00054829696,1.2108137e-07,0.00036364305,-0.0006513366,-0.00045777488,-0.00050851284,-0.00047524628,-0.00029673992,-7.062162e-05,0.00021958721,0.0002806246
34,0.0039569046,-0.0011805056,0.0106743835,0.0057031745,-0.0067324406,-0.0011868145,0.004797214,0.0024627035,0.006619772,0.006603907,0.0044546137,-0.00078289135,-0.00082353386,-0.0020847283,0.00032053483,0.00038800554,0.0014233366,-0.0020116162,0.0013329961,-0.0005996511,0.0012299245,0.0009668329,-0.0017474443,-0.00016346532,0.00035495654,-0.0010298863,0.0004571198,-0.00026657857,0.0017575361,-0.00068802154,-0.0006335289,-0.001135067,-0.00066729775,0.00012348221,0.003007417,0.00016489907,-0.00035148443,0.0010291075,0.00032163085,0.0010350926,0.00010177144,-0.00067754154,-0.0006317608,-0.00052078976,0.00014470519,-0.00022556467,0.00072751177,0.00021198961,-0.00010289903,0.00016704034
35,-0.0010293277,0.0005273151,-0.0015112348,-0.009612133,0.0042384844,0.0048801126,0.0027273851,0.0031379238,0.0027992502,-0.0035154251,0.0019824405,-0.0023205252,-0.0017279703,0.000361673,-1.761494e-05,0.0010018337,5.629843e-05,-0.0014822731,-0.0020234068,-0.0010486445,-0.0007384117,0.0014751826,0.0006989683,-0.00021322741,0.001135922,-0.0019308807,0.00033834926,-0.0013540033,-0.0010382211,0.0014163675,8.794454e-06,0.0005470065,0.0007358886,0.0004122404,0.00016489907,0.0019421316,2.7874077e-05,0.00022288921,-0.0005362439,0.0009923242,-0.000338047,1.3037141e-05,-0.00023274118,-0.0004897959,1.9865125e-05,0.00037260013,-2.4983916e-05,-0.00022913881,-8.062101e-05,-2.3132225e-05
36,0.0035498752,-0.00014682687,0.0059241923,-0.0037201256,-0.003476928,0.0044854004,0.0019016007,-0.006393195,0.00045609503,0.0025914945,-0.0012742376,-0.0028945447,0.004246827,0.00090871967,7.613367e-05,0.0005511657,-0.0013728333,-0.0006207775,-0.0015583397,0.001684274,-0.0013320338,0.0023680367,0.0005267051,-0.0019859902,-0.001134552,-0.0013151767,0.0016908897,0.00028184682,0.00034661015,-0.00044051197,0.0008197451,-0.00026183156,0.0004821172,0.00019107354,-0.00035148443,2.7874077e-05,0.0029148173,-0.0005338426,0.0005154507,-0.00021977918,-0.00019777547,0.00036423074,-0.0005989991,7.8727484e-05,-9.800654e-05,-5.873843e-07,0.00018019343,-0.0007104251,-5.824496e-05,0.00034132836
37,0.0021813912,0.0024061901,0.0088475775,-0.0016925826,-0.00069199794,0.0005095502,0.002100957,0.0023254566,0.003341985,-0.0005269242,0.00392395,-0.0009366271,-0.0007347456,-0.0006898319,0.00095285475,-0.0010371376,-0.00010733759,-0.0007922434,-0.00047305704,-0.0016966627,-0.00082338986,-0.00036686478,-0.0013020576,-0.0005868281,1.1636367e-05,0.0010044107,-2.0673884e-05,0.0005553628,0.00045125553,0.0016457024,0.001313644,-0.0007233868,-0.0006419342,5.6943274e-05,0.0010291075,0.00022288921,-0.0005338426,0.003110669,0.0002875478,0.0008459083,5.264212e-05,-0.0005544924,-0.00028013333,0.0010314682,0.00082766515,-0.00059281697,-0.000381679,2.4324252e-05,0.00010082252,-0.00025051
38,0.0036276905,0.0008038222,0.0023334967,0.009027238,0.00585551,-0.0046186578,0.00826313,-0.0013139981,-0.0034967493,0.0013890513,-0.0018796714,0.0042935573,0.00027731044,0.0014554962,-0.00040061568,-0.000445196,-0.0022037285,-0.0010824826,-0.0003825569,-0.0025384133,0.002573351,0.0015842495,-0.0017599993,-0.001590412,8.1976395e-05,-0.0021688226,-0.00041252899,0.0010001241,0.00044367512,-0.00051514583,-0.00038210105,-0.00044169457,-0.0004173474,-0.000101587604,0.00032163085,-0.0005362439,0.0005154507,0.0002875478,0.003227294,-0.00045552163,0.00040372458,0.00052057626,-6.343138e-05,0.0006966521,0.00016478749,7.5002336e-06,0.00010271918,-0.00035295886,0.00033936914,-0.0005257996
39,0.00042922102,-0.0004268536,0.004452127,-0.004983859,-0.004209909,0.0018813048,-0.0026672035,0.00032359367,0.002806345,-0.00055733917,0.001030609,0.00022693884,-0.00014092539,-0.0007609555,-0.0013731595,0.0009840322,0.0010783188,1.6527664e-06,-9.7159966e-05,-0.0008275558,-5.9025835e-05,0.00045845826,-0.0018081444,0.00045062485,0.00036254805,-0.0012096948,-6.790411e-05,-0.0005746621,-0.00044079212,0.00028596428,-0.0006106829,-0.0011270861,0.00039298236,0.00054829696,0.0010350926,0.0009923242,-0.00021977918,0.0008459083,-0.00045552163,0.0017792303,-0.00041115016,-0.00028639295,-0.00023829285,-0.0002325029,-5.053077e-05,0.00010450015,-0.00026919926,0.0001169426,5.316522e-05,0.00011166184
40,-0.0010914921,0.00068785937,-0.0003572216,0.0034839395,0.0029857284,-0.002241603,0.005216291,0.0006874853,0.0012494845,0.00067802286,0.001697843,-0.001047015,0.00021733815,-0.00043785363,0.0030860715,-0.0015603914,-0.0002082805,1.1970329e-05,9.250917e-05,0.00035972672,-0.00074053835,-0.0006532705,-0.00042494558,0.00010333567,0.00023824883,0.00022338104,0.00072353554,9.828979e-05,-0.00020104984,0.00019667472,-0.000674318,-0.00060996786,7.612469e-05,1.2108137e-07,0.00010177144,-0.000338047,-0.00019777547,5.264212e-05,0.00040372458,-0.00041115016,0.0013229576,0.00091614213,0.00038253676,0.00044552633,-0.0004772492,-0.00029206302,-0.00026093965,-0.00013769229,-0.00016112556,-9.07791e-05
41,8.018021e-05,-0.0018528623,-0.004023582,0.0059476607,0.008200266,-9.622779e-05,-0.0010045071,-0.0009199827,-0.0006252038,-0.0037342338,0.0023840398,-0.001301131,0.0023596212,0.00020761558,0.00093088654,-3.6104277e-05,-0.0006269576,-0.0017903065,0.00016810378,0.00015994319,0.0021499414,-0.00020536692,0.0009818485,-0.0006118845,0.0005575671,-0.00012212426,0.0009490679,-0.000499606,-0.0003797748,-1.9887573e-05,-0.0007454519,-0.00091856753,7.922681e-05,0.00036364305,-0.00067754154,1.3037141e-05,0.00036423074,-0.0005544924,0.00052057626,-0.00028639295,0.00091614213,0.0019424795,0.00047822192,0.0006207982,-0.00059105305,0.00020222308,-0.00043549872,0.00019668895,-0.00038821535,-0.00013499921
42,-7.430896e-05,-0.0023749762,0.00027025625,-0.0071713254,0.0005521229,0.0034242156,0.007291129,0.0027012522,-0.0051734517,0.0004912912,0.0018821801,0.0045503206,0.00087676896,-0.001974444,0.00049723824,-0.0014403492,0.00048096752,0.00082581764,-0.0005917528,0.0009528382,-7.094712e-05,0.0009630325,-3.433104e-05,0.0010456695,0.00066591025,0.0014375127,0.0003056336,0.0012266957,0.00018385399,0.00021837276,-0.00038708956,-2.6412012e-05,-0.00024283011,-0.0006513366,-0.0006317608,-0.00023274118,-0.0005989991,-0.00028013333,-6.343138e-05,-0.00023829285,0.00038253676,0.00047822192,0.0020103217,-5.3008603e-06,-0.000279158,0.00021312194,-0.0005108585,0.0003908045,-1.4955298e-05,0.00035541854
43,0.0014175602,-0.00095295557,-0.0016632106,0.001393264,0.0031974055,0.0011346263,-0.0010188025,-0.00066232076,-0.0005964538,-0.0043720286,-0.0011572547,-0.0016343201,0.0004931968,0.000814519,6.974275e-05,-7.1002425e-05,0.00021978673,3.66752e-05,0.00047774328,0.00081928616,0.00021478414,-0.0009092044,-0.0012862328,-0.0010697499,9.3311275e-05,0.00047910947,-0.00024130105,0.00080294884,-0.00036859635,0.00054938276,9.614307e-05,0.00041000053,-0.00095095276,-0.00045777488,-0.00052078976,-0.0004897959,7.8727484e-05,0.0010314682,0.0006966521,-0.0002325029,0.00044552633,0.0006207982,-5.3008603e-06,0.0017091547,0.00029339996,-0.000110994864,-0.00031042003,3.4374e-05,-0.0001707214,-0.00022298827
44,-0.0002735894,0.0015271131,0.0033505727,-0.0022616046,-0.007384685,-0.00022663629,-0.0026268503,-0.0017995022,0.0006529482,-0.00027688005,0.00031196774,-0.0011161116,0.00019014953,0.0014598712,-0.0010792634,0.00078234397,-0.0011919156,-0.0004120717,-0.00061683846,-0.0002623354,-0.00015826491,-7.949381e-05,0.001011214,-0.0006521032,-0.00067749654,-0.0006440672,-0.0006920515,0.0013322385,4.3234454e-06,-0.0002082315,0.00044372428,0.00056413526,-0.0011962429,-0.00050851284,0.00014470519,1.9865125e-05,-9.800654e-05,0.00082766515,0.00016478749,-5.053077e-05,-0.0004772492,-0.00059105305,-0.000279158,0.00029339996,0.0012484995,-0.00015431878,-0.00012269229,2.2058335e-05,-0.00012129301,4.6893958e-05
45,-0.000888991,-0.0006526272,-0.0018334955,-0.0012100679,0.0006945279,-0.0007797755,-0.00042394767,-0.00020176798,-6.692043e-05,-0.0010945874,-0.00043960015,0.0011821245,0.0023794672,0.00044219894,-0.00061533815,0.001434818,0.001321234,-0.0008888278,-0.00015455522,-0.00029609393,0.00071063417,0.00047692822,-0.0010068798,0.0015273647,0.0008040555,-0.0005988762,0.00048715115,-9.486232e-05,-9.206764e-05,0.00030054993,-0.00020776925,0.0009670428,-0.00042179704,-0.00047524628,-0.00022556467,0.00037260013,-5.873843e-07,-0.00059281697,7.5002336e-06,0.00010450015,-0.00029206302,0.00020222308,0.00021312194,-0.000110994864,-0.00015431878,0.0010153402,0.00034145042,0.00013694703,-0.0004332431,-0.00018320899
46,0.00015225352,-1.989465e-05,-0.0012972918,0.004639677,0.0035166033,-0.0019489101,0.0031645638,0.0023036033,0.002396936,0.00096275285,-0.0020289405,-0.00062532525,0.00018581431,-0.0003718307,-0.00029110152,0.001425904,0.00082692376,-0.0014138124,0.0006050383,-0.00020205707,7.886025e-05,0.0005558209,-0.0002266398,-6.300167e-05,0.0013767523,0.0004113414,0.00016098097,-0.0008583445,0.00092609524,-0.00031640075,0.00059334905,0.0007026241,-0.00087921147,-0.00029673992,0.00072751177,-2.4983916e-05,0.00018019343,-0.000381679,0.00010271918,-0.00026919926,-0.00026093965,-0.00043549872,-0.0005108585,-0.00031042003,-0.00012269229,0.00034145042,0.0011545952,-0.00012966905,-2.0196935e-06,7.0856084e-05
47,-0.00028981786,-0.002369227,0.003870855,0.0037556654,-0.0032481619,0.0010045543,-0.0032898677,-0.0003880697,0.0007931256,0.00068382313,0.0005141975,0.0017933142,0.00024716626,0.001037991,-0.0010091837,-6.4150634e-05,-0.0001522139,0.00047161535,0.0005316774,0.0013846282,0.0017284837,-0.0007587576,-0.00020241784,-0.0005754351,0.0014437106,0.00051735307,0.00067878957,-0.0001422525,0.00080142415,0.00020313772,-0.0002403566,-0.00028938655,0.00024467398,-7.062162e-05,0.00021198961,-0.00022913881,-0.0007104251,2.4324252e-05,-0.00035295886,0.0001169426,-0.00013769229,0.00019668895,0.0003908045,3.4374e-05,2.2058335e-05,0.00013694703,-0.00012966905,0.0015225406,-6.0857674e-05,-8.342367e-05
48,0.0007419579,0.0005557897,-0.0017512946,0.0032575906,0.004618706,-0.0017015869,0.0023131846,0.0001119197,-0.0014016291,0.00070183794,-0.0021231433,0.0022718618,-0.00093173736,-0.0014597775,-0.00016374196,0.0005487051,-0.0017939146,0.0005519098,-0.00046144135,-0.00033224022,-0.0004971629,-9.3492185e-05,-3.062201e-06,-0.0013948805,0.0006345003,0.0004909029,-0.00071492535,-0.00044509134,-0.000396142,0.00024579128,-1.8510687e-05,-0.00039549518,0.00054340047,0.00021958721,-0.00010289903,-8.062101e-05,-5.824496e-05,0.00010082252,0.00033936914,5.316522e-05,-0.00016112556,-0.00038821535,-1.4955298e-05,-0.0001707214,-0.00012129301,-0.0004332431,-2.0196935e-06,-6.0857674e-05,0.0008644546,0.0002708119
49,-0.0015652515,-0.0005815883,-0.0014537028,-0.0070000137,-0.0007512389,0.003892534,0.002476067,-0.0003411303,8.8478206e-05,0.00014093309,-0.00095004076,-0.0010500445,0.0023068807,-0.002146475,0.0011235634,0.0008876373,0.00033804623,0.0001621123,0.00027420663,-3.367383e-05,-0.00064162305,2.2856653e-05,-0.00014536089,-0.00073382247,-8.960176e-05,0.0006414881,-0.00010964652,6.219745e-05,-2.8914255e-05,-0.0010026306,-0.00052065984,-0.00017849624,-0.0003109991,0.0002806246,0.00016704034,-2.3132225e-05,0.00034132836,-0.00025051,-0.0005257996,0.00011166184,-9.07791e-05,-0.00013499921,0.00035541854,-0.00022298827,4.6893958e-05,-0.00018320899,7.0856084e-05,-8.342367e-05,0.0002708119,0.0011585238
