,0,1,2,3,4,5,6,7,8,9,10,11,12,13,14,15,16,17,18,19,20,21,22,23,24,25,26,27,28,29,30,31,32,33,34,35,36,37,38,39,40,41,42,43,44,45,46,47,48,49
0,481.16797,0.38235834,-0.13253552,-0.050758615,0.11015387,-0.04162077,-0.061129697,-0.06667046,-0.009024931,-0.029084813,0.009667629,-0.012551809,0.0028334954,-0.008851005,0.008322863,0.003230807,-0.0029102992,-0.0017092272,-0.00073232164,-0.0018124215,0.00031316315,0.0025769197,-0.00095884874,0.00029310596,0.001665414,-0.0005883322,-0.00075335434,-0.0016176002,0.0016892301,-0.0014868018,-0.0012484052,0.0011910109,0.00012664402,0.00012157265,0.0006388924,0.00076322356,0.0011066676,-2.1830958e-05,7.290581e-05,0.00031137653,0.0011077905,0.00041988355,-7.41634e-05,-0.00017344631,0.00016534099,-0.0001829777,-0.0006051849,0.00016723349,-0.00071988103,0.00032139692
1,0.38235834,127.164215,-0.43137437,-0.12174729,-0.094793916,0.0051686745,-0.041818164,0.012796856,-0.021442115,0.00952493,0.005867098,-0.010794965,0.00041487627,-0.0024640278,0.0017873368,0.0029397537,0.0019148143,0.0016956741,-0.0010343483,-0.0012454863,0.0030395132,-0.0018898109,-0.0018611826,-0.00093728694,-0.00036588215,-0.00044093345,-0.0019825066,-0.0011353397,-0.00041951978,-0.00095333764,0.00030754547,-0.000206158,-0.0010796478,-0.000643494,9.126596e-05,1.5932244e-05,-0.0008455503,0.0001289261,0.00022001717,-0.00028741063,0.00038260157,-0.00047931768,0.00015438753,-0.00030223042,-0.0007243996,6.566469e-08,-0.0010969826,0.00021344025,-0.0001912596,-0.0006139021
2,-0.13253552,-0.43137437,25.92258,-0.11821103,0.031194706,-0.016627248,0.009915662,-0.0031366295,-0.009197168,-0.00645624,0.0021661671,-0.00073006446,0.0033430238,0.0024143127,0.0010053865,-0.0047546974,-0.00026354252,-0.0003081407,-9.1357586e-05,-0.00129668,-0.0031321277,0.0014996675,0.0002924075,-0.0015233053,0.00051758846,0.00030337978,0.0014323809,0.0011503999,0.00037222734,0.00081118074,0.0011272152,-0.00027549913,0.0008431825,0.0011368115,0.0006436306,3.1497162e-05,0.0016449261,0.00019577707,0.00020565874,0.00017506967,-0.00052147306,4.7386835e-05,-0.00056389463,-6.0743478e-05,0.00010590285,-0.0009321435,0.00033024742,3.2065705e-05,1.1062775e-05,-0.00011617267
3,-0.050758615,-0.12174729,-0.11821103,2.1701934,-0.012821683,-0.0006555364,0.0045111272,-0.0044311592,0.011650426,-0.008923335,0.0012851364,0.0038215541,5.2782625e-06,-0.0027927463,0.0017487889,-0.0004167008,-0.0008802777,-0.0023410432,0.002272002,0.000789186,0.0012181823,-0.0006623152,0.0018220711,0.00032287173,0.00091379194,1.1053052e-06,-0.0015608738,-0.0009902196,-0.0015945418,-0.0006409948,-7.147243e-05,-0.0007923689,0.00012607158,-0.00067642005,-0.0010033168,0.0003228733,-0.0003551998,-0.00038556912,0.00034625578,-0.00048468547,0.00021572462,-3.8021346e-05,0.00022173452,-0.00049901765,-0.0005425931,-0.0001338213,-0.00046026224,0.00036888884,-0.000457385,-7.8990066e-05
4,0.11015387,-0.094793916,0.031194706,-0.012821683,0.82147986,-0.008146895,0.009732669,-0.009377625,0.014036935,-0.0075916983,-0.0022298149,0.00088480336,0.0044459305,0.00079043186,0.0032547193,-0.0030368897,-0.00038528786,-0.0031915207,0.0034268561,0.00028510642,0.0017342803,-0.0028841728,-4.5790468e-05,0.0022055432,0.0025474925,-0.0004071997,3.8591177e-05,-0.00044659775,0.0010770574,-0.0005878649,-0.00011741281,0.0019097781,0.0008427209,0.00017807409,-0.0017640055,0.0010422925,0.00039321207,0.0009654175,0.000610093,0.00031024474,0.0006110668,-0.0001412036,-0.00018432263,-0.001658573,0.0010299446,-6.070914e-05,-0.00020208907,0.0007882966,-0.0004978211,0.00013367752
5,-0.04162077,0.0051686745,-0.016627248,-0.0006555364,-0.008146895,0.35658967,0.02523687,0.017851591,0.014566363,0.035449713,-0.015774723,-0.030293368,0.011543332,0.010302383,-0.014608024,-0.026332485,0.011546424,0.0056648464,0.0036176252,-0.0017247463,-0.0013103574,-0.005294076,0.0011966038,-0.002248989,-0.0027929358,-0.00047267848,-0.0034481236,-0.00016557061,-0.004232366,0.0019779876,0.001134837,-0.0016905875,0.0007411104,-0.00086457015,-8.111287e-05,-0.002381097,-0.0003552226,0.00012016082,0.00085879886,-0.0016013349,-0.001230862,-0.0026157105,0.0008160222,-0.00065586955,0.0005132476,0.00040168862,-0.00025976257,0.00025612977,0.00085018564,-0.0006721007
6,-0.061129697,-0.041818164,0.009915662,0.0045111272,0.009732669,0.02523687,0.30362666,0.006499569,-0.00091521593,0.0013734357,0.00039520385,-0.0005242891,0.0005243087,-0.0014164976,0.0014195722,0.0031221341,0.000841394,0.0006428288,-0.0019721235,0.0012261511,-0.0028941426,0.0003925435,0.0009770759,-0.0013322857,-0.00080970756,0.00028639412,0.0013556083,0.00068716507,0.00093698886,0.0006159173,0.0002318197,-0.0003145342,-2.3456352e-05,-0.000525146,0.00021982637,-0.0002426882,0.00047407515,-0.00034777907,0.00028978393,0.00013699378,-7.6683544e-05,0.00084247417,-0.0010359072,0.0006986698,0.00010937685,-0.0005073956,0.00079113105,-0.00012403056,-6.0219914e-05,0.0003174461
7,-0.06667046,0.012796856,-0.0031366295,-0.0044311592,-0.009377625,0.017851591,0.006499569,0.21116239,-0.0052280547,-0.012721278,0.0031724656,0.011629793,-0.0032151872,-0.0012371277,0.0014197908,0.0062076217,-0.0043632444,-0.0019189689,0.0019106623,8.702101e-05,0.0037745812,0.0012954685,-0.0024024085,0.0024554671,0.002425787,0.0002279513,0.0005826024,-0.00036710865,0.00019811936,-0.0018176774,-0.0010833584,0.0012595016,-0.0005132305,0.0007952717,-0.0002652026,0.0009634342,-0.00036867207,0.0005762918,-0.0006625032,0.00018233398,0.00090319983,-0.00034253587,0.0005222212,-8.05631e-05,-0.00018480566,0.00020716035,-0.0009985705,-0.00012539129,-0.00031896093,-0.00044024046
8,-0.009024931,-0.021442115,-0.009197168,0.011650426,0.014036935,0.014566363,-0.00091521593,-0.0052280547,0.15695378,-0.0011844339,0.0037381179,0.006930298,-0.0045322245,0.0008399035,0.0005794957,0.004320652,-0.0010241126,0.0016509199,-0.0007870917,-0.0019312529,0.0010972959,0.0038724868,-0.0015280403,0.001709553,0.000495006,-0.000112073794,0.0010284088,0.0015446859,0.0003615835,-0.000755079,-0.0012110231,0.0008299644,-0.0011615581,0.00042851875,0.00013198197,-0.00044367553,-0.000356362,0.00048039394,-0.001153065,4.194124e-05,0.0006748255,-0.00022280708,0.00038344087,0.0010306606,0.00049021223,0.00017093768,-0.00042659487,-0.0009251726,-0.00014435442,-7.7472805e-07
9,-0.029084813,0.00952493,-0.00645624,-0.008923335,-0.0075916983,0.035449713,0.0013734357,-0.012721278,-0.0011844339,0.118002474,0.0073871086,0.015054747,-0.005949525,-0.0056659067,0.0057423133,0.009048784,-0.0040634396,-0.002670825,0.0011542357,-0.00026607318,0.003767044,0.00218489,0.00018049391,0.001586744,0.0014419483,-0.0003443886,-0.00010969917,-5.645826e-05,0.0005629634,-0.0015849671,-0.0010516993,0.0008002536,-0.00040343142,-0.0001961779,-0.0004010509,0.0010527931,-0.00045072223,0.00023485193,-0.00055830815,0.00050734344,0.00036125485,0.00025379244,0.00051036704,-0.0002281133,-0.00019524958,0.0001556812,-0.0008882792,-0.00028600005,-0.0006428117,5.6380355e-05
10,0.009667629,0.005867098,0.0021661671,0.0012851364,-0.0022298149,-0.015774723,0.00039520385,0.0031724656,0.0037381179,0.0073871086,0.08315997,-0.0072328662,0.0013465877,0.0014873487,-0.0020125941,-0.0024620101,-0.001147621,-7.638821e-05,4.8372087e-05,0.0006755056,-0.00017850797,-0.00035164342,-0.00093222654,-0.00022040844,0.000107951586,9.45822e-05,0.00024609233,-0.0005826925,-0.0006293524,-0.00011242835,0.0009377217,-0.00015590485,0.00029396356,0.0009377102,-0.00011034596,-0.00040845684,0.0003998315,-0.0001962329,0.00061508536,-0.00020722032,-0.0002068691,-0.0006289659,-0.00023476861,7.472042e-05,-0.00024376364,-0.00069900777,0.0004858516,0.00012891216,0.00016434988,-0.00018321915
11,-0.012551809,-0.010794965,-0.00073006446,0.0038215541,0.00088480336,-0.030293368,-0.0005242891,0.011629793,0.006930298,0.015054747,-0.0072328662,0.07246714,0.004256528,0.004088099,-0.0038646646,-0.008816345,0.0022264924,0.0010442573,-0.00040086743,0.00044351676,-0.0032875258,-0.002247298,0.0014997121,-0.002025826,-0.0018147047,6.500187e-05,0.00064864825,-0.0003541762,-0.0003552655,0.0019111482,0.0012772662,-0.000563271,0.000661789,5.332374e-05,0.00023530185,-0.0002802647,0.00040225155,-0.00027048454,0.0004302771,-8.3972205e-05,-0.0010691464,0.00017520998,-0.00034375017,-0.00044922665,1.1539423e-06,-0.00018050699,0.0008082548,0.0004520006,0.00036805487,-6.201892e-05
12,0.0028334954,0.00041487627,0.0033430238,5.2782625e-06,0.0044459305,0.011543332,0.0005243087,-0.0032151872,-0.0045322245,-0.005949525,0.0013465877,0.004256528,0.058569796,-0.0014818106,0.0018892044,0.0014180592,-0.0023206284,-0.0004611771,-0.00079185405,-0.00068646565,0.0032026544,0.0021592048,0.0012283322,-0.00035020022,-0.0003147261,-9.469826e-05,-0.0004570277,-0.00016269124,6.00165e-05,-0.00018561984,-0.00084817235,0.00014909497,0.00019008618,-2.5802783e-05,0.0003845556,0.0005269465,-0.00020789425,-5.6669447e-05,-0.0003385247,-8.137823e-05,0.00039142187,-0.00016651038,0.0002991117,0.00023794634,-0.0003669816,0.00047910787,-0.00011395033,-0.00018729147,-0.0005919298,-0.0001954773
13,-0.008851005,-0.0024640278,0.0024143127,-0.0027927463,0.00079043186,0.010302383,-0.0014164976,-0.0012371277,0.0008399035,-0.0056659067,0.0014873487,0.004088099,-0.0014818106,0.06366961,0.001766898,0.004395468,-0.0011433682,-0.000255162,-0.00025103398,-0.0008336627,0.0011057507,0.0008042612,0.0006778869,0.00034917134,-0.00057922094,-0.0005361537,-5.4182703e-05,0.000514471,0.00024305665,-0.0006801444,-0.000454993,-0.0004407274,-0.00039090836,-0.0002770709,0.00017158123,-5.399831e-05,-0.00027687266,-3.8626225e-05,0.00015112919,0.00033590762,-0.00044575206,-0.00021457352,0.00018008924,0.00017872185,-4.935616e-05,-0.00019837497,-0.00020483314,-0.00016901037,-0.00011001101,0.00017421576
14,0.008322863,0.0017873368,0.0010053865,0.0017487889,0.0032547193,-0.014608024,0.0014195722,0.0014197908,0.0005794957,0.0057423133,-0.0020125941,-0.0038646646,0.0018892044,0.001766898,0.047671795,-0.0011022352,0.0017805189,0.0014475163,-0.00032962114,0.0010881292,-0.00012188469,-0.00040124528,-0.0008205761,-0.001077567,-0.0008894494,6.63799e-05,0.00017472435,-0.0003362521,-0.00025939153,0.00029630915,0.00086988776,-0.00034106662,0.00015466812,-5.649864e-05,0.00057533383,-0.000201041,0.00022604928,-9.982582e-05,3.1767675e-05,-0.00018493648,-0.0005653609,-0.00034281565,-4.522888e-05,-7.5987395e-05,-0.0004131972,0.00015920334,-0.00025227002,-7.4036725e-05,0.00019381061,-0.00057378714
15,0.003230807,0.0029397537,-0.0047546974,-0.0004167008,-0.0030368897,-0.026332485,0.0031221341,0.0062076217,0.004320652,0.009048784,-0.0024620101,-0.008816345,0.0014180592,0.004395468,-0.0011022352,0.041338786,0.0030353256,0.0010760461,0.00012313676,0.0005308795,-0.000938265,-0.0017651737,0.0021172184,-0.0005374913,-0.0004382808,0.0002702605,-0.00066629844,6.249023e-05,-0.0011642057,0.0009698813,-0.00028568984,4.4014774e-05,0.00023776793,-0.00054210797,-0.00049221434,-0.00029295532,-8.3468956e-05,7.720366e-05,-0.00022109633,-0.0006826197,0.00033208524,6.239673e-05,-0.00033264008,-0.00013328588,0.0003147169,0.00014289966,0.0003357685,0.0002816715,-9.590342e-05,5.5969496e-05
16,-0.0029102992,0.0019148143,-0.00026354252,-0.0008802777,-0.00038528786,0.011546424,0.000841394,-0.0043632444,-0.0010241126,-0.0040634396,-0.001147621,0.0022264924,-0.0023206284,-0.0011433682,0.0017805189,0.0030353256,0.034370404,-0.0019238249,3.8443937e-05,-0.000107490414,0.00038082513,4.773041e-06,-0.0011601679,0.0009487912,0.00057289586,0.0005979999,0.00047984644,-0.00083968247,-4.4358487e-05,-0.0007233072,4.2902488e-05,0.00016679721,-0.00026237752,0.0009757589,2.7014774e-05,0.0007511404,-0.00040468926,-0.00020367543,-0.00026357756,0.00015673313,1.6229598e-05,0.0003751989,0.00066725165,-7.481652e-05,-0.0004655166,-6.20448e-05,1.6105303e-05,0.00019547733,0.00023233736,-0.00014114706
17,-0.0017092272,0.0016956741,-0.0003081407,-0.0023410432,-0.0031915207,0.0056648464,0.0006428288,-0.0019189689,0.0016509199,-0.002670825,-7.638821e-05,0.0010442573,-0.0004611771,-0.000255162,0.0014475163,0.0010760461,-0.0019238249,0.025607511,6.937016e-05,4.4586297e-05,-0.00012839907,-0.00031216434,-0.00032774557,-6.1781815e-05,0.00034186913,0.00017231543,-0.00019970688,-0.0004354676,9.986435e-05,0.00017110696,0.00016493865,0.00017495664,-0.0002702268,0.00016362921,-0.00025573457,0.0004939083,-0.00019732818,6.834672e-05,0.000102381426,3.1665393e-05,7.735632e-05,0.00032879558,-3.0887564e-05,-0.00033832013,-0.0001277508,-9.451796e-05,1.9893349e-05,4.3391396e-05,-7.233911e-05,-7.145461e-06
18,-0.00073232164,-0.0010343483,-9.1357586e-05,0.002272002,0.0034268561,0.0036176252,-0.0019721235,0.0019106623,-0.0007870917,0.0011542357,4.8372087e-05,-0.00040086743,-0.00079185405,-0.00025103398,-0.00032962114,0.00012313676,3.8443937e-05,6.937016e-05,0.023100598,3.5409516e-06,0.0009719786,0.00064357877,3.7964674e-05,0.00015512684,-0.000320139,-0.00023862749,0.0001117578,-8.7917084e-05,0.00046101774,0.0005795765,0.00034337371,-0.000120371,0.0002840693,1.9925774e-05,0.00019605536,0.00021624516,0.00020612337,-2.6547368e-05,6.421619e-05,-0.00010676815,-7.7008124e-05,3.248552e-05,-0.0003565646,-0.00011005073,1.5536494e-05,-8.0340615e-05,0.00030487002,7.310053e-05,0.0003573113,0.00022636694
19,-0.0018124215,-0.0012454863,-0.00129668,0.000789186,0.00028510642,-0.0017247463,0.0012261511,8.702101e-05,-0.0019312529,-0.00026607318,0.0006755056,0.00044351676,-0.00068646565,-0.0008336627,0.0010881292,0.0005308795,-0.000107490414,4.4586297e-05,3.5409516e-06,0.020637298,2.333635e-05,0.00016840761,0.00078258506,0.00039652205,-0.00043800543,-0.000560446,-0.0003867874,0.000445077,0.0002302938,-0.00020792632,-0.00025820482,-0.00025523745,-0.0004147666,-0.00018293748,-9.846615e-05,-0.00033715964,-0.000168186,3.7994956e-05,0.0001072492,3.7170194e-06,-0.00013901372,-9.247409e-05,0.0003386079,1.0192802e-05,0.0004042823,-1.947951e-05,-0.000114669405,-0.00019233406,-5.1998686e-05,0.0001970175
20,0.00031316315,0.0030395132,-0.0031321277,0.0012181823,0.0017342803,-0.0013103574,-0.0028941426,0.0037745812,0.0010972959,0.003767044,-0.00017850797,-0.0032875258,0.0032026544,0.0011057507,-0.00012188469,-0.000938265,0.00038082513,-0.00012839907,0.0009719786,2.333635e-05,0.0176029,-0.0009547594,3.6824888e-05,-0.0007769321,-0.00077350985,0.00015763851,9.591658e-06,0.00025714195,-0.00013750693,0.00051856716,0.0006186672,-0.00030031032,8.10075e-05,-7.1892595e-05,-0.00035139202,-0.0003276507,-5.9238082e-05,-0.00037464366,0.00021029438,-7.409246e-05,-9.70353e-05,0.0004008742,-5.8726368e-05,-0.00033658615,-1.8822519e-05,7.768458e-05,0.00036605788,0.00012393578,0.00013121776,0.00015196079
21,0.0025769197,-0.0018898109,0.0014996675,-0.0006623152,-0.0028841728,-0.005294076,0.0003925435,0.0012954685,0.0038724868,0.00218489,-0.00035164342,-0.002247298,0.0021592048,0.0008042612,-0.00040124528,-0.0017651737,4.773041e-06,-0.00031216434,0.00064357877,0.00016840761,-0.0009547594,0.014956662,-0.00036962394,-0.00064528,0.00013048199,-5.7122117e-05,-0.00016601436,-0.00018105574,-0.000106681284,3.1097683e-05,-2.412282e-06,-0.00011838895,0.00019784206,4.0516472e-05,0.00033178553,-4.603549e-05,4.5399218e-05,-0.00018097238,7.533278e-05,0.0004713594,4.461838e-05,0.00028589182,0.000106875596,-7.377476e-05,-5.2088813e-05,-1.0264974e-05,0.00014413834,0.0002720317,0.00011155824,-0.00020199548
22,-0.00095884874,-0.0018611826,0.0002924075,0.0018220711,-4.5790468e-05,0.0011966038,0.0009770759,-0.0024024085,-0.0015280403,0.00018049391,-0.00093222654,0.0014997121,0.0012283322,0.0006778869,-0.0008205761,0.0021172184,-0.0011601679,-0.00032774557,3.7964674e-05,0.00078258506,3.6824888e-05,-0.00036962394,0.014142703,0.00027000014,0.0006583461,0.0005492708,-0.00015016862,-0.00021301338,0.00036201772,-0.00041270192,5.664921e-05,0.00033824326,-0.000113031965,0.00063682446,0.0001191709,-1.1290491e-05,9.825951e-05,2.2653661e-05,3.535821e-05,0.00032079438,0.00017185343,-0.00010582093,-0.00015550002,-3.1013813e-05,-0.0001980192,0.0002536025,6.567426e-05,-6.0304275e-05,0.00010791214,-0.00013388807
23,0.00029310596,-0.00093728694,-0.0015233053,0.00032287173,0.0022055432,-0.002248989,-0.0013322857,0.0024554671,0.001709553,0.001586744,-0.00022040844,-0.002025826,-0.00035020022,0.00034917134,-0.001077567,-0.0005374913,0.0009487912,-6.1781815e-05,0.00015512684,0.00039652205,-0.0007769321,-0.00064528,0.00027000014,0.015105758,-0.00067076733,-0.00023892676,6.4874475e-05,8.314935e-06,-6.7657216e-05,0.00062738673,0.00011775669,-0.00020204758,0.00012089213,-0.0002497782,0.00029886412,0.00013094455,0.00018250122,-4.3537068e-05,-3.633e-05,0.00017243144,-0.00046325903,0.00013054351,-0.00010628351,-0.00013027631,-0.00021319062,0.0002837883,-8.245589e-06,-8.985422e-05,-5.6372595e-05,-0.00026808988
24,0.001665414,-0.00036588215,0.00051758846,0.00091379194,0.0025474925,-0.0027929358,-0.00080970756,0.002425787,0.000495006,0.0014419483,0.000107951586,-0.0018147047,-0.0003147261,-0.00057922094,-0.0008894494,-0.0004382808,0.00057289586,0.00034186913,-0.000320139,-0.00043800543,-0.00077350985,0.00013048199,0.0006583461,-0.00067076733,0.012181685,-0.00019150648,-3.320046e-05,0.00023972953,0.00013606518,0.00014493632,5.3867974e-05,-0.00020295808,-0.00029390675,-0.00029460358,0.00012825098,-1.49875195e-05,-2.4918802e-05,-0.000102610764,0.00018737224,8.956941e-05,-0.00047218392,-9.464115e-06,8.051797e-06,-0.000116369,1.9689613e-05,0.00011109561,1.3429506e-05,-0.0001216197,4.6868558e-05,8.3910105e-05
25,-0.0005883322,-0.00044093345,0.00030337978,1.1053052e-06,-0.0004071997,-0.00047267848,0.00028639412,0.0002279513,-0.000112073794,-0.0003443886,9.45822e-05,6.500187e-05,-9.469826e-05,-0.0005361537,6.63799e-05,0.0002702605,0.0005979999,0.00017231543,-0.00023862749,-0.000560446,0.00015763851,-5.7122117e-05,0.0005492708,-0.00023892676,-0.00019150648,0.011091624,-1.6117778e-05,0.00022229052,-2.0232195e-05,3.384552e-05,0.0003802909,-0.00017404073,3.3922617e-05,-8.80472e-05,-1.9944815e-05,-0.0001439004,0.00010443022,-5.535649e-06,-0.00012061159,0.00025271554,-0.000288444,-0.00022050866,4.3687112e-05,-5.3062166e-05,8.6652755e-05,-1.8796844e-05,-0.00012010785,-0.00020428124,-3.5302375e-05,-6.680025e-05
26,-0.00075335434,-0.0019825066,0.0014323809,-0.0015608738,3.8591177e-05,-0.0034481236,0.0013556083,0.0005826024,0.0010284088,-0.00010969917,0.00024609233,0.00064864825,-0.0004570277,-5.4182703e-05,0.00017472435,-0.00066629844,0.00047984644,-0.00019970688,0.0001117578,-0.0003867874,9.591658e-06,-0.00016601436,-0.00015016862,6.4874475e-05,-3.320046e-05,-1.6117778e-05,0.009730162,-0.00015014087,-0.00027354865,-0.00024125454,0.00020811534,-0.00038567057,-5.8339763e-05,-9.2122194e-05,-0.00032298313,-0.0003033489,2.5293943e-05,-0.00037705695,0.00033382827,-0.000126485,0.00030469758,-0.00010564251,8.9553694e-05,-5.3355332e-05,-2.4443802e-05,0.00011662672,2.3215165e-05,5.240977e-05,-3.1939086e-05,0.0001218307
27,-0.0016176002,-0.0011353397,0.0011503999,-0.0009902196,-0.00044659775,-0.00016557061,0.00068716507,-0.00036710865,0.0015446859,-5.645826e-05,-0.0005826925,-0.0003541762,-0.00016269124,0.000514471,-0.0003362521,6.249023e-05,-0.00083968247,-0.0004354676,-8.7917084e-05,0.000445077,0.00025714195,-0.00018105574,-0.00021301338,8.314935e-06,0.00023972953,0.00022229052,-0.00015014087,0.0091980705,-0.0001176177,-0.0001523821,0.0004723439,-0.00022308066,0.00029452785,0.00023805277,-2.333763e-05,0.00025415554,0.00025346543,-0.0002938646,0.00017433081,-0.000113845585,0.00020486364,-7.176044e-05,0.00016063087,-6.673673e-05,-0.00032836758,-8.424489e-05,-2.863292e-05,0.00012828095,5.0970255e-05,-3.87139e-05
28,0.0016892301,-0.00041951978,0.00037222734,-0.0015945418,0.0010770574,-0.004232366,0.00093698886,0.00019811936,0.0003615835,0.0005629634,-0.0006293524,-0.0003552655,6.00165e-05,0.00024305665,-0.00025939153,-0.0011642057,-4.4358487e-05,9.986435e-05,0.00046101774,0.0002302938,-0.00013750693,-0.000106681284,0.00036201772,-6.7657216e-05,0.00013606518,-2.0232195e-05,-0.00027354865,-0.0001176177,0.00889638,-0.00010409105,3.8257982e-05,-0.00036985663,-8.197056e-05,-9.9150144e-05,-0.00019014894,-0.00017274321,-0.00014990458,-0.00023668724,-0.00014624544,-0.00015418326,0.00020013697,-8.2964216e-05,0.00020366014,0.00012375659,-0.00031456444,-0.00019954398,-6.100888e-05,-4.2978977e-06,9.849892e-05,-0.00012383243
29,-0.0014868018,-0.00095333764,0.00081118074,-0.0006409948,-0.0005878649,0.0019779876,0.0006159173,-0.0018176774,-0.000755079,-0.0015849671,-0.00011242835,0.0019111482,-0.00018561984,-0.0006801444,0.00029630915,0.0009698813,-0.0007233072,0.00017110696,0.0005795765,-0.00020792632,0.00051856716,3.1097683e-05,-0.00041270192,0.00062738673,0.00014493632,3.384552e-05,-0.00024125454,-0.0001523821,-0.00010409105,0.008586941,-0.00022556681,-6.108715e-05,-0.00038110616,0.00017710641,-0.00016256663,-0.00026193904,-4.030208e-05,-0.00012603513,8.1170874e-05,1.8628101e-05,0.00012472848,-0.00014794966,0.00015736511,0.00020306237,-2.9752473e-05,-0.00017732146,-7.5625256e-05,-0.000118695454,-7.2471565e-05,4.4099143e-06
30,-0.0012484052,0.00030754547,0.0011272152,-7.147243e-05,-0.00011741281,0.001134837,0.0002318197,-0.0010833584,-0.0012110231,-0.0010516993,0.0009377217,0.0012772662,-0.00084817235,-0.000454993,0.00086988776,-0.00028568984,4.2902488e-05,0.00016493865,0.00034337371,-0.00025820482,0.0006186672,-2.412282e-06,5.664921e-05,0.00011775669,5.3867974e-05,0.0003802909,0.00020811534,0.0004723439,3.8257982e-05,-0.00022556681,0.0076022507,0.00014274113,-0.000216691,-0.00021295963,0.00015148887,0.00011976437,-0.00013869541,0.00026184073,-0.00012856457,-4.2105898e-05,0.00021557798,-0.00017736714,-0.00015790435,0.00021234425,0.00011349935,0.00013515816,-3.2844982e-05,7.859063e-05,-0.0001826993,5.734056e-06
31,0.0011910109,-0.000206158,-0.00027549913,-0.0007923689,0.0019097781,-0.0016905875,-0.0003145342,0.0012595016,0.0008299644,0.0008002536,-0.00015590485,-0.000563271,0.00014909497,-0.0004407274,-0.00034106662,4.4014774e-05,0.00016679721,0.00017495664,-0.000120371,-0.00025523745,-0.00030031032,-0.00011838895,0.00033824326,-0.00020204758,-0.00020295808,-0.00017404073,-0.00038567057,-0.00022308066,-0.00036985663,-6.108715e-05,0.00014274113,0.007575428,3.5229838e-05,-7.751719e-05,-2.5091398e-05,-0.00022586246,6.79169e-05,-0.00037104636,0.00024663465,4.040652e-05,3.3856006e-05,-0.0001127603,-9.1657814e-05,0.00013502513,-0.00018994673,-2.2582339e-05,0.000119100965,8.053926e-05,-3.6433725e-05,-7.303487e-05
32,0.00012664402,-0.0010796478,0.0008431825,0.00012607158,0.0008427209,0.0007411104,-2.3456352e-05,-0.0005132305,-0.0011615581,-0.00040343142,0.00029396356,0.000661789,0.00019008618,-0.00039090836,0.00015466812,0.00023776793,-0.00026237752,-0.0002702268,0.0002840693,-0.0004147666,8.10075e-05,0.00019784206,-0.000113031965,0.00012089213,-0.00029390675,3.3922617e-05,-5.8339763e-05,0.00029452785,-8.197056e-05,-0.00038110616,-0.000216691,3.5229838e-05,0.0068827723,-0.00013559987,-2.4787138e-05,-2.7601951e-05,-0.00019735857,8.667852e-05,6.534818e-05,0.00012625435,-0.00012134336,9.310668e-05,-7.5940725e-06,0.0003264058,0.00013562926,-6.3877305e-05,-0.00014082679,-0.00026094064,-5.5421544e-05,0.00014131132
33,0.00012157265,-0.000643494,0.0011368115,-0.00067642005,0.00017807409,-0.00086457015,-0.000525146,0.0007952717,0.00042851875,-0.0001961779,0.0009377102,5.332374e-05,-2.5802783e-05,-0.0002770709,-5.649864e-05,-0.00054210797,0.0009757589,0.00016362921,1.9925774e-05,-0.00018293748,-7.1892595e-05,4.0516472e-05,0.00063682446,-0.0002497782,-0.00029460358,-8.80472e-05,-9.2122194e-05,0.00023805277,-9.9150144e-05,0.00017710641,-0.00021295963,-7.751719e-05,-0.00013559987,0.0070854016,-9.668524e-05,-4.6966357e-05,-0.00011061714,3.625246e-05,-7.942897e-05,-6.904644e-05,2.5304793e-05,-1.6930775e-05,-6.0696322e-05,2.5670153e-05,0.00013560426,4.356813e-05,-4.6745216e-05,-0.00012729503,-8.521027e-05,2.9215702e-05
34,0.0006388924,9.126596e-05,0.0006436306,-0.0010033168,-0.0017640055,-8.111287e-05,0.00021982637,-0.0002652026,0.00013198197,-0.0004010509,-0.00011034596,0.00023530185,0.0003845556,0.00017158123,0.00057533383,-0.00049221434,2.7014774e-05,-0.00025573457,0.00019605536,-9.846615e-05,-0.00035139202,0.00033178553,0.0001191709,0.00029886412,0.00012825098,-1.9944815e-05,-0.00032298313,-2.333763e-05,-0.00019014894,-0.00016256663,0.00015148887,-2.5091398e-05,-2.4787138e-05,-9.668524e-05,0.0061176578,-0.00010259929,0.00012156322,-0.00014808332,-1.691822e-05,-6.9960195e-05,0.00021076505,7.771839e-05,-6.3033774e-05,-0.00027028492,0.00010775079,-7.122847e-05,5.3671276e-05,-4.4959175e-05,4.576062e-06,3.6117854e-05
35,0.00076322356,1.5932244e-05,3.1497162e-05,0.0003228733,0.0010422925,-0.002381097,-0.0002426882,0.0009634342,-0.00044367553,0.0010527931,-0.00040845684,-0.0002802647,0.0005269465,-5.399831e-05,-0.000201041,-0.00029295532,0.0007511404,0.0004939083,0.00021624516,-0.00033715964,-0.0003276507,-4.603549e-05,-1.1290491e-05,0.00013094455,-1.49875195e-05,-0.0001439004,-0.0003033489,0.00025415554,-0.00017274321,-0.00026193904,0.00011976437,-0.00022586246,-2.7601951e-05,-4.6966357e-05,-0.00010259929,0.0056881127,-1.477646e-05,1.3321323e-05,2.1172242e-05,-9.977327e-05,-3.2960153e-05,-4.487562e-05,2.7242208e-05,2.1183358e-05,1.9950618e-05,-0.00014145373,0.0001260982,-0.00015226012,-0.00017834161,0.000101490674
36,0.0011066676,-0.0008455503,0.0016449261,-0.0003551998,0.00039321207,-0.0003552226,0.00047407515,-0.00036867207,-0.000356362,-0.00045072223,0.0003998315,0.00040225155,-0.00020789425,-0.00027687266,0.00022604928,-8.3468956e-05,-0.00040468926,-0.00019732818,0.00020612337,-0.000168186,-5.9238082e-05,4.5399218e-05,9.825951e-05,0.00018250122,-2.4918802e-05,0.00010443022,2.5293943e-05,0.00025346543,-0.00014990458,-4.030208e-05,-0.00013869541,6.79169e-05,-0.00019735857,-0.00011061714,0.00012156322,-1.477646e-05,0.0057331487,0.00015483305,-0.00016404592,-9.966473e-05,-4.954922e-05,2.8828345e-05,8.497534e-05,0.00010554116,3.7308517e-05,8.301404e-06,-7.547086e-05,-7.5887176e-05,2.6373616e-05,-1.0290314e-05
37,-2.1830958e-05,0.0001289261,0.00019577707,-0.00038556912,0.0009654175,0.00012016082,-0.00034777907,0.0005762918,0.00048039394,0.00023485193,-0.0001962329,-0.00027048454,-5.6669447e-05,-3.8626225e-05,-9.982582e-05,7.720366e-05,-0.00020367543,6.834672e-05,-2.6547368e-05,3.7994956e-05,-0.00037464366,-0.00018097238,2.2653661e-05,-4.3537068e-05,-0.000102610764,-5.535649e-06,-0.00037705695,-0.0002938646,-0.00023668724,-0.00012603513,0.00026184073,-0.00037104636,8.667852e-05,3.625246e-05,-0.00014808332,1.3321323e-05,0.00015483305,0.005031497,8.168488e-05,9.082044e-05,0.0001230746,2.6121626e-05,-1.29152595e-05,-7.2557144e-05,-0.00021028309,-9.026276e-05,1.15101575e-05,7.930079e-05,5.5005527e-05,1.1773754e-05
38,7.290581e-05,0.00022001717,0.00020565874,0.00034625578,0.000610093,0.00085879886,0.00028978393,-0.0006625032,-0.001153065,-0.00055830815,0.00061508536,0.0004302771,-0.0003385247,0.00015112919,3.1767675e-05,-0.00022109633,-0.00026357756,0.000102381426,6.421619e-05,0.0001072492,0.00021029438,7.533278e-05,3.535821e-05,-3.633e-05,0.00018737224,-0.00012061159,0.00033382827,0.00017433081,-0.00014624544,8.1170874e-05,-0.00012856457,0.00024663465,6.534818e-05,-7.942897e-05,-1.691822e-05,2.1172242e-05,-0.00016404592,8.168488e-05,0.0048221173,7.545808e-05,-0.00013014872,4.241978e-05,9.9602395e-05,-2.3637745e-05,-8.0279686e-05,5.0382616e-05,-0.00015105915,-0.00014136729,-3.6483383e-05,-0.00015629991
39,0.00031137653,-0.00028741063,0.00017506967,-0.00048468547,0.00031024474,-0.0016013349,0.00013699378,0.00018233398,4.194124e-05,0.00050734344,-0.00020722032,-8.3972205e-05,-8.137823e-05,0.00033590762,-0.00018493648,-0.0006826197,0.00015673313,3.1665393e-05,-0.00010676815,3.7170194e-06,-7.409246e-05,0.0004713594,0.00032079438,0.00017243144,8.956941e-05,0.00025271554,-0.000126485,-0.000113845585,-0.00015418326,1.8628101e-05,-4.2105898e-05,4.040652e-05,0.00012625435,-6.904644e-05,-6.9960195e-05,-9.977327e-05,-9.966473e-05,9.082044e-05,7.545808e-05,0.0044864905,0.0001379347,-5.4593755e-05,3.3856482e-05,-3.9606457e-05,3.360191e-05,-2.8241928e-07,1.8146551e-05,-5.1371826e-06,5.665738e-05,6.53499e-05
40,0.0011077905,0.00038260157,-0.00052147306,0.00021572462,0.0006110668,-0.001230862,-7.6683544e-05,0.00090319983,0.0006748255,0.00036125485,-0.0002068691,-0.0010691464,0.00039142187,-0.00044575206,-0.0005653609,0.00033208524,1.6229598e-05,7.735632e-05,-7.7008124e-05,-0.00013901372,-9.70353e-05,4.461838e-05,0.00017185343,-0.00046325903,-0.00047218392,-0.000288444,0.00030469758,0.00020486364,0.00020013697,0.00012472848,0.00021557798,3.3856006e-05,-0.00012134336,2.5304793e-05,0.00021076505,-3.2960153e-05,-4.954922e-05,0.0001230746,-0.00013014872,0.0001379347,0.004095396,0.00014650608,8.713546e-05,-3.5245168e-05,1.0474996e-05,3.2090917e-05,-4.61424e-05,-0.00016938438,-5.6522085e-06,-7.363191e-05
41,0.00041988355,-0.00047931768,4.7386835e-05,-3.8021346e-05,-0.0001412036,-0.0026157105,0.00084247417,-0.00034253587,-0.00022280708,0.00025379244,-0.0006289659,0.00017520998,-0.00016651038,-0.00021457352,-0.00034281565,6.239673e-05,0.0003751989,0.00032879558,3.248552e-05,-9.247409e-05,0.0004008742,0.00028589182,-0.00010582093,0.00013054351,-9.464115e-06,-0.00022050866,-0.00010564251,-7.176044e-05,-8.2964216e-05,-0.00014794966,-0.00017736714,-0.0001127603,9.310668e-05,-1.6930775e-05,7.771839e-05,-4.487562e-05,2.8828345e-05,2.6121626e-05,4.241978e-05,-5.4593755e-05,0.00014650608,0.0041916124,-4.116218e-05,4.82934e-05,-4.1220777e-05,9.034491e-06,-7.136551e-05,-1.2205874e-05,-2.5462476e-05,-1.0762093e-05
42,-7.41634e-05,0.00015438753,-0.00056389463,0.00022173452,-0.00018432263,0.0008160222,-0.0010359072,0.0005222212,0.00038344087,0.00051036704,-0.00023476861,-0.00034375017,0.0002991117,0.00018008924,-4.522888e-05,-0.00033264008,0.00066725165,-3.0887564e-05,-0.0003565646,0.0003386079,-5.8726368e-05,0.000106875596,-0.00015550002,-0.00010628351,8.051797e-06,4.3687112e-05,8.9553694e-05,0.00016063087,0.00020366014,0.00015736511,-0.00015790435,-9.1657814e-05,-7.5940725e-06,-6.0696322e-05,-6.3033774e-05,2.7242208e-05,8.497534e-05,-1.29152595e-05,9.9602395e-05,3.3856482e-05,8.713546e-05,-4.116218e-05,0.0037390394,4.6287198e-05,4.1622312e-05,3.906806e-05,6.6037785e-05,2.371098e-05,-7.428146e-05,-1.6841439e-05
43,-0.00017344631,-0.00030223042,-6.0743478e-05,-0.00049901765,-0.001658573,-0.00065586955,0.0006986698,-8.05631e-05,0.0010306606,-0.0002281133,7.472042e-05,-0.00044922665,0.00023794634,0.00017872185,-7.5987395e-05,-0.00013328588,-7.481652e-05,-0.00033832013,-0.00011005073,1.0192802e-05,-0.00033658615,-7.377476e-05,-3.1013813e-05,-0.00013027631,-0.000116369,-5.3062166e-05,-5.3355332e-05,-6.673673e-05,0.00012375659,0.00020306237,0.00021234425,0.00013502513,0.0003264058,2.5670153e-05,-0.00027028492,2.1183358e-05,0.00010554116,-7.2557144e-05,-2.3637745e-05,-3.9606457e-05,-3.5245168e-05,4.82934e-05,4.6287198e-05,0.0036889624,-4.9595365e-05,0.00013805353,4.634678e-05,0.00011717621,0.000118225245,-1.5160644e-05
44,0.00016534099,-0.0007243996,0.00010590285,-0.0005425931,0.0010299446,0.0005132476,0.00010937685,-0.00018480566,0.00049021223,-0.00019524958,-0.00024376364,1.1539423e-06,-0.0003669816,-4.935616e-05,-0.0004131972,0.0003147169,-0.0004655166,-0.0001277508,1.5536494e-05,0.0004042823,-1.8822519e-05,-5.2088813e-05,-0.0001980192,-0.00021319062,1.9689613e-05,8.6652755e-05,-2.4443802e-05,-0.00032836758,-0.00031456444,-2.9752473e-05,0.00011349935,-0.00018994673,0.00013562926,0.00013560426,0.00010775079,1.9950618e-05,3.7308517e-05,-0.00021028309,-8.0279686e-05,3.360191e-05,1.0474996e-05,-4.1220777e-05,4.1622312e-05,-4.9595365e-05,0.0037186577,4.7474015e-05,4.1271924e-05,0.00010334511,-2.708594e-05,-9.1703296e-05
45,-0.0001829777,6.566469e-08,-0.0009321435,-0.0001338213,-6.070914e-05,0.00040168862,-0.0005073956,0.00020716035,0.00017093768,0.0001556812,-0.00069900777,-0.00018050699,0.00047910787,-0.00019837497,0.00015920334,0.00014289966,-6.20448e-05,-9.451796e-05,-8.0340615e-05,-1.947951e-05,7.768458e-05,-1.0264974e-05,0.0002536025,0.0002837883,0.00011109561,-1.8796844e-05,0.00011662672,-8.424489e-05,-0.00019954398,-0.00017732146,0.00013515816,-2.2582339e-05,-6.3877305e-05,4.356813e-05,-7.122847e-05,-0.00014145373,8.301404e-06,-9.026276e-05,5.0382616e-05,-2.8241928e-07,3.2090917e-05,9.034491e-06,3.906806e-05,0.00013805353,4.7474015e-05,0.0034695405,-2.037597e-05,8.784908e-07,0.000104222505,0.00013114934
46,-0.0006051849,-0.0010969826,0.00033024742,-0.00046026224,-0.00020208907,-0.00025976257,0.00079113105,-0.0009985705,-0.00042659487,-0.0008882792,0.0004858516,0.0008082548,-0.00011395033,-0.00020483314,-0.00025227002,0.0003357685,1.6105303e-05,1.9893349e-05,0.00030487002,-0.000114669405,0.00036605788,0.00014413834,6.567426e-05,-8.245589e-06,1.3429506e-05,-0.00012010785,2.3215165e-05,-2.863292e-05,-6.100888e-05,-7.5625256e-05,-3.2844982e-05,0.000119100965,-0.00014082679,-4.6745216e-05,5.3671276e-05,0.0001260982,-7.547086e-05,1.15101575e-05,-0.00015105915,1.8146551e-05,-4.61424e-05,-7.136551e-05,6.6037785e-05,4.634678e-05,4.1271924e-05,-2.037597e-05,0.0033743572,-0.00012808309,-7.432073e-06,-0.0001023559
47,0.00016723349,0.00021344025,3.2065705e-05,0.00036888884,0.0007882966,0.00025612977,-0.00012403056,-0.00012539129,-0.0009251726,-0.00028600005,0.00012891216,0.0004520006,-0.00018729147,-0.00016901037,-7.4036725e-05,0.0002816715,0.00019547733,4.3391396e-05,7.310053e-05,-0.00019233406,0.00012393578,0.0002720317,-6.0304275e-05,-8.985422e-05,-0.0001216197,-0.00020428124,5.240977e-05,0.00012828095,-4.2978977e-06,-0.000118695454,7.859063e-05,8.053926e-05,-0.00026094064,-0.00012729503,-4.4959175e-05,-0.00015226012,-7.5887176e-05,7.930079e-05,-0.00014136729,-5.1371826e-06,-0.00016938438,-1.2205874e-05,2.371098e-05,0.00011717621,0.00010334511,8.784908e-07,-0.00012808309,0.0030803678,-0.00013109937,-4.014267e-05
48,-0.00071988103,-0.0001912596,1.1062775e-05,-0.000457385,-0.0004978211,0.00085018564,-6.0219914e-05,-0.00031896093,-0.00014435442,-0.0006428117,0.00016434988,0.00036805487,-0.0005919298,-0.00011001101,0.00019381061,-9.590342e-05,0.00023233736,-7.233911e-05,0.0003573113,-5.1998686e-05,0.00013121776,0.00011155824,0.00010791214,-5.6372595e-05,4.6868558e-05,-3.5302375e-05,-3.1939086e-05,5.0970255e-05,9.849892e-05,-7.2471565e-05,-0.0001826993,-3.6433725e-05,-5.5421544e-05,-8.521027e-05,4.576062e-06,-0.00017834161,2.6373616e-05,5.5005527e-05,-3.6483383e-05,5.665738e-05,-5.6522085e-06,-2.5462476e-05,-7.428146e-05,0.000118225245,-2.708594e-05,0.000104222505,-7.432073e-06,-0.00013109937,0.0028679438,8.0549435e-06
49,0.00032139692,-0.0006139021,-0.00011617267,-7.8990066e-05,0.00013367752,-0.0006721007,0.0003174461,-0.00044024046,-7.7472805e-07,5.6380355e-05,-0.00018321915,-6.201892e-05,-0.0001954773,0.00017421576,-0.00057378714,5.5969496e-05,-0.00014114706,-7.145461e-06,0.00022636694,0.0001970175,0.00015196079,-0.00020199548,-0.00013388807,-0.00026808988,8.3910105e-05,-6.680025e-05,0.0001218307,-3.87139e-05,-0.00012383243,4.4099143e-06,5.734056e-06,-7.303487e-05,0.00014131132,2.9215702e-05,3.6117854e-05,0.000101490674,-1.0290314e-05,1.1773754e-05,-0.00015629991,6.53499e-05,-7.363191e-05,-1.0762093e-05,-1.6841439e-05,-1.5160644e-05,-9.1703296e-05,0.00013114934,-0.0001023559,-4.014267e-05,8.0549435e-06,0.0027675424
