,0,1,2,3,4,5,6,7,8,9,10,11,12,13,14,15,16,17,18,19,20,21,22,23,24,25,26,27,28,29,30,31,32,33,34,35,36,37,38,39,40,41,42,43,44,45,46,47,48,49
0,229.56697,16.172256,81.27811,-43.49372,4.8743367,7.098211,3.9783564,4.637294,-0.13495883,1.4569948,0.0023529078,0.000213564,0.00049832836,-0.0002988907,-0.00095131074,-0.00071559055,-0.00029819118,-0.0007923201,-0.00041801346,0.00020007568,-0.0003226308,-0.00036908354,0.00011249759,0.00021128227,-7.2441864e-05,-0.00010117555,-0.00026188447,0.00018127839,-4.29965e-05,-6.1598155e-05,-5.3938813e-05,-0.0003556136,-0.00017748473,-5.0529747e-05,-1.913274e-05,0.00010408785,-7.877983e-06,4.2292224e-05,0.00012015348,-8.41815e-05,-2.1983004e-05,4.9998496e-05,-2.0841104e-05,0.0001231967,-6.103521e-05,7.66176e-05,4.1620104e-05,-5.3682845e-05,6.7651577e-06,4.9735387e-05
1,16.172256,161.356,0.10734726,-1.3830746,-2.026244,0.7439003,2.5005603,-1.2961049,-0.6784698,-0.21592319,-0.0017461628,-0.00048811483,0.0009479991,-0.0008954189,0.00038333362,-5.2181145e-05,-0.00032896083,-0.00049959053,0.00018801424,1.5917665e-05,-0.000617865,-0.00014412164,-8.16181e-05,-0.00012648248,0.00022845328,0.00019067746,0.00025891222,-3.7778267e-05,-1.1844908e-05,-0.00022788448,-0.00016264204,-0.00031222304,7.715872e-05,-4.3701566e-06,6.75185e-05,0.00011535526,-0.00010401252,-9.045651e-05,0.00022109182,-0.00026913022,-3.261912e-05,-1.888844e-05,-0.0002662426,0.00014302386,-0.00023440004,-5.672844e-06,8.3858635e-05,-3.4108376e-05,-2.8288323e-05,2.9847877e-05
2,81.27811,0.10734726,63.14309,23.649893,-3.0961492,-3.9538546,-3.1126251,0.7110526,-0.46145105,-0.4794082,-0.00070114445,-0.00013939079,0.0007682929,-0.00077012426,-0.0011112022,0.00061419175,0.00016991267,0.00014748992,0.0002320499,0.0006041328,0.00015773793,0.00018250316,-0.00020579988,-5.1581243e-05,5.280071e-05,-0.0001808838,-6.387157e-05,-7.098496e-05,0.00013827803,-0.00017635591,-1.41311775e-05,1.8236638e-05,1.7967062e-05,-4.4492363e-06,-5.3181837e-05,1.6381611e-05,-2.9457187e-05,-4.270482e-05,-3.858318e-06,-6.6402135e-06,-1.5416555e-06,2.9220162e-05,7.0983246e-05,1.1880737e-05,-0.00010992057,-1.2180646e-05,5.7358782e-05,-8.008885e-05,2.8924598e-05,-5.126527e-05
3,-43.49372,-1.3830746,23.649893,74.35553,2.629891,1.7166941,-0.36936665,1.6525975,-0.11423964,0.40912002,3.5667537e-05,0.0006485067,0.00034753775,0.0003709948,-0.00033359014,0.00017531363,-3.1482414e-05,0.00016349347,2.2762859e-05,0.0001818194,0.00019266407,0.0001246635,-0.00031844666,0.00021387471,0.00015524658,-9.425053e-05,-0.000110232846,-8.959234e-05,6.914881e-05,1.2969465e-05,5.4645032e-05,0.00013454241,-9.951978e-05,7.506389e-05,-7.848417e-05,-0.00018953905,8.176199e-05,5.8113576e-05,-5.5830293e-05,6.7294895e-05,7.742892e-05,4.4608914e-05,5.2286196e-05,-5.291525e-05,7.257291e-05,6.8894756e-06,2.140948e-05,-9.522055e-06,7.676026e-05,-2.004032e-06
4,4.8743367,-2.026244,-3.0961492,2.629891,21.880901,-0.3480815,-0.3983572,-0.06506254,0.3616498,-0.021918472,-0.0007612067,-0.00023253745,0.00018102725,-0.00036527473,-0.00011173205,0.0002343283,-9.132945e-05,5.5430683e-05,1.1295236e-05,0.00014110561,-5.5952594e-05,3.7946797e-05,-7.487662e-05,-4.2037915e-05,2.0584805e-05,-2.5581556e-05,8.6430104e-05,-1.8613773e-05,-2.8289849e-05,-6.328203e-05,2.2158336e-05,4.1078765e-05,3.7622427e-05,-6.426142e-05,-7.5297145e-08,3.1760878e-06,-3.8188417e-05,6.159574e-05,-6.261811e-05,1.39190215e-05,9.175189e-05,1.27462845e-05,1.5630216e-05,1.9198942e-05,3.692603e-05,-2.6817255e-05,5.6947014e-05,2.881253e-08,1.8682465e-05,-2.691409e-06
5,7.098211,0.7439003,-3.9538546,1.7166941,-0.3480815,18.052416,-1.3307496,0.16651997,-0.10612411,-0.032837503,-0.0002102984,-0.0002263828,0.00017031073,-1.3284801e-05,0.00031290273,-0.00040838448,-5.6357862e-06,-0.00010678985,-1.141594e-05,-0.00025006133,-5.006945e-05,-0.00018710364,-2.190078e-05,0.00013849998,-0.0001228084,9.463935e-06,-0.00014099816,1.1692053e-05,-9.43183e-05,1.752522e-05,-2.8164488e-05,-5.299984e-06,1.1119691e-05,5.8666323e-05,-8.611914e-05,-1.6813909e-05,1.5691656e-05,7.195085e-05,-3.7135105e-05,-2.8298819e-05,-2.9817496e-05,-5.7497164e-05,-5.075164e-05,-1.3474446e-05,-1.5047941e-05,5.503881e-05,-2.7840853e-05,7.357172e-05,1.4852959e-05,2.395441e-05
6,3.9783564,2.5005603,-3.1126251,-0.36936665,-0.3983572,-1.3307496,7.396274,3.735134,-0.4334457,0.49851644,-0.00025691465,-0.00030619872,-0.00038173987,-0.00035681878,0.00036756965,-0.00030064405,-0.00036717992,0.00010843071,1.9227562e-05,-0.00018179766,0.00015872612,-0.00028149277,-4.7236945e-06,-1.1838464e-05,-7.9771446e-05,3.3451408e-05,2.073485e-05,8.065399e-05,-0.00012516044,3.906441e-05,-0.00011791207,1.8378214e-05,-4.4980683e-05,9.863243e-06,-4.9263734e-05,2.1786322e-05,-2.6662441e-05,3.176426e-05,6.9082644e-06,-3.1233176e-05,9.872977e-05,-9.347142e-06,-5.9590202e-05,-9.653825e-06,2.8319715e-05,6.9302287e-06,-1.3401573e-05,1.4589739e-05,-9.62535e-07,1.3156225e-05
7,4.637294,-1.2961049,0.7110526,1.6525975,-0.06506254,0.16651997,3.735134,2.2337677,0.16420037,-0.45076445,-0.00025560905,-0.00026928878,0.00044503534,0.0005177171,0.0004369517,-4.291237e-05,-8.7713444e-05,0.00015077835,-0.00017273726,-0.00031863633,-0.000118207245,9.447396e-06,0.00019359111,3.029113e-05,1.8380084e-05,0.00013769932,0.000101931204,9.0822854e-05,-3.8093036e-05,4.7493166e-05,4.921195e-05,-4.6346526e-05,4.326294e-05,-4.516661e-05,8.53668e-06,-1.09754355e-05,-9.388376e-06,3.7553258e-05,2.8523651e-05,-7.716707e-06,3.9489634e-05,-4.7313206e-06,-3.4122077e-05,2.6950842e-05,-3.1441134e-05,-1.2613267e-05,-4.9402e-06,1.8940531e-05,-1.4701052e-05,2.5177786e-05
8,-0.13495883,-0.6784698,-0.46145105,-0.11423964,0.3616498,-0.10612411,-0.4334457,0.16420037,5.1902623,-0.22216824,-0.00021244935,7.6353535e-05,-0.000105998275,2.9218729e-05,7.231631e-05,-0.00010913377,-1.8416831e-05,4.6950307e-05,9.172129e-05,-0.00014626529,3.129205e-05,-2.6401865e-05,-0.00012170819,8.360496e-05,0.00019757202,4.016154e-05,-5.2043426e-05,-9.4093535e-05,7.202588e-05,1.2220067e-05,-7.643971e-06,-1.9288054e-06,2.8503493e-05,-1.0923068e-06,9.5262385e-06,-6.484718e-05,4.6079113e-05,2.4933472e-06,2.114912e-07,-1.0912885e-05,3.595661e-06,-7.2852085e-06,2.2943295e-05,1.8390565e-05,1.4760275e-05,2.8461858e-05,2.3749388e-05,4.269991e-05,-2.2181823e-05,1.8104362e-05
9,1.4569948,-0.21592319,-0.4794082,0.40912002,-0.021918472,-0.032837503,0.49851644,-0.45076445,-0.22216824,4.127255,0.0001417447,-2.6184489e-05,4.461597e-05,2.7496455e-05,7.311907e-05,-0.00018763544,-3.770316e-05,5.6259014e-06,-6.163717e-05,-9.265469e-05,7.3973686e-05,4.4553122e-05,0.00014562842,1.0139693e-05,-3.149962e-05,-6.2112326e-06,-3.0235135e-05,6.4122854e-05,-5.0028375e-06,1.4681844e-05,-1.9705436e-05,-7.43663e-05,-6.41162e-05,2.8551144e-06,1.0165832e-05,1.9524803e-05,1.2592725e-05,-4.689432e-05,-1.6096037e-06,4.2637457e-06,6.504927e-06,2.2157448e-05,1.52138e-05,-2.7328231e-05,3.493459e-05,-2.2329217e-05,-1.5910491e-05,-2.992788e-05,-1.102724e-05,1.645694e-05
10,0.0023529078,-0.0017461628,-0.00070114445,3.5667537e-05,-0.0007612067,-0.0002102984,-0.00025691465,-0.00025560905,-0.00021244935,0.0001417447,0.009044538,3.240885e-05,0.0003475161,9.4653464e-05,-0.00092072645,0.00013594536,-0.00018907062,-0.00012677269,-7.0193404e-05,-2.06343e-05,0.00042113487,8.960719e-05,5.0160306e-05,0.00019273908,-5.789454e-05,-0.00018553024,-0.00015811484,1.8459188e-05,6.761525e-05,8.0847225e-05,0.00012590262,9.39773e-05,-0.00012608542,0.00011245495,3.6173566e-05,6.283255e-05,0.00014066434,-0.000120972305,3.302031e-05,0.00023419263,-7.899443e-05,6.7966925e-05,0.00012805816,-7.900724e-05,-5.8760993e-06,-0.00011957218,-7.3216055e-05,-0.00010151573,-6.1231153e-06,-9.613433e-05
11,0.000213564,-0.00048811483,-0.00013939079,0.0006485067,-0.00023253745,-0.0002263828,-0.00030619872,-0.00026928878,7.6353535e-05,-2.6184489e-05,3.240885e-05,0.004763571,-0.0004462811,0.00068212126,0.0005993891,-0.00013391525,-0.0001535131,0.00032878236,0.0003981058,-0.00053832715,0.00042807712,6.5480854e-05,-4.666645e-05,0.00023993946,0.00026440487,7.267872e-06,-0.00016539113,-3.5179124e-05,0.00012201162,0.0001484156,1.3789831e-05,0.00012824172,-7.423132e-05,0.00015701557,-6.581833e-05,-0.000119507604,0.00011749883,-2.424343e-05,2.3910732e-05,-4.4181434e-05,2.0237292e-06,2.0173995e-05,1.4059373e-05,2.5368042e-06,9.041613e-05,3.3811273e-05,-2.1986196e-05,4.6357225e-05,-4.7114598e-05,6.601511e-06
12,0.00049832836,0.0009479991,0.0007682929,0.00034753775,0.00018102725,0.00017031073,-0.00038173987,0.00044503534,-0.000105998275,4.461597e-05,0.0003475161,-0.0004462811,0.0033464264,-0.00013765003,0.0005008818,-0.00046232453,-0.0005784682,9.588055e-05,-0.000110784604,-0.0005457277,0.00011301157,-0.00023912407,0.000286748,1.1027899e-05,-9.47504e-05,3.2861222e-05,7.1318485e-05,0.00015437757,-0.000106271706,0.000106165644,-7.941133e-05,-3.5973884e-05,-3.1779404e-05,1.8989846e-05,-7.112941e-05,7.1660215e-05,-2.7688733e-05,-1.2138171e-05,7.607305e-05,-3.681578e-05,8.69654e-05,-3.8860426e-06,-5.1987845e-05,-5.194447e-06,-1.189969e-05,-7.931654e-05,-3.8867224e-06,-3.4300414e-05,-3.118988e-05,2.2236403e-05
13,-0.0002988907,-0.0008954189,-0.00077012426,0.0003709948,-0.00036527473,-1.3284801e-05,-0.00035681878,0.0005177171,2.9218729e-05,2.7496455e-05,9.4653464e-05,0.00068212126,-0.00013765003,0.0031621263,0.00032150035,0.000106040185,0.00030982797,-1.3945395e-05,-0.00019573217,4.8859125e-05,-0.00013345931,-6.55817e-05,4.831521e-05,-0.00018886078,-0.00012000322,0.000102078324,-7.707672e-06,0.00012052264,-5.591572e-05,-5.716287e-05,-0.00012418105,-4.5420846e-05,-3.1589407e-05,-6.327567e-05,-9.736126e-05,2.8168262e-05,-1.9057617e-05,-1.2846655e-05,1.786711e-05,6.980581e-05,-5.7874095e-05,-4.377328e-05,-2.4994373e-05,-1.4384228e-05,-2.9102212e-05,-7.703571e-06,-4.2095056e-05,-3.776809e-05,2.147789e-05,3.1107433e-05
14,-0.00095131074,0.00038333362,-0.0011112022,-0.00033359014,-0.00011173205,0.00031290273,0.00036756965,0.0004369517,7.231631e-05,7.311907e-05,-0.00092072645,0.0005993891,0.0005008818,0.00032150035,0.0018012478,7.26795e-05,-4.5758643e-05,-0.00012669602,-6.245953e-05,6.987581e-05,-0.00012529417,0.00012287553,-0.00020508448,-4.6817535e-05,6.2788255e-05,2.252067e-05,6.2682666e-05,-7.9274294e-05,3.310344e-05,-6.489253e-05,6.642843e-05,8.6068e-05,-3.5930323e-05,9.3420516e-05,7.2423194e-05,-2.932096e-05,-1.8920517e-05,3.7426807e-06,-2.6209513e-05,2.61575e-05,4.3521308e-05,3.5442954e-05,1.6815608e-05,4.716685e-06,4.4428187e-05,-6.6149616e-05,1.8356799e-05,-7.358706e-05,3.1930795e-05,-3.3208064e-05
15,-0.00071559055,-5.2181145e-05,0.00061419175,0.00017531363,0.0002343283,-0.00040838448,-0.00030064405,-4.291237e-05,-0.00010913377,-0.00018763544,0.00013594536,-0.00013391525,-0.00046232453,0.000106040185,7.26795e-05,0.0015599614,0.00035534205,5.791171e-05,0.00013460002,1.5369802e-07,0.00021250703,0.00012303893,0.00010296349,-7.822711e-05,-8.288276e-05,-0.00011227951,5.264911e-05,2.989795e-05,0.00017603963,-1.7150975e-05,-1.3114157e-05,4.5489523e-05,-1.5057947e-05,-1.3534145e-05,3.2906508e-05,-1.4298479e-05,-9.958792e-05,8.303543e-06,-5.5280667e-05,-4.035406e-05,5.2964093e-05,6.6499386e-05,-2.2486493e-06,-6.9408954e-05,-1.6774662e-05,-9.563797e-06,2.5965268e-05,-6.681695e-05,-2.840731e-05,1.8408988e-05
16,-0.00029819118,-0.00032896083,0.00016991267,-3.1482414e-05,-9.132945e-05,-5.6357862e-06,-0.00036717992,-8.7713444e-05,-1.8416831e-05,-3.770316e-05,-0.00018907062,-0.0001535131,-0.0005784682,0.00030982797,-4.5758643e-05,0.00035534205,0.0010668937,-1.139337e-05,-7.084456e-05,-0.00017054396,3.7828773e-05,-6.8983165e-05,1.2634464e-05,8.702487e-05,4.3367845e-07,-1.3886962e-05,-1.6520644e-06,7.844204e-05,-3.9803752e-05,6.718217e-06,7.868812e-05,7.073069e-06,-2.1983498e-05,-0.00011288055,0.00010133913,2.971086e-05,-1.0442398e-05,1.6048369e-05,4.9137643e-06,4.666769e-05,-5.1450963e-05,-2.817599e-05,-1.0863727e-05,3.3241955e-05,6.084515e-07,1.686946e-05,-4.8584625e-06,5.24173e-06,-1.9951944e-05,-2.3778575e-05
17,-0.0007923201,-0.00049959053,0.00014748992,0.00016349347,5.5430683e-05,-0.00010678985,0.00010843071,0.00015077835,4.6950307e-05,5.6259014e-06,-0.00012677269,0.00032878236,9.588055e-05,-1.3945395e-05,-0.00012669602,5.791171e-05,-1.139337e-05,0.0015101562,1.5910853e-05,0.0001415553,6.654744e-05,0.0001399086,0.0001494682,-3.6568883e-05,-2.0929956e-05,9.512616e-06,5.512303e-05,7.029272e-05,-7.042593e-05,3.0494053e-05,1.0783568e-05,5.7977645e-06,3.0199026e-05,2.3446355e-05,1.6396185e-05,7.864968e-05,3.197386e-06,1.5003297e-05,-4.6130062e-06,-1.5768368e-05,2.771585e-05,2.7786413e-05,-9.081065e-07,1.18235985e-05,2.5194455e-05,-1.21965495e-05,-9.017821e-06,-4.100566e-06,7.309341e-06,2.3621013e-05
18,-0.00041801346,0.00018801424,0.0002320499,2.2762859e-05,1.1295236e-05,-1.141594e-05,1.9227562e-05,-0.00017273726,9.172129e-05,-6.163717e-05,-7.0193404e-05,0.0003981058,-0.000110784604,-0.00019573217,-6.245953e-05,0.00013460002,-7.084456e-05,1.5910853e-05,0.0012645501,2.7161204e-07,-3.8178685e-05,7.195363e-05,-1.4424724e-05,1.112915e-05,4.6932888e-05,-8.580915e-05,-6.187196e-05,-3.5083714e-05,-6.305979e-05,-7.05766e-05,-8.965096e-05,1.1217659e-05,3.7371094e-05,-3.4724988e-05,-5.6774923e-05,3.067489e-05,-2.0356076e-06,3.2707867e-05,6.115266e-05,-3.4040037e-05,-6.0731705e-05,-6.9626417e-06,-5.2779607e-05,-1.4034894e-05,-9.299817e-06,-1.339452e-05,-2.1444941e-05,1.4886518e-05,-3.232834e-05,2.053339e-05
19,0.00020007568,1.5917665e-05,0.0006041328,0.0001818194,0.00014110561,-0.00025006133,-0.00018179766,-0.00031863633,-0.00014626529,-9.265469e-05,-2.06343e-05,-0.00053832715,-0.0005457277,4.8859125e-05,6.987581e-05,1.5369802e-07,-0.00017054396,0.0001415553,2.7161204e-07,0.00085847074,6.9828006e-05,-7.431187e-05,-0.0001141216,-3.5476318e-05,-5.6686156e-05,6.179122e-05,9.210198e-05,-0.000100117264,-2.8821101e-05,-4.9038386e-05,-4.1075014e-05,-4.707488e-06,9.126456e-06,1.0586075e-05,-6.9995e-05,-8.506667e-05,3.377464e-05,-1.672535e-05,1.7412636e-05,-5.2930416e-05,2.0797286e-05,-5.9701947e-06,-2.8490833e-06,7.917934e-06,6.2062565e-05,-2.3049499e-05,-5.029764e-06,-4.2999105e-05,1.1521477e-05,3.8474063e-05
20,-0.0003226308,-0.000617865,0.00015773793,0.00019266407,-5.5952594e-05,-5.006945e-05,0.00015872612,-0.000118207245,3.129205e-05,7.3973686e-05,0.00042113487,0.00042807712,0.00011301157,-0.00013345931,-0.00012529417,0.00021250703,3.7828773e-05,6.654744e-05,-3.8178685e-05,6.9828006e-05,0.001069063,-0.00019069879,-9.415685e-05,-4.4443866e-05,5.3214935e-05,0.00010490547,1.1744609e-05,-1.8893144e-05,1.2331702e-05,-5.4135988e-05,-1.1734943e-05,9.552245e-06,4.049828e-06,3.8848473e-05,1.0823523e-05,-4.100353e-06,2.889469e-06,1.4905548e-05,-1.248133e-05,5.9266913e-06,4.611926e-05,-1.2171606e-05,-3.7377013e-05,-2.2985196e-06,-2.6419226e-05,-1.2863904e-05,9.1396e-06,2.5010731e-05,4.2056345e-05,-9.07279e-06
21,-0.00036908354,-0.00014412164,0.00018250316,0.0001246635,3.7946797e-05,-0.00018710364,-0.00028149277,9.447396e-06,-2.6401865e-05,4.4553122e-05,8.960719e-05,6.5480854e-05,-0.00023912407,-6.55817e-05,0.00012287553,0.00012303893,-6.8983165e-05,0.0001399086,7.195363e-05,-7.431187e-05,-0.00019069879,0.00070264307,2.3547518e-05,-4.1059104e-07,1.3909672e-05,4.554286e-05,6.603473e-05,-6.419407e-05,3.397217e-05,4.053479e-05,2.9725876e-05,-7.740713e-07,2.8024924e-06,6.967454e-05,1.410328e-05,1.6019816e-05,2.0350908e-05,-3.7003898e-05,-3.218397e-05,3.7683526e-06,3.2127642e-05,-3.1952044e-05,-2.6766273e-05,2.7839738e-05,4.4154285e-06,-3.453383e-05,-4.6726786e-05,5.0463514e-05,3.429487e-05,-2.5159286e-05
22,0.00011249759,-8.16181e-05,-0.00020579988,-0.00031844666,-7.487662e-05,-2.190078e-05,-4.7236945e-06,0.00019359111,-0.00012170819,0.00014562842,5.0160306e-05,-4.666645e-05,0.000286748,4.831521e-05,-0.00020508448,0.00010296349,1.2634464e-05,0.0001494682,-1.4424724e-05,-0.0001141216,-9.415685e-05,2.3547518e-05,0.0005242316,0.00011953742,0.00010998644,0.00012386212,-8.209481e-05,-6.9281254e-05,-7.1246063e-06,-9.38804e-05,-2.8595801e-05,9.723071e-07,-1.0751839e-05,-5.6883357e-05,-1.8214188e-05,-9.7451426e-05,-5.5756345e-06,-1.0616082e-05,1.6659258e-05,1.2726214e-05,3.0748877e-05,2.2823988e-05,3.6796555e-05,7.964883e-06,1.854616e-05,3.429386e-05,6.075981e-06,-2.0118772e-05,-2.9923917e-06,1.2249162e-05
23,0.00021128227,-0.00012648248,-5.1581243e-05,0.00021387471,-4.2037915e-05,0.00013849998,-1.1838464e-05,3.029113e-05,8.360496e-05,1.0139693e-05,0.00019273908,0.00023993946,1.1027899e-05,-0.00018886078,-4.6817535e-05,-7.822711e-05,8.702487e-05,-3.6568883e-05,1.112915e-05,-3.5476318e-05,-4.4443866e-05,-4.1059104e-07,0.00011953742,0.00064115645,-0.00018220182,5.557726e-05,1.3699959e-05,3.760272e-05,1.4754871e-05,-4.2226413e-05,2.0159843e-05,-3.137043e-05,-1.15815965e-05,-2.1785638e-05,3.4167704e-06,-1.12644375e-05,-3.2617092e-05,6.0134294e-06,-2.6645977e-05,9.4996485e-06,1.3306579e-05,-5.9183603e-06,-3.790035e-05,2.5617326e-05,4.2496664e-05,-1.8344268e-05,3.0697895e-05,5.435355e-07,1.6273894e-05,2.0170613e-05
24,-7.2441864e-05,0.00022845328,5.280071e-05,0.00015524658,2.0584805e-05,-0.0001228084,-7.9771446e-05,1.8380084e-05,0.00019757202,-3.149962e-05,-5.789454e-05,0.00026440487,-9.47504e-05,-0.00012000322,6.2788255e-05,-8.288276e-05,4.3367845e-07,-2.0929956e-05,4.6932888e-05,-5.6686156e-05,5.3214935e-05,1.3909672e-05,0.00010998644,-0.00018220182,0.0006716776,-4.2601507e-05,2.9210354e-05,6.196429e-06,-6.580851e-06,-4.0410014e-06,-2.3055067e-05,-0.0001025825,1.6303762e-05,-7.972654e-05,2.4667243e-06,-1.3568146e-05,2.2330485e-05,-4.9896367e-05,-1.1088829e-05,3.7211525e-05,-2.2397126e-05,7.0297474e-06,3.4260105e-05,1.1143492e-05,2.5469335e-06,6.0596535e-06,3.6482127e-06,9.035206e-06,2.0773146e-05,1.3752128e-09
25,-0.00010117555,0.00019067746,-0.0001808838,-9.425053e-05,-2.5581556e-05,9.463935e-06,3.3451408e-05,0.00013769932,4.016154e-05,-6.2112326e-06,-0.00018553024,7.267872e-06,3.2861222e-05,0.000102078324,2.252067e-05,-0.00011227951,-1.3886962e-05,9.512616e-06,-8.580915e-05,6.179122e-05,0.00010490547,4.554286e-05,0.00012386212,5.557726e-05,-4.2601507e-05,0.00073766505,1.0306054e-05,-5.529959e-05,2.424516e-05,-3.0408519e-05,-1.1891679e-05,2.2067996e-05,3.5234752e-05,-1.2151117e-05,1.3649928e-05,3.4491997e-05,1.1784159e-05,-1.9817839e-05,-5.273002e-06,-2.8740818e-05,-4.7089652e-05,5.9327913e-06,1.8642138e-05,-2.5179424e-05,-9.825077e-06,1.4476279e-05,-1.547837e-05,4.245038e-05,-1.8419989e-05,-5.2767573e-06
26,-0.00026188447,0.00025891222,-6.387157e-05,-0.000110232846,8.6430104e-05,-0.00014099816,2.073485e-05,0.000101931204,-5.2043426e-05,-3.0235135e-05,-0.00015811484,-0.00016539113,7.1318485e-05,-7.707672e-06,6.2682666e-05,5.264911e-05,-1.6520644e-06,5.512303e-05,-6.187196e-05,9.210198e-05,1.1744609e-05,6.603473e-05,-8.209481e-05,1.3699959e-05,2.9210354e-05,1.0306054e-05,0.0005771011,0.00012467487,1.9764084e-05,9.603042e-06,-2.169965e-05,-5.1131437e-06,-1.5700409e-05,-2.665976e-05,-7.640484e-06,2.5102101e-05,7.584323e-05,1.796239e-05,2.8040718e-05,2.8368882e-05,1.0421391e-05,2.2978966e-05,2.994214e-06,-5.555077e-06,-2.3982724e-05,4.108306e-06,1.2205066e-06,4.4700508e-05,-3.167708e-05,4.3819964e-06
27,0.00018127839,-3.7778267e-05,-7.098496e-05,-8.959234e-05,-1.8613773e-05,1.1692053e-05,8.065399e-05,9.0822854e-05,-9.4093535e-05,6.4122854e-05,1.8459188e-05,-3.5179124e-05,0.00015437757,0.00012052264,-7.9274294e-05,2.989795e-05,7.844204e-05,7.029272e-05,-3.5083714e-05,-0.000100117264,-1.8893144e-05,-6.419407e-05,-6.9281254e-05,3.760272e-05,6.196429e-06,-5.529959e-05,0.00012467487,0.00046082182,-9.5936e-07,-3.326191e-05,-9.121713e-06,1.5869931e-05,2.6401485e-05,3.511679e-05,-2.9940622e-05,-4.0600276e-05,-3.472807e-05,-9.141599e-06,-1.3798916e-05,-3.9173014e-05,-4.650907e-05,-1.5596168e-05,-4.257723e-05,5.205255e-06,5.762592e-06,2.1776593e-06,1.1839955e-05,2.6235957e-05,1.1665767e-05,-4.4343096e-06
28,-4.29965e-05,-1.1844908e-05,0.00013827803,6.914881e-05,-2.8289849e-05,-9.43183e-05,-0.00012516044,-3.8093036e-05,7.202588e-05,-5.0028375e-06,6.761525e-05,0.00012201162,-0.000106271706,-5.591572e-05,3.310344e-05,0.00017603963,-3.9803752e-05,-7.042593e-05,-6.305979e-05,-2.8821101e-05,1.2331702e-05,3.397217e-05,-7.1246063e-06,1.4754871e-05,-6.580851e-06,2.424516e-05,1.9764084e-05,-9.5936e-07,0.0004951079,2.1712018e-05,-2.3153367e-05,-6.437115e-05,2.4300072e-05,-9.108773e-06,-3.3003947e-05,1.677598e-05,-1.4629142e-05,-2.1257278e-05,2.937949e-05,-1.4924383e-06,-6.3520292e-06,-7.395339e-07,1.6090395e-05,4.2417516e-05,-1.7299466e-05,-4.699844e-06,1.4719053e-05,1.9899024e-05,4.2182473e-06,1.2280649e-05
29,-6.1598155e-05,-0.00022788448,-0.00017635591,1.2969465e-05,-6.328203e-05,1.752522e-05,3.906441e-05,4.7493166e-05,1.2220067e-05,1.4681844e-05,8.0847225e-05,0.0001484156,0.000106165644,-5.716287e-05,-6.489253e-05,-1.7150975e-05,6.718217e-06,3.0494053e-05,-7.05766e-05,-4.9038386e-05,-5.4135988e-05,4.053479e-05,-9.38804e-05,-4.2226413e-05,-4.0410014e-06,-3.0408519e-05,9.603042e-06,-3.326191e-05,2.1712018e-05,0.00047304196,-2.835616e-05,3.259106e-05,8.546525e-06,-6.1433035e-05,-1.308393e-06,-2.902824e-05,-3.4931506e-06,1.6692316e-05,2.2861768e-06,-2.5319749e-05,-1.3224162e-05,-8.20833e-06,-1.5146961e-06,-2.2528297e-05,5.1661655e-06,-5.038413e-06,1.731877e-05,6.590749e-06,1.2189441e-05,1.1142815e-05
30,-5.3938813e-05,-0.00016264204,-1.41311775e-05,5.4645032e-05,2.2158336e-05,-2.8164488e-05,-0.00011791207,4.921195e-05,-7.643971e-06,-1.9705436e-05,0.00012590262,1.3789831e-05,-7.941133e-05,-0.00012418105,6.642843e-05,-1.3114157e-05,7.868812e-05,1.0783568e-05,-8.965096e-05,-4.1075014e-05,-1.1734943e-05,2.9725876e-05,-2.8595801e-05,2.0159843e-05,-2.3055067e-05,-1.1891679e-05,-2.169965e-05,-9.121713e-06,-2.3153367e-05,-2.835616e-05,0.00046693906,3.9285937e-06,4.3129708e-06,-1.4231135e-05,-3.522908e-05,-1.7543525e-05,2.9392427e-06,6.639156e-06,2.1708573e-05,-7.651997e-06,-3.411668e-05,9.483041e-06,5.097584e-06,-6.988059e-06,-1.2189072e-05,-9.0484855e-07,1.7419151e-07,1.0089496e-05,9.1662805e-06,1.9576535e-05
31,-0.0003556136,-0.00031222304,1.8236638e-05,0.00013454241,4.1078765e-05,-5.299984e-06,1.8378214e-05,-4.6346526e-05,-1.9288054e-06,-7.43663e-05,9.39773e-05,0.00012824172,-3.5973884e-05,-4.5420846e-05,8.6068e-05,4.5489523e-05,7.073069e-06,5.7977645e-06,1.1217659e-05,-4.707488e-06,9.552245e-06,-7.740713e-07,9.723071e-07,-3.137043e-05,-0.0001025825,2.2067996e-05,-5.1131437e-06,1.5869931e-05,-6.437115e-05,3.259106e-05,3.9285937e-06,0.00040825957,4.6752262e-05,-3.1496784e-05,-2.472762e-05,-1.8659284e-05,-1.6539077e-05,-1.2528848e-06,3.408837e-05,3.1771e-05,6.152459e-07,9.0910125e-06,2.071526e-05,3.4021956e-05,-5.29592e-06,1.971583e-05,-3.264139e-06,1.2955823e-06,-3.832481e-06,-1.6522677e-05
32,-0.00017748473,7.715872e-05,1.7967062e-05,-9.951978e-05,3.7622427e-05,1.1119691e-05,-4.4980683e-05,4.326294e-05,2.8503493e-05,-6.41162e-05,-0.00012608542,-7.423132e-05,-3.1779404e-05,-3.1589407e-05,-3.5930323e-05,-1.5057947e-05,-2.1983498e-05,3.0199026e-05,3.7371094e-05,9.126456e-06,4.049828e-06,2.8024924e-06,-1.0751839e-05,-1.15815965e-05,1.6303762e-05,3.5234752e-05,-1.5700409e-05,2.6401485e-05,2.4300072e-05,8.546525e-06,4.3129708e-06,4.6752262e-05,0.00042675252,3.3173685e-06,1.9425199e-05,2.4982305e-06,-1.2576009e-05,-6.9106577e-06,-1.21692765e-05,2.0620504e-05,3.8298062e-06,-1.8580195e-05,-5.9664935e-06,-9.16826e-06,-9.942743e-06,-1.216243e-05,3.3347103e-05,-1.0499512e-05,-1.1896009e-06,-9.45584e-07
33,-5.0529747e-05,-4.3701566e-06,-4.4492363e-06,7.506389e-05,-6.426142e-05,5.8666323e-05,9.863243e-06,-4.516661e-05,-1.0923068e-06,2.8551144e-06,0.00011245495,0.00015701557,1.8989846e-05,-6.327567e-05,9.3420516e-05,-1.3534145e-05,-0.00011288055,2.3446355e-05,-3.4724988e-05,1.0586075e-05,3.8848473e-05,6.967454e-05,-5.6883357e-05,-2.1785638e-05,-7.972654e-05,-1.2151117e-05,-2.665976e-05,3.511679e-05,-9.108773e-06,-6.1433035e-05,-1.4231135e-05,-3.1496784e-05,3.3173685e-06,0.00031812157,3.0284045e-05,-1.3130398e-06,-1.2616257e-05,-8.431203e-06,-1.5221289e-05,-6.7224173e-06,-3.02839e-05,-9.141217e-06,5.960267e-06,-1.751154e-05,-2.2420501e-05,2.4267389e-05,2.1560787e-05,-2.9043707e-05,-7.244529e-06,1.3955114e-05
34,-1.913274e-05,6.75185e-05,-5.3181837e-05,-7.848417e-05,-7.5297145e-08,-8.611914e-05,-4.9263734e-05,8.53668e-06,9.5262385e-06,1.0165832e-05,3.6173566e-05,-6.581833e-05,-7.112941e-05,-9.736126e-05,7.2423194e-05,3.2906508e-05,0.00010133913,1.6396185e-05,-5.6774923e-05,-6.9995e-05,1.0823523e-05,1.410328e-05,-1.8214188e-05,3.4167704e-06,2.4667243e-06,1.3649928e-05,-7.640484e-06,-2.9940622e-05,-3.3003947e-05,-1.308393e-06,-3.522908e-05,-2.472762e-05,1.9425199e-05,3.0284045e-05,0.00038223004,-1.9304542e-05,-3.627907e-06,9.274863e-06,3.13513e-05,-9.568879e-07,-5.9095773e-06,1.0953009e-05,-1.0650154e-05,6.8927275e-06,1.2008408e-05,-9.531435e-06,-1.3523759e-05,-5.9123154e-06,-6.9903053e-06,1.1431446e-05
35,0.00010408785,0.00011535526,1.6381611e-05,-0.00018953905,3.1760878e-06,-1.6813909e-05,2.1786322e-05,-1.09754355e-05,-6.484718e-05,1.9524803e-05,6.283255e-05,-0.000119507604,7.1660215e-05,2.8168262e-05,-2.932096e-05,-1.4298479e-05,2.971086e-05,7.864968e-05,3.067489e-05,-8.506667e-05,-4.100353e-06,1.6019816e-05,-9.7451426e-05,-1.12644375e-05,-1.3568146e-05,3.4491997e-05,2.5102101e-05,-4.0600276e-05,1.677598e-05,-2.902824e-05,-1.7543525e-05,-1.8659284e-05,2.4982305e-06,-1.3130398e-06,-1.9304542e-05,0.00032004365,-2.4998014e-06,8.547299e-06,1.3703905e-05,1.9254352e-05,-1.8561861e-05,1.7369945e-05,2.2292505e-05,5.648966e-06,1.2970508e-05,1.4500089e-05,1.3314522e-05,-1.4457864e-05,1.3889838e-05,-3.3341644e-06
36,-7.877983e-06,-0.00010401252,-2.9457187e-05,8.176199e-05,-3.8188417e-05,1.5691656e-05,-2.6662441e-05,-9.388376e-06,4.6079113e-05,1.2592725e-05,0.00014066434,0.00011749883,-2.7688733e-05,-1.9057617e-05,-1.8920517e-05,-9.958792e-05,-1.0442398e-05,3.197386e-06,-2.0356076e-06,3.377464e-05,2.889469e-06,2.0350908e-05,-5.5756345e-06,-3.2617092e-05,2.2330485e-05,1.1784159e-05,7.584323e-05,-3.472807e-05,-1.4629142e-05,-3.4931506e-06,2.9392427e-06,-1.6539077e-05,-1.2576009e-05,-1.2616257e-05,-3.627907e-06,-2.4998014e-06,0.00027606834,2.4409745e-05,8.108389e-06,1.0681668e-05,-8.422585e-06,-1.6693091e-05,-2.1118049e-05,2.2144572e-05,-9.197238e-06,5.799973e-06,2.902477e-05,-3.11489e-05,-1.3253931e-05,-3.8027451e-06
37,4.2292224e-05,-9.045651e-05,-4.270482e-05,5.8113576e-05,6.159574e-05,7.195085e-05,3.176426e-05,3.7553258e-05,2.4933472e-06,-4.689432e-05,-0.000120972305,-2.424343e-05,-1.2138171e-05,-1.2846655e-05,3.7426807e-06,8.303543e-06,1.6048369e-05,1.5003297e-05,3.2707867e-05,-1.672535e-05,1.4905548e-05,-3.7003898e-05,-1.0616082e-05,6.0134294e-06,-4.9896367e-05,-1.9817839e-05,1.796239e-05,-9.141599e-06,-2.1257278e-05,1.6692316e-05,6.639156e-06,-1.2528848e-06,-6.9106577e-06,-8.431203e-06,9.274863e-06,8.547299e-06,2.4409745e-05,0.00030267396,-3.2496235e-05,1.3768977e-05,8.3857385e-06,1.2055838e-05,1.8858065e-05,5.976763e-08,-3.1423683e-06,1.1631707e-05,-8.193886e-06,1.8349772e-05,1.8252382e-05,2.2470855e-05
38,0.00012015348,0.00022109182,-3.858318e-06,-5.5830293e-05,-6.261811e-05,-3.7135105e-05,6.9082644e-06,2.8523651e-05,2.114912e-07,-1.6096037e-06,3.302031e-05,2.3910732e-05,7.607305e-05,1.786711e-05,-2.6209513e-05,-5.5280667e-05,4.9137643e-06,-4.6130062e-06,6.115266e-05,1.7412636e-05,-1.248133e-05,-3.218397e-05,1.6659258e-05,-2.6645977e-05,-1.1088829e-05,-5.273002e-06,2.8040718e-05,-1.3798916e-05,2.937949e-05,2.2861768e-06,2.1708573e-05,3.408837e-05,-1.21692765e-05,-1.5221289e-05,3.13513e-05,1.3703905e-05,8.108389e-06,-3.2496235e-05,0.00025752166,-1.4934611e-05,-1.1281141e-05,-1.0591717e-06,-5.4658103e-06,-1.0925751e-05,-1.0280739e-05,5.6410945e-06,3.4302076e-08,-4.3309046e-06,3.080324e-06,1.2680539e-05
39,-8.41815e-05,-0.00026913022,-6.6402135e-06,6.7294895e-05,1.39190215e-05,-2.8298819e-05,-3.1233176e-05,-7.716707e-06,-1.0912885e-05,4.2637457e-06,0.00023419263,-4.4181434e-05,-3.681578e-05,6.980581e-05,2.61575e-05,-4.035406e-05,4.666769e-05,-1.5768368e-05,-3.4040037e-05,-5.2930416e-05,5.9266913e-06,3.7683526e-06,1.2726214e-05,9.4996485e-06,3.7211525e-05,-2.8740818e-05,2.8368882e-05,-3.9173014e-05,-1.4924383e-06,-2.5319749e-05,-7.651997e-06,3.1771e-05,2.0620504e-05,-6.7224173e-06,-9.568879e-07,1.9254352e-05,1.0681668e-05,1.3768977e-05,-1.4934611e-05,0.000234993,1.38823925e-05,-1.1527387e-05,-2.7105104e-06,-6.4222013e-06,1.6984874e-05,-9.956451e-06,-7.8983055e-07,7.8377725e-06,7.1007616e-06,9.21882e-06
40,-2.1983004e-05,-3.261912e-05,-1.5416555e-06,7.742892e-05,9.175189e-05,-2.9817496e-05,9.872977e-05,3.9489634e-05,3.595661e-06,6.504927e-06,-7.899443e-05,2.0237292e-06,8.69654e-05,-5.7874095e-05,4.3521308e-05,5.2964093e-05,-5.1450963e-05,2.771585e-05,-6.0731705e-05,2.0797286e-05,4.611926e-05,3.2127642e-05,3.0748877e-05,1.3306579e-05,-2.2397126e-05,-4.7089652e-05,1.0421391e-05,-4.650907e-05,-6.3520292e-06,-1.3224162e-05,-3.411668e-05,6.152459e-07,3.8298062e-06,-3.02839e-05,-5.9095773e-06,-1.8561861e-05,-8.422585e-06,8.3857385e-06,-1.1281141e-05,1.38823925e-05,0.00019751053,-3.1782238e-05,7.615726e-07,6.4513456e-06,-6.3433836e-06,6.198916e-06,-3.0568888e-05,-5.3070576e-06,-6.4124943e-06,-2.6427997e-05
41,4.9998496e-05,-1.888844e-05,2.9220162e-05,4.4608914e-05,1.27462845e-05,-5.7497164e-05,-9.347142e-06,-4.7313206e-06,-7.2852085e-06,2.2157448e-05,6.7966925e-05,2.0173995e-05,-3.8860426e-06,-4.377328e-05,3.5442954e-05,6.6499386e-05,-2.817599e-05,2.7786413e-05,-6.9626417e-06,-5.9701947e-06,-1.2171606e-05,-3.1952044e-05,2.2823988e-05,-5.9183603e-06,7.0297474e-06,5.9327913e-06,2.2978966e-05,-1.5596168e-05,-7.395339e-07,-8.20833e-06,9.483041e-06,9.0910125e-06,-1.8580195e-05,-9.141217e-06,1.0953009e-05,1.7369945e-05,-1.6693091e-05,1.2055838e-05,-1.0591717e-06,-1.1527387e-05,-3.1782238e-05,0.000241326,-1.32533005e-05,8.946703e-06,-7.2027547e-07,-1.27441945e-05,-3.649373e-06,-4.103604e-06,-3.678586e-06,-1.7574333e-05
42,-2.0841104e-05,-0.0002662426,7.0983246e-05,5.2286196e-05,1.5630216e-05,-5.075164e-05,-5.9590202e-05,-3.4122077e-05,2.2943295e-05,1.52138e-05,0.00012805816,1.4059373e-05,-5.1987845e-05,-2.4994373e-05,1.6815608e-05,-2.2486493e-06,-1.0863727e-05,-9.081065e-07,-5.2779607e-05,-2.8490833e-06,-3.7377013e-05,-2.6766273e-05,3.6796555e-05,-3.790035e-05,3.4260105e-05,1.8642138e-05,2.994214e-06,-4.257723e-05,1.6090395e-05,-1.5146961e-06,5.097584e-06,2.071526e-05,-5.9664935e-06,5.960267e-06,-1.0650154e-05,2.2292505e-05,-2.1118049e-05,1.8858065e-05,-5.4658103e-06,-2.7105104e-06,7.615726e-07,-1.32533005e-05,0.00018957863,-2.8004047e-06,-2.2582485e-06,-8.018185e-06,5.9609665e-06,6.342251e-07,-1.9096737e-05,8.205732e-06
43,0.0001231967,0.00014302386,1.1880737e-05,-5.291525e-05,1.9198942e-05,-1.3474446e-05,-9.653825e-06,2.6950842e-05,1.8390565e-05,-2.7328231e-05,-7.900724e-05,2.5368042e-06,-5.194447e-06,-1.4384228e-05,4.716685e-06,-6.9408954e-05,3.3241955e-05,1.18235985e-05,-1.4034894e-05,7.917934e-06,-2.2985196e-06,2.7839738e-05,7.964883e-06,2.5617326e-05,1.1143492e-05,-2.5179424e-05,-5.555077e-06,5.205255e-06,4.2417516e-05,-2.2528297e-05,-6.988059e-06,3.4021956e-05,-9.16826e-06,-1.751154e-05,6.8927275e-06,5.648966e-06,2.2144572e-05,5.976763e-08,-1.0925751e-05,-6.4222013e-06,6.4513456e-06,8.946703e-06,-2.8004047e-06,0.00020944107,-1.9342522e-05,1.2144322e-06,1.0904761e-05,-2.1050811e-05,-3.642113e-06,-3.0358156e-06
44,-6.103521e-05,-0.00023440004,-0.00010992057,7.257291e-05,3.692603e-05,-1.5047941e-05,2.8319715e-05,-3.1441134e-05,1.4760275e-05,3.493459e-05,-5.8760993e-06,9.041613e-05,-1.189969e-05,-2.9102212e-05,4.4428187e-05,-1.6774662e-05,6.084515e-07,2.5194455e-05,-9.299817e-06,6.2062565e-05,-2.6419226e-05,4.4154285e-06,1.854616e-05,4.2496664e-05,2.5469335e-06,-9.825077e-06,-2.3982724e-05,5.762592e-06,-1.7299466e-05,5.1661655e-06,-1.2189072e-05,-5.29592e-06,-9.942743e-06,-2.2420501e-05,1.2008408e-05,1.2970508e-05,-9.197238e-06,-3.1423683e-06,-1.0280739e-05,1.6984874e-05,-6.3433836e-06,-7.2027547e-07,-2.2582485e-06,-1.9342522e-05,0.0001882266,3.7556597e-06,2.4492016e-05,8.737832e-06,-4.0688406e-07,7.3419997e-06
45,7.66176e-05,-5.672844e-06,-1.2180646e-05,6.8894756e-06,-2.6817255e-05,5.503881e-05,6.9302287e-06,-1.2613267e-05,2.8461858e-05,-2.2329217e-05,-0.00011957218,3.3811273e-05,-7.931654e-05,-7.703571e-06,-6.6149616e-05,-9.563797e-06,1.686946e-05,-1.21965495e-05,-1.339452e-05,-2.3049499e-05,-1.2863904e-05,-3.453383e-05,3.429386e-05,-1.8344268e-05,6.0596535e-06,1.4476279e-05,4.108306e-06,2.1776593e-06,-4.699844e-06,-5.038413e-06,-9.0484855e-07,1.971583e-05,-1.216243e-05,2.4267389e-05,-9.531435e-06,1.4500089e-05,5.799973e-06,1.1631707e-05,5.6410945e-06,-9.956451e-06,6.198916e-06,-1.27441945e-05,-8.018185e-06,1.2144322e-06,3.7556597e-06,0.00018219359,-3.6752654e-06,-9.958972e-06,1.3361752e-05,-7.854516e-06
46,4.1620104e-05,8.3858635e-05,5.7358782e-05,2.140948e-05,5.6947014e-05,-2.7840853e-05,-1.3401573e-05,-4.9402e-06,2.3749388e-05,-1.5910491e-05,-7.3216055e-05,-2.1986196e-05,-3.8867224e-06,-4.2095056e-05,1.8356799e-05,2.5965268e-05,-4.8584625e-06,-9.017821e-06,-2.1444941e-05,-5.029764e-06,9.1396e-06,-4.6726786e-05,6.075981e-06,3.0697895e-05,3.6482127e-06,-1.547837e-05,1.2205066e-06,1.1839955e-05,1.4719053e-05,1.731877e-05,1.7419151e-07,-3.264139e-06,3.3347103e-05,2.1560787e-05,-1.3523759e-05,1.3314522e-05,2.902477e-05,-8.193886e-06,3.4302076e-08,-7.8983055e-07,-3.0568888e-05,-3.649373e-06,5.9609665e-06,1.0904761e-05,2.4492016e-05,-3.6752654e-06,0.00014096004,-1.4330358e-05,1.0450024e-06,-1.3432846e-05
47,-5.3682845e-05,-3.4108376e-05,-8.008885e-05,-9.522055e-06,2.881253e-08,7.357172e-05,1.4589739e-05,1.8940531e-05,4.269991e-05,-2.992788e-05,-0.00010151573,4.6357225e-05,-3.4300414e-05,-3.776809e-05,-7.358706e-05,-6.681695e-05,5.24173e-06,-4.100566e-06,1.4886518e-05,-4.2999105e-05,2.5010731e-05,5.0463514e-05,-2.0118772e-05,5.435355e-07,9.035206e-06,4.245038e-05,4.4700508e-05,2.6235957e-05,1.9899024e-05,6.590749e-06,1.0089496e-05,1.2955823e-06,-1.0499512e-05,-2.9043707e-05,-5.9123154e-06,-1.4457864e-05,-3.11489e-05,1.8349772e-05,-4.3309046e-06,7.8377725e-06,-5.3070576e-06,-4.103604e-06,6.342251e-07,-2.1050811e-05,8.737832e-06,-9.958972e-06,-1.4330358e-05,0.00012777036,-7.6165625e-06,-3.5149378e-06
48,6.7651577e-06,-2.8288323e-05,2.8924598e-05,7.676026e-05,1.8682465e-05,1.4852959e-05,-9.62535e-07,-1.4701052e-05,-2.2181823e-05,-1.102724e-05,-6.1231153e-06,-4.7114598e-05,-3.118988e-05,2.147789e-05,3.1930795e-05,-2.840731e-05,-1.9951944e-05,7.309341e-06,-3.232834e-05,1.1521477e-05,4.2056345e-05,3.429487e-05,-2.9923917e-06,1.6273894e-05,2.0773146e-05,-1.8419989e-05,-3.167708e-05,1.1665767e-05,4.2182473e-06,1.2189441e-05,9.1662805e-06,-3.832481e-06,-1.1896009e-06,-7.244529e-06,-6.9903053e-06,1.3889838e-05,-1.3253931e-05,1.8252382e-05,3.080324e-06,7.1007616e-06,-6.4124943e-06,-3.678586e-06,-1.9096737e-05,-3.642113e-06,-4.0688406e-07,1.3361752e-05,1.0450024e-06,-7.6165625e-06,0.00016144801,-5.399578e-06
49,4.9735387e-05,2.9847877e-05,-5.126527e-05,-2.004032e-06,-2.691409e-06,2.395441e-05,1.3156225e-05,2.5177786e-05,1.8104362e-05,1.645694e-05,-9.613433e-05,6.601511e-06,2.2236403e-05,3.1107433e-05,-3.3208064e-05,1.8408988e-05,-2.3778575e-05,2.3621013e-05,2.053339e-05,3.8474063e-05,-9.07279e-06,-2.5159286e-05,1.2249162e-05,2.0170613e-05,1.3752128e-09,-5.2767573e-06,4.3819964e-06,-4.4343096e-06,1.2280649e-05,1.1142815e-05,1.9576535e-05,-1.6522677e-05,-9.45584e-07,1.3955114e-05,1.1431446e-05,-3.3341644e-06,-3.8027451e-06,2.2470855e-05,1.2680539e-05,9.21882e-06,-2.6427997e-05,-1.7574333e-05,8.205732e-06,-3.0358156e-06,7.3419997e-06,-7.854516e-06,-1.3432846e-05,-3.5149378e-06,-5.399578e-06,0.00012518464
