,0,1,2,3,4,5,6,7,8,9,10,11,12,13,14,15,16,17,18,19,20,21,22,23,24,25,26,27,28,29,30,31,32,33,34,35,36,37,38,39,40,41,42,43,44,45,46,47,48,49,50,51,52,53,54,55,56,57,58,59,60,61,62,63,64,65,66,67,68,69,70,71,72,73,74,75,76,77,78,79,80,81
0,462.2077,0.33409345,-19.009321,4.3532596,-9.498825,0.1262944,-1.1317614,-5.195902,-0.35806483,1.205109,-2.9403749,-1.0250123,-0.35340953,5.389889,0.6075083,-1.0260785,0.19355108,-3.381829,0.0028336088,0.53275853,0.65757215,0.9164078,1.024725,0.61242163,0.014499759,-0.35259116,0.25530964,-0.69403136,-0.09657198,-0.18104166,0.78576994,0.58323455,0.44118023,-0.1981884,-0.26336873,0.25837082,0.6009678,-0.5301088,-0.81469107,0.026834663,0.08085522,-0.15156642,-0.80722207,0.014688322,-0.124399036,0.07004316,0.15025204,0.27213418,-0.4049852,-0.08300091,-0.20433855,-0.014143924,0.044411197,-0.07613307,-0.13831595,-0.13320442,-0.12369551,-0.08815354,-0.023550373,-0.04308622,0.11334931,0.014265017,0.24998654,-0.039601266,-0.1442537,-0.014564484,0.14114706,0.029140726,-0.039244756,-0.038332924,-0.015170575,-0.11455799,0.048523247,-0.11071451,-0.12001287,-0.025189213,-0.04553377,0.12557046,0.021252416,0.15309262,-0.025742529,-0.122853994
1,0.33409345,126.3778,-3.0330558,3.2070694,5.1253967,-2.0424469,1.4110043,2.062973,3.0956004,-1.3394024,1.7314351,-1.5833666,-1.1812229,-1.0929673,-2.804692,-0.5391597,-1.0755982,-0.87589717,-0.5857438,-0.568838,-1.1208636,1.5389683,0.021404672,0.6692133,-0.6090255,-0.3389147,-0.9273859,-0.07536581,0.5703231,-0.26746017,0.4894116,-1.0314758,0.52844214,-0.9066608,0.029915685,-0.18911216,-0.027948912,-0.14756171,-1.3257507,-0.06879257,0.05503489,-0.573492,0.23438965,-0.07458481,-0.7325499,0.121768475,0.10295801,-0.61166966,-0.40011668,0.15111695,0.08732058,-0.4553777,-0.09124996,-0.049737725,0.4353833,-0.32177553,0.2003837,0.2755136,-0.55823016,0.23220792,0.4193807,0.02445843,0.44442287,0.068773136,-0.3083516,0.049896874,-0.1907202,0.3623287,-0.011495315,-0.56641316,0.024253063,0.061071843,-0.16432944,0.18973728,-0.020567935,-0.06734293,0.038407646,-0.00837985,0.06027067,-0.090839766,-0.045127228,0.049262825
2,-19.009321,-3.0330558,45.52906,12.01506,-22.555822,-1.8209119,-3.8202233,-11.272686,-1.5601139,3.5312014,-0.03581579,-4.70238,-4.3254547,2.1914306,-4.073952,0.3477129,-2.928567,-1.0034504,0.54935265,-0.45581207,-0.567937,1.7517167,1.4690931,0.6782085,0.42529023,-1.3204918,0.5455016,-0.5298906,0.81682694,-0.35892618,-0.3395127,-0.78959346,-0.51462436,0.18931118,0.6611122,0.116852075,-0.38492414,-0.15671909,-1.2686049,0.39794928,0.19094959,-0.13915154,-0.013484331,0.0015921153,-0.7773064,0.11584519,0.5691413,0.03932391,-0.45086813,0.18929371,-0.46773857,0.104458936,-0.2189872,-0.2098893,-0.08645646,-0.5075301,0.38102853,-0.095000654,-0.33386892,0.28744966,0.4017821,-0.010448317,-0.0021558357,0.106959134,-0.12839079,0.1476492,-0.02886255,0.04325153,0.07525724,-0.21164614,-0.36935467,0.030228656,-0.14196181,0.3474489,-0.1648677,0.05967685,-0.03809368,-0.07769883,0.20090832,-0.11224989,-0.04307781,0.13881698
3,4.3532596,3.2070694,12.01506,54.297974,7.3710237,1.7535653,1.8918419,-0.646873,-1.7784482,2.804737,-0.33585942,1.5077667,0.3864041,1.1296465,1.7809346,0.7139418,0.52535653,-1.5516925,-0.5630857,-1.0860491,0.17034402,-1.3290015,0.1150906,-1.101887,0.5125585,1.1363096,0.44470346,0.11968556,-0.19567071,-0.867241,-0.23990059,0.5227721,-1.2076828,0.60135335,0.28284848,0.21911371,-0.44227362,-0.5101301,0.3550852,0.38271284,0.029944817,0.6127368,0.50113,0.09382802,-0.3801037,-0.4690118,-0.5028099,0.99467254,0.18071389,-0.20018709,0.27960306,0.44849575,-0.8207897,-0.458565,-0.6852489,-0.14918658,0.5822718,-0.16849321,-0.41755915,-0.08900359,-0.21847415,-0.041743927,-0.8151523,0.06297945,0.3515627,0.3065467,0.27808583,-0.14773394,-0.20159477,0.07904349,-0.31766957,-0.119756445,-0.04857195,-0.01374514,0.03455683,0.24870488,0.12921461,0.04697922,0.25409895,-0.18540822,-0.06837493,-0.18454716
4,-9.498825,5.1253967,-22.555822,7.3710237,34.953434,0.1638417,-4.003763,-4.1236973,-4.16095,1.3787153,-1.5022588,0.6371664,0.37543583,0.77594966,-0.2812099,0.4764723,0.29144365,0.04920481,1.0594828,1.784701,2.4451675,-0.70064443,0.6284795,-0.30679005,0.46436206,-0.232351,1.4639482,0.36767644,0.0260343,0.9704988,-0.27022994,0.57063115,0.75944805,1.0770578,-0.072815835,0.23362353,0.25920844,0.22410706,1.5317495,-0.6101701,0.15261635,0.9423773,-0.20245993,-0.030896708,0.8392122,0.026700495,0.08836499,-0.249754,0.37190506,-0.23665646,-0.017021868,0.20010257,0.36628535,0.34150854,-0.02088802,0.33024457,-0.3960371,0.2730214,0.24169275,0.10340831,-0.22252263,-0.24325089,0.3013575,0.30224025,0.13456057,-0.3204705,-0.042327993,-0.3122112,0.01061225,0.3903103,0.14445157,0.13556431,0.13737881,-0.0008701242,-0.114858255,0.063474774,-0.19982386,-0.1162979,-0.020256415,0.11218775,0.09169581,-0.031871952
5,0.1262944,-2.0424469,-1.8209119,1.7535653,0.1638417,42.654545,-0.9722029,0.40968433,0.6659947,-0.4922613,1.0031822,0.15085389,-2.5161285,-0.8969725,-0.31015754,0.64550245,-2.1562433,0.41091037,-0.05318536,0.9272088,-0.946911,-0.48486748,0.26118952,-0.8543111,0.71901876,0.59588563,-0.8077873,0.37709224,0.26018548,-0.5692458,-0.41947156,-0.36071005,1.0069528,-0.27189553,-0.04491297,-0.37615326,0.42055178,0.37897873,-0.4065563,0.24326177,-0.04505309,-0.033546053,-0.36780226,-0.11392468,0.06451925,0.27929586,-0.49219424,0.40855646,-0.15356854,0.5399921,0.36389798,-0.2778796,-0.07451336,-0.014884545,0.08409789,-0.14369869,0.13238424,0.06081717,-0.2636626,-0.12686676,-0.28186268,-0.23757885,0.4817137,0.4041085,-0.06568929,0.2255907,-0.044984262,-0.11672926,0.26160282,-0.265202,0.21545555,0.073831335,-0.38685358,-0.0858337,0.030900091,-0.12436304,-0.004885371,-0.20321614,-0.16157436,0.041941985,-0.24022424,-0.0822306
6,-1.1317614,1.4110043,-3.8202233,1.8918419,-4.003763,-0.9722029,36.13331,-0.8123362,-0.082940206,0.11022185,-0.3164817,-0.7857442,-0.5155275,-2.0656915,-0.92100203,0.78265345,-0.13093752,1.1032472,0.24209143,1.261131,0.51600826,0.19841853,-0.38036048,-1.1347188,0.48665226,0.9376479,0.6614604,-0.28896636,-0.5124465,0.89822644,0.12525684,0.18397054,-0.17086107,0.60684764,-0.89066005,0.36258322,0.35877538,0.402541,-0.009349964,0.088809,-0.010390706,-0.24775067,-0.19548833,-0.32177633,-0.31965852,0.27291125,-0.12923387,-0.1453707,-0.030235462,-0.11945958,0.05061482,-0.13804808,0.04181519,0.3160169,-0.23417145,0.008886485,0.33471543,-0.12267054,0.12204136,-0.092484176,-0.1967124,-0.29985008,-0.1933375,-0.014634597,-0.22358677,-0.07456809,0.16359779,-0.24170366,0.110535644,0.29654634,0.3959775,-0.1832796,-0.073095374,-0.008536807,0.1914236,-0.1263814,0.012520925,-0.07273778,-0.26426366,0.1783038,-0.0707666,-0.19223219
7,-5.195902,2.062973,-11.272686,-0.646873,-4.1236973,0.40968433,-0.8123362,27.326977,-1.9818121,0.6805377,-2.3425982,-1.6967863,0.41332483,2.3478718,2.645877,0.64386696,0.104968965,0.3414647,0.80587,-1.2646363,-0.13012679,-1.2916083,0.4646961,0.39814907,1.3553643,0.026456423,0.51526374,-0.122113004,-0.017379157,-1.106536,0.088129275,0.39366072,-0.48977852,0.15898016,0.50848836,0.21767594,0.109363586,0.42349154,-0.6263562,0.64209473,-0.12532383,-0.5783279,-0.009730693,-0.10218035,-0.20896137,0.03537707,-0.05355411,0.36242348,-0.15182897,-0.13296226,-0.20740879,0.11064095,-0.17711793,-0.3265416,-0.21425861,-0.29090017,0.36175293,-0.25745177,-0.05456733,0.16792156,-0.13230869,0.16265434,-0.5189949,-0.23758444,0.0016408002,0.26671165,0.1423514,-0.00063799636,0.045634326,-0.01339972,-0.02324444,-0.035909172,-0.039023854,-0.009783435,0.027446423,0.03022077,0.10202356,0.063688315,-0.107315734,-0.023338024,-0.07224135,-0.08736717
8,-0.35806483,3.0956004,-1.5601139,-1.7784482,-4.16095,0.6659947,-0.082940206,-1.9818121,25.786474,-0.55657977,-1.7682538,0.64304185,1.3423405,-0.15479085,2.1604104,0.5748504,0.8455092,-0.43937397,0.6291245,-0.73853505,0.15682971,-0.12374979,0.008833562,0.0714532,0.5957868,0.13627325,0.57060266,0.4544769,0.28076845,0.6666182,0.22990388,-0.5265506,0.30804315,0.69752836,0.253353,0.5331753,-0.46327418,0.6051581,0.7383694,0.27585745,0.2080151,0.22367722,1.0872477,0.3214976,0.034170777,-0.21929711,-0.08010795,0.41124117,0.5857283,0.0895675,0.08021809,0.10119539,-0.07526746,-0.29785427,-0.2887264,0.03703575,-0.040805608,-0.08333331,0.103994995,0.24495926,-0.35616142,-0.1369136,-0.13092297,0.13884963,0.3685367,-0.09889561,-0.06269683,-0.33029294,0.032700058,0.02400609,0.005902527,0.2536775,-0.014771158,0.22750399,0.07142301,0.10569985,0.06956911,-0.1677956,0.17338917,-0.05768977,0.060500078,-0.097501256
9,1.205109,-1.3394024,3.5312014,2.804737,1.3787153,-0.4922613,0.11022185,0.6805377,-0.55657977,23.08742,0.67228913,-0.5608074,1.4210827,-0.71007836,0.8837217,0.11159857,-0.36741668,1.7284834,0.15016162,-0.20605922,-0.047687113,-0.83767104,0.093319006,0.395972,0.051721208,-0.5204882,0.24419762,0.15858614,0.07661322,-0.2011931,1.5333982,-0.42039937,0.7260743,-0.50372314,0.5584791,0.7793758,0.6462256,0.43865317,-0.13663971,-0.047546856,0.005769752,-0.82820606,0.21329479,-0.037052326,-0.34982973,0.021312833,0.5505503,-0.08827925,0.18855649,0.018821627,-0.23357302,-0.28170657,0.5256531,-0.0018085777,-0.053813532,-0.29251257,-0.4591334,0.035965145,0.2174278,-0.10897288,-0.24839342,-0.062261883,0.5166606,-0.13470957,-0.36578494,-0.32240945,-0.4646685,0.016985243,0.0064858133,-0.18732736,0.2876891,0.070388384,-0.021992132,0.38499978,-0.069756,-0.0414021,0.07440083,-0.03947577,0.25505775,0.11240649,0.110736415,-0.3117432
10,-2.9403749,1.7314351,-0.03581579,-0.33585942,-1.5022588,1.0031822,-0.3164817,-2.3425982,-1.7682538,0.67228913,15.260362,1.5929618,2.9355397,1.1508634,1.6608708,-0.92912817,1.5098004,-3.1022444,0.59269404,-0.8887422,-0.03678776,0.6483493,0.10967987,1.1848273,0.052525543,-0.018098984,0.31189734,-0.62660974,-0.399113,-0.5715196,0.32674626,0.270934,-0.9914167,0.84867746,-0.97524154,0.061986715,0.5075715,0.46729615,-0.34121025,-0.2735765,0.40799123,-0.5391425,0.36795175,0.08484763,0.28554624,-0.16267271,-0.08176341,0.2690789,-0.3438213,0.19790679,0.43454373,-0.0866861,0.024242535,0.24688703,0.7006173,-0.124318,-0.02253519,0.002598965,0.13406628,-0.03460344,-0.2145272,-0.08293734,-0.14829624,-0.07274091,-0.17426926,-0.07273728,0.12940112,-0.12120986,0.037118368,0.09794304,0.09883142,0.2222259,0.07277861,0.017457824,0.051446356,-0.09968476,0.1851415,-0.13150668,-0.2593188,-0.008981273,-0.17517409,0.11335933
11,-1.0250123,-1.5833666,-4.70238,1.5077667,0.6371664,0.15085389,-0.7857442,-1.6967863,0.64304185,-0.5608074,1.5929618,16.117056,0.05262334,0.48058578,0.41734546,1.1242348,0.32918352,1.5825139,1.0354166,-0.5390656,-1.8582056,-0.35654008,0.2959595,0.88999826,0.1483199,0.07044475,-0.07891677,-0.70447654,-0.45629013,0.5871294,-0.05534976,-0.025714906,-0.05320535,-0.76102984,-0.3721823,-0.13247216,-0.74137235,-0.15801221,-0.5382974,0.036721326,0.02235211,-0.44080746,0.19895926,-0.48550224,-0.55733955,0.3028527,0.37767246,-0.4794651,-0.15397507,-0.15471783,-0.16999505,-0.15287358,-0.31963187,-0.020598643,-0.5031304,0.21477708,-0.006166502,-0.01131162,-0.10964808,0.12510985,0.10054718,0.08683268,0.045969363,-0.17973983,-0.09748687,0.12740545,0.0070387935,0.28091252,-0.013797413,-0.16568746,0.11672675,-0.050621517,-0.17886394,0.024882438,0.17618534,0.012757381,-0.036441647,0.25655043,-0.15189853,-0.08594796,0.07694304,-0.20002094
12,-0.35340953,-1.1812229,-4.3254547,0.3864041,0.37543583,-2.5161285,-0.5155275,0.41332483,1.3423405,1.4210827,2.9355397,0.05262334,13.010213,-0.86445206,-2.2654335,-1.3667672,-0.98896146,-1.0829006,-0.9585078,0.25027433,-0.1846151,0.49178058,0.8119271,-2.0654688,0.4800939,0.088331014,-0.5859717,0.8053838,-0.74194455,-0.6915977,-0.66390646,-0.25567478,0.14021273,-0.6206422,0.3608415,0.058181163,-0.27034807,0.11217414,-0.123414576,0.25345445,-0.39159334,-0.09421717,-0.111604124,0.09418319,0.29270583,0.43312418,-0.19894601,0.45755112,0.23360108,0.10917483,0.08576843,-0.05395086,-0.16099694,-0.36435795,-0.3601998,0.4590094,-0.022111993,-0.112861454,0.30357242,0.11276166,-0.1076198,-0.009816552,-0.027716415,-0.00797966,0.08047734,0.17019859,0.026891854,0.093766324,-0.028685037,-0.14250733,-0.18111257,-0.22104469,-0.14925966,-0.07008216,0.15003073,-0.070922285,0.12986717,0.08489989,-0.09392977,0.13214995,-0.075228706,-0.0119509455
13,5.389889,-1.0929673,2.1914306,1.1296465,0.77594966,-0.8969725,-2.0656915,2.3478718,-0.15479085,-0.71007836,1.1508634,0.48058578,-0.86445206,10.882938,-2.9733553,0.39108652,-0.29528302,1.9412322,0.5135579,-0.12908605,-0.29394084,0.35133523,-0.5561457,-1.0264945,0.54413104,0.51716924,0.57935953,0.13215321,-0.21284243,0.0464886,-0.49970192,-0.6334568,-0.4876193,0.8169808,-0.3547526,0.20998883,-0.24990375,1.1672697,-0.20264927,0.09308222,-0.14270084,-0.21626502,1.067825,-0.18067239,0.36162466,-0.30705354,0.013204979,-0.33025047,0.40220374,-0.017906103,0.24299082,0.15513203,0.22634687,0.6607052,0.1586828,-0.087343395,0.21944875,0.23085742,-0.16011667,0.16858327,-0.09565309,-0.13548583,-0.0835687,0.050411545,-0.34014136,0.053702958,-0.23763287,-0.11262735,0.13453913,0.06025654,0.15146257,0.12939188,0.0130457785,0.18069634,0.16710669,0.028480351,0.12752485,-0.22447044,-0.05499079,-0.07722163,-0.05024389,0.19813615
14,0.6075083,-2.804692,-4.073952,1.7809346,-0.2812099,-0.31015754,-0.92100203,2.645877,2.1604104,0.8837217,1.6608708,0.41734546,-2.2654335,-2.9733553,9.47497,-0.37049547,-0.40249556,-0.8244227,-0.35885707,0.3138616,-0.15172571,0.9637618,0.22772121,-0.11388834,-0.6826639,-0.1539933,-0.11469889,-0.09971451,-0.07390714,0.307457,0.23779263,0.20581543,-0.6709125,0.2312487,-0.1896724,-0.2556922,-0.25708175,-0.07001509,-0.018450491,-0.22893083,0.1766018,-0.13413683,0.15101397,-0.23331869,-0.28794068,0.10972327,-0.4832375,-0.16637066,0.04074601,-0.033748206,0.061823387,-0.056652445,-0.051617064,-0.030654151,0.053365767,0.062058393,0.064757064,0.55049443,0.03713441,-0.10529639,0.20397478,-0.30420756,-0.016832195,0.13525765,-0.046161726,-0.24739492,-0.22145867,0.006099897,-0.20669481,-0.0012613437,-0.034093328,0.009025419,0.21654227,0.18307973,-0.11192937,0.17950197,0.43937486,-0.02035388,0.17343453,0.028064381,-0.108271174,-0.044266794
15,-1.0260785,-0.5391597,0.3477129,0.7139418,0.4764723,0.64550245,0.78265345,0.64386696,0.5748504,0.11159857,-0.92912817,1.1242348,-1.3667672,0.39108652,-0.37049547,11.432683,1.4073727,-1.9615443,-0.704502,-0.3647402,0.6369138,1.0679479,0.66842055,-0.66791785,0.57639265,-0.5161536,-0.30374706,0.43420413,0.14936101,-0.3022809,0.3295683,0.11686054,-0.012208082,-0.6738711,0.27418375,-0.0006133983,0.09271009,-0.0072751874,-0.28911003,-0.5408957,-0.34375072,-0.48005345,0.14895129,0.6023753,0.7820728,0.27180576,0.4320274,-0.026731152,-0.03871877,-0.03542172,0.042079546,0.24123026,0.18633997,-0.041484006,0.21195795,0.029379755,-0.20223907,-0.050975766,0.21408516,0.0051519806,0.3350895,-0.12636796,-0.087860234,0.010976963,-0.15222326,-0.042376675,0.05767712,-0.1465087,0.012104969,-0.23636413,0.04992342,-0.09625652,0.10887999,0.07109743,0.12398071,0.051390246,-0.032555692,-0.08134106,-0.019044902,0.05214697,-0.008185119,0.13783056
16,0.19355108,-1.0755982,-2.928567,0.52535653,0.29144365,-2.1562433,-0.13093752,0.104968965,0.8455092,-0.36741668,1.5098004,0.32918352,-0.98896146,-0.29528302,-0.40249556,1.4073727,10.563711,1.7879543,-0.43819633,0.46436507,-0.3320551,-0.21701229,-0.28143322,-0.060139414,-0.35483035,-0.28640842,-0.6116725,-0.047859497,0.22863372,-0.72523975,-0.15835504,-0.478353,-0.06490616,0.4065283,0.22804245,0.27515882,0.20065662,-0.3617348,-0.37602642,0.18308853,0.28666094,0.4774618,-0.4392093,0.091534495,-0.22496423,-0.35555345,-0.21014184,0.6037778,-0.11053774,0.3302028,0.20898712,-0.29454267,0.07084115,0.021452207,0.1177031,-0.09622371,0.119796336,-0.14058888,-0.16963056,-0.10094027,-0.39634654,0.20429978,0.16106278,0.24581891,0.04337261,0.058862764,0.12501176,0.033573616,0.12292029,-0.04786119,0.005108114,0.08829619,-0.23604427,0.11053888,-0.05318539,-0.06555842,-0.048658043,-0.10983619,0.21449143,-0.017647639,-0.03881666,0.040592115
17,-3.381829,-0.87589717,-1.0034504,-1.5516925,0.04920481,0.41091037,1.1032472,0.3414647,-0.43937397,1.7284834,-3.1022444,1.5825139,-1.0829006,1.9412322,-0.8244227,-1.9615443,1.7879543,6.8847704,-1.170648,0.35428548,0.069777064,1.5478418,1.2353613,-0.3136665,-0.3937208,0.47375464,0.18925714,-0.05294662,-0.38406146,-0.25797397,0.3583662,0.10439114,0.5882487,-0.1313583,-0.6648922,0.36119455,0.24155246,-0.09245567,-0.21780422,-0.08457895,0.14899653,0.14541072,0.3531947,-0.13881746,-0.14035931,0.14722534,-0.20547158,0.071604386,0.13962485,-0.17009057,0.44889057,0.09275998,-0.24831648,0.04827954,-0.06935753,-0.11040732,0.06153383,0.041369166,-0.14958623,-0.10081524,-0.08608297,-0.031411342,0.26921415,-0.087632194,0.021847878,0.06295939,-0.06493852,0.1182155,0.043344192,-0.16484708,-0.16677347,0.026868306,0.040661857,-0.03767588,-0.032183338,0.0863816,0.05081602,0.117497265,0.1272968,-0.07035915,0.0013766857,-0.004346658
18,0.0028336088,-0.5857438,0.54935265,-0.5630857,1.0594828,-0.05318536,0.24209143,0.80587,0.6291245,0.15016162,0.59269404,1.0354166,-0.9585078,0.5135579,-0.35885707,-0.704502,-0.43819633,-1.170648,9.52021,0.028478922,0.831013,1.143857,0.40592653,-0.35915458,-0.58827007,0.41315418,-0.044874743,0.6481127,0.12946546,-0.26964185,0.11456304,0.21338035,0.4179851,-0.0046574576,0.2673202,-0.10190093,0.28110582,0.15876357,0.39847317,-0.11846889,0.082603216,0.004512893,0.0917732,-0.20860407,-0.44282028,0.18052945,0.25893065,0.12924208,0.05369339,0.08385451,-0.21106276,-0.07199304,-0.06402246,-0.24061091,0.06341629,-0.23344278,0.34453183,-0.10912062,-0.09861393,-0.06007008,-0.10914077,0.10868834,-0.016096901,-0.106783524,0.1682696,0.045878924,-0.15072334,0.019274373,0.1829134,0.047680378,-0.053302884,-0.071607545,-0.14979866,0.044663377,-0.050111413,0.0539689,-0.2604183,-0.11032654,-0.0134201795,-0.01128538,0.037040018,0.045882735
19,0.53275853,-0.568838,-0.45581207,-1.0860491,1.784701,0.9272088,1.261131,-1.2646363,-0.73853505,-0.20605922,-0.8887422,-0.5390656,0.25027433,-0.12908605,0.3138616,-0.3647402,0.46436507,0.35428548,0.028478922,6.5539284,-0.24626042,0.14884004,0.059692636,0.89145786,0.060795717,-0.24149877,-0.3018149,0.025847748,-0.39796758,-1.1438468,-0.58213085,-0.33632144,-0.19999667,-0.16621074,0.6740167,-0.33056828,-0.46182567,0.49223393,0.16953826,-0.0673724,0.14945626,-0.055641897,0.44438234,0.52525353,0.011154074,-0.25536877,0.18857743,0.29681063,-0.01928968,-0.10270374,-0.36727268,0.009749295,-0.051516112,-0.11687134,-0.37287113,-0.0032701518,0.37387162,0.32715517,-0.04518161,0.40718222,0.30907285,-0.18821046,-0.08801264,0.017452322,-0.07219209,-0.16585875,-0.061678782,-0.008373097,-0.052906923,-0.0060772905,-0.10350732,0.35467803,-0.03330582,0.1371776,0.04534015,-0.08678813,0.06118121,0.038767427,-0.16212875,0.18482521,0.044325948,-0.10546506
20,0.65757215,-1.1208636,-0.567937,0.17034402,2.4451675,-0.946911,0.51600826,-0.13012679,0.15682971,-0.047687113,-0.03678776,-1.8582056,-0.1846151,-0.29394084,-0.15172571,0.6369138,-0.3320551,0.069777064,0.831013,-0.24626042,6.9569483,0.2526062,0.26920378,0.9474397,0.3999582,-0.25885615,-0.72933984,-0.5373683,0.17745247,0.47458288,-0.7844001,-0.19918574,-0.31059223,-0.32281572,-0.6348597,-0.36032867,-0.6359747,0.012224975,-0.16707715,0.08570239,0.17651464,-0.15819842,0.38545024,0.306696,-0.27901956,0.23626748,-0.051793844,0.4051336,-0.10501501,0.22919554,0.045820862,-0.023112046,-0.045485433,0.021188352,-0.1090439,-0.058394104,-0.34500828,0.008323599,0.065844715,-0.20899929,-0.2779547,-0.1167745,0.06209375,-0.07204178,-0.12784702,0.23133191,-0.06487375,0.048935793,0.22676337,-0.004277602,0.016230237,-0.006590285,-0.115124546,-0.09079769,-0.14100546,0.16663235,-0.07051225,0.04456509,0.07476029,-0.13639677,-0.11718968,-0.026636498
21,0.9164078,1.5389683,1.7517167,-1.3290015,-0.70064443,-0.48486748,0.19841853,-1.2916083,-0.12374979,-0.83767104,0.6483493,-0.35654008,0.49178058,0.35133523,0.9637618,1.0679479,-0.21701229,1.5478418,1.143857,0.14884004,0.2526062,4.4169474,0.55511713,-0.5403786,0.927274,-0.049865074,0.7880454,-0.0047532963,-0.15153855,-1.1761026,0.43155932,0.45109645,0.052629054,-0.25019273,0.3006372,0.0732038,-0.2084622,0.08436245,0.13627207,-0.32963696,0.2903872,-0.03317469,-0.21554692,-0.34064448,0.005363937,0.8264928,-0.27066404,0.05427268,0.16658457,-0.29991975,0.384032,0.1329222,-0.1722781,0.13539407,0.13851413,-0.017823603,-0.03630002,0.13449362,0.018542338,-0.12190959,0.081050366,-0.14586328,0.2600112,0.055080444,0.10103205,-0.08342107,0.020387366,-0.029929284,-0.2348527,0.07847528,-0.18316849,-0.040130943,-0.0516157,-0.032125533,0.023407143,0.003866686,0.030316882,-0.044487573,0.10414834,-0.05798866,-0.06808008,0.0784332
22,1.024725,0.021404672,1.4690931,0.1150906,0.6284795,0.26118952,-0.38036048,0.4646961,0.008833562,0.093319006,0.10967987,0.2959595,0.8119271,-0.5561457,0.22772121,0.66842055,-0.28143322,1.2353613,0.40592653,0.059692636,0.26920378,0.55511713,6.38959,-0.08867985,-0.4419874,0.41562262,0.22888811,-0.092960715,0.4880079,0.6996552,-0.566109,-0.26420254,-0.34707826,0.10368922,-0.10531804,0.15107736,0.33305973,-0.03772597,-0.30679342,0.24453056,0.36638644,0.07631296,-0.11558151,0.10031167,0.09085131,0.00017425278,-0.16712087,-0.20493445,-0.11492511,-0.19899426,-0.39567837,-0.06075517,-0.037576266,-0.06630936,0.061283685,-0.010700971,-0.003481449,-0.001531477,0.088147126,0.2911724,0.11435339,0.18928155,-0.15039593,0.19389927,-0.09398645,-0.12740491,0.14349407,-0.18124989,-0.07693147,-0.0038324923,-0.08200403,-0.012822226,0.090812,0.02433165,-0.0964084,0.039646134,-0.07784377,-0.15759012,0.010388933,0.2122647,-0.05258351,0.06293539
23,0.61242163,0.6692133,0.6782085,-1.101887,-0.30679005,-0.8543111,-1.1347188,0.39814907,0.0714532,0.395972,1.1848273,0.88999826,-2.0654688,-1.0264945,-0.11388834,-0.66791785,-0.060139414,-0.3136665,-0.35915458,0.89145786,0.9474397,-0.5403786,-0.08867985,4.32511,0.7681374,0.96812254,0.32600898,0.023565628,-0.6447346,-0.20757285,-0.1028874,-0.11716278,-0.25820982,-0.07984853,-0.003912518,0.75164294,-0.2946692,-0.13817629,0.044395074,-0.026070537,-0.2755149,0.07611841,-0.1805239,0.4037245,-0.011339275,0.33639959,0.27704132,0.09927202,-0.347284,-0.09612182,-0.26440725,0.26994348,0.097115844,0.22672799,0.20296045,-0.15958259,0.22003454,-0.18018408,0.084191814,0.07525569,0.0071488684,-0.08184618,-0.17559716,-0.0027441997,0.050311968,-0.04904783,0.088140495,-0.053296827,0.02377356,0.041864738,-0.046484843,0.13116734,0.026549963,0.030684415,-0.030983921,-0.06216319,-0.09113461,0.062572256,0.10016391,-0.05814652,-0.08507001,-0.11280225
24,0.014499759,-0.6090255,0.42529023,0.5125585,0.46436206,0.71901876,0.48665226,1.3553643,0.5957868,0.051721208,0.052525543,0.1483199,0.4800939,0.54413104,-0.6826639,0.57639265,-0.35483035,-0.3937208,-0.58827007,0.060795717,0.3999582,0.927274,-0.4419874,0.7681374,5.1087866,-0.4953974,-0.010015432,-0.47993112,-0.43716198,0.2948071,0.13000593,-0.142651,-0.3101952,0.09365444,0.19511959,-0.03620258,0.16107437,-0.2950995,0.31846988,0.1498857,0.06364003,0.59943676,-0.12901331,-0.5556655,-0.14728975,-0.1298862,0.28518334,-0.015450159,-0.13732854,-0.1985011,-0.06131997,-0.11180335,-0.1348967,0.063750476,0.015496522,-0.08182515,0.0155388275,0.16738889,-0.09548114,-0.092766605,0.22388509,0.05714079,0.09558313,-0.025171556,0.11872673,-0.07613312,-0.11147499,0.013146611,-0.111892775,0.04373437,-0.013230028,-0.046128,-0.09275814,0.058250967,0.007967346,-0.021015096,-0.06191296,-0.0634249,-0.0027757706,0.030338475,0.0742513,0.015371826
25,-0.35259116,-0.3389147,-1.3204918,1.1363096,-0.232351,0.59588563,0.9376479,0.026456423,0.13627325,-0.5204882,-0.018098984,0.07044475,0.088331014,0.51716924,-0.1539933,-0.5161536,-0.28640842,0.47375464,0.41315418,-0.24149877,-0.25885615,-0.049865074,0.41562262,0.96812254,-0.4953974,4.785492,-0.34569395,-0.023900311,0.6350169,0.15103815,0.26942736,-0.86470336,-0.39322403,-0.23648444,0.4805579,0.09380827,-0.118418604,-0.018719057,0.26302627,-0.19639839,-0.5363498,0.045618597,-0.031043965,0.2503816,0.34059697,-0.012035951,-0.19563821,0.22312853,0.042200785,-0.12265734,0.17665425,0.12484878,0.1287364,0.13629562,0.34637505,-0.065852016,-0.16970214,0.04694949,0.06834631,-0.34484336,-0.09230804,-0.084938884,-0.05969175,-0.2203927,0.05969967,0.043999337,0.17145836,-0.003995779,-0.0760549,-0.035349168,0.007466412,-0.07927294,-0.067328416,0.01892772,0.122453496,-0.09299604,0.12135208,0.15105316,0.06652109,0.105703115,0.11357635,0.04960674
26,0.25530964,-0.9273859,0.5455016,0.44470346,1.4639482,-0.8077873,0.6614604,0.51526374,0.57060266,0.24419762,0.31189734,-0.07891677,-0.5859717,0.57935953,-0.11469889,-0.30374706,-0.6116725,0.18925714,-0.044874743,-0.3018149,-0.72933984,0.7880454,0.22888811,0.32600898,-0.010015432,-0.34569395,5.442723,-0.17479256,0.15072349,0.2215389,0.0012271837,-0.09044602,0.18349025,-0.4636558,0.2590822,-0.33327127,-0.05634862,-0.21320549,-0.18249281,0.013746146,-0.03336025,0.11850473,-0.28425962,0.27255175,0.12812084,-0.013365674,0.018546829,0.18009865,-0.06059382,0.2510181,0.043623984,-0.10142406,0.124207854,-0.074846685,0.02497586,0.14860484,0.14023086,0.020820774,0.042977206,-0.012703092,-0.024340007,0.05749917,-0.04297685,0.00019315981,0.20237899,-0.028064271,0.16440581,0.0374834,0.1363117,0.005298687,0.13311234,0.14517246,-0.0076179034,0.052718207,0.11765273,-0.057818875,0.14651068,-0.05102159,-0.027683854,-0.101636566,-0.039770715,-0.031396907
27,-0.69403136,-0.07536581,-0.5298906,0.11968556,0.36767644,0.37709224,-0.28896636,-0.122113004,0.4544769,0.15858614,-0.62660974,-0.70447654,0.8053838,0.13215321,-0.09971451,0.43420413,-0.047859497,-0.05294662,0.6481127,0.025847748,-0.5373683,-0.0047532963,-0.092960715,0.023565628,-0.47993112,-0.023900311,-0.17479256,4.7806673,-0.4767229,0.11533957,0.27836126,0.041683495,-0.40464765,0.11417895,-0.27963856,0.1643825,-0.34007,-0.36325586,-0.7552156,0.046754356,0.17088678,-0.019949047,-0.21954599,0.16466592,0.08918722,-0.3259441,0.18286428,-0.2019181,-0.099602,-0.028593361,-0.11255631,0.35713413,0.015586596,0.39836845,-0.15889426,-0.07331578,0.0845633,-0.047712695,-0.15913516,-0.20488249,0.028706199,0.033289317,0.09056276,-0.07080202,0.081731215,-0.059702918,0.1075512,-0.036616217,-0.06361245,0.15620328,-0.031221066,0.016218148,0.0011309254,-0.09018877,0.044031955,0.0595347,0.06436697,-0.08032833,-0.017496988,0.002248228,-0.09059139,-0.14651275
28,-0.09657198,0.5703231,0.81682694,-0.19567071,0.0260343,0.26018548,-0.5124465,-0.017379157,0.28076845,0.07661322,-0.399113,-0.45629013,-0.74194455,-0.21284243,-0.07390714,0.14936101,0.22863372,-0.38406146,0.12946546,-0.39796758,0.17745247,-0.15153855,0.4880079,-0.6447346,-0.43716198,0.6350169,0.15072349,-0.4767229,3.3263824,-0.9383829,-0.015867218,0.32659006,-0.24186558,0.38300592,-0.2848994,0.1486139,-0.18464234,-0.17903826,0.088659525,-0.009034146,-0.059267364,0.14648661,-0.09881957,-0.047613554,-0.31908184,-0.3435353,0.21877767,-0.1527437,-0.011575928,0.16795418,0.07332576,-0.230126,0.05934679,0.007180403,-0.42233914,0.17010483,-0.29056588,0.09198329,0.13508603,0.06675473,0.1254456,0.06806616,0.11232521,-0.1485064,0.09071849,-0.1310652,0.0808811,-0.012138628,0.08542983,0.14430095,0.16419393,0.027895026,-0.06610218,0.11930671,0.18359388,-0.049766667,-0.04377251,0.18420306,-0.05582146,0.09892526,-0.14874029,0.031077722
29,-0.18104166,-0.26746017,-0.35892618,-0.867241,0.9704988,-0.5692458,0.89822644,-1.106536,0.6666182,-0.2011931,-0.5715196,0.5871294,-0.6915977,0.0464886,0.307457,-0.3022809,-0.72523975,-0.25797397,-0.26964185,-1.1438468,0.47458288,-1.1761026,0.6996552,-0.20757285,0.2948071,0.15103815,0.2215389,0.11533957,-0.9383829,3.0566828,-0.46944374,-0.242176,-0.15603802,0.3338664,0.37756765,-0.16376486,0.17117965,0.019785836,-0.35028344,0.0056665344,0.062028095,-0.12313043,-0.29452014,-0.02060811,0.11821306,-0.28566277,-0.055104706,-0.1686784,-0.2642538,0.03249541,0.35217288,0.02136445,0.056076262,-0.12982213,0.0075063026,-0.18172306,-0.0010210107,0.0037219105,-0.11332763,-0.063896045,-0.06483299,0.038536742,0.08639975,0.047570407,-0.08794401,-0.11260923,-0.12502106,0.12778336,-0.030728122,-0.19695246,-0.063118316,0.045953684,-0.03938812,0.06923276,-0.05996358,0.13443494,0.014930166,-0.00027649698,-0.042991705,0.037283015,0.05437266,0.118987925
30,0.78576994,0.4894116,-0.3395127,-0.23990059,-0.27022994,-0.41947156,0.12525684,0.088129275,0.22990388,1.5333982,0.32674626,-0.05534976,-0.66390646,-0.49970192,0.23779263,0.3295683,-0.15835504,0.3583662,0.11456304,-0.58213085,-0.7844001,0.43155932,-0.566109,-0.1028874,0.13000593,0.26942736,0.0012271837,0.27836126,-0.015867218,-0.46944374,3.3683448,-0.2276648,-0.16023476,0.09923805,-0.09495721,-0.6809232,-0.03428769,-0.13979676,0.39881533,-0.036071427,0.0027462717,0.40558043,-0.020948734,0.11885584,0.40924114,-0.040105093,-0.24550599,-0.27025437,-0.0040721283,-0.10097563,-0.13357508,0.0811989,-0.10525566,0.107938096,-0.117431864,-0.009280558,-0.042182043,-0.07011382,0.16956262,0.041226737,-0.2356914,0.04604682,-0.012825755,0.009613195,-0.091495484,0.11063203,0.08788887,0.03794932,-0.00012363322,-0.082530186,-0.18621564,0.048106045,-0.010674642,0.02641669,-0.18749928,0.11139768,-0.19989124,0.115691096,-0.16180438,0.07138416,0.06229849,0.10030972
31,0.58323455,-1.0314758,-0.78959346,0.5227721,0.57063115,-0.36071005,0.18397054,0.39366072,-0.5265506,-0.42039937,0.270934,-0.025714906,-0.25567478,-0.6334568,0.20581543,0.11686054,-0.478353,0.10439114,0.21338035,-0.33632144,-0.19918574,0.45109645,-0.26420254,-0.11716278,-0.142651,-0.86470336,-0.09044602,0.041683495,0.32659006,-0.242176,-0.2276648,2.7619793,0.15055767,0.11911641,-0.1308145,0.19594532,-0.092103146,0.315198,0.0059038573,-0.32123703,0.15164447,-0.06728421,-0.26442555,0.53949404,-0.17836037,-0.02046615,-0.2675692,-0.2555247,-0.33039457,-0.06495018,0.34740302,0.0971607,-0.16558911,-0.11842933,0.027322933,-0.001776835,0.0061522294,-0.2111981,-0.25318033,-0.12585083,0.014701382,-0.14181796,-0.020792795,-0.094190575,0.041814096,-0.21190326,-0.12484777,0.015629709,0.09039281,0.13184285,-0.0867022,-0.008773129,-0.047427513,0.015311148,0.17331529,-0.065636486,0.043937102,0.028591096,0.09866139,0.07322395,0.14511341,0.06874728
32,0.44118023,0.52844214,-0.51462436,-1.2076828,0.75944805,1.0069528,-0.17086107,-0.48977852,0.30804315,0.7260743,-0.9914167,-0.05320535,0.14021273,-0.4876193,-0.6709125,-0.012208082,-0.06490616,0.5882487,0.4179851,-0.19999667,-0.31059223,0.052629054,-0.34707826,-0.25820982,-0.3101952,-0.39322403,0.18349025,-0.40464765,-0.24186558,-0.15603802,-0.16023476,0.15055767,2.6021879,0.36838844,0.06823875,0.09207198,0.119684175,-0.3445344,0.023835246,-0.09423036,-0.04656969,-0.11063622,0.090198,-0.099270046,0.0009862911,-0.04979825,0.42322809,0.079814374,-0.34288037,-0.07633304,0.01904177,0.054232508,-0.33340448,-0.0070962533,0.31907368,0.1389319,-0.033700038,0.24368796,0.21266946,-0.2112331,0.01018756,-0.04565834,-0.39160472,-0.00788247,-0.07022445,0.057594366,0.21638116,-0.097769074,0.11020881,0.03271542,-0.14985836,-0.0026315292,-0.05484373,0.110797465,-0.08827925,0.059116453,0.13264272,0.029117389,0.09579946,0.019476287,0.057028547,0.00821376
33,-0.1981884,-0.9066608,0.18931118,0.60135335,1.0770578,-0.27189553,0.60684764,0.15898016,0.69752836,-0.50372314,0.84867746,-0.76102984,-0.6206422,0.8169808,0.2312487,-0.6738711,0.4065283,-0.1313583,-0.0046574576,-0.16621074,-0.32281572,-0.25019273,0.10368922,-0.07984853,0.09365444,-0.23648444,-0.4636558,0.11417895,0.38300592,0.3338664,0.09923805,0.11911641,0.36838844,3.2848089,0.20536765,-0.21413216,0.1593059,-0.17340675,-0.15643944,-0.27308828,-0.024155436,-0.054532345,-0.20625871,-0.32839024,0.20249699,0.43490076,0.40638158,0.11711486,-0.016976109,0.11532518,-0.17032899,0.24265051,0.059677288,-0.07536349,0.026783714,-0.04109425,0.024732126,0.07770083,-0.0027684844,0.049277943,-0.14320678,0.003221129,-0.026232941,0.01770889,-0.055714056,-0.125731,0.004355354,0.15083626,-0.120122835,0.03472262,-0.042311773,-0.013741699,0.022417296,0.10134057,0.11535312,0.017606616,-0.0025405036,0.06365684,-0.06334507,0.06627314,-0.117423795,-0.039514676
34,-0.26336873,0.029915685,0.6611122,0.28284848,-0.072815835,-0.04491297,-0.89066005,0.50848836,0.253353,0.5584791,-0.97524154,-0.3721823,0.3608415,-0.3547526,-0.1896724,0.27418375,0.22804245,-0.6648922,0.2673202,0.6740167,-0.6348597,0.3006372,-0.10531804,-0.003912518,0.19511959,0.4805579,0.2590822,-0.27963856,-0.2848994,0.37756765,-0.09495721,-0.1308145,0.06823875,0.20536765,2.8810208,-0.031158905,-0.21532716,0.019755462,-0.21245748,-0.1457378,0.26659322,-0.064197004,-0.023199134,-0.064512484,-0.18166943,0.060727686,-0.1563906,0.13989377,-0.14129052,0.19182342,0.2162952,-0.053484015,0.08723968,0.15301001,0.07298796,0.21248008,-0.1349306,-0.042265877,-0.019621393,0.040545397,-0.15703389,-0.12491806,0.093352914,0.021456223,-0.1423671,-0.16940138,0.07784583,0.09687421,-0.039222486,0.13157687,0.040229604,-0.018830653,-0.058039352,-0.14317521,-0.031035889,0.017153777,-0.08721772,0.026788611,-0.097995065,-0.016611647,-0.035540752,0.045151427
35,0.25837082,-0.18911216,0.116852075,0.21911371,0.23362353,-0.37615326,0.36258322,0.21767594,0.5331753,0.7793758,0.061986715,-0.13247216,0.058181163,0.20998883,-0.2556922,-0.0006133983,0.27515882,0.36119455,-0.10190093,-0.33056828,-0.36032867,0.0732038,0.15107736,0.75164294,-0.03620258,0.09380827,-0.33327127,0.1643825,0.1486139,-0.16376486,-0.6809232,0.19594532,0.09207198,-0.21413216,-0.031158905,2.4268558,0.08318999,0.20362425,0.007368647,0.084613144,-0.1383412,0.009248992,-0.20129383,-0.2523642,-0.027390938,0.017423932,-0.04338765,-0.013781512,0.03808695,0.1800487,0.055417217,0.21257043,-0.040414542,-0.07798727,-0.10206573,0.044854473,0.13536298,0.22395626,0.009986492,-0.135822,0.16345415,-0.2678894,0.2110872,-0.10323571,0.08494589,-0.056313023,0.1105316,-0.06911542,-0.098722875,0.074240744,-0.08672796,0.008535731,0.12652019,-0.00071974716,-0.10583843,0.07161133,-0.092965685,-0.08363104,-0.04619933,-0.07485939,-0.060708188,0.1557039
36,0.6009678,-0.027948912,-0.38492414,-0.44227362,0.25920844,0.42055178,0.35877538,0.109363586,-0.46327418,0.6462256,0.5075715,-0.74137235,-0.27034807,-0.24990375,-0.25708175,0.09271009,0.20065662,0.24155246,0.28110582,-0.46182567,-0.6359747,-0.2084622,0.33305973,-0.2946692,0.16107437,-0.118418604,-0.05634862,-0.34007,-0.18464234,0.17117965,-0.03428769,-0.092103146,0.119684175,0.1593059,-0.21532716,0.08318999,2.5175037,-0.029420286,0.09162364,0.004805123,0.007312048,-0.06775256,0.31262326,0.259281,0.007610863,0.01505097,0.009052567,-0.024742573,0.09890738,0.22003537,-0.07399061,0.0930236,0.11601648,-0.02232016,0.044748943,0.0707544,-0.023643479,-0.20594725,-0.06436593,0.13246506,0.09099099,-0.10070987,-0.16054335,0.028879508,0.26888645,-0.027712027,0.022050451,0.118600525,-0.108667076,-0.042285353,-0.011408721,0.14311954,0.01912148,-0.16210198,-0.030818906,0.09994363,-0.045464113,0.03676165,0.03472831,-0.12912875,0.026785228,0.02234183
37,-0.5301088,-0.14756171,-0.15671909,-0.5101301,0.22410706,0.37897873,0.402541,0.42349154,0.6051581,0.43865317,0.46729615,-0.15801221,0.11217414,1.1672697,-0.07001509,-0.0072751874,-0.3617348,-0.09245567,0.15876357,0.49223393,0.012224975,0.08436245,-0.03772597,-0.13817629,-0.2950995,-0.018719057,-0.21320549,-0.36325586,-0.17903826,0.019785836,-0.13979676,0.315198,-0.3445344,-0.17340675,0.019755462,0.20362425,-0.029420286,2.4660501,0.06610151,-0.26238006,0.1424428,0.2580908,-0.13584255,0.026444577,-0.072039224,-0.21366882,0.16071305,-0.13094625,-0.10016752,0.04244052,0.038259313,-0.10441739,0.06902829,-0.040265705,-0.052196342,-0.019562714,-0.09605531,-0.23926972,0.027988486,-0.12644193,-0.0016880364,-0.023069505,-0.05167471,0.25644726,-0.13744155,0.0060589043,0.2376272,0.10208714,-0.18862274,-0.119438395,-0.05267506,-0.06315379,0.028550586,0.114645526,-0.067586645,0.02727957,-0.014129149,-0.02105119,0.031609632,0.04777167,0.037983406,-0.09537989
38,-0.81469107,-1.3257507,-1.2686049,0.3550852,1.5317495,-0.4065563,-0.009349964,-0.6263562,0.7383694,-0.13663971,-0.34121025,-0.5382974,-0.123414576,-0.20264927,-0.018450491,-0.28911003,-0.37602642,-0.21780422,0.39847317,0.16953826,-0.16707715,0.13627207,-0.30679342,0.044395074,0.31846988,0.26302627,-0.18249281,-0.7552156,0.088659525,-0.35028344,0.39881533,0.0059038573,0.023835246,-0.15643944,-0.21245748,0.007368647,0.09162364,0.06610151,1.8631442,0.47097814,0.10353694,-0.28263968,-0.13067839,0.1609768,0.16834486,-0.24179333,0.068672046,0.045245297,0.0849122,-0.08586435,0.17020386,0.08615947,-0.0053093554,0.10515709,0.02099096,-0.07072408,0.23113231,0.040820174,-0.03655444,0.21295708,0.037304353,0.15707913,0.102790944,0.04218445,-0.06115532,-0.044024803,0.110754326,0.06402108,-0.1057882,-0.06584604,0.024145734,-0.15185045,0.051184807,0.0073379935,0.07362181,0.08916479,0.03284011,-0.02237127,0.0769894,0.04972946,-0.012871953,0.10337707
39,0.026834663,-0.06879257,0.39794928,0.38271284,-0.6101701,0.24326177,0.088809,0.64209473,0.27585745,-0.047546856,-0.2735765,0.036721326,0.25345445,0.09308222,-0.22893083,-0.5408957,0.18308853,-0.08457895,-0.11846889,-0.0673724,0.08570239,-0.32963696,0.24453056,-0.026070537,0.1498857,-0.19639839,0.013746146,0.046754356,-0.009034146,0.0056665344,-0.036071427,-0.32123703,-0.09423036,-0.27308828,-0.1457378,0.084613144,0.004805123,-0.26238006,0.47097814,1.8864365,0.5308076,-0.18876188,-0.038080156,0.2901361,0.15892982,0.22437282,0.20517129,-0.06667834,0.046285823,0.13009442,-0.10791953,-0.0068106856,-0.22192204,0.06293215,0.020818042,0.07848956,-0.08106168,0.081677146,-0.44726336,-0.07956171,-0.13696128,0.09177012,0.012376119,0.13765447,-0.21029541,-0.032643806,-0.0024908248,-0.11931749,-0.02129107,0.04437916,-0.03788016,0.0539609,-0.0639826,0.07014822,0.042440057,0.0012131705,0.005586628,0.08939655,-0.053179003,-0.014426574,-0.016508099,0.05721391
40,0.08085522,0.05503489,0.19094959,0.029944817,0.15261635,-0.04505309,-0.010390706,-0.12532383,0.2080151,0.005769752,0.40799123,0.02235211,-0.39159334,-0.14270084,0.1766018,-0.34375072,0.28666094,0.14899653,0.082603216,0.14945626,0.17651464,0.2903872,0.36638644,-0.2755149,0.06364003,-0.5363498,-0.03336025,0.17088678,-0.059267364,0.062028095,0.0027462717,0.15164447,-0.04656969,-0.024155436,0.26659322,-0.1383412,0.007312048,0.1424428,0.10353694,0.5308076,2.362036,0.09017695,0.0064702034,-0.05492024,0.1655206,-0.13466734,0.0856068,-0.072230555,-0.08005215,-0.013526244,0.060612597,0.096772276,0.08767001,0.21344733,0.008202619,-0.16676413,-0.09791382,0.059068527,0.07758285,-0.058512732,0.010094376,-0.21784195,-0.054312527,-0.2821535,0.05524744,0.19098018,0.11204886,-0.03375762,0.0064511513,-0.12795302,0.184177,-0.053209394,-0.026427064,-0.049677104,0.07264546,-0.06644565,-0.032611124,0.10461932,0.0030230545,-0.027278762,0.011108495,-0.04393542
41,-0.15156642,-0.573492,-0.13915154,0.6127368,0.9423773,-0.033546053,-0.24775067,-0.5783279,0.22367722,-0.82820606,-0.5391425,-0.44080746,-0.09421717,-0.21626502,-0.13413683,-0.48005345,0.4774618,0.14541072,0.004512893,-0.055641897,-0.15819842,-0.03317469,0.07631296,0.07611841,0.59943676,0.045618597,0.11850473,-0.019949047,0.14648661,-0.12313043,0.40558043,-0.06728421,-0.11063622,-0.054532345,-0.064197004,0.009248992,-0.06775256,0.2580908,-0.28263968,-0.18876188,0.09017695,1.7126362,0.078135386,-0.24155809,-0.071303435,0.06579502,-0.07638593,-0.23305406,0.08280571,0.12720503,-0.15176268,0.112200975,0.105076015,-0.2636295,0.028180016,0.010929857,-0.04044976,-0.13338184,0.07138951,-0.12417881,-0.019479465,-0.029129941,-0.14552233,-0.0498071,-0.17748034,0.06502571,-0.07409495,0.012655699,0.11358254,-0.0015637096,-0.03771118,0.010340968,0.044974755,0.039533846,0.07327527,0.046766475,0.029436365,-0.07491014,-0.024354283,0.008484364,0.037380036,-0.0153912585
