,0,1,2,3,4,5,6,7,8,9,10,11,12,13,14,15,16,17,18,19,20,21,22,23,24,25,26,27,28,29,30,31,32,33,34,35,36,37,38,39,40,41,42,43,44,45,46,47,48,49,50,51,52,53,54,55,56,57,58,59,60,61,62,63,64,65,66,67,68,69,70,71,72,73,74,75,76,77,78,79,80,81
0,32.38024,-0.99858725,53.831657,-12.439615,27.00481,-0.119696364,3.025772,14.574505,1.160124,-3.396914,8.379611,2.7523274,1.1358955,-15.330082,-1.8177431,2.92587,-0.5478962,9.622736,-0.07042048,-1.4855602,-1.8202336,-2.5580726,-2.8253293,-1.7286117,0.0654984,0.9653088,-0.6677458,1.9975296,0.29418358,0.5600164,-2.2139199,-1.6493981,-1.3201966,0.55850124,0.6513475,-0.7341408,-1.6399543,1.4616948,2.3336523,-0.15597272,-0.26394922,0.41466016,2.3268833,-0.08228815,0.29709053,-0.22394556,-0.46372285,-0.6910739,1.1015666,0.18865834,0.56157625,0.039198652,-0.119457066,0.24510694,0.3740921,0.367863,0.3795429,0.1959072,0.061415814,0.05448918,-0.34184638,-0.015490489,-0.7144234,0.07523516,0.3865291,0.0485067,-0.3682264,-0.04364855,0.13085768,0.108263075,0.03647922,0.34980494,-0.16320242,0.3318808,0.33921736,0.057757325,0.16198277,-0.32591692,-0.05976077,-0.42226046,0.05860039,0.3022082
1,-0.99858725,20.739466,8.642319,-9.099894,-14.538668,5.6588383,-3.916944,-5.8581724,-8.817051,3.7888422,-4.8948665,4.555155,3.339859,3.151927,7.942581,1.5978904,3.0236096,2.4075782,1.7409642,1.638567,3.2520568,-4.337965,-0.19269782,-1.9616485,1.7031102,0.94559723,2.5968874,0.24956283,-1.6798148,0.7280406,-1.3487866,2.8862844,-1.4672401,2.5538647,-0.044119418,0.56889343,0.039804686,0.46092695,3.7205236,0.23419195,-0.13804331,1.612982,-0.6886341,0.2438948,2.1152136,-0.38578486,-0.26982683,1.6933517,1.1961062,-0.37712464,-0.23493561,1.2875671,0.25190586,0.13603112,-1.2534407,0.9424257,-0.5425617,-0.7787472,1.5895064,-0.6269709,-1.178011,-0.09409246,-1.277371,-0.18917581,0.8832817,-0.15194303,0.5390763,-1.0602174,0.013957891,1.5879375,-0.08906689,-0.17549312,0.46874386,-0.5626506,0.036665156,0.19335738,-0.12980047,0.020907842,-0.16795467,0.27176335,0.15670246,-0.11282197
2,53.831657,8.642319,157.44574,-34.361237,64.096664,5.706008,10.474649,31.691517,4.7894773,-9.991028,0.17762616,12.997133,12.534029,-6.323923,11.347944,-0.93354523,8.332664,2.958856,-1.7025535,1.3532257,1.719842,-4.86086,-3.9607642,-1.901784,-0.9363769,3.666479,-1.419139,1.5977011,-2.2696438,1.1275557,0.9950011,2.265821,1.3123932,-0.5643511,-2.084896,-0.34008807,1.2497175,0.35129303,3.6421728,-1.3336487,-0.61608124,0.39440304,0.12323591,-0.098501876,2.0786471,-0.38873476,-1.7057792,0.06962313,1.1516383,-0.6451116,1.2893006,-0.29916,0.62818503,0.6607045,0.2012947,1.4248087,-1.0075852,0.15281174,0.9286163,-0.967904,-1.1709731,0.07634252,-0.012557369,-0.3953939,0.31579334,-0.39618886,0.14642721,-0.03151263,-0.16969478,0.60542846,1.0305912,-0.036792483,0.34121555,-0.9436691,0.46684614,-0.20109439,0.17925811,0.28366327,-0.566538,0.34185514,0.09052365,-0.50074756
3,-12.439615,-9.099894,-34.361237,32.921513,-20.667896,-4.397497,-5.788336,1.5262532,5.412407,-7.957474,1.0302726,-4.6325116,-0.7522638,-3.327026,-5.284671,-1.9210839,-1.4710524,4.483797,1.4786513,3.1535687,-0.32093605,3.907933,-0.17284803,3.1035166,-1.1394186,-3.3264594,-1.1169281,-0.24013704,0.5486007,2.5782654,0.7588668,-1.4767936,3.2204547,-1.7550137,-1.0333523,-0.584358,1.4161627,1.3623991,-0.9843532,-1.3022159,-0.16320471,-1.7623739,-1.3226542,-0.3743594,0.9322094,1.226682,1.3086851,-2.6271038,-0.6135886,0.48677635,-0.8473679,-1.2794156,2.3493037,1.3811386,1.8736931,0.42162263,-1.5528331,0.32568836,1.1706346,0.07324824,0.5652535,0.1741221,2.2794135,-0.28424135,-1.0538583,-0.855091,-0.69082785,0.5122531,0.6172968,-0.24889474,0.88006675,0.41278294,0.07292369,0.07390353,-0.11523652,-0.74050075,-0.2894265,-0.056374088,-0.71297026,0.5732795,0.17184065,0.41031998
4,27.00481,-14.538668,64.096664,-20.667896,60.141388,-0.8304437,11.591688,11.866921,11.50799,-3.9176126,4.203545,-1.5923808,-1.2677176,-2.1579595,0.9320476,-1.4230518,-0.82973886,-0.19456092,-2.9174078,-5.1156282,-7.0208616,1.8993392,-1.8532631,0.8716754,-1.4759266,0.70697784,-4.2263575,-1.12852,-0.08582914,-2.8118703,0.73170686,-1.6173995,-2.0628822,-3.0380135,0.34770057,-0.66389877,-0.8224952,-0.5940602,-4.363012,1.8511385,-0.38233453,-2.6570737,0.5205207,0.13452421,-2.3109264,-0.025693724,-0.19836041,0.5914931,-0.9904714,0.7390208,0.07402742,-0.5686917,-1.0368962,-1.0084221,0.09189826,-0.92986727,1.0601785,-0.69158053,-0.673028,-0.1956754,0.65727806,0.67115355,-0.8412094,-0.7965871,-0.35027862,0.89559865,0.073442794,0.8303323,-0.053186983,-1.1093135,-0.39218336,-0.42190903,-0.34691536,-0.018396296,0.33056557,-0.15563434,0.51757085,0.28251016,0.05460451,-0.3348323,-0.24992126,0.15786842
5,-0.119696364,5.6588383,5.706008,-4.397497,-0.8304437,14.170902,3.502307,-0.62459266,-2.6174593,1.3633413,-2.998128,0.25995177,6.541465,2.7919812,1.2638961,-1.9195585,6.0506024,-1.3885427,0.45513278,-2.7501307,2.513956,1.1866307,-1.1511705,2.3715036,-2.5526223,-1.5430331,2.031145,-1.2252512,-0.8481776,1.3926241,1.1397755,0.96813345,-2.546916,0.826928,0.5744847,1.0818126,-1.5077481,-0.8890685,1.0549688,-0.27185687,0.29340446,0.11364606,0.8594191,0.52631104,0.07469842,-0.69207036,1.5959473,-1.5237181,0.6904007,-1.3041496,-0.94583964,0.7994523,0.19190823,-0.08764541,-0.15037398,0.45258984,-0.5031036,0.05843865,0.7746904,0.67499506,0.8791996,0.5748972,-1.338641,-0.96560764,0.29214704,-0.68173623,-0.0038211057,0.14126274,-0.82989734,0.74859005,-0.58353794,-0.3215431,1.2145207,0.15686983,-0.0927586,0.41860485,-0.13678497,0.4494483,0.4501731,-0.16271517,0.75146264,0.45366192
6,3.025772,-3.916944,10.474649,-5.788336,11.591688,3.502307,11.930007,1.926121,0.706481,-0.3280579,0.9730253,1.7679881,1.8044174,5.6597824,2.339961,-2.174934,0.4074058,-2.9563394,-0.8991442,-3.5163755,-1.3231106,-0.42414248,1.4079742,3.2382264,-1.0056883,-2.782423,-1.6746192,0.8993102,1.5067873,-2.375196,-0.31146455,-0.47771347,0.24949555,-1.7309821,2.2286177,-1.0150707,-0.79511786,-1.2827919,0.09394575,-0.53208065,-0.07237066,0.679265,0.68289554,0.7639513,0.699582,-0.8722321,0.22312938,0.6772666,-0.086348966,0.20217809,-0.21329992,0.38580424,-0.08554728,-0.7922126,0.6072668,-0.048146106,-0.8473781,0.16611506,-0.36741358,0.03243915,0.49732047,0.94028485,0.5217497,-0.08418721,0.56307054,0.23809975,-0.3455894,0.82212055,-0.24560057,-0.84452116,-1.1320522,0.5920608,0.12524049,0.089793205,-0.5412874,0.31969172,0.07311834,0.29887015,0.7503625,-0.45763713,0.15126467,0.3969592
7,14.574505,-5.8581724,31.691517,1.5262532,11.866921,-0.62459266,1.926121,19.592299,5.975424,-1.930779,6.71686,4.4932127,-0.8553575,-6.7574854,-7.6990175,-1.7268082,-0.28006583,-0.890808,-2.4004276,3.6592612,0.49545252,3.7790127,-1.1805797,-1.1395445,-3.582531,-0.16154343,-1.3383086,0.4418546,0.06189172,3.2368214,-0.19347695,-1.1113956,1.2319572,-0.48772705,-1.6535387,-0.60285974,-0.1701014,-1.2700881,1.8017209,-2.0136511,0.2804391,1.616543,0.112631634,0.19925804,0.47466534,-0.17723724,0.055246536,-0.8562412,0.33373564,0.29057366,0.5430669,-0.31966034,0.51089704,0.9911408,0.55089843,0.81535804,-0.9419421,0.6046349,0.1451442,-0.6294974,0.33140925,-0.4186672,1.4478436,0.582801,-0.055746593,-0.73950386,-0.3273238,0.08578214,-0.09189543,0.024498662,0.0446357,0.16291673,0.052196324,0.059941046,-0.088022485,-0.118845694,-0.2186797,-0.11336785,0.31006324,0.09934172,0.18410662,0.14648238
8,1.160124,-8.817051,4.7894773,5.412407,11.50799,-2.6174593,0.706481,5.975424,14.680953,1.5783546,4.92749,-1.3838544,-4.1577225,0.5937513,-5.8756666,-1.6924951,-2.4296284,1.1081862,-1.6013911,2.021456,-0.57790214,0.22953302,-0.29082006,-0.20737481,-2.0090756,-0.27872324,-1.7871022,-1.3779638,-0.863975,-2.032425,-0.68805456,1.4613883,-0.6817049,-1.9535666,-0.43202233,-1.5099993,1.1141865,-1.597645,-2.150042,-0.51938987,-0.4878584,-0.6156771,-3.2009077,-0.780167,0.07144584,0.697364,0.35540858,-1.397841,-1.5085843,-0.12399875,-0.17378932,-0.27743384,0.19144985,0.75474477,0.8780769,-0.08014366,0.029834025,0.38880473,-0.2804703,-0.4971909,1.0620834,0.32293078,0.39409626,-0.28017896,-0.97789836,0.25639632,0.08600913,0.82071203,-0.14919376,-0.06418371,0.004737029,-0.7932925,0.11676653,-0.6977685,-0.20414919,-0.2611969,-0.29067528,0.3924716,-0.49576744,0.1266431,-0.13048333,0.4147926
9,-3.396914,3.7888422,-9.991028,-7.957474,-3.9176126,1.3633413,-0.3280579,-1.930779,1.5783546,17.648594,-1.9029412,1.6058705,-4.0184793,2.0218,-2.502003,-0.2896211,1.0407465,-4.92468,-0.40641728,0.5977479,0.15182713,2.3895955,-0.30605397,-1.1341312,-0.14186439,1.4589651,-0.69354606,-0.44082934,-0.24412958,0.56050545,-4.3390913,1.182389,-2.0608237,1.4271586,-1.5756392,-2.1910062,-1.8453395,-1.2347178,0.3762012,0.14561361,-0.01249967,2.332547,-0.60516757,0.111274034,0.99470496,-0.072865985,-1.5612617,0.24615157,-0.51624274,-0.0374584,0.6561887,0.8004731,-1.4924908,0.006626662,0.14708921,0.8336679,1.316078,-0.10898426,-0.6141967,0.30617642,0.70228994,0.17451411,-1.4671209,0.38124692,1.0370061,0.9096154,1.3229007,-0.049919106,-0.021838874,0.5235518,-0.81833243,-0.19998977,0.060995944,-1.0965018,0.19030324,0.115190655,-0.20996481,0.11125642,-0.71997213,-0.3108353,-0.30693638,0.8908235
10,8.379611,-4.8948665,0.17762616,1.0302726,4.203545,-2.998128,0.9730253,6.71686,4.92749,-1.9029412,22.557585,-4.4257073,-8.367357,-3.2297435,-4.6498566,2.629797,-4.2897134,8.763477,-1.6399779,2.5092168,0.07052339,-1.85981,-0.3727438,-3.3537955,-0.22202802,0.073159225,-0.9199147,1.7581036,1.1191987,1.5894804,-0.93744457,-0.77594423,2.8437667,-2.3952627,2.8184962,-0.17536193,-1.4817042,-1.300166,0.9530368,0.83409584,-1.1377578,1.5186863,-1.0642047,-0.21217895,-0.77612454,0.48111513,0.25807625,-0.80789506,1.007045,-0.5369375,-1.225079,0.24796563,-0.073516734,-0.7171111,-1.9730744,0.3531623,0.04577004,0.023477843,-0.37752938,0.1329842,0.6124593,0.22207609,0.4283899,0.22963977,0.50801086,0.19999306,-0.38430434,0.3217908,-0.1165752,-0.27794755,-0.27541423,-0.6411055,-0.18920028,-0.059777513,-0.14550138,0.2898441,-0.54033935,0.35765576,0.7339678,0.017450236,0.50436753,-0.2938048
11,2.7523274,4.555155,12.997133,-4.6325116,-1.5923808,0.25995177,1.7679881,4.4932127,-1.3838544,1.6058705,-4.4257073,12.941437,0.18626457,-1.5018735,-1.4145851,-3.1394188,-0.9053101,-4.3390427,-3.1248965,1.6032875,5.3840427,1.1288619,-0.5856776,-2.483492,-0.10645676,-0.28919792,0.38277158,2.0988445,1.3552074,-1.5293825,0.19028424,0.10783386,-0.040415704,2.130083,0.789629,0.36622685,2.290882,0.3359393,1.5858223,-0.3502474,-0.15892781,1.237463,-0.45365012,1.2579267,1.4219434,-0.9261083,-1.1873528,1.5814648,0.2807615,0.30510968,0.43052134,0.42680472,0.9218461,0.14166543,1.3764329,-0.63281345,0.099203736,-0.110667765,0.28960907,-0.54758203,-0.33365527,-0.18490562,-0.1475429,0.3985222,0.21462142,-0.3342648,0.06265761,-0.68262565,0.09299393,0.47464722,-0.34736532,0.20904726,0.43524185,-0.01772972,-0.4957757,-0.07307391,0.19513637,-0.648875,0.43350506,0.27103186,-0.26071686,0.4331027
12,1.1358955,3.339859,12.534029,-0.7522638,-1.2677176,6.541465,1.8044174,-0.8553575,-4.1577225,-4.0184793,-8.367357,0.18626457,18.265326,2.5703988,6.6348467,3.8604245,2.7811742,2.9534826,2.861408,-0.74245393,0.40135092,-1.4917202,-2.5299385,5.870138,-1.6083508,-0.15431279,1.5240036,-2.3390412,2.0507302,1.8456881,1.843099,0.7082696,-0.2766562,1.7613509,-0.81092507,-0.1744492,0.6119485,-0.21495312,0.2994811,-0.513119,1.179683,0.254349,0.22715971,-0.15871757,-0.6951743,-1.1494882,0.6550339,-1.4830787,-0.54700625,-0.20899001,-0.20165938,0.15443182,0.4360901,0.95856017,1.057116,-1.2919604,-0.020233849,0.45236963,-0.845834,-0.17359975,0.33241758,-0.024898652,0.09983158,0.109768346,-0.17877063,-0.5003042,-0.1578191,-0.35321712,0.032303877,0.39642787,0.5287501,0.58557653,0.48658323,0.1551817,-0.42459935,0.23062733,-0.43571353,-0.30949265,0.2653888,-0.40869755,0.24112439,0.13866785
13,-15.330082,3.151927,-6.323923,-3.327026,-2.1579595,2.7919812,5.6597824,-6.7574854,0.5937513,2.0218,-3.2297435,-1.5018735,2.5703988,22.355879,8.35165,-1.0989218,0.85309434,-5.4360723,-1.5409307,0.39006132,0.86158836,-0.9520204,1.69681,2.949124,-1.4022574,-1.5003552,-1.5755339,-0.33748597,0.6239538,-0.07434792,1.4211035,1.8187482,1.2975984,-2.3238578,0.9109452,-0.59917486,0.7866974,-3.360404,0.6029062,-0.35801786,0.37311554,0.6076653,-2.9840376,0.4642847,-1.0955539,0.844295,-0.08601247,1.0268779,-1.2122619,-0.0046868273,-0.71281636,-0.4403591,-0.63421273,-1.8405044,-0.4641819,0.23587047,-0.5931469,-0.70915353,0.44154382,-0.56137186,0.25353295,0.41590813,0.23163958,-0.1893895,0.94183075,-0.1396446,0.7064091,0.36942333,-0.35761705,-0.16748843,-0.4284708,-0.3477267,-0.06277186,-0.48654968,-0.47037888,-0.0944502,-0.32218534,0.66407895,0.15612453,0.22790095,0.12099902,-0.6134423
14,-1.8177431,7.942581,11.347944,-5.284671,0.9320476,1.2638961,2.339961,-7.6990175,-5.8756666,-2.502003,-4.6498566,-1.4145851,6.6348467,8.35165,18.223566,1.1091688,1.1605375,2.4015791,0.930861,-0.83878595,0.5282608,-2.6441329,-0.53737795,0.31820905,2.135672,0.36934584,0.41688797,0.3508559,0.21297455,-0.79448104,-0.631249,-0.57527035,1.77964,-0.6888379,0.38245872,0.7392324,0.83155215,0.14213312,0.072818175,0.50313205,-0.5523783,0.36980736,-0.36458772,0.58986163,0.72645754,-0.36811352,1.2960577,0.59772265,-0.18785596,0.035135835,-0.2075465,0.15744123,0.15537065,0.13760355,-0.1910173,-0.18138325,-0.12041104,-1.6551725,-0.11355242,0.18382673,-0.60849124,0.8959789,0.031445816,-0.4525862,0.09139693,0.71270657,0.6832671,0.04488106,0.6164306,-0.0079801865,0.08303718,0.01654974,-0.65791655,-0.49488556,0.3092871,-0.5332607,-1.1942232,0.105214596,-0.48624152,-0.05291611,0.28924483,0.05129735
15,2.92587,1.5978904,-0.93354523,-1.9210839,-1.4230518,-1.9195585,-2.174934,-1.7268082,-1.6924951,-0.2896211,2.629797,-3.1394188,3.8604245,-1.0989218,1.1091688,9.900664,-3.9840956,5.5787115,1.9823222,1.0222445,-1.8850623,-3.0654006,-1.8747685,1.9544537,-1.675699,1.5067658,0.8429717,-1.2440751,-0.39353555,0.8425093,-0.9690801,-0.3106788,0.04450767,1.915664,-0.74280965,-0.03736865,-0.2716397,0.024510244,0.8314736,1.5635091,0.98120856,1.3688769,-0.43352062,-1.6903478,-2.2003028,-0.71938014,-1.207522,0.049716137,0.096014604,0.08767249,-0.10993736,-0.681013,-0.53590006,0.100526586,-0.57851756,-0.09659789,0.53309834,0.18376213,-0.61118484,0.0031585603,-0.945619,0.35712403,0.26483673,-0.0149264615,0.44019532,0.12563047,-0.19406012,0.41260895,-0.03673077,0.6839217,-0.12590992,0.26165178,-0.29252625,-0.19710563,-0.3381059,-0.13962573,0.08823815,0.21292317,0.05105897,-0.17172357,0.010090525,-0.38223386
16,-0.5478962,3.0236096,8.332664,-1.4710524,-0.82973886,6.0506024,0.4074058,-0.28006583,-2.4296284,1.0407465,-4.2897134,-0.9053101,2.7811742,0.85309434,1.1605375,-3.9840956,9.961147,-5.091259,1.2750194,-1.3184692,0.94059896,0.61104524,0.7575247,0.15359771,0.970153,0.814399,1.7174325,0.124909386,-0.6578916,2.0394664,0.4457748,1.3474028,0.20303547,-1.1477726,-0.62592137,-0.7678416,-0.59060854,1.0371654,1.0535204,-0.49513406,-0.80680156,-1.3610506,1.2363017,-0.24913633,0.6524379,1.0093168,0.6061527,-1.7319889,0.3390122,-0.9196675,-0.589599,0.83494914,-0.2015976,-0.06700166,-0.33361134,0.27638885,-0.34163105,0.4083492,0.48532438,0.3037164,1.12511,-0.58668816,-0.45674062,-0.68503207,-0.11762619,-0.17390364,-0.35830325,-0.107539505,-0.35511154,0.13200256,-0.015985489,-0.25119296,0.67399526,-0.32050228,0.1474486,0.18799269,0.12987307,0.3060145,-0.60660076,0.05260471,0.116997495,-0.100085214
17,9.622736,2.4075782,2.958856,4.483797,-0.19456092,-1.3885427,-2.9563394,-0.890808,1.1081862,-4.92468,8.763477,-4.3390427,2.9534826,-5.4360723,2.4015791,5.5787115,-5.091259,20.177904,3.4083755,-1.0134801,-0.19392046,-4.412936,-3.6320019,0.8335394,0.9964721,-1.3285644,-0.5955308,0.12293494,1.0479069,0.6782156,-1.0113707,-0.32693547,-1.5881101,0.38289362,1.9769442,-1.0008259,-0.76334965,0.31629962,0.5818366,0.33099353,-0.39083672,-0.42311373,-1.0432751,0.4432866,0.4602533,-0.42211562,0.6254408,-0.28407276,-0.3182648,0.5493449,-1.2533793,-0.26474896,0.7001977,-0.1625087,0.20148125,0.33282876,-0.18289703,-0.07556523,0.435669,0.3592548,0.26182795,0.058463663,-0.7664969,0.2880731,-0.039968263,-0.19248126,0.16540697,-0.3831963,-0.14975108,0.4570382,0.46426314,-0.095029935,-0.095163025,0.07960875,0.08088251,-0.23271811,-0.17899886,-0.35471255,-0.36012542,0.20163348,0.023789458,0.06552555
18,-0.07042048,1.7409642,-1.7025535,1.4786513,-2.9174078,0.45513278,-0.8991442,-2.4004276,-1.6013911,-0.40641728,-1.6399779,-3.1248965,2.861408,-1.5409307,0.930861,1.9823222,1.2750194,3.4083755,6.6274204,-0.0675468,-2.3506136,-3.2104855,-0.98557365,1.0678413,1.8098923,-1.1939819,0.20179066,-1.8097184,-0.3115762,0.831424,-0.33378583,-0.56705153,-1.2764658,0.0037270172,-0.87858653,0.2646885,-0.7005974,-0.5165349,-1.0867145,0.21714285,-0.27850956,-0.0050290367,-0.20839077,0.5293491,1.1754181,-0.5132315,-0.7901857,-0.26353085,-0.2453064,-0.3170787,0.5768639,0.20417568,0.18832105,0.7138282,-0.19150645,0.63815,-0.9614723,0.2570446,0.26867563,0.08167817,0.28755203,-0.2709793,0.045612425,0.2557172,-0.50503814,-0.11365406,0.45475155,0.0050629955,-0.48825154,-0.12481357,0.15641801,0.22885862,0.3962909,-0.09392118,0.15457442,-0.16929948,0.78202605,0.34103552,0.0385473,0.03433133,-0.13691455,-0.19475108
19,-1.4855602,1.638567,1.3532257,3.1535687,-5.1156282,-2.7501307,-3.5163755,3.6592612,2.021456,0.5977479,2.5092168,1.6032875,-0.74245393,0.39006132,-0.83878595,1.0222445,-1.3184692,-1.0134801,-0.0675468,13.365105,0.66022295,-0.44697037,-0.2046459,-2.4987888,-0.22010407,0.7124919,0.8302362,-0.08554523,1.1221702,3.2207847,1.6331644,0.95488846,0.5850973,0.47525388,-1.8668597,0.9280405,1.2799834,-1.3749931,-0.48563486,0.23679748,-0.4082901,0.15103385,-1.2775161,-1.463861,-0.007369101,0.746259,-0.5155533,-0.8763734,0.069252074,0.3073176,1.0486946,-0.02646729,0.1430597,0.3162344,1.0688498,0.0063884277,-1.0827942,-0.89646846,0.12824443,-1.1277976,-0.87291306,0.5241306,0.2577502,-0.032765318,0.21461244,0.4688865,0.15549392,0.009480906,0.14092264,0.016664006,0.29967177,-1.0150902,0.10929008,-0.39382002,-0.12552175,0.25268173,-0.18266857,-0.12513041,0.45862055,-0.5347501,-0.12352307,0.317842
20,-1.8202336,3.2520568,1.719842,-0.32093605,-7.0208616,2.513956,-1.3231106,0.49545252,-0.57790214,0.15182713,0.07052339,5.3840427,0.40135092,0.86158836,0.5282608,-1.8850623,0.94059896,-0.19392046,-2.3506136,0.66022295,10.803193,-0.7863779,-0.76416487,-2.6357017,-1.2512714,0.7878953,2.0214868,1.4678009,-0.4686569,-1.3799522,2.1754272,0.5777092,0.9472101,0.9424746,1.8767549,0.9859884,1.7574034,-0.018617604,0.48121765,-0.17038514,-0.4755974,0.46762586,-1.1208572,-0.8386419,0.8326129,-0.6065148,0.18493384,-1.2088656,0.30520067,-0.6403172,-0.112675086,0.069925055,0.12379779,-0.08995509,0.34879607,0.1514929,0.92359906,0.040982366,-0.18655786,0.65106636,0.8038863,0.31764102,-0.15425009,0.24413568,0.38292974,-0.65467995,0.14301527,-0.16287765,-0.65218604,0.031937435,-0.029613275,-0.010357367,0.3538713,0.25526094,0.41628468,-0.4586169,0.17856795,-0.15541099,-0.21683237,0.3570133,0.3277019,0.10574078
21,-2.5580726,-4.337965,-4.86086,3.907933,1.8993392,1.1866307,-0.42414248,3.7790127,0.22953302,2.3895955,-1.85981,1.1288619,-1.4917202,-0.9520204,-2.6441329,-3.0654006,0.61104524,-4.412936,-3.2104855,-0.44697037,-0.7863779,15.684161,-1.6261942,1.5529352,-2.7383838,0.189438,-2.2879543,-0.017852914,0.43996388,3.2922401,-1.2559602,-1.2771479,-0.083043404,0.7198007,-0.7752444,-0.23138574,0.5371269,-0.21003258,-0.39095443,1.0088186,-0.79715264,0.10587469,0.57815737,1.0046208,0.03751027,-2.2944565,0.80735195,-0.22109391,-0.4455765,0.8705132,-1.0668554,-0.3727757,0.47904903,-0.41547838,-0.3663928,0.04611871,0.062175773,-0.32234356,-0.04973369,0.40668055,-0.21299702,0.39144784,-0.7225539,-0.120022655,-0.26630983,0.23527545,-0.098816186,0.053217612,0.6495678,-0.21108636,0.52661955,0.0898259,0.16974157,0.08024892,-0.05690354,5.342428e-05,-0.110910274,0.098343685,-0.29690236,0.14175735,0.19762842,-0.18679991
22,-2.8253293,-0.19269782,-3.9607642,-0.17284803,-1.8532631,-1.1511705,1.4079742,-1.1805797,-0.29082006,-0.30605397,-0.3727438,-0.5856776,-2.5299385,1.69681,-0.53737795,-1.8747685,0.7575247,-3.6320019,-0.98557365,-0.2046459,-0.76416487,-1.6261942,5.776163,0.1434661,1.0279233,-1.1477447,-0.75203073,0.20036516,-1.4463687,-2.0777535,1.6096702,0.695369,1.1346422,-0.27184367,0.46227336,-0.38415232,-1.0832343,0.199696,0.8078901,-0.5332614,-0.98410904,-0.22869219,0.25213963,-0.20189995,-0.14566591,-0.002888418,0.5519113,0.4328428,0.4675204,0.6797856,1.1580005,0.16771668,0.10188238,0.14103188,-0.1614337,0.06593643,-0.012902027,0.0809676,-0.22586596,-0.6872183,-0.29079694,-0.5886849,0.42127806,-0.47538406,0.3060533,0.33430904,-0.44129008,0.42603454,0.1723845,-0.0050669275,0.22153327,0.0031145676,-0.2194334,-0.116702616,0.256617,-0.088746935,0.15338804,0.40624243,-0.029772326,-0.5986279,0.19722071,-0.08149466
23,-1.7286117,-1.9616485,-1.901784,3.1035166,0.8716754,2.3715036,3.2382264,-1.1395445,-0.20737481,-1.1341312,-3.3537955,-2.483492,5.870138,2.949124,0.31820905,1.9544537,0.15359771,0.8335394,1.0678413,-2.4987888,-2.6357017,1.5529352,0.1434661,10.357947,-2.199148,-2.758685,-0.9440932,-0.04680922,1.7813575,0.56523347,0.32345986,0.2999788,0.7419297,0.21536471,0.028343843,-2.1035285,0.80327094,0.42618644,-0.15432763,0.102758214,0.78959084,-0.23553681,0.49960786,-1.1221523,0.058976285,-0.9794295,-0.77471775,-0.30433178,1.0303864,0.30930883,0.74855614,-0.767555,-0.27884787,-0.6444954,-0.59210294,0.468361,-0.6033391,0.5063013,-0.23337632,-0.19782822,-0.021487385,0.21278495,0.48986936,0.011765007,-0.13937059,0.13033566,-0.2460612,0.13211453,-0.07963619,-0.13654584,0.11691883,-0.3675803,-0.0748633,-0.104194134,0.0719627,0.17558917,0.24871925,-0.17646188,-0.28050047,0.17643794,0.26213294,0.3363263
24,0.0654984,1.7031102,-0.9363769,-1.1394186,-1.4759266,-2.5526223,-1.0056883,-3.582531,-2.0090756,-0.14186439,-0.22202802,-0.10645676,-1.6083508,-1.4022574,2.135672,-1.675699,0.970153,0.9964721,1.8098923,-0.22010407,-1.2512714,-2.7383838,1.0279233,-2.199148,6.4369187,1.4952314,-0.11105814,1.2793059,1.2188909,-0.9552282,-0.41468817,0.37082088,1.05074,-0.2357105,-0.3491545,0.09305595,-0.61908174,0.938383,-0.9469099,-0.21518308,-0.11312693,-1.6964912,0.27624518,1.6825602,0.560856,0.44637245,-0.7047801,-0.14089307,0.51476264,0.6567787,0.2192693,0.32094792,0.3653886,-0.25399664,-0.0006074264,0.24139288,-0.12106769,-0.34748048,0.28693414,0.4270612,-0.59955674,-0.22631174,-0.24770246,0.16641146,-0.28589487,0.19728374,0.2340688,-0.1332081,0.2685172,-0.118912205,0.044036895,0.08274561,0.3214896,-0.20750505,-0.017911326,0.08861768,0.10316607,0.115990296,0.00481108,-0.11936897,-0.17585823,0.062226508
25,0.9653088,0.94559723,3.666479,-3.3264594,0.70697784,-1.5430331,-2.782423,-0.16154343,-0.27872324,1.4589651,0.073159225,-0.28919792,-0.15431279,-1.5003552,0.36934584,1.5067658,0.814399,-1.3285644,-1.1939819,0.7124919,0.7878953,0.189438,-1.1477447,-2.758685,1.4952314,6.7840114,1.0198004,0.10077299,-1.8161857,-0.3947078,-0.73601735,2.4471936,1.0549414,0.658479,-1.4210204,-0.24779281,0.37650323,0.035617746,-0.74406314,0.49784625,1.4994444,-0.14330319,0.11387509,-0.73622125,-1.0075474,-0.0050403234,0.52076703,-0.57810736,-0.13986188,0.33075926,-0.51741505,-0.35529393,-0.3591721,-0.36295357,-1.0057738,0.19007549,0.51749754,-0.18258771,-0.19660768,0.9257365,0.24600412,0.2572253,0.15626521,0.59435767,-0.18471804,-0.12140544,-0.453651,0.03731142,0.22644717,0.09048328,-0.02860868,0.24550802,0.17168644,-0.045726974,-0.35578436,0.25367737,-0.32214797,-0.40530115,-0.18696731,-0.28050792,-0.32426977,-0.16846764
26,-0.6677458,2.5968874,-1.419139,-1.1169281,-4.2263575,2.031145,-1.6746192,-1.3383086,-1.7871022,-0.69354606,-0.9199147,0.38277158,1.5240036,-1.5755339,0.41688797,0.8429717,1.7174325,-0.5955308,0.20179066,0.8302362,2.0214868,-2.2879543,-0.75203073,-0.9440932,-0.11105814,1.0198004,3.8218822,0.45996714,-0.4393633,-0.6844338,-0.02045057,0.24053454,-0.43164974,1.325037,-0.6314986,0.9416721,0.08228944,0.6534885,0.4943918,0.0602174,0.1291694,-0.33131462,0.7591618,-0.720968,-0.292715,0.0659556,-0.0011368287,-0.6030402,0.2339432,-0.6610873,-0.09819546,0.28685433,-0.36013,0.17760584,-0.051643133,-0.41133022,-0.4323733,0.003789737,-0.11286798,0.11848365,0.09177812,-0.19313405,0.12874097,0.044250127,-0.54906255,0.07007969,-0.50520766,-0.15536968,-0.4113695,-0.014216006,-0.37578562,-0.43731666,0.04935798,-0.17247534,-0.33330166,0.17923588,-0.45396587,0.112984225,0.07697581,0.27431595,0.13027844,0.14281687
27,1.9975296,0.24956283,1.5977011,-0.24013704,-1.12852,-1.2252512,0.8993102,0.4418546,-1.3779638,-0.44082934,1.7581036,2.0988445,-2.3390412,-0.33748597,0.3508559,-1.2440751,0.124909386,0.12293494,-1.8097184,-0.08554523,1.4678009,-0.017852914,0.20036516,-0.04680922,1.2793059,0.10077299,0.45996714,4.7830405,1.3421657,-0.3601999,-0.8060659,-0.12744376,1.1825869,-0.31136832,0.8548461,-0.4739287,0.9175011,1.0586072,2.1319323,-0.06630295,-0.46209523,0.051719133,0.5964908,-0.4325366,-0.21439263,0.95192343,-0.4887067,0.5229864,0.31252068,0.10112229,0.32642645,-1.0089322,-0.050998516,-1.1506894,0.46689004,0.20584941,-0.2643754,0.17223339,0.45211202,0.6202194,-0.07498264,-0.10927136,-0.24576233,0.22664467,-0.21599102,0.16700798,-0.32925868,0.082535006,0.16788453,-0.438319,0.09527597,-0.061535545,0.015262706,0.24748766,-0.12177256,-0.16051918,-0.1976879,0.2089501,0.047463827,-0.020204185,0.26361045,0.44459122
28,0.29418358,-1.6798148,-2.2696438,0.5486007,-0.08582914,-0.8481776,1.5067873,0.06189172,-0.863975,-0.24412958,1.1191987,1.3552074,2.0507302,0.6239538,0.21297455,-0.39353555,-0.6578916,1.0479069,-0.3115762,1.1221702,-0.4686569,0.43996388,-1.4463687,1.7813575,1.2188909,-1.8161857,-0.4393633,1.3421657,7.5562935,2.642536,0.06780064,-0.94623196,0.6983392,-1.0843736,0.84574664,-0.3854076,0.49048677,0.5277227,-0.27517992,0.058385413,0.18435858,-0.42940712,0.26423538,0.14901717,0.9203352,0.9457513,-0.6101266,0.4065693,0.0801301,-0.4343527,-0.20738041,0.6495131,-0.16520265,-0.022920314,1.1886996,-0.46469566,0.83773136,-0.2621469,-0.37602186,-0.16726941,-0.3502971,-0.19781287,-0.32738942,0.43258655,-0.24920574,0.36091185,-0.22006705,0.016327018,-0.25095353,-0.4234293,-0.46994486,-0.083654344,0.19193693,-0.35188174,-0.5337626,0.14644791,0.10914093,-0.5263771,0.15854858,-0.26523238,0.43838543,-0.06264439
29,0.5600164,0.7280406,1.1275557,2.5782654,-2.8118703,1.3926241,-2.375196,3.2368214,-2.032425,0.56050545,1.5894804,-1.5293825,1.8456881,-0.07434792,-0.79448104,0.8425093,2.0394664,0.6782156,0.831424,3.2207847,-1.3799522,3.2922401,-2.0777535,0.56523347,-0.9552282,-0.3947078,-0.6844338,-0.3601999,2.642536,7.797919,1.3185815,0.6710938,0.5167434,-0.9358725,-0.9824767,0.4679401,-0.55308217,-0.01144659,0.969628,0.06841776,-0.14748482,0.3521697,0.7961328,0.10139118,-0.27741015,0.8309648,0.19843128,0.39934316,0.8066289,-0.045624107,-0.97803724,-0.059796184,-0.16413738,0.33827943,-0.005812117,0.52527493,-0.024417974,0.039776765,0.32975197,0.25174952,0.20074272,-0.13454202,-0.2404477,-0.095344454,0.26963294,0.30948293,0.3254918,-0.40451092,0.065859325,0.55659163,0.18123043,-0.14999416,0.13567655,-0.21644035,0.16853812,-0.36831176,-0.07479885,-0.025252067,0.12105101,-0.11481798,-0.13713412,-0.2910097
30,-2.2139199,-1.3487866,0.9950011,0.7588668,0.73170686,1.1397755,-0.31146455,-0.19347695,-0.68805456,-4.3390913,-0.93744457,0.19028424,1.843099,1.4211035,-0.631249,-0.9690801,0.4457748,-1.0113707,-0.33378583,1.6331644,2.1754272,-1.2559602,1.6096702,0.32345986,-0.41468817,-0.73601735,-0.02045057,-0.8060659,0.06780064,1.3185815,6.5894127,0.6516718,0.47647038,-0.268293,0.2918952,1.9060476,0.08567185,0.39754552,-1.1206725,0.1295831,0.00029342246,-1.1409819,0.05230572,-0.3250695,-1.1442707,0.14749624,0.7113857,0.7474451,0.006434328,0.2782868,0.3842281,-0.2277818,0.29621962,-0.31891096,0.35073727,0.016145322,0.0931708,0.22414923,-0.48428074,-0.09757467,0.6722207,-0.13557287,0.047934182,-0.013158524,0.26791456,-0.3094207,-0.26697907,-0.11521027,-0.000721608,0.2470074,0.5352388,-0.14575815,0.041652773,-0.07305773,0.541869,-0.3102647,0.56040823,-0.33708334,0.45502245,-0.21880722,-0.18097049,-0.2783755
31,-1.6493981,2.8862844,2.265821,-1.4767936,-1.6173995,0.96813345,-0.47771347,-1.1113956,1.4613883,1.182389,-0.77594423,0.10783386,0.7082696,1.8187482,-0.57527035,-0.3106788,1.3474028,-0.32693547,-0.56705153,0.95488846,0.5777092,-1.2771479,0.695369,0.2999788,0.37082088,2.4471936,0.24053454,-0.12744376,-0.94623196,0.6710938,0.6516718,7.4629197,-0.40574586,-0.33769423,0.39231953,-0.5372664,0.23541173,-0.8743306,-0.03386616,0.93244684,-0.4239796,0.18162808,0.73814225,-1.5173854,0.52270263,0.048248686,0.76718843,0.7021321,0.9679495,0.20803446,-0.98058283,-0.27604473,0.46815372,0.330126,-0.08188653,0.01355179,-0.0127740875,0.60486,0.7247273,0.37660652,-0.03927996,0.39208257,0.054810673,0.27685004,-0.11499542,0.59262687,0.35315698,-0.058655795,-0.26473296,-0.38257545,0.24019435,0.024224954,0.137711,-0.053662505,-0.49816027,0.1876888,-0.1342704,-0.08528137,-0.27753624,-0.20133758,-0.3999586,-0.17801708
32,-1.3201966,-1.4672401,1.3123932,3.2204547,-2.0628822,-2.546916,0.24949555,1.2319572,-0.6817049,-2.0608237,2.8437667,-0.040415704,-0.2766562,1.2975984,1.77964,0.04450767,0.20303547,-1.5881101,-1.2764658,0.5850973,0.9472101,-0.083043404,1.1346422,0.7419297,1.05074,1.0549414,-0.43164974,1.1825869,0.6983392,0.5167434,0.47647038,-0.40574586,6.6944275,-1.046345,-0.31283218,-0.24994904,-0.2448847,0.9069629,-0.036801886,0.14509264,0.09216712,0.3093,-0.20170808,0.21570799,-0.09297582,0.094259754,-1.2592776,-0.109045655,0.8978077,0.15813339,-0.08486086,-0.15308064,0.95805645,0.06619227,-0.9253242,-0.4007091,0.14672798,-0.77238923,-0.6139482,0.49992606,-0.050258845,0.17187268,1.0981293,-0.03091977,0.17150795,-0.15275064,-0.55886376,0.33783615,-0.28094894,-0.089790285,0.42339692,0.032115184,0.117796965,-0.28508702,0.24928373,-0.18454555,-0.33064342,-0.042680345,-0.27154604,-0.032820553,-0.18303594,-0.084526494
33,0.55850124,2.5538647,-0.5643511,-1.7550137,-3.0380135,0.826928,-1.7309821,-0.48772705,-1.9535666,1.4271586,-2.3952627,2.130083,1.7613509,-2.3238578,-0.6888379,1.915664,-1.1477726,0.38289362,0.0037270172,0.47525388,0.9424746,0.7198007,-0.27184367,0.21536471,-0.2357105,0.658479,1.325037,-0.31136832,-1.0843736,-0.9358725,-0.268293,-0.33769423,-1.046345,4.6446385,-0.5989505,0.60685897,-0.43569535,0.4839803,0.44717455,0.7499523,0.06131649,0.16321483,0.5887197,0.9220802,-0.582461,-1.249856,-1.1569757,-0.31699932,0.038538285,-0.33294147,0.4831137,-0.6903101,-0.17018701,0.21985677,-0.081515566,0.12159167,-0.0582209,-0.23157808,0.0078023076,-0.14775473,0.41020417,-0.005991716,0.068438485,-0.057834838,0.153216,0.3582831,-0.0047529615,-0.42129192,0.34242177,-0.097572684,0.11527611,0.03935323,-0.07178704,-0.28612873,-0.32985163,-0.052112114,0.009919525,-0.17428231,0.17978138,-0.18341374,0.33210522,0.10483429
34,0.6513475,-0.044119418,-2.084896,-1.0333523,0.34770057,0.5744847,2.2286177,-1.6535387,-0.43202233,-1.5756392,2.8184962,0.789629,-0.81092507,0.9109452,0.38245872,-0.74280965,-0.62592137,1.9769442,-0.87858653,-1.8668597,1.8767549,-0.7752444,0.46227336,0.028343843,-0.3491545,-1.4210204,-0.6314986,0.8548461,0.84574664,-0.9824767,0.2918952,0.39231953,-0.31283218,-0.5989505,3.4915237,0.08583863,0.7325468,-0.1294419,0.640265,0.25120398,-0.8174716,0.17699875,0.13659903,0.10399706,0.41227114,-0.2173053,0.36717194,-0.251444,0.3025449,-0.63003284,-0.64661396,0.14855278,-0.23736203,-0.38153875,-0.2404848,-0.61762184,0.43632218,0.02544099,0.043816574,-0.23798564,0.41464585,0.39399946,-0.2774114,-0.1326294,0.36257532,0.49679396,-0.16532832,-0.20135522,0.14636779,-0.3717853,-0.12453656,0.09570724,0.1170277,0.43982488,0.08986625,-0.07306601,0.3060052,-0.025098197,0.27993098,0.067101955,0.07447587,-0.21362422
35,-0.7341408,0.56889343,-0.34008807,-0.584358,-0.66389877,1.0818126,-1.0150707,-0.60285974,-1.5099993,-2.1910062,-0.17536193,0.36622685,-0.1744492,-0.59917486,0.7392324,-0.03736865,-0.7678416,-1.0008259,0.2646885,0.9280405,0.9859884,-0.23138574,-0.38415232,-2.1035285,0.09305595,-0.24779281,0.9416721,-0.4739287,-0.3854076,0.4679401,1.9060476,-0.5372664,-0.24994904,0.60685897,0.08583863,4.7163377,-0.22613817,-0.58621,-0.005761789,-0.24784711,0.38922954,-0.007387771,0.57202315,0.71040726,0.0771375,-0.02375076,0.124582715,0.038517997,-0.13192223,-0.52825457,-0.14955828,-0.6002838,0.11188955,0.21621831,0.30083764,-0.13678816,-0.40400264,-0.6197894,-0.029733054,0.38813975,-0.45892066,0.76059306,-0.59108496,0.29279006,-0.2437762,0.16415298,-0.3289344,0.19961685,0.28282374,-0.20160495,0.2524043,-0.030065123,-0.35607937,0.008323057,0.31121188,-0.20276165,0.26441586,0.22992468,0.13047814,0.19899908,0.1605922,-0.44735435
36,-1.6399543,0.039804686,1.2497175,1.4161627,-0.8224952,-1.5077481,-0.79511786,-0.1701014,1.1141865,-1.8453395,-1.4817042,2.290882,0.6119485,0.7866974,0.83155215,-0.2716397,-0.59060854,-0.76334965,-0.7005974,1.2799834,1.7574034,0.5371269,-1.0832343,0.80327094,-0.61908174,0.37650323,0.08228944,0.9175011,0.49048677,-0.55308217,0.08567185,0.23541173,-0.2448847,-0.43569535,0.7325468,-0.22613817,3.8241227,0.14392585,-0.2921998,0.107268825,0.020863963,0.18822077,-0.93920654,-0.6738251,0.05832239,-0.016070511,0.032099314,-0.036774755,-0.19550255,-0.55642974,0.23386899,-0.2632174,-0.33563894,0.024442121,-0.107653156,-0.18735987,0.032731943,0.6489594,0.1942395,-0.28066725,-0.23733726,0.25189826,0.4616468,-0.02753393,-0.7331371,0.0644042,-0.09903337,-0.39354956,0.27887666,0.1152575,0.034983013,-0.43222353,-0.02116242,0.43124413,0.083773404,-0.26538098,0.084345594,-0.13899745,-0.100309595,0.35581243,-0.051096797,0.0018773435
37,1.4616948,0.46092695,0.35129303,1.3623991,-0.5940602,-0.8890685,-1.2827919,-1.2700881,-1.597645,-1.2347178,-1.300166,0.3359393,-0.21495312,-3.360404,0.14213312,0.024510244,1.0371654,0.31629962,-0.5165349,-1.3749931,-0.018617604,-0.21003258,0.199696,0.42618644,0.938383,0.035617746,0.6534885,1.0586072,0.5277227,-0.01144659,0.39754552,-0.8743306,0.9069629,0.4839803,-0.1294419,-0.58621,0.14392585,3.626402,-0.1651628,0.67172456,-0.43052495,-0.736086,0.41739213,-0.11126122,0.15075573,0.5932673,-0.49215,0.43861967,0.22812808,-0.1641635,-0.12489256,0.29522085,-0.18953604,0.13749212,0.13746795,0.044537038,0.28849703,0.6391435,-0.088369936,0.29566467,-0.011661224,0.08948363,0.14398688,-0.76156557,0.37101302,-0.0069378023,-0.6511482,-0.2515558,0.55270845,0.3399729,0.15093687,0.19731283,-0.09871167,-0.30564576,0.19600195,-0.08701904,0.07017018,0.080279395,-0.089579344,-0.1302218,-0.12596837,0.22849907
38,2.3336523,3.7205236,3.6421728,-0.9843532,-4.363012,1.0549688,0.09394575,1.8017209,-2.150042,0.3762012,0.9530368,1.5858223,0.2994811,0.6029062,0.072818175,0.8314736,1.0535204,0.5818366,-1.0867145,-0.48563486,0.48121765,-0.39095443,0.8078901,-0.15432763,-0.9469099,-0.74406314,0.4943918,2.1319323,-0.27517992,0.969628,-1.1206725,-0.03386616,-0.036801886,0.44717455,0.640265,-0.005761789,-0.2921998,-0.1651628,5.2675195,-1.2971377,-0.2792453,0.79687184,0.35344833,-0.4369065,-0.4515792,0.67792314,-0.17642666,-0.16124517,-0.20354569,0.27305317,-0.47711343,-0.24483025,0.013977237,-0.30700725,-0.058962956,0.21158925,-0.6540594,-0.10342942,0.10845709,-0.5745564,-0.098303735,-0.4570045,-0.2937659,-0.10435699,0.18254003,0.11800565,-0.3184638,-0.20182115,0.28946066,0.18090498,-0.07145931,0.4225328,-0.1371585,-0.03289657,-0.21558195,-0.24795553,-0.10816158,0.05588808,-0.21830063,-0.1373484,0.04971496,-0.27017194
39,-0.15597272,0.23419195,-1.3336487,-1.3022159,1.8511385,-0.27185687,-0.53208065,-2.0136511,-0.51938987,0.14561361,0.83409584,-0.3502474,-0.513119,-0.35801786,0.50313205,1.5635091,-0.49513406,0.33099353,0.21714285,0.23679748,-0.17038514,1.0088186,-0.5332614,0.102758214,-0.21518308,0.49784625,0.0602174,-0.06630295,0.058385413,0.06841776,0.1295831,0.93244684,0.14509264,0.7499523,0.25120398,-0.24784711,0.107268825,0.67172456,-1.2971377,4.6011662,-1.56,0.5359132,0.17660484,-0.899064,-0.5483943,-0.6788138,-0.65600145,0.32614702,-0.23101097,-0.45096034,0.27325866,0.015276102,0.6372371,-0.12702052,-0.09043707,-0.23668768,0.2799798,-0.32023758,1.2541115,0.10494205,0.3613429,-0.2204357,-0.0462197,-0.46076912,0.5576621,0.11022757,0.0574887,0.40922916,0.09557464,-0.12430836,0.09827863,-0.115736835,0.13785905,-0.16617525,-0.11931187,-0.0262593,0.039724,-0.20613517,0.15248597,0.057431605,0.019583505,-0.2455332
40,-0.26394922,-0.13804331,-0.61608124,-0.16320471,-0.38233453,0.29340446,-0.07237066,0.2804391,-0.4878584,-0.01249967,-1.1377578,-0.15892781,1.179683,0.37311554,-0.5523783,0.98120856,-0.80680156,-0.39083672,-0.27850956,-0.4082901,-0.4755974,-0.79715264,-0.98410904,0.78959084,-0.11312693,1.4994444,0.1291694,-0.46209523,0.18435858,-0.14748482,0.00029342246,-0.4239796,0.09216712,0.06131649,-0.8174716,0.38922954,0.020863963,-0.43052495,-0.2792453,-1.56,2.8354323,-0.25375265,0.007355524,0.12831101,-0.50303996,0.36963367,-0.26870704,0.25460616,0.19173178,0.0061242813,-0.18451165,-0.27475333,-0.24600002,-0.5867425,-0.033311874,0.4655758,0.29610926,-0.19960612,-0.22512168,0.12364639,-0.038725045,0.62934166,0.15160131,0.7759993,-0.17023373,-0.53489184,-0.3003184,0.12076864,-0.0051033353,0.36610216,-0.52656746,0.1650241,0.058237292,0.15263444,-0.20428324,0.17938708,0.11238296,-0.27855504,-0.0077373874,0.08190228,-0.041050456,0.093631715
41,0.41466016,1.612982,0.39440304,-1.7623739,-2.6570737,0.11364606,0.679265,1.616543,-0.6156771,2.332547,1.5186863,1.237463,0.254349,0.6076653,0.36980736,1.3688769,-1.3610506,-0.42311373,-0.0050290367,0.15103385,0.46762586,0.10587469,-0.22869219,-0.23553681,-1.6964912,-0.14330319,-0.33131462,0.051719133,-0.42940712,0.3521697,-1.1409819,0.18162808,0.3093,0.16321483,0.17699875,-0.007387771,0.18822077,-0.736086,0.79687184,0.5359132,-0.25375265,3.6788635,-0.2175236,0.68032074,0.19545655,-0.20018739,0.21357171,0.6695366,-0.22463417,-0.35598242,0.42338955,-0.31554332,-0.29148108,0.75204456,-0.082163185,-0.028468728,0.12960207,0.3620421,-0.20342454,0.34665397,0.05061405,0.08469471,0.40990484,0.13952994,0.50390506,-0.18727751,0.22405323,-0.03621667,-0.31909525,0.0031583416,0.10515716,-0.026165284,-0.1312116,-0.11226633,-0.21102795,-0.13388747,-0.08222833,0.21971487,0.06889437,-0.014682116,-0.10024884,0.042789415
42,2.3268833,-0.6886341,0.12323591,-1.3226542,0.5205207,0.8594191,0.68289554,0.112631634,-3.2009077,-0.60516757,-1.0642047,-0.45365012,0.22715971,-2.9840376,-0.36458772,-0.43352062,1.2363017,-1.0432751,-0.20839077,-1.2775161,-1.1208572,0.57815737,0.25213963,0.49960786,0.27624518,0.11387509,0.7591618,0.5964908,0.26423538,0.7961328,0.05230572,0.73814225,-0.20170808,0.5887197,0.13659903,0.57202315,-0.93920654,0.41739213,0.35344833,0.17660484,0.007355524,-0.2175236,3.2566164,0.19882646,-0.4492113,-0.1424386,0.06812216,0.13021997,0.5914517,-0.39679962,-0.04752799,-0.23751366,-0.2632203,-0.0057623014,0.19280253,-0.20690334,-0.16899964,0.07062507,0.21583465,0.32021272,-0.22138602,0.07606253,0.17521511,0.16753882,0.08639881,0.4189324,-0.19587569,-0.15528914,-0.21199167,-0.6594259,-0.08788925,0.07449097,-0.21345113,0.2686301,0.16131753,0.067992926,-0.13009647,-0.3277214,-0.23255551,0.05730965,-0.0308243,0.03056316
43,-0.08228815,0.2438948,-0.098501876,-0.3743594,0.13452421,0.52631104,0.7639513,0.19925804,-0.780167,0.111274034,-0.21217895,1.2579267,-0.15871757,0.4642847,0.58986163,-1.6903478,-0.24913633,0.4432866,0.5293491,-1.463861,-0.8386419,1.0046208,-0.20189995,-1.1221523,1.6825602,-0.73622125,-0.720968,-0.4325366,0.14901717,0.10139118,-0.3250695,-1.5173854,0.21570799,0.9220802,0.10399706,0.71040726,-0.6738251,-0.11126122,-0.4369065,-0.899064,0.12831101,0.68032074,0.19882646,4.5008836,-0.08773999,-0.055866,0.08945039,0.2910636,0.059089605,-0.09899293,-0.26797473,-0.17072356,-0.0035497022,0.40799737,-0.072009355,-0.107402444,-0.20675665,-0.109178886,0.11467118,0.25337297,0.42945087,0.2318256,0.28609246,-0.22304967,0.07168414,-0.32678416,0.301553,-0.4241482,-0.109567404,0.07040852,-0.10283262,-0.37897995,0.035795383,-0.2715453,-0.09061896,-0.21988921,0.059457578,0.056189485,0.08248799,0.19790468,-0.110696904,-0.1686252
