,0,1,2,3,4,5,6,7,8,9,10,11,12,13,14,15,16,17,18,19,20,21,22,23,24,25,26,27,28,29,30,31,32,33,34,35,36,37,38,39,40,41,42,43,44,45,46,47,48,49,50,51,52,53,54,55,56,57,58,59,60,61,62,63,64,65,66,67,68,69,70,71,72,73,74,75,76,77,78,79,80,81
0,32.380203,-0.998584,53.831585,-12.439599,27.004772,-0.11969347,3.0257668,14.574487,1.1601158,-3.396906,8.3796015,2.7523265,1.1358933,-15.330068,-1.817745,2.9258623,-0.547891,9.622728,-0.070420735,-1.4855652,-1.8202262,-2.5580692,-2.8253274,-1.7286102,0.06550143,0.96530807,-0.6677437,1.997529,0.29418278,0.5600138,-2.2139206,-1.6493988,-1.3201962,0.55850327,0.65134686,-0.73414487,-1.6399574,1.4616961,2.3336487,-0.15597466,-0.26394928,0.41465867,2.3268847,-0.08228347,0.2970911,-0.2239457,-0.46372157,-0.6910747,1.1015677,0.1886591,0.5615754,0.03919904,-0.11945784,0.245105,0.37409025,0.3678639,0.37954384,0.19590701,0.061415702,0.054490335,-0.34184438,-0.01549265,-0.7144233,0.07523601,0.38653135,0.04850413,-0.36822438,-0.043649398,0.13085592,0.10826115,0.03647946,0.34980482,-0.16320258,0.33187953,0.33921707,0.057758626,0.16198203,-0.32591808,-0.059761435,-0.42225897,0.058601923,0.3022091
1,-0.998584,20.73947,8.642321,-9.0998955,-14.53867,5.6588364,-3.9169447,-5.85817,-8.817051,3.7888446,-4.894863,4.555155,3.3398638,3.1519268,7.9425807,1.5978885,3.023609,2.407578,1.7409639,1.6385685,3.25206,-4.3379655,-0.19269872,-1.9616474,1.70311,0.9455968,2.5968866,0.2495636,-1.6798145,0.72803885,-1.3487871,2.886282,-1.4672413,2.5538616,-0.04412073,0.5688921,0.03980468,0.46092737,3.7205217,0.23418815,-0.13804361,1.6129804,-0.688635,0.24389502,2.1152132,-0.38578582,-0.2698248,1.6933532,1.1961067,-0.377123,-0.23493391,1.2875682,0.2519059,0.13603112,-1.2534451,0.942426,-0.54256,-0.77874726,1.5895047,-0.62697166,-1.1780119,-0.09409179,-1.2773714,-0.18917634,0.8832818,-0.15194389,0.5390767,-1.0602183,0.013956867,1.5879352,-0.0890672,-0.17549422,0.46874368,-0.56265086,0.036666296,0.19335769,-0.1297999,0.020908244,-0.16795382,0.2717632,0.15670303,-0.11282082
2,53.831585,8.642321,157.44557,-34.361206,64.09656,5.7060137,10.47463,31.691473,4.789468,-9.991014,0.17760888,12.997125,12.534037,-6.3239,11.347937,-0.93355036,8.332673,2.9588385,-1.7025514,1.3532218,1.7198594,-4.860848,-3.960765,-1.9017825,-0.9363667,3.6664743,-1.4191306,1.5977025,-2.2696524,1.1275535,0.9950001,2.2658224,1.3123889,-0.5643472,-2.0849018,-0.34009242,1.2497134,0.35129458,3.6421666,-1.3336549,-0.616083,0.39439398,0.123239964,-0.098495305,2.0786462,-0.3887385,-1.7057793,0.069623366,1.1516432,-0.64510816,1.2892966,-0.29916048,0.6281843,0.6607033,0.2012853,1.4248106,-1.0075831,0.15280747,0.9286159,-0.9679053,-1.1709706,0.07633805,-0.012556729,-0.39539313,0.31579584,-0.39619297,0.14643358,-0.031515185,-0.16969764,0.6054208,1.0305915,-0.036791444,0.3412146,-0.94367164,0.46684468,-0.20109245,0.17925718,0.28366214,-0.5665385,0.34186018,0.09052655,-0.5007471
3,-12.439599,-9.0998955,-34.361206,32.921505,-20.667881,-4.397498,-5.7883406,1.5262609,5.4124126,-7.9574738,1.0302842,-4.632511,-0.7522547,-3.3270292,-5.2846756,-1.9210782,-1.4710586,4.4838004,1.4786496,3.1535723,-0.32092962,3.9079366,-0.17285669,3.1035168,-1.1394233,-3.3264608,-1.1169308,-0.24012795,0.54860234,2.5782683,0.7588673,-1.4767976,3.220447,-1.7550179,-1.033354,-0.58435416,1.4161663,1.3623991,-0.98434997,-1.3022223,-0.16320527,-1.7623744,-1.3226546,-0.37436455,0.9322084,1.2266787,1.3086839,-2.627098,-0.6135876,0.48677713,-0.8473661,-1.2794166,2.3493028,1.3811386,1.8736868,0.42162532,-1.5528283,0.32568634,1.1706319,0.07324601,0.56525004,0.1741247,2.2794113,-0.28424105,-1.0538608,-0.8550904,-0.69082654,0.51225346,0.6172956,-0.24890015,0.8800659,0.41278368,0.07292314,0.07390311,-0.115236714,-0.7405022,-0.28942508,-0.05637168,-0.7129685,0.57327986,0.17184177,0.4103189
4,27.004772,-14.53867,64.09656,-20.667881,60.14134,-0.8304398,11.591679,11.866896,11.507984,-3.9176092,4.2035255,-1.592385,-1.267723,-2.1579492,0.9320477,-1.4230545,-0.8297355,-0.19457492,-2.917406,-5.115636,-7.020857,1.8993422,-1.8532591,0.8716732,-1.4759192,0.7069769,-4.22635,-1.1285253,-0.085834995,-2.811875,0.73170745,-1.6173975,-2.0628803,-3.0380077,0.34769976,-0.6638974,-0.8224977,-0.5940598,-4.363016,1.8511429,-0.38233358,-2.6570768,0.52052295,0.13452712,-2.310927,-0.025694925,-0.19836095,0.5914902,-0.99046904,0.73902106,0.074024945,-0.5686922,-1.0368946,-1.0084215,0.09189944,-0.92986774,1.0601797,-0.6915822,-0.67302454,-0.19567509,0.6572801,0.6711509,-0.8412082,-0.79658675,-0.35027748,0.8955965,0.0734454,0.8303331,-0.05318711,-1.1093125,-0.39218348,-0.42190754,-0.34691554,-0.018397007,0.3305639,-0.1556335,0.51757014,0.2825095,0.054603126,-0.33483005,-0.24991989,0.15786807
5,-0.11969347,5.6588364,5.7060137,-4.397498,-0.8304398,14.170909,3.5023117,-0.624591,-2.617453,1.3633409,-2.9981346,0.25995466,6.5414677,2.7919798,1.2638934,-1.919562,6.050602,-1.3885431,0.45513457,-2.7501335,2.5139568,1.1866268,-1.1511674,2.3715034,-2.5526202,-1.5430372,2.031146,-1.2252547,-0.8481798,1.3926206,1.1397775,0.96813345,-2.5469167,0.8269307,0.57448626,1.0818119,-1.5077491,-0.8890684,1.0549672,-0.27185494,0.29340476,0.113646865,0.859419,0.5263137,0.074699156,-0.69207054,1.5959468,-1.5237205,0.69039845,-1.3041503,-0.94584113,0.79945296,0.19190873,-0.08764386,-0.1503667,0.4525882,-0.50310534,0.05843912,0.7746918,0.6749953,0.8792013,0.5748967,-1.3386407,-0.9656088,0.29214746,-0.68173647,-0.0038220151,0.14126268,-0.8298986,0.7485932,-0.58353865,-0.32154253,1.2145208,0.1568703,-0.09275946,0.418604,-0.13678426,0.44944817,0.4501719,-0.16271488,0.75146127,0.45366335
6,3.0257668,-3.9169447,10.47463,-5.7883406,11.591679,3.5023117,11.929994,1.9261162,0.7064755,-0.3280565,0.97303104,1.7679894,1.8044314,5.659786,2.3399572,-2.1749282,0.4074046,-2.9563396,-0.8991469,-3.516374,-1.3230953,-0.42413586,1.407968,3.2382267,-1.0056901,-2.7824254,-1.6746196,0.8993181,1.506788,-2.3751955,-0.3114616,-0.47772008,0.24948648,-1.7309847,2.2286158,-1.0150697,-0.795115,-1.282788,0.09394549,-0.53208566,-0.07237298,0.6792619,0.6828954,0.76394933,0.6995809,-0.8722359,0.22313024,0.6772712,-0.0863477,0.20217954,-0.21329719,0.38580412,-0.08554867,-0.7922132,0.607257,-0.04814329,-0.8473731,0.16611171,-0.3674139,0.03243737,0.49731815,0.9402857,0.52174807,-0.08418904,0.56307125,0.23809782,-0.34558836,0.8221204,-0.24560076,-0.8445271,-1.1320531,0.5920615,0.12523958,0.08979246,-0.54128623,0.31969166,0.07311922,0.29887128,0.75036526,-0.4576366,0.15126768,0.39695868
7,14.574487,-5.85817,31.691473,1.5262609,11.866896,-0.624591,1.9261162,19.59229,5.975414,-1.9307745,6.716859,4.493211,-0.8553561,-6.7574778,-7.699015,-1.7268107,-0.28006333,-0.89081174,-2.4004292,3.6592598,0.49545938,3.7790174,-1.1805817,-1.1395434,-3.582533,-0.16154453,-1.3383079,0.4418589,0.061893664,3.236825,-0.19347881,-1.1113986,1.2319591,-0.4877274,-1.6535395,-0.6028608,-0.17010179,-1.270087,1.8017216,-2.0136542,0.2804377,1.6165409,0.11263195,0.19925743,0.47466546,-0.17723835,0.055247083,-0.8562393,0.33373547,0.2905735,0.5430669,-0.31966048,0.51089525,0.9911392,0.5508933,0.81535995,-0.94194114,0.6046347,0.14514293,-0.62949586,0.33140916,-0.41866863,1.447844,0.5828017,-0.055745736,-0.73950416,-0.32732254,0.085781485,-0.09189625,0.024495095,0.044636205,0.16291645,0.052195832,0.0599403,-0.08802194,-0.118845366,-0.21868029,-0.113367915,0.31006426,0.0993426,0.18410805,0.14648274
8,1.1601158,-8.817051,4.789468,5.4124126,11.507984,-2.617453,0.7064755,5.975414,14.680958,1.5783525,4.927485,-1.3838573,-4.1577168,0.5937526,-5.8756647,-1.6924944,-2.4296265,1.1081848,-1.6013892,2.021457,-0.5778986,0.22953212,-0.29081997,-0.20737703,-2.0090704,-0.27872732,-1.7870986,-1.3779647,-0.8639798,-2.0324259,-0.6880528,1.4613905,-0.681705,-1.9535654,-0.43202296,-1.509999,1.1141865,-1.5976436,-2.150042,-0.519388,-0.48785907,-0.61567855,-3.2009068,-0.7801678,0.071446374,0.69736296,0.35540634,-1.397844,-1.5085837,-0.123998895,-0.17379221,-0.27743387,0.19145161,0.7547467,0.8780798,-0.08014425,0.02983322,0.38880247,-0.28046888,-0.4971926,1.0620846,0.32292962,0.39409614,-0.28018028,-0.9778986,0.25639558,0.08601014,0.8207123,-0.14919367,-0.06418188,0.0047359928,-0.793291,0.116766565,-0.69776857,-0.20415038,-0.2611974,-0.2906748,0.39247134,-0.49576932,0.12664466,-0.13048367,0.41479284
9,-3.396906,3.7888446,-9.991014,-7.9574738,-3.9176092,1.3633409,-0.3280565,-1.9307745,1.5783525,17.648598,-1.9029369,1.6058693,-4.0184813,2.0217981,-2.5019994,-0.28961927,1.0407484,-4.924676,-0.40641898,0.5977483,0.15182808,2.3895938,-0.30605432,-1.1341307,-0.14186563,1.4589663,-0.6935482,-0.44082856,-0.24412593,0.5605072,-4.339094,1.1823891,-2.0608196,1.4271561,-1.5756383,-2.191008,-1.8453395,-1.2347174,0.37620163,0.14561427,-0.012500298,2.332546,-0.605168,0.11127208,0.99470586,-0.07286374,-1.5612593,0.24615073,-0.5162439,-0.037459508,0.65619016,0.800474,-1.4924911,0.0066266754,0.14708754,0.8336685,1.3160775,-0.10898269,-0.6141969,0.30617803,0.70228934,0.17451406,-1.4671216,0.38124728,1.0370069,0.9096153,1.3228987,-0.04991871,-0.021838374,0.523551,-0.818332,-0.19999175,0.060996428,-1.0965023,0.19030428,0.115191445,-0.20996524,0.111256085,-0.7199719,-0.3108365,-0.3069353,0.8908235
10,8.3796015,-4.894863,0.17760888,1.0302842,4.2035255,-2.9981346,0.97303104,6.716859,4.927485,-1.9029369,22.55758,-4.4257054,-8.367366,-3.229738,-4.6498528,2.6297884,-4.289709,8.763478,-1.6399786,2.509213,0.0705187,-1.8598121,-0.37273788,-3.3537917,-0.2220312,0.073162444,-0.9199152,1.7581019,1.1192019,1.5894817,-0.9374466,-0.77594006,2.8437734,-2.3952594,2.8184981,-0.17536622,-1.4817065,-1.300168,0.9530418,0.8340982,-1.1377583,1.5186896,-1.064206,-0.21217853,-0.77612233,0.4811192,0.25807887,-0.80789876,1.0070417,-0.5369383,-1.2250795,0.24796599,-0.07351771,-0.71711266,-1.9730698,0.35316175,0.04576471,0.023481645,-0.37753052,0.13298926,0.6124618,0.22207369,0.4283921,0.2296421,0.50801146,0.19999486,-0.38430667,0.32179016,-0.11657539,-0.27794445,-0.27541283,-0.6411069,-0.18919992,-0.059777685,-0.14550102,0.28984484,-0.5403407,0.35765386,0.73396707,0.017448239,0.50436556,-0.29380417
11,2.7523265,4.555155,12.997125,-4.632511,-1.592385,0.25995466,1.7679894,4.493211,-1.3838573,1.6058693,-4.4257054,12.941441,0.18626836,-1.5018725,-1.4145901,-3.139422,-0.90531194,-4.3390427,-3.1248984,1.6032872,5.3840494,1.12886,-0.5856797,-2.4834895,-0.106459275,-0.28920108,0.38277143,2.0988464,1.3552103,-1.5293865,0.19028503,0.107827485,-0.04041917,2.1300814,0.789631,0.3662253,2.2908826,0.33594188,1.5858206,-0.35025114,-0.15892842,1.237462,-0.45365188,1.2579285,1.4219445,-0.92610794,-1.1873523,1.5814652,0.28076172,0.30510896,0.43052387,0.42680585,0.9218447,0.14166395,1.3764307,-0.6328128,0.0992059,-0.110667825,0.28960904,-0.5475826,-0.33365503,-0.18490498,-0.14754333,0.39852184,0.21462235,-0.33426678,0.06265718,-0.6826261,0.09299312,0.47464538,-0.34736627,0.20904729,0.43524218,-0.017729782,-0.4957748,-0.07307336,0.19513658,-0.6488751,0.4335065,0.27103165,-0.26071543,0.43310344
12,1.1358933,3.3398638,12.534037,-0.7522547,-1.267723,6.5414677,1.8044314,-0.8553561,-4.1577168,-4.0184813,-8.367366,0.18626836,18.26531,2.5704021,6.6348515,3.8604136,2.78118,2.9534824,2.8614097,-0.7424563,0.40133655,-1.4917254,-2.5299284,5.870137,-1.6083481,-0.15430999,1.5240053,-2.3390508,2.0507326,1.8456874,1.843096,0.7082752,-0.27664727,1.7613564,-0.81091905,-0.17445341,0.61194706,-0.21495664,0.29948103,-0.51311266,1.1796837,0.25435334,0.22715873,-0.15871069,-0.69517326,-1.1494834,0.6550331,-1.4830861,-0.5470085,-0.20899203,-0.20166352,0.15443212,0.43609,0.9585595,1.0571285,-1.2919638,-0.020239644,0.45237392,-0.84583247,-0.17359665,0.33242124,-0.024899691,0.099833876,0.10976889,-0.17876986,-0.50030255,-0.15782194,-0.35321796,0.032303482,0.39643693,0.528751,0.58557403,0.4865853,0.15518245,-0.42460135,0.23062742,-0.4357143,-0.3094942,0.26538593,-0.40869838,0.24112123,0.13866867
13,-15.330068,3.1519268,-6.3239,-3.3270292,-2.1579492,2.7919798,5.659786,-6.7574778,0.5937526,2.0217981,-3.229738,-1.5018725,2.5704021,22.355873,8.351652,-1.0989196,0.8530936,-5.4360695,-1.540932,0.39006552,0.861586,-0.95202035,1.6968093,2.9491243,-1.4022601,-1.500352,-1.5755341,-0.33748466,0.62395597,-0.0743445,1.4211037,1.8187492,1.2975991,-2.3238597,0.91094637,-0.5991746,0.78669906,-3.3604047,0.6029097,-0.35801917,0.3731156,0.6076666,-2.9840384,0.46428394,-1.0955539,0.84429646,-0.08601174,1.0268779,-1.2122626,-0.0046865563,-0.712816,-0.44035912,-0.63421345,-1.8405046,-0.46418133,0.23587018,-0.5931481,-0.7091528,0.4415428,-0.5613712,0.25353214,0.4159081,0.23163939,-0.18938917,0.94183004,-0.13964354,0.7064079,0.36942327,-0.35761634,-0.16748711,-0.42847034,-0.34772685,-0.06277197,-0.4865492,-0.47037876,-0.09445014,-0.32218593,0.6640786,0.15612479,0.22789928,0.12099842,-0.61344266
14,-1.817745,7.9425807,11.347937,-5.2846756,0.9320477,1.2638934,2.3399572,-7.699015,-5.8756647,-2.5019994,-4.6498528,-1.4145901,6.6348515,8.351652,18.22356,1.1091697,1.1605369,2.4015794,0.93086004,-0.8387854,0.5282643,-2.6441298,-0.53737944,0.318209,2.1356723,0.36934873,0.4168863,0.35085663,0.2129718,-0.79447985,-0.6312492,-0.57526916,1.7796361,-0.68884045,0.38245654,0.73923326,0.83155155,0.1421319,0.07281747,0.503129,-0.55237734,0.36980596,-0.36458677,0.58986187,0.7264565,-0.36811614,1.2960587,0.5977257,-0.18785533,0.035137758,-0.20754564,0.15744084,0.15537044,0.1376038,-0.19102217,-0.18138278,-0.12040846,-1.6551743,-0.113553315,0.18382587,-0.6084913,0.89597905,0.031444594,-0.45258635,0.09139655,0.7127063,0.68326825,0.044880755,0.6164305,-0.007983567,0.08303706,0.016549803,-0.6579169,-0.49488583,0.3092874,-0.5332607,-1.1942229,0.10521534,-0.48624057,-0.052915633,0.28924525,0.051296778
15,2.9258623,1.5978885,-0.93355036,-1.9210782,-1.4230545,-1.919562,-2.1749282,-1.7268107,-1.6924944,-0.28961927,2.6297884,-3.139422,3.8604136,-1.0989196,1.1091697,9.900659,-3.9840903,5.5787067,1.982326,1.0222421,-1.8850735,-3.065403,-1.8747613,1.9544516,-1.6756945,1.5067692,0.84297335,-1.2440832,-0.39353687,0.8425092,-0.9690833,-0.31067264,0.044514507,1.915667,-0.7428093,-0.037369806,-0.27164346,0.024507022,0.83147293,1.5635138,0.9812095,1.3688779,-0.43351954,-1.6903448,-2.2003028,-0.71937716,-1.2075222,0.04971163,0.09601422,0.08767174,-0.109940395,-0.681013,-0.5358989,0.100526854,-0.5785113,-0.09660028,0.53309464,0.1837647,-0.6111836,0.0031601428,-0.94561684,0.35712236,0.2648387,-0.01492534,0.44019523,0.12563154,-0.19406104,0.4126091,-0.03673042,0.68392634,-0.12590921,0.26165193,-0.29252613,-0.19710544,-0.3381074,-0.13962545,0.08823727,0.21292263,0.05105678,-0.17172363,0.010088612,-0.38223404
16,-0.547891,3.023609,8.332673,-1.4710586,-0.8297355,6.050602,0.4074046,-0.28006333,-2.4296265,1.0407484,-4.289709,-0.90531194,2.78118,0.8530936,1.1605369,-3.9840903,9.961146,-5.091259,1.2750199,-1.3184655,0.94060075,0.6110487,0.75752217,0.15359733,0.97015584,0.81440055,1.7174332,0.12491154,-0.65789264,2.0394702,0.44577444,1.3474053,0.20303328,-1.147774,-0.6259234,-0.76784194,-0.59060764,1.0371649,1.053521,-0.49513543,-0.8068019,-1.3610523,1.2363029,-0.2491371,0.65243685,1.0093162,0.6061523,-1.7319875,0.33901358,-0.9196657,-0.58960074,0.83494854,-0.20159784,-0.06700148,-0.33361346,0.2763893,-0.34163022,0.40834874,0.48532322,0.30371636,1.125109,-0.5866878,-0.45674157,-0.68503237,-0.11762725,-0.17390312,-0.35830212,-0.10753965,-0.3551116,0.13200141,-0.015985645,-0.25119263,0.673995,-0.32050255,0.14744796,0.18799248,0.12987325,0.30601507,-0.6066004,0.052605093,0.116997525,-0.100085616
17,9.622728,2.407578,2.9588385,4.4838004,-0.19457492,-1.3885431,-2.9563396,-0.89081174,1.1081848,-4.924676,8.763478,-4.3390427,2.9534824,-5.4360695,2.4015794,5.5787067,-5.091259,20.177912,3.4083738,-1.0134845,-0.19391671,-4.412936,-3.6320014,0.833542,0.99647,-1.3285646,-0.59553176,0.12293585,1.0479085,0.67821366,-1.0113711,-0.32693648,-1.5881095,0.38289315,1.9769459,-1.0008289,-0.76334995,0.3162998,0.58183664,0.33099058,-0.39083666,-0.423114,-1.0432754,0.44328755,0.46025407,-0.4221155,0.62544316,-0.28407273,-0.3182656,0.5493449,-1.2533777,-0.26474863,0.7001971,-0.16250965,0.20147967,0.33282968,-0.18289593,-0.075565025,0.4356678,0.35925585,0.26182914,0.058463395,-0.76649725,0.28807363,-0.03996761,-0.19248222,0.16540697,-0.38319725,-0.14975235,0.4570372,0.4642639,-0.09503085,-0.09516292,0.07960846,0.08088342,-0.23271778,-0.17899925,-0.3547132,-0.36012602,0.201633,0.02379008,0.06552639
18,-0.070420735,1.7409639,-1.7025514,1.4786496,-2.917406,0.45513457,-0.8991469,-2.4004292,-1.6013892,-0.40641898,-1.6399786,-3.1248984,2.8614097,-1.540932,0.93086004,1.982326,1.2750199,3.4083738,6.627421,-0.06754559,-2.3506136,-3.210484,-0.98557603,1.0678389,1.8098962,-1.1939827,0.20179172,-1.8097192,-0.3115793,0.83142483,-0.33378553,-0.5670508,-1.2764678,0.0037268153,-0.8785887,0.26469123,-0.7005973,-0.5165353,-1.0867157,0.2171436,-0.27850938,-0.005030112,-0.20838997,0.5293492,1.1754172,-0.5132333,-0.7901869,-0.26353076,-0.24530472,-0.3170779,0.57686186,0.20417523,0.18832216,0.7138297,-0.19150694,0.63814986,-0.9614715,0.25704306,0.26867658,0.08167693,0.287551,-0.2709783,0.04561244,0.25571656,-0.5050386,-0.11365417,0.4547531,0.005063319,-0.4882514,-0.12481403,0.1564174,0.22885987,0.39629105,-0.09392116,0.15457344,-0.16929977,0.78202677,0.34103638,0.038547445,0.034332804,-0.13691446,-0.19475172
19,-1.4855652,1.6385685,1.3532218,3.1535723,-5.115636,-2.7501335,-3.516374,3.6592598,2.021457,0.5977483,2.509213,1.6032872,-0.7424563,0.39006552,-0.8387854,1.0222421,-1.3184655,-1.0134845,-0.06754559,13.365106,0.6602168,-0.4469725,-0.20464332,-2.498788,-0.22010244,0.71249306,0.8302388,-0.08554581,1.1221724,3.2207851,1.6331646,0.95489216,0.5851009,0.47525457,-1.8668597,0.9280399,1.2799821,-1.3749938,-0.48563144,0.23679817,-0.4082904,0.15103379,-1.2775164,-1.4638627,-0.0073687905,0.746261,-0.515556,-0.87637603,0.069251224,0.3073174,1.0486922,-0.02646663,0.14305979,0.3162341,1.0688536,0.00638773,-1.082797,-0.8964672,0.12824365,-1.1277974,-0.8729122,0.5241286,0.25775135,-0.032764018,0.21461171,0.46888828,0.15549211,0.009481011,0.1409229,0.016665962,0.299672,-1.01509,0.10929015,-0.3938202,-0.12552303,0.25268224,-0.18266925,-0.12513101,0.45861968,-0.5347508,-0.12352438,0.31784222
20,-1.8202262,3.25206,1.7198594,-0.32092962,-7.020857,2.5139568,-1.3230953,0.49545938,-0.5778986,0.15182808,0.0705187,5.3840494,0.40133655,0.861586,0.5282643,-1.8850735,0.94060075,-0.19391671,-2.3506136,0.6602168,10.803184,-0.78638816,-0.7641573,-2.6356974,-1.251275,0.7878948,2.0214863,1.4677935,-0.46865413,-1.3799587,2.175425,0.5777105,0.9472157,0.9424784,1.8767614,0.98598313,1.757402,-0.018618613,0.48121786,-0.1703809,-0.47559622,0.46763092,-1.1208601,-0.8386386,0.8326162,-0.6065097,0.184935,-1.2088715,0.30519742,-0.6403208,-0.11267379,0.06992705,0.12379822,-0.089955404,0.34880608,0.15149125,0.9235945,0.040987425,-0.18655685,0.6510688,0.80389,0.31764072,-0.15424848,0.24413627,0.38293052,-0.6546799,0.14301205,-0.16287851,-0.6521871,0.031944685,-0.02961305,-0.010359491,0.35387272,0.2552618,0.41628504,-0.45861673,0.17856738,-0.15541245,-0.2168343,0.3570114,0.32769984,0.1057425
21,-2.5580692,-4.3379655,-4.860848,3.9079366,1.8993422,1.1866268,-0.42413586,3.7790174,0.22953212,2.3895938,-1.8598121,1.12886,-1.4917254,-0.95202035,-2.6441298,-3.065403,0.6110487,-4.412936,-3.210484,-0.4469725,-0.78638816,15.684158,-1.6261907,1.5529362,-2.738385,0.18944116,-2.2879539,-0.017857525,0.43996504,3.2922416,-1.2559626,-1.2771432,-0.08303856,0.7198034,-0.77524304,-0.2313864,0.5371244,-0.21003526,-0.39095175,1.0088222,-0.7971524,0.10587722,0.578158,1.0046192,0.037511438,-2.2944534,0.8073514,-0.22109692,-0.445579,0.8705113,-1.0668564,-0.37277564,0.47904912,-0.41547853,-0.36638916,0.046118036,0.062172074,-0.32234094,-0.04973366,0.40668297,-0.21299556,0.3914466,-0.7225516,-0.12002059,-0.26631063,0.23527755,-0.09881945,0.053217914,0.64956796,-0.21108362,0.52662003,0.08982448,0.16974142,0.080249175,-0.05690423,5.3361124e-05,-0.110911086,0.09834333,-0.29690316,0.14175543,0.19762641,-0.18680032
22,-2.8253274,-0.19269872,-3.960765,-0.17285669,-1.8532591,-1.1511674,1.407968,-1.1805817,-0.29081997,-0.30605432,-0.37273788,-0.5856797,-2.5299284,1.6968093,-0.53737944,-1.8747613,0.75752217,-3.6320014,-0.98557603,-0.20464332,-0.7641573,-1.6261907,5.776159,0.14346418,1.0279241,-1.1477473,-0.75203145,0.20037138,-1.4463699,-2.077751,1.6096725,0.69536614,1.1346371,-0.2718472,0.46227157,-0.38415003,-1.0832326,0.19969799,0.80789006,-0.533265,-0.9841102,-0.22869581,0.25214103,-0.20190272,-0.14566767,-0.0028917436,0.5519111,0.43284738,0.46752208,0.6797873,1.1580011,0.16771643,0.10188198,0.14103201,-0.16144003,0.06593784,-0.012898499,0.08096487,-0.22586706,-0.68722034,-0.29079965,-0.58868396,0.42127594,-0.4753852,0.3060528,0.3343085,-0.44128793,0.42603457,0.17238463,-0.0050713494,0.2215331,0.003115769,-0.21943417,-0.11670269,0.25661728,-0.088747144,0.15338835,0.40624306,-0.029771127,-0.5986266,0.19722238,-0.08149512
23,-1.7286102,-1.9616474,-1.9017825,3.1035168,0.8716732,2.3715034,3.2382267,-1.1395434,-0.20737703,-1.1341307,-3.3537917,-2.4834895,5.870137,2.9491243,0.318209,1.9544516,0.15359733,0.833542,1.0678389,-2.498788,-2.6356974,1.5529362,0.14346418,10.357948,-2.1991491,-2.758685,-0.9440942,-0.04680644,1.7813613,0.565235,0.32346013,0.29997754,0.7419292,0.21536306,0.028344728,-2.1035295,0.8032721,0.42618763,-0.15432693,0.10275681,0.78959024,-0.23553726,0.4996071,-1.122153,0.058976702,-0.9794291,-0.774717,-0.304331,1.0303868,0.3093092,0.74855685,-0.76755464,-0.27884865,-0.6444969,-0.5921041,0.46836185,-0.6033385,0.50630146,-0.23337725,-0.197828,-0.02148813,0.2127851,0.48986804,0.011765104,-0.13937029,0.13033532,-0.24606138,0.13211417,-0.079636514,-0.136547,0.11691937,-0.36758083,-0.074863195,-0.10419406,0.071963236,0.17558947,0.24871911,-0.17646196,-0.2805001,0.17643711,0.26213384,0.33632678
24,0.06550143,1.70311,-0.9363667,-1.1394233,-1.4759192,-2.5526202,-1.0056901,-3.582533,-2.0090704,-0.14186563,-0.2220312,-0.106459275,-1.6083481,-1.4022601,2.1356723,-1.6756945,0.97015584,0.99647,1.8098962,-0.22010244,-1.251275,-2.738385,1.0279241,-2.1991491,6.4369235,1.4952333,-0.11105629,1.2793036,1.2188873,-0.9552275,-0.4146877,0.3708243,1.0507395,-0.23570988,-0.34915608,0.09305753,-0.61908185,0.9383826,-0.9469087,-0.21518074,-0.11312673,-1.6964917,0.27624643,1.6825598,0.5608555,0.4463722,-0.70478153,-0.14089471,0.51476324,0.6567787,0.21926719,0.32094806,0.3653894,-0.253995,-0.00060511613,0.24139172,-0.12106886,-0.34748077,0.28693545,0.42706078,-0.59955627,-0.22631204,-0.2477016,0.16641067,-0.28589565,0.19728488,0.23406865,-0.13320732,0.26851812,-0.118910015,0.044036336,0.08274648,0.32148948,-0.20750493,-0.017912425,0.08861725,0.10316639,0.11599024,0.004810584,-0.11936842,-0.17585954,0.0622259
25,0.96530807,0.9455968,3.6664743,-3.3264608,0.7069769,-1.5430372,-2.7824254,-0.16154453,-0.27872732,1.4589663,0.073162444,-0.28920108,-0.15430999,-1.500352,0.36934873,1.5067692,0.81440055,-1.3285646,-1.1939827,0.71249306,0.7878948,0.18944116,-1.1477473,-2.758685,1.4952333,6.784016,1.019799,0.100775406,-1.8161848,-0.39470297,-0.7360201,2.4471965,1.0549417,0.65847635,-1.4210229,-0.24779418,0.37650397,0.035616674,-0.74406266,0.49784398,1.4994451,-0.1433059,0.113876686,-0.736222,-1.0075486,-0.0050402503,0.5207686,-0.57810515,-0.13986133,0.3307609,-0.51741457,-0.35529476,-0.35917297,-0.36295485,-1.0057786,0.19007733,0.5174986,-0.18258776,-0.19660902,0.9257368,0.2460028,0.25722474,0.15626532,0.5943586,-0.18471873,-0.121405244,-0.45364976,0.03731128,0.22644693,0.09047971,-0.028608294,0.24550754,0.17168567,-0.045727402,-0.3557847,0.25367755,-0.32214832,-0.40530163,-0.18696725,-0.28050765,-0.32426935,-0.16846883
26,-0.6677437,2.5968866,-1.4191306,-1.1169308,-4.22635,2.031146,-1.6746196,-1.3383079,-1.7870986,-0.6935482,-0.9199152,0.38277143,1.5240053,-1.5755341,0.4168863,0.84297335,1.7174332,-0.59553176,0.20179172,0.8302388,2.0214863,-2.2879539,-0.75203145,-0.9440942,-0.11105629,1.019799,3.8218834,0.4599666,-0.43936613,-0.6844337,-0.020448996,0.24053481,-0.43165153,1.3250375,-0.63149893,0.94167364,0.08229047,0.653489,0.49439156,0.060218252,0.1291691,-0.33131543,0.75916165,-0.7209686,-0.29271644,0.0659543,-0.001138581,-0.6030413,0.23394366,-0.661087,-0.098197356,0.2868545,-0.36012986,0.17760654,-0.051641487,-0.41133118,-0.43237293,0.003789117,-0.112867415,0.11848229,0.09177795,-0.19313397,0.1287409,0.044249073,-0.54906327,0.070080444,-0.5052071,-0.15536982,-0.41136926,-0.014214902,-0.37578595,-0.43731546,0.049357906,-0.17247537,-0.33330232,0.1792353,-0.45396554,0.11298438,0.076975234,0.27431646,0.13027778,0.14281681
27,1.997529,0.2495636,1.5977025,-0.24012795,-1.1285253,-1.2252547,0.8993181,0.4418589,-1.3779647,-0.44082856,1.7581019,2.0988464,-2.3390508,-0.33748466,0.35085663,-1.2440832,0.12491154,0.12293585,-1.8097192,-0.08554581,1.4677935,-0.017857525,0.20037138,-0.04680644,1.2793036,0.100775406,0.4599666,4.783034,1.3421683,-0.36020154,-0.80606663,-0.12744099,1.1825933,-0.3113655,0.85484934,-0.47393277,0.9174997,1.0586059,2.1319337,-0.06630023,-0.46209458,0.051723547,0.59648865,-0.43253487,-0.21439101,0.95192766,-0.488706,0.52298164,0.3125179,0.101120144,0.32642704,-1.0089321,-0.050998785,-1.1506903,0.46689665,0.20584796,-0.26437908,0.1722368,0.45211178,0.6202221,-0.074979395,-0.10927202,-0.2457602,0.22664544,-0.21598986,0.16700868,-0.3292615,0.08253449,0.16788444,-0.43831372,0.09527694,-0.06153707,0.015263664,0.24748799,-0.1217718,-0.16051866,-0.1976892,0.20894867,0.047462113,-0.020206425,0.26360893,0.44459242
28,0.29418278,-1.6798145,-2.2696524,0.54860234,-0.085834995,-0.8481798,1.506788,0.061893664,-0.8639798,-0.24412593,1.1192019,1.3552103,2.0507326,0.62395597,0.2129718,-0.39353687,-0.65789264,1.0479085,-0.3115793,1.1221724,-0.46865413,0.43996504,-1.4463699,1.7813613,1.2188873,-1.8161848,-0.43936613,1.3421683,7.5562973,2.6425369,0.06780096,-0.9462325,0.6983386,-1.0843743,0.84574753,-0.38541007,0.49048647,0.5277233,-0.2751791,0.058382045,0.18435821,-0.4294076,0.26423466,0.149016,0.9203353,0.9457522,-0.6101253,0.40657014,0.080129266,-0.43435255,-0.20737767,0.6495129,-0.16520405,-0.022922313,1.1886972,-0.46469477,0.83773196,-0.2621459,-0.37602416,-0.16726759,-0.3502971,-0.19781283,-0.3273901,0.43258744,-0.24920508,0.36091173,-0.22006783,0.016326822,-0.25095415,-0.42343128,-0.46994472,-0.083655804,0.19193693,-0.35188168,-0.5337616,0.14644882,0.109140575,-0.52637744,0.15855026,-0.26523402,0.43838602,-0.06264389
29,0.5600138,0.72803885,1.1275535,2.5782683,-2.811875,1.3926206,-2.3751955,3.236825,-2.0324259,0.5605072,1.5894817,-1.5293865,1.8456874,-0.0743445,-0.79447985,0.8425092,2.0394702,0.67821366,0.83142483,3.2207851,-1.3799587,3.2922416,-2.077751,0.565235,-0.9552275,-0.39470297,-0.6844337,-0.36020154,2.6425369,7.7979255,1.3185802,0.67109835,0.5167469,-0.9358722,-0.98247814,0.46793935,-0.55308384,-0.011449122,0.96963143,0.06841822,-0.1474849,0.3521707,0.7961334,0.1013902,-0.2774105,0.83096665,0.19843042,0.39934146,0.80662805,-0.04562456,-0.9780387,-0.059796914,-0.16413812,0.3382789,-0.005811468,0.5252749,-0.024420049,0.039778374,0.32975072,0.25175136,0.20074335,-0.13454339,-0.24044648,-0.095342934,0.2696319,0.30948538,0.3254905,-0.40451056,0.065859914,0.55659276,0.18123114,-0.14999464,0.13567595,-0.21644068,0.16853733,-0.36831158,-0.07479997,-0.025252156,0.12105077,-0.11481898,-0.13713527,-0.29101038
30,-2.2139206,-1.3487871,0.9950001,0.7588673,0.73170745,1.1397775,-0.3114616,-0.19347881,-0.6880528,-4.339094,-0.9374466,0.19028503,1.843096,1.4211037,-0.6312492,-0.9690833,0.44577444,-1.0113711,-0.33378553,1.6331646,2.175425,-1.2559626,1.6096725,0.32346013,-0.4146877,-0.7360201,-0.020448996,-0.80606663,0.06780096,1.3185802,6.589412,0.65167224,0.4764706,-0.26829183,0.29189688,1.9060485,0.08567168,0.39754564,-1.1206713,0.12958434,0.0002937396,-1.1409819,0.05230575,-0.32506853,-1.1442703,0.14749777,0.7113838,0.7474439,0.006433612,0.2782855,0.38422775,-0.22778222,0.29621983,-0.3189113,0.35074127,0.016144726,0.093169585,0.22414976,-0.4842801,-0.0975741,0.6722212,-0.13557358,0.047934156,-0.013158319,0.26791418,-0.30941978,-0.2669798,-0.11521002,-0.00072151667,0.2470097,0.53523874,-0.14575769,0.041652765,-0.07305738,0.5418682,-0.31026477,0.56040776,-0.33708382,0.4550219,-0.21880767,-0.1809713,-0.27837533
31,-1.6493988,2.886282,2.2658224,-1.4767976,-1.6173975,0.96813345,-0.47772008,-1.1113986,1.4613905,1.1823891,-0.77594006,0.107827485,0.7082752,1.8187492,-0.57526916,-0.31067264,1.3474053,-0.32693648,-0.5670508,0.95489216,0.5777105,-1.2771432,0.69536614,0.29997754,0.3708243,2.4471965,0.24053481,-0.12744099,-0.9462325,0.67109835,0.65167224,7.4629226,-0.40574598,-0.3376966,0.3923155,-0.53726566,0.23541245,-0.874331,-0.0338666,0.9324447,-0.42397982,0.18162452,0.7381432,-1.5173874,0.52270037,0.04824762,0.76718843,0.70213246,0.96795064,0.208036,-0.98058367,-0.27604508,0.46815377,0.33012682,-0.08188973,0.013553397,-0.012771891,0.6048584,0.72472656,0.37660563,-0.039281726,0.39208224,0.05481003,0.2768496,-0.11499673,0.59262717,0.353159,-0.05865538,-0.26473293,-0.38257775,0.24019428,0.024225697,0.13771044,-0.05366297,-0.49816063,0.18768853,-0.13427043,-0.08528135,-0.27753678,-0.20133635,-0.39995778,-0.17801824
32,-1.3201962,-1.4672413,1.3123889,3.220447,-2.0628803,-2.5469167,0.24948648,1.2319591,-0.681705,-2.0608196,2.8437734,-0.04041917,-0.27664727,1.2975991,1.7796361,0.044514507,0.20303328,-1.5881095,-1.2764678,0.5851009,0.9472157,-0.08303856,1.1346371,0.7419292,1.0507395,1.0549417,-0.43165153,1.1825933,0.6983386,0.5167469,0.4764706,-0.40574598,6.694422,-1.0463481,-0.3128354,-0.24994855,-0.24488327,0.9069631,-0.0368007,0.14508785,0.09216556,0.30929828,-0.20170683,0.21570472,-0.09297693,0.09425631,-1.2592777,-0.10904141,0.8978088,0.15813586,-0.08485916,-0.15308093,0.9580549,0.066192165,-0.9253309,-0.40070686,0.14673123,-0.77239215,-0.6139494,0.49992466,-0.050260566,0.17187288,1.0981281,-0.030920062,0.17150736,-0.15275028,-0.5588621,0.33783603,-0.28094912,-0.08979508,0.4233969,0.032116145,0.11779578,-0.28508753,0.24928418,-0.18454579,-0.3306434,-0.042679474,-0.27154452,-0.03282004,-0.18303499,-0.084527254
33,0.55850327,2.5538616,-0.5643472,-1.7550179,-3.0380077,0.8269307,-1.7309847,-0.4877274,-1.9535654,1.4271561,-2.3952594,2.1300814,1.7613564,-2.3238597,-0.68884045,1.915667,-1.147774,0.38289315,0.0037268153,0.47525457,0.9424784,0.7198034,-0.2718472,0.21536306,-0.23570988,0.65847635,1.3250375,-0.3113655,-1.0843743,-0.9358722,-0.26829183,-0.3376966,-1.0463481,4.6446385,-0.5989514,0.6068617,-0.4356944,0.4839819,0.44717306,0.74995077,0.061315946,0.16321334,0.5887211,0.9220798,-0.58246213,-1.2498586,-1.1569769,-0.31699777,0.038538948,-0.33294117,0.483113,-0.69031036,-0.17018704,0.21985725,-0.081518084,0.121591955,-0.058218464,-0.23157999,0.0078023537,-0.14775664,0.4102029,-0.0059911837,0.06843755,-0.057836384,0.15321562,0.35828274,-0.004751768,-0.42129195,0.3424217,-0.09757494,0.11527564,0.039354585,-0.07178743,-0.28612894,-0.32985204,-0.05211274,0.009920262,-0.17428164,0.17978172,-0.18341237,0.332106,0.10483368
34,0.65134686,-0.04412073,-2.0849018,-1.033354,0.34769976,0.57448626,2.2286158,-1.6535395,-0.43202296,-1.5756383,2.8184981,0.789631,-0.81091905,0.91094637,0.38245654,-0.7428093,-0.6259234,1.9769459,-0.8785887,-1.8668597,1.8767614,-0.77524304,0.46227157,0.028344728,-0.34915608,-1.4210229,-0.63149893,0.85484934,0.84574753,-0.98247814,0.29189688,0.3923155,-0.3128354,-0.5989514,3.4915247,0.0858387,0.73254764,-0.12944067,0.64026475,0.25120124,-0.8174727,0.17699815,0.13659823,0.10399708,0.4122712,-0.21730644,0.3671717,-0.25144246,0.30254504,-0.63003224,-0.6466124,0.1485532,-0.23736256,-0.38153905,-0.24048656,-0.6176209,0.43632394,0.025439914,0.043815807,-0.23798633,0.41464514,0.39399976,-0.27741218,-0.13263002,0.3625757,0.4967932,-0.16532777,-0.20135517,0.1463676,-0.37178728,-0.12453666,0.095707715,0.11702751,0.43982452,0.08986649,-0.07306585,0.30600533,-0.025098195,0.27993187,0.06710184,0.074476786,-0.21362405
35,-0.73414487,0.5688921,-0.34009242,-0.58435416,-0.6638974,1.0818119,-1.0150697,-0.6028608,-1.509999,-2.191008,-0.17536622,0.3662253,-0.17445341,-0.5991746,0.73923326,-0.037369806,-0.76784194,-1.0008289,0.26469123,0.9280399,0.98598313,-0.2313864,-0.38415003,-2.1035295,0.09305753,-0.24779418,0.94167364,-0.47393277,-0.38541007,0.46793935,1.9060485,-0.53726566,-0.24994855,0.6068617,0.0858387,4.7163377,-0.22613963,-0.5862107,-0.005762232,-0.24784371,0.38922924,-0.007387001,0.5720233,0.7104074,0.07713738,-0.023751453,0.12458111,0.038516693,-0.13192338,-0.528255,-0.14956,-0.60028374,0.111890376,0.21621898,0.30084115,-0.13678993,-0.40400425,-0.6197899,-0.029731698,0.38813978,-0.45891905,0.76059234,-0.59108347,0.2927902,-0.2437765,0.16415429,-0.32893467,0.1996172,0.28282434,-0.20160306,0.25240454,-0.030064095,-0.3560794,0.008323247,0.31121135,-0.20276222,0.2644158,0.22992478,0.13047796,0.19899918,0.16059113,-0.44735444
36,-1.6399574,0.03980468,1.2497134,1.4161663,-0.8224977,-1.5077491,-0.795115,-0.17010179,1.1141865,-1.8453395,-1.4817065,2.2908826,0.61194706,0.78669906,0.83155155,-0.27164346,-0.59060764,-0.76334995,-0.7005973,1.2799821,1.757402,0.5371244,-1.0832326,0.8032721,-0.61908185,0.37650397,0.08229047,0.9174997,0.49048647,-0.55308384,0.08567168,0.23541245,-0.24488327,-0.4356944,0.73254764,-0.22613963,3.8241212,0.14392596,-0.29219967,0.107269034,0.020863831,0.18822134,-0.9392073,-0.6738241,0.0583231,-0.016069524,0.03209913,-0.036775652,-0.1955027,-0.55643,0.23386899,-0.2632168,-0.33563873,0.024441857,-0.10765136,-0.18736029,0.032730896,0.64896053,0.19423935,-0.28066656,-0.23733595,0.2518978,0.46164745,-0.027533554,-0.73313683,0.06440423,-0.09903386,-0.39354992,0.27887654,0.11525856,0.034983136,-0.43222386,-0.021162085,0.43124408,0.08377333,-0.2653806,0.08434526,-0.13899767,-0.100309916,0.35581207,-0.05109765,0.0018776997
37,1.4616961,0.46092737,0.35129458,1.3623991,-0.5940598,-0.8890684,-1.282788,-1.270087,-1.5976436,-1.2347174,-1.300168,0.33594188,-0.21495664,-3.3604047,0.1421319,0.024507022,1.0371649,0.3162998,-0.5165353,-1.3749938,-0.018618613,-0.21003526,0.19969799,0.42618763,0.9383826,0.035616674,0.653489,1.0586059,0.5277233,-0.011449122,0.39754564,-0.874331,0.9069631,0.4839819,-0.12944067,-0.5862107,0.14392596,3.626402,-0.16516304,0.6717252,-0.4305244,-0.73608434,0.41739208,-0.11125986,0.15075672,0.5932679,-0.49215025,0.4386192,0.22812802,-0.16416433,-0.12489173,0.29522103,-0.18953618,0.13749197,0.13747045,0.044536367,0.28849643,0.63914454,-0.08836954,0.2956645,-0.011660444,0.08948378,0.14398701,-0.7615658,0.37101328,-0.006937961,-0.6511485,-0.25155604,0.5527085,0.33997446,0.15093696,0.19731271,-0.09871137,-0.3056453,0.19600226,-0.08701892,0.07017011,0.08027914,-0.08957951,-0.13022205,-0.12596872,0.22849971
38,2.3336487,3.7205217,3.6421666,-0.98434997,-4.363016,1.0549672,0.09394549,1.8017216,-2.150042,0.37620163,0.9530418,1.5858206,0.29948103,0.6029097,0.07281747,0.83147293,1.053521,0.58183664,-1.0867157,-0.48563144,0.48121786,-0.39095175,0.80789006,-0.15432693,-0.9469087,-0.74406266,0.49439156,2.1319337,-0.2751791,0.96963143,-1.1206713,-0.0338666,-0.0368007,0.44717306,0.64026475,-0.005762232,-0.29219967,-0.16516304,5.26752,-1.2971394,-0.27924585,0.79687166,0.35344815,-0.43690598,-0.45158035,0.6779231,-0.17642641,-0.16124524,-0.20354542,0.27305374,-0.47711477,-0.24483037,0.013976269,-0.3070084,-0.0589637,0.21158977,-0.65405947,-0.10342885,0.10845597,-0.5745564,-0.098303854,-0.45700485,-0.29376602,-0.10435677,0.18254036,0.11800614,-0.31846344,-0.20182157,0.28946102,0.18090452,-0.07145883,0.4225331,-0.13715893,-0.032896906,-0.21558201,-0.24795522,-0.10816218,0.055888116,-0.21830045,-0.13734847,0.049715172,-0.27017185
39,-0.15597466,0.23418815,-1.3336549,-1.3022223,1.8511429,-0.27185494,-0.53208566,-2.0136542,-0.519388,0.14561427,0.8340982,-0.35025114,-0.51311266,-0.35801917,0.503129,1.5635138,-0.49513543,0.33099058,0.2171436,0.23679817,-0.1703809,1.0088222,-0.533265,0.10275681,-0.21518074,0.49784398,0.060218252,-0.06630023,0.058382045,0.06841822,0.12958434,0.9324447,0.14508785,0.74995077,0.25120124,-0.24784371,0.107269034,0.6717252,-1.2971394,4.6011634,-1.5600005,0.5359112,0.17660704,-0.8990645,-0.54839575,-0.6788169,-0.6560027,0.32615006,-0.23100951,-0.45095932,0.27325863,0.0152753,0.6372374,-0.1270195,-0.09044102,-0.23668697,0.2799823,-0.32023978,1.254111,0.10493976,0.36134106,-0.22043493,-0.04622087,-0.46077013,0.5576611,0.11022714,0.05749076,0.40922934,0.09557457,-0.12431223,0.09827818,-0.11573554,0.13785827,-0.1661756,-0.119312644,-0.026259623,0.0397247,-0.20613384,0.15248665,0.05743298,0.019584535,-0.24553406
40,-0.26394928,-0.13804361,-0.616083,-0.16320527,-0.38233358,0.29340476,-0.07237298,0.2804377,-0.48785907,-0.012500298,-1.1377583,-0.15892842,1.1796837,0.3731156,-0.55237734,0.9812095,-0.8068019,-0.39083666,-0.27850938,-0.4082904,-0.47559622,-0.7971524,-0.9841102,0.78959024,-0.11312673,1.4994451,0.1291691,-0.46209458,0.18435821,-0.1474849,0.0002937396,-0.42397982,0.09216556,0.061315946,-0.8174727,0.38922924,0.020863831,-0.4305244,-0.27924585,-1.5600005,2.8354318,-0.25375468,0.0073555317,0.12831075,-0.5030399,0.36963364,-0.26870668,0.25460678,0.19173142,0.006124735,-0.18451129,-0.27475324,-0.24600017,-0.58674264,-0.03331342,0.46557647,0.29610974,-0.19960669,-0.22512162,0.12364651,-0.03872528,0.62934136,0.1516014,0.7759993,-0.170234,-0.53489214,-0.30031836,0.120768726,-0.0051034214,0.36610085,-0.5265676,0.16502392,0.058237255,0.15263417,-0.20428301,0.179387,0.11238317,-0.27855518,-0.0077370307,0.08190213,-0.04105032,0.09363157
41,0.41465867,1.6129804,0.39439398,-1.7623744,-2.6570768,0.113646865,0.6792619,1.6165409,-0.61567855,2.332546,1.5186896,1.237462,0.25435334,0.6076666,0.36980596,1.3688779,-1.3610523,-0.423114,-0.005030112,0.15103379,0.46763092,0.10587722,-0.22869581,-0.23553726,-1.6964917,-0.1433059,-0.33131543,0.051723547,-0.4294076,0.3521707,-1.1409819,0.18162452,0.30929828,0.16321334,0.17699815,-0.007387001,0.18822134,-0.73608434,0.79687166,0.5359112,-0.25375468,3.678861,-0.21752304,0.680321,0.19545636,-0.20018888,0.21357208,0.6695392,-0.22463425,-0.355982,0.4233904,-0.31554347,-0.29148138,0.7520448,-0.082166806,-0.028467508,0.12960331,0.36204153,-0.20342469,0.3466536,0.050612837,0.08469458,0.40990454,0.1395294,0.5039053,-0.18727821,0.22405383,-0.03621676,-0.3190953,0.0031548832,0.105157,-0.026164765,-0.13121194,-0.11226678,-0.2110275,-0.13388737,-0.08222801,0.2197153,0.06889579,-0.014681498,-0.100247666,0.042789213
42,2.3268847,-0.688635,0.123239964,-1.3226546,0.52052295,0.859419,0.6828954,0.11263195,-3.2009068,-0.605168,-1.064206,-0.45365188,0.22715873,-2.9840384,-0.36458677,-0.43351954,1.2363029,-1.0432754,-0.20838997,-1.2775164,-1.1208601,0.578158,0.25214103,0.4996071,0.27624643,0.113876686,0.75916165,0.59648865,0.26423466,0.7961334,0.05230575,0.7381432,-0.20170683,0.5887211,0.13659823,0.5720233,-0.9392073,0.41739208,0.35344815,0.17660704,0.0073555317,-0.21752304,3.2566159,0.19882658,-0.44921198,-0.1424385,0.06812185,0.13021892,0.591451,-0.39679986,-0.04752881,-0.23751375,-0.2632203,-0.005762008,0.19280374,-0.2069036,-0.1690003,0.07062548,0.21583489,0.32021335,-0.22138558,0.07606228,0.17521563,0.16753864,0.086399,0.41893306,-0.1958759,-0.15528889,-0.21199137,-0.6594249,-0.08788909,0.07449114,-0.21345103,0.2686298,0.16131729,0.06799278,-0.13009654,-0.32772154,-0.2325559,0.057309516,-0.03082483,0.030562865
