,0,1,2,3,4,5,6,7,8,9,10,11,12,13,14,15,16,17,18,19,20,21,22,23,24,25,26,27,28,29,30,31,32,33,34,35,36,37,38,39,40,41,42,43,44,45,46,47,48,49,50,51,52,53,54,55,56,57,58,59,60,61,62,63,64,65,66,67,68,69,70,71,72,73,74,75,76,77,78,79,80,81
0,462.44604,0.3351515,-19.059406,4.326936,-9.493422,0.15199566,-1.1421276,-5.2024655,-0.34704578,1.1918006,-2.9417477,-1.0408685,-0.3438198,5.398654,0.60300624,-0.99743986,0.19279358,-3.391572,0.006941703,0.560958,0.6894288,0.92891,1.0062133,0.6053251,0.019119503,-0.35719106,0.26159853,-0.6809697,-0.10135561,-0.17939726,0.7972065,0.57895935,0.43041235,-0.20981002,-0.2811014,0.26937053,0.6017479,-0.5217138,-0.82428694,0.016103508,0.0735461,-0.15231246,-0.80319905,0.010179104,-0.11810883,0.058095075,0.13884433,0.27513868,-0.40057403,-0.078990355,-0.20947841,-0.018043986,0.045407854,-0.07204296,-0.14759377,-0.13121344,-0.12423852,-0.093589246,-0.022217738,-0.043971024,0.10561633,0.0116583565,0.24813327,-0.047168463,-0.1443213,-0.01456846,0.14468126,0.030189436,-0.04154718,-0.043974865,-0.018571692,-0.10269497,0.04567408,-0.11377016,-0.12246234,-0.025924843,-0.044674072,0.12816933,0.023086034,0.16116056,-0.022847243,-0.1270952
1,0.3351515,126.29337,-3.166495,3.1015072,5.235022,-1.9362571,1.3081694,1.9709911,3.141918,-1.3894413,1.7521844,-1.6744869,-1.0638132,-1.0990632,-2.8500297,-0.42389023,-1.0809712,-0.9331327,-0.5503211,-0.4663855,-0.9845388,1.598613,-0.06771937,0.61567366,-0.584026,-0.38528752,-0.8953728,-0.03957327,0.5451764,-0.25332093,0.5610632,-1.0621223,0.47207507,-0.9541981,-0.051562436,-0.12713309,-0.017091691,-0.11923988,-1.3608334,-0.113745145,0.02622671,-0.59985155,0.25807735,-0.10230535,-0.7315393,0.055623725,0.05096954,-0.5871469,-0.37285647,0.17452359,0.06213676,-0.4709592,-0.08245453,-0.021669142,0.3782658,-0.30747104,0.20858657,0.23999527,-0.5484236,0.21330594,0.3769734,0.025599971,0.4342835,0.040705737,-0.3158697,0.041245215,-0.16174877,0.37041473,-0.016586024,-0.6008195,0.010837985,0.12047224,-0.1778202,0.17453697,-0.04572861,-0.073749855,0.046872705,0.00822763,0.068889275,-0.044435088,-0.031874187,0.031865336
2,-19.059406,-3.166495,45.430996,11.924555,-22.465137,-1.7191741,-3.915977,-11.370714,-1.5213504,3.4892926,-0.017510083,-4.7875624,-4.218702,2.1876194,-4.1211205,0.4489203,-2.937964,-1.0562134,0.5840805,-0.36194295,-0.44073015,1.8047819,1.3932216,0.6227205,0.44725475,-1.365702,0.57167625,-0.5030994,0.7905973,-0.34122097,-0.28295317,-0.815604,-0.5700737,0.14999941,0.5880929,0.18131903,-0.37425464,-0.12985593,-1.3026377,0.3537992,0.16046783,-0.16564846,0.007924639,-0.025440583,-0.78162813,0.05092933,0.51989126,0.064089574,-0.42507687,0.21396044,-0.48946235,0.09211312,-0.20797777,-0.18454698,-0.13731378,-0.4938348,0.39387125,-0.13299337,-0.32233787,0.2688974,0.36320323,-0.0072161397,-0.016014297,0.07828033,-0.13827853,0.13875782,-0.00039779907,0.05065407,0.07049746,-0.2466897,-0.38320053,0.08499409,-0.15506266,0.33453286,-0.18735507,0.053647704,-0.029855942,-0.062195316,0.20822495,-0.06823386,-0.03132283,0.12422009
3,4.326936,3.1015072,11.924555,54.245113,7.4599447,1.8327627,1.828644,-0.7220892,-1.7419999,2.774944,-0.3234004,1.4373603,0.46680072,1.1320872,1.7611423,0.7749199,0.5221088,-1.5977376,-0.5384103,-1.0082488,0.28733394,-1.2884421,0.039306466,-1.1501782,0.51571095,1.0988622,0.47039047,0.14511551,-0.20430323,-0.85538113,-0.19413108,0.5054699,-1.2498145,0.5694565,0.22171241,0.27046567,-0.43689018,-0.4861157,0.3318826,0.3483096,0.008889567,0.596067,0.51728255,0.07242693,-0.3777175,-0.5219002,-0.5444939,1.0177273,0.2015277,-0.18214124,0.26220578,0.43929738,-0.8129227,-0.43426305,-0.73019296,-0.14060545,0.5863939,-0.19509293,-0.41117522,-0.0953269,-0.25014746,-0.040328417,-0.82372904,0.037343465,0.34489205,0.29908773,0.29657337,-0.14110476,-0.20489618,0.055771135,-0.32577968,-0.07095954,-0.0567533,-0.025850091,0.01831511,0.24321851,0.13392785,0.057143573,0.2596555,-0.14817262,-0.06038136,-0.19769183
4,-9.493422,5.235022,-22.465137,7.4599447,34.928604,0.088383295,-3.923783,-4.062583,-4.1707525,1.4206667,-1.5236465,0.70632917,0.32845944,0.77257174,-0.24185625,0.38453713,0.30026668,0.10029939,1.0336124,1.6905605,2.3272588,-0.7442965,0.70144343,-0.26865482,0.44960544,-0.20718913,1.440114,0.33236173,0.034543607,0.95807284,-0.31610554,0.59169227,0.80537444,1.1148269,-0.006087291,0.18811971,0.25185728,0.19926679,1.5648415,-0.57131773,0.17943639,0.9453223,-0.21975467,-0.0070033297,0.82383525,0.080244794,0.13021213,-0.26551127,0.35440254,-0.25381434,0.0034095286,0.21057321,0.36171997,0.32176745,0.016187064,0.31850076,-0.39354718,0.29949617,0.23406217,0.110297225,-0.18890874,-0.2447276,0.3067186,0.32932973,0.13262472,-0.31903183,-0.06011282,-0.31848967,0.016860574,0.41373664,0.1511589,0.091377184,0.14857517,0.009223657,-0.09961143,0.06816702,-0.20395719,-0.12791684,-0.0253798,0.07440707,0.083588,-0.018159002
5,0.15199566,-1.9362571,-1.7191741,1.8327627,0.088383295,42.549587,-0.88693213,0.5067655,0.6205975,-0.45775497,0.97979057,0.2276306,-2.600904,-0.91293,-0.26619345,0.5367497,-2.147265,0.46370536,-0.07058704,0.8280009,-1.0781803,-0.53762114,0.35298717,-0.81479585,0.6910201,0.6291387,-0.8280579,0.3320485,0.2914269,-0.5765598,-0.46835017,-0.3342395,1.0642382,-0.23296073,0.031175941,-0.428058,0.41617376,0.3494376,-0.37383533,0.28169125,-0.019339552,-0.016689826,-0.3887165,-0.09452133,0.054200005,0.33274728,-0.45287478,0.3909006,-0.17935437,0.5173924,0.3836313,-0.2676207,-0.08107664,-0.034961425,0.1223604,-0.1526218,0.12058024,0.09530197,-0.27116168,-0.113243714,-0.24944341,-0.2297326,0.49320707,0.4347388,-0.059609268,0.23204249,-0.06505089,-0.11923005,0.266056,-0.23690455,0.23222926,0.025061656,-0.37478757,-0.07386609,0.04513246,-0.11741893,-0.01102089,-0.21789727,-0.17034596,0.007361076,-0.25460768,-0.063864246
6,-1.1421276,1.3081694,-3.915977,1.828644,-3.923783,-0.88693213,36.094143,-0.8802022,-0.06500062,0.08005287,-0.3042326,-0.8553823,-0.43436348,-2.0651493,-0.94136477,0.8380707,-0.13262796,1.069796,0.25873542,1.3437703,0.6361922,0.22838134,-0.44124025,-1.169242,0.47278097,0.9022139,0.6844595,-0.27088705,-0.52134097,0.9093189,0.17739788,0.16957241,-0.20604485,0.5764761,-0.9473869,0.40956855,0.365973,0.42565924,-0.026526397,0.05783335,-0.035950746,-0.26729923,-0.18080992,-0.33940876,-0.3100649,0.22555953,-0.16661441,-0.12541738,-0.0076153385,-0.10392703,0.033645514,-0.1491386,0.04907278,0.33445138,-0.2726557,0.017441647,0.32733476,-0.1439183,0.1271294,-0.09075756,-0.22595836,-0.29794395,-0.2004253,-0.036012046,-0.2287619,-0.081656374,0.17636016,-0.23551825,0.10658005,0.28104848,0.389117,-0.13284986,-0.08185824,-0.020458482,0.17590666,-0.12872776,0.0162226,-0.06423914,-0.2601474,0.21309352,-0.06492621,-0.20276539
7,-5.2024655,1.9709911,-11.370714,-0.7220892,-4.062583,0.5067655,-0.8802022,27.25784,-1.9495573,0.64360845,-2.321972,-1.7698611,0.47917762,2.3574164,2.60753,0.7292937,0.09715445,0.29412466,0.82559234,-1.1763424,-0.014268293,-1.2495723,0.38759995,0.36019978,1.3671187,-0.002070017,0.5362011,-0.088891685,-0.032868423,-1.0984452,0.13121861,0.3738426,-0.5353645,0.12417358,0.44323248,0.26406848,0.11435826,0.4496519,-0.654747,0.60755324,-0.15115395,-0.59151304,0.0072449143,-0.12083375,-0.19707794,-0.014701103,-0.09158471,0.37927663,-0.1299395,-0.115663245,-0.22494656,0.10002374,-0.17135566,-0.3075537,-0.25127834,-0.28161216,0.3638249,-0.28507113,-0.04872187,0.16081214,-0.16309218,0.1594199,-0.5264901,-0.2639097,-0.00150416,0.2620322,0.15915644,0.00293119,0.040602602,-0.03471907,-0.03423699,0.0109258,-0.050342478,-0.02050405,0.013952919,0.025365643,0.10705412,0.07533562,-0.100932345,0.010408779,-0.062302962,-0.10197929
8,-0.34704578,3.141918,-1.5213504,-1.7419999,-4.1707525,0.6205975,-0.06500062,-1.9495573,25.802189,-0.5452969,-1.774456,0.67763674,1.3177989,-0.1644682,2.1676402,0.5450353,0.8518882,-0.4196881,0.62256,-0.79197836,0.09362182,-0.14259632,0.039830495,0.08260417,0.6072588,0.14407498,0.5583328,0.44176745,0.28148967,0.66153085,0.20614259,-0.5175576,0.3236954,0.71789694,0.28876406,0.51188403,-0.46417838,0.59001946,0.75115013,0.2967992,0.22401375,0.22127008,1.082012,0.33245337,0.020476377,-0.19597179,-0.061315697,0.40562326,0.5750083,0.08424544,0.088419646,0.107036464,-0.076854765,-0.304731,-0.27623987,0.034645103,-0.031875767,-0.07510122,0.09957716,0.23920953,-0.34112716,-0.13513362,-0.12877133,0.14898893,0.36761475,-0.098697156,-0.064214244,-0.3330396,0.036911495,0.027654314,0.008030474,0.22602937,-0.0107847545,0.23216403,0.07574834,0.10708885,0.06890104,-0.17102155,0.17066547,-0.07462672,0.05698342,-0.09062791
9,1.1918006,-1.3894413,3.4892926,2.774944,1.4206667,-0.45775497,0.08005287,0.64360845,-0.5452969,23.069166,0.6716885,-0.59580946,1.4376872,-0.7150257,0.8673317,0.1457895,-0.3648057,1.7172551,0.16025606,-0.17488366,-0.0065627657,-0.821391,0.07352397,0.37634414,0.05304794,-0.5352186,0.2515573,0.16185078,0.07363331,-0.19661444,1.5490239,-0.4235881,0.71230245,-0.5137787,0.5361527,0.7984563,0.65034044,0.44476825,-0.14705196,-0.06161813,-0.0034226165,-0.8353344,0.22328123,-0.04710663,-0.3470984,0.0041280705,0.5307188,-0.08206398,0.19793433,0.023907978,-0.23925425,-0.28463227,0.52974075,0.004887049,-0.068088725,-0.287974,-0.46373928,0.024770156,0.21911716,-0.11120421,-0.2629326,-0.062111586,0.5136435,-0.14398292,-0.36583084,-0.32743973,-0.45603135,0.01833516,0.006498719,-0.19384526,0.28527382,0.08888978,-0.027100898,0.38121256,-0.07508385,-0.04322505,0.07577698,-0.033824533,0.25910935,0.1276088,0.11425871,-0.31669998
10,-2.9417477,1.7521844,-0.017510083,-0.3234004,-1.5236465,0.97979057,-0.3042326,-2.321972,-1.774456,0.6716885,15.259599,1.6045909,2.9016302,1.1479692,1.6615312,-0.93553936,1.5098879,-3.0976925,0.5903388,-0.9100766,-0.06927304,0.6399784,0.12650274,1.1878164,0.06162771,-0.009017645,0.30630153,-0.6336485,-0.39765906,-0.5732136,0.3094421,0.27480358,-0.9855835,0.8577915,-0.9585135,0.05016555,0.5077768,0.46129334,-0.3381793,-0.26551878,0.41315556,-0.53555477,0.36463323,0.08830649,0.28502798,-0.15212753,-0.076776266,0.26423368,-0.3475572,0.19469216,0.43871847,-0.08458005,0.023592807,0.24171712,0.70988005,-0.12550159,-0.022405237,0.0049156835,0.13280083,-0.035020217,-0.20847413,-0.0816355,-0.14787465,-0.06951673,-0.1718362,-0.07050213,0.12945375,-0.1231146,0.03842153,0.10004845,0.100787595,0.20968339,0.07401067,0.02105719,0.055630773,-0.09856984,0.1840952,-0.13230468,-0.26102012,-0.017126765,-0.1769724,0.116247624
11,-1.0408685,-1.6744869,-4.7875624,1.4373603,0.70632917,0.2276306,-0.8553823,-1.7698611,0.67763674,-0.59580946,1.6045909,16.055405,0.12894699,0.48318964,0.37958044,1.2090559,0.32412925,1.5391443,1.0621052,-0.4658453,-1.7637758,-0.3172106,0.23097606,0.84667784,0.17005326,0.041351415,-0.059764728,-0.6762509,-0.47587132,0.598704,-0.012881315,-0.047335543,-0.09714608,-0.7926971,-0.4277494,-0.08971415,-0.733029,-0.13612993,-0.5643782,0.0036030784,0.0009039347,-0.4587453,0.21487504,-0.5039053,-0.5550377,0.25603497,0.3409937,-0.46284997,-0.13216408,-0.13718891,-0.18611783,-0.16176397,-0.31352144,-0.002886686,-0.5401836,0.22513627,0.0020625135,-0.03937322,-0.10233553,0.1128864,0.07249589,0.08692089,0.03659722,-0.20312935,-0.10376174,0.121498406,0.027068758,0.2862323,-0.01742822,-0.19165713,0.1065219,-0.009260567,-0.18783347,0.014973829,0.16135389,0.006997561,-0.031652965,0.2684309,-0.14613782,-0.054118402,0.08665561,-0.21266982
12,-0.3438198,-1.0638132,-4.218702,0.46680072,0.32845944,-2.600904,-0.43436348,0.47917762,1.3177989,1.4376872,2.9016302,0.12894699,12.894261,-0.88891613,-2.259357,-1.4608096,-0.985176,-1.0378222,-0.9655721,0.106032774,-0.35916725,0.4349938,0.91664135,-2.0490496,0.49859035,0.1233072,-0.6166527,0.74732476,-0.7223138,-0.6991143,-0.74114275,-0.23790051,0.19137469,-0.5665344,0.44849586,0.0065223947,-0.26533782,0.0696211,-0.10029034,0.29372835,-0.36359546,-0.07430924,-0.12916344,0.10983971,0.2630512,0.4918822,-0.15420035,0.43155086,0.21104428,0.09618169,0.10896954,-0.044679254,-0.159906,-0.38537353,-0.302549,0.451733,-0.010890639,-0.09480071,0.3001511,0.10557021,-0.06490937,-0.0023598229,-0.026281428,0.020863451,0.083151914,0.1735115,0.016144486,0.08393489,-0.019461764,-0.12711483,-0.17548667,-0.28962162,-0.13755348,-0.051869795,0.1689623,-0.064278394,0.11900279,0.07704981,-0.10282962,0.0877531,-0.08389056,0.0042064097
13,5.398654,-1.0990632,2.1876194,1.1320872,0.77257174,-0.91293,-2.0651493,2.3574164,-0.1644682,-0.7150257,1.1479692,0.48318964,-0.88891613,10.887678,-2.974969,0.3837654,-0.29361403,1.9484884,0.5105194,-0.12906352,-0.29571727,0.34972757,-0.54964966,-1.0214779,0.53614366,0.5191282,0.5806301,0.1317756,-0.20625725,0.04746896,-0.4996857,-0.63086724,-0.481657,0.82005394,-0.3519323,0.20805007,-0.2509925,1.1663017,-0.20213966,0.09467443,-0.14212173,-0.21140705,1.0686586,-0.18201064,0.3658357,-0.3054752,0.012510208,-0.33082587,0.39948922,-0.019513026,0.24288967,0.15630133,0.22581738,0.659786,0.1608561,-0.08715218,0.21315679,0.23384266,-0.16087009,0.17303514,-0.097689725,-0.13468353,-0.08023552,0.052808933,-0.33730596,0.054824866,-0.23749954,-0.11273657,0.13487887,0.06348048,0.1537624,0.1278258,0.012756404,0.18124583,0.1678381,0.030489124,0.12758997,-0.22555463,-0.05594127,-0.07660267,-0.051730037,0.19905125
14,0.60300624,-2.8500297,-4.1211205,1.7611423,-0.24185625,-0.26619345,-0.94136477,2.60753,2.1676402,0.8673317,1.6615312,0.37958044,-2.259357,-2.974969,9.48017,-0.35969293,-0.39946374,-0.8383652,-0.35421517,0.35854775,-0.09417091,0.9772718,0.2074511,-0.12943202,-0.7029897,-0.16625875,-0.10557595,-0.09812286,-0.059634104,0.31152433,0.25105914,0.20457017,-0.674435,0.22242415,-0.21970016,-0.23829421,-0.2545538,-0.060230933,-0.02513807,-0.24573977,0.16554956,-0.1308296,0.15899053,-0.24419013,-0.27995098,0.09149067,-0.50285524,-0.15776068,0.046389997,-0.0325185,0.05719491,-0.05921337,-0.049369603,-0.021608623,0.039373506,0.06423465,0.051710695,0.5462599,0.039176628,-0.09705587,0.1894008,-0.30498797,-0.017135981,0.12817901,-0.044386882,-0.25183988,-0.21893364,0.0091000665,-0.2087965,-0.002150998,-0.034147665,0.032031145,0.2135331,0.17790908,-0.11614281,0.1774865,0.43958104,-0.018263903,0.17739809,0.04395148,-0.10652004,-0.049498644
15,-0.99743986,-0.42389023,0.4489203,0.7749199,0.38453713,0.5367497,0.8380707,0.7292937,0.5450353,0.1457895,-0.93553936,1.2090559,-1.4608096,0.3837654,-0.35969293,11.375887,1.4154298,-1.9152291,-0.72672474,-0.45580912,0.5173403,1.0364051,0.7443152,-0.6234498,0.60757864,-0.48496413,-0.32865256,0.41682673,0.1483194,-0.3112533,0.27430087,0.13918734,0.014050297,-0.6414465,0.3475116,-0.050823674,0.09054606,-0.036053974,-0.26733083,-0.50362706,-0.31755108,-0.4679771,0.12897708,0.6266148,0.7713962,0.3179825,0.47219706,-0.043927584,-0.06467472,-0.047932304,0.05895494,0.24940315,0.17872351,-0.061127298,0.25300997,0.022663694,-0.19371167,-0.030900363,0.20562592,0.0008076783,0.3699495,-0.12257521,-0.08165294,0.032303117,-0.14625004,-0.035318702,0.045492116,-0.1501418,0.016579093,-0.22212625,0.05655534,-0.15363799,0.11609179,0.08370943,0.1388441,0.05741551,-0.03695139,-0.09167094,-0.026131721,0.012962449,-0.017124016,0.15330838
16,0.19279358,-1.0809712,-2.937964,0.5221088,0.30026668,-2.147265,-0.13262796,0.09715445,0.8518882,-0.3648057,1.5098879,0.32412925,-0.985176,-0.29361403,-0.39946374,1.4154298,10.568013,1.7842718,-0.43771675,0.470233,-0.3232474,-0.21596098,-0.28710413,-0.065249436,-0.35427308,-0.28808838,-0.61015797,-0.046349958,0.23036718,-0.7255385,-0.15617172,-0.47947082,-0.06516661,0.40400195,0.22308168,0.2783641,0.20089594,-0.3598875,-0.376302,0.1818907,0.28462076,0.47874576,-0.43847328,0.089866236,-0.22368306,-0.35593593,-0.21360534,0.60483646,-0.1097779,0.33071128,0.2080348,-0.29478216,0.07139947,0.02227113,0.11274613,-0.09702636,0.11870833,-0.14224474,-0.16884886,-0.099321455,-0.39841568,0.2034407,0.15994453,0.24333066,0.042910255,0.05879976,0.12534934,0.03367061,0.123023994,-0.049720667,0.0040129237,0.09063592,-0.2368747,0.10944522,-0.054068163,-0.06692651,-0.049043924,-0.109178014,0.21481277,-0.015100767,-0.038152426,0.039580867
17,-3.391572,-0.9331327,-1.0562134,-1.5977376,0.10029939,0.46370536,1.069796,0.29412466,-0.4196881,1.7172551,-3.0976925,1.5391443,-1.0378222,1.9484884,-0.8383652,-1.9152291,1.7842718,6.866026,-1.1591445,0.40474093,0.13328485,1.5707084,1.2004924,-0.33591074,-0.3938038,0.458484,0.20303436,-0.036063753,-0.38968223,-0.2530073,0.3883094,0.0913337,0.57052433,-0.1511977,-0.701969,0.38531053,0.24599873,-0.07662294,-0.2308347,-0.10422496,0.13353613,0.13625678,0.36217153,-0.148999,-0.13506523,0.12312121,-0.2271782,0.08113368,0.1539334,-0.16311485,0.43985176,0.08635631,-0.24545562,0.05857157,-0.09372513,-0.1056737,0.059717666,0.027566735,-0.1450402,-0.10271432,-0.103382856,-0.03375306,0.26482022,-0.09947498,0.017712308,0.059778687,-0.05671428,0.12074805,0.040266246,-0.17653406,-0.17377663,0.055092055,0.03507401,-0.044331055,-0.04068619,0.083653346,0.05392924,0.12362196,0.13088533,-0.05109027,0.0067992155,-0.0122194085
18,0.006941703,-0.5503211,0.5840805,-0.5384103,1.0336124,-0.07058704,0.25873542,0.82559234,0.62256,0.16025606,0.5903388,1.0621052,-0.9655721,0.5105194,-0.35421517,-0.72672474,-0.43771675,-1.1591445,9.5174675,-0.0022516856,0.79370075,1.1330731,0.4255741,-0.34839645,-0.5825784,0.42141974,-0.053893983,0.64111173,0.1271471,-0.2729919,0.09945544,0.21875975,0.42554474,0.006171215,0.28977126,-0.1154373,0.2809907,0.15087745,0.40458357,-0.1079808,0.09017454,0.0069399024,0.08646845,-0.20127954,-0.45053884,0.19455189,0.27506626,0.12284073,0.04723212,0.082372084,-0.20566356,-0.06877129,-0.065937206,-0.2471166,0.07742584,-0.23536769,0.35170516,-0.104413375,-0.100520104,-0.06353416,-0.096387535,0.1091496,-0.016372032,-0.10066863,0.16802916,0.04659559,-0.15612455,0.01787347,0.18440276,0.051698517,-0.05212887,-0.08889748,-0.14699975,0.048513614,-0.045893237,0.054691188,-0.26193333,-0.11303279,-0.015399396,-0.023312999,0.03485433,0.05011455
19,0.560958,-0.4663855,-0.36194295,-1.0082488,1.6905605,0.8280009,1.3437703,-1.1763424,-0.79197836,-0.17488366,-0.9100766,-0.4658453,0.106032774,-0.12906352,0.35854775,-0.45580912,0.470233,0.40474093,-0.0022516856,6.4777427,-0.35512692,0.102737814,0.1418894,0.9411016,0.037033714,-0.19913232,-0.32376117,-0.0034343405,-0.3619472,-1.1555989,-0.6368128,-0.3127346,-0.14350359,-0.12742946,0.73936176,-0.38604537,-0.4712085,0.46715593,0.19734234,-0.03090205,0.17506954,-0.021023065,0.42747784,0.5423199,0.017095037,-0.19781868,0.22552998,0.27562374,-0.04733299,-0.12657158,-0.3493635,0.021270324,-0.060127094,-0.13781758,-0.32706827,-0.014427291,0.35567504,0.36155832,-0.05425884,0.42734945,0.33993316,-0.18805,-0.07337681,0.043574817,-0.059870802,-0.1569322,-0.08364183,-0.013968252,-0.04880956,0.023613932,-0.08960663,0.30224717,-0.022086583,0.14912152,0.06565522,-0.079644114,0.052470766,0.024704074,-0.16958524,0.14837629,0.032132152,-0.091770984
20,0.6894288,-0.9845388,-0.44073015,0.28733394,2.3272588,-1.0781803,0.6361922,-0.014268293,0.09362182,-0.0065627657,-0.06927304,-1.7637758,-0.35916725,-0.29571727,-0.09417091,0.5173403,-0.3232474,0.13328485,0.79370075,-0.35512692,6.802711,0.18839264,0.37958091,1.0065061,0.36609638,-0.2003426,-0.76576006,-0.57972205,0.22396363,0.45915896,-0.8628286,-0.16777234,-0.23198643,-0.26924872,-0.54597485,-0.44168738,-0.6470884,-0.020777252,-0.12883633,0.13320565,0.21129929,-0.11510911,0.36147016,0.33303866,-0.27360713,0.31278366,0.0012625735,0.37624988,-0.1406939,0.1956088,0.07504057,-0.0061506536,-0.058905113,-0.010357607,-0.04668671,-0.07359485,-0.3638284,0.052924342,0.054623812,-0.18219468,-0.2329909,-0.11900078,0.078083016,-0.03582168,-0.11376673,0.24237536,-0.09481551,0.040372744,0.23222393,0.03572022,0.033217825,-0.07528436,-0.09889321,-0.07492028,-0.111977756,0.17452928,-0.08225342,0.026552754,0.06567251,-0.18878996,-0.13262747,-0.008066454
21,0.92891,1.598613,1.8047819,-1.2884421,-0.7442965,-0.53762114,0.22838134,-1.2495723,-0.14259632,-0.821391,0.6399784,-0.3172106,0.4349938,0.34972757,0.9772718,1.0364051,-0.21596098,1.5707084,1.1330731,0.102737814,0.18839264,4.4006033,0.5952288,-0.51874745,0.9359702,-0.032343723,0.77384937,-0.015876215,-0.15055358,-1.1827632,0.40305132,0.458824,0.07260691,-0.23049095,0.3351242,0.043971326,-0.21299705,0.069300696,0.14730766,-0.3113907,0.3057853,-0.024765475,-0.22384295,-0.33033794,0.0017566546,0.8550497,-0.24972692,0.043762095,0.1555329,-0.3095639,0.3937857,0.13868698,-0.1766356,0.12343714,0.16418885,-0.023304068,-0.032223985,0.1459535,0.015489363,-0.122802615,0.099072054,-0.14649683,0.26403344,0.06877247,0.103791334,-0.080372125,0.013890968,-0.033574395,-0.2316162,0.08610688,-0.18018562,-0.07103164,-0.045822103,-0.025194976,0.032268,0.0061959354,0.027509931,-0.048833977,0.10112196,-0.080161296,-0.07232079,0.08546907
22,1.0062133,-0.06771937,1.3932216,0.039306466,0.70144343,0.35298717,-0.44124025,0.38759995,0.039830495,0.07352397,0.12650274,0.23097606,0.91664135,-0.54964966,0.2074511,0.7443152,-0.28710413,1.2004924,0.4255741,0.1418894,0.37958091,0.5952288,6.331056,-0.12367961,-0.44024664,0.38490403,0.25413805,-0.06952739,0.47209007,0.71020126,-0.51672304,-0.28129178,-0.3900218,0.07242125,-0.16279002,0.19759369,0.33916342,-0.011883451,-0.32851112,0.21237794,0.3398714,0.05338665,-0.1018931,0.08533796,0.091284186,-0.044069663,-0.20011735,-0.1875228,-0.09235598,-0.18116224,-0.41320258,-0.07104761,-0.03081388,-0.0478505,0.01908867,-0.002018219,-7.4236654e-05,-0.027013984,0.095476046,0.283176,0.08620106,0.1892535,-0.16048273,0.17220753,-0.10314731,-0.13393205,0.15728554,-0.17440686,-0.082293555,-0.025897708,-0.09211402,0.03481003,0.08051357,0.013796182,-0.1120846,0.034369387,-0.07036595,-0.14841263,0.016615126,0.2465159,-0.04500562,0.051786367
23,0.6053251,0.61567366,0.6227205,-1.1501782,-0.26865482,-0.81479585,-1.169242,0.36019978,0.08260417,0.37634414,1.1878164,0.84667784,-2.0490496,-1.0214779,-0.12943202,-0.6234498,-0.065249436,-0.33591074,-0.34839645,0.9411016,1.0065061,-0.51874745,-0.12367961,4.30637,0.7708559,0.9546293,0.34178528,0.038848713,-0.64616704,-0.20152083,-0.08011602,-0.12748373,-0.27674416,-0.09817137,-0.041428857,0.77771425,-0.29162365,-0.123849094,0.03126979,-0.04488013,-0.2899316,0.07074133,-0.17107981,0.39044958,-0.0026599462,0.30976766,0.25181243,0.10836677,-0.3361219,-0.08975661,-0.27416334,0.26429078,0.10119287,0.2376568,0.18195054,-0.15513527,0.21407309,-0.19187279,0.0878236,0.0749724,-0.012492985,-0.08177549,-0.17702398,-0.015326221,0.050595637,-0.050972953,0.09888601,-0.050596938,0.020956658,0.033440318,-0.049607135,0.15849304,0.021391556,0.025140338,-0.03781847,-0.064036086,-0.08853621,0.06850999,0.1034719,-0.03802363,-0.08038379,-0.121099584
24,0.019119503,-0.584026,0.44725475,0.51571095,0.44960544,0.6910201,0.47278097,1.3671187,0.6072588,0.05304794,0.06162771,0.17005326,0.49859035,0.53614366,-0.7029897,0.60757864,-0.35427308,-0.3938038,-0.5825784,0.037033714,0.36609638,0.9359702,-0.44024664,0.7708559,5.1778693,-0.49637538,-0.01760484,-0.46163622,-0.4737716,0.2909285,0.12270619,-0.14842734,-0.32859856,0.09148714,0.21093968,-0.048764654,0.16659182,-0.30367434,0.31358612,0.1561786,0.07482647,0.58623135,-0.13104762,-0.5482424,-0.15954976,-0.12372106,0.2934376,-0.019123707,-0.13801871,-0.19350103,-0.058793988,-0.112604275,-0.1380301,0.059682146,0.022383384,-0.079237476,0.040161476,0.16102237,-0.096198305,-0.11619969,0.23510037,0.05698032,0.08946753,-0.024040056,0.11606598,-0.07579573,-0.1026877,0.011612797,-0.10942198,0.030833675,-0.020976108,-0.065120205,-0.09154476,0.060569346,0.0065082917,-0.022304425,-0.0612616,-0.05865758,-0.002430337,0.018030638,0.077308744,0.015831605
25,-0.35719106,-0.38528752,-1.365702,1.0988622,-0.20718913,0.6291387,0.9022139,-0.002070017,0.14407498,-0.5352186,-0.009017645,0.041351415,0.1233072,0.5191282,-0.16625875,-0.48496413,-0.28808838,0.458484,0.42141974,-0.19913232,-0.2003426,-0.032343723,0.38490403,0.9546293,-0.49637538,4.770934,-0.3337742,-0.008304714,0.6310413,0.15721485,0.29352635,-0.871828,-0.4116453,-0.25155973,0.4505617,0.116400875,-0.11542824,-0.007963673,0.25155622,-0.21238023,-0.5483151,0.037439633,-0.024021734,0.24169554,0.34627238,-0.0348718,-0.21282938,0.23269749,0.050008647,-0.11495555,0.16796723,0.119902715,0.13155198,0.14580667,0.32912683,-0.060641915,-0.17215921,0.038140014,0.0711249,-0.34735507,-0.108096555,-0.083875895,-0.06152568,-0.23075569,0.058788825,0.04169707,0.17828709,2.527573e-05,-0.078804485,-0.045420848,0.00458269,-0.05844476,-0.072313055,0.013666898,0.11435115,-0.09413639,0.124161966,0.155503,0.06889375,0.12326029,0.11641142,0.044497237
26,0.26159853,-0.8953728,0.57167625,0.47039047,1.440114,-0.8280579,0.6844595,0.5362011,0.5583328,0.2515573,0.30630153,-0.059764728,-0.6166527,0.5806301,-0.10557595,-0.32865256,-0.61015797,0.20303436,-0.053893983,-0.32376117,-0.76576006,0.77384937,0.25413805,0.34178528,-0.01760484,-0.3337742,5.4366384,-0.18432286,0.15723938,0.21816832,-0.013610398,-0.084793046,0.19956483,-0.4526775,0.2763403,-0.3489604,-0.058605127,-0.21998146,-0.17417891,0.02329272,-0.027431361,0.12587707,-0.28920418,0.27847973,0.1286061,0.0024700724,0.030888865,0.17366377,-0.06727393,0.24518782,0.0492316,-0.09838906,0.12208155,-0.08258237,0.040168423,0.14557326,0.13691667,0.03051328,0.041286573,-0.007942453,-0.015182601,0.056811213,-0.03955897,0.009059574,0.20499456,-0.026150368,0.15811783,0.035751868,0.13728625,0.014326014,0.13647383,0.13196525,-0.0045489427,0.05637549,0.1232149,-0.05584862,0.14472324,-0.055114534,-0.029282726,-0.11299993,-0.042305984,-0.027500413
27,-0.6809697,-0.03957327,-0.5030994,0.14511551,0.33236173,0.3320485,-0.27088705,-0.088891685,0.44176745,0.16185078,-0.6336485,-0.6762509,0.74732476,0.1317756,-0.09812286,0.41682673,-0.046349958,-0.036063753,0.64111173,-0.0034343405,-0.57972205,-0.015876215,-0.06952739,0.038848713,-0.46163622,-0.008304714,-0.18432286,4.78353,-0.47219294,0.11082946,0.256216,0.048459403,-0.3934118,0.12665012,-0.25447577,0.14248794,-0.34105727,-0.37474674,-0.7500504,0.060828835,0.18279147,-0.009222086,-0.22373009,0.17103261,0.08946096,-0.30750185,0.19544375,-0.20936166,-0.11175179,-0.03449129,-0.10667069,0.36185277,0.012589555,0.39052945,-0.14129439,-0.07445392,0.085157044,-0.039168414,-0.16342112,-0.20527485,0.03913754,0.033326335,0.09472896,-0.063974276,0.08702779,-0.056435518,0.10617371,-0.039387733,-0.06107615,0.15976477,-0.02768115,-0.0080167465,0.004926385,-0.08619018,0.04991497,0.061529182,0.06128411,-0.08220591,-0.020107724,-0.012159383,-0.09360416,-0.14275804
28,-0.10135561,0.5451764,0.7905973,-0.20430323,0.034543607,0.2914269,-0.52134097,-0.032868423,0.28148967,0.07363331,-0.39765906,-0.47587132,-0.7223138,-0.20625725,-0.059634104,0.1483194,0.23036718,-0.38968223,0.1271471,-0.3619472,0.22396363,-0.15055358,0.47209007,-0.64616704,-0.4737716,0.6310413,0.15723938,-0.47219294,3.344762,-0.9365103,0.002730159,0.32859707,-0.23816231,0.37713936,-0.30547813,0.15845548,-0.1865927,-0.16882561,0.08904602,-0.017274154,-0.06949693,0.14958727,-0.09571113,-0.051241234,-0.30794424,-0.35180378,0.2128067,-0.1476857,-0.009610048,0.16704258,0.068905436,-0.23096508,0.059732035,0.009597456,-0.43433344,0.17078945,-0.3058157,0.095342696,0.1353521,0.080700316,0.11461053,0.067063205,0.11453919,-0.15219481,0.09195073,-0.13184053,0.076380305,-0.008873533,0.08226885,0.14670861,0.1673729,0.045678288,-0.06818475,0.114571035,0.18041217,-0.05057303,-0.042956877,0.18300514,-0.054913882,0.111543454,-0.1499867,0.029363345
29,-0.17939726,-0.25332093,-0.34122097,-0.85538113,0.95807284,-0.5765598,0.9093189,-1.0984452,0.66153085,-0.19661444,-0.5732136,0.598704,-0.6991143,0.04746896,0.31152433,-0.3112533,-0.7255385,-0.2530073,-0.2729919,-1.1555989,0.45915896,-1.1827632,0.71020126,-0.20152083,0.2909285,0.15721485,0.21816832,0.11082946,-0.9365103,3.0561607,-0.4755068,-0.24085172,-0.15049583,0.3388963,0.386943,-0.17213577,0.1700336,0.017329015,-0.3468141,0.01041116,0.06529913,-0.11974016,-0.29727548,-0.016978318,0.11727846,-0.27863988,-0.048274823,-0.17219585,-0.26705408,0.030368436,0.35504833,0.022631478,0.05494319,-0.13276663,0.014098395,-0.18333094,-0.0005571733,0.00718378,-0.11421947,-0.06286721,-0.059336647,0.03791354,0.0872626,0.05103769,-0.087659776,-0.11149618,-0.12913565,0.12678017,-0.030381106,-0.19328131,-0.06252623,0.039567634,-0.03784965,0.070984766,-0.057053626,0.13505685,0.013911728,-0.001903097,-0.043863244,0.03183978,0.053305276,0.12065785
30,0.7972065,0.5610632,-0.28295317,-0.19413108,-0.31610554,-0.46835017,0.17739788,0.13121861,0.20614259,1.5490239,0.3094421,-0.012881315,-0.74114275,-0.4996857,0.25105914,0.27430087,-0.15617172,0.3883094,0.09945544,-0.6368128,-0.8628286,0.40305132,-0.51672304,-0.08011602,0.12270619,0.29352635,-0.013610398,0.256216,0.002730159,-0.4755068,3.3296793,-0.21477413,-0.12920271,0.12625512,-0.05662126,-0.7121756,-0.037802108,-0.15609047,0.4139371,-0.016178671,0.01652171,0.42134476,-0.031195424,0.12878016,0.40654537,-0.009855221,-0.22136061,-0.28302345,-0.019981897,-0.11249986,-0.12166585,0.08782484,-0.108986706,0.09481356,-0.08627781,-0.01578638,-0.045122206,-0.052585058,0.16642481,0.048818678,-0.21591403,0.0463655,-0.00645342,0.026063744,-0.08659653,0.11459406,0.078137614,0.034369316,0.0026275557,-0.06798881,-0.17950198,0.016816948,-0.0036230376,0.034739662,-0.17478333,0.11513187,-0.2047702,0.10880275,-0.16618113,0.047860794,0.056325883,0.10843971
31,0.57895935,-1.0621223,-0.815604,0.5054699,0.59169227,-0.3342395,0.16957241,0.3738426,-0.5175576,-0.4235881,0.27480358,-0.047335543,-0.23790051,-0.63086724,0.20457017,0.13918734,-0.47947082,0.0913337,0.21875975,-0.3127346,-0.16777234,0.458824,-0.28129178,-0.12748373,-0.14842734,-0.871828,-0.084793046,0.048459403,0.32859707,-0.24085172,-0.21477413,2.7584882,0.14579538,0.109820746,-0.14804405,0.2080487,-0.090980425,0.32270753,0.0016799367,-0.32918632,0.14353412,-0.068443894,-0.260184,0.53448904,-0.17363298,-0.029654168,-0.27782646,-0.25206792,-0.3252351,-0.062315397,0.34313145,0.09501316,-0.16425651,-0.114522666,0.014426395,-0.00047568243,0.003148863,-0.21657453,-0.2514813,-0.12412758,0.006914741,-0.14337222,-0.022637881,-0.1009974,0.04130646,-0.2129376,-0.12299685,0.016301803,0.088856824,0.12920019,-0.08922857,0.0043071853,-0.050555907,0.011981633,0.16963816,-0.06745638,0.044877887,0.03099507,0.10002652,0.08301385,0.14733653,0.065381005
32,0.43041235,0.47207507,-0.5700737,-1.2498145,0.80537444,1.0642382,-0.20604485,-0.5353645,0.3236954,0.71230245,-0.9855835,-0.09714608,0.19137469,-0.481657,-0.674435,0.014050297,-0.06516661,0.57052433,0.42554474,-0.14350359,-0.23198643,0.07260691,-0.3900218,-0.27674416,-0.32859856,-0.4116453,0.19956483,-0.3934118,-0.23816231,-0.15049583,-0.12920271,0.14579538,2.5859215,0.34921753,0.028246766,0.12059385,0.121763065,-0.32696274,0.01364649,-0.11460151,-0.062453028,-0.117834434,0.09966835,-0.10986136,0.008234817,-0.07824448,0.4016257,0.091880344,-0.33165243,-0.06935356,0.008342101,0.049814306,-0.3299725,0.0044383677,0.29332596,0.14259703,-0.04282189,0.2337971,0.21546605,-0.20592743,-0.009601991,-0.04641281,-0.39309537,-0.020992896,-0.07299867,0.0538121,0.22147605,-0.092630714,0.106572,0.02503822,-0.1510664,0.030362729,-0.060095314,0.10321353,-0.0968281,0.056097157,0.13626207,0.032443855,0.09936689,0.04219829,0.060170896,0.0012777605
33,-0.20981002,-0.9541981,0.14999941,0.5694565,1.1148269,-0.23296073,0.5764761,0.12417358,0.71789694,-0.5137787,0.8577915,-0.7926971,-0.5665344,0.82005394,0.22242415,-0.6414465,0.40400195,-0.1511977,0.006171215,-0.12742946,-0.26924872,-0.23049095,0.07242125,-0.09817137,0.09148714,-0.25155973,-0.4526775,0.12665012,0.37713936,0.3388963,0.12625512,0.109820746,0.34921753,3.269886,0.17783807,-0.19188936,0.16140543,-0.16145793,-0.16569752,-0.2876767,-0.035137948,-0.06491102,-0.19939776,-0.33582532,0.2033181,0.41352984,0.39041215,0.12702984,-0.00626773,0.12271366,-0.17836241,0.23825331,0.06278933,-0.06554121,0.0039193323,-0.03654649,0.026438296,0.0660228,4.0245417e-05,0.04643525,-0.15816203,0.003230602,-0.030544471,0.0072642025,-0.059893787,-0.12905511,0.011210974,0.15398493,-0.12235786,0.024767064,-0.04636614,0.0102234455,0.018057797,0.09537904,0.10693908,0.014791513,0.0006866941,0.06801951,-0.060587898,0.08368544,-0.11359559,-0.045163654
34,-0.2811014,-0.051562436,0.5880929,0.22171241,-0.006087291,0.031175941,-0.9473869,0.44323248,0.28876406,0.5361527,-0.9585135,-0.4277494,0.44849586,-0.3519323,-0.21970016,0.3475116,0.22308168,-0.701969,0.28977126,0.73936176,-0.54597485,0.3351242,-0.16279002,-0.041428857,0.21093968,0.4505617,0.2763403,-0.25447577,-0.30547813,0.386943,-0.05662126,-0.14804405,0.028246766,0.17783807,2.8330586,0.009518239,-0.20867854,0.03969758,-0.2344771,-0.17429513,0.24583004,-0.08555957,-0.010206444,-0.07839362,-0.18279551,0.019566966,-0.18637855,0.15543833,-0.12238147,0.20928259,0.20302299,-0.062487096,0.09310855,0.16937001,0.037811458,0.22158876,-0.12378681,-0.06701212,-0.012801232,0.027810236,-0.18055145,-0.12568277,0.08265349,0.0011562132,-0.15071265,-0.17561391,0.093912005,0.101199634,-0.042651914,0.10781075,0.028565573,0.017881382,-0.06703657,-0.15261415,-0.045657195,0.012150392,-0.08191149,0.037021108,-0.092829466,0.011320807,-0.027419332,0.035233647
35,0.26937053,-0.12713309,0.18131903,0.27046567,0.18811971,-0.428058,0.40956855,0.26406848,0.51188403,0.7984563,0.05016555,-0.08971415,0.0065223947,0.20805007,-0.23829421,-0.050823674,0.2783641,0.38531053,-0.1154373,-0.38604537,-0.44168738,0.043971326,0.19759369,0.77771425,-0.048764654,0.116400875,-0.3489604,0.14248794,0.15845548,-0.17213577,-0.7121756,0.2080487,0.12059385,-0.19188936,0.009518239,2.396825,0.07827093,0.18817708,0.024586856,0.10762455,-0.123440154,0.02066175,-0.21195865,-0.23937578,-0.030955253,0.049741395,-0.018379834,-0.028052885,0.02716452,0.1679441,0.06688858,0.21955279,-0.045371674,-0.0915048,-0.07522855,0.03793355,0.13285708,0.24087529,0.0053523798,-0.12999292,0.18472749,-0.268467,0.21670938,-0.08732523,0.08822704,-0.05271095,0.09753002,-0.07385959,-0.09580974,0.093613006,-0.080346055,-0.019373134,0.13309276,0.007052945,-0.09447087,0.07427983,-0.09670879,-0.09145748,-0.049725443,-0.09749251,-0.06615647,0.16417319
36,0.6017479,-0.017091691,-0.37425464,-0.43689018,0.25185728,0.41617376,0.365973,0.11435826,-0.46417838,0.65034044,0.5077768,-0.733029,-0.26533782,-0.2509925,-0.2545538,0.09054606,0.20089594,0.24599873,0.2809907,-0.4712085,-0.6470884,-0.21299705,0.33916342,-0.29162365,0.16659182,-0.11542824,-0.058605127,-0.34105727,-0.1865927,0.1700336,-0.037802108,-0.090980425,0.121763065,0.16140543,-0.20867854,0.07827093,2.5187318,-0.031458963,0.093534365,0.007948639,0.009569414,-0.06800926,0.31109405,0.26191196,0.0048084785,0.021153094,0.014309321,-0.027504764,0.09666367,0.21994443,-0.07215109,0.09358537,0.11563055,-0.024716705,0.048228152,0.0706436,-0.021449856,-0.2036075,-0.06483214,0.13110271,0.09542799,-0.100850515,-0.16140017,0.030517468,0.26840615,-0.027084088,0.020304793,0.11803662,-0.108274944,-0.042131416,-0.01168194,0.1374813,0.020166367,-0.1612488,-0.029953903,0.10009703,-0.04623805,0.036476903,0.03427387,-0.13295901,0.026299914,0.023436774
37,-0.5217138,-0.11923988,-0.12985593,-0.4861157,0.19926679,0.3494376,0.42565924,0.4496519,0.59001946,0.44476825,0.46129334,-0.13612993,0.0696211,1.1663017,-0.060230933,-0.036053974,-0.3598875,-0.07662294,0.15087745,0.46715593,-0.020777252,0.069300696,-0.011883451,-0.123849094,-0.30367434,-0.007963673,-0.21998146,-0.37474674,-0.16882561,0.017329015,-0.15609047,0.32270753,-0.32696274,-0.16145793,0.03969758,0.18817708,-0.031458963,2.4583044,0.074151725,-0.25194758,0.15001723,0.2683307,-0.14045887,0.031192113,-0.071145386,-0.19782211,0.17096469,-0.13693082,-0.109082505,0.035965465,0.04374302,-0.101170205,0.067169994,-0.04621497,-0.03741625,-0.02251767,-0.101030506,-0.22921807,0.025563288,-0.12135609,0.007142691,-0.022325892,-0.047243997,0.2647041,-0.1338952,0.008486686,0.23141533,0.10039733,-0.18717164,-0.11097342,-0.048647605,-0.07878761,0.031676657,0.118285194,-0.06224498,0.030131873,-0.016834676,-0.025084365,0.029180257,0.036897674,0.034615144,-0.090876654
38,-0.82428694,-1.3608334,-1.3026377,0.3318826,1.5648415,-0.37383533,-0.026526397,-0.654747,0.75115013,-0.14705196,-0.3381793,-0.5643782,-0.10029034,-0.20213966,-0.02513807,-0.26733083,-0.376302,-0.2308347,0.40458357,0.19734234,-0.12883633,0.14730766,-0.32851112,0.03126979,0.31358612,0.25155622,-0.17417891,-0.7500504,0.08904602,-0.3468141,0.4139371,0.0016799367,0.01364649,-0.16569752,-0.2344771,0.024586856,0.093534365,0.074151725,1.8574076,0.46036965,0.094370514,-0.28820798,-0.12515701,0.15400508,0.17088461,-0.25732934,0.055193357,0.051941767,0.09145518,-0.080990806,0.16452876,0.082821734,-0.0025562854,0.11191298,0.006415397,-0.06836365,0.22859126,0.033749305,-0.034490857,0.21354474,0.025739392,0.15696424,0.100769535,0.03503757,-0.06277625,-0.046672046,0.11611513,0.0658978,-0.10705985,-0.07124872,0.021696381,-0.13429394,0.04762896,0.0032914218,0.06878771,0.087883055,0.034519434,-0.019309819,0.07921928,0.06244596,-0.01021285,0.09917466
39,0.016103508,-0.113745145,0.3537992,0.3483096,-0.57131773,0.28169125,0.05783335,0.60755324,0.2967992,-0.06161813,-0.26551878,0.0036030784,0.29372835,0.09467443,-0.24573977,-0.50362706,0.1818907,-0.10422496,-0.1079808,-0.03090205,0.13320565,-0.3113907,0.21237794,-0.04488013,0.1561786,-0.21238023,0.02329272,0.060828835,-0.017274154,0.01041116,-0.016178671,-0.32918632,-0.11460151,-0.2876767,-0.17429513,0.10762455,0.007948639,-0.25194758,0.46036965,1.8724012,0.5198922,-0.2007617,-0.03105922,0.28262287,0.16045314,0.20200041,0.18790027,-0.057258315,0.056211784,0.13831758,-0.11536292,-0.011690425,-0.21906829,0.07237932,0.0008609061,0.083336696,-0.07814582,0.06999187,-0.44450617,-0.08469988,-0.15182021,0.091542825,0.008428657,0.12673457,-0.21352823,-0.036203116,0.006792688,-0.11666545,-0.023211721,0.033379193,-0.042787142,0.07549907,-0.06923888,0.064761996,0.034777157,-0.0010669798,0.008603931,0.094306,-0.049964912,0.0015357062,-0.012107311,0.051548354
40,0.0735461,0.02622671,0.16046783,0.008889567,0.17943639,-0.019339552,-0.035950746,-0.15115395,0.22401375,-0.0034226165,0.41315556,0.0009039347,-0.36359546,-0.14212173,0.16554956,-0.31755108,0.28462076,0.13353613,0.09017454,0.17506954,0.21129929,0.3057853,0.3398714,-0.2899316,0.07482647,-0.5483151,-0.027431361,0.18279147,-0.06949693,0.06529913,0.01652171,0.14353412,-0.062453028,-0.035137948,0.24583004,-0.123440154,0.009569414,0.15001723,0.094370514,0.5198922,2.3582664,0.082652315,0.012157265,-0.061319053,0.16634713,-0.15180591,0.07315726,-0.06507644,-0.072632,-0.0073974268,0.055763442,0.09368636,0.0900286,0.22018652,-0.0037073311,-0.16405912,-0.093473844,0.049350947,0.08004203,-0.06348175,0.00029773376,-0.2188912,-0.057837136,-0.29001275,0.05299721,0.1888333,0.12017014,-0.03261585,0.0056665307,-0.1380107,0.1799179,-0.038996693,-0.028693411,-0.053210676,0.067416534,-0.0685625,-0.030754808,0.10930246,0.0053543877,-0.017303642,0.015113139,-0.048996385
41,-0.15231246,-0.59985155,-0.16564846,0.596067,0.9453223,-0.016689826,-0.26729923,-0.59151304,0.22127008,-0.8353344,-0.53555477,-0.4587453,-0.07430924,-0.21140705,-0.1308296,-0.4679771,0.47874576,0.13625678,0.0069399024,-0.021023065,-0.11510911,-0.024765475,0.05338665,0.07074133,0.58623135,0.037439633,0.12587707,-0.009222086,0.14958727,-0.11974016,0.42134476,-0.068443894,-0.117834434,-0.06491102,-0.08555957,0.02066175,-0.06800926,0.2683307,-0.28820798,-0.2007617,0.082652315,1.7134515,0.08211139,-0.24706124,-0.061954185,0.051960003,-0.08677477,-0.22758555,0.08649883,0.12945737,-0.15652838,0.1111829,0.10481861,-0.2596189,0.01822185,0.012483186,-0.04758218,-0.13491686,0.07296988,-0.118518,-0.029431349,-0.029012203,-0.14499667,-0.056094423,-0.17628878,0.064676605,-0.07397054,0.016480282,0.111074254,-0.0039203404,-0.03628441,0.025765773,0.043096058,0.035796233,0.069592215,0.045432277,0.030679256,-0.074108824,-0.022895204,0.020181818,0.037621524,-0.01809142
