,0,1,2,3,4,5,6,7,8,9,10,11,12,13,14,15,16,17,18,19,20,21,22,23,24,25,26,27,28,29,30,31,32,33,34,35,36,37,38,39,40,41,42,43,44,45,46,47,48,49
0,325.98874,-45.119972,-12.082092,13.466753,11.131334,1.1911604,-0.042017005,3.0662708,2.0624177,-4.426836,0.0031981375,-0.0021926565,0.00090362295,-0.0007384935,-0.0007460802,-0.00073066074,-0.0008665799,-0.00048764952,-0.00016146127,-0.00035197986,-0.000336419,-0.00036825787,-4.66551e-05,0.00034562033,-1.08727045e-05,0.00010685382,2.0645284e-05,-0.000104254505,0.00019437564,0.00011651692,1.7974267e-05,-8.69246e-05,2.4595097e-06,2.7037973e-05,0.00023902235,-0.00018025876,8.473242e-06,-4.6026267e-05,-0.00012743074,-0.00015428843,-6.656478e-05,-2.3232866e-05,3.5410153e-06,3.3545388e-05,3.2069394e-05,-2.6185699e-05,-3.057353e-05,7.247518e-05,-2.6277146e-05,-1.730374e-05
1,-45.119972,82.90539,-16.528194,19.195713,15.440085,-3.7352412,2.481153,3.321517,3.2504084,-4.604227,0.00036465377,-0.0036146126,0.0013273875,-0.0010582464,-0.00052965374,-0.00013407024,-0.0009992518,-0.00022886391,0.00066892337,-4.6772868e-05,0.00033600087,-4.6363355e-05,7.9136924e-05,7.655269e-05,-0.000103738625,0.00024141403,0.00020137099,0.000116079296,4.967693e-06,-0.00024470792,-4.5305034e-05,-9.1025795e-06,1.9102995e-06,-1.9370087e-05,0.00011102327,-5.1576437e-05,0.00021857841,1.04797655e-05,-3.4570574e-05,0.00016745702,-2.4572615e-05,9.400277e-05,1.4807074e-05,6.241435e-05,6.5236876e-05,-8.127112e-05,5.040932e-05,-3.0040726e-05,-6.5148764e-05,2.620162e-05
2,-12.082092,-16.528194,88.01861,3.9999666,1.5573564,4.751504,3.0091608,1.9891224,-1.1647761,-1.8777456,0.0015542859,-0.0020177083,-0.0005820634,-0.00037597667,0.0011782012,-0.00018195648,-0.0003872921,-8.352987e-06,2.7495258e-05,-0.0006741916,-0.000102525926,-0.00026613314,0.00023536506,-0.00012923896,-7.387373e-05,0.00013292606,0.0001120551,2.2869992e-05,-3.3535354e-05,0.00016086784,-0.00015175322,-6.269937e-05,-0.00016702662,7.502439e-05,-1.6861792e-05,2.5892998e-05,1.6148024e-05,-0.00012734428,-7.3545374e-07,-9.1650596e-05,6.6440252e-06,-5.3404452e-05,-7.891405e-06,4.2101186e-05,1.8749433e-05,-2.7500411e-05,-4.16729e-05,1.074272e-05,-2.5423433e-05,2.922967e-05
3,13.466753,19.195713,3.9999666,71.94258,-3.9704795,-0.24952362,-1.2967677,-1.2174852,-0.5069972,1.5935491,-0.00021869387,0.0011385344,-0.00060463196,8.132176e-05,0.00047425128,-0.00014544238,0.00031853485,0.00010812208,-0.00030457557,0.00011530307,8.375782e-05,-0.00015315862,0.00030972192,-0.00020340734,-0.00010763605,-0.0001137877,3.746068e-05,9.8715e-05,-6.4494205e-05,5.795347e-05,5.475372e-05,-4.826768e-05,2.3282282e-05,-5.9882346e-05,-0.00011975833,2.2938195e-05,-6.911553e-05,3.3999913e-05,1.8408653e-05,-5.2807463e-05,-1.14266e-05,-4.109145e-05,-8.826562e-05,3.7118738e-05,4.7553253e-06,1.7832697e-05,-3.8240454e-05,-3.573644e-05,1.6057696e-05,1.02468675e-05
4,11.131334,15.440085,1.5573564,-3.9704795,14.260478,2.143702,-0.41651085,-0.24823806,-0.98923916,0.93864316,-0.0006666477,-8.765404e-05,-3.4253717e-05,-0.00052447605,0.0005715667,4.051937e-05,0.00030625882,0.00017802471,3.8515525e-05,-4.343051e-05,0.0002363834,-6.778614e-05,0.00014958682,-2.665812e-05,3.5195095e-05,-3.086236e-05,6.97028e-05,-3.3890163e-05,-2.4671608e-05,3.618137e-06,-5.9401384e-05,2.3657905e-05,2.5002228e-05,3.4179673e-05,4.819316e-06,4.8983315e-05,2.528005e-06,1.2665334e-06,-2.1920201e-07,3.6619655e-05,-2.3849052e-05,3.251235e-05,-3.3120312e-05,-7.649886e-06,-7.873245e-06,-2.4110138e-06,1.1269514e-05,5.0060307e-06,-1.6667032e-05,-1.1747349e-05
5,1.1911604,-3.7352412,4.751504,-0.24952362,2.143702,3.9354422,0.8429031,-0.112173155,1.7731677,2.3878918,-0.0016814962,0.0010070433,-0.00052029174,-6.097906e-05,-0.0011761787,-0.00079669803,-0.00028516434,-0.00029420282,-8.659606e-05,1.33476515e-05,-8.815245e-05,4.713471e-05,-9.033139e-05,0.00018573768,-0.0001498342,-3.4411107e-07,-0.00011171849,-8.4817075e-06,9.000172e-06,1.697927e-06,0.00010560898,-3.1345488e-05,5.245149e-05,-2.3898805e-05,-1.0155697e-05,8.245399e-06,-4.1074813e-06,5.3676886e-05,1.2264104e-05,-1.4534794e-06,6.935126e-05,4.870374e-05,3.5212238e-06,-1.650541e-06,-2.4654555e-05,-8.265376e-06,2.997355e-05,1.9743652e-06,9.687785e-06,3.355598e-05
6,-0.042017005,2.481153,3.0091608,-1.2967677,-0.41651085,0.8429031,3.8275597,-2.350628,1.933315,-1.0263718,-0.0013711852,0.00022607358,0.0014320065,-0.00030846824,-0.00032952667,9.004511e-05,0.00025177893,0.00018797464,-7.123704e-05,0.00024736248,0.00018248855,3.512076e-05,-0.0001154918,-1.03900475e-05,-3.0326177e-05,-0.00021752491,5.5015695e-05,-0.00012434825,3.2553355e-05,-7.910065e-05,-7.052299e-05,-2.5759064e-05,-1.8909617e-05,-4.6391717e-05,-2.0264888e-05,-4.4555243e-05,-5.390974e-05,3.9834435e-05,-3.0968535e-05,-6.18412e-05,3.7994134e-05,4.641861e-06,1.4018453e-05,-1.0190582e-06,3.583185e-05,-1.6596201e-05,9.648113e-06,8.951733e-06,1.3429912e-05,2.5244613e-06
7,3.0662708,3.321517,1.9891224,-1.2174852,-0.24823806,-0.112173155,-2.350628,5.1447644,1.0269153,-0.17076597,-0.00060756964,0.00031734703,0.0007170816,-0.00010389768,-0.0004027697,0.0002934169,0.00020904501,-4.2673633e-05,-9.750839e-06,0.00023164836,0.00012339749,8.988047e-05,-2.8163051e-05,1.5719977e-05,3.351648e-05,-0.00018770233,-3.323552e-05,-8.295516e-05,8.622005e-06,-8.579285e-05,4.318695e-05,-1.4524499e-05,6.1592065e-05,3.3875043e-05,2.801151e-05,-2.4071715e-05,-1.0836398e-05,7.506388e-05,-9.9001445e-06,-2.834926e-07,-9.532254e-06,2.9125273e-05,2.4789348e-05,-1.5791302e-05,1.1632589e-05,1.7529542e-06,2.7968465e-06,-4.570291e-06,-2.3322003e-05,4.264827e-06
8,2.0624177,3.2504084,-1.1647761,-0.5069972,-0.98923916,1.7731677,1.933315,1.0269153,3.2402132,0.1401991,-0.00037108254,0.0007935314,-0.000842684,-0.00021605202,-1.0807675e-05,1.4818656e-06,9.947551e-05,2.379078e-05,-6.977578e-05,9.2588976e-05,-1.8172077e-05,-3.47624e-05,0.000101769874,5.8956693e-06,-7.358367e-05,1.2550175e-05,4.6471345e-05,5.953433e-05,-3.7388574e-05,1.0547611e-05,3.43734e-05,8.048589e-06,2.1998216e-05,4.7137044e-05,6.7331985e-06,4.936684e-05,1.42840645e-05,3.4214456e-05,2.6717222e-05,2.911e-05,-1.5652291e-05,-2.6717353e-05,5.3729536e-06,1.7905171e-05,-9.1344045e-06,-1.8425413e-05,-3.500937e-06,-1.7122671e-05,-1.325534e-05,2.2633854e-05
9,-4.426836,-4.604227,-1.8777456,1.5935491,0.93864316,2.3878918,-1.0263718,-0.17076597,0.1401991,2.6664572,0.0006680851,-0.000109418506,0.00032233924,0.00012554365,-0.00012598894,0.00023382853,2.0499076e-06,-3.047525e-05,-4.345736e-05,7.3575284e-05,-8.263772e-05,-0.00011976401,-7.682355e-05,4.277371e-05,5.461777e-05,-4.419889e-05,1.1730053e-05,-3.1195646e-05,1.2655446e-05,5.1845524e-07,2.6185236e-05,1.4168571e-05,3.2682357e-05,-6.477375e-05,4.024446e-05,-1.8954874e-05,-4.8253813e-05,4.8959437e-06,-2.6761743e-05,-4.3898493e-05,-1.2760604e-05,-3.0671443e-05,-3.1280993e-05,-1.6441689e-05,-6.7384517e-06,3.1884425e-05,-6.2362346e-06,2.6893045e-05,1.8216926e-05,-1.4160674e-05
10,0.0031981375,0.00036465377,0.0015542859,-0.00021869387,-0.0006666477,-0.0016814962,-0.0013711852,-0.00060756964,-0.00037108254,0.0006680851,0.009572591,-0.0009441293,5.882395e-05,0.0009782156,0.00033461908,-0.0001723581,0.0002457007,-0.0004680686,-0.00036919652,7.8712255e-05,-0.000562559,-5.9875798e-05,-1.5237456e-05,-0.00019784845,-3.0356005e-05,0.00016260766,4.796471e-05,0.00010455599,3.1753018e-05,0.00010558363,3.3712772e-06,-0.00013347919,-3.9745464e-05,-0.0001569241,2.0558135e-05,-0.00010543872,-0.00012910701,-5.740241e-05,-1.4643165e-05,-0.00013486366,-4.1767074e-05,-0.00010584295,-8.473662e-05,7.5652126e-05,-5.84769e-05,5.3993062e-05,-4.564235e-05,6.5335535e-06,5.5309672e-05,5.1391475e-05
11,-0.0021926565,-0.0036146126,-0.0020177083,0.0011385344,-8.765404e-05,0.0010070433,0.00022607358,0.00031734703,0.0007935314,-0.000109418506,-0.0009441293,0.005338599,-0.00081849867,0.0004678488,-0.0003304597,0.00014774533,0.00033838136,9.498664e-05,-0.00041237232,0.00053281087,-0.0001942853,-0.00018752314,-8.2491766e-05,-0.00016010423,-0.00018371445,-5.7061083e-05,8.632817e-05,3.1664666e-05,-3.7803763e-06,-8.8126224e-05,7.2315284e-05,-3.0845433e-05,4.5321885e-05,-0.00013219596,-2.7238842e-05,-5.4263888e-05,-3.2921656e-05,6.2229505e-05,-1.5142628e-05,1.0746015e-06,3.5761053e-07,-7.9261474e-05,-1.648203e-05,3.5226454e-05,-3.2184473e-06,2.9217823e-05,-5.5744968e-06,-3.362082e-05,3.9185405e-05,4.7586487e-05
12,0.00090362295,0.0013273875,-0.0005820634,-0.00060463196,-3.4253717e-05,-0.00052029174,0.0014320065,0.0007170816,-0.000842684,0.00032233924,5.882395e-05,-0.00081849867,0.0033203058,-0.00046868145,-0.00060486776,0.0005632624,0.0002763148,-0.00012382177,7.8362384e-05,0.00045332598,0.00012520576,-2.4657636e-05,-0.0001169278,-5.886709e-05,5.450654e-05,-0.00021176445,3.7745373e-05,-1.1704478e-05,0.00015301138,-7.292442e-05,1.2493774e-05,-8.563226e-05,3.8195467e-05,-7.587428e-05,4.1465202e-05,-8.425895e-05,-2.4809542e-05,5.939381e-05,-7.2949544e-05,-5.6208955e-05,3.3862587e-05,-3.439995e-05,3.162003e-05,3.5568904e-05,-1.4422576e-05,4.0116865e-05,-7.6619904e-07,-4.7954372e-06,2.3773813e-05,2.8087798e-05
13,-0.0007384935,-0.0010582464,-0.00037597667,8.132176e-05,-0.00052447605,-6.097906e-05,-0.00030846824,-0.00010389768,-0.00021605202,0.00012554365,0.0009782156,0.0004678488,-0.00046868145,0.0026638573,-0.00022320396,0.00033582363,-0.0001254124,8.296545e-05,0.00040379388,1.9557909e-05,0.00010901131,0.00026453953,4.5587967e-06,0.00012016532,8.5248714e-05,-0.0001153115,-1.7418892e-05,-5.5507437e-05,0.00013373964,6.6513225e-05,6.9324844e-05,8.416101e-05,8.204044e-05,1.7150727e-05,-1.6906863e-05,-4.7656322e-05,7.75173e-07,-2.470343e-05,-1.5563724e-05,-2.9223951e-05,2.0471336e-05,3.1038886e-05,2.5262398e-05,-3.9958493e-05,8.495707e-05,2.6666617e-06,-8.803536e-06,3.6119884e-05,-2.3030068e-05,-5.665972e-06
14,-0.0007460802,-0.00052965374,0.0011782012,0.00047425128,0.0005715667,-0.0011761787,-0.00032952667,-0.0004027697,-1.0807675e-05,-0.00012598894,0.00033461908,-0.0003304597,-0.00060486776,-0.00022320396,0.0017400645,0.00032501132,0.0002692179,0.0003434819,0.000103908504,6.090387e-05,0.00029683494,-9.943574e-05,0.00012370321,-6.559062e-05,0.000101319194,-4.078285e-05,3.6527395e-05,6.121569e-05,-2.9310522e-06,-4.92229e-05,5.5991445e-06,6.59822e-06,1.8299164e-05,-0.00010495343,2.6375357e-05,-1.03605125e-05,-2.5111697e-06,1.8587121e-05,4.245508e-05,3.3229524e-05,-5.3652424e-05,5.800143e-05,-3.7817343e-05,1.1173351e-05,1.1533152e-05,3.1332747e-05,8.406014e-06,4.781277e-05,1.2955406e-05,1.7276607e-05
15,-0.00073066074,-0.00013407024,-0.00018195648,-0.00014544238,4.051937e-05,-0.00079669803,9.004511e-05,0.0002934169,1.4818656e-06,0.00023382853,-0.0001723581,0.00014774533,0.0005632624,0.00033582363,0.00032501132,0.0021060864,-0.0001503191,3.342714e-05,-0.00014867529,-7.894895e-05,-0.0001249263,-1.9407202e-05,3.2506837e-06,-3.1669348e-05,-2.8188493e-05,4.783873e-05,1.0690235e-05,-9.3965355e-06,-8.407465e-05,1.2983784e-05,-1.6773787e-06,4.2099535e-05,-2.5952613e-05,3.504761e-05,-3.5444074e-05,6.198083e-05,3.1227715e-05,-4.5806442e-05,5.4242573e-05,3.652883e-05,-1.4991059e-06,-1.2441167e-05,1.8292925e-05,7.684005e-06,5.4387588e-06,-2.0296944e-05,1.580958e-05,-3.0133615e-05,1.8670264e-05,-1.3192546e-05
16,-0.0008665799,-0.0009992518,-0.0003872921,0.00031853485,0.00030625882,-0.00028516434,0.00025177893,0.00020904501,9.947551e-05,2.0499076e-06,0.0002457007,0.00033838136,0.0002763148,-0.0001254124,0.0002692179,-0.0001503191,0.0016702161,8.209245e-05,-4.2048243e-05,3.1436037e-05,-3.348391e-05,0.00011346894,4.4005383e-06,-3.3524404e-05,6.396394e-05,1.17871405e-05,2.3374948e-06,-8.378211e-05,5.284605e-05,-1.786367e-05,-2.41709e-05,4.9117494e-07,7.458194e-05,0.0001535594,-1.0870799e-05,3.18529e-05,-1.9291196e-05,-5.9017297e-05,-1.3004908e-05,1.48857725e-05,8.416018e-06,1.5927868e-05,5.147804e-05,3.993368e-06,2.7595303e-05,-1.3924001e-05,5.52414e-06,-3.2668537e-05,1.0133444e-05,3.9379893e-06
17,-0.00048764952,-0.00022886391,-8.352987e-06,0.00010812208,0.00017802471,-0.00029420282,0.00018797464,-4.2673633e-05,2.379078e-05,-3.047525e-05,-0.0004680686,9.498664e-05,-0.00012382177,8.296545e-05,0.0003434819,3.342714e-05,8.209245e-05,0.00081076834,0.00014892395,-0.000109079585,-2.5270398e-05,-9.674096e-05,-0.00015020392,-7.896842e-05,7.428798e-05,-8.204828e-05,-9.308246e-05,-8.0635495e-05,-2.59244e-06,3.914293e-05,-6.631637e-05,-1.9192295e-05,-7.75425e-05,-2.3549233e-06,1.8894172e-05,-5.2794996e-05,6.4456385e-06,5.7964473e-05,-7.380606e-05,-4.400346e-05,1.1842785e-05,-5.7291203e-05,2.2010254e-06,-6.546825e-05,-3.0402738e-05,4.199298e-05,-1.19004435e-05,4.7584257e-07,9.707133e-06,-1.25744655e-05
18,-0.00016146127,0.00066892337,2.7495258e-05,-0.00030457557,3.8515525e-05,-8.659606e-05,-7.123704e-05,-9.750839e-06,-6.977578e-05,-4.345736e-05,-0.00036919652,-0.00041237232,7.8362384e-05,0.00040379388,0.000103908504,-0.00014867529,-4.2048243e-05,0.00014892395,0.0009281648,0.00018233561,3.6901445e-06,1.35147675e-05,-3.951507e-06,-3.3792836e-05,-6.068205e-05,0.0001824532,0.00022379209,-8.187838e-06,2.1388998e-05,-1.0977493e-05,-3.4416433e-05,-3.757506e-05,-1.023822e-05,2.0473228e-06,-1.3523636e-05,2.017355e-05,3.790357e-05,-1.1830981e-05,-4.6592853e-05,4.9725284e-05,6.5994405e-05,-2.205517e-05,2.2595126e-05,6.0219936e-06,2.0344987e-07,-1.9978572e-05,-4.2410584e-06,2.0666495e-05,1.5556578e-05,-2.1090327e-05
19,-0.00035197986,-4.6772868e-05,-0.0006741916,0.00011530307,-4.343051e-05,1.33476515e-05,0.00024736248,0.00023164836,9.2588976e-05,7.3575284e-05,7.8712255e-05,0.00053281087,0.00045332598,1.9557909e-05,6.090387e-05,-7.894895e-05,3.1436037e-05,-0.000109079585,0.00018233561,0.00081000704,3.275139e-05,8.647516e-05,3.2921627e-05,4.9927192e-05,6.789303e-05,-3.728114e-05,-3.06126e-05,9.150734e-05,3.2724006e-06,6.812993e-05,-3.4694633e-05,2.0557747e-05,-5.650489e-05,-3.137329e-05,-2.2868608e-05,4.1808125e-05,-3.506711e-06,2.2839893e-05,-8.708543e-06,5.1236988e-05,-1.4404639e-05,2.6026523e-06,-6.465266e-05,-2.1919062e-05,-3.6667057e-05,1.6380052e-05,-4.4589096e-06,4.4490273e-05,1.2885053e-05,-4.166399e-05
20,-0.000336419,0.00033600087,-0.000102525926,8.375782e-05,0.0002363834,-8.815245e-05,0.00018248855,0.00012339749,-1.8172077e-05,-8.263772e-05,-0.000562559,-0.0001942853,0.00012520576,0.00010901131,0.00029683494,-0.0001249263,-3.348391e-05,-2.5270398e-05,3.6901445e-06,3.275139e-05,0.00066454994,8.0673286e-05,5.546025e-06,-9.906673e-06,-2.2941143e-05,-0.00019109952,3.4057462e-05,5.4657932e-05,3.854261e-06,6.79615e-05,4.2146065e-05,7.989308e-06,-8.1852646e-05,-6.1679784e-05,-8.402712e-05,-4.6244626e-05,-1.8679539e-05,-1.9076231e-05,1.548052e-05,-2.4623085e-05,-7.887574e-06,-1.593216e-06,-4.8284977e-07,6.0184633e-05,5.4341108e-05,-6.877389e-06,-1.4797037e-05,-3.2288743e-05,-3.0773288e-05,2.851012e-05
21,-0.00036825787,-4.6363355e-05,-0.00026613314,-0.00015315862,-6.778614e-05,4.713471e-05,3.512076e-05,8.988047e-05,-3.47624e-05,-0.00011976401,-5.9875798e-05,-0.00018752314,-2.4657636e-05,0.00026453953,-9.943574e-05,-1.9407202e-05,0.00011346894,-9.674096e-05,1.35147675e-05,8.647516e-05,8.0673286e-05,0.0007801045,-3.65837e-05,-0.000117005446,-3.8457893e-06,1.8117369e-06,-0.000100832825,-1.8977818e-06,-0.00011324988,-4.9043487e-05,-2.2919463e-05,1.3508596e-05,2.6268135e-06,-1.2999345e-05,-2.9526736e-05,3.065217e-05,1.1022485e-05,5.537398e-05,2.3913979e-05,4.9799537e-06,-5.103639e-05,5.1153715e-05,1.7860377e-05,-2.8952825e-05,-2.7834494e-05,-3.9810634e-06,7.1765335e-06,-4.1460207e-05,-2.3115728e-05,3.0534447e-06
22,-4.66551e-05,7.9136924e-05,0.00023536506,0.00030972192,0.00014958682,-9.033139e-05,-0.0001154918,-2.8163051e-05,0.000101769874,-7.682355e-05,-1.5237456e-05,-8.2491766e-05,-0.0001169278,4.5587967e-06,0.00012370321,3.2506837e-06,4.4005383e-06,-0.00015020392,-3.951507e-06,3.2921627e-05,5.546025e-06,-3.65837e-05,0.0007367951,-3.313103e-05,-0.00010961218,-0.00012698167,6.488845e-05,0.00010856534,2.2967353e-05,3.707431e-05,4.849004e-05,-4.302687e-05,6.6527835e-05,7.863466e-05,-1.3121882e-05,5.029504e-05,9.904612e-06,2.5744977e-05,-2.111202e-05,-1.359889e-05,-2.7965485e-05,-1.2524155e-05,-2.373505e-05,-3.0528427e-05,-1.550698e-05,-1.9512057e-05,2.3164162e-05,-5.2774762e-06,9.620244e-06,-5.877142e-06
23,0.00034562033,7.655269e-05,-0.00012923896,-0.00020340734,-2.665812e-05,0.00018573768,-1.03900475e-05,1.5719977e-05,5.8956693e-06,4.277371e-05,-0.00019784845,-0.00016010423,-5.886709e-05,0.00012016532,-6.559062e-05,-3.1669348e-05,-3.3524404e-05,-7.896842e-05,-3.3792836e-05,4.9927192e-05,-9.906673e-06,-0.000117005446,-3.313103e-05,0.0007513976,0.000114571725,-3.1397285e-05,-3.4244287e-05,-2.820477e-05,3.7096688e-06,2.9016453e-05,-1.0917804e-05,-3.6978894e-05,7.0296854e-05,-6.023881e-06,-2.8472561e-05,3.7943435e-05,1.5100228e-05,-2.4056662e-05,5.9674912e-06,2.1609087e-05,-2.2392866e-05,2.8006461e-05,6.6126713e-06,-1.8038456e-05,1.4948775e-05,1.9397106e-05,2.1973014e-05,-1.9646868e-05,8.440323e-06,-1.5665942e-07
24,-1.08727045e-05,-0.000103738625,-7.387373e-05,-0.00010763605,3.5195095e-05,-0.0001498342,-3.0326177e-05,3.351648e-05,-7.358367e-05,5.461777e-05,-3.0356005e-05,-0.00018371445,5.450654e-05,8.5248714e-05,0.000101319194,-2.8188493e-05,6.396394e-05,7.428798e-05,-6.068205e-05,6.789303e-05,-2.2941143e-05,-3.8457893e-06,-0.00010961218,0.000114571725,0.0005537221,4.2103544e-05,-1.1044442e-05,8.074562e-05,-7.718519e-05,-6.933887e-05,6.844398e-05,9.16916e-05,1.9159375e-05,7.533554e-05,2.6919057e-05,-6.1362203e-07,-3.1013562e-05,4.4096654e-05,6.266093e-06,-1.7649634e-05,-7.0915394e-06,-2.015363e-05,-3.071715e-05,-2.4713565e-05,2.0351672e-05,-5.3643697e-07,-1.7532773e-05,-8.1902505e-07,6.25975e-06,1.04216015e-05
25,0.00010685382,0.00024141403,0.00013292606,-0.0001137877,-3.086236e-05,-3.4411107e-07,-0.00021752491,-0.00018770233,1.2550175e-05,-4.419889e-05,0.00016260766,-5.7061083e-05,-0.00021176445,-0.0001153115,-4.078285e-05,4.783873e-05,1.17871405e-05,-8.204828e-05,0.0001824532,-3.728114e-05,-0.00019109952,1.8117369e-06,-0.00012698167,-3.1397285e-05,4.2103544e-05,0.00032451487,4.1250834e-05,4.2063893e-05,-3.0891948e-05,-6.1181736e-06,1.0108159e-05,3.6245808e-06,-1.32090645e-05,2.6648153e-05,4.67399e-06,-2.086841e-05,3.112405e-05,1.2598433e-05,1.1561691e-05,7.3005576e-05,-1.1044083e-05,-1.6342245e-05,-3.2345004e-05,4.4626096e-05,-3.294671e-06,-2.8907765e-05,2.9754723e-05,-3.3403958e-05,1.1155595e-05,-1.9146996e-06
26,2.0645284e-05,0.00020137099,0.0001120551,3.746068e-05,6.97028e-05,-0.00011171849,5.5015695e-05,-3.323552e-05,4.6471345e-05,1.1730053e-05,4.796471e-05,8.632817e-05,3.7745373e-05,-1.7418892e-05,3.6527395e-05,1.0690235e-05,2.3374948e-06,-9.308246e-05,0.00022379209,-3.06126e-05,3.4057462e-05,-0.000100832825,6.488845e-05,-3.4244287e-05,-1.1044442e-05,4.1250834e-05,0.00040785453,-8.341573e-05,-3.5493354e-06,-6.0308495e-05,-1.4088913e-05,7.042977e-06,2.0085576e-05,6.973196e-06,6.4676206e-06,-1.3614839e-05,-6.215664e-05,-7.966813e-06,1.7044822e-05,-3.277969e-06,-2.5869826e-06,-4.656246e-05,1.3636649e-05,-2.0470947e-05,1.2878306e-05,-1.0878603e-05,-1.2143254e-05,-3.5189936e-05,-1.6868134e-05,-8.699403e-06
27,-0.000104254505,0.000116079296,2.2869992e-05,9.8715e-05,-3.3890163e-05,-8.4817075e-06,-0.00012434825,-8.295516e-05,5.953433e-05,-3.1195646e-05,0.00010455599,3.1664666e-05,-1.1704478e-05,-5.5507437e-05,6.121569e-05,-9.3965355e-06,-8.378211e-05,-8.0635495e-05,-8.187838e-06,9.150734e-05,5.4657932e-05,-1.8977818e-06,0.00010856534,-2.820477e-05,8.074562e-05,4.2063893e-05,-8.341573e-05,0.0004323467,1.2426024e-05,-3.0309988e-05,-2.8772598e-05,6.8103964e-06,9.411262e-06,-1.8328536e-05,1.0262618e-05,-2.1289008e-05,4.3250693e-05,-2.3062836e-05,-9.3660055e-06,3.0130112e-05,3.577266e-05,-2.425359e-05,3.639498e-05,-8.711926e-06,9.998777e-06,1.377519e-05,3.7312286e-06,-2.5456728e-05,-1.9932686e-05,1.4862653e-05
28,0.00019437564,4.967693e-06,-3.3535354e-05,-6.4494205e-05,-2.4671608e-05,9.000172e-06,3.2553355e-05,8.622005e-06,-3.7388574e-05,1.2655446e-05,3.1753018e-05,-3.7803763e-06,0.00015301138,0.00013373964,-2.9310522e-06,-8.407465e-05,5.284605e-05,-2.59244e-06,2.1388998e-05,3.2724006e-06,3.854261e-06,-0.00011324988,2.2967353e-05,3.7096688e-06,-7.718519e-05,-3.0891948e-05,-3.5493354e-06,1.2426024e-05,0.00039466878,-9.154632e-06,2.5567502e-05,0.00010394571,-2.6571852e-05,-9.4033544e-07,5.2328673e-05,-2.7623617e-05,1.0149255e-05,3.6552152e-05,3.139259e-05,2.3872602e-05,2.0514493e-05,3.0926894e-05,-4.654099e-06,-1.5087649e-06,1.3839404e-05,1.7112307e-05,-6.6591174e-06,-2.816069e-05,-2.6987339e-06,8.3559246e-07
29,0.00011651692,-0.00024470792,0.00016086784,5.795347e-05,3.618137e-06,1.697927e-06,-7.910065e-05,-8.579285e-05,1.0547611e-05,5.1845524e-07,0.00010558363,-8.8126224e-05,-7.292442e-05,6.6513225e-05,-4.92229e-05,1.2983784e-05,-1.786367e-05,3.914293e-05,-1.0977493e-05,6.812993e-05,6.79615e-05,-4.9043487e-05,3.707431e-05,2.9016453e-05,-6.933887e-05,-6.1181736e-06,-6.0308495e-05,-3.0309988e-05,-9.154632e-06,0.0003859514,-5.9229802e-05,-1.3388475e-05,-5.6918e-05,7.6915465e-05,2.6354304e-05,2.8620927e-05,2.6207108e-06,4.53139e-06,1.2943121e-05,4.5142456e-06,8.289559e-06,-3.2005578e-06,-1.3724344e-05,2.4554643e-05,-9.976839e-06,3.611869e-05,-2.8782812e-05,-3.1680982e-05,5.9880963e-06,7.517542e-06
30,1.7974267e-05,-4.5305034e-05,-0.00015175322,5.475372e-05,-5.9401384e-05,0.00010560898,-7.052299e-05,4.318695e-05,3.43734e-05,2.6185236e-05,3.3712772e-06,7.2315284e-05,1.2493774e-05,6.9324844e-05,5.5991445e-06,-1.6773787e-06,-2.41709e-05,-6.631637e-05,-3.4416433e-05,-3.4694633e-05,4.2146065e-05,-2.2919463e-05,4.849004e-05,-1.0917804e-05,6.844398e-05,1.0108159e-05,-1.4088913e-05,-2.8772598e-05,2.5567502e-05,-5.9229802e-05,0.00041763246,-3.6466656e-05,-5.2265947e-05,3.1389172e-05,1.1794917e-05,6.309444e-06,1.9056054e-07,-6.963802e-06,-3.6863163e-05,1.6192733e-05,2.629499e-05,1.0770082e-05,8.364826e-06,1.2377905e-05,-2.2169012e-05,-1.1718492e-05,-1.0941227e-05,3.747015e-06,-1.3897356e-05,-2.8748896e-06
31,-8.69246e-05,-9.1025795e-06,-6.269937e-05,-4.826768e-05,2.3657905e-05,-3.1345488e-05,-2.5759064e-05,-1.4524499e-05,8.048589e-06,1.4168571e-05,-0.00013347919,-3.0845433e-05,-8.563226e-05,8.416101e-05,6.59822e-06,4.2099535e-05,4.9117494e-07,-1.9192295e-05,-3.757506e-05,2.0557747e-05,7.989308e-06,1.3508596e-05,-4.302687e-05,-3.6978894e-05,9.16916e-05,3.6245808e-06,7.042977e-06,6.8103964e-06,0.00010394571,-1.3388475e-05,-3.6466656e-05,0.00020217666,-6.881135e-05,3.974947e-05,3.3596818e-05,5.9287886e-06,1.2986031e-05,-2.7252825e-05,-8.747085e-06,-2.299529e-05,-1.6541264e-05,-1.0016475e-05,-1.2777358e-05,-1.8258921e-05,3.8016988e-06,2.2509687e-06,2.329261e-05,-9.897838e-07,-2.8363393e-06,-1.1812322e-05
32,2.4595097e-06,1.9102995e-06,-0.00016702662,2.3282282e-05,2.5002228e-05,5.245149e-05,-1.8909617e-05,6.1592065e-05,2.1998216e-05,3.2682357e-05,-3.9745464e-05,4.5321885e-05,3.8195467e-05,8.204044e-05,1.8299164e-05,-2.5952613e-05,7.458194e-05,-7.75425e-05,-1.023822e-05,-5.650489e-05,-8.1852646e-05,2.6268135e-06,6.6527835e-05,7.0296854e-05,1.9159375e-05,-1.32090645e-05,2.0085576e-05,9.411262e-06,-2.6571852e-05,-5.6918e-05,-5.2265947e-05,-6.881135e-05,0.00022713875,-5.637564e-06,1.7394057e-05,-1.4432181e-05,2.5662383e-05,2.3832843e-05,1.2769013e-05,-8.9407185e-06,-1.2350218e-05,1.2795991e-05,5.8087808e-06,4.3564405e-06,2.9593843e-05,2.0313108e-05,-9.7181e-06,1.3161332e-05,-1.801821e-05,2.5355637e-06
33,2.7037973e-05,-1.9370087e-05,7.502439e-05,-5.9882346e-05,3.4179673e-05,-2.3898805e-05,-4.6391717e-05,3.3875043e-05,4.7137044e-05,-6.477375e-05,-0.0001569241,-0.00013219596,-7.587428e-05,1.7150727e-05,-0.00010495343,3.504761e-05,0.0001535594,-2.3549233e-06,2.0473228e-06,-3.137329e-05,-6.1679784e-05,-1.2999345e-05,7.863466e-05,-6.023881e-06,7.533554e-05,2.6648153e-05,6.973196e-06,-1.8328536e-05,-9.4033544e-07,7.6915465e-05,3.1389172e-05,3.974947e-05,-5.637564e-06,0.00025326628,-5.369075e-05,-1.2534837e-05,2.7429684e-05,1.4188754e-05,9.447355e-06,6.2712224e-06,2.8461549e-05,-1.4203689e-05,-2.495749e-06,9.97916e-06,-1.4775127e-05,1.3638091e-05,-9.021569e-06,1.050942e-05,-9.004461e-06,-1.6911214e-05
34,0.00023902235,0.00011102327,-1.6861792e-05,-0.00011975833,4.819316e-06,-1.0155697e-05,-2.0264888e-05,2.801151e-05,6.7331985e-06,4.024446e-05,2.0558135e-05,-2.7238842e-05,4.1465202e-05,-1.6906863e-05,2.6375357e-05,-3.5444074e-05,-1.0870799e-05,1.8894172e-05,-1.3523636e-05,-2.2868608e-05,-8.402712e-05,-2.9526736e-05,-1.3121882e-05,-2.8472561e-05,2.6919057e-05,4.67399e-06,6.4676206e-06,1.0262618e-05,5.2328673e-05,2.6354304e-05,1.1794917e-05,3.3596818e-05,1.7394057e-05,-5.369075e-05,0.00028845397,5.3930846e-05,1.667432e-05,3.8455903e-05,-1.4555433e-05,3.3614644e-05,-1.8990802e-05,1.9162217e-06,3.1148535e-05,-1.5692098e-05,5.9121326e-06,1.1926116e-06,4.0353825e-06,8.1429025e-06,-9.1843305e-08,-3.1080976e-06
35,-0.00018025876,-5.1576437e-05,2.5892998e-05,2.2938195e-05,4.8983315e-05,8.245399e-06,-4.4555243e-05,-2.4071715e-05,4.936684e-05,-1.8954874e-05,-0.00010543872,-5.4263888e-05,-8.425895e-05,-4.7656322e-05,-1.03605125e-05,6.198083e-05,3.18529e-05,-5.2794996e-05,2.017355e-05,4.1808125e-05,-4.6244626e-05,3.065217e-05,5.029504e-05,3.7943435e-05,-6.1362203e-07,-2.086841e-05,-1.3614839e-05,-2.1289008e-05,-2.7623617e-05,2.8620927e-05,6.309444e-06,5.9287886e-06,-1.4432181e-05,-1.2534837e-05,5.3930846e-05,0.00027153327,-5.5739984e-05,-1.17284e-05,-1.5738206e-05,1.1220672e-05,2.6105867e-05,-1.7969553e-05,-1.254212e-06,4.5259358e-06,1.3902332e-05,-2.657291e-05,-3.128095e-05,4.9359833e-06,-7.699157e-06,1.0267702e-05
36,8.473242e-06,0.00021857841,1.6148024e-05,-6.911553e-05,2.528005e-06,-4.1074813e-06,-5.390974e-05,-1.0836398e-05,1.42840645e-05,-4.8253813e-05,-0.00012910701,-3.2921656e-05,-2.4809542e-05,7.75173e-07,-2.5111697e-06,3.1227715e-05,-1.9291196e-05,6.4456385e-06,3.790357e-05,-3.506711e-06,-1.8679539e-05,1.1022485e-05,9.904612e-06,1.5100228e-05,-3.1013562e-05,3.112405e-05,-6.215664e-05,4.3250693e-05,1.0149255e-05,2.6207108e-06,1.9056054e-07,1.2986031e-05,2.5662383e-05,2.7429684e-05,1.667432e-05,-5.5739984e-05,0.00026138037,4.5944266e-06,-1.663221e-05,-4.213887e-06,-1.6817647e-05,-1.2695982e-05,-9.0747735e-06,-9.635323e-06,-1.806382e-05,-1.958093e-05,-3.3195654e-05,9.59994e-06,6.701617e-06,1.1912129e-05
37,-4.6026267e-05,1.04797655e-05,-0.00012734428,3.3999913e-05,1.2665334e-06,5.3676886e-05,3.9834435e-05,7.506388e-05,3.4214456e-05,4.8959437e-06,-5.740241e-05,6.2229505e-05,5.939381e-05,-2.470343e-05,1.8587121e-05,-4.5806442e-05,-5.9017297e-05,5.7964473e-05,-1.1830981e-05,2.2839893e-05,-1.9076231e-05,5.537398e-05,2.5744977e-05,-2.4056662e-05,4.4096654e-05,1.2598433e-05,-7.966813e-06,-2.3062836e-05,3.6552152e-05,4.53139e-06,-6.963802e-06,-2.7252825e-05,2.3832843e-05,1.4188754e-05,3.8455903e-05,-1.17284e-05,4.5944266e-06,0.00023054644,5.1429324e-05,-2.1910328e-05,4.4966873e-06,-2.390906e-06,-3.0771087e-05,2.361488e-05,6.165619e-06,-2.428632e-05,-6.5116465e-06,-5.599597e-06,-1.3130884e-05,-1.2241251e-05
38,-0.00012743074,-3.4570574e-05,-7.3545374e-07,1.8408653e-05,-2.1920201e-07,1.2264104e-05,-3.0968535e-05,-9.9001445e-06,2.6717222e-05,-2.6761743e-05,-1.4643165e-05,-1.5142628e-05,-7.2949544e-05,-1.5563724e-05,4.245508e-05,5.4242573e-05,-1.3004908e-05,-7.380606e-05,-4.6592853e-05,-8.708543e-06,1.548052e-05,2.3913979e-05,-2.111202e-05,5.9674912e-06,6.266093e-06,1.1561691e-05,1.7044822e-05,-9.3660055e-06,3.139259e-05,1.2943121e-05,-3.6863163e-05,-8.747085e-06,1.2769013e-05,9.447355e-06,-1.4555433e-05,-1.5738206e-05,-1.663221e-05,5.1429324e-05,0.00022264593,3.450772e-05,3.2828953e-05,-4.345983e-06,3.0325355e-05,-1.0142274e-05,-1.0568767e-05,-5.13742e-06,-1.195557e-05,1.6457936e-05,-3.3855995e-06,5.208809e-06
39,-0.00015428843,0.00016745702,-9.1650596e-05,-5.2807463e-05,3.6619655e-05,-1.4534794e-06,-6.18412e-05,-2.834926e-07,2.911e-05,-4.3898493e-05,-0.00013486366,1.0746015e-06,-5.6208955e-05,-2.9223951e-05,3.3229524e-05,3.652883e-05,1.48857725e-05,-4.400346e-05,4.9725284e-05,5.1236988e-05,-2.4623085e-05,4.9799537e-06,-1.359889e-05,2.1609087e-05,-1.7649634e-05,7.3005576e-05,-3.277969e-06,3.0130112e-05,2.3872602e-05,4.5142456e-06,1.6192733e-05,-2.299529e-05,-8.9407185e-06,6.2712224e-06,3.3614644e-05,1.1220672e-05,-4.213887e-06,-2.1910328e-05,3.450772e-05,0.00016092455,-2.8737806e-05,1.9139614e-05,-1.3097613e-05,3.1365867e-06,-5.343668e-06,1.3140865e-05,1.6521817e-05,-1.3932773e-05,-3.7357636e-06,-1.8036153e-06
40,-6.656478e-05,-2.4572615e-05,6.6440252e-06,-1.14266e-05,-2.3849052e-05,6.935126e-05,3.7994134e-05,-9.532254e-06,-1.5652291e-05,-1.2760604e-05,-4.1767074e-05,3.5761053e-07,3.3862587e-05,2.0471336e-05,-5.3652424e-05,-1.4991059e-06,8.416018e-06,1.1842785e-05,6.5994405e-05,-1.4404639e-05,-7.887574e-06,-5.103639e-05,-2.7965485e-05,-2.2392866e-05,-7.0915394e-06,-1.1044083e-05,-2.5869826e-06,3.577266e-05,2.0514493e-05,8.289559e-06,2.629499e-05,-1.6541264e-05,-1.2350218e-05,2.8461549e-05,-1.8990802e-05,2.6105867e-05,-1.6817647e-05,4.4966873e-06,3.2828953e-05,-2.8737806e-05,0.00016967264,2.2824846e-05,-5.7980506e-06,-1.6064962e-05,-2.1174305e-06,-3.4295033e-06,2.457271e-05,1.3560271e-05,2.0160161e-07,3.653983e-05
41,-2.3232866e-05,9.400277e-05,-5.3404452e-05,-4.109145e-05,3.251235e-05,4.870374e-05,4.641861e-06,2.9125273e-05,-2.6717353e-05,-3.0671443e-05,-0.00010584295,-7.9261474e-05,-3.439995e-05,3.1038886e-05,5.800143e-05,-1.2441167e-05,1.5927868e-05,-5.7291203e-05,-2.205517e-05,2.6026523e-06,-1.593216e-06,5.1153715e-05,-1.2524155e-05,2.8006461e-05,-2.015363e-05,-1.6342245e-05,-4.656246e-05,-2.425359e-05,3.0926894e-05,-3.2005578e-06,1.0770082e-05,-1.0016475e-05,1.2795991e-05,-1.4203689e-05,1.9162217e-06,-1.7969553e-05,-1.2695982e-05,-2.390906e-06,-4.345983e-06,1.9139614e-05,2.2824846e-05,0.00018383234,-6.290551e-07,1.3432076e-05,2.043087e-06,-1.3500841e-05,1.144212e-05,6.135424e-06,2.855356e-05,-6.634643e-06
42,3.5410153e-06,1.4807074e-05,-7.891405e-06,-8.826562e-05,-3.3120312e-05,3.5212238e-06,1.4018453e-05,2.4789348e-05,5.3729536e-06,-3.1280993e-05,-8.473662e-05,-1.648203e-05,3.162003e-05,2.5262398e-05,-3.7817343e-05,1.8292925e-05,5.147804e-05,2.2010254e-06,2.2595126e-05,-6.465266e-05,-4.8284977e-07,1.7860377e-05,-2.373505e-05,6.6126713e-06,-3.071715e-05,-3.2345004e-05,1.3636649e-05,3.639498e-05,-4.654099e-06,-1.3724344e-05,8.364826e-06,-1.2777358e-05,5.8087808e-06,-2.495749e-06,3.1148535e-05,-1.254212e-06,-9.0747735e-06,-3.0771087e-05,3.0325355e-05,-1.3097613e-05,-5.7980506e-06,-6.290551e-07,0.0001637175,-1.3222559e-05,-1.3807322e-05,1.6273223e-05,-2.117174e-05,6.879439e-06,-9.731353e-06,-1.1036855e-05
43,3.3545388e-05,6.241435e-05,4.2101186e-05,3.7118738e-05,-7.649886e-06,-1.650541e-06,-1.0190582e-06,-1.5791302e-05,1.7905171e-05,-1.6441689e-05,7.5652126e-05,3.5226454e-05,3.5568904e-05,-3.9958493e-05,1.1173351e-05,7.684005e-06,3.993368e-06,-6.546825e-05,6.0219936e-06,-2.1919062e-05,6.0184633e-05,-2.8952825e-05,-3.0528427e-05,-1.8038456e-05,-2.4713565e-05,4.4626096e-05,-2.0470947e-05,-8.711926e-06,-1.5087649e-06,2.4554643e-05,1.2377905e-05,-1.8258921e-05,4.3564405e-06,9.97916e-06,-1.5692098e-05,4.5259358e-06,-9.635323e-06,2.361488e-05,-1.0142274e-05,3.1365867e-06,-1.6064962e-05,1.3432076e-05,-1.3222559e-05,0.00013978485,1.4755448e-05,-7.403347e-06,-2.4676497e-06,1.8281105e-05,4.9322907e-06,-1.9575451e-05
44,3.2069394e-05,6.5236876e-05,1.8749433e-05,4.7553253e-06,-7.873245e-06,-2.4654555e-05,3.583185e-05,1.1632589e-05,-9.1344045e-06,-6.7384517e-06,-5.84769e-05,-3.2184473e-06,-1.4422576e-05,8.495707e-05,1.1533152e-05,5.4387588e-06,2.7595303e-05,-3.0402738e-05,2.0344987e-07,-3.6667057e-05,5.4341108e-05,-2.7834494e-05,-1.550698e-05,1.4948775e-05,2.0351672e-05,-3.294671e-06,1.2878306e-05,9.998777e-06,1.3839404e-05,-9.976839e-06,-2.2169012e-05,3.8016988e-06,2.9593843e-05,-1.4775127e-05,5.9121326e-06,1.3902332e-05,-1.806382e-05,6.165619e-06,-1.0568767e-05,-5.343668e-06,-2.1174305e-06,2.043087e-06,-1.3807322e-05,1.4755448e-05,0.0001316936,-1.5722081e-06,-1.4505938e-05,-1.03960065e-05,1.7594994e-05,-2.2231152e-06
45,-2.6185699e-05,-8.127112e-05,-2.7500411e-05,1.7832697e-05,-2.4110138e-06,-8.265376e-06,-1.6596201e-05,1.7529542e-06,-1.8425413e-05,3.1884425e-05,5.3993062e-05,2.9217823e-05,4.0116865e-05,2.6666617e-06,3.1332747e-05,-2.0296944e-05,-1.3924001e-05,4.199298e-05,-1.9978572e-05,1.6380052e-05,-6.877389e-06,-3.9810634e-06,-1.9512057e-05,1.9397106e-05,-5.3643697e-07,-2.8907765e-05,-1.0878603e-05,1.377519e-05,1.7112307e-05,3.611869e-05,-1.1718492e-05,2.2509687e-06,2.0313108e-05,1.3638091e-05,1.1926116e-06,-2.657291e-05,-1.958093e-05,-2.428632e-05,-5.13742e-06,1.3140865e-05,-3.4295033e-06,-1.3500841e-05,1.6273223e-05,-7.403347e-06,-1.5722081e-06,0.00012687746,1.5635596e-05,4.357873e-06,-2.561569e-05,4.4446233e-06
46,-3.057353e-05,5.040932e-05,-4.16729e-05,-3.8240454e-05,1.1269514e-05,2.997355e-05,9.648113e-06,2.7968465e-06,-3.500937e-06,-6.2362346e-06,-4.564235e-05,-5.5744968e-06,-7.6619904e-07,-8.803536e-06,8.406014e-06,1.580958e-05,5.52414e-06,-1.19004435e-05,-4.2410584e-06,-4.4589096e-06,-1.4797037e-05,7.1765335e-06,2.3164162e-05,2.1973014e-05,-1.7532773e-05,2.9754723e-05,-1.2143254e-05,3.7312286e-06,-6.6591174e-06,-2.8782812e-05,-1.0941227e-05,2.329261e-05,-9.7181e-06,-9.021569e-06,4.0353825e-06,-3.128095e-05,-3.3195654e-05,-6.5116465e-06,-1.195557e-05,1.6521817e-05,2.457271e-05,1.144212e-05,-2.117174e-05,-2.4676497e-06,-1.4505938e-05,1.5635596e-05,0.00014282517,2.1877547e-06,-4.109485e-06,-2.7693104e-06
47,7.247518e-05,-3.0040726e-05,1.074272e-05,-3.573644e-05,5.0060307e-06,1.9743652e-06,8.951733e-06,-4.570291e-06,-1.7122671e-05,2.6893045e-05,6.5335535e-06,-3.362082e-05,-4.7954372e-06,3.6119884e-05,4.781277e-05,-3.0133615e-05,-3.2668537e-05,4.7584257e-07,2.0666495e-05,4.4490273e-05,-3.2288743e-05,-4.1460207e-05,-5.2774762e-06,-1.9646868e-05,-8.1902505e-07,-3.3403958e-05,-3.5189936e-05,-2.5456728e-05,-2.816069e-05,-3.1680982e-05,3.747015e-06,-9.897838e-07,1.3161332e-05,1.050942e-05,8.1429025e-06,4.9359833e-06,9.59994e-06,-5.599597e-06,1.6457936e-05,-1.3932773e-05,1.3560271e-05,6.135424e-06,6.879439e-06,1.8281105e-05,-1.03960065e-05,4.357873e-06,2.1877547e-06,0.00014361892,-1.1431338e-05,-5.2236164e-06
48,-2.6277146e-05,-6.5148764e-05,-2.5423433e-05,1.6057696e-05,-1.6667032e-05,9.687785e-06,1.3429912e-05,-2.3322003e-05,-1.325534e-05,1.8216926e-05,5.5309672e-05,3.9185405e-05,2.3773813e-05,-2.3030068e-05,1.2955406e-05,1.8670264e-05,1.0133444e-05,9.707133e-06,1.5556578e-05,1.2885053e-05,-3.0773288e-05,-2.3115728e-05,9.620244e-06,8.440323e-06,6.25975e-06,1.1155595e-05,-1.6868134e-05,-1.9932686e-05,-2.6987339e-06,5.9880963e-06,-1.3897356e-05,-2.8363393e-06,-1.801821e-05,-9.004461e-06,-9.1843305e-08,-7.699157e-06,6.701617e-06,-1.3130884e-05,-3.3855995e-06,-3.7357636e-06,2.0160161e-07,2.855356e-05,-9.731353e-06,4.9322907e-06,1.7594994e-05,-2.561569e-05,-4.109485e-06,-1.1431338e-05,0.000108118824,1.2008408e-05
49,-1.730374e-05,2.620162e-05,2.922967e-05,1.02468675e-05,-1.1747349e-05,3.355598e-05,2.5244613e-06,4.264827e-06,2.2633854e-05,-1.4160674e-05,5.1391475e-05,4.7586487e-05,2.8087798e-05,-5.665972e-06,1.7276607e-05,-1.3192546e-05,3.9379893e-06,-1.25744655e-05,-2.1090327e-05,-4.166399e-05,2.851012e-05,3.0534447e-06,-5.877142e-06,-1.5665942e-07,1.04216015e-05,-1.9146996e-06,-8.699403e-06,1.4862653e-05,8.3559246e-07,7.517542e-06,-2.8748896e-06,-1.1812322e-05,2.5355637e-06,-1.6911214e-05,-3.1080976e-06,1.0267702e-05,1.1912129e-05,-1.2241251e-05,5.208809e-06,-1.8036153e-06,3.653983e-05,-6.634643e-06,-1.1036855e-05,-1.9575451e-05,-2.2231152e-06,4.4446233e-06,-2.7693104e-06,-5.2236164e-06,1.2008408e-05,0.00012813095
