,0,1,2,3,4,5,6,7,8,9,10,11,12,13,14,15,16,17,18,19,20,21,22,23,24,25,26,27,28,29,30,31,32,33,34,35,36,37,38,39,40,41,42,43,44,45,46,47,48,49
0,780.3482,142.6203,-181.0805,26.942684,-13.182194,-6.471874,33.93602,-8.741196,28.005468,-0.13796937,0.08003955,0.00211542,-0.004442026,0.0070761004,0.0044378284,-0.00043687178,0.0059157573,-0.0033399793,-0.008410637,0.006949318,-0.00095054193,-0.0050037485,0.0036583254,-0.00077506853,0.007427837,0.00042922032,0.0035251095,0.0036870546,0.0027708388,0.0007975284,-0.000471601,-0.0016195856,-0.00033297372,-0.00093736214,0.0032451078,0.0005511211,-0.0020075133,-0.0003954667,-0.0007606207,0.000696684,0.0018941218,-0.0010835971,-0.0014444389,-0.00029106793,0.00050058996,0.0014466622,0.0005438661,0.00032792852,-0.0007724746,-0.00024558709
1,142.6203,29.23999,-35.688545,3.2447572,3.9648776,-0.78221035,3.3750443,-3.6334622,5.9078455,-0.02184572,0.013023175,-0.0017288977,-0.00034998034,-0.00018072611,0.00093946164,0.00032820372,0.0015145327,-0.003560471,0.0003709741,0.00046684267,-0.0009579968,-0.0015611997,0.0020937573,0.0004581958,0.0011741815,0.000281891,0.00023169871,0.0020110952,-0.0001796711,0.0004930106,-0.0006622352,-0.00041749026,0.00022154168,8.075517e-05,9.755413e-05,0.0006162144,-0.00024788745,-4.6356006e-05,-0.0001632986,0.00028527083,1.1695878e-05,-0.00036071538,-6.666401e-05,4.1522485e-06,0.00039968014,-9.727168e-06,0.00012668828,0.00023149088,4.9036804e-05,0.00020002684
2,-181.0805,-35.688545,46.346237,-7.0668325,-2.6305711,2.264028,-2.76197,0.97053444,-8.468359,0.03661821,-0.023057874,2.53704e-06,-0.001948712,0.00015273187,-0.0005393281,-0.0014124336,-0.0021540609,0.0011390427,0.0015301069,-0.0011190923,-0.0006201465,0.00022250315,-0.0012359277,0.0005242722,-0.0018366266,4.7075322e-05,-0.0007499184,-0.0010703513,-0.00086360506,-0.00049828895,0.0001631437,0.000533812,-9.195837e-05,0.000104905164,-0.00030747888,-0.00043861952,0.00076290173,8.6699074e-05,0.00042005698,-0.00043067872,-0.00046665457,-0.00012787801,0.00027281462,0.00028064838,2.0625972e-05,-5.460447e-05,-0.00012333554,-0.000104801744,-1.4685786e-05,-4.2531712e-05
3,26.942684,3.2447572,-7.0668325,4.0109043,-3.3802142,-1.526407,-0.11152741,3.4979734,1.8735728,0.0035697827,0.0007702216,-0.00016990578,0.0015808389,0.0008018345,0.0012496265,-0.0006004125,-0.000112407186,-6.9145746e-05,0.0005994369,0.0004496384,0.0006534404,0.0007717067,-3.5597637e-05,-0.00010456084,-0.00013209062,9.035173e-06,0.0002345359,8.182631e-06,-7.782675e-06,-2.0507583e-05,0.00030832004,5.6801757e-05,0.0002545258,-0.000199839,7.977894e-05,9.6367614e-05,-0.00021000204,-6.572585e-05,-9.224536e-05,0.00019637383,0.00019496976,5.8956884e-05,7.959945e-06,-7.814974e-05,3.3512092e-07,7.763847e-05,2.135339e-05,9.490515e-05,0.00013660296,-1.0331612e-05
4,-13.182194,3.9648776,-2.6305711,-3.3802142,13.167698,0.68874884,-6.8630514,-3.376068,1.3895742,-0.011661619,0.006789374,-0.00019041385,0.0018910889,-0.003179323,-0.0010843695,0.002076062,0.0012290367,-0.0008559901,-0.00075164123,-0.00034309246,-7.6126584e-05,-0.001325652,0.00039261574,-0.00010353504,0.0005481565,-7.426446e-05,-0.0003719444,-0.00039288212,0.00021405966,0.0003385839,-0.00072546647,-0.00032739074,-0.00034247222,0.000345083,-0.00013483764,-3.9809907e-05,-1.5818106e-05,0.00012639904,3.579181e-05,-0.00010641735,-0.00030387158,0.00011099261,-0.00016805322,-1.2897897e-05,1.9145346e-06,-0.00021311488,3.774302e-05,-0.00011152432,-3.9038303e-05,2.526835e-05
5,-6.471874,-0.78221035,2.264028,-1.526407,0.68874884,0.6480081,0.7469825,-1.5400785,-0.79241484,-0.0028575938,0.00015398627,0.0003118685,-0.00076258346,-9.922299e-05,-0.00068030495,0.00046352064,0.00023750111,0.0001894148,-0.0004893523,-0.0003814362,-5.890055e-05,-0.00032383326,-6.4236774e-05,0.000148199,0.00025214627,-0.00020003306,6.1634404e-05,-3.398686e-05,2.9862453e-05,-0.00014288179,-6.6717344e-05,-0.00013770408,6.8755704e-05,-0.00014636811,4.3638647e-06,0.00010191217,5.6150457e-05,3.3227494e-05,-9.7321936e-05,-4.5904497e-05,-0.00010711049,-8.7646855e-05,3.0014791e-05,3.08905e-05,-0.00012630019,3.0965304e-05,-9.098973e-05,-1.42750905e-05,3.2799658e-06,-2.1129363e-05
6,33.93602,3.3750443,-2.76197,-0.11152741,-6.8630514,0.7469825,7.55829,-2.0273604,-1.168874,-0.0010909415,-0.00330303,0.00092841766,-0.0033441717,9.737515e-05,-0.00011574014,-0.0010097359,-0.00069643103,0.0006656531,-0.00037054834,0.0002754742,-0.000535911,-3.322339e-05,-8.456597e-05,0.00039927833,0.00020602388,0.00028921914,-0.0001577502,-7.76059e-05,-0.00023984053,-0.00015603687,0.00012491629,-0.00015387083,9.741176e-05,-8.549106e-05,8.750979e-05,-7.7277364e-05,0.00013252371,-1.2062914e-06,2.8991626e-06,-8.969138e-05,-9.3551265e-05,-0.00016346527,4.815236e-05,7.290779e-05,-4.629163e-05,0.00011581305,-2.6264506e-05,-3.9672683e-05,-1.4426909e-05,1.8539815e-05
7,-8.741196,-3.6334622,0.97053444,3.4979734,-3.376068,-1.5400785,-2.0273604,4.7890778,0.8259029,0.008977982,-0.0007674907,0.00023851253,0.002099065,0.0016622492,0.0011583173,-0.00064172305,-0.0003471591,0.00024774345,-7.554371e-06,0.00027041294,0.0004047646,0.0003213962,-0.0005095833,0.00015551384,-0.00015823981,-0.00018511011,0.00026837253,-0.00042643235,8.498588e-05,-0.00031322608,0.00037772843,0.00014599148,0.00014845219,-0.00025335338,0.00029052168,-6.297603e-05,-4.542955e-05,-0.00014219085,-7.74529e-05,1.3730942e-05,0.0002109514,-0.00010649479,-9.295108e-05,-8.054728e-06,-6.5257474e-05,0.0002246615,6.1516203e-06,-3.0262127e-05,-0.00012843555,-7.985497e-05
8,28.005468,5.9078455,-8.468359,1.8735728,1.3895742,-0.79241484,-1.168874,0.8259029,2.0044122,0.0006367606,0.0014588855,-3.6717527e-05,0.0007873219,-0.00047792992,0.0008217809,0.00017934744,-0.00014417866,-0.00072221603,0.00053702784,0.00029072625,-3.3912518e-05,-0.00010709121,0.0003808778,0.0003530248,-0.00011118012,0.0004211518,-0.00034516887,-0.00023740363,-0.00014801565,-1.08581535e-05,-0.00016086682,-5.9481557e-05,-1.7752736e-05,0.0001739455,3.296534e-05,4.9735656e-05,0.00010211555,0.0001285445,0.00019073667,-0.00013209367,-0.00016741973,9.911848e-05,2.4734829e-05,6.187515e-05,0.00018140337,-3.9188613e-05,-4.9474755e-05,-7.838978e-05,0.00018340643,1.8416744e-05
9,-0.13796937,-0.02184572,0.03661821,0.0035697827,-0.011661619,-0.0028575938,-0.0010909415,0.008977982,0.0006367606,0.014368465,-0.006092304,-0.00082593056,0.00028340652,-0.00016851118,0.0011419805,-0.0013095075,-0.00044964603,-0.0021701844,0.0016711589,-9.007671e-06,-0.0014748324,-0.0007790511,0.0009649939,0.0015996041,-0.00050428713,0.0006641594,-0.0007908154,0.00064043154,-0.00084726064,7.694596e-05,-0.00061650923,-0.0002413285,0.000107541724,-0.00017632256,-7.304878e-05,0.0002662685,0.0005559589,-8.268145e-05,5.153581e-05,-0.00010530195,-0.00045185623,-0.00046709593,-5.6638768e-05,9.9568446e-05,0.00022008909,-3.624474e-05,0.00013627997,3.913868e-05,-9.386421e-07,0.00016458696
10,0.08003955,0.013023175,-0.023057874,0.0007702216,0.006789374,0.00015398627,-0.00330303,-0.0007674907,0.0014588855,-0.006092304,0.00456518,0.00048563525,0.00036625506,0.0016018639,-0.0006750134,0.00029637906,0.00011586779,0.0009325432,-0.00071692065,0.00013555629,8.73169e-05,-2.4392113e-05,-0.00031088217,-0.00025245093,0.00032678712,-0.00010848521,0.00019301852,-0.0001913489,0.00037719525,-0.00014482127,8.570123e-06,3.2637297e-05,-0.00024435722,-0.0001857093,0.00015276484,-9.879202e-07,3.924845e-05,-3.1045247e-06,-7.392127e-05,-0.00012461412,0.00017026847,0.00013250312,-4.164404e-05,2.3814475e-05,-0.00021874774,6.463389e-05,5.5010732e-05,9.75429e-06,-0.0001792251,-8.820309e-05
11,0.00211542,-0.0017288977,2.53704e-06,-0.00016990578,-0.00019041385,0.0003118685,0.00092841766,0.00023851253,-3.6717527e-05,-0.00082593056,0.00048563525,0.0015586168,0.00015485715,-0.00033013764,-0.00017200287,0.00010432821,-0.0001489678,0.00063175743,-0.000854029,-0.00017502144,0.00018259765,-9.812182e-05,-0.0003720297,0.0003807923,6.717467e-05,0.00039574044,-0.0003214802,-0.00063069444,0.00031012806,1.1402469e-06,-2.5540561e-05,-8.9173096e-05,-0.00010830375,4.9119302e-05,-5.9184717e-05,-0.00015259604,-1.67234e-05,0.00010492628,-8.6002565e-06,-1.5140038e-05,4.4092553e-06,-8.6011234e-05,-0.00015221242,1.0396994e-05,-0.00016811787,-5.1522497e-05,4.9634225e-05,-0.00011867484,9.668071e-05,-6.3646505e-05
12,-0.004442026,-0.00034998034,-0.001948712,0.0015808389,0.0018910889,-0.00076258346,-0.0033441717,0.002099065,0.0007873219,0.00028340652,0.00036625506,0.00015485715,0.0007203857,-0.00016329302,-0.00041718286,-0.00020410703,0.00011808406,0.000165976,7.833331e-05,6.492382e-05,-0.00016438978,0.00011820244,2.642965e-05,0.00019630688,0.00016328432,0.000105005536,-0.00017696811,0.00010825925,-7.4219806e-06,0.0001728776,-4.095202e-05,-0.00023956937,3.056721e-05,-0.0002570863,-3.7454098e-05,0.00013353812,-1.0546242e-05,-0.000113451446,-0.00014883305,7.37825e-05,-4.1816853e-05,-7.821474e-05,-8.9590234e-05,-4.8956616e-05,-0.00020263389,-1.4184792e-05,9.8879405e-05,8.328962e-06,-5.9734553e-05,4.5318153e-05
13,0.0070761004,-0.00018072611,0.00015273187,0.0008018345,-0.003179323,-9.922299e-05,9.737515e-05,0.0016622492,-0.00047792992,-0.00016851118,0.0016018639,-0.00033013764,-0.00016329302,0.0024275852,8.528866e-05,-0.00020628393,-0.00028512365,-0.00041088788,7.191785e-05,-9.952794e-05,-0.0004075484,-0.00039629632,0.0001107218,0.0001683794,-1.9812389e-05,0.00012236819,4.0500636e-05,0.00021649689,9.842257e-05,-0.00019454383,-0.00017935835,0.00018862347,-0.0001332349,-0.00012109711,0.00014173792,0.00016375401,0.00013037416,5.6502948e-05,2.8967705e-05,-2.4810734e-05,6.4801134e-05,-2.7760047e-05,5.3539203e-05,0.00013738465,2.2377088e-05,-1.933681e-05,-1.6265472e-05,0.00011867515,2.036283e-05,-5.962167e-05
14,0.0044378284,0.00093946164,-0.0005393281,0.0012496265,-0.0010843695,-0.00068030495,-0.00011574014,0.0011583173,0.0008217809,0.0011419805,-0.0006750134,-0.00017200287,-0.00041718286,8.528866e-05,0.0018194952,-0.00013584169,8.488289e-05,-0.00022292709,-0.0003411139,-5.2276366e-05,3.590587e-05,-0.00034501328,0.000102233156,-3.9508737e-05,-0.0002780083,5.083711e-05,9.826904e-05,-0.00017918958,-0.00023474384,-0.00023586502,-0.00025170564,0.00017707437,-0.00018032687,5.2631836e-05,0.00023340833,-0.0001606489,0.000116210875,4.7946516e-05,9.743064e-05,-0.00027359836,8.580128e-05,-1.0839811e-05,8.513301e-05,-1.5621761e-05,0.00019589414,3.7956917e-05,1.8558516e-05,2.5880494e-05,-8.35748e-05,3.95205e-05
15,-0.00043687178,0.00032820372,-0.0014124336,-0.0006004125,0.002076062,0.00046352064,-0.0010097359,-0.00064172305,0.00017934744,-0.0013095075,0.00029637906,0.00010432821,-0.00020410703,-0.00020628393,-0.00013584169,0.0012619911,8.134669e-05,0.00024560463,-3.8869934e-05,-0.00033751305,0.0004445429,0.00020186635,3.3397067e-05,-0.00011112323,-5.341685e-05,-9.571355e-06,2.1756323e-05,-0.00013816914,-1.6388352e-05,-0.00016183403,1.2664803e-05,-5.114227e-05,0.00023851292,6.827794e-05,-0.00024015972,-2.5774883e-05,9.355031e-05,8.91923e-05,-5.553214e-05,-7.489375e-05,-8.468519e-06,8.134931e-05,7.578139e-05,-2.068523e-05,0.0001275546,0.00015054931,-0.00023171789,-3.8984428e-05,5.6851295e-05,-2.1853095e-05
16,0.0059157573,0.0015145327,-0.0021540609,-0.000112407186,0.0012290367,0.00023750111,-0.00069643103,-0.0003471591,-0.00014417866,-0.00044964603,0.00011586779,-0.0001489678,0.00011808406,-0.00028512365,8.488289e-05,8.134669e-05,0.00086981326,0.00022618799,0.00011245583,-3.875245e-05,0.00014371012,-0.00014932096,-3.660029e-05,-9.567833e-05,0.00011682128,-0.00015100573,0.00024464208,0.00015892295,-0.00013747753,1.3233499e-05,0.000120145254,-6.860572e-05,0.000117342046,-8.827026e-05,0.00012561922,2.957599e-05,-4.8736525e-05,-0.000106193576,1.6403454e-05,-7.6718236e-05,7.65805e-05,-9.652588e-05,7.6193983e-06,-5.639995e-05,5.4818767e-05,0.00014952724,-5.872018e-05,-6.1703075e-05,-6.972411e-05,-1.905554e-05
17,-0.0033399793,-0.003560471,0.0011390427,-6.9145746e-05,-0.0008559901,0.0001894148,0.0006656531,0.00024774345,-0.00072221603,-0.0021701844,0.0009325432,0.00063175743,0.000165976,-0.00041088788,-0.00022292709,0.00024560463,0.00022618799,0.0011757872,-0.00027791475,0.00018120502,0.00035303552,0.00022146202,-0.0002908767,-0.0002036447,0.0002070507,0.00018677331,-0.00019904191,-0.000566181,7.592686e-05,4.1183346e-05,8.116015e-05,-1.5946529e-05,-4.9160735e-05,-4.9431175e-05,8.212582e-05,-0.00013324927,-3.750703e-05,2.8497363e-05,7.3549886e-06,-0.00016509478,-2.516144e-05,0.00014656289,-3.874814e-05,-2.6777847e-05,-8.340238e-05,3.324093e-05,-6.942465e-05,-0.00011719927,5.9767262e-06,-4.442723e-05
18,-0.008410637,0.0003709741,0.0015301069,0.0005994369,-0.00075164123,-0.0004893523,-0.00037054834,-7.554371e-06,0.00053702784,0.0016711589,-0.00071692065,-0.000854029,7.833331e-05,7.191785e-05,-0.0003411139,-3.8869934e-05,0.00011245583,-0.00027791475,0.0013136287,0.00010818898,-1.2733415e-05,0.00020037364,0.00021367587,-9.233664e-05,-7.532092e-05,-7.866889e-05,-2.130351e-05,0.0004623194,-0.00029234774,9.8336954e-05,0.00011485309,4.351503e-05,0.00011444984,-2.4359483e-06,-8.4555584e-05,0.0001620849,8.700126e-06,-3.9136394e-05,3.658284e-05,1.0021074e-05,-2.602555e-05,8.0824706e-05,0.00010261453,6.1062456e-05,0.00010218161,-6.1901856e-06,-9.936148e-06,5.8673264e-05,5.0913834e-05,5.3509237e-05
19,0.006949318,0.00046684267,-0.0011190923,0.0004496384,-0.00034309246,-0.0003814362,0.0002754742,0.00027041294,0.00029072625,-9.007671e-06,0.00013555629,-0.00017502144,6.492382e-05,-9.952794e-05,-5.2276366e-05,-0.00033751305,-3.875245e-05,0.00018120502,0.00010818898,0.0009360491,-6.331618e-05,-5.4847364e-06,-1.7425482e-05,-0.00010900243,-0.00015110543,-0.00013149998,3.0278701e-05,-9.3496754e-05,-0.000105674204,0.00023526142,-2.6093892e-05,2.2408736e-05,-0.00015831995,-0.00011447781,0.0001670004,-0.00016811247,0.00015395874,6.346597e-05,3.3650686e-05,-1.868022e-05,-8.156972e-05,-2.3956498e-05,-0.00016027634,0.000117704985,9.731564e-05,4.551971e-05,0.00010541361,-7.3383686e-05,-4.8743816e-05,-1.9661393e-06
20,-0.00095054193,-0.0009579968,-0.0006201465,0.0006534404,-7.6126584e-05,-5.890055e-05,-0.000535911,0.0004047646,-3.3912518e-05,-0.0014748324,8.73169e-05,0.00018259765,-0.00016438978,-0.0004075484,3.590587e-05,0.0004445429,0.00014371012,0.00035303552,-1.2733415e-05,-6.331618e-05,0.00093001814,4.093296e-05,-0.00020953319,-0.00045502564,-5.2658124e-06,-0.00010968702,0.00022457595,-0.00021093446,-2.646531e-05,4.1175306e-05,8.793412e-05,5.1844872e-05,0.00017551324,7.129669e-05,-0.00019322021,-8.588169e-05,-8.1066435e-05,0.00010518631,-3.218886e-05,8.935213e-05,9.788429e-05,2.336026e-06,-1.48833005e-05,1.8094936e-05,9.235342e-05,9.614905e-05,-5.259725e-05,5.388673e-06,0.00012648394,-3.0612428e-06
21,-0.0050037485,-0.0015611997,0.00022250315,0.0007717067,-0.001325652,-0.00032383326,-3.322339e-05,0.0003213962,-0.00010709121,-0.0007790511,-2.4392113e-05,-9.812182e-05,0.00011820244,-0.00039629632,-0.00034501328,0.00020186635,-0.00014932096,0.00022146202,0.00020037364,-5.4847364e-06,4.093296e-05,0.0007972955,0.00020535503,-0.00012646601,-0.0001222681,0.00013827876,-0.00017649124,0.00014560233,3.314056e-05,0.0001758872,4.35233e-05,1.2245218e-05,1.5148844e-06,4.586558e-05,-0.00017400747,4.832038e-05,-3.372785e-05,6.945804e-05,-4.452649e-05,4.1488325e-05,-3.8371683e-05,0.00024061502,6.815238e-05,-5.347375e-05,-6.48196e-05,-0.00017717411,5.3641925e-06,-8.512488e-06,8.724597e-05,4.9861366e-05
22,0.0036583254,0.0020937573,-0.0012359277,-3.5597637e-05,0.00039261574,-6.4236774e-05,-8.456597e-05,-0.0005095833,0.0003808778,0.0009649939,-0.00031088217,-0.0003720297,2.642965e-05,0.0001107218,0.000102233156,3.3397067e-05,-3.660029e-05,-0.0002908767,0.00021367587,-1.7425482e-05,-0.00020953319,0.00020535503,0.00045169808,0.00014210047,-9.878529e-05,6.856381e-05,-9.354933e-05,0.00030344175,-0.00010477193,7.699129e-05,-0.00010746879,6.189114e-05,3.8347793e-05,-7.50137e-05,-0.00010218275,4.3146174e-05,0.00011528231,3.9741117e-05,-5.7173973e-05,-7.3479525e-05,-7.104838e-05,1.9584293e-05,9.469403e-06,-3.807785e-05,2.444047e-05,-3.2595024e-05,2.0345084e-05,-1.3018443e-05,-3.9023944e-05,4.110598e-05
23,-0.00077506853,0.0004581958,0.0005242722,-0.00010456084,-0.00010353504,0.000148199,0.00039927833,0.00015551384,0.0003530248,0.0015996041,-0.00025245093,0.0003807923,0.00019630688,0.0001683794,-3.9508737e-05,-0.00011112323,-9.567833e-05,-0.0002036447,-9.233664e-05,-0.00010900243,-0.00045502564,-0.00012646601,0.00014210047,0.0006785156,2.5864967e-05,0.00016391574,-0.00026703352,-2.3905035e-05,-2.4211979e-05,-6.913138e-05,-0.00014390452,-7.144222e-05,-3.4656245e-05,-7.701373e-05,4.2505584e-05,6.8271926e-05,9.869895e-05,1.0451385e-05,-5.617808e-05,-6.0397495e-05,-7.523873e-05,-8.985016e-05,-5.4526303e-05,1.0943103e-05,-0.00010147861,-5.309684e-05,5.2735166e-05,-5.139672e-05,-1.3109952e-05,-1.2823279e-05
24,0.007427837,0.0011741815,-0.0018366266,-0.00013209062,0.0005481565,0.00025214627,0.00020602388,-0.00015823981,-0.00011118012,-0.00050428713,0.00032678712,6.717467e-05,0.00016328432,-1.9812389e-05,-0.0002780083,-5.341685e-05,0.00011682128,0.0002070507,-7.532092e-05,-0.00015110543,-5.2658124e-06,-0.0001222681,-9.878529e-05,2.5864967e-05,0.00037498318,-4.3908585e-05,-3.5661567e-05,-7.010823e-05,-1.3786786e-05,-4.8757865e-05,7.969592e-05,-5.989641e-05,0.00010374474,-8.593645e-05,5.6961006e-05,5.9477854e-05,-0.00011262177,-7.120895e-05,-9.5942494e-05,-2.681846e-05,-4.5809295e-05,-3.9184833e-05,7.340226e-06,-2.6405873e-05,-0.00011879739,3.3328783e-05,-4.0144943e-05,2.4912351e-06,-5.8055866e-05,-8.098679e-06
25,0.00042922032,0.000281891,4.7075322e-05,9.035173e-06,-7.426446e-05,-0.00020003306,0.00028921914,-0.00018511011,0.0004211518,0.0006641594,-0.00010848521,0.00039574044,0.000105005536,0.00012236819,5.083711e-05,-9.571355e-06,-0.00015100573,0.00018677331,-7.866889e-05,-0.00013149998,-0.00010968702,0.00013827876,6.856381e-05,0.00016391574,-4.3908585e-05,0.0005280498,-0.00030801038,-9.139961e-05,4.4673296e-05,0.00011479664,-4.61585e-05,-2.199261e-06,-1.4830924e-05,7.210125e-05,-9.022001e-05,-3.2614487e-05,8.134773e-06,7.910592e-05,5.6660074e-06,-5.6276214e-05,-9.07261e-06,7.84965e-07,-2.6170594e-05,-1.5530157e-05,-1.5677839e-05,-7.916648e-05,1.7519204e-05,-2.3974058e-05,2.5640782e-05,3.996008e-06
26,0.0035251095,0.00023169871,-0.0007499184,0.0002345359,-0.0003719444,6.1634404e-05,-0.0001577502,0.00026837253,-0.00034516887,-0.0007908154,0.00019301852,-0.0003214802,-0.00017696811,4.0500636e-05,9.826904e-05,2.1756323e-05,0.00024464208,-0.00019904191,-2.130351e-05,3.0278701e-05,0.00022457595,-0.00017649124,-9.354933e-05,-0.00026703352,-3.5661567e-05,-0.00030801038,0.00047728705,0.00011507187,-4.6337875e-05,-0.00011739353,8.366504e-05,1.05706085e-05,6.559047e-05,3.331685e-05,8.598712e-05,-3.0993546e-05,-3.5823778e-05,-7.923359e-06,4.220754e-05,6.0305e-05,0.000107735454,-5.73637e-05,1.7657516e-05,3.819068e-06,7.811353e-05,8.214781e-05,-1.9405845e-05,7.6843455e-05,-3.968912e-05,-3.8165836e-05
27,0.0036870546,0.0020110952,-0.0010703513,8.182631e-06,-0.00039288212,-3.398686e-05,-7.76059e-05,-0.00042643235,-0.00023740363,0.00064043154,-0.0001913489,-0.00063069444,0.00010825925,0.00021649689,-0.00017918958,-0.00013816914,0.00015892295,-0.000566181,0.0004623194,-9.3496754e-05,-0.00021093446,0.00014560233,0.00030344175,-2.3905035e-05,-7.010823e-05,-9.139961e-05,0.00011507187,0.0006792233,-6.211382e-05,0.0001612213,5.4075605e-05,-8.917225e-07,5.970084e-05,-3.5227917e-05,-6.958311e-05,0.00015734007,-3.320103e-05,-5.770113e-05,-2.5802743e-05,9.948917e-05,2.0705378e-05,-5.7716265e-05,2.7336573e-05,-2.0702031e-05,3.0949283e-05,-4.096675e-05,3.9311206e-05,6.592533e-05,-2.1744061e-05,5.539613e-05
28,0.0027708388,-0.0001796711,-0.00086360506,-7.782675e-06,0.00021405966,2.9862453e-05,-0.00023984053,8.498588e-05,-0.00014801565,-0.00084726064,0.00037719525,0.00031012806,-7.4219806e-06,9.842257e-05,-0.00023474384,-1.6388352e-05,-0.00013747753,7.592686e-05,-0.00029234774,-0.000105674204,-2.646531e-05,3.314056e-05,-0.00010477193,-2.4211979e-05,-1.3786786e-05,4.4673296e-05,-4.6337875e-05,-6.211382e-05,0.00036601606,2.2972956e-05,1.9986644e-05,3.27792e-05,-3.865378e-05,4.946425e-05,-7.772971e-05,-2.3974902e-05,-7.627587e-05,-1.3237079e-05,3.5196936e-05,8.286639e-05,-6.6604425e-06,1.2530354e-05,-3.4396027e-05,-7.133149e-05,-4.2742184e-05,-6.6904664e-05,-1.1945851e-05,2.4547811e-05,5.672573e-05,-5.1426956e-05
29,0.0007975284,0.0004930106,-0.00049828895,-2.0507583e-05,0.0003385839,-0.00014288179,-0.00015603687,-0.00031322608,-1.08581535e-05,7.694596e-05,-0.00014482127,1.1402469e-06,0.0001728776,-0.00019454383,-0.00023586502,-0.00016183403,1.3233499e-05,4.1183346e-05,9.8336954e-05,0.00023526142,4.1175306e-05,0.0001758872,7.699129e-05,-6.913138e-05,-4.8757865e-05,0.00011479664,-0.00011739353,0.0001612213,2.2972956e-05,0.00037734554,6.293795e-05,-2.0083906e-05,-1.8033234e-07,-1.0877317e-05,-9.424635e-05,1.7955728e-05,-5.3031792e-05,6.25319e-06,-2.4676276e-05,9.9383455e-05,-4.07398e-06,-4.009915e-05,-8.892389e-05,1.0941219e-05,-7.780665e-06,-1.9249086e-05,9.271024e-05,-4.5360364e-05,4.3989792e-05,3.1171854e-05
30,-0.000471601,-0.0006622352,0.0001631437,0.00030832004,-0.00072546647,-6.6717344e-05,0.00012491629,0.00037772843,-0.00016086682,-0.00061650923,8.570123e-06,-2.5540561e-05,-4.095202e-05,-0.00017935835,-0.00025170564,1.2664803e-05,0.000120145254,8.116015e-05,0.00011485309,-2.6093892e-05,8.793412e-05,4.35233e-05,-0.00010746879,-0.00014390452,7.969592e-05,-4.61585e-05,8.366504e-05,5.4075605e-05,1.9986644e-05,6.293795e-05,0.00024499444,-1.3225508e-05,7.4512645e-05,3.615174e-05,5.3371557e-05,8.433107e-06,-0.0001455372,8.049783e-06,3.9250226e-05,2.3046332e-05,1.8802595e-05,1.2719167e-05,2.1571872e-05,1.2456847e-05,-3.0461484e-05,5.7034376e-06,-6.6420143e-06,-3.282702e-06,2.2942724e-05,-2.032867e-05
31,-0.0016195856,-0.00041749026,0.000533812,5.6801757e-05,-0.00032739074,-0.00013770408,-0.00015387083,0.00014599148,-5.9481557e-05,-0.0002413285,3.2637297e-05,-8.9173096e-05,-0.00023956937,0.00018862347,0.00017707437,-5.114227e-05,-6.860572e-05,-1.5946529e-05,4.351503e-05,2.2408736e-05,5.1844872e-05,1.2245218e-05,6.189114e-05,-7.144222e-05,-5.989641e-05,-2.199261e-06,1.05706085e-05,-8.917225e-07,3.27792e-05,-2.0083906e-05,-1.3225508e-05,0.00019181143,-5.845618e-05,7.751335e-05,4.7556796e-06,-6.856643e-05,-1.9075874e-06,5.6204524e-05,3.5376994e-05,-2.9789413e-05,2.1817264e-05,4.7945665e-05,4.1737494e-06,5.668307e-06,6.9799426e-05,-3.7505622e-05,-8.069494e-06,8.0074105e-06,1.9815983e-05,-1.2533303e-05
32,-0.00033297372,0.00022154168,-9.195837e-05,0.0002545258,-0.00034247222,6.8755704e-05,9.741176e-05,0.00014845219,-1.7752736e-05,0.000107541724,-0.00024435722,-0.00010830375,3.056721e-05,-0.0001332349,-0.00018032687,0.00023851292,0.000117342046,-4.9160735e-05,0.00011444984,-0.00015831995,0.00017551324,1.5148844e-06,3.8347793e-05,-3.4656245e-05,0.00010374474,-1.4830924e-05,6.559047e-05,5.970084e-05,-3.865378e-05,-1.8033234e-07,7.4512645e-05,-5.845618e-05,0.00024260231,-2.1988446e-05,-0.00011231561,3.460353e-05,-6.505446e-05,1.7346425e-05,-7.51114e-05,5.0818497e-05,-1.3031266e-05,-5.252319e-05,1.716362e-05,-1.707397e-05,8.0243735e-06,4.7292786e-05,-5.4949563e-05,2.2504908e-05,2.5312254e-05,-8.077474e-06
33,-0.00093736214,8.075517e-05,0.000104905164,-0.000199839,0.000345083,-0.00014636811,-8.549106e-05,-0.00025335338,0.0001739455,-0.00017632256,-0.0001857093,4.9119302e-05,-0.0002570863,-0.00012109711,5.2631836e-05,6.827794e-05,-8.827026e-05,-4.9431175e-05,-2.4359483e-06,-0.00011447781,7.129669e-05,4.586558e-05,-7.50137e-05,-7.701373e-05,-8.593645e-05,7.210125e-05,3.331685e-05,-3.5227917e-05,4.946425e-05,-1.0877317e-05,3.615174e-05,7.751335e-05,-2.1988446e-05,0.00029049438,-8.0583995e-05,-4.7979767e-05,-5.998723e-05,3.1366973e-05,8.594763e-05,1.5772883e-05,7.732267e-05,7.542218e-05,5.3443284e-05,-1.9924788e-05,9.313441e-05,-3.74921e-05,3.3089595e-06,-7.237755e-06,3.1691066e-05,-1.9075074e-05
34,0.0032451078,9.755413e-05,-0.00030747888,7.977894e-05,-0.00013483764,4.3638647e-06,8.750979e-05,0.00029052168,3.296534e-05,-7.304878e-05,0.00015276484,-5.9184717e-05,-3.7454098e-05,0.00014173792,0.00023340833,-0.00024015972,0.00012561922,8.212582e-05,-8.4555584e-05,0.0001670004,-0.00019322021,-0.00017400747,-0.00010218275,4.2505584e-05,5.6961006e-05,-9.022001e-05,8.598712e-05,-6.958311e-05,-7.772971e-05,-9.424635e-05,5.3371557e-05,4.7556796e-06,-0.00011231561,-8.0583995e-05,0.00034016944,-3.0247258e-05,-8.477632e-06,-1.8302027e-05,6.915446e-05,-0.00010867093,-7.930181e-06,-4.8510865e-06,-1.5476164e-05,3.511436e-05,-2.4261739e-05,1.26958275e-05,-6.399231e-06,1.0139747e-05,-6.669016e-05,-3.4161647e-05
35,0.0005511211,0.0006162144,-0.00043861952,9.6367614e-05,-3.9809907e-05,0.00010191217,-7.7277364e-05,-6.297603e-05,4.9735656e-05,0.0002662685,-9.879202e-07,-0.00015259604,0.00013353812,0.00016375401,-0.0001606489,-2.5774883e-05,2.957599e-05,-0.00013324927,0.0001620849,-0.00016811247,-8.588169e-05,4.832038e-05,4.3146174e-05,6.8271926e-05,5.9477854e-05,-3.2614487e-05,-3.0993546e-05,0.00015734007,-2.3974902e-05,1.7955728e-05,8.433107e-06,-6.856643e-05,3.460353e-05,-4.7979767e-05,-3.0247258e-05,0.00021200167,-3.0836713e-05,-6.2695086e-05,-3.9294624e-05,5.339209e-05,-2.3813009e-06,9.265353e-06,6.6497814e-05,7.078306e-08,-6.6550834e-05,-2.6872396e-05,-7.725092e-07,9.874069e-06,3.2227486e-05,3.8851387e-05
36,-0.0020075133,-0.00024788745,0.00076290173,-0.00021000204,-1.5818106e-05,5.6150457e-05,0.00013252371,-4.542955e-05,0.00010211555,0.0005559589,3.924845e-05,-1.67234e-05,-1.0546242e-05,0.00013037416,0.000116210875,9.355031e-05,-4.8736525e-05,-3.750703e-05,8.700126e-06,0.00015395874,-8.1066435e-05,-3.372785e-05,0.00011528231,9.869895e-05,-0.00011262177,8.134773e-06,-3.5823778e-05,-3.320103e-05,-7.627587e-05,-5.3031792e-05,-0.0001455372,-1.9075874e-06,-6.505446e-05,-5.998723e-05,-8.477632e-06,-3.0836713e-05,0.00022638105,3.30935e-05,-7.8466e-06,-8.94393e-05,-7.385531e-05,-1.4701308e-06,-2.538805e-05,3.2568598e-05,7.531121e-05,3.7758124e-05,-1.5316193e-05,-3.5201614e-05,-4.9544793e-05,1.9465959e-05
37,-0.0003954667,-4.6356006e-05,8.6699074e-05,-6.572585e-05,0.00012639904,3.3227494e-05,-1.2062914e-06,-0.00014219085,0.0001285445,-8.268145e-05,-3.1045247e-06,0.00010492628,-0.000113451446,5.6502948e-05,4.7946516e-05,8.91923e-05,-0.000106193576,2.8497363e-05,-3.9136394e-05,6.346597e-05,0.00010518631,6.945804e-05,3.9741117e-05,1.0451385e-05,-7.120895e-05,7.910592e-05,-7.923359e-06,-5.770113e-05,-1.3237079e-05,6.25319e-06,8.049783e-06,5.6204524e-05,1.7346425e-05,3.1366973e-05,-1.8302027e-05,-6.2695086e-05,3.30935e-05,0.00014308527,-2.622209e-06,-2.3218421e-05,-2.711586e-05,3.2066127e-05,-2.2149303e-05,3.9226346e-05,3.7845602e-05,-2.2917744e-05,2.6316884e-06,-7.3098945e-06,4.87649e-05,-1.8953488e-05
38,-0.0007606207,-0.0001632986,0.00042005698,-9.224536e-05,3.579181e-05,-9.7321936e-05,2.8991626e-06,-7.74529e-05,0.00019073667,5.153581e-05,-7.392127e-05,-8.6002565e-06,-0.00014883305,2.8967705e-05,9.743064e-05,-5.553214e-05,1.6403454e-05,7.3549886e-06,3.658284e-05,3.3650686e-05,-3.218886e-05,-4.452649e-05,-5.7173973e-05,-5.617808e-05,-9.5942494e-05,5.6660074e-06,4.220754e-05,-2.5802743e-05,3.5196936e-05,-2.4676276e-05,3.9250226e-05,3.5376994e-05,-7.51114e-05,8.594763e-05,6.915446e-05,-3.9294624e-05,-7.8466e-06,-2.622209e-06,0.0001385249,-5.3151965e-05,2.9075267e-05,4.9995848e-05,2.4126457e-05,-1.1338182e-05,4.057255e-05,3.5584853e-06,-1.0734288e-06,-7.5787293e-06,6.0484435e-06,-3.089232e-05
39,0.000696684,0.00028527083,-0.00043067872,0.00019637383,-0.00010641735,-4.5904497e-05,-8.969138e-05,1.3730942e-05,-0.00013209367,-0.00010530195,-0.00012461412,-1.5140038e-05,7.37825e-05,-2.4810734e-05,-0.00027359836,-7.489375e-05,-7.6718236e-05,-0.00016509478,1.0021074e-05,-1.868022e-05,8.935213e-05,4.1488325e-05,-7.3479525e-05,-6.0397495e-05,-2.681846e-05,-5.6276214e-05,6.0305e-05,9.948917e-05,8.286639e-05,9.9383455e-05,2.3046332e-05,-2.9789413e-05,5.0818497e-05,1.5772883e-05,-0.00010867093,5.339209e-05,-8.94393e-05,-2.3218421e-05,-5.3151965e-05,0.00023895864,7.1046314e-05,-5.3195647e-05,-4.11929e-05,1.8091272e-05,-2.2618886e-05,-3.7638045e-05,3.3055494e-05,4.202412e-05,7.860614e-05,1.0351053e-05
40,0.0018941218,1.1695878e-05,-0.00046665457,0.00019496976,-0.00030387158,-0.00010711049,-9.3551265e-05,0.0002109514,-0.00016741973,-0.00045185623,0.00017026847,4.4092553e-06,-4.1816853e-05,6.4801134e-05,8.580128e-05,-8.468519e-06,7.65805e-05,-2.516144e-05,-2.602555e-05,-8.156972e-05,9.788429e-05,-3.8371683e-05,-7.104838e-05,-7.523873e-05,-4.5809295e-05,-9.07261e-06,0.000107735454,2.0705378e-05,-6.6604425e-06,-4.07398e-06,1.8802595e-05,2.1817264e-05,-1.3031266e-05,7.732267e-05,-7.930181e-06,-2.3813009e-06,-7.385531e-05,-2.711586e-05,2.9075267e-05,7.1046314e-05,0.0001623109,-2.6067116e-06,1.21147805e-05,6.6396497e-06,1.1302929e-05,-4.134346e-06,4.3295e-05,1.4626843e-05,9.292945e-06,-2.073257e-06
41,-0.0010835971,-0.00036071538,-0.00012787801,5.8956884e-05,0.00011099261,-8.7646855e-05,-0.00016346527,-0.00010649479,9.911848e-05,-0.00046709593,0.00013250312,-8.6011234e-05,-7.821474e-05,-2.7760047e-05,-1.0839811e-05,8.134931e-05,-9.652588e-05,0.00014656289,8.0824706e-05,-2.3956498e-05,2.336026e-06,0.00024061502,1.9584293e-05,-8.985016e-05,-3.9184833e-05,7.84965e-07,-5.73637e-05,-5.7716265e-05,1.2530354e-05,-4.009915e-05,1.2719167e-05,4.7945665e-05,-5.252319e-05,7.542218e-05,-4.8510865e-06,9.265353e-06,-1.4701308e-06,3.2066127e-05,4.9995848e-05,-5.3195647e-05,-2.6067116e-06,0.00020829959,7.5166216e-05,-3.3457552e-05,-2.8592292e-06,-5.577213e-05,-9.364432e-06,-9.986865e-06,2.4408564e-05,-6.149071e-06
42,-0.0014444389,-6.666401e-05,0.00027281462,7.959945e-06,-0.00016805322,3.0014791e-05,4.815236e-05,-9.295108e-05,2.4734829e-05,-5.6638768e-05,-4.164404e-05,-0.00015221242,-8.9590234e-05,5.3539203e-05,8.513301e-05,7.578139e-05,7.6193983e-06,-3.874814e-05,0.00010261453,-0.00016027634,-1.48833005e-05,6.815238e-05,9.469403e-06,-5.4526303e-05,7.340226e-06,-2.6170594e-05,1.7657516e-05,2.7336573e-05,-3.4396027e-05,-8.892389e-05,2.1571872e-05,4.1737494e-06,1.716362e-05,5.3443284e-05,-1.5476164e-05,6.6497814e-05,-2.538805e-05,-2.2149303e-05,2.4126457e-05,-4.11929e-05,1.21147805e-05,7.5166216e-05,0.000118930795,-1.0381469e-05,-2.2809177e-06,-1.7672843e-05,-3.152478e-05,1.7122147e-05,9.986117e-06,1.1930928e-05
43,-0.00029106793,4.1522485e-06,0.00028064838,-7.814974e-05,-1.2897897e-05,3.08905e-05,7.290779e-05,-8.054728e-06,6.187515e-05,9.9568446e-05,2.3814475e-05,1.0396994e-05,-4.8956616e-05,0.00013738465,-1.5621761e-05,-2.068523e-05,-5.639995e-05,-2.6777847e-05,6.1062456e-05,0.000117704985,1.8094936e-05,-5.347375e-05,-3.807785e-05,1.0943103e-05,-2.6405873e-05,-1.5530157e-05,3.819068e-06,-2.0702031e-05,-7.133149e-05,1.0941219e-05,1.2456847e-05,5.668307e-06,-1.707397e-05,-1.9924788e-05,3.511436e-05,7.078306e-08,3.2568598e-05,3.9226346e-05,-1.1338182e-05,1.8091272e-05,6.6396497e-06,-3.3457552e-05,-1.0381469e-05,9.798236e-05,1.2427456e-05,5.0607214e-06,1.5509735e-05,-8.018011e-06,2.6664045e-05,1.38854e-05
44,0.00050058996,0.00039968014,2.0625972e-05,3.3512092e-07,1.9145346e-06,-0.00012630019,-4.629163e-05,-6.5257474e-05,0.00018140337,0.00022008909,-0.00021874774,-0.00016811787,-0.00020263389,2.2377088e-05,0.00019589414,0.0001275546,5.4818767e-05,-8.340238e-05,0.00010218161,9.731564e-05,9.235342e-05,-6.48196e-05,2.444047e-05,-0.00010147861,-0.00011879739,-1.5677839e-05,7.811353e-05,3.0949283e-05,-4.2742184e-05,-7.780665e-06,-3.0461484e-05,6.9799426e-05,8.0243735e-06,9.313441e-05,-2.4261739e-05,-6.6550834e-05,7.531121e-05,3.7845602e-05,4.057255e-05,-2.2618886e-05,1.1302929e-05,-2.8592292e-06,-2.2809177e-06,1.2427456e-05,0.00018592816,3.3905846e-05,-4.2940286e-05,-1.730361e-05,-1.6911756e-06,-2.2469262e-06
45,0.0014466622,-9.727168e-06,-5.460447e-05,7.763847e-05,-0.00021311488,3.0965304e-05,0.00011581305,0.0002246615,-3.9188613e-05,-3.624474e-05,6.463389e-05,-5.1522497e-05,-1.4184792e-05,-1.933681e-05,3.7956917e-05,0.00015054931,0.00014952724,3.324093e-05,-6.1901856e-06,4.551971e-05,9.614905e-05,-0.00017717411,-3.2595024e-05,-5.309684e-05,3.3328783e-05,-7.916648e-05,8.214781e-05,-4.096675e-05,-6.6904664e-05,-1.9249086e-05,5.7034376e-06,-3.7505622e-05,4.7292786e-05,-3.74921e-05,1.26958275e-05,-2.6872396e-05,3.7758124e-05,-2.2917744e-05,3.5584853e-06,-3.7638045e-05,-4.134346e-06,-5.577213e-05,-1.7672843e-05,5.0607214e-06,3.3905846e-05,0.00013266635,-3.6181962e-05,-2.095872e-05,-4.0633015e-05,-1.3917007e-05
46,0.0005438661,0.00012668828,-0.00012333554,2.135339e-05,3.774302e-05,-9.098973e-05,-2.6264506e-05,6.1516203e-06,-4.9474755e-05,0.00013627997,5.5010732e-05,4.9634225e-05,9.8879405e-05,-1.6265472e-05,1.8558516e-05,-0.00023171789,-5.872018e-05,-6.942465e-05,-9.936148e-06,0.00010541361,-5.259725e-05,5.3641925e-06,2.0345084e-05,5.2735166e-05,-4.0144943e-05,1.7519204e-05,-1.9405845e-05,3.9311206e-05,-1.1945851e-05,9.271024e-05,-6.6420143e-06,-8.069494e-06,-5.4949563e-05,3.3089595e-06,-6.399231e-06,-7.725092e-07,-1.5316193e-05,2.6316884e-06,-1.0734288e-06,3.3055494e-05,4.3295e-05,-9.364432e-06,-3.152478e-05,1.5509735e-05,-4.2940286e-05,-3.6181962e-05,0.00011659023,-1.38943815e-05,-1.0143892e-05,1.8467646e-05
47,0.00032792852,0.00023149088,-0.000104801744,9.490515e-05,-0.00011152432,-1.42750905e-05,-3.9672683e-05,-3.0262127e-05,-7.838978e-05,3.913868e-05,9.75429e-06,-0.00011867484,8.328962e-06,0.00011867515,2.5880494e-05,-3.8984428e-05,-6.1703075e-05,-0.00011719927,5.8673264e-05,-7.3383686e-05,5.388673e-06,-8.512488e-06,-1.3018443e-05,-5.139672e-05,2.4912351e-06,-2.3974058e-05,7.6843455e-05,6.592533e-05,2.4547811e-05,-4.5360364e-05,-3.282702e-06,8.0074105e-06,2.2504908e-05,-7.237755e-06,1.0139747e-05,9.874069e-06,-3.5201614e-05,-7.3098945e-06,-7.5787293e-06,4.202412e-05,1.4626843e-05,-9.986865e-06,1.7122147e-05,-8.018011e-06,-1.730361e-05,-2.095872e-05,-1.38943815e-05,0.000104235485,2.7866186e-06,-1.4992571e-05
48,-0.0007724746,4.9036804e-05,-1.4685786e-05,0.00013660296,-3.9038303e-05,3.2799658e-06,-1.4426909e-05,-0.00012843555,0.00018340643,-9.386421e-07,-0.0001792251,9.668071e-05,-5.9734553e-05,2.036283e-05,-8.35748e-05,5.6851295e-05,-6.972411e-05,5.9767262e-06,5.0913834e-05,-4.8743816e-05,0.00012648394,8.724597e-05,-3.9023944e-05,-1.3109952e-05,-5.8055866e-05,2.5640782e-05,-3.968912e-05,-2.1744061e-05,5.672573e-05,4.3989792e-05,2.2942724e-05,1.9815983e-05,2.5312254e-05,3.1691066e-05,-6.669016e-05,3.2227486e-05,-4.9544793e-05,4.87649e-05,6.0484435e-06,7.860614e-05,9.292945e-06,2.4408564e-05,9.986117e-06,2.6664045e-05,-1.6911756e-06,-4.0633015e-05,-1.0143892e-05,2.7866186e-06,0.00012274066,-1.1524728e-05
49,-0.00024558709,0.00020002684,-4.2531712e-05,-1.0331612e-05,2.526835e-05,-2.1129363e-05,1.8539815e-05,-7.985497e-05,1.8416744e-05,0.00016458696,-8.820309e-05,-6.3646505e-05,4.5318153e-05,-5.962167e-05,3.95205e-05,-2.1853095e-05,-1.905554e-05,-4.442723e-05,5.3509237e-05,-1.9661393e-06,-3.0612428e-06,4.9861366e-05,4.110598e-05,-1.2823279e-05,-8.098679e-06,3.996008e-06,-3.8165836e-05,5.539613e-05,-5.1426956e-05,3.1171854e-05,-2.032867e-05,-1.2533303e-05,-8.077474e-06,-1.9075074e-05,-3.4161647e-05,3.8851387e-05,1.9465959e-05,-1.8953488e-05,-3.089232e-05,1.0351053e-05,-2.073257e-06,-6.149071e-06,1.1930928e-05,1.38854e-05,-2.2469262e-06,-1.3917007e-05,1.8467646e-05,-1.4992571e-05,-1.1524728e-05,5.0562212e-05
