,0,1,2,3,4,5,6,7,8,9,10,11,12,13,14,15,16,17,18,19,20,21,22,23,24,25,26,27,28,29,30,31,32,33,34,35,36,37,38,39,40,41,42,43,44,45,46,47,48,49
0,380.5943,-22.511883,26.037497,-6.56498,1.9602743,1.7742165,-5.6158066,1.7074461,-4.841187,0.010527724,-0.0074209953,0.0006486457,0.007980097,0.00014061898,0.002489269,-0.0007028129,-2.4037216e-05,-0.0006493143,0.0017096386,-0.00030546077,-0.0005860094,0.0007375815,-0.00054847286,0.00027182195,-0.00068721094,-0.00068887486,-0.00040709286,-0.00095007394,-0.00036526448,3.7875685e-05,7.297643e-05,0.0006239867,0.00047303416,0.00025133882,-0.0010816483,-0.00036924588,0.00024763859,-0.00024909273,0.00045279894,5.4316195e-05,-0.00042347884,-2.3664252e-05,0.00015476288,6.05032e-05,7.123234e-06,-0.00015008991,-0.0002257849,-2.0203097e-05,7.272233e-05,-6.780577e-05
1,-22.511883,39.43999,6.0480776,-0.7359685,-1.0372779,0.06287794,-0.8487439,0.4940419,-1.0027404,0.014235405,-0.0022092592,-8.383993e-06,-0.000103900566,0.0006787117,0.00016060223,6.469295e-05,0.00011158583,0.00031075047,-9.122699e-05,-4.6806117e-06,0.00028237194,0.00037549465,-0.00046656316,-5.8991354e-05,-0.00029665223,-0.00017637259,-6.286858e-05,-0.00044122327,-5.1547744e-05,-7.778469e-05,0.00015772125,7.292039e-05,1.7264698e-05,2.1385764e-05,-0.00016030416,-0.00022675922,-8.0038604e-05,2.0742078e-05,-5.1514435e-05,1.1835682e-05,-4.812761e-05,4.5726578e-05,1.0909631e-05,-5.4747947e-05,-0.000107204425,-3.099481e-05,-1.6693284e-05,-3.866344e-05,-8.32714e-05,-6.230821e-07
2,26.037497,6.0480776,12.448146,1.0098836,0.32222164,-0.18450578,0.43469065,-0.14464912,1.3994169,-0.00015783345,0.0050456966,0.00031152688,-0.0005033965,2.0068997e-05,-0.00019839531,-0.0001581195,-0.00032530172,-0.0004104263,-0.00030165532,0.0005605507,3.7738e-05,-0.00014895617,0.00042354775,-0.00026981975,0.00024708084,0.00022199906,3.1007057e-05,0.0002175954,0.00020368502,-5.6192708e-05,8.158763e-05,-8.050706e-06,-2.8893366e-05,-7.244271e-05,0.00013697083,0.0001739485,-0.0001808803,8.834925e-06,-0.00010514821,-2.6678304e-05,0.00015280984,4.2361426e-05,2.3142693e-05,-4.5600544e-05,2.1107913e-05,7.761744e-05,1.0408362e-05,-3.599409e-05,2.239356e-05,4.024427e-06
3,-6.56498,-0.7359685,1.0098836,8.517808,0.4034986,0.11368336,-0.050318077,-0.67852026,-0.26675206,-0.0003460549,-0.00039048214,-0.0007495339,-0.00033935596,-0.00026822503,-0.00019494057,0.00016720488,0.00048305796,0.00020212986,-0.00021173299,-0.00021872712,-1.913171e-05,-0.00015457592,-0.00013348873,-3.258035e-05,4.8833048e-05,-7.4735115e-05,4.2062817e-05,1.5939535e-05,-1.1142263e-05,6.401948e-05,-4.7204932e-05,-7.5852135e-05,-0.000101458456,5.316348e-05,-4.4770797e-05,-8.8888824e-05,5.4553624e-05,1.1863869e-05,-1.8293522e-05,-1.6324353e-05,-6.4790365e-05,2.870092e-06,-2.081956e-05,4.3846496e-05,-2.5574634e-05,-2.4892393e-05,-1.059981e-05,9.399558e-06,-1.5928868e-05,8.9959985e-07
4,1.9602743,-1.0372779,0.32222164,0.4034986,1.7073188,-0.1572262,1.0929976,0.52476573,-0.18638617,0.0054807835,-0.0012766903,0.00012727577,-0.0011807021,0.0003545928,0.00026468572,-0.00047063822,-0.00055266067,0.0004633753,6.777287e-05,-1.396244e-05,-0.00010707085,0.00029244059,-0.00025190075,0.000114406364,-0.0001534784,0.00012858331,0.00010356195,-8.439014e-06,-7.4086274e-05,-1.9582272e-05,0.00016042584,3.5772755e-05,8.831655e-05,-9.752065e-05,-1.9781397e-05,-1.7986262e-05,3.4388693e-05,4.111545e-06,-1.9948311e-05,3.3689634e-05,3.832215e-05,2.0179536e-05,3.2817938e-05,-1.6924248e-05,-3.24601e-05,1.0052057e-05,-1.3137483e-06,2.758559e-05,1.32140885e-05,1.626041e-05
5,1.7742165,0.06287794,-0.18450578,0.11368336,-0.1572262,2.259502,-0.13954507,0.23270601,0.16380394,0.00011748756,-0.00053453085,-0.00025172252,0.00041865304,0.0004996266,-1.2397266e-05,0.00024927245,0.0001610631,-8.035249e-05,-6.73825e-05,-1.0945833e-05,0.00021729653,9.509719e-05,-7.784422e-05,0.00011865643,-3.700705e-05,-5.2536532e-05,2.3094204e-05,7.0792594e-06,1.3478391e-05,2.9802253e-05,-1.1525704e-05,-3.264742e-05,-2.0886038e-05,3.0199153e-05,2.7409875e-05,1.5481703e-07,1.981722e-06,2.6023195e-05,7.198407e-07,-1.05755025e-05,-1.00529e-06,9.525789e-06,-7.3403808e-06,-3.42375e-06,-1.9308063e-06,-1.0804153e-05,2.0463694e-05,-1.2421355e-05,-5.8718742e-06,1.9693869e-05
6,-5.6158066,-0.8487439,0.43469065,-0.050318077,1.0929976,-0.13954507,0.9526374,0.3144131,0.22342843,0.0031655435,0.0008016891,-0.00024847168,0.00029920947,-0.00048854697,-0.00020768875,0.00038613082,-1.6662294e-05,-5.9700476e-05,6.77474e-05,-0.00013937666,8.61414e-05,-0.00019273262,-0.000105656174,-6.743235e-05,-6.5332904e-05,-8.884125e-05,6.016835e-05,-6.3833024e-05,9.7190605e-06,6.355824e-05,-3.5553727e-05,1.513453e-05,-2.3691095e-05,7.827262e-06,-1.6660324e-05,2.1919608e-05,-2.8886698e-05,1.3771447e-05,-2.8468308e-05,1.0526668e-05,-3.4922803e-07,3.404435e-05,-1.7462611e-05,-1.2518793e-05,-3.3281435e-06,-7.2933253e-06,9.261168e-06,-5.863887e-06,-6.4432293e-06,-2.2532743e-07
7,1.7074461,0.4940419,-0.14464912,-0.67852026,0.52476573,0.23270601,0.3144131,0.30688518,-0.124831066,-0.0030786605,0.0009957545,-7.306028e-05,-0.00080414757,-0.00054027955,-0.0003986836,0.0003276021,0.00021327508,-5.6559198e-05,-0.00016845785,-5.4050426e-05,-0.00013831328,-0.00027394935,5.100767e-05,-3.2429216e-05,0.00013037137,-7.7327546e-05,5.745283e-05,0.000116901545,-2.3067083e-05,0.00010700969,-0.00010630237,-7.447692e-05,-4.7179954e-05,5.1399842e-05,-3.2266755e-05,-1.1092991e-05,5.654355e-06,3.2886215e-05,1.457032e-05,2.0238922e-06,-5.6979334e-05,-2.8937043e-06,-3.2605524e-06,7.982251e-06,2.0454789e-05,-3.4314384e-05,-1.018846e-06,1.138798e-05,-7.827113e-06,1.4622019e-05
8,-4.841187,-1.0027404,1.3994169,-0.26675206,-0.18638617,0.16380394,0.22342843,-0.124831066,0.677349,0.0031235234,-0.0022582998,0.00010956549,-0.0006709257,2.4510085e-05,-0.000509487,-0.00019460835,-0.00035621074,0.00020437222,-6.3181535e-05,-8.475738e-05,9.759273e-06,2.9536543e-05,-9.314576e-05,-9.3999726e-05,-0.00012471218,-3.8384747e-05,-1.9522219e-08,1.3908439e-05,-2.2735574e-07,-6.5399145e-05,7.2440744e-05,5.3903175e-05,-2.3384132e-06,-4.56106e-05,2.1406126e-05,3.4107302e-06,2.250312e-06,-3.0823662e-06,-3.524919e-05,-9.816058e-06,2.5808637e-05,-3.0814772e-05,2.099144e-05,-7.887953e-06,-4.4917768e-05,3.348929e-05,8.082544e-07,-3.2628054e-06,-1.9052328e-05,-2.0227486e-05
9,0.010527724,0.014235405,-0.00015783345,-0.0003460549,0.0054807835,0.00011748756,0.0031655435,-0.0030786605,0.0031235234,0.028997147,0.000990357,0.00013587135,-4.752425e-05,4.566631e-05,-0.0001746722,0.00020633423,6.9876085e-05,0.0003457897,-0.00028247843,-9.1372385e-06,0.00023170671,0.00011747921,-0.00015015261,-0.00026074063,8.42628e-05,-9.4340154e-05,0.00012414422,-9.7256416e-05,0.00013974795,-6.808977e-06,9.333103e-05,4.122666e-05,-2.0568927e-05,3.0852385e-05,1.1951766e-05,-4.1230785e-05,-9.055453e-05,1.3178864e-05,-6.586588e-06,1.5302747e-05,7.276183e-05,7.111684e-05,7.3341052e-06,-1.9139057e-05,-3.6391495e-05,5.961014e-06,-2.3574306e-05,-7.692256e-06,-1.1198331e-06,-2.5449623e-05
10,-0.0074209953,-0.0022092592,0.0050456966,-0.00039048214,-0.0012766903,-0.00053453085,0.0008016891,0.0009957545,-0.0022582998,0.000990357,0.011047559,-8.114408e-05,-5.4579235e-05,-0.00027196074,0.00010120345,-4.4654545e-05,-1.595596e-05,-0.00014841852,0.00012941664,-1.1699877e-05,-1.0873259e-05,9.764748e-06,4.702712e-05,4.6234873e-05,-5.551327e-05,5.6515264e-06,-2.9054923e-05,2.629203e-05,-6.485307e-05,1.7794224e-05,2.7821707e-06,-8.243946e-06,4.1929536e-05,2.713783e-05,-2.4768087e-05,-6.394117e-07,-4.331508e-06,8.8176215e-08,1.0329713e-05,2.1070937e-05,-2.7850383e-05,-1.8054885e-05,8.271097e-06,-8.745975e-07,3.6114878e-05,-1.067011e-05,-7.176913e-06,-2.389881e-07,2.9725998e-05,1.3196244e-05
11,0.0006486457,-8.383993e-06,0.00031152688,-0.0007495339,0.00012727577,-0.00025172252,-0.00024847168,-7.306028e-05,0.00010956549,0.00013587135,-8.114408e-05,0.0044411356,-2.2128475e-05,4.5034154e-05,2.5039484e-05,-1.4852705e-05,2.5256511e-05,-0.00010052044,0.0001429386,3.2020136e-05,-2.7568216e-05,1.750116e-05,5.7969963e-05,-5.822689e-05,-1.2016392e-05,-6.856813e-05,5.1918832e-05,9.87049e-05,-5.1412044e-05,-2.5716263e-06,5.637483e-06,1.2849628e-05,1.8228473e-05,-8.899331e-06,9.283954e-06,2.4046265e-05,3.4515965e-06,-1.679481e-05,5.531763e-07,2.745346e-06,-1.022704e-06,1.4917908e-05,2.5021574e-05,-3.6516286e-07,2.7088026e-05,7.99248e-06,-7.216645e-06,1.9356103e-05,-1.4808539e-05,9.828085e-06
12,0.007980097,-0.000103900566,-0.0005033965,-0.00033935596,-0.0011807021,0.00041865304,0.00029920947,-0.00080414757,-0.0006709257,-4.752425e-05,-5.4579235e-05,-2.2128475e-05,0.003731143,3.30453e-05,7.034938e-05,3.0954216e-05,-2.1679116e-05,-2.6137626e-05,-2.0232568e-05,-1.5880627e-05,2.5263947e-05,-2.1876753e-05,-2.9334356e-06,-3.362263e-05,-2.4103432e-05,-1.1251948e-05,2.6498697e-05,-1.5566975e-05,3.205559e-06,-2.5080928e-05,4.166397e-06,3.9976592e-05,-6.5166114e-06,4.255047e-05,6.0524912e-06,-2.077204e-05,1.0718043e-06,1.823108e-05,2.4287026e-05,-1.2651359e-05,7.1729464e-06,1.0670176e-05,1.3623698e-05,6.0153297e-06,3.169177e-05,2.6130015e-06,-1.6509877e-05,-1.8627502e-06,8.888177e-06,-7.027264e-06
13,0.00014061898,0.0006787117,2.0068997e-05,-0.00026822503,0.0003545928,0.0004996266,-0.00048854697,-0.00054027955,2.4510085e-05,4.566631e-05,-0.00027196074,4.5034154e-05,3.30453e-05,0.00292958,-2.4439763e-05,3.786141e-05,5.1551622e-05,6.5221364e-05,1.2550419e-05,3.2528216e-05,6.85127e-05,7.175367e-05,-2.1674761e-05,-1.8185301e-05,-2.45239e-06,-3.7220838e-05,-2.3960101e-06,-4.02774e-05,-2.2857439e-05,2.2987522e-05,3.527037e-05,-3.5590325e-05,2.625314e-05,1.5116117e-05,-2.318657e-05,-2.7453241e-05,-1.8276642e-05,-9.667627e-06,-6.971298e-06,6.220484e-06,-1.1645281e-05,9.575208e-06,-6.1115707e-06,-1.6660913e-05,-1.6843286e-06,2.3170892e-06,5.0192702e-06,-1.6975446e-05,-1.2869612e-06,8.406112e-06
14,0.002489269,0.00016060223,-0.00019839531,-0.00019494057,0.00026468572,-1.2397266e-05,-0.00020768875,-0.0003986836,-0.000509487,-0.0001746722,0.00010120345,2.5039484e-05,7.034938e-05,-2.4439763e-05,0.0024708572,2.193664e-05,-1.130744e-05,3.4090845e-05,6.189581e-05,1.3130428e-05,-3.2256526e-06,5.8856866e-05,-1.8256953e-05,9.217858e-06,4.4246408e-05,-1.3284192e-05,-1.5126977e-05,2.548298e-05,3.5259087e-05,3.5310644e-05,4.2352614e-05,-2.8576003e-05,3.060011e-05,-9.778689e-06,-3.707892e-05,2.438988e-05,-1.735087e-05,-7.144283e-06,-1.6145672e-05,4.425557e-05,-1.4124891e-05,3.1703785e-06,-1.2905807e-05,4.0079467e-06,-2.996853e-05,-5.875127e-06,-1.4324673e-06,-2.8739328e-06,1.3749997e-05,-6.5735376e-06
15,-0.0007028129,6.469295e-05,-0.0001581195,0.00016720488,-0.00047063822,0.00024927245,0.00038613082,0.0003276021,-0.00019460835,0.00020633423,-4.4654545e-05,-1.4852705e-05,3.0954216e-05,3.786141e-05,2.193664e-05,0.0021946153,-1.4085943e-05,-3.846209e-05,2.842689e-06,5.1322924e-05,-7.1782604e-05,-3.353478e-05,-4.222291e-06,1.645471e-05,8.855268e-06,3.5748876e-06,-3.9339393e-06,2.3079892e-05,3.6265108e-06,2.6905724e-05,-3.0214965e-06,8.708403e-06,-3.8955157e-05,-1.0461097e-05,3.822057e-05,4.658901e-06,-1.5244973e-05,-1.4355159e-05,9.31028e-06,1.1564731e-05,1.538286e-06,-1.3704415e-05,-1.24201415e-05,2.3768248e-06,-2.0750354e-05,-2.4042372e-05,3.6307138e-05,5.732063e-06,-9.396334e-06,3.660419e-06
16,-2.4037216e-05,0.00011158583,-0.00032530172,0.00048305796,-0.00055266067,0.0001610631,-1.6662294e-05,0.00021327508,-0.00035621074,6.9876085e-05,-1.595596e-05,2.5256511e-05,-2.1679116e-05,5.1551622e-05,-1.130744e-05,-1.4085943e-05,0.0015273121,-3.5937497e-05,-2.4175877e-05,2.1410497e-06,-2.4054414e-05,2.1468542e-05,6.936376e-06,1.3328467e-05,-1.7674152e-05,2.8684639e-05,-4.0067185e-05,-2.373735e-05,2.3539911e-05,-2.3666539e-07,-2.0733736e-05,1.216869e-05,-1.9790976e-05,1.5459984e-05,-1.998746e-05,-4.240732e-06,7.1880513e-06,1.6790986e-05,-2.0856519e-06,1.1733742e-05,-1.1753969e-05,1.4069118e-05,-1.7523894e-06,7.748917e-06,-9.368281e-06,-2.363286e-05,8.584226e-06,9.299033e-06,1.062903e-05,3.173312e-06
17,-0.0006493143,0.00031075047,-0.0004104263,0.00020212986,0.0004633753,-8.035249e-05,-5.9700476e-05,-5.6559198e-05,0.00020437222,0.0003457897,-0.00014841852,-0.00010052044,-2.6137626e-05,6.5221364e-05,3.4090845e-05,-3.846209e-05,-3.5937497e-05,0.0013941029,4.529358e-05,-2.8186565e-05,-5.6496923e-05,-3.571921e-05,4.6145862e-05,3.2202814e-05,-3.367423e-05,-3.0506662e-05,3.2012897e-05,9.032397e-05,-1.2365796e-05,-7.0772385e-06,-1.2804123e-05,1.9287113e-06,7.692872e-06,7.689592e-06,-1.3066316e-05,2.1428203e-05,5.7435695e-06,-4.687424e-06,-1.375076e-06,2.6241341e-05,3.958413e-06,-2.3124136e-05,6.3081843e-06,4.6280893e-06,1.2912105e-05,-5.4633956e-06,1.0888534e-05,1.8419098e-05,-7.3862077e-07,7.082519e-06
18,0.0017096386,-9.122699e-05,-0.00030165532,-0.00021173299,6.777287e-05,-6.73825e-05,6.77474e-05,-0.00016845785,-6.3181535e-05,-0.00028247843,0.00012941664,0.0001429386,-2.0232568e-05,1.2550419e-05,6.189581e-05,2.842689e-06,-2.4175877e-05,4.529358e-05,0.0010467509,-3.1751737e-05,-1.7157436e-06,-4.0767685e-05,-3.0259816e-05,6.916539e-06,1.5979935e-05,2.7582562e-05,9.501797e-08,-6.7725385e-05,5.2518742e-05,-8.8760935e-06,-2.4375538e-05,-2.799855e-06,-2.3051489e-05,4.388464e-06,1.3808187e-05,-2.4079498e-05,-3.754746e-06,6.396223e-06,-3.9331003e-06,-3.7684104e-06,5.409781e-06,-1.7422692e-05,-1.8373354e-05,-1.4361335e-05,-1.843176e-05,1.5056673e-06,-1.0429318e-06,-1.1532817e-05,-9.7457e-06,-7.590308e-06
19,-0.00030546077,-4.6806117e-06,0.0005605507,-0.00021872712,-1.396244e-05,-1.0945833e-05,-0.00013937666,-5.4050426e-05,-8.475738e-05,-9.1372385e-06,-1.1699877e-05,3.2020136e-05,-1.5880627e-05,3.2528216e-05,1.3130428e-05,5.1322924e-05,2.1410497e-06,-2.8186565e-05,-3.1751737e-05,0.0009362998,7.1454197e-06,-4.716313e-06,5.4989055e-06,1.2473114e-05,2.660178e-05,3.150596e-05,-6.9017706e-06,1.8633033e-05,2.103687e-05,-3.275837e-05,2.6721972e-07,-8.442872e-07,2.2340777e-05,2.0882608e-05,-2.6352816e-05,2.7874758e-05,-2.6203856e-05,-1.0069403e-05,-3.8835083e-06,1.8027399e-06,1.3789602e-05,8.7628007e-07,2.4063193e-05,-2.1753705e-05,-1.6709253e-05,-6.905134e-06,-1.8528699e-05,1.02946e-05,6.636461e-06,9.3812946e-07
20,-0.0005860094,0.00028237194,3.7738e-05,-1.913171e-05,-0.00010707085,0.00021729653,8.61414e-05,-0.00013831328,9.759273e-06,0.00023170671,-1.0873259e-05,-2.7568216e-05,2.5263947e-05,6.85127e-05,-3.2256526e-06,-7.1782604e-05,-2.4054414e-05,-5.6496923e-05,-1.7157436e-06,7.1454197e-06,0.0007212147,-7.9592655e-06,3.365217e-05,7.071105e-05,2.2339295e-06,2.0275636e-05,-3.6625002e-05,3.435427e-05,5.1897314e-06,-5.2350833e-06,-1.5041052e-05,-6.994382e-06,-2.9022296e-05,-1.0705031e-05,3.092643e-05,1.3784984e-05,1.25805345e-05,-1.6442606e-05,5.492555e-06,-1.4733075e-05,-1.5381964e-05,-1.2760216e-06,1.887023e-06,-3.825634e-06,-1.5022697e-05,-1.5134701e-05,8.096684e-06,-1.1426082e-06,-2.0512318e-05,7.0110855e-07
21,0.0007375815,0.00037549465,-0.00014895617,-0.00015457592,0.00029244059,9.509719e-05,-0.00019273262,-0.00027394935,2.9536543e-05,0.00011747921,9.764748e-06,1.750116e-05,-2.1876753e-05,7.175367e-05,5.8856866e-05,-3.353478e-05,2.1468542e-05,-3.571921e-05,-4.0767685e-05,-4.716313e-06,-7.9592655e-06,0.0006559948,-3.1592084e-05,1.6630867e-05,2.12743e-05,-1.558236e-05,2.6862053e-05,-2.0714702e-05,-2.912078e-06,-2.5353758e-05,-9.374625e-06,-1.06234666e-08,-2.0919733e-06,-5.5166765e-06,2.7954624e-05,-7.329189e-06,4.5224606e-06,-1.0864322e-05,7.4688796e-06,-7.4846275e-06,6.6704497e-06,-4.013886e-05,-1.1738539e-05,6.74482e-06,9.36546e-06,2.8531096e-05,-1.8143929e-06,6.0721976e-07,-1.4505384e-05,-7.5606795e-06
22,-0.00054847286,-0.00046656316,0.00042354775,-0.00013348873,-0.00025190075,-7.784422e-05,-0.000105656174,5.100767e-05,-9.314576e-05,-0.00015015261,4.702712e-05,5.7969963e-05,-2.9334356e-06,-2.1674761e-05,-1.8256953e-05,-4.222291e-06,6.936376e-06,4.6145862e-05,-3.0259816e-05,5.4989055e-06,3.365217e-05,-3.1592084e-05,0.0006449449,-2.1842352e-05,1.4615633e-05,-1.3627387e-05,1.5771262e-05,-4.8977687e-05,1.5630143e-05,-1.3574515e-05,1.8155975e-05,-1.0744126e-05,-5.4246357e-06,1.1291204e-05,1.6238399e-05,-7.0105925e-06,-1.797629e-05,-6.464583e-06,8.548561e-06,1.2023197e-05,1.1137922e-05,-2.329616e-06,-1.1226155e-06,7.073834e-06,-3.8944654e-06,5.031111e-06,-2.9454193e-06,2.3001785e-06,6.5654367e-06,-6.667514e-06
23,0.00027182195,-5.8991354e-05,-0.00026981975,-3.258035e-05,0.000114406364,0.00011865643,-6.743235e-05,-3.2429216e-05,-9.3999726e-05,-0.00026074063,4.6234873e-05,-5.822689e-05,-3.362263e-05,-1.8185301e-05,9.217858e-06,1.645471e-05,1.3328467e-05,3.2202814e-05,6.916539e-06,1.2473114e-05,7.071105e-05,1.6630867e-05,-2.1842352e-05,0.0005172665,-2.604169e-06,-2.0515501e-05,4.175425e-05,6.0246207e-06,6.1025503e-06,1.32961295e-05,2.0675277e-05,1.3238145e-05,3.4440845e-06,1.3595707e-05,-6.482542e-06,-1.0447245e-05,-1.6544114e-05,-1.3127935e-06,9.152442e-06,8.702276e-06,1.2460789e-05,1.266229e-05,7.812356e-06,-3.3301342e-06,1.4990925e-05,8.566016e-06,-9.313673e-06,7.274936e-06,1.5704954e-06,2.5000807e-06
24,-0.00068721094,-0.00029665223,0.00024708084,4.8833048e-05,-0.0001534784,-3.700705e-05,-6.5332904e-05,0.00013037137,-0.00012471218,8.42628e-05,-5.551327e-05,-1.2016392e-05,-2.4103432e-05,-2.45239e-06,4.4246408e-05,8.855268e-06,-1.7674152e-05,-3.367423e-05,1.5979935e-05,2.660178e-05,2.2339295e-06,2.12743e-05,1.4615633e-05,-2.604169e-06,0.0005110845,4.2672727e-06,5.852663e-06,9.786904e-06,9.593153e-07,6.5136237e-06,-1.1567481e-05,9.239118e-06,-1.561841e-05,1.3107922e-05,-9.0511085e-06,-1.004546e-05,1.85256e-05,1.1538519e-05,1.4853402e-05,4.5948696e-06,7.1108716e-06,6.9556613e-06,-7.8205943e-07,4.9900473e-06,1.9444044e-05,-5.2334835e-06,7.0857122e-06,1.8613999e-07,9.536909e-06,1.1255424e-06
25,-0.00068887486,-0.00017637259,0.00022199906,-7.4735115e-05,0.00012858331,-5.2536532e-05,-8.884125e-05,-7.7327546e-05,-3.8384747e-05,-9.4340154e-05,5.6515264e-06,-6.856813e-05,-1.1251948e-05,-3.7220838e-05,-1.3284192e-05,3.5748876e-06,2.8684639e-05,-3.0506662e-05,2.7582562e-05,3.150596e-05,2.0275636e-05,-1.558236e-05,-1.3627387e-05,-2.0515501e-05,4.2672727e-06,0.00046917459,5.1515068e-05,1.02793165e-05,-1.1543314e-05,-2.3183697e-05,1.1779596e-05,-2.6905727e-06,5.9730755e-06,-1.4428245e-05,1.4127133e-05,3.8814273e-06,2.9572573e-07,-1.2741048e-05,-2.2970703e-06,1.04274095e-05,5.019239e-07,3.2288353e-06,5.6097924e-06,5.8484743e-06,4.146725e-06,1.2213118e-05,-8.231867e-07,5.4578627e-06,-2.92197e-06,-1.3530148e-06
26,-0.00040709286,-6.286858e-05,3.1007057e-05,4.2062817e-05,0.00010356195,2.3094204e-05,6.016835e-05,5.745283e-05,-1.9522219e-08,0.00012414422,-2.9054923e-05,5.1918832e-05,2.6498697e-05,-2.3960101e-06,-1.5126977e-05,-3.9339393e-06,-4.0067185e-05,3.2012897e-05,9.501797e-08,-6.9017706e-06,-3.6625002e-05,2.6862053e-05,1.5771262e-05,4.175425e-05,5.852663e-06,5.1515068e-05,0.0004188794,-1.7330593e-05,8.269943e-06,1.9722309e-05,-1.4030198e-05,-1.4336741e-06,-1.0896529e-05,-4.600777e-06,-1.3681281e-05,5.285686e-06,5.262325e-06,1.0719388e-06,-6.285075e-06,-9.7651555e-06,-1.6971084e-05,8.543653e-06,-3.101592e-06,-1.1994023e-06,-1.2653631e-05,-1.3018897e-05,2.5744534e-06,-1.2601055e-05,6.0769657e-06,6.1659093e-06
27,-0.00095007394,-0.00044122327,0.0002175954,1.5939535e-05,-8.439014e-06,7.0792594e-06,-6.3833024e-05,0.000116901545,1.3908439e-05,-9.7256416e-05,2.629203e-05,9.87049e-05,-1.5566975e-05,-4.02774e-05,2.548298e-05,2.3079892e-05,-2.373735e-05,9.032397e-05,-6.7725385e-05,1.8633033e-05,3.435427e-05,-2.0714702e-05,-4.8977687e-05,6.0246207e-06,9.786904e-06,1.02793165e-05,-1.7330593e-05,0.00028582002,8.186969e-06,-2.7513575e-05,-6.9297785e-06,-1.3393258e-06,-8.307499e-06,4.4242515e-06,1.0939562e-05,-2.5328449e-05,5.84777e-06,9.0245285e-06,3.80542e-06,-1.5278309e-05,-3.6896226e-06,1.0472015e-05,-3.7956763e-06,4.510848e-06,-4.35367e-06,6.2628415e-06,-5.6727604e-06,-1.0000575e-05,3.87536e-06,-9.070416e-06
28,-0.00036526448,-5.1547744e-05,0.00020368502,-1.1142263e-05,-7.4086274e-05,1.3478391e-05,9.7190605e-06,-2.3067083e-05,-2.2735574e-07,0.00013974795,-6.485307e-05,-5.1412044e-05,3.205559e-06,-2.2857439e-05,3.5259087e-05,3.6265108e-06,2.3539911e-05,-1.2365796e-05,5.2518742e-05,2.103687e-05,5.1897314e-06,-2.912078e-06,1.5630143e-05,6.1025503e-06,9.593153e-07,-1.1543314e-05,8.269943e-06,8.186969e-06,0.00030311395,-5.7347947e-06,-1.502716e-06,-6.4167643e-06,7.50329e-06,-8.850886e-06,1.2209313e-05,3.3818e-06,1.2871703e-05,1.9412932e-06,-6.232026e-06,-1.2611255e-05,7.531445e-07,-7.193763e-07,6.095987e-06,1.2693271e-05,7.2858415e-06,1.0442323e-05,2.6125176e-06,-3.32307e-06,-8.553561e-06,7.865086e-06
29,3.7875685e-05,-7.778469e-05,-5.6192708e-05,6.401948e-05,-1.9582272e-05,2.9802253e-05,6.355824e-05,0.00010700969,-6.5399145e-05,-6.808977e-06,1.7794224e-05,-2.5716263e-06,-2.5080928e-05,2.2987522e-05,3.5310644e-05,2.6905724e-05,-2.3666539e-07,-7.0772385e-06,-8.8760935e-06,-3.275837e-05,-5.2350833e-06,-2.5353758e-05,-1.3574515e-05,1.32961295e-05,6.5136237e-06,-2.3183697e-05,1.9722309e-05,-2.7513575e-05,-5.7347947e-06,0.0002577525,-8.065864e-06,1.965876e-06,1.4835521e-06,5.872448e-07,1.4887271e-05,-3.446464e-06,9.267647e-06,-1.0558124e-06,3.179598e-06,-1.5211075e-05,3.0100603e-07,7.792973e-06,1.4796944e-05,-2.4893487e-07,1.8017683e-06,2.9203075e-06,-1.3972993e-05,7.929366e-06,-6.4702654e-06,-5.2567475e-06
30,7.297643e-05,0.00015772125,8.158763e-05,-4.7204932e-05,0.00016042584,-1.1525704e-05,-3.5553727e-05,-0.00010630237,7.2440744e-05,9.333103e-05,2.7821707e-06,5.637483e-06,4.166397e-06,3.527037e-05,4.2352614e-05,-3.0214965e-06,-2.0733736e-05,-1.2804123e-05,-2.4375538e-05,2.6721972e-07,-1.5041052e-05,-9.374625e-06,1.8155975e-05,2.0675277e-05,-1.1567481e-05,1.1779596e-05,-1.4030198e-05,-6.9297785e-06,-1.502716e-06,-8.065864e-06,0.00026216186,3.2605894e-06,-1.3108489e-05,-4.6397336e-06,-8.437408e-06,-9.1402853e-07,2.257361e-05,-1.2449208e-06,-5.842469e-06,-4.2238476e-06,-2.622165e-06,-3.272975e-06,-4.0451446e-06,-3.266275e-06,4.283497e-06,-7.467638e-07,3.372607e-07,-9.4699615e-08,-4.107422e-06,3.4796578e-06
31,0.0006239867,7.292039e-05,-8.050706e-06,-7.5852135e-05,3.5772755e-05,-3.264742e-05,1.513453e-05,-7.447692e-05,5.3903175e-05,4.122666e-05,-8.243946e-06,1.2849628e-05,3.9976592e-05,-3.5590325e-05,-2.8576003e-05,8.708403e-06,1.216869e-05,1.9287113e-06,-2.799855e-06,-8.442872e-07,-6.994382e-06,-1.06234666e-08,-1.0744126e-05,1.3238145e-05,9.239118e-06,-2.6905727e-06,-1.4336741e-06,-1.3393258e-06,-6.4167643e-06,1.965876e-06,3.2605894e-06,0.00023574443,1.0335627e-05,-1.29451455e-05,-8.5556894e-07,1.041734e-05,9.841062e-07,-8.843414e-06,-5.9763115e-06,5.2097103e-06,-3.6855793e-06,-6.8748413e-06,-2.5511014e-07,-1.3466229e-07,-1.0520005e-05,6.022662e-06,1.956801e-06,-6.3706034e-07,-2.9152598e-06,1.7814212e-06
32,0.00047303416,1.7264698e-05,-2.8893366e-05,-0.000101458456,8.831655e-05,-2.0886038e-05,-2.3691095e-05,-4.7179954e-05,-2.3384132e-06,-2.0568927e-05,4.1929536e-05,1.8228473e-05,-6.5166114e-06,2.625314e-05,3.060011e-05,-3.8955157e-05,-1.9790976e-05,7.692872e-06,-2.3051489e-05,2.2340777e-05,-2.9022296e-05,-2.0919733e-06,-5.4246357e-06,3.4440845e-06,-1.561841e-05,5.9730755e-06,-1.0896529e-05,-8.307499e-06,7.50329e-06,1.4835521e-06,-1.3108489e-05,1.0335627e-05,0.00019043089,4.3234895e-06,1.8010953e-05,-5.261314e-06,9.827653e-06,-2.7025585e-06,1.2201366e-05,-8.524839e-06,2.3618568e-06,7.4439454e-06,-3.256451e-06,1.8666237e-06,-1.8393985e-06,-7.4616764e-06,8.232595e-06,-4.0335494e-06,-4.35659e-06,1.5042601e-06
33,0.00025133882,2.1385764e-05,-7.244271e-05,5.316348e-05,-9.752065e-05,3.0199153e-05,7.827262e-06,5.1399842e-05,-4.56106e-05,3.0852385e-05,2.713783e-05,-8.899331e-06,4.255047e-05,1.5116117e-05,-9.778689e-06,-1.0461097e-05,1.5459984e-05,7.689592e-06,4.388464e-06,2.0882608e-05,-1.0705031e-05,-5.5166765e-06,1.1291204e-05,1.3595707e-05,1.3107922e-05,-1.4428245e-05,-4.600777e-06,4.4242515e-06,-8.850886e-06,5.872448e-07,-4.6397336e-06,-1.29451455e-05,4.3234895e-06,0.00018089756,1.280729e-05,7.2990215e-06,1.00138e-05,-4.943101e-06,-1.3947936e-05,-2.0881334e-06,-1.2594484e-05,-1.1167381e-05,-8.172945e-06,3.9690594e-06,-1.4347288e-05,5.826154e-06,2.907339e-08,1.5935819e-06,-4.7737085e-06,2.936741e-06
34,-0.0010816483,-0.00016030416,0.00013697083,-4.4770797e-05,-1.9781397e-05,2.7409875e-05,-1.6660324e-05,-3.2266755e-05,2.1406126e-05,1.1951766e-05,-2.4768087e-05,9.283954e-06,6.0524912e-06,-2.318657e-05,-3.707892e-05,3.822057e-05,-1.998746e-05,-1.3066316e-05,1.3808187e-05,-2.6352816e-05,3.092643e-05,2.7954624e-05,1.6238399e-05,-6.482542e-06,-9.0511085e-06,1.4127133e-05,-1.3681281e-05,1.0939562e-05,1.2209313e-05,1.4887271e-05,-8.437408e-06,-8.5556894e-07,1.8010953e-05,1.280729e-05,0.00016237645,4.7867534e-06,1.402257e-06,2.8946397e-06,-1.1051576e-05,1.7307138e-05,1.248135e-06,8.526934e-07,2.516173e-06,-5.542324e-06,3.9709525e-06,-2.014682e-06,1.0937745e-06,-1.5566178e-06,1.0656699e-05,5.3781405e-06
35,-0.00036924588,-0.00022675922,0.0001739485,-8.8888824e-05,-1.7986262e-05,1.5481703e-07,2.1919608e-05,-1.1092991e-05,3.4107302e-06,-4.1230785e-05,-6.394117e-07,2.4046265e-05,-2.077204e-05,-2.7453241e-05,2.438988e-05,4.658901e-06,-4.240732e-06,2.1428203e-05,-2.4079498e-05,2.7874758e-05,1.3784984e-05,-7.329189e-06,-7.0105925e-06,-1.0447245e-05,-1.004546e-05,3.8814273e-06,5.285686e-06,-2.5328449e-05,3.3818e-06,-3.446464e-06,-9.1402853e-07,1.041734e-05,-5.261314e-06,7.2990215e-06,4.7867534e-06,0.00016726967,5.0118915e-06,9.865682e-06,6.1299124e-06,-8.362094e-06,2.719837e-07,-1.0993651e-06,-1.0412259e-05,3.58588e-07,1.06326515e-05,4.1600324e-06,1.866813e-07,-1.5331614e-06,-4.982873e-06,-6.2455592e-06
36,0.00024763859,-8.0038604e-05,-0.0001808803,5.4553624e-05,3.4388693e-05,1.981722e-06,-2.8886698e-05,5.654355e-06,2.250312e-06,-9.055453e-05,-4.331508e-06,3.4515965e-06,1.0718043e-06,-1.8276642e-05,-1.735087e-05,-1.5244973e-05,7.1880513e-06,5.7435695e-06,-3.754746e-06,-2.6203856e-05,1.25805345e-05,4.5224606e-06,-1.797629e-05,-1.6544114e-05,1.85256e-05,2.9572573e-07,5.262325e-06,5.84777e-06,1.2871703e-05,9.267647e-06,2.257361e-05,9.841062e-07,9.827653e-06,1.00138e-05,1.402257e-06,5.0118915e-06,0.0001384138,-5.2123773e-06,1.4619134e-06,1.4082026e-05,1.1926542e-05,-3.1482335e-07,3.7919535e-06,-5.7403104e-06,-1.2216888e-05,-5.9215636e-06,2.1971132e-06,5.439179e-06,7.6627875e-06,-2.9785533e-06
37,-0.00024909273,2.0742078e-05,8.834925e-06,1.1863869e-05,4.111545e-06,2.6023195e-05,1.3771447e-05,3.2886215e-05,-3.0823662e-06,1.3178864e-05,8.8176215e-08,-1.679481e-05,1.823108e-05,-9.667627e-06,-7.144283e-06,-1.4355159e-05,1.6790986e-05,-4.687424e-06,6.396223e-06,-1.0069403e-05,-1.6442606e-05,-1.0864322e-05,-6.464583e-06,-1.3127935e-06,1.1538519e-05,-1.2741048e-05,1.0719388e-06,9.0245285e-06,1.9412932e-06,-1.0558124e-06,-1.2449208e-06,-8.843414e-06,-2.7025585e-06,-4.943101e-06,2.8946397e-06,9.865682e-06,-5.2123773e-06,0.00013932699,4.3099257e-07,3.667571e-06,4.3069604e-06,-5.1120282e-06,3.5447595e-06,-6.326145e-06,-5.861185e-06,3.707009e-06,-2.7664385e-07,1.258773e-06,-7.785983e-06,2.9768871e-06
38,0.00045279894,-5.1514435e-05,-0.00010514821,-1.8293522e-05,-1.9948311e-05,7.198407e-07,-2.8468308e-05,1.457032e-05,-3.524919e-05,-6.586588e-06,1.0329713e-05,5.531763e-07,2.4287026e-05,-6.971298e-06,-1.6145672e-05,9.31028e-06,-2.0856519e-06,-1.375076e-06,-3.9331003e-06,-3.8835083e-06,5.492555e-06,7.4688796e-06,8.548561e-06,9.152442e-06,1.4853402e-05,-2.2970703e-06,-6.285075e-06,3.80542e-06,-6.232026e-06,3.179598e-06,-5.842469e-06,-5.9763115e-06,1.2201366e-05,-1.3947936e-05,-1.1051576e-05,6.1299124e-06,1.4619134e-06,4.3099257e-07,0.000129138,8.504645e-06,-4.6781142e-06,-7.5808234e-06,-3.6419776e-06,2.2493705e-06,-6.5620598e-06,-6.571282e-07,3.4463235e-07,1.3287092e-06,-7.255291e-07,4.833183e-06
39,5.4316195e-05,1.1835682e-05,-2.6678304e-05,-1.6324353e-05,3.3689634e-05,-1.05755025e-05,1.0526668e-05,2.0238922e-06,-9.816058e-06,1.5302747e-05,2.1070937e-05,2.745346e-06,-1.2651359e-05,6.220484e-06,4.425557e-05,1.1564731e-05,1.1733742e-05,2.6241341e-05,-3.7684104e-06,1.8027399e-06,-1.4733075e-05,-7.4846275e-06,1.2023197e-05,8.702276e-06,4.5948696e-06,1.04274095e-05,-9.7651555e-06,-1.5278309e-05,-1.2611255e-05,-1.5211075e-05,-4.2238476e-06,5.2097103e-06,-8.524839e-06,-2.0881334e-06,1.7307138e-05,-8.362094e-06,1.4082026e-05,3.667571e-06,8.504645e-06,0.00010443836,-1.1161099e-05,8.063261e-06,6.34763e-06,-3.2827186e-06,3.2867758e-06,6.000335e-06,-5.5370692e-06,-6.911917e-06,-1.2664269e-05,-1.5630856e-06
40,-0.00042347884,-4.812761e-05,0.00015280984,-6.4790365e-05,3.832215e-05,-1.00529e-06,-3.4922803e-07,-5.6979334e-05,2.5808637e-05,7.276183e-05,-2.7850383e-05,-1.022704e-06,7.1729464e-06,-1.1645281e-05,-1.4124891e-05,1.538286e-06,-1.1753969e-05,3.958413e-06,5.409781e-06,1.3789602e-05,-1.5381964e-05,6.6704497e-06,1.1137922e-05,1.2460789e-05,7.1108716e-06,5.019239e-07,-1.6971084e-05,-3.6896226e-06,7.531445e-07,3.0100603e-07,-2.622165e-06,-3.6855793e-06,2.3618568e-06,-1.2594484e-05,1.248135e-06,2.719837e-07,1.1926542e-05,4.3069604e-06,-4.6781142e-06,-1.1161099e-05,0.0001025193,6.743858e-07,-1.8139331e-06,-7.777684e-07,-1.6449453e-06,6.4077653e-07,-6.7431874e-06,-2.1806968e-06,-1.4000134e-06,2.9333128e-07
41,-2.3664252e-05,4.5726578e-05,4.2361426e-05,2.870092e-06,2.0179536e-05,9.525789e-06,3.404435e-05,-2.8937043e-06,-3.0814772e-05,7.111684e-05,-1.8054885e-05,1.4917908e-05,1.0670176e-05,9.575208e-06,3.1703785e-06,-1.3704415e-05,1.4069118e-05,-2.3124136e-05,-1.7422692e-05,8.7628007e-07,-1.2760216e-06,-4.013886e-05,-2.329616e-06,1.266229e-05,6.9556613e-06,3.2288353e-06,8.543653e-06,1.0472015e-05,-7.193763e-07,7.792973e-06,-3.272975e-06,-6.8748413e-06,7.4439454e-06,-1.1167381e-05,8.526934e-07,-1.0993651e-06,-3.1482335e-07,-5.1120282e-06,-7.5808234e-06,8.063261e-06,6.743858e-07,9.080652e-05,-1.2404866e-05,4.4079425e-06,1.2011114e-08,8.978426e-06,9.312971e-07,1.1048693e-06,-4.202893e-06,1.1660749e-06
42,0.00015476288,1.0909631e-05,2.3142693e-05,-2.081956e-05,3.2817938e-05,-7.3403808e-06,-1.7462611e-05,-3.2605524e-06,2.099144e-05,7.3341052e-06,8.271097e-06,2.5021574e-05,1.3623698e-05,-6.1115707e-06,-1.2905807e-05,-1.24201415e-05,-1.7523894e-06,6.3081843e-06,-1.8373354e-05,2.4063193e-05,1.887023e-06,-1.1738539e-05,-1.1226155e-06,7.812356e-06,-7.8205943e-07,5.6097924e-06,-3.101592e-06,-3.7956763e-06,6.095987e-06,1.4796944e-05,-4.0451446e-06,-2.5511014e-07,-3.256451e-06,-8.172945e-06,2.516173e-06,-1.0412259e-05,3.7919535e-06,3.5447595e-06,-3.6419776e-06,6.34763e-06,-1.8139331e-06,-1.2404866e-05,9.767809e-05,1.2186213e-06,1.2067724e-07,2.8301545e-06,4.753407e-06,-2.9560388e-06,-1.7495483e-06,-1.8019092e-06
43,6.05032e-05,-5.4747947e-05,-4.5600544e-05,4.3846496e-05,-1.6924248e-05,-3.42375e-06,-1.2518793e-05,7.982251e-06,-7.887953e-06,-1.9139057e-05,-8.745975e-07,-3.6516286e-07,6.0153297e-06,-1.6660913e-05,4.0079467e-06,2.3768248e-06,7.748917e-06,4.6280893e-06,-1.4361335e-05,-2.1753705e-05,-3.825634e-06,6.74482e-06,7.073834e-06,-3.3301342e-06,4.9900473e-06,5.8484743e-06,-1.1994023e-06,4.510848e-06,1.2693271e-05,-2.4893487e-07,-3.266275e-06,-1.3466229e-07,1.8666237e-06,3.9690594e-06,-5.542324e-06,3.58588e-07,-5.7403104e-06,-6.326145e-06,2.2493705e-06,-3.2827186e-06,-7.777684e-07,4.4079425e-06,1.2186213e-06,9.465006e-05,-2.3551172e-06,-7.16929e-07,-3.057833e-06,8.135105e-07,-4.5998936e-06,-2.0559617e-06
44,7.123234e-06,-0.000107204425,2.1107913e-05,-2.5574634e-05,-3.24601e-05,-1.9308063e-06,-3.3281435e-06,2.0454789e-05,-4.4917768e-05,-3.6391495e-05,3.6114878e-05,2.7088026e-05,3.169177e-05,-1.6843286e-06,-2.996853e-05,-2.0750354e-05,-9.368281e-06,1.2912105e-05,-1.843176e-05,-1.6709253e-05,-1.5022697e-05,9.36546e-06,-3.8944654e-06,1.4990925e-05,1.9444044e-05,4.146725e-06,-1.2653631e-05,-4.35367e-06,7.2858415e-06,1.8017683e-06,4.283497e-06,-1.0520005e-05,-1.8393985e-06,-1.4347288e-05,3.9709525e-06,1.06326515e-05,-1.2216888e-05,-5.861185e-06,-6.5620598e-06,3.2867758e-06,-1.6449453e-06,1.2011114e-08,1.2067724e-07,-2.3551172e-06,7.396029e-05,-5.3592494e-06,6.6591783e-06,2.5129261e-06,1.8590782e-07,4.7321782e-07
45,-0.00015008991,-3.099481e-05,7.761744e-05,-2.4892393e-05,1.0052057e-05,-1.0804153e-05,-7.2933253e-06,-3.4314384e-05,3.348929e-05,5.961014e-06,-1.067011e-05,7.99248e-06,2.6130015e-06,2.3170892e-06,-5.875127e-06,-2.4042372e-05,-2.363286e-05,-5.4633956e-06,1.5056673e-06,-6.905134e-06,-1.5134701e-05,2.8531096e-05,5.031111e-06,8.566016e-06,-5.2334835e-06,1.2213118e-05,-1.3018897e-05,6.2628415e-06,1.0442323e-05,2.9203075e-06,-7.467638e-07,6.022662e-06,-7.4616764e-06,5.826154e-06,-2.014682e-06,4.1600324e-06,-5.9215636e-06,3.707009e-06,-6.571282e-07,6.000335e-06,6.4077653e-07,8.978426e-06,2.8301545e-06,-7.16929e-07,-5.3592494e-06,7.757619e-05,5.8891123e-06,3.4301893e-06,6.495347e-06,2.229284e-06
46,-0.0002257849,-1.6693284e-05,1.0408362e-05,-1.059981e-05,-1.3137483e-06,2.0463694e-05,9.261168e-06,-1.018846e-06,8.082544e-07,-2.3574306e-05,-7.176913e-06,-7.216645e-06,-1.6509877e-05,5.0192702e-06,-1.4324673e-06,3.6307138e-05,8.584226e-06,1.0888534e-05,-1.0429318e-06,-1.8528699e-05,8.096684e-06,-1.8143929e-06,-2.9454193e-06,-9.313673e-06,7.0857122e-06,-8.231867e-07,2.5744534e-06,-5.6727604e-06,2.6125176e-06,-1.3972993e-05,3.372607e-07,1.956801e-06,8.232595e-06,2.907339e-08,1.0937745e-06,1.866813e-07,2.1971132e-06,-2.7664385e-07,3.4463235e-07,-5.5370692e-06,-6.7431874e-06,9.312971e-07,4.753407e-06,-3.057833e-06,6.6591783e-06,5.8891123e-06,7.219593e-05,2.027143e-06,1.4238027e-06,-2.8605014e-06
47,-2.0203097e-05,-3.866344e-05,-3.599409e-05,9.399558e-06,2.758559e-05,-1.2421355e-05,-5.863887e-06,1.138798e-05,-3.2628054e-06,-7.692256e-06,-2.389881e-07,1.9356103e-05,-1.8627502e-06,-1.6975446e-05,-2.8739328e-06,5.732063e-06,9.299033e-06,1.8419098e-05,-1.1532817e-05,1.02946e-05,-1.1426082e-06,6.0721976e-07,2.3001785e-06,7.274936e-06,1.8613999e-07,5.4578627e-06,-1.2601055e-05,-1.0000575e-05,-3.32307e-06,7.929366e-06,-9.4699615e-08,-6.3706034e-07,-4.0335494e-06,1.5935819e-06,-1.5566178e-06,-1.5331614e-06,5.439179e-06,1.258773e-06,1.3287092e-06,-6.911917e-06,-2.1806968e-06,1.1048693e-06,-2.9560388e-06,8.135105e-07,2.5129261e-06,3.4301893e-06,2.027143e-06,6.669806e-05,-6.0835043e-07,2.4656797e-06
48,7.272233e-05,-8.32714e-05,2.239356e-05,-1.5928868e-05,1.32140885e-05,-5.8718742e-06,-6.4432293e-06,-7.827113e-06,-1.9052328e-05,-1.1198331e-06,2.9725998e-05,-1.4808539e-05,8.888177e-06,-1.2869612e-06,1.3749997e-05,-9.396334e-06,1.062903e-05,-7.3862077e-07,-9.7457e-06,6.636461e-06,-2.0512318e-05,-1.4505384e-05,6.5654367e-06,1.5704954e-06,9.536909e-06,-2.92197e-06,6.0769657e-06,3.87536e-06,-8.553561e-06,-6.4702654e-06,-4.107422e-06,-2.9152598e-06,-4.35659e-06,-4.7737085e-06,1.0656699e-05,-4.982873e-06,7.6627875e-06,-7.785983e-06,-7.255291e-07,-1.2664269e-05,-1.4000134e-06,-4.202893e-06,-1.7495483e-06,-4.5998936e-06,1.8590782e-07,6.495347e-06,1.4238027e-06,-6.0835043e-07,5.692925e-05,1.9002664e-06
49,-6.780577e-05,-6.230821e-07,4.024427e-06,8.9959985e-07,1.626041e-05,1.9693869e-05,-2.2532743e-07,1.4622019e-05,-2.0227486e-05,-2.5449623e-05,1.3196244e-05,9.828085e-06,-7.027264e-06,8.406112e-06,-6.5735376e-06,3.660419e-06,3.173312e-06,7.082519e-06,-7.590308e-06,9.3812946e-07,7.0110855e-07,-7.5606795e-06,-6.667514e-06,2.5000807e-06,1.1255424e-06,-1.3530148e-06,6.1659093e-06,-9.070416e-06,7.865086e-06,-5.2567475e-06,3.4796578e-06,1.7814212e-06,1.5042601e-06,2.936741e-06,5.3781405e-06,-6.2455592e-06,-2.9785533e-06,2.9768871e-06,4.833183e-06,-1.5630856e-06,2.9333128e-07,1.1660749e-06,-1.8019092e-06,-2.0559617e-06,4.7321782e-07,2.229284e-06,-2.8605014e-06,2.4656797e-06,1.9002664e-06,6.185755e-05
