,0,1,2,3,4,5,6,7,8,9,10,11,12,13,14,15,16,17,18,19,20,21,22,23,24,25,26,27,28,29,30,31,32,33,34,35,36,37,38,39,40,41,42,43,44,45,46,47,48,49
0,0.028864602,-0.0061566783,-0.007211784,-0.003535094,0.00060649036,-0.0045170267,0.0016701252,0.00264592,0.008848315,-0.005229773,0.0017121611,-0.0008405076,-0.000909461,0.0016159383,0.0019648792,-0.0041907746,1.697728e-05,-0.0010986789,0.001724656,2.7750752e-05,-0.000864143,-3.7789498e-05,0.0008935452,-0.0004648263,-0.0010832187,0.0010564073,0.0007938013,0.00011774384,0.00057664345,-0.0014085479,-0.0004958095,0.00047454314,-2.1353222e-05,-0.00038313319,-0.0005658994,-0.0005236559,-0.00014559197,-0.00081331545,-0.0013362189,-0.000755638,0.00039714563,0.0001576244,1.8435376e-05,-0.00017574275,-0.00071123836,-0.000118530865,-0.00022484959,-0.00013781051,-0.00032006187,-2.2348548e-05
1,-0.0061566783,0.030549021,0.01420553,0.013864208,-0.0026113715,0.01418754,0.0054600365,0.0043811025,0.002588082,0.010802846,0.0050859516,-0.0043093963,0.0027191853,0.0024348677,0.0010492188,8.806984e-05,-0.00087589025,-0.0010814458,-0.0020090626,0.001039688,0.003224798,0.0009099419,0.0013930118,0.0012969215,-0.0010094512,-0.0010497166,-7.643986e-05,0.0010600066,-1.0288009e-06,0.00093737454,-0.0002441103,0.00019254477,-0.00021914367,-6.355009e-05,0.00037264577,-2.9456953e-05,-0.00025302923,5.342031e-05,0.0001939237,0.00031361158,0.00053325674,0.0004986881,-0.00044052675,-0.00035376666,0.00027507136,-0.00018032911,0.00027011917,7.7026605e-05,0.00038674442,-5.942695e-05
2,-0.007211784,0.01420553,0.010318432,0.0076920018,-0.0019250459,0.007852174,0.0022051767,0.0013541366,0.00018624053,0.005995442,0.0015238982,-0.0029476183,0.0017854599,0.00083069096,-0.00032493216,0.00032006696,5.7245525e-05,0.0004584469,-0.0006053166,0.0002472719,0.0016635966,0.00016052923,3.2544518e-05,0.0005864301,-0.00019939046,-0.0010602153,-0.00075317116,0.00036039768,-0.0002533169,0.00033193384,-7.8082114e-05,-0.0003248711,-0.00022887894,-3.297413e-05,0.00045887142,-2.1846125e-05,-9.904381e-05,0.00020713419,0.00055829744,0.00020996605,5.427972e-05,5.7702906e-05,-0.00010955442,-9.528239e-05,0.00024326886,-0.0001756495,0.00034086,-2.841367e-05,0.00023931862,-0.00013796183
3,-0.003535094,0.013864208,0.0076920018,0.0077093425,-0.0016249272,0.007355706,0.0024109532,0.0018900065,0.0014144005,0.005507501,0.0024533924,-0.0025515892,0.0010553712,0.0010499372,0.00026526913,0.00042072783,-0.0004980124,0.00033694244,-0.0011068301,0.0005668057,0.0017467921,0.00061518495,0.0006380017,0.00044897315,-0.00056403794,-0.00083385204,-0.00059176516,0.00032652233,-0.00026909172,0.00036528497,-0.0001343078,-0.00014554457,-0.00036644167,1.6924729e-05,0.00033811928,-2.2727938e-05,-1.4139279e-06,-1.4957607e-05,0.00012385775,0.00024742243,0.00025725353,0.00017897508,-0.00014972826,-2.550487e-05,0.00014302715,-7.4196614e-05,0.0002104119,-4.80082e-06,0.00011080908,-1.299997e-05
4,0.00060649036,-0.0026113715,-0.0019250459,-0.0016249272,0.0007643262,-0.0013333508,-0.00032935792,-7.9308214e-05,-0.0001223317,-0.001261495,5.4501932e-05,0.0005280335,-0.00020735471,0.0002336839,0.00014476533,4.164059e-05,-2.2551158e-05,-3.5030458e-05,9.593797e-05,1.8512683e-05,-0.00033524816,-0.00018598794,-4.187985e-05,-0.00026836462,0.0001472751,0.00017808426,0.00018770942,-8.014444e-05,1.2877348e-05,-0.00010505615,0.00016661812,6.839399e-05,0.00012024381,7.9911706e-07,-0.000107960266,-5.30843e-06,2.2931576e-05,-5.0447532e-05,-1.2130711e-05,-7.539039e-05,3.0894233e-05,2.270901e-05,-7.830835e-05,3.5971282e-06,-1.951381e-05,-2.5588812e-05,-8.800614e-05,1.5339563e-05,-1.2592216e-05,2.8959457e-05
5,-0.0045170267,0.01418754,0.007852174,0.007355706,-0.0013333508,0.008252236,0.0022831517,0.0022204993,0.0012613225,0.006111081,0.0022332494,-0.002001898,0.001217004,0.0011344948,0.00072909484,0.0006662068,-0.00043768846,-8.643091e-05,-0.001137831,0.00020680611,0.0016735895,0.00023928705,0.00018493715,0.0004408646,-0.00054577366,-0.0010189386,-0.0002354272,0.000379215,-0.00033263332,0.0003072896,3.4849072e-05,-4.777141e-05,-0.0002885416,2.5533463e-05,0.00030900532,4.660192e-05,-0.00011457395,0.00010901269,0.00025482074,0.00010064173,0.00020430211,0.0001354875,-0.0002988177,-7.4620904e-05,0.00013549588,-0.00017579959,0.00018853493,-3.1134077e-05,0.0001627316,-9.877166e-05
6,0.0016701252,0.0054600365,0.0022051767,0.0024109532,-0.00032935792,0.0022831517,0.0015440908,0.0011709377,0.0015859108,0.0012824214,0.0013824332,-0.0011862935,0.0005585132,0.00089625386,0.0003728927,-0.00046764326,-8.454603e-05,-0.0001222467,-0.00015155824,0.00038660807,0.0005964645,0.00010341308,0.00046219048,0.00017554643,-0.00033010874,-0.00017153397,-1.8758292e-05,0.0003038639,-2.2851656e-05,1.9868225e-05,-9.854155e-06,6.518461e-05,-8.6249405e-05,-0.00013992489,3.0467434e-05,-4.225945e-05,5.2755395e-06,-7.7333825e-05,-6.862538e-05,-4.2274653e-05,0.00018795219,0.00012186631,-8.828071e-05,-8.747952e-05,-1.0049928e-06,-9.204666e-05,1.6574195e-05,1.6856997e-05,8.075009e-05,-1.5299585e-05
7,0.00264592,0.0043811025,0.0013541366,0.0018900065,-7.9308214e-05,0.0022204993,0.0011709377,0.0016353412,0.0018499203,0.001130111,0.0015521548,-0.0008634542,0.00025719992,0.0011373176,0.00058295066,-0.00035480733,-0.0002531791,-0.00013362484,-0.00011594134,0.00013174459,0.0004037957,-9.048014e-05,0.00018635584,-0.00016352333,-0.0003372011,-0.0001401673,8.729205e-06,0.00013199609,2.702358e-07,-2.8378357e-05,5.1216255e-05,0.00023690207,-9.525851e-05,-1.0004887e-05,4.103857e-06,-9.5847194e-05,-2.6829639e-05,-6.840877e-05,-0.00012696329,-9.469662e-05,0.00020024841,0.000106566884,-0.00017721375,-6.0269518e-05,-9.928299e-05,-0.00014168955,7.4654617e-06,5.823141e-06,-3.7919934e-05,-2.579256e-05
8,0.008848315,0.002588082,0.00018624053,0.0014144005,-0.0001223317,0.0012613225,0.0015859108,0.0018499203,0.004194394,-0.00027294783,0.0018118484,-0.0015554223,-1.2816885e-05,0.0012320147,0.0010103062,-0.0013713853,2.7823278e-06,-0.00020387836,0.00038963274,0.00035736058,0.00021510359,-0.000102701,0.0003061082,-0.00015628355,-0.0006348054,-0.00020840311,-8.103619e-06,0.00033965526,-3.0027311e-05,-0.00046445298,4.479793e-05,0.00012290294,-0.00024521252,-0.00015493977,-0.00013826796,-0.00015452833,-5.7317986e-05,-0.00020773747,-0.00039193511,-0.00030966854,0.00027951942,6.0388327e-05,-0.0001554644,-3.1757092e-05,-0.00017508761,-0.00015258083,-4.607864e-05,-6.414317e-05,-3.16054e-05,-2.303985e-05
9,-0.005229773,0.010802846,0.005995442,0.005507501,-0.001261495,0.006111081,0.0012824214,0.001130111,-0.00027294783,0.005554723,0.0010335722,-0.0007379726,0.00095031556,0.00021420342,0.00039451552,0.0006743821,-0.0006158749,-0.00017086536,-0.001197902,-0.000122014986,0.0012713043,0.00046680315,0.00018482856,0.00052188174,-0.0002969752,-0.00062876183,-6.683645e-05,0.00020923323,-0.00011888619,0.00040115102,-0.00028517138,-7.1571776e-05,-4.5783076e-05,8.922884e-05,0.0003220207,5.5875164e-05,-0.00012577733,6.529642e-05,0.00025502138,0.00019858233,-1.0653469e-05,0.00017796938,-0.00011647497,-2.4035799e-05,0.00015866882,-3.4650846e-05,0.00019699115,-1.6736165e-05,0.00013393612,-9.1561895e-05
10,0.0017121611,0.0050859516,0.0015238982,0.0024533924,5.4501932e-05,0.0022332494,0.0013824332,0.0015521548,0.0018118484,0.0010335722,0.0025444329,-0.0013470151,0.00013321626,0.0013891489,0.00048167355,-0.00042502693,-0.00047468964,0.0003319517,-0.00051081553,0.0006950414,0.0005604728,0.00014862485,0.0004947437,-0.00033364858,-0.00026524975,-0.00014176895,-0.00023463687,0.000108347056,2.4259948e-06,0.00010458533,9.47886e-05,0.000114931,-9.387935e-05,-1.8739476e-05,7.284129e-06,-0.00013319976,-1.7343216e-05,-0.00022859208,-0.00011518926,1.0850827e-05,0.0002650139,0.00016803454,-0.00023960459,7.904667e-05,-6.96872e-05,-0.00014800651,-1.1517597e-05,6.520062e-05,-2.052405e-05,7.596913e-05
11,-0.0008405076,-0.0043093963,-0.0029476183,-0.0025515892,0.0005280335,-0.002001898,-0.0011862935,-0.0008634542,-0.0015554223,-0.0007379726,-0.0013470151,0.0023145976,-0.00024531543,-0.0008653428,-0.00013026499,0.0007428668,-0.00031944324,-0.0002539761,-0.00032769976,-0.0005276792,-0.00036722602,-0.00014829877,-0.00014470909,0.00012557968,0.00027552375,0.00048829644,0.00052147335,-0.0003180086,0.00011273383,7.649748e-05,-0.000103850485,0.00010229103,0.00019532946,5.039866e-05,-7.077564e-05,0.00014987715,9.379665e-06,3.4550776e-05,-4.3077926e-05,4.954275e-05,-0.00011276212,-1.4393939e-05,0.00010298654,1.7390921e-05,-5.7572746e-05,0.00011276563,-6.2232735e-05,1.2404642e-05,-3.3133787e-05,-4.5903194e-05
12,-0.000909461,0.0027191853,0.0017854599,0.0010553712,-0.00020735471,0.001217004,0.0005585132,0.00025719992,-1.2816885e-05,0.00095031556,0.00013321626,-0.00024531543,0.00077535736,0.00017721593,-0.00024138873,-2.4759403e-05,0.00014657386,-0.00012130811,-5.4091448e-05,-1.691418e-05,0.00029773283,-0.0001617256,0.00010671728,0.00018241478,3.9471e-05,-4.0583625e-05,6.797018e-05,-2.4493572e-06,6.8051464e-05,1.8823726e-05,-7.0340844e-05,-1.9389106e-05,8.52247e-05,-8.706085e-05,4.017647e-05,-6.332534e-07,-6.244577e-05,6.505975e-05,0.00015862698,1.7092303e-05,3.4847682e-05,3.1089898e-05,-4.574823e-06,-7.793745e-05,6.562477e-05,-3.053383e-05,7.156764e-05,9.2966e-06,9.0452406e-05,-6.354389e-05
13,0.0016159383,0.0024348677,0.00083069096,0.0010499372,0.0002336839,0.0011344948,0.00089625386,0.0011373176,0.0012320147,0.00021420342,0.0013891489,-0.0008653428,0.00017721593,0.0012760356,0.00027439708,-0.00017809437,-0.00021801892,0.00022677678,8.817972e-06,0.00022204476,0.00024243642,-0.00010128961,0.00015156485,-0.00027756125,-0.00011746849,-2.6197062e-05,-0.00014429043,0.00010418672,-2.2572509e-05,-0.00011629986,0.00010857254,0.00011733578,-1.5017932e-05,-3.0984404e-05,5.856171e-06,-0.00011380948,5.1959756e-05,-0.00010214348,-3.9109844e-05,-4.498258e-05,0.0001516564,0.000103412545,-0.00015062222,-4.2427386e-05,-7.933495e-05,-0.00014582736,-4.2361453e-06,2.6643818e-05,-3.180026e-05,1.2064654e-06
14,0.0019648792,0.0010492188,-0.00032493216,0.00026526913,0.00014476533,0.00072909484,0.0003728927,0.00058295066,0.0010103062,0.00039451552,0.00048167355,-0.00013026499,-0.00024138873,0.00027439708,0.001067689,-0.00039703393,-0.00017521592,-0.00050599524,-6.3619096e-05,-1.1290405e-05,4.6222312e-06,0.00013820082,3.3935718e-05,-1.2646753e-05,-0.00020107412,-0.00016826903,0.0002463866,0.00023495709,-0.00012506134,-3.7083417e-05,0.00012596516,9.1448615e-05,-4.6776433e-05,-4.489375e-07,-1.0352485e-05,5.8159792e-05,-8.6880376e-05,-7.978693e-05,-0.00015937179,-0.00012460153,5.692178e-05,8.5062624e-05,-0.00015371085,-6.282225e-05,-2.5162237e-05,-3.2525375e-05,-6.946498e-05,-5.921215e-05,2.4779903e-05,1.03572675e-05
15,-0.0041907746,8.806984e-05,0.00032006696,0.00042072783,4.164059e-05,0.0006662068,-0.00046764326,-0.00035480733,-0.0013713853,0.0006743821,-0.00042502693,0.0007428668,-2.4759403e-05,-0.00017809437,-0.00039703393,0.0020420342,-0.00024588118,0.0004367482,-0.00054761476,-0.0001241403,0.00021284672,-1.9872914e-05,-0.00018600594,7.543557e-05,7.6268385e-05,7.007879e-05,1.7703609e-05,-9.797343e-05,-8.905589e-05,0.00011325281,9.087198e-05,-8.9568595e-05,-8.291806e-05,7.9316866e-05,6.884515e-05,0.0002019715,0.00015515956,0.0001497816,5.6803237e-05,0.00019037232,-2.2385688e-05,-2.8912858e-05,3.8015576e-05,6.199963e-06,1.0973174e-05,8.528738e-05,1.9811443e-05,-1.466037e-05,-5.0095463e-05,-1.6072558e-05
16,1.697728e-05,-0.00087589025,5.7245525e-05,-0.0004980124,-2.2551158e-05,-0.00043768846,-8.454603e-05,-0.0002531791,2.7823278e-06,-0.0006158749,-0.00047468964,-0.00031944324,0.00014657386,-0.00021801892,-0.00017521592,-0.00024588118,0.0006723717,-0.00012679608,0.00048699265,-2.0895064e-05,-0.00018910156,-0.00017991621,-0.00021633485,-6.2378545e-05,-4.2721505e-05,-0.00017657163,3.7264135e-06,0.00011210966,1.1439087e-05,-6.347255e-05,3.977352e-05,-4.012716e-05,-2.4392246e-05,-6.714259e-05,-7.88723e-05,-1.719744e-05,-7.121159e-05,0.00010903567,0.00013492163,-9.138956e-05,-4.6428842e-05,-9.275319e-05,-8.962903e-06,-2.1420761e-05,2.8913346e-05,-1.6868598e-05,3.0404324e-05,1.1395376e-05,3.899482e-05,-3.2217627e-05
17,-0.0010986789,-0.0010814458,0.0004584469,0.00033694244,-3.5030458e-05,-8.643091e-05,-0.0001222467,-0.00013362484,-0.00020387836,-0.00017086536,0.0003319517,-0.0002539761,-0.00012130811,0.00022677678,-0.00050599524,0.0004367482,-0.00012679608,0.0013352633,-0.00012695682,0.00024522335,0.00020596877,1.2836606e-05,-2.8133269e-05,-0.0004239148,-8.365741e-06,-0.00011383544,-0.00048878277,-0.00015026084,-4.278328e-05,6.377419e-05,-1.6725135e-05,-0.0001541808,-0.00017630443,-2.7459087e-06,0.00010626833,-4.258228e-05,0.00016153062,-8.844612e-05,9.003053e-05,5.3419986e-05,-2.5825311e-05,2.7545077e-05,3.1935e-05,0.00019263498,-6.687324e-05,-5.8793208e-05,8.193097e-05,4.761513e-05,-7.0457085e-05,5.0406943e-06
18,0.001724656,-0.0020090626,-0.0006053166,-0.0011068301,9.593797e-05,-0.001137831,-0.00015155824,-0.00011594134,0.00038963274,-0.001197902,-0.00051081553,-0.00032769976,-5.4091448e-05,8.817972e-06,-6.3619096e-05,-0.00054761476,0.00048699265,-0.00012695682,0.00082809204,-0.000101444675,-0.00035119982,-0.00022314917,-0.00023064943,-8.537366e-05,2.7527994e-05,-2.4462057e-05,-2.1023483e-05,0.0001415314,4.7642752e-05,-0.00021884195,8.151693e-05,2.7204973e-05,-1.3494581e-05,-2.3539775e-05,-5.4234188e-05,-6.6508284e-05,8.570305e-06,7.7793506e-05,2.5626126e-05,-0.00012515829,-4.9059774e-05,-5.0530365e-05,3.1118063e-05,-6.996142e-05,-6.7652427e-06,-7.286948e-06,5.0453787e-06,9.61069e-07,2.184845e-05,-4.4407607e-05
19,2.7750752e-05,0.001039688,0.0002472719,0.0005668057,1.8512683e-05,0.00020680611,0.00038660807,0.00013174459,0.00035736058,-0.000122014986,0.0006950414,-0.0005276792,-1.691418e-05,0.00022204476,-1.1290405e-05,-0.0001241403,-2.0895064e-05,0.00024522335,-0.000101444675,0.0005280973,0.00015610972,0.00010941351,0.0002563065,-6.395666e-05,-7.643277e-05,-3.802697e-05,-0.000102339574,8.20351e-05,1.6983358e-05,8.084079e-05,0.000108769,-1.78962e-05,-7.646106e-05,-7.64867e-05,-3.6222627e-06,-1.151294e-05,4.1709838e-05,-6.29725e-05,-3.9672937e-05,1.7980648e-05,8.975694e-05,4.2874548e-05,-1.2767393e-05,4.1385636e-05,2.8835224e-05,5.257574e-07,-1.3149765e-05,3.8365622e-05,4.6999823e-05,4.9789553e-05
20,-0.000864143,0.003224798,0.0016635966,0.0017467921,-0.00033524816,0.0016735895,0.0005964645,0.0004037957,0.00021510359,0.0012713043,0.0005604728,-0.00036722602,0.00029773283,0.00024243642,4.6222312e-06,0.00021284672,-0.00018910156,0.00020596877,-0.00035119982,0.00015610972,0.0006204678,0.00020415895,0.00024358086,0.00017720228,-0.000108926964,-0.00011814093,-5.7926976e-05,1.8731651e-05,-6.4113294e-05,0.00014476947,-4.3073596e-05,-3.3855456e-05,-7.582045e-05,9.421223e-06,6.381791e-05,-1.6979566e-05,2.4904673e-05,-4.626146e-05,2.7769629e-05,8.7605804e-05,7.681656e-05,7.2664676e-05,-4.6605932e-05,-3.627939e-05,-2.6394007e-05,4.9046857e-06,4.759866e-05,6.3164145e-05,3.487646e-05,-3.2861808e-06
21,-3.7789498e-05,0.0009099419,0.00016052923,0.00061518495,-0.00018598794,0.00023928705,0.00010341308,-9.048014e-05,-0.000102701,0.00046680315,0.00014862485,-0.00014829877,-0.0001617256,-0.00010128961,0.00013820082,-1.9872914e-05,-0.00017991621,1.2836606e-05,-0.00022314917,0.00010941351,0.00020415895,0.00048313139,0.00025447167,8.8226865e-05,-0.00010946016,2.465322e-05,-5.685317e-06,7.630739e-06,1.1114567e-05,8.944176e-05,-0.00013761959,-7.290335e-05,1.9752013e-06,2.7012598e-05,1.4166236e-05,-2.2910777e-05,1.5429148e-05,-0.00014164066,-7.2133895e-05,7.4371266e-05,-5.897152e-07,8.821527e-05,2.1986722e-05,-1.4532874e-05,9.023137e-06,7.053149e-05,9.257592e-06,-2.8721802e-06,-1.2459541e-05,5.8274032e-05
22,0.0008935452,0.0013930118,3.2544518e-05,0.0006380017,-4.187985e-05,0.00018493715,0.00046219048,0.00018635584,0.0003061082,0.00018482856,0.0004947437,-0.00014470909,0.00010671728,0.00015156485,3.3935718e-05,-0.00018600594,-0.00021633485,-2.8133269e-05,-0.00023064943,0.0002563065,0.00024358086,0.00025447167,0.00057059724,0.0001206171,-3.2368967e-05,0.00020228786,5.6632955e-05,-5.772279e-05,2.130985e-05,0.00012079021,-4.2015476e-05,1.1822442e-05,-1.0818653e-05,-1.9591975e-05,5.5902055e-05,-1.418159e-05,6.2271545e-05,-0.00011635924,-0.00011612761,7.669026e-05,0.000121784906,9.444814e-05,2.2789955e-05,-2.7899488e-05,1.5242336e-05,4.3560438e-05,-3.9100523e-05,3.1783275e-05,8.314313e-06,6.619029e-05
23,-0.0004648263,0.0012969215,0.0005864301,0.00044897315,-0.00026836462,0.0004408646,0.00017554643,-0.00016352333,-0.00015628355,0.00052188174,-0.00033364858,0.00012557968,0.00018241478,-0.00027756125,-1.2646753e-05,7.543557e-05,-6.2378545e-05,-0.0004239148,-8.537366e-05,-6.395666e-05,0.00017720228,8.8226865e-05,0.0001206171,0.0005325347,3.0748735e-05,7.412105e-05,0.00017399962,0.00011033213,-5.5916014e-05,-2.1702814e-05,-2.4947065e-05,-3.4880923e-05,3.2435928e-05,-8.8904535e-06,2.0536776e-05,3.8836894e-05,2.3064378e-05,5.754303e-05,-3.8229493e-05,5.266256e-05,-2.5962122e-06,-2.0459374e-05,7.180331e-05,-9.906733e-05,3.8011058e-05,6.8753434e-05,-3.938396e-05,4.0885807e-06,8.862821e-05,-2.3211327e-05
24,-0.0010832187,-0.0010094512,-0.00019939046,-0.00056403794,0.0001472751,-0.00054577366,-0.00033010874,-0.0003372011,-0.0006348054,-0.0002969752,-0.00026524975,0.00027552375,3.9471e-05,-0.00011746849,-0.00020107412,7.6268385e-05,-4.2721505e-05,-8.365741e-06,2.7527994e-05,-7.643277e-05,-0.000108926964,-0.00010946016,-3.2368967e-05,3.0748735e-05,0.0002883154,0.00014837953,-7.992845e-06,-0.00010917137,6.132679e-06,2.1401327e-05,5.4968026e-05,-2.576501e-05,8.8918765e-05,5.505009e-05,3.4471228e-05,6.539537e-06,-2.4133278e-06,3.7992348e-05,7.406646e-05,7.1487375e-05,-2.7280803e-05,-1.8778537e-05,6.48761e-06,-7.792622e-06,2.027119e-05,2.466546e-05,-1.0333572e-05,2.6202222e-05,1.689558e-05,5.0167414e-06
25,0.0010564073,-0.0010497166,-0.0010602153,-0.00083385204,0.00017808426,-0.0010189386,-0.00017153397,-0.0001401673,-0.00020840311,-0.00062876183,-0.00014176895,0.00048829644,-4.0583625e-05,-2.6197062e-05,-0.00016826903,7.007879e-05,-0.00017657163,-0.00011383544,-2.4462057e-05,-3.802697e-05,-0.00011814093,2.465322e-05,0.00020228786,7.412105e-05,0.00014837953,0.0004789245,0.00019599962,-0.00013232703,0.00017414753,1.2970429e-05,-6.088726e-05,4.4851942e-05,0.0001073242,1.2761737e-05,-3.882542e-05,-9.834357e-06,2.826195e-05,-6.653555e-05,-0.00011561676,5.4297598e-05,2.8031562e-05,3.5692334e-05,6.393486e-05,-4.7228506e-05,-5.871331e-05,5.2143994e-05,-4.2796913e-05,9.023065e-06,-3.5685836e-05,2.2178172e-05
26,0.0007938013,-7.643986e-05,-0.00075317116,-0.00059176516,0.00018770942,-0.0002354272,-1.8758292e-05,8.729205e-06,-8.103619e-06,-6.683645e-05,-0.00023463687,0.00052147335,6.797018e-05,-0.00014429043,0.0002463866,1.7703609e-05,3.7264135e-06,-0.00048878277,-2.1023483e-05,-0.000102339574,-5.7926976e-05,-5.685317e-06,5.6632955e-05,0.00017399962,-7.992845e-06,0.00019599962,0.00043025374,4.0472674e-05,9.9210476e-05,-1.34454485e-05,1.2786682e-06,5.7288904e-05,0.00011262993,-2.0478885e-05,-7.23119e-05,3.4637866e-05,-5.8506223e-05,-8.41564e-06,-5.7897425e-05,-5.7298563e-05,2.997872e-07,3.1708027e-05,-1.8511979e-05,-8.649824e-05,-1.1953303e-05,3.3855737e-05,-5.3413947e-05,-1.0387591e-06,4.2153377e-05,-1.2066194e-05
27,0.00011774384,0.0010600066,0.00036039768,0.00032652233,-8.014444e-05,0.000379215,0.0003038639,0.00013199609,0.00033965526,0.00020923323,0.000108347056,-0.0003180086,-2.4493572e-06,0.00010418672,0.00023495709,-9.797343e-05,0.00011210966,-0.00015026084,0.0001415314,8.20351e-05,1.8731651e-05,7.630739e-06,-5.772279e-05,0.00011033213,-0.00010917137,-0.00013232703,4.0472674e-05,0.0003657141,-2.3574148e-05,-4.6430512e-05,2.3616769e-05,6.995082e-06,-2.0121537e-05,-3.546491e-05,-2.051258e-05,4.4601584e-06,-1.5868864e-06,4.81964e-05,8.330711e-06,-4.807356e-05,-3.3772812e-05,2.7928258e-05,-2.8164615e-05,-2.0198502e-05,1.1643193e-05,-8.671197e-06,-8.1276485e-06,2.27161e-05,7.630607e-05,-4.028615e-05
28,0.00057664345,-1.0288009e-06,-0.0002533169,-0.00026909172,1.2877348e-05,-0.00033263332,-2.2851656e-05,2.702358e-07,-3.0027311e-05,-0.00011888619,2.4259948e-06,0.00011273383,6.8051464e-05,-2.2572509e-05,-0.00012506134,-8.905589e-05,1.1439087e-05,-4.278328e-05,4.7642752e-05,1.6983358e-05,-6.4113294e-05,1.1114567e-05,2.130985e-05,-5.5916014e-05,6.132679e-06,0.00017414753,9.9210476e-05,-2.3574148e-05,0.00022785844,1.3808339e-05,-0.000109076645,1.5909052e-05,7.750895e-05,-2.5832114e-05,-6.972367e-05,-1.5954245e-05,-4.9824695e-05,-3.9216364e-05,-7.722175e-06,-1.0629825e-05,-1.8470277e-05,3.6245052e-05,2.3803625e-05,5.0366702e-06,-9.587229e-06,1.5481623e-05,3.1716474e-05,-6.5759623e-06,-8.522282e-06,-3.5910252e-06
29,-0.0014085479,0.00093737454,0.00033193384,0.00036528497,-0.00010505615,0.0003072896,1.9868225e-05,-2.8378357e-05,-0.00046445298,0.00040115102,0.00010458533,7.649748e-05,1.8823726e-05,-0.00011629986,-3.7083417e-05,0.00011325281,-6.347255e-05,6.377419e-05,-0.00021884195,8.084079e-05,0.00014476947,8.944176e-05,0.00012079021,-2.1702814e-05,2.1401327e-05,1.2970429e-05,-1.34454485e-05,-4.6430512e-05,1.3808339e-05,0.00030158987,1.6871069e-05,4.5192704e-05,-3.9743012e-05,3.2621792e-05,5.529134e-05,5.1908028e-05,-2.2395237e-05,1.0627104e-05,2.1042215e-05,6.924452e-05,2.4612364e-05,2.113069e-05,-1.7999173e-05,8.131794e-06,-8.749811e-07,9.578744e-06,1.9591205e-05,4.0533356e-05,-1.3338162e-05,3.18605e-05
30,-0.0004958095,-0.0002441103,-7.8082114e-05,-0.0001343078,0.00016661812,3.4849072e-05,-9.854155e-06,5.1216255e-05,4.479793e-05,-0.00028517138,9.47886e-05,-0.000103850485,-7.0340844e-05,0.00010857254,0.00012596516,9.087198e-05,3.977352e-05,-1.6725135e-05,8.151693e-05,0.000108769,-4.3073596e-05,-0.00013761959,-4.2015476e-05,-2.4947065e-05,5.4968026e-05,-6.088726e-05,1.2786682e-06,2.3616769e-05,-0.000109076645,1.6871069e-05,0.00024045137,2.0789528e-05,-7.414608e-05,9.66196e-06,2.5587728e-05,5.0018672e-05,3.0959858e-05,5.6800065e-05,-6.7308015e-06,-2.5995945e-05,5.555299e-05,-3.3332115e-05,-4.5180288e-05,-2.4477878e-05,2.1397676e-05,-1.909184e-05,-4.5683493e-05,-2.4998358e-06,2.3715918e-05,1.6235266e-05
31,0.00047454314,0.00019254477,-0.0003248711,-0.00014554457,6.839399e-05,-4.777141e-05,6.518461e-05,0.00023690207,0.00012290294,-7.1571776e-05,0.000114931,0.00010229103,-1.9389106e-05,0.00011733578,9.1448615e-05,-8.9568595e-05,-4.012716e-05,-0.0001541808,2.7204973e-05,-1.78962e-05,-3.3855456e-05,-7.290335e-05,1.1822442e-05,-3.4880923e-05,-2.576501e-05,4.4851942e-05,5.7288904e-05,6.995082e-06,1.5909052e-05,4.5192704e-05,2.0789528e-05,0.00014888844,9.0131325e-06,8.227409e-06,-9.3783e-06,-1.3689978e-05,5.150272e-07,2.9172148e-05,-4.9669005e-05,-7.5443336e-06,2.9144918e-05,1.1631933e-05,-1.4855564e-05,-3.1142736e-05,-3.4212964e-05,-7.858269e-06,-1.656674e-05,2.6448954e-05,-1.8986226e-05,-7.550197e-06
32,-2.1353222e-05,-0.00021914367,-0.00022887894,-0.00036644167,0.00012024381,-0.0002885416,-8.6249405e-05,-9.525851e-05,-0.00024521252,-4.5783076e-05,-9.387935e-05,0.00019532946,8.52247e-05,-1.5017932e-05,-4.6776433e-05,-8.291806e-05,-2.4392246e-05,-0.00017630443,-1.3494581e-05,-7.646106e-05,-7.582045e-05,1.9752013e-06,-1.0818653e-05,3.2435928e-05,8.8918765e-05,0.0001073242,0.00011262993,-2.0121537e-05,7.750895e-05,-3.9743012e-05,-7.414608e-05,9.0131325e-06,0.00015996565,1.6345841e-06,-3.118452e-05,-4.3482913e-05,-4.354447e-05,-1.9522606e-05,4.402151e-05,5.2266255e-06,-4.2871907e-05,1.9799418e-05,1.3311223e-06,-2.7706448e-05,8.612732e-06,7.047277e-06,1.2498845e-06,1.7854603e-05,1.4753034e-05,-5.4508137e-06
33,-0.00038313319,-6.355009e-05,-3.297413e-05,1.6924729e-05,7.9911706e-07,2.5533463e-05,-0.00013992489,-1.0004887e-05,-0.00015493977,8.922884e-05,-1.8739476e-05,5.039866e-05,-8.706085e-05,-3.0984404e-05,-4.489375e-07,7.9316866e-05,-6.714259e-05,-2.7459087e-06,-2.3539775e-05,-7.64867e-05,9.421223e-06,2.7012598e-05,-1.9591975e-05,-8.8904535e-06,5.505009e-05,1.2761737e-05,-2.0478885e-05,-3.546491e-05,-2.5832114e-05,3.2621792e-05,9.66196e-06,8.227409e-06,1.6345841e-06,8.592202e-05,1.8523258e-05,-1.9136356e-05,3.2180303e-06,1.0803446e-05,-1.1941754e-06,2.9352992e-05,-9.006906e-06,1.5804028e-06,-2.456488e-05,2.007357e-06,-9.718766e-06,1.6124242e-05,-1.29642885e-05,1.7305501e-05,-2.334277e-05,1.7129118e-05
34,-0.0005658994,0.00037264577,0.00045887142,0.00033811928,-0.000107960266,0.00030900532,3.0467434e-05,4.103857e-06,-0.00013826796,0.0003220207,7.284129e-06,-7.077564e-05,4.017647e-05,5.856171e-06,-1.0352485e-05,6.884515e-05,-7.88723e-05,0.00010626833,-5.4234188e-05,-3.6222627e-06,6.381791e-05,1.4166236e-05,5.5902055e-05,2.0536776e-05,3.4471228e-05,-3.882542e-05,-7.23119e-05,-2.051258e-05,-6.972367e-05,5.529134e-05,2.5587728e-05,-9.3783e-06,-3.118452e-05,1.8523258e-05,0.00012510656,1.2867678e-05,3.1926964e-05,2.423349e-05,2.1966738e-05,4.446006e-05,-1.1810103e-05,4.237304e-06,1.6137677e-05,4.141536e-06,1.7401533e-05,-5.775076e-06,1.0370249e-05,1.3337383e-05,2.7429453e-06,-2.0369673e-06
35,-0.0005236559,-2.9456953e-05,-2.1846125e-05,-2.2727938e-05,-5.30843e-06,4.660192e-05,-4.225945e-05,-9.5847194e-05,-0.00015452833,5.5875164e-05,-0.00013319976,0.00014987715,-6.332534e-07,-0.00011380948,5.8159792e-05,0.0002019715,-1.719744e-05,-4.258228e-05,-6.6508284e-05,-1.151294e-05,-1.6979566e-05,-2.2910777e-05,-1.418159e-05,3.8836894e-05,6.539537e-06,-9.834357e-06,3.4637866e-05,4.4601584e-06,-1.5954245e-05,5.1908028e-05,5.0018672e-05,-1.3689978e-05,-4.3482913e-05,-1.9136356e-05,1.2867678e-05,9.492972e-05,-6.667042e-07,3.2549302e-05,-1.4271209e-05,7.182838e-06,1.1221991e-05,-1.1832472e-05,1.0011063e-05,-3.417867e-06,2.6794787e-05,1.3216797e-05,-1.7522633e-06,-3.6304722e-05,6.561369e-06,5.898862e-07
36,-0.00014559197,-0.00025302923,-9.904381e-05,-1.4139279e-06,2.2931576e-05,-0.00011457395,5.2755395e-06,-2.6829639e-05,-5.7317986e-05,-0.00012577733,-1.7343216e-05,9.379665e-06,-6.244577e-05,5.1959756e-05,-8.6880376e-05,0.00015515956,-7.121159e-05,0.00016153062,8.570305e-06,4.1709838e-05,2.4904673e-05,1.5429148e-05,6.2271545e-05,2.3064378e-05,-2.4133278e-06,2.826195e-05,-5.8506223e-05,-1.5868864e-06,-4.9824695e-05,-2.2395237e-05,3.0959858e-05,5.150272e-07,-4.354447e-05,3.2180303e-06,3.1926964e-05,-6.667042e-07,9.9306e-05,3.004434e-06,-3.0178573e-05,1.8084811e-05,1.3118737e-05,5.6940144e-06,3.830054e-05,3.4819618e-06,8.264461e-07,9.095002e-06,-2.1213917e-05,5.1106163e-06,-5.4181683e-06,4.571616e-06
37,-0.00081331545,5.342031e-05,0.00020713419,-1.4957607e-05,-5.0447532e-05,0.00010901269,-7.7333825e-05,-6.840877e-05,-0.00020773747,6.529642e-05,-0.00022859208,3.4550776e-05,6.505975e-05,-0.00010214348,-7.978693e-05,0.0001497816,0.00010903567,-8.844612e-05,7.7793506e-05,-6.29725e-05,-4.626146e-05,-0.00014164066,-0.00011635924,5.754303e-05,3.7992348e-05,-6.653555e-05,-8.41564e-06,4.81964e-05,-3.9216364e-05,1.0627104e-05,5.6800065e-05,2.9172148e-05,-1.9522606e-05,1.0803446e-05,2.423349e-05,3.2549302e-05,3.004434e-06,0.00011426668,4.435351e-05,4.348453e-06,-2.227539e-05,-4.6555433e-05,8.229918e-06,-1.2883198e-05,2.797343e-05,3.2259716e-06,-3.9421678e-07,6.6395464e-06,1.7344402e-05,-2.1438871e-05
38,-0.0013362189,0.0001939237,0.00055829744,0.00012385775,-1.2130711e-05,0.00025482074,-6.862538e-05,-0.00012696329,-0.00039193511,0.00025502138,-0.00011518926,-4.3077926e-05,0.00015862698,-3.9109844e-05,-0.00015937179,5.6803237e-05,0.00013492163,9.003053e-05,2.5626126e-05,-3.9672937e-05,2.7769629e-05,-7.2133895e-05,-0.00011612761,-3.8229493e-05,7.406646e-05,-0.00011561676,-5.7897425e-05,8.330711e-06,-7.722175e-06,2.1042215e-05,-6.7308015e-06,-4.9669005e-05,4.402151e-05,-1.1941754e-06,2.1966738e-05,-1.4271209e-05,-3.0178573e-05,4.435351e-05,0.00015962643,1.3704942e-05,-5.0410163e-05,-1.6079974e-05,-1.9735588e-05,1.9376786e-05,3.5821282e-05,-2.303546e-05,4.7372363e-05,2.961961e-05,3.527783e-05,-2.7761951e-05
39,-0.000755638,0.00031361158,0.00020996605,0.00024742243,-7.539039e-05,0.00010064173,-4.2274653e-05,-9.469662e-05,-0.00030966854,0.00019858233,1.0850827e-05,4.954275e-05,1.7092303e-05,-4.498258e-05,-0.00012460153,0.00019037232,-9.138956e-05,5.3419986e-05,-0.00012515829,1.7980648e-05,8.7605804e-05,7.4371266e-05,7.669026e-05,5.266256e-05,7.1487375e-05,5.4297598e-05,-5.7298563e-05,-4.807356e-05,-1.0629825e-05,6.924452e-05,-2.5995945e-05,-7.5443336e-06,5.2266255e-06,2.9352992e-05,4.446006e-05,7.182838e-06,1.8084811e-05,4.348453e-06,1.3704942e-05,9.623776e-05,3.7365157e-06,9.086551e-06,1.771966e-05,-1.581672e-06,1.6535171e-07,3.4554534e-05,1.5880938e-05,2.8142415e-05,-5.34455e-06,6.5850936e-06
40,0.00039714563,0.00053325674,5.427972e-05,0.00025725353,3.0894233e-05,0.00020430211,0.00018795219,0.00020024841,0.00027951942,-1.0653469e-05,0.0002650139,-0.00011276212,3.4847682e-05,0.0001516564,5.692178e-05,-2.2385688e-05,-4.6428842e-05,-2.5825311e-05,-4.9059774e-05,8.975694e-05,7.681656e-05,-5.897152e-07,0.000121784906,-2.5962122e-06,-2.7280803e-05,2.8031562e-05,2.997872e-07,-3.3772812e-05,-1.8470277e-05,2.4612364e-05,5.555299e-05,2.9144918e-05,-4.2871907e-05,-9.006906e-06,-1.1810103e-05,1.1221991e-05,1.3118737e-05,-2.227539e-05,-5.0410163e-05,3.7365157e-06,8.3480714e-05,1.2065162e-05,-1.778196e-05,-2.1988946e-05,-5.1292845e-06,-2.895229e-06,-1.32796595e-05,-8.5795145e-06,-5.8675732e-06,1.6320697e-05
41,0.0001576244,0.0004986881,5.7702906e-05,0.00017897508,2.270901e-05,0.0001354875,0.00012186631,0.000106566884,6.0388327e-05,0.00017796938,0.00016803454,-1.4393939e-05,3.1089898e-05,0.000103412545,8.5062624e-05,-2.8912858e-05,-9.275319e-05,2.7545077e-05,-5.0530365e-05,4.2874548e-05,7.2664676e-05,8.821527e-05,9.444814e-05,-2.0459374e-05,-1.8778537e-05,3.5692334e-05,3.1708027e-05,2.7928258e-05,3.6245052e-05,2.113069e-05,-3.3332115e-05,1.1631933e-05,1.9799418e-05,1.5804028e-06,4.237304e-06,-1.1832472e-05,5.6940144e-06,-4.6555433e-05,-1.6079974e-05,9.086551e-06,1.2065162e-05,6.633111e-05,-1.2405317e-05,-1.1559683e-05,-2.1742833e-06,1.1635834e-05,6.8376007e-06,7.1726718e-06,9.845285e-06,9.68379e-07
42,1.8435376e-05,-0.00044052675,-0.00010955442,-0.00014972826,-7.830835e-05,-0.0002988177,-8.828071e-05,-0.00017721375,-0.0001554644,-0.00011647497,-0.00023960459,0.00010298654,-4.574823e-06,-0.00015062222,-0.00015371085,3.8015576e-05,-8.962903e-06,3.1935e-05,3.1118063e-05,-1.2767393e-05,-4.6605932e-05,2.1986722e-05,2.2789955e-05,7.180331e-05,6.48761e-06,6.393486e-05,-1.8511979e-05,-2.8164615e-05,2.3803625e-05,-1.7999173e-05,-4.5180288e-05,-1.4855564e-05,1.3311223e-06,-2.456488e-05,1.6137677e-05,1.0011063e-05,3.830054e-05,8.229918e-06,-1.9735588e-05,1.771966e-05,-1.778196e-05,-1.2405317e-05,7.932784e-05,-2.9889748e-06,1.52019165e-05,2.5670324e-05,8.425476e-06,-1.574271e-05,-4.5348335e-07,-7.7412915e-06
43,-0.00017574275,-0.00035376666,-9.528239e-05,-2.550487e-05,3.5971282e-06,-7.4620904e-05,-8.747952e-05,-6.0269518e-05,-3.1757092e-05,-2.4035799e-05,7.904667e-05,1.7390921e-05,-7.793745e-05,-4.2427386e-05,-6.282225e-05,6.199963e-06,-2.1420761e-05,0.00019263498,-6.996142e-05,4.1385636e-05,-3.627939e-05,-1.4532874e-05,-2.7899488e-05,-9.906733e-05,-7.792622e-06,-4.7228506e-05,-8.649824e-05,-2.0198502e-05,5.0366702e-06,8.131794e-06,-2.4477878e-05,-3.1142736e-05,-2.7706448e-05,2.007357e-06,4.141536e-06,-3.417867e-06,3.4819618e-06,-1.2883198e-05,1.9376786e-05,-1.581672e-06,-2.1988946e-05,-1.1559683e-05,-2.9889748e-06,8.48929e-05,1.7554187e-06,-1.8107046e-05,3.887363e-06,1.4970144e-06,-1.3396399e-05,5.9570334e-06
44,-0.00071123836,0.00027507136,0.00024326886,0.00014302715,-1.951381e-05,0.00013549588,-1.0049928e-06,-9.928299e-05,-0.00017508761,0.00015866882,-6.96872e-05,-5.7572746e-05,6.562477e-05,-7.933495e-05,-2.5162237e-05,1.0973174e-05,2.8913346e-05,-6.687324e-05,-6.7652427e-06,2.8835224e-05,-2.6394007e-05,9.023137e-06,1.5242336e-05,3.8011058e-05,2.027119e-05,-5.871331e-05,-1.1953303e-05,1.1643193e-05,-9.587229e-06,-8.749811e-07,2.1397676e-05,-3.4212964e-05,8.612732e-06,-9.718766e-06,1.7401533e-05,2.6794787e-05,8.264461e-07,2.797343e-05,3.5821282e-05,1.6535171e-07,-5.1292845e-06,-2.1742833e-06,1.52019165e-05,1.7554187e-06,7.5424316e-05,1.0986409e-05,8.3783675e-07,-2.7919988e-05,2.9493876e-05,8.9990335e-06
45,-0.000118530865,-0.00018032911,-0.0001756495,-7.4196614e-05,-2.5588812e-05,-0.00017579959,-9.204666e-05,-0.00014168955,-0.00015258083,-3.4650846e-05,-0.00014800651,0.00011276563,-3.053383e-05,-0.00014582736,-3.2525375e-05,8.528738e-05,-1.6868598e-05,-5.8793208e-05,-7.286948e-06,5.257574e-07,4.9046857e-06,7.053149e-05,4.3560438e-05,6.8753434e-05,2.466546e-05,5.2143994e-05,3.3855737e-05,-8.671197e-06,1.5481623e-05,9.578744e-06,-1.909184e-05,-7.858269e-06,7.047277e-06,1.6124242e-05,-5.775076e-06,1.3216797e-05,9.095002e-06,3.2259716e-06,-2.303546e-05,3.4554534e-05,-2.895229e-06,1.1635834e-05,2.5670324e-05,-1.8107046e-05,1.0986409e-05,5.1133233e-05,-2.1367932e-06,2.8021136e-06,6.478996e-06,6.238153e-06
46,-0.00022484959,0.00027011917,0.00034086,0.0002104119,-8.800614e-05,0.00018853493,1.6574195e-05,7.4654617e-06,-4.607864e-05,0.00019699115,-1.1517597e-05,-6.2232735e-05,7.156764e-05,-4.2361453e-06,-6.946498e-05,1.9811443e-05,3.0404324e-05,8.193097e-05,5.0453787e-06,-1.3149765e-05,4.759866e-05,9.257592e-06,-3.9100523e-05,-3.938396e-05,-1.0333572e-05,-4.2796913e-05,-5.3413947e-05,-8.1276485e-06,3.1716474e-05,1.9591205e-05,-4.5683493e-05,-1.656674e-05,1.2498845e-06,-1.29642885e-05,1.0370249e-05,-1.7522633e-06,-2.1213917e-05,-3.9421678e-07,4.7372363e-05,1.5880938e-05,-1.32796595e-05,6.8376007e-06,8.425476e-06,3.887363e-06,8.3783675e-07,-2.1367932e-06,5.1046398e-05,2.492473e-06,1.3455818e-07,-2.0121122e-05
47,-0.00013781051,7.7026605e-05,-2.841367e-05,-4.80082e-06,1.5339563e-05,-3.1134077e-05,1.6856997e-05,5.823141e-06,-6.414317e-05,-1.6736165e-05,6.520062e-05,1.2404642e-05,9.2966e-06,2.6643818e-05,-5.921215e-05,-1.466037e-05,1.1395376e-05,4.761513e-05,9.61069e-07,3.8365622e-05,6.3164145e-05,-2.8721802e-06,3.1783275e-05,4.0885807e-06,2.6202222e-05,9.023065e-06,-1.0387591e-06,2.27161e-05,-6.5759623e-06,4.0533356e-05,-2.4998358e-06,2.6448954e-05,1.7854603e-05,1.7305501e-05,1.3337383e-05,-3.6304722e-05,5.1106163e-06,6.6395464e-06,2.961961e-05,2.8142415e-05,-8.5795145e-06,7.1726718e-06,-1.574271e-05,1.4970144e-06,-2.7919988e-05,2.8021136e-06,2.492473e-06,6.6821136e-05,1.017292e-05,-5.922842e-06
48,-0.00032006187,0.00038674442,0.00023931862,0.00011080908,-1.2592216e-05,0.0001627316,8.075009e-05,-3.7919934e-05,-3.16054e-05,0.00013393612,-2.052405e-05,-3.3133787e-05,9.0452406e-05,-3.180026e-05,2.4779903e-05,-5.0095463e-05,3.899482e-05,-7.0457085e-05,2.184845e-05,4.6999823e-05,3.487646e-05,-1.2459541e-05,8.314313e-06,8.862821e-05,1.689558e-05,-3.5685836e-05,4.2153377e-05,7.630607e-05,-8.522282e-06,-1.3338162e-05,2.3715918e-05,-1.8986226e-05,1.4753034e-05,-2.334277e-05,2.7429453e-06,6.561369e-06,-5.4181683e-06,1.7344402e-05,3.527783e-05,-5.34455e-06,-5.8675732e-06,9.845285e-06,-4.5348335e-07,-1.3396399e-05,2.9493876e-05,6.478996e-06,1.3455818e-07,1.017292e-05,5.562664e-05,-1.8371946e-05
49,-2.2348548e-05,-5.942695e-05,-0.00013796183,-1.299997e-05,2.8959457e-05,-9.877166e-05,-1.5299585e-05,-2.579256e-05,-2.303985e-05,-9.1561895e-05,7.596913e-05,-4.5903194e-05,-6.354389e-05,1.2064654e-06,1.03572675e-05,-1.6072558e-05,-3.2217627e-05,5.0406943e-06,-4.4407607e-05,4.9789553e-05,-3.2861808e-06,5.8274032e-05,6.619029e-05,-2.3211327e-05,5.0167414e-06,2.2178172e-05,-1.2066194e-05,-4.028615e-05,-3.5910252e-06,3.18605e-05,1.6235266e-05,-7.550197e-06,-5.4508137e-06,1.7129118e-05,-2.0369673e-06,5.898862e-07,4.571616e-06,-2.1438871e-05,-2.7761951e-05,6.5850936e-06,1.6320697e-05,9.68379e-07,-7.7412915e-06,5.9570334e-06,8.9990335e-06,6.238153e-06,-2.0121122e-05,-5.922842e-06,-1.8371946e-05,3.748713e-05
