,0,1,2,3,4,5,6,7,8,9,10,11,12,13,14,15,16,17,18,19,20,21,22,23,24,25,26,27,28,29,30,31,32,33,34,35,36,37,38,39,40,41,42,43,44,45,46,47,48,49
0,7.3547482,-12.055807,0.44453114,-0.35643888,0.039325967,-0.35946912,0.010546881,-0.07102044,0.023928497,0.01430606,0.0012057179,-0.00070949306,0.004156596,-0.004493977,-0.0058639906,0.00082487706,-0.001059493,0.0009955037,-0.0007673106,0.00014299533,-0.00076851423,-0.00057352055,0.0012739203,0.0015049335,0.0007027995,0.0010447227,0.0002907575,0.0017756983,0.00020837627,-0.00061017665,0.0011959241,0.0006777217,-6.411818e-05,8.369496e-05,0.0001574595,-0.0004046654,0.00036823412,0.00032259367,0.0004640284,-0.00042937108,-5.7096793e-05,0.0002329375,-0.0003990865,-0.0006865518,-0.0004779171,-0.00018942091,-9.1863156e-05,-0.0003621456,-4.219584e-05,-7.999275e-05
1,-12.055807,20.398249,0.20825467,-0.09616104,-0.31994367,0.2353932,0.08915314,-0.028652588,-0.0061546,-0.009728954,0.008655383,-0.00047684147,-0.001073054,-0.00013565982,0.0014919719,0.0025238164,-0.0008257162,-0.0018393823,0.000412717,-0.00052814494,0.0019742118,0.0015251708,0.00017620556,-0.0014122082,-0.00013294976,1.8599716e-05,0.0006878307,-0.00018203037,0.000307929,-0.00076140533,-0.0002630339,-0.00048649975,-0.00089947646,-0.00043569558,-0.00012633274,8.437146e-06,0.00014223446,-0.0003655412,-0.0008618735,0.00020848116,-3.5078927e-05,-0.00012048494,7.008207e-05,9.804238e-05,-0.00020811685,0.00025867915,2.4150177e-05,-2.2637692e-05,-4.1264346e-05,-0.00012988644
2,0.44453114,0.20825467,5.7271385,-0.021321755,0.5572556,-0.4486832,-0.06716166,-0.033810213,-0.0052053817,-0.0070087523,-0.01136069,-0.0012197904,0.0006463586,0.0030966057,-0.0022260128,-0.0002028655,-0.0005016297,0.0014003632,0.00024678162,0.0009090189,-0.0011469031,-0.0006898815,0.0006283369,-8.7278444e-05,0.0010101959,0.00051508227,5.741128e-06,0.0007790415,2.6850346e-05,-0.00030555105,6.208242e-05,0.00073611666,0.00032542032,-0.00018111306,0.0008496393,-0.00022409883,-0.00026603424,-2.1879583e-05,0.0006340812,-0.00036596833,-2.2990844e-05,9.588123e-05,-0.00011850724,7.794603e-05,-0.0002424958,-0.00014388635,-0.000118984906,0.00019542579,0.0002753163,0.00012827624
3,-0.35643888,-0.09616104,-0.021321755,3.410722,-0.097944126,0.09664258,0.018205922,0.031379767,-0.011116926,0.008259962,-0.0024191877,0.00316661,-0.0047326805,-0.001807611,-4.2021084e-06,-0.003965283,0.0011560501,0.00035438512,-0.0010554828,0.0014439463,-0.000146123,2.111754e-06,0.00020155568,-0.00017946292,-0.0002873481,0.00010509645,0.0003844979,0.0001210456,-3.102013e-05,-0.00016925702,-0.00037959724,-0.0003719713,-0.00023417779,7.010903e-05,0.0001070674,0.00023259732,-7.2637704e-05,0.00043413776,-1.1745271e-05,0.00029864645,0.00012236851,0.00018535163,2.5577192e-05,4.269312e-05,0.00015366208,0.0001808045,9.824251e-06,-0.00021475353,7.477337e-05,1.732753e-05
4,0.039325967,-0.31994367,0.5572556,-0.097944126,1.4277207,0.91891783,0.115000546,0.021351522,0.0002182543,0.0024743392,0.0052063866,0.0014127891,-0.0055739987,-0.0011206402,0.0013950741,0.0020281952,0.0013497127,-0.00020814466,-0.0007415806,-3.1159798e-05,-0.00041603594,0.00054013863,-0.0009982612,8.6308515e-05,0.0015157021,0.00019948764,0.0013627675,0.0002685045,-0.00015765047,0.00010563106,-0.00085638306,0.0002097291,8.589182e-05,0.00021029665,-0.00032476924,0.00034846173,-0.00018560454,0.00031404453,-0.00034410926,-7.8132754e-05,-0.00011214901,-0.00017229171,-0.00011016107,0.000260631,-6.072533e-05,-6.125144e-05,-1.5705989e-06,7.298647e-06,0.00010159612,0.000115480216
5,-0.35946912,0.2353932,-0.4486832,0.09664258,0.91891783,0.77683103,-0.064319834,-0.0006281387,-0.0011702433,0.0009648311,-0.0035384092,-0.0018185833,-7.0850045e-05,0.0014373353,0.0015621624,-0.0028126326,0.00097442983,0.0018251797,0.0004041612,0.0010169919,0.0005476843,-0.001072669,-0.00048599733,0.00037606034,0.0005811211,-1.8372939e-05,-0.0011991672,1.3947408e-05,-0.000126004,-0.0003179959,-0.00051769847,-0.00023626824,0.00022079988,0.00031750905,0.00015762958,-0.00022708077,-6.0899743e-05,-8.707259e-07,0.00024180464,8.50818e-05,4.187487e-05,0.00011117913,0.00033191725,-6.6848865e-05,-0.0001461813,-0.0002832699,0.00032080285,7.88612e-05,4.858606e-05,-6.034287e-05
6,0.010546881,0.08915314,-0.06716166,0.018205922,0.115000546,-0.064319834,0.84161407,0.0014258096,0.005268163,-0.0029240982,7.0594106e-05,0.00046816317,-0.0015697249,0.0001454707,-0.00024663107,0.0015325784,-0.00070897234,-0.00069109246,-0.0008582326,-0.00042314123,0.00039922254,-0.0008220195,0.00024646567,-9.6317664e-05,0.00016398585,0.00045837532,0.0002166038,0.0004219513,-1.474371e-05,-8.570131e-05,1.195653e-05,-0.00029524846,0.00018058132,-9.36273e-05,0.0002709112,0.00014002423,0.00010730355,-0.00018590232,-0.00012498966,-0.00014690984,-0.00016390358,-6.0176562e-06,-0.00018619909,0.00010072364,5.3846863e-05,5.6710254e-05,0.00022712426,0.00012881882,-3.099438e-05,-8.9579975e-05
7,-0.07102044,-0.028652588,-0.033810213,0.031379767,0.021351522,-0.0006281387,0.0014258096,0.11684863,-0.0018860172,-0.00017331874,-0.0007211785,-0.00044035807,0.000457606,-0.0020764829,-0.00040988874,0.0003024983,-0.00035462296,8.831153e-05,-0.0002273399,0.00014097759,0.0005209497,-0.00027163484,-0.00032112465,0.0002826528,-7.474786e-05,-0.00013203634,0.00033843936,0.0001136089,-0.0002054593,0.00026806508,-0.0007324142,-0.00038156222,0.00027210143,-8.590524e-05,0.00014733752,0.00036062105,-1.5643758e-05,-7.38297e-05,-0.00012294982,0.0002565332,-5.6704186e-05,0.00029405148,-0.00013412168,-8.224878e-05,0.0007841039,0.00023589924,-8.402113e-05,-0.00028271828,-3.0827591e-06,0.00025423127
8,0.023928497,-0.0061546,-0.0052053817,-0.011116926,0.0002182543,-0.0011702433,0.005268163,-0.0018860172,0.045084134,-0.00184213,0.00087978237,0.001139431,0.0005085257,3.490792e-05,-0.00093297765,0.00016711015,-0.0003388704,0.00061890564,-0.0006044315,0.0005426002,0.00042881165,-0.0007442429,-0.000104914885,0.0002247048,-0.0005129578,0.00015353254,0.0004190879,0.0002912633,0.00022266177,-5.907015e-05,-0.0001894582,1.1907718e-05,0.00025884947,4.9706734e-05,0.00010934204,-0.00016016616,-0.00019976878,-0.00032170847,0.000121384524,-0.00027647175,-0.0002804352,-2.4638408e-05,-7.729945e-05,-0.00017328587,0.0001282716,-0.00014445164,0.00015190762,-0.00015826584,-0.00013974527,-0.00011287753
9,0.01430606,-0.009728954,-0.0070087523,0.008259962,0.0024743392,0.0009648311,-0.0029240982,-0.00017331874,-0.00184213,0.034991924,0.0006153553,6.1364946e-05,-0.00044103063,-0.00010318787,-7.063044e-05,-0.00024944023,-0.00060205144,-0.00021810809,-0.0010071725,0.00072573044,0.00022472304,-0.0007072519,0.00016368527,0.0010554607,-0.00027219293,-0.00030357036,0.00011613582,9.472537e-05,0.00036396773,7.109053e-05,-3.519237e-05,0.00014929271,1.0172499e-06,0.00029456418,2.8357481e-05,-0.00038182648,5.1954794e-06,-7.659471e-06,0.00021783302,8.306952e-05,-8.027266e-05,-9.160847e-05,0.00025443488,-4.0678216e-05,-6.159781e-06,-0.00023651746,-7.881646e-05,-9.233582e-06,-6.5091363e-06,-0.00010364469
10,0.0012057179,0.008655383,-0.01136069,-0.0024191877,0.0052063866,-0.0035384092,7.0594106e-05,-0.0007211785,0.00087978237,0.0006153553,0.020594606,-8.727198e-05,2.0123522e-05,5.4968637e-05,0.0023543085,0.0014745162,0.0004615202,-8.819149e-05,0.000725859,-0.0008221038,-0.0007993759,0.00025132642,-0.00025151268,0.00011620106,-0.00017178088,0.00012298701,0.0003355522,-0.0006524813,0.00023265503,-0.00012488973,0.00013344889,-0.00065491284,-0.0008545992,0.00012702818,3.60239e-05,0.00021894774,4.249751e-05,0.00012663538,-0.00097589823,4.5507448e-05,1.7083432e-05,0.00015780724,2.2255252e-05,5.3905926e-05,0.00019949162,0.00040632806,-0.000332902,2.8497827e-05,2.7237047e-05,-0.00023440178
11,-0.00070949306,-0.00047684147,-0.0012197904,0.00316661,0.0014127891,-0.0018185833,0.00046816317,-0.00044035807,0.001139431,6.1364946e-05,-8.727198e-05,0.016252091,-0.00065732666,-0.0006493182,0.0001598692,-0.00030416436,8.92358e-05,0.00029094485,0.0005135121,-0.00033081102,6.4211026e-06,8.6417276e-05,-6.8586e-05,0.00018404066,0.00014597282,4.1540326e-05,-9.2820395e-05,0.00012958629,7.3437e-05,0.00022571578,0.00012580983,-0.00011952581,-0.0002536967,-1.9306251e-05,7.1680406e-05,-0.0001343558,-7.534885e-06,4.4970056e-06,7.315735e-06,0.00036865773,-0.00011597054,9.642355e-05,-0.000119005796,0.00023126623,3.3755976e-05,7.042318e-05,-0.00015352078,-2.8837814e-05,-3.0621624e-05,0.00010063374
12,0.004156596,-0.001073054,0.0006463586,-0.0047326805,-0.0055739987,-7.0850045e-05,-0.0015697249,0.000457606,0.0005085257,-0.00044103063,2.0123522e-05,-0.00065732666,0.014968881,-4.2408305e-05,0.00020064789,3.4286346e-05,0.00016076677,6.019528e-06,0.00031179443,-6.0558115e-05,0.00010334833,0.00023660567,3.865543e-05,0.00033343528,8.06408e-05,0.00012147951,-2.2426537e-05,0.00010269873,0.00012711494,0.00017870835,0.00030994296,-6.687912e-05,-8.143771e-07,3.9057864e-05,5.980039e-05,-0.00017910099,4.8772457e-05,-8.22946e-05,-9.097494e-05,0.00024910324,-4.3055625e-05,9.8923556e-05,8.820744e-06,9.469532e-05,2.0646341e-05,2.5300345e-05,-0.00019401137,-9.003544e-05,4.4041204e-05,-4.332892e-05
13,-0.004493977,-0.00013565982,0.0030966057,-0.001807611,-0.0011206402,0.0014373353,0.0001454707,-0.0020764829,3.490792e-05,-0.00010318787,5.4968637e-05,-0.0006493182,-4.2408305e-05,0.011636201,0.0008496313,0.00018276236,-2.4637928e-05,-0.0004876647,-0.00032819348,0.00019504505,-0.00017484394,-0.00031806415,5.0599403e-05,0.0003208029,4.5887014e-06,0.00015085668,-0.00036945712,-0.00018982415,-0.00023754555,-0.00025067455,-0.00017655033,-2.8749717e-05,-0.00044133962,8.435045e-05,0.00018063172,-0.00021724611,-0.00013376132,-9.8863384e-05,-0.00023891861,-1.6337755e-05,1.7157057e-05,0.00011630761,9.878905e-06,9.5994954e-05,0.00025576694,0.00012421134,-6.7126515e-05,-3.5846475e-05,-3.7772115e-05,6.964049e-05
14,-0.0058639906,0.0014919719,-0.0022260128,-4.2021084e-06,0.0013950741,0.0015621624,-0.00024663107,-0.00040988874,-0.00093297765,-7.063044e-05,0.0023543085,0.0001598692,0.00020064789,0.0008496313,0.009621523,-0.00042813385,-0.00042497105,0.0006848776,-0.0001334724,0.00056410977,0.00056576973,0.00029698975,-3.195953e-05,-0.00036795798,2.7943519e-05,-0.00017234968,4.6067027e-05,0.00035074647,-0.00021606244,0.000301873,-6.911274e-05,0.00013809235,0.00072544423,-0.00023307922,-0.0001612242,1.2866082e-05,1.985288e-05,-5.363817e-05,0.000499964,5.292149e-05,-6.4853193e-06,-6.737538e-05,-0.00013919668,1.8989817e-06,-3.0148814e-05,-0.00023871893,0.00025538457,-5.9963837e-05,0.00012727795,0.00016169358
15,0.00082487706,0.0025238164,-0.0002028655,-0.003965283,0.0020281952,-0.0028126326,0.0015325784,0.0003024983,0.00016711015,-0.00024944023,0.0014745162,-0.00030416436,3.4286346e-05,0.00018276236,-0.00042813385,0.010227658,-0.0004838672,-5.1118357e-05,-5.5472206e-05,-3.640244e-05,0.00031620625,-0.00018476773,-3.78114e-05,-9.791611e-05,0.00026051915,-0.00026436575,5.560973e-05,0.00019263987,4.227708e-05,7.690731e-05,-6.6316556e-05,0.0002346139,0.0001736704,2.8895476e-05,3.6810838e-05,-8.7594926e-05,-5.0794093e-05,8.737286e-05,0.00033697992,8.08941e-05,-0.0002006407,-0.0001680557,0.000114010894,4.0291136e-05,9.6300864e-05,-2.3779166e-05,8.793202e-05,7.4340955e-05,-8.708887e-05,0.0002386041
16,-0.001059493,-0.0008257162,-0.0005016297,0.0011560501,0.0013497127,0.00097442983,-0.00070897234,-0.00035462296,-0.0003388704,-0.00060205144,0.0004615202,8.92358e-05,0.00016076677,-2.4637928e-05,-0.00042497105,-0.0004838672,0.0075321714,0.00032728512,-0.0006597367,0.000296109,0.00038274945,-0.00028742713,3.136022e-05,-0.00019795014,0.00022349357,-0.0006700568,0.00012070285,-0.00020362198,-0.00022275964,0.000254841,-0.00016969902,3.807969e-05,0.00021585984,0.00021766563,4.407385e-05,-0.00015696045,-9.837623e-05,0.0003014917,1.8104555e-07,3.406885e-05,-0.00013435405,-0.00017040907,0.00024556913,0.000104847204,0.00011598876,-2.7610495e-05,-1.0263593e-05,2.9365117e-05,0.000108572785,0.00022482901
17,0.0009955037,-0.0018393823,0.0014003632,0.00035438512,-0.00020814466,0.0018251797,-0.00069109246,8.831153e-05,0.00061890564,-0.00021810809,-8.819149e-05,0.00029094485,6.019528e-06,-0.0004876647,0.0006848776,-5.1118357e-05,0.00032728512,0.0064911614,1.3494744e-06,0.000104654944,-0.0003079545,-0.00032664242,-0.0002283933,0.00063790026,-7.816301e-05,0.00020576123,-9.403719e-06,-0.00018555115,0.00014795555,-0.0006353173,-0.00029057535,0.00023127571,-0.00028158998,-0.00010455103,-9.806513e-05,3.5768142e-05,0.00029198508,0.000113739414,0.00021599018,-0.0001995657,0.00012121453,-3.455366e-05,0.00021961553,-0.00011828417,0.00016759444,0.00010308313,4.7540074e-05,5.5143886e-05,-8.366276e-05,-2.914191e-05
18,-0.0007673106,0.000412717,0.00024678162,-0.0010554828,-0.0007415806,0.0004041612,-0.0008582326,-0.0002273399,-0.0006044315,-0.0010071725,0.000725859,0.0005135121,0.00031179443,-0.00032819348,-0.0001334724,-5.5472206e-05,-0.0006597367,1.3494744e-06,0.006218092,0.0005117363,0.00031293594,-0.00019844997,0.000177112,0.00012046474,-2.9921423e-05,-0.0006926493,5.785827e-06,-0.000194988,-0.00020217721,8.970658e-06,-0.000118055854,0.00021020719,0.0004484844,0.00024120143,8.2381695e-05,-9.904918e-05,-0.0003072543,0.00014889329,-0.00010917836,4.0514456e-05,6.025697e-05,1.6585947e-05,0.00014312036,-2.6818074e-05,-2.9594257e-05,-0.00013373485,1.8880633e-06,2.7300892e-05,3.8337777e-05,-1.873061e-05
19,0.00014299533,-0.00052814494,0.0009090189,0.0014439463,-3.1159798e-05,0.0010169919,-0.00042314123,0.00014097759,0.0005426002,0.00072573044,-0.0008221038,-0.00033081102,-6.0558115e-05,0.00019504505,0.00056410977,-3.640244e-05,0.000296109,0.000104654944,0.0005117363,0.006094942,-0.00025637812,0.00017035761,-0.0001487319,-0.00042705762,0.00020619635,0.00010620167,6.255454e-05,-0.00011915849,9.276933e-05,0.0001530755,5.3362797e-05,-0.0002624251,-0.00024311511,-0.00011729165,0.00011867416,9.840488e-05,-3.0450832e-05,0.000110254536,-0.00015267878,0.00016011248,-4.960172e-05,-6.0927887e-05,-4.2208427e-05,0.00013993023,3.3831539e-06,0.00015161565,-8.108085e-05,1.939779e-06,-9.137197e-05,-1.524478e-08
20,-0.00076851423,0.0019742118,-0.0011469031,-0.000146123,-0.00041603594,0.0005476843,0.00039922254,0.0005209497,0.00042881165,0.00022472304,-0.0007993759,6.4211026e-06,0.00010334833,-0.00017484394,0.00056576973,0.00031620625,0.00038274945,-0.0003079545,0.00031293594,-0.00025637812,0.0058973427,-0.00019444626,-0.00024219492,-0.00015540075,-0.00012631422,0.0001708928,3.4642466e-07,-0.00025762402,-1.2223589e-05,-0.00014470599,-8.4397834e-05,-0.00019718902,-0.00043415662,-4.2852324e-05,5.7366426e-05,-2.044842e-05,-2.8168146e-05,7.802548e-05,-5.310913e-05,-0.00010816505,8.1557795e-05,-0.00014595113,2.0073512e-05,-3.1600117e-05,3.477736e-05,2.9740495e-05,-8.708185e-05,7.0815935e-05,-0.00014022272,-0.00015198132
21,-0.00057352055,0.0015251708,-0.0006898815,2.111754e-06,0.00054013863,-0.001072669,-0.0008220195,-0.00027163484,-0.0007442429,-0.0007072519,0.00025132642,8.6417276e-05,0.00023660567,-0.00031806415,0.00029698975,-0.00018476773,-0.00028742713,-0.00032664242,-0.00019844997,0.00017035761,-0.00019444626,0.0052500013,-0.0003510452,0.00024089986,-0.00017738322,-0.00015855485,0.000113561124,-0.00022725754,7.5436556e-06,-0.00017298918,-0.0002469003,0.00010341434,-2.8864017e-05,0.00016360215,-1.2215049e-05,-7.1925024e-05,-7.82156e-05,0.00012240981,5.1242743e-05,0.000103018276,-4.2660096e-05,-0.000110921676,0.00012368706,-2.5796513e-05,0.00015712762,-3.2566444e-05,-5.1698677e-05,-5.6788038e-05,-0.00013432043,-1.774455e-05
22,0.0012739203,0.00017620556,0.0006283369,0.00020155568,-0.0009982612,-0.00048599733,0.00024646567,-0.00032112465,-0.000104914885,0.00016368527,-0.00025151268,-6.8586e-05,3.865543e-05,5.0599403e-05,-3.195953e-05,-3.78114e-05,3.136022e-05,-0.0002283933,0.000177112,-0.0001487319,-0.00024219492,-0.0003510452,0.004975396,-0.00022452832,-0.00012453517,-0.00013917203,0.00030812592,-6.5711225e-05,-0.0001738065,-3.0018316e-06,4.4455075e-05,4.0018225e-05,7.3555624e-05,-1.6696718e-05,4.7443908e-05,6.2558494e-05,-0.000147066,9.948089e-05,-5.4755455e-05,0.00016854133,-0.00012973862,3.4840214e-06,-6.487804e-05,-2.6181904e-05,0.00013059448,9.988787e-05,6.213816e-05,-9.396113e-06,-7.645704e-05,2.6780086e-05
23,0.0015049335,-0.0014122082,-8.7278444e-05,-0.00017946292,8.6308515e-05,0.00037606034,-9.6317664e-05,0.0002826528,0.0002247048,0.0010554607,0.00011620106,0.00018404066,0.00033343528,0.0003208029,-0.00036795798,-9.791611e-05,-0.00019795014,0.00063790026,0.00012046474,-0.00042705762,-0.00015540075,0.00024089986,-0.00022452832,0.0035692735,0.0002529833,-0.00023695844,2.132093e-06,-7.807261e-05,-0.000459879,0.00022269264,9.86148e-05,-7.5257165e-05,0.00013704089,-5.077364e-05,8.9420966e-05,6.8340436e-05,-0.00031547403,0.0001773485,-0.00012604044,5.4982134e-05,-6.5608845e-05,-2.5588677e-05,-9.157779e-05,0.00017873684,-3.8602593e-05,8.1122475e-05,0.00011578611,3.659416e-05,5.587636e-06,0.000110058616
24,0.0007027995,-0.00013294976,0.0010101959,-0.0002873481,0.0015157021,0.0005811211,0.00016398585,-7.474786e-05,-0.0005129578,-0.00027219293,-0.00017178088,0.00014597282,8.06408e-05,4.5887014e-06,2.7943519e-05,0.00026051915,0.00022349357,-7.816301e-05,-2.9921423e-05,0.00020619635,-0.00012631422,-0.00017738322,-0.00012453517,0.0002529833,0.0039223074,0.00023767317,8.6459826e-05,6.525776e-05,4.95576e-05,-0.00020714346,9.531678e-05,6.673563e-05,8.912131e-05,-1.0354266e-05,-1.539975e-05,-3.0797164e-06,-4.3878517e-05,-8.582951e-05,-2.3906381e-05,-4.284899e-05,0.00013171101,3.073067e-05,-1.8020717e-05,-8.426227e-05,-0.00010693414,-4.457845e-05,-5.0598588e-05,5.88592e-05,-2.9827077e-05,-2.9306906e-05
25,0.0010447227,1.8599716e-05,0.00051508227,0.00010509645,0.00019948764,-1.8372939e-05,0.00045837532,-0.00013203634,0.00015353254,-0.00030357036,0.00012298701,4.1540326e-05,0.00012147951,0.00015085668,-0.00017234968,-0.00026436575,-0.0006700568,0.00020576123,-0.0006926493,0.00010620167,0.0001708928,-0.00015855485,-0.00013917203,-0.00023695844,0.00023767317,0.0032774839,0.00010443075,-0.00016689042,-0.00021637576,0.00015085127,-0.00014155882,5.4193886e-05,0.0002812036,0.00021918232,-1.3599872e-06,1.7572056e-05,-0.00021428883,0.00025655224,-9.7105454e-05,0.00010575088,-0.00010704799,-8.024475e-06,9.3901515e-05,0.0001292042,0.00013287347,1.2442082e-05,-2.6171033e-06,1.107915e-05,4.2609237e-05,8.055878e-05
26,0.0002907575,0.0006878307,5.741128e-06,0.0003844979,0.0013627675,-0.0011991672,0.0002166038,0.00033843936,0.0004190879,0.00011613582,0.0003355522,-9.2820395e-05,-2.2426537e-05,-0.00036945712,4.6067027e-05,5.560973e-05,0.00012070285,-9.403719e-06,5.785827e-06,6.255454e-05,3.4642466e-07,0.000113561124,0.00030812592,2.132093e-06,8.6459826e-05,0.00010443075,0.0035045522,-0.00011099761,-4.8816466e-05,-9.314313e-05,7.981584e-05,-1.8951454e-05,-0.00015966955,-8.915005e-07,-3.889955e-05,-8.205483e-05,0.000110181645,-4.1752217e-05,-3.800952e-06,-7.0379436e-05,3.703074e-05,-4.5357618e-05,-9.020558e-06,0.00011352917,-4.4022807e-05,-3.8358434e-05,8.9900295e-06,-1.6282062e-05,1.2122733e-05,-3.580399e-05
27,0.0017756983,-0.00018203037,0.0007790415,0.0001210456,0.0002685045,1.3947408e-05,0.0004219513,0.0001136089,0.0002912633,9.472537e-05,-0.0006524813,0.00012958629,0.00010269873,-0.00018982415,0.00035074647,0.00019263987,-0.00020362198,-0.00018555115,-0.000194988,-0.00011915849,-0.00025762402,-0.00022725754,-6.5711225e-05,-7.807261e-05,6.525776e-05,-0.00016689042,-0.00011099761,0.0032069196,-0.00012470553,-5.2520198e-05,-0.0001263175,-6.9685804e-05,-0.00019048448,0.000101007536,1.8835708e-05,-1.6320215e-05,6.137675e-05,0.0001696408,-0.00015952434,-1.0431193e-05,6.954701e-05,-0.00014178819,6.27005e-05,7.024976e-05,0.0002052047,2.2105458e-05,-2.315711e-05,-1.8190112e-05,-7.299036e-05,-5.598954e-05
28,0.00020837627,0.000307929,2.6850346e-05,-3.102013e-05,-0.00015765047,-0.000126004,-1.474371e-05,-0.0002054593,0.00022266177,0.00036396773,0.00023265503,7.3437e-05,0.00012711494,-0.00023754555,-0.00021606244,4.227708e-05,-0.00022275964,0.00014795555,-0.00020217721,9.276933e-05,-1.2223589e-05,7.5436556e-06,-0.0001738065,-0.000459879,4.95576e-05,-0.00021637576,-4.8816466e-05,-0.00012470553,0.002931587,8.187517e-05,0.00010485663,-1.1994448e-05,0.00011535111,6.156662e-05,4.8802693e-05,1.6839595e-05,-0.00017763174,4.206581e-05,-0.000116347976,3.5910503e-05,-7.652941e-05,6.2592726e-06,-4.825786e-05,-2.2911667e-05,-2.239323e-05,2.1889136e-05,6.9368407e-06,2.7766087e-05,-0.00010033949,4.4639677e-05
29,-0.00061017665,-0.00076140533,-0.00030555105,-0.00016925702,0.00010563106,-0.0003179959,-8.570131e-05,0.00026806508,-5.907015e-05,7.109053e-05,-0.00012488973,0.00022571578,0.00017870835,-0.00025067455,0.000301873,7.690731e-05,0.000254841,-0.0006353173,8.970658e-06,0.0001530755,-0.00014470599,-0.00017298918,-3.0018316e-06,0.00022269264,-0.00020714346,0.00015085127,-9.314313e-05,-5.2520198e-05,8.187517e-05,0.0025764692,-9.761423e-05,0.0001294385,2.8782817e-05,-5.9361228e-05,-1.2650993e-05,-6.576411e-05,3.3923345e-05,-7.02731e-06,3.3932374e-05,-0.0002786488,-3.3859804e-05,2.3374854e-05,5.276668e-05,-7.291752e-05,-1.7455357e-05,0.00011929933,-4.0943447e-05,4.912832e-05,-4.1925854e-05,-4.941396e-05
30,0.0011959241,-0.0002630339,6.208242e-05,-0.00037959724,-0.00085638306,-0.00051769847,1.195653e-05,-0.0007324142,-0.0001894582,-3.519237e-05,0.00013344889,0.00012580983,0.00030994296,-0.00017655033,-6.911274e-05,-6.6316556e-05,-0.00016969902,-0.00029057535,-0.000118055854,5.3362797e-05,-8.4397834e-05,-0.0002469003,4.4455075e-05,9.86148e-05,9.531678e-05,-0.00014155882,7.981584e-05,-0.0001263175,0.00010485663,-9.761423e-05,0.0025007369,3.584311e-06,5.2091236e-05,-1.1572607e-05,-8.737114e-06,0.00010926752,0.00016082698,9.9544915e-05,0.00016105232,-0.00010518453,7.6879325e-05,-4.1119798e-05,7.408339e-05,-6.572504e-05,0.00026301452,3.9593397e-05,9.84779e-06,-0.0001038061,3.3581132e-06,3.3397664e-05
31,0.0006777217,-0.00048649975,0.00073611666,-0.0003719713,0.0002097291,-0.00023626824,-0.00029524846,-0.00038156222,1.1907718e-05,0.00014929271,-0.00065491284,-0.00011952581,-6.687912e-05,-2.8749717e-05,0.00013809235,0.0002346139,3.807969e-05,0.00023127571,0.00021020719,-0.0002624251,-0.00019718902,0.00010341434,4.0018225e-05,-7.5257165e-05,6.673563e-05,5.4193886e-05,-1.8951454e-05,-6.9685804e-05,-1.1994448e-05,0.0001294385,3.584311e-06,0.00251786,-5.8190148e-05,3.19882e-06,3.7011632e-05,4.579044e-05,3.3439497e-05,1.4800057e-05,-0.00013367954,8.351216e-05,2.2805267e-05,-4.2554573e-05,-1.2519552e-05,1.4984764e-05,1.5777987e-05,1.580863e-05,-0.00015234006,-6.087892e-05,-1.6437349e-05,-6.654195e-05
32,-6.411818e-05,-0.00089947646,0.00032542032,-0.00023417779,8.589182e-05,0.00022079988,0.00018058132,0.00027210143,0.00025884947,1.0172499e-06,-0.0008545992,-0.0002536967,-8.143771e-07,-0.00044133962,0.00072544423,0.0001736704,0.00021585984,-0.00028158998,0.0004484844,-0.00024311511,-0.00043415662,-2.8864017e-05,7.3555624e-05,0.00013704089,8.912131e-05,0.0002812036,-0.00015966955,-0.00019048448,0.00011535111,2.8782817e-05,5.2091236e-05,-5.8190148e-05,0.001975094,4.9510803e-05,-4.2554388e-05,-0.00015430574,0.00018020722,-1.8530547e-05,-5.763078e-05,-0.00013996908,-5.8477133e-05,-0.0001027874,3.446857e-05,9.376926e-05,-1.8367631e-05,2.6888025e-05,5.6685516e-05,8.622596e-05,-7.944819e-05,-2.3696113e-05
33,8.369496e-05,-0.00043569558,-0.00018111306,7.010903e-05,0.00021029665,0.00031750905,-9.36273e-05,-8.590524e-05,4.9706734e-05,0.00029456418,0.00012702818,-1.9306251e-05,3.9057864e-05,8.435045e-05,-0.00023307922,2.8895476e-05,0.00021766563,-0.00010455103,0.00024120143,-0.00011729165,-4.2852324e-05,0.00016360215,-1.6696718e-05,-5.077364e-05,-1.0354266e-05,0.00021918232,-8.915005e-07,0.000101007536,6.156662e-05,-5.9361228e-05,-1.1572607e-05,3.19882e-06,4.9510803e-05,0.0022960466,-2.6781876e-05,0.00013100011,-2.6140577e-05,-3.8011414e-05,9.571779e-05,-2.5878984e-05,-1.5212011e-05,-1.8168378e-06,-5.0161583e-05,4.5018567e-07,-9.56632e-05,7.447168e-05,5.9075122e-05,5.4788457e-06,5.502127e-05,3.060603e-06
34,0.0001574595,-0.00012633274,0.0008496393,0.0001070674,-0.00032476924,0.00015762958,0.0002709112,0.00014733752,0.00010934204,2.8357481e-05,3.60239e-05,7.1680406e-05,5.980039e-05,0.00018063172,-0.0001612242,3.6810838e-05,4.407385e-05,-9.806513e-05,8.2381695e-05,0.00011867416,5.7366426e-05,-1.2215049e-05,4.7443908e-05,8.9420966e-05,-1.539975e-05,-1.3599872e-06,-3.889955e-05,1.8835708e-05,4.8802693e-05,-1.2650993e-05,-8.737114e-06,3.7011632e-05,-4.2554388e-05,-2.6781876e-05,0.0022961893,4.798921e-05,4.432813e-05,-3.5675606e-05,5.1223888e-05,2.1319252e-05,8.541013e-06,2.123422e-05,-1.5487525e-05,-1.111813e-05,1.0282538e-05,-6.883494e-05,7.438206e-05,-2.1006522e-06,1.2585607e-05,-1.4426154e-05
35,-0.0004046654,8.437146e-06,-0.00022409883,0.00023259732,0.00034846173,-0.00022708077,0.00014002423,0.00036062105,-0.00016016616,-0.00038182648,0.00021894774,-0.0001343558,-0.00017910099,-0.00021724611,1.2866082e-05,-8.7594926e-05,-0.00015696045,3.5768142e-05,-9.904918e-05,9.840488e-05,-2.044842e-05,-7.1925024e-05,6.2558494e-05,6.8340436e-05,-3.0797164e-06,1.7572056e-05,-8.205483e-05,-1.6320215e-05,1.6839595e-05,-6.576411e-05,0.00010926752,4.579044e-05,-0.00015430574,0.00013100011,4.798921e-05,0.0020731161,-3.3127304e-05,-3.733862e-05,-7.3178935e-06,-4.1130494e-05,-4.523045e-05,3.926845e-05,6.9750786e-05,8.213785e-06,-6.359178e-05,-4.3986038e-05,-1.8888024e-05,6.739856e-05,-3.2992935e-05,1.2426826e-05
36,0.00036823412,0.00014223446,-0.00026603424,-7.2637704e-05,-0.00018560454,-6.0899743e-05,0.00010730355,-1.5643758e-05,-0.00019976878,5.1954794e-06,4.249751e-05,-7.534885e-06,4.8772457e-05,-0.00013376132,1.985288e-05,-5.0794093e-05,-9.837623e-05,0.00029198508,-0.0003072543,-3.0450832e-05,-2.8168146e-05,-7.82156e-05,-0.000147066,-0.00031547403,-4.3878517e-05,-0.00021428883,0.000110181645,6.137675e-05,-0.00017763174,3.3923345e-05,0.00016082698,3.3439497e-05,0.00018020722,-2.6140577e-05,4.432813e-05,-3.3127304e-05,0.0018319226,2.7294485e-05,-0.00011578095,0.00012402507,-7.4955475e-05,6.1870625e-05,-0.0001084058,6.906659e-05,-9.359628e-05,2.5088227e-06,-1.7407212e-05,3.6837922e-05,-3.78986e-05,7.948295e-06
37,0.00032259367,-0.0003655412,-2.1879583e-05,0.00043413776,0.00031404453,-8.707259e-07,-0.00018590232,-7.38297e-05,-0.00032170847,-7.659471e-06,0.00012663538,4.4970056e-06,-8.22946e-05,-9.8863384e-05,-5.363817e-05,8.737286e-05,0.0003014917,0.000113739414,0.00014889329,0.000110254536,7.802548e-05,0.00012240981,9.948089e-05,0.0001773485,-8.582951e-05,0.00025655224,-4.1752217e-05,0.0001696408,4.206581e-05,-7.02731e-06,9.9544915e-05,1.4800057e-05,-1.8530547e-05,-3.8011414e-05,-3.5675606e-05,-3.733862e-05,2.7294485e-05,0.0018235112,6.317892e-05,-3.6953337e-05,4.991878e-06,7.30169e-05,-0.000101927064,-8.873262e-05,-6.768406e-05,-5.347784e-05,2.4643667e-05,4.840934e-06,-6.6325505e-05,-6.529245e-05
38,0.0004640284,-0.0008618735,0.0006340812,-1.1745271e-05,-0.00034410926,0.00024180464,-0.00012498966,-0.00012294982,0.000121384524,0.00021783302,-0.00097589823,7.315735e-06,-9.097494e-05,-0.00023891861,0.000499964,0.00033697992,1.8104555e-07,0.00021599018,-0.00010917836,-0.00015267878,-5.310913e-05,5.1242743e-05,-5.4755455e-05,-0.00012604044,-2.3906381e-05,-9.7105454e-05,-3.800952e-06,-0.00015952434,-0.000116347976,3.3932374e-05,0.00016105232,-0.00013367954,-5.763078e-05,9.571779e-05,5.1223888e-05,-7.3178935e-06,-0.00011578095,6.317892e-05,0.0016967246,8.4103085e-05,-8.901306e-05,9.797055e-05,8.571035e-06,-1.3692396e-06,8.748776e-06,9.6112824e-05,-8.429817e-05,-2.690002e-05,3.1527867e-05,-4.3429565e-05
39,-0.00042937108,0.00020848116,-0.00036596833,0.00029864645,-7.8132754e-05,8.50818e-05,-0.00014690984,0.0002565332,-0.00027647175,8.306952e-05,4.5507448e-05,0.00036865773,0.00024910324,-1.6337755e-05,5.292149e-05,8.08941e-05,3.406885e-05,-0.0001995657,4.0514456e-05,0.00016011248,-0.00010816505,0.000103018276,0.00016854133,5.4982134e-05,-4.284899e-05,0.00010575088,-7.0379436e-05,-1.0431193e-05,3.5910503e-05,-0.0002786488,-0.00010518453,8.351216e-05,-0.00013996908,-2.5878984e-05,2.1319252e-05,-4.1130494e-05,0.00012402507,-3.6953337e-05,8.4103085e-05,0.0016516568,4.0904204e-05,-3.190947e-05,6.107482e-05,-6.0607774e-05,-4.919225e-05,2.3328155e-05,2.5512309e-05,6.0210667e-05,1.674318e-05,-1.2226883e-05
40,-5.7096793e-05,-3.5078927e-05,-2.2990844e-05,0.00012236851,-0.00011214901,4.187487e-05,-0.00016390358,-5.6704186e-05,-0.0002804352,-8.027266e-05,1.7083432e-05,-0.00011597054,-4.3055625e-05,1.7157057e-05,-6.4853193e-06,-0.0002006407,-0.00013435405,0.00012121453,6.025697e-05,-4.960172e-05,8.1557795e-05,-4.2660096e-05,-0.00012973862,-6.5608845e-05,0.00013171101,-0.00010704799,3.703074e-05,6.954701e-05,-7.652941e-05,-3.3859804e-05,7.6879325e-05,2.2805267e-05,-5.8477133e-05,-1.5212011e-05,8.541013e-06,-4.523045e-05,-7.4955475e-05,4.991878e-06,-8.901306e-05,4.0904204e-05,0.0015212743,-7.236991e-05,-5.010792e-05,5.3125084e-05,-1.3761033e-05,0.0001521603,3.8240134e-05,-9.069194e-06,-6.408869e-05,6.519243e-05
41,0.0002329375,-0.00012048494,9.588123e-05,0.00018535163,-0.00017229171,0.00011117913,-6.0176562e-06,0.00029405148,-2.4638408e-05,-9.160847e-05,0.00015780724,9.642355e-05,9.8923556e-05,0.00011630761,-6.737538e-05,-0.0001680557,-0.00017040907,-3.455366e-05,1.6585947e-05,-6.0927887e-05,-0.00014595113,-0.000110921676,3.4840214e-06,-2.5588677e-05,3.073067e-05,-8.024475e-06,-4.5357618e-05,-0.00014178819,6.2592726e-06,2.3374854e-05,-4.1119798e-05,-4.2554573e-05,-0.0001027874,-1.8168378e-06,2.123422e-05,3.926845e-05,6.1870625e-05,7.30169e-05,9.797055e-05,-3.190947e-05,-7.236991e-05,0.0014872128,3.6566817e-05,0.00011732444,1.3098977e-05,1.5139028e-07,3.189438e-05,8.107171e-06,-5.6604673e-05,4.0513514e-05
42,-0.0003990865,7.008207e-05,-0.00011850724,2.5577192e-05,-0.00011016107,0.00033191725,-0.00018619909,-0.00013412168,-7.729945e-05,0.00025443488,2.2255252e-05,-0.000119005796,8.820744e-06,9.878905e-06,-0.00013919668,0.000114010894,0.00024556913,0.00021961553,0.00014312036,-4.2208427e-05,2.0073512e-05,0.00012368706,-6.487804e-05,-9.157779e-05,-1.8020717e-05,9.3901515e-05,-9.020558e-06,6.27005e-05,-4.825786e-05,5.276668e-05,7.408339e-05,-1.2519552e-05,3.446857e-05,-5.0161583e-05,-1.5487525e-05,6.9750786e-05,-0.0001084058,-0.000101927064,8.571035e-06,6.107482e-05,-5.010792e-05,3.6566817e-05,0.001563617,3.2674365e-05,-2.1732556e-05,2.3720931e-05,4.7916616e-05,-3.296161e-05,-3.699591e-05,-4.3342112e-05
43,-0.0006865518,9.804238e-05,7.794603e-05,4.269312e-05,0.000260631,-6.6848865e-05,0.00010072364,-8.224878e-05,-0.00017328587,-4.0678216e-05,5.3905926e-05,0.00023126623,9.469532e-05,9.5994954e-05,1.8989817e-06,4.0291136e-05,0.000104847204,-0.00011828417,-2.6818074e-05,0.00013993023,-3.1600117e-05,-2.5796513e-05,-2.6181904e-05,0.00017873684,-8.426227e-05,0.0001292042,0.00011352917,7.024976e-05,-2.2911667e-05,-7.291752e-05,-6.572504e-05,1.4984764e-05,9.376926e-05,4.5018567e-07,-1.111813e-05,8.213785e-06,6.906659e-05,-8.873262e-05,-1.3692396e-06,-6.0607774e-05,5.3125084e-05,0.00011732444,3.2674365e-05,0.001442174,-2.5494981e-05,-5.0898678e-05,-5.653913e-05,1.9807921e-05,-2.3782959e-05,-3.320422e-05
44,-0.0004779171,-0.00020811685,-0.0002424958,0.00015366208,-6.072533e-05,-0.0001461813,5.3846863e-05,0.0007841039,0.0001282716,-6.159781e-06,0.00019949162,3.3755976e-05,2.0646341e-05,0.00025576694,-3.0148814e-05,9.6300864e-05,0.00011598876,0.00016759444,-2.9594257e-05,3.3831539e-06,3.477736e-05,0.00015712762,0.00013059448,-3.8602593e-05,-0.00010693414,0.00013287347,-4.4022807e-05,0.0002052047,-2.239323e-05,-1.7455357e-05,0.00026301452,1.5777987e-05,-1.8367631e-05,-9.56632e-05,1.0282538e-05,-6.359178e-05,-9.359628e-05,-6.768406e-05,8.748776e-06,-4.919225e-05,-1.3761033e-05,1.3098977e-05,-2.1732556e-05,-2.5494981e-05,0.0011510773,-5.9345068e-05,1.2965915e-05,0.00010636596,3.572544e-05,-3.015739e-05
45,-0.00018942091,0.00025867915,-0.00014388635,0.0001808045,-6.125144e-05,-0.0002832699,5.6710254e-05,0.00023589924,-0.00014445164,-0.00023651746,0.00040632806,7.042318e-05,2.5300345e-05,0.00012421134,-0.00023871893,-2.3779166e-05,-2.7610495e-05,0.00010308313,-0.00013373485,0.00015161565,2.9740495e-05,-3.2566444e-05,9.988787e-05,8.1122475e-05,-4.457845e-05,1.2442082e-05,-3.8358434e-05,2.2105458e-05,2.1889136e-05,0.00011929933,3.9593397e-05,1.580863e-05,2.6888025e-05,7.447168e-05,-6.883494e-05,-4.3986038e-05,2.5088227e-06,-5.347784e-05,9.6112824e-05,2.3328155e-05,0.0001521603,1.5139028e-07,2.3720931e-05,-5.0898678e-05,-5.9345068e-05,0.001377764,2.2115108e-05,-1.3309978e-05,-1.8868368e-05,-5.4986976e-05
46,-9.1863156e-05,2.4150177e-05,-0.000118984906,9.824251e-06,-1.5705989e-06,0.00032080285,0.00022712426,-8.402113e-05,0.00015190762,-7.881646e-05,-0.000332902,-0.00015352078,-0.00019401137,-6.7126515e-05,0.00025538457,8.793202e-05,-1.0263593e-05,4.7540074e-05,1.8880633e-06,-8.108085e-05,-8.708185e-05,-5.1698677e-05,6.213816e-05,0.00011578611,-5.0598588e-05,-2.6171033e-06,8.9900295e-06,-2.315711e-05,6.9368407e-06,-4.0943447e-05,9.84779e-06,-0.00015234006,5.6685516e-05,5.9075122e-05,7.438206e-05,-1.8888024e-05,-1.7407212e-05,2.4643667e-05,-8.429817e-05,2.5512309e-05,3.8240134e-05,3.189438e-05,4.7916616e-05,-5.653913e-05,1.2965915e-05,2.2115108e-05,0.0012367683,-3.3231117e-06,-3.427996e-05,-2.329468e-05
47,-0.0003621456,-2.2637692e-05,0.00019542579,-0.00021475353,7.298647e-06,7.88612e-05,0.00012881882,-0.00028271828,-0.00015826584,-9.233582e-06,2.8497827e-05,-2.8837814e-05,-9.003544e-05,-3.5846475e-05,-5.9963837e-05,7.4340955e-05,2.9365117e-05,5.5143886e-05,2.7300892e-05,1.939779e-06,7.0815935e-05,-5.6788038e-05,-9.396113e-06,3.659416e-05,5.88592e-05,1.107915e-05,-1.6282062e-05,-1.8190112e-05,2.7766087e-05,4.912832e-05,-0.0001038061,-6.087892e-05,8.622596e-05,5.4788457e-06,-2.1006522e-06,6.739856e-05,3.6837922e-05,4.840934e-06,-2.690002e-05,6.0210667e-05,-9.069194e-06,8.107171e-06,-3.296161e-05,1.9807921e-05,0.00010636596,-1.3309978e-05,-3.3231117e-06,0.0012442812,1.038741e-05,-5.847369e-05
48,-4.219584e-05,-4.1264346e-05,0.0002753163,7.477337e-05,0.00010159612,4.858606e-05,-3.099438e-05,-3.0827591e-06,-0.00013974527,-6.5091363e-06,2.7237047e-05,-3.0621624e-05,4.4041204e-05,-3.7772115e-05,0.00012727795,-8.708887e-05,0.000108572785,-8.366276e-05,3.8337777e-05,-9.137197e-05,-0.00014022272,-0.00013432043,-7.645704e-05,5.587636e-06,-2.9827077e-05,4.2609237e-05,1.2122733e-05,-7.299036e-05,-0.00010033949,-4.1925854e-05,3.3581132e-06,-1.6437349e-05,-7.944819e-05,5.502127e-05,1.2585607e-05,-3.2992935e-05,-3.78986e-05,-6.6325505e-05,3.1527867e-05,1.674318e-05,-6.408869e-05,-5.6604673e-05,-3.699591e-05,-2.3782959e-05,3.572544e-05,-1.8868368e-05,-3.427996e-05,1.038741e-05,0.0011286295,-7.5164967e-06
49,-7.999275e-05,-0.00012988644,0.00012827624,1.732753e-05,0.000115480216,-6.034287e-05,-8.9579975e-05,0.00025423127,-0.00011287753,-0.00010364469,-0.00023440178,0.00010063374,-4.332892e-05,6.964049e-05,0.00016169358,0.0002386041,0.00022482901,-2.914191e-05,-1.873061e-05,-1.524478e-08,-0.00015198132,-1.774455e-05,2.6780086e-05,0.000110058616,-2.9306906e-05,8.055878e-05,-3.580399e-05,-5.598954e-05,4.4639677e-05,-4.941396e-05,3.3397664e-05,-6.654195e-05,-2.3696113e-05,3.060603e-06,-1.4426154e-05,1.2426826e-05,7.948295e-06,-6.529245e-05,-4.3429565e-05,-1.2226883e-05,6.519243e-05,4.0513514e-05,-4.3342112e-05,-3.320422e-05,-3.015739e-05,-5.4986976e-05,-2.329468e-05,-5.847369e-05,-7.5164967e-06,0.0011096667
