,0,1,2,3,4,5,6,7,8,9,10,11,12,13,14,15,16,17,18,19,20,21,22,23,24,25,26,27,28,29,30,31,32,33,34,35,36,37,38,39,40,41,42,43,44,45,46,47,48,49,50,51,52,53,54,55
0,537.3961,2.1762228,-18.70837,-8.52105,-10.122894,-2.3294697,6.769517,-7.2500343,-0.59153837,1.2191168,-2.6200452,3.4196672,3.4307938,1.8519502,1.3511467,-0.57502025,-1.4055505,-2.1362367,2.8048065,-1.9512463,1.0381355,-1.0434091,-3.8735554,0.8755394,-3.1404104,0.06656402,-2.633826,-1.7276578,3.850408,0.10116069,1.1740853,0.9540729,-0.13263625,-0.4357232,2.3887548,-0.55404395,-0.27938953,-1.4350356,1.5675704,0.64192224,-0.8916851,-1.1593378,-1.8958461,-1.4187102,1.5077883,0.45737544,0.8838928,0.5702188,-1.6935413,-0.021009833,0.8757555,0.3077282,-0.83095634,0.29271787,-0.6401085,-0.4079874
1,2.1762228,58.960552,20.888939,0.63958883,18.040443,2.9162717,-6.6779566,-12.660728,-1.7177466,3.1277914,-19.303581,12.912592,-16.90631,-3.4598446,-1.7357229,-2.3452559,1.9680995,1.700556,9.04713,1.802317,5.8140793,-5.2613087,-4.6622577,-1.6576487,1.5905905,3.3917816,-4.1367908,2.0570676,-0.16918486,-6.90216,1.5710623,2.41531,1.5464098,-1.896599,0.709828,-0.45892826,0.9024822,-0.22116043,-1.3542565,-0.017842352,2.4970474,0.321338,-1.4670961,-0.25683427,-2.2420855,1.095002,0.40112212,-0.16330376,-0.5451215,0.13019902,-1.006727,-0.9706888,-0.24734882,0.1784255,0.64488816,-0.24126855
2,-18.70837,20.888939,50.519905,8.43977,-18.476429,14.0912,8.365749,-15.944561,-2.4488664,3.3813968,-3.2444868,5.972449,3.9309487,-2.650054,1.9747014,-5.8771076,-1.4483333,-3.8752615,5.5495887,2.678808,-4.546652,-0.662603,-1.8046091,0.5068729,2.3357835,5.9087687,-0.94989526,0.0054000895,2.1050205,-4.3772182,-1.3025982,2.779677,-0.83885014,0.38225958,-2.1933432,-0.8942177,-2.1762125,0.6664558,0.77920556,-1.8589015,1.2823863,0.8510944,-0.19231075,0.10620173,-2.4288158,-0.23570684,-0.8745931,-0.01715019,-1.8977609,-1.1748972,0.95630693,-0.18919745,-1.4107741,-0.8563397,1.4200294,0.6785387
3,-8.52105,0.63958883,8.43977,57.703568,-10.733477,-19.799427,3.8960962,-3.515493,-0.03823298,-7.9084587,-3.7134678,5.768958,6.295656,4.0104012,7.1347036,-3.812487,12.828876,-2.3629122,-2.1599493,1.3131001,1.082833,-1.6431751,1.1269798,1.2717962,1.8337758,-1.0848005,-1.5247811,2.3936274,1.5135916,-3.2868,-0.26315388,4.113289,1.5387617,0.14907597,-1.6442074,2.2211802,0.19287041,-3.4531717,0.5297315,-2.473982,-3.136018,-1.5223868,-1.333462,1.1427674,1.5141331,-0.8226049,0.42519107,-2.0760846,-0.88701826,-1.5108411,0.14158547,2.250801,0.60428965,0.17459986,0.15385586,0.41546935
4,-10.122894,18.040443,-18.476429,-10.733477,83.6248,-10.446653,-6.2897167,-1.2732255,-2.1394482,-1.2831696,2.6630688,-5.9560447,-11.929564,5.772517,-4.7508287,-1.2779264,4.415739,-6.050041,5.807798,2.6325564,-3.0996356,2.6778252,-4.6301966,-0.0690285,-0.7632896,1.4729292,-1.0756071,-1.0880153,3.5603757,-0.8492007,-0.62718964,-0.44304207,2.0736792,0.37146723,-0.3843192,1.888995,3.1039457,0.5976598,0.74783003,1.8839226,-0.43990588,-1.7547436,-0.56940085,-2.1016512,0.42414913,0.16178787,-0.632928,-0.45843673,-0.19049302,1.0467238,1.3482153,0.74696887,-0.80370724,0.7248521,0.16294472,0.053613458
5,-2.3294697,2.9162717,14.0912,-19.799427,-10.446653,26.800026,5.2471857,-11.116952,-1.7862554,2.8260503,1.9895709,-0.83920705,-2.4901335,-3.7675643,4.2548137,4.5608983,-4.3289366,-5.072467,1.2489853,3.140819,1.3680892,0.27566582,-2.5166235,-3.5017736,1.2421608,0.29233885,1.9285626,-0.013008416,-0.7004515,0.5058481,-2.0066295,-3.1167824,0.3507182,-0.04955525,-0.32371446,-0.030280802,0.040349208,-0.14407003,0.24570873,0.6228123,0.64909315,1.3214922,0.8927109,-0.023340315,-0.3779898,-2.0650985,0.1732517,1.8961108,0.44793704,-0.091303214,0.48488665,-1.3795316,-0.018275712,0.058466323,-0.21190737,0.06788669
6,6.769517,-6.6779566,8.365749,3.8960962,-6.2897167,5.2471857,38.201023,12.97941,0.32715613,6.6263356,-0.39946324,-2.6213984,-0.62295896,1.8642881,2.969262,-0.4953537,0.48398274,-3.3815584,0.9474604,-0.6321329,-1.8432105,-0.9886526,-4.935523,-2.481361,5.159525,0.78097504,-1.6131566,2.7138548,-0.57748246,0.7932353,-2.8746076,-2.7578902,-1.5985317,-2.3502629,-2.3903315,1.4040804,0.7565623,0.10023516,0.5435211,0.5734973,-0.41403395,-1.4536042,-0.2078931,-0.6086216,-1.3068109,0.5311978,-0.4313404,-0.74796665,0.16222249,-0.53807694,0.6303414,1.269858,-0.7753006,-0.7985424,0.03239404,-0.024104057
7,-7.2500343,-12.660728,-15.944561,-3.515493,-1.2732255,-11.116952,12.97941,37.370243,5.142395,3.284718,-0.54117936,-0.9056995,-1.6188786,6.1522884,2.1461952,1.4006019,-3.760711,8.676944,-0.5026778,2.6750531,0.3149096,-0.94527483,-0.2739008,-0.4959572,-2.4101143,0.78832495,-0.66605973,-0.013923619,1.1869302,1.3938663,-1.3955834,0.306427,-0.52728045,-0.54273576,-0.25834948,0.8581004,-1.765084,-0.25374597,-1.5971725,-0.3364812,1.1769464,-0.06773767,0.8979329,-0.6931404,-0.56571305,0.36557627,1.5963919,-0.48206294,-0.1536631,0.6815374,-0.05104392,0.8503717,0.4850843,-0.7203087,0.32226056,-0.3760665
8,-0.59153837,-1.7177466,-2.4488664,-0.03823298,-2.1394482,-1.7862554,0.32715613,5.142395,12.536772,3.284648,-7.5116644,-2.9995656,-1.0233724,-0.7476172,-1.1929631,0.691349,0.9077532,-1.5772518,-5.6197705,3.6939301,-4.239551,-3.0218186,-0.11005412,-2.2820659,-4.202544,-0.7762345,0.13241036,1.5284007,-1.0499352,0.77275586,0.42014882,0.6941599,-0.14274363,0.32455474,-0.2543456,-1.153112,1.4021103,0.15947862,0.11350596,-1.6739805,0.19652921,0.60232925,-0.6845616,-0.13908677,-0.20071466,0.41154203,-0.3963599,0.78446203,-0.4870391,-0.6366672,-0.010193687,-0.002342617,0.36947298,0.109418176,-0.2502671,0.29046345
9,1.2191168,3.1277914,3.3813968,-7.9084587,-1.2831696,2.8260503,6.6263356,3.284718,3.284648,32.733105,6.845126,8.161491,-4.7038503,-1.1652138,-0.030032778,1.0778612,0.7096097,-0.26217455,-2.302136,0.90837777,-3.1753879,0.3216966,2.4603095,1.0293057,2.1501455,-3.465721,0.06945267,1.5700856,1.2985363,-3.0491152,1.150586,0.120066985,-0.16748731,1.8974895,0.63424474,-0.33483624,2.1005592,1.3289882,1.5461675,-0.2631091,1.2738727,0.24457565,-0.16794705,-0.7917599,0.07163462,1.5307819,-0.2556048,0.36456946,0.47884867,0.2685384,-0.91462624,0.78956866,0.6113793,0.08837665,0.81834567,-0.4412092
10,-2.6200452,-19.303581,-3.2444868,-3.7134678,2.6630688,1.9895709,-0.39946324,-0.54117936,-7.5116644,6.845126,34.472733,-2.506118,-0.37913382,-2.060643,5.4445887,-2.1646845,1.1743157,2.560959,-1.2397876,-1.8911549,-0.021505278,3.3191948,-2.457183,0.13412881,-2.427431,-1.6946456,0.40468454,-1.9108685,1.0038884,-1.4721308,-0.4498858,1.2291725,-1.0231019,1.0210407,0.37053865,-0.35506043,-2.3211699,-0.66304433,1.1650717,0.40593258,-2.0213459,-0.5088923,0.3342948,0.490328,0.26943558,-0.66887105,-1.6004472,-0.7712515,0.36304063,-0.00948483,0.22338602,-0.06452951,-0.4772043,-0.17405748,-0.36237866,0.6177397
11,3.4196672,12.912592,5.972449,5.768958,-5.9560447,-0.83920705,-2.6213984,-0.9056995,-2.9995656,8.161491,-2.506118,23.160822,-6.8572493,3.0035114,0.00023377768,1.9659071,0.634277,1.5252142,-0.6216686,-1.8032744,-0.07063046,-1.1361773,0.60163164,4.677693,-0.41778192,-2.1433043,-0.47341353,-1.3316357,0.4432758,-0.43299258,0.42185995,0.5225389,3.41219,-1.5967531,-1.777082,1.892432,-1.4870491,1.1084661,-1.1341516,0.4084463,-0.32164985,-0.39954555,1.2164627,0.6751645,-0.54299664,-0.71946275,0.35507858,-0.030575499,-0.63623416,-0.20427567,-0.020468365,-0.5519475,0.2140379,0.43059778,-0.5649438,0.08670226
12,3.4307938,-16.90631,3.9309487,6.295656,-11.929564,-2.4901335,-0.62295896,-1.6188786,-1.0233724,-4.7038503,-0.37913382,-6.8572493,19.191982,2.5045314,0.6997288,0.75708425,-1.477987,0.26809666,0.80588305,-0.4288689,-5.077606,5.1154075,2.2511292,0.11170393,1.8003483,1.2859701,0.63683397,-2.3474922,0.301997,-1.2214607,0.42731893,-0.076029316,1.0331748,1.3307767,-1.7347883,-1.5288477,1.0698011,0.6226109,-0.52434325,-0.24354973,0.26033643,-0.38493285,0.13531953,-0.29304248,1.3839812,0.83269155,0.023680307,0.023864198,0.15992208,0.45738894,0.38592696,0.5644665,0.34567463,-0.38948953,0.08728072,-0.2601876
13,1.8519502,-3.4598446,-2.650054,4.0104012,5.772517,-3.7675643,1.8642881,6.1522884,-0.7476172,-1.1652138,-2.060643,3.0035114,2.5045314,17.123991,-0.0700247,2.1736636,-3.1189256,-1.8329194,-1.0325241,-3.3214307,-1.653342,-1.2821862,-1.2026983,-1.361098,0.40078217,0.998248,4.975281,-0.3587665,1.685756,-1.9147756,-1.412163,0.8630698,1.5786943,1.8804369,-0.4770773,0.2742512,-0.05424701,0.083168834,0.9257587,0.30312026,-0.32508937,0.7359344,-0.21531844,-0.17042084,-0.48547548,-0.93505716,0.34699255,-0.28783387,-0.87346065,0.50803745,-0.44747972,-0.6810796,-0.22001846,0.33076528,-0.0050433734,-0.114269644
14,1.3511467,-1.7357229,1.9747014,7.1347036,-4.7508287,4.2548137,2.969262,2.1461952,-1.1929631,-0.030032778,5.4445887,0.00023377768,0.6997288,-0.0700247,9.923344,5.724596,2.9766784,0.3988858,1.6320605,4.067953,3.7722578,0.019267324,-0.7400185,-3.162871,-1.1280515,0.16017206,-0.1422267,-1.0326285,1.1509151,-1.5492098,-0.6925141,0.7428336,0.59750414,0.51518315,-0.8350259,0.055588536,0.40403295,-0.9846779,-0.17359515,-0.3879761,0.06412742,-0.21853164,0.7501986,0.38467866,0.586601,-1.1308696,0.24204561,0.38656998,-0.11296455,-0.025721077,-0.054711036,0.6767423,0.0903566,0.41228795,-0.25977248,0.17631613
15,-0.57502025,-2.3452559,-5.8771076,-3.812487,-1.2779264,4.5608983,-0.4953537,1.4006019,0.691349,1.0778612,-2.1646845,1.9659071,0.75708425,2.1736636,5.724596,12.393442,2.180416,-0.044619136,1.4465513,-0.95000577,3.502984,-0.13526753,1.7238959,-2.8159742,-2.1058655,-1.3128872,1.3145041,-2.440672,0.3570631,1.3888168,0.32258382,-1.5166724,1.5477371,0.45474774,-1.3528113,-0.7281782,2.66034,1.1523253,0.13448939,-0.13300225,0.57789654,0.7226471,0.76946306,0.40010864,-0.0043056454,-0.036095157,-0.102187626,0.40023535,0.053855184,-0.31023067,0.2394984,0.34972337,0.016119618,0.6093557,0.32315147,0.12538025
16,-1.4055505,1.9680995,-1.4483333,12.828876,4.415739,-4.3289366,0.48398274,-3.760711,0.9077532,0.7096097,1.1743157,0.634277,-1.477987,-3.1189256,2.9766784,2.180416,9.108202,-2.4962332,0.89457977,-1.8968375,1.2965379,0.6018324,-0.7066566,0.21179733,-1.6621075,-2.019908,-1.2978575,1.1987932,-0.43571264,0.3950169,-0.37480208,0.55314946,0.79978144,-0.10742972,-0.7432307,-0.52968407,1.052851,-0.54457545,0.9274987,-0.53012866,0.33338034,-0.28009492,-0.020061716,0.60009897,0.23138076,-0.12621814,0.052220605,-0.42621905,-0.27479288,-0.25199145,0.1359742,1.5870272,0.5286945,-0.41475165,0.48530352,0.19189265
17,-2.1362367,1.700556,-3.8752615,-2.3629122,-6.050041,-5.072467,-3.3815584,8.676944,-1.5772518,-0.26217455,2.560959,1.5252142,0.26809666,-1.8329194,0.3988858,-0.044619136,-2.4962332,10.065668,0.9949063,0.11242032,2.1541717,-0.56061685,0.2818818,-0.022583973,0.1648902,0.8661307,-2.4716902,-1.8127224,-0.5555674,-1.4730197,1.0712737,0.6650591,0.99475515,-1.3708346,1.0650558,-0.9743847,-0.4203353,-0.26224688,-1.2587687,-0.29924473,0.10965276,1.2659395,0.13527408,-0.17393152,-0.033202164,1.1917876,-0.10186716,-1.2382536,0.26368174,0.4414993,0.41978806,-0.6550889,-0.15024437,0.07276781,0.2308804,0.113788515
18,2.8048065,9.04713,5.5495887,-2.1599493,5.807798,1.2489853,0.9474604,-0.5026778,-5.6197705,-2.302136,-1.2397876,-0.6216686,0.80588305,-1.0325241,1.6320605,1.4465513,0.89457977,0.9949063,10.81961,-0.8467083,1.7639923,0.33189404,1.007961,-0.38086075,-0.47932777,0.98613095,-0.5992297,-1.8468133,0.6387743,-2.333232,0.22220132,-1.2550488,-0.91889215,-0.020711761,-1.516706,1.0204151,-0.5201106,0.38763446,-0.24630894,0.5165176,1.2603855,-0.03309597,-0.42628357,0.11016171,-0.749462,0.35057396,1.1173713,-0.46130478,0.4075714,0.9128461,-0.08097843,0.66821057,-0.7966662,-1.1962502,0.8236991,-0.035650216
19,-1.9512463,1.802317,2.678808,1.3131001,2.6325564,3.140819,-0.6321329,2.6750531,3.6939301,0.90837777,-1.8911549,-1.8032744,-0.4288689,-3.3214307,4.067953,-0.95000577,-1.8968375,0.11242032,-0.8467083,12.781887,-1.3824213,-0.5482578,0.7462699,-1.2358677,0.4582401,0.98586285,-0.9956047,-1.0077627,3.2080655,-0.61464465,1.4888312,0.3383202,-0.36874425,-0.34599438,0.43781108,1.6910335,0.30045745,-0.8941983,-0.6914556,-0.6591258,-0.1776316,-0.3209614,-0.13420096,-0.052253075,0.8072865,-1.0215147,0.42764586,0.63227916,-0.5114633,0.35369658,0.31147388,-0.22194272,0.42314875,0.2344731,-0.8552046,0.6025388
20,1.0381355,5.8140793,-4.546652,1.082833,-3.0996356,1.3680892,-1.8432105,0.3149096,-4.239551,-3.1753879,-0.021505278,-0.07063046,-5.077606,-1.653342,3.7722578,3.502984,1.2965379,2.1541717,1.7639923,-1.3824213,11.282224,-0.013914594,0.35877585,-1.759707,1.9317327,-0.14137396,0.27173844,1.8748575,0.24508093,1.0372329,0.1816754,0.9654781,-0.8315437,0.9338465,1.2751548,-0.16941094,-0.26375026,-0.03558729,-0.8911675,0.29017615,0.1146453,-0.029123403,-0.024042483,-0.91579056,-0.18712038,-0.38874334,0.09385753,-0.5235463,0.05748128,-0.4075898,-0.31121486,0.022025418,0.35987997,0.40503302,0.2837811,0.10619433
21,-1.0434091,-5.2613087,-0.662603,-1.6431751,2.6778252,0.27566582,-0.9886526,-0.94527483,-3.0218186,0.3216966,3.3191948,-1.1361773,5.1154075,-1.2821862,0.019267324,-0.13526753,0.6018324,-0.56061685,0.33189404,-0.5482578,-0.013914594,8.558057,-3.070942,2.3276882,2.4188924,-1.418804,-0.3329736,0.10562307,1.5019834,1.788716,0.34602493,-0.075875826,0.8082005,0.90704167,-1.0019488,-0.24164775,0.13044748,-0.13642234,-1.5152184,-1.0955217,1.1030271,-0.38576296,0.19277552,-0.5257665,0.028775908,0.2726606,0.72077036,0.2494438,-0.20705876,0.3884697,-0.2024622,-0.26076937,0.40448102,0.3870853,0.2875108,-0.22138484
22,-3.8735554,-4.6622577,-1.8046091,1.1269798,-4.6301966,-2.5166235,-4.935523,-0.2739008,-0.11005412,2.4603095,-2.457183,0.60163164,2.2511292,-1.2026983,-0.7400185,1.7238959,-0.7066566,0.2818818,1.007961,0.7462699,0.35877585,-3.070942,10.86914,1.5192889,0.9847503,-1.0453231,0.7154316,-2.6749797,-0.07197661,0.29973924,-0.5912907,0.29481012,-1.4145942,0.97524273,0.94058865,0.97205144,0.4741254,0.3755003,1.2530873,1.243262,-0.77159095,-0.54707277,0.01247083,-0.630146,0.5439836,-0.06308561,-0.04611048,0.17949587,0.24837437,0.26050413,0.43922162,0.68835586,-0.20768923,-0.21408123,0.4406122,0.34613878
23,0.8755394,-1.6576487,0.5068729,1.2717962,-0.0690285,-3.5017736,-2.481361,-0.4959572,-2.2820659,1.0293057,0.13412881,4.677693,0.11170393,-1.361098,-3.162871,-2.8159742,0.21179733,-0.022583973,-0.38086075,-1.2358677,-1.759707,2.3276882,1.5192889,5.6173196,0.6288202,-0.08983772,-1.2478318,-0.3792446,1.1645807,2.1552072,-0.5029013,0.3492368,-0.12932956,-0.32899195,0.1546408,1.1081691,-0.8157386,-0.009379369,0.631017,-0.39185542,0.89981896,-0.058560953,1.2383196,-0.11584626,0.28054392,-0.08760891,0.6201254,-0.305003,0.07651238,-0.13070852,-0.06123823,0.10655067,-0.24932867,-0.025291827,0.031073693,0.045270793
24,-3.1404104,1.5905905,2.3357835,1.8337758,-0.7632896,1.2421608,5.159525,-2.4101143,-4.202544,2.1501455,-2.427431,-0.41778192,1.8003483,0.40078217,-1.1280515,-2.1058655,-1.6621075,0.1648902,-0.47932777,0.4582401,1.9317327,2.4188924,0.9847503,0.6288202,8.537412,-0.51859343,0.113166645,0.9143604,0.3791886,-0.0444526,-0.24773926,-0.3340159,0.5012135,-0.0719037,1.6320841,0.11656919,0.70929635,-0.32511398,-0.5715945,0.99640393,-0.588881,-0.18523443,-0.49318662,-0.9106134,0.105368555,0.04937175,0.28577065,-0.3929094,-0.3987272,0.93056536,0.2979312,-0.09279831,0.17923407,0.43499514,0.16408952,0.1527655
25,0.06656402,3.3917816,5.9087687,-1.0848005,1.4729292,0.29233885,0.78097504,0.78832495,-0.7762345,-3.465721,-1.6946456,-2.1433043,1.2859701,0.998248,0.16017206,-1.3128872,-2.019908,0.8661307,0.98613095,0.98586285,-0.14137396,-1.418804,-1.0453231,-0.08983772,-0.51859343,5.5414,-0.9022721,0.28257555,1.3713169,-0.6260883,-0.054764263,1.0656822,-0.291699,0.063630804,0.6789304,-0.5622511,-0.64205515,0.7630557,0.6352594,0.23464781,0.95085216,0.06443375,1.1756755,0.14914271,0.33874387,0.16047394,-0.6611081,-0.04534077,0.20103925,-0.48186764,0.22189994,0.53312826,-0.099105075,0.26926792,0.20785056,-0.5545889
26,-2.633826,-4.1367908,-0.94989526,-1.5247811,-1.0756071,1.9285626,-1.6131566,-0.66605973,0.13241036,0.06945267,0.40468454,-0.47341353,0.63683397,4.975281,-0.1422267,1.3145041,-1.2978575,-2.4716902,-0.5992297,-0.9956047,0.27173844,-0.3329736,0.7154316,-1.2478318,0.113166645,-0.9022721,4.031187,0.5686492,0.6458597,0.30526367,0.45100582,-0.35938928,-0.33738446,1.696012,0.3567783,0.121815555,-0.48186353,0.6554292,0.008297564,0.36097515,-0.58258003,0.33797002,-0.6217222,0.5639608,-0.3249011,-0.75188386,0.54619133,0.12476823,-0.6688973,0.28773022,-0.4698157,-0.035304323,0.062405743,-0.13968286,0.03572662,0.2688207
27,-1.7276578,2.0570676,0.0054000895,2.3936274,-1.0880153,-0.013008416,2.7138548,-0.013923619,1.5284007,1.5700856,-1.9108685,-1.3316357,-2.3474922,-0.3587665,-1.0326285,-2.440672,1.1987932,-1.8127224,-1.8468133,-1.0077627,1.8748575,0.10562307,-2.6749797,-0.3792446,0.9143604,0.28257555,0.5686492,4.5008106,-0.62355566,0.30961177,-0.04701007,0.20832524,-0.5588707,0.82884365,0.7511715,-0.34150478,-0.24562287,0.26017314,-0.40652043,-0.36885867,-0.0066311355,0.1874071,0.14053172,-0.13968518,0.2727462,-0.04981562,0.42409748,-0.3642316,-0.1140285,-0.2380811,-0.32838297,0.84159124,0.32924905,0.041906923,-0.23514475,-0.116022654
28,3.850408,-0.16918486,2.1050205,1.5135916,3.5603757,-0.7004515,-0.57748246,1.1869302,-1.0499352,1.2985363,1.0038884,0.4432758,0.301997,1.685756,1.1509151,0.3570631,-0.43571264,-0.5555674,0.6387743,3.2080655,0.24508093,1.5019834,-0.07197661,1.1645807,0.3791886,1.3713169,0.6458597,-0.62355566,4.4130144,0.97957253,1.5727484,0.4977481,-0.4327736,0.74237263,0.38205537,1.031852,-0.15714926,0.13629231,0.80839133,-0.901261,0.5788343,0.19191381,-0.22230339,0.27829024,-0.30535388,-0.29493737,0.117310695,-0.23452164,-0.42515218,-0.47301653,0.019178454,-0.013013765,0.48310095,-0.15681884,0.70060587,0.17551032
29,0.10116069,-6.90216,-4.3772182,-3.2868,-0.8492007,0.5058481,0.7932353,1.3938663,0.77275586,-3.0491152,-1.4721308,-0.43299258,-1.2214607,-1.9147756,-1.5492098,1.3888168,0.3950169,-1.4730197,-2.333232,-0.61464465,1.0372329,1.788716,0.29973924,2.1552072,-0.0444526,-0.6260883,0.30526367,0.30961177,0.97957253,5.318741,0.099358544,-0.9618207,-0.5774733,-0.40632284,0.17833427,0.32692963,-0.28884774,0.7171695,0.14577377,-0.35647428,0.17317566,0.20064925,0.6295985,0.1729545,-0.30421507,-0.3634588,-0.030556608,-0.03317637,-0.57201916,-0.6487483,0.5623566,0.098161146,0.15066485,0.1039663,0.25761873,0.24221197
30,1.1740853,1.5710623,-1.3025982,-0.26315388,-0.62718964,-2.0066295,-2.8746076,-1.3955834,0.42014882,1.150586,-0.4498858,0.42185995,0.42731893,-1.412163,-0.6925141,0.32258382,-0.37480208,1.0712737,0.22220132,1.4888312,0.1816754,0.34602493,-0.5912907,-0.5029013,-0.24773926,-0.054764263,0.45100582,-0.04701007,1.5727484,0.099358544,4.3300037,-0.5301613,-0.30992764,0.15744165,0.01606949,0.028416326,-0.18498847,1.7427673,-1.0887303,-0.4802916,-0.5922554,-0.3087747,-1.009562,0.83595985,-0.36341292,0.92437035,-0.19210422,0.124340996,0.022421364,-0.3259462,-0.48430198,0.26323885,0.26134557,-0.16010883,0.04664375,0.17583919
31,0.9540729,2.41531,2.779677,4.113289,-0.44304207,-3.1167824,-2.7578902,0.306427,0.6941599,0.120066985,1.2291725,0.5225389,-0.076029316,0.8630698,0.7428336,-1.5166724,0.55314946,0.6650591,-1.2550488,0.3383202,0.9654781,-0.075875826,0.29481012,0.3492368,-0.3340159,1.0656822,-0.35938928,0.20832524,0.4977481,-0.9618207,-0.5301613,3.1341338,-0.16458578,0.99781764,0.49223608,-1.0286596,-0.51512945,-0.0986468,0.21470988,-0.26753426,0.7237228,-0.4650822,0.14638071,-0.9186549,-0.21304265,-0.13230194,-0.42962363,0.10411004,-0.5005206,-0.16367555,-0.4844061,-0.19803354,0.014008277,0.09203565,-0.17312463,0.35349303
32,-0.13263625,1.5464098,-0.83885014,1.5387617,2.0736792,0.3507182,-1.5985317,-0.52728045,-0.14274363,-0.16748731,-1.0231019,3.41219,1.0331748,1.5786943,0.59750414,1.5477371,0.79978144,0.99475515,-0.91889215,-0.36874425,-0.8315437,0.8082005,-1.4145942,-0.12932956,0.5012135,-0.291699,-0.33738446,-0.5588707,-0.4327736,-0.5774733,-0.30992764,-0.16458578,3.6256006,-0.5245195,-0.5047103,-0.5714871,0.081308804,0.027624091,-0.6019739,0.22906473,-0.25865036,0.5099354,0.34880713,-0.65955657,0.5630476,-0.52767146,0.15674654,0.34319755,0.22721426,-0.1219641,0.7530198,-0.28329796,0.79832375,-0.19692034,0.2002871,-0.018849634
33,-0.4357232,-1.896599,0.38225958,0.14907597,0.37146723,-0.04955525,-2.3502629,-0.54273576,0.32455474,1.8974895,1.0210407,-1.5967531,1.3307767,1.8804369,0.51518315,0.45474774,-0.10742972,-1.3708346,-0.020711761,-0.34599438,0.9338465,0.90704167,0.97524273,-0.32899195,-0.0719037,0.063630804,1.696012,0.82884365,0.74237263,-0.40632284,0.15744165,0.99781764,-0.5245195,2.2606833,0.14665839,-0.16177031,-0.19325854,0.47948647,-0.021866715,-0.62349486,0.14578348,0.092521906,-0.0077064233,-0.701194,0.10780722,-0.09778299,0.37184906,0.4310733,0.08779417,-0.16002367,-0.5244297,0.3087952,-0.29191983,0.2166757,0.24315047,0.103752755
34,2.3887548,0.709828,-2.1933432,-1.6442074,-0.3843192,-0.32371446,-2.3903315,-0.25834948,-0.2543456,0.63424474,0.37053865,-1.777082,-1.7347883,-0.4770773,-0.8350259,-1.3528113,-0.7432307,1.0650558,-1.516706,0.43781108,1.2751548,-1.0019488,0.94058865,0.1546408,1.6320841,0.6789304,0.3567783,0.7511715,0.38205537,0.17833427,0.01606949,0.49223608,-0.5047103,0.14665839,2.5368512,-0.44489938,0.014525695,-0.6368779,0.7827216,0.4482835,0.16734642,0.5839178,0.08771517,0.532038,0.18190044,-0.14880125,0.11802216,-0.22555093,-0.1917727,0.48691025,-0.19420499,0.11467049,0.32600284,0.26444966,0.18551028,-0.049288504
35,-0.55404395,-0.45892826,-0.8942177,2.2211802,1.888995,-0.030280802,1.4040804,0.8581004,-1.153112,-0.33483624,-0.35506043,1.892432,-1.5288477,0.2742512,0.055588536,-0.7281782,-0.52968407,-0.9743847,1.0204151,1.6910335,-0.16941094,-0.24164775,0.97205144,1.1081691,0.11656919,-0.5622511,0.121815555,-0.34150478,1.031852,0.32692963,0.028416326,-1.0286596,-0.5714871,-0.16177031,-0.44489938,2.5901508,-0.406864,-0.82951474,-0.025053445,-0.38464284,-0.80495536,-0.3026788,-0.20070666,0.31093982,0.14554326,-0.3851807,0.55912894,0.020163868,0.6217079,-0.13124597,-0.011491507,-0.1586661,-0.26835787,0.2926098,0.022774383,-0.18675302
36,-0.27938953,0.9024822,-2.1762125,0.19287041,3.1039457,0.040349208,0.7565623,-1.765084,1.4021103,2.1005592,-2.3211699,-1.4870491,1.0698011,-0.05424701,0.40403295,2.66034,1.052851,-0.4203353,-0.5201106,0.30045745,-0.26375026,0.13044748,0.4741254,-0.8157386,0.70929635,-0.64205515,-0.48186353,-0.24562287,-0.15714926,-0.28884774,-0.18498847,-0.51512945,0.081308804,-0.19325854,0.014525695,-0.406864,3.179585,-0.33746633,0.6556853,-0.11082393,0.4804587,0.2202357,-0.25705266,-0.04154004,0.64246744,0.6723996,-0.17378268,-0.96673906,0.11487874,-0.27808696,-0.20309329,-0.28613985,-0.08507709,0.37024355,-0.38644692,0.21629995
37,-1.4350356,-0.22116043,0.6664558,-3.4531717,0.5976598,-0.14407003,0.10023516,-0.25374597,0.15947862,1.3289882,-0.66304433,1.1084661,0.6226109,0.083168834,-0.9846779,1.1523253,-0.54457545,-0.26224688,0.38763446,-0.8941983,-0.03558729,-0.13642234,0.3755003,-0.009379369,-0.32511398,0.7630557,0.6554292,0.26017314,0.13629231,0.7171695,1.7427673,-0.0986468,0.027624091,0.47948647,-0.6368779,-0.82951474,-0.33746633,2.8026063,-0.75339675,0.5430093,-0.08285497,-0.4316953,0.34999326,-0.40217137,-0.17792943,0.4481787,-0.38574237,0.09553345,-0.3203791,-0.33161664,0.053535312,0.7321202,-0.28031147,-0.38478875,-0.31984806,0.4549867
38,1.5675704,-1.3542565,0.77920556,0.5297315,0.74783003,0.24570873,0.5435211,-1.5971725,0.11350596,1.5461675,1.1650717,-1.1341516,-0.52434325,0.9257587,-0.17359515,0.13448939,0.9274987,-1.2587687,-0.24630894,-0.6914556,-0.8911675,-1.5152184,1.2530873,0.631017,-0.5715945,0.6352594,0.008297564,-0.40652043,0.80839133,0.14577377,-1.0887303,0.21470988,-0.6019739,-0.021866715,0.7827216,-0.025053445,0.6556853,-0.75339675,2.45038,0.032472137,0.7424977,0.653409,0.22847666,0.18046828,0.06377421,-0.24284485,-0.42513695,-0.33973902,0.10419816,-0.1810115,0.11182785,-0.03849405,0.1294279,-0.27436978,0.48166364,-0.07380007
39,0.64192224,-0.017842352,-1.8589015,-2.473982,1.8839226,0.6228123,0.5734973,-0.3364812,-1.6739805,-0.2631091,0.40593258,0.4084463,-0.24354973,0.30312026,-0.3879761,-0.13300225,-0.53012866,-0.29924473,0.5165176,-0.6591258,0.29017615,-1.0955217,1.243262,-0.39185542,0.99640393,0.23464781,0.36097515,-0.36885867,-0.901261,-0.35647428,-0.4802916,-0.26753426,0.22906473,-0.62349486,0.4482835,-0.38464284,-0.11082393,0.5430093,0.032472137,2.3913264,0.06159004,-1.1227058,0.077616826,0.20616463,0.44733918,-0.35896122,-0.22987564,-0.07758681,-0.1532907,0.5262158,-0.089947104,0.18384778,0.71812797,-0.53273886,-0.48236942,-0.19441888
40,-0.8916851,2.4970474,1.2823863,-3.136018,-0.43990588,0.64909315,-0.41403395,1.1769464,0.19652921,1.2738727,-2.0213459,-0.32164985,0.26033643,-0.32508937,0.06412742,0.57789654,0.33338034,0.10965276,1.2603855,-0.1776316,0.1146453,1.1030271,-0.77159095,0.89981896,-0.588881,0.95085216,-0.58258003,-0.0066311355,0.5788343,0.17317566,-0.5922554,0.7237228,-0.25865036,0.14578348,0.16734642,-0.80495536,0.4804587,-0.08285497,0.7424977,0.06159004,2.6966157,0.16806924,0.63604695,-0.15101786,0.081945196,0.046958573,0.48850775,-0.03663782,0.000102374586,0.14660975,-0.9238734,-0.28513628,0.31450206,-0.4004848,0.043779448,-0.21384574
41,-1.1593378,0.321338,0.8510944,-1.5223868,-1.7547436,1.3214922,-1.4536042,-0.06773767,0.60232925,0.24457565,-0.5088923,-0.39954555,-0.38493285,0.7359344,-0.21853164,0.7226471,-0.28009492,1.2659395,-0.03309597,-0.3209614,-0.029123403,-0.38576296,-0.54707277,-0.058560953,-0.18523443,0.06443375,0.33797002,0.1874071,0.19191381,0.20064925,-0.3087747,-0.4650822,0.5099354,0.092521906,0.5839178,-0.3026788,0.2202357,-0.4316953,0.653409,-1.1227058,0.16806924,2.1131449,0.24353105,0.016110413,-0.17555559,-0.08439097,0.2664624,-0.5004808,-0.19844171,0.14747144,0.60154784,-0.23930654,-0.4507017,0.13572297,0.5364847,0.25835449
42,-1.8958461,-1.4670961,-0.19231075,-1.333462,-0.56940085,0.8927109,-0.2078931,0.8979329,-0.6845616,-0.16794705,0.3342948,1.2164627,0.13531953,-0.21531844,0.7501986,0.76946306,-0.020061716,0.13527408,-0.42628357,-0.13420096,-0.024042483,0.19277552,0.01247083,1.2383196,-0.49318662,1.1756755,-0.6217222,0.14053172,-0.22230339,0.6295985,-1.009562,0.14638071,0.34880713,-0.0077064233,0.08771517,-0.20070666,-0.25705266,0.34999326,0.22847666,0.077616826,0.63604695,0.24353105,1.9191579,-0.10910996,0.69742274,-0.2806688,0.25033817,0.2673316,0.12925558,0.12505072,0.12421174,0.6918124,-0.46111947,0.3837266,-0.36629832,-0.1165727
43,-1.4187102,-0.25683427,0.10620173,1.1427674,-2.1016512,-0.023340315,-0.6086216,-0.6931404,-0.13908677,-0.7917599,0.490328,0.6751645,-0.29304248,-0.17042084,0.38467866,0.40010864,0.60009897,-0.17393152,0.11016171,-0.052253075,-0.91579056,-0.5257665,-0.630146,-0.11584626,-0.9106134,0.14914271,0.5639608,-0.13968518,0.27829024,0.1729545,0.83595985,-0.9186549,-0.65955657,-0.701194,0.532038,0.31093982,-0.04154004,-0.40217137,0.18046828,0.20616463,-0.15101786,0.016110413,-0.10910996,2.5386174,-0.22206068,0.13139392,0.06019147,-0.235989,-0.44014654,0.6171255,-0.2760599,0.48851532,0.24718888,0.43284532,0.0435779,-0.5259971
44,1.5077883,-2.2420855,-2.4288158,1.5141331,0.42414913,-0.3779898,-1.3068109,-0.56571305,-0.20071466,0.07163462,0.26943558,-0.54299664,1.3839812,-0.48547548,0.586601,-0.0043056454,0.23138076,-0.033202164,-0.749462,0.8072865,-0.18712038,0.028775908,0.5439836,0.28054392,0.105368555,0.33874387,-0.3249011,0.2727462,-0.30535388,-0.30421507,-0.36341292,-0.21304265,0.5630476,0.10780722,0.18190044,0.14554326,0.64246744,-0.17792943,0.06377421,0.44733918,0.081945196,-0.17555559,0.69742274,-0.22206068,1.5308495,-0.18555662,0.36634707,-0.21170676,0.57829595,-0.33252966,-0.16972214,0.20723982,0.17054315,0.08969724,-0.46087214,-0.2273639
45,0.45737544,1.095002,-0.23570684,-0.8226049,0.16178787,-2.0650985,0.5311978,0.36557627,0.41154203,1.5307819,-0.66887105,-0.71946275,0.83269155,-0.93505716,-1.1308696,-0.036095157,-0.12621814,1.1917876,0.35057396,-1.0215147,-0.38874334,0.2726606,-0.06308561,-0.08760891,0.04937175,0.16047394,-0.75188386,-0.04981562,-0.29493737,-0.3634588,0.92437035,-0.13230194,-0.52767146,-0.09778299,-0.14880125,-0.3851807,0.6723996,0.4481787,-0.24284485,-0.35896122,0.046958573,-0.08439097,-0.2806688,0.13139392,-0.18555662,1.1549035,-0.38165945,-0.25060177,0.20467322,-0.085075155,-0.14144635,0.14113955,-0.3170421,0.2726609,0.17864585,-0.22079483
46,0.8838928,0.40112212,-0.8745931,0.42519107,-0.632928,0.1732517,-0.4313404,1.5963919,-0.3963599,-0.2556048,-1.6004472,0.35507858,0.023680307,0.34699255,0.24204561,-0.102187626,0.052220605,-0.10186716,1.1173713,0.42764586,0.09385753,0.72077036,-0.04611048,0.6201254,0.28577065,-0.6611081,0.54619133,0.42409748,0.117310695,-0.030556608,-0.19210422,-0.42962363,0.15674654,0.37184906,0.11802216,0.55912894,-0.17378268,-0.38574237,-0.42513695,-0.22987564,0.48850775,0.2664624,0.25033817,0.06019147,0.36634707,-0.38165945,1.4890383,0.016365655,0.17887737,0.16546875,-0.6022016,0.17018244,-0.18761313,-0.3100436,-0.12337437,0.17097752
47,0.5702188,-0.16330376,-0.01715019,-2.0760846,-0.45843673,1.8961108,-0.74796665,-0.48206294,0.78446203,0.36456946,-0.7712515,-0.030575499,0.023864198,-0.28783387,0.38656998,0.40023535,-0.42621905,-1.2382536,-0.46130478,0.63227916,-0.5235463,0.2494438,0.17949587,-0.305003,-0.3929094,-0.04534077,0.12476823,-0.3642316,-0.23452164,-0.03317637,0.124340996,0.10411004,0.34319755,0.4310733,-0.22555093,0.020163868,-0.96673906,0.09553345,-0.33973902,-0.07758681,-0.03663782,-0.5004808,0.2673316,-0.235989,-0.21170676,-0.25060177,0.016365655,1.7979437,0.4676558,0.17433846,-0.17579217,0.16248433,0.14378825,0.2722031,0.27376312,-0.49397486
48,-1.6935413,-0.5451215,-1.8977609,-0.88701826,-0.19049302,0.44793704,0.16222249,-0.1536631,-0.4870391,0.47884867,0.36304063,-0.63623416,0.15992208,-0.87346065,-0.11296455,0.053855184,-0.27479288,0.26368174,0.4075714,-0.5114633,0.05748128,-0.20705876,0.24837437,0.07651238,-0.3987272,0.20103925,-0.6688973,-0.1140285,-0.42515218,-0.57201916,0.022421364,-0.5005206,0.22721426,0.08779417,-0.1917727,0.6217079,0.11487874,-0.3203791,0.10419816,-0.1532907,0.000102374586,-0.19844171,0.12925558,-0.44014654,0.57829595,0.20467322,0.17887737,0.4676558,1.4116613,-0.56561923,-0.3563005,-0.16622989,0.009053754,0.026990835,0.13252296,-0.4392732
49,-0.021009833,0.13019902,-1.1748972,-1.5108411,1.0467238,-0.091303214,-0.53807694,0.6815374,-0.6366672,0.2685384,-0.00948483,-0.20427567,0.45738894,0.50803745,-0.025721077,-0.31023067,-0.25199145,0.4414993,0.9128461,0.35369658,-0.4075898,0.3884697,0.26050413,-0.13070852,0.93056536,-0.48186764,0.28773022,-0.2380811,-0.47301653,-0.6487483,-0.3259462,-0.16367555,-0.1219641,-0.16002367,0.48691025,-0.13124597,-0.27808696,-0.33161664,-0.1810115,0.5262158,0.14660975,0.14747144,0.12505072,0.6171255,-0.33252966,-0.085075155,0.16546875,0.17433846,-0.56561923,1.6323246,0.10024972,0.32126078,-0.04381296,0.28505147,-0.13780525,-0.13250647
50,0.8757555,-1.006727,0.95630693,0.14158547,1.3482153,0.48488665,0.6303414,-0.05104392,-0.010193687,-0.91462624,0.22338602,-0.020468365,0.38592696,-0.44747972,-0.054711036,0.2394984,0.1359742,0.41978806,-0.08097843,0.31147388,-0.31121486,-0.2024622,0.43922162,-0.06123823,0.2979312,0.22189994,-0.4698157,-0.32838297,0.019178454,0.5623566,-0.48430198,-0.4844061,0.7530198,-0.5244297,-0.19420499,-0.011491507,-0.20309329,0.053535312,0.11182785,-0.089947104,-0.9238734,0.60154784,0.12421174,-0.2760599,-0.16972214,-0.14144635,-0.6022016,-0.17579217,-0.3563005,0.10024972,1.4954818,0.27337056,0.10190886,0.0020720593,0.47405657,0.0886892
51,0.3077282,-0.9706888,-0.18919745,2.250801,0.74696887,-1.3795316,1.269858,0.8503717,-0.002342617,0.78956866,-0.06452951,-0.5519475,0.5644665,-0.6810796,0.6767423,0.34972337,1.5870272,-0.6550889,0.66821057,-0.22194272,0.022025418,-0.26076937,0.68835586,0.10655067,-0.09279831,0.53312826,-0.035304323,0.84159124,-0.013013765,0.098161146,0.26323885,-0.19803354,-0.28329796,0.3087952,0.11467049,-0.1586661,-0.28613985,0.7321202,-0.03849405,0.18384778,-0.28513628,-0.23930654,0.6918124,0.48851532,0.20723982,0.14113955,0.17018244,0.16248433,-0.16622989,0.32126078,0.27337056,1.5938756,-0.10325873,-0.009930639,0.1226452,-0.09907752
52,-0.83095634,-0.24734882,-1.4107741,0.60428965,-0.80370724,-0.018275712,-0.7753006,0.4850843,0.36947298,0.6113793,-0.4772043,0.2140379,0.34567463,-0.22001846,0.0903566,0.016119618,0.5286945,-0.15024437,-0.7966662,0.42314875,0.35987997,0.40448102,-0.20768923,-0.24932867,0.17923407,-0.099105075,0.062405743,0.32924905,0.48310095,0.15066485,0.26134557,0.014008277,0.79832375,-0.29191983,0.32600284,-0.26835787,-0.08507709,-0.28031147,0.1294279,0.71812797,0.31450206,-0.4507017,-0.46111947,0.24718888,0.17054315,-0.3170421,-0.18761313,0.14378825,0.009053754,-0.04381296,0.10190886,-0.10325873,1.6285584,-0.555856,0.34072524,-0.4477716
53,0.29271787,0.1784255,-0.8563397,0.17459986,0.7248521,0.058466323,-0.7985424,-0.7203087,0.109418176,0.08837665,-0.17405748,0.43059778,-0.38948953,0.33076528,0.41228795,0.6093557,-0.41475165,0.07276781,-1.1962502,0.2344731,0.40503302,0.3870853,-0.21408123,-0.025291827,0.43499514,0.26926792,-0.13968286,0.041906923,-0.15681884,0.1039663,-0.16010883,0.09203565,-0.19692034,0.2166757,0.26444966,0.2926098,0.37024355,-0.38478875,-0.27436978,-0.53273886,-0.4004848,0.13572297,0.3837266,0.43284532,0.08969724,0.2726609,-0.3100436,0.2722031,0.026990835,0.28505147,0.0020720593,-0.009930639,-0.555856,1.431076,-0.08773187,-0.44424552
54,-0.6401085,0.64488816,1.4200294,0.15385586,0.16294472,-0.21190737,0.03239404,0.32226056,-0.2502671,0.81834567,-0.36237866,-0.5649438,0.08728072,-0.0050433734,-0.25977248,0.32315147,0.48530352,0.2308804,0.8236991,-0.8552046,0.2837811,0.2875108,0.4406122,0.031073693,0.16408952,0.20785056,0.03572662,-0.23514475,0.70060587,0.25761873,0.04664375,-0.17312463,0.2002871,0.24315047,0.18551028,0.022774383,-0.38644692,-0.31984806,0.48166364,-0.48236942,0.043779448,0.5364847,-0.36629832,0.0435779,-0.46087214,0.17864585,-0.12337437,0.27376312,0.13252296,-0.13780525,0.47405657,0.1226452,0.34072524,-0.08773187,1.262717,-0.45120245
55,-0.4079874,-0.24126855,0.6785387,0.41546935,0.053613458,0.06788669,-0.024104057,-0.3760665,0.29046345,-0.4412092,0.6177397,0.08670226,-0.2601876,-0.114269644,0.17631613,0.12538025,0.19189265,0.113788515,-0.035650216,0.6025388,0.10619433,-0.22138484,0.34613878,0.045270793,0.1527655,-0.5545889,0.2688207,-0.116022654,0.17551032,0.24221197,0.17583919,0.35349303,-0.018849634,0.103752755,-0.049288504,-0.18675302,0.21629995,0.4549867,-0.07380007,-0.19441888,-0.21384574,0.25835449,-0.1165727,-0.5259971,-0.2273639,-0.22079483,0.17097752,-0.49397486,-0.4392732,-0.13250647,0.0886892,-0.09907752,-0.4477716,-0.44424552,-0.45120245,1.0432369
