,0,1,2,3,4,5,6,7,8,9,10,11,12,13,14,15,16,17,18,19,20,21,22,23,24,25,26,27,28,29,30,31,32,33,34,35,36,37,38,39,40,41,42,43,44,45,46,47,48,49,50,51,52,53,54,55
0,12.821989,-1.6865294,14.144372,6.398196,7.604499,1.7877941,-5.119535,5.49047,0.44585073,-0.9309872,2.0021024,-2.5877504,-2.5536726,-1.464596,-0.9672942,0.47474298,1.068231,1.5579396,-2.1072116,1.5165198,-0.81061625,0.80488515,2.9015841,-0.6475766,2.3576078,-0.08007638,1.9780469,1.2688882,-2.9040968,-0.0069004856,-0.8855483,-0.7458526,0.07462615,0.31393385,-1.8085992,0.41138846,0.22430459,1.0808995,-1.1629282,-0.4430816,0.7070726,0.86732423,1.4142147,1.0693125,-1.1390681,-0.34354192,-0.64661336,-0.47871622,1.2854875,0.0322732,-0.6695242,-0.24956612,0.6384711,-0.24653621,0.47517988,0.31369784
1,-1.6865294,234.88724,-15.7897415,-0.53534794,-13.697028,-2.1764116,5.0371804,9.596251,1.3080592,-2.3750782,14.638779,-9.753994,12.835997,2.5177782,1.4078915,1.8374434,-1.482139,-1.358573,-6.8371005,-1.2800572,-4.4332795,3.9894755,3.4913774,1.276624,-1.2179039,-2.5911508,3.1058502,-1.6101954,0.1442368,5.327907,-1.18203,-1.8529018,-1.1991117,1.4175346,-0.5254762,0.33786774,-0.66439337,0.16697228,1.0545907,0.07563487,-1.8495834,-0.2484822,1.0832901,0.18873401,1.6965436,-0.825757,-0.27242097,0.04485606,0.41939998,-0.06780193,0.7577821,0.7136066,0.19482422,-0.15887642,-0.50371206,0.19759223
2,14.144372,-15.7897415,82.89495,-6.37166,13.98736,-10.664298,-6.3317347,12.063141,1.8601967,-2.554327,2.4619145,-4.5085063,-2.9793727,2.0050807,-1.4867392,4.445041,1.094077,2.9409637,-4.207348,-2.0155764,3.4393258,0.4949637,1.3711374,-0.38271427,-1.7599905,-4.461609,0.71671134,-0.001925928,-1.5884588,3.310583,0.9865874,-2.094112,0.6414659,-0.28410897,1.6686401,0.6772193,1.6443499,-0.5000691,-0.59124184,1.4030865,-0.9761041,-0.63647425,0.1479834,-0.08022918,1.8360391,0.17722577,0.65930426,0.010320514,1.434467,0.8925248,-0.717751,0.14693597,1.0627275,0.6566559,-1.075573,-0.50734425
3,6.398196,-0.53534794,-6.37166,63.7262,8.086706,14.982682,-2.9665818,2.6920323,0.050314058,5.973355,2.8651688,-4.3386955,-4.7181034,-3.1277888,-5.287462,2.9499316,-9.69688,1.7298996,1.6183845,-0.89443016,-0.8542429,1.2444377,-0.8761313,-0.93708,-1.3919698,0.8027882,1.1285145,-1.8614159,-1.1238319,2.596407,0.20861346,-3.1247573,-1.1823785,-0.12123409,1.271353,-1.6875436,-0.1292305,2.6168513,-0.37283167,1.9286017,2.3993826,1.1560903,0.9870368,-0.8697953,-1.143961,0.6224607,-0.29386878,1.4864893,0.6774609,1.1804593,-0.10174829,-1.7160451,-0.4562134,-0.14183876,-0.13510814,-0.29044843
4,7.604499,-13.697028,13.98736,8.086706,28.899488,7.9035635,4.721999,1.010155,1.6529584,0.96509516,-1.9406983,4.5325737,9.059462,-4.4711356,3.716054,1.0407822,-3.3340287,4.524933,-4.4194717,-1.8684254,2.3074431,-2.0308776,3.4822392,0.07945472,0.57826144,-1.1213708,0.7850224,0.76761943,-2.664118,0.7661554,0.48436725,0.32680237,-1.5806906,-0.28528982,0.33138907,-1.4341879,-2.3306286,-0.4411884,-0.5379717,-1.3616242,0.35567862,1.340341,0.40830487,1.5834234,-0.32028443,-0.1226379,0.507598,0.25134325,0.15086994,-0.74646854,-1.0083293,-0.5763769,0.6049442,-0.5477729,-0.14669883,-0.00761263
5,1.7877941,-2.1764116,-10.664298,14.982682,7.9035635,41.414356,-3.9479818,8.379602,1.3306173,-2.1344953,-1.5431046,0.61869967,1.8640155,2.9031215,-3.2815516,-3.4865701,3.2705302,3.8580894,-0.9277184,-2.439893,-1.0165254,-0.20330814,1.9109918,2.6337404,-0.94124925,-0.2201697,-1.443627,0.037506618,0.51444733,-0.44585806,1.5120429,2.359226,-0.26011536,0.038734943,0.22211698,0.025260434,-0.038358234,0.10264484,-0.19912262,-0.50265634,-0.5007404,-1.0074422,-0.663942,0.020422015,0.2856602,1.5617532,-0.14551014,-1.384374,-0.34208047,0.045602564,-0.37325972,1.0481884,0.016112305,-0.04658067,0.17266469,-0.06924094
6,-5.119535,5.0371804,-6.3317347,-2.9665818,4.721999,-3.9479818,24.395023,-9.823686,-0.260291,-5.015085,0.29081756,1.9692175,0.48727357,-1.4201441,-2.2486217,0.37699276,-0.36303073,2.5332012,-0.69695336,0.46841902,1.3883662,0.75817615,3.7182038,1.8768704,-3.9126472,-0.6019576,1.2205182,-2.059956,0.43314585,-0.59284115,2.1704836,2.0703368,1.1943531,1.7673614,1.7906123,-1.0637083,-0.56898946,-0.08225274,-0.4051958,-0.42433482,0.32683516,1.0870636,0.15037566,0.45982355,0.9887395,-0.39973408,0.3320294,0.5637602,-0.12147349,0.40179753,-0.48595393,-0.96827495,0.59381443,0.58673656,-0.022802917,0.010103868
7,5.49047,9.596251,12.063141,2.6920323,1.010155,8.379602,-9.823686,21.793583,-3.8746328,-2.4767008,0.41209942,0.69412136,1.1953332,-4.620941,-1.6396663,-1.0761061,2.8406165,-6.5184736,0.35836685,-2.027575,-0.22348528,0.699004,0.2294389,0.3689139,1.8385797,-0.5737178,0.5076693,0.030717403,-0.89591944,-1.0847278,1.0557353,-0.20979393,0.42085093,0.42428094,0.21030682,-0.6432642,1.3267998,0.19903809,1.1941522,0.23191243,-0.91411036,0.065689184,-0.6669674,0.526034,0.42665544,-0.27882874,-1.2196093,0.3827753,0.113246515,-0.51744807,0.049201436,-0.62977403,-0.37643105,0.56930125,-0.24251929,0.29029915
8,0.44585073,1.3080592,1.8601967,0.050314058,1.6529584,1.3306173,-0.260291,-3.8746328,32.431618,-2.478785,5.693838,2.2799063,0.7573693,0.5724211,0.90842503,-0.5241397,-0.68772733,1.2177262,4.2275057,-2.7779238,3.2111244,2.2720938,0.09797673,1.7250879,3.1902165,0.60145783,-0.10168101,-1.1485968,0.79946816,-0.5884428,-0.3155364,-0.5089489,0.12341295,-0.2352185,0.21074983,0.875088,-1.0634809,-0.11326744,-0.09181419,1.2580752,-0.16344234,-0.44157913,0.52341104,0.10582477,0.15091977,-0.3131252,0.29444948,-0.59397256,0.36700082,0.48712397,0.017824411,0.01025923,-0.2870648,-0.063530296,0.18628559,-0.209409
9,-0.9309872,-2.3750782,-2.554327,5.973355,0.96509516,-2.1344953,-5.015085,-2.4767008,-2.478785,14.759712,-5.1646233,-6.1672425,3.5642939,0.8629079,0.04256863,-0.8026528,-0.5355201,0.1883884,1.7376057,-0.66777635,2.3946795,-0.24339852,-1.8642737,-0.77380526,-1.6264311,2.6182842,-0.057028845,-1.1966822,-0.9775746,2.3260653,-0.8685523,-0.09324531,0.12348209,-1.4361334,-0.4742257,0.25204766,-1.5853579,-1.0036131,-1.1641607,0.20984355,-0.9583695,-0.18363342,0.12285626,0.59771425,-0.054044228,-1.1573346,0.19843087,-0.29123956,-0.36085495,-0.19613951,0.69261575,-0.59949684,-0.462111,-0.068085216,-0.6224327,0.33832145
10,2.0021024,14.638779,2.4619145,2.8651688,-1.9406983,-1.5431046,0.29081756,0.41209942,5.693838,-5.1646233,11.892521,1.9066052,0.23856562,1.618784,-4.157303,1.6011654,-0.89371294,-1.8664696,0.9079945,1.4083934,0.04296292,-2.5346828,1.8932073,-0.114087015,1.860892,1.3213644,-0.29553115,1.482605,-0.76056683,1.0498228,0.33994594,-0.89513725,0.8083347,-0.7501044,-0.2628458,0.27790472,1.7408515,0.51101834,-0.9052979,-0.34937334,1.487149,0.4038419,-0.23137182,-0.36733323,-0.20518145,0.50207484,1.1871834,0.62291765,-0.27966696,-0.002192163,-0.1541569,0.0703263,0.34516585,0.16955045,0.27914572,-0.4633047
11,-2.5877504,-9.753994,-4.5085063,-4.3386955,4.5325737,0.61869967,1.9692175,0.69412136,2.2799063,-6.1672425,1.9066052,16.154465,5.1715965,-2.2654517,0.0094397655,-1.486417,-0.482532,-1.1323042,0.45019436,1.382019,0.057682157,0.8439354,-0.44380623,-3.5366144,0.32904536,1.6432445,0.35741085,1.0124857,-0.3302702,0.32450745,-0.3162747,-0.3809933,-2.567265,1.2168157,1.3605671,-1.4276353,1.1210438,-0.83108854,0.8517729,-0.31520635,0.22746238,0.31246078,-0.91404605,-0.51055264,0.41026777,0.5421381,-0.2729217,0.020500137,0.48039126,0.15972859,0.02488264,0.424846,-0.17142603,-0.30736268,0.42496836,-0.057928577
12,-2.5536726,12.835997,-2.9793727,-4.7181034,9.059462,1.8640155,0.48727357,1.1953332,0.7573693,3.5642939,0.23856562,5.1715965,17.36976,-1.8023443,-0.62283003,-0.63350266,1.1120633,-0.14320898,-0.6038567,0.23981836,3.8726716,-3.8745997,-1.6761134,-0.10662833,-1.3512545,-0.949947,-0.4594934,1.8247566,-0.24632636,0.82018054,-0.32951063,0.07664715,-0.7590135,-0.9944112,1.2933092,1.1636257,-0.82491887,-0.4734133,0.36922228,0.12756461,-0.22844596,0.29021177,-0.07965055,0.22643073,-1.0472448,-0.6309041,-0.04541277,0.05759112,-0.12727942,-0.37778497,-0.29261786,-0.41070747,-0.2663306,0.31004375,-0.04917983,0.17758083
13,-1.464596,2.5177782,2.0050807,-3.1277888,-4.4711356,2.9031215,-1.4201441,-4.620941,0.5724211,0.8629079,1.618784,-2.2654517,-1.8023443,12.486531,0.19587293,-1.543266,2.3694425,1.2591223,0.7985393,2.628607,1.1892219,0.99696743,0.8497753,1.0653181,-0.33525455,-0.81103384,-3.7957697,0.18206036,-1.2521353,1.6200793,1.0751054,-0.70309955,-1.248215,-1.4535122,0.36759132,-0.22362924,0.07112654,-0.06768763,-0.648469,-0.1281748,0.31578523,-0.571496,0.11866414,0.12040402,0.36927992,0.71154904,-0.21137422,0.09658379,0.6721288,-0.33957002,0.32710314,0.47849888,0.1846486,-0.2990132,-0.020000193,0.10534383
14,-0.9672942,1.4078915,-1.4867392,-5.287462,3.716054,-3.2815516,-2.2486217,-1.6396663,0.90842503,0.04256863,-4.157303,0.0094397655,-0.62283003,0.19587293,17.555565,-4.4160337,-2.2635145,-0.1689673,-1.2702436,-3.1597862,-2.7945752,-0.053704336,0.6233456,2.3599935,0.8945229,-0.050004043,0.13651879,0.86469144,-0.8848276,1.0176868,0.52003765,-0.50279903,-0.39075345,-0.35194412,0.64302456,-0.02463742,-0.33514547,0.75595367,0.08038433,0.19828925,-0.12561011,0.18941939,-0.5226551,-0.28348953,-0.4458183,0.84914815,-0.23227206,-0.18896274,0.074447125,-0.013884336,0.060976632,-0.47197726,-0.093980394,-0.25025195,0.21493642,-0.14176486
15,0.47474298,1.8374434,4.445041,2.9499316,1.0407822,-3.4865701,0.37699276,-1.0761061,-0.5241397,-0.8026528,1.6011654,-1.486417,-0.63350266,-1.543266,-4.4160337,14.514375,-1.6563478,0.119618915,-1.110347,0.65011245,-2.6087694,0.079905316,-1.2629443,2.1062655,1.6165297,1.0367014,-0.9723202,1.9032907,-0.28262055,-1.1599717,-0.24814436,1.182477,-1.1323991,-0.3212046,1.0227994,0.56213206,-2.0316496,-0.8662852,-0.13607314,0.035111964,-0.48605978,-0.5343274,-0.55248404,-0.29716176,0.001811066,0.023938078,0.043904744,-0.22691835,-0.04828471,0.2074442,-0.17151152,-0.23933627,-0.026604312,-0.42451686,-0.229867,-0.10491914
16,1.068231,-1.482139,1.094077,-9.69688,-3.3340287,3.2705302,-0.36303073,2.8406165,-0.68772733,-0.5355201,-0.89371294,-0.482532,1.1120633,2.3694425,-2.2635145,-1.6563478,14.392207,1.8944439,-0.67500234,1.421668,-0.9761975,-0.4540964,0.5378076,-0.16297385,1.256911,1.5258646,0.9836854,-0.90032446,0.32711092,-0.31131452,0.2823549,-0.41629878,-0.60202515,0.08223499,0.55915534,0.4011312,-0.79774654,0.41106975,-0.70422035,0.3940134,-0.25455052,0.21204142,0.017608695,-0.45295024,-0.17518717,0.09536181,-0.042770494,0.3320942,0.20687261,0.18653087,-0.10328509,-1.1981959,-0.39917827,0.31454432,-0.36497447,-0.14713268
17,1.5579396,-1.358573,2.9409637,1.7298996,4.524933,3.8580894,2.5332012,-6.5184736,1.2177262,0.1883884,-1.8664696,-1.1323042,-0.14320898,1.2591223,-0.1689673,0.119618915,1.8944439,12.62447,-0.7629708,0.034639634,-1.6753603,0.43268564,-0.2475163,0.048255708,-0.13730152,-0.68675834,1.8374622,1.3016515,0.44574183,1.2584484,-0.80017555,-0.5275285,-0.78108525,1.0213568,-0.7765758,0.7259034,0.34018528,0.20297423,0.9894893,0.30441135,-0.039945997,-0.95392406,-0.13301845,0.124684945,0.026115075,-0.89959,0.11478858,0.83006454,-0.19059241,-0.28765357,-0.31473425,0.47390485,0.119640574,-0.07463288,-0.19851375,-0.05763466
18,-2.1072116,-6.8371005,-4.207348,1.6183845,-4.4194717,-0.9277184,-0.69695336,0.35836685,4.2275057,1.7376057,0.9079945,0.45019436,-0.6038567,0.7985393,-1.2702436,-1.110347,-0.67500234,-0.7629708,9.967795,0.5966871,-1.3300364,-0.23663762,-0.77028346,0.28174376,0.34986964,-0.7604219,0.46066612,1.4028015,-0.49413484,1.7391396,-0.17306389,0.9362974,0.68411106,0.0071207546,1.1200976,-0.7729312,0.39255452,-0.30243108,0.18542697,-0.3979365,-0.94382447,0.01020693,0.3215673,-0.08220519,0.56710756,-0.26312205,-0.8466985,0.3721559,-0.30884013,-0.7061486,0.049177535,-0.5103224,0.61136204,0.8866209,-0.61503625,0.010820654
19,1.5165198,-1.2800572,-2.0155764,-0.89443016,-1.8684254,-2.439893,0.46841902,-2.027575,-2.7779238,-0.66777635,1.4083934,1.382019,0.23981836,2.628607,-3.1597862,0.65011245,1.421668,0.034639634,0.5966871,7.113824,1.093064,0.37637088,-0.504877,0.9100969,-0.30548257,-0.6827609,0.77400225,0.8321564,-2.4340973,0.34266818,-1.1255496,-0.1989069,0.33673924,0.2981106,-0.30817232,-1.2639945,-0.25200438,0.69010127,0.4796635,0.41853166,0.06467308,0.27080938,0.14110273,0.045263372,-0.6126373,0.7662754,-0.36560237,-0.39834,0.37748748,-0.2882226,-0.21283925,0.20460883,-0.34583178,-0.11684297,0.6593647,-0.45537663
20,-0.81061625,-4.4332795,3.4393258,-0.8542429,2.3074431,-1.0165254,1.3883662,-0.22348528,3.2111244,2.3946795,0.04296292,0.057682157,3.8726716,1.1892219,-2.7945752,-2.6087694,-0.9761975,-1.6753603,-1.3300364,1.093064,6.9743385,0.020547464,-0.29247433,1.3449056,-1.4718497,0.08404578,-0.21949308,-1.4519192,-0.17574061,-0.7162013,-0.13379927,-0.7476194,0.6095201,-0.7171569,-0.95828533,0.121685505,0.21113855,0.026058532,0.693665,-0.18056211,-0.060419686,0.018483628,0.0016615249,0.68915284,0.14217955,0.2954196,-0.05158812,0.34776795,-0.039026037,0.32717186,0.23246439,-0.029851397,-0.26567036,-0.32316196,-0.22449994,-0.07094084
21,0.80488515,3.9894755,0.4949637,1.2444377,-2.0308776,-0.20330814,0.75817615,0.699004,2.2720938,-0.24339852,-2.5346828,0.8439354,-3.8745997,0.99696743,-0.053704336,0.079905316,-0.4540964,0.43268564,-0.23663762,0.37637088,0.020547464,8.611532,2.32411,-1.7682079,-1.8325294,1.0737162,0.26053733,-0.065874524,-1.1439869,-1.3875709,-0.2668886,0.055389196,-0.6111402,-0.68752503,0.73967814,0.18489496,-0.10306653,0.098051615,1.1386836,0.8129404,-0.8372967,0.28452772,-0.14203268,0.3995304,-0.021813657,-0.20536517,-0.55159605,-0.16072059,0.15469092,-0.30959266,0.14670268,0.1982165,-0.3021235,-0.2971345,-0.2103008,0.15562288
22,2.9015841,3.4913774,1.3711374,-0.8761313,3.4822392,1.9109918,3.7182038,0.2294389,0.09797673,-1.8642737,1.8932073,-0.44380623,-1.6761134,0.8497753,0.6233456,-1.2629443,0.5378076,-0.2475163,-0.77028346,-0.504877,-0.29247433,2.32411,6.3796496,-1.1340144,-0.74873984,0.7777223,-0.55607677,1.9907103,0.06769054,-0.15836895,0.4517467,-0.23237523,1.0580885,-0.74315864,-0.69503134,-0.7394229,-0.34842452,-0.28063333,-0.9304613,-0.9037703,0.6016171,0.4172821,-0.023432147,0.47339743,-0.41097167,0.048171442,0.05215995,-0.18639651,-0.18383113,-0.17437595,-0.32943934,-0.52944064,0.15894848,0.15543757,-0.3450678,-0.24661578
23,-0.6475766,1.276624,-0.38271427,-0.93708,0.07945472,2.6337404,1.8768704,0.3689139,1.7250879,-0.77380526,-0.114087015,-3.5366144,-0.10662833,1.0653181,2.3599935,2.1062655,-0.16297385,0.048255708,0.28174376,0.9100969,1.3449056,-1.7682079,-1.1340144,9.330297,-0.46654806,0.0840704,0.9512509,0.3076601,-0.8850429,-1.6691685,0.3787576,-0.25101376,0.11156482,0.25702786,-0.116730094,-0.8336909,0.60947734,0.0089781955,-0.48956716,0.2726203,-0.6982348,0.048743926,-0.92565596,0.089518756,-0.21263793,0.06500687,-0.4809475,0.25784546,-0.06057894,0.089133084,0.049869344,-0.07143576,0.18319339,0.032385815,-0.01830636,-0.037788756
24,2.3576078,-1.2179039,-1.7599905,-1.3919698,0.57826144,-0.94124925,-3.9126472,1.8385797,3.1902165,-1.6264311,1.860892,0.32904536,-1.3512545,-0.33525455,0.8945229,1.6165297,1.256911,-0.13730152,0.34986964,-0.30548257,-1.4718497,-1.8325294,-0.74873984,-0.46654806,5.4535856,0.3910238,-0.09487395,-0.70784414,-0.27757162,0.072802104,0.19184871,0.2524349,-0.3809148,0.05468738,-1.2175057,-0.09020324,-0.53130007,0.25041223,0.44033492,-0.73486745,0.4505087,0.14617704,0.36732346,0.68649656,-0.07956126,-0.03783282,-0.20779347,0.26637515,0.3036084,-0.68764496,-0.219905,0.06778909,-0.13817194,-0.3261742,-0.13174579,-0.10374293
25,-0.08007638,-2.5911508,-4.461609,0.8027882,-1.1213708,-0.2201697,-0.6019576,-0.5737178,0.60145783,2.6182842,1.3213644,1.6432445,-0.949947,-0.81103384,-0.050004043,1.0367014,1.5258646,-0.68675834,-0.7604219,-0.6827609,0.08404578,1.0737162,0.7777223,0.0840704,0.3910238,7.336086,0.6659479,-0.24448696,-1.0246077,0.54328454,0.050812885,-0.8112476,0.2116904,-0.050800383,-0.48941714,0.41834313,0.4963187,-0.57156324,-0.4630087,-0.14379841,-0.70293486,-0.042805053,-0.89915144,-0.11706683,-0.25557268,-0.121753246,0.5154485,-0.018373786,-0.14771487,0.39200568,-0.1613676,-0.41008383,0.07270256,-0.20693365,-0.1689481,0.43611246
26,1.9780469,3.1058502,0.71671134,1.1285145,0.7850224,-1.443627,1.2205182,0.5076693,-0.10168101,-0.057028845,-0.29553115,0.35741085,-0.4594934,-3.7957697,0.13651879,-0.9723202,0.9836854,1.8374622,0.46066612,0.77400225,-0.21949308,0.26053733,-0.55607677,0.9512509,-0.09487395,0.6659479,7.4206214,-0.44996995,-0.48486292,-0.1936588,-0.33950675,0.25826213,0.24085459,-1.2908545,-0.27136803,-0.096467465,0.3714805,-0.49792898,0.005878286,-0.25045025,0.45835888,-0.261056,0.4599234,-0.42836505,0.24625453,0.56977886,-0.40137765,-0.11958009,0.50844157,-0.20886263,0.351115,0.017487837,-0.04181987,0.091549784,-0.03146029,-0.20100345
27,1.2688882,-1.6101954,-0.001925928,-1.8614159,0.76761943,0.037506618,-2.059956,0.030717403,-1.1485968,-1.1966822,1.482605,1.0124857,1.8247566,0.18206036,0.86469144,1.9032907,-0.90032446,1.3016515,1.4028015,0.8321564,-1.4519192,-0.065874524,1.9907103,0.3076601,-0.70784414,-0.24448696,-0.44996995,6.4496856,0.4853135,-0.13504651,0.040399134,-0.18389878,0.39374757,-0.64320326,-0.5605213,0.24915992,0.20265535,-0.19820291,0.33621615,0.33588815,0.043083973,-0.14789234,-0.13063641,0.100799456,-0.20508638,0.039931357,-0.2921415,0.2052349,0.092781186,0.20702481,0.24365464,-0.65590703,-0.23971656,-0.056723546,0.16351977,0.10054086
28,-2.9040968,0.1442368,-1.5884588,-1.1238319,-2.664118,0.51444733,0.43314585,-0.89591944,0.79946816,-0.9775746,-0.76056683,-0.3302702,-0.24632636,-1.2521353,-0.8848276,-0.28262055,0.32711092,0.44574183,-0.49413484,-2.4340973,-0.17574061,-1.1439869,0.06769054,-0.8850429,-0.27757162,-1.0246077,-0.48486292,0.4853135,6.0383363,-0.76342803,-1.1888286,-0.3635797,0.34022683,-0.5531804,-0.28189057,-0.77713704,0.113881275,-0.09944183,-0.6198647,0.66576487,-0.4521985,-0.13762814,0.17611331,-0.20920654,0.2302866,0.2216048,-0.09718617,0.1918195,0.31954354,0.35481143,-0.00886547,0.017814271,-0.37082374,0.13230908,-0.5279249,-0.13090032
29,-0.0069004856,5.327907,3.310583,2.596407,0.7661554,-0.44585806,-0.59284115,-1.0847278,-0.5884428,2.3260653,1.0498228,0.32450745,0.82018054,1.6200793,1.0176868,-1.1599717,-0.31131452,1.2584484,1.7391396,0.34266818,-0.7162013,-1.3875709,-0.15836895,-1.6691685,0.072802104,0.54328454,-0.1936588,-0.13504651,-0.76342803,4.206124,-0.08293482,0.7864094,0.49986655,0.3445356,-0.13795832,-0.2279852,0.18428029,-0.534987,-0.16841024,0.15757275,-0.212383,-0.13240224,-0.42648935,-0.121427014,0.22750321,0.26935875,-0.033746317,0.15654758,0.41949353,0.4428343,-0.41039503,-0.032252207,-0.13663912,-0.019616779,-0.16947158,-0.20172268
30,-0.8855483,-1.18203,0.9865874,0.20861346,0.48436725,1.5120429,2.1704836,1.0557353,-0.3155364,-0.8685523,0.33994594,-0.3162747,-0.32951063,1.0751054,0.52003765,-0.24814436,0.2823549,-0.80017555,-0.17306389,-1.1255496,-0.13379927,-0.2668886,0.4517467,0.3787576,0.19184871,0.050812885,-0.33950675,0.040399134,-1.1888286,-0.08293482,4.752326,0.40598798,0.23924637,-0.11562878,-0.008929042,-0.019792132,0.13771112,-1.315914,0.81958497,0.35772264,0.44092447,0.23608318,0.76629925,-0.6317327,0.27466747,-0.69949067,0.1422517,-0.089774966,-0.017549187,0.24548596,0.36865824,-0.19589281,-0.20074834,0.12737018,-0.034750484,-0.13226768
31,-0.7458526,-1.8529018,-2.094112,-3.1247573,0.32680237,2.359226,2.0703368,-0.20979393,-0.5089489,-0.09324531,-0.89513725,-0.3809933,0.07664715,-0.70309955,-0.50279903,1.182477,-0.41629878,-0.5275285,0.9362974,-0.1989069,-0.7476194,0.055389196,-0.23237523,-0.25101376,0.2524349,-0.8112476,0.25826213,-0.18389878,-0.3635797,0.7864094,0.40598798,4.8981123,0.11776437,-0.75689185,-0.35320473,0.7744932,0.39753196,0.079380974,-0.1488795,0.23222867,-0.5353687,0.35760254,-0.12121639,0.69180286,0.1613155,0.09991519,0.3387354,-0.12389943,0.38177317,0.1452468,0.3712296,0.14391337,-0.011640853,-0.07041601,0.1199258,-0.25201687
32,0.07462615,-1.1991117,0.6414659,-1.1823785,-1.5806906,-0.26011536,1.1943531,0.42085093,0.12341295,0.12348209,0.8083347,-2.567265,-0.7590135,-1.248215,-0.39075345,-1.1323991,-0.60202515,-0.78108525,0.68411106,0.33673924,0.6095201,-0.6111402,1.0580885,0.11156482,-0.3809148,0.2116904,0.24085459,0.39374757,0.34022683,0.49986655,0.23924637,0.11776437,4.1522145,0.3926589,0.39933854,0.42829388,-0.05253064,-0.016766023,0.47019452,-0.14042991,0.21028866,-0.3805794,-0.27582973,0.49579632,-0.42544708,0.39911795,-0.10310213,-0.30710888,-0.168189,0.114207625,-0.5654162,0.20697933,-0.603287,0.14556187,-0.16285358,0.029490612
33,0.31393385,1.4175346,-0.28410897,-0.12123409,-0.28528982,0.038734943,1.7673614,0.42428094,-0.2352185,-1.4361334,-0.7501044,1.2168157,-0.9944112,-1.4535122,-0.35194412,-0.3212046,0.08223499,1.0213568,0.0071207546,0.2981106,-0.7171569,-0.68752503,-0.74315864,0.25702786,0.05468738,-0.050800383,-1.2908545,-0.64320326,-0.5531804,0.3445356,-0.11562878,-0.75689185,0.3926589,5.0791864,-0.09840572,0.12028871,0.15112889,-0.35931164,0.024896849,0.49013388,-0.10321823,-0.06600594,-0.00061192963,0.5283619,-0.08135429,0.07379966,-0.27250743,-0.35457987,-0.06427628,0.13475811,0.39993566,-0.23695448,0.21968985,-0.1638731,-0.19079244,-0.068682894
34,-1.8085992,-0.5254762,1.6686401,1.271353,0.33138907,0.22211698,1.7906123,0.21030682,0.21074983,-0.4742257,-0.2628458,1.3605671,1.2933092,0.36759132,0.64302456,1.0227994,0.55915534,-0.7765758,1.1200976,-0.30817232,-0.95828533,0.73967814,-0.69503134,-0.116730094,-1.2175057,-0.48941714,-0.27136803,-0.5605213,-0.28189057,-0.13795832,-0.008929042,-0.35320473,0.39933854,-0.09840572,4.420711,0.34043223,-0.015050106,0.49078476,-0.5989965,-0.34716138,-0.1458134,-0.42603898,-0.059200186,-0.40197584,-0.13823485,0.11008698,-0.09507766,0.16725624,0.14387602,-0.3606564,0.15938583,-0.07664992,-0.25762084,-0.17612664,-0.143756,0.048901796
35,0.41138846,0.33786774,0.6772193,-1.6875436,-1.4341879,0.025260434,-1.0637083,-0.6432642,0.875088,0.25204766,0.27790472,-1.4276353,1.1636257,-0.22362924,-0.02463742,0.56213206,0.4011312,0.7259034,-0.7729312,-1.2639945,0.121685505,0.18489496,-0.7394229,-0.8336909,-0.09020324,0.41834313,-0.096467465,0.24915992,-0.77713704,-0.2279852,-0.019792132,0.7744932,0.42829388,0.12028871,0.34043223,4.0904617,0.3108592,0.6277251,0.024231981,0.3009293,0.6149906,0.22945526,0.14791366,-0.23606586,-0.109934404,0.2914065,-0.4178841,-0.02905407,-0.46891457,0.10573426,0.009101488,0.11712372,0.20394191,-0.22431514,-0.02031973,0.14506416
36,0.22430459,-0.66439337,1.6443499,-0.1292305,-2.3306286,-0.038358234,-0.56898946,1.3267998,-1.0634809,-1.5853579,1.7408515,1.1210438,-0.82491887,0.07112654,-0.33514547,-2.0316496,-0.79774654,0.34018528,0.39255452,-0.25200438,0.21113855,-0.10306653,-0.34842452,0.60947734,-0.53130007,0.4963187,0.3714805,0.20265535,0.113881275,0.18428029,0.13771112,0.39753196,-0.05253064,0.15112889,-0.015050106,0.3108592,3.4694388,0.2551912,-0.5055266,0.064717986,-0.3757494,-0.165342,0.20220941,0.033115312,-0.48611,-0.5090232,0.1219545,0.75526196,-0.089068405,0.20021862,0.15439513,0.22255018,0.06166588,-0.27234092,0.29726902,-0.16868022
37,1.0808995,0.16697228,-0.5000691,2.6168513,-0.4411884,0.10264484,-0.08225274,0.19903809,-0.11326744,-1.0036131,0.51101834,-0.83108854,-0.4734133,-0.06768763,0.75595367,-0.8662852,0.41106975,0.20297423,-0.30243108,0.69010127,0.026058532,0.098051615,-0.28063333,0.0089781955,0.25041223,-0.57156324,-0.49792898,-0.19820291,-0.09944183,-0.534987,-1.315914,0.079380974,-0.016766023,-0.35931164,0.49078476,0.6277251,0.2551912,3.5666132,0.5695371,-0.40888375,0.058956746,0.33163765,-0.2639454,0.30374232,0.13436821,-0.33958706,0.29185945,-0.07932463,0.24238534,0.25596744,-0.036186717,-0.5514906,0.20864114,0.29746965,0.23937348,-0.33860624
38,-1.1629282,1.0545907,-0.59124184,-0.37283167,-0.5379717,-0.19912262,-0.4051958,1.1941522,-0.09181419,-1.1641607,-0.9052979,0.8517729,0.36922228,-0.648469,0.08038433,-0.13607314,-0.70422035,0.9894893,0.18542697,0.4796635,0.693665,1.1386836,-0.9304613,-0.48956716,0.44033492,-0.4630087,0.005878286,0.33621615,-0.6198647,-0.16841024,0.81958497,-0.1488795,0.47019452,0.024896849,-0.5989965,0.024231981,-0.5055266,0.5695371,3.572689,-0.057087667,-0.5821934,-0.49217537,-0.15937161,-0.1335609,-0.048802212,0.18257609,0.30536175,0.29852664,-0.08254157,0.11974404,-0.08327967,0.039552096,-0.10215614,0.21993113,-0.35544905,0.046912942
39,-0.4430816,0.07563487,1.4030865,1.9286017,-1.3616242,-0.50265634,-0.42433482,0.23191243,1.2580752,0.20984355,-0.34937334,-0.31520635,0.12756461,-0.1281748,0.19828925,0.035111964,0.3940134,0.30441135,-0.3979365,0.41853166,-0.18056211,0.8129404,-0.9037703,0.2726203,-0.73486745,-0.14379841,-0.25045025,0.33588815,0.66576487,0.15757275,0.35772264,0.23222867,-0.14042991,0.49013388,-0.34716138,0.3009293,0.064717986,-0.40888375,-0.057087667,3.308256,-0.08934845,0.8561748,-0.031078467,-0.15039852,-0.3395569,0.26883143,0.1415065,0.13809872,0.108446255,-0.42824435,0.07332063,-0.11681725,-0.55321026,0.43104923,0.38080016,0.13274232
40,0.7070726,-1.8495834,-0.9761041,2.3993826,0.35567862,-0.5007404,0.32683516,-0.91411036,-0.16344234,-0.9583695,1.487149,0.22746238,-0.22844596,0.31578523,-0.12561011,-0.48605978,-0.25455052,-0.039945997,-0.94382447,0.06467308,-0.060419686,-0.8372967,0.6016171,-0.6982348,0.4505087,-0.70293486,0.45835888,0.043083973,-0.4521985,-0.212383,0.44092447,-0.5353687,0.21028866,-0.10321823,-0.1458134,0.6149906,-0.3757494,0.058956746,-0.5821934,-0.08934845,2.9065802,-0.13012768,-0.46501833,0.11835247,-0.06258254,-0.03599863,-0.38982695,0.08807472,-0.0050585642,-0.13838479,0.6954069,0.22656283,-0.23932219,0.31163162,-0.019546084,0.1448372
41,0.86732423,-0.2484822,-0.63647425,1.1560903,1.340341,-1.0074422,1.0870636,0.065689184,-0.44157913,-0.18363342,0.4038419,0.31246078,0.29021177,-0.571496,0.18941939,-0.5343274,0.21204142,-0.95392406,0.01020693,0.27080938,0.018483628,0.28452772,0.4172821,0.048743926,0.14617704,-0.042805053,-0.261056,-0.14789234,-0.13762814,-0.13240224,0.23608318,0.35760254,-0.3805794,-0.06600594,-0.42603898,0.22945526,-0.165342,0.33163765,-0.49217537,0.8561748,-0.13012768,2.7566087,-0.18531707,-0.012809865,0.13241957,0.06285858,-0.19889139,0.3616624,0.15063423,-0.101242095,-0.44827145,0.18288246,0.33671874,-0.09357704,-0.41104832,-0.18497518
42,1.4142147,1.0832901,0.1479834,0.9870368,0.40830487,-0.663942,0.15037566,-0.6669674,0.52341104,0.12285626,-0.23137182,-0.91404605,-0.07965055,0.11866414,-0.5226551,-0.55248404,0.017608695,-0.13301845,0.3215673,0.14110273,0.0016615249,-0.14203268,-0.023432147,-0.92565596,0.36732346,-0.89915144,0.4599234,-0.13063641,0.17611331,-0.42648935,0.76629925,-0.12121639,-0.27582973,-0.00061192963,-0.059200186,0.14791366,0.20220941,-0.2639454,-0.15937161,-0.031078467,-0.46501833,-0.18531707,2.66289,0.08002601,-0.52678156,0.21299055,-0.17571652,-0.23825693,-0.09452261,-0.07989007,-0.094376355,-0.5314804,0.3512428,-0.2990399,0.26931435,0.09605842
43,1.0693125,0.18873401,-0.08022918,-0.8697953,1.5834234,0.020422015,0.45982355,0.526034,0.10582477,0.59771425,-0.36733323,-0.51055264,0.22643073,0.12040402,-0.28348953,-0.29716176,-0.45295024,0.124684945,-0.08220519,0.045263372,0.68915284,0.3995304,0.47339743,0.089518756,0.68649656,-0.11706683,-0.42836505,0.100799456,-0.20920654,-0.121427014,-0.6317327,0.69180286,0.49579632,0.5283619,-0.40197584,-0.23606586,0.033115312,0.30374232,-0.1335609,-0.15039852,0.11835247,-0.012809865,0.08002601,2.1115174,0.16797203,-0.09908308,-0.042743832,0.17203093,0.33338603,-0.4641798,0.2080529,-0.37137046,-0.1855733,-0.33013284,-0.03428879,0.39888555
44,-1.1390681,1.6965436,1.8360391,-1.143961,-0.32028443,0.2856602,0.9887395,0.42665544,0.15091977,-0.054044228,-0.20518145,0.41026777,-1.0472448,0.36927992,-0.4458183,0.001811066,-0.17518717,0.026115075,0.56710756,-0.6126373,0.14217955,-0.021813657,-0.41097167,-0.21263793,-0.07956126,-0.25557268,0.24625453,-0.20508638,0.2302866,0.22750321,0.27466747,0.1613155,-0.42544708,-0.08135429,-0.13823485,-0.109934404,-0.48611,0.13436821,-0.048802212,-0.3395569,-0.06258254,0.13241957,-0.52678156,0.16797203,2.710745,0.14028773,-0.27761292,0.1619348,-0.43737,0.25057656,0.12817407,-0.15642054,-0.12906611,-0.067721136,0.34896722,0.17119962
45,-0.34354192,-0.825757,0.17722577,0.6224607,-0.1226379,1.5617532,-0.39973408,-0.27882874,-0.3131252,-1.1573346,0.50207484,0.5421381,-0.6309041,0.71154904,0.84914815,0.023938078,0.09536181,-0.89959,-0.26312205,0.7662754,0.2954196,-0.20536517,0.048171442,0.06500687,-0.03783282,-0.121753246,0.56977886,0.039931357,0.2216048,0.26935875,-0.69949067,0.09991519,0.39911795,0.07379966,0.11008698,0.2914065,-0.5090232,-0.33958706,0.18257609,0.26883143,-0.03599863,0.06285858,0.21299055,-0.09908308,0.14028773,2.8710382,0.28743154,0.19383195,-0.15504107,0.06211488,0.106123686,-0.106455125,0.24018598,-0.20678604,-0.1339568,0.16522187
46,-0.64661336,-0.27242097,0.65930426,-0.29386878,0.507598,-0.14551014,0.3320294,-1.2196093,0.29444948,0.19843087,1.1871834,-0.2729217,-0.04541277,-0.21137422,-0.23227206,0.043904744,-0.042770494,0.11478858,-0.8466985,-0.36560237,-0.05158812,-0.55159605,0.05215995,-0.4809475,-0.20779347,0.5154485,-0.40137765,-0.2921415,-0.09718617,-0.033746317,0.1422517,0.3387354,-0.10310213,-0.27250743,-0.09507766,-0.4178841,0.1219545,0.29185945,0.30536175,0.1415065,-0.38982695,-0.19889139,-0.17571652,-0.042743832,-0.27761292,0.28743154,2.1913946,0.028337821,-0.13896443,-0.14114466,0.45713168,-0.118085116,0.13740024,0.24713245,0.10173799,-0.13740249
47,-0.47871622,0.04485606,0.010320514,1.4864893,0.25134325,-1.384374,0.5637602,0.3827753,-0.59397256,-0.29123956,0.62291765,0.020500137,0.05759112,0.09658379,-0.18896274,-0.22691835,0.3320942,0.83006454,0.3721559,-0.39834,0.34776795,-0.16072059,-0.18639651,0.25784546,0.26637515,-0.018373786,-0.11958009,0.2052349,0.1918195,0.15654758,-0.089774966,-0.12389943,-0.30710888,-0.35457987,0.16725624,-0.02905407,0.75526196,-0.07932463,0.29852664,0.13809872,0.08807472,0.3616624,-0.23825693,0.17203093,0.1619348,0.19383195,0.028337821,1.8268015,-0.34439307,-0.10088879,0.11975484,-0.15412611,-0.09038393,-0.2516892,-0.22382045,0.3838091
48,1.2854875,0.41939998,1.434467,0.6774609,0.15086994,-0.34208047,-0.12147349,0.113246515,0.36700082,-0.36085495,-0.27966696,0.48039126,-0.12727942,0.6721288,0.074447125,-0.04828471,0.20687261,-0.19059241,-0.30884013,0.37748748,-0.039026037,0.15469092,-0.18383113,-0.06057894,0.3036084,-0.14771487,0.50844157,0.092781186,0.31954354,0.41949353,-0.017549187,0.38177317,-0.168189,-0.06427628,0.14387602,-0.46891457,-0.089068405,0.24238534,-0.08254157,0.108446255,-0.0050585642,0.15063423,-0.09452261,0.33338603,-0.43737,-0.15504107,-0.13896443,-0.34439307,2.084501,0.42406607,0.26993597,0.12818986,-0.008116006,-0.01725461,-0.09825757,0.33026904
49,0.0322732,-0.06780193,0.8925248,1.1804593,-0.74646854,0.045602564,0.40179753,-0.51744807,0.48712397,-0.19613951,-0.002192163,0.15972859,-0.37778497,-0.33957002,-0.013884336,0.2074442,0.18653087,-0.28765357,-0.7061486,-0.2882226,0.32717186,-0.30959266,-0.17437595,0.089133084,-0.68764496,0.39200568,-0.20886263,0.20702481,0.35481143,0.4428343,0.24548596,0.1452468,0.114207625,0.13475811,-0.3606564,0.10573426,0.20021862,0.25596744,0.11974404,-0.42824435,-0.13838479,-0.101242095,-0.07989007,-0.4641798,0.25057656,0.06211488,-0.14114466,-0.10088879,0.42406607,1.8113701,-0.0675928,-0.2289052,0.023269556,-0.19199991,0.109106995,0.09978591
50,-0.6695242,0.7577821,-0.717751,-0.10174829,-1.0083293,-0.37325972,-0.48595393,0.049201436,0.017824411,0.69261575,-0.1541569,0.02488264,-0.29261786,0.32710314,0.060976632,-0.17151152,-0.10328509,-0.31473425,0.049177535,-0.21283925,0.23246439,0.14670268,-0.32943934,0.049869344,-0.219905,-0.1613676,0.351115,0.24365464,-0.00886547,-0.41039503,0.36865824,0.3712296,-0.5654162,0.39993566,0.15938583,0.009101488,0.15439513,-0.036186717,-0.08327967,0.07332063,0.6954069,-0.44827145,-0.094376355,0.2080529,0.12817407,0.106123686,0.45713168,0.11975484,0.26993597,-0.0675928,1.7172643,-0.20498624,-0.08101927,0.0059437845,-0.36247322,-0.059251748
51,-0.24956612,0.7136066,0.14693597,-1.7160451,-0.5763769,1.0481884,-0.96827495,-0.62977403,0.01025923,-0.59949684,0.0703263,0.424846,-0.41070747,0.47849888,-0.47197726,-0.23933627,-1.1981959,0.47390485,-0.5103224,0.20460883,-0.029851397,0.1982165,-0.52944064,-0.07143576,0.06778909,-0.41008383,0.017487837,-0.65590703,0.017814271,-0.032252207,-0.19589281,0.14391337,0.20697933,-0.23695448,-0.07664992,0.11712372,0.22255018,-0.5514906,0.039552096,-0.11681725,0.22656283,0.18288246,-0.5314804,-0.37137046,-0.15642054,-0.106455125,-0.118085116,-0.15412611,0.12818986,-0.2289052,-0.20498624,1.4519404,0.078864515,0.003579932,-0.099929616,0.08393477
52,0.6384711,0.19482422,1.0627275,-0.4562134,0.6049442,0.016112305,0.59381443,-0.37643105,-0.2870648,-0.462111,0.34516585,-0.17142603,-0.2663306,0.1846486,-0.093980394,-0.026604312,-0.39917827,0.119640574,0.61136204,-0.34583178,-0.26567036,-0.3021235,0.15894848,0.18319339,-0.13817194,0.07270256,-0.04181987,-0.23971656,-0.37082374,-0.13663912,-0.20074834,-0.011640853,-0.603287,0.21968985,-0.25762084,0.20394191,0.06166588,0.20864114,-0.10215614,-0.55321026,-0.23932219,0.33671874,0.3512428,-0.1855733,-0.12906611,0.24018598,0.13740024,-0.09038393,-0.008116006,0.023269556,-0.08101927,0.078864515,1.2600335,0.4171871,-0.25309908,0.3313731
53,-0.24653621,-0.15887642,0.6566559,-0.14183876,-0.5477729,-0.04658067,0.58673656,0.56930125,-0.063530296,-0.068085216,0.16955045,-0.30736268,0.31004375,-0.2990132,-0.25025195,-0.42451686,0.31454432,-0.07463288,0.8866209,-0.11684297,-0.32316196,-0.2971345,0.15543757,0.032385815,-0.3261742,-0.20693365,0.091549784,-0.056723546,0.13230908,-0.019616779,0.12737018,-0.07041601,0.14556187,-0.1638731,-0.17612664,-0.22431514,-0.27234092,0.29746965,0.21993113,0.43104923,0.31163162,-0.09357704,-0.2990399,-0.33013284,-0.067721136,-0.20678604,0.24713245,-0.2516892,-0.01725461,-0.19199991,0.0059437845,0.003579932,0.4171871,1.1973578,0.0547433,0.35349673
54,0.47517988,-0.50371206,-1.075573,-0.13510814,-0.14669883,0.17266469,-0.022802917,-0.24251929,0.18628559,-0.6224327,0.27914572,0.42496836,-0.04917983,-0.020000193,0.21493642,-0.229867,-0.36497447,-0.19851375,-0.61503625,0.6593647,-0.22449994,-0.2103008,-0.3450678,-0.01830636,-0.13174579,-0.1689481,-0.03146029,0.16351977,-0.5279249,-0.16947158,-0.034750484,0.1199258,-0.16285358,-0.19079244,-0.143756,-0.02031973,0.29726902,0.23937348,-0.35544905,0.38080016,-0.019546084,-0.41104832,0.26931435,-0.03428879,0.34896722,-0.1339568,0.10173799,-0.22382045,-0.09825757,0.109106995,-0.36247322,-0.099929616,-0.25309908,0.0547433,1.2459092,0.34140164
55,0.31369784,0.19759223,-0.50734425,-0.29044843,-0.00761263,-0.06924094,0.010103868,0.29029915,-0.209409,0.33832145,-0.4633047,-0.057928577,0.17758083,0.10534383,-0.14176486,-0.10491914,-0.14713268,-0.05763466,0.010820654,-0.45537663,-0.07094084,0.15562288,-0.24661578,-0.037788756,-0.10374293,0.43611246,-0.20100345,0.10054086,-0.13090032,-0.20172268,-0.13226768,-0.25201687,0.029490612,-0.068682894,0.048901796,0.14506416,-0.16868022,-0.33860624,0.046912942,0.13274232,0.1448372,-0.18497518,0.09605842,0.39888555,0.17119962,0.16522187,-0.13740249,0.3838091,0.33026904,0.09978591,-0.059251748,0.08393477,0.3313731,0.35349673,0.34140164,1.3593248
