,0,1,2,3,4,5,6,7,8,9,10,11,12,13,14,15,16,17,18,19,20,21,22,23,24,25,26,27,28,29,30,31,32,33,34,35,36,37,38,39,40,41,42,43,44,45,46,47,48,49
0,60.525578,-0.23989955,-0.15658452,0.038154695,0.15110171,0.40544063,0.085746124,-0.06395607,0.02166914,0.008428717,0.0066885063,-0.0027293372,0.0035912697,-0.0018850106,-0.0066728126,0.00018437584,0.0009798642,0.00055519206,0.00011654833,0.0023881549,0.0015006985,0.00086169783,0.000324863,0.00027439123,0.00048515986,0.0020637088,0.000752677,0.0012614445,9.265767e-05,-0.0010290658,0.00077885814,0.00017512291,0.00032142847,-0.00021503383,-0.00040483213,0.0002712625,0.00026181003,-0.0010347685,-5.3594763e-06,-0.0007254847,0.0005962001,0.000628997,-0.0011362457,-0.0008262941,-0.0008729996,-0.00015377272,4.0749976e-05,-0.0007100492,0.00047796319,0.00021995709
1,-0.23989955,26.835554,-0.09013918,0.09004919,0.31023878,0.048209548,0.07849546,-0.029715436,-0.0072178654,-0.00853864,0.009784967,0.0031822622,-0.0019990294,-0.0020875754,-0.0007432102,0.0015074825,-0.0022681328,-0.002234406,-0.0015274547,-6.6211323e-06,0.0023099524,-0.00043173926,0.0011313139,0.00032907986,-0.000781844,-0.00086683885,-6.6197154e-06,0.0007079134,0.00084209826,-0.0007944797,-0.00035869074,0.00044895773,-0.0001302899,-0.0003688627,0.00012590329,-0.00045150326,0.00013182094,-2.4040279e-05,-3.646208e-05,0.00016720101,-0.00021274974,9.1930146e-05,0.00039099134,-0.00013488179,0.0001774407,5.4536293e-05,2.4106681e-05,-5.588068e-05,-3.8095037e-05,9.464873e-05
2,-0.15658452,-0.09013918,5.906401,-0.09777737,-0.054174397,0.43892342,-0.19976714,-0.031246083,-0.0043898853,-0.007299005,-0.011964388,-0.000651572,-0.0002667362,0.0025223815,-0.0017270197,0.0010893034,0.00035636267,0.0015020564,0.00024207955,0.00033429475,-0.0010008204,-0.0010594216,0.00088526466,-0.0005536226,-0.00012581254,0.0003067804,0.0006782524,0.00089432125,0.00071015966,-0.00010018665,-0.00018599525,-0.0003496677,1.2779092e-05,0.000112706446,0.00075233704,-7.4235126e-05,-0.00045165792,-0.00031819983,-0.00025074682,-0.00067283085,1.3439791e-05,8.2695595e-05,-0.00040980952,-0.00021420787,2.889122e-05,0.00013841718,-0.00024914608,0.00011335625,0.00041119516,-1.6420534e-05
3,0.038154695,0.09004919,-0.09777737,3.5132227,-0.12479702,-0.173924,0.14449626,0.029862318,-0.012711838,0.007337742,-0.0014240788,-0.00046083712,-0.0019323593,-7.160456e-05,0.0006931659,-0.0018840781,0.0010165989,0.0003888142,-0.0009954802,0.0014977914,-7.73542e-05,0.00048399277,1.1143861e-05,-0.00050997565,0.00034360244,0.00069039944,0.0002591663,-1.200714e-05,-0.00014540472,-0.00030873012,-0.0006026551,-0.00021559428,-0.00015064143,0.00021681038,-0.00019469224,-5.5525696e-05,-0.0003485835,0.00015349413,0.00020001488,3.4079217e-06,-0.00022595288,-0.00012552521,0.00035961665,-5.3174434e-05,0.00011042805,0.000117813135,-0.00013399724,-6.9332586e-05,8.772433e-06,-0.000113500275
4,0.15110171,0.31023878,-0.054174397,-0.12479702,2.674314,-0.912889,0.4208498,0.019016102,0.00050912646,0.0035293922,0.00379219,0.00030181243,-0.0049195075,-0.00018062798,0.0014152614,0.0014473756,0.0007821294,-5.1640827e-06,-0.00019751677,-7.5266435e-05,-0.0009719324,0.0009707718,-0.0011815907,-0.00017797947,0.0016376574,0.00027969189,0.00077538216,0.00020156562,3.941443e-05,0.000304366,-0.00081090373,0.00031808077,0.00026952912,-8.63247e-06,-0.00029471383,0.00030946534,-0.0002709686,0.0004979146,-4.2623353e-05,-5.543093e-05,-0.00025677567,7.554074e-05,9.682453e-05,0.00043564814,-0.0002006321,-1.6371025e-05,-5.4875054e-05,9.95715e-05,-3.3452037e-05,-0.00010815138
5,0.40544063,0.048209548,0.43892342,-0.173924,-0.912889,1.244548,0.4807253,0.0011828992,-0.00095698354,0.0025061332,-0.003732101,-0.0012838937,-0.00067847327,0.001134138,0.0019235339,-0.002421985,0.0010245121,0.0016505083,0.00088801293,0.00016722533,3.7527636e-05,-0.00092356815,-0.0005230581,0.00036559737,0.00039910266,-0.00011780004,-0.0008757357,0.00021472081,9.4560455e-05,-5.0612257e-06,-0.000616981,-0.0005355963,-0.00020063795,0.00053235784,5.843063e-05,-0.00030499345,-8.831234e-05,-0.000111465604,7.759906e-05,0.00022137095,-0.00019837772,2.3408436e-05,0.00014818164,4.102585e-05,-6.937084e-05,-0.00014390911,0.0003106654,8.3854364e-05,-8.3331244e-05,-0.000120409604
6,0.085746124,0.07849546,-0.19976714,0.14449626,0.4208498,0.4807253,0.56237656,-0.0005615364,0.0048737656,-0.0032877256,2.4000674e-05,0.00029948144,-0.0013141676,0.00041379337,-0.00015840666,0.0017441658,-0.0010393094,-0.0007543302,-0.0012428443,-0.0003267238,0.00025670804,-0.00052014407,0.00028112708,0.00029657772,0.00028460688,0.0004092658,7.46008e-05,0.000354049,-8.575678e-05,-0.0002435327,4.84189e-05,-3.9189385e-05,0.00045210298,-8.2385755e-05,0.00016056144,3.4186356e-05,7.754715e-05,-0.00022600943,-6.406817e-05,-5.012299e-05,-0.00011728212,7.839994e-05,-6.555724e-05,0.00017180102,-3.5098183e-05,-1.6413154e-06,0.0001415697,8.525324e-05,6.8429275e-05,-0.0001769494
7,-0.06395607,-0.029715436,-0.031246083,0.029862318,0.019016102,0.0011828992,-0.0005615364,0.11332746,-0.003855636,0.0016901838,-0.0015442584,-0.00041975547,0.0021260888,-0.0010502123,0.0004435451,-1.1597697e-05,-0.0015588109,0.0011423656,-0.0003014484,-0.00067906035,-0.001312945,0.000926333,0.00014350777,0.0013403667,0.0011113966,0.0004898339,7.7296674e-05,-7.156772e-05,-0.0009043977,0.000120873134,-0.00017991531,0.00054048037,0.00028406168,-0.0002991163,-0.00016271995,-0.0001490511,0.00037398178,0.00038677853,0.00050633866,0.00042266535,-0.00021715407,-7.0373746e-05,0.00022359524,0.00046257486,1.2055727e-05,-3.248508e-05,4.1397936e-05,3.3041513e-05,-1.688827e-06,-7.695744e-05
8,0.02166914,-0.0072178654,-0.0043898853,-0.012711838,0.00050912646,-0.00095698354,0.0048737656,-0.003855636,0.042215902,0.0017072102,0.0014267049,-0.0021673008,0.0016275377,0.0018069907,0.0011268025,0.0011783091,-0.0014869744,-0.00035244384,0.00018618508,0.00024674082,-0.001703448,8.302737e-06,-0.00033027615,0.0013587353,0.0014590103,0.00021331749,0.00022796629,-0.000589818,-0.00043999424,-0.00025314937,0.000553575,0.00019397642,0.00042273052,-0.00014891953,6.1281564e-05,-0.00014042767,0.0002296817,-0.00016447142,-0.00033499958,0.00036037553,0.00030991703,-7.904209e-05,-0.00023505848,0.00029898537,-0.0002907661,1.106112e-06,0.00018393913,-8.136527e-06,4.721574e-05,-0.00013867031
9,0.008428717,-0.00853864,-0.007299005,0.007337742,0.0035293922,0.0025061332,-0.0032877256,0.0016901838,0.0017072102,0.027877865,0.00051168416,-0.0018816909,-0.00014191683,0.00050863554,0.0011310633,-0.0024436754,0.0015462616,0.0001525859,9.870104e-05,0.0018940361,0.0020030537,0.0015365331,-0.0012788905,-0.001385247,-0.00019133667,0.0010186261,0.00078344473,-0.00083557924,-0.00038285373,-0.00045349542,-0.00089845515,-0.00032432942,-0.0006749062,-0.00010622862,-0.0005934207,0.0004963924,0.00013133771,-0.00029482145,-0.00028368895,-0.00015182592,0.0001675463,4.124164e-05,0.00021675625,0.00018775226,4.739273e-05,0.00014170115,-6.5679145e-05,-0.00022269701,3.6356687e-05,0.00012065003
10,0.0066885063,0.009784967,-0.011964388,-0.0014240788,0.00379219,-0.003732101,2.4000674e-05,-0.0015442584,0.0014267049,0.00051168416,0.0226812,0.0025426482,-0.0005202269,-0.0009915612,-0.00075533934,-0.0009740385,-0.00022317497,0.00035523472,0.0002696184,4.3874374e-05,0.00041166344,7.769934e-05,-0.00012917159,0.00018383971,0.00017218359,-0.00023734524,-0.0002471441,0.00026658498,-0.0003073365,-1.7263987e-05,2.053307e-06,0.00058055494,-0.00018093135,-0.0002960185,0.00035088346,1.1918239e-05,0.0002225565,0.0003303106,0.00052949664,0.00034808592,-0.00017808905,0.00014992556,0.0001294151,2.5502115e-06,5.429529e-05,-0.00017244561,-0.00012658762,-0.00011159963,-0.00015290684,0.00026666236
11,-0.0027293372,0.0031822622,-0.000651572,-0.00046083712,0.00030181243,-0.0012838937,0.00029948144,-0.00041975547,-0.0021673008,-0.0018816909,0.0025426482,0.008924195,0.0032534632,0.0023604492,0.0011005162,0.0023556002,8.7430926e-05,-0.00070007285,6.245839e-05,0.0013756792,0.00075160945,0.00016522674,-0.00024708605,-0.0007558738,0.0008415029,0.00038224913,-0.00018717226,-0.00059655716,0.00030579045,0.00012216243,-0.00010365191,-0.00046324314,0.00036204542,-0.00021192334,7.20891e-05,-6.625671e-05,-0.00016525487,0.00012332306,-0.00014958974,-0.00026226445,8.13045e-06,-9.506346e-05,0.00027827232,2.3307352e-05,-2.2021304e-05,-0.00028052312,5.4313576e-05,0.00028555584,-0.00022713692,-0.00021131994
12,0.0035912697,-0.0019990294,-0.0002667362,-0.0019323593,-0.0049195075,-0.00067847327,-0.0013141676,0.0021260888,0.0016275377,-0.00014191683,-0.0005202269,0.0032534632,0.013421609,-0.000966412,-0.0008233421,-0.0014491348,0.00031961198,-6.7966525e-06,0.0002499537,9.140901e-07,1.6352182e-05,-0.00023404052,4.8165464e-05,4.337683e-05,-0.0008031156,-0.0002901051,5.8050282e-05,0.0001258797,0.00025433028,-0.00012333173,0.00011922729,2.5458521e-05,-0.0001729793,-2.9196126e-05,0.00032431737,0.0003090553,-2.4146515e-05,4.073642e-06,-0.000134687,-2.3205648e-05,0.00014980667,0.00025118035,-6.9990594e-05,4.73682e-05,-9.4916206e-05,3.4861012e-05,0.00013184606,-0.0002506689,2.0669086e-05,5.6625454e-06
13,-0.0018850106,-0.0020875754,0.0025223815,-7.160456e-05,-0.00018062798,0.001134138,0.00041379337,-0.0010502123,0.0018069907,0.00050863554,-0.0009915612,0.0023604492,-0.000966412,0.011178079,-8.774812e-05,-0.0007839953,0.00020571753,0.0006905672,-0.00027175155,-0.00015286113,6.607812e-05,-3.350423e-05,0.0005464822,-0.00020570651,-0.00040013748,-6.517823e-05,1.3749193e-05,0.0005822581,-0.00028931274,0.00030278089,-0.00018073266,-2.6328122e-05,-2.6035157e-05,-0.0002831095,0.00010097651,0.00015518125,0.00017569061,0.0005814492,4.6678855e-05,-0.00015205143,4.5513738e-05,-6.506795e-05,-0.00012702742,-4.831422e-05,7.502343e-05,-8.410726e-06,0.00024814333,2.9003886e-06,4.161091e-05,-8.921891e-05
14,-0.0066728126,-0.0007432102,-0.0017270197,0.0006931659,0.0014152614,0.0019235339,-0.00015840666,0.0004435451,0.0011268025,0.0011310633,-0.00075533934,0.0011005162,-0.0008233421,-8.774812e-05,0.010541976,-0.00026775338,-0.0003129011,-0.00033177255,0.0003659546,-0.0002131681,-0.00029002974,-0.00013255287,1.920969e-05,0.0003380279,-0.00062074885,-0.00037278875,-0.00030212413,8.641281e-05,0.0004328458,0.00019335459,0.000115533076,-3.8534257e-05,-3.8249127e-05,4.545458e-05,0.00028288228,5.529655e-05,-0.00011377956,-5.4194345e-05,6.0112092e-05,4.7115478e-05,-0.0002501098,0.00024210592,0.0001106187,0.00015627718,-1.6956867e-05,1.0078584e-05,3.681653e-05,-3.4963836e-05,-0.0001315884,-3.4740675e-05
15,0.00018437584,0.0015074825,0.0010893034,-0.0018840781,0.0014473756,-0.002421985,0.0017441658,-1.1597697e-05,0.0011783091,-0.0024436754,-0.0009740385,0.0023556002,-0.0014491348,-0.0007839953,-0.00026775338,0.007299355,4.493391e-06,8.6862856e-05,0.00012424163,-1.11703275e-05,0.00017101743,0.00052480964,-0.0003923372,7.1184484e-05,-0.00035872514,0.00043374143,0.0004665648,-0.00027106155,9.074197e-05,6.0253253e-05,-0.0001960428,-0.00012584595,7.623846e-05,-0.00038349914,2.7433092e-05,2.8557166e-05,0.00019942339,0.00016088538,-0.00023969714,-0.0003464435,0.00011085381,0.0003008523,-0.00022601197,0.00013465021,-0.00014421309,3.5806417e-05,-7.5533753e-06,-0.00016902006,7.425717e-05,-7.5253476e-05
16,0.0009798642,-0.0022681328,0.00035636267,0.0010165989,0.0007821294,0.0010245121,-0.0010393094,-0.0015588109,-0.0014869744,0.0015462616,-0.00022317497,8.7430926e-05,0.00031961198,0.00020571753,-0.0003129011,4.493391e-06,0.0066140634,-0.00034018554,0.00040003005,-4.027813e-05,-0.001044766,0.0003236599,-6.931685e-05,0.00059437426,-9.391745e-05,-8.276626e-05,-0.00035838375,-8.897532e-05,6.37467e-05,0.00020169928,0.00013239318,0.00024435457,0.00032626948,4.755811e-05,0.00011024765,0.000101433296,4.4700564e-06,-0.0001318955,-4.512891e-05,-9.498818e-05,-0.00013092875,0.00020999141,4.0645496e-06,0.00011016734,-0.00024904363,0.000105726926,7.975149e-05,-0.00012644156,-3.7082536e-06,-0.00026931003
17,0.00055519206,-0.002234406,0.0015020564,0.0003888142,-5.1640827e-06,0.0016505083,-0.0007543302,0.0011423656,-0.00035244384,0.0001525859,0.00035523472,-0.00070007285,-6.7966525e-06,0.0006905672,-0.00033177255,8.6862856e-05,-0.00034018554,0.0065217772,0.0004484792,0.0003673669,-0.00012258613,-5.0075352e-05,-0.00042603648,-0.0001158325,0.000110571054,-0.00052890053,6.4126565e-05,0.00029185606,0.0003074775,0.000105472325,2.7386823e-05,-0.00029884643,9.6344294e-05,3.6227168e-05,0.00029434153,-0.00017023139,-7.168301e-05,-0.0001617012,-0.00029625726,-7.372054e-05,6.944273e-05,-4.7326605e-05,-0.00020354253,-5.118003e-05,-0.0002619911,-4.840506e-05,9.173957e-05,-6.074898e-05,-7.101161e-05,2.626062e-05
18,0.00011654833,-0.0015274547,0.00024207955,-0.0009954802,-0.00019751677,0.00088801293,-0.0012428443,-0.0003014484,0.00018618508,9.870104e-05,0.0002696184,6.245839e-05,0.0002499537,-0.00027175155,0.0003659546,0.00012424163,0.00040003005,0.0004484792,0.0071622203,-0.00031333824,-2.6600383e-05,3.6741643e-05,0.00022210188,-8.897173e-05,-3.4281743e-06,0.0001818148,0.00013216087,6.2742685e-05,-6.9366564e-05,2.0504576e-05,-5.6715297e-05,-9.117988e-05,4.373548e-06,-2.013502e-05,-0.00019444074,-0.00015930025,0.00014612204,0.00018621326,0.00020427829,9.0940426e-05,2.3402974e-05,-6.630363e-05,-2.052282e-05,-5.0077524e-06,0.00011525035,3.4235396e-05,-6.412386e-05,0.00016280476,5.0044528e-06,-3.120029e-05
19,0.0023881549,-6.6211323e-06,0.00033429475,0.0014977914,-7.5266435e-05,0.00016722533,-0.0003267238,-0.00067906035,0.00024674082,0.0018940361,4.3874374e-05,0.0013756792,9.140901e-07,-0.00015286113,-0.0002131681,-1.11703275e-05,-4.027813e-05,0.0003673669,-0.00031333824,0.0055360342,-0.00044163852,-8.956039e-05,0.0004352047,0.00036387955,-2.4067775e-05,-8.684666e-05,0.00011747952,0.00013032934,2.0866344e-05,3.3985947e-05,-0.00014001715,3.9239807e-05,4.4685134e-05,0.00018045271,-0.00027286552,-0.0003073499,-0.0001312112,-0.00018837395,0.00014533696,-9.461173e-06,-0.00018013713,-0.00012609934,-0.00010219712,-7.974392e-05,7.3959905e-05,-1.9879737e-05,-0.00016725372,-3.435411e-05,0.00011603616,2.3227996e-05
20,0.0015006985,0.0023099524,-0.0010008204,-7.73542e-05,-0.0009719324,3.7527636e-05,0.00025670804,-0.001312945,-0.001703448,0.0020030537,0.00041166344,0.00075160945,1.6352182e-05,6.607812e-05,-0.00029002974,0.00017101743,-0.001044766,-0.00012258613,-2.6600383e-05,-0.00044163852,0.005471321,6.5625165e-05,0.000133282,0.00058497785,1.46066795e-05,-9.654557e-05,-0.00023062083,0.00016217343,7.044991e-05,3.0039591e-05,0.00028662267,0.00013665398,0.00027047412,9.715019e-05,1.799443e-06,1.307781e-06,4.7622205e-05,8.203524e-06,0.000104836414,0.000105511615,-4.5499313e-05,9.4846575e-05,6.122768e-05,0.0001407816,-0.000119012955,0.00015544164,0.000100801335,-1.6434041e-06,4.4728546e-05,-0.00022074282
21,0.00086169783,-0.00043173926,-0.0010594216,0.00048399277,0.0009707718,-0.00092356815,-0.00052014407,0.000926333,8.302737e-06,0.0015365331,7.769934e-05,0.00016522674,-0.00023404052,-3.350423e-05,-0.00013255287,0.00052480964,0.0003236599,-5.0075352e-05,3.6741643e-05,-8.956039e-05,6.5625165e-05,0.0052981526,0.00028969298,0.00023186713,5.2585416e-05,-7.0880356e-05,-0.00013723705,0.00021822719,0.00017032507,0.00022967538,0.00033116573,2.9901606e-05,5.6058867e-05,-0.00016633156,0.0002492788,-0.00011067407,-6.703385e-05,0.00022626328,-0.00018637555,1.1773785e-05,0.00022173396,-0.00010057048,-0.00020857717,-0.00014100583,6.9726884e-05,-3.786884e-05,-4.861657e-05,5.870778e-05,4.9114915e-06,9.76257e-05
22,0.000324863,0.0011313139,0.00088526466,1.1143861e-05,-0.0011815907,-0.0005230581,0.00028112708,0.00014350777,-0.00033027615,-0.0012788905,-0.00012917159,-0.00024708605,4.8165464e-05,0.0005464822,1.920969e-05,-0.0003923372,-6.931685e-05,-0.00042603648,0.00022210188,0.0004352047,0.000133282,0.00028969298,0.0049990243,4.3281903e-05,0.00019950159,-2.3495386e-06,8.433309e-05,-0.00020871323,-0.000110744324,-0.000119176744,3.5813922e-05,9.38669e-05,-0.00014216479,-1.8537005e-05,6.315578e-05,0.000103747734,-3.2788048e-05,-0.00026995796,-0.00015034413,5.612654e-05,-9.250321e-06,1.6772221e-05,1.5202038e-05,1.8241311e-05,-8.9426525e-05,-1.0107034e-05,-1.0997917e-05,-0.00014307146,-3.0281979e-05,0.00010996775
23,0.00027439123,0.00032907986,-0.0005536226,-0.00050997565,-0.00017797947,0.00036559737,0.00029657772,0.0013403667,0.0013587353,-0.001385247,0.00018383971,-0.0007558738,4.337683e-05,-0.00020570651,0.0003380279,7.1184484e-05,0.00059437426,-0.0001158325,-8.897173e-05,0.00036387955,0.00058497785,0.00023186713,4.3281903e-05,0.0037943167,-0.00020880868,1.0408009e-05,-5.2124313e-05,8.921369e-05,0.00010828364,-0.000110156434,-0.00019477673,-0.00017225611,1.1746562e-05,-3.5006608e-05,-0.00018347349,7.23936e-05,-2.4437315e-05,0.00011923759,9.837662e-05,-0.00020733649,5.8581707e-05,-3.7091842e-05,6.3816755e-05,-0.00019160166,6.358269e-05,-3.9023806e-05,3.4035074e-05,4.29945e-05,-6.199366e-05,-6.440497e-05
24,0.00048515986,-0.000781844,-0.00012581254,0.00034360244,0.0016376574,0.00039910266,0.00028460688,0.0011113966,0.0014590103,-0.00019133667,0.00017218359,0.0008415029,-0.0008031156,-0.00040013748,-0.00062074885,-0.00035872514,-9.391745e-05,0.000110571054,-3.4281743e-06,-2.4067775e-05,1.46066795e-05,5.2585416e-05,0.00019950159,-0.00020880868,0.0034285868,-3.8418842e-05,-0.00015529018,-3.7619822e-05,0.00034666207,9.9974044e-05,-0.00010448936,-0.00019059604,-4.611925e-05,7.071594e-05,-8.290573e-05,0.00012214272,4.657331e-06,3.2471256e-05,-5.4421165e-05,-0.00012395433,-2.37493e-05,0.00018869893,4.4377903e-05,9.88284e-05,6.0880346e-05,8.287835e-05,3.963271e-05,3.2201486e-05,-6.1006605e-05,-0.00017093772
25,0.0020637088,-0.00086683885,0.0003067804,0.00069039944,0.00027969189,-0.00011780004,0.0004092658,0.0004898339,0.00021331749,0.0010186261,-0.00023734524,0.00038224913,-0.0002901051,-6.517823e-05,-0.00037278875,0.00043374143,-8.276626e-05,-0.00052890053,0.0001818148,-8.684666e-05,-9.654557e-05,-7.0880356e-05,-2.3495386e-06,1.0408009e-05,-3.8418842e-05,0.003609306,-0.00011987002,0.00021770151,0.00011096767,-0.00010361641,6.209012e-05,-0.00010676836,-5.8880916e-05,0.00012395898,0.00023389506,1.9362546e-05,1.782925e-05,-0.000107544605,-6.191062e-05,5.6811943e-05,-8.550751e-05,-2.1341624e-05,-1.9317698e-05,-2.970816e-05,-0.00015023391,-0.00013275123,8.621483e-05,2.3140776e-06,-2.1816406e-05,5.1762905e-05
26,0.000752677,-6.6197154e-06,0.0006782524,0.0002591663,0.00077538216,-0.0008757357,7.46008e-05,7.7296674e-05,0.00022796629,0.00078344473,-0.0002471441,-0.00018717226,5.8050282e-05,1.3749193e-05,-0.00030212413,0.0004665648,-0.00035838375,6.4126565e-05,0.00013216087,0.00011747952,-0.00023062083,-0.00013723705,8.433309e-05,-5.2124313e-05,-0.00015529018,-0.00011987002,0.00305276,-2.6248828e-05,0.00026736598,-1.3145873e-05,0.0002732498,0.00033120543,0.00012531085,0.00017300689,5.1286646e-05,0.00015409237,-0.00024728704,4.320218e-05,7.586923e-05,2.4230701e-05,9.306546e-05,6.839844e-05,0.00026315218,-1.109621e-05,5.511813e-05,1.4817896e-05,-2.4683945e-05,-4.9448925e-05,-1.7499274e-06,1.2354035e-05
27,0.0012614445,0.0007079134,0.00089432125,-1.200714e-05,0.00020156562,0.00021472081,0.000354049,-7.156772e-05,-0.000589818,-0.00083557924,0.00026658498,-0.00059655716,0.0001258797,0.0005822581,8.641281e-05,-0.00027106155,-8.897532e-05,0.00029185606,6.2742685e-05,0.00013032934,0.00016217343,0.00021822719,-0.00020871323,8.921369e-05,-3.7619822e-05,0.00021770151,-2.6248828e-05,0.0031716425,-1.0782628e-05,-0.00012948812,2.0358975e-05,3.7009137e-05,-5.859062e-06,-1.8981857e-05,-9.1753536e-05,4.1570405e-05,-5.3607608e-05,-0.00021232376,-0.00013897638,-6.823309e-05,-1.6078826e-05,0.00010656477,4.6864447e-05,9.678418e-05,-1.8680224e-05,-4.5278764e-05,-5.3189404e-05,-7.035723e-05,9.1624715e-06,-5.8090518e-05
28,9.265767e-05,0.00084209826,0.00071015966,-0.00014540472,3.941443e-05,9.4560455e-05,-8.575678e-05,-0.0009043977,-0.00043999424,-0.00038285373,-0.0003073365,0.00030579045,0.00025433028,-0.00028931274,0.0004328458,9.074197e-05,6.37467e-05,0.0003074775,-6.9366564e-05,2.0866344e-05,7.044991e-05,0.00017032507,-0.000110744324,0.00010828364,0.00034666207,0.00011096767,0.00026736598,-1.0782628e-05,0.0028317277,-0.000112744485,-0.00015754487,0.00015453849,-0.0001485355,-0.00010100576,-7.868875e-05,-4.421804e-05,0.00015279994,-6.10208e-06,4.5263732e-05,0.00012977688,-1.06881325e-05,-8.0486505e-05,-3.9179737e-05,8.118774e-06,-4.156821e-06,-4.4633118e-05,-7.929008e-06,-7.9972255e-05,0.00011815412,4.7453104e-05
29,-0.0010290658,-0.0007944797,-0.00010018665,-0.00030873012,0.000304366,-5.0612257e-06,-0.0002435327,0.000120873134,-0.00025314937,-0.00045349542,-1.7263987e-05,0.00012216243,-0.00012333173,0.00030278089,0.00019335459,6.0253253e-05,0.00020169928,0.000105472325,2.0504576e-05,3.3985947e-05,3.0039591e-05,0.00022967538,-0.000119176744,-0.000110156434,9.9974044e-05,-0.00010361641,-1.3145873e-05,-0.00012948812,-0.000112744485,0.002867385,1.5016611e-05,7.42273e-05,-5.443696e-05,0.00013320395,-4.8562346e-05,0.00010841403,3.3340104e-05,-0.00013040163,7.092174e-05,0.00012433101,-3.0435644e-05,2.7022223e-05,0.00014052694,5.2431995e-05,-3.3325574e-05,-6.7726854e-05,-1.9593996e-05,-4.3405824e-05,6.7061825e-05,5.2563664e-05
30,0.00077885814,-0.00035869074,-0.00018599525,-0.0006026551,-0.00081090373,-0.000616981,4.84189e-05,-0.00017991531,0.000553575,-0.00089845515,2.053307e-06,-0.00010365191,0.00011922729,-0.00018073266,0.000115533076,-0.0001960428,0.00013239318,2.7386823e-05,-5.6715297e-05,-0.00014001715,0.00028662267,0.00033116573,3.5813922e-05,-0.00019477673,-0.00010448936,6.209012e-05,0.0002732498,2.0358975e-05,-0.00015754487,1.5016611e-05,0.0026434103,-0.000104841594,-7.749615e-05,4.0174724e-05,-0.00018315214,-8.5240354e-05,3.998718e-05,-7.271537e-05,-4.931332e-06,-2.6206162e-05,-4.5642453e-05,-9.0090296e-05,-3.6738382e-07,1.6662523e-07,-1.2506538e-05,-3.0167124e-05,-5.7182137e-05,-6.0298466e-05,4.590557e-05,5.9197528e-06
31,0.00017512291,0.00044895773,-0.0003496677,-0.00021559428,0.00031808077,-0.0005355963,-3.9189385e-05,0.00054048037,0.00019397642,-0.00032432942,0.00058055494,-0.00046324314,2.5458521e-05,-2.6328122e-05,-3.8534257e-05,-0.00012584595,0.00024435457,-0.00029884643,-9.117988e-05,3.9239807e-05,0.00013665398,2.9901606e-05,9.38669e-05,-0.00017225611,-0.00019059604,-0.00010676836,0.00033120543,3.7009137e-05,0.00015453849,7.42273e-05,-0.000104841594,0.0022901213,9.2267765e-06,-4.505464e-05,-6.371841e-06,-9.942254e-05,0.00014532646,2.5813086e-05,-0.00013040606,-0.00012155148,-0.0001007877,2.0460895e-05,-0.00018272028,2.1115928e-05,-3.313232e-05,3.3425673e-05,0.000109481734,0.00022668988,-1.8021685e-05,-0.00012105274
32,0.00032142847,-0.0001302899,1.2779092e-05,-0.00015064143,0.00026952912,-0.00020063795,0.00045210298,0.00028406168,0.00042273052,-0.0006749062,-0.00018093135,0.00036204542,-0.0001729793,-2.6035157e-05,-3.8249127e-05,7.623846e-05,0.00032626948,9.6344294e-05,4.373548e-06,4.4685134e-05,0.00027047412,5.6058867e-05,-0.00014216479,1.1746562e-05,-4.611925e-05,-5.8880916e-05,0.00012531085,-5.859062e-06,-0.0001485355,-5.443696e-05,-7.749615e-05,9.2267765e-06,0.0025365069,5.5719353e-05,-1.9249565e-05,7.574641e-05,2.2159425e-05,-0.00011181134,3.8399107e-06,0.00011550762,-4.975807e-05,-1.983598e-05,6.890169e-06,3.34953e-05,1.2597547e-05,5.6089207e-06,1.7580262e-05,-3.8990573e-05,-4.2458514e-06,0.00013316132
33,-0.00021503383,-0.0003688627,0.000112706446,0.00021681038,-8.63247e-06,0.00053235784,-8.2385755e-05,-0.0002991163,-0.00014891953,-0.00010622862,-0.0002960185,-0.00021192334,-2.9196126e-05,-0.0002831095,4.545458e-05,-0.00038349914,4.755811e-05,3.6227168e-05,-2.013502e-05,0.00018045271,9.715019e-05,-0.00016633156,-1.8537005e-05,-3.5006608e-05,7.071594e-05,0.00012395898,0.00017300689,-1.8981857e-05,-0.00010100576,0.00013320395,4.0174724e-05,-4.505464e-05,5.5719353e-05,0.002214095,0.00011245377,-6.699843e-05,0.00017514103,0.0002947167,-5.352423e-05,-4.3911496e-05,7.474235e-05,4.529652e-05,-0.00016292554,-3.3447866e-06,1.6729817e-05,-6.126973e-05,4.931945e-05,3.8803126e-05,-8.7172026e-05,-8.502875e-05
34,-0.00040483213,0.00012590329,0.00075233704,-0.00019469224,-0.00029471383,5.843063e-05,0.00016056144,-0.00016271995,6.1281564e-05,-0.0005934207,0.00035088346,7.20891e-05,0.00032431737,0.00010097651,0.00028288228,2.7433092e-05,0.00011024765,0.00029434153,-0.00019444074,-0.00027286552,1.799443e-06,0.0002492788,6.315578e-05,-0.00018347349,-8.290573e-05,0.00023389506,5.1286646e-05,-9.1753536e-05,-7.868875e-05,-4.8562346e-05,-0.00018315214,-6.371841e-06,-1.9249565e-05,0.00011245377,0.0020239428,-0.00012826227,-8.535121e-05,-0.0001033086,7.443811e-05,-3.1907475e-05,-8.7760895e-07,-8.431079e-05,1.5161029e-05,-2.1257303e-05,0.00011657691,6.428505e-05,-0.00012414511,-9.288498e-06,6.840351e-05,-5.8597856e-05
35,0.0002712625,-0.00045150326,-7.4235126e-05,-5.5525696e-05,0.00030946534,-0.00030499345,3.4186356e-05,-0.0001490511,-0.00014042767,0.0004963924,1.1918239e-05,-6.625671e-05,0.0003090553,0.00015518125,5.529655e-05,2.8557166e-05,0.000101433296,-0.00017023139,-0.00015930025,-0.0003073499,1.307781e-06,-0.00011067407,0.000103747734,7.23936e-05,0.00012214272,1.9362546e-05,0.00015409237,4.1570405e-05,-4.421804e-05,0.00010841403,-8.5240354e-05,-9.942254e-05,7.574641e-05,-6.699843e-05,-0.00012826227,0.0020103615,-2.814677e-05,4.2944506e-05,2.4432255e-05,-4.9476344e-06,6.77586e-06,-0.00010384638,-0.00018749828,-3.637807e-05,4.0086015e-05,-5.380908e-05,-9.6738324e-05,3.1968724e-05,9.991338e-06,-9.088417e-06
36,0.00026181003,0.00013182094,-0.00045165792,-0.0003485835,-0.0002709686,-8.831234e-05,7.754715e-05,0.00037398178,0.0002296817,0.00013133771,0.0002225565,-0.00016525487,-2.4146515e-05,0.00017569061,-0.00011377956,0.00019942339,4.4700564e-06,-7.168301e-05,0.00014612204,-0.0001312112,4.7622205e-05,-6.703385e-05,-3.2788048e-05,-2.4437315e-05,4.657331e-06,1.782925e-05,-0.00024728704,-5.3607608e-05,0.00015279994,3.3340104e-05,3.998718e-05,0.00014532646,2.2159425e-05,0.00017514103,-8.535121e-05,-2.814677e-05,0.0019463351,-0.00023164944,2.261474e-05,-0.00012277652,-2.060752e-05,-7.759627e-05,6.6611625e-05,-5.5914286e-05,7.3502786e-05,1.651149e-05,-6.41654e-05,-0.0001539329,4.827571e-05,2.3467936e-05
37,-0.0010347685,-2.4040279e-05,-0.00031819983,0.00015349413,0.0004979146,-0.000111465604,-0.00022600943,0.00038677853,-0.00016447142,-0.00029482145,0.0003303106,0.00012332306,4.073642e-06,0.0005814492,-5.4194345e-05,0.00016088538,-0.0001318955,-0.0001617012,0.00018621326,-0.00018837395,8.203524e-06,0.00022626328,-0.00026995796,0.00011923759,3.2471256e-05,-0.000107544605,4.320218e-05,-0.00021232376,-6.10208e-06,-0.00013040163,-7.271537e-05,2.5813086e-05,-0.00011181134,0.0002947167,-0.0001033086,4.2944506e-05,-0.00023164944,0.0015779795,-8.2656756e-05,-5.1582276e-05,-0.00014688552,-4.1640116e-05,2.7665887e-05,-5.7722908e-05,-1.9202558e-05,4.25099e-05,-6.311883e-05,-0.00014927454,6.198509e-05,3.6200843e-05
38,-5.3594763e-06,-3.646208e-05,-0.00025074682,0.00020001488,-4.2623353e-05,7.759906e-05,-6.406817e-05,0.00050633866,-0.00033499958,-0.00028368895,0.00052949664,-0.00014958974,-0.000134687,4.6678855e-05,6.0112092e-05,-0.00023969714,-4.512891e-05,-0.00029625726,0.00020427829,0.00014533696,0.000104836414,-0.00018637555,-0.00015034413,9.837662e-05,-5.4421165e-05,-6.191062e-05,7.586923e-05,-0.00013897638,4.5263732e-05,7.092174e-05,-4.931332e-06,-0.00013040606,3.8399107e-06,-5.352423e-05,7.443811e-05,2.4432255e-05,2.261474e-05,-8.2656756e-05,0.0016202523,-0.000109935405,0.0001512993,-6.7389876e-05,-0.00020868165,-5.301624e-05,-0.0001182346,-6.23957e-05,3.3078653e-05,-6.455129e-05,5.8250982e-05,4.21285e-05
39,-0.0007254847,0.00016720101,-0.00067283085,3.4079217e-06,-5.543093e-05,0.00022137095,-5.012299e-05,0.00042266535,0.00036037553,-0.00015182592,0.00034808592,-0.00026226445,-2.3205648e-05,-0.00015205143,4.7115478e-05,-0.0003464435,-9.498818e-05,-7.372054e-05,9.0940426e-05,-9.461173e-06,0.000105511615,1.1773785e-05,5.612654e-05,-0.00020733649,-0.00012395433,5.6811943e-05,2.4230701e-05,-6.823309e-05,0.00012977688,0.00012433101,-2.6206162e-05,-0.00012155148,0.00011550762,-4.3911496e-05,-3.1907475e-05,-4.9476344e-06,-0.00012277652,-5.1582276e-05,-0.000109935405,0.0016941393,-3.5186004e-05,-1.1111815e-05,-7.995202e-05,-8.217353e-05,-7.368946e-06,-1.4034325e-05,1.4704025e-05,-1.7391298e-05,2.268496e-05,-0.00013583404
40,0.0005962001,-0.00021274974,1.3439791e-05,-0.00022595288,-0.00025677567,-0.00019837772,-0.00011728212,-0.00021715407,0.00030991703,0.0001675463,-0.00017808905,8.13045e-06,0.00014980667,4.5513738e-05,-0.0002501098,0.00011085381,-0.00013092875,6.944273e-05,2.3402974e-05,-0.00018013713,-4.5499313e-05,0.00022173396,-9.250321e-06,5.8581707e-05,-2.37493e-05,-8.550751e-05,9.306546e-05,-1.6078826e-05,-1.06881325e-05,-3.0435644e-05,-4.5642453e-05,-0.0001007877,-4.975807e-05,7.474235e-05,-8.7760895e-07,6.77586e-06,-2.060752e-05,-0.00014688552,0.0001512993,-3.5186004e-05,0.0015429554,4.431113e-05,5.413744e-05,3.2296273e-05,1.3623401e-05,-1.804361e-05,2.0285323e-05,4.35779e-05,-8.844347e-07,-7.26027e-05
41,0.000628997,9.1930146e-05,8.2695595e-05,-0.00012552521,7.554074e-05,2.3408436e-05,7.839994e-05,-7.0373746e-05,-7.904209e-05,4.124164e-05,0.00014992556,-9.506346e-05,0.00025118035,-6.506795e-05,0.00024210592,0.0003008523,0.00020999141,-4.7326605e-05,-6.630363e-05,-0.00012609934,9.4846575e-05,-0.00010057048,1.6772221e-05,-3.7091842e-05,0.00018869893,-2.1341624e-05,6.839844e-05,0.00010656477,-8.0486505e-05,2.7022223e-05,-9.0090296e-05,2.0460895e-05,-1.983598e-05,4.529652e-05,-8.431079e-05,-0.00010384638,-7.759627e-05,-4.1640116e-05,-6.7389876e-05,-1.1111815e-05,4.431113e-05,0.0015554951,-5.44846e-05,-8.561587e-05,1.9028937e-05,-1.1691189e-05,-4.6721194e-05,-9.87655e-06,4.5378176e-05,9.672167e-05
42,-0.0011362457,0.00039099134,-0.00040980952,0.00035961665,9.682453e-05,0.00014818164,-6.555724e-05,0.00022359524,-0.00023505848,0.00021675625,0.0001294151,0.00027827232,-6.9990594e-05,-0.00012702742,0.0001106187,-0.00022601197,4.0645496e-06,-0.00020354253,-2.052282e-05,-0.00010219712,6.122768e-05,-0.00020857717,1.5202038e-05,6.3816755e-05,4.4377903e-05,-1.9317698e-05,0.00026315218,4.6864447e-05,-3.9179737e-05,0.00014052694,-3.6738382e-07,-0.00018272028,6.890169e-06,-0.00016292554,1.5161029e-05,-0.00018749828,6.6611625e-05,2.7665887e-05,-0.00020868165,-7.995202e-05,5.413744e-05,-5.44846e-05,0.0014696762,-8.414461e-05,-9.778626e-06,-1.0451808e-05,3.799676e-05,2.8321449e-05,6.0075063e-06,-1.2192506e-05
43,-0.0008262941,-0.00013488179,-0.00021420787,-5.3174434e-05,0.00043564814,4.102585e-05,0.00017180102,0.00046257486,0.00029898537,0.00018775226,2.5502115e-06,2.3307352e-05,4.73682e-05,-4.831422e-05,0.00015627718,0.00013465021,0.00011016734,-5.118003e-05,-5.0077524e-06,-7.974392e-05,0.0001407816,-0.00014100583,1.8241311e-05,-0.00019160166,9.88284e-05,-2.970816e-05,-1.109621e-05,9.678418e-05,8.118774e-06,5.2431995e-05,1.6662523e-07,2.1115928e-05,3.34953e-05,-3.3447866e-06,-2.1257303e-05,-3.637807e-05,-5.5914286e-05,-5.7722908e-05,-5.301624e-05,-8.217353e-05,3.2296273e-05,-8.561587e-05,-8.414461e-05,0.0015260581,3.2863965e-05,-3.3634045e-05,-3.0625324e-05,-2.3053444e-05,-2.629778e-06,4.686423e-05
44,-0.0008729996,0.0001774407,2.889122e-05,0.00011042805,-0.0002006321,-6.937084e-05,-3.5098183e-05,1.2055727e-05,-0.0002907661,4.739273e-05,5.429529e-05,-2.2021304e-05,-9.4916206e-05,7.502343e-05,-1.6956867e-05,-0.00014421309,-0.00024904363,-0.0002619911,0.00011525035,7.3959905e-05,-0.000119012955,6.9726884e-05,-8.9426525e-05,6.358269e-05,6.0880346e-05,-0.00015023391,5.511813e-05,-1.8680224e-05,-4.156821e-06,-3.3325574e-05,-1.2506538e-05,-3.313232e-05,1.2597547e-05,1.6729817e-05,0.00011657691,4.0086015e-05,7.3502786e-05,-1.9202558e-05,-0.0001182346,-7.368946e-06,1.3623401e-05,1.9028937e-05,-9.778626e-06,3.2863965e-05,0.0014408667,-7.5943324e-05,5.26685e-05,-4.9024457e-05,2.145911e-05,1.6580491e-06
45,-0.00015377272,5.4536293e-05,0.00013841718,0.000117813135,-1.6371025e-05,-0.00014390911,-1.6413154e-06,-3.248508e-05,1.106112e-06,0.00014170115,-0.00017244561,-0.00028052312,3.4861012e-05,-8.410726e-06,1.0078584e-05,3.5806417e-05,0.000105726926,-4.840506e-05,3.4235396e-05,-1.9879737e-05,0.00015544164,-3.786884e-05,-1.0107034e-05,-3.9023806e-05,8.287835e-05,-0.00013275123,1.4817896e-05,-4.5278764e-05,-4.4633118e-05,-6.7726854e-05,-3.0167124e-05,3.3425673e-05,5.6089207e-06,-6.126973e-05,6.428505e-05,-5.380908e-05,1.651149e-05,4.25099e-05,-6.23957e-05,-1.4034325e-05,-1.804361e-05,-1.1691189e-05,-1.0451808e-05,-3.3634045e-05,-7.5943324e-05,0.0013682977,-3.3878117e-05,-5.6855915e-05,-4.761403e-06,2.185996e-05
46,4.0749976e-05,2.4106681e-05,-0.00024914608,-0.00013399724,-5.4875054e-05,0.0003106654,0.0001415697,4.1397936e-05,0.00018393913,-6.5679145e-05,-0.00012658762,5.4313576e-05,0.00013184606,0.00024814333,3.681653e-05,-7.5533753e-06,7.975149e-05,9.173957e-05,-6.412386e-05,-0.00016725372,0.000100801335,-4.861657e-05,-1.0997917e-05,3.4035074e-05,3.963271e-05,8.621483e-05,-2.4683945e-05,-5.3189404e-05,-7.929008e-06,-1.9593996e-05,-5.7182137e-05,0.000109481734,1.7580262e-05,4.931945e-05,-0.00012414511,-9.6738324e-05,-6.41654e-05,-6.311883e-05,3.3078653e-05,1.4704025e-05,2.0285323e-05,-4.6721194e-05,3.799676e-05,-3.0625324e-05,5.26685e-05,-3.3878117e-05,0.0013239899,-5.154407e-05,3.530412e-05,3.7066093e-05
47,-0.0007100492,-5.588068e-05,0.00011335625,-6.9332586e-05,9.95715e-05,8.3854364e-05,8.525324e-05,3.3041513e-05,-8.136527e-06,-0.00022269701,-0.00011159963,0.00028555584,-0.0002506689,2.9003886e-06,-3.4963836e-05,-0.00016902006,-0.00012644156,-6.074898e-05,0.00016280476,-3.435411e-05,-1.6434041e-06,5.870778e-05,-0.00014307146,4.29945e-05,3.2201486e-05,2.3140776e-06,-4.9448925e-05,-7.035723e-05,-7.9972255e-05,-4.3405824e-05,-6.0298466e-05,0.00022668988,-3.8990573e-05,3.8803126e-05,-9.288498e-06,3.1968724e-05,-0.0001539329,-0.00014927454,-6.455129e-05,-1.7391298e-05,4.35779e-05,-9.87655e-06,2.8321449e-05,-2.3053444e-05,-4.9024457e-05,-5.6855915e-05,-5.154407e-05,0.0011559005,5.6117e-05,2.9751136e-05
48,0.00047796319,-3.8095037e-05,0.00041119516,8.772433e-06,-3.3452037e-05,-8.3331244e-05,6.8429275e-05,-1.688827e-06,4.721574e-05,3.6356687e-05,-0.00015290684,-0.00022713692,2.0669086e-05,4.161091e-05,-0.0001315884,7.425717e-05,-3.7082536e-06,-7.101161e-05,5.0044528e-06,0.00011603616,4.4728546e-05,4.9114915e-06,-3.0281979e-05,-6.199366e-05,-6.1006605e-05,-2.1816406e-05,-1.7499274e-06,9.1624715e-06,0.00011815412,6.7061825e-05,4.590557e-05,-1.8021685e-05,-4.2458514e-06,-8.7172026e-05,6.840351e-05,9.991338e-06,4.827571e-05,6.198509e-05,5.8250982e-05,2.268496e-05,-8.844347e-07,4.5378176e-05,6.0075063e-06,-2.629778e-06,2.145911e-05,-4.761403e-06,3.530412e-05,5.6117e-05,0.0011945383,4.910472e-06
49,0.00021995709,9.464873e-05,-1.6420534e-05,-0.000113500275,-0.00010815138,-0.000120409604,-0.0001769494,-7.695744e-05,-0.00013867031,0.00012065003,0.00026666236,-0.00021131994,5.6625454e-06,-8.921891e-05,-3.4740675e-05,-7.5253476e-05,-0.00026931003,2.626062e-05,-3.120029e-05,2.3227996e-05,-0.00022074282,9.76257e-05,0.00010996775,-6.440497e-05,-0.00017093772,5.1762905e-05,1.2354035e-05,-5.8090518e-05,4.7453104e-05,5.2563664e-05,5.9197528e-06,-0.00012105274,0.00013316132,-8.502875e-05,-5.8597856e-05,-9.088417e-06,2.3467936e-05,3.6200843e-05,4.21285e-05,-0.00013583404,-7.26027e-05,9.672167e-05,-1.2192506e-05,4.686423e-05,1.6580491e-06,2.185996e-05,3.7066093e-05,2.9751136e-05,4.910472e-06,0.0010474002
