,0,1,2,3,4,5,6,7,8,9,10,11,12,13,14,15,16,17,18,19,20,21,22,23,24,25,26,27,28,29,30,31,32,33,34,35,36,37,38,39,40,41,42,43,44,45,46,47,48,49,50,51,52,53,54,55,56,57,58,59,60,61,62,63,64,65,66,67,68,69,70,71,72,73,74,75,76,77,78,79,80,81,82,83,84,85,86,87,88,89,90,91,92,93,94,95,96,97,98
0,230.5984,26.997505,59.604668,3.4747477,-11.084102,24.71539,-18.975704,-3.295479,1.9458306,37.774117,5.9571586,-12.02066,-14.192045,11.615574,-8.106327,7.471321,-1.0206287,23.259464,5.142519,-5.3507495,-1.7849754,-1.2224648,-3.901055,10.596833,-3.973359,-12.725346,-4.3463526,-2.9795647,2.7298262,1.617533,4.2829733,-2.6219149,-7.449623,-2.734919,7.9633026,2.156497,2.9772015,8.947794,-0.4059408,-0.22696179,8.0213785,4.3141823,4.2998314,0.85073316,-2.7325149,-1.1408252,1.7992811,-0.8662373,2.0111532,-5.5632563,2.7646837,-0.9646698,0.69676757,0.022701908,2.4958732,1.014638,-1.7525867,1.4010274,-0.48445898,0.380032,0.30939516,-0.9548731,1.4461989,0.8373933,-2.1286156,-1.2164369,3.5240302,0.12222929,-0.008347621,-1.458257,0.45264477,0.22537217,0.7734985,-0.09449321,0.87395215,-0.79262376,3.0022092,-0.9361473,0.5652273,-2.8910851,0.22486639,2.177188,-0.22215807,1.6816678,-0.7632159,-0.5632351,-1.518561,-0.15975496,1.0361419,-0.83535707,0.56986123,1.310886,-0.20370784,-1.0279007,-0.49614453,-0.90067697,0.3178521,0.64954543,0.8661989
1,26.997505,51.966236,50.42507,2.0464582,-10.136839,15.8862,-19.465721,-12.472837,-10.410423,2.7523475,0.7218405,-5.2730904,-1.9665077,-6.66068,-0.9695993,-3.890314,4.4813604,3.9139166,-4.2880125,-4.1698923,-0.06380431,2.3527744,2.4105554,-2.1241565,2.3787622,-1.7152562,0.42079234,1.6908854,0.40030286,-0.99755675,1.4716624,3.59778,1.751123,-3.5220346,0.65303254,-0.65838164,-1.5725906,-2.9641938,1.084717,-1.1421309,0.2700367,-2.001895,-0.69233215,1.054571,0.44760877,0.08612784,-1.2029526,0.22158544,1.6568943,2.2844188,-1.1215861,0.65826833,-0.15209812,-0.623214,0.0032463237,1.8271186,0.35303524,-0.061246425,0.20998007,-0.29778504,1.188154,-0.32022464,-0.09300278,-0.06875168,0.7747828,0.10007985,-0.08432852,0.7833195,1.2443707,-0.14517522,-1.0885338,0.26779097,-0.025428005,-0.23759198,-0.28994274,0.5094855,0.59729993,-0.2229925,-0.48578745,0.37518674,-0.51014924,0.8231678,-0.07113818,-0.40497333,0.1590181,0.20931676,1.3469284,0.524947,0.47400147,0.07194386,0.7456968,0.044091213,0.46853614,0.49982378,-0.36472106,0.07689428,0.27237517,-0.08913766,-0.028358059
2,59.604668,50.42507,124.13498,19.421799,8.76277,19.928951,-35.307896,11.616051,-2.2296638,2.601891,-6.009159,-9.378723,-9.168466,3.252678,7.1259747,-2.3352103,-2.644928,3.6702397,5.1127844,-2.3936753,1.8452219,4.154577,-0.29543018,-0.17878991,2.561921,2.6929438,-0.6344936,2.88409,1.3873277,1.2240083,0.10436313,-0.9720447,0.5698062,-0.39428335,2.6837106,-0.82181954,-2.3299031,-0.07706441,-0.9159286,-0.36354494,-3.6275165,-2.1810179,-1.5521828,-0.5941493,0.09795104,0.72617155,0.69418454,-0.16847171,-0.44316548,0.8285625,-1.7846645,-0.6316636,-0.31493527,-0.7388617,-0.43646818,-0.88443494,0.7127627,-0.6393151,-0.18804538,0.36578685,-0.507743,0.06327146,0.0782938,0.37818846,0.03780403,1.4498079,-0.68693435,-0.8467747,-0.26905918,0.64457303,-0.22909561,0.5734084,0.35851938,-0.06284605,0.6093141,-0.6544132,-0.3029905,-0.10890413,-0.5239707,0.61511683,0.0074118343,-0.7057767,0.07589537,-0.17200425,-0.36115158,0.16398948,0.081955284,-0.13074797,0.40303472,-0.35410875,-0.63838077,-0.16680671,0.3938499,-0.016778942,-0.1905518,0.13630119,-0.088859856,-0.21280926,0.23469678
3,3.4747477,2.0464582,19.421799,22.264185,4.773519,3.509159,3.821751,9.460993,7.794059,-3.1127086,-3.2138786,-1.1049564,-1.8208885,-0.7526663,2.4669137,1.2792668,-6.4906006,3.1785283,-3.217598,0.8771037,-0.005217528,3.0957856,-1.8035307,1.0620244,4.354417,6.485842,-0.95369756,0.021775689,-1.7446554,-2.4467795,1.3517869,0.19707471,-1.3274388,-1.736247,0.5460286,0.49684423,1.1561432,1.1741458,1.3201092,0.09916349,-0.4990773,-0.3214956,-0.35144255,-0.6294645,-1.1064272,0.62180203,0.29507542,1.8385789,-0.9776305,-0.20723659,0.4273525,0.039467245,-1.2996557,-0.21256459,0.6293797,2.2703059,1.263473,0.15591106,0.35673627,-0.63667643,-0.5828198,-0.86919534,0.4577491,0.4111973,-0.052355334,1.3568906,-0.24508858,-1.2663385,0.30490628,0.09447469,0.026488218,0.87597615,0.75729764,0.8342236,0.51027703,0.33999953,-0.590312,-0.13539898,-0.398912,-0.49314865,-0.16783734,-0.42248267,-0.20635605,-0.7776227,0.16594607,-0.43900424,0.16333686,0.05071754,-0.15640232,-0.22896585,-0.40622154,0.4277067,-0.2011958,-0.21586093,-0.075917125,0.092079565,0.1116044,0.1148369,0.18349785
4,-11.084102,-10.136839,8.76277,4.773519,26.10992,-24.45916,-2.4699972,17.960949,0.3572123,5.6337357,-5.6364193,-5.5014935,1.1771064,5.9810114,-0.20999105,0.6473146,-2.085608,0.9062456,2.9687972,1.5768652,-0.26215053,2.2610004,-0.0112398015,-1.6295757,-0.48354712,4.277938,1.7247486,1.6335434,0.4073525,1.0173607,2.4477322,1.7200432,-0.1638155,-0.27936688,-1.0275021,-2.0912447,0.1434599,-0.34969658,0.30853444,1.6219916,-0.6579304,0.41155112,0.89192474,-0.067167684,-0.06218802,-0.6031274,-0.14615437,0.21910211,-0.27530342,0.08578925,-0.586939,0.71261686,0.017797772,0.38295954,-0.5143299,-1.6594508,0.28430197,0.17942874,0.51272917,0.030736528,-0.24561152,0.2221334,-0.44629395,0.44397804,-0.23354818,-0.30184874,0.044568487,-0.22302878,0.121177286,-0.0480052,0.5348011,-0.35415715,0.33281502,0.26410487,0.245417,-0.15595594,-0.5625211,0.5137811,-0.39720416,0.79386497,-0.095972106,-0.5310843,-0.07150909,0.012860142,0.08527313,0.49806172,-0.13638377,-0.21307588,-0.021156013,0.3012668,0.03664925,0.31257343,0.095352545,-0.17946786,0.060956866,0.05745807,-0.45702845,0.16016588,-0.029948149
5,24.71539,15.8862,19.928951,3.509159,-24.45916,40.725258,0.07078169,-12.109846,-1.9864202,-10.400659,4.297621,6.5455627,-7.180607,-5.9771066,3.1623538,-2.8142855,-5.117978,0.020213138,-1.0005249,-4.1669984,-1.1274498,-1.5490394,0.33688664,4.8311815,-0.40534443,-1.0674076,-2.3900957,-1.2677519,-0.2254023,-0.5418211,-2.471368,-3.0986066,-0.7141118,-0.3851347,1.1374846,1.5465958,-0.53100824,0.35530257,-0.8468618,-0.33440405,-0.497006,0.82001376,0.8185638,0.1626007,0.7190931,-0.3003599,0.31884992,-0.99447614,-0.17883156,-0.59475595,1.6246651,-0.1590502,0.7859831,0.8503103,0.13942075,0.9391656,-0.47362515,-0.07338987,-0.10635711,-1.129621,0.4161533,-0.18186417,0.4877276,0.39930657,0.25516886,0.76056314,-0.5046493,-0.556449,-0.1558617,0.42801225,0.4500075,1.0841137,0.038805638,-0.6246875,-0.3346461,-0.47559285,0.08913992,-0.50136775,0.55227464,-0.18051822,0.15033689,-0.09572931,-0.30288246,-0.24658716,0.022630002,-0.1107845,-0.11522597,-0.054655656,-0.350363,-0.13120246,-0.65086305,-0.30513412,-0.08907941,0.031004304,0.08611215,0.2436778,0.14045897,0.08718812,-0.020918148
6,-18.975704,-19.465721,-35.307896,3.821751,-2.4699972,0.07078169,19.940327,6.5077014,5.75929,-6.0121717,0.69479287,3.7852426,-0.34936607,-2.4699342,-1.1181582,2.2479668,-4.620283,-0.43642157,-5.0388746,-0.16764516,-1.93505,-0.49816477,-0.78101707,3.4595337,0.08975418,1.7856199,0.08434583,-1.40776,-1.6061746,-1.0798668,0.47457427,0.02634906,-0.87962776,-1.1723673,1.0153621,0.7082646,0.28792912,0.3859685,0.49698794,0.56657296,0.62425375,1.4660723,0.54612017,-0.06025526,0.7838944,-0.08254029,0.11095084,0.32550097,-0.27121457,-0.46488935,0.6405586,-0.0026362129,0.27330515,0.8921806,0.30514777,0.24570602,0.29007617,0.8411406,0.4592648,-1.1336684,0.08061047,-0.58705753,-0.072622254,-0.30515116,0.107913196,-0.080031395,0.102263644,-0.18309918,0.23619005,-0.16497165,-0.6308768,0.58975005,-0.023025017,-0.06572616,-0.070618875,-0.21190302,0.17771895,-0.6961323,-0.031156074,-0.5318861,0.39054108,0.30396625,0.04012287,-0.35677442,0.11161493,-0.15989229,-0.20529944,-0.37994868,-0.16263042,0.09158467,-0.07290608,0.11594437,-0.10985699,0.11355053,-0.052828457,-0.03272382,-0.09409964,0.058082968,-0.12230304
7,-3.295479,-12.472837,11.616051,9.460993,17.960949,-12.109846,6.5077014,51.96403,16.727343,0.39118266,-5.5757675,-4.164895,-2.1399345,-5.195164,-2.0188155,1.7419875,3.3678918,2.27699,-0.045439333,-6.47207,-1.4015079,-2.0965972,2.2403007,3.396607,1.5405288,0.9987894,0.4620409,1.0989115,0.93123615,-1.2957516,-2.081009,-1.3134856,0.9486872,-0.37730065,0.38084316,1.2039412,-0.75286925,0.33014756,-0.59145737,-0.95328593,-1.1680958,1.3708584,0.44793814,-0.21466246,0.4383337,0.3746809,0.54267883,-1.3596888,0.28045404,-0.77374077,0.1217757,-0.16310477,1.2469852,0.04162339,-0.77505857,-0.64596444,0.18759839,0.13109206,-0.33838052,-0.5227064,0.29670706,-0.28990453,-0.16834173,0.0370224,0.28315163,-0.21705678,-0.006290315,0.058287293,-0.10071443,-0.09682523,-0.37300426,0.7847581,-0.124211416,-0.77855355,-0.13203384,-0.8515818,-0.28876713,-0.3954675,-0.033829086,0.34831995,0.3670926,-0.19127408,-0.26436847,-0.21450675,-0.47161156,0.1825057,-0.07518664,-0.35869893,-0.026586758,-0.20917109,-0.38469583,-0.3429073,0.3063419,0.04390336,-0.049921237,-0.04734269,0.03149174,0.43028557,-0.16009875
8,1.9458306,-10.410423,-2.2296638,7.794059,0.3572123,-1.9864202,5.75929,16.727343,33.917767,-5.874262,1.3679957,1.1389004,-1.6307263,1.3588302,5.237563,2.772107,1.2127848,1.6690054,0.20704065,2.7849886,-1.5605669,4.083591,-1.2589719,0.97366434,-0.6228144,-4.1465235,-2.2787218,-0.49642837,2.3482518,-1.3162792,0.71276486,-2.7636168,0.040392168,-1.0015906,-0.15371168,0.3126512,-1.0001915,0.46193224,-0.63112664,-2.4813962,1.0514984,-1.75453,-0.31494743,-1.4877853,-0.0038091878,0.9041113,-1.5849226,0.16816708,-0.28546923,-0.37244797,0.3139397,-0.22663148,-1.000674,0.0116691375,0.5862659,1.951222,-0.40679508,-1.4231392,0.35305625,0.9266026,1.1278112,1.0958269,0.68414587,0.43958557,1.1038457,0.7980174,-1.3062222,-0.2582562,0.4452427,0.51252407,-0.095361546,0.37929443,-0.28491774,0.4654789,0.056870308,0.7930031,0.37976152,-0.08808451,0.59184957,-0.7531091,-0.5988138,0.43160248,-0.15702385,0.53405094,-0.00048157654,-0.006637482,-0.35664845,0.32380813,0.33513176,-0.11462825,-0.31025827,0.20040104,0.18401918,-0.48349622,-0.32077703,0.02482753,0.28949767,-0.4853682,0.22875834
9,37.774117,2.7523475,2.601891,-3.1127086,5.6337357,-10.400659,-6.0121717,0.39118266,-5.874262,18.98277,5.090784,-7.120756,1.3613424,3.0078735,-6.5455685,2.0515122,3.0021257,4.742962,0.17674239,-0.51512957,0.07160835,-2.7849374,0.41509533,0.5206744,0.6130029,-1.3591753,0.4609658,-1.0149256,0.5382576,1.2672706,1.0360844,0.71698034,-0.49220347,0.1416494,0.39844313,0.2677654,1.5917788,1.9239843,0.93637747,-0.0944792,1.4534729,0.9726678,-0.12481436,1.6794305,-1.7866595,0.069595486,1.2038002,0.5414379,-0.4466704,-1.2028043,0.13905472,0.45636326,-0.025641508,-0.027724072,-0.32402924,0.056850042,-0.25227672,0.34265104,0.35625076,1.0665319,-0.0052293427,0.5872669,0.47138312,-0.3236586,0.09469612,-0.44971496,0.060161818,0.11221926,-0.15477914,-0.3114025,0.3901595,-0.36036372,0.33920008,0.32447922,0.28799844,0.450549,0.38260168,-0.08688545,-0.3408438,-0.36803153,-0.05792195,0.011080926,-0.47847697,0.09338617,0.30772954,0.07285614,0.10357092,0.43143952,0.17600617,-0.12469007,0.3316962,0.38143265,0.20326068,-0.30541325,0.10578288,-0.0526609,-0.05254518,-0.0639264,-0.038749196
10,5.9571586,0.7218405,-6.009159,-3.2138786,-5.6364193,4.297621,0.69479287,-5.5757675,1.3679957,5.090784,14.602443,-4.6929874,-0.13532385,2.7728012,-2.9616108,1.5481217,-0.69852424,-0.8782321,-0.38701704,0.40350798,-1.8578632,-3.0282855,-0.5350188,2.2668772,1.1415946,-0.6810671,2.568739,-2.1284945,1.9458706,1.1047217,-0.46513128,-0.54681563,-0.16877437,-0.3146026,0.0032730522,0.87097216,0.24702853,-2.1723866,-0.40277445,-0.08699991,0.8772661,-0.9985267,-1.4664323,0.030168843,-0.44657195,1.065952,-0.31114656,-0.21994956,-1.0733421,-1.7074554,1.2170991,0.4075355,-0.11718739,0.79807127,-1.0179017,0.846944,-0.48528656,-0.76319486,0.13872738,0.051270235,0.47348055,1.2178543,0.56450856,0.074657686,0.8408563,0.57115364,-1.2215462,0.27717084,0.08807589,-0.1751305,0.4791171,-0.009253925,0.056098796,0.10113028,-0.19480783,0.35547167,-0.18487021,-0.43552285,0.36983,0.06526801,0.22570156,0.07049357,-0.3679153,-0.374748,0.060691148,0.4995197,-0.06089001,0.5008359,-0.09089929,-0.102722004,-0.036529005,-0.25972253,0.13918811,0.048106875,0.537987,0.43884718,-0.0017538061,-0.2527789,-0.39847988
11,-12.02066,-5.2730904,-9.378723,-1.1049564,-5.5014935,6.5455627,3.7852426,-4.164895,1.1389004,-7.120756,-4.6929874,14.654667,2.5164104,-4.1130323,2.9160852,0.8326763,-0.80091953,1.9166366,1.0895269,0.7331023,1.6900065,1.5251263,0.257043,-2.4905016,-2.485509,-1.2407727,-0.8157865,0.5132127,-0.11689037,-0.5467981,-1.1914082,-0.42935082,-1.2637069,-1.3561144,0.8231354,0.4572124,-1.9883692,0.18364628,1.0657761,-0.3354606,-1.0072302,0.7725688,-0.24978374,0.17232826,0.4093986,-1.3511828,1.7931197,-0.9561806,0.25853473,-0.54010606,-0.5165131,-0.32925022,0.38231137,0.606375,0.78761625,-0.04593548,-0.4068544,-0.9076688,-0.38588783,0.36680323,-0.519341,-0.010185013,0.068547174,0.3693487,-0.3126217,-0.14061438,0.53812045,-0.5812495,-0.12149753,-0.16290528,0.69522476,0.13095658,0.116404146,-0.01798375,-0.29719105,-0.08885549,-0.23949383,0.6429863,-0.41279984,-0.34236324,-0.19049445,-0.6002989,-0.5774123,0.18540367,0.07727453,-0.0655478,-0.064983785,-0.21143915,-0.22252782,0.016790688,-0.22660032,-0.07353933,0.6665691,-0.30726463,-0.27080148,0.34208456,-0.1953803,0.22970986,-0.07649933
12,-14.192045,-1.9665077,-9.168466,-1.8208885,1.1771064,-7.180607,-0.34936607,-2.1399345,-1.6307263,1.3613424,-0.13532385,2.5164104,9.881915,-2.0234501,-0.6571957,0.46734655,3.4169502,2.2137809,0.7967,1.1059802,2.5701132,-0.27372086,-0.5978873,-2.9760275,0.25019297,1.4426546,1.0494555,-0.80360484,-0.16902071,0.3148725,0.07949066,0.7980443,0.6298654,-1.3608449,-0.20171824,1.1237028,0.33014527,0.19600922,-1.086334,-0.05182948,-0.9513017,-1.6057796,-1.5039309,0.24248484,-1.056294,-0.6595745,0.9306456,0.061802343,0.20783079,0.17019975,-1.0403291,-0.507307,-0.21601906,0.09262094,0.36593837,0.53060764,0.39225116,0.2863531,-0.66137,-0.19540435,0.42784506,1.013473,0.16643143,0.05713927,-0.66807806,0.63905144,-0.18807471,-0.367687,0.43031293,-0.25251237,0.4092884,0.46773726,0.3772697,-0.4934808,-0.27018282,0.0064226594,-0.005674726,-0.63419104,-0.2837362,-0.15482461,-0.05330839,-0.14063525,0.3508165,0.25868082,0.38776758,-0.050523728,0.4104734,0.059263363,0.34700042,-0.0078921,-0.18165806,0.12310764,0.3747849,-0.34146658,0.19884068,0.56775063,0.088610366,-0.043700103,-0.1419871
13,11.615574,-6.66068,3.252678,-0.7526663,5.9810114,-5.9771066,-2.4699342,-5.195164,1.3588302,3.0078735,2.7728012,-4.1130323,-2.0234501,12.160345,1.2721008,1.5352111,-3.2095513,-2.4559913,1.6398251,3.8307805,-0.06779587,1.6056725,-2.6026826,-0.08156885,1.0313325,0.22825648,0.17857876,0.57816696,1.440649,3.5141788,1.2702084,-0.4493585,-1.6720636,0.98154664,0.19275908,-1.2868104,-0.122059435,-0.49337748,-0.9448034,-0.104531825,0.63169736,0.42997968,0.0901095,-1.4195181,0.2557338,0.5573493,-0.9027165,0.6062216,-0.32478225,-0.9774152,0.08847111,-0.103772745,-0.22311941,0.8016728,0.5685051,-0.25262251,-0.7408465,0.42064643,-0.27941576,0.23030655,-0.54532653,0.5854137,0.039521147,0.25700158,-0.42521894,-0.049782008,0.8778422,0.35096526,-0.2967316,-0.0077664284,0.46573263,-0.20981774,-0.26670367,0.12226081,0.10466538,-0.45567667,-0.15243426,0.079038516,0.37758964,-0.2621255,0.27259362,0.15806672,0.2270414,0.5720453,0.15942723,0.12154114,-0.4696413,-0.2616346,-0.11442529,-0.18928573,-0.2994761,0.08268807,0.023389876,-0.010087136,-0.0018264593,-0.15676485,-0.1877115,-0.26575023,-0.00086897356
14,-8.106327,-0.9695993,7.1259747,2.4669137,-0.20999105,3.1623538,-1.1181582,-2.0188155,5.237563,-6.5455685,-2.9616108,2.9160852,-0.6571957,1.2721008,7.419243,1.89954,-3.4236884,-1.376373,1.8721144,2.4110732,1.1600726,2.4405723,0.93760467,0.06507393,-1.0670893,-0.4683404,-0.7117212,0.6655907,-0.5200488,-0.81178033,0.08278465,-0.157889,-0.99403775,1.3275194,-0.4798597,-1.0258813,-0.55686545,0.046052165,0.62166715,-0.10571244,-1.3520713,-0.4193858,-0.5441656,-0.99277365,-0.10945347,0.4073357,-0.26852754,0.12197214,0.4019618,-0.14963615,0.1837602,-0.40347856,-0.5859002,-0.035526663,0.27943665,-0.09211573,0.52736557,0.23378637,-0.030858545,0.6530394,0.57661366,0.32339048,-0.22003555,-8.05568e-05,-0.09082255,0.48868996,-0.5051136,-0.025355678,-0.12537661,0.07720807,0.2788973,-0.1670537,-0.3513941,-0.5668045,0.13065353,-0.40295193,0.3028208,0.07861907,-0.022750836,0.27825147,-0.063590184,-0.24298102,0.3350607,0.10179381,0.16983435,0.20386258,0.24726486,-0.13397482,0.22826865,0.3105359,0.14140487,0.2247492,0.111126155,0.15205786,-0.14141813,0.11399868,0.40025356,-0.10230867,0.08224859
15,7.471321,-3.890314,-2.3352103,1.2792668,0.6473146,-2.8142855,2.2479668,1.7419875,2.772107,2.0515122,1.5481217,0.8326763,0.46734655,1.5352111,1.89954,9.850979,-2.9944615,2.186461,-0.7077674,2.1067405,2.1408062,-0.25810117,0.75260735,1.159214,0.83389544,-1.7670512,1.7178152,-0.8902428,-0.65472925,-0.63510066,0.93903637,0.007273363,-1.4930816,2.2478702,0.8921391,0.034010764,-0.9898356,-0.66991436,1.3431273,1.410109,0.25735182,-0.53047013,-0.7644193,0.68500125,-1.1705186,1.3258884,0.66376305,-1.3006599,-0.1499731,-0.9777825,-1.4407873,-0.69877195,0.27512014,-0.3943698,0.03986699,0.43315625,0.049797226,0.062395126,-0.007073771,-0.25149778,0.12011032,-0.5678432,0.13242528,0.4431349,-0.041588318,0.8470117,0.33317882,0.09409444,-0.640955,-0.36206916,-0.29868895,-0.18173838,-0.04138653,-0.62743866,0.050965905,-0.4030707,0.54667,0.13569546,-0.23622245,-0.22108808,0.017021876,0.4947765,-0.24743184,-0.006760547,0.23127317,-0.24951404,0.14308003,-0.0064795,0.34840992,-0.12936741,0.22769961,-0.12939861,0.47021744,0.46765232,0.029051114,0.05349616,0.23861605,-0.17282623,-0.05708587
16,-1.0206287,4.4813604,-2.644928,-6.4906006,-2.085608,-5.117978,-4.620283,3.3678918,1.2127848,3.0021257,-0.69852424,-0.80091953,3.4169502,-3.2095513,-3.4236884,-2.9944615,11.259836,1.2379351,-0.36682922,-0.7681459,0.9214978,-0.8757425,0.6754705,-3.7406924,0.6210668,-2.4422388,-1.0609435,0.15626761,1.7980492,0.88185406,-2.0675402,-0.34493375,0.9301511,0.30888826,-0.2777329,1.5861766,-0.8588259,0.97377634,-0.9411794,-1.3257836,-0.117480695,-0.22455339,-0.5982934,-0.21022454,-0.168017,-0.52542305,0.2278269,-0.42304337,0.7437475,0.8510784,0.119564995,-0.5153283,-0.6073071,-0.4973633,-0.35514897,0.5152233,-0.41623783,-0.69537497,-0.4271276,0.16329485,-0.07943155,0.23022299,-0.49094933,-0.11761014,-0.03974957,-0.01684288,-0.018338734,0.8694509,-0.045000546,0.3650505,-0.37621698,-0.08833285,-0.24979876,0.12292813,-0.46767586,0.23445414,0.3085897,-0.026543198,0.12766215,0.24293408,0.15146059,0.37910497,0.1181006,0.042392462,-0.24189612,-0.10871379,0.11744835,0.14232016,0.0027646015,-0.12939945,-0.050444342,-0.06290397,-0.5963214,0.03305107,-0.15043646,-0.3199747,0.027269758,-0.05968988,-0.0280974
17,23.259464,3.9139166,3.6702397,3.1785283,0.9062456,0.020213138,-0.43642157,2.27699,1.6690054,4.742962,-0.8782321,1.9166366,2.2137809,-2.4559913,-1.376373,2.186461,1.2379351,9.449721,0.0519341,-0.5398756,0.77028906,1.5890633,0.8307862,-0.9794194,-0.90779835,-0.094975695,0.98272675,-0.94714963,0.38487,-1.4190992,1.6051602,0.74486303,-1.3321121,-1.8076416,1.8775895,1.0114416,-0.7627317,0.9730587,0.74906945,0.8648977,0.8335794,0.21470109,0.20062599,0.7892934,-0.70499957,-0.8598914,0.7225306,-0.7519735,0.522543,-0.23047471,0.72356045,-0.33732218,-0.42700037,0.5397955,0.7326882,0.48625082,0.4528476,-0.10663584,0.116914496,-0.8909296,0.0335609,0.30042374,-0.06280239,1.2043536,-0.28479794,-0.17723276,-0.2311993,-0.37750712,0.66466326,-0.05015766,0.26298645,0.14582828,0.12659916,0.26437825,-0.38050807,0.11965427,0.6221193,0.11033538,0.13815603,-0.41527158,-0.06265977,0.2389997,-0.074637726,0.056696523,0.3307619,-0.024103932,-0.18378015,0.30285525,-0.075032905,0.29073843,-0.07202381,0.40205073,-0.19278526,0.024248924,0.12288191,0.09274544,0.05390276,0.061969653,-0.22821975
18,5.142519,-4.2880125,5.1127844,-3.217598,2.9687972,-1.0005249,-5.0388746,-0.045439333,0.20704065,0.17674239,-0.38701704,1.0895269,0.7967,1.6398251,1.8721144,-0.7077674,-0.36682922,0.0519341,10.213394,0.9763907,0.121607274,-1.9350882,-0.3942582,-0.87177515,-3.76647,-0.74553823,1.9444242,-1.0741243,1.9627422,-2.0023417,0.3719489,-1.0177426,0.064004555,0.75972736,0.6223942,-0.77906334,1.4161072,0.5587963,-0.8453405,0.323559,-0.49251205,-0.5703659,0.22568399,-0.981267,0.66049165,-0.76073587,0.75894094,-0.31911856,0.16768229,-0.42598653,0.83113456,0.8176949,-0.01622321,-0.3536085,-0.2102578,-0.42017823,0.051662296,-0.8814201,-0.4000033,0.044552542,-0.009872438,0.5643322,0.76217616,0.113009125,-0.32085502,-0.033232737,0.19774094,-0.71686816,-0.4192739,0.15113926,0.33067328,-0.9424866,-0.407219,-0.32384336,-0.14489456,-0.033075206,-0.63570046,0.3653619,0.32078138,0.08764389,0.12483992,-0.47115624,0.10316071,0.1202718,-0.34534344,-0.18552828,-0.027292259,-0.048245013,0.17192039,-0.047191437,-0.006126821,-0.32902902,0.10049398,-0.2998713,0.22255307,0.19432855,0.22242442,0.44603246,0.16428281
19,-5.3507495,-4.1698923,-2.3936753,0.8771037,1.5768652,-4.1669984,-0.16764516,-6.47207,2.7849886,-0.51512957,0.40350798,0.7331023,1.1059802,3.8307805,2.4110732,2.1067405,-0.7681459,-0.5398756,0.9763907,6.6029572,0.0646815,1.3142452,-1.7169677,-1.587937,-1.0926183,-0.07462653,-0.24287176,-1.1074708,0.690428,1.0318447,0.5901874,0.49416876,-0.85465133,0.8375542,0.90815115,-0.041689336,-0.06320993,0.5227895,0.19177333,-0.30659884,-1.1744498,0.26176223,-0.24132454,-0.09058423,-0.83428216,0.42294812,0.24076243,0.91663176,-0.14300431,0.5993707,-0.0005069411,-0.77478224,-1.1815411,-0.1276331,-0.23488909,0.1028164,0.35472944,-0.40683284,0.6099711,0.01770525,0.24762994,-0.018918738,0.6093316,0.32719707,-0.016762573,0.8444997,0.10542088,-0.16854176,-0.16586712,-0.08694783,-0.22463353,-0.16379163,-0.54668784,0.23113796,0.079470634,0.09641416,0.014862549,0.28947085,-0.27610272,0.41170862,-0.0053572217,0.15279752,0.03827394,-0.28383368,0.016743265,-0.026459683,0.029288476,-0.017786372,0.35163754,-0.08992182,-0.12709776,0.32741565,-0.34738556,-0.13115948,-0.087992184,-0.13440228,-0.26645178,-0.52031213,0.12252602
20,-1.7849754,-0.06380431,1.8452219,-0.005217528,-0.26215053,-1.1274498,-1.93505,-1.4015079,-1.5605669,0.07160835,-1.8578632,1.6900065,2.5701132,-0.06779587,1.1600726,2.1408062,0.9214978,0.77028906,0.121607274,0.0646815,3.4639378,0.46128094,-0.0195343,-1.4855397,1.2682711,-0.06944719,-0.39316052,0.29047576,-0.7335898,0.18122068,0.014497105,-0.07588788,-0.2839519,0.8346771,-0.5378105,0.014815437,-0.20528954,0.5616015,0.18677157,0.06854015,-0.41912025,-0.70559883,-0.46012136,-0.01802895,-0.44493324,0.35594234,0.7864793,-1.0996639,-0.69423723,-0.10683446,-0.79692024,-0.25753266,0.59090567,-0.21004245,0.32124567,0.14464325,0.376712,0.14262502,-0.5390319,0.07084596,-0.26775596,-0.12398993,-0.6463778,0.20173828,-0.7759855,0.24262369,0.102662764,0.044609398,-0.5095026,0.24646223,0.15426311,0.11603162,-0.3134562,-0.058764733,0.0017372969,-0.07331902,0.18330023,-0.05458626,0.05310056,-0.27800512,0.18760929,-0.29358143,0.027262276,0.078488246,0.30134028,-0.2746976,0.09879275,0.26081312,0.027729433,-0.32819635,-0.11825268,-0.010497662,0.013518715,0.20898822,-0.1518892,0.23077124,0.21475476,0.05608254,-0.034227453
21,-1.2224648,2.3527744,4.154577,3.0957856,2.2610004,-1.5490394,-0.49816477,-2.0965972,4.083591,-2.7849374,-3.0282855,1.5251263,-0.27372086,1.6056725,2.4405723,-0.25810117,-0.8757425,1.5890633,-1.9350882,1.3142452,0.46128094,5.6201625,0.5680639,-1.022002,0.27055538,-0.46072584,-0.91137815,1.4206307,-0.059519015,0.65914977,0.7658163,0.1879965,-1.0586452,-1.9661956,-0.57414436,-1.1371017,-1.1281826,-0.22565864,0.90235734,0.05094538,0.12125795,-0.3146447,0.42534435,-0.62480885,-0.25643462,-0.8837717,-0.5467057,0.12867782,-0.59521323,0.5515393,-0.4227193,0.013279692,-0.29077077,0.4690289,0.46349576,0.25778976,0.024650792,-0.23111545,0.26184377,-0.043550275,-0.07965046,0.26343676,-0.8361392,0.343483,-0.34701794,-0.17414096,-0.18613487,0.052133393,0.1593093,-0.48778793,-0.11969626,-0.13600983,0.33437178,0.522423,0.44680017,0.18833944,0.24540931,0.24391973,0.18386202,-0.21376479,0.077191986,0.3447898,0.3938051,0.25609088,0.07776387,-0.06489906,-0.11705102,0.032486126,-0.081621036,0.28164342,0.0954407,0.1165013,-0.25272655,-0.017573375,-0.034268208,-0.059203744,-0.3356694,-0.1262271,-0.18960047
22,-3.901055,2.4105554,-0.29543018,-1.8035307,-0.0112398015,0.33688664,-0.78101707,2.2403007,-1.2589719,0.41509533,-0.5350188,0.257043,-0.5978873,-2.6026826,0.93760467,0.75260735,0.6754705,0.8307862,-0.3942582,-1.7169677,-0.0195343,0.5680639,8.066802,0.3623162,1.153805,-0.7187222,0.025531417,0.52120924,0.4616645,-1.3047484,-0.64108455,-0.09449801,-1.4840211,0.82468164,-1.1627357,-0.928465,-1.5138966,-0.2979212,0.88700026,0.13234401,-0.3870142,1.095125,-0.087614745,1.7861257,-0.40635455,-0.5472226,-0.674968,1.2208695,0.291614,-0.044830285,0.17290923,0.10975753,-0.91136044,0.42590964,0.5811087,-0.8269628,-0.64566374,-0.07788328,-0.0093506295,-0.47309214,0.15429845,0.351259,0.07101326,-0.035843723,0.28872186,-0.30817336,-0.5943288,0.01049977,-0.8442749,-0.06964304,0.20381325,-0.9599853,0.114145964,-0.13842198,-0.27519614,0.15386638,0.04780644,-0.0573906,0.30779386,-0.049233094,0.04361385,-0.29262963,-0.07337416,-0.17498761,0.17975369,-0.040924154,0.24225798,-0.014828239,0.10232176,0.20289695,0.7130873,-0.37801528,-0.03967893,0.022938136,0.3310324,-0.06326291,0.2521708,-0.13404644,-0.17360085
23,10.596833,-2.1241565,-0.17878991,1.0620244,-1.6295757,4.8311815,3.4595337,3.396607,0.97366434,0.5206744,2.2668772,-2.4905016,-2.9760275,-0.08156885,0.06507393,1.159214,-3.7406924,-0.9794194,-0.87177515,-1.587937,-1.4855397,-1.022002,0.3623162,6.1673875,-0.7498889,-1.3969343,0.77774143,-0.3537758,-1.454539,0.07924369,-0.09436571,-0.5269458,0.60533094,-0.43979073,-0.47384492,0.16531846,0.5680107,0.15104896,0.47663024,0.22699153,0.29102057,0.18234758,0.5162531,-0.31011117,-0.68396413,0.34820908,-0.28611374,-0.019754235,-0.48471648,0.0987391,0.094894975,-0.5266455,-0.39282453,-0.018853214,-0.23993589,-0.9418839,0.06257753,0.39054066,0.35648918,-0.40577286,0.29543874,0.10357401,0.4104756,-0.57784724,-0.4334069,-0.43171936,-0.31673747,-0.34188056,-0.12616038,-0.5580493,0.06414063,0.0106244935,0.22678554,-0.6958358,0.38996184,-0.18747899,0.22365028,-0.73988986,0.31378716,0.16116193,0.21402313,0.14603257,-0.16452354,0.35355717,0.16330136,-0.1475524,0.19201598,-0.048010714,0.046070196,-0.31372654,0.1401482,0.030913793,-0.03939663,-0.16853796,0.27940822,-0.018387057,-0.082689,0.09730174,0.0075650755
24,-3.973359,2.3787622,2.561921,4.354417,-0.48354712,-0.40534443,0.08975418,1.5405288,-0.6228144,0.6130029,1.1415946,-2.485509,0.25019297,1.0313325,-1.0670893,0.83389544,0.6210668,-0.90779835,-3.76647,-1.0926183,1.2682711,0.27055538,1.153805,-0.7498889,6.145127,2.2870936,-0.808161,0.40679938,-0.4420969,0.44396278,-1.2151556,-0.49157405,-0.60474485,1.0383056,-0.40208197,0.18447831,-0.16084841,-0.9362828,-0.24618338,-0.42133844,0.1366044,0.47190827,-0.5729361,-0.11397805,-1.1106627,0.67720723,-0.78738433,0.71210754,-0.79563177,-0.10428905,-0.1215273,0.08045458,-0.007763855,-0.18966535,0.73452973,1.4829998,0.020822871,0.16815113,-0.50032496,-0.29068878,-0.7161973,-0.12153862,-0.39288872,0.36537838,-0.23784181,0.25630304,0.206466,0.19091853,-0.3405543,-0.22907403,0.17023607,0.039953277,-0.13919103,0.13191822,-0.17671505,0.3240881,-0.29435366,-0.24755365,-0.026305083,-0.56301564,0.1590904,0.006052742,-0.005992599,-0.0039312546,0.24478044,-0.19694084,0.32922763,-0.08893409,-0.1585904,-0.25876307,-0.23466834,-0.30933502,0.109718904,0.22698602,-0.021853723,0.008984738,0.18301088,0.12762395,-0.1589006
25,-12.725346,-1.7152562,2.6929438,6.485842,4.277938,-1.0674076,1.7856199,0.9987894,-4.1465235,-1.3591753,-0.6810671,-1.2407727,1.4426546,0.22825648,-0.4683404,-1.7670512,-2.4422388,-0.094975695,-0.74553823,-0.07462653,-0.06944719,-0.46072584,-0.7187222,-1.3969343,2.2870936,6.846537,0.3727436,-0.5492163,-0.6652796,-0.77887356,-0.070583045,0.37964597,-0.5341116,0.28749323,0.06759025,-0.030223932,0.24887308,-0.11565,-1.0166874,1.208045,-0.67461264,0.055019774,-0.3808748,0.22199723,0.51229215,-0.2769455,-0.017836638,1.0135553,-0.11848887,-0.24414778,0.88703597,0.28823653,-0.2260419,-0.10685878,-0.13321593,0.16945165,0.36621252,0.48467797,-0.17967638,-0.62859786,-0.18466331,-0.017962229,-0.31244156,0.36377284,-0.06575585,0.88770586,-0.054425947,-0.46488476,0.4668423,0.72380245,0.3765952,0.13397965,0.20471191,0.17011923,-0.10952654,0.22440095,-0.33438683,-0.52952147,-0.2205416,0.027503837,-0.33080277,-0.4597782,0.20302044,-0.23012608,0.09002452,0.044426244,-0.067098685,-0.09020926,-0.39072573,0.1087749,-0.23349589,0.30245107,0.05381898,-0.1550653,0.02768575,0.012127105,-0.02875875,0.09987807,-0.190905
26,-4.3463526,0.42079234,-0.6344936,-0.95369756,1.7247486,-2.3900957,0.08434583,0.4620409,-2.2787218,0.4609658,2.568739,-0.8157865,1.0494555,0.17857876,-0.7117212,1.7178152,-1.0609435,0.98272675,1.9444242,-0.24287176,-0.39316052,-0.91137815,0.025531417,0.77774143,-0.808161,0.3727436,5.643625,0.6472558,0.3317802,-1.0036237,1.1474055,0.8823023,0.286809,-0.57206786,-0.040351197,0.057465114,-0.34918287,-1.7266047,0.3255937,-0.40929663,-0.35251832,-0.99525535,-1.1926122,-0.24065772,0.86205125,-0.27634153,-0.0039697704,-1.021836,-0.05651176,-0.038235277,0.17543872,0.13699022,-1.030508,0.071229696,-0.58583164,0.19808573,0.3692721,0.046975873,-0.60472125,-0.7269119,-0.14787914,0.058383293,0.68481237,0.09439872,-0.1371692,-0.32998204,0.124440506,-0.54955316,-0.06883535,-0.43441772,-0.09230919,-0.4179151,0.23029481,-0.43953648,-0.15861647,-0.30791754,0.13730264,-0.222581,0.25204623,0.05690206,0.2905982,-0.16749418,0.07907908,-0.05889843,0.08286616,-0.30752847,-0.06535587,0.13380215,-0.260498,0.11669813,0.11538026,-0.3635553,0.033033192,0.37833196,0.3954003,-0.0035620017,-0.113858916,-0.15496829,-0.27514908
27,-2.9795647,1.6908854,2.88409,0.021775689,1.6335434,-1.2677519,-1.40776,1.0989115,-0.49642837,-1.0149256,-2.1284945,0.5132127,-0.80360484,0.57816696,0.6655907,-0.8902428,0.15626761,-0.94714963,-1.0741243,-1.1074708,0.29047576,1.4206307,0.52120924,-0.3537758,0.40679938,-0.5492163,0.6472558,3.8576643,-0.4410897,1.1230896,0.096275754,-0.04632734,0.53737026,-0.06591159,-1.7039633,-0.19704342,-0.22903086,-0.827425,0.81722176,-1.1303049,0.1802578,0.3954693,-0.4771721,-0.58519244,0.2627179,-0.46009624,-0.2357571,-0.68550193,1.1910788,-0.5639385,-0.20123723,0.3821621,-0.3796575,0.6382705,-0.5172769,0.15121838,0.09735398,0.35186315,0.0045758733,0.37130553,-0.2481606,-0.43654191,-0.11988154,-0.05861856,-0.18590358,-0.57828057,0.55904394,-0.47462255,-0.19453791,0.100866094,0.503065,0.3282569,0.24409829,0.32534337,0.32143688,-0.30813333,0.07178516,0.43982112,0.32892472,-0.19708851,-0.18862002,-0.06422112,0.21497557,-0.1173501,0.13299829,-0.27565056,0.2516544,-0.12059274,0.08026175,0.016059075,0.23375341,-0.0132476,-0.1021252,0.05660107,0.10142949,0.099839926,-0.09295407,-0.14485705,-0.024673708
28,2.7298262,0.40030286,1.3873277,-1.7446554,0.4073525,-0.2254023,-1.6061746,0.93123615,2.3482518,0.5382576,1.9458706,-0.11689037,-0.16902071,1.440649,-0.5200488,-0.65472925,1.7980492,0.38487,1.9627422,0.690428,-0.7335898,-0.059519015,0.4616645,-1.454539,-0.4420969,-0.6652796,0.3317802,-0.4410897,4.836861,0.47678596,-2.4377441,0.26353323,-1.0295286,-0.62003124,-0.26743674,-0.68025947,-0.38068372,-0.6407803,-0.13021821,0.3810938,0.20369601,-0.029728264,0.39525723,-0.70523345,0.8311264,0.17560823,0.47963226,0.27924815,-0.3067392,0.08340034,0.059698258,0.9489969,-0.2611751,0.5367658,0.1992799,0.37272257,-0.27423579,-0.44475627,0.3429345,-0.39711013,0.67107904,0.39667732,0.9237805,0.5933157,0.028399266,0.27719802,0.5600969,0.29549086,-0.09251548,0.22162256,-0.097376704,-0.010393739,0.13230473,0.28125477,-0.56367487,-0.39274457,0.0341108,-0.17277145,-0.085006796,-0.07635149,0.2160749,0.12810548,-0.54771477,-0.38831025,-0.15048933,0.14483708,-0.06934267,-0.2553807,-0.0674358,0.10110155,-0.062071502,-0.05399309,-0.010937776,0.09399228,0.052023523,-0.04155935,-0.07006851,0.08101097,0.13629422
29,1.617533,-0.99755675,1.2240083,-2.4467795,1.0173607,-0.5418211,-1.0798668,-1.2957516,-1.3162792,1.2672706,1.1047217,-0.5467981,0.3148725,3.5141788,-0.81178033,-0.63510066,0.88185406,-1.4190992,-2.0023417,1.0318447,0.18122068,0.65914977,-1.3047484,0.07924369,0.44396278,-0.77887356,-1.0036237,1.1230896,0.47678596,4.745763,-0.10398546,-0.4272694,0.5301408,-0.24416864,-0.49685314,0.52392685,-0.51489615,0.2750544,-0.31338114,-0.4413017,-0.86883724,0.97427166,0.49515325,-0.31280792,-0.5442362,-0.03062288,0.2155211,-0.545754,-0.20245072,0.13388583,-0.6193782,-0.44029275,0.106543235,1.1923034,-0.32256997,-0.15252215,-0.81459314,0.25894618,-0.040482998,-0.26550704,0.11091465,0.038127407,-0.10635103,0.05271105,-0.32184166,0.018447306,-0.011971617,0.4077072,0.051073566,0.08569497,0.21953505,0.7742691,0.04812219,-0.060341306,-0.10073704,-0.4293254,-0.060082965,0.058351602,0.20798483,0.26869336,-0.012435881,0.0039771255,-0.063970104,0.1897544,0.21833175,0.14451274,-0.06474957,-0.45796108,0.22054577,0.0198117,-0.29255018,-0.16570967,0.119759806,-0.099823326,0.24310014,0.14686355,-0.47032112,-0.38092065,-0.117225885
30,4.2829733,1.4716624,0.10436313,1.3517869,2.4477322,-2.471368,0.47457427,-2.081009,0.71276486,1.0360844,-0.46513128,-1.1914082,0.07949066,1.2702084,0.08278465,0.93903637,-2.0675402,1.6051602,0.3719489,0.5901874,0.014497105,0.7658163,-0.64108455,-0.09436571,-1.2151556,-0.070583045,1.1474055,0.096275754,-2.4377441,-0.10398546,7.184328,0.516467,0.2382478,-0.8934354,0.4763292,0.026219789,0.19402963,1.2443562,-0.42272532,-0.54668605,0.48057547,-0.4365505,0.64806914,0.69954175,0.830109,-0.741668,-0.9342133,-0.32686543,0.66895366,0.008646177,-0.30653852,0.36436725,-0.28177434,0.5763464,-0.11748703,0.52350986,-0.35978225,0.12774017,-0.5263089,-0.5096946,-0.26818472,-0.933321,-0.18109027,-0.46596143,0.5726484,-0.07916444,-0.62677723,0.024371907,-0.2889425,0.11574236,-0.14507177,0.2861598,-0.45402926,-0.1376229,-0.21088177,0.31894362,-0.044405967,0.20675854,0.04174044,0.14499813,-0.1618675,-0.23307928,0.034099117,0.15839097,0.28029478,0.33622926,0.0031796314,0.43695298,0.06482737,0.036737893,0.11112285,-0.255637,-0.02189049,0.040729083,-0.08054249,0.25760022,0.047611177,-0.29389802,0.025444876
31,-2.6219149,3.59778,-0.9720447,0.19707471,1.7200432,-3.0986066,0.02634906,-1.3134856,-2.7636168,0.71698034,-0.54681563,-0.42935082,0.7980443,-0.4493585,-0.157889,0.007273363,-0.34493375,0.74486303,-1.0177426,0.49416876,-0.07588788,0.1879965,-0.09449801,-0.5269458,-0.49157405,0.37964597,0.8823023,-0.04632734,0.26353323,-0.4272694,0.516467,3.821205,-0.7056365,-1.07936,0.033157215,-0.58853877,0.0028136335,-0.5604522,1.0241737,-0.7215773,0.078244105,-0.14884202,-0.15235883,0.24205479,0.22687078,0.7235292,0.18648833,0.12484462,-0.045885302,0.5548077,0.093781814,-0.12983903,-0.13899252,-0.19765411,0.47197402,-0.32916883,0.4664857,0.40094364,0.48271638,-0.44998235,0.6542951,-0.048047714,0.38845342,0.054554492,-0.22487116,-0.41857436,0.3337537,0.37628448,0.6452157,0.085692525,-0.037374303,0.5428717,-0.16190971,-0.15672553,-0.22134301,0.00086635206,0.0009311184,0.06697245,-0.22756343,0.16307268,-0.029613905,-0.21028465,-0.23961085,-0.3121416,-0.046407796,0.43689728,-0.043483004,0.04956576,0.05113271,-0.06377831,0.42603084,0.15715046,0.12177777,0.39836657,-0.35785437,-0.08799586,0.29831707,-0.09100762,0.026569732
32,-7.449623,1.751123,0.5698062,-1.3274388,-0.1638155,-0.7141118,-0.87962776,0.9486872,0.040392168,-0.49220347,-0.16877437,-1.2637069,0.6298654,-1.6720636,-0.99403775,-1.4930816,0.9301511,-1.3321121,0.064004555,-0.85465133,-0.2839519,-1.0586452,-1.4840211,0.60533094,-0.60474485,-0.5341116,0.286809,0.53737026,-1.0295286,0.5301408,0.2382478,-0.7056365,5.0161433,0.16455628,0.10347412,0.63579667,0.73952514,-1.0029134,-0.14444658,0.73657715,-0.37005016,-0.6849828,0.4308766,-0.11146343,-0.30231324,0.8252175,-0.24356607,-0.31905073,0.0840721,1.3191674,-0.4383568,0.3309211,-0.43938625,0.023774076,-0.33815467,-0.23835784,0.37429768,-0.28875738,-0.23936805,0.6225452,-0.045774054,-0.2880558,-0.1845937,-0.07056541,0.033875167,-0.60279006,-0.34072575,-0.7078691,0.65803427,0.30461666,-0.14540628,0.22395495,-0.10083177,0.19437051,-0.014311226,0.11101742,0.45578897,0.24777417,0.34246492,-0.51053154,-0.072759464,0.0077532707,-0.122470066,-0.056196224,0.2996806,-0.2254519,0.18403822,-0.09409867,0.3428165,0.2967177,-0.17967394,-0.17329113,0.25015628,-0.28480938,0.1244146,0.021870015,-0.10471877,-0.27477586,0.06315534
33,-2.734919,-3.5220346,-0.39428335,-1.736247,-0.27936688,-0.3851347,-1.1723673,-0.37730065,-1.0015906,0.1416494,-0.3146026,-1.3561144,-1.3608449,0.98154664,1.3275194,2.2478702,0.30888826,-1.8076416,0.75972736,0.8375542,0.8346771,-1.9661956,0.82468164,-0.43979073,1.0383056,0.28749323,-0.57206786,-0.06591159,-0.62003124,-0.24416864,-0.8934354,-1.07936,0.16455628,5.8347282,-0.2292057,0.058146767,-0.20892969,0.29657087,-0.65554404,0.3922748,0.32839033,0.86042744,-0.45972174,0.4497511,-0.18514156,0.16273296,-0.11991016,-0.71209764,0.1898241,-0.050167225,0.65781116,0.38589326,-0.701669,-1.0967237,0.015967665,-0.20680067,0.02670456,-0.05158873,0.67938924,0.07557839,-0.69139767,-0.09214111,-0.39884275,0.30307028,0.36263895,0.34568542,-0.29895273,-0.14227715,-0.32138306,0.63311756,-0.08782494,0.30403435,-0.2854033,-0.49931782,0.038754687,-0.24799703,0.07182893,0.58745253,-0.1431973,0.25404948,0.06754711,0.30080685,0.05330827,-0.017391488,0.17591532,-0.07118194,0.17421699,0.11054078,0.21614473,0.13207217,-0.06787993,-0.0423984,0.088596664,0.3193464,-0.16582479,-0.16300951,0.23945472,-0.18986395,0.036230333
34,7.9633026,0.65303254,2.6837106,0.5460286,-1.0275021,1.1374846,1.0153621,0.38084316,-0.15371168,0.39844313,0.0032730522,0.8231354,-0.20171824,0.19275908,-0.4798597,0.8921391,-0.2777329,1.8775895,0.6223942,0.90815115,-0.5378105,-0.57414436,-1.1627357,-0.47384492,-0.40208197,0.06759025,-0.040351197,-1.7039633,-0.26743674,-0.49685314,0.4763292,0.033157215,0.10347412,-0.2292057,4.312955,0.73100626,-0.33087572,0.016996276,-0.6029974,0.53320515,-0.26599973,0.76809514,-0.545775,-0.13927473,0.019546337,0.2092237,0.37974027,0.58136195,0.6698675,0.034145825,0.006118492,-0.7059698,0.5409514,0.31739098,0.66883224,-0.3723098,0.47343054,-0.16247639,0.07728239,-0.074101515,-0.48268932,0.228513,-0.17322597,-0.07240408,0.45216447,-0.3603711,0.055030465,-0.09221527,0.34746245,-0.117929325,-0.64229244,-0.19675031,-0.8659289,0.12240954,-0.18365082,0.0109748,-0.0016559302,-0.091850415,-0.301826,-0.5329411,0.42660058,0.23225546,0.29850635,-0.09454192,-0.28905278,-0.050389998,-0.18560705,-0.38145423,0.36113143,0.2666375,-0.20172536,-0.21593866,0.112771094,0.14233801,-0.11114155,-0.10278832,-0.02388592,0.037995167,-0.17801291
35,2.156497,-0.65838164,-0.82181954,0.49684423,-2.0912447,1.5465958,0.7082646,1.2039412,0.3126512,0.2677654,0.87097216,0.4572124,1.1237028,-1.2868104,-1.0258813,0.034010764,1.5861766,1.0114416,-0.77906334,-0.041689336,0.014815437,-1.1371017,-0.928465,0.16531846,0.18447831,-0.030223932,0.057465114,-0.19704342,-0.68025947,0.52392685,0.026219789,-0.58853877,0.63579667,0.058146767,0.73100626,2.2053914,-0.10783772,0.45040715,-0.39266992,-0.03909804,-0.06578624,-0.040084913,-0.6253023,-0.21993828,-0.4682321,0.29426283,0.08565276,-0.14300087,0.7268903,-0.30544543,0.2531512,-0.9355207,-0.68885624,0.05861555,-0.14139165,-0.018769667,0.030956905,-0.21289045,-0.32502788,-0.18977736,-0.6165483,-0.50040615,0.15653327,0.030530643,-0.18405716,0.2429111,-0.30275166,0.07674334,0.11027871,-0.17058755,0.19239905,0.4919616,0.12500766,0.24741375,-0.16569129,-0.1185904,-0.10388223,0.0011347266,0.032372445,0.063376844,-0.024141524,0.022538573,-0.014511357,0.0052582035,-0.15198249,0.14222744,-0.04768343,-0.1479899,0.075609416,0.013537518,-0.25085887,0.013196753,-0.31380165,-0.05301658,0.35409865,0.18470578,0.0730634,-0.11182885,0.10962338
