,0,1,2,3,4,5,6,7,8,9,10,11,12,13,14,15,16,17,18,19,20,21,22,23,24,25,26,27,28,29,30,31,32,33,34,35,36,37,38,39,40,41,42,43,44,45,46,47,48,49
0,0.07973331,-0.0061247624,-0.004614199,0.006000665,0.0009823982,-0.004473889,0.003246136,-0.00042210682,0.027752895,-0.002247672,0.009930982,0.004886112,0.0035166275,0.00093513046,-0.00015923782,-0.00097078027,0.00038869173,0.0048083393,0.00053242035,-0.00095649814,0.0011988038,-0.0020195425,-0.0020724274,-0.00095278805,-0.0017176014,-0.0008699494,-7.01588e-05,0.00010599218,0.0006235159,-0.00017255913,0.00046702032,1.1428883e-05,-8.094698e-05,0.00011044374,0.00019286915,0.00042090483,0.0005422311,0.00041847627,5.5978235e-06,2.0596698e-07,-2.9449508e-05,2.6645004e-05,0.00026149966,-0.00027530105,0.00028216146,-3.5717065e-05,-0.00025671243,0.00044647715,0.00015319558,0.00010205111
1,-0.0061247624,0.0020721965,0.00061195006,-0.00043250492,0.00011019186,-0.000115411574,-0.00052839215,0.0005655573,-0.00062221696,0.0011513314,-0.0007099778,-0.00062911265,-0.00047518994,-0.0010125125,-0.00075800176,2.890994e-05,-2.9226234e-05,-0.0008558797,-0.0005810889,0.0006169954,0.00023845688,0.00025585515,0.0002451695,0.00010360046,0.00027277885,0.00014598371,-6.976735e-05,-0.00018907952,-3.117357e-05,-8.499301e-05,-0.0002674169,1.7117958e-05,-0.00010063725,5.184767e-05,-0.00015050647,-0.00016146371,-5.738299e-05,8.1472914e-05,-2.221875e-05,7.887259e-06,1.5715961e-05,-8.628392e-05,1.3166207e-05,1.8339695e-05,-1.3822792e-05,1.4860507e-05,-4.247425e-05,-0.00011254296,-2.23922e-05,6.0815524e-05
2,-0.004614199,0.00061195006,0.0016717077,-0.00017988637,-0.0001829176,0.0005921498,-0.0003916033,0.00037484086,-0.0022531739,-0.00037883484,-0.00026314877,-0.00044695096,-0.0010813973,0.00020754055,-0.0005945065,-0.0007675717,0.00026108944,-0.00018065295,-0.00014712525,0.00014391053,-0.0001812453,0.00022402089,0.00012146345,-1.9661908e-05,-9.373614e-06,0.00012586474,0.00012523697,-4.6107998e-05,-0.00016174346,-0.00022469682,-5.213633e-05,0.00013820284,-5.998604e-05,6.399805e-05,5.8016376e-05,5.083875e-06,-0.000105643456,6.65459e-05,1.8673492e-05,7.486834e-05,-3.787558e-05,-6.0098253e-05,3.4215784e-05,5.7938534e-05,3.220928e-05,3.9110877e-05,-2.5651034e-05,-1.2110146e-07,5.8820096e-06,4.602111e-05
3,0.006000665,-0.00043250492,-0.00017988637,0.00076888106,-0.00012856605,-0.0003777417,0.00037857424,-5.038191e-05,0.001548358,-0.0005252531,0.0006617404,0.0007845704,0.0002725853,9.975964e-05,-0.00021528985,-0.00016197126,3.7434688e-06,0.0005344913,-7.4033983e-06,-3.2271746e-05,0.00011165909,-9.455046e-05,-0.0001403262,-0.00015618594,-0.00017294001,2.6949121e-05,1.776596e-05,-8.735011e-05,0.00014206921,-2.968065e-05,9.274552e-06,-8.690993e-05,-4.5596325e-06,7.353659e-05,5.5214565e-05,2.0014479e-05,8.76064e-05,7.603468e-06,-2.477354e-05,5.2917418e-05,-4.30835e-05,-9.1581444e-07,8.2370054e-05,3.856868e-05,-1.7743261e-05,-6.8314544e-06,-4.8158985e-05,8.020841e-05,1.8870938e-05,4.6304463e-05
4,0.0009823982,0.00011019186,-0.0001829176,-0.00012856605,0.001068556,-0.00057760987,-0.00021884695,-0.00015119603,0.001596957,0.0007678218,-0.0005091453,-9.483403e-05,-0.0004126645,0.00020301314,0.00023417667,3.5065244e-05,-0.00033559423,2.8504863e-05,0.00028758676,-0.00018808985,0.0002897879,4.527106e-05,2.3278051e-05,0.0002306336,0.00012228504,-0.00013775475,4.5314813e-05,0.00018462515,0.000124841,0.000115598756,-8.210886e-05,0.00013234894,5.3818025e-05,-4.4993936e-05,-0.00012747437,-1.8290506e-05,-6.737016e-05,0.00015486448,5.8982794e-05,-7.019237e-05,7.603702e-05,-2.7060394e-05,-1.8354965e-06,1.5436173e-05,9.961669e-05,-1.4239433e-05,7.6541066e-05,-5.4289903e-06,4.3573476e-05,-3.675135e-05
5,-0.004473889,-0.000115411574,0.0005921498,-0.0003777417,-0.00057760987,0.0016286544,-0.00047739124,3.2588112e-05,-0.0027013065,2.753727e-05,0.00015924577,-0.0008755309,-0.00018250283,0.000613818,-0.00030053742,-0.0004116377,0.0005362658,-0.00013056176,-0.00021256559,0.00030950783,2.477075e-05,5.262426e-05,0.0003135493,-6.510681e-05,-0.00011072504,-6.1330145e-05,-0.00016428727,0.00013147516,-0.00013821851,-9.665548e-05,-4.540244e-05,5.6919947e-05,0.00010016487,1.75481e-05,0.00014885762,-7.021448e-05,2.1662163e-05,-0.00018695158,0.00012663452,0.0001287242,1.24420585e-05,6.8951456e-05,-5.530301e-05,-4.4680342e-05,-3.9081682e-05,1.7763881e-05,5.167737e-06,3.1676278e-05,-4.715153e-06,-4.378749e-05
6,0.003246136,-0.00052839215,-0.0003916033,0.00037857424,-0.00021884695,-0.00047739124,0.00070748845,-0.00010989234,0.00052996934,-0.0008260502,0.00031545816,0.0006946287,0.0005098067,-0.0004318118,0.00028755894,0.00011320919,-9.893372e-05,0.00052412937,0.00016585851,-0.00022135006,-0.00014829784,-8.420925e-05,-0.00015358295,-0.00013739456,-5.082429e-05,8.001679e-05,3.5933488e-05,-3.2845724e-05,-2.8015678e-05,-1.3462064e-05,0.00016719074,-5.5033597e-05,-2.8582293e-05,-3.28795e-05,7.4275576e-06,5.684697e-05,4.7085825e-05,-4.5758577e-05,-3.401369e-05,-4.7976624e-05,-8.420198e-05,1.827277e-05,5.302832e-05,2.9486793e-05,-5.9552727e-05,-3.1293234e-06,-2.2446186e-05,4.5755383e-05,-3.7071004e-05,2.3594912e-05
7,-0.00042210682,0.0005655573,0.00037484086,-5.038191e-05,-0.00015119603,3.2588112e-05,-0.00010989234,0.0005401436,0.00016334347,1.5860975e-05,0.00050657475,-0.00036486745,-0.00021832959,-0.00053294306,-0.00022319534,-0.00010783989,0.00022988577,-0.00030426082,-0.0001590997,0.00013410892,-1.9639032e-05,1.8187433e-05,7.4954165e-05,4.578613e-06,-1.3228033e-05,0.00012092833,-1.3757963e-05,-4.5386543e-05,-7.6323864e-05,-0.000103844504,-8.294246e-05,3.6836907e-05,-4.1768795e-05,-1.626639e-05,-4.508031e-05,-3.0981777e-05,-1.961599e-05,4.7926012e-05,-2.0263584e-05,3.852028e-05,4.6545454e-05,-0.000102990205,-3.5260127e-05,2.4574732e-05,2.4862136e-05,4.532782e-05,-4.738159e-05,-1.8177125e-05,-8.748486e-06,2.091424e-06
8,0.027752895,-0.00062221696,-0.0022531739,0.001548358,0.001596957,-0.0027013065,0.00052996934,0.00016334347,0.014825642,0.0016753019,0.002991387,0.0010693339,0.0012243821,-0.0004185244,0.00016109899,9.9014054e-05,-0.0006593552,0.00018466238,0.00014109843,0.00017063925,0.000810207,-0.00076877046,-0.00056770316,0.00019272487,-0.00024546142,-0.00045046484,-4.2426203e-05,-3.4956152e-05,2.0347554e-05,0.00021764194,3.485612e-05,2.6798514e-05,-6.9907066e-05,-0.00014972028,-0.00019089581,-7.17898e-05,-6.0333e-05,0.00024548717,6.381681e-05,-8.736322e-05,-6.100814e-05,-7.707808e-05,3.4160083e-05,-0.00012731111,0.00012638993,-5.7906618e-05,-1.8677885e-05,-5.2059727e-07,6.041996e-05,-9.0519214e-05
9,-0.002247672,0.0011513314,-0.00037883484,-0.0005252531,0.0007678218,2.753727e-05,-0.0008260502,1.5860975e-05,0.0016753019,0.0030029954,-0.00089794677,-0.0012707147,0.00017609718,-8.535427e-05,-0.0002369124,0.00016647652,-0.00020922482,-0.0003467658,-0.0006174383,0.00071055454,0.00037560667,3.1095282e-05,0.00042002738,0.00017628718,9.443365e-05,-0.000389695,0.00012283678,1.231882e-05,-0.00013023906,0.0002512277,-0.0002599413,0.00023082926,2.4469675e-05,-0.00017270047,-2.9230247e-05,-0.0001243799,-5.287626e-05,0.00014037767,0.00014074352,1.497765e-05,8.433635e-05,4.17141e-05,-5.857326e-06,-4.981824e-05,2.021941e-05,-2.7492475e-05,1.7439314e-05,-0.00010913651,8.067128e-05,-6.374005e-05
10,0.009930982,-0.0007099778,-0.00026314877,0.0006617404,-0.0005091453,0.00015924577,0.00031545816,0.00050657475,0.002991387,-0.00089794677,0.002794803,7.768428e-05,0.00028721362,-0.00019380686,-0.00021002282,-0.00015648415,0.00056407205,0.00034502798,1.9472125e-05,-0.00016558665,9.4449046e-05,-0.00025626997,-0.00017238616,-0.000115227005,-0.00028042818,9.973119e-05,-0.00018460199,0.00011323512,-2.7333017e-06,-0.00020561143,5.2920504e-06,1.5333637e-05,3.2559292e-05,1.8386432e-05,3.5793666e-05,-3.6765323e-05,3.8190997e-06,-0.000100251156,1.4299027e-05,0.000112190886,6.283095e-05,-9.231401e-05,-6.432806e-05,-4.9520073e-05,7.993468e-06,4.22784e-05,-9.398365e-05,6.904935e-05,-1.0308082e-05,-2.0256743e-05
11,0.004886112,-0.00062911265,-0.00044695096,0.0007845704,-9.483403e-05,-0.0008755309,0.0006946287,-0.00036486745,0.0010693339,-0.0012707147,7.768428e-05,0.0017796723,0.0004316105,1.5703241e-05,9.7916745e-05,4.991141e-05,-0.00041959155,0.000352205,0.00037152309,-0.0003710199,-6.483686e-05,-2.2446962e-05,-0.00033514976,-0.0001838578,-3.968769e-05,0.00026424509,-8.790945e-05,-0.00015731531,0.00020675478,5.96772e-05,0.00013477368,-0.0002755525,-8.56085e-05,0.00016938118,1.5102916e-05,1.9663601e-05,0.00012183549,-2.206898e-05,-7.79383e-05,-2.2171225e-05,-8.543623e-05,3.0847106e-05,8.357162e-05,1.3023269e-05,-4.7425572e-05,-2.938827e-05,-4.3992324e-05,7.469118e-05,9.415978e-06,5.5327993e-05
12,0.0035166275,-0.00047518994,-0.0010813973,0.0002725853,-0.0004126645,-0.00018250283,0.0005098067,-0.00021832959,0.0012243821,0.00017609718,0.00028721362,0.0004316105,0.0015774841,-0.00048133486,0.00045697647,0.00031549542,-0.0001411034,0.00018688328,-0.00022284038,0.00017672539,-0.00018468173,-0.00023784509,-8.670876e-05,-0.0001905273,-0.00016371712,-9.333469e-05,8.227878e-06,-6.238887e-05,-0.00025648577,8.5013286e-05,0.00017838809,-0.00013994495,-5.7773483e-05,-0.000111530346,3.4108987e-05,1.5933942e-05,0.0001886779,-7.689744e-05,-3.5812398e-05,2.5943973e-07,-6.5842134e-05,8.373474e-05,-5.1964667e-05,5.988849e-06,-0.00012617372,-1.6286078e-05,-1.5890917e-05,9.7548855e-06,-3.4102253e-05,-2.5788499e-05
13,0.00093513046,-0.0010125125,0.00020754055,9.975964e-05,0.00020301314,0.000613818,-0.0004318118,-0.00053294306,-0.0004185244,-8.535427e-05,-0.00019380686,1.5703241e-05,-0.00048133486,0.0021153893,-6.046597e-05,-9.177606e-05,-3.6565165e-05,9.052515e-05,0.00017462281,-0.0002013417,9.3745606e-05,-8.153729e-05,-1.852314e-05,4.993651e-05,-0.00011796797,-0.0001619459,0.00011563018,0.00014128521,0.0002005442,0.000109782435,-6.687611e-06,1.5241323e-05,0.00012947025,7.579584e-06,8.700644e-05,0.000113685746,-4.6996385e-05,-4.6692236e-05,6.963311e-05,8.831733e-05,-2.7896556e-07,1.6217096e-05,6.143849e-06,-6.1536826e-05,2.9037546e-05,-2.70817e-05,6.866013e-05,6.96201e-05,3.2298754e-05,-3.7751666e-05
14,-0.00015923782,-0.00075800176,-0.0005945065,-0.00021528985,0.00023417667,-0.00030053742,0.00028755894,-0.00022319534,0.00016109899,-0.0002369124,-0.00021002282,9.7916745e-05,0.00045697647,-6.046597e-05,0.0014696585,0.00029198616,-0.0003508755,-9.9107376e-05,0.00037744117,-0.00031889832,-0.00020196362,-0.0001854141,-0.00020063372,0.00014948126,-6.45306e-05,-2.3863899e-05,0.00023294978,0.00014991261,-0.00021489506,0.00017207026,0.00023215413,6.830976e-05,0.00012955291,-6.596122e-05,-4.627485e-05,1.4422652e-05,5.5148223e-05,-3.586124e-05,-3.74686e-05,-2.7872871e-05,3.2107644e-05,2.3400517e-05,-8.890939e-05,3.07608e-05,5.0985655e-05,7.0954906e-05,1.804288e-05,5.475425e-06,-3.646996e-05,-7.57411e-05
15,-0.00097078027,2.890994e-05,-0.0007675717,-0.00016197126,3.5065244e-05,-0.0004116377,0.00011320919,-0.00010783989,9.9014054e-05,0.00016647652,-0.00015648415,4.991141e-05,0.00031549542,-9.177606e-05,0.00029198616,0.0010465526,-0.00024037031,-0.00026120897,0.0001415819,-9.681504e-05,8.48167e-05,-3.831178e-05,-0.00011971682,0.00018137941,0.00017445406,5.2780895e-05,2.5400865e-05,-3.4992576e-05,0.00014309591,0.00018199952,-6.4480366e-05,-9.203621e-05,-2.0375992e-05,-5.181389e-05,-0.00013796527,1.0448882e-06,-6.6790585e-06,-6.0401573e-05,-6.973341e-05,-1.8997001e-05,-3.171491e-05,-2.8475411e-05,1.2948774e-05,-2.285467e-05,-1.6371625e-05,-1.07096184e-07,1.4529414e-06,-1.9393767e-05,-4.131756e-05,1.3999183e-05
16,0.00038869173,-2.9226234e-05,0.00026108944,3.7434688e-06,-0.00033559423,0.0005362658,-9.893372e-05,0.00022988577,-0.0006593552,-0.00020922482,0.00056407205,-0.00041959155,-0.0001411034,-3.6565165e-05,-0.0003508755,-0.00024037031,0.00065651233,0.00011300229,-0.00015954388,0.00014238044,5.3325843e-05,-2.9495539e-05,9.983164e-05,-0.00013095542,-0.00014263611,-7.763279e-06,-0.00010378104,3.006512e-05,3.156415e-05,-0.00014191645,-6.564824e-05,7.98673e-06,3.300029e-05,2.8801067e-05,-4.492891e-06,5.4383385e-05,4.5214052e-05,6.094979e-07,1.9214587e-05,1.5234801e-05,5.0581897e-05,-9.057712e-06,-3.118762e-05,-2.0849997e-05,5.515173e-05,-1.5704521e-06,-3.880746e-06,2.0534027e-05,-1.3530109e-05,3.4645484e-05
17,0.0048083393,-0.0008558797,-0.00018065295,0.0005344913,2.8504863e-05,-0.00013056176,0.00052412937,-0.00030426082,0.00018466238,-0.0003467658,0.00034502798,0.000352205,0.00018688328,9.052515e-05,-9.9107376e-05,-0.00026120897,0.00011300229,0.0015122441,3.2380936e-05,-0.00030800374,-9.691399e-06,-6.1311985e-06,2.099757e-05,-0.0002441305,-0.00017190326,-0.00013216835,0.000100489924,0.00013559932,0.00011038099,-4.684045e-05,7.765155e-05,0.00014386317,4.1405183e-05,-3.406529e-05,0.00013120162,3.8209593e-05,8.50009e-06,4.5049437e-05,4.5731373e-05,-1.2371147e-05,9.804174e-06,9.843621e-05,0.000101702106,3.1050542e-05,-1.9313353e-05,-1.6828328e-05,-1.9210944e-05,6.9352755e-05,5.152767e-05,2.0167357e-05
18,0.00053242035,-0.0005810889,-0.00014712525,-7.4033983e-06,0.00028758676,-0.00021256559,0.00016585851,-0.0001590997,0.00014109843,-0.0006174383,1.9472125e-05,0.00037152309,-0.00022284038,0.00017462281,0.00037744117,0.0001415819,-0.00015954388,3.2380936e-05,0.0007238224,-0.00041827318,2.1761904e-05,5.8211248e-05,-7.141371e-05,0.00016397852,4.4337445e-05,5.0224844e-05,-6.8295e-05,0.000100123456,8.458769e-05,0.00013230002,3.680053e-05,-5.774083e-05,5.2720232e-05,1.2287081e-05,1.6084483e-05,1.9397282e-06,-2.6252677e-05,7.81169e-06,2.5354073e-05,-4.100018e-05,-1.4855168e-05,-1.5688285e-05,2.5102781e-06,1.0235485e-05,3.0864852e-05,-1.887691e-05,3.2510194e-05,4.8997015e-05,2.402176e-05,-2.9393754e-05
19,-0.00095649814,0.0006169954,0.00014391053,-3.2271746e-05,-0.00018808985,0.00030950783,-0.00022135006,0.00013410892,0.00017063925,0.00071055454,-0.00016558665,-0.0003710199,0.00017672539,-0.0002013417,-0.00031889832,-9.681504e-05,0.00014238044,-0.00030800374,-0.00041827318,0.0007009569,0.00017641205,-2.281487e-05,6.8252004e-05,-4.5838657e-05,-4.841303e-05,-9.696717e-05,-2.422902e-06,-0.00011669573,-0.00013540003,-3.453749e-06,-6.7178145e-05,-3.7743477e-05,-2.8030237e-05,3.448091e-05,2.8414135e-05,-7.0027934e-05,6.5370026e-05,-1.8798852e-05,4.2560627e-05,3.2018143e-05,-8.0318525e-05,3.3595847e-05,4.1348827e-05,4.860664e-07,-1.7381655e-05,5.247902e-06,-3.0530548e-05,-2.5877769e-05,-9.869387e-06,4.7618152e-05
20,0.0011988038,0.00023845688,-0.0001812453,0.00011165909,0.0002897879,2.477075e-05,-0.00014829784,-1.9639032e-05,0.000810207,0.00037560667,9.4449046e-05,-6.483686e-05,-0.00018468173,9.3745606e-05,-0.00020196362,8.48167e-05,5.3325843e-05,-9.691399e-06,2.1761904e-05,0.00017641205,0.00059223676,4.1744002e-05,2.931371e-05,0.00015132692,6.2940803e-06,1.2424395e-05,-0.00012211264,2.5199166e-05,0.00019644127,8.14195e-05,-0.0001601641,3.0349306e-06,9.8184195e-05,9.794807e-05,-5.985875e-05,-0.00011049899,4.988034e-05,-4.1697873e-05,6.9978254e-05,1.9318784e-05,9.875804e-06,-3.0804014e-05,3.3459604e-05,-2.8918927e-05,3.6849102e-05,-2.4886313e-05,1.01629485e-05,3.9995513e-05,1.0471755e-05,1.9541267e-05
21,-0.0020195425,0.00025585515,0.00022402089,-9.455046e-05,4.527106e-05,5.262426e-05,-8.420925e-05,1.8187433e-05,-0.00076877046,3.1095282e-05,-0.00025626997,-2.2446962e-05,-0.00023784509,-8.153729e-05,-0.0001854141,-3.831178e-05,-2.9495539e-05,-6.1311985e-06,5.8211248e-05,-2.281487e-05,4.1744002e-05,0.0002610481,0.00011372505,2.085754e-05,8.39354e-05,6.3461644e-05,-6.6060704e-05,7.449442e-06,4.0615687e-05,3.2868124e-06,-9.730149e-06,-1.4914786e-05,1.5407733e-05,2.4379726e-05,3.4315148e-05,-3.9806724e-05,-2.35419e-05,4.970697e-05,2.5665968e-05,-5.9617423e-07,6.7827696e-06,-1.3102061e-05,1.7793678e-05,2.4998062e-05,-1.4699763e-05,-2.6368945e-05,2.441599e-05,3.347447e-05,5.069934e-05,1.6462658e-05
22,-0.0020724274,0.0002451695,0.00012146345,-0.0001403262,2.3278051e-05,0.0003135493,-0.00015358295,7.4954165e-05,-0.00056770316,0.00042002738,-0.00017238616,-0.00033514976,-8.670876e-05,-1.852314e-05,-0.00020063372,-0.00011971682,9.983164e-05,2.099757e-05,-7.141371e-05,6.8252004e-05,2.931371e-05,0.00011372505,0.00044058522,-4.2416763e-05,-1.1075655e-05,-7.2980824e-06,-1.1359651e-05,3.2005475e-05,-3.0097728e-05,3.6381552e-05,-4.7646845e-05,3.663415e-05,4.4223947e-05,-5.728198e-05,6.481792e-06,-3.138344e-05,-7.791368e-05,-9.641979e-06,6.5660104e-05,3.9092432e-05,2.192815e-05,1.4911933e-05,1.0991318e-05,1.8198942e-05,-2.6443557e-05,-6.413296e-07,-1.4354913e-05,3.0128009e-05,2.0669324e-05,-3.652696e-05
23,-0.00095278805,0.00010360046,-1.9661908e-05,-0.00015618594,0.0002306336,-6.510681e-05,-0.00013739456,4.578613e-06,0.00019272487,0.00017628718,-0.000115227005,-0.0001838578,-0.0001905273,4.993651e-05,0.00014948126,0.00018137941,-0.00013095542,-0.0002441305,0.00016397852,-4.5838657e-05,0.00015132692,2.085754e-05,-4.2416763e-05,0.0003026143,7.447237e-05,-4.794299e-05,-5.6427734e-07,-1.4816684e-05,2.438225e-05,2.2663367e-05,-6.410781e-05,3.1163603e-05,5.9776485e-06,-3.3605516e-05,-3.8028884e-05,-4.469834e-05,-4.6591667e-06,-1.6234026e-05,5.570224e-06,2.9741183e-05,-1.7923569e-05,-2.1699267e-05,-1.5733229e-05,3.5479306e-06,-1.03261e-06,-1.5218033e-05,3.0717227e-05,-1.5331709e-05,-1.49219e-06,-9.867117e-06
24,-0.0017176014,0.00027277885,-9.373614e-06,-0.00017294001,0.00012228504,-0.00011072504,-5.082429e-05,-1.3228033e-05,-0.00024546142,9.443365e-05,-0.00028042818,-3.968769e-05,-0.00016371712,-0.00011796797,-6.45306e-05,0.00017445406,-0.00014263611,-0.00017190326,4.4337445e-05,-4.841303e-05,6.2940803e-06,8.39354e-05,-1.1075655e-05,7.447237e-05,0.0002707222,-1.4001283e-05,-5.1546078e-05,3.1187505e-05,0.000104687104,-6.9486023e-06,-5.1588067e-05,9.330919e-07,3.859781e-06,-4.3013628e-05,-4.1961277e-05,-1.4931662e-05,-4.0856165e-05,9.26842e-06,-2.9244975e-06,-3.166616e-05,-3.8571026e-05,2.8657942e-06,6.969114e-06,-3.840519e-06,-1.2188417e-05,-8.17568e-06,3.607395e-05,-1.0482571e-05,-1.5597903e-05,7.5426383e-06
25,-0.0008699494,0.00014598371,0.00012586474,2.6949121e-05,-0.00013775475,-6.1330145e-05,8.001679e-05,0.00012092833,-0.00045046484,-0.000389695,9.973119e-05,0.00026424509,-9.333469e-05,-0.0001619459,-2.3863899e-05,5.2780895e-05,-7.763279e-06,-0.00013216835,5.0224844e-05,-9.696717e-05,1.2424395e-05,6.3461644e-05,-7.2980824e-06,-4.794299e-05,-1.4001283e-05,0.00032733785,-6.7035944e-05,-2.1045187e-05,3.0715964e-05,4.839986e-05,4.0917175e-06,-5.281836e-05,-1.6922357e-05,7.591775e-05,-6.062945e-05,-5.137192e-05,7.698336e-06,-4.4581022e-05,3.7673294e-06,1.0906291e-05,3.0898187e-05,-6.3818276e-05,-1.7974695e-06,-1.36021545e-05,-7.5217777e-06,1.25691095e-05,-4.82356e-05,8.573532e-06,-7.973726e-06,-4.742268e-06
26,-7.01588e-05,-6.976735e-05,0.00012523697,1.776596e-05,4.5314813e-05,-0.00016428727,3.5933488e-05,-1.3757963e-05,-4.2426203e-05,0.00012283678,-0.00018460199,-8.790945e-05,8.227878e-06,0.00011563018,0.00023294978,2.5400865e-05,-0.00010378104,0.000100489924,-6.8295e-05,-2.422902e-06,-0.00012211264,-6.6060704e-05,-1.1359651e-05,-5.6427734e-07,-5.1546078e-05,-6.7035944e-05,0.0003379848,-5.787181e-06,-8.472616e-05,4.7675618e-05,3.316692e-05,6.907145e-05,3.2631256e-06,-5.523068e-05,3.0543946e-05,3.9272792e-05,-3.963871e-05,3.6245256e-05,-2.2413831e-05,2.798808e-06,-1.7846345e-05,-1.888854e-05,2.0843003e-05,2.9311506e-05,7.933719e-06,4.369927e-05,-4.176169e-05,-2.8533143e-06,-1.4346757e-05,9.606216e-06
27,0.00010599218,-0.00018907952,-4.6107998e-05,-8.735011e-05,0.00018462515,0.00013147516,-3.2845724e-05,-4.5386543e-05,-3.4956152e-05,1.231882e-05,0.00011323512,-0.00015731531,-6.238887e-05,0.00014128521,0.00014991261,-3.4992576e-05,3.006512e-05,0.00013559932,0.000100123456,-0.00011669573,2.5199166e-05,7.449442e-06,3.2005475e-05,-1.4816684e-05,3.1187505e-05,-2.1045187e-05,-5.787181e-06,0.0003165676,6.1007715e-05,1.4687795e-05,1.870178e-05,3.9801373e-05,9.207464e-05,-6.869818e-05,-1.3773329e-05,-3.914763e-05,-3.279712e-05,3.539028e-05,4.769663e-05,-1.4534926e-05,2.9630643e-05,8.842835e-06,-5.0421928e-05,7.786337e-06,-1.3864319e-06,9.220168e-06,1.6872742e-05,-1.04039096e-07,-2.9219576e-05,-6.9686075e-06
28,0.0006235159,-3.117357e-05,-0.00016174346,0.00014206921,0.000124841,-0.00013821851,-2.8015678e-05,-7.6323864e-05,2.0347554e-05,-0.00013023906,-2.7333017e-06,0.00020675478,-0.00025648577,0.0002005442,-0.00021489506,0.00014309591,3.156415e-05,0.00011038099,8.458769e-05,-0.00013540003,0.00019644127,4.0615687e-05,-3.0097728e-05,2.438225e-05,0.000104687104,3.0715964e-05,-8.472616e-05,6.1007715e-05,0.00042545417,4.9670038e-05,-0.0001319565,-5.398419e-05,3.996485e-05,3.7977894e-05,-1.3694445e-05,8.314026e-06,-3.832538e-07,3.0625688e-05,2.6024627e-05,-2.065256e-05,3.026375e-05,-1.3015549e-05,2.2962733e-05,-1.0283795e-06,6.8019726e-06,-4.1260388e-05,-1.3095939e-06,7.358967e-06,8.060937e-06,2.989997e-05
29,-0.00017255913,-8.499301e-05,-0.00022469682,-2.968065e-05,0.000115598756,-9.665548e-05,-1.3462064e-05,-0.000103844504,0.00021764194,0.0002512277,-0.00020561143,5.96772e-05,8.5013286e-05,0.000109782435,0.00017207026,0.00018199952,-0.00014191645,-4.684045e-05,0.00013230002,-3.453749e-06,8.14195e-05,3.2868124e-06,3.6381552e-05,2.2663367e-05,-6.9486023e-06,4.839986e-05,4.7675618e-05,1.4687795e-05,4.9670038e-05,0.0002318552,-2.0354091e-05,-3.793042e-06,3.2243282e-05,1.4327908e-05,2.2193251e-05,-1.6260958e-05,-1.4454914e-06,4.852492e-06,4.7080437e-05,-1.9699273e-05,4.072883e-06,-1.1146416e-05,1.7000715e-05,-9.342719e-06,-1.2151511e-06,-5.058908e-06,-3.1782303e-05,2.9861567e-06,2.0890711e-05,-3.013443e-05
30,0.00046702032,-0.0002674169,-5.213633e-05,9.274552e-06,-8.210886e-05,-4.540244e-05,0.00016719074,-8.294246e-05,3.485612e-05,-0.0002599413,5.2920504e-06,0.00013477368,0.00017838809,-6.687611e-06,0.00023215413,-6.4480366e-05,-6.564824e-05,7.765155e-05,3.680053e-05,-6.7178145e-05,-0.0001601641,-9.730149e-06,-4.7646845e-05,-6.410781e-05,-5.1588067e-05,4.0917175e-06,3.316692e-05,1.870178e-05,-0.0001319565,-2.0354091e-05,0.00017503252,-2.3661356e-05,9.1663205e-06,-1.21512385e-05,2.4224093e-05,3.2099833e-06,-1.2938284e-05,-1.6917093e-05,-1.0092474e-05,-1.6956335e-05,-1.7426783e-05,2.7886115e-05,-1.1123599e-05,5.182117e-06,-2.095589e-05,8.94008e-06,1.8721421e-05,-1.7099451e-06,-2.8422146e-06,-1.5741716e-05
31,1.1428883e-05,1.7117958e-05,0.00013820284,-8.690993e-05,0.00013234894,5.6919947e-05,-5.5033597e-05,3.6836907e-05,2.6798514e-05,0.00023082926,1.5333637e-05,-0.0002755525,-0.00013994495,1.5241323e-05,6.830976e-05,-9.203621e-05,7.98673e-06,0.00014386317,-5.774083e-05,-3.7743477e-05,3.0349306e-06,-1.4914786e-05,3.663415e-05,3.1163603e-05,9.330919e-07,-5.281836e-05,6.907145e-05,3.9801373e-05,-5.398419e-05,-3.793042e-06,-2.3661356e-05,0.00018286797,1.0968242e-06,-4.5365323e-05,-1.0656271e-05,2.5926836e-05,-2.5901918e-05,1.832951e-05,2.384317e-05,7.3101714e-06,1.6845617e-05,2.0413574e-06,4.307958e-06,-5.654356e-06,3.0094223e-05,1.9148754e-05,-7.8135945e-06,5.120753e-06,-2.915526e-06,-2.1435713e-05
32,-8.094698e-05,-0.00010063725,-5.998604e-05,-4.5596325e-06,5.3818025e-05,0.00010016487,-2.8582293e-05,-4.1768795e-05,-6.9907066e-05,2.4469675e-05,3.2559292e-05,-8.56085e-05,-5.7773483e-05,0.00012947025,0.00012955291,-2.0375992e-05,3.300029e-05,4.1405183e-05,5.2720232e-05,-2.8030237e-05,9.8184195e-05,1.5407733e-05,4.4223947e-05,5.9776485e-06,3.859781e-06,-1.6922357e-05,3.2631256e-06,9.207464e-05,3.996485e-05,3.2243282e-05,9.1663205e-06,1.0968242e-06,0.00015101324,4.3616537e-06,3.2164266e-06,-3.2980737e-05,-3.3077802e-06,-1.3012915e-05,2.1705055e-05,7.0685774e-06,2.5806414e-05,-7.946577e-06,-9.623816e-06,9.525473e-06,1.8700248e-06,1.105264e-05,2.6434964e-05,2.4243542e-05,-5.359019e-06,-1.3076819e-05
33,0.00011044374,5.184767e-05,6.399805e-05,7.353659e-05,-4.4993936e-05,1.75481e-05,-3.28795e-05,-1.626639e-05,-0.00014972028,-0.00017270047,1.8386432e-05,0.00016938118,-0.000111530346,7.579584e-06,-6.596122e-05,-5.181389e-05,2.8801067e-05,-3.406529e-05,1.2287081e-05,3.448091e-05,9.794807e-05,2.4379726e-05,-5.728198e-05,-3.3605516e-05,-4.3013628e-05,7.591775e-05,-5.523068e-05,-6.869818e-05,3.7977894e-05,1.4327908e-05,-1.21512385e-05,-4.5365323e-05,4.3616537e-06,0.00016494952,2.0001278e-06,-3.192052e-05,1.4586536e-05,-2.1896103e-05,-2.0394902e-05,-6.2825193e-06,2.5192043e-05,6.6882885e-06,2.608191e-05,-1.1222346e-05,4.2652897e-05,8.226749e-06,-2.7908143e-05,-8.195058e-07,1.7345683e-05,1.4089936e-05
34,0.00019286915,-0.00015050647,5.8016376e-05,5.5214565e-05,-0.00012747437,0.00014885762,7.4275576e-06,-4.508031e-05,-0.00019089581,-2.9230247e-05,3.5793666e-05,1.5102916e-05,3.4108987e-05,8.700644e-05,-4.627485e-05,-0.00013796527,-4.492891e-06,0.00013120162,1.6084483e-05,2.8414135e-05,-5.985875e-05,3.4315148e-05,6.481792e-06,-3.8028884e-05,-4.1961277e-05,-6.062945e-05,3.0543946e-05,-1.3773329e-05,-1.3694445e-05,2.2193251e-05,2.4224093e-05,-1.0656271e-05,3.2164266e-06,2.0001278e-06,0.00015578541,-1.30936005e-05,8.255461e-06,-1.855656e-06,3.9364833e-05,1.5559352e-05,-4.9265336e-06,1.721805e-05,1.4805415e-05,-1.5816943e-06,-3.8976512e-05,-7.488777e-07,-1.4972429e-05,9.278079e-06,4.0191455e-05,-7.802508e-06
35,0.00042090483,-0.00016146371,5.083875e-06,2.0014479e-05,-1.8290506e-05,-7.021448e-05,5.684697e-05,-3.0981777e-05,-7.17898e-05,-0.0001243799,-3.6765323e-05,1.9663601e-05,1.5933942e-05,0.000113685746,1.4422652e-05,1.0448882e-06,5.4383385e-05,3.8209593e-05,1.9397282e-06,-7.0027934e-05,-0.00011049899,-3.9806724e-05,-3.138344e-05,-4.469834e-05,-1.4931662e-05,-5.137192e-05,3.9272792e-05,-3.914763e-05,8.314026e-06,-1.6260958e-05,3.2099833e-06,2.5926836e-05,-3.2980737e-05,-3.192052e-05,-1.30936005e-05,0.00017436707,-3.8147323e-06,3.152631e-05,-1.8536384e-05,-2.680869e-05,-4.270947e-06,-2.4177654e-05,1.2460396e-05,1.2559779e-05,2.0804127e-05,-1.656061e-05,1.0196522e-05,1.9171614e-05,-8.110898e-06,1.081842e-05
36,0.0005422311,-5.738299e-05,-0.000105643456,8.76064e-05,-6.737016e-05,2.1662163e-05,4.7085825e-05,-1.961599e-05,-6.0333e-05,-5.287626e-05,3.8190997e-06,0.00012183549,0.0001886779,-4.6996385e-05,5.5148223e-05,-6.6790585e-06,4.5214052e-05,8.50009e-06,-2.6252677e-05,6.5370026e-05,4.988034e-05,-2.35419e-05,-7.791368e-05,-4.6591667e-06,-4.0856165e-05,7.698336e-06,-3.963871e-05,-3.279712e-05,-3.832538e-07,-1.4454914e-06,-1.2938284e-05,-2.5901918e-05,-3.3077802e-06,1.4586536e-05,8.255461e-06,-3.8147323e-06,0.00014117236,3.9394995e-06,-9.136231e-06,1.3048826e-05,1.5753763e-05,-3.7751952e-06,-1.37644165e-05,9.2377843e-07,-4.6795362e-06,4.048673e-06,2.5422491e-06,1.8789307e-05,5.0772314e-06,1.8333449e-05
37,0.00041847627,8.1472914e-05,6.65459e-05,7.603468e-06,0.00015486448,-0.00018695158,-4.5758577e-05,4.7926012e-05,0.00024548717,0.00014037767,-0.000100251156,-2.206898e-05,-7.689744e-05,-4.6692236e-05,-3.586124e-05,-6.0401573e-05,6.094979e-07,4.5049437e-05,7.81169e-06,-1.8798852e-05,-4.1697873e-05,4.970697e-05,-9.641979e-06,-1.6234026e-05,9.26842e-06,-4.4581022e-05,3.6245256e-05,3.539028e-05,3.0625688e-05,4.852492e-06,-1.6917093e-05,1.832951e-05,-1.3012915e-05,-2.1896103e-05,-1.855656e-06,3.152631e-05,3.9394995e-06,0.00015401494,-2.1564283e-05,-3.9737923e-05,1.5929749e-05,-9.067909e-06,-1.860358e-05,2.6095244e-05,2.4599309e-05,-1.24538365e-05,6.651156e-06,-1.0402987e-05,1.9872257e-05,2.3975685e-05
38,5.5978235e-06,-2.221875e-05,1.8673492e-05,-2.477354e-05,5.8982794e-05,0.00012663452,-3.401369e-05,-2.0263584e-05,6.381681e-05,0.00014074352,1.4299027e-05,-7.79383e-05,-3.5812398e-05,6.963311e-05,-3.74686e-05,-6.973341e-05,1.9214587e-05,4.5731373e-05,2.5354073e-05,4.2560627e-05,6.9978254e-05,2.5665968e-05,6.5660104e-05,5.570224e-06,-2.9244975e-06,3.7673294e-06,-2.2413831e-05,4.769663e-05,2.6024627e-05,4.7080437e-05,-1.0092474e-05,2.384317e-05,2.1705055e-05,-2.0394902e-05,3.9364833e-05,-1.8536384e-05,-9.136231e-06,-2.1564283e-05,0.00010342326,2.4458153e-05,1.6683028e-06,-1.9727831e-06,1.8810719e-05,-1.16337e-05,-2.4684585e-05,-5.0413964e-06,-6.6791636e-06,7.3984147e-06,1.9056188e-05,-1.974334e-05
39,2.0596698e-07,7.887259e-06,7.486834e-05,5.2917418e-05,-7.019237e-05,0.0001287242,-4.7976624e-05,3.852028e-05,-8.736322e-05,1.497765e-05,0.000112190886,-2.2171225e-05,2.5943973e-07,8.831733e-05,-2.7872871e-05,-1.8997001e-05,1.5234801e-05,-1.2371147e-05,-4.100018e-05,3.2018143e-05,1.9318784e-05,-5.9617423e-07,3.9092432e-05,2.9741183e-05,-3.166616e-05,1.0906291e-05,2.798808e-06,-1.4534926e-05,-2.065256e-05,-1.9699273e-05,-1.6956335e-05,7.3101714e-06,7.0685774e-06,-6.2825193e-06,1.5559352e-05,-2.680869e-05,1.3048826e-05,-3.9737923e-05,2.4458153e-05,9.6496486e-05,-1.7408767e-06,7.5778535e-06,8.129353e-06,3.8215867e-06,-1.3592955e-05,2.4339439e-05,-1.5100338e-05,1.5678368e-05,3.968201e-06,-5.314515e-06
40,-2.9449508e-05,1.5715961e-05,-3.787558e-05,-4.30835e-05,7.603702e-05,1.24420585e-05,-8.420198e-05,4.6545454e-05,-6.100814e-05,8.433635e-05,6.283095e-05,-8.543623e-05,-6.5842134e-05,-2.7896556e-07,3.2107644e-05,-3.171491e-05,5.0581897e-05,9.804174e-06,-1.4855168e-05,-8.0318525e-05,9.875804e-06,6.7827696e-06,2.192815e-05,-1.7923569e-05,-3.8571026e-05,3.0898187e-05,-1.7846345e-05,2.9630643e-05,3.026375e-05,4.072883e-06,-1.7426783e-05,1.6845617e-05,2.5806414e-05,2.5192043e-05,-4.9265336e-06,-4.270947e-06,1.5753763e-05,1.5929749e-05,1.6683028e-06,-1.7408767e-06,0.00010576602,-2.93249e-05,-2.943412e-05,-1.205666e-05,2.5450483e-05,1.4894307e-05,-4.1579806e-06,-1.2644409e-05,2.5279953e-05,-2.1609503e-05
41,2.6645004e-05,-8.628392e-05,-6.0098253e-05,-9.1581444e-07,-2.7060394e-05,6.8951456e-05,1.827277e-05,-0.000102990205,-7.707808e-05,4.17141e-05,-9.231401e-05,3.0847106e-05,8.373474e-05,1.6217096e-05,2.3400517e-05,-2.8475411e-05,-9.057712e-06,9.843621e-05,-1.5688285e-05,3.3595847e-05,-3.0804014e-05,-1.3102061e-05,1.4911933e-05,-2.1699267e-05,2.8657942e-06,-6.3818276e-05,-1.888854e-05,8.842835e-06,-1.3015549e-05,-1.1146416e-05,2.7886115e-05,2.0413574e-06,-7.946577e-06,6.6882885e-06,1.721805e-05,-2.4177654e-05,-3.7751952e-06,-9.067909e-06,-1.9727831e-06,7.5778535e-06,-2.93249e-05,8.408751e-05,8.4976255e-06,-1.5567788e-05,5.995442e-06,-1.4114218e-07,-1.305594e-06,-9.097152e-06,-5.1826332e-06,6.7086157e-06
42,0.00026149966,1.3166207e-05,3.4215784e-05,8.2370054e-05,-1.8354965e-06,-5.530301e-05,5.302832e-05,-3.5260127e-05,3.4160083e-05,-5.857326e-06,-6.432806e-05,8.357162e-05,-5.1964667e-05,6.143849e-06,-8.890939e-05,1.2948774e-05,-3.118762e-05,0.000101702106,2.5102781e-06,4.1348827e-05,3.3459604e-05,1.7793678e-05,1.0991318e-05,-1.5733229e-05,6.969114e-06,-1.7974695e-06,2.0843003e-05,-5.0421928e-05,2.2962733e-05,1.7000715e-05,-1.1123599e-05,4.307958e-06,-9.623816e-06,2.608191e-05,1.4805415e-05,1.2460396e-05,-1.37644165e-05,-1.860358e-05,1.8810719e-05,8.129353e-06,-2.943412e-05,8.4976255e-06,7.999353e-05,7.5437124e-06,-2.5908416e-06,3.6410164e-08,-1.9333733e-05,1.5435227e-05,6.1811515e-06,1.1643911e-05
43,-0.00027530105,1.8339695e-05,5.7938534e-05,3.856868e-05,1.5436173e-05,-4.4680342e-05,2.9486793e-05,2.4574732e-05,-0.00012731111,-4.981824e-05,-4.9520073e-05,1.3023269e-05,5.988849e-06,-6.1536826e-05,3.07608e-05,-2.285467e-05,-2.0849997e-05,3.1050542e-05,1.0235485e-05,4.860664e-07,-2.8918927e-05,2.4998062e-05,1.8198942e-05,3.5479306e-06,-3.840519e-06,-1.36021545e-05,2.9311506e-05,7.786337e-06,-1.0283795e-06,-9.342719e-06,5.182117e-06,-5.654356e-06,9.525473e-06,-1.1222346e-05,-1.5816943e-06,1.2559779e-05,9.2377843e-07,2.6095244e-05,-1.16337e-05,3.8215867e-06,-1.205666e-05,-1.5567788e-05,7.5437124e-06,6.3059975e-05,-1.4381191e-05,-2.6586144e-06,8.835839e-06,1.2200457e-05,1.8461335e-06,5.57154e-06
44,0.00028216146,-1.3822792e-05,3.220928e-05,-1.7743261e-05,9.961669e-05,-3.9081682e-05,-5.9552727e-05,2.4862136e-05,0.00012638993,2.021941e-05,7.993468e-06,-4.7425572e-05,-0.00012617372,2.9037546e-05,5.0985655e-05,-1.6371625e-05,5.515173e-05,-1.9313353e-05,3.0864852e-05,-1.7381655e-05,3.6849102e-05,-1.4699763e-05,-2.6443557e-05,-1.03261e-06,-1.2188417e-05,-7.5217777e-06,7.933719e-06,-1.3864319e-06,6.8019726e-06,-1.2151511e-06,-2.095589e-05,3.0094223e-05,1.8700248e-06,4.2652897e-05,-3.8976512e-05,2.0804127e-05,-4.6795362e-06,2.4599309e-05,-2.4684585e-05,-1.3592955e-05,2.5450483e-05,5.995442e-06,-2.5908416e-06,-1.4381191e-05,8.2718565e-05,1.2161474e-05,4.4660538e-07,8.494118e-06,5.033654e-06,6.2010567e-06
45,-3.5717065e-05,1.4860507e-05,3.9110877e-05,-6.8314544e-06,-1.4239433e-05,1.7763881e-05,-3.1293234e-06,4.532782e-05,-5.7906618e-05,-2.7492475e-05,4.22784e-05,-2.938827e-05,-1.6286078e-05,-2.70817e-05,7.0954906e-05,-1.07096184e-07,-1.5704521e-06,-1.6828328e-05,-1.887691e-05,5.247902e-06,-2.4886313e-05,-2.6368945e-05,-6.413296e-07,-1.5218033e-05,-8.17568e-06,1.25691095e-05,4.369927e-05,9.220168e-06,-4.1260388e-05,-5.058908e-06,8.94008e-06,1.9148754e-05,1.105264e-05,8.226749e-06,-7.488777e-07,-1.656061e-05,4.048673e-06,-1.24538365e-05,-5.0413964e-06,2.4339439e-05,1.4894307e-05,-1.4114218e-07,3.6410164e-08,-2.6586144e-06,1.2161474e-05,4.6673707e-05,-1.863217e-05,3.797094e-06,-8.112264e-06,-3.4849443e-06
46,-0.00025671243,-4.247425e-05,-2.5651034e-05,-4.8158985e-05,7.6541066e-05,5.167737e-06,-2.2446186e-05,-4.738159e-05,-1.8677885e-05,1.7439314e-05,-9.398365e-05,-4.3992324e-05,-1.5890917e-05,6.866013e-05,1.804288e-05,1.4529414e-06,-3.880746e-06,-1.9210944e-05,3.2510194e-05,-3.0530548e-05,1.01629485e-05,2.441599e-05,-1.4354913e-05,3.0717227e-05,3.607395e-05,-4.82356e-05,-4.176169e-05,1.6872742e-05,-1.3095939e-06,-3.1782303e-05,1.8721421e-05,-7.8135945e-06,2.6434964e-05,-2.7908143e-05,-1.4972429e-05,1.0196522e-05,2.5422491e-06,6.651156e-06,-6.6791636e-06,-1.5100338e-05,-4.1579806e-06,-1.305594e-06,-1.9333733e-05,8.835839e-06,4.4660538e-07,-1.863217e-05,6.064335e-05,1.067228e-05,5.2224777e-06,-7.897232e-06
47,0.00044647715,-0.00011254296,-1.2110146e-07,8.020841e-05,-5.4289903e-06,3.1676278e-05,4.5755383e-05,-1.8177125e-05,-5.2059727e-07,-0.00010913651,6.904935e-05,7.469118e-05,9.7548855e-06,6.96201e-05,5.475425e-06,-1.9393767e-05,2.0534027e-05,6.9352755e-05,4.8997015e-05,-2.5877769e-05,3.9995513e-05,3.347447e-05,3.0128009e-05,-1.5331709e-05,-1.0482571e-05,8.573532e-06,-2.8533143e-06,-1.04039096e-07,7.358967e-06,2.9861567e-06,-1.7099451e-06,5.120753e-06,2.4243542e-05,-8.195058e-07,9.278079e-06,1.9171614e-05,1.8789307e-05,-1.0402987e-05,7.3984147e-06,1.5678368e-05,-1.2644409e-05,-9.097152e-06,1.5435227e-05,1.2200457e-05,8.494118e-06,3.797094e-06,1.067228e-05,6.084636e-05,9.190377e-06,8.7218643e-07
48,0.00015319558,-2.23922e-05,5.8820096e-06,1.8870938e-05,4.3573476e-05,-4.715153e-06,-3.7071004e-05,-8.748486e-06,6.041996e-05,8.067128e-05,-1.0308082e-05,9.415978e-06,-3.4102253e-05,3.2298754e-05,-3.646996e-05,-4.131756e-05,-1.3530109e-05,5.152767e-05,2.402176e-05,-9.869387e-06,1.0471755e-05,5.069934e-05,2.0669324e-05,-1.49219e-06,-1.5597903e-05,-7.973726e-06,-1.4346757e-05,-2.9219576e-05,8.060937e-06,2.0890711e-05,-2.8422146e-06,-2.915526e-06,-5.359019e-06,1.7345683e-05,4.0191455e-05,-8.110898e-06,5.0772314e-06,1.9872257e-05,1.9056188e-05,3.968201e-06,2.5279953e-05,-5.1826332e-06,6.1811515e-06,1.8461335e-06,5.033654e-06,-8.112264e-06,5.2224777e-06,9.190377e-06,4.5996883e-05,-1.0775404e-05
49,0.00010205111,6.0815524e-05,4.602111e-05,4.6304463e-05,-3.675135e-05,-4.378749e-05,2.3594912e-05,2.091424e-06,-9.0519214e-05,-6.374005e-05,-2.0256743e-05,5.5327993e-05,-2.5788499e-05,-3.7751666e-05,-7.57411e-05,1.3999183e-05,3.4645484e-05,2.0167357e-05,-2.9393754e-05,4.7618152e-05,1.9541267e-05,1.6462658e-05,-3.652696e-05,-9.867117e-06,7.5426383e-06,-4.742268e-06,9.606216e-06,-6.9686075e-06,2.989997e-05,-3.013443e-05,-1.5741716e-05,-2.1435713e-05,-1.3076819e-05,1.4089936e-05,-7.802508e-06,1.081842e-05,1.8333449e-05,2.3975685e-05,-1.974334e-05,-5.314515e-06,-2.1609503e-05,6.7086157e-06,1.1643911e-05,5.57154e-06,6.2010567e-06,-3.4849443e-06,-7.897232e-06,8.7218643e-07,-1.0775404e-05,5.0934468e-05
