,0,1,2,3,4,5,6,7,8,9,10,11,12,13,14,15,16,17,18,19,20,21,22,23,24,25,26,27,28,29,30,31,32,33,34,35,36,37,38,39,40,41,42,43,44,45,46,47,48,49,50,51,52,53
0,475.59006,17.705214,-72.467224,-5.2619777,-2.4642377,-8.230589,-15.444494,2.3904383,4.507865,0.13252607,2.1705961,7.4727488,0.38799682,6.398254,2.4873743,-4.131851,-0.61579347,2.086896,-3.697942,0.21074258,-0.18599963,1.741785,0.3919561,-4.2997427,4.1234846,-0.3177613,-0.40772176,-1.0020802,0.4432904,-0.061239228,-4.461054,-0.28702602,0.4864195,-0.0033927453,-2.4810214,1.5941272,0.2455225,0.579688,0.8594676,0.9459605,0.44802898,-0.34102076,-2.5367274,-1.1381123,-0.28016993,-1.0027297,2.5386438,0.6957776,-0.50390375,0.7503115,0.74930155,-0.75679207,0.70067024,-0.66624045
1,17.705214,288.64743,-51.777378,-22.268982,-12.603804,2.131064,6.0119324,9.938753,6.4373055,-15.662014,-10.890989,-3.7204413,-8.394508,-13.280794,-16.95897,4.5301485,-2.1318078,-2.7142968,8.603222,6.614673,-3.3413434,-2.0600448,-1.8784287,8.919708,-2.716219,1.4583998,5.9090075,2.9873486,-0.78959036,2.4802678,14.300394,4.887647,-0.21512267,-2.9903488,5.723365,-0.6785239,-0.087415025,-0.11635117,-2.309155,-1.3750293,-3.1621249,1.1880219,5.5386357,2.0487607,0.23210663,3.0139713,-5.4726667,-1.6168731,1.4379804,-1.2650102,-1.9775068,-0.16583487,-1.2640043,1.6208407
2,-72.467224,-51.777378,28.651443,-10.671867,-1.2420444,-1.4135201,-2.445506,-3.559247,-3.9885263,-1.9892161,4.3870177,8.401466,1.1548922,-0.027549544,2.215826,1.9403,3.0686889,-1.6854006,-2.055809,0.48689193,1.0742384,3.3451848,1.7215918,0.60112995,3.0221589,-1.5143716,-1.0105212,-1.1560636,1.1233387,0.8949566,-2.3912463,0.47687757,-0.08030987,1.7917454,-0.33698303,0.7492422,-0.80324924,-0.27137998,0.46947476,-0.8723656,1.338301,-0.69876,-0.36054978,0.7724234,0.61419046,-0.5596119,0.5768416,-0.51338756,-0.16754553,0.169141,0.2127589,-0.054451935,-0.08060922,-0.31837144
3,-5.2619777,-22.268982,-10.671867,86.63833,-7.1985693,9.093768,9.767847,4.829649,-3.5080278,1.0089531,4.920676,2.6420968,-5.2846084,4.0891213,-10.244368,-4.0741415,-1.8491548,-3.0400555,0.41225553,-1.2357998,-0.67244023,-0.63845015,-10.771586,-2.1093147,-2.9493372,6.8052497,1.5218613,0.30002728,-0.6343792,-5.165739,-0.32383487,-1.0184023,-0.531201,-2.2911644,-0.5964117,0.5978134,0.80083025,1.8196235,0.85929465,0.77118516,-1.9278698,3.2448392,-2.8718143,-2.7637851,-0.48671582,-1.3601527,0.1189986,0.419829,-0.77028835,0.5410706,0.74518436,-0.14149414,-0.5414326,0.6311376
4,-2.4642377,-12.603804,-1.2420444,-7.1985693,86.23398,13.86365,-22.708294,-4.0950336,11.318129,-1.1341486,-3.0411773,-1.5603964,1.9593477,-1.7023423,0.89626324,-1.3300059,1.4472249,0.6160308,1.8209281,3.3697991,-0.028898988,-0.58654946,-2.8967507,0.60324347,-1.4284523,1.9750435,-0.45305398,0.101547346,0.043573,-3.5434427,-0.7748191,-0.8422284,0.1736367,-0.20189877,1.9906349,-1.8314712,-0.6219095,0.6569662,-0.05013084,-0.08839122,-0.3473817,0.65977156,-0.6914151,-0.024498433,-0.18452781,1.115215,-0.43216065,-0.14201999,-0.10663855,0.8266132,-0.22536051,1.0086057,-1.3462763,-0.1869589
5,-8.230589,2.131064,-1.4135201,9.093768,13.86365,40.983665,-5.0851774,7.8447156,0.40945345,-6.1756697,-3.759426,-0.014479358,-0.07853563,0.05363562,-4.637538,-2.5519347,-3.208889,-0.19283281,0.56501955,-7.0548296,-4.396665,0.55416906,2.2231526,0.85639894,1.492986,-3.191162,2.409037,-1.1415094,-0.51337767,1.7599629,2.0903673,-0.32679752,0.40396604,0.8079016,-2.9168057,2.5106802,1.3189762,0.85060346,0.022393487,0.16502303,-0.41724408,-1.2812562,-0.9615612,-0.3608774,-1.1184497,-1.8782036,-0.12457196,-0.30767673,-0.8060627,-0.7210386,0.30399978,-1.9659958,0.89121354,-0.42029935
6,-15.444494,6.0119324,-2.445506,9.767847,-22.708294,-5.0851774,22.59444,-4.4132333,11.079172,-6.4936824,-2.4489236,-0.08771056,6.175418,2.2275968,0.9207195,-0.42369902,-0.62877274,3.3253226,-0.06197266,-0.44933277,0.76911813,-1.2543225,-0.44499642,-0.48109472,-2.1595886,-0.83357507,1.019481,-1.6959898,-1.5320191,-0.26277983,0.9182161,-0.04617578,-0.10255362,-0.09422913,-1.3208412,-0.64054215,-0.34351075,0.23072235,0.1422267,1.3739929,-0.6390588,0.17055705,0.08191952,-1.0050325,-1.2019851,0.9930887,0.69762254,0.10130362,-0.8741302,0.4033868,0.8307169,-0.8557956,-0.27002427,0.27009135
7,2.3904383,9.938753,-3.559247,4.829649,-4.0950336,7.8447156,-4.4132333,37.345524,-2.6969604,6.181533,2.8663678,-3.7815652,5.855411,3.6777596,-1.1739976,3.7868366,0.75251436,-4.065406,1.6730088,-1.5316786,1.0783794,0.019357987,-1.0545735,1.5881729,1.1187127,-2.1255934,-3.1986094,-3.6785445,0.47372484,2.5828118,1.5388627,-2.9966216,0.34789917,1.5040627,-0.79330945,0.8606936,0.0892146,-0.30598003,2.2509408,-1.8060193,-1.9015191,0.8938197,0.9029317,0.84213144,1.5077324,-0.057737228,-0.053265773,-0.17467806,-0.5102755,1.0430377,-1.1129167,1.31318,0.16275898,1.0575924
8,4.507865,6.4373055,-3.9885263,-3.5080278,11.318129,0.40945345,11.079172,-2.6969604,26.181578,-4.6102834,1.6629319,-3.543478,2.730987,7.589557,3.8995287,-1.8326792,2.6100426,-1.4403453,-1.4238517,-1.0646389,2.832597,1.1221373,-0.328419,2.4302497,-1.4384844,0.85901827,1.7141626,-2.5900204,-0.32647017,0.66248846,1.3609488,0.07618957,-0.7921635,0.6222926,-1.2135142,-0.64620167,-2.5363202,-0.2919733,0.155624,0.3341983,-0.19473925,-0.30830622,0.5905955,-0.49169454,-1.6562381,1.9867148,0.03946843,-0.5103518,-0.93331265,-1.1254416,0.7946018,-0.77587104,-0.73245466,0.21720025
9,0.13252607,-15.662014,-1.9892161,1.0089531,-1.1341486,-6.1756697,-6.4936824,6.181533,-4.6102834,27.205132,-1.87592,-9.31557,-4.577482,3.8188815,1.982178,-1.969202,-1.5357924,2.077161,2.6353436,2.1367278,3.0091376,0.6306653,-2.2198613,1.3489451,-1.8820865,-0.85088074,0.64866966,0.3402033,-1.8152965,-0.4215799,0.1393455,-0.73704857,0.050654683,0.16438958,-0.09310359,1.1175394,1.3986971,-1.6423784,-1.6811492,-1.8393431,1.0949361,0.53391516,1.6376987,1.0993752,-0.38096476,-1.3945749,0.6946962,-0.60741615,-0.65270174,-0.8772067,0.5905441,-0.3388635,-0.20166238,-0.37784573
10,2.1705961,-10.890989,4.3870177,4.920676,-3.0411773,-3.759426,-2.4489236,2.8663678,1.6629319,-1.87592,29.907995,-2.1767335,-0.78669715,1.5045818,1.2416596,-4.304845,-1.1381714,-0.62048674,0.38142115,-0.08557935,-2.517592,0.92507637,0.4291708,0.5658953,4.623147,0.73448706,-1.4945264,-0.7832594,0.9360994,-2.2163749,1.4974753,0.82803917,2.604169,1.2054936,0.9455962,0.39071435,-1.4170146,-0.22533408,0.77824783,1.035863,0.69563526,0.5795876,-0.88814855,0.6944568,0.33721223,1.2397606,-0.64137673,-1.9734118,0.9869031,-0.49503642,-1.1149731,-1.2296867,-0.9418368,0.838044
11,7.4727488,-3.7204413,8.401466,2.6420968,-1.5603964,-0.014479358,-0.08771056,-3.7815652,-3.543478,-9.31557,-2.1767335,27.35519,-0.91117555,3.830835,-3.424876,1.7896446,2.9542642,-0.31276637,1.1720433,3.790652,2.0332136,0.08782253,-1.0452247,1.5776538,0.9167918,-3.4624286,-1.0538361,-1.5169373,1.4820242,-0.6304977,0.3590845,-0.35121906,-0.9607371,1.4297078,0.5669701,-0.69838274,0.74888444,-0.037510805,0.2184838,-0.6600445,0.57452106,-0.5238306,-1.2855644,0.39096814,0.5260935,-1.3754505,-1.0602299,-0.7339622,-0.18338609,0.22464135,0.13943335,-0.15525168,-0.88005877,-0.73401284
12,0.38799682,-8.394508,1.1548922,-5.2846084,1.9593477,-0.07853563,6.175418,5.855411,2.730987,-4.577482,-0.78669715,-0.91117555,21.722734,-0.42170906,-2.1390703,1.8105927,-5.215263,3.6139116,-1.9483287,2.5016751,0.73468053,2.010096,0.4381769,-1.3761388,0.56856227,-1.19539,0.54767776,-0.6797327,1.2256043,-1.6917584,-1.0947491,-1.6322758,1.900065,-0.82568693,0.49532384,0.12708247,-0.26100892,-1.426202,-0.0165995,-0.6575253,-0.48519975,0.14137347,0.8305203,-0.70947814,-0.41488987,-0.12284975,0.8993716,-0.71179366,0.024493169,0.29778647,-1.1558334,0.3048302,0.3649441,-0.53719676
13,6.398254,-13.280794,-0.027549544,4.0891213,-1.7023423,0.05363562,2.2275968,3.6777596,7.589557,3.8188815,1.5045818,3.830835,-0.42170906,13.542861,1.9628215,-0.12431744,1.3619406,-2.2343564,0.3855253,-1.4021914,1.949013,-1.5093415,0.6514008,2.1777804,-3.246896,-1.0703957,0.4598379,-1.2320578,0.47565985,-0.0009376204,0.5744418,-1.3555114,1.7634046,-1.4821486,-0.3291211,-0.96559685,-0.5253163,-1.5971081,-0.059198923,-0.65130544,0.69886744,-0.7458605,-0.9159818,0.10886906,-0.64040405,-0.7722851,-1.8483232,-0.4376841,0.039082795,-1.3981007,-0.1424334,0.34161347,0.11776711,-0.68720424
14,2.4873743,-16.95897,2.215826,-10.244368,0.89626324,-4.637538,0.9207195,-1.1739976,3.8995287,1.982178,1.2416596,-3.424876,-2.1390703,1.9628215,12.587477,3.3634632,-0.45163494,0.4915679,-0.6376251,0.22302696,-1.6078753,0.66164815,0.2496545,0.26440543,-0.183321,0.72703946,-0.70361364,-1.04354,-0.4852182,1.116593,0.92596805,-0.9509162,-1.3843887,0.14335799,-1.4917375,-1.1901827,2.5419931,0.67429125,1.6115817,1.0342071,-0.44761515,-1.0295556,-0.5555247,-0.012099459,-0.55555004,0.3999889,-1.3020147,-0.5648531,1.1561819,0.8281034,0.58189654,-0.43138126,0.45652333,0.24381937
15,-4.131851,4.5301485,1.9403,-4.0741415,-1.3300059,-2.5519347,-0.42369902,3.7868366,-1.8326792,-1.969202,-4.304845,1.7896446,1.8105927,-0.12431744,3.3634632,9.955984,1.8254358,-0.9422901,1.6440879,2.1373115,-1.8812072,3.3993993,-1.4485619,-0.50746167,-0.043895084,2.5154824,0.89821184,-0.37443346,0.5639448,3.0213318,-0.21141122,-0.64108944,2.401198,-0.7458895,-0.9944565,-0.45916727,0.74562347,0.17384763,0.28845012,0.710292,-1.001973,0.20091437,-1.0441881,0.589472,-0.12963295,-0.26204574,-0.43164098,-0.42968857,-0.210772,0.45210576,0.33087063,0.8920574,0.020665778,-0.24800429
16,-0.61579347,-2.1318078,3.0686889,-1.8491548,1.4472249,-3.208889,-0.62877274,0.75251436,2.6100426,-1.5357924,-1.1381714,2.9542642,-5.215263,1.3619406,-0.45163494,1.8254358,16.588367,1.0767577,-0.641279,-0.4719661,-1.0071752,1.9871051,0.96253216,-0.92964923,-0.07256682,-0.6093807,2.5056524,-1.2014705,-2.5214696,-1.0542823,0.13423568,-0.6894486,-0.08644709,0.93218434,-1.8435078,0.56287074,-0.76392657,-0.3321848,-0.44180864,-0.9047251,-0.18452938,1.5377288,-0.57898223,-0.08879545,0.75962377,0.3752876,0.795869,0.62209225,0.2712695,-0.41172826,-0.8673847,1.1064427,0.009989878,0.8972076
17,2.086896,-2.7142968,-1.6854006,-3.0400555,0.6160308,-0.19283281,3.3253226,-4.065406,-1.4403453,2.077161,-0.62048674,-0.31276637,3.6139116,-2.2343564,0.4915679,-0.9422901,1.0767577,13.733742,5.232003,-1.521551,1.9731078,-0.91291195,-0.8758353,-0.040866457,1.6106197,-0.6697748,2.599887,-0.20175865,-0.8975382,-1.1181239,0.10289045,-0.8843488,0.20170993,1.4934235,-0.21944496,-0.12379176,-0.00045097945,0.35550925,-0.67114985,1.4493215,-0.013511969,-0.008358061,-0.45280617,-0.08204021,-0.27845263,-1.0154464,-0.4706777,-0.23504728,0.31551123,0.18717831,-0.6064348,-0.056080632,0.41366917,0.53047276
18,-3.697942,8.603222,-2.055809,0.41225553,1.8209281,0.56501955,-0.06197266,1.6730088,-1.4238517,2.6353436,0.38142115,1.1720433,-1.9483287,0.3855253,-0.6376251,1.6440879,-0.641279,5.232003,12.268583,0.6184436,-1.3619708,-0.4028092,-1.1266,-1.2537353,-0.475909,-0.79042375,-1.135679,-2.8252146,1.2486255,0.5206044,-0.91287094,-0.31327695,-0.49127418,-0.62174785,0.6445124,0.18090664,-0.9317982,-0.54423,0.31950316,1.5742857,0.10524649,0.5317593,-0.33331823,0.044792406,0.17564367,0.3470441,-0.8849281,-0.5096512,-0.63564634,-0.98747146,1.2295959,-0.22070992,-0.049452618,-0.14166352
19,0.21074258,6.614673,0.48689193,-1.2357998,3.3697991,-7.0548296,-0.44933277,-1.5316786,-1.0646389,2.1367278,-0.08557935,3.790652,2.5016751,-1.4021914,0.22302696,2.1373115,-0.4719661,-1.521551,0.6184436,9.769137,-2.0409725,0.56921697,-1.3055483,0.8812963,-2.3521574,1.0024197,-0.8012845,-0.37732184,0.20293598,-2.6466856,0.6107456,-0.83402646,0.8346349,1.5818789,-0.20101413,0.5514469,0.39993405,0.34071296,0.2652493,-0.95359504,-0.2823542,0.6314626,0.8260911,0.22595061,-0.36155766,0.0008866652,0.44166207,-0.47419024,-0.45188314,0.059387747,0.33122653,-1.01113,0.40761977,-0.11198561
20,-0.18599963,-3.3413434,1.0742384,-0.67244023,-0.028898988,-4.396665,0.76911813,1.0783794,2.832597,3.0091376,-2.517592,2.0332136,0.73468053,1.949013,-1.6078753,-1.8812072,-1.0071752,1.9731078,-1.3619708,-2.0409725,8.109542,-0.6693121,-0.73342586,2.5482903,2.3498688,0.42731863,0.46911836,0.5024074,0.6668304,0.30130517,-0.81773245,0.53527164,-0.6855719,0.7009218,0.67707384,-0.37692502,-1.0036929,0.6928512,0.2154164,-0.44711673,0.38106292,0.4928219,1.1267648,0.6442348,-0.16128983,-0.52526456,-0.89018685,0.50866866,-0.5340754,-0.10610323,0.019281378,1.1833683,-0.23589131,0.12631446
21,1.741785,-2.0600448,3.3451848,-0.63845015,-0.58654946,0.55416906,-1.2543225,0.019357987,1.1221373,0.6306653,0.92507637,0.08782253,2.010096,-1.5093415,0.66164815,3.3993993,1.9871051,-0.91291195,-0.4028092,0.56921697,-0.6693121,10.313882,-3.1621246,1.2324281,2.9910154,-0.37167352,0.6270752,0.84269136,-1.1880506,0.25501436,-0.76971316,0.9076023,-1.2384312,-2.1142983,-1.038705,1.3448362,-0.9530494,-0.5619391,-0.21118383,-0.20269015,-0.6065985,-0.15308893,0.45085365,-0.75470674,-0.23374121,-0.046397246,-0.0026803473,-1.120525,-0.21224546,-0.68019843,0.39142096,-0.16089958,0.20715174,-0.14377144
22,0.3919561,-1.8784287,1.7215918,-10.771586,-2.8967507,2.2231526,-0.44499642,-1.0545735,-0.328419,-2.2198613,0.4291708,-1.0452247,0.4381769,0.6514008,0.2496545,-1.4485619,0.96253216,-0.8758353,-1.1266,-1.3055483,-0.73342586,-3.1621246,7.687239,0.95768213,-0.21943012,-0.98096097,0.72778076,-1.2808949,1.3571708,-1.0400047,-0.15355977,-0.25335404,0.6993297,-1.0222424,-0.8514811,0.8192354,1.4675286,-0.39858973,-0.31869274,0.9735354,0.7046036,0.89980114,0.7639116,-0.20224847,0.8223341,0.2111415,0.42427662,0.29046375,-0.2531376,-0.06930344,-0.027698416,0.1200812,0.2485796,0.12902313
23,-4.2997427,8.919708,0.60112995,-2.1093147,0.60324347,0.85639894,-0.48109472,1.5881729,2.4302497,1.3489451,0.5658953,1.5776538,-1.3761388,2.1777804,0.26440543,-0.50746167,-0.92964923,-0.040866457,-1.2537353,0.8812963,2.5482903,1.2324281,0.95768213,10.136543,-0.18444985,0.013261696,0.42741364,0.6586182,0.5714967,-0.9856887,1.2290444,0.11160101,-0.31345817,-0.46826094,0.0609693,0.51520085,-0.9114015,0.10859168,-0.010238301,0.8035773,-0.71984816,0.10484147,-0.33238092,0.39801598,0.91740656,-0.94588435,0.19671264,-0.6592672,-0.19924048,0.97209394,0.48925877,0.08966939,0.6847408,0.80754006
24,4.1234846,-2.716219,3.0221589,-2.9493372,-1.4284523,1.492986,-2.1595886,1.1187127,-1.4384844,-1.8820865,4.623147,0.9167918,0.56856227,-3.246896,-0.183321,-0.043895084,-0.07256682,1.6106197,-0.475909,-2.3521574,2.3498688,2.9910154,-0.21943012,-0.18444985,7.3072085,-0.14165854,-0.054357916,0.8357725,-0.0662179,0.8127734,0.584991,0.67500603,-0.44947174,1.1411933,0.24622285,-0.35894048,0.6994221,-0.06689112,-0.34497848,-0.30369413,0.3218031,1.4408429,-0.022956904,-0.23677741,-0.3236048,0.14354974,-0.6307356,-0.36022505,0.033574108,0.06705223,0.67639256,0.09046266,0.16391301,0.09808752
25,-0.3177613,1.4583998,-1.5143716,6.8052497,1.9750435,-3.191162,-0.83357507,-2.1255934,0.85901827,-0.85088074,0.73448706,-3.4624286,-1.19539,-1.0703957,0.72703946,2.5154824,-0.6093807,-0.6697748,-0.79042375,1.0024197,0.42731863,-0.37167352,-0.98096097,0.013261696,-0.14165854,7.234991,2.8526976,-0.042955138,2.8487196,1.043541,-0.48892668,-0.33302584,0.45003772,1.0760578,0.098077565,0.47193375,-0.38399374,0.6580982,-0.0945341,0.17999819,0.10685967,0.16064751,-0.21294546,-0.67279494,0.49366182,-0.12768787,-0.38807043,0.008393798,0.1676586,0.17074728,0.022907823,0.18061744,0.4694798,0.17618276
26,-0.40772176,5.9090075,-1.0105212,1.5218613,-0.45305398,2.409037,1.019481,-3.1986094,1.7141626,0.64866966,-1.4945264,-1.0538361,0.54767776,0.4598379,-0.70361364,0.89821184,2.5056524,2.599887,-1.135679,-0.8012845,0.46911836,0.6270752,0.72778076,0.42741364,-0.054357916,2.8526976,6.2397532,-0.6284759,1.0294154,-0.05747776,-0.041742153,0.82162106,0.5276839,0.0109892655,-0.4903698,1.5983262,1.1188816,-0.9725356,-0.11079785,-0.64879096,0.7908188,0.30629337,-0.021613862,0.715827,-0.36451736,-1.022366,-0.1991095,-0.5242475,0.26852995,0.18432996,-0.52356994,-0.2805213,-0.32000566,0.044125147
27,-1.0020802,2.9873486,-1.1560636,0.30002728,0.101547346,-1.1415094,-1.6959898,-3.6785445,-2.5900204,0.3402033,-0.7832594,-1.5169373,-0.6797327,-1.2320578,-1.04354,-0.37443346,-1.2014705,-0.20175865,-2.8252146,-0.37732184,0.5024074,0.84269136,-1.2808949,0.6586182,0.8357725,-0.042955138,-0.6284759,7.7030544,0.16232032,-0.9293535,1.4317806,-0.7642611,0.4550137,0.4611593,-1.0227935,-0.5730147,-0.27571344,-1.9296951,0.08979581,1.0742971,-0.5048793,-0.3260231,-0.7670181,0.39476398,-0.2628764,0.1960479,-0.6216339,0.74622923,-0.72886294,-0.37032863,-0.30142212,0.49098912,0.08746235,-0.7595167
28,0.4432904,-0.78959036,1.1233387,-0.6343792,0.043573,-0.51337767,-1.5320191,0.47372484,-0.32647017,-1.8152965,0.9360994,1.4820242,1.2256043,0.47565985,-0.4852182,0.5639448,-2.5214696,-0.8975382,1.2486255,0.20293598,0.6668304,-1.1880506,1.3571708,0.5714967,-0.0662179,2.8487196,1.0294154,0.16232032,5.0304003,0.62652314,-0.64575684,-0.9903805,-1.798139,0.60119045,0.3562914,0.68458706,0.00025930634,-1.4583209,0.7732394,0.8104305,-0.013887507,-0.0078101037,-0.19787669,0.44963413,0.627097,-0.020983689,0.23003665,-0.30339187,0.046038955,-0.7278936,-0.1604476,0.15271658,-0.1774615,-0.15914145
29,-0.061239228,2.4802678,0.8949566,-5.165739,-3.5434427,1.7599629,-0.26277983,2.5828118,0.66248846,-0.4215799,-2.2163749,-0.6304977,-1.6917584,-0.0009376204,1.116593,3.0213318,-1.0542823,-1.1181239,0.5206044,-2.6466856,0.30130517,0.25501436,-1.0400047,-0.9856887,0.8127734,1.043541,-0.05747776,-0.9293535,0.62652314,5.1247435,-0.19964206,0.28604066,0.33067834,1.0984597,0.556072,-0.8338824,-0.7860137,-0.0074352417,-0.91251725,-0.19771083,-0.0036461311,-1.2275484,-0.7166168,0.39949784,-0.22262552,-0.096085474,0.6069255,-0.046394885,-0.20565452,0.12791981,0.21042408,-0.042140495,-0.377546,-0.08611657
30,-4.461054,14.300394,-2.3912463,-0.32383487,-0.7748191,2.0903673,0.9182161,1.5388627,1.3609488,0.1393455,1.4974753,0.3590845,-1.0947491,0.5744418,0.92596805,-0.21141122,0.13423568,0.10289045,-0.91287094,0.6107456,-0.81773245,-0.76971316,-0.15355977,1.2290444,0.584991,-0.48892668,-0.041742153,1.4317806,-0.64575684,-0.19964206,3.7557676,-1.2003784,0.43101692,1.418112,-0.48936772,-0.6230662,1.2784626,-0.19275042,-1.0306914,-0.0071339794,-0.17797633,0.20468527,-0.2282995,-0.24095881,0.30179536,0.29752636,-0.3892746,-0.7311541,0.546121,-0.49406967,0.19444746,-0.19190012,0.038528945,-0.25299215
31,-0.28702602,4.887647,0.47687757,-1.0184023,-0.8422284,-0.32679752,-0.04617578,-2.9966216,0.07618957,-0.73704857,0.82803917,-0.35121906,-1.6322758,-1.3555114,-0.9509162,-0.64108944,-0.6894486,-0.8843488,-0.31327695,-0.83402646,0.53527164,0.9076023,-0.25335404,0.11160101,0.67500603,-0.33302584,0.82162106,-0.7642611,-0.9903805,0.28604066,-1.2003784,2.6997728,0.5751353,-1.1628739,0.7588639,0.70153177,-0.4734113,0.5606048,0.65988636,-0.38187504,0.74025226,-0.15949309,0.3725901,0.7680023,-0.23900777,-0.08298272,-0.23855704,0.0639734,0.10615322,0.699918,0.27944022,-0.19489484,-0.46042934,-0.15789372
32,0.4864195,-0.21512267,-0.08030987,-0.531201,0.1736367,0.40396604,-0.10255362,0.34789917,-0.7921635,0.050654683,2.604169,-0.9607371,1.900065,1.7634046,-1.3843887,2.401198,-0.08644709,0.20170993,-0.49127418,0.8346349,-0.6855719,-1.2384312,0.6993297,-0.31345817,-0.44947174,0.45003772,0.5276839,0.4550137,-1.798139,0.33067834,0.43101692,0.5751353,6.4685326,0.027344052,-0.42198053,-0.102637485,-0.6780982,1.0787942,-0.94992507,0.1980043,0.76607543,0.24310552,-0.6167797,0.6905718,-0.06373697,-0.29685906,-0.41225702,-0.07559106,-0.58989847,0.2196207,0.096962966,0.48225278,-0.10034016,-0.68284243
33,-0.0033927453,-2.9903488,1.7917454,-2.2911644,-0.20189877,0.8079016,-0.09422913,1.5040627,0.6222926,0.16438958,1.2054936,1.4297078,-0.82568693,-1.4821486,0.14335799,-0.7458895,0.93218434,1.4934235,-0.62174785,1.5818789,0.7009218,-2.1142983,-1.0222424,-0.46826094,1.1411933,1.0760578,0.0109892655,0.4611593,0.60119045,1.0984597,1.418112,-1.1628739,0.027344052,5.2234282,-0.7815191,0.2586857,-0.6202445,0.43380404,-0.020495843,-0.7894405,0.29916793,-0.47702765,-0.17759368,0.4247072,0.04944151,0.0063106027,0.5765634,0.18411888,-0.4531359,0.052234814,0.07277717,-0.75862116,0.26106513,0.042263847
34,-2.4810214,5.723365,-0.33698303,-0.5964117,1.9906349,-2.9168057,-1.3208412,-0.79330945,-1.2135142,-0.09310359,0.9455962,0.5669701,0.49532384,-0.3291211,-1.4917375,-0.9944565,-1.8435078,-0.21944496,0.6445124,-0.20101413,0.67707384,-1.038705,-0.8514811,0.0609693,0.24622285,0.098077565,-0.4903698,-1.0227935,0.3562914,0.556072,-0.48936772,0.7588639,-0.42198053,-0.7815191,2.7815123,-1.307461,-0.38309833,-0.41250193,-0.84417886,-1.0462747,0.27255952,0.06792912,-0.28306293,-0.00068270497,-0.06949576,-0.08693311,0.13024718,-0.23682508,0.872887,0.30444503,-0.24806228,0.1427462,-0.21687438,0.23092481
35,1.5941272,-0.6785239,0.7492422,0.5978134,-1.8314712,2.5106802,-0.64054215,0.8606936,-0.64620167,1.1175394,0.39071435,-0.69838274,0.12708247,-0.96559685,-1.1901827,-0.45916727,0.56287074,-0.12379176,0.18090664,0.5514469,-0.37692502,1.3448362,0.8192354,0.51520085,-0.35894048,0.47193375,1.5983262,-0.5730147,0.68458706,-0.8338824,-0.6230662,0.70153177,-0.102637485,0.2586857,-1.307461,2.754429,-0.3875775,0.20217416,0.9764888,0.14301261,0.64223456,-0.29110175,0.9152167,0.24401176,1.0432038,-0.21500704,0.31047142,-0.20013133,-0.18963203,-0.13115221,0.18571979,-0.25805044,0.06335321,-0.47969425
36,0.2455225,-0.087415025,-0.80324924,0.80083025,-0.6219095,1.3189762,-0.34351075,0.0892146,-2.5363202,1.3986971,-1.4170146,0.74888444,-0.26100892,-0.5253163,2.5419931,0.74562347,-0.76392657,-0.00045097945,-0.9317982,0.39993405,-1.0036929,-0.9530494,1.4675286,-0.9114015,0.6994221,-0.38399374,1.1188816,-0.27571344,0.00025930634,-0.7860137,1.2784626,-0.4734113,-0.6780982,-0.6202445,-0.38309833,-0.3875775,3.9001832,-0.50514126,0.057522148,-0.10246177,0.02280379,1.1368886,0.012694665,0.16607282,-0.44080368,-0.1979087,-0.409412,-0.48407894,0.34218675,0.56528753,0.28527653,-0.2188715,-0.41975385,0.06582892
37,0.579688,-0.11635117,-0.27137998,1.8196235,0.6569662,0.85060346,0.23072235,-0.30598003,-0.2919733,-1.6423784,-0.22533408,-0.037510805,-1.426202,-1.5971081,0.67429125,0.17384763,-0.3321848,0.35550925,-0.54423,0.34071296,0.6928512,-0.5619391,-0.39858973,0.10859168,-0.06689112,0.6580982,-0.9725356,-1.9296951,-1.4583209,-0.0074352417,-0.19275042,0.5606048,1.0787942,0.43380404,-0.41250193,0.20217416,-0.50514126,3.8778818,0.28811282,0.37854195,-0.36961523,-0.07998602,0.65205777,-0.04149435,0.16932622,-0.16096827,-0.19224168,0.14192587,0.5612129,-0.19897094,0.10886789,0.39941102,0.44480765,0.37005234
38,0.8594676,-2.309155,0.46947476,0.85929465,-0.05013084,0.022393487,0.1422267,2.2509408,0.155624,-1.6811492,0.77824783,0.2184838,-0.0165995,-0.059198923,1.6115817,0.28845012,-0.44180864,-0.67114985,0.31950316,0.2652493,0.2154164,-0.21118383,-0.31869274,-0.010238301,-0.34497848,-0.0945341,-0.11079785,0.08979581,0.7732394,-0.91251725,-1.0306914,0.65988636,-0.94992507,-0.020495843,-0.84417886,0.9764888,0.057522148,0.28811282,3.2192137,0.44597554,-0.3837809,-0.21695343,0.18020567,1.2463908,-0.35450938,-0.013588322,-0.94611925,0.5456302,0.10521166,0.5293486,-0.24635696,0.021650359,0.04827339,0.043108955
39,0.9459605,-1.3750293,-0.8723656,0.77118516,-0.08839122,0.16502303,1.3739929,-1.8060193,0.3341983,-1.8393431,1.035863,-0.6600445,-0.6575253,-0.65130544,1.0342071,0.710292,-0.9047251,1.4493215,1.5742857,-0.95359504,-0.44711673,-0.20269015,0.9735354,0.8035773,-0.30369413,0.17999819,-0.64879096,1.0742971,0.8104305,-0.19771083,-0.0071339794,-0.38187504,0.1980043,-0.7894405,-1.0462747,0.14301261,-0.10246177,0.37854195,0.44597554,2.7201605,-0.77412736,0.13025317,-0.49904072,0.2011869,0.4149785,0.34540397,0.39385706,0.06699513,-0.27275032,-0.2566865,0.16764712,0.3957374,-0.29917556,-0.029231237
40,0.44802898,-3.1621249,1.338301,-1.9278698,-0.3473817,-0.41724408,-0.6390588,-1.9015191,-0.19473925,1.0949361,0.69563526,0.57452106,-0.48519975,0.69886744,-0.44761515,-1.001973,-0.18452938,-0.013511969,0.10524649,-0.2823542,0.38106292,-0.6065985,0.7046036,-0.71984816,0.3218031,0.10685967,0.7908188,-0.5048793,-0.013887507,-0.0036461311,-0.17797633,0.74025226,0.76607543,0.29916793,0.27255952,0.64223456,0.02280379,-0.36961523,-0.3837809,-0.77412736,1.5355833,-0.33665317,0.3515549,-0.31615585,0.7033298,0.07903792,-0.57607424,-0.23241831,-0.15284675,0.25112176,0.5261841,-0.18340826,-0.14212117,-0.6515399
41,-0.34102076,1.1880219,-0.69876,3.2448392,0.65977156,-1.2812562,0.17055705,0.8938197,-0.30830622,0.53391516,0.5795876,-0.5238306,0.14137347,-0.7458605,-1.0295556,0.20091437,1.5377288,-0.008358061,0.5317593,0.6314626,0.4928219,-0.15308893,0.89980114,0.10484147,1.4408429,0.16064751,0.30629337,-0.3260231,-0.0078101037,-1.2275484,0.20468527,-0.15949309,0.24310552,-0.47702765,0.06792912,-0.29110175,1.1368886,-0.07998602,-0.21695343,0.13025317,-0.33665317,2.3527837,-0.034062795,0.32357103,-0.3581973,0.28515792,0.4799427,-0.08280371,-0.21679269,-0.20486541,0.49522567,0.5002023,-0.23386362,0.44454515
42,-2.5367274,5.5386357,-0.36054978,-2.8718143,-0.6914151,-0.9615612,0.08191952,0.9029317,0.5905955,1.6376987,-0.88814855,-1.2855644,0.8305203,-0.9159818,-0.5555247,-1.0441881,-0.57898223,-0.45280617,-0.33331823,0.8260911,1.1267648,0.45085365,0.7639116,-0.33238092,-0.022956904,-0.21294546,-0.021613862,-0.7670181,-0.19787669,-0.7166168,-0.2282995,0.3725901,-0.6167797,-0.17759368,-0.28306293,0.9152167,0.012694665,0.65205777,0.18020567,-0.49904072,0.3515549,-0.034062795,1.7946043,-0.3563345,0.22376505,0.2714389,-0.46046215,0.06333416,-0.303536,-0.28099662,-0.05432278,-0.094187334,0.06699252,-0.016797293
43,-1.1381123,2.0487607,0.7724234,-2.7637851,-0.024498433,-0.3608774,-1.0050325,0.84213144,-0.49169454,1.0993752,0.6944568,0.39096814,-0.70947814,0.10886906,-0.012099459,0.589472,-0.08879545,-0.08204021,0.044792406,0.22595061,0.6442348,-0.75470674,-0.20224847,0.39801598,-0.23677741,-0.67279494,0.715827,0.39476398,0.44963413,0.39949784,-0.24095881,0.7680023,0.6905718,0.4247072,-0.00068270497,0.24401176,0.16607282,-0.04149435,1.2463908,0.2011869,-0.31615585,0.32357103,-0.3563345,2.555592,-0.8859323,-0.30913705,0.46389353,-0.07521804,0.049393862,-0.21502003,-0.38884646,0.25120306,-0.8632381,0.162691
44,-0.28016993,0.23210663,0.61419046,-0.48671582,-0.18452781,-1.1184497,-1.2019851,1.5077324,-1.6562381,-0.38096476,0.33721223,0.5260935,-0.41488987,-0.64040405,-0.55555004,-0.12963295,0.75962377,-0.27845263,0.17564367,-0.36155766,-0.16128983,-0.23374121,0.8223341,0.91740656,-0.3236048,0.49366182,-0.36451736,-0.2628764,0.627097,-0.22262552,0.30179536,-0.23900777,-0.06373697,0.04944151,-0.06949576,1.0432038,-0.44080368,0.16932622,-0.35450938,0.4149785,0.7033298,-0.3581973,0.22376505,-0.8859323,2.534926,0.43532833,0.24821389,-0.34174573,0.32583648,0.3983415,0.40679073,0.680047,-0.02159094,-0.498339
45,-1.0027297,3.0139713,-0.5596119,-1.3601527,1.115215,-1.8782036,0.9930887,-0.057737228,1.9867148,-1.3945749,1.2397606,-1.3754505,-0.12284975,-0.7722851,0.3999889,-0.26204574,0.3752876,-1.0154464,0.3470441,0.0008866652,-0.52526456,-0.046397246,0.2111415,-0.94588435,0.14354974,-0.12768787,-1.022366,0.1960479,-0.020983689,-0.096085474,0.29752636,-0.08298272,-0.29685906,0.0063106027,-0.08693311,-0.21500704,-0.1979087,-0.16096827,-0.013588322,0.34540397,0.07903792,0.28515792,0.2714389,-0.30913705,0.43532833,1.1960065,0.02584088,-0.09725645,-0.47982067,-0.011793024,0.4128233,0.17359732,-0.48296395,0.055718355
46,2.5386438,-5.4726667,0.5768416,0.1189986,-0.43216065,-0.12457196,0.69762254,-0.053265773,0.03946843,0.6946962,-0.64137673,-1.0602299,0.8993716,-1.8483232,-1.3020147,-0.43164098,0.795869,-0.4706777,-0.8849281,0.44166207,-0.89018685,-0.0026803473,0.42427662,0.19671264,-0.6307356,-0.38807043,-0.1991095,-0.6216339,0.23003665,0.6069255,-0.3892746,-0.23855704,-0.41225702,0.5765634,0.13024718,0.31047142,-0.409412,-0.19224168,-0.94611925,0.39385706,-0.57607424,0.4799427,-0.46046215,0.46389353,0.24821389,0.02584088,3.0900428,-0.074153244,0.1434652,-0.16858646,-0.02137329,-0.0647406,-0.4562062,0.20082322
47,0.6957776,-1.6168731,-0.51338756,0.419829,-0.14201999,-0.30767673,0.10130362,-0.17467806,-0.5103518,-0.60741615,-1.9734118,-0.7339622,-0.71179366,-0.4376841,-0.5648531,-0.42968857,0.62209225,-0.23504728,-0.5096512,-0.47419024,0.50866866,-1.120525,0.29046375,-0.6592672,-0.36022505,0.008393798,-0.5242475,0.74622923,-0.30339187,-0.046394885,-0.7311541,0.0639734,-0.07559106,0.18411888,-0.23682508,-0.20013133,-0.48407894,0.14192587,0.5456302,0.06699513,-0.23241831,-0.08280371,0.06333416,-0.07521804,-0.34174573,-0.09725645,-0.074153244,1.0718231,-0.23925962,0.2626577,-0.2790596,0.09331441,0.41613346,0.027104493
48,-0.50390375,1.4379804,-0.16754553,-0.77028835,-0.10663855,-0.8060627,-0.8741302,-0.5102755,-0.93331265,-0.65270174,0.9869031,-0.18338609,0.024493169,0.039082795,1.1561819,-0.210772,0.2712695,0.31551123,-0.63564634,-0.45188314,-0.5340754,-0.21224546,-0.2531376,-0.19924048,0.033574108,0.1676586,0.26852995,-0.72886294,0.046038955,-0.20565452,0.546121,0.10615322,-0.58989847,-0.4531359,0.872887,-0.18963203,0.34218675,0.5612129,0.10521166,-0.27275032,-0.15284675,-0.21679269,-0.303536,0.049393862,0.32583648,-0.47982067,0.1434652,-0.23925962,2.4202168,-0.6780193,-0.57863617,0.36862665,0.5608903,-0.35616535
49,0.7503115,-1.2650102,0.169141,0.5410706,0.8266132,-0.7210386,0.4033868,1.0430377,-1.1254416,-0.8772067,-0.49503642,0.22464135,0.29778647,-1.3981007,0.8281034,0.45210576,-0.41172826,0.18717831,-0.98747146,0.059387747,-0.10610323,-0.68019843,-0.06930344,0.97209394,0.06705223,0.17074728,0.18432996,-0.37032863,-0.7278936,0.12791981,-0.49406967,0.699918,0.2196207,0.052234814,0.30444503,-0.13115221,0.56528753,-0.19897094,0.5293486,-0.2566865,0.25112176,-0.20486541,-0.28099662,-0.21502003,0.3983415,-0.011793024,-0.16858646,0.2626577,-0.6780193,2.481705,0.19584413,-0.31894547,-0.23729452,0.42761302
50,0.74930155,-1.9775068,0.2127589,0.74518436,-0.22536051,0.30399978,0.8307169,-1.1129167,0.7946018,0.5905441,-1.1149731,0.13943335,-1.1558334,-0.1424334,0.58189654,0.33087063,-0.8673847,-0.6064348,1.2295959,0.33122653,0.019281378,0.39142096,-0.027698416,0.48925877,0.67639256,0.022907823,-0.52356994,-0.30142212,-0.1604476,0.21042408,0.19444746,0.27944022,0.096962966,0.07277717,-0.24806228,0.18571979,0.28527653,0.10886789,-0.24635696,0.16764712,0.5261841,0.49522567,-0.05432278,-0.38884646,0.40679073,0.4128233,-0.02137329,-0.2790596,-0.57863617,0.19584413,1.49454,-0.08861041,0.0033253767,-0.37925795
51,-0.75679207,-0.16583487,-0.054451935,-0.14149414,1.0086057,-1.9659958,-0.8557956,1.31318,-0.77587104,-0.3388635,-1.2296867,-0.15525168,0.3048302,0.34161347,-0.43138126,0.8920574,1.1064427,-0.056080632,-0.22070992,-1.01113,1.1833683,-0.16089958,0.1200812,0.08966939,0.09046266,0.18061744,-0.2805213,0.49098912,0.15271658,-0.042140495,-0.19190012,-0.19489484,0.48225278,-0.75862116,0.1427462,-0.25805044,-0.2188715,0.39941102,0.021650359,0.3957374,-0.18340826,0.5002023,-0.094187334,0.25120306,0.680047,0.17359732,-0.0647406,0.09331441,0.36862665,-0.31894547,-0.08861041,1.2866417,-0.15815324,-0.096428975
52,0.70067024,-1.2640043,-0.08060922,-0.5414326,-1.3462763,0.89121354,-0.27002427,0.16275898,-0.73245466,-0.20166238,-0.9418368,-0.88005877,0.3649441,0.11776711,0.45652333,0.020665778,0.009989878,0.41366917,-0.049452618,0.40761977,-0.23589131,0.20715174,0.2485796,0.6847408,0.16391301,0.4694798,-0.32000566,0.08746235,-0.1774615,-0.377546,0.038528945,-0.46042934,-0.10034016,0.26106513,-0.21687438,0.06335321,-0.41975385,0.44480765,0.04827339,-0.29917556,-0.14212117,-0.23386362,0.06699252,-0.8632381,-0.02159094,-0.48296395,-0.4562062,0.41613346,0.5608903,-0.23729452,0.0033253767,-0.15815324,1.390926,-0.11974138
53,-0.66624045,1.6208407,-0.31837144,0.6311376,-0.1869589,-0.42029935,0.27009135,1.0575924,0.21720025,-0.37784573,0.838044,-0.73401284,-0.53719676,-0.68720424,0.24381937,-0.24800429,0.8972076,0.53047276,-0.14166352,-0.11198561,0.12631446,-0.14377144,0.12902313,0.80754006,0.09808752,0.17618276,0.044125147,-0.7595167,-0.15914145,-0.08611657,-0.25299215,-0.15789372,-0.68284243,0.042263847,0.23092481,-0.47969425,0.06582892,0.37005234,0.043108955,-0.029231237,-0.6515399,0.44454515,-0.016797293,0.162691,-0.498339,0.055718355,0.20082322,0.027104493,-0.35616535,0.42761302,-0.37925795,-0.096428975,-0.11974138,1.1478752
