,0,1,2,3,4,5,6,7,8,9,10,11,12,13,14,15,16,17,18,19,20,21,22,23,24,25,26,27,28,29,30,31,32,33,34,35,36,37,38,39,40,41,42,43,44,45,46,47,48,49,50,51,52,53,54,55
0,16.87873,-9.798239,16.103666,7.8696146,7.8386984,6.874167,-7.368206,9.556643,1.4081743,-7.1898212,4.605465,2.6712146,-5.3063145,0.6352673,-0.9527277,-1.2373288,1.6837025,-1.477313,-5.335871,3.2275755,0.7193476,2.9336495,4.4133224,0.00016262438,3.442481,2.260501,2.5840552,1.4897889,-4.588975,-1.7700255,0.14244154,-2.1939359,-0.6154617,-0.16229518,-2.6007237,0.3915789,1.1092873,2.2685688,-0.34057003,-1.0001736,2.0725188,1.2417166,0.820784,0.98379546,-1.3800077,0.6036744,-1.3387346,-1.293748,3.3952875,0.86642385,-0.67195344,0.3299576,0.91228974,-0.41001883,0.9537736,0.8507611
1,-9.798239,419.7534,-53.43331,-15.963207,-24.31656,2.3874974,26.272564,7.856744,9.792874,-13.1852865,33.841286,-1.5196587,32.011726,5.8093023,-4.841073,-10.375599,8.213087,0.43436205,-11.291732,-1.2449298,-4.3561916,7.465081,11.678389,-6.8314023,-3.103975,-1.4202785,9.216429,-3.9711452,3.1489098,9.723341,-1.346035,-1.0181096,-2.1483254,0.54663914,-1.1460848,1.9411788,0.17947862,0.4137679,2.4078016,-0.4201972,-0.8799866,1.639157,2.4885948,0.56550956,2.6916258,0.30254942,1.6013131,1.5991917,1.1848364,-0.8894162,1.4178427,1.3427252,0.9741546,0.69307256,-1.3318377,0.6191069
2,16.103666,-53.43331,118.28076,-30.820538,23.52182,-14.196862,-0.7179368,24.599306,4.288369,-17.633854,9.034859,7.4259214,-0.22334406,7.209374,-1.30696,0.35713091,5.6158614,-5.1572046,-7.269009,-1.3663385,9.463568,2.2691085,6.7729034,-1.4442732,-0.7670063,-6.5652328,-2.5739758,0.39046022,-5.625767,0.45147932,8.481977,-3.51994,3.7665071,-2.9872777,6.886252,-0.56527233,3.7787805,-1.864547,1.8052708,-0.22421446,0.7580388,-0.47677213,-1.4404694,0.5695282,2.6169689,0.947078,1.4663925,1.5292997,2.5819373,-0.22547099,-1.5181543,0.9876047,0.25647575,1.1338556,-0.6542076,0.32807058
3,7.8696146,-15.963207,-30.820538,82.24624,6.42389,43.96983,-16.322449,10.921835,8.371902,4.3815637,4.7684546,2.1727247,-4.5004725,-2.9441495,-14.994004,1.8967679,-9.040787,3.3481836,3.9965956,-0.50381327,-1.0608408,7.2241907,-1.0152558,-6.438502,2.5543761,3.5771122,-4.1787634,-1.7934556,-1.6239498,0.8557608,-2.4693954,-1.3105414,-0.5589828,0.97761714,1.4822592,0.36060256,0.8758085,4.5889587,3.0903664,1.9475738,3.1227703,0.21962205,-0.551192,1.0767134,-4.491843,1.1205374,-0.109009475,1.87618,-0.14682338,-0.38534233,0.40032038,0.17345959,-1.752846,-1.0184629,-1.2729782,-0.5061641
4,7.8386984,-24.31656,23.52182,6.42389,21.33361,16.440334,-9.204079,8.053896,13.3682165,-0.7250854,-0.17039324,2.8424678,6.4685974,2.21417,6.5047784,-2.2418003,0.84192216,3.356325,-4.514481,-5.3311377,4.184823,-0.9881912,1.1503594,3.1404681,2.8903952,-0.8315644,-0.7005882,1.6067014,-1.1504809,-0.9843924,3.749339,-1.9733517,-2.6085472,-3.6801867,-0.57442534,0.123506665,-0.82323444,-0.4433021,0.42725194,0.47290394,0.920776,0.97467875,-0.4990934,0.3476621,0.6883443,-0.31605518,-0.13510965,0.4742002,1.0957186,0.3846446,-0.43153322,0.28246254,-0.39141905,-0.54021376,-0.058266364,0.32034677
5,6.874167,2.3874974,-14.196862,43.96983,16.440334,71.36578,-7.715884,16.5741,1.1057141,0.72436136,-1.2722791,-3.3611717,1.8088913,6.233333,-5.5468464,-5.6890697,4.7689734,8.667437,2.385748,-4.5239296,-3.0522194,-2.403986,4.6215477,5.6614857,-1.377038,-0.55123353,-1.422064,2.2510982,0.6226046,2.310485,4.7658873,1.5174036,-0.81290376,-0.56879264,-0.62315017,-2.5432198,-0.3203141,-0.5219845,-1.1278555,-0.6999563,-0.45963213,-1.7945101,0.06748038,-0.6497867,1.5270041,1.6864364,-1.671839,-1.2098322,-0.27028364,1.0461521,-0.9940101,-0.1356726,0.014922789,0.5910425,0.46529925,0.37675792
6,-7.368206,26.272564,-0.7179368,-16.322449,-9.204079,-7.715884,18.697363,-11.528046,3.7522402,-5.947691,2.3039455,-3.858664,-3.7603745,5.530245,-1.4542484,4.253606,0.45403963,5.787763,3.7666488,2.8203778,-2.0066824,1.72125,1.5895432,4.786571,-3.3352695,-2.9044404,-0.95843285,0.7750049,-0.26628911,1.6868982,1.5435152,3.5161662,2.3011718,3.5555975,1.688241,0.7713473,0.574351,-1.379197,0.036424235,1.2655134,-1.3877547,-1.1051755,-0.49505174,-0.19800457,1.3174932,-0.038948335,-0.14112633,0.24007078,-0.6785406,-0.1561586,0.027962953,0.12645425,0.28083974,0.5322467,0.2215859,-0.47432947
7,9.556643,7.856744,24.599306,10.921835,8.053896,16.5741,-11.528046,30.763826,-8.604403,-6.208536,3.1861694,7.5839825,4.7955847,-7.7658825,-4.495781,-6.2859526,3.914802,-7.1639566,-0.19567472,-2.6201692,0.34502763,-1.9425969,-0.8273108,-2.315662,1.2971134,-0.93705475,5.3879304,-2.23044,-1.4627814,0.63509804,1.7116463,-0.49024945,-0.6836123,-0.6561781,1.4363223,-1.2044401,4.0980635,0.04441823,1.263861,-0.12083317,0.011334261,0.033797503,0.503152,-0.55477,0.22705701,0.97824085,-1.208693,1.0846376,0.8724873,-0.55104613,-0.25457484,-0.009565293,0.6906624,1.4301941,-0.15134594,0.9299102
8,1.4081743,9.792874,4.288369,8.371902,13.3682165,1.1057141,3.7522402,-8.604403,48.724556,-3.307259,10.422964,1.3746252,5.1821065,-0.8334888,4.7214413,5.327142,-11.971857,3.4997935,4.7727537,-5.300235,6.5984764,1.2518327,-0.11702426,7.556342,5.8684473,0.47645468,1.1356122,0.24483132,-0.31985056,-0.9985471,-0.030327136,-0.06259532,1.4357085,-1.5855157,0.24731031,1.5147924,-2.2736073,-0.023533963,1.426318,1.0540295,0.17534763,-1.3078048,0.4452263,2.5815496,0.08928554,0.42732817,1.0857413,-0.5641663,1.2856259,-0.44135153,-0.13758099,-0.015481055,-0.1924758,-0.27966547,0.28068918,0.51699114
9,-7.1898212,-13.1852865,-17.633854,4.3815637,-0.7250854,0.72436136,-5.947691,-6.208536,-3.307259,21.334373,-8.132479,-5.435404,8.294058,2.9968119,1.5369229,-3.8069463,0.2599321,-4.1857777,2.456439,-1.4168448,4.87261,-0.5539087,-3.6523786,-1.636654,-3.2376466,5.7202644,-2.9404025,-3.3766842,-2.7972007,2.2054105,-0.32696357,0.24661505,0.121984065,-3.0795217,0.60616446,1.8644872,-3.191749,-0.9889637,-0.9827648,-0.2834201,-1.0009093,0.38919765,-0.30031833,0.45297086,-0.2105774,-0.7610745,0.9325528,-0.74214244,-1.7021875,-0.19748351,0.45535803,-0.62174636,-0.35939437,-0.06758465,-0.64353436,0.9991714
10,4.605465,33.841286,9.034859,4.7684546,-0.17039324,-1.2722791,2.3039455,3.1861694,10.422964,-8.132479,16.069809,2.1385045,0.45714003,0.33372855,-9.446103,6.320959,-2.4290063,-3.2280743,-2.0530403,0.5036195,1.6208267,-1.8031539,3.5235546,0.1950096,2.9696014,1.5992548,-0.48126948,-0.47258627,-0.36475104,0.6212499,-0.49220222,-0.8776655,0.8108369,0.4244691,-0.22989811,0.0845926,2.070304,-0.0017367089,-1.8763,-1.9497788,1.8713927,-0.79516506,-0.6202718,0.42430347,-0.8672122,-0.429546,1.0838103,-0.16835234,0.68664646,0.38632274,-0.12300788,0.4545152,0.1808912,-0.57743156,-0.24767706,-1.2770886
11,2.6712146,-1.5196587,7.4259214,2.1727247,2.8424678,-3.3611717,-3.858664,7.5839825,1.3746252,-5.435404,2.1385045,7.30906,2.1387725,-6.565521,-0.32043833,2.1917896,-2.3243976,-1.8486347,0.11906407,-2.3044667,-1.679476,0.23161948,-1.9942913,-2.0406833,1.9254497,-0.98743284,2.2234278,1.4864352,1.3993831,-1.4396226,-0.17567442,0.3616004,-1.9180298,-0.0738987,1.2513005,0.6499587,2.560467,0.18657047,-0.28063554,0.4989497,0.32734782,1.4345739,0.24436603,-0.06816445,0.31778854,-0.56778324,-1.0859779,1.1088051,0.76190966,0.1753312,0.2547746,0.27494988,0.100180835,-0.47148824,0.012557727,0.05311045
12,-5.3063145,32.011726,-0.22334406,-4.5004725,6.4685974,1.8088913,-3.7603745,4.7955847,5.1821065,8.294058,0.45714003,2.1387725,24.090092,0.29985523,-1.4292943,-0.68849754,4.3187475,-3.263599,-0.99491405,-1.4794893,7.171404,-5.8590803,-5.4821787,3.4671788,-2.1289802,-2.0077744,-0.91094065,0.098859504,1.8332849,-0.12792653,-0.78374386,-1.0127984,-2.791079,-3.3725886,2.7084055,1.7577181,-0.9083942,-0.35200125,-1.7607145,1.8662947,-0.011618501,1.022732,-0.10903728,0.107143015,0.18774946,-1.2273105,-0.8406088,1.2265966,-0.26987788,-0.11940123,0.61174726,-0.6269218,-0.7768823,0.5251032,-0.06762812,0.98834985
13,0.6352673,5.8093023,7.209374,-2.9441495,2.21417,6.233333,5.530245,-7.7658825,-0.8334888,2.9968119,0.33372855,-6.565521,0.29985523,13.859523,-1.2459396,-1.7753856,2.8837266,4.0892725,-3.1844501,3.280323,3.8011663,2.1193757,4.5304337,1.3546145,-3.9778094,-1.7901702,-6.16047,0.7550059,-3.020924,1.4953544,2.0095456,-0.5917088,0.40670156,-0.14094515,0.15456565,0.77702504,-1.6222808,0.81517404,-0.7782469,-0.66554713,0.6905447,-0.4488283,-0.14976785,0.9105704,0.46235108,-0.17491353,0.29406658,-0.834252,0.14264882,0.67845947,0.24153684,-0.20682219,0.18975972,-0.39067212,0.031387515,-0.24052826
14,-0.9527277,-4.841073,-1.30696,-14.994004,6.5047784,-5.5468464,-1.4542484,-4.495781,4.7214413,1.5369229,-9.446103,-0.32043833,-1.4292943,-1.2459396,26.959976,-12.222252,-0.25996694,5.520319,-2.7184005,-7.775925,-2.6349518,2.129158,2.5796294,2.4139762,0.7546895,1.5771284,2.4792519,0.6806092,1.2867792,0.5972173,-0.5328281,-1.5248885,-0.4536507,-0.70539224,-1.1434433,0.34999335,0.649763,0.8295814,0.058034807,0.33038077,-0.31752056,0.1543584,-0.9464463,0.8475952,-0.5974115,-0.06467955,-0.5487465,0.44869506,-0.053300768,-0.20067699,-0.008315313,-0.62456596,0.1756003,-0.026745547,-0.26795065,0.5106883
15,-1.2373288,-10.375599,0.35713091,1.8967679,-2.2418003,-5.6890697,4.253606,-6.2859526,5.327142,-3.8069463,6.320959,2.1917896,-0.68849754,-1.7753856,-12.222252,19.273153,1.1808327,1.5935552,0.25788713,2.770792,-3.1146708,1.0393068,-1.0020978,0.8311964,1.5716096,2.6292658,1.0136619,2.881559,0.5003455,-2.960676,0.6566433,0.9938585,-1.4610705,-2.2854204,2.2000303,1.0848936,-2.208091,-2.3528018,-1.2079321,0.7463334,0.6302184,-0.08881706,-0.7483216,-2.3371727,-0.32107025,-0.6132373,0.30934805,-0.26597053,-0.4431031,-0.09924125,-0.45272523,0.5336516,-0.36856782,-0.15849698,0.027750127,-0.69551945
16,1.6837025,8.213087,5.6158614,-9.040787,0.84192216,4.7689734,0.45403963,3.914802,-11.971857,0.2599321,-2.4290063,-2.3243976,4.3187475,2.8837266,-0.25996694,1.1808327,13.714269,2.8878617,-4.050411,4.419113,-0.29922312,-1.7290254,0.7050792,5.1353416,-1.5206988,1.5567529,3.5670245,0.6141226,-1.8893334,-0.6108312,0.49080485,-2.2199142,-0.38983303,-1.2629637,1.140582,-0.31954777,-1.2464426,-0.2272155,-0.22077107,-0.49121124,-0.088560805,-0.14442141,-1.1054188,-1.9381508,-0.66478145,0.99362457,-0.76804626,0.36020422,-0.40326953,0.10139387,-0.67360055,-0.4750213,-0.2250495,0.4813856,-0.55095744,-0.29034156
17,-1.477313,0.43436205,-5.1572046,3.3481836,3.356325,8.667437,5.787763,-7.1639566,3.4997935,-4.1857777,-3.2280743,-1.8486347,-3.263599,4.0892725,5.520319,1.5935552,2.8878617,11.930138,-1.2087913,0.18583536,-3.1160192,3.1975675,1.3020574,4.187228,-0.22197683,-2.2189302,-0.08735484,2.4432974,0.06551794,-0.4357002,1.2576005,0.27691236,-1.5006663,0.28066683,0.49148372,0.16694692,-0.70214343,1.2063174,2.0192165,0.92252445,-0.20839188,0.026464488,-1.3329785,-0.89042646,0.4506423,-0.10408254,-0.37335816,1.5417495,-0.544057,0.16830754,-0.18203391,0.032535747,-0.82090163,-0.7189995,-0.23566575,-1.0853465
18,-5.335871,-11.291732,-7.269009,3.9965956,-4.514481,2.385748,3.7666488,-0.19567472,4.7727537,2.456439,-2.0530403,0.11906407,-0.99491405,-3.1844501,-2.7184005,0.25788713,-4.050411,-1.2087913,10.0767975,-0.88090515,-0.15550585,0.19137624,-3.3962393,1.9445045,-1.897351,-0.35556588,1.8018689,-0.7103521,-0.4401284,0.41384643,-0.3994347,2.9412045,1.9436696,1.8208969,3.1346383,0.37295383,1.1903067,-0.13102663,0.5071415,-0.6581435,-2.2322946,-1.6328886,0.88186,0.5922141,1.3886187,0.509078,-0.24984424,-0.11360921,-0.987027,-0.3645315,0.77513236,-0.8564638,0.5554764,0.42920312,-0.07071182,0.33653674
19,3.2275755,-1.2449298,-1.3663385,-0.50381327,-5.3311377,-4.5239296,2.8203778,-2.6201692,-5.300235,-1.4168448,0.5036195,-2.3044667,-1.4794893,3.280323,-7.775925,2.770792,4.419113,0.18583536,-0.88090515,9.572207,2.6375225,0.6105002,-1.2988131,1.899198,-0.33606648,-1.5102458,0.6826632,-0.5867199,-2.7446194,-1.131557,-2.035081,-0.6483964,0.9612045,1.5062513,-0.7615286,0.2018417,-1.3072755,2.2208529,1.1272302,0.08505005,0.39689404,0.5976734,0.5623538,0.162286,-0.72669804,1.3298547,-1.2459933,-0.43689197,0.91471124,0.49067962,-0.51723224,-0.05919931,0.12928379,0.013026457,0.4778033,-0.05232878
20,0.7193476,-4.3561916,9.463568,-1.0608408,4.184823,-3.0522194,-2.0066824,0.34502763,6.5984764,4.87261,1.6208267,-1.679476,7.171404,3.8011663,-2.6349518,-3.1146708,-0.29922312,-3.1160192,-0.15550585,2.6375225,8.866266,-2.883555,-2.5430603,2.1773047,0.15912434,-1.7042344,-2.2072482,-2.7495463,-2.5236533,0.6939773,-0.4212935,-1.1981848,0.84034586,-0.27909988,-0.4676783,0.5039011,-0.83565354,1.0723269,0.8006736,-0.34297258,0.22620048,0.35316825,0.24416927,1.531274,0.06628039,0.27326688,0.23540196,0.16639249,0.2811483,0.21611562,0.10758893,-0.22736815,-0.19517303,-0.31066146,-0.19408265,-0.0056364583
21,2.9336495,7.465081,2.2691085,7.2241907,-0.9881912,-2.403986,1.72125,-1.9425969,1.2518327,-0.5539087,-1.8031539,0.23161948,-5.8590803,2.1193757,2.129158,1.0393068,-1.7290254,3.1975675,0.19137624,0.6105002,-2.883555,10.961895,2.704779,-4.890135,-1.6716366,1.5859761,0.7243256,0.8759539,-3.7091804,-0.10431312,0.68071043,0.1910877,-0.24287966,-0.95148396,2.5532997,2.0401208,-0.77801335,1.5689869,2.533308,1.1137419,0.014889239,0.4353481,0.5021229,0.3407846,-0.2515357,0.28475153,-0.14698517,0.15381688,0.79618096,-0.5640685,0.35671532,0.003766878,0.3547358,0.054141205,-0.14160404,1.0249656
22,4.4133224,11.678389,6.7729034,-1.0152558,1.1503594,4.6215477,1.5895432,-0.8273108,-0.11702426,-3.6523786,3.5235546,-1.9942913,-5.4821787,4.5304337,2.5796294,-1.0020978,0.7050792,1.3020574,-3.3962393,-1.2988131,-2.5430603,2.704779,7.0915446,-1.3074775,-0.73425025,1.8022796,-1.4676186,1.8147879,-0.07344159,0.58744746,0.820428,-1.5200307,1.1818352,-0.24413177,-0.11425853,-0.5431026,0.12948291,-0.069896534,-1.6017244,-1.1846393,1.0243266,-1.158858,-0.11785797,0.26894158,-0.65020794,0.21574241,0.7659389,-1.2878051,0.767807,0.17742428,-0.21479797,0.04240346,0.413516,0.13563177,0.073715255,0.087629005
23,0.00016262438,-6.8314023,-1.4442732,-6.438502,3.1404681,5.6614857,4.786571,-2.315662,7.556342,-1.636654,0.1950096,-2.0406833,3.4671788,1.3546145,2.4139762,0.8311964,5.1353416,4.187228,1.9445045,1.899198,2.1773047,-4.890135,-1.3074775,11.703816,0.6049794,0.29300928,2.8328881,0.7999339,-1.598703,-0.8454416,0.43147266,0.13580598,0.23811483,2.0956926,-0.38398057,0.28456557,0.4985592,-0.5713704,-1.1100295,0.09879558,-0.17808044,-0.79268223,-0.60300475,-0.107644394,-0.78010327,0.302725,-1.0690426,0.1662417,-0.09985134,0.17249075,0.17516246,-0.7887511,0.16489245,0.08147513,-0.07648205,-0.4630604
24,3.442481,-3.103975,-0.7670063,2.5543761,2.8903952,-1.377038,-3.3352695,1.2971134,5.8684473,-3.2376466,2.9696014,1.9254497,-2.1289802,-3.9778094,0.7546895,1.5716096,-1.5206988,-0.22197683,-1.897351,-0.33606648,0.15912434,-1.6716366,-0.73425025,0.6049794,4.8565507,1.1797858,2.4923024,-1.2779608,0.021281429,-0.6956905,-0.30303913,-0.42768633,-0.571532,-0.35444844,-3.170381,-0.74855274,-0.31161332,-0.057067834,0.88869274,-0.5956063,0.53022224,0.79419446,-0.2985693,-0.21776181,-0.15775895,0.37199843,0.24242355,-0.038336474,0.3214656,0.28194278,-0.70139617,0.6450368,-0.040082395,-0.485013,0.035463825,-0.67346466
25,2.260501,-1.4202785,-6.5652328,3.5771122,-0.8315644,-0.55123353,-2.9044404,-0.93705475,0.47645468,5.7202644,1.5992548,-0.98743284,-2.0077744,-1.7901702,1.5771284,2.6292658,1.5567529,-2.2189302,-0.35556588,-1.5102458,-1.7042344,1.5859761,1.8022796,0.29300928,1.1797858,9.685703,2.5801682,-1.1427574,-3.425146,1.4013128,-0.06837501,-0.2152274,1.0724527,-1.3873148,0.07226626,1.7565551,-0.091998115,-1.6315267,-2.1637,-1.1057309,0.2300854,0.36951414,-1.2989277,-0.4055913,-1.5996109,-0.34210327,0.1612694,-0.7311418,-0.08733943,0.100557856,-0.7183466,0.09980722,0.0709989,-0.58081216,-0.63002014,0.25393912
26,2.5840552,9.216429,-2.5739758,-4.1787634,-0.7005882,-1.422064,-0.95843285,5.3879304,1.1356122,-2.9404025,-0.48126948,2.2234278,-0.91094065,-6.16047,2.4792519,1.0136619,3.5670245,-0.08735484,1.8018689,0.6826632,-2.2072482,0.7243256,-1.4676186,2.8328881,2.4923024,2.5801682,8.375652,-0.50019425,-1.8538542,-1.4584391,-0.58730125,-0.08962816,-0.39458036,-0.57528615,0.06949876,0.036761723,-0.18066281,0.035660796,1.5701566,-1.2615666,-1.1971078,-0.21224442,0.6002903,-0.8678851,0.346861,1.1939512,-0.9318358,-0.13071159,0.14163138,-0.28847834,-0.21742393,-0.45183074,0.7756655,0.14513545,-0.1885915,0.18330461
27,1.4897889,-3.9711452,0.39046022,-1.7934556,1.6067014,2.2510982,0.7750049,-2.23044,0.24483132,-3.3766842,-0.47258627,1.4864352,0.098859504,0.7550059,0.6806092,2.881559,0.6141226,2.4432974,-0.7103521,-0.5867199,-2.7495463,0.8759539,1.8147879,0.7999339,-1.2779608,-1.1427574,-0.50019425,5.0729203,2.2945645,-2.3286169,-0.11385806,-0.9280094,-1.2323649,-0.16969946,1.6847754,0.24194363,0.07969357,0.07300122,-1.7378802,0.16275227,0.289785,-0.12899345,0.79880255,-0.07418164,-0.04423045,-0.6632533,-0.7422595,-0.29486603,1.0269264,0.22797015,0.46622965,-0.3646552,-0.099942714,-0.5717287,0.41042572,0.38744068
28,-4.588975,3.1489098,-5.625767,-1.6239498,-1.1504809,0.6226046,-0.26628911,-1.4627814,-0.31985056,-2.7972007,-0.36475104,1.3993831,1.8332849,-3.020924,1.2867792,0.5003455,-1.8893334,0.06551794,-0.4401284,-2.7446194,-2.5236533,-3.7091804,-0.07344159,-1.598703,0.021281429,-3.425146,-1.8538542,2.2945645,8.094616,-0.6204264,-2.1061668,-1.2078094,0.99969316,-0.13390052,0.5836525,-2.2004502,-0.6314168,-0.7517686,-1.2238013,0.7723632,-0.20304188,-0.65994173,0.21295932,-0.3030792,0.1636653,0.4761719,-0.13507354,0.0321326,-0.32502776,-0.021854524,-0.77370733,0.20127371,-1.0172008,0.05730226,0.19856066,-0.1430051
29,-1.7700255,9.723341,0.45147932,0.8557608,-0.9843924,2.310485,1.6868982,0.63509804,-0.9985471,2.2054105,0.6212499,-1.4396226,-0.12792653,1.4953544,0.5972173,-2.960676,-0.6108312,-0.4357002,0.41384643,-1.131557,0.6939773,-0.10431312,0.58744746,-0.8454416,-0.6956905,1.4013128,-1.4584391,-2.3286169,-0.6204264,3.4623141,0.4433643,1.3496321,2.031143,0.34088996,0.031474836,0.42905986,0.9017219,-0.5683093,-0.25034982,0.06348472,-0.7063118,0.45207128,-1.2235894,0.33166543,0.6262355,-0.051486384,-0.16303197,0.46344972,-0.39396507,0.3267705,-1.1282442,0.5847564,-0.4483691,-0.25952137,-0.15608129,-0.08593802
30,0.14244154,-1.346035,8.481977,-2.4693954,3.749339,4.7658873,1.5435152,1.7116463,-0.030327136,-0.32696357,-0.49220222,-0.17567442,-0.78374386,2.0095456,-0.5328281,0.6566433,0.49080485,1.2576005,-0.3994347,-2.035081,-0.4212935,0.68071043,0.820428,0.43147266,-0.30303913,-0.06837501,-0.58730125,-0.11385806,-2.1061668,0.4433643,5.0783215,1.3085803,-1.1777086,0.79833543,-0.8815538,0.05279633,-0.15998931,-3.1976786,0.5176724,0.9220824,-0.14563811,0.7922353,0.35114452,-0.49408218,0.93881994,-0.2566374,0.7948842,0.0060433345,-0.3538416,-0.2971273,0.79420346,0.5376799,0.5532632,0.11761779,-0.61660266,0.0051816674
31,-2.1939359,-1.0181096,-3.51994,-1.3105414,-1.9733517,1.5174036,3.5161662,-0.49024945,-0.06259532,0.24661505,-0.8776655,0.3616004,-1.0127984,-0.5917088,-1.5248885,0.9938585,-2.2199142,0.27691236,2.9412045,-0.6483964,-1.1981848,0.1910877,-1.5200307,0.13580598,-0.42768633,-0.2152274,-0.08962816,-0.9280094,-1.2078094,1.3496321,1.3085803,4.20731,-0.64530975,0.20889114,-0.66609585,0.9170915,1.1682286,-0.49659216,-0.28040245,0.5453199,-0.9982915,0.43208462,-0.50236374,-0.31277472,1.6959306,-1.0599513,-0.45421255,-0.07392934,-0.2722144,0.32311413,-0.28049728,0.46976107,0.44409937,0.5466303,0.99280906,0.28333032
32,-0.6154617,-2.1483254,3.7665071,-0.5589828,-2.6085472,-0.81290376,2.3011718,-0.6836123,1.4357085,0.121984065,0.8108369,-1.9180298,-2.791079,0.40670156,-0.4536507,-1.4610705,-0.38983303,-1.5006663,1.9436696,0.9612045,0.84034586,-0.24287966,1.1818352,0.23811483,-0.571532,1.0724527,-0.39458036,-1.2323649,0.99969316,2.031143,-1.1777086,-0.64530975,4.829897,1.3967115,1.229682,-0.7335571,-0.23544136,-0.6071007,-0.19170296,-0.042163186,-0.8373327,-0.5563084,-0.26382717,0.7865801,-0.21185468,1.7756989,-0.27420878,-0.41190225,0.1420579,0.10649811,-1.4803314,0.24425569,-0.5113923,-0.025566991,-0.33575463,0.2538979
33,-0.16229518,0.54663914,-2.9872777,0.97761714,-3.6801867,-0.56879264,3.5555975,-0.6561781,-1.5855157,-3.0795217,0.4244691,-0.0738987,-3.3725886,-0.14094515,-0.70539224,-2.2854204,-1.2629637,0.28066683,1.8208969,1.5062513,-0.27909988,-0.95148396,-0.24413177,2.0956926,-0.35444844,-1.3873148,-0.57528615,-0.16969946,-0.13390052,0.34088996,0.79833543,0.20889114,1.3967115,5.422845,-0.86783993,-0.3605578,2.0038476,-1.0514436,-0.21041642,1.0751984,0.4237454,0.74599403,0.8107773,0.95727754,-1.1040651,0.869954,-0.59398973,0.35850197,0.16011462,-0.032944985,0.9381589,0.05727473,0.3768862,-0.3762306,-0.80979836,-0.37283155
34,-2.6007237,-1.1460848,6.886252,1.4822592,-0.57442534,-0.62315017,1.688241,1.4363223,0.24731031,0.60616446,-0.22989811,1.2513005,2.7084055,0.15456565,-1.1434433,2.2000303,1.140582,0.49148372,3.1346383,-0.7615286,-0.4676783,2.5532997,-0.11425853,-0.38398057,-3.170381,0.07226626,0.06949876,1.6847754,0.5836525,0.031474836,-0.8815538,-0.66609585,1.229682,-0.86783993,5.8574686,1.0448039,0.7259761,0.54298806,-0.23528956,-0.10116136,-0.7903326,-1.1083373,-0.2888478,-0.016349545,0.06679717,0.13201296,-0.43859917,0.9629407,-0.423999,-0.37546173,0.1729458,-0.77940744,-0.48853523,-0.15865028,-0.6673435,0.20494524
35,0.3915789,1.9411788,-0.56527233,0.36060256,0.123506665,-2.5432198,0.7713473,-1.2044401,1.5147924,1.8644872,0.0845926,0.6499587,1.7577181,0.77702504,0.34999335,1.0848936,-0.31954777,0.16694692,0.37295383,0.2018417,0.5039011,2.0401208,-0.5431026,0.28456557,-0.74855274,1.7565551,0.036761723,0.24194363,-2.2004502,0.42905986,0.05279633,0.9170915,-0.7335571,-0.3605578,1.0448039,2.0817358,0.65618074,0.26402852,-0.58989406,0.5245707,0.048469037,0.85106623,-0.32617712,0.29186004,-0.20591584,-0.90789866,-0.8673645,0.3957098,0.36957186,0.1357881,0.109471805,-0.063940674,0.06071882,-0.47459126,0.073860586,0.372169
36,1.1092873,0.17947862,3.7787805,0.8758085,-0.82323444,-0.3203141,0.574351,4.0980635,-2.2736073,-3.191749,2.070304,2.560467,-0.9083942,-1.6222808,0.649763,-2.208091,-1.2464426,-0.70214343,1.1903067,-1.3072755,-0.83565354,-0.77801335,0.12948291,0.4985592,-0.31161332,-0.091998115,-0.18066281,0.07969357,-0.6314168,0.9017219,-0.15998931,1.1682286,-0.23544136,2.0038476,0.7259761,0.65618074,4.1121902,0.93260944,-1.2902861,-0.5569494,0.34784383,0.19483356,-0.7822114,0.45222324,-0.15173113,-1.0717678,-0.4226005,1.0006298,0.15637946,0.36466128,0.52209145,-0.11452225,0.21274179,-0.28225625,0.0111195855,-0.48356935
37,2.2685688,0.4137679,-1.864547,4.5889587,-0.4433021,-0.5219845,-1.379197,0.04441823,-0.023533963,-0.9889637,-0.0017367089,0.18657047,-0.35200125,0.81517404,0.8295814,-2.3528018,-0.2272155,1.2063174,-0.13102663,2.2208529,1.0723269,1.5689869,-0.069896534,-0.5713704,-0.057067834,-1.6315267,0.035660796,0.07300122,-0.7517686,-0.5683093,-3.1976786,-0.49659216,-0.6071007,-1.0514436,0.54298806,0.26402852,0.93260944,4.612726,0.84543467,-1.4527525,0.31727046,-0.6943731,-0.4342596,0.57106197,0.047003023,-0.3620071,-0.1997144,0.36634743,0.49795812,0.45987505,-0.022998031,-0.5758005,-0.10433222,0.0400737,0.8481184,-0.22838512
38,-0.34057003,2.4078016,1.8052708,3.0903664,0.42725194,-1.1278555,0.036424235,1.263861,1.426318,-0.9827648,-1.8763,-0.28063554,-1.7607145,-0.7782469,0.058034807,-1.2079321,-0.22077107,2.0192165,0.5071415,1.1272302,0.8006736,2.533308,-1.6017244,-1.1100295,0.88869274,-2.1637,1.5701566,-1.7378802,-1.2238013,-0.25034982,0.5176724,-0.28040245,-0.19170296,-0.21041642,-0.23528956,-0.58989406,-1.2902861,0.84543467,4.114764,0.5998586,-0.6625564,-0.001315151,0.3696226,-0.24245268,0.55633706,0.7828969,0.66722274,0.94265974,-0.32661444,-0.7072631,0.09418908,0.11881533,-0.2830097,0.14324018,-0.36678457,-0.16647199
39,-1.0001736,-0.4201972,-0.22421446,1.9475738,0.47290394,-0.6999563,1.2655134,-0.12083317,1.0540295,-0.2834201,-1.9497788,0.4989497,1.8662947,-0.66554713,0.33038077,0.7463334,-0.49121124,0.92252445,-0.6581435,0.08505005,-0.34297258,1.1137419,-1.1846393,0.09879558,-0.5956063,-1.1057309,-1.2615666,0.16275227,0.7723632,0.06348472,0.9220824,0.5453199,-0.042163186,1.0751984,-0.10116136,0.5245707,-0.5569494,-1.4527525,0.5998586,4.2101784,0.54568636,1.1133543,-0.001893545,-0.1290074,-1.3615708,0.005047284,-0.61300576,0.6191392,0.43501598,-0.7698588,-0.1484914,0.5453068,-0.5157175,0.90766287,0.15076086,1.0544574
40,2.0725188,-0.8799866,0.7580388,3.1227703,0.920776,-0.45963213,-1.3877547,0.011334261,0.17534763,-1.0009093,1.8713927,0.32734782,-0.011618501,0.6905447,-0.31752056,0.6302184,-0.088560805,-0.20839188,-2.2322946,0.39689404,0.22620048,0.014889239,1.0243266,-0.17808044,0.53022224,0.2300854,-1.1971078,0.289785,-0.20304188,-0.7063118,-0.14563811,-0.9982915,-0.8373327,0.4237454,-0.7903326,0.048469037,0.34784383,0.31727046,-0.6625564,0.54568636,1.5286962,0.12017257,-0.1205409,0.11394942,-1.5087755,-0.2251248,0.28907183,-0.063578784,0.24956632,-0.10219991,0.52792597,-0.02143813,0.12415879,0.23560008,-0.09810287,-0.14915979
41,1.2417166,1.639157,-0.47677213,0.21962205,0.97467875,-1.7945101,-1.1051755,0.033797503,-1.3078048,0.38919765,-0.79516506,1.4345739,1.022732,-0.4488283,0.1543584,-0.08881706,-0.14442141,0.026464488,-1.6328886,0.5976734,0.35316825,0.4353481,-1.158858,-0.79268223,0.79419446,0.36951414,-0.21224442,-0.12899345,-0.65994173,0.45207128,0.7922353,0.43208462,-0.5563084,0.74599403,-1.1083373,0.85106623,0.19483356,-0.6943731,-0.001315151,1.1133543,0.12017257,2.3021958,0.002433591,0.24664629,0.13719544,-0.119878225,-0.9562635,0.48006195,0.61855626,0.46876258,-0.37158242,0.7179755,-0.20651704,-0.8334315,-0.13065618,0.15817377
42,0.820784,2.4885948,-1.4404694,-0.551192,-0.4990934,0.06748038,-0.49505174,0.503152,0.4452263,-0.30031833,-0.6202718,0.24436603,-0.10903728,-0.14976785,-0.9464463,-0.7483216,-1.1054188,-1.3329785,0.88186,0.5623538,0.24416927,0.5021229,-0.11785797,-0.60300475,-0.2985693,-1.2989277,0.6002903,0.79880255,0.21295932,-1.2235894,0.35114452,-0.50236374,-0.26382717,0.8107773,-0.2888478,-0.32617712,-0.7822114,-0.4342596,0.3696226,-0.001893545,-0.1205409,0.002433591,1.7967523,0.50958693,0.15204085,0.62956995,-0.25265884,-0.760708,0.4624493,-0.21345735,0.76992416,-0.27481127,0.6190704,-0.030792873,-0.068641275,0.49752814
43,0.98379546,0.56550956,0.5695282,1.0767134,0.3476621,-0.6497867,-0.19800457,-0.55477,2.5815496,0.45297086,0.42430347,-0.06816445,0.107143015,0.9105704,0.8475952,-2.3371727,-1.9381508,-0.89042646,0.5922141,0.162286,1.531274,0.3407846,0.26894158,-0.107644394,-0.21776181,-0.4055913,-0.8678851,-0.07418164,-0.3030792,0.33166543,-0.49408218,-0.31277472,0.7865801,0.95727754,-0.016349545,0.29186004,0.45222324,0.57106197,-0.24245268,-0.1290074,0.11394942,0.24664629,0.50958693,1.0809476,-0.1264248,0.24129948,-0.3334247,-0.19730493,0.52901816,0.21155426,0.16284901,-0.099704415,0.14376533,-0.3437634,-0.01908195,0.22698937
44,-1.3800077,2.6916258,2.6169689,-4.491843,0.6883443,1.5270041,1.3174932,0.22705701,0.08928554,-0.2105774,-0.8672122,0.31778854,0.18774946,0.46235108,-0.5974115,-0.32107025,-0.66478145,0.4506423,1.3886187,-0.72669804,0.06628039,-0.2515357,-0.65020794,-0.78010327,-0.15775895,-1.5996109,0.346861,-0.04423045,0.1636653,0.6262355,0.93881994,1.6959306,-0.21185468,-1.1040651,0.06679717,-0.20591584,-0.15173113,0.047003023,0.55633706,-1.3615708,-1.5087755,0.13719544,0.15204085,-0.1264248,2.7326903,-0.20364256,-0.009963026,-0.13639563,-0.16498494,0.5800334,-0.46319655,0.2674319,0.14057314,-0.34972322,0.4700145,-0.13480276
45,0.6036744,0.30254942,0.947078,1.1205374,-0.31605518,1.6864364,-0.038948335,0.97824085,0.42732817,-0.7610745,-0.429546,-0.56778324,-1.2273105,-0.17491353,-0.06467955,-0.6132373,0.99362457,-0.10408254,0.509078,1.3298547,0.27326688,0.28475153,0.21574241,0.302725,0.37199843,-0.34210327,1.1939512,-0.6632533,0.4761719,-0.051486384,-0.2566374,-1.0599513,1.7756989,0.869954,0.13201296,-0.90789866,-1.0717678,-0.3620071,0.7828969,0.005047284,-0.2251248,-0.119878225,0.62956995,0.24129948,-0.20364256,1.9546252,-0.3977093,-0.47920364,-0.057054736,-0.03938215,-0.40484124,-0.010673258,0.17819014,0.17781252,-0.5144028,0.05779328
46,-1.3387346,1.6013131,1.4663925,-0.109009475,-0.13510965,-1.671839,-0.14112633,-1.208693,1.0857413,0.9325528,1.0838103,-1.0859779,-0.8406088,0.29406658,-0.5487465,0.30934805,-0.76804626,-0.37335816,-0.24984424,-1.2459933,0.23540196,-0.14698517,0.7659389,-1.0690426,0.24242355,0.1612694,-0.9318358,-0.7422595,-0.13507354,-0.16303197,0.7948842,-0.45421255,-0.27420878,-0.59398973,-0.43859917,-0.8673645,-0.4226005,-0.1997144,0.66722274,-0.61300576,0.28907183,-0.9562635,-0.25265884,-0.3334247,-0.009963026,-0.3977093,2.2413275,-0.072925135,-0.66721404,-0.46394825,0.72298133,-0.01674505,-0.038841866,0.56779563,-0.24523813,-0.40833056
47,-1.293748,1.5991917,1.5292997,1.87618,0.4742002,-1.2098322,0.24007078,1.0846376,-0.5641663,-0.74214244,-0.16835234,1.1088051,1.2265966,-0.834252,0.44869506,-0.26597053,0.36020422,1.5417495,-0.11360921,-0.43689197,0.16639249,0.15381688,-1.2878051,0.1662417,-0.038336474,-0.7311418,-0.13071159,-0.29486603,0.0321326,0.46344972,0.0060433345,-0.07392934,-0.41190225,0.35850197,0.9629407,0.3957098,1.0006298,0.36634743,0.94265974,0.6191392,-0.063578784,0.48006195,-0.760708,-0.19730493,-0.13639563,-0.47920364,-0.072925135,1.5499151,-0.33693066,-0.17295106,0.052233584,0.081110194,-0.6699483,-0.5121213,-0.47937965,-0.499501
48,3.3952875,1.1848364,2.5819373,-0.14682338,1.0957186,-0.27028364,-0.6785406,0.8724873,1.2856259,-1.7021875,0.68664646,0.76190966,-0.26987788,0.14264882,-0.053300768,-0.4431031,-0.40326953,-0.544057,-0.987027,0.91471124,0.2811483,0.79618096,0.767807,-0.09985134,0.3214656,-0.08733943,0.14163138,1.0269264,-0.32502776,-0.39396507,-0.3538416,-0.2722144,0.1420579,0.16011462,-0.423999,0.36957186,0.15637946,0.49795812,-0.32661444,0.43501598,0.24956632,0.61855626,0.4624493,0.52901816,-0.16498494,-0.057054736,-0.66721404,-0.33693066,1.2673972,0.2435194,-0.32501045,0.18306437,0.027237462,-0.15921235,0.55752397,0.6436803
49,0.86642385,-0.8894162,-0.22547099,-0.38534233,0.3846446,1.0461521,-0.1561586,-0.55104613,-0.44135153,-0.19748351,0.38632274,0.1753312,-0.11940123,0.67845947,-0.20067699,-0.09924125,0.10139387,0.16830754,-0.3645315,0.49067962,0.21611562,-0.5640685,0.17742428,0.17249075,0.28194278,0.100557856,-0.28847834,0.22797015,-0.021854524,0.3267705,-0.2971273,0.32311413,0.10649811,-0.032944985,-0.37546173,0.1357881,0.36466128,0.45987505,-0.7072631,-0.7698588,-0.10219991,0.46876258,-0.21345735,0.21155426,0.5800334,-0.03938215,-0.46394825,-0.17295106,0.2435194,0.6565793,-0.42076468,0.16474867,0.018496577,-0.46845037,0.22960953,-0.19702473
50,-0.67195344,1.4178427,-1.5181543,0.40032038,-0.43153322,-0.9940101,0.027962953,-0.25457484,-0.13758099,0.45535803,-0.12300788,0.2547746,0.61174726,0.24153684,-0.008315313,-0.45272523,-0.67360055,-0.18203391,0.77513236,-0.51723224,0.10758893,0.35671532,-0.21479797,0.17516246,-0.70139617,-0.7183466,-0.21742393,0.46622965,-0.77370733,-1.1282442,0.79420346,-0.28049728,-1.4803314,0.9381589,0.1729458,0.109471805,0.52209145,-0.022998031,0.09418908,-0.1484914,0.52792597,-0.37158242,0.76992416,0.16284901,-0.46319655,-0.40484124,0.72298133,0.052233584,-0.32501045,-0.42076468,1.6797916,-0.54035205,0.5800984,0.17970014,-0.4352553,-0.16462123
51,0.3299576,1.3427252,0.9876047,0.17345959,0.28246254,-0.1356726,0.12645425,-0.009565293,-0.015481055,-0.62174636,0.4545152,0.27494988,-0.6269218,-0.20682219,-0.62456596,0.5336516,-0.4750213,0.032535747,-0.8564638,-0.05919931,-0.22736815,0.003766878,0.04240346,-0.7887511,0.6450368,0.09980722,-0.45183074,-0.3646552,0.20127371,0.5847564,0.5376799,0.46976107,0.24425569,0.05727473,-0.77940744,-0.063940674,-0.11452225,-0.5758005,0.11881533,0.5453068,-0.02143813,0.7179755,-0.27481127,-0.099704415,0.2674319,-0.010673258,-0.01674505,0.081110194,0.18306437,0.16474867,-0.54035205,0.5610546,-0.22531748,-0.102847785,0.11343072,0.02436198
52,0.91228974,0.9741546,0.25647575,-1.752846,-0.39141905,0.014922789,0.28083974,0.6906624,-0.1924758,-0.35939437,0.1808912,0.100180835,-0.7768823,0.18975972,0.1756003,-0.36856782,-0.2250495,-0.82090163,0.5554764,0.12928379,-0.19517303,0.3547358,0.413516,0.16489245,-0.040082395,0.0709989,0.7756655,-0.099942714,-1.0172008,-0.4483691,0.5532632,0.44409937,-0.5113923,0.3768862,-0.48853523,0.06071882,0.21274179,-0.10433222,-0.2830097,-0.5157175,0.12415879,-0.20651704,0.6190704,0.14376533,0.14057314,0.17819014,-0.038841866,-0.6699483,0.027237462,0.018496577,0.5800984,-0.22531748,0.8280725,0.35349977,0.07692297,0.124129176
53,-0.41001883,0.69307256,1.1338556,-1.0184629,-0.54021376,0.5910425,0.5322467,1.4301941,-0.27966547,-0.06758465,-0.57743156,-0.47148824,0.5251032,-0.39067212,-0.026745547,-0.15849698,0.4813856,-0.7189995,0.42920312,0.013026457,-0.31066146,0.054141205,0.13563177,0.08147513,-0.485013,-0.58081216,0.14513545,-0.5717287,0.05730226,-0.25952137,0.11761779,0.5466303,-0.025566991,-0.3762306,-0.15865028,-0.47459126,-0.28225625,0.0400737,0.14324018,0.90766287,0.23560008,-0.8334315,-0.030792873,-0.3437634,-0.34972322,0.17781252,0.56779563,-0.5121213,-0.15921235,-0.46845037,0.17970014,-0.102847785,0.35349977,1.6206104,0.515427,0.57036257
54,0.9537736,-1.3318377,-0.6542076,-1.2729782,-0.058266364,0.46529925,0.2215859,-0.15134594,0.28068918,-0.64353436,-0.24767706,0.012557727,-0.06762812,0.031387515,-0.26795065,0.027750127,-0.55095744,-0.23566575,-0.07071182,0.4778033,-0.19408265,-0.14160404,0.073715255,-0.07648205,0.035463825,-0.63002014,-0.1885915,0.41042572,0.19856066,-0.15608129,-0.61660266,0.99280906,-0.33575463,-0.80979836,-0.6673435,0.073860586,0.0111195855,0.8481184,-0.36678457,0.15076086,-0.09810287,-0.13065618,-0.068641275,-0.01908195,0.4700145,-0.5144028,-0.24523813,-0.47937965,0.55752397,0.22960953,-0.4352553,0.11343072,0.07692297,0.515427,1.0679699,0.49199122
55,0.8507611,0.6191069,0.32807058,-0.5061641,0.32034677,0.37675792,-0.47432947,0.9299102,0.51699114,0.9991714,-1.2770886,0.05311045,0.98834985,-0.24052826,0.5106883,-0.69551945,-0.29034156,-1.0853465,0.33653674,-0.05232878,-0.0056364583,1.0249656,0.087629005,-0.4630604,-0.67346466,0.25393912,0.18330461,0.38744068,-0.1430051,-0.08593802,0.0051816674,0.28333032,0.2538979,-0.37283155,0.20494524,0.372169,-0.48356935,-0.22838512,-0.16647199,1.0544574,-0.14915979,0.15817377,0.49752814,0.22698937,-0.13480276,0.05779328,-0.40833056,-0.499501,0.6436803,-0.19702473,-0.16462123,0.02436198,0.124129176,0.57036257,0.49199122,1.0410315
