,0,1,2,3,4,5,6,7,8,9,10,11,12,13,14,15,16,17,18,19,20,21,22,23,24,25,26,27,28,29,30,31,32,33,34,35,36,37,38,39,40,41,42,43,44,45,46,47,48,49,50,51,52,53,54,55,56,57,58,59,60,61,62,63,64
0,22.477636,-15.254282,-16.768288,-10.953071,-6.784525,-8.9061985,5.3573923,2.7289202,0.51883996,0.5783391,-4.7787867,-7.8285704,-2.2085853,7.92486,2.1426635,-11.272663,3.6818595,3.0989046,-3.3590603,5.715785,-6.345868,2.4994793,-0.690966,-4.487526,-1.0641555,-3.3682637,-2.2106044,-0.5913967,-0.21504912,-1.5812652,-0.57711136,0.120208055,0.20471263,-3.364757,0.19951154,-2.2909212,-0.73863196,-1.6630707,0.477312,-1.1283245,-0.8989806,-0.40444672,1.2698963,0.09239189,0.6156,1.8706439,-0.46808273,2.0557828,0.60539645,0.48300883,-1.1087649,-1.1806352,0.6987056,-0.079593666,2.1574986,0.22605778,0.35435158,-0.75905216,-0.028418347,-0.76516366,-0.57208633,0.3762197,0.12055847,-0.65706563,0.87004375
1,-15.254282,27.299625,27.373945,7.0914593,2.2633724,8.126936,-5.292247,7.234187,-3.4500892,2.456216,11.819941,1.1121653,2.7452374,-3.514702,-0.5156431,4.547491,-1.7702632,-2.5001643,8.6292,-13.59832,8.372203,-3.1135392,0.6470735,2.8952007,3.7840707,0.6209388,3.7555637,-0.6294253,4.629356,3.4935832,-1.6665728,-6.4595156,-0.755301,3.0432887,-0.74908406,3.3510215,2.20606,2.489469,0.1953841,1.9153631,0.6779449,-0.23479535,-0.6922251,-0.5936259,-1.7187256,-0.1191416,-0.11827153,-0.97933924,0.5909677,-0.079188086,0.7945159,2.3147364,0.41452837,-0.72113514,-0.33371022,0.050392635,-1.1980778,1.9852875,0.7477572,0.20757598,1.6350349,-0.97883844,0.0013598497,-0.5164005,-0.017912379
2,-16.768288,27.373945,86.30945,-20.514574,-7.790183,-13.330893,-5.519161,12.055423,-7.5954304,-16.425287,-0.88060904,-0.51451755,18.692429,-3.0758553,1.2458935,11.1889105,7.3915243,-6.950858,18.533184,-16.525898,0.47518197,1.2229869,2.1576643,1.4603224,3.6810737,-0.9219966,2.3867986,1.7626798,1.0658295,5.9094577,-2.1735494,-2.0720367,-2.632135,2.0146005,-3.2917066,5.6361856,3.181553,1.5483371,-0.042057328,0.36446244,2.14648,1.1525047,-4.338149,0.7012906,-6.808915,0.32393217,4.087257,-2.8362772,-1.7069595,-1.551532,-1.7495719,3.6571734,3.0179195,0.008595707,0.46180138,-0.64853215,-1.3207694,0.46646014,0.18980259,0.9013314,2.4958942,-0.72072935,-2.012961,-2.3652353,-2.7793593
3,-10.953071,7.0914593,-20.514574,107.65641,30.688025,21.195267,-2.261638,-15.39103,10.0433035,5.3133054,-9.334305,7.279242,-6.1618075,-22.241627,-3.303757,1.5896702,-1.0502552,-11.104467,-11.840084,-12.749632,4.355954,-10.268808,-15.628446,10.037085,1.7933741,1.1321704,11.86031,8.492988,-0.5230182,-2.1954963,5.1853585,-6.0867705,-4.783395,5.685973,-5.4460373,-4.6957965,-3.7992134,-1.1359866,2.1229525,5.337324,-0.4916519,-1.3013253,-4.7234397,0.33678997,4.71948,0.8042971,-0.8952,-1.2747681,-2.8266077,0.63681316,2.1255686,-0.82652974,-3.7163382,-1.314182,2.5537424,-1.7924508,1.3995425,-0.21974143,-0.4967561,-0.9899257,-0.6413555,-0.23598233,0.7340809,1.215534,-0.5131018
4,-6.784525,2.2633724,-7.790183,30.688025,43.054897,5.317777,4.0213594,-9.714368,4.565565,13.127319,-15.974052,0.9168902,4.3706274,1.3885672,-8.025404,5.433812,-1.7300847,1.8589423,-0.44307968,-1.6471014,7.640466,-5.012657,-3.912211,9.15542,2.9314349,-3.6608753,5.731246,-0.6294565,1.6761723,-0.16184229,2.5446172,0.03164242,-0.49284697,3.175439,1.9698229,2.9202352,-0.8158231,1.2154542,-2.6922948,-0.4778153,-0.47043413,-1.0569584,-4.8410716,-1.725482,1.3693669,0.4901642,-2.4251864,-1.1243407,-3.1336393,-2.576562,2.5377603,-0.7480012,0.48868632,1.6511045,-0.43440115,0.53345615,0.89141464,2.2828379,-0.43643898,-0.8065676,-0.5994303,-1.0927242,-1.2636704,1.3082263,0.7975297
5,-8.9061985,8.126936,-13.330893,21.195267,5.317777,24.957546,9.566746,-1.793392,-6.583377,4.199173,6.5321684,1.7615337,-7.6769257,-4.510682,0.46132678,-1.5248735,0.6028413,4.559286,-4.5076747,-2.5435874,7.369936,-4.915995,0.44284877,8.148877,1.7373819,-2.468656,6.332574,-0.23681237,3.3841667,-0.011696823,0.379189,-3.3140728,1.3695436,4.463011,0.7561183,1.8869177,-1.626667,0.56230956,1.3200626,-0.16063419,0.57714975,2.3171518,2.551548,0.37678242,2.630271,-2.5764534,-1.1196921,0.86469305,0.42773432,0.44958395,0.27412128,-1.6795044,-1.2339464,-1.0403872,-1.2034677,0.27529943,-0.22632313,0.024703065,-0.6422798,-0.10268113,-0.2269125,0.067289546,0.4742916,0.80404913,-0.2856564
6,5.3573923,-5.292247,-5.519161,-2.261638,4.0213594,9.566746,27.271133,-1.7069342,-0.004894306,3.9856706,-2.4958448,-6.6162767,0.46107692,6.125928,-1.0280321,-1.7607799,6.3577785,4.760801,-6.5143924,5.68495,-0.04716889,1.5855224,7.5512934,6.1712003,7.27769,-4.395687,3.7330418,-5.7488375,0.14050585,0.45461428,0.53449225,1.2384528,-0.26533425,0.1964226,-2.3780572,2.9995604,-2.6214418,-0.3598767,-0.40246975,-1.6150875,0.6873572,4.1937804,-0.17878124,0.63151383,1.7344339,-0.9284358,0.42909148,2.3875155,-1.2764511,-1.0177422,0.19752833,-2.6768937,-0.48070723,0.30967808,-1.331552,0.53552747,-0.52646697,-1.2598555,-1.10126,-1.1301647,-0.33862674,-0.14747003,-0.27708757,0.5446356,0.24798217
7,2.7289202,7.234187,12.055423,-15.39103,-9.714368,-1.793392,-1.7069342,14.029923,-2.0762591,4.3619766,9.349657,-6.4412184,4.5217094,4.0836535,0.38782597,-5.660803,1.918845,2.0908184,2.597235,-5.445117,0.12705109,0.6475746,-0.9345981,-1.4006121,0.08347073,-2.4174416,-1.1460698,1.3849914,0.36761522,2.3882246,-0.97222626,-0.68688905,2.0747519,-1.0443294,0.5034178,0.89214385,2.465338,0.94455004,0.90989983,0.94291866,1.217665,0.15532775,1.316654,-0.78619856,-0.76271665,-1.53636,-1.2420824,0.1944829,0.5921267,1.231036,-1.1280658,2.0060515,0.6401913,-0.6053844,0.3212493,-0.5340839,0.2837392,0.7258316,0.17464441,0.18638167,1.7587283,0.43363976,0.53661716,-0.05195192,-0.2706778
8,0.51883996,-3.4500892,-7.5954304,10.0433035,4.565565,-6.583377,-0.004894306,-2.0762591,23.5189,11.091867,3.6313496,3.0356073,-4.9935455,1.1330612,-4.8779697,1.9968948,-6.78578,-2.920094,-3.439753,1.977907,-0.9381813,4.583207,-0.05788972,-1.2883267,3.8568707,4.5915613,-2.3223343,-1.5917792,-1.2017252,1.479958,-0.2921354,3.910159,-1.8123344,-0.7709441,-4.024618,-1.2941985,1.03725,0.055077955,-0.5178994,3.352806,0.7298273,-0.5776847,-3.7245705,-0.69630444,1.395183,0.45255163,0.15549128,1.9004642,-1.308394,2.178898,0.41956806,0.81448066,-1.0952764,-0.7569164,-0.7776703,0.4775322,-0.5914688,0.14564797,0.67931503,-0.5310198,0.10613446,0.0073674377,1.3052733,1.2533885,0.52548337
9,0.5783391,2.456216,-16.425287,5.3133054,13.127319,4.199173,3.9856706,4.3619766,11.091867,20.80589,6.017806,-3.4940362,0.49567503,6.5651355,-5.2592053,-2.8174481,-4.6990166,3.9880185,-4.171407,-0.8528036,3.7961235,0.4444489,0.44690254,2.2115483,4.037301,-1.0083975,-0.31919247,-2.6525846,0.44488713,1.1237419,0.3548103,0.5634743,1.6209452,-0.7325206,0.48893064,0.61255,1.4499936,1.4272568,-1.0082989,1.8575525,0.46802092,-0.3251925,-1.5338233,-2.09572,2.226905,-1.0852559,-3.097436,0.95640326,-0.79415405,0.55443215,1.4162369,0.51012295,-0.65961325,0.34650838,-0.71488583,-0.03746263,0.062172096,1.916117,0.5406238,-1.0456431,0.8118997,0.22580676,1.1669831,1.6442394,1.0281403
10,-4.7787867,11.819941,-0.88060904,-9.334305,-15.974052,6.5321684,-2.4958448,9.349657,3.6313496,6.017806,22.231977,0.77807784,-5.696636,-0.12554827,1.1660601,-1.7058401,-3.4878855,-1.3975747,1.1729889,-4.0993795,4.3261113,1.1279736,2.6616473,-2.5087192,2.9375343,2.2284026,-2.6003351,-2.9065144,1.3022803,2.1589952,-1.5241132,-2.642672,0.73653316,-0.31981272,-1.2685529,0.13325353,1.9822114,1.4496444,0.2595985,2.587867,0.7660053,0.4314574,2.2611926,-0.5082008,0.32219195,-1.6531016,-0.9043162,1.5981066,2.0687304,2.346027,-0.08822662,1.6615986,-0.93583465,-1.2148136,-1.1528015,0.10987902,-0.5629535,0.44965118,0.42354497,0.5014751,1.1841564,0.2965322,2.0712051,0.53442335,0.50408244
11,-7.8285704,1.1121653,-0.51451755,7.279242,0.9168902,1.7615337,-6.6162767,-6.4412184,3.0356073,-3.4940362,0.77807784,11.817177,-3.619501,-4.063318,0.5662985,5.012332,-4.4038725,-2.965454,1.2439989,0.07904816,2.9631586,-1.4613087,2.3330631,0.55594003,0.044775635,2.393382,-1.0300832,-0.38876706,-1.2972057,-2.2633474,-1.274628,0.32826346,0.15762044,1.6873503,-0.5111733,-0.98223364,-0.1577821,0.5037141,-1.3871118,0.17361891,-0.5531609,-1.4672719,-0.38707045,1.4404982,-0.08486508,0.26292711,0.61987895,-0.58109826,0.24029343,-0.046520367,-0.08814428,-0.98704326,-0.7108524,-0.1866388,-0.08459248,0.16071881,-0.21757558,-0.067085184,0.6906543,0.60781586,-0.68688774,-0.3697077,0.83792573,0.366157,-0.062334634
12,-2.2085853,2.7452374,18.692429,-6.1618075,4.3706274,-7.6769257,0.46107692,4.5217094,-4.9935455,0.49567503,-5.696636,-3.619501,18.756279,3.9523368,-1.0493163,2.661175,2.635813,-0.14696795,0.3303378,-2.5884612,-3.343586,-0.9136157,2.500018,0.72011584,1.4057934,-1.6044537,-0.7144775,1.8325996,-4.310793,-0.977346,0.33553895,1.766766,1.291019,-2.9129705,0.8704496,0.17791736,1.2830546,1.0641501,-1.4380329,0.35244137,0.13716,-1.0419238,-1.3188205,0.13818686,-1.5347662,-0.08294434,-0.50569195,-3.2420022,-1.4935809,-2.8438883,1.3134341,0.7787214,0.052108735,1.5697126,0.28557655,-1.7055643,0.89651024,0.7868132,0.2668168,-0.39151776,1.3185297,-0.4753986,-0.71074545,0.031892955,-0.22135238
13,7.92486,-3.514702,-3.0758553,-22.241627,1.3885672,-4.510682,6.125928,4.0836535,1.1330612,6.5651355,-0.12554827,-4.063318,3.9523368,13.836262,-0.21160024,-4.589317,-0.87408626,10.536173,0.1436031,4.673785,-2.064046,3.0657763,6.0446997,0.79509544,2.337635,-2.5290346,-2.2883,-2.093834,1.691309,-1.1982853,-2.8087683,1.6860559,1.4893217,-1.5755024,2.1384215,0.8629619,1.3663695,0.0011406157,-0.59776783,0.14448649,-0.0848033,-0.42163825,0.9627986,-0.32584846,-0.71709025,0.16556089,-1.2278533,1.1636834,-0.19584379,-0.44482282,0.8929258,-0.75082326,0.8723673,0.21833819,0.13478771,0.6338302,-0.13781798,1.2229438,0.3681779,-1.0054067,0.060525566,-0.34281892,-0.04440573,-0.01615652,0.83793414
14,2.1426635,-0.5156431,1.2458935,-3.303757,-8.025404,0.46132678,-1.0280321,0.38782597,-4.8779697,-5.2592053,1.1660601,0.5662985,-1.0493163,-0.21160024,3.807047,-1.9016248,1.0430267,0.94757056,0.6233982,-0.043890573,-2.0587757,-0.17870478,1.8762012,-0.57878387,-0.9316818,-0.18515176,-0.9465633,0.3493154,0.28411928,-1.4648596,-0.94186664,-2.1155956,-0.41261038,0.033507653,0.33130217,-1.1205509,-0.3183748,-0.71105623,0.5095426,0.034498952,-0.23059642,-0.31301144,1.7362578,0.46662638,-0.32919806,0.25802648,0.5805719,-0.009545528,0.60330063,-0.023111653,-0.27259594,-0.65757424,-0.018350441,-0.32900855,1.041173,-0.16150312,-0.042101637,-0.23749565,-0.15345979,-0.14520061,-0.2110277,0.36739993,-0.038266227,-1.0984972,-0.37455177
15,-11.272663,4.547491,11.1889105,1.5896702,5.433812,-1.5248735,-1.7607799,-5.660803,1.9968948,-2.8174481,-1.7058401,5.012332,2.661175,-4.589317,-1.9016248,10.854053,-1.6059859,-6.5540495,2.855714,0.20338309,3.8869584,-0.37320527,2.506917,0.40986112,0.80524266,3.5420127,-0.32714468,-2.6868587,-1.977256,0.50500464,1.7051396,1.5852141,-1.3137827,1.3605447,-1.1821765,1.4517944,-0.27290314,1.1882119,-1.6534848,-0.5671223,0.32806218,-0.17703037,-1.9298946,-0.12705183,-0.59357697,0.3227679,1.583515,-1.046829,-0.68935883,-1.4818294,0.91755116,0.31254423,-0.41884288,0.8479821,-1.3559375,0.07634395,-0.065633,0.19288328,-0.09986524,0.4428429,0.004916668,-0.15369833,-0.45611063,-0.026358414,-0.14719886
16,3.6818595,-1.7702632,7.3915243,-1.0502552,-1.7300847,0.6028413,6.3577785,1.918845,-6.78578,-4.6990166,-3.4878855,-4.4038725,2.635813,-0.87408626,1.0430267,-1.6059859,7.969027,-1.8274274,0.43477196,-1.3071963,0.16650277,-0.33655667,-2.1443782,0.6715945,0.4074406,-4.177709,1.3520656,-0.9568896,-1.095859,0.49535468,2.30966,-0.6861062,-0.3833565,0.48674935,-1.1176386,0.92735124,-1.5461926,-0.757477,0.24434027,-1.7786822,0.14715903,1.8893907,-0.40480274,-0.019039271,-0.7212069,-0.42881364,0.15852733,0.6256696,-0.23865089,-0.36187953,-1.0483052,-0.22300452,0.64789534,0.7233263,0.894938,-0.36268276,0.84711266,-0.97322845,-0.97749764,0.16969016,0.032718685,0.7286921,-0.22742707,-0.15905496,-0.53842926
17,3.0989046,-2.5001643,-6.950858,-11.104467,1.8589423,4.559286,4.760801,2.0908184,-2.920094,3.9880185,-1.3975747,-2.965454,-0.14696795,10.536173,0.94757056,-6.5540495,-1.8274274,18.237131,-1.7979345,3.2044072,-4.235715,2.513413,3.3960712,4.9192233,-0.5480889,-2.6981163,0.9554743,2.8615818,4.793662,-1.6608322,-3.804552,1.0283186,2.1377532,1.0649803,3.1276445,0.7119088,0.5900328,-1.6021559,2.433418,0.36547297,0.102077425,0.906376,2.2227125,0.07006548,-0.7265409,-1.2711539,-1.605495,0.73899364,-0.0005844268,1.1033881,0.6035969,-1.0529451,0.7940044,-0.7099848,0.24215719,0.6939447,-0.6358665,0.94319594,0.33627558,-1.1652849,-0.4173082,-0.38936657,-0.5291025,0.18833339,0.046114653
18,-3.3590603,8.6292,18.533184,-11.840084,-0.44307968,-4.5076747,-6.5143924,2.597235,-3.439753,-4.171407,1.1729889,1.2439989,0.3303378,0.1436031,0.6233982,2.855714,0.43477196,-1.7979345,8.940914,-4.4660425,3.5366883,-0.014890551,0.22913876,-1.2344458,-0.37708783,-0.4345472,-0.597647,-1.5627787,2.304378,1.4956245,-0.88055587,-2.4847932,-0.64178085,1.566889,0.33519167,2.0503464,0.9890818,0.676615,-0.59687984,-1.0369337,-0.052895773,-0.573747,-0.66943896,-0.44333515,-2.3743505,0.8747797,0.5654118,-0.08117347,0.6123532,-0.120554015,-0.6352465,1.1156209,1.5666139,0.19334027,0.556597,0.64340174,-0.44987315,0.84538496,0.24724677,0.5290618,0.2641347,-0.231558,-0.48710406,-0.9497416,-0.048494913
19,5.715785,-13.59832,-16.525898,-12.749632,-1.6471014,-2.5435874,5.68495,-5.445117,1.977907,-0.8528036,-4.0993795,0.07904816,-2.5884612,4.673785,-0.043890573,0.20338309,-1.3071963,3.2044072,-4.4660425,11.852389,-2.328043,1.9099693,3.336028,-1.1920596,-1.7750137,1.7712165,-2.1269605,-1.2452304,-1.2226121,-1.6891788,0.17698234,5.447902,0.5401484,-1.4511126,1.8680613,-0.6076008,-0.48242134,-0.37632495,-0.52849865,-0.8545266,0.047617566,-0.051304936,1.9323328,0.4175988,1.3885853,0.034278978,0.9241965,1.0670404,-0.16914782,-0.80638146,0.6167182,-1.686294,-0.425879,-0.07071948,-1.6041962,0.7369417,0.38389042,-0.6528466,-0.5378976,-0.058567435,-1.0060613,0.13847724,-0.3415734,0.104055434,0.3177097
20,-6.345868,8.372203,0.47518197,4.355954,7.640466,7.369936,-0.04716889,0.12705109,-0.9381813,3.7961235,4.3261113,2.9631586,-3.343586,-2.064046,-2.0587757,3.8869584,0.16650277,-4.235715,3.5366883,-2.328043,12.058868,-3.6942515,-0.23283172,1.9736316,0.2859689,-1.0099254,1.7185487,-3.8432922,0.5746956,0.7829217,2.069441,-0.43546638,0.9936739,4.0427456,0.19022828,2.6609368,0.07379606,2.3141186,-1.3522338,-1.4571955,0.7617932,-0.3626989,0.19886795,-0.65549797,0.6976752,-0.46997094,-0.23282453,1.2636755,0.42464623,-0.515594,-0.13137218,-0.08889437,-0.09231184,-0.015535792,-0.6244247,0.6727844,0.75227344,1.1466279,-0.19000995,0.6454835,0.31585217,0.31849495,0.5527752,0.38652182,0.4415996
21,2.4994793,-3.1135392,1.2229869,-10.268808,-5.012657,-4.915995,1.5855224,0.6475746,4.583207,0.4444489,1.1279736,-1.4613087,-0.9136157,3.0657763,-0.17870478,-0.37320527,-0.33655667,2.513413,-0.014890551,1.9099693,-3.6942515,4.5150795,1.439002,-1.7345331,1.1203376,0.93246835,-2.1105962,-1.345798,0.35832152,0.625481,-0.6441089,1.1606462,-0.80363107,-1.0119865,-1.4122248,-0.15531376,-0.068468034,-1.1502101,0.66132665,0.23429956,-0.08819426,1.0796711,-1.0071588,-0.29757679,-1.0345182,0.13867363,0.17867118,0.93669915,0.077236705,1.1474893,-0.15106434,0.39236766,0.3540719,0.22317286,0.06681384,0.27601403,-0.6462272,-0.40991917,0.21662237,-0.34513605,-0.1728527,0.22803931,0.1686066,0.17698677,0.086996555
22,-0.690966,0.6470735,2.1576643,-15.628446,-3.912211,0.44284877,7.5512934,-0.9345981,-0.05788972,0.44690254,2.6616473,2.3330631,2.500018,6.0446997,1.8762012,2.506917,-2.1443782,3.3960712,0.22913876,3.336028,-0.23283172,1.439002,12.363528,1.6833582,3.7246046,0.7307015,-2.212875,-4.8238626,-0.91177195,-2.2842064,-2.6821265,-0.28018975,0.6187879,-0.09024563,-0.5459551,0.8671524,-0.105208024,0.7485081,-1.5386096,-0.7150084,0.073278874,-0.20506983,1.1580691,0.87269926,-0.14046244,0.3683619,0.7432761,0.05812157,0.116896644,-1.224613,0.6772876,-1.7775011,-0.60876715,0.24991578,-0.2137952,0.27216905,-0.9317515,0.483014,0.5115204,-0.79262793,0.03970726,-0.44186628,0.04509189,-0.735842,0.57662183
23,-4.487526,2.8952007,1.4603224,10.037085,9.15542,8.148877,6.1712003,-1.4006121,-1.2883267,2.2115483,-2.5087192,0.55594003,0.72011584,0.79509544,-0.57878387,0.40986112,0.6715945,4.9192233,-1.2344458,-1.1920596,1.9736316,-1.7345331,1.6833582,6.65798,1.5577829,-2.2217884,3.0467238,0.82887214,1.2373562,-0.6005353,-0.2941972,-0.28580332,0.35126427,2.8837962,0.2574739,1.4527037,-0.5132351,-0.013574965,0.34154648,0.24678019,0.74855757,0.71194005,0.047151975,0.06444785,0.61853653,-1.3021848,-0.48944145,0.045775186,-1.1495454,-0.1778361,0.38931876,-0.95888865,-0.23845495,-0.32791787,-0.10603763,0.13098663,0.2026352,0.51918423,-0.5135753,-0.4842367,0.0040776767,-0.110038,-0.39813316,0.091565594,-0.42454648
24,-1.0641555,3.7840707,3.6810737,1.7933741,2.9314349,1.7373819,7.27769,0.08347073,3.8568707,4.037301,2.9375343,0.044775635,1.4057934,2.337635,-0.9316818,0.80524266,0.4074406,-0.5480889,-0.37708783,-1.7750137,0.2859689,1.1203376,3.7246046,1.5577829,6.3309784,-1.1039412,0.4390332,-3.679375,0.32720244,0.6747421,-0.980434,-2.0582938,-1.1548166,-1.0453074,-2.114573,0.8709085,-0.29539204,0.24407525,-1.3692336,0.90220356,-0.43562037,1.0492126,-1.9048843,0.17648101,-0.17341557,0.30001402,-0.3992568,0.46743655,-0.46695095,-0.30908746,0.66694385,-0.27997634,-0.117832646,0.4911232,-0.26207483,0.04189898,-0.7934994,-0.07778756,0.17050305,-0.49033725,0.07801764,-0.58561593,0.5485376,0.48560667,0.4526996
25,-3.3682637,0.6209388,-0.9219966,1.1321704,-3.6608753,-2.468656,-4.395687,-2.4174416,4.5915613,-1.0083975,2.2284026,2.393382,-1.6044537,-2.5290346,-0.18515176,3.5420127,-4.177709,-2.6981163,-0.4345472,1.7712165,-1.0099254,0.93246835,0.7307015,-2.2217884,-1.1039412,4.861944,-1.1714337,0.6150017,-0.33762753,0.26291746,-0.27796745,1.359754,-0.9536139,-0.59601617,-0.35447055,-0.9584942,0.67324567,0.33425885,0.2505445,1.269079,0.18389815,-0.92568374,0.20352681,0.05856762,0.36730322,0.59172785,1.2299943,-0.41785157,0.15685138,0.08309183,0.71364516,0.5182613,-0.7415339,-0.54319525,-0.92716706,0.09270202,-0.47488672,0.014705423,0.3357072,0.10075805,0.016665502,-0.19011451,-0.09246126,-0.2719339,0.057257168
26,-2.2106044,3.7555637,2.3867986,11.86031,5.731246,6.332574,3.7330418,-1.1460698,-2.3223343,-0.31919247,-2.6003351,-1.0300832,-0.7144775,-2.2883,-0.9465633,-0.32714468,1.3520656,0.9554743,-0.597647,-2.1269605,1.7185487,-2.1105962,-2.212875,3.0467238,0.4390332,-1.1714337,4.5844345,1.650805,2.1855483,1.0409589,0.020312605,-0.77707577,-0.053644896,1.430709,0.025732588,1.3072393,-0.50435305,0.16386774,0.9151249,-0.25989246,0.15406132,0.9639503,-0.23929933,0.45723683,0.45526516,-0.015250498,0.26642638,-0.09384103,-0.32534492,-0.2803707,-0.04389893,-0.2857599,0.13122937,-0.5254822,-0.42094493,0.18080044,-0.42174378,-0.15316135,-0.056146562,-0.03736584,-0.0540285,-0.6110196,-0.5487706,0.20159242,-0.20016614
27,-0.5913967,-0.6294253,1.7626798,8.492988,-0.6294565,-0.23681237,-5.7488375,1.3849914,-1.5917792,-2.6525846,-2.9065144,-0.38876706,1.8325996,-2.093834,0.3493154,-2.6868587,-0.9568896,2.8615818,-1.5627787,-1.2452304,-3.8432922,-1.345798,-4.8238626,0.82887214,-3.679375,0.6150017,1.650805,7.153932,0.55697715,-0.090286255,-0.87973267,1.4306467,0.72206676,-0.19545412,1.6085193,-1.3343067,1.0306548,-0.5357688,1.8934987,1.5678312,0.3984394,-0.8544156,1.069047,0.54395247,0.13254315,-0.6658011,-0.07248908,-1.3796284,-0.39868277,0.59011436,-0.14584196,0.71048295,-0.078863055,-1.0985794,0.018539928,-0.48266944,0.36150932,-0.09553538,0.013908483,0.2316659,0.25498635,-0.36007357,-0.55577326,-0.022201167,-0.7198191
28,-0.21504912,4.629356,1.0658295,-0.5230182,1.6761723,3.3841667,0.14050585,0.36761522,-1.2017252,0.44488713,1.3022803,-1.2972057,-4.310793,1.691309,0.28411928,-1.977256,-1.095859,4.793662,2.304378,-1.2226121,0.5746956,0.35832152,-0.91177195,1.2373562,0.32720244,-0.33762753,2.1855483,0.55697715,4.987347,1.3199548,-1.7978187,-2.1803038,-0.67811733,1.0280821,1.0582032,1.2093623,0.40614313,-0.37508035,1.1879272,0.4152075,-0.21686345,0.5429157,0.47439677,-0.22953153,-0.48609996,0.41006857,-0.050940476,0.77878547,0.4546388,0.635754,0.21970092,0.16979203,0.8897661,-0.76544225,-0.19633088,0.91694415,-1.0100317,0.45484358,0.14234588,-0.22094175,-0.31283617,-0.5722733,-0.49150524,-0.33935153,0.11428814
29,-1.5812652,3.4935832,5.9094577,-2.1954963,-0.16184229,-0.011696823,0.45461428,2.3882246,1.479958,1.1237419,2.1589952,-2.2633474,-0.977346,-1.1982853,-1.4648596,0.50500464,0.49535468,-1.6608322,1.4956245,-1.6891788,0.7829217,0.625481,-2.2842064,-0.6005353,0.6747421,0.26291746,1.0409589,-0.090286255,1.3199548,2.8038433,0.2968241,-0.055148527,-0.5066531,-0.3047946,-0.3598176,1.314351,0.5540792,0.34495312,0.27610728,0.22226422,0.38789225,0.97106147,-0.78592706,-0.49246314,-0.12241694,-0.29196227,0.19929382,0.2430264,-0.050500765,0.4647056,-0.36136025,1.100275,0.5017483,-0.20979804,-0.9515028,0.26938957,-0.4653439,-0.18087861,-0.15414652,0.33500826,0.3378818,-0.13558307,-0.19936526,0.20550874,-0.19489536
30,-0.57711136,-1.6665728,-2.1735494,5.1853585,2.5446172,0.379189,0.53449225,-0.97222626,-0.2921354,0.3548103,-1.5241132,-1.274628,0.33553895,-2.8087683,-0.94186664,1.7051396,2.30966,-3.804552,-0.88055587,0.17698234,2.069441,-0.6441089,-2.6821265,-0.2941972,-0.980434,-0.27796745,0.020312605,-0.87973267,-1.7978187,0.2968241,2.9795146,0.82920504,-0.3714732,0.6906736,-0.58651,0.025500823,-0.8082104,0.032504626,-0.17459238,-0.6661322,0.3199364,0.38905078,-0.6548971,-0.78067005,0.47449303,-0.36984998,-0.011120098,0.26342005,-0.31987053,-0.22986485,-0.040866405,0.22100139,-0.25519967,0.5901153,0.06540216,-0.29209256,0.9356512,-0.17843041,-0.6251267,0.1784085,0.045329556,0.83580506,0.052978076,0.1944528,-0.18842497
31,0.120208055,-6.4595156,-2.0720367,-6.0867705,0.03164242,-3.3140728,1.2384528,-0.68688905,3.910159,0.5634743,-2.642672,0.32826346,1.766766,1.6860559,-2.1155956,1.5852141,-0.6861062,1.0283186,-2.4847932,5.447902,-0.43546638,1.1606462,-0.28018975,-0.28580332,-2.0582938,1.359754,-0.77707577,1.4306467,-2.1803038,-0.055148527,0.82920504,6.3310227,1.3692484,-0.2025877,0.56485224,0.124710426,0.5690361,0.32619065,0.14896592,-0.19654112,0.97275925,0.0036702538,0.29258275,0.28936908,0.53426087,-0.88668483,0.6020738,0.27481836,-0.6661413,-0.046206832,-0.12498588,-0.06043358,-0.34071922,-0.25708908,-1.3842632,0.082066566,0.7018067,-0.3108276,-0.15189719,0.33947593,0.07150373,0.18138012,-0.06891771,0.7639051,-0.23105738
32,0.20471263,-0.755301,-2.632135,-4.783395,-0.49284697,1.3695436,-0.26533425,2.0747519,-1.8123344,1.6209452,0.73653316,0.15762044,1.291019,1.4893217,-0.41261038,-1.3137827,-0.3833565,2.1377532,-0.64178085,0.5401484,0.9936739,-0.80363107,0.6187879,0.35126427,-1.1548166,-0.9536139,-0.053644896,0.72206676,-0.67811733,-0.5066531,-0.3714732,1.3692484,2.145116,0.08628304,1.0927525,0.3057637,0.40277934,0.5577526,0.002245492,-0.80288506,0.20879932,-0.14569727,0.98225224,0.31428236,0.21589449,-0.72312766,-0.6373249,-0.2926159,0.3181023,-0.0059755268,-0.41834027,-0.17681676,-0.06226884,-0.03065973,-0.24820326,-0.13430607,0.221288,0.1859529,0.3083079,0.19668646,0.2523087,-0.07722725,0.21021831,0.49394804,0.12328309
33,-3.364757,3.0432887,2.0146005,5.685973,3.175439,4.463011,0.1964226,-1.0443294,-0.7709441,-0.7325206,-0.31981272,1.6873503,-2.9129705,-1.5755024,0.033507653,1.3605447,0.48674935,1.0649803,1.566889,-1.4511126,4.0427456,-1.0119865,-0.09024563,2.8837962,-1.0453074,-0.59601617,1.430709,-0.19545412,1.0280821,-0.3047946,0.6906736,-0.2025877,0.08628304,3.7280743,-0.4611425,1.076032,-0.5379353,0.03706327,0.73517436,-0.6990687,0.7269979,0.19779664,0.24099159,-0.22297661,-0.02155312,-0.52758396,0.22328518,0.8307854,-0.0800523,0.56334245,-0.4249203,-0.34418035,-0.02527181,-0.4135832,0.48379546,0.40159035,0.32162374,0.45677432,-0.24676229,-0.0045342525,-0.04554573,0.43865645,-0.08968389,-0.23665762,-0.24390875
34,0.19951154,-0.74908406,-3.2917066,-5.4460373,1.9698229,0.7561183,-2.3780572,0.5034178,-4.024618,0.48893064,-1.2685529,-0.5111733,0.8704496,2.1384215,0.33130217,-1.1821765,-1.1176386,3.1276445,0.33519167,1.8680613,0.19022828,-1.4122248,-0.5459551,0.2574739,-2.114573,-0.35447055,0.025732588,1.6085193,1.0582032,-0.3598176,-0.58651,0.56485224,1.0927525,-0.4611425,3.184302,0.13133436,0.8967742,0.40879494,-0.13535446,-0.060977314,-0.054804735,-0.8645213,1.5969703,-0.18712172,0.33300552,-0.30553156,-0.4135026,-0.6364027,0.08077216,-0.7786316,0.4594447,-0.144272,0.37856832,-0.13492808,-0.5550109,0.14524141,0.27053404,0.58687085,-0.13999255,0.12821122,-0.083809406,-0.12441617,-0.48479372,-0.22977084,-0.10724609
35,-2.2909212,3.3510215,5.6361856,-4.6957965,2.9202352,1.8869177,2.9995604,0.89214385,-1.2941985,0.61255,0.13325353,-0.98223364,0.17791736,0.8629619,-1.1205509,1.4517944,0.92735124,0.7119088,2.0503464,-0.6076008,2.6609368,-0.15531376,0.8671524,1.4527037,0.8709085,-0.9584942,1.3072393,-1.3343067,1.2093623,1.314351,0.025500823,0.124710426,0.3057637,1.076032,0.13133436,2.1044033,0.068858504,0.5877484,-0.20191723,-0.9434762,0.37969863,0.8501581,-0.27149552,-0.17322473,-0.3372079,-0.32161832,0.11247141,0.3040421,-0.08156969,-0.22297622,-0.20379466,0.12493007,0.51415473,0.07746658,-0.6984254,0.45469826,-0.27974865,0.20460069,-0.122505695,0.15188885,0.15785727,-0.2414391,-0.35131925,0.10493728,0.030493869
36,-0.73863196,2.20606,3.181553,-3.7992134,-0.8158231,-1.626667,-2.6214418,2.465338,1.03725,1.4499936,1.9822114,-0.1577821,1.2830546,1.3663695,-0.3183748,-0.27290314,-1.5461926,0.5900328,0.9890818,-0.48242134,0.07379606,-0.068468034,-0.105208024,-0.5132351,-0.29539204,0.67324567,-0.50435305,1.0306548,0.40614313,0.5540792,-0.8082104,0.5690361,0.40277934,-0.5379353,0.8967742,0.068858504,1.2873652,0.58508074,-0.07619357,0.90569794,0.31110746,-0.74327815,0.3959685,-0.14050177,-0.059007652,-0.15362188,-0.07896284,-0.27779847,-0.03916819,-0.0066652065,0.19186506,0.58993566,0.12115972,-0.38119173,-0.39676562,0.01346666,-0.0069811586,0.48852342,0.16744009,0.10731226,0.39238167,-0.17500636,-0.009144377,-0.07629809,-0.054697506
37,-1.6630707,2.489469,1.5483371,-1.1359866,1.2154542,0.56230956,-0.3598767,0.94455004,0.055077955,1.4272568,1.4496444,0.5037141,1.0641501,0.0011406157,-0.71105623,1.1882119,-0.757477,-1.6021559,0.676615,-0.37632495,2.3141186,-1.1502101,0.7485081,-0.013574965,0.24407525,0.33425885,0.16386774,-0.5357688,-0.37508035,0.34495312,0.032504626,0.32619065,0.5577526,0.03706327,0.40879494,0.5877484,0.58508074,1.0516962,-0.6813524,-0.042687867,0.25105703,-0.51817304,0.23949671,0.011909103,0.34070295,-0.040921554,0.0490209,-0.24848042,0.015450148,-0.5381428,0.14088856,0.1373761,-0.14674503,-0.0693585,-0.5391152,0.013800794,0.08043745,0.36515257,0.107821,0.20020741,0.33049506,-0.20037147,0.046335682,0.057638295,0.15936102
38,0.477312,0.1953841,-0.042057328,2.1229525,-2.6922948,1.3200626,-0.40246975,0.90989983,-0.5178994,-1.0082989,0.2595985,-1.3871118,-1.4380329,-0.59776783,0.5095426,-1.6534848,0.24434027,2.433418,-0.59687984,-0.52849865,-1.3522338,0.66132665,-1.5386096,0.34154648,-1.3692336,0.2505445,0.9151249,1.8934987,1.1879272,0.27610728,-0.17459238,0.14896592,0.002245492,0.73517436,-0.13535446,-0.20191723,-0.07619357,-0.6813524,1.621349,0.24868569,0.284671,0.5124388,0.5159228,-0.00929987,-0.1485558,-0.2696746,0.14526144,0.30004436,0.1828894,0.871832,-0.27974805,0.22672613,0.032807037,-0.5448351,0.26052728,0.02895652,-0.15741606,-0.14403012,0.027836297,-0.13620254,0.021972962,0.15776008,-0.16051748,-0.09317917,-0.25722754
39,-1.1283245,1.9153631,0.36446244,5.337324,-0.4778153,-0.16063419,-1.6150875,0.94291866,3.352806,1.8575525,2.587867,0.17361891,0.35244137,0.14448649,0.034498952,-0.5671223,-1.7786822,0.36547297,-1.0369337,-0.8545266,-1.4571955,0.23429956,-0.7150084,0.24678019,0.90220356,1.269079,-0.25989246,1.5678312,0.4152075,0.22226422,-0.6661322,-0.19654112,-0.80288506,-0.6990687,-0.060977314,-0.9434762,0.90569794,-0.042687867,0.24868569,2.328642,0.2065466,-0.61546975,0.0090432,-0.16500239,0.31938493,-0.17958623,-0.1321105,-0.1046966,-0.38973045,0.3553565,0.7437575,0.5216023,-0.39990485,-0.5709612,-0.18287367,-0.17906424,0.05239573,0.26910233,-0.058227584,-0.18560761,0.23954919,-0.10052764,0.21000901,-0.04225235,-0.14742035
40,-0.8989806,0.6779449,2.14648,-0.4916519,-0.47043413,0.57714975,0.6873572,1.217665,0.7298273,0.46802092,0.7660053,-0.5531609,0.13716,-0.0848033,-0.23059642,0.32806218,0.14715903,0.102077425,-0.052895773,0.047617566,0.7617932,-0.08819426,0.073278874,0.74855757,-0.43562037,0.18389815,0.15406132,0.3984394,-0.21686345,0.38789225,0.3199364,0.97275925,0.20879932,0.7269979,-0.054804735,0.37969863,0.31110746,0.25105703,0.284671,0.2065466,0.7002023,0.0663619,0.32700032,-0.18318275,0.29189497,-0.55577624,0.24668965,0.23534688,-0.26239818,0.1812034,-0.16748908,0.14230803,-0.13678288,-0.34340283,-0.24981259,0.015684914,0.2393169,0.12719443,-0.22913852,0.03610608,0.2812261,0.2591179,-0.06564846,-0.1060817,-0.27451098
41,-0.40444672,-0.23479535,1.1525047,-1.3013253,-1.0569584,2.3171518,4.1937804,0.15532775,-0.5776847,-0.3251925,0.4314574,-1.4672719,-1.0419238,-0.42163825,-0.31301144,-0.17703037,1.8893907,0.906376,-0.573747,-0.051304936,-0.3626989,1.0796711,-0.20506983,0.71194005,1.0492126,-0.92568374,0.9639503,-0.8544156,0.5429157,0.97106147,0.38905078,0.0036702538,-0.14569727,0.19779664,-0.8645213,0.8501581,-0.74327815,-0.51817304,0.5124388,-0.61546975,0.0663619,1.7264495,-0.48222595,0.0066963895,-0.21522912,-0.5134293,0.02874007,0.52373654,0.035558894,0.4532516,-0.4051597,-0.036955915,0.20806956,0.1745129,-0.3418495,0.107344,-0.3474096,-0.61401886,-0.19947445,0.0028191109,-0.124127805,0.10465458,0.008360842,0.3825696,-0.17845869
42,1.2698963,-0.6922251,-4.338149,-4.7234397,-4.8410716,2.551548,-0.17878124,1.316654,-3.7245705,-1.5338233,2.2611926,-0.38707045,-1.3188205,0.9627986,1.7362578,-1.9298946,-0.40480274,2.2227125,-0.66943896,1.9323328,0.19886795,-1.0071588,1.1580691,0.047151975,-1.9048843,0.20352681,-0.23929933,1.069047,0.47439677,-0.78592706,-0.6548971,0.29258275,0.98225224,0.24099159,1.5969703,-0.27149552,0.3959685,0.23949671,0.5159228,0.0090432,0.32700032,-0.48222595,2.6002533,0.28904623,0.5737755,-0.48604643,0.12434296,0.1360214,0.580703,-0.03113339,-0.020652208,-0.40415275,-0.2601244,-0.69338405,-0.27895123,0.122442126,0.27874023,0.11460469,-0.20176744,0.13113165,0.051851347,0.071877174,-0.08846815,-0.43895447,-0.023330469
43,0.09239189,-0.5936259,0.7012906,0.33678997,-1.725482,0.37678242,0.63151383,-0.78619856,-0.69630444,-2.09572,-0.5082008,1.4404982,0.13818686,-0.32584846,0.46662638,-0.12705183,-0.019039271,0.07006548,-0.44333515,0.4175988,-0.65549797,-0.29757679,0.87269926,0.06444785,0.17648101,0.05856762,0.45723683,0.54395247,-0.22953153,-0.49246314,-0.78067005,0.28936908,0.31428236,-0.22297661,-0.18712172,-0.17322473,-0.14050177,0.011909103,-0.00929987,-0.16500239,-0.18318275,0.0066963895,0.28904623,0.83974856,-0.07504222,0.17843397,0.3329752,-0.22280368,0.14405587,-0.1307024,-0.20468427,-0.39358792,-0.12690857,-0.1996857,-0.09636018,-0.022084966,-0.22130498,-0.37319878,0.22683127,0.124469206,-0.11895563,-0.39867544,0.0461677,0.098817594,0.035366938
44,0.6156,-1.7187256,-6.808915,4.71948,1.3693669,2.630271,1.7344339,-0.76271665,1.395183,2.226905,0.32219195,-0.08486508,-1.5347662,-0.71709025,-0.32919806,-0.59357697,-0.7212069,-0.7265409,-2.3743505,1.3885853,0.6976752,-1.0345182,-0.14046244,0.61853653,-0.17341557,0.36730322,0.45526516,0.13254315,-0.48609996,-0.12241694,0.47449303,0.53426087,0.21589449,-0.02155312,0.33300552,-0.3372079,-0.059007652,0.34070295,-0.1485558,0.31938493,0.29189497,-0.21522912,0.5737755,-0.07504222,1.4088581,-0.30973285,-0.011630675,0.15747824,-0.23896895,-0.15427417,0.13033071,-0.42560694,-0.55709195,-0.32306558,-0.42999446,-0.030583736,0.20855097,-0.019718051,-0.23173618,-0.061915077,-0.006941939,0.16839609,0.09197417,0.05095881,-0.043134317
45,1.8706439,-0.1191416,0.32393217,0.8042971,0.4901642,-2.5764534,-0.9284358,-1.53636,0.45255163,-1.0852559,-1.6531016,0.26292711,-0.08294434,0.16556089,0.25802648,0.3227679,-0.42881364,-1.2711539,0.8747797,0.034278978,-0.46997094,0.13867363,0.3683619,-1.3021848,0.30001402,0.59172785,-0.015250498,-0.6658011,0.41006857,-0.29196227,-0.36984998,-0.88668483,-0.72312766,-0.52758396,-0.30553156,-0.32161832,-0.15362188,-0.040921554,-0.2696746,-0.17958623,-0.55577624,-0.5134293,-0.48604643,0.17843397,-0.30973285,1.2790822,0.42865765,-0.05832755,0.1804561,-0.43746525,0.2194275,-0.15460142,0.16812238,0.13085921,0.43090892,0.12342292,-0.36965907,0.045833323,0.34275317,-0.1644181,-0.22018006,-0.32548374,-0.15458745,-0.3284474,0.33959258
46,-0.46808273,-0.11827153,4.087257,-0.8952,-2.4251864,-1.1196921,0.42909148,-1.2420824,0.15549128,-3.097436,-0.9043162,0.61987895,-0.50569195,-1.2278533,0.5805719,1.583515,0.15852733,-1.605495,0.5654118,0.9241965,-0.23282453,0.17867118,0.7432761,-0.48944145,-0.3992568,1.2299943,0.26642638,-0.07248908,-0.050940476,0.19929382,-0.011120098,0.6020738,-0.6373249,0.22328518,-0.4135026,0.11247141,-0.07896284,0.0490209,0.14526144,-0.1321105,0.24668965,0.02874007,0.12434296,0.3329752,-0.011630675,0.42865765,1.2167314,0.08269991,-0.076148406,-0.30440015,-0.14096655,-0.19467789,-0.03896081,-0.30769742,-0.22995128,0.13847469,-0.23122114,-0.2881763,-0.065741554,0.07065638,-0.08176343,0.0040020533,-0.30518514,-0.4783601,-0.27602434
47,2.0557828,-0.97933924,-2.8362772,-1.2747681,-1.1243407,0.86469305,2.3875155,0.1944829,1.9004642,0.95640326,1.5981066,-0.58109826,-3.2420022,1.1636834,-0.009545528,-1.046829,0.6256696,0.73899364,-0.08117347,1.0670404,1.2636755,0.93669915,0.05812157,0.045775186,0.46743655,-0.41785157,-0.09384103,-1.3796284,0.77878547,0.2430264,0.26342005,0.27481836,-0.2926159,0.8307854,-0.6364027,0.3040421,-0.27779847,-0.24848042,0.30004436,-0.1046966,0.23534688,0.52373654,0.1360214,-0.22280368,0.15747824,-0.05832755,0.08269991,1.4269041,0.17576379,0.6579664,-0.26534885,-0.22421522,0.07698775,-0.2729124,0.09115225,0.4371537,0.059135273,-0.072604276,-0.18638694,-0.08239048,-0.1718575,0.33123997,0.29921415,0.05187427,0.11616973
48,0.60539645,0.5909677,-1.7069595,-2.8266077,-3.1336393,0.42773432,-1.2764511,0.5921267,-1.308394,-0.79415405,2.0687304,0.24029343,-1.4935809,-0.19584379,0.60330063,-0.68935883,-0.23865089,-0.0005844268,0.6123532,-0.16914782,0.42464623,0.077236705,0.116896644,-1.1495454,-0.46695095,0.15685138,-0.32534492,-0.39868277,0.4546388,-0.050500765,-0.31987053,-0.6661413,0.3181023,-0.0800523,0.08077216,-0.08156969,-0.03916819,0.015450148,0.1828894,-0.38973045,-0.26239818,0.035558894,0.580703,0.14405587,-0.23896895,0.1804561,-0.076148406,0.17576379,0.71660674,0.28327757,-0.21797308,0.069533326,0.0645859,-0.054530907,0.083397746,0.10707122,-0.19238949,-0.078538924,0.22953944,0.15376195,-0.05574189,-0.07733041,0.19807717,0.023558358,0.25028092
49,0.48300883,-0.079188086,-1.551532,0.63681316,-2.576562,0.44958395,-1.0177422,1.231036,2.178898,0.55443215,2.346027,-0.046520367,-2.8438883,-0.44482282,-0.023111653,-1.4818294,-0.36187953,1.1033881,-0.120554015,-0.80638146,-0.515594,1.1474893,-1.224613,-0.1778361,-0.30908746,0.08309183,-0.2803707,0.59011436,0.635754,0.4647056,-0.22986485,-0.046206832,-0.0059755268,0.56334245,-0.7786316,-0.22297622,-0.0066652065,-0.5381428,0.871832,0.3553565,0.1812034,0.4532516,-0.03113339,-0.1307024,-0.15427417,-0.43746525,-0.30440015,0.6579664,0.28327757,1.3623778,-0.5360962,0.40832812,0.011371826,-0.37909502,0.22571519,0.14270504,-0.108392105,-0.1847103,0.056840293,0.06050975,0.018376082,0.1833182,0.34342402,0.2518515,-0.0226308
50,-1.1087649,0.7945159,-1.7495719,2.1255686,2.5377603,0.27412128,0.19752833,-1.1280658,0.41956806,1.4162369,-0.08822662,-0.08814428,1.3134341,0.8929258,-0.27259594,0.91755116,-1.0483052,0.6035969,-0.6352465,0.6167182,-0.13137218,-0.15106434,0.6772876,0.38931876,0.66694385,0.71364516,-0.04389893,-0.14584196,0.21970092,-0.36136025,-0.040866405,-0.12498588,-0.41834027,-0.4249203,0.4594447,-0.20379466,0.19186506,0.14088856,-0.27974805,0.7437575,-0.16748908,-0.4051597,-0.020652208,-0.20468427,0.13033071,0.2194275,-0.14096655,-0.26534885,-0.21797308,-0.5360962,0.98518,-0.02066106,-0.22577325,0.13457212,-0.24847367,-0.038734242,0.049578667,0.37075323,-0.019101363,-0.24727774,-0.032548614,-0.18822232,-0.106157854,-0.019002486,0.20536418
51,-1.1806352,2.3147364,3.6571734,-0.82652974,-0.7480012,-1.6795044,-2.6768937,2.0060515,0.81448066,0.51012295,1.6615986,-0.98704326,0.7787214,-0.75082326,-0.65757424,0.31254423,-0.22300452,-1.0529451,1.1156209,-1.686294,-0.08889437,0.39236766,-1.7775011,-0.95888865,-0.27997634,0.5182613,-0.2857599,0.71048295,0.16979203,1.100275,0.22100139,-0.06043358,-0.17681676,-0.34418035,-0.144272,0.12493007,0.58993566,0.1373761,0.22672613,0.5216023,0.14230803,-0.036955915,-0.40415275,-0.39358792,-0.42560694,-0.15460142,-0.19467789,-0.22421522,0.069533326,0.40832812,-0.02066106,1.0084937,0.17423312,-0.016048582,-0.16816738,-0.09063401,0.02803078,0.11754337,0.030909605,0.21227494,0.34417087,-0.033364818,0.005915637,0.12429873,-0.014858666
52,0.6987056,0.41452837,3.0179195,-3.7163382,0.48868632,-1.2339464,-0.48070723,0.6401913,-1.0952764,-0.65961325,-0.93583465,-0.7108524,0.052108735,0.8723673,-0.018350441,-0.41884288,0.64789534,0.7940044,1.5666139,-0.425879,-0.09231184,0.3540719,-0.60876715,-0.23845495,-0.117832646,-0.7415339,0.13122937,-0.078863055,0.8897661,0.5017483,-0.25519967,-0.34071922,-0.06226884,-0.02527181,0.37856832,0.51415473,0.12115972,-0.14674503,0.032807037,-0.39990485,-0.13678288,0.20806956,-0.2601244,-0.12690857,-0.55709195,0.16812238,-0.03896081,0.07698775,0.0645859,0.011371826,-0.22577325,0.17423312,0.59518325,0.119326666,0.108036704,0.1923959,-0.16134655,0.047552872,0.00818249,0.059704438,-0.070967585,-0.063326836,-0.2080923,-0.09701146,-0.056040116
53,-0.079593666,-0.72113514,0.008595707,-1.314182,1.6511045,-1.0403872,0.30967808,-0.6053844,-0.7569164,0.34650838,-1.2148136,-0.1866388,1.5697126,0.21833819,-0.32900855,0.8479821,0.7233263,-0.7099848,0.19334027,-0.07071948,-0.015535792,0.22317286,0.24991578,-0.32791787,0.4911232,-0.54319525,-0.5254822,-1.0985794,-0.76544225,-0.20979804,0.5901153,-0.25708908,-0.03065973,-0.4135832,-0.13492808,0.07746658,-0.38119173,-0.0693585,-0.5448351,-0.5709612,-0.34340283,0.1745129,-0.69338405,-0.1996857,-0.32306558,0.13085921,-0.30769742,-0.2729124,-0.054530907,-0.37909502,0.13457212,-0.016048582,0.119326666,0.69850004,0.18260428,-0.16658005,0.09050277,-0.01570781,0.01001291,-0.04234022,-0.07239535,0.089423865,0.023135394,0.16387065,0.12541038
54,2.1574986,-0.33371022,0.46180138,2.5537424,-0.43440115,-1.2034677,-1.331552,0.3212493,-0.7776703,-0.71488583,-1.1528015,-0.08459248,0.28557655,0.13478771,1.041173,-1.3559375,0.894938,0.24215719,0.556597,-1.6041962,-0.6244247,0.06681384,-0.2137952,-0.10603763,-0.26207483,-0.92716706,-0.42094493,0.018539928,-0.19633088,-0.9515028,0.06540216,-1.3842632,-0.24820326,0.48379546,-0.5550109,-0.6984254,-0.39676562,-0.5391152,0.26052728,-0.18287367,-0.24981259,-0.3418495,-0.27895123,-0.09636018,-0.42999446,0.43090892,-0.22995128,0.09115225,0.083397746,0.22571519,-0.24847367,-0.16816738,0.108036704,0.18260428,1.3597704,-0.2189391,0.16410267,0.15252613,0.12999973,-0.29213643,-0.04428955,0.32047743,0.12582383,-0.34994048,-0.0072843935
55,0.22605778,0.050392635,-0.64853215,-1.7924508,0.53345615,0.27529943,0.53552747,-0.5340839,0.4775322,-0.03746263,0.10987902,0.16071881,-1.7055643,0.6338302,-0.16150312,0.07634395,-0.36268276,0.6939447,0.64340174,0.7369417,0.6727844,0.27601403,0.27216905,0.13098663,0.04189898,0.09270202,0.18080044,-0.48266944,0.91694415,0.26938957,-0.29209256,0.082066566,-0.13430607,0.40159035,0.14524141,0.45469826,0.01346666,0.013800794,0.02895652,-0.17906424,0.015684914,0.107344,0.122442126,-0.022084966,-0.030583736,0.12342292,0.13847469,0.4371537,0.10707122,0.14270504,-0.038734242,-0.09063401,0.1923959,-0.16658005,-0.2189391,0.3833086,-0.17649092,0.048443004,-0.024236083,0.036389984,-0.15759008,-0.11975117,-0.09257585,-0.043597333,0.11870914
