,0,1,2,3,4,5,6,7,8,9,10,11,12,13,14,15,16,17,18,19,20,21,22,23,24,25,26,27,28,29,30,31
0,133.49059,-45.996574,-97.798584,55.380272,-20.945929,3.5118845,11.117985,2.1549854,-20.611118,8.1516,-23.188885,-5.6980352,14.506456,-4.851163,5.216199,8.945362,6.2174454,6.7490344,-3.4913907,2.4075856,1.4599476,-1.0083938,-0.07879907,-1.1120975,0.43490946,1.6288123,-1.1290798,1.364593,-1.4832633,2.0172997,-1.5656111,0.5323898
1,-45.996574,32.516422,22.116879,3.825349,8.736929,-6.2747726,12.684433,-8.971204,18.799114,-3.8165634,12.566948,-0.10960917,-13.329929,7.8807187,-2.1970837,-9.209818,-3.5291905,-2.6722748,3.5124044,0.10524319,-2.3236718,0.9975867,1.3750367,0.91058964,-1.8103021,0.43510252,0.92422056,0.53106266,1.9470961,2.021149,2.0717382,-0.3994496
2,-97.798584,22.116879,154.40808,-7.503232,53.644005,-6.4236317,-8.604459,9.312495,-3.8799713,-11.874369,-12.461296,-1.723473,3.1022086,-0.73456526,-0.030885769,-1.0551229,-0.108674616,-5.0057907,-6.271015,1.8758769,-1.9516941,1.1613452,1.0513165,2.6984267,4.3022313,-0.33429396,0.45805705,-0.7364849,-0.29118937,1.8544029,-0.040128943,-0.37812388
3,55.380272,3.825349,-7.503232,120.3613,34.06613,-14.684082,26.102829,-10.848817,0.097843096,-6.2625875,-11.669483,-20.35553,1.1966492,5.313697,-2.5328102,1.7593294,-3.1086035,-4.9671545,1.2896849,4.8731065,5.3184457,0.3529251,0.6364625,-4.3126373,-3.3126378,2.2507048,0.8672706,-0.5218787,-0.0035232874,-0.16022441,0.7952037,-1.3246863
4,-20.945929,8.736929,53.644005,34.06613,36.669865,-1.3485453,-5.0903783,-2.8520532,-9.412762,-4.144001,-5.6915145,-9.695944,2.0822902,7.2993736,-2.7840548,-0.18160492,-2.3351839,0.07604581,3.595438,2.334156,2.041068,0.45322666,0.5362034,0.4794076,-1.3399463,0.9987213,0.5240365,-0.32343477,-1.5834854,-0.23021889,-0.84122455,0.22262678
5,3.5118845,-6.2747726,-6.4236317,-14.684082,-1.3485453,11.894113,-9.849974,-4.299693,-11.953276,0.9215933,-0.50171244,-2.450457,-1.2316847,3.108447,0.5373088,2.2287421,-0.6092273,6.9852467,2.9715466,-3.0162253,-3.7966113,-2.4700854,2.7458305,2.44879,-1.0803531,-0.14486718,-0.024453068,2.3440924,-1.7537825,-0.18511146,-1.7775722,-0.5211027
6,11.117985,12.684433,-8.604459,26.102829,-5.0903783,-9.849974,35.98522,-0.3833995,21.530743,-0.46704006,-9.111298,5.167152,-5.9512715,0.15579146,4.7674274,-4.493906,2.61382,-5.188821,-4.72824,1.0711033,-6.2283125,-0.9347149,6.468491,1.0287217,1.094967,-0.09109725,-1.011513,-0.4072541,0.65084773,3.0035975,-0.16542292,-1.0428283
7,2.1549854,-8.971204,9.312495,-10.848817,-2.8520532,-4.299693,-0.3833995,20.380049,2.1851864,6.5782366,-9.352692,10.59297,11.905344,-0.5576191,-2.737911,-1.9158747,2.9595702,-5.148719,-5.1888046,3.2651405,5.167802,-1.7797093,-3.263911,-1.7729013,-0.031889573,-0.06675842,-2.7105289,1.5906467,-1.3851805,0.50853187,-2.8479447,0.25926045
8,-20.611118,18.799114,-3.8799713,0.097843096,-9.412762,-11.953276,21.530743,2.1851864,31.440798,0.6379623,9.3430805,6.5964203,-8.570623,-3.4986482,2.4257884,-3.5930595,0.20074774,-8.954239,-4.5695887,1.8908038,1.8394223,1.4517264,-0.0665534,-1.0899442,0.6563525,0.073577665,2.108704,-0.76529694,-0.7506516,0.06131886,-0.44134897,-1.2594867
9,8.1516,-3.8165634,-11.874369,-6.2625875,-4.144001,0.9215933,-0.46704006,6.5782366,0.6379623,10.290109,-4.762928,7.789076,5.8566675,5.54741,-1.1426682,-3.815586,3.83162,1.0080873,3.704987,2.9663172,2.148429,3.1312037,-0.3536615,1.2376137,0.2544661,1.5356345,1.2633941,-0.08359582,-0.566709,-0.23658472,-1.7475667,-1.3960259
10,-23.188885,12.566948,-12.461296,-11.669483,-5.6915145,-0.50171244,-9.111298,-9.352692,9.3430805,-4.762928,27.89283,-6.73228,-11.173994,-2.2723825,-3.1581352,6.440301,-5.182502,-2.2827735,3.0067668,1.0272632,4.2909765,2.0301037,-5.0520763,0.3953628,-2.615203,0.043491583,-0.43046206,0.7942643,0.38121527,0.5057687,0.8314676,0.2570122
11,-5.6980352,-0.10960917,-1.723473,-20.35553,-9.695944,-2.450457,5.167152,10.59297,6.5964203,7.789076,-6.73228,13.45622,5.391689,2.3929677,-0.447194,-6.1845083,3.9745746,-2.5518987,0.40036654,1.3505952,-0.6416994,1.2246909,1.1745877,0.18863478,1.2197185,-0.15947866,-0.92422724,-1.6961491,0.9133605,-0.34931618,-0.6381301,-0.13451111
12,14.506456,-13.329929,3.1022086,1.1966492,2.0822902,-1.2316847,-5.9512715,11.905344,-8.570623,5.8566675,-11.173994,5.391689,12.673172,0.6216053,-2.9097662,-0.4314111,2.7649689,-1.6470404,0.14176652,2.3224053,3.6991856,0.8609346,-1.783645,-1.3408165,0.63404334,0.17917004,-1.7516806,-0.9674424,0.31579423,-1.5180917,-0.9945134,-0.1956391
13,-4.851163,7.8807187,-0.73456526,5.313697,7.2993736,3.108447,0.15579146,-0.5576191,-3.4986482,5.54741,-2.2723825,2.3929677,0.6216053,14.391677,-4.1967363,-8.35944,0.38065332,3.5720139,7.5954523,1.3550637,-0.6688867,-0.55513513,1.0487143,0.7475462,-3.5766768,1.3389783,0.19861981,1.0917413,0.27259383,1.7733458,-0.7614652,0.7741679
14,5.216199,-2.1970837,-0.030885769,-2.5328102,-2.7840548,0.5373088,4.7674274,-2.737911,2.4257884,-1.1426682,-3.1581352,-0.447194,-2.9097662,-4.1967363,7.4970727,1.210566,2.4750586,2.1392927,-3.3667998,-0.41370702,-2.5795574,0.48372716,1.7033927,1.1730235,2.381421,0.0572099,3.17838,-1.9998199,-2.1137466,1.3269619,-0.07247968,2.0859263
15,8.945362,-9.209818,-1.0551229,1.7593294,-0.18160492,2.2287421,-4.493906,-1.9158747,-3.5930595,-3.815586,6.440301,-6.1845083,-0.4314111,-8.35944,1.210566,19.283587,0.947283,-3.1952472,-0.2415998,3.3275862,-0.076163426,2.3881886,0.570116,3.4685154,0.21642822,-0.41698056,-3.512783,-1.7787305,-0.98610353,0.7612548,-2.6801531,-0.79964435
16,6.2174454,-3.5291905,-0.108674616,-3.1086035,-2.3351839,-0.6092273,2.61382,2.9595702,0.20074774,3.83162,-5.182502,3.9745746,2.7649689,0.38065332,2.4750586,0.947283,4.7825365,0.6767428,0.32780993,2.7107975,-0.6560004,3.1762617,0.19998488,1.4423742,1.330519,1.1394817,2.1150627,-1.8053318,0.33856928,1.8838608,-0.44195879,0.22593307
17,6.7490344,-2.6722748,-5.0057907,-4.9671545,0.07604581,6.9852467,-5.188821,-5.148719,-8.954239,1.0080873,-2.2827735,-2.5518987,-1.6470404,3.5720139,2.1392927,-3.1952472,0.6767428,8.062274,1.2445761,-1.802887,-2.512159,-0.26368174,0.22352442,1.6650558,0.2937623,1.1053894,2.9608233,2.453349,-0.4426529,2.0295382,0.60332274,0.16943309
18,-3.4913907,3.5124044,-6.271015,1.2896849,3.595438,2.9715466,-4.72824,-5.1888046,-4.5695887,3.704987,3.0067668,0.40036654,0.14176652,7.5954523,-3.3667998,-0.2415998,0.32780993,1.2445761,9.833288,1.4096518,-0.8404485,3.2211337,1.8914359,1.5139675,-1.5884978,0.46828145,-0.67616224,-3.1406322,1.5485727,-1.4365926,0.14303514,-0.16628835
19,2.4075856,0.10524319,1.8758769,4.8731065,2.334156,-3.0162253,1.0711033,3.2651405,1.8908038,2.9663172,1.0272632,1.3505952,2.3224053,1.3550637,-0.41370702,3.3275862,2.7107975,-1.802887,1.4096518,5.032413,2.4002461,3.6033084,-1.9143825,1.8009313,-0.039318413,1.264745,-0.5333596,-1.0706103,0.061737016,2.642723,-0.9519439,0.48364252
20,1.4599476,-2.3236718,-1.9516941,5.3184457,2.041068,-3.7966113,-6.2283125,5.167802,1.8394223,2.148429,4.2909765,-0.6416994,3.6991856,-0.6688867,-2.5795574,-0.076163426,-0.6560004,-2.512159,-0.8404485,2.4002461,7.427735,1.1082275,-5.464234,-2.521029,-0.8549438,0.8504399,1.4539194,0.6227647,-0.96996945,-0.9255985,-0.43457016,0.11415346
21,-1.0083938,0.9975867,1.1613452,0.3529251,0.45322666,-2.4700854,-0.9347149,-1.7797093,1.4517264,3.1312037,2.0301037,1.2246909,0.8609346,-0.55513513,0.48372716,2.3881886,3.1762617,-0.26368174,3.2211337,3.6033084,1.1082275,6.9284744,-1.2079141,2.289431,2.2016497,1.549581,1.9185343,-2.3604026,1.9422501,0.65811664,1.0021244,-1.6468163
22,-0.07879907,1.3750367,1.0513165,0.6364625,0.5362034,2.7458305,6.468491,-3.263911,-0.0665534,-0.3536615,-5.0520763,1.1745877,-1.783645,1.0487143,1.7033927,0.570116,0.19998488,0.22352442,1.8914359,-1.9143825,-5.464234,-1.2079141,6.0147653,1.661682,0.40083712,-1.078585,-1.7054886,-1.69544,-0.33411497,-1.4940765,-0.83986926,-0.5420498
23,-1.1120975,0.91058964,2.6984267,-4.3126373,0.4794076,2.44879,1.0287217,-1.7729013,-1.0899442,1.2376137,0.3953628,0.18863478,-1.3408165,0.7475462,1.1730235,3.4685154,1.4423742,1.6650558,1.5139675,1.8009313,-2.521029,2.289431,1.661682,4.1743717,1.0335085,0.5798821,-1.5871584,0.63486195,-0.06805477,2.2946503,-0.9043087,-1.0247488
24,0.43490946,-1.8103021,4.3022313,-3.3126378,-1.3399463,-1.0803531,1.094967,-0.031889573,0.6563525,0.2544661,-2.615203,1.2197185,0.63404334,-3.5766768,2.381421,0.21642822,1.330519,0.2937623,-1.5884978,-0.039318413,-0.8549438,2.2016497,0.40083712,1.0335085,2.7826393,0.107643515,0.7966839,-0.709931,0.4942685,-0.27362508,0.8414424,-0.99821615
25,1.6288123,0.43510252,-0.33429396,2.2507048,0.9987213,-0.14486718,-0.09109725,-0.06675842,0.073577665,1.5356345,0.043491583,-0.15947866,0.17917004,1.3389783,0.0572099,-0.41698056,1.1394817,1.1053894,0.46828145,1.264745,0.8504399,1.549581,-1.078585,0.5798821,0.107643515,1.0250999,1.5816125,0.74427664,0.13441376,1.1427448,-0.040912814,-0.6329615
26,-1.1290798,0.92422056,0.45805705,0.8672706,0.5240365,-0.024453068,-1.011513,-2.7105289,2.108704,1.2633941,-0.43046206,-0.92422724,-1.7516806,0.19861981,3.17838,-3.512783,2.1150627,2.9608233,-0.67616224,-0.5333596,1.4539194,1.9185343,-1.7054886,-1.5871584,0.7966839,1.5816125,7.7198277,-0.41085693,-0.5999478,-0.2757827,0.8258598,-0.2697908
27,1.364593,0.53106266,-0.7364849,-0.5218787,-0.32343477,2.3440924,-0.4072541,1.5906467,-0.76529694,-0.08359582,0.7942643,-1.6961491,-0.9674424,1.0917413,-1.9998199,-1.7787305,-1.8053318,2.453349,-3.1406322,-1.0706103,0.6227647,-2.3604026,-1.69544,0.63486195,-0.709931,0.74427664,-0.41085693,6.6279883,-0.47192284,1.891109,-0.7590564,-2.7292159
28,-1.4832633,1.9470961,-0.29118937,-0.0035232874,-1.5834854,-1.7537825,0.65084773,-1.3851805,-0.7506516,-0.566709,0.38121527,0.9133605,0.31579423,0.27259383,-2.1137466,-0.98610353,0.33856928,-0.4426529,1.5485727,0.061737016,-0.96996945,1.9422501,-0.33411497,-0.06805477,0.4942685,0.13441376,-0.5999478,-0.47192284,3.3184974,0.2084313,2.0509062,-1.1994121
29,2.0172997,2.021149,1.8544029,-0.16022441,-0.23021889,-0.18511146,3.0035975,0.50853187,0.06131886,-0.23658472,0.5057687,-0.34931618,-1.5180917,1.7733458,1.3269619,0.7612548,1.8838608,2.0295382,-1.4365926,2.642723,-0.9255985,0.65811664,-1.4940765,2.2946503,-0.27362508,1.1427448,-0.2757827,1.891109,0.2084313,5.4946823,-0.06941897,1.3563733
30,-1.5656111,2.0717382,-0.040128943,0.7952037,-0.84122455,-1.7775722,-0.16542292,-2.8479447,-0.44134897,-1.7475667,0.8314676,-0.6381301,-0.9945134,-0.7614652,-0.07247968,-2.6801531,-0.44195879,0.60332274,0.14303514,-0.9519439,-0.43457016,1.0021244,-0.83986926,-0.9043087,0.8414424,-0.040912814,0.8258598,-0.7590564,2.0509062,-0.06941897,2.4361901,0.24772647
31,0.5323898,-0.3994496,-0.37812388,-1.3246863,0.22262678,-0.5211027,-1.0428283,0.25926045,-1.2594867,-1.3960259,0.2570122,-0.13451111,-0.1956391,0.7741679,2.0859263,-0.79964435,0.22593307,0.16943309,-0.16628835,0.48364252,0.11415346,-1.6468163,-0.5420498,-1.0247488,-0.99821615,-0.6329615,-0.2697908,-2.7292159,-1.1994121,1.3563733,0.24772647,4.9088445
