,0,1,2,3,4,5,6,7,8,9,10,11,12,13,14,15,16,17,18,19,20,21,22,23,24,25,26,27,28,29,30,31,32,33,34,35,36,37,38,39,40,41,42,43,44,45,46
0,244.61266,15.210151,19.274933,3.801433,-34.069714,21.99445,22.88732,16.934721,13.365809,8.073677,3.5810952,15.640758,14.132786,18.308804,6.5058107,3.7576766,2.7206407,4.3597965,-1.4771695,-6.712904,3.5678055,-7.175078,-2.3811688,4.04976,-5.247587,-0.41949755,1.216788,1.8348801,1.0822647,-2.1817536,-0.34768605,3.4287438,2.5016441,2.16678,-1.4094771,-0.7217363,2.4070768,-0.8268945,-0.22884287,-0.5055202,2.7537522,0.035655595,-0.071641326,0.026868155,-0.029912332,-0.00025388645,-0.024089936
1,15.210151,148.76253,-26.64998,19.755987,-6.745988,0.78536797,-20.826908,-16.018852,-18.79443,8.359266,-12.551906,3.1652448,3.2796092,8.474532,-3.9725614,0.5247302,-1.1955357,-1.266361,-3.7961788,-5.45899,2.0632372,5.6814337,-3.8304253,1.3009236,-0.999764,-4.127268,-1.7145311,-2.567615,-0.71760553,-2.8344307,1.2685707,1.6260108,0.29785877,-0.1746301,0.96515095,-0.19791529,0.796603,-0.37028927,0.86546195,-0.10893881,1.1257317,-0.0018431336,-0.024747483,0.00022497658,-0.010448758,-0.00471561,-0.0061106123
2,19.274933,-26.64998,103.10138,3.5151665,10.654066,5.25162,5.6173325,19.559782,-15.334872,-1.5010564,-8.964034,-9.916803,-8.187,2.748364,-10.425954,0.7378838,2.7557592,-3.271089,-4.1134014,1.6960831,1.2284522,-1.8922027,-6.9778585,-2.3156857,-2.8757849,-2.1506264,-1.316156,-3.8933625,-1.5339034,-2.829421,-1.3122393,-1.3318006,0.041539546,-0.2643887,0.38042867,0.3734475,0.6895418,-0.569165,0.5903728,0.1696626,0.8926808,-0.0077069597,0.0026199264,-0.0047055776,-0.0004363577,-0.0013914771,7.0608614e-05
3,3.801433,19.755987,3.5151665,117.948975,4.1597996,0.74610865,7.294628,8.986214,4.3438897,-2.276172,-3.1432674,-5.914796,1.5941991,-2.9598713,2.355523,4.8035994,-2.0712452,-1.7832282,0.90376675,2.9096162,0.36509824,0.5793458,3.9417398,-0.16430727,-0.7077894,1.8467687,-2.9204674,0.37585324,1.6485467,2.0813618,0.5345633,-0.5675608,-2.104049,-0.8426552,-0.23883584,-0.11393626,-0.75411254,0.49133343,-0.2507822,-0.18728751,0.019721724,-0.014483797,-0.013336391,-0.006372857,-0.0068984227,-0.006272277,-0.0034632015
4,-34.069714,-6.745988,10.654066,4.1597996,90.274055,13.355208,3.9268627,-4.584835,1.3238986,9.886009,1.2935989,1.675684,0.22476807,8.358692,-0.5561722,0.042489745,-1.3462131,2.4171958,-3.4336944,-2.6674879,0.20657206,0.37934875,2.2981687,3.507894,-0.074333,-0.51483333,-0.68238497,-1.2134472,0.72524035,0.57909334,0.54132,2.519063,1.5831378,0.4420561,0.053194642,0.020158984,0.20116632,0.17802718,-0.3164243,-0.099988826,-0.6017391,-0.002765031,0.011783419,-0.0023643214,0.0045894864,0.00054517435,0.0040368615
5,21.99445,0.78536797,5.25162,0.74610865,13.355208,41.080532,1.3690994,-11.25728,11.654717,6.3446946,-7.6882563,2.662867,-1.6742432,-5.593071,-0.2960106,-0.36213037,-5.4361815,-3.2157369,1.4028208,1.8599124,0.48762316,-0.5187155,-3.974662,-0.7841505,-1.8509984,-0.048737302,1.9781587,2.8379338,2.114763,-1.339782,-0.9132291,-2.7903352,0.79598254,-0.17338853,-1.4563518,-1.0576289,0.63780355,-0.45789915,0.05889854,0.18940827,1.3526733,0.0285731,-0.02637226,0.018308535,-0.0067262454,0.0062464243,-0.008247676
6,22.88732,-20.826908,5.6173325,7.294628,3.9268627,1.3690994,39.639736,-11.564422,-5.8440933,-11.803982,5.1760216,0.27278915,0.03960626,1.9889206,6.86693,-0.97669184,-0.4188015,2.4620223,-0.9640659,-1.1510937,-0.36655837,4.9718447,-0.7139511,-1.1198058,-0.17628238,-1.2278717,-1.3352022,1.1733832,-0.45521733,0.07069315,1.2440008,0.2789535,-0.029517725,-0.1484597,-0.43812475,0.2733936,0.1902256,-0.057749145,0.23027465,-0.37160474,0.7621559,-0.005686517,-0.012565713,-0.0023063216,-0.007596072,-0.0051167356,-0.0038971757
7,16.934721,-16.018852,19.559782,8.986214,-4.584835,-11.25728,-11.564422,31.675587,0.574106,8.711136,0.32621613,3.762483,-5.2797174,-3.0653186,1.3447692,-3.0319257,1.4872801,0.24074,-1.338801,-2.6121826,1.710449,-0.02409663,2.8992395,1.4536154,1.0928106,-0.1730215,0.15946051,0.44601122,-0.31147116,0.12331276,1.2660166,1.488425,0.13475148,-0.3158121,-0.37569922,-0.2606357,0.013446429,0.08093624,-0.051869713,-0.042713907,-0.1508981,-0.011793785,-0.008782826,-0.005756911,-0.006044455,-0.0056110313,-0.0027921307
8,13.365809,-18.79443,-15.334872,4.3438897,1.3238986,11.654717,-5.8440933,0.574106,33.76791,0.5631894,-2.7760787,-0.17826614,3.6798306,-5.7400045,-2.6240792,4.707369,4.213606,6.6031303,0.68878174,-0.6327014,1.7146615,0.46441647,-0.3646322,0.10727711,0.78091043,-1.3634399,0.4261605,-0.68130875,0.030890694,-0.97309804,0.081088215,-0.29867336,-0.4776536,0.07525057,-0.0038148295,0.4767763,0.14047596,0.13031179,-0.33830798,0.049340658,-1.1191955,0.0022483466,0.023403484,-0.0018346382,0.010526579,0.0039364304,0.007090194
9,8.073677,8.359266,-1.5010564,-2.276172,9.886009,6.3446946,-11.803982,8.711136,0.5631894,24.239683,6.852228,3.2676435,1.9814832,-0.56250197,5.4070807,-2.0490737,1.437099,-0.6800921,-1.1220312,2.3441157,-1.8294258,1.8387104,-1.1482043,-2.5127225,-0.24761552,0.84530234,-2.0702767,0.7534297,-1.2437413,-0.5314548,-1.3845232,-0.37857813,-0.71180165,0.1704619,-0.6553407,-0.14808026,0.011336083,-0.22041792,0.072278604,0.33145797,0.6463527,-0.004332076,-0.01724752,0.00027161045,-0.0072113182,-0.003421326,-0.0061756596
10,3.5810952,-12.551906,-8.964034,-3.1432674,1.2935989,-7.6882563,5.1760216,0.32621613,-2.7760787,6.852228,24.185667,2.5981865,8.089171,-0.3832267,-2.8654134,1.710084,1.491638,-3.923263,-0.14331365,1.684583,-0.61727035,0.9651226,0.31335765,-0.34740227,-0.31371915,-0.6587976,-2.514306,-1.3154038,1.8757207,0.55529416,1.663311,-0.06479929,-0.77313256,-0.8266059,-1.0726244,-0.572286,-0.3061123,0.21181345,-0.57431144,-0.13683414,0.4624248,-0.003861824,-0.0072100535,-0.0016834405,-0.0032981304,-0.0037583397,-0.0024263929
11,15.640758,3.1652448,-9.916803,-5.914796,1.675684,2.662867,0.27278915,3.762483,-0.17826614,3.2676435,2.5981865,16.143295,-9.26189,3.20297,-0.7740865,3.409062,-0.42129627,-0.65334785,4.021348,0.297225,0.17566204,3.1539817,1.0345974,1.2633636,-1.6620286,0.24692312,0.52461684,1.4983101,0.34587556,1.5704194,2.2991962,0.1438396,0.2298913,0.65948164,-0.49433792,-0.06395112,-0.05697827,-0.014578402,-0.11061522,-0.42177415,0.04550995,-0.001324161,-0.005495441,-0.0002534833,-0.002892437,-0.0017854553,-0.0013083498
12,14.132786,3.2796092,-8.187,1.5941991,0.22476807,-1.6742432,0.03960626,-5.2797174,3.6798306,1.9814832,8.089171,-9.26189,16.166878,-0.55268705,0.5026355,-1.4262276,0.43645316,-0.13812278,-3.4119463,0.44248915,0.55192953,-4.030756,-0.501722,1.7631406,0.15716374,0.58791554,-1.0694346,-1.7682755,-0.15285276,-0.4511348,-0.5142324,0.7049481,0.66150236,-0.39067286,-0.19983287,0.05991169,0.5860768,-0.2555453,0.43642125,0.24848977,0.097743094,0.0024800985,-0.0051736506,0.0022681667,-0.0024087236,-0.00017138918,-0.0020162454
13,18.308804,8.474532,2.748364,-2.9598713,8.358692,-5.593071,1.9889206,-3.0653186,-5.7400045,-0.56250197,-0.3832267,3.20297,-0.55268705,16.507818,0.49774277,4.179558,2.9625983,1.8449128,0.25585926,0.78223735,-2.1586962,-2.802103,2.1450825,-0.05215023,-1.3353784,0.086574,1.8507216,-0.49848944,0.007904977,-0.55941063,-1.680162,0.5362043,-1.7605759,-0.110028066,0.043869015,-0.25590065,-0.3560446,-0.17090291,-0.07517479,-0.11413813,-0.68361795,0.009829542,0.012123987,0.005822533,0.0070850477,0.0062339646,0.0035047564
14,6.5058107,-3.9725614,-10.425954,2.355523,-0.5561722,-0.2960106,6.86693,1.3447692,-2.6240792,5.4070807,-2.8654134,-0.7740865,0.5026355,0.49774277,16.811771,-7.5458236,-1.1641397,1.35718,-0.40472162,1.4510891,0.44313172,0.6844687,0.48962662,-1.067951,-1.2954559,0.4526093,0.51412886,1.2580857,-1.069582,-0.5838057,-0.74037814,0.3098011,-0.2824645,0.8043455,0.34504104,0.040375113,-0.86382407,-0.102430046,-0.024792891,-0.013487756,-1.0237637,-0.016191438,0.012098243,-0.0074255182,0.0026810793,-0.0028740973,0.0036279038
15,3.7576766,0.5247302,0.7378838,4.8035994,0.042489745,-0.36213037,-0.97669184,-3.0319257,4.707369,-2.0490737,1.710084,3.409062,-1.4262276,4.179558,-7.5458236,9.471877,2.3267732,0.1467068,0.7582503,1.7783303,-2.070982,-1.0083437,-0.6681838,-1.6046264,0.17177635,-0.11663771,-1.1876569,1.5717726,-0.45331198,0.30789787,0.53034353,0.5675528,-0.22807753,0.017115243,0.25344574,0.8487839,-0.122590706,0.201253,0.32946187,0.17940688,-0.28455752,0.0022009227,0.009582901,-5.1348914e-05,0.0044081584,0.0024369694,0.0019077486
16,2.7206407,-1.1955357,2.7557592,-2.0712452,-1.3462131,-5.4361815,-0.4188015,1.4872801,4.213606,1.437099,1.491638,-0.42129627,0.43645316,2.9625983,-1.1641397,2.3267732,5.2457147,3.6986299,-1.1782823,-0.5127351,-1.0032417,2.0388646,-1.1340041,-0.91955066,-0.69089437,0.9016297,-0.3789943,-1.6832685,-0.79747105,-0.846967,-0.026888886,-0.33051676,-1.1261151,-0.7426233,0.75389326,0.22303212,-0.4202121,0.12884957,-0.16333714,0.31509042,-0.4133043,-0.0076136114,0.014962882,-0.005146233,0.0057770177,-0.00017623995,0.004203792
17,4.3597965,-1.266361,-3.271089,-1.7832282,2.4171958,-3.2157369,2.4620223,0.24074,6.6031303,-0.6800921,-3.923263,-0.65334785,-0.13812278,1.8449128,1.35718,0.1467068,3.6986299,7.218926,-0.21473135,-1.5937524,-0.7075629,2.29994,1.4443066,0.7409713,0.7192577,0.2702757,0.0022213766,-1.3899382,-2.1889694,-0.15595123,-0.8801892,-0.01776995,-0.06258167,0.015197925,0.6235544,0.12043308,-0.25563186,0.36759564,0.17699467,0.5458534,0.44327012,-0.0033698692,-0.0032995567,-0.001563553,-0.0023934732,-0.001408744,-0.0015830541
18,-1.4771695,-3.7961788,-4.1134014,0.90376675,-3.4336944,1.4028208,-0.9640659,-1.338801,0.68878174,-1.1220312,-0.14331365,4.021348,-3.4119463,0.25585926,-0.40472162,0.7582503,-1.1782823,-0.21473135,8.252466,1.5052087,1.101176,-0.0025311138,2.0548024,-0.9814435,-1.9825593,-0.24430576,-1.2240539,-1.7808216,-0.0035076616,0.9456341,-2.23166,-0.17009154,1.7719722,-0.4694325,-0.5361244,-0.18470699,-0.48857567,0.017041992,-0.22196963,-0.6456431,0.10700414,-0.0036004703,-0.005810232,-0.0029139158,-0.0030781718,-0.0031416947,-0.0010610411
19,-6.712904,-5.45899,1.6960831,2.9096162,-2.6674879,1.8599124,-1.1510937,-2.6121826,-0.6327014,2.3441157,1.684583,0.297225,0.44248915,0.78223735,1.4510891,1.7783303,-0.5127351,-1.5937524,1.5052087,12.506246,0.8218595,-0.2665409,0.16229434,0.6468774,-0.78849506,-0.554866,1.7508675,-0.39577296,-1.9487991,-0.97777027,0.23059633,0.32347193,-0.5878963,0.058949627,0.7624959,1.0980403,0.25810555,0.3315412,0.07373955,0.067606606,0.16064072,-0.011584603,0.011471668,-0.0060572335,0.0034153936,-0.0005782177,0.0033252765
20,3.5678055,2.0632372,1.2284522,0.36509824,0.20657206,0.48762316,-0.36655837,1.710449,1.7146615,-1.8294258,-0.61727035,0.17566204,0.55192953,-2.1586962,0.44313172,-2.070982,-1.0032417,-0.7075629,1.101176,0.8218595,4.242297,0.9116045,-1.2808145,1.3531616,-0.70347273,-1.8211515,1.1028852,-2.227285,0.8380439,0.3042652,0.25189522,1.6972737,0.39568532,-0.057054035,-0.40570408,0.5470372,-0.086779326,0.11269535,-0.14519271,-0.26568907,-0.37011504,-0.0097552445,0.011640926,-0.0067141876,0.003285543,-0.0022790062,0.004518072
21,-7.175078,5.6814337,-1.8922027,0.5793458,0.37934875,-0.5187155,4.9718447,-0.02409663,0.46441647,1.8387104,0.9651226,3.1539817,-4.030756,-2.802103,0.6844687,-1.0083437,2.0388646,2.29994,-0.0025311138,-0.2665409,0.9116045,7.372067,-1.1345038,-1.0867432,0.35985243,0.14542505,-0.052937075,-1.4532741,-0.2238747,-0.40602058,0.88622165,0.09074888,-0.8265933,-0.9018873,-0.15085839,0.5453582,0.41815427,-0.052186076,0.030056322,-0.17121217,0.46397066,-0.008987483,-0.0034616096,-0.0058680736,-0.0024647575,-0.00444593,-0.00016863813
22,-2.3811688,-3.8304253,-6.9778585,3.9417398,2.2981687,-3.974662,-0.7139511,2.8992395,-0.3646322,-1.1482043,0.31335765,1.0345974,-0.501722,2.1450825,0.48962662,-0.6681838,-1.1340041,1.4443066,2.0548024,0.16229434,-1.2808145,-1.1345038,8.02945,0.26098192,1.4958553,-0.49435335,0.6916294,-0.26029748,0.6816424,-1.6188583,0.037710555,-0.6892307,0.9442355,0.2381542,-0.3116979,-0.34541088,0.51312435,-0.5468459,0.39503187,0.021588702,0.63949955,0.014679979,-0.020393834,0.008054034,-0.0070830067,0.0015218675,-0.006078995
23,4.04976,1.3009236,-2.3156857,-0.16430727,3.507894,-0.7841505,-1.1198058,1.4536154,0.10727711,-2.5127225,-0.34740227,1.2633636,1.7631406,-0.05215023,-1.067951,-1.6046264,-0.91955066,0.7409713,-0.9814435,0.6468774,1.3531616,-1.0867432,0.26098192,6.731081,-0.53789365,-0.14856577,1.3230085,-0.410796,-1.8433862,1.8596208,1.3857983,-0.48702365,0.01304683,-0.5634351,0.2662977,-0.7985953,0.1985002,-0.26693326,-0.34554106,-0.03216433,0.28947175,-0.0032902993,-0.007089776,0.00029181037,-0.0035743401,-0.0017037761,-0.0016143864
24,-5.247587,-0.999764,-2.8757849,-0.7077894,-0.074333,-1.8509984,-0.17628238,1.0928106,0.78091043,-0.24761552,-0.31371915,-1.6620286,0.15716374,-1.3353784,-1.2954559,0.17177635,-0.69089437,0.7192577,-1.9825593,-0.78849506,-0.70347273,0.35985243,1.4958553,-0.53789365,3.851613,-1.2817999,0.45050135,1.7290461,-0.11218277,0.138504,-0.6579764,1.0655518,-0.8112809,0.26444656,-0.41834873,0.29409987,0.88467944,0.08332205,-0.12678644,-0.12065761,0.69949234,0.011102969,-0.01389136,0.0061006118,-0.0042006606,0.0016634488,-0.00422805
25,-0.41949755,-4.127268,-2.1506264,1.8467687,-0.51483333,-0.048737302,-1.2278717,-0.1730215,-1.3634399,0.84530234,-0.6587976,0.24692312,0.58791554,0.086574,0.4526093,-0.11663771,0.9016297,0.2702757,-0.24430576,-0.554866,-1.8211515,0.14542505,-0.49435335,-0.14856577,-1.2817999,8.128407,0.9291841,-0.14457113,0.87004435,1.0123069,-0.0519531,-0.19073458,0.5806057,-0.45819992,0.6741406,0.38639823,0.92282987,0.24393761,0.2957102,0.04216776,0.15745306,0.005059166,-0.0066271815,0.0035443031,-0.0022898442,0.0009788641,-0.001991103
26,1.216788,-1.7145311,-1.316156,-2.9204674,-0.68238497,1.9781587,-1.3352022,0.15946051,0.4261605,-2.0702767,-2.514306,0.52461684,-1.0694346,1.8507216,0.51412886,-1.1876569,-0.3789943,0.0022213766,-1.2240539,1.7508675,1.1028852,-0.052937075,0.6916294,1.3230085,0.45050135,0.9291841,4.460632,-0.19924623,1.681082,-0.3691966,0.17899834,0.49993092,-1.3830787,-0.611204,-0.45373833,0.021718577,-8.6216955e-05,0.21833922,0.052612834,0.4309726,0.104347676,0.010043559,0.003860563,0.0061046956,0.0033891108,0.0047776075,0.0014399588
27,1.8348801,-2.567615,-3.8933625,0.37585324,-1.2134472,2.8379338,1.1733832,0.44601122,-0.68130875,0.7534297,-1.3154038,1.4983101,-1.7682755,-0.49848944,1.2580857,1.5717726,-1.6832685,-1.3899382,-1.7808216,-0.39577296,-2.227285,-1.4532741,-0.26029748,-0.410796,1.7290461,-0.14457113,-0.19924623,5.386499,-0.82643867,0.16316819,0.48277396,0.57473946,0.13495281,-0.7938758,0.1136085,-0.2475552,-0.07027516,-0.023643259,-0.09699066,0.04624968,0.01910426,0.004051228,-0.008356655,0.0037114562,-0.0028129374,0.00059936056,-0.0034480866
28,1.0822647,-0.71760553,-1.5339034,1.6485467,0.72524035,2.114763,-0.45521733,-0.31147116,0.030890694,-1.2437413,1.8757207,0.34587556,-0.15285276,0.007904977,-1.069582,-0.45331198,-0.79747105,-2.1889694,-0.0035076616,-1.9487991,0.8380439,-0.2238747,0.6816424,-1.8433862,-0.11218277,0.87004435,1.681082,-0.82643867,4.3115325,-0.8004585,0.31514335,0.34215456,-0.31194156,0.33428967,-0.2866793,0.1728698,-0.30509976,0.017055629,-0.5798621,0.23795487,-0.0696135,0.011324154,0.0070918826,0.004711806,0.005186705,0.0042428942,0.002477027
29,-2.1817536,-2.8344307,-2.829421,2.0813618,0.57909334,-1.339782,0.07069315,0.12331276,-0.97309804,-0.5314548,0.55529416,1.5704194,-0.4511348,-0.55941063,-0.5838057,0.30789787,-0.846967,-0.15595123,0.9456341,-0.97777027,0.3042652,-0.40602058,-1.6188583,1.8596208,0.138504,1.0123069,-0.3691966,0.16316819,-0.8004585,4.0492363,-0.9376384,0.33159673,-0.6157811,0.7204679,-0.7639668,0.3092513,-0.31992102,-0.18202615,-0.027444944,0.12636808,0.14887908,-0.0013928479,-0.0038326434,0.00032268086,-0.0016684006,-0.0008641585,-0.0010915499
30,-0.34768605,1.2685707,-1.3122393,0.5345633,0.54132,-0.9132291,1.2440008,1.2660166,0.081088215,-1.3845232,1.663311,2.2991962,-0.5142324,-1.680162,-0.74037814,0.53034353,-0.026888886,-0.8801892,-2.23166,0.23059633,0.25189522,0.88622165,0.037710555,1.3857983,-0.6579764,-0.0519531,0.17899834,0.48277396,0.31514335,-0.9376384,3.505552,-0.4203657,0.3875704,0.42625326,0.58711195,0.07911994,0.018269423,-0.002168108,0.39453548,0.27638072,-0.3390964,-0.005866535,0.0074877376,-0.0034406707,0.0017348268,-0.0008473647,0.0020513525
31,3.4287438,1.6260108,-1.3318006,-0.5675608,2.519063,-2.7903352,0.2789535,1.488425,-0.29867336,-0.37857813,-0.06479929,0.1438396,0.7049481,0.5362043,0.3098011,0.5675528,-0.33051676,-0.01776995,-0.17009154,0.32347193,1.6972737,0.09074888,-0.6892307,-0.48702365,1.0655518,-0.19073458,0.49993092,0.57473946,0.34215456,0.33159673,-0.4203657,3.3213358,0.7794534,-0.4649037,0.03347099,1.030124,0.020227749,0.5516182,-0.061166957,-0.057738125,-0.11634889,-0.006463632,0.005291772,-0.004453023,0.000871919,-0.0018996831,0.0015207289
32,2.5016441,0.29785877,0.041539546,-2.104049,1.5831378,0.79598254,-0.029517725,0.13475148,-0.4776536,-0.71180165,-0.77313256,0.2298913,0.66150236,-1.7605759,-0.2824645,-0.22807753,-1.1261151,-0.06258167,1.7719722,-0.5878963,0.39568532,-0.8265933,0.9442355,0.01304683,-0.8112809,0.5806057,-1.3830787,0.13495281,-0.31194156,-0.6157811,0.3875704,0.7794534,2.8724957,-0.3108093,0.5450735,0.22657353,-0.10198569,0.06523375,0.3152606,0.10986616,0.2327795,-0.005497229,-0.0067719948,-0.0033165994,-0.004691491,-0.0037032366,-0.0025205347
33,2.16678,-0.1746301,-0.2643887,-0.8426552,0.4420561,-0.17338853,-0.1484597,-0.3158121,0.07525057,0.1704619,-0.8266059,0.65948164,-0.39067286,-0.110028066,0.8043455,0.017115243,-0.7426233,0.015197925,-0.4694325,0.058949627,-0.057054035,-0.9018873,0.2381542,-0.5634351,0.26444656,-0.45819992,-0.611204,-0.7938758,0.33428967,0.7204679,0.42625326,-0.4649037,-0.3108093,3.782736,0.371027,0.5413859,0.26242304,0.37217352,0.03009864,0.09642945,0.004617318,0.0028853365,0.0059319837,0.0011098229,0.0022465137,0.002452232,0.0015010866
34,-1.4094771,0.96515095,0.38042867,-0.23883584,0.053194642,-1.4563518,-0.43812475,-0.37569922,-0.0038148295,-0.6553407,-1.0726244,-0.49433792,-0.19983287,0.043869015,0.34504104,0.25344574,0.75389326,0.6235544,-0.5361244,0.7624959,-0.40570408,-0.15085839,-0.3116979,0.2662977,-0.41834873,0.6741406,-0.45373833,0.1136085,-0.2866793,-0.7639668,0.58711195,0.03347099,0.5450735,0.371027,1.8407202,0.27865052,-0.14416057,0.12478361,-1.1085682,0.028070314,-0.05522623,-0.006834613,0.010161787,-0.0046635494,0.0038235015,-0.00064388965,0.0029387055
35,-0.7217363,-0.19791529,0.3734475,-0.11393626,0.020158984,-1.0576289,0.2733936,-0.2606357,0.4767763,-0.14808026,-0.572286,-0.06395112,0.05991169,-0.25590065,0.040375113,0.8487839,0.22303212,0.12043308,-0.18470699,1.0980403,0.5470372,0.5453582,-0.34541088,-0.7985953,0.29409987,0.38639823,0.021718577,-0.2475552,0.1728698,0.3092513,0.07911994,1.030124,0.22657353,0.5413859,0.27865052,1.6016347,0.071403906,-0.88669574,0.018660627,0.3387822,-0.10486689,-0.0031924637,0.008543971,-0.003322721,0.0034946739,-0.000113352435,0.0026045986
36,2.4070768,0.796603,0.6895418,-0.75411254,0.20116632,0.63780355,0.1902256,0.013446429,0.14047596,0.011336083,-0.3061123,-0.05697827,0.5860768,-0.3560446,-0.86382407,-0.122590706,-0.4202121,-0.25563186,-0.48857567,0.25810555,-0.086779326,0.41815427,0.51312435,0.1985002,0.88467944,0.92282987,-8.6216955e-05,-0.07027516,-0.30509976,-0.31992102,0.018269423,0.020227749,-0.10198569,0.26242304,-0.14416057,0.071403906,1.7763215,-0.15896073,0.18650329,-0.93930614,0.106066495,0.006731128,-0.009535073,0.0033469005,-0.0033530607,0.00062988873,-0.0019638988
37,-0.8268945,-0.37028927,-0.569165,0.49133343,0.17802718,-0.45789915,-0.057749145,0.08093624,0.13031179,-0.22041792,0.21181345,-0.014578402,-0.2555453,-0.17090291,-0.102430046,0.201253,0.12884957,0.36759564,0.017041992,0.3315412,0.11269535,-0.052186076,-0.5468459,-0.26693326,0.08332205,0.24393761,0.21833922,-0.023643259,0.017055629,-0.18202615,-0.002168108,0.5516182,0.06523375,0.37217352,0.12478361,-0.88669574,-0.15896073,2.070054,0.17795944,-0.12890355,0.14621,-0.0024393797,-0.0013606546,-0.00025498937,-0.0020291833,-0.0004274407,-0.000969297
38,-0.22884287,0.86546195,0.5903728,-0.2507822,-0.3164243,0.05889854,0.23027465,-0.051869713,-0.33830798,0.072278604,-0.57431144,-0.11061522,0.43642125,-0.07517479,-0.024792891,0.32946187,-0.16333714,0.17699467,-0.22196963,0.07373955,-0.14519271,0.030056322,0.39503187,-0.34554106,-0.12678644,0.2957102,0.052612834,-0.09699066,-0.5798621,-0.027444944,0.39453548,-0.061166957,0.3152606,0.03009864,-1.1085682,0.018660627,0.18650329,0.17795944,1.7326045,0.24954158,-0.09057091,0.001386831,-0.0064130896,0.0016725638,-0.0037952624,-0.00027885975,-0.0023802593
39,-0.5055202,-0.10893881,0.1696626,-0.18728751,-0.099988826,0.18940827,-0.37160474,-0.042713907,0.049340658,0.33145797,-0.13683414,-0.42177415,0.24848977,-0.11413813,-0.013487756,0.17940688,0.31509042,0.5458534,-0.6456431,0.067606606,-0.26568907,-0.17121217,0.021588702,-0.03216433,-0.12065761,0.04216776,0.4309726,0.04624968,0.23795487,0.12636808,0.27638072,-0.057738125,0.10986616,0.09642945,0.028070314,0.3387822,-0.93930614,-0.12890355,0.24954158,0.9980129,0.28643203,-0.00048789568,0.0014013515,0.00024463603,0.0005004961,0.000323123,-0.00047883386
40,2.7537522,1.1257317,0.8926808,0.019721724,-0.6017391,1.3526733,0.7621559,-0.1508981,-1.1191955,0.6463527,0.4624248,0.04550995,0.097743094,-0.68361795,-1.0237637,-0.28455752,-0.4133043,0.44327012,0.10700414,0.16064072,-0.37011504,0.46397066,0.63949955,0.28947175,0.69949234,0.15745306,0.104347676,0.01910426,-0.0696135,0.14887908,-0.3390964,-0.11634889,0.2327795,0.004617318,-0.05522623,-0.10486689,0.106066495,0.14621,-0.09057091,0.28643203,0.9868379,0.0051187063,-0.015071091,0.0038185883,-0.0058296807,-0.000547829,-0.0049064504
41,0.035655595,-0.0018431336,-0.0077069597,-0.014483797,-0.002765031,0.0285731,-0.005686517,-0.011793785,0.0022483466,-0.004332076,-0.003861824,-0.001324161,0.0024800985,0.009829542,-0.016191438,0.0022009227,-0.0076136114,-0.0033698692,-0.0036004703,-0.011584603,-0.0097552445,-0.008987483,0.014679979,-0.0032902993,0.011102969,0.005059166,0.010043559,0.004051228,0.011324154,-0.0013928479,-0.005866535,-0.006463632,-0.005497229,0.0028853365,-0.006834613,-0.0031924637,0.006731128,-0.0024393797,0.001386831,-0.00048789568,0.0051187063,0.00017607602,-0.00013263078,0.00010189745,-3.0187166e-05,4.036715e-05,-3.9015078e-05
42,-0.071641326,-0.024747483,0.0026199264,-0.013336391,0.011783419,-0.02637226,-0.012565713,-0.008782826,0.023403484,-0.01724752,-0.0072100535,-0.005495441,-0.0051736506,0.012123987,0.012098243,0.009582901,0.014962882,-0.0032995567,-0.005810232,0.011471668,0.011640926,-0.0034616096,-0.020393834,-0.007089776,-0.01389136,-0.0066271815,0.003860563,-0.008356655,0.0070918826,-0.0038326434,0.0074877376,0.005291772,-0.0067719948,0.0059319837,0.010161787,0.008543971,-0.009535073,-0.0013606546,-0.0064130896,0.0014013515,-0.015071091,-0.00013263078,0.00038554484,-9.890254e-05,0.00015339142,1.5634878e-05,0.00011873341
43,0.026868155,0.00022497658,-0.0047055776,-0.006372857,-0.0023643214,0.018308535,-0.0023063216,-0.005756911,-0.0018346382,0.00027161045,-0.0016834405,-0.0002534833,0.0022681667,0.005822533,-0.0074255182,-5.1348914e-05,-0.005146233,-0.001563553,-0.0029139158,-0.0060572335,-0.0067141876,-0.0058680736,0.008054034,0.00029181037,0.0061006118,0.0035443031,0.0061046956,0.0037114562,0.004711806,0.00032268086,-0.0034406707,-0.004453023,-0.0033165994,0.0011098229,-0.0046635494,-0.003322721,0.0033469005,-0.00025498937,0.0016725638,0.00024463603,0.0038185883,0.00010189745,-9.890254e-05,6.3536274e-05,-2.7994698e-05,2.1244668e-05,-3.0482646e-05
44,-0.029912332,-0.010448758,-0.0004363577,-0.0068984227,0.0045894864,-0.0067262454,-0.007596072,-0.006044455,0.010526579,-0.0072113182,-0.0032981304,-0.002892437,-0.0024087236,0.0070850477,0.0026810793,0.0044081584,0.0057770177,-0.0023934732,-0.0030781718,0.0034153936,0.003285543,-0.0024647575,-0.0070830067,-0.0035743401,-0.0042006606,-0.0022898442,0.0033891108,-0.0028129374,0.005186705,-0.0016684006,0.0017348268,0.000871919,-0.004691491,0.0022465137,0.0038235015,0.0034946739,-0.0033530607,-0.0020291833,-0.0037952624,0.0005004961,-0.0058296807,-3.0187166e-05,0.00015339142,-2.7994698e-05,6.650184e-05,1.3872347e-05,4.8065776e-05
45,-0.00025388645,-0.00471561,-0.0013914771,-0.006272277,0.00054517435,0.0062464243,-0.0051167356,-0.0056110313,0.0039364304,-0.003421326,-0.0037583397,-0.0017854553,-0.00017138918,0.0062339646,-0.0028740973,0.0024369694,-0.00017623995,-0.001408744,-0.0031416947,-0.0005782177,-0.0022790062,-0.00444593,0.0015218675,-0.0017037761,0.0016634488,0.0009788641,0.0047776075,0.00059936056,0.0042428942,-0.0008641585,-0.0008473647,-0.0018996831,-0.0037032366,0.002452232,-0.00064388965,-0.000113352435,0.00062988873,-0.0004274407,-0.00027885975,0.000323123,-0.000547829,4.036715e-05,1.5634878e-05,2.1244668e-05,1.3872347e-05,1.7807159e-05,4.8917245e-06
46,-0.024089936,-0.0061106123,7.0608614e-05,-0.0034632015,0.0040368615,-0.008247676,-0.0038971757,-0.0027921307,0.007090194,-0.0061756596,-0.0024263929,-0.0013083498,-0.0020162454,0.0035047564,0.0036279038,0.0019077486,0.004203792,-0.0015830541,-0.0010610411,0.0033252765,0.004518072,-0.00016863813,-0.006078995,-0.0016143864,-0.00422805,-0.001991103,0.0014399588,-0.0034480866,0.002477027,-0.0010915499,0.0020513525,0.0015207289,-0.0025205347,0.0015010866,0.0029387055,0.0026045986,-0.0019638988,-0.000969297,-0.0023802593,-0.00047883386,-0.0049064504,-3.9015078e-05,0.00011873341,-3.0482646e-05,4.8065776e-05,4.8917245e-06,3.7993483e-05
