,0,1,2,3,4,5,6,7,8,9,10,11,12,13,14,15,16,17,18,19,20,21,22,23,24,25,26,27,28,29,30,31,32,33,34,35,36,37,38,39,40,41,42,43,44,45,46,47,48,49
0,389.85873,-81.963715,38.8674,34.249725,12.709488,-3.3862293,0.049239527,1.6255953,-0.85266596,0.55219275,-0.42824066,-0.0015440647,-0.03270581,0.47773477,0.3421896,-0.19312671,0.11025651,-0.3080745,0.019689288,-0.09844306,0.05893948,-0.2583863,0.07054941,-0.13940126,-0.040008552,-0.070743844,-0.010914721,-0.09886326,-0.07523061,0.012574125,0.009684481,0.020178411,-0.1295708,-0.010825305,-0.052767254,0.010455961,0.07267499,0.0065903342,-0.0009737887,0.12377389,-0.016467165,0.0040935706,-0.005062556,-0.00041378202,-0.0071233166,-0.0010833223,-0.011077902,-0.02219192,0.04063405,-0.26238582
1,-81.963715,71.94893,-20.08878,38.850548,-12.247662,-24.596527,-0.10321079,-0.47466394,0.21227713,-0.061247975,0.04887893,0.053661752,-0.047866266,-0.083379954,-0.04091295,0.068075724,0.007790039,0.055687323,-0.003659806,0.031127587,-0.004589833,0.03775632,-0.021541115,0.029305987,0.0035846215,0.0604716,0.013546876,0.013569189,0.006822915,0.00337589,-0.00047364703,-0.0047981343,0.013570338,-0.0027522687,0.007273441,-0.0062769437,-0.025557585,-0.004521107,0.0011261755,-0.015506206,-0.0024940418,0.0030148614,-0.0031583062,-7.131278e-05,0.006518551,-0.00071169995,0.0069809714,0.0075750337,-0.011361744,0.045459494
2,38.8674,-20.08878,68.859146,-57.00318,-16.771225,-8.769662,0.11849496,-0.4733223,0.112775594,-0.15715787,0.09870547,-0.01913572,-0.0072568785,-0.0666855,-0.073958844,0.025739685,-0.02219567,0.043372054,-0.011567743,0.014934379,-0.008912972,0.007283882,-0.014015727,0.008751171,0.0025354289,0.024901006,0.0054920884,0.014504948,0.009795951,-0.03276891,0.0018960729,-0.008419031,0.02229331,-0.006793172,0.007109777,-0.00348007,0.00036548125,0.00015316083,0.001764996,-0.022238826,0.0029440275,-0.004580992,-0.0008907608,-0.00053530955,-0.00044714345,0.0014615636,0.0012312437,0.005526362,-0.0063754804,0.024900395
3,34.249725,38.850548,-57.00318,86.45495,-1.6458632,-1.1736453,-0.35686758,0.48474973,-0.17598777,0.34339947,-0.19610031,0.17117405,-0.0967554,0.16980036,0.19368637,-0.026881196,0.09019078,-0.106274515,0.04440672,-0.008265125,0.03479758,-0.05100596,0.031103114,-0.009137042,-0.010137992,0.061345696,0.01694541,-0.034892082,-0.03437134,0.06666138,0.005808077,0.01117803,-0.05158382,0.003822087,-0.015319908,0.001563437,-0.019209802,-0.00029293896,-0.00088108616,0.050866544,-0.008404329,0.006323047,-0.0016313668,0.00047151078,0.00036690815,-0.002173088,-0.0015749076,-0.004974388,0.009128755,-0.062019497
4,12.709488,-12.247662,-16.771225,-1.6458632,67.42989,-2.0291324,1.2446312,0.19781145,-0.29429144,-0.40578043,-0.020948175,-0.40308917,0.16324703,0.07208295,-0.114463,-0.081160024,-0.10126992,-0.02087807,-0.11959699,-0.0625955,-0.027454317,-0.17786928,-0.020518418,-0.16079998,-0.010319546,-0.16654988,-0.042860467,-0.023174092,0.0047364254,-0.21934375,-0.015208272,0.0057260823,-0.014728146,-0.014789183,-0.020994315,0.009553926,0.12687308,0.0015026478,-0.0064919516,-0.0013824911,4.632122e-05,0.0043689506,0.0012533239,0.00033673886,-0.00042446345,-0.0010605742,-0.004420735,-0.007775883,0.013398286,-0.14222454
5,-3.3862293,-24.596527,-8.769662,-1.1736453,-2.0291324,32.966805,-0.21882692,0.17101508,-0.042022835,0.1392752,-0.04285916,0.12976983,-0.04499694,0.06365245,0.090272546,-0.023660589,0.034183115,-0.037494987,0.043851413,0.0026426138,0.016578833,0.0050393445,0.0277763,0.016216785,0.0036179267,0.045903634,0.011346638,-0.006654472,-0.01094074,0.045846593,0.00519029,0.005618063,-0.006709405,0.009348947,0.00036968727,0.004191422,-0.020683791,0.0031749527,-0.0012507339,0.011340303,0.003611482,-0.0015321926,0.005063653,0.00067446823,-0.0066429647,-0.00050324574,-0.0067861285,-0.0028600695,0.004352976,-0.0036966498
6,0.049239527,-0.10321079,0.11849496,-0.35686758,1.2446312,-0.21882692,0.026096964,0.0001210263,-0.004425154,-0.009908866,0.00079033466,-0.00899446,0.0036860306,0.00025033325,-0.0035496196,-0.0012507541,-0.0024879882,0.0003140637,-0.0026741344,-0.0011269812,-0.0007604878,-0.0031304103,-0.0006810567,-0.0030444986,-0.00015917583,-0.003579075,-0.0009365838,-0.00023265285,0.00029895388,-0.0046607777,-0.00033074693,1.4364799e-05,1.4341384e-05,-0.00034947455,-0.00032081053,0.00014687647,0.0025597324,7.1866543e-06,-0.000107307926,-0.00033636487,2.1881822e-05,6.244508e-05,5.9940508e-06,1.9493018e-06,2.2283846e-05,-1.1905113e-05,-4.0445044e-05,-0.00010493088,0.00018433937,-0.0023392923
7,1.6255953,-0.47466394,-0.4733223,0.48474973,0.19781145,0.17101508,0.0001210263,0.0075942203,-0.004377819,0.003302446,-0.002922881,0.0013675805,-0.0009849127,0.003223666,0.0027583553,-0.0010076787,0.0010080283,-0.0019459659,0.0003548571,-0.0004166289,0.00049299886,-0.0017632453,0.00055179716,-0.00085643446,-0.0002083476,0.00048798491,0.00017061931,-0.00065563846,-0.0005480361,1.8556428e-05,6.853671e-05,0.00019855628,-0.00084303465,-1.0360196e-05,-0.00031969027,8.412125e-05,0.0002749673,5.4494616e-05,-4.3710323e-05,0.0007856849,-8.535381e-05,4.943966e-05,2.649581e-06,3.983239e-06,-5.986814e-05,-1.342463e-05,-9.912939e-05,-0.00010971411,0.00022263666,-0.0017130035
8,-0.85266596,0.21227713,0.112775594,-0.17598777,-0.29429144,-0.042022835,-0.004425154,-0.004377819,0.0030578722,-3.528595e-05,0.0012795493,0.0010390038,-0.00027509796,-0.001594872,-0.00068427273,0.0007511058,-2.6215968e-05,0.0009022731,0.00030327088,0.0004278635,-9.516228e-05,0.0013528212,-0.00014702675,0.00093107205,0.0001296771,0.0005212114,0.000118267686,0.00035560995,0.00020612749,0.00074668496,2.2468997e-05,-9.172392e-05,0.0004055941,6.5215216e-05,0.00021112038,-6.75008e-05,-0.00058980304,-2.5238443e-05,3.462159e-05,-0.0003297042,3.7726903e-05,-3.2862798e-05,-1.852163e-06,-2.3668235e-06,2.6396663e-05,1.0079729e-05,5.4829812e-05,7.9803096e-05,-0.00014830052,0.0012166472
9,0.55219275,-0.061247975,-0.15715787,0.34339947,-0.40578043,0.1392752,-0.009908866,0.003302446,-3.528595e-05,0.005039339,-0.0013447294,0.0037244628,-0.0016247525,0.001041679,0.002273145,7.535255e-05,0.0012619087,-0.0008153926,0.0011178588,0.00024807244,0.00044798915,0.0005994176,0.0004477459,0.00085173245,-1.33652675e-05,0.001386576,0.00037459965,-0.0001422331,-0.00029888682,0.0018090273,0.00014774405,6.0141334e-05,-0.00030305155,0.00013064191,6.5939203e-06,-2.3815532e-05,-0.00085466326,1.3145794e-05,2.8743512e-05,0.0004093078,-3.9297105e-05,-4.9448445e-06,-1.3682023e-06,1.1422521e-06,-2.956542e-05,-2.6411622e-06,-1.8876504e-05,-7.770785e-06,1.716458e-05,0.00029317173
10,-0.42824066,0.04887893,0.09870547,-0.19610031,-0.020948175,-0.04285916,0.00079033466,-0.002922881,0.0012795493,-0.0013447294,0.0008512972,-0.00041788488,0.00022540003,-0.00087320415,-0.0008004663,0.00028967124,-0.00030231875,0.00055311923,-0.00014614,0.00012226647,-0.00013875155,0.000347842,-0.00016335408,0.00014813522,5.378649e-05,-5.597999e-05,-2.371534e-05,0.00017258691,0.00014902213,-0.00018373411,-2.3655994e-05,-5.0189636e-05,0.00023373695,-1.0195619e-05,8.2052706e-05,-2.1077169e-05,-2.433904e-05,-1.0548864e-05,5.2717623e-06,-0.00023208302,2.6633741e-05,-1.4530249e-05,5.0517406e-07,-1.4740767e-06,1.523764e-05,5.881546e-06,2.3563007e-05,3.7750346e-05,-6.5732296e-05,0.00038912502
11,-0.0015440647,0.053661752,-0.01913572,0.17117405,-0.40308917,0.12976983,-0.00899446,0.0013675805,0.0010390038,0.0037244628,-0.00041788488,0.0029626016,-0.0011353509,0.000102246704,0.0013138135,0.000282929,0.0008413916,-0.0002239413,0.00093353365,0.00031827734,0.0002684523,0.0010478707,0.0002798021,0.0010069651,5.4145225e-05,0.0010607779,0.0002741945,5.2170974e-05,-0.000117455755,0.001656781,0.0001140359,5.325476e-06,-3.3216427e-05,0.00013556438,9.574223e-05,-3.529332e-05,-0.0008430453,8.78444e-07,3.573471e-05,0.00015173014,-3.7168766e-06,-2.0236674e-05,7.2438042e-06,1.2180914e-06,-2.0358973e-05,1.3184831e-07,8.783172e-08,1.4442466e-05,-3.580317e-05,0.0007384698
12,-0.03270581,-0.047866266,-0.0072568785,-0.0967554,0.16324703,-0.04499694,0.0036860306,-0.0009849127,-0.00027509796,-0.0016247525,0.00022540003,-0.0011353509,0.0004192306,-8.666645e-05,-0.0005504127,-8.363747e-05,-0.00034073173,0.00012495863,-0.00037083743,-0.000107344385,-0.00010929384,-0.00041430298,-0.000116406016,-0.0003951972,-1.6932932e-05,-0.00036735,-9.450493e-05,-1.093363e-05,5.2576506e-05,-0.00069002266,-4.5899542e-05,-2.6036807e-06,2.874567e-05,-5.4129683e-05,-3.2058557e-05,1.3194896e-05,0.00032879077,9.352565e-07,-1.585819e-05,-7.751108e-05,4.854641e-06,6.37258e-06,-1.4167384e-06,-5.6343833e-07,7.5162143e-06,1.0430817e-06,-5.578065e-07,-5.0454025e-07,7.681826e-06,-0.00027805954
13,0.47773477,-0.083379954,-0.0666855,0.16980036,0.07208295,0.06365245,0.00025033325,0.003223666,-0.001594872,0.001041679,-0.00087320415,0.000102246704,-8.666645e-05,0.0009670552,0.0007346608,-0.00038795653,0.00022048588,-0.0005934484,5.821806e-05,-0.00018177771,0.00012079587,-0.00050961797,0.00015989665,-0.00028743866,-6.1016388e-05,-8.482141e-05,-1.3929259e-05,-0.00019609474,-0.00014901823,5.0017443e-06,1.5202428e-05,5.5474495e-05,-0.0002477034,-1.449398e-07,-0.000100179896,3.2653013e-05,0.00013459599,1.4063215e-05,-1.0563806e-05,0.00023623729,-2.2807668e-05,1.5144225e-05,4.1828594e-06,2.1158105e-06,-2.1402207e-05,-7.155886e-06,-3.2981956e-05,-4.7240814e-05,8.1746635e-05,-0.00052094215
14,0.3421896,-0.04091295,-0.073958844,0.19368637,-0.114463,0.090272546,-0.0035496196,0.0027583553,-0.00068427273,0.002273145,-0.0008004663,0.0013138135,-0.0005504127,0.0007346608,0.0010689774,-0.00014802314,0.00051212875,-0.00051463506,0.0004287061,6.55624e-06,0.00019898376,6.613112e-05,0.00022790425,0.00021264327,-2.2560356e-05,0.00039693277,0.000109544526,-0.00011870885,-0.00015648015,0.00068625814,5.715504e-05,4.212572e-05,-0.00019179353,5.477613e-05,-3.2354423e-05,7.040563e-06,-0.00025652652,1.0294129e-05,6.9582475e-06,0.00023069166,-1.9473337e-05,3.1320512e-06,4.355519e-06,1.762147e-06,-2.1959915e-05,-4.4488565e-06,-2.168797e-05,-2.5944024e-05,4.1627707e-05,-6.71514e-05
15,-0.19312671,0.068075724,0.025739685,-0.026881196,-0.081160024,-0.023660589,-0.0012507541,-0.0010076787,0.0007511058,7.535255e-05,0.00028967124,0.000282929,-8.363747e-05,-0.00038795653,-0.00014802314,0.00019411469,1.0875014e-05,0.00021339484,8.19843e-05,0.000107528205,-1.9353276e-05,0.00034455216,-3.719923e-05,0.00024158417,2.9117473e-05,0.00013428598,3.1284744e-05,8.5227395e-05,4.7188376e-05,0.00021214716,6.672957e-06,-2.3315695e-05,9.244366e-05,1.5093692e-05,5.083432e-05,-1.9043588e-05,-0.00015605745,-7.629156e-06,9.945845e-06,-7.325114e-05,5.911287e-06,-6.9573034e-06,-3.1316786e-06,-8.426965e-07,9.139467e-06,2.4404073e-06,1.6389848e-05,2.0013535e-05,-3.7149606e-05,0.00030541627
16,0.11025651,0.007790039,-0.02219567,0.09019078,-0.10126992,0.034183115,-0.0024879882,0.0010080283,-2.6215968e-05,0.0012619087,-0.00030231875,0.0008413916,-0.00034073173,0.00022048588,0.00051212875,1.0875014e-05,0.0002844217,-0.00018240898,0.00026769793,5.32033e-05,9.941973e-05,0.0001881532,0.00010487327,0.00022360482,-9.965288e-08,0.00027967378,7.470653e-05,-2.6246309e-05,-6.3945874e-05,0.0004655145,3.440131e-05,1.1613642e-05,-6.33914e-05,3.4918517e-05,5.0988256e-06,-5.528694e-06,-0.00020920584,1.9072713e-06,8.598759e-06,9.277409e-05,-8.514187e-06,-1.5587683e-06,1.701514e-07,4.4295456e-07,-7.1579316e-06,-1.1709803e-06,-3.692439e-06,-4.413789e-06,5.2482524e-06,0.00010014177
17,-0.3080745,0.055687323,0.043372054,-0.106274515,-0.02087807,-0.037494987,0.0003140637,-0.0019459659,0.0009022731,-0.0008153926,0.00055311923,-0.0002239413,0.00012495863,-0.0005934484,-0.00051463506,0.00021339484,-0.00018240898,0.00037241745,-8.312287e-05,9.117834e-05,-8.860112e-05,0.00026117015,-0.000109560955,0.00012284488,3.6086163e-05,-1.5972786e-05,-1.0008931e-05,0.00011706805,9.79203e-05,-8.5052765e-05,-1.5134277e-05,-3.3489814e-05,0.000153873,-4.7955737e-06,5.6502915e-05,-1.6520593e-05,-3.6909172e-05,-8.57524e-06,4.397354e-06,-0.00015177787,1.5366972e-05,-8.102414e-06,-1.3724468e-06,-1.058638e-06,1.2824368e-05,3.7466652e-06,1.8659779e-05,2.652653e-05,-4.652502e-05,0.00028079117
18,0.019689288,-0.003659806,-0.011567743,0.04440672,-0.11959699,0.043851413,-0.0026741344,0.0003548571,0.00030327088,0.0011178588,-0.00014614,0.00093353365,-0.00037083743,5.821806e-05,0.0004287061,8.19843e-05,0.00026769793,-8.312287e-05,0.0002866518,9.747273e-05,8.76061e-05,0.00028968786,9.006426e-05,0.0002929375,1.4582709e-05,0.00034917495,9.113018e-05,9.4947745e-06,-4.1414667e-05,0.00048790337,3.5800396e-05,4.0024843e-06,-1.745421e-05,3.9932944e-05,2.6400885e-05,-9.887166e-06,-0.000252428,1.5247442e-06,9.752439e-06,5.1960465e-05,-1.1497543e-06,-6.3130524e-06,2.6072905e-06,3.410233e-07,-7.1881896e-06,2.9018395e-07,-1.6131853e-06,4.8794645e-06,-1.0127241e-05,0.00020265934
19,-0.09844306,0.031127587,0.014934379,-0.008265125,-0.0625955,0.0026426138,-0.0011269812,-0.0004166289,0.0004278635,0.00024807244,0.00012226647,0.00031827734,-0.000107344385,-0.00018177771,6.55624e-06,0.000107528205,5.32033e-05,9.117834e-05,9.747273e-05,7.13589e-05,6.5644745e-06,0.00022976642,7.923304e-07,0.00017716197,1.8692066e-05,0.00013054741,3.1704294e-05,4.529464e-05,1.6446347e-05,0.00019948444,1.0396274e-05,-1.0741394e-05,4.5244382e-05,1.6456454e-05,3.116917e-05,-1.0459424e-05,-0.00012568383,-3.0994906e-06,6.653957e-06,-2.8296763e-05,3.999252e-06,-5.1791467e-06,7.89704e-08,-2.0916974e-07,1.9219847e-06,1.1354988e-06,6.660276e-06,1.0318368e-05,-1.9836196e-05,0.00019285426
20,0.05893948,-0.004589833,-0.008912972,0.03479758,-0.027454317,0.016578833,-0.0007604878,0.00049299886,-9.516228e-05,0.00044798915,-0.00013875155,0.0002684523,-0.00010929384,0.00012079587,0.00019898376,-1.9353276e-05,9.941973e-05,-8.860112e-05,8.76061e-05,6.5644745e-06,3.7383903e-05,3.23515e-05,4.2262065e-05,5.4740314e-05,-2.7951176e-06,8.193252e-05,2.2252276e-05,-1.8314076e-05,-2.7630056e-05,0.00014572563,1.1659128e-05,6.6769608e-06,-3.2111413e-05,1.1393035e-05,-3.4557352e-06,3.826108e-07,-5.7991667e-05,1.5780145e-06,2.0395344e-06,4.09849e-05,-3.3583165e-06,5.4690616e-08,7.183373e-07,2.9472545e-07,-3.899592e-06,-7.515741e-07,-3.4143932e-06,-4.1099975e-06,6.2411655e-06,3.9860133e-06
21,-0.2583863,0.03775632,0.007283882,-0.05100596,-0.17786928,0.0050393445,-0.0031304103,-0.0017632453,0.0013528212,0.0005994176,0.000347842,0.0010478707,-0.00041430298,-0.00050961797,6.613112e-05,0.00034455216,0.0001881532,0.00026117015,0.00028968786,0.00022976642,3.23515e-05,0.000608454,3.8047497e-06,0.00049582083,5.080441e-05,0.00049648253,0.0001257679,0.00012442213,3.7719212e-05,0.00052901544,3.2033306e-05,-2.7204427e-05,0.00012264222,4.1997326e-05,8.8413435e-05,-3.2300584e-05,-0.00036884213,-6.609262e-06,1.6354905e-05,-7.9775346e-05,1.0749506e-05,-1.5336853e-05,-9.196824e-07,-1.1111133e-06,6.464432e-06,5.050866e-06,1.9017825e-05,3.7232843e-05,-6.35742e-05,0.00052786246
22,0.07054941,-0.021541115,-0.014015727,0.031103114,-0.020518418,0.0277763,-0.0006810567,0.00055179716,-0.00014702675,0.0004477459,-0.00016335408,0.0002798021,-0.000116406016,0.00015989665,0.00022790425,-3.719923e-05,0.00010487327,-0.000109560955,9.006426e-05,7.923304e-07,4.2262065e-05,3.8047497e-06,5.0798975e-05,3.7931673e-05,-3.7463478e-06,8.864205e-05,2.423202e-05,-2.5609956e-05,-3.3042455e-05,0.00013204874,1.226594e-05,9.87432e-06,-3.9220587e-05,1.2086879e-05,-6.766316e-06,2.93337e-06,-4.96915e-05,3.1854452e-06,6.450898e-07,4.7298035e-05,-2.3915163e-06,-5.5325454e-08,2.4459505e-06,5.073802e-07,-6.3463604e-06,-9.111939e-07,-6.55556e-06,-5.6843382e-06,9.405362e-06,-2.1028216e-05
23,-0.13940126,0.029305987,0.008751171,-0.009137042,-0.16079998,0.016216785,-0.0030444986,-0.00085643446,0.00093107205,0.00085173245,0.00014813522,0.0010069651,-0.0003951972,-0.00028743866,0.00021264327,0.00024158417,0.00022360482,0.00012284488,0.0002929375,0.00017716197,5.4740314e-05,0.00049582083,3.7931673e-05,0.0004253496,3.603583e-05,0.00043170588,0.0001102582,7.967234e-05,6.261954e-06,0.00053182803,3.43231e-05,-1.6023141e-05,6.643298e-05,4.1437816e-05,6.4309905e-05,-2.4332297e-05,-0.00032851048,-4.0280374e-06,1.4816409e-05,-2.5547137e-05,5.148626e-06,-1.1819275e-05,-3.5534396e-07,-6.1573724e-07,1.6654153e-06,3.0957056e-06,1.1855814e-05,2.4039666e-05,-4.229598e-05,0.0004078073
24,-0.040008552,0.0035846215,0.0025354289,-0.010137992,-0.010319546,0.0036179267,-0.00015917583,-0.0002083476,0.0001296771,-1.33652675e-05,5.378649e-05,5.4145225e-05,-1.6932932e-05,-6.1016388e-05,-2.2560356e-05,2.9117473e-05,-9.965288e-08,3.6086163e-05,1.4582709e-05,1.8692066e-05,-2.7951176e-06,5.080441e-05,-3.7463478e-06,3.603583e-05,6.1279065e-06,3.002919e-05,6.931098e-06,1.4197068e-05,7.834737e-06,2.5978487e-05,1.2311932e-06,-2.9734306e-06,1.7178725e-05,3.3592673e-06,8.856332e-06,-2.0104555e-06,-2.3942968e-05,-4.830495e-07,8.823331e-07,-1.4116011e-05,2.492035e-06,-1.6013585e-06,8.7457784e-07,1.3332199e-08,8.801207e-08,3.7177594e-07,1.1018687e-06,3.3324595e-06,-5.946045e-06,4.704795e-05
25,-0.070743844,0.0604716,0.024901006,0.061345696,-0.16654988,0.045903634,-0.003579075,0.00048798491,0.0005212114,0.001386576,-5.597999e-05,0.0010607779,-0.00036735,-8.482141e-05,0.00039693277,0.00013428598,0.00027967378,-1.5972786e-05,0.00034917495,0.00013054741,8.193252e-05,0.00049648253,8.864205e-05,0.00043170588,3.002919e-05,0.00035016245,8.74751e-05,4.6668614e-05,-2.2168198e-05,0.00066718995,4.152931e-05,-6.643182e-06,2.0355534e-05,5.5581368e-05,4.974776e-05,-1.601427e-05,-0.00033781625,-2.6765665e-06,1.676591e-05,3.065022e-05,1.9566928e-06,-9.51537e-06,3.227788e-06,5.4882906e-07,-6.0967386e-06,-2.5604572e-07,3.7173347e-06,6.667785e-06,-1.9642473e-05,0.00036303376
26,-0.010914721,0.013546876,0.0054920884,0.01694541,-0.042860467,0.011346638,-0.0009365838,0.00017061931,0.000118267686,0.00037459965,-2.371534e-05,0.0002741945,-9.450493e-05,-1.3929259e-05,0.000109544526,3.1284744e-05,7.470653e-05,-1.0008931e-05,9.113018e-05,3.1704294e-05,2.2252276e-05,0.0001257679,2.423202e-05,0.0001102582,6.931098e-06,8.74751e-05,2.2107326e-05,1.032363e-05,-7.00726e-06,0.00017531283,1.0824667e-05,-1.2942369e-06,2.611356e-06,1.4347078e-05,1.1914303e-05,-4.0314153e-06,-8.666089e-05,-6.0743525e-07,4.379495e-06,1.0591442e-05,4.6881382e-08,-2.3436623e-06,6.1117044e-07,1.1219069e-07,-1.5389621e-06,-4.6286686e-08,9.370816e-07,1.2367703e-06,-4.3276514e-06,9.0123714e-05
27,-0.09886326,0.013569189,0.014504948,-0.034892082,-0.023174092,-0.006654472,-0.00023265285,-0.00065563846,0.00035560995,-0.0001422331,0.00017258691,5.2170974e-05,-1.093363e-05,-0.00019609474,-0.00011870885,8.5227395e-05,-2.6246309e-05,0.00011706805,9.4947745e-06,4.529464e-05,-1.8314076e-05,0.00012442213,-2.5609956e-05,7.967234e-05,1.4197068e-05,4.6668614e-05,1.032363e-05,4.127599e-05,2.7823597e-05,3.1510903e-05,-2.2752909e-07,-1.0925969e-05,5.0517618e-05,3.1992413e-06,2.2905067e-05,-7.0262e-06,-4.5767498e-05,-2.5127083e-06,2.678649e-06,-4.5430606e-05,5.2788128e-06,-3.87119e-06,-1.0006587e-07,-3.553456e-07,3.314979e-06,1.4648926e-06,6.018021e-06,1.0155755e-05,-1.7610508e-05,0.00012145277
28,-0.07523061,0.006822915,0.009795951,-0.03437134,0.0047364254,-0.01094074,0.00029895388,-0.0005480361,0.00020612749,-0.00029888682,0.00014902213,-0.000117455755,5.2576506e-05,-0.00014901823,-0.00015648015,4.7188376e-05,-6.3945874e-05,9.79203e-05,-4.1414667e-05,1.6446347e-05,-2.7630056e-05,3.7719212e-05,-3.3042455e-05,6.261954e-06,7.834737e-06,-2.2168198e-05,-7.00726e-06,2.7823597e-05,2.675982e-05,-6.28487e-05,-6.2907197e-06,-8.166173e-06,3.9300867e-05,-4.3725686e-06,1.1941606e-05,-3.1855502e-06,1.0298941e-05,-1.8191829e-06,1.8146324e-08,-4.1721833e-05,4.2111014e-06,-1.7792363e-06,-3.0428166e-07,-3.037401e-07,3.3750498e-06,1.0740669e-06,4.3075847e-06,6.5983004e-06,-1.0978221e-05,5.1265786e-05
29,0.012574125,0.00337589,-0.03276891,0.06666138,-0.21934375,0.045846593,-0.0046607777,1.8556428e-05,0.00074668496,0.0018090273,-0.00018373411,0.001656781,-0.00069002266,5.0017443e-06,0.00068625814,0.00021214716,0.0004655145,-8.5052765e-05,0.00048790337,0.00019948444,0.00014572563,0.00052901544,0.00013204874,0.00053182803,2.5978487e-05,0.00066718995,0.00017531283,3.1510903e-05,-6.28487e-05,0.0008301087,6.0883962e-05,1.2237632e-06,-1.506798e-05,6.272832e-05,5.3090364e-05,-2.4767129e-05,-0.00045639617,8.634631e-08,1.800505e-05,7.166022e-05,-4.5026554e-06,-1.0725459e-05,-3.988769e-07,-2.5018423e-07,-5.505658e-06,2.0449515e-06,4.946417e-06,1.7970347e-05,-3.0418081e-05,0.00039108802
30,0.009684481,-0.00047364703,0.0018960729,0.005808077,-0.015208272,0.00519029,-0.00033074693,6.853671e-05,2.2468997e-05,0.00014774405,-2.3655994e-05,0.0001140359,-4.5899542e-05,1.5202428e-05,5.715504e-05,6.672957e-06,3.440131e-05,-1.5134277e-05,3.5800396e-05,1.0396274e-05,1.1659128e-05,3.2033306e-05,1.226594e-05,3.43231e-05,1.2311932e-06,4.152931e-05,1.0824667e-05,-2.2752909e-07,-6.2907197e-06,6.0883962e-05,4.6824493e-06,5.7480014e-07,-3.814931e-06,4.699905e-06,2.49453e-06,-1.0886054e-06,-3.0082585e-05,2.6304272e-07,1.2834306e-06,8.07118e-06,-3.5636592e-07,-7.883569e-07,2.526661e-07,4.2500353e-08,-1.1012437e-06,-5.4191673e-09,-4.0143522e-07,2.161465e-07,-5.367045e-07,2.1347892e-05
31,0.020178411,-0.0047981343,-0.008419031,0.01117803,0.0057260823,0.005618063,1.4364799e-05,0.00019855628,-9.172392e-05,6.0141334e-05,-5.0189636e-05,5.325476e-06,-2.6036807e-06,5.5474495e-05,4.212572e-05,-2.3315695e-05,1.1613642e-05,-3.3489814e-05,4.0024843e-06,-1.0741394e-05,6.6769608e-06,-2.7204427e-05,9.87432e-06,-1.6023141e-05,-2.9734306e-06,-6.643182e-06,-1.2942369e-06,-1.0925969e-05,-8.166173e-06,1.2237632e-06,5.7480014e-07,3.5935234e-06,-1.359041e-05,7.9726846e-07,-5.525071e-06,2.2193472e-06,7.4896693e-06,9.0981683e-07,-8.1143014e-07,1.3039323e-05,-1.0076585e-06,9.637743e-07,6.06037e-07,1.8103003e-07,-1.4440404e-06,-4.618444e-07,-2.1544663e-06,-2.9483222e-06,4.8355196e-06,-2.8871942e-05
32,-0.1295708,0.013570338,0.02229331,-0.05158382,-0.014728146,-0.006709405,1.4341384e-05,-0.00084303465,0.0004055941,-0.00030305155,0.00023373695,-3.3216427e-05,2.874567e-05,-0.0002477034,-0.00019179353,9.244366e-05,-6.33914e-05,0.000153873,-1.745421e-05,4.5244382e-05,-3.2111413e-05,0.00012264222,-3.9220587e-05,6.643298e-05,1.7178725e-05,2.0355534e-05,2.611356e-06,5.0517618e-05,3.9300867e-05,-1.506798e-05,-3.814931e-06,-1.359041e-05,6.6044384e-05,6.852407e-07,2.6074202e-05,-6.685752e-06,-2.8755538e-05,-2.8028874e-06,1.9757906e-06,-6.293667e-05,7.8908015e-06,-4.5762763e-06,7.3586625e-07,-3.3772287e-07,3.6509512e-06,1.6563206e-06,6.353013e-06,1.1620326e-05,-2.018304e-05,0.00012846556
33,-0.010825305,-0.0027522687,-0.006793172,0.003822087,-0.014789183,0.009348947,-0.00034947455,-1.0360196e-05,6.5215216e-05,0.00013064191,-1.0195619e-05,0.00013556438,-5.4129683e-05,-1.449398e-07,5.477613e-05,1.5093692e-05,3.4918517e-05,-4.7955737e-06,3.9932944e-05,1.6456454e-05,1.1393035e-05,4.1997326e-05,1.2086879e-05,4.1437816e-05,3.3592673e-06,5.5581368e-05,1.4347078e-05,3.1992413e-06,-4.3725686e-06,6.272832e-05,4.699905e-06,7.9726846e-07,6.852407e-07,6.1679443e-06,4.8655165e-06,-1.1133442e-06,-3.5938352e-05,4.3621782e-07,9.0636297e-07,3.9504393e-06,7.518631e-07,-1.0222991e-06,1.0393919e-06,1.18427174e-07,-1.3412822e-06,7.2434545e-08,-6.3438836e-07,1.2833971e-06,-2.3165883e-06,3.142155e-05
34,-0.052767254,0.007273441,0.007109777,-0.015319908,-0.020994315,0.00036968727,-0.00032081053,-0.00031969027,0.00021112038,6.5939203e-06,8.2052706e-05,9.574223e-05,-3.2058557e-05,-0.000100179896,-3.2354423e-05,5.083432e-05,5.0988256e-06,5.6502915e-05,2.6400885e-05,3.116917e-05,-3.4557352e-06,8.8413435e-05,-6.766316e-06,6.4309905e-05,8.856332e-06,4.974776e-05,1.1914303e-05,2.2905067e-05,1.1941606e-05,5.3090364e-05,2.49453e-06,-5.525071e-06,2.6074202e-05,4.8655165e-06,1.4276306e-05,-4.3605833e-06,-4.3012682e-05,-1.1938637e-06,2.1274645e-06,-2.0726195e-05,2.8832678e-06,-2.5643994e-06,2.833425e-07,-1.415127e-07,1.0887672e-06,7.76383e-07,2.9606103e-06,5.6761005e-06,-1.0044778e-05,8.019675e-05
35,0.010455961,-0.0062769437,-0.00348007,0.001563437,0.009553926,0.004191422,0.00014687647,8.412125e-05,-6.75008e-05,-2.3815532e-05,-2.1077169e-05,-3.529332e-05,1.3194896e-05,3.2653013e-05,7.040563e-06,-1.9043588e-05,-5.528694e-06,-1.6520593e-05,-9.887166e-06,-1.0459424e-05,3.826108e-07,-3.2300584e-05,2.93337e-06,-2.4332297e-05,-2.0104555e-06,-1.601427e-05,-4.0314153e-06,-7.0262e-06,-3.1855502e-06,-2.4767129e-05,-1.0886054e-06,2.2193472e-06,-6.685752e-06,-1.1133442e-06,-4.3605833e-06,2.1802196e-06,1.6566375e-05,8.099789e-07,-1.1742397e-06,4.7819112e-06,3.4608217e-08,6.0041873e-07,7.582821e-07,1.4242573e-07,-1.1562418e-06,-2.8090813e-07,-1.8743237e-06,-1.9557738e-06,3.4650411e-06,-2.8074599e-05
36,0.07267499,-0.025557585,0.00036548125,-0.019209802,0.12687308,-0.020683791,0.0025597324,0.0002749673,-0.00058980304,-0.00085466326,-2.433904e-05,-0.0008430453,0.00032879077,0.00013459599,-0.00025652652,-0.00015605745,-0.00020920584,-3.6909172e-05,-0.000252428,-0.00012568383,-5.7991667e-05,-0.00036884213,-4.96915e-05,-0.00032851048,-2.3942968e-05,-0.00033781625,-8.666089e-05,-4.5767498e-05,1.0298941e-05,-0.00045639617,-3.0082585e-05,7.4896693e-06,-2.8755538e-05,-3.5938352e-05,-4.3012682e-05,1.6566375e-05,0.00026143927,2.2641043e-06,-1.1592414e-05,-5.0395647e-06,-1.6585598e-06,7.851748e-06,-2.6269024e-07,1.889212e-07,8.859258e-07,-1.4905013e-06,-6.500728e-06,-1.3883513e-05,2.5620955e-05,-0.00028921827
37,0.0065903342,-0.004521107,0.00015316083,-0.00029293896,0.0015026478,0.0031749527,7.1866543e-06,5.4494616e-05,-2.5238443e-05,1.3145794e-05,-1.0548864e-05,8.78444e-07,9.352565e-07,1.4063215e-05,1.0294129e-05,-7.629156e-06,1.9072713e-06,-8.57524e-06,1.5247442e-06,-3.0994906e-06,1.5780145e-06,-6.609262e-06,3.1854452e-06,-4.0280374e-06,-4.830495e-07,-2.6765665e-06,-6.0743525e-07,-2.5127083e-06,-1.8191829e-06,8.634631e-08,2.6304272e-07,9.0981683e-07,-2.8028874e-06,4.3621782e-07,-1.1938637e-06,8.099789e-07,2.2641043e-06,4.4252647e-07,-2.3488775e-07,2.902826e-06,1.354278e-07,-4.805605e-08,4.42452e-07,6.006485e-08,-7.681781e-07,-7.653044e-08,-9.195405e-07,-8.897499e-07,1.4162035e-06,-7.1273207e-06
38,-0.0009737887,0.0011261755,0.001764996,-0.00088108616,-0.0064919516,-0.0012507339,-0.000107307926,-4.3710323e-05,3.462159e-05,2.8743512e-05,5.2717623e-06,3.573471e-05,-1.585819e-05,-1.0563806e-05,6.9582475e-06,9.945845e-06,8.598759e-06,4.397354e-06,9.752439e-06,6.653957e-06,2.0395344e-06,1.6354905e-05,6.450898e-07,1.4816409e-05,8.823331e-07,1.676591e-05,4.379495e-06,2.678649e-06,1.8146324e-08,1.800505e-05,1.2834306e-06,-8.1143014e-07,1.9757906e-06,9.0636297e-07,2.1274645e-06,-1.1742397e-06,-1.1592414e-05,-2.3488775e-07,6.341478e-07,-7.212521e-07,-1.0866046e-07,-4.125343e-07,-3.4369154e-07,-7.2980995e-08,3.31237e-07,1.722363e-07,7.2276686e-07,1.0904046e-06,-1.7080067e-06,1.3939161e-05
39,0.12377389,-0.015506206,-0.022238826,0.050866544,-0.0013824911,0.011340303,-0.00033636487,0.0007856849,-0.0003297042,0.0004093078,-0.00023208302,0.00015173014,-7.751108e-05,0.00023623729,0.00023069166,-7.325114e-05,9.277409e-05,-0.00015177787,5.1960465e-05,-2.8296763e-05,4.09849e-05,-7.9775346e-05,4.7298035e-05,-2.5547137e-05,-1.4116011e-05,3.065022e-05,1.0591442e-05,-4.5430606e-05,-4.1721833e-05,7.166022e-05,8.07118e-06,1.3039323e-05,-6.293667e-05,3.9504393e-06,-2.0726195e-05,4.7819112e-06,-5.0395647e-06,2.902826e-06,-7.212521e-07,6.396372e-05,-7.3822407e-06,3.3353435e-06,-4.097937e-07,3.252377e-07,-4.281495e-06,-1.381818e-06,-6.072367e-06,-9.6796075e-06,1.6991527e-05,-9.4327064e-05
40,-0.016467165,-0.0024940418,0.0029440275,-0.008404329,4.632122e-05,0.003611482,2.1881822e-05,-8.535381e-05,3.7726903e-05,-3.9297105e-05,2.6633741e-05,-3.7168766e-06,4.854641e-06,-2.2807668e-05,-1.9473337e-05,5.911287e-06,-8.514187e-06,1.5366972e-05,-1.1497543e-06,3.999252e-06,-3.3583165e-06,1.0749506e-05,-2.3915163e-06,5.148626e-06,2.492035e-06,1.9566928e-06,4.6881382e-08,5.2788128e-06,4.2111014e-06,-4.5026554e-06,-3.5636592e-07,-1.0076585e-06,7.8908015e-06,7.518631e-07,2.8832678e-06,3.4608217e-08,-1.6585598e-06,1.354278e-07,-1.0866046e-07,-7.3822407e-06,1.6577844e-06,-7.7307993e-07,8.6708326e-07,5.5364637e-08,-5.0798275e-07,1.3324023e-07,-2.76335e-07,8.827766e-07,-1.6192159e-06,1.18201215e-05
41,0.0040935706,0.0030148614,-0.004580992,0.006323047,0.0043689506,-0.0015321926,6.244508e-05,4.943966e-05,-3.2862798e-05,-4.9448445e-06,-1.4530249e-05,-2.0236674e-05,6.37258e-06,1.5144225e-05,3.1320512e-06,-6.9573034e-06,-1.5587683e-06,-8.102414e-06,-6.3130524e-06,-5.1791467e-06,5.4690616e-08,-1.5336853e-05,-5.5325454e-08,-1.1819275e-05,-1.6013585e-06,-9.51537e-06,-2.3436623e-06,-3.87119e-06,-1.7792363e-06,-1.0725459e-05,-7.883569e-07,9.637743e-07,-4.5762763e-06,-1.0222991e-06,-2.5643994e-06,6.0041873e-07,7.851748e-06,-4.805605e-08,-4.125343e-07,3.3353435e-06,-7.7307993e-07,8.02704e-07,-2.440112e-07,2.9630137e-08,2.4369976e-07,-2.1206644e-07,-1.4359381e-07,-8.5862973e-07,1.4895538e-06,-1.3746827e-05
42,-0.005062556,-0.0031583062,-0.0008907608,-0.0016313668,0.0012533239,0.005063653,5.9940508e-06,2.649581e-06,-1.852163e-06,-1.3682023e-06,5.0517406e-07,7.2438042e-06,-1.4167384e-06,4.1828594e-06,4.355519e-06,-3.1316786e-06,1.701514e-07,-1.3724468e-06,2.6072905e-06,7.89704e-08,7.183373e-07,-9.196824e-07,2.4459505e-06,-3.5534396e-07,8.7457784e-07,3.227788e-06,6.1117044e-07,-1.0006587e-07,-3.0428166e-07,-3.988769e-07,2.526661e-07,6.06037e-07,7.3586625e-07,1.0393919e-06,2.833425e-07,7.582821e-07,-2.6269024e-07,4.42452e-07,-3.4369154e-07,-4.097937e-07,8.6708326e-07,-2.440112e-07,9.03161e-07,1.1644986e-07,-9.734852e-07,-8.458229e-08,-1.0359286e-06,-2.9671946e-07,4.2628926e-07,-8.315702e-07
43,-0.00041378202,-7.131278e-05,-0.00053530955,0.00047151078,0.00033673886,0.00067446823,1.9493018e-06,3.983239e-06,-2.3668235e-06,1.1422521e-06,-1.4740767e-06,1.2180914e-06,-5.6343833e-07,2.1158105e-06,1.762147e-06,-8.426965e-07,4.4295456e-07,-1.058638e-06,3.410233e-07,-2.0916974e-07,2.9472545e-07,-1.1111133e-06,5.073802e-07,-6.1573724e-07,1.3332199e-08,5.4882906e-07,1.1219069e-07,-3.553456e-07,-3.037401e-07,-2.5018423e-07,4.2500353e-08,1.8103003e-07,-3.3772287e-07,1.18427174e-07,-1.415127e-07,1.4242573e-07,1.889212e-07,6.006485e-08,-7.2980995e-08,3.252377e-07,5.5364637e-08,2.9630137e-08,1.1644986e-07,2.1465803e-08,-1.3386027e-07,-3.457856e-08,-1.6932891e-07,-9.5446076e-08,1.6370632e-07,-1.0358003e-06
44,-0.0071233166,0.006518551,-0.00044714345,0.00036690815,-0.00042446345,-0.0066429647,2.2283846e-05,-5.986814e-05,2.6396663e-05,-2.956542e-05,1.523764e-05,-2.0358973e-05,7.5162143e-06,-2.1402207e-05,-2.1959915e-05,9.139467e-06,-7.1579316e-06,1.2824368e-05,-7.1881896e-06,1.9219847e-06,-3.899592e-06,6.464432e-06,-6.3463604e-06,1.6654153e-06,8.801207e-08,-6.0967386e-06,-1.5389621e-06,3.314979e-06,3.3750498e-06,-5.505658e-06,-1.1012437e-06,-1.4440404e-06,3.6509512e-06,-1.3412822e-06,1.0887672e-06,-1.1562418e-06,8.859258e-07,-7.681781e-07,3.31237e-07,-4.281495e-06,-5.0798275e-07,2.4369976e-07,-9.734852e-07,-1.3386027e-07,1.5121165e-06,1.461969e-07,1.6642675e-06,1.0200717e-06,-1.7273849e-06,7.408569e-06
45,-0.0010833223,-0.00071169995,0.0014615636,-0.002173088,-0.0010605742,-0.00050324574,-1.1905113e-05,-1.342463e-05,1.0079729e-05,-2.6411622e-06,5.881546e-06,1.3184831e-07,1.0430817e-06,-7.155886e-06,-4.4488565e-06,2.4404073e-06,-1.1709803e-06,3.7466652e-06,2.9018395e-07,1.1354988e-06,-7.515741e-07,5.050866e-06,-9.111939e-07,3.0957056e-06,3.7177594e-07,-2.5604572e-07,-4.6286686e-08,1.4648926e-06,1.0740669e-06,2.0449515e-06,-5.4191673e-09,-4.618444e-07,1.6563206e-06,7.2434545e-08,7.76383e-07,-2.8090813e-07,-1.4905013e-06,-7.653044e-08,1.722363e-07,-1.381818e-06,1.3324023e-07,-2.1206644e-07,-8.458229e-08,-3.457856e-08,1.461969e-07,9.394061e-08,2.674666e-07,2.72814e-07,-5.3143276e-07,4.497617e-06
46,-0.011077902,0.0069809714,0.0012312437,-0.0015749076,-0.004420735,-0.0067861285,-4.0445044e-05,-9.912939e-05,5.4829812e-05,-1.8876504e-05,2.3563007e-05,8.783172e-08,-5.578065e-07,-3.2981956e-05,-2.168797e-05,1.6389848e-05,-3.692439e-06,1.8659779e-05,-1.6131853e-06,6.660276e-06,-3.4143932e-06,1.9017825e-05,-6.55556e-06,1.1855814e-05,1.1018687e-06,3.7173347e-06,9.370816e-07,6.018021e-06,4.3075847e-06,4.946417e-06,-4.0143522e-07,-2.1544663e-06,6.353013e-06,-6.3438836e-07,2.9606103e-06,-1.8743237e-06,-6.500728e-06,-9.195405e-07,7.2276686e-07,-6.072367e-06,-2.76335e-07,-1.4359381e-07,-1.0359286e-06,-1.6932891e-07,1.6642675e-06,2.674666e-07,2.0930418e-06,1.8291182e-06,-3.086307e-06,1.847127e-05
47,-0.02219192,0.0075750337,0.005526362,-0.004974388,-0.007775883,-0.0028600695,-0.00010493088,-0.00010971411,7.9803096e-05,-7.770785e-06,3.7750346e-05,1.4442466e-05,-5.0454025e-07,-4.7240814e-05,-2.5944024e-05,2.0013535e-05,-4.413789e-06,2.652653e-05,4.8794645e-06,1.0318368e-05,-4.1099975e-06,3.7232843e-05,-5.6843382e-06,2.4039666e-05,3.3324595e-06,6.667785e-06,1.2367703e-06,1.0155755e-05,6.5983004e-06,1.7970347e-05,2.161465e-07,-2.9483222e-06,1.1620326e-05,1.2833971e-06,5.6761005e-06,-1.9557738e-06,-1.3883513e-05,-8.897499e-07,1.0904046e-06,-9.6796075e-06,8.827766e-07,-8.5862973e-07,-2.9671946e-07,-9.5446076e-08,1.0200717e-06,2.72814e-07,1.8291182e-06,2.0538168e-06,-3.989755e-06,3.3421107e-05
48,0.04063405,-0.011361744,-0.0063754804,0.009128755,0.013398286,0.004352976,0.00018433937,0.00022263666,-0.00014830052,1.716458e-05,-6.5732296e-05,-3.580317e-05,7.681826e-06,8.1746635e-05,4.1627707e-05,-3.7149606e-05,5.2482524e-06,-4.652502e-05,-1.0127241e-05,-1.9836196e-05,6.2411655e-06,-6.35742e-05,9.405362e-06,-4.229598e-05,-5.946045e-06,-1.9642473e-05,-4.3276514e-06,-1.7610508e-05,-1.0978221e-05,-3.0418081e-05,-5.367045e-07,4.8355196e-06,-2.018304e-05,-2.3165883e-06,-1.0044778e-05,3.4650411e-06,2.5620955e-05,1.4162035e-06,-1.7080067e-06,1.6991527e-05,-1.6192159e-06,1.4895538e-06,4.2628926e-07,1.6370632e-07,-1.7273849e-06,-5.3143276e-07,-3.086307e-06,-3.989755e-06,7.36366e-06,-5.797522e-05
49,-0.26238582,0.045459494,0.024900395,-0.062019497,-0.14222454,-0.0036966498,-0.0023392923,-0.0017130035,0.0012166472,0.00029317173,0.00038912502,0.0007384698,-0.00027805954,-0.00052094215,-6.71514e-05,0.00030541627,0.00010014177,0.00028079117,0.00020265934,0.00019285426,3.9860133e-06,0.00052786246,-2.1028216e-05,0.0004078073,4.704795e-05,0.00036303376,9.0123714e-05,0.00012145277,5.1265786e-05,0.00039108802,2.1347892e-05,-2.8871942e-05,0.00012846556,3.142155e-05,8.019675e-05,-2.8074599e-05,-0.00028921827,-7.1273207e-06,1.3939161e-05,-9.4327064e-05,1.18201215e-05,-1.3746827e-05,-8.315702e-07,-1.0358003e-06,7.408569e-06,4.497617e-06,1.847127e-05,3.3421107e-05,-5.797522e-05,0.00046804143
