,0,1,2,3,4,5,6,7,8,9,10,11,12,13,14,15,16,17,18,19,20,21,22,23,24,25,26,27,28,29,30,31,32,33,34,35,36,37,38,39,40,41,42,43,44,45,46,47
0,561.19946,-42.686424,27.577604,-7.013383,31.882786,11.269268,29.238482,-0.5741024,5.3280673,11.550029,-22.75204,20.289938,-35.024944,7.261387,-0.91932833,-5.7029824,-6.0518885,0.13104397,-9.422093,4.437928,-5.1818843,2.689879,-2.1823769,-3.4751592,-3.6740222,-0.79010075,2.218765,5.1714144,-2.5212982,6.806979,1.2942321,-2.9148278,-0.769386,2.4444063,-1.2821265,0.8362163,-2.8136759,-1.8432708,-1.4692985,2.4425237,0.85556746,3.4887195,-0.8752698,1.7767057,0.3421325,0.5316441,-0.6762374,-1.1072252e-06
1,-42.686424,252.34167,31.236631,-5.9443417,-9.690437,-8.636267,10.582415,-13.168029,-12.046032,0.53081214,1.5686145,7.0607624,-5.00323,-3.6765683,-4.4570055,10.481808,1.9747425,-7.9915037,12.491519,0.84923506,-2.109226,4.354888,-1.0661297,-2.1469488,1.4941659,5.5227466,3.4565892,3.887154,0.21079592,2.249754,2.1057901,-4.928222,0.16395637,-2.171864,-1.2860401,-0.11351025,0.6839394,-0.7367977,-2.4955602,0.9986818,-1.0674872,0.20897487,-1.9346118,0.071276695,0.27601266,-0.75535977,-0.027884115,2.1365565e-07
2,27.577604,31.236631,53.98314,27.43748,17.635265,5.301771,2.324995,6.5575447,0.8065765,-10.174058,7.0539446,-4.6177506,-5.023893,-2.9672503,4.5200787,-0.6589803,-1.4142067,-6.2901673,-0.9638524,0.5446296,-1.2563062,0.9534663,-0.30820692,2.6163983,-1.0535773,-0.25150236,1.3413098,1.8806238,-0.11651579,-3.166543,0.6433944,0.05874163,1.1980036,-1.1178842,-1.1422464,-0.6792631,0.44197443,-1.3008018,0.2936401,0.19191554,0.1202885,0.08123599,-0.0010866951,0.25045776,0.19146217,0.24447986,0.57941324,-7.232227e-07
3,-7.013383,-5.9443417,27.43748,49.239655,-6.6934533,22.359646,-9.97402,-7.699955,1.4220909,3.445078,7.9117494,-4.346979,-5.103133,-3.591963,4.514348,-3.8178678,0.5836254,-1.8118863,-0.32893622,-3.0218482,1.0855668,1.7999233,0.64909625,0.9525169,0.8932396,-0.19234818,-0.23315474,-0.098300286,-1.6207209,-0.20646718,-1.3655938,1.4900736,0.0034106504,-0.07006474,-0.5812683,-0.0685792,-1.1982566,-1.130335,-0.30563396,-0.48399025,0.896727,0.19182491,0.055289075,0.54845095,-0.30852622,0.31063545,0.17719774,-7.861024e-07
4,31.882786,-9.690437,17.635265,-6.6934533,55.08998,-8.591095,-4.849265,4.1531496,-12.104561,1.6190456,4.179368,-4.798253,-1.533411,5.5388465,-1.3643061,3.4763174,-2.851593,-2.1837544,-1.8044047,-1.1056879,3.232893,1.3825293,-1.3103161,2.7430706,-1.244479,0.5231144,-1.8328267,-2.3548107,1.5931283,-0.6190329,1.1342791,-0.15007156,0.8088823,-0.90071255,1.1980882,0.6005589,1.3482788,1.3358097,0.14053771,-0.4676731,-0.3713597,0.45522842,0.09069012,-0.40246934,0.18517071,-0.7630377,0.6421658,-4.7118573e-07
5,11.269268,-8.636267,5.301771,22.359646,-8.591095,49.904232,7.4543314,-4.2564564,-6.489921,1.2209482,1.2842093,6.3141527,4.9519987,-0.33011663,1.1875994,3.6144013,-2.6840096,3.9717388,-2.3717952,0.35041583,0.09607983,-1.0451453,-2.106652,0.14837798,2.176042,-0.59686184,-0.09985739,-1.5423126,0.7785242,-0.40051478,0.13312271,-0.32781684,-0.31489664,-0.75706315,-0.12737283,-0.19686413,0.18962209,1.1158755,-0.841123,0.05519164,-0.38326812,-0.1528751,0.16689359,0.01769311,0.26645583,-0.49420992,0.8790018,-5.9631134e-07
6,29.238482,10.582415,2.324995,-9.97402,-4.849265,7.4543314,26.327051,13.060091,3.5917563,-1.7702203,1.611995,2.0533764,-1.0492704,-4.1095915,-5.5852485,1.0966369,-2.3159356,1.6002634,2.2943945,-0.047463316,1.6397288,-0.6060758,-0.46066457,0.006654678,1.7746782,-0.91150415,0.24043116,-0.37807024,0.6323768,-0.7662121,-1.1333935,0.61704606,-0.89388335,-0.56371075,0.026658101,-0.42106402,0.71144474,-0.1612491,0.10179302,0.45361984,-0.38172424,-0.54245925,0.120438315,0.051837727,0.6179007,-0.39399645,-0.03497242,1.0108454e-07
7,-0.5741024,-13.168029,6.5575447,-7.699955,4.1531496,-4.2564564,13.060091,23.784412,-0.11208844,-4.4341183,1.1100559,-1.7444266,1.7003702,-5.067416,5.76236,-1.8195956,1.5145936,-0.121094085,0.92393637,-0.17294371,0.5192324,1.15599,-0.17197904,0.5799656,1.6932957,-1.3648155,1.2978919,-1.5986266,1.8428864,0.06116397,0.09243063,0.29300368,-0.18010525,-0.018209482,0.039801717,-0.09602046,0.4788279,0.27391425,-0.257742,0.0873192,0.033576936,-0.046350885,0.3978564,-0.22627816,-0.44704735,-0.4543082,-0.8234067,7.684637e-08
8,5.3280673,-12.046032,0.8065765,1.4220909,-12.104561,-6.489921,3.5917563,-0.11208844,28.06494,2.229999,5.1155057,-3.0639691,-2.7120042,0.5095115,-0.5427277,1.7795478,-1.3937203,-0.8659229,-0.597662,0.19806305,-0.46788472,-0.22976372,-1.5500208,1.0273113,0.18489179,0.52099276,1.1735613,0.6345644,0.24534574,-0.8700414,0.4557659,-1.4836121,0.97806203,-0.063737676,0.5250411,-0.13563606,0.21358453,1.0942076,-0.036150485,0.7367847,-0.021996658,0.06652574,-0.2204756,0.095235094,-0.6471665,0.8444093,0.59010994,8.77654e-07
9,11.550029,0.53081214,-10.174058,3.445078,1.6190456,1.2209482,-1.7702203,-4.4341183,2.229999,17.777477,-2.3333144,0.93336487,-1.8384725,-0.869887,-2.0083325,1.1807919,0.13190511,-1.5942141,0.9489841,-0.018251065,2.6338243,4.0855813,-0.29825437,1.1858735,2.0719347,1.5655134,0.78129524,-3.0059304,-0.51102537,0.14753942,-0.9436214,0.7266388,-0.32577917,-0.39450574,1.249912,0.37578887,-0.54730713,0.7231096,-0.11665355,-0.30786857,0.39133805,0.37852037,-0.40063292,0.118616864,-0.89195216,-0.23356217,-0.4290584,-2.7984363e-08
10,-22.75204,1.5686145,7.0539446,7.9117494,4.179368,1.2842093,1.611995,1.1100559,5.1155057,-2.3333144,17.35988,-0.24249639,-2.550201,3.9913635,-0.16240934,2.842154,0.8266718,1.1569501,2.1075814,-1.0061433,1.2532439,-0.49106878,0.7854482,-1.3965359,0.10982482,-1.785071,-1.4205215,-1.2893007,-0.081873946,0.10942416,-1.2869034,-0.08161539,0.24275434,1.4567137,1.1426191,0.7293742,1.5081723,-0.21708456,-0.29062754,0.49810404,0.14713985,0.5539774,-0.023088291,0.055158447,0.2884792,-0.009685123,-0.4997923,4.5469494e-07
11,20.289938,7.0607624,-4.6177506,-4.346979,-4.798253,6.3141527,2.0533764,-1.7444266,-3.0639691,0.93336487,-0.24249639,13.121417,1.1103389,2.2205696,0.45224002,-0.6648346,1.4069448,-1.3283896,1.1854825,-0.6771718,-2.4155607,0.62577504,0.87666655,1.0074227,-0.46171558,-2.0632563,-0.6546153,0.16505629,-0.69604015,-1.4890838,0.09112695,-1.1451619,-0.08543126,0.8944274,0.74124867,0.23226878,1.150865,0.6038578,0.69286764,0.2069414,-0.17184237,0.41946757,-0.094942436,-0.65418327,-0.6099374,0.33647916,-0.48076403,1.10108855e-08
12,-35.024944,-5.00323,-5.023893,-5.103133,-1.533411,4.9519987,-1.0492704,1.7003702,-2.7120042,-1.8384725,-2.550201,1.1103389,11.207005,-0.33808106,0.12706289,0.22550869,-3.543806,-2.0666869,-2.6306925,0.4686771,1.2846597,1.1817222,-0.56875724,0.27490324,0.81887674,-0.6463988,0.572016,0.52720904,0.9930829,-0.6418306,0.42409146,-0.6838024,1.0589991,0.4589465,-0.22534573,0.23941365,0.82119536,0.04722298,-0.2775362,0.6965547,0.14266637,0.3169096,-0.33080387,0.07784793,0.071614124,0.267394,-0.15234238,9.0668394e-08
13,7.261387,-3.6765683,-2.9672503,-3.591963,5.5388465,-0.33011663,-4.1095915,-5.067416,0.5095115,-0.869887,3.9913635,2.2205696,-0.33808106,9.690594,1.3290664,-0.3450747,-1.8004432,-0.18503511,0.95576966,1.1821668,-0.044963665,-1.0953918,-0.45973316,-2.6437836,-0.16003636,0.20980343,0.4551493,0.52592057,0.07555697,-1.0581743,-0.42941982,0.25349444,-0.5418315,0.61953336,0.42081165,-0.78882325,0.64724076,1.2242761,-0.30283293,0.75393987,-0.48657566,-0.0584772,-0.12336513,-0.020355098,-0.04098524,-0.3796002,0.07039356,2.0896945e-07
14,-0.91932833,-4.4570055,4.5200787,4.514348,-1.3643061,1.1875994,-5.5852485,5.76236,-0.5427277,-2.0083325,-0.16240934,0.45224002,0.12706289,1.3290664,10.904764,-0.79097575,1.2236295,0.5977153,0.8640919,0.8007122,-2.1895719,1.3895969,0.3393157,-0.7144334,0.22110565,0.6000634,1.8812361,-0.45536488,1.6163356,0.4840066,0.982112,-0.6700305,-0.8014205,0.491642,-0.20593685,-0.16844645,-0.5937834,1.1133041,0.085372776,0.020974755,0.1214675,0.39326108,-0.24835113,-0.03789454,-0.3491012,0.13680959,-0.42885247,1.8852733e-09
15,-5.7029824,10.481808,-0.6589803,-3.8178678,3.4763174,3.6144013,1.0966369,-1.8195956,1.7795478,1.1807919,2.842154,-0.6648346,0.22550869,-0.3450747,-0.79097575,11.745144,1.4544616,2.550409,-2.715657,1.7038267,1.3105525,-0.5646701,0.81118804,0.7034513,-1.4196936,-0.44317615,1.5113612,-0.20562774,0.6914345,-0.396452,0.94288355,-0.9070105,-0.35741755,-0.042580545,0.41026247,0.3544517,-0.7435296,0.16173273,0.55572057,-0.2710024,-0.04659892,0.5810753,-0.29258355,0.11689848,0.06879029,-0.31627232,-0.26834545,4.3652213e-07
16,-6.0518885,1.9747425,-1.4142067,0.5836254,-2.851593,-2.6840096,-2.3159356,1.5145936,-1.3937203,0.13190511,0.8266718,1.4069448,-3.543806,-1.8004432,1.2236295,1.4544616,10.698978,-0.31814808,-1.6947057,1.1771133,-0.59578216,-0.1622576,-1.9133002,0.61788815,0.20601358,-1.4647231,-0.6172786,0.2813331,-0.90613866,0.65733784,-0.20749801,1.0800855,-0.6353473,-0.19307035,0.18571497,0.46535045,0.17206001,0.6069607,-0.321594,0.037436306,-0.55426,-0.1669854,0.14205626,-0.48858535,0.017623205,-0.13212398,-0.13995296,-1.1390649e-07
17,0.13104397,-7.9915037,-6.2901673,-1.8118863,-2.1837544,3.9717388,1.6002634,-0.121094085,-0.8659229,-1.5942141,1.1569501,-1.3283896,-2.0666869,-0.18503511,0.5977153,2.550409,-0.31814808,6.9929757,0.6438703,-1.1472068,-1.5507869,-0.8202182,2.2814007,-0.42145574,-0.8175611,1.139883,0.29452682,-0.11129758,0.44100833,1.752887,0.30464643,0.7778977,-0.11051385,-0.45838976,0.19570357,0.6826422,0.37619478,0.32120556,0.22872588,-0.37657273,-0.21716183,0.04260969,0.22046867,0.20642018,0.32937256,-0.29199713,0.21589434,2.6622946e-08
18,-9.422093,12.491519,-0.9638524,-0.32893622,-1.8044047,-2.3717952,2.2943945,0.92393637,-0.597662,0.9489841,2.1075814,1.1854825,-2.6306925,0.95576966,0.8640919,-2.715657,-1.6947057,0.6438703,5.264212,-1.2852979,-0.686244,0.17815393,0.9103875,-0.714038,0.4878949,0.72736114,-0.59403175,-1.4938564,0.24497825,-0.00072209537,-0.2483442,-0.28425217,-0.8794635,-0.018637626,0.32894224,-0.50681144,-0.051806338,0.28593904,0.4970538,-0.51687384,0.015118973,-0.37846938,0.037085474,-0.24102978,0.012871719,0.062244534,0.056379836,7.947346e-09
19,4.437928,0.84923506,0.5446296,-3.0218482,-1.1056879,0.35041583,-0.047463316,-0.17294371,0.19806305,-0.018251065,-1.0061433,-0.6771718,0.4686771,1.1821668,0.8007122,1.7038267,1.1771133,-1.1472068,-1.2852979,7.9714932,-1.7222385,0.15217844,-0.6132268,-0.75769246,0.21079755,0.7169507,0.98316234,-1.8713475,0.37236804,-0.94540715,-0.9269874,0.35142505,-0.10735303,0.78562856,-0.004579599,-0.13281947,0.1471993,-1.2592982,-0.22996052,0.12382013,4.0613042e-05,-0.37391365,-0.026566949,-0.060247354,0.41072646,0.10738905,0.44610146,-6.721909e-08
20,-5.1818843,-2.109226,-1.2563062,1.0855668,3.232893,0.09607983,1.6397288,0.5192324,-0.46788472,2.6338243,1.2532439,-2.4155607,1.2846597,-0.044963665,-2.1895719,1.3105525,-0.59578216,-1.5507869,-0.686244,-1.7222385,5.2027907,1.1232376,-0.6147919,-1.0376014,0.5583986,-1.7591654,0.4624756,0.63101685,0.07279636,0.6487242,-0.40013546,0.24328104,-1.1819596,0.46886772,-0.12716916,-0.6130393,-0.6955764,0.048172504,-0.04836327,0.004363528,0.06443575,-0.038623795,-0.26300836,-0.11177072,-0.07861015,-0.18041992,0.08023383,4.2562043e-08
21,2.689879,4.354888,0.9534663,1.7999233,1.3825293,-1.0451453,-0.6060758,1.15599,-0.22976372,4.0855813,-0.49106878,0.62577504,1.1817222,-1.0953918,1.3895969,-0.5646701,-0.1622576,-0.8202182,0.17815393,0.15217844,1.1232376,5.311428,1.8666687,0.38388795,-0.110820875,-0.654363,1.4059211,-0.53483784,0.0065750787,1.0901525,-0.2975069,0.6143184,0.208123,0.18443665,0.062195368,0.4167944,0.61632586,0.38979188,0.13703391,0.70096624,-0.25828564,-0.18454254,-0.57938766,-0.04010479,0.2258247,0.6015798,0.28425753,-2.4671925e-07
22,-2.1823769,-1.0661297,-0.30820692,0.64909625,-1.3103161,-2.106652,-0.46066457,-0.17197904,-1.5500208,-0.29825437,0.7854482,0.87666655,-0.56875724,-0.45973316,0.3393157,0.81118804,-1.9133002,2.2814007,0.9103875,-0.6132268,-0.6147919,1.8666687,5.6470137,1.2032955,-2.0462923,-0.38122618,1.2149725,0.14908768,-0.45271182,-0.15319023,-0.78612226,0.48681214,0.36336052,0.9011446,0.24024275,-0.14826605,-0.25243795,-0.5197289,-0.002261371,0.14631462,-0.1505593,-0.54186296,0.27152112,0.03191366,-0.07416804,-0.09698951,-0.17921194,-6.3167974e-08
23,-3.4751592,-2.1469488,2.6163983,0.9525169,2.7430706,0.14837798,0.006654678,0.5799656,1.0273113,1.1858735,-1.3965359,1.0074227,0.27490324,-2.6437836,-0.7144334,0.7034513,0.61788815,-0.42145574,-0.714038,-0.75769246,-1.0376014,0.38388795,1.2032955,4.8349986,-0.15567896,1.0998323,-0.8170359,0.62251985,0.48530865,-1.1619967,-0.21387324,-0.24448767,0.0993402,0.67095923,0.7806077,0.15505815,-0.07630644,0.545315,-0.26731935,-0.24165598,-0.049357846,-0.1478537,0.27725416,-0.34557116,0.18383114,0.09085883,0.13351518,-1.9002869e-07
24,-3.6740222,1.4941659,-1.0535773,0.8932396,-1.244479,2.176042,1.7746782,1.6932957,0.18489179,2.0719347,0.10982482,-0.46171558,0.81887674,-0.16003636,0.22110565,-1.4196936,0.20601358,-0.8175611,0.4878949,0.21079755,0.5583986,-0.110820875,-2.0462923,-0.15567896,2.4928298,1.06734,0.16490044,-0.004623954,0.07539441,0.2902945,0.19647148,0.61401916,-0.23664822,0.31443775,0.7062664,-0.38131744,0.5416458,0.12689018,-0.4551886,-0.2862686,0.3187595,0.52391374,0.03755618,-0.011618079,0.22990586,-0.14162275,-0.1572778,-9.888242e-08
25,-0.79010075,5.5227466,-0.25150236,-0.19234818,0.5231144,-0.59686184,-0.91150415,-1.3648155,0.52099276,1.5655134,-1.785071,-2.0632563,-0.6463988,0.20980343,0.6000634,-0.44317615,-1.4647231,1.139883,0.72736114,0.7169507,-1.7591654,-0.654363,-0.38122618,1.0998323,1.06734,3.5133643,0.038334142,0.36879784,0.9146887,-0.2107443,-0.3122304,0.51058775,-0.11589183,-0.19400156,0.23861465,0.38835526,0.13688853,0.26091424,-0.38907135,-0.14389074,0.2076048,0.30946556,-0.03684259,0.34686926,0.21783589,-0.26743358,-0.033345737,-5.6920253e-08
26,2.218765,3.4565892,1.3413098,-0.23315474,-1.8328267,-0.09985739,0.24043116,1.2978919,1.1735613,0.78129524,-1.4205215,-0.6546153,0.572016,0.4551493,1.8812361,1.5113612,-0.6172786,0.29452682,-0.59403175,0.98316234,0.4624756,1.4059211,1.2149725,-0.8170359,0.16490044,0.038334142,3.0699732,0.771583,-0.38354686,-0.13666034,0.6745863,0.9173707,0.10541371,-0.14360979,0.18681297,-0.8509917,0.22897087,-0.032664776,0.09110393,-0.07485658,-0.075021684,0.11882708,0.013190975,0.030249216,-0.39661425,-0.27266157,0.03976596,-3.0596127e-08
27,5.1714144,3.887154,1.8806238,-0.098300286,-2.3548107,-1.5423126,-0.37807024,-1.5986266,0.6345644,-3.0059304,-1.2893007,0.16505629,0.52720904,0.52592057,-0.45536488,-0.20562774,0.2813331,-0.11129758,-1.4938564,-1.8713475,0.63101685,-0.53483784,0.14908768,0.62251985,-0.004623954,0.36879784,0.771583,4.2245092,0.13078824,0.026529904,-0.13035615,0.74654317,-0.76825106,0.64690393,-0.23437905,-0.07498175,0.38817063,0.16861743,-0.1365287,0.2104832,-0.018333714,0.46090338,-0.14568698,8.307914e-05,-0.0058692433,-0.13845202,0.086416036,-5.498744e-08
28,-2.5212982,0.21079592,-0.11651579,-1.6207209,1.5931283,0.7785242,0.6323768,1.8428864,0.24534574,-0.51102537,-0.081873946,-0.69604015,0.9930829,0.07555697,1.6163356,0.6914345,-0.90613866,0.44100833,0.24497825,0.37236804,0.07279636,0.0065750787,-0.45271182,0.48530865,0.07539441,0.9146887,-0.38354686,0.13078824,1.9291471,0.1885886,-0.643314,-0.7565956,-1.0179015,0.40275732,-0.41762277,0.7392494,-0.14077266,0.31248242,-0.020755686,0.060691804,0.07094677,0.08399016,-0.30159548,-0.07891825,-0.19968045,-0.019356888,0.24402946,1.0762308e-07
29,6.806979,2.249754,-3.166543,-0.20646718,-0.6190329,-0.40051478,-0.7662121,0.06116397,-0.8700414,0.14753942,0.10942416,-1.4890838,-0.6418306,-1.0581743,0.4840066,-0.396452,0.65733784,1.752887,-0.00072209537,-0.94540715,0.6487242,1.0901525,-0.15319023,-1.1619967,0.2902945,-0.2107443,-0.13666034,0.026529904,0.1885886,3.3804476,0.64639515,-0.6252912,0.26476705,0.5237207,-0.0069740545,0.445943,0.19877729,-0.21379855,-0.8684944,-0.048907597,0.037189413,0.21559857,-0.027961774,-0.085138485,0.18096411,0.13200128,0.35388267,-4.1511086e-08
30,1.2942321,2.1057901,0.6433944,-1.3655938,1.1342791,0.13312271,-1.1333935,0.09243063,0.4557659,-0.9436214,-1.2869034,0.09112695,0.42409146,-0.42941982,0.982112,0.94288355,-0.20749801,0.30464643,-0.2483442,-0.9269874,-0.40013546,-0.2975069,-0.78612226,-0.21387324,0.19647148,-0.3122304,0.6745863,-0.13035615,-0.643314,0.64639515,2.4187768,-0.6868717,0.8123298,-0.4985307,0.5158874,-0.818295,0.0324077,0.33758044,0.30788702,-0.5878998,0.06289405,0.38380826,0.15254427,-0.13274668,0.25352937,0.23868048,0.05830753,-2.5739883e-08
31,-2.9148278,-4.928222,0.05874163,1.4900736,-0.15007156,-0.32781684,0.61704606,0.29300368,-1.4836121,0.7266388,-0.08161539,-1.1451619,-0.6838024,0.25349444,-0.6700305,-0.9070105,1.0800855,0.7778977,-0.28425217,0.35142505,0.24328104,0.6143184,0.48681214,-0.24448767,0.61401916,0.51058775,0.9173707,0.74654317,-0.7565956,-0.6252912,-0.6868717,2.5486174,-0.2886664,-0.5037455,0.18533388,-0.12067652,0.76048124,-0.014593869,0.4349509,0.051681086,-0.118579105,0.0010652767,-0.0029059502,0.21224898,0.32154334,-0.19544306,-0.056988955,-2.5217403e-07
32,-0.769386,0.16395637,1.1980036,0.0034106504,0.8088823,-0.31489664,-0.89388335,-0.18010525,0.97806203,-0.32577917,0.24275434,-0.08543126,1.0589991,-0.5418315,-0.8014205,-0.35741755,-0.6353473,-0.11051385,-0.8794635,-0.10735303,-1.1819596,0.208123,0.36336052,0.0993402,-0.23664822,-0.11589183,0.10541371,-0.76825106,-1.0179015,0.26476705,0.8123298,-0.2886664,2.2375085,-0.6261333,0.2324236,0.11285991,0.5627786,-0.2027197,-0.69480795,0.37916043,-0.09843891,-0.009474155,0.30519378,0.24462758,-0.06668109,-0.0136536155,-0.2100668,3.8242383e-08
33,2.4444063,-2.171864,-1.1178842,-0.07006474,-0.90071255,-0.75706315,-0.56371075,-0.018209482,-0.063737676,-0.39450574,1.4567137,0.8944274,0.4589465,0.61953336,0.491642,-0.042580545,-0.19307035,-0.45838976,-0.018637626,0.78562856,0.46886772,0.18443665,0.9011446,0.67095923,0.31443775,-0.19400156,-0.14360979,0.64690393,0.40275732,0.5237207,-0.4985307,-0.5037455,-0.6261333,2.1660166,0.6028209,-0.28057897,-0.12034154,-0.5490098,-0.6040846,-0.14392848,0.3230425,0.23606369,0.10012675,-0.2894204,0.2509334,0.09599924,-0.034762874,-4.4935247e-09
34,-1.2821265,-1.2860401,-1.1422464,-0.5812683,1.1980882,-0.12737283,0.026658101,0.039801717,0.5250411,1.249912,1.1426191,0.74124867,-0.22534573,0.42081165,-0.20593685,0.41026247,0.18571497,0.19570357,0.32894224,-0.004579599,-0.12716916,0.062195368,0.24024275,0.7806077,0.7062664,0.23861465,0.18681297,-0.23437905,-0.41762277,-0.0069740545,0.5158874,0.18533388,0.2324236,0.6028209,1.0259837,-0.49623364,0.39884472,0.10758188,-0.16478774,-0.3757288,0.114323705,0.2613355,0.24182478,-0.19360632,0.22666258,-0.023729857,-0.081174046,-4.9802416e-08
35,0.8362163,-0.11351025,-0.6792631,-0.0685792,0.6005589,-0.19686413,-0.42106402,-0.09602046,-0.13563606,0.37578887,0.7293742,0.23226878,0.23941365,-0.78882325,-0.16844645,0.3544517,0.46535045,0.6826422,-0.50681144,-0.13281947,-0.6130393,0.4167944,-0.14826605,0.15505815,-0.38131744,0.38835526,-0.8509917,-0.07498175,0.7392494,0.445943,-0.818295,-0.12067652,0.11285991,-0.28057897,-0.49623364,1.6022063,0.5458977,-0.19554725,0.15962604,0.33310226,0.1132423,0.3405707,-0.34021184,0.21289866,-0.28969324,0.10442171,-0.073641196,9.924953e-08
36,-2.8136759,0.6839394,0.44197443,-1.1982566,1.3482788,0.18962209,0.71144474,0.4788279,0.21358453,-0.54730713,1.5081723,1.150865,0.82119536,0.64724076,-0.5937834,-0.7435296,0.17206001,0.37619478,-0.051806338,0.1471993,-0.6955764,0.61632586,-0.25243795,-0.07630644,0.5416458,0.13688853,0.22897087,0.38817063,-0.14077266,0.19877729,0.0324077,0.76048124,0.5627786,-0.12034154,0.39884472,0.5458977,1.8413537,-0.14114428,0.15386969,-0.024653772,-0.040160097,0.38504958,-0.0052944273,-0.16725898,-0.19604266,0.04670942,0.34511694,-8.004926e-08
37,-1.8432708,-0.7367977,-1.3008018,-1.130335,1.3358097,1.1158755,-0.1612491,0.27391425,1.0942076,0.7231096,-0.21708456,0.6038578,0.04722298,1.2242761,1.1133041,0.16173273,0.6069607,0.32120556,0.28593904,-1.2592982,0.048172504,0.38979188,-0.5197289,0.545315,0.12689018,0.26091424,-0.032664776,0.16861743,0.31248242,-0.21379855,0.33758044,-0.014593869,-0.2027197,-0.5490098,0.10758188,-0.19554725,-0.14114428,1.6028664,-0.12041889,0.4493034,-0.4944771,-0.28222144,-0.12420072,-0.024897166,0.20038043,-0.017342055,0.014540217,1.6504051e-08
38,-1.4692985,-2.4955602,0.2936401,-0.30563396,0.14053771,-0.841123,0.10179302,-0.257742,-0.036150485,-0.11665355,-0.29062754,0.69286764,-0.2775362,-0.30283293,0.085372776,0.55572057,-0.321594,0.22872588,0.4970538,-0.22996052,-0.04836327,0.13703391,-0.002261371,-0.26731935,-0.4551886,-0.38907135,0.09110393,-0.1365287,-0.020755686,-0.8684944,0.30788702,0.4349509,-0.69480795,-0.6040846,-0.16478774,0.15962604,0.15386969,-0.12041889,1.7107363,-0.49724597,0.20943975,0.29787302,-0.33419734,-0.014006438,0.073538676,0.42486048,0.05398257,-1.9939238e-08
39,2.4425237,0.9986818,0.19191554,-0.48399025,-0.4676731,0.05519164,0.45361984,0.0873192,0.7367847,-0.30786857,0.49810404,0.2069414,0.6965547,0.75393987,0.020974755,-0.2710024,0.037436306,-0.37657273,-0.51687384,0.12382013,0.004363528,0.70096624,0.14631462,-0.24165598,-0.2862686,-0.14389074,-0.07485658,0.2104832,0.060691804,-0.048907597,-0.5878998,0.051681086,0.37916043,-0.14392848,-0.3757288,0.33310226,-0.024653772,0.4493034,-0.49724597,0.97440505,-0.318488,-0.2674781,-0.20617329,0.29147434,0.21605232,0.03205707,-0.20966971,6.81592e-08
40,0.85556746,-1.0674872,0.1202885,0.896727,-0.3713597,-0.38326812,-0.38172424,0.033576936,-0.021996658,0.39133805,0.14713985,-0.17184237,0.14266637,-0.48657566,0.1214675,-0.04659892,-0.55426,-0.21716183,0.015118973,4.0613042e-05,0.06443575,-0.25828564,-0.1505593,-0.049357846,0.3187595,0.2076048,-0.075021684,-0.018333714,0.07094677,0.037189413,0.06289405,-0.118579105,-0.09843891,0.3230425,0.114323705,0.1132423,-0.040160097,-0.4944771,0.20943975,-0.318488,0.40029526,0.4244149,-0.035845205,0.0643502,-0.05427418,0.06606145,-0.19766681,2.6889156e-08
41,3.4887195,0.20897487,0.08123599,0.19182491,0.45522842,-0.1528751,-0.54245925,-0.046350885,0.06652574,0.37852037,0.5539774,0.41946757,0.3169096,-0.0584772,0.39326108,0.5810753,-0.1669854,0.04260969,-0.37846938,-0.37391365,-0.038623795,-0.18454254,-0.54186296,-0.1478537,0.52391374,0.30946556,0.11882708,0.46090338,0.08399016,0.21559857,0.38380826,0.0010652767,-0.009474155,0.23606369,0.2613355,0.3405707,0.38504958,-0.28222144,0.29787302,-0.2674781,0.4244149,0.8030082,-0.1488795,0.112467915,-0.05057723,0.06778531,-0.30270195,5.253317e-08
42,-0.8752698,-1.9346118,-0.0010866951,0.055289075,0.09069012,0.16689359,0.120438315,0.3978564,-0.2204756,-0.40063292,-0.023088291,-0.094942436,-0.33080387,-0.12336513,-0.24835113,-0.29258355,0.14205626,0.22046867,0.037085474,-0.026566949,-0.26300836,-0.57938766,0.27152112,0.27725416,0.03755618,-0.03684259,0.013190975,-0.14568698,-0.30159548,-0.027961774,0.15254427,-0.0029059502,0.30519378,0.10012675,0.24182478,-0.34021184,-0.0052944273,-0.12420072,-0.33419734,-0.20617329,-0.035845205,-0.1488795,0.33147836,-0.12195705,-0.13502619,-0.20519081,0.039560102,-2.8129104e-08
43,1.7767057,0.071276695,0.25045776,0.54845095,-0.40246934,0.01769311,0.051837727,-0.22627816,0.095235094,0.118616864,0.055158447,-0.65418327,0.07784793,-0.020355098,-0.03789454,0.11689848,-0.48858535,0.20642018,-0.24102978,-0.060247354,-0.11177072,-0.04010479,0.03191366,-0.34557116,-0.011618079,0.34686926,0.030249216,8.307914e-05,-0.07891825,-0.085138485,-0.13274668,0.21224898,0.24462758,-0.2894204,-0.19360632,0.21289866,-0.16725898,-0.024897166,-0.014006438,0.29147434,0.0643502,0.112467915,-0.12195705,0.35025343,0.1816634,-0.0070575057,-0.3212159,4.5148603e-08
44,0.3421325,0.27601266,0.19146217,-0.30852622,0.18517071,0.26645583,0.6179007,-0.44704735,-0.6471665,-0.89195216,0.2884792,-0.6099374,0.071614124,-0.04098524,-0.3491012,0.06879029,0.017623205,0.32937256,0.012871719,0.41072646,-0.07861015,0.2258247,-0.07416804,0.18383114,0.22990586,0.21783589,-0.39661425,-0.0058692433,-0.19968045,0.18096411,0.25352937,0.32154334,-0.06668109,0.2509334,0.22666258,-0.28969324,-0.19604266,0.20038043,0.073538676,0.21605232,-0.05427418,-0.05057723,-0.13502619,0.1816634,1.1782664,0.37192106,-0.08927141,-1.2449927e-07
45,0.5316441,-0.75535977,0.24447986,0.31063545,-0.7630377,-0.49420992,-0.39399645,-0.4543082,0.8444093,-0.23356217,-0.009685123,0.33647916,0.267394,-0.3796002,0.13680959,-0.31627232,-0.13212398,-0.29199713,0.062244534,0.10738905,-0.18041992,0.6015798,-0.09698951,0.09085883,-0.14162275,-0.26743358,-0.27266157,-0.13845202,-0.019356888,0.13200128,0.23868048,-0.19544306,-0.0136536155,0.09599924,-0.023729857,0.10442171,0.04670942,-0.017342055,0.42486048,0.03205707,0.06606145,0.06778531,-0.20519081,-0.0070575057,0.37192106,0.4635051,0.09910848,-3.2824868e-08
46,-0.6762374,-0.027884115,0.57941324,0.17719774,0.6421658,0.8790018,-0.03497242,-0.8234067,0.59010994,-0.4290584,-0.4997923,-0.48076403,-0.15234238,0.07039356,-0.42885247,-0.26834545,-0.13995296,0.21589434,0.056379836,0.44610146,0.08023383,0.28425753,-0.17921194,0.13351518,-0.1572778,-0.033345737,0.03976596,0.086416036,0.24402946,0.35388267,0.05830753,-0.056988955,-0.2100668,-0.034762874,-0.081174046,-0.073641196,0.34511694,0.014540217,0.05398257,-0.20966971,-0.19766681,-0.30270195,0.039560102,-0.3212159,-0.08927141,0.09910848,0.76452506,-1.0812038e-07
47,-1.1072252e-06,2.1365565e-07,-7.232227e-07,-7.861024e-07,-4.7118573e-07,-5.9631134e-07,1.0108454e-07,7.684637e-08,8.77654e-07,-2.7984363e-08,4.5469494e-07,1.10108855e-08,9.0668394e-08,2.0896945e-07,1.8852733e-09,4.3652213e-07,-1.1390649e-07,2.6622946e-08,7.947346e-09,-6.721909e-08,4.2562043e-08,-2.4671925e-07,-6.3167974e-08,-1.9002869e-07,-9.888242e-08,-5.6920253e-08,-3.0596127e-08,-5.498744e-08,1.0762308e-07,-4.1511086e-08,-2.5739883e-08,-2.5217403e-07,3.8242383e-08,-4.4935247e-09,-4.9802416e-08,9.924953e-08,-8.004926e-08,1.6504051e-08,-1.9939238e-08,6.81592e-08,2.6889156e-08,5.253317e-08,-2.8129104e-08,4.5148603e-08,-1.2449927e-07,-3.2824868e-08,-1.0812038e-07,1.116947e-13
