,0,1,2,3,4,5,6,7,8,9,10,11,12,13,14,15,16,17,18,19,20,21,22,23,24,25,26,27,28,29,30,31,32,33,34,35,36,37,38,39,40,41,42,43,44,45,46,47,48,49
0,8.674786,-13.627506,15.510149,-0.28731835,-0.004748182,-0.029950567,-0.0004159276,0.0010084998,-0.0017615035,-0.029556606,-0.009264469,-0.0018560762,-0.008006445,0.0067434665,0.01847132,0.012694121,-0.010839698,0.007804134,0.0015817004,-0.0019800332,0.00024222242,-0.0044526616,-0.0026053593,0.0005936576,-0.0026025525,-0.0062288865,-0.00025982433,0.0055600647,-0.0020923459,0.0024427013,-0.0049790107,0.0041682515,0.002016041,-0.0005732939,-0.00040791952,-0.0019142658,0.003907961,0.0016221264,-0.00015404008,0.002087152,-0.0024382544,0.0014806968,0.0019229861,0.0007388097,0.00039212167,-0.0015704788,0.00068088016,-0.0016546936,0.0006911168,-0.0012690284
1,-13.627506,21.740404,-24.876398,0.14914346,0.025846265,0.011243874,0.023005862,0.0005564415,0.003757832,0.031189593,0.002301182,0.00893997,0.014979033,-0.0053668674,-0.0053230915,-0.007815368,0.00048920524,-0.0030761864,-0.0002884211,0.0032105655,-0.0024858983,-0.0008362157,-0.001519006,0.0007883926,0.0032927499,0.005739403,0.0026887578,-0.005636896,0.0008493734,-0.00091162545,0.0023818375,-0.0016371099,-0.0022228584,0.0020223605,0.0013425468,0.0015439426,-0.001687034,-0.00047666917,0.00040746765,-0.0016701024,0.0008793216,-0.0020569547,-0.0024087778,-1.1353972e-05,0.0006633344,0.00061515276,-0.00093783904,0.0007761527,-0.0010405752,0.00048203144
2,15.510149,-24.876398,28.655745,0.0309156,0.008426061,0.017117346,-0.008468442,0.0008346429,0.0033904181,-0.0015182979,-0.00097130146,-0.00023248144,-6.028295e-05,0.005220612,0.0021977182,0.0017224378,-0.0014349553,0.0009014833,-0.00043351823,-0.0011696682,0.0004663245,-0.00074557995,-0.0013365841,0.00038134115,-0.0003859137,-0.0010538208,-0.00045757997,0.0011999913,-0.0008983197,-0.00032903708,-0.00042892623,0.0012804575,-0.00026341336,0.0001189125,-0.00034660465,0.00035589887,0.00036290786,-0.00058745866,-0.00016998628,-0.00034767357,8.510168e-05,0.0002873403,0.0003321736,6.3698215e-05,6.4792344e-05,-0.0006061954,-3.223496e-05,-0.00015930503,0.00033400313,-0.00035376812
3,-0.28731835,0.14914346,0.0309156,0.46427315,-0.0063086906,-0.028158095,-0.030248094,-0.010718105,0.02669375,0.034086414,-0.00092621264,-0.011047676,0.01598031,-0.007703346,-0.0146742575,-0.004773667,0.009735601,-0.0072709005,-0.00041693458,0.0065624565,0.0033498374,0.003091502,-0.0012888841,-0.005036543,0.0032794988,0.010558803,0.0024867156,-0.0051539,0.0041782307,-0.0007252282,0.003003663,-0.0015253222,-0.0014917685,-0.0010487665,-0.0013744042,0.0038974816,-0.0036825829,-0.001354499,0.0012535419,-0.001800857,0.0028318763,-0.0015023478,-0.0016454223,-0.0013977501,-7.449041e-05,0.0013845972,4.0126506e-06,0.0011524851,-0.00062174175,0.0007427143
4,-0.004748182,0.025846265,0.008426061,-0.0063086906,0.05496145,0.01949852,0.0140950605,-0.011023063,-0.00012309858,0.0019252838,-0.0027817218,0.0006023105,0.010778183,-0.003213367,0.001746132,0.002194649,-0.003761296,-0.00060644874,-0.0005326505,-0.00062050193,-0.0013722653,-0.0021359143,0.00089628424,-0.00012849057,0.00017218666,-2.6443957e-05,0.0014151244,-0.0020940169,0.0002511686,0.0009843975,-0.00096473505,-0.0006057549,0.00020698718,0.00042821775,0.0008654302,-0.00012193725,0.0005815065,0.0010588935,-0.0009123013,-0.00021597563,0.00016650138,-0.00086627284,-0.0011310441,0.00068153837,0.0003446301,-0.0008890304,-0.00058687985,7.3212555e-05,-0.0005304243,0.0006051853
5,-0.029950567,0.011243874,0.017117346,-0.028158095,0.01949852,0.06495695,0.014319539,0.0070430217,-0.011365769,0.0041369675,0.0066964505,0.00335895,-0.004537862,-0.0022103349,-0.0012916374,-0.006544967,0.0020371857,0.0003797323,0.000102448204,0.0005483866,-0.0032815277,0.000117090196,0.0037117512,0.0011863254,0.00020420847,-0.001060043,0.0005690616,-0.0016782018,-0.000813187,-8.108482e-05,0.0007352537,-0.0022001886,-0.0008319643,0.0007652945,0.0011078252,-0.0012333815,-0.0004988641,0.00039007186,-0.00020026678,0.0004596464,-2.2035398e-05,-0.0008351463,-0.00077255483,0.00028347192,0.00041771488,0.00047388987,0.00032348384,0.00042252592,-0.00043821777,0.00019503204
6,-0.0004159276,0.023005862,-0.008468442,-0.030248094,0.0140950605,0.014319539,0.018621169,-0.00015969595,0.001657391,0.0017860185,0.0019268271,0.004263407,0.0009633271,0.00467032,0.0014425997,-0.0014214164,-0.00385802,-0.00049358525,-0.00067184493,0.00018805338,-0.0027410104,-0.0019980725,-0.0008906779,0.0019188452,-0.0004163523,0.00019379298,0.00040397758,-0.0008496528,-0.0009627865,0.00036916177,0.00023139926,5.6614945e-06,-0.00048150885,0.0011358571,-0.0001697084,0.00011605545,0.000545224,-4.3889682e-05,5.031643e-05,-0.0002744915,-4.6912923e-05,-4.5122106e-05,-0.0006742298,0.00021629542,0.00059082336,-0.00019446923,-0.00023080026,1.3636317e-06,0.00012971251,-0.00022732644
7,0.0010084998,0.0005564415,0.0008346429,-0.010718105,-0.011023063,0.0070430217,-0.00015969595,0.026947673,-0.0058523454,0.0043631024,0.001390955,0.00369047,0.00036513415,0.0022608167,0.00017172896,0.0011086343,0.00065121043,0.0012505435,-0.00068491,0.00072490773,-0.0008454231,0.00041296857,0.00058974547,-6.335409e-05,0.00047102507,-0.000489754,-0.000641283,-0.0006058195,-0.00045611904,-0.0001354941,-0.0013635026,-0.0008110048,0.00019817095,-3.6805664e-05,5.3630254e-07,-5.6266043e-05,0.0002897495,0.0002873993,0.00072738784,0.00043929386,0.00023765583,-0.00017871294,-4.6582565e-05,0.00022733305,-0.000281077,3.996608e-05,0.00037604498,7.385023e-05,-0.00016511237,5.9533304e-05
8,-0.0017615035,0.003757832,0.0033904181,0.02669375,-0.00012309858,-0.011365769,0.001657391,-0.0058523454,0.018966677,0.003228447,-0.0027992663,0.0008807292,0.0014174045,0.0027624995,0.0029267492,0.00078514946,-0.00060729316,-0.0005522066,0.0011816011,0.0016929851,0.0011273988,1.24989765e-05,0.0008707009,-0.00094771036,-0.0005318083,-7.2293406e-05,0.00048788203,-0.0005102863,0.001358402,0.0007979596,-0.0009861379,0.00024822343,-0.00027021533,0.00031360998,2.2643519e-05,0.00012504416,0.00023688126,0.00019435142,0.00018857139,0.0007585337,-7.672214e-05,-4.029173e-05,-0.0005857062,-0.0006025528,9.2227274e-05,5.7968857e-05,-0.00015796421,1.6997665e-05,-6.7715584e-05,3.3188124e-05
9,-0.029556606,0.031189593,-0.0015182979,0.034086414,0.0019252838,0.0041369675,0.0017860185,0.0043631024,0.003228447,0.018848313,-0.0013472605,0.0029356391,0.0018794821,-0.0021461416,-3.223129e-05,-0.002712467,9.3022594e-05,0.00019868629,-1.06063035e-05,-0.00044905685,-0.00021198147,-0.00018202941,0.00027252486,-0.00021244519,0.00018304607,-0.00094482256,0.00046895357,-0.000732476,-0.00018747649,-0.00015306607,-0.0002825741,0.0005572185,-0.000600007,-0.00015681033,9.9323835e-05,0.0007040979,0.00016646595,0.0004021625,0.00019708359,-0.00028047586,-0.00032249882,0.00025569426,-0.0004039539,-4.255765e-05,0.000119239354,0.00014172823,-0.00028273245,0.0001966245,0.0001222453,0.00027121426
10,-0.009264469,0.002301182,-0.00097130146,-0.00092621264,-0.0027817218,0.0066964505,0.0019268271,0.001390955,-0.0027992663,-0.0013472605,0.016976593,0.001252725,-0.00080470444,3.3772994e-05,-0.001463283,0.0007081751,0.00019815132,-1.9809022e-06,0.00063422567,-0.0010691166,-0.0013375946,0.0009749575,0.00016763716,0.000701615,-4.5312496e-05,-0.00045520347,0.0009606813,-0.00015298414,-0.0005240891,0.0001860724,-0.00042241535,-0.00040243185,-9.08339e-05,-0.00024814272,-0.0005045956,-0.0001460712,-0.00031162793,0.00010434277,-0.0004979837,0.00035872217,4.418678e-05,1.1570318e-06,0.00026395003,3.2177286e-05,-1.555603e-05,0.00045509238,0.00012984991,0.00018242447,-0.00013498508,-2.070026e-05
11,-0.0018560762,0.00893997,-0.00023248144,-0.011047676,0.0006023105,0.00335895,0.004263407,0.00369047,0.0008807292,0.0029356391,0.001252725,0.0128182145,0.00089187745,0.0012485043,-2.2543736e-05,0.00078663265,-9.268646e-05,0.0010079418,-0.00086085295,0.00012439679,-0.00011123762,-0.0002920807,-0.00018936257,-0.00025261106,-0.00020879591,7.0264665e-05,0.00014261979,0.0003365705,0.00084210275,-0.0002843588,0.00033998996,0.00018270986,-0.00035989203,0.00032749423,-0.00028587205,0.00039445446,-0.00026160377,-0.00029000218,4.3958913e-05,-0.00037583348,-0.00015857446,9.6783944e-05,-0.0002282536,1.1595792e-05,-1.6517286e-05,-0.00016852035,-0.000301297,0.00028801052,0.0001601647,2.721947e-05
12,-0.008006445,0.014979033,-6.028295e-05,0.01598031,0.010778183,-0.004537862,0.0009633271,0.00036513415,0.0014174045,0.0018794821,-0.00080470444,0.00089187745,0.007858028,0.00047393746,0.0008475324,0.00044166623,-0.000548949,-0.00013237688,-0.00046642046,-6.0138584e-05,-0.00044999935,-0.000111394154,-0.0003369393,-0.0010080843,0.0008414256,9.3331604e-05,0.00028565858,-0.00020272756,0.000321734,0.00038772792,-0.00030670763,0.00019930548,-0.00012269127,8.0104095e-05,0.0003824412,1.8936666e-05,0.00015452816,-4.5180655e-05,-0.00023148535,-0.00016802648,-4.8716556e-05,-0.0003871314,-0.00035070349,4.447544e-05,0.00031469093,-0.00019507625,-0.00010473093,-0.00020031832,-0.00026292645,-4.1758933e-05
13,0.0067434665,-0.0053668674,0.005220612,-0.007703346,-0.003213367,-0.0022103349,0.00467032,0.0022608167,0.0027624995,-0.0021461416,3.3772994e-05,0.0012485043,0.00047393746,0.0065828315,0.00010465585,-0.0014229619,-0.0012495037,-0.00034080318,-1.7597747e-06,0.00085199473,-0.0005658607,0.00024870894,-0.0002979628,-0.00032400456,0.00031392067,9.162277e-05,-0.0003273603,-1.2575303e-05,4.844084e-05,0.00035742205,0.0004027223,-0.00053657184,0.00012567212,-2.4690784e-05,3.214433e-05,-7.140811e-05,0.00025245137,-4.3057968e-05,-0.000105787214,-0.00031550872,-2.1010119e-05,4.8658218e-05,1.31896e-06,0.000118217285,0.00013865734,-5.968348e-05,-9.397164e-05,-1.9055473e-05,9.939305e-05,-5.9275597e-05
14,0.01847132,-0.0053230915,0.0021977182,-0.0146742575,0.001746132,-0.0012916374,0.0014425997,0.00017172896,0.0029267492,-3.223129e-05,-0.001463283,-2.2543736e-05,0.0008475324,0.00010465585,0.0067812796,0.0011142067,-0.00073525746,0.00095484545,1.9789957e-05,0.00040995222,-0.00051698147,-0.00015187464,4.0222272e-05,-0.0004971842,0.0008341999,-0.0002655337,0.00017522901,-0.00026948817,-5.2014802e-05,-0.00030064443,-0.0004436294,0.0005367899,-0.00029080163,0.0004615648,5.1205905e-05,-8.6270324e-05,0.00031620899,0.00035825575,0.00019117845,0.00015691802,-0.00037833722,-0.00012457008,-0.00018096209,0.00013602588,0.00014703497,0.00025051305,4.533445e-06,-0.00013210678,-7.77644e-05,-0.0001572876
15,0.012694121,-0.007815368,0.0017224378,-0.004773667,0.002194649,-0.006544967,-0.0014214164,0.0011086343,0.00078514946,-0.002712467,0.0007081751,0.00078663265,0.00044166623,-0.0014229619,0.0011142067,0.005970638,0.00036373525,-0.00041241647,9.132929e-05,0.00027359385,0.00081547594,0.0002048772,1.430625e-05,-0.00043002857,0.0003148838,-0.00012576953,0.00043076384,-0.00040417738,-7.342135e-05,-9.0778616e-05,-0.0005071636,0.00018489452,6.574157e-05,-1.1396829e-05,-0.0002367147,0.00016361693,-9.1990216e-05,0.0003180927,7.1931776e-05,0.00024916633,-0.0001831336,2.4846568e-05,-0.000105125735,0.00014846298,-0.00023486096,5.6080215e-05,-3.385737e-05,3.1640798e-06,3.625321e-05,-0.00024031295
16,-0.010839698,0.00048920524,-0.0014349553,0.009735601,-0.003761296,0.0020371857,-0.00385802,0.00065121043,-0.00060729316,9.3022594e-05,0.00019815132,-9.268646e-05,-0.000548949,-0.0012495037,-0.00073525746,0.00036373525,0.0069670714,-0.0003835425,-0.00028211361,0.00042692828,0.0003095527,0.0009995578,0.00024336267,-0.00012708627,-0.00038211804,-0.00010558477,-0.00010244925,-5.4871445e-05,1.9229723e-05,-0.00047973593,-0.0003995253,-0.00011499025,0.00015518072,5.1560848e-05,0.00020589295,-0.00017589153,-0.00027988633,0.00029852777,-0.00018860801,0.0003882731,-0.00013572993,-0.00031560863,0.00028268286,-0.00013103685,-0.0002018861,7.1617014e-06,6.0570346e-05,1.1217679e-05,0.00011818265,-0.0001548082
17,0.007804134,-0.0030761864,0.0009014833,-0.0072709005,-0.00060644874,0.0003797323,-0.00049358525,0.0012505435,-0.0005522066,0.00019868629,-1.9809022e-06,0.0010079418,-0.00013237688,-0.00034080318,0.00095484545,-0.00041241647,-0.0003835425,0.0047155567,0.00059147214,-0.00019685368,-0.00023333495,-0.0008000594,-0.00039735402,0.00020931658,7.391531e-06,5.6555695e-05,0.00051046116,0.00036987566,0.00022200595,-0.00018533094,-0.0004390114,0.00028640998,0.0001567901,-4.5827772e-05,-5.0775612e-05,8.717468e-05,3.968746e-05,4.1877567e-05,0.00037141796,-9.292755e-05,8.802633e-05,-1.996249e-06,4.981561e-05,-2.6342743e-05,-0.000180092,0.00014257857,0.00017532299,9.939879e-05,-0.0001230701,2.0756364e-05
18,0.0015817004,-0.0002884211,-0.00043351823,-0.00041693458,-0.0005326505,0.000102448204,-0.00067184493,-0.00068491,0.0011816011,-1.06063035e-05,0.00063422567,-0.00086085295,-0.00046642046,-1.7597747e-06,1.9789957e-05,9.132929e-05,-0.00028211361,0.00059147214,0.0021733497,0.00051706296,1.0004136e-05,0.00041502638,0.00023725099,-6.9054324e-05,0.00034810056,0.0004021111,-0.00018037442,-0.00016304717,-7.897867e-05,-0.00025366602,-0.00052368274,-5.5636327e-05,0.00017349476,-8.939448e-05,0.00047144177,-0.00016129379,0.00028750923,-1.9987243e-05,5.0475308e-05,1.774332e-05,-3.9766797e-05,-0.00010075936,0.00024672836,-3.4471326e-05,2.615649e-05,8.3507104e-05,5.431594e-05,-3.31805e-05,-0.00012475686,3.7557238e-06
19,-0.0019800332,0.0032105655,-0.0011696682,0.0065624565,-0.00062050193,0.0005483866,0.00018805338,0.00072490773,0.0016929851,-0.00044905685,-0.0010691166,0.00012439679,-6.0138584e-05,0.00085199473,0.00040995222,0.00027359385,0.00042692828,-0.00019685368,0.00051706296,0.004521944,-0.00012949295,-9.903951e-05,0.00027534805,-0.0002012213,0.0005419175,0.00021642358,0.00019463843,-0.00023085802,-5.543719e-05,9.096163e-05,-6.276909e-05,-8.821618e-05,0.00028694826,-0.00023312346,0.0002840043,-9.32056e-05,-2.2205499e-05,2.5286534e-05,8.9702065e-05,0.00013523592,0.000108459906,-5.2277777e-05,1.6593573e-05,9.6714735e-05,7.195353e-05,6.1475776e-06,-5.16238e-05,-2.0520063e-05,-4.4995842e-05,-0.00020852897
20,0.00024222242,-0.0024858983,0.0004663245,0.0033498374,-0.0013722653,-0.0032815277,-0.0027410104,-0.0008454231,0.0011273988,-0.00021198147,-0.0013375946,-0.00011123762,-0.00044999935,-0.0005658607,-0.00051698147,0.00081547594,0.0003095527,-0.00023333495,1.0004136e-05,-0.00012949295,0.0032161227,1.808121e-05,0.00047281582,-0.00024994276,0.000113329894,-9.0472735e-05,-0.000304377,-1.9964311e-05,5.8175e-05,0.00054867927,0.00019571296,-7.3934614e-05,7.946352e-05,8.075945e-05,0.00018837016,2.5358917e-05,-0.00013595849,-0.00010832427,-8.404358e-05,-0.00013004433,-3.7237514e-05,0.00012536501,4.379359e-05,-8.312974e-05,-0.00011044378,-7.1754284e-06,5.8653095e-05,4.0326675e-05,8.3074236e-05,6.7250956e-05
21,-0.0044526616,-0.0008362157,-0.00074557995,0.003091502,-0.0021359143,0.000117090196,-0.0019980725,0.00041296857,1.24989765e-05,-0.00018202941,0.0009749575,-0.0002920807,-0.000111394154,0.00024870894,-0.00015187464,0.0002048772,0.0009995578,-0.0008000594,0.00041502638,-9.903951e-05,1.808121e-05,0.0033761729,0.0005676005,-0.00053392234,0.000213953,-0.00048439307,-0.000113047114,0.00048439164,0.00023422911,-0.00016491632,-5.8389458e-05,-0.0002474095,-4.2276508e-05,0.00010376023,7.341233e-05,0.00011018701,7.552783e-05,-2.4987427e-05,-0.00023569417,-3.2863365e-05,-8.66755e-05,-1.7374086e-06,3.5038756e-05,-6.128865e-05,-5.9059268e-05,0.0001647869,-4.1283456e-05,-0.00010443485,-8.850003e-05,0.00011698884
22,-0.0026053593,-0.001519006,-0.0013365841,-0.0012888841,0.00089628424,0.0037117512,-0.0008906779,0.00058974547,0.0008707009,0.00027252486,0.00016763716,-0.00018936257,-0.0003369393,-0.0002979628,4.0222272e-05,1.430625e-05,0.00024336267,-0.00039735402,0.00023725099,0.00027534805,0.00047281582,0.0005676005,0.002986525,-0.00034242927,0.00045700948,-0.00018682735,9.3979135e-05,-1.9255593e-05,0.00015581331,3.3155382e-05,-0.00012727192,-0.00021978571,0.00018814064,-0.00012816172,0.000262729,3.735362e-05,4.6766236e-05,1.8999364e-05,-8.851728e-05,6.5212575e-05,-6.1743417e-06,0.00018452495,0.000112853144,3.3049513e-05,-0.0003401286,0.0002085896,-6.36135e-05,0.00012555064,4.3672517e-06,0.00013701856
23,0.0005936576,0.0007883926,0.00038134115,-0.005036543,-0.00012849057,0.0011863254,0.0019188452,-6.335409e-05,-0.00094771036,-0.00021244519,0.000701615,-0.00025261106,-0.0010080843,-0.00032400456,-0.0004971842,-0.00043002857,-0.00012708627,0.00020931658,-6.9054324e-05,-0.0002012213,-0.00024994276,-0.00053392234,-0.00034242927,0.0026607667,-7.9144105e-05,0.0002779083,0.00010265423,-4.134694e-06,-0.00025293021,-0.00024841167,-7.813686e-05,0.00020052676,8.3358376e-05,0.00011803961,-0.00014748042,3.2288255e-05,-7.049476e-05,-0.00035682606,-4.6902627e-05,0.00012604253,0.0003544199,-9.930249e-05,-0.00017451317,2.7383083e-05,-0.0001286504,-1.1261714e-05,-5.8949052e-05,-3.84315e-06,7.397378e-06,0.00013825658
24,-0.0026025525,0.0032927499,-0.0003859137,0.0032794988,0.00017218666,0.00020420847,-0.0004163523,0.00047102507,-0.0005318083,0.00018304607,-4.5312496e-05,-0.00020879591,0.0008414256,0.00031392067,0.0008341999,0.0003148838,-0.00038211804,7.391531e-06,0.00034810056,0.0005419175,0.000113329894,0.000213953,0.00045700948,-7.9144105e-05,0.0019657477,7.249489e-05,-0.0002724227,6.160386e-05,-0.00022560518,-8.1658116e-05,0.00029082733,-0.00017902142,1.7593724e-05,6.592291e-05,1.9647963e-05,-8.9710375e-05,2.0597415e-07,-3.913313e-05,-0.00013228647,-0.00013869733,-8.8828245e-05,7.019844e-05,-5.7807585e-05,6.702036e-05,-6.093049e-05,0.00012587462,-0.00013296865,5.4360324e-05,-3.794708e-05,-2.2272994e-05
25,-0.0062288865,0.005739403,-0.0010538208,0.010558803,-2.6443957e-05,-0.001060043,0.00019379298,-0.000489754,-7.2293406e-05,-0.00094482256,-0.00045520347,7.0264665e-05,9.3331604e-05,9.162277e-05,-0.0002655337,-0.00012576953,-0.00010558477,5.6555695e-05,0.0004021111,0.00021642358,-9.0472735e-05,-0.00048439307,-0.00018682735,0.0002779083,7.249489e-05,0.0024016497,6.342747e-05,2.7576512e-05,3.2768126e-05,-0.00015274121,-4.2983615e-05,1.4134988e-05,9.396227e-05,0.00017064511,4.9186034e-05,8.396811e-05,0.00018862268,-0.00021486364,0.00014363583,-0.00017564924,0.00013631914,-0.00010345099,8.559858e-05,-0.00011883245,2.6373345e-05,-0.00016122697,9.376872e-05,5.5511206e-05,-6.2400322e-06,-6.276137e-05
26,-0.00025982433,0.0026887578,-0.00045757997,0.0024867156,0.0014151244,0.0005690616,0.00040397758,-0.000641283,0.00048788203,0.00046895357,0.0009606813,0.00014261979,0.00028565858,-0.0003273603,0.00017522901,0.00043076384,-0.00010244925,0.00051046116,-0.00018037442,0.00019463843,-0.000304377,-0.000113047114,9.3979135e-05,0.00010265423,-0.0002724227,6.342747e-05,0.0024616194,-3.0477142e-05,6.1156543e-06,0.00034921092,1.2976536e-05,3.8860984e-05,5.7726436e-05,8.382498e-05,-1.6853919e-05,6.4744872e-06,-4.0027235e-06,1.1078393e-05,-7.313762e-05,0.00026597324,-2.0645786e-05,-4.9099843e-05,-2.9446517e-05,-3.4825338e-05,4.9757247e-05,1.784326e-05,7.964799e-05,-5.5603945e-05,-8.501798e-05,-9.953791e-05
27,0.0055600647,-0.005636896,0.0011999913,-0.0051539,-0.0020940169,-0.0016782018,-0.0008496528,-0.0006058195,-0.0005102863,-0.000732476,-0.00015298414,0.0003365705,-0.00020272756,-1.2575303e-05,-0.00026948817,-0.00040417738,-5.4871445e-05,0.00036987566,-0.00016304717,-0.00023085802,-1.9964311e-05,0.00048439164,-1.9255593e-05,-4.134694e-06,6.160386e-05,2.7576512e-05,-3.0477142e-05,0.001686006,-2.3996781e-05,9.573261e-05,3.3883975e-05,6.7654975e-05,7.603494e-05,5.4883283e-05,-8.120746e-05,6.949539e-05,0.00015394384,-4.500313e-05,-0.00016374118,1.0550587e-05,-3.0032823e-05,3.009754e-05,3.9582163e-05,2.2047887e-05,-5.4048207e-05,-1.0237725e-05,-2.4275783e-05,-1.2534102e-05,-7.4859413e-06,-4.9370894e-05
28,-0.0020923459,0.0008493734,-0.0008983197,0.0041782307,0.0002511686,-0.000813187,-0.0009627865,-0.00045611904,0.001358402,-0.00018747649,-0.0005240891,0.00084210275,0.000321734,4.844084e-05,-5.2014802e-05,-7.342135e-05,1.9229723e-05,0.00022200595,-7.897867e-05,-5.543719e-05,5.8175e-05,0.00023422911,0.00015581331,-0.00025293021,-0.00022560518,3.2768126e-05,6.1156543e-06,-2.3996781e-05,0.0012180395,-0.00012826608,4.060701e-05,-8.844321e-05,-9.031901e-05,-6.6807406e-05,-0.00022207174,-9.442724e-05,4.002971e-05,-9.241795e-05,1.2205925e-05,6.1008468e-05,2.3552825e-06,-7.746104e-05,-7.7164485e-05,5.2807976e-05,6.0168815e-05,8.6176195e-05,5.1656585e-05,6.458977e-05,-8.453248e-05,0.00012457039
29,0.0024427013,-0.00091162545,-0.00032903708,-0.0007252282,0.0009843975,-8.108482e-05,0.00036916177,-0.0001354941,0.0007979596,-0.00015306607,0.0001860724,-0.0002843588,0.00038772792,0.00035742205,-0.00030064443,-9.0778616e-05,-0.00047973593,-0.00018533094,-0.00025366602,9.096163e-05,0.00054867927,-0.00016491632,3.3155382e-05,-0.00024841167,-8.1658116e-05,-0.00015274121,0.00034921092,9.573261e-05,-0.00012826608,0.0014521778,1.0659018e-05,-0.00012094418,0.00010145856,-0.00015241641,-9.173535e-06,1.5814989e-05,9.8453675e-05,0.00017141135,-4.184381e-05,9.940118e-05,-4.189591e-05,-0.0001470111,-1.07495935e-05,-2.8697246e-05,0.00011882988,-0.00011999624,6.493982e-05,-5.9033635e-05,-0.00012067497,-4.023529e-05
30,-0.0049790107,0.0023818375,-0.00042892623,0.003003663,-0.00096473505,0.0007352537,0.00023139926,-0.0013635026,-0.0009861379,-0.0002825741,-0.00042241535,0.00033998996,-0.00030670763,0.0004027223,-0.0004436294,-0.0005071636,-0.0003995253,-0.0004390114,-0.00052368274,-6.276909e-05,0.00019571296,-5.8389458e-05,-0.00012727192,-7.813686e-05,0.00029082733,-4.2983615e-05,1.2976536e-05,3.3883975e-05,4.060701e-05,1.0659018e-05,0.0012579188,0.00013045609,-0.00012117124,-2.96348e-05,-3.6054666e-05,2.915481e-05,-2.0373252e-05,-5.7534373e-05,-9.321903e-05,-0.00025223446,-3.2047894e-05,0.00010105732,-8.8336514e-05,0.00015691883,2.873736e-07,2.0573865e-05,-8.245601e-05,1.906949e-05,8.9925605e-05,-4.3233238e-05
31,0.0041682515,-0.0016371099,0.0012804575,-0.0015253222,-0.0006057549,-0.0022001886,5.6614945e-06,-0.0008110048,0.00024822343,0.0005572185,-0.00040243185,0.00018270986,0.00019930548,-0.00053657184,0.0005367899,0.00018489452,-0.00011499025,0.00028640998,-5.5636327e-05,-8.821618e-05,-7.3934614e-05,-0.0002474095,-0.00021978571,0.00020052676,-0.00017902142,1.4134988e-05,3.8860984e-05,6.7654975e-05,-8.844321e-05,-0.00012094418,0.00013045609,0.0009594507,-0.00013352199,-4.068215e-05,5.1694667e-05,0.00012696472,-4.3385357e-05,6.3456886e-05,0.00012030458,0.00010017358,-4.3483913e-05,-1.6778758e-05,-8.338881e-05,6.745831e-05,0.000108397915,5.3008156e-05,-5.704941e-06,-2.3334e-05,6.129207e-05,-7.256516e-05
32,0.002016041,-0.0022228584,-0.00026341336,-0.0014917685,0.00020698718,-0.0008319643,-0.00048150885,0.00019817095,-0.00027021533,-0.000600007,-9.08339e-05,-0.00035989203,-0.00012269127,0.00012567212,-0.00029080163,6.574157e-05,0.00015518072,0.0001567901,0.00017349476,0.00028694826,7.946352e-05,-4.2276508e-05,0.00018814064,8.3358376e-05,1.7593724e-05,9.396227e-05,5.7726436e-05,7.603494e-05,-9.031901e-05,0.00010145856,-0.00012117124,-0.00013352199,0.0007336366,-7.06407e-05,-2.369441e-05,2.3421946e-05,0.00015521701,6.971511e-05,-7.013352e-05,0.00010488607,6.373627e-05,-2.687453e-05,0.00018869553,-1.4271239e-05,-4.988694e-05,-0.00011613286,-4.7942467e-05,3.149235e-05,3.1293144e-05,0.000105905274
33,-0.0005732939,0.0020223605,0.0001189125,-0.0010487665,0.00042821775,0.0007652945,0.0011358571,-3.6805664e-05,0.00031360998,-0.00015681033,-0.00024814272,0.00032749423,8.0104095e-05,-2.4690784e-05,0.0004615648,-1.1396829e-05,5.1560848e-05,-4.5827772e-05,-8.939448e-05,-0.00023312346,8.075945e-05,0.00010376023,-0.00012816172,0.00011803961,6.592291e-05,0.00017064511,8.382498e-05,5.4883283e-05,-6.6807406e-05,-0.00015241641,-2.96348e-05,-4.068215e-05,-7.06407e-05,0.0008967936,-3.2469303e-05,0.00010015692,5.8092326e-05,-9.76871e-05,5.463326e-06,-3.0046569e-05,-7.437564e-05,-6.8761256e-05,3.793745e-05,-9.0950954e-05,-2.9870705e-05,-5.064493e-05,3.121447e-05,4.1206666e-05,4.8189184e-05,-5.8523583e-05
34,-0.00040791952,0.0013425468,-0.00034660465,-0.0013744042,0.0008654302,0.0011078252,-0.0001697084,5.3630254e-07,2.2643519e-05,9.9323835e-05,-0.0005045956,-0.00028587205,0.0003824412,3.214433e-05,5.1205905e-05,-0.0002367147,0.00020589295,-5.0775612e-05,0.00047144177,0.0002840043,0.00018837016,7.341233e-05,0.000262729,-0.00014748042,1.9647963e-05,4.9186034e-05,-1.6853919e-05,-8.120746e-05,-0.00022207174,-9.173535e-06,-3.6054666e-05,5.1694667e-05,-2.369441e-05,-3.2469303e-05,0.0008722047,-3.1272284e-05,-6.5244596e-05,9.1926384e-05,-4.258514e-05,-5.1054376e-05,-4.9066988e-05,-6.2476305e-05,0.00011828072,-2.5335841e-05,-1.6526832e-05,-8.959629e-05,-3.2192387e-05,-5.554859e-05,-2.3590928e-05,-4.2885317e-06
35,-0.0019142658,0.0015439426,0.00035589887,0.0038974816,-0.00012193725,-0.0012333815,0.00011605545,-5.6266043e-05,0.00012504416,0.0007040979,-0.0001460712,0.00039445446,1.8936666e-05,-7.140811e-05,-8.6270324e-05,0.00016361693,-0.00017589153,8.717468e-05,-0.00016129379,-9.32056e-05,2.5358917e-05,0.00011018701,3.735362e-05,3.2288255e-05,-8.9710375e-05,8.396811e-05,6.4744872e-06,6.949539e-05,-9.442724e-05,1.5814989e-05,2.915481e-05,0.00012696472,2.3421946e-05,0.00010015692,-3.1272284e-05,0.0007131148,-2.5516514e-05,3.0710442e-05,3.832877e-05,-0.00015484524,-7.060619e-05,6.4892476e-05,5.9049264e-05,-2.2714918e-05,-7.816413e-05,-1.0841821e-05,3.5781676e-07,-1.0286872e-05,-8.5313995e-06,3.1772623e-05
36,0.003907961,-0.001687034,0.00036290786,-0.0036825829,0.0005815065,-0.0004988641,0.000545224,0.0002897495,0.00023688126,0.00016646595,-0.00031162793,-0.00026160377,0.00015452816,0.00025245137,0.00031620899,-9.1990216e-05,-0.00027988633,3.968746e-05,0.00028750923,-2.2205499e-05,-0.00013595849,7.552783e-05,4.6766236e-05,-7.049476e-05,2.0597415e-07,0.00018862268,-4.0027235e-06,0.00015394384,4.002971e-05,9.8453675e-05,-2.0373252e-05,-4.3385357e-05,0.00015521701,5.8092326e-05,-6.5244596e-05,-2.5516514e-05,0.0006454021,7.3551935e-05,6.698964e-05,-3.0358493e-05,-3.0056883e-05,6.9509355e-05,9.331497e-05,1.05497575e-05,-4.1509484e-05,-8.059897e-05,3.16437e-05,-4.9332077e-05,1.7236227e-05,2.0455711e-05
37,0.0016221264,-0.00047666917,-0.00058745866,-0.001354499,0.0010588935,0.00039007186,-4.3889682e-05,0.0002873993,0.00019435142,0.0004021625,0.00010434277,-0.00029000218,-4.5180655e-05,-4.3057968e-05,0.00035825575,0.0003180927,0.00029852777,4.1877567e-05,-1.9987243e-05,2.5286534e-05,-0.00010832427,-2.4987427e-05,1.8999364e-05,-0.00035682606,-3.913313e-05,-0.00021486364,1.1078393e-05,-4.500313e-05,-9.241795e-05,0.00017141135,-5.7534373e-05,6.3456886e-05,6.971511e-05,-9.76871e-05,9.1926384e-05,3.0710442e-05,7.3551935e-05,0.0006904651,-9.4568735e-05,6.7443136e-05,3.613528e-05,2.5325055e-05,2.1817948e-05,8.125764e-06,-3.0605144e-05,-5.1196155e-05,-3.255768e-05,7.797574e-05,1.7965915e-05,-7.7701705e-05
38,-0.00015404008,0.00040746765,-0.00016998628,0.0012535419,-0.0009123013,-0.00020026678,5.031643e-05,0.00072738784,0.00018857139,0.00019708359,-0.0004979837,4.3958913e-05,-0.00023148535,-0.000105787214,0.00019117845,7.1931776e-05,-0.00018860801,0.00037141796,5.0475308e-05,8.9702065e-05,-8.404358e-05,-0.00023569417,-8.851728e-05,-4.6902627e-05,-0.00013228647,0.00014363583,-7.313762e-05,-0.00016374118,1.2205925e-05,-4.184381e-05,-9.321903e-05,0.00012030458,-7.013352e-05,5.463326e-06,-4.258514e-05,3.832877e-05,6.698964e-05,-9.4568735e-05,0.0005388178,3.391868e-05,8.476288e-05,7.856031e-05,5.837244e-06,7.104568e-05,7.1081276e-06,7.629646e-05,9.8269054e-05,-1.9135697e-07,2.8485887e-05,-5.3966185e-05
39,0.002087152,-0.0016701024,-0.00034767357,-0.001800857,-0.00021597563,0.0004596464,-0.0002744915,0.00043929386,0.0007585337,-0.00028047586,0.00035872217,-0.00037583348,-0.00016802648,-0.00031550872,0.00015691802,0.00024916633,0.0003882731,-9.292755e-05,1.774332e-05,0.00013523592,-0.00013004433,-3.2863365e-05,6.5212575e-05,0.00012604253,-0.00013869733,-0.00017564924,0.00026597324,1.0550587e-05,6.1008468e-05,9.940118e-05,-0.00025223446,0.00010017358,0.00010488607,-3.0046569e-05,-5.1054376e-05,-0.00015484524,-3.0358493e-05,6.7443136e-05,3.391868e-05,0.00061469956,3.0015955e-05,-8.951918e-05,-9.821786e-05,-2.7972317e-06,7.535675e-05,-3.5177036e-05,-1.0517504e-05,8.834511e-06,-1.5137506e-05,1.3491344e-05
40,-0.0024382544,0.0008793216,8.510168e-05,0.0028318763,0.00016650138,-2.2035398e-05,-4.6912923e-05,0.00023765583,-7.672214e-05,-0.00032249882,4.418678e-05,-0.00015857446,-4.8716556e-05,-2.1010119e-05,-0.00037833722,-0.0001831336,-0.00013572993,8.802633e-05,-3.9766797e-05,0.000108459906,-3.7237514e-05,-8.66755e-05,-6.1743417e-06,0.0003544199,-8.8828245e-05,0.00013631914,-2.0645786e-05,-3.0032823e-05,2.3552825e-06,-4.189591e-05,-3.2047894e-05,-4.3483913e-05,6.373627e-05,-7.437564e-05,-4.9066988e-05,-7.060619e-05,-3.0056883e-05,3.613528e-05,8.476288e-05,3.0015955e-05,0.00053848367,-2.5588529e-06,-4.5117045e-05,1.8115548e-05,-2.8249284e-05,6.966099e-05,1.0707201e-05,6.599895e-05,-3.9752507e-05,3.710898e-05
41,0.0014806968,-0.0020569547,0.0002873403,-0.0015023478,-0.00086627284,-0.0008351463,-4.5122106e-05,-0.00017871294,-4.029173e-05,0.00025569426,1.1570318e-06,9.6783944e-05,-0.0003871314,4.8658218e-05,-0.00012457008,2.4846568e-05,-0.00031560863,-1.996249e-06,-0.00010075936,-5.2277777e-05,0.00012536501,-1.7374086e-06,0.00018452495,-9.930249e-05,7.019844e-05,-0.00010345099,-4.9099843e-05,3.009754e-05,-7.746104e-05,-0.0001470111,0.00010105732,-1.6778758e-05,-2.687453e-05,-6.8761256e-05,-6.2476305e-05,6.4892476e-05,6.9509355e-05,2.5325055e-05,7.856031e-05,-8.951918e-05,-2.5588529e-06,0.0005436895,-6.9716305e-05,-3.819063e-05,-3.7454247e-05,-7.219261e-06,-6.0748325e-06,1.1245536e-05,0.000115797324,3.1929856e-05
42,0.0019229861,-0.0024087778,0.0003321736,-0.0016454223,-0.0011310441,-0.00077255483,-0.0006742298,-4.6582565e-05,-0.0005857062,-0.0004039539,0.00026395003,-0.0002282536,-0.00035070349,1.31896e-06,-0.00018096209,-0.000105125735,0.00028268286,4.981561e-05,0.00024672836,1.6593573e-05,4.379359e-05,3.5038756e-05,0.000112853144,-0.00017451317,-5.7807585e-05,8.559858e-05,-2.9446517e-05,3.9582163e-05,-7.7164485e-05,-1.07495935e-05,-8.8336514e-05,-8.338881e-05,0.00018869553,3.793745e-05,0.00011828072,5.9049264e-05,9.331497e-05,2.1817948e-05,5.837244e-06,-9.821786e-05,-4.5117045e-05,-6.9716305e-05,0.00044670637,1.938403e-05,-5.453027e-05,-2.7263333e-05,2.3555873e-05,1.91025e-05,3.582248e-05,-2.7746568e-05
43,0.0007388097,-1.1353972e-05,6.3698215e-05,-0.0013977501,0.00068153837,0.00028347192,0.00021629542,0.00022733305,-0.0006025528,-4.255765e-05,3.2177286e-05,1.1595792e-05,4.447544e-05,0.000118217285,0.00013602588,0.00014846298,-0.00013103685,-2.6342743e-05,-3.4471326e-05,9.6714735e-05,-8.312974e-05,-6.128865e-05,3.3049513e-05,2.7383083e-05,6.702036e-05,-0.00011883245,-3.4825338e-05,2.2047887e-05,5.2807976e-05,-2.8697246e-05,0.00015691883,6.745831e-05,-1.4271239e-05,-9.0950954e-05,-2.5335841e-05,-2.2714918e-05,1.05497575e-05,8.125764e-06,7.104568e-05,-2.7972317e-06,1.8115548e-05,-3.819063e-05,1.938403e-05,0.00043347204,-5.6851262e-05,4.0937593e-05,-2.0586258e-05,8.7554345e-06,-1.6892012e-05,6.08216e-05
44,0.00039212167,0.0006633344,6.4792344e-05,-7.449041e-05,0.0003446301,0.00041771488,0.00059082336,-0.000281077,9.2227274e-05,0.000119239354,-1.555603e-05,-1.6517286e-05,0.00031469093,0.00013865734,0.00014703497,-0.00023486096,-0.0002018861,-0.000180092,2.615649e-05,7.195353e-05,-0.00011044378,-5.9059268e-05,-0.0003401286,-0.0001286504,-6.093049e-05,2.6373345e-05,4.9757247e-05,-5.4048207e-05,6.0168815e-05,0.00011882988,2.873736e-07,0.000108397915,-4.988694e-05,-2.9870705e-05,-1.6526832e-05,-7.816413e-05,-4.1509484e-05,-3.0605144e-05,7.1081276e-06,7.535675e-05,-2.8249284e-05,-3.7454247e-05,-5.453027e-05,-5.6851262e-05,0.00041013755,6.3829764e-05,2.6555492e-05,-5.971553e-05,1.2943554e-05,-4.9698225e-05
45,-0.0015704788,0.00061515276,-0.0006061954,0.0013845972,-0.0008890304,0.00047388987,-0.00019446923,3.996608e-05,5.7968857e-05,0.00014172823,0.00045509238,-0.00016852035,-0.00019507625,-5.968348e-05,0.00025051305,5.6080215e-05,7.1617014e-06,0.00014257857,8.3507104e-05,6.1475776e-06,-7.1754284e-06,0.0001647869,0.0002085896,-1.1261714e-05,0.00012587462,-0.00016122697,1.784326e-05,-1.0237725e-05,8.6176195e-05,-0.00011999624,2.0573865e-05,5.3008156e-05,-0.00011613286,-5.064493e-05,-8.959629e-05,-1.0841821e-05,-8.059897e-05,-5.1196155e-05,7.629646e-05,-3.5177036e-05,6.966099e-05,-7.219261e-06,-2.7263333e-05,4.0937593e-05,6.3829764e-05,0.00042507055,2.7815671e-05,9.67895e-06,-1.01621545e-05,-3.8272618e-05
46,0.00068088016,-0.00093783904,-3.223496e-05,4.0126506e-06,-0.00058687985,0.00032348384,-0.00023080026,0.00037604498,-0.00015796421,-0.00028273245,0.00012984991,-0.000301297,-0.00010473093,-9.397164e-05,4.533445e-06,-3.385737e-05,6.0570346e-05,0.00017532299,5.431594e-05,-5.16238e-05,5.8653095e-05,-4.1283456e-05,-6.36135e-05,-5.8949052e-05,-0.00013296865,9.376872e-05,7.964799e-05,-2.4275783e-05,5.1656585e-05,6.493982e-05,-8.245601e-05,-5.704941e-06,-4.7942467e-05,3.121447e-05,-3.2192387e-05,3.5781676e-07,3.16437e-05,-3.255768e-05,9.8269054e-05,-1.0517504e-05,1.0707201e-05,-6.0748325e-06,2.3555873e-05,-2.0586258e-05,2.6555492e-05,2.7815671e-05,0.00035695365,-5.3787247e-05,3.2182776e-05,2.9270047e-06
47,-0.0016546936,0.0007761527,-0.00015930503,0.0011524851,7.3212555e-05,0.00042252592,1.3636317e-06,7.385023e-05,1.6997665e-05,0.0001966245,0.00018242447,0.00028801052,-0.00020031832,-1.9055473e-05,-0.00013210678,3.1640798e-06,1.1217679e-05,9.939879e-05,-3.31805e-05,-2.0520063e-05,4.0326675e-05,-0.00010443485,0.00012555064,-3.84315e-06,5.4360324e-05,5.5511206e-05,-5.5603945e-05,-1.2534102e-05,6.458977e-05,-5.9033635e-05,1.906949e-05,-2.3334e-05,3.149235e-05,4.1206666e-05,-5.554859e-05,-1.0286872e-05,-4.9332077e-05,7.797574e-05,-1.9135697e-07,8.834511e-06,6.599895e-05,1.1245536e-05,1.91025e-05,8.7554345e-06,-5.971553e-05,9.67895e-06,-5.3787247e-05,0.0003006816,1.3423023e-05,-4.0560928e-07
48,0.0006911168,-0.0010405752,0.00033400313,-0.00062174175,-0.0005304243,-0.00043821777,0.00012971251,-0.00016511237,-6.7715584e-05,0.0001222453,-0.00013498508,0.0001601647,-0.00026292645,9.939305e-05,-7.77644e-05,3.625321e-05,0.00011818265,-0.0001230701,-0.00012475686,-4.4995842e-05,8.3074236e-05,-8.850003e-05,4.3672517e-06,7.397378e-06,-3.794708e-05,-6.2400322e-06,-8.501798e-05,-7.4859413e-06,-8.453248e-05,-0.00012067497,8.9925605e-05,6.129207e-05,3.1293144e-05,4.8189184e-05,-2.3590928e-05,-8.5313995e-06,1.7236227e-05,1.7965915e-05,2.8485887e-05,-1.5137506e-05,-3.9752507e-05,0.000115797324,3.582248e-05,-1.6892012e-05,1.2943554e-05,-1.01621545e-05,3.2182776e-05,1.3423023e-05,0.0002899524,1.7329705e-05
49,-0.0012690284,0.00048203144,-0.00035376812,0.0007427143,0.0006051853,0.00019503204,-0.00022732644,5.9533304e-05,3.3188124e-05,0.00027121426,-2.070026e-05,2.721947e-05,-4.1758933e-05,-5.9275597e-05,-0.0001572876,-0.00024031295,-0.0001548082,2.0756364e-05,3.7557238e-06,-0.00020852897,6.7250956e-05,0.00011698884,0.00013701856,0.00013825658,-2.2272994e-05,-6.276137e-05,-9.953791e-05,-4.9370894e-05,0.00012457039,-4.023529e-05,-4.3233238e-05,-7.256516e-05,0.000105905274,-5.8523583e-05,-4.2885317e-06,3.1772623e-05,2.0455711e-05,-7.7701705e-05,-5.3966185e-05,1.3491344e-05,3.710898e-05,3.1929856e-05,-2.7746568e-05,6.08216e-05,-4.9698225e-05,-3.8272618e-05,2.9270047e-06,-4.0560928e-07,1.7329705e-05,0.00033201414
