,0,1,2,3,4,5,6,7,8,9,10,11,12,13,14,15,16,17,18,19,20,21,22,23,24,25,26,27,28,29,30,31,32,33,34,35,36,37,38,39,40,41,42,43,44,45,46,47,48,49,50,51,52,53,54,55
0,14.254604,-6.8403015,12.497678,3.934,7.7712374,5.020508,-7.4691153,6.948142,1.5836767,-4.272791,4.1836176,2.3462214,-2.7486925,0.049036473,-0.45112592,-1.1901863,1.5548227,0.14994128,-3.1000657,3.8856807,-0.49531114,1.7301939,3.453411,-0.81575423,2.9392529,1.2253643,2.066327,2.1997063,-4.5919695,-0.38832,-0.7343279,-1.0093167,-0.14651869,0.14750136,-1.8728057,-0.1864337,0.96559477,1.2163137,-0.75267303,-0.50287104,1.1141882,0.78640735,0.83513904,1.0069263,-1.5689216,0.4033419,-0.37565315,-0.8833469,2.0513234,0.0832851,-0.4757511,0.42548576,0.42805183,-0.47978836,1.1633773,0.4739064
1,-6.8403015,305.30252,-39.11502,-12.044523,-17.322748,2.361621,19.131973,6.52223,7.99566,-9.685435,23.75468,-1.2477605,22.724035,3.3771114,-3.014522,-7.3332834,5.8057084,-1.0818495,-8.913512,-1.0487108,-3.0996192,6.416395,8.879717,-4.49587,-2.7448056,-1.7390602,6.3335876,-3.5973964,2.069785,6.305119,-1.2270982,-0.49113768,-1.5892525,0.47688246,-0.29776323,1.3157533,-0.015202189,-0.019713957,1.3206198,-0.51850104,-0.9017483,1.4934654,1.7543049,0.0318344,1.7101235,0.43910682,1.1833174,1.0105746,0.6358117,-0.23232341,1.1269518,1.2340033,0.5153917,0.19385692,-0.916487,0.4038046
2,12.497678,-39.11502,89.17111,-24.37493,19.970007,-9.432894,-2.1814752,16.251642,2.8553486,-12.709993,6.373473,7.2202654,1.3787987,5.894786,-0.6590574,1.3402271,3.239625,-2.3990102,-4.0815682,0.08928132,6.224602,1.4377406,5.112446,-1.9708968,-0.5423815,-5.453543,-1.8591194,1.4958375,-4.6074333,2.15968,4.3632812,-0.9574269,1.8958083,-2.4756618,4.2959337,-0.62689626,2.3354924,-1.6989589,1.510406,-0.5509674,0.35818475,-0.63022375,-1.064682,0.74676764,1.3172975,1.3810207,1.0267015,0.90891194,1.8714648,-0.23693013,-1.3561037,1.1360087,0.7762517,0.728455,-0.99006057,-0.094243914
3,3.934,-12.044523,-24.37493,64.66327,1.394248,30.222538,-8.944576,7.8037148,5.854192,1.7806975,3.7983701,0.41370964,-4.7109632,-2.3336563,-10.806221,1.2829741,-5.75813,0.95663095,1.3705535,-2.0959978,-0.13221154,4.64721,-1.6132225,-3.940373,0.98707986,3.6269126,-3.211453,-2.0299203,-0.71317947,-0.18046832,0.2850438,-2.3216906,-0.4298885,0.79696286,1.0427735,0.6629045,0.97035533,3.577434,2.7544682,1.8559434,2.5691817,-0.35348943,0.2275411,0.4433244,-2.600385,1.0455768,0.09053637,1.9702442,0.0944558,1.317302,-0.1292027,-1.309847,-1.3372662,-0.7141505,-0.00823874,0.48494714
4,7.7712374,-17.322748,19.970007,1.394248,20.200233,12.658439,-9.52117,5.0568037,9.139418,0.6612123,0.0056063663,3.8186412,6.857157,1.8041945,5.1848297,-0.37916964,-0.4410599,4.0676775,-2.518085,-2.2156496,2.6209602,-0.9018276,1.6398485,1.0727654,2.516075,-0.8931314,-0.7442074,3.0879512,-1.7417629,1.0722482,0.35314226,0.27324346,-2.493463,-2.6614938,-1.0016549,-0.1816276,-0.625905,-1.304203,0.10656996,-0.07083891,-0.34370852,0.34746554,-0.1778017,0.6026621,-0.37737578,1.1531382,0.4070361,0.80038977,0.45096588,-0.23694214,-0.116414264,0.6498196,0.119050294,-0.9018512,-0.2778323,0.13799289
5,5.020508,2.361621,-9.432894,30.222538,12.658439,53.523216,-5.7173386,12.298587,1.1113899,0.46169293,-2.3694801,-2.9099379,0.8837846,4.5470877,-3.925765,-3.9349694,2.8123484,5.2440586,1.2526917,-3.106678,-1.7480764,-0.22052054,3.7822518,4.8441243,-1.6025527,-1.4874121,-0.71976006,0.5638262,0.7814598,0.92040896,2.4155273,2.3154771,-0.98411673,-1.0384698,-0.1327529,-2.0950422,-0.393686,-0.4797716,-1.5099154,-0.5296719,-0.7839739,-0.74985987,-0.19886571,-0.38699773,0.602798,1.4088209,-1.286658,-1.4124541,-0.03304649,0.1683993,-0.6707053,0.69389045,0.06558479,0.12208933,-0.13916695,-0.4314477
6,-7.4691153,19.131973,-2.1814752,-8.944576,-9.52117,-5.7173386,16.809092,-8.171362,2.6294982,-5.7157574,1.0267282,-4.1693926,-5.3332605,4.187669,-1.3558784,3.2288516,0.32231724,1.9638546,0.9544555,0.26103967,-0.16091332,2.0625768,0.87915266,5.1613097,-3.1466193,-1.3969884,-0.99939036,-1.4280542,1.1025658,-0.671199,2.370707,1.8176827,1.335707,2.0236363,1.3933665,0.6781525,0.67398596,-0.44682932,0.03567997,0.9977058,-0.66665995,-0.5546886,-0.11746955,-0.27968317,1.8434196,0.02316633,-0.47249508,0.56237555,-0.61544013,0.70482653,-0.044483338,-0.37091202,0.2677958,0.34413242,0.23513797,0.098530814
7,6.948142,6.52223,16.251642,7.8037148,5.0568037,12.298587,-8.171362,23.650557,-5.2950644,-4.359929,1.8030002,4.583889,2.9095907,-6.491571,-3.0667748,-5.2051744,3.1306415,-6.411877,-0.6758045,-2.2867103,0.47997105,-0.77592963,-0.33912808,-1.3327303,0.692096,-1.0132649,3.813311,-2.4467869,-1.0229859,-0.62064016,1.5786909,-0.8354646,-0.00062883855,-0.070076406,1.7745721,-0.7235056,2.7583985,0.007390676,0.4497105,-0.04358113,-0.036524218,0.4114837,0.039902717,-0.9198224,0.14249496,0.40455562,-0.91784793,0.55936503,0.6460227,-0.51914024,0.078366674,0.23200259,0.18803209,0.9941437,-0.039350845,0.5062988
8,1.5836767,7.99566,2.8553486,5.854192,9.139418,1.1113899,2.6294982,-5.2950644,38.583946,-3.1804128,7.556977,0.71786827,2.6868744,-2.1015751,4.0719886,2.8638096,-7.7063093,0.9297466,3.8297887,-3.9206104,3.8762062,1.1853409,0.13608031,5.2820997,3.7133148,-0.63901067,0.2897851,-0.7455523,-1.1778667,-1.2507408,0.044441737,-0.53339803,1.5364869,-0.20722786,1.1195617,1.0198846,-2.6975605,0.23089434,0.2943673,0.6756692,0.95332944,-0.530098,-0.1455848,0.9267912,0.3047368,-0.47638923,0.43772593,-0.8967215,0.28484827,0.25050467,-0.14736696,0.37446806,-0.21169126,0.0379918,0.473131,0.15261027
9,-4.272791,-9.685435,-12.709993,1.7806975,0.6612123,0.46169293,-5.7157574,-4.359929,-3.1804128,16.548437,-5.49101,-3.724077,7.1504707,2.3496366,0.94178045,-2.873464,0.07108787,-1.7192066,2.2777324,-0.19498608,3.3382268,-0.73060894,-2.4828415,-1.7017078,-1.7008051,4.274479,-1.8183044,-1.5153606,-2.2791462,2.1304126,-0.64700556,0.39225122,0.35254347,-2.1819143,0.2879284,1.2716467,-1.9895961,-0.9811299,-0.7394173,-0.11107208,-1.1580017,0.20310625,-0.2082942,0.66246116,-0.5193465,-0.53568053,0.9988499,-0.4788196,-1.1179028,-0.96390635,0.53795046,-0.29018295,-0.4318087,-0.114358075,-0.4802385,0.59834325
10,4.1836176,23.75468,6.373473,3.7983701,0.0056063663,-2.3694801,1.0267282,1.8030002,7.556977,-5.49101,13.52675,1.8963594,0.6306703,0.37133905,-7.131563,4.098696,-0.9827547,-0.6772027,-0.5956464,1.0942786,0.33412278,-2.7759285,2.2540455,-0.61310166,3.0851016,2.0983515,-0.40248194,0.83532965,-0.97888076,1.314986,0.12321168,-1.3589156,1.0444391,0.69874096,-0.53090835,-0.16837448,1.8518662,0.18762377,-1.1703122,-1.1646935,1.7538402,-0.9631367,-0.06261246,0.6700107,-0.20805794,-0.78002465,1.0448018,0.42786258,-0.056275517,0.18093798,-0.12899512,-0.14952739,0.013976648,-0.15417017,0.41598356,-0.43634278
11,2.3462214,-1.2477605,7.2202654,0.41370964,3.8186412,-2.9099379,-4.1693926,4.583889,0.71786827,-3.724077,1.8963594,7.5771832,3.440841,-4.586955,0.14996941,2.4765985,-2.153583,0.078105345,1.4638638,-1.2408291,-2.040214,-0.7497934,-1.3629297,-2.8612905,1.8510337,-0.8553491,1.1033537,2.6927805,0.48906875,0.8530799,-0.8134415,0.46827006,-1.6686599,0.43319017,0.3844671,0.7594559,1.311837,-0.18638155,0.6943964,-0.36768615,0.48946607,0.58520305,-0.08026667,-0.261509,0.062625535,-0.05481102,-1.084887,0.6934029,0.61739504,0.69211197,0.12283875,0.25342017,0.45430323,-0.12847395,-0.47767317,0.20349568
12,-2.7486925,22.724035,1.3787987,-4.7109632,6.857157,0.8837846,-5.3332605,2.9095907,2.6868744,7.1504707,0.6306703,3.440841,20.721266,0.3706035,-0.6641003,-0.040241882,2.7936985,-0.061403252,0.8617852,-0.067242846,4.264644,-5.408886,-4.029087,0.6485179,-1.0225393,-1.8724506,-0.42354912,2.4175322,0.52411973,2.2273238,-1.3179429,-0.28614357,-1.9560511,-1.8924897,1.4655557,1.6593418,-0.93844306,-0.9250837,-0.4305334,1.0550132,-0.37700802,0.117916666,-0.3409902,0.035783842,-0.77629125,-0.505805,-0.37018818,0.49666232,0.55943924,-0.23705702,0.37347323,-0.4503006,-0.4690192,0.48380786,-0.33126366,0.51391256
13,0.049036473,3.3771114,5.894786,-2.3336563,1.8041945,4.5470877,4.187669,-6.491571,-2.1015751,2.3496366,0.37133905,-4.586955,0.3706035,11.130861,-1.4547851,-0.8767862,1.612204,3.9756584,-2.1601171,2.5292687,3.1384149,1.359981,3.1189575,1.1639428,-2.487227,-0.76104724,-4.132516,0.83300734,-1.5928109,1.3815256,1.2803584,-0.06238603,-0.053937986,-0.7629609,-0.48078892,0.45416614,-0.72320664,0.761679,-0.26086402,-0.42186654,0.3755694,-0.4296312,0.07265191,1.3125453,0.43390608,0.0065878616,0.1951808,-0.41588834,0.2742447,-0.019739944,0.14944893,-0.17602237,0.31762528,-0.2590831,-0.2701392,-0.17174369
14,-0.45112592,-3.014522,-0.6590574,-10.806221,5.1848297,-3.925765,-1.3558784,-3.0667748,4.0719886,0.94178045,-7.131563,0.14996941,-0.6641003,-1.4547851,20.026495,-8.650824,-0.19475827,3.4920168,-2.013366,-5.70563,-2.1395001,1.6278051,1.9923891,1.4422314,0.15908778,0.6855992,1.5272398,0.62019527,0.5343785,0.6759912,-0.60255575,-0.99244994,-0.39280093,-0.16261639,-0.64736414,0.39315647,0.10533333,0.30577108,0.0429916,0.05660779,-0.2995243,0.022688068,-0.770826,0.19554889,-0.6769798,0.2562962,-0.37327355,0.21124475,-0.017414192,0.38967475,-0.06725614,-0.4693844,0.17474179,-0.11525731,-0.13099542,0.37699127
15,-1.1901863,-7.3332834,1.3402271,1.2829741,-0.37916964,-3.9349694,3.2288516,-5.2051744,2.8638096,-2.873464,4.098696,2.4765985,-0.040241882,-0.8767862,-8.650824,15.22214,-0.050496057,1.1387005,-0.2465366,1.8016994,-1.7858212,0.95754015,-0.5138184,0.6277893,0.9550705,2.0806665,0.37441444,2.4728408,0.67149186,-1.6936703,-0.16179073,1.3555815,-1.7800448,-1.9882472,1.1349341,0.895633,-1.5049406,-2.1089456,-0.49164683,0.12490301,0.015172964,-0.3244322,-0.3354449,-1.6055304,-0.37814638,0.61216486,0.22759642,0.18400344,-0.27853507,0.42126706,-0.3303113,0.2672046,0.07826525,-0.41528377,-0.27439564,-0.23615287
16,1.5548227,5.8057084,3.239625,-5.75813,-0.4410599,2.8123484,0.32231724,3.1306415,-7.7063093,0.07108787,-0.9827547,-2.153583,2.7936985,1.612204,-0.19475827,-0.050496057,10.874114,2.15928,-2.595946,3.361864,-0.8665376,-1.7658429,0.2023839,3.527721,-1.0056677,1.115969,2.707449,0.40671706,-1.927558,-0.51606405,1.0855972,-2.2870502,0.27347517,-0.51009643,1.1018187,-0.3426125,-0.93798053,0.09387872,-0.3233098,-0.011284124,0.37810725,-0.11109719,-0.744693,-1.5132024,-0.29988992,-0.032741264,-0.45110795,0.13884039,-0.47732663,0.16389516,-0.6240308,-0.56616926,-0.44508642,0.57979,0.12824002,-0.16124013
17,0.14994128,-1.0818495,-2.3990102,0.95663095,4.0676775,5.2440586,1.9638546,-6.411877,0.9297466,-1.7192066,-0.6772027,0.078105345,-0.061403252,3.9756584,3.4920168,1.1387005,2.15928,12.171129,1.0705366,1.6777563,-3.2922764,0.5552232,0.62910414,1.5248398,1.2785892,-0.9828738,0.44492024,4.163004,-0.58062595,1.8534498,0.5491341,0.3269922,-0.84341216,0.26612377,-0.5551661,-0.028356396,-0.07174221,0.81655854,2.1607814,0.76850307,-0.1411554,-0.5490342,-0.8026378,0.18945834,0.094783,-0.38559392,0.028672174,1.2292857,-0.24580026,-0.78902215,-0.17932165,-0.099331826,-0.5831691,-0.20416477,-0.19718513,-0.7453828
18,-3.1000657,-8.913512,-4.0815682,1.3705535,-2.518085,1.2526917,0.9544555,-0.6758045,3.8297887,2.2777324,-0.5956464,1.4638638,0.8617852,-2.1601171,-2.013366,-0.2465366,-2.595946,1.0705366,9.390588,0.24590033,-1.374687,-1.0658752,-2.6252007,-0.047392502,-0.55235875,-0.51654065,1.3964858,0.8475405,-1.0327327,1.9162738,-0.5548582,1.9262737,1.8024578,1.9396373,2.0415187,0.36965764,0.29922912,0.09352419,0.85589325,-0.6995817,-0.9418195,-1.3552104,0.14724895,0.37996292,0.95317096,-0.419392,-0.48545292,-0.6168246,-0.61384207,-0.6302315,0.50301814,-0.31713834,0.50759137,0.8775575,-0.37946147,-0.01976752
19,3.8856807,-1.0487108,0.08928132,-2.0959978,-2.2156496,-3.106678,0.26103967,-2.2867103,-3.9206104,-0.19498608,1.0942786,-1.2408291,-0.067242846,2.5292687,-5.70563,1.8016994,3.361864,1.6777563,0.24590033,8.428159,1.026829,0.11672707,-0.8733917,0.80111206,0.2995294,-1.4633257,0.9491802,0.5472427,-2.8621564,0.08047411,-2.210744,0.24952553,0.84264815,0.94382775,-0.7568319,-0.37714362,-0.62383616,1.4050314,0.514624,0.31680706,0.0028627762,0.36827555,0.64541847,0.71407676,-1.0300419,0.73550594,-0.44879228,-0.42841113,0.46019697,-0.3917539,-0.45432615,0.19730856,-0.09741513,-0.07521102,0.5874582,-0.29081416
20,-0.49531114,-3.0996192,6.224602,-0.13221154,2.6209602,-1.7480764,-0.16091332,0.47997105,3.8762062,3.3382268,0.33412278,-2.040214,4.264644,3.1384149,-2.1395001,-1.7858212,-0.8665376,-3.2922764,-1.374687,1.026829,7.780653,-1.3448148,-1.6441677,2.5142856,-0.21747413,-0.6750645,-1.6820564,-2.8545103,-0.7382037,-0.5634471,-0.30177712,-0.7685728,0.223335,-0.6837958,-0.37443724,0.54446614,-0.3380893,0.7751107,0.46262008,-0.27254578,-0.26263723,0.39954078,0.24081153,1.1479603,0.2599867,0.8663192,0.11031694,0.5512011,0.3376722,0.029360298,0.30861303,-0.20636228,0.032938212,-0.49054402,-0.3960142,0.103574514
21,1.7301939,6.416395,1.4377406,4.64721,-0.9018276,-0.22052054,2.0625768,-0.77592963,1.1853409,-0.73060894,-2.7759285,-0.7497934,-5.408886,1.359981,1.6278051,0.95754015,-1.7658429,0.5552232,-1.0658752,0.11672707,-1.3448148,9.694081,2.334587,-2.2659009,-1.9666326,0.31998515,0.66279644,-0.9442447,-2.1456337,-1.4984894,0.059876185,0.94004154,-0.5209336,-1.3773867,2.3140545,1.2290835,-0.47219288,1.0682101,1.1520703,0.8180787,-0.44123515,0.9072248,0.31644297,0.26355106,-0.45573545,0.40592995,-0.15100521,-0.21418707,0.6167406,-0.58636934,0.32200074,0.52310133,0.1410904,-0.35726357,-0.34639317,0.3336175
22,3.453411,8.879717,5.112446,-1.6132225,1.6398485,3.7822518,0.87915266,-0.33912808,0.13608031,-2.4828415,2.2540455,-1.3629297,-4.029087,3.1189575,1.9923891,-0.5138184,0.2023839,0.62910414,-2.6252007,-0.8733917,-1.6441677,2.334587,5.504901,-0.8873838,-0.5455608,1.2096666,-1.2851081,1.2041209,-0.026145205,0.24110812,0.08238892,-0.837127,0.7578609,-0.13965926,0.026247757,-0.41368657,-0.018611073,-0.2121023,-1.4011452,-1.0443046,0.546805,-0.69869554,-0.18569118,0.08934024,-0.52551436,0.44084656,0.519953,-0.8266877,0.36814386,-0.004910511,0.03580904,0.2991016,0.37734628,-0.04567513,-0.115676016,0.017460855
23,-0.81575423,-4.49587,-1.9708968,-3.940373,1.0727654,4.8441243,5.1613097,-1.3327303,5.2820997,-1.7017078,-0.61310166,-2.8612905,0.6485179,1.1639428,1.4422314,0.6277893,3.527721,1.5248398,-0.047392502,0.80111206,2.5142856,-2.2659009,-0.8873838,10.043943,-0.06211655,0.23774984,2.227831,-1.0598037,-0.3614772,-2.2767878,0.6013286,0.33954188,-0.08803159,0.6738992,-0.03910241,-0.116538465,0.8854266,-0.18187803,-1.3519266,0.340126,-0.38053045,-0.12618183,-0.14153697,0.2296727,-0.3555615,0.24633405,-0.7417723,0.24703223,-0.2219256,0.0032743851,0.14261618,-0.5082332,-0.042067856,-0.24246597,0.023268975,-0.3673917
24,2.9392529,-2.7448056,-0.5423815,0.98707986,2.516075,-1.6025527,-3.1466193,0.692096,3.7133148,-1.7008051,3.0851016,1.8510337,-1.0225393,-2.487227,0.15908778,0.9550705,-1.0056677,1.2785892,-0.55235875,0.2995294,-0.21747413,-1.9666326,-0.5455608,-0.06211655,4.4357953,1.4590559,1.8285825,-0.106144905,-0.08599343,0.061203964,-0.19717205,-0.6353898,-0.13219963,-0.1267846,-2.591711,-0.61629224,-0.008626619,0.10577686,0.8756273,-0.47102803,0.57821244,0.48005193,-0.22735643,0.17001742,0.12332907,-0.09001282,0.14825973,0.18007746,0.033264786,-0.3327068,-0.337541,0.5027492,-0.06474313,-0.12531869,-0.04921254,-0.3496096
25,1.2253643,-1.7390602,-5.453543,3.6269126,-0.8931314,-1.4874121,-1.3969884,-1.0132649,-0.63901067,4.274479,2.0983515,-0.8553491,-1.8724506,-0.76104724,0.6855992,2.0806665,1.115969,-0.9828738,-0.51654065,-1.4633257,-0.6750645,0.31998515,1.2096666,0.23774984,1.4590559,8.55218,1.5733993,-0.3945347,-1.9977384,0.98842365,0.45139575,-0.8909036,0.78787875,-0.9727832,-0.39922607,1.3996214,0.3839299,-1.0102253,-1.254161,-0.7679756,0.23506685,-0.035625774,-0.61974186,-0.049945757,-0.4729936,0.04050729,0.15901509,0.42098123,-0.38717723,0.043706667,-0.30846274,-0.45916873,0.21042931,-0.3534901,-0.29168594,0.8325021
26,2.066327,6.3335876,-1.8591194,-3.211453,-0.7442074,-0.71976006,-0.99939036,3.813311,0.2897851,-1.8183044,-0.40248194,1.1033537,-0.42354912,-4.132516,1.5272398,0.37441444,2.707449,0.44492024,1.3964858,0.9491802,-1.6820564,0.66279644,-1.2851081,2.227831,1.8285825,1.5733993,6.7578263,-0.3948903,-1.3441658,-1.0836754,-0.39313713,0.29926965,-0.18504687,-0.8357624,0.011961421,-0.19602905,0.22623706,0.08627555,0.9759383,-0.5016339,-1.1000879,-0.08227271,0.5454231,-0.18831955,-0.09949927,0.5470786,-0.41232145,-0.4157207,0.44324046,-0.8222954,-0.29491204,-0.25202855,0.34005797,0.07232764,-0.033928864,-0.21505582
27,2.1997063,-3.5973964,1.4958375,-2.0299203,3.0879512,0.5638262,-1.4280542,-2.4467869,-0.7455523,-1.5153606,0.83532965,2.6927805,2.4175322,0.83300734,0.62019527,2.4728408,0.40671706,4.163004,0.8475405,0.5472427,-2.8545103,-0.9442447,1.2041209,-1.0598037,-0.106144905,-0.3945347,-0.3948903,5.9802313,0.8452046,0.40828487,-0.5202118,-0.63966197,-0.80643415,0.40067995,0.5511022,0.3435583,0.08456817,-0.38889468,-0.54323953,-0.04544927,0.060460486,-0.8066133,0.6953589,0.12701958,-0.3704146,-0.119234756,-0.22537917,0.060488503,0.87066925,0.12957907,0.3047083,-0.5869155,0.06826078,-0.2933917,0.38626525,0.53959465
28,-4.5919695,2.069785,-4.6074333,-0.71317947,-1.7417629,0.7814598,1.1025658,-1.0229859,-1.1778667,-2.2791462,-0.97888076,0.48906875,0.52411973,-1.5928109,0.5343785,0.67149186,-1.927558,-0.58062595,-1.0327327,-2.8621564,-0.7382037,-2.1456337,-0.026145205,-0.3614772,-0.08599343,-1.9977384,-1.3441658,0.8452046,7.02813,-1.2975526,-1.3049024,-0.9723217,0.43960592,-0.56827724,0.32825047,-1.3773162,-0.31058386,-0.29433036,-0.7348242,0.4494472,-0.19459644,-0.28310126,0.025548708,-0.14591193,0.46306607,0.5422083,-0.41961065,0.15436992,0.013030867,-0.20354143,-0.3867486,0.21033837,-0.5656333,0.034667224,-0.33046472,-0.091225386
29,-0.38832,6.305119,2.15968,-0.18046832,1.0722482,0.92040896,-0.671199,-0.62064016,-1.2507408,2.1304126,1.314986,0.8530799,2.2273238,1.3815256,0.6759912,-1.6936703,-0.51606405,1.8534498,1.9162738,0.08047411,-0.5634471,-1.4984894,0.24110812,-2.2767878,0.061203964,0.98842365,-1.0836754,0.40828487,-1.2975526,4.7551403,-0.24099724,1.2179697,1.4003422,0.72250557,-0.618812,0.48655075,0.36782664,-0.74726486,0.6033848,-0.22579071,-0.4206391,-0.32148683,-0.93035245,0.30715135,0.068797626,0.18546094,-0.024671432,0.25994438,-0.06012208,0.41284686,-1.0101092,0.25139016,-0.06887031,0.032115392,-0.21289831,0.011335456
30,-0.7343279,-1.2270982,4.3632812,0.2850438,0.35314226,2.4155273,2.370707,1.5786909,0.044441737,-0.64700556,0.12321168,-0.8134415,-1.3179429,1.2803584,-0.60255575,-0.16179073,1.0855972,0.5491341,-0.5548582,-2.210744,-0.30177712,0.059876185,0.08238892,0.6013286,-0.19717205,0.45139575,-0.39313713,-0.5202118,-1.3049024,-0.24099724,5.140941,-0.24275938,-0.3984096,0.79809487,-0.4612105,0.2259002,0.048543546,-1.9140934,0.68254733,0.9070897,0.40238965,0.5221458,0.32397318,-0.52064013,1.1740457,-0.8393285,0.47663894,0.012573431,-0.14837518,0.22490135,0.4729424,-0.13632077,0.12409622,0.36650872,-0.080910176,0.31789458
31,-1.0093167,-0.49113768,-0.9574269,-2.3216906,0.27324346,2.3154771,1.8176827,-0.8354646,-0.53339803,0.39225122,-1.3589156,0.46827006,-0.28614357,-0.06238603,-0.99244994,1.3555815,-2.2870502,0.3269922,1.9262737,0.24952553,-0.7685728,0.94004154,-0.837127,0.33954188,-0.6353898,-0.8909036,0.29926965,-0.63966197,-0.9723217,1.2179697,-0.24275938,4.504968,-1.0440711,-0.5667493,-0.67984825,0.28126854,1.0625628,-0.7352601,-0.5710131,0.4449006,-1.4260483,0.39559388,-0.15551718,0.24209598,0.54087746,-0.17774206,-0.026078086,-0.21837538,-0.09131843,-0.16991949,-0.32300624,0.71743417,0.41611725,-0.021923676,0.5527573,-0.19411191
32,-0.14651869,-1.5892525,1.8958083,-0.4298885,-2.493463,-0.98411673,1.335707,-0.00062883855,1.5364869,0.35254347,1.0444391,-1.6686599,-1.9560511,-0.053937986,-0.39280093,-1.7800448,0.27347517,-0.84341216,1.8024578,0.84264815,0.223335,-0.5209336,0.7578609,-0.08803159,-0.13219963,0.78787875,-0.18504687,-0.80643415,0.43960592,1.4003422,-0.3984096,-1.0440711,4.0379343,1.4124193,1.150345,-0.49939132,-0.23862442,-0.28775957,-0.21206638,0.11992794,-0.34253758,-0.3309104,-0.34802037,0.43269962,-0.066100314,0.6784569,-0.19366175,-0.46551824,0.08193727,-0.14089695,-1.0046613,0.18801732,-0.6132741,0.19106981,-0.061782457,0.13221663
33,0.14750136,0.47688246,-2.4756618,0.79696286,-2.6614938,-1.0384698,2.0236363,-0.070076406,-0.20722786,-2.1819143,0.69874096,0.43319017,-1.8924897,-0.7629609,-0.16261639,-1.9882472,-0.51009643,0.26612377,1.9396373,0.94382775,-0.6837958,-1.3773867,-0.13965926,0.6738992,-0.1267846,-0.9727832,-0.8357624,0.40067995,-0.56827724,0.72250557,0.79809487,-0.5667493,1.4124193,4.8476963,-0.40469813,0.11012913,0.8542834,-0.8090193,0.056945253,0.54696214,0.7076686,0.3908126,0.23164214,0.050366662,-0.6643597,0.4563421,-0.61133724,0.20863421,0.05944038,0.35738897,0.778092,-0.030488834,0.31983382,-0.011672275,-0.547117,-0.1434196
34,-1.8728057,-0.29776323,4.2959337,1.0427735,-1.0016549,-0.1327529,1.3933665,1.7745721,1.1195617,0.2879284,-0.53090835,0.3844671,1.4655557,-0.48078892,-0.64736414,1.1349341,1.1018187,-0.5551661,2.0415187,-0.7568319,-0.37443724,2.3140545,0.026247757,-0.03910241,-2.591711,-0.39922607,0.011961421,0.5511022,0.32825047,-0.618812,-0.4612105,-0.67984825,1.150345,-0.40469813,4.7414317,0.7769309,0.27498555,0.44982803,-0.51569575,-0.034279756,-0.46209693,-0.52018595,-0.42815977,-0.3605628,0.026219085,-0.21704765,-0.40253487,0.40724856,-0.33674288,-0.23164685,0.1807489,-0.36494464,-0.5249312,-0.10344759,-0.4276423,-0.03478381
35,-0.1864337,1.3157533,-0.62689626,0.6629045,-0.1816276,-2.0950422,0.6781525,-0.7235056,1.0198846,1.2716467,-0.16837448,0.7594559,1.6593418,0.45416614,0.39315647,0.895633,-0.3426125,-0.028356396,0.36965764,-0.37714362,0.54446614,1.2290835,-0.41368657,-0.116538465,-0.61629224,1.3996214,-0.19602905,0.3435583,-1.3773162,0.48655075,0.2259002,0.28126854,-0.49939132,0.11012913,0.7769309,1.9412566,0.12311077,0.15325138,-0.056586746,0.14282683,0.16727763,0.49668968,-0.5275976,-0.20161982,-0.0729509,-0.5071557,-0.85468924,0.23730424,0.5515006,0.38676697,0.15535328,-0.12938076,0.18971664,-0.20845754,-0.18007082,0.33342236
36,0.96559477,-0.015202189,2.3354924,0.97035533,-0.625905,-0.393686,0.67398596,2.7583985,-2.6975605,-1.9895961,1.8518662,1.311837,-0.93844306,-0.72320664,0.10533333,-1.5049406,-0.93798053,-0.07174221,0.29922912,-0.62383616,-0.3380893,-0.47219288,-0.018611073,0.8854266,-0.008626619,0.3839299,0.22623706,0.08456817,-0.31058386,0.36782664,0.048543546,1.0625628,-0.23862442,0.8542834,0.27498555,0.12311077,3.8164518,0.6243026,-1.0713254,-0.036441516,-0.19343325,0.08090292,-0.012999634,0.9900013,-0.16366187,-0.6478902,0.1339247,1.108582,0.020567311,-0.08328689,0.34952557,-0.3427846,-0.071499325,-0.45303887,0.36139673,-0.17455162
37,1.2163137,-0.019713957,-1.6989589,3.577434,-1.304203,-0.4797716,-0.44682932,0.007390676,0.23089434,-0.9811299,0.18762377,-0.18638155,-0.9250837,0.761679,0.30577108,-2.1089456,0.09387872,0.81655854,0.09352419,1.4050314,0.7751107,1.0682101,-0.2121023,-0.18187803,0.10577686,-1.0102253,0.08627555,-0.38889468,-0.29433036,-0.74726486,-1.9140934,-0.7352601,-0.28775957,-0.8090193,0.44982803,0.15325138,0.6243026,3.7694135,0.6018927,-0.9772748,0.67914903,-0.3353119,-0.43592876,0.4573853,0.41798347,-0.81097364,-0.40404677,0.15692249,0.27340314,0.18077071,-0.024990901,-0.3525309,-0.0816976,0.27438205,0.53465277,-0.20824271
38,-0.75267303,1.3206198,1.510406,2.7544682,0.10656996,-1.5099154,0.03567997,0.4497105,0.2943673,-0.7394173,-1.1703122,0.6943964,-0.4305334,-0.26086402,0.0429916,-0.49164683,-0.3233098,2.1607814,0.85589325,0.514624,0.46262008,1.1520703,-1.4011452,-1.3519266,0.8756273,-1.254161,0.9759383,-0.54323953,-0.7348242,0.6033848,0.68254733,-0.5710131,-0.21206638,0.056945253,-0.51569575,-0.056586746,-1.0713254,0.6018927,3.7780383,0.13992074,-0.2459874,-0.3322168,0.14677516,-0.2963407,0.5034489,0.6556386,0.2620855,0.6604905,0.09335084,-0.08731166,0.004706543,-0.17916179,-0.048009172,0.3265258,-0.51086795,0.10005343
39,-0.50287104,-0.51850104,-0.5509674,1.8559434,-0.07083891,-0.5296719,0.9977058,-0.04358113,0.6756692,-0.11107208,-1.1646935,-0.36768615,1.0550132,-0.42186654,0.05660779,0.12490301,-0.011284124,0.76850307,-0.6995817,0.31680706,-0.27254578,0.8180787,-1.0443046,0.340126,-0.47102803,-0.7679756,-0.5016339,-0.04544927,0.4494472,-0.22579071,0.9070897,0.4449006,0.11992794,0.54696214,-0.034279756,0.14282683,-0.036441516,-0.9772748,0.13992074,3.4930363,0.24251339,0.82503337,0.26315314,0.21069267,-1.0807052,-0.20405325,-0.12538987,0.47709656,0.32569978,-0.87063515,-0.21175629,0.25401223,-0.5821968,0.5826284,0.4869604,0.6890385
40,1.1141882,-0.9017483,0.35818475,2.5691817,-0.34370852,-0.7839739,-0.66665995,-0.036524218,0.95332944,-1.1580017,1.7538402,0.48946607,-0.37700802,0.3755694,-0.2995243,0.015172964,0.37810725,-0.1411554,-0.9418195,0.0028627762,-0.26263723,-0.44123515,0.546805,-0.38053045,0.57821244,0.23506685,-1.1000879,0.060460486,-0.19459644,-0.4206391,0.40238965,-1.4260483,-0.34253758,0.7076686,-0.46209693,0.16727763,-0.19343325,0.67914903,-0.2459874,0.24251339,1.9196317,0.15836097,-0.40312642,-0.21381816,-0.6006676,-0.8611968,-0.25544792,-0.27389872,0.03310786,0.18431929,0.33804893,0.020100083,0.15795872,0.60689354,-0.19818388,-0.06409855
41,0.78640735,1.4934654,-0.63022375,-0.35348943,0.34746554,-0.74985987,-0.5546886,0.4114837,-0.530098,0.20310625,-0.9631367,0.58520305,0.117916666,-0.4296312,0.022688068,-0.3244322,-0.11109719,-0.5490342,-1.3552104,0.36827555,0.39954078,0.9072248,-0.69869554,-0.12618183,0.48005193,-0.035625774,-0.08227271,-0.8066133,-0.28310126,-0.32148683,0.5221458,0.39559388,-0.3309104,0.3908126,-0.52018595,0.49668968,0.08090292,-0.3353119,-0.3322168,0.82503337,0.15836097,2.0199885,-0.16555929,0.15806618,0.15009186,-0.3908754,-0.8424117,0.113739505,0.37644738,0.059558775,-0.18513119,0.85817254,-0.2380811,-0.60058093,-0.24515012,-0.11946876
42,0.83513904,1.7543049,-1.064682,0.2275411,-0.1778017,-0.19886571,-0.11746955,0.039902717,-0.1455848,-0.2082942,-0.06261246,-0.08026667,-0.3409902,0.07265191,-0.770826,-0.3354449,-0.744693,-0.8026378,0.14724895,0.64541847,0.24081153,0.31644297,-0.18569118,-0.14153697,-0.22735643,-0.61974186,0.5454231,0.6953589,0.025548708,-0.93035245,0.32397318,-0.15551718,-0.34802037,0.23164214,-0.42815977,-0.5275976,-0.012999634,-0.43592876,0.14677516,0.26315314,-0.40312642,-0.16555929,1.8462812,0.7808552,0.07456948,0.74288195,0.21688679,-0.13274053,0.11921704,-0.0655242,0.4393189,-0.5462868,0.35033157,-0.26441443,0.39060482,0.620262
43,1.0069263,0.0318344,0.74676764,0.4433244,0.6026621,-0.38699773,-0.27968317,-0.9198224,0.9267912,0.66246116,0.6700107,-0.261509,0.035783842,1.3125453,0.19554889,-1.6055304,-1.5132024,0.18945834,0.37996292,0.71407676,1.1479603,0.26355106,0.08934024,0.2296727,0.17001742,-0.049945757,-0.18831955,0.12701958,-0.14591193,0.30715135,-0.52064013,0.24209598,0.43269962,0.050366662,-0.3605628,-0.20161982,0.9900013,0.4573853,-0.2963407,0.21069267,-0.21381816,0.15806618,0.7808552,1.5251335,-0.18710104,0.15099388,0.06713818,0.04220744,0.30250704,-0.40437615,0.046064246,-0.10910131,-0.0038416828,-0.38645142,0.13068043,0.14794804
44,-1.5689216,1.7101235,1.3172975,-2.600385,-0.37737578,0.602798,1.8434196,0.14249496,0.3047368,-0.5193465,-0.20805794,0.062625535,-0.77629125,0.43390608,-0.6769798,-0.37814638,-0.29988992,0.094783,0.95317096,-1.0300419,0.2599867,-0.45573545,-0.52551436,-0.3555615,0.12332907,-0.4729936,-0.09949927,-0.3704146,0.46306607,0.068797626,1.1740457,0.54087746,-0.066100314,-0.6643597,0.026219085,-0.0729509,-0.16366187,0.41798347,0.5034489,-1.0807052,-0.6006676,0.15009186,0.07456948,-0.18710104,2.6592586,-0.39196986,-0.31747314,0.22829264,-0.46958056,0.5890647,-0.22531193,0.060004838,0.21542576,-0.03723771,0.31102014,0.21312462
45,0.4033419,0.43910682,1.3810207,1.0455768,1.1531382,1.4088209,0.02316633,0.40455562,-0.47638923,-0.53568053,-0.78002465,-0.05481102,-0.505805,0.0065878616,0.2562962,0.61216486,-0.032741264,-0.38559392,-0.419392,0.73550594,0.8663192,0.40592995,0.44084656,0.24633405,-0.09001282,0.04050729,0.5470786,-0.119234756,0.5422083,0.18546094,-0.8393285,-0.17774206,0.6784569,0.4563421,-0.21704765,-0.5071557,-0.6478902,-0.81097364,0.6556386,-0.20405325,-0.8611968,-0.3908754,0.74288195,0.15099388,-0.39196986,2.6998732,-0.03220451,0.23370188,-0.0133004915,0.35944244,-0.22833335,-0.24448508,0.4327975,-0.30872005,-0.4004684,0.32074177
46,-0.37565315,1.1833174,1.0267015,0.09053637,0.4070361,-1.286658,-0.47249508,-0.91784793,0.43772593,0.9988499,1.0448018,-1.084887,-0.37018818,0.1951808,-0.37327355,0.22759642,-0.45110795,0.028672174,-0.48545292,-0.44879228,0.11031694,-0.15100521,0.519953,-0.7417723,0.14825973,0.15901509,-0.41232145,-0.22537917,-0.41961065,-0.024671432,0.47663894,-0.026078086,-0.19366175,-0.61133724,-0.40253487,-0.85468924,0.1339247,-0.40404677,0.2620855,-0.12538987,-0.25544792,-0.8424117,0.21688679,0.06713818,-0.31747314,-0.03220451,2.1220112,0.17126687,-0.5141151,-0.48349974,0.4495629,-0.23056,-0.20085254,0.1556523,0.25321838,-0.23705366
47,-0.8833469,1.0105746,0.90891194,1.9702442,0.80038977,-1.4124541,0.56237555,0.55936503,-0.8967215,-0.4788196,0.42786258,0.6934029,0.49666232,-0.41588834,0.21124475,0.18400344,0.13884039,1.2292857,-0.6168246,-0.42841113,0.5512011,-0.21418707,-0.8266877,0.24703223,0.18007746,0.42098123,-0.4157207,0.060488503,0.15436992,0.25994438,0.012573431,-0.21837538,-0.46551824,0.20863421,0.40724856,0.23730424,1.108582,0.15692249,0.6604905,0.47709656,-0.27389872,0.113739505,-0.13274053,0.04220744,0.22829264,0.23370188,0.17126687,1.9713272,-0.66729677,0.004853605,0.17281091,-0.33142477,-0.35643297,-0.5581273,-0.0666931,0.15404367
48,2.0513234,0.6358117,1.8714648,0.0944558,0.45096588,-0.03304649,-0.61544013,0.6460227,0.28484827,-1.1179028,-0.056275517,0.61739504,0.55943924,0.2742447,-0.017414192,-0.27853507,-0.47732663,-0.24580026,-0.61384207,0.46019697,0.3376722,0.6167406,0.36814386,-0.2219256,0.033264786,-0.38717723,0.44324046,0.87066925,0.013030867,-0.06012208,-0.14837518,-0.09131843,0.08193727,0.05944038,-0.33674288,0.5515006,0.020567311,0.27340314,0.09335084,0.32569978,0.03310786,0.37644738,0.11921704,0.30250704,-0.46958056,-0.0133004915,-0.5141151,-0.66729677,1.6044366,0.106900215,-0.3194307,0.14041644,0.0038979196,-0.06448778,0.16049993,0.20348448
49,0.0832851,-0.23232341,-0.23693013,1.317302,-0.23694214,0.1683993,0.70482653,-0.51914024,0.25050467,-0.96390635,0.18093798,0.69211197,-0.23705702,-0.019739944,0.38967475,0.42126706,0.16389516,-0.78902215,-0.6302315,-0.3917539,0.029360298,-0.58636934,-0.004910511,0.0032743851,-0.3327068,0.043706667,-0.8222954,0.12957907,-0.20354143,0.41284686,0.22490135,-0.16991949,-0.14089695,0.35738897,-0.23164685,0.38676697,-0.08328689,0.18077071,-0.08731166,-0.87063515,0.18431929,0.059558775,-0.0655242,-0.40437615,0.5890647,0.35944244,-0.48349974,0.004853605,0.106900215,1.8358716,-0.5076139,-0.3508522,0.15113425,-0.34842098,0.34874088,0.3017254
50,-0.4757511,1.1269518,-1.3561037,-0.1292027,-0.116414264,-0.6707053,-0.044483338,0.078366674,-0.14736696,0.53795046,-0.12899512,0.12283875,0.37347323,0.14944893,-0.06725614,-0.3303113,-0.6240308,-0.17932165,0.50301814,-0.45432615,0.30861303,0.32200074,0.03580904,0.14261618,-0.337541,-0.30846274,-0.29491204,0.3047083,-0.3867486,-1.0101092,0.4729424,-0.32300624,-1.0046613,0.778092,0.1807489,0.15535328,0.34952557,-0.024990901,0.004706543,-0.21175629,0.33804893,-0.18513119,0.4393189,0.046064246,-0.22531193,-0.22833335,0.4495629,0.17281091,-0.3194307,-0.5076139,1.4173515,-0.2687025,0.44952273,0.12625301,-0.45291206,-0.09131685
51,0.42548576,1.2340033,1.1360087,-1.309847,0.6498196,0.69389045,-0.37091202,0.23200259,0.37446806,-0.29018295,-0.14952739,0.25342017,-0.4503006,-0.17602237,-0.4693844,0.2672046,-0.56616926,-0.099331826,-0.31713834,0.19730856,-0.20636228,0.52310133,0.2991016,-0.5082332,0.5027492,-0.45916873,-0.25202855,-0.5869155,0.21033837,0.25139016,-0.13632077,0.71743417,0.18801732,-0.030488834,-0.36494464,-0.12938076,-0.3427846,-0.3525309,-0.17916179,0.25401223,0.020100083,0.85817254,-0.5462868,-0.10910131,0.060004838,-0.24448508,-0.23056,-0.33142477,0.14041644,-0.3508522,-0.2687025,0.97866106,-0.14161032,-0.036584955,-0.3146589,-0.3836258
52,0.42805183,0.5153917,0.7762517,-1.3372662,0.119050294,0.06558479,0.2677958,0.18803209,-0.21169126,-0.4318087,0.013976648,0.45430323,-0.4690192,0.31762528,0.17474179,0.07826525,-0.44508642,-0.5831691,0.50759137,-0.09741513,0.032938212,0.1410904,0.37734628,-0.042067856,-0.06474313,0.21042931,0.34005797,0.06826078,-0.5656333,-0.06887031,0.12409622,0.41611725,-0.6132741,0.31983382,-0.5249312,0.18971664,-0.071499325,-0.0816976,-0.048009172,-0.5821968,0.15795872,-0.2380811,0.35033157,-0.0038416828,0.21542576,0.4327975,-0.20085254,-0.35643297,0.0038979196,0.15113425,0.44952273,-0.14161032,0.8793521,0.28829336,-0.17685507,0.14680529
53,-0.47978836,0.19385692,0.728455,-0.7141505,-0.9018512,0.12208933,0.34413242,0.9941437,0.0379918,-0.114358075,-0.15417017,-0.12847395,0.48380786,-0.2590831,-0.11525731,-0.41528377,0.57979,-0.20416477,0.8775575,-0.07521102,-0.49054402,-0.35726357,-0.04567513,-0.24246597,-0.12531869,-0.3534901,0.07232764,-0.2933917,0.034667224,0.032115392,0.36650872,-0.021923676,0.19106981,-0.011672275,-0.10344759,-0.20845754,-0.45303887,0.27438205,0.3265258,0.5826284,0.60689354,-0.60058093,-0.26441443,-0.38645142,-0.03723771,-0.30872005,0.1556523,-0.5581273,-0.06448778,-0.34842098,0.12625301,-0.036584955,0.28829336,1.4676824,0.23804164,0.381742
54,1.1633773,-0.916487,-0.99006057,-0.00823874,-0.2778323,-0.13916695,0.23513797,-0.039350845,0.473131,-0.4802385,0.41598356,-0.47767317,-0.33126366,-0.2701392,-0.13099542,-0.27439564,0.12824002,-0.19718513,-0.37946147,0.5874582,-0.3960142,-0.34639317,-0.115676016,0.023268975,-0.04921254,-0.29168594,-0.033928864,0.38626525,-0.33046472,-0.21289831,-0.080910176,0.5527573,-0.061782457,-0.547117,-0.4276423,-0.18007082,0.36139673,0.53465277,-0.51086795,0.4869604,-0.19818388,-0.24515012,0.39060482,0.13068043,0.31102014,-0.4004684,0.25321838,-0.0666931,0.16049993,0.34874088,-0.45291206,-0.3146589,-0.17685507,0.23804164,1.4406093,0.58093905
55,0.4739064,0.4038046,-0.094243914,0.48494714,0.13799289,-0.4314477,0.098530814,0.5062988,0.15261027,0.59834325,-0.43634278,0.20349568,0.51391256,-0.17174369,0.37699127,-0.23615287,-0.16124013,-0.7453828,-0.01976752,-0.29081416,0.103574514,0.3336175,0.017460855,-0.3673917,-0.3496096,0.8325021,-0.21505582,0.53959465,-0.091225386,0.011335456,0.31789458,-0.19411191,0.13221663,-0.1434196,-0.03478381,0.33342236,-0.17455162,-0.20824271,0.10005343,0.6890385,-0.06409855,-0.11946876,0.620262,0.14794804,0.21312462,0.32074177,-0.23705366,0.15404367,0.20348448,0.3017254,-0.09131685,-0.3836258,0.14680529,0.381742,0.58093905,1.2291535
