,0,1,2,3,4,5,6,7,8,9,10,11,12,13,14,15,16,17,18,19,20,21,22,23,24,25,26,27,28,29,30,31,32,33,34,35,36,37,38,39,40,41,42,43,44,45,46,47,48,49
0,343.2322,-61.874634,-5.6601334,12.580019,-97.002,-16.8362,13.768288,1.9410435,0.025230499,0.00078251556,-0.0014066285,-0.0018173358,0.0011024139,-0.000539974,-0.0031164992,0.002730462,0.004017514,-0.0027264783,-0.00091280264,0.00026160787,-0.0018335935,0.0014075451,0.00045380168,0.0025823517,0.0019681724,-0.0010393327,-0.00030228164,-0.00037832692,-0.0010266184,-0.0003124381,-0.0018330356,3.7753663e-05,-0.0004037947,0.0006048832,-0.0014091658,-0.00010302903,0.00066696457,-7.193098e-05,-0.0011250977,-0.0010056768,0.0015232703,-0.0004504496,-0.00046318004,-0.0007998053,-5.050364e-05,0.0009524421,-1.3267103e-05,-0.0006904168,-0.0001014054,-0.00013402115
1,-61.874634,11.71981,0.43572226,-3.3222804,16.276781,5.4179406,-2.9367862,-1.227196,0.0012346832,0.0032089287,-0.002014125,-0.0012260622,0.0012730547,-0.0009150669,0.00065013586,-0.0005100438,-0.0008597047,0.0005036384,-0.000120979035,0.00017233516,0.00071763084,0.00043581752,0.00021150755,-0.00015785174,-0.00014006166,0.0005201026,0.00025885296,0.00027654407,0.000394449,6.538918e-05,0.00067058404,-0.000102226535,0.00014043119,-5.4760778e-05,0.00013946727,-0.000118507975,-0.00014679282,-0.00020205838,6.20372e-05,0.00030612567,-0.00034067116,0.00017802,0.0001369759,0.00019323421,1.9937812e-05,-0.00022018369,2.1780903e-05,7.831163e-05,1.1549686e-05,-7.783274e-05
2,-5.6601334,0.43572226,1.0445377,1.2145383,3.3601694,-3.339289,0.8041769,-0.14832091,-0.0103989635,0.0014923584,-5.0547882e-05,0.0034345868,-0.0016075002,0.0018984879,-0.0017235907,-0.0006734183,-0.001514493,-0.0011751927,-0.0007297223,0.0004244664,-0.00018410788,-0.00022586105,-0.000396289,-0.00046930695,8.7104297e-07,-0.00046114897,-7.812113e-05,0.00020295514,0.00026448612,-0.00017503076,0.0002569384,3.2174112e-06,-0.00012460139,-0.00019313235,-0.0003037708,2.8198918e-05,7.669274e-05,0.00018950227,0.0002783354,0.00024021592,9.464383e-05,-7.457525e-05,1.5711537e-05,0.00010135854,0.00011487539,-8.262643e-05,0.000185206,0.00010773172,4.2292686e-05,3.467832e-05
3,12.580019,-3.3222804,1.2145383,2.7581575,-0.7944013,-6.188364,1.8972876,0.724272,0.0072283056,8.4450745e-05,0.0001518117,0.00031780038,-4.7673064e-05,0.0008930034,0.00012194803,-7.0289786e-07,0.00075453264,-0.0002197877,-0.00017375892,0.00023405692,-0.0004257161,-0.00014776054,0.00058646745,0.00025804987,0.00044040382,-0.0005985105,-4.600799e-05,3.343453e-06,6.626413e-05,3.6421858e-05,-0.00022046131,-0.00017010068,-0.00013847239,0.00011590026,-0.00021556768,-8.351726e-05,9.2724615e-05,-3.3900265e-05,-3.753272e-05,-8.198274e-06,7.502071e-05,-0.00017135782,-0.00011136377,-4.2478023e-05,-0.00011617406,9.9092955e-05,-0.00010719331,-9.3274175e-06,2.7866528e-05,6.694095e-05
4,-97.002,16.276781,3.3601694,-0.7944013,30.779018,-2.071519,-2.0782456,-0.19301048,0.0006914378,-0.003459956,0.0016410768,-0.0004940692,-0.00057016814,0.0008959669,0.00082253735,-0.00031148302,-0.00026407308,0.00040799082,0.00050045946,-0.0005824767,0.0001151448,-0.0006188344,0.0005778625,0.00022757461,-0.00042114782,6.0947663e-05,0.00015008717,-0.00013856663,0.00015152202,3.9416147e-05,9.232788e-06,-0.00015350035,0.00017828066,-7.906397e-05,0.0001889528,-0.00016020733,-0.00027757726,3.8003134e-06,0.00024125149,0.00018601518,-0.00012645515,-0.00017512501,-0.00017334391,0.00010550131,-1.233061e-05,-7.71241e-05,-4.7671678e-05,0.00014511944,8.540451e-05,8.141076e-05
5,-16.8362,5.4179406,-3.339289,-6.188364,-2.071519,14.755869,-4.4790063,-0.36601907,0.00014253409,0.00041234665,-0.00012986161,-0.002694644,0.0034466768,-0.0023395987,0.0014252272,0.0018097558,0.00022139461,0.0011617024,0.0008193093,0.00041874702,0.00054914644,0.0003374534,0.00012025893,2.3969335e-05,-0.00042326417,0.00093561335,-0.00012516942,0.00025577904,0.00024465745,0.00031626434,0.00073013315,-7.8963305e-05,0.00017302105,0.00045327217,0.0003616772,-3.407713e-05,-0.00023678585,-0.00034459808,-0.00034014828,-0.00016569329,-0.00012593294,0.00032329228,7.168496e-05,-3.1771844e-05,-3.7423786e-05,-0.00014847264,-3.3252705e-05,-6.9425194e-05,-0.00015983317,-5.6033903e-05
6,13.768288,-2.9367862,0.8041769,1.8972876,-2.0782456,-4.4790063,1.8397028,-0.89517105,0.0010914,-0.0025424273,0.00051285845,0.00075856806,-0.0016294757,-0.0001782333,-0.000102181555,0.00052195054,-0.00035496565,4.2935735e-06,0.00023354804,0.00026605284,9.176627e-06,6.0784907e-05,6.994566e-05,-0.00052320125,-0.000118528,-0.00048563455,0.0001238551,0.00016069936,7.312915e-05,-9.912247e-05,-0.0004489875,0.00011276133,-4.6545953e-05,-0.00018286917,0.0001638653,-1.27946905e-05,-0.0001042551,4.1032963e-06,0.00016464878,6.283674e-05,7.206085e-06,-0.00013009587,-2.4112076e-05,-8.737795e-05,0.00013413778,8.438555e-05,1.6286249e-05,4.1225634e-05,0.00011579388,9.796758e-05
7,1.9410435,-1.227196,-0.14832091,0.724272,-0.19301048,-0.36601907,-0.89517105,4.447639,0.00077691616,0.0005003786,9.4005256e-05,1.590061e-05,-0.00019466248,-0.0002658873,-0.0006024982,-0.0004614059,0.00091595005,0.00012751226,8.154838e-05,0.00016985557,8.8555535e-05,6.625136e-05,0.00034732794,9.403447e-05,-0.00015173739,4.6685152e-05,-8.333205e-05,-0.00014579995,8.765184e-05,-2.9565403e-05,0.00013872304,2.808691e-05,-2.5345973e-05,0.00024594867,8.615012e-05,-4.443834e-05,-2.672418e-05,-0.00019917925,-0.00018489153,7.856122e-05,-7.438219e-05,-1.2375815e-05,5.1533803e-05,-7.0707414e-05,-0.00012911716,7.5156204e-06,1.1242573e-05,-1.2938852e-05,0.00010917231,0.0001017731
8,0.025230499,0.0012346832,-0.0103989635,0.0072283056,0.0006914378,0.00014253409,0.0010914,0.00077691616,0.041225802,0.0010275673,-0.0021743448,-0.003918576,0.005908832,-0.003488473,0.0022247774,-0.00018394247,0.0011951188,0.0015283874,0.0010374977,0.001095445,0.00095095066,0.00039432102,0.0010073546,0.00054363837,0.00018079908,0.00074555853,-8.948822e-05,0.00023880316,0.00049836887,5.4118453e-05,0.0010875273,-0.00024613447,2.7942926e-06,0.00065808534,0.0005194539,0.00016609217,-0.00016241783,-0.0004863675,-0.00066530536,-0.00037566555,-0.00028335,0.0003144379,0.00011154162,3.6917303e-05,2.947186e-05,-0.00017743511,-0.00029241375,-0.00026597903,-0.00022139508,1.3403662e-06
9,0.00078251556,0.0032089287,0.0014923584,8.4450745e-05,-0.003459956,0.00041234665,-0.0025424273,0.0005003786,0.0010275673,0.014616023,-0.0063242335,-7.445553e-05,8.25682e-05,-0.0010428813,-0.00086774054,-0.0009354563,-0.0007705818,-0.0009839304,-0.0007512792,0.0006935018,-0.0004140824,0.0003526691,0.00074819475,0.00022157229,0.0008346283,-0.00085202296,-0.0003611347,0.00013948791,-0.0003306709,-3.3125973e-05,0.00019625077,-0.0001645603,-0.0004213903,-0.0002991096,-0.00029231003,3.8418715e-05,0.00047065155,-0.00015523944,-0.0001334346,-0.00014407816,0.0002934463,-9.385516e-06,-5.1224975e-05,-3.0612275e-05,-0.00018871455,0.00012193063,6.487874e-06,2.8778206e-05,-3.4986624e-05,-0.00021848749
10,-0.0014066285,-0.002014125,-5.0547882e-05,0.0001518117,0.0016410768,-0.00012986161,0.00051285845,9.4005256e-05,-0.0021743448,-0.0063242335,0.006372244,-0.00053804065,0.0015469061,0.00022147762,0.0015631518,-0.00026828545,0.0011205368,-0.00017985114,0.00065653503,0.0003447933,5.5287615e-05,-0.00067320623,-0.00014679969,6.6470086e-05,-7.172066e-05,0.0001337302,-0.0001591525,-5.9411384e-05,0.0003421182,-4.0146748e-05,-0.00021058826,-1.8629671e-05,-0.0003552733,-4.547814e-05,0.00010561166,-2.108096e-05,0.00018749003,0.0002718254,0.00019991043,2.4889698e-05,0.00024208304,-5.1887466e-05,-0.00016340212,0.00011675235,0.0002764592,-0.00012824319,-6.885986e-05,4.8214923e-05,-0.00014272184,9.2390095e-05
11,-0.0018173358,-0.0012260622,0.0034345868,0.00031780038,-0.0004940692,-0.002694644,0.00075856806,1.590061e-05,-0.003918576,-7.445553e-05,-0.00053804065,0.005644367,-0.0020271437,-0.000117034346,0.00087109354,0.0005515692,-0.0012237569,1.9199688e-05,-0.0005849536,0.0008211198,-0.0004799997,-6.860758e-05,-0.00079900236,-0.00061044126,-2.2847651e-05,-0.00021491564,4.742959e-05,6.784173e-05,7.607631e-05,0.0002478003,0.00040352537,0.00017875082,0.00025139644,0.0002517809,-9.107834e-05,0.00012964597,-0.00019791797,0.00018327073,-9.3756644e-05,-0.00013632476,-2.253586e-05,0.00028944103,0.00030919674,-4.4850814e-05,0.00016022581,-3.0339443e-06,1.0317886e-05,1.6823215e-05,-1.04399405e-05,-4.0166356e-05
12,0.0011024139,0.0012730547,-0.0016075002,-4.7673064e-05,-0.00057016814,0.0034466768,-0.0016294757,-0.00019466248,0.005908832,8.25682e-05,0.0015469061,-0.0020271437,0.004134274,0.0011641718,-0.0012323036,-0.00093509536,0.0003110238,-0.00061717816,0.00013329336,-5.9139507e-05,0.00024127879,-0.00023343568,2.5582976e-05,0.0007248661,0.00016788027,9.906305e-05,-0.0002078179,4.552616e-05,0.00042551145,-1.632291e-05,0.0002935944,-0.00034886872,-0.00029919104,6.0908744e-05,5.2546235e-05,-0.00018335413,0.00018733382,-3.243229e-05,0.000119697404,0.0001821248,5.209833e-05,4.807034e-05,-0.00015159798,0.00011455186,-9.466158e-05,-9.381554e-05,1.0271993e-06,3.812417e-05,-0.00013502003,7.5124735e-05
13,-0.000539974,-0.0009150669,0.0018984879,0.0008930034,0.0008959669,-0.0023395987,-0.0001782333,-0.0002658873,-0.003488473,-0.0010428813,0.00022147762,-0.000117034346,0.0011641718,0.005356479,-0.0013346643,0.0014631205,0.00055157003,-0.0003533787,-0.0007958863,1.6275471e-06,0.00024584297,-0.00036730414,0.00011146728,0.00032677397,-0.00012485473,-6.096404e-05,-0.000518616,-0.00036170904,-6.962066e-05,0.00037100486,0.0004611968,-0.00012164048,0.00026441232,3.4632976e-05,-0.0003491272,9.009116e-05,3.5131452e-05,-6.210365e-05,-5.9901962e-05,-8.2059116e-05,-0.0001288886,0.0001140058,-0.00011618006,0.00018557852,-0.00023121014,-0.0002258337,-5.6446654e-05,-3.9529463e-05,-2.6258549e-05,0.00012838555
14,-0.0031164992,0.00065013586,-0.0017235907,0.00012194803,0.00082253735,0.0014252272,-0.000102181555,-0.0006024982,0.0022247774,-0.00086774054,0.0015631518,0.00087109354,-0.0012323036,-0.0013346643,0.0042846887,0.00040987448,0.001434535,0.00029317453,-9.338297e-06,0.0007385545,-0.00026946823,0.0004536338,0.00012951149,0.00013455818,0.0004695019,1.2520293e-05,7.367514e-05,-0.00011660544,-0.00023043653,0.00037629137,-0.0003451571,0.00022845404,3.1793992e-05,8.757821e-05,-0.00023609577,0.00018703236,-5.6821063e-05,0.00017168769,-0.0001403177,-0.00020832595,-5.178352e-05,0.00010194037,6.853008e-05,3.6355807e-05,0.00014698016,1.2406414e-06,-0.00014718142,-2.2319064e-05,-0.00010874418,-4.679686e-05
15,0.002730462,-0.0005100438,-0.0006734183,-7.0289786e-07,-0.00031148302,0.0018097558,0.00052195054,-0.0004614059,-0.00018394247,-0.0009354563,-0.00026828545,0.0005515692,-0.00093509536,0.0014631205,0.00040987448,0.0037813527,0.00073586754,0.00025673996,-0.00011450998,0.0006238025,-0.00015965794,5.3415843e-05,0.0010187721,-0.00025779544,-0.00018589123,-0.0005872827,-0.0003060131,-7.139698e-05,0.00015740009,7.704502e-05,0.000118865384,-0.000115336734,0.00038701395,0.0001262702,-0.0001773642,-5.111046e-05,-0.00042585988,-0.00034528034,-5.087755e-05,-3.8281156e-05,4.3072205e-06,-2.7862065e-05,-0.00013445163,-0.0001422138,4.414988e-05,6.25558e-05,-0.0001292018,-4.053909e-05,1.9567902e-05,1.0356813e-05
16,0.004017514,-0.0008597047,-0.001514493,0.00075453264,-0.00026407308,0.00022139461,-0.00035496565,0.00091595005,0.0011951188,-0.0007705818,0.0011205368,-0.0012237569,0.0003110238,0.00055157003,0.001434535,0.00073586754,0.0017086637,0.00013642083,-0.00010611578,-0.0003415008,-7.773258e-05,-2.2836022e-05,0.0003096187,0.00038472976,0.00029908796,-9.582589e-05,-7.47612e-05,-0.00012751081,-0.00017397769,-2.8542632e-05,-0.00022106967,-1.4549502e-05,0.0001251624,-5.910614e-05,-0.00015291481,-3.145697e-06,-6.11319e-05,-9.493821e-05,0.00016168998,8.3997234e-05,-9.1667425e-05,8.1199265e-05,-0.0001428075,8.172561e-05,2.8474431e-05,2.4741925e-05,-0.00018265116,-7.014524e-05,-5.3938787e-05,-0.00010822805
17,-0.0027264783,0.0005036384,-0.0011751927,-0.0002197877,0.00040799082,0.0011617024,4.2935735e-06,0.00012751226,0.0015283874,-0.0009839304,-0.00017985114,1.9199688e-05,-0.00061717816,-0.0003533787,0.00029317453,0.00025673996,0.00013642083,0.0018166063,5.993541e-05,-0.0003558767,-0.00023149859,-0.00043354445,0.0003598667,-0.0005567201,-4.5888737e-05,-7.729464e-05,0.00016969425,-3.2740274e-05,-8.492863e-05,-2.6049544e-05,-0.00036707034,0.0001994416,-0.000113607646,0.00024058987,0.00012555189,-0.0001573936,-0.00014793087,-8.2327415e-06,-1.2403676e-05,-4.5157452e-05,-4.901451e-05,-4.0495315e-06,0.00022332811,-0.0001350553,-0.00014016233,-7.926431e-05,-0.0001286876,-7.1708782e-06,0.00017099138,-5.7563426e-05
18,-0.00091280264,-0.000120979035,-0.0007297223,-0.00017375892,0.00050045946,0.0008193093,0.00023354804,8.154838e-05,0.0010374977,-0.0007512792,0.00065653503,-0.0005849536,0.00013329336,-0.0007958863,-9.338297e-06,-0.00011450998,-0.00010611578,5.993541e-05,0.001109362,9.812176e-05,3.42653e-05,-0.00019260727,-9.938515e-05,-0.00021622228,-0.00013179806,-0.00017594398,-0.00041119923,4.4602282e-05,-0.00014495189,-0.00019119409,-0.00022284027,-3.2512085e-05,2.545237e-05,-5.7744917e-05,0.00023096707,6.6550245e-05,0.000117391486,1.4945073e-05,-1.5653568e-05,-6.20826e-05,2.5968651e-05,-0.000102631064,-0.0001303231,-5.396754e-05,3.7096557e-05,4.705212e-05,-4.0529492e-05,5.063245e-05,-9.220884e-05,5.43805e-05
19,0.00026160787,0.00017233516,0.0004244664,0.00023405692,-0.0005824767,0.00041874702,0.00026605284,0.00016985557,0.001095445,0.0006935018,0.0003447933,0.0008211198,-5.9139507e-05,1.6275471e-06,0.0007385545,0.0006238025,-0.0003415008,-0.0003558767,9.812176e-05,0.0018672966,0.00016185408,0.00014279861,0.00037828443,-0.00048026745,-8.792001e-05,-4.781224e-05,-0.00013862402,0.00013855698,0.0002795004,0.00021302576,0.00032740732,-0.00012937997,-0.00013996262,-3.7194903e-05,-9.929956e-06,0.00019128484,0.00019269835,-2.4842597e-05,-0.00015494411,-0.00013421956,6.763045e-05,5.8537997e-05,-3.2435026e-05,6.1277155e-05,0.00018839704,-0.000103511826,4.8559687e-05,-1.2745771e-06,-4.623494e-05,0.00014084642
20,-0.0018335935,0.00071763084,-0.00018410788,-0.0004257161,0.0001151448,0.00054914644,9.176627e-06,8.8555535e-05,0.00095095066,-0.0004140824,5.5287615e-05,-0.0004799997,0.00024127879,0.00024584297,-0.00026946823,-0.00015965794,-7.773258e-05,-0.00023149859,3.42653e-05,0.00016185408,0.0022383835,0.00048113673,-0.0002382195,2.8246995e-05,-0.00045366498,-0.00012950323,0.00015790321,0.00026773245,6.2135645e-05,7.17495e-05,0.00011626088,0.0005969587,0.00013567231,-0.00058247533,3.783316e-05,-0.0002040524,6.3525804e-05,-6.417015e-05,-1.3240315e-05,-0.00021816065,0.00010164498,0.00021425172,-0.00010121341,-0.00012906158,7.606967e-05,2.3278171e-05,-4.7588102e-05,-6.706764e-05,-2.9298155e-06,-2.4562922e-05
21,0.0014075451,0.00043581752,-0.00022586105,-0.00014776054,-0.0006188344,0.0003374534,6.0784907e-05,6.625136e-05,0.00039432102,0.0003526691,-0.00067320623,-6.860758e-05,-0.00023343568,-0.00036730414,0.0004536338,5.3415843e-05,-2.2836022e-05,-0.00043354445,-0.00019260727,0.00014279861,0.00048113673,0.0011156315,-0.000117237374,0.00026641056,4.3165903e-05,0.00012436064,0.00027151522,0.000103343744,9.436834e-05,0.00013849788,5.0380286e-06,0.00014106632,0.00022458463,-7.4143085e-05,-0.00012304026,-0.00011384511,-0.00011994136,-2.6382155e-05,-8.5268715e-05,0.00010966988,-8.502166e-05,3.0727656e-06,3.3883327e-05,-7.8462755e-05,3.4748302e-07,3.255295e-05,1.9008745e-05,3.6815432e-05,3.6331905e-05,-5.090128e-06
22,0.00045380168,0.00021150755,-0.000396289,0.00058646745,0.0005778625,0.00012025893,6.994566e-05,0.00034732794,0.0010073546,0.00074819475,-0.00014679969,-0.00079900236,2.5582976e-05,0.00011146728,0.00012951149,0.0010187721,0.0003096187,0.0003598667,-9.938515e-05,0.00037828443,-0.0002382195,-0.000117237374,0.0011920702,-9.4232e-05,5.9096616e-05,-9.020587e-05,0.000108241846,0.0002281557,0.0002711151,-7.2301875e-05,-6.09615e-05,-7.7793724e-05,-0.00020189313,0.00022841422,-0.00018880247,-0.00019291569,-0.00012606572,-0.0001026774,-0.0001411456,-4.208227e-06,0.00016212589,-0.00017151522,-4.1189996e-05,-7.239898e-05,-3.496148e-05,-4.6660556e-05,5.6222852e-05,-3.9642306e-05,3.1364456e-05,6.423195e-05
23,0.0025823517,-0.00015785174,-0.00046930695,0.00025804987,0.00022757461,2.3969335e-05,-0.00052320125,9.403447e-05,0.00054363837,0.00022157229,6.6470086e-05,-0.00061044126,0.0007248661,0.00032677397,0.00013455818,-0.00025779544,0.00038472976,-0.0005567201,-0.00021622228,-0.00048026745,2.8246995e-05,0.00026641056,-9.4232e-05,0.0012595217,0.00016118443,0.0002503157,-5.087192e-05,-0.00017627308,-0.0001421477,0.00019733723,-0.00025830956,3.689091e-05,0.000178866,6.1475934e-05,-0.0002835374,-0.00022217933,-0.00010656557,-3.6404625e-05,-6.6986814e-07,-3.682589e-05,0.00013216591,4.836586e-05,-6.966661e-05,1.3490156e-05,4.171695e-06,0.00018551236,0.000121548146,-4.986606e-05,-3.857676e-05,-5.377367e-05
24,0.0019681724,-0.00014006166,8.7104297e-07,0.00044040382,-0.00042114782,-0.00042326417,-0.000118528,-0.00015173739,0.00018079908,0.0008346283,-7.172066e-05,-2.2847651e-05,0.00016788027,-0.00012485473,0.0004695019,-0.00018589123,0.00029908796,-4.5888737e-05,-0.00013179806,-8.792001e-05,-0.00045366498,4.3165903e-05,5.9096616e-05,0.00016118443,0.0004979657,-5.6707235e-05,0.000115590155,3.351922e-05,-4.1535328e-05,-8.74719e-05,-4.777308e-05,-0.00017432854,3.1533177e-06,0.00016924164,-0.000105446736,-9.26935e-05,5.7464655e-05,-2.6864953e-05,3.3720746e-05,0.00017780962,1.5232896e-05,1.4534442e-05,-6.602466e-05,1.4984285e-05,-2.5292455e-05,1.1556633e-05,-5.083904e-05,3.6723304e-05,-5.001994e-05,-7.302324e-06
25,-0.0010393327,0.0005201026,-0.00046114897,-0.0005985105,6.0947663e-05,0.00093561335,-0.00048563455,4.6685152e-05,0.00074555853,-0.00085202296,0.0001337302,-0.00021491564,9.906305e-05,-6.096404e-05,1.2520293e-05,-0.0005872827,-9.582589e-05,-7.729464e-05,-0.00017594398,-4.781224e-05,-0.00012950323,0.00012436064,-9.020587e-05,0.0002503157,-5.6707235e-05,0.00081736676,0.00018571653,3.298647e-06,-3.294992e-05,-0.00010417233,0.00012237651,1.8419927e-05,7.4031166e-05,9.561593e-05,-0.00015223172,9.293164e-05,-5.2783602e-05,0.00018019015,-4.5441353e-05,3.945147e-06,-8.143677e-05,6.680997e-05,5.526568e-05,5.5625875e-05,7.915264e-05,-3.698322e-05,0.0001294582,-6.2605955e-05,-1.5856156e-05,9.808042e-06
26,-0.00030228164,0.00025885296,-7.812113e-05,-4.600799e-05,0.00015008717,-0.00012516942,0.0001238551,-8.333205e-05,-8.948822e-05,-0.0003611347,-0.0001591525,4.742959e-05,-0.0002078179,-0.000518616,7.367514e-05,-0.0003060131,-7.47612e-05,0.00016969425,-0.00041119923,-0.00013862402,0.00015790321,0.00027151522,0.000108241846,-5.087192e-05,0.000115590155,0.00018571653,0.0009963039,0.00022139715,-7.874194e-06,-3.548456e-05,3.291899e-05,0.00011384039,-7.404965e-05,0.000122041536,-8.4254454e-05,-0.00023398499,-0.00012488737,9.513908e-05,-2.0034935e-05,0.00012719048,9.847589e-06,1.8478018e-05,-4.493788e-05,7.3553324e-06,-9.142285e-05,-7.4359355e-05,4.3265558e-05,5.2108073e-05,2.2920127e-05,5.1392644e-06
27,-0.00037832692,0.00027654407,0.00020295514,3.343453e-06,-0.00013856663,0.00025577904,0.00016069936,-0.00014579995,0.00023880316,0.00013948791,-5.9411384e-05,6.784173e-05,4.552616e-05,-0.00036170904,-0.00011660544,-7.139698e-05,-0.00012751081,-3.2740274e-05,4.4602282e-05,0.00013855698,0.00026773245,0.000103343744,0.0002281557,-0.00017627308,3.351922e-05,3.298647e-06,0.00022139715,0.00067030743,0.00023543273,-0.00016520935,7.197341e-05,0.00015277468,-0.0001098566,8.291099e-05,-0.00010875912,-4.6126057e-05,-1.6945314e-06,-4.1936626e-05,3.3539356e-05,0.00011693237,-2.7803297e-05,7.318237e-05,-4.6370813e-05,-1.886667e-05,2.7702092e-05,-2.9002893e-05,1.4854622e-05,-3.2059677e-05,-3.8168815e-05,2.2229877e-05
28,-0.0010266184,0.000394449,0.00026448612,6.626413e-05,0.00015152202,0.00024465745,7.312915e-05,8.765184e-05,0.00049836887,-0.0003306709,0.0003421182,7.607631e-05,0.00042551145,-6.962066e-05,-0.00023043653,0.00015740009,-0.00017397769,-8.492863e-05,-0.00014495189,0.0002795004,6.2135645e-05,9.436834e-05,0.0002711151,-0.0001421477,-4.1535328e-05,-3.294992e-05,-7.874194e-06,0.00023543273,0.00065180694,-3.0027522e-05,4.0563642e-05,-0.00015231878,-0.00020025886,0.00012939067,-1.2518711e-05,-0.00013877611,-2.9300167e-05,-8.478471e-05,-4.005456e-05,0.00013932923,-2.7521764e-05,-4.04386e-05,0.000116857205,-5.2450858e-05,4.1605726e-05,3.6542966e-05,6.774078e-05,-3.434802e-05,-4.879212e-05,6.9385016e-05
29,-0.0003124381,6.538918e-05,-0.00017503076,3.6421858e-05,3.9416147e-05,0.00031626434,-9.912247e-05,-2.9565403e-05,5.4118453e-05,-3.3125973e-05,-4.0146748e-05,0.0002478003,-1.632291e-05,0.00037100486,0.00037629137,7.704502e-05,-2.8542632e-05,-2.6049544e-05,-0.00019119409,0.00021302576,7.17495e-05,0.00013849788,-7.2301875e-05,0.00019733723,-8.74719e-05,-0.00010417233,-3.548456e-05,-0.00016520935,-3.0027522e-05,0.0006456041,-9.86571e-05,9.727394e-05,-7.4939744e-05,2.735075e-05,2.3461993e-05,2.2763452e-05,4.9117232e-05,-4.85997e-05,-0.00015243312,-0.00019561176,-1.3849625e-05,-2.8615294e-05,7.9940684e-05,-1.1537398e-05,-9.305274e-05,-8.10971e-06,-4.2342044e-06,2.4750982e-05,6.388533e-06,1.5350031e-05
30,-0.0018330356,0.00067058404,0.0002569384,-0.00022046131,9.232788e-06,0.00073013315,-0.0004489875,0.00013872304,0.0010875273,0.00019625077,-0.00021058826,0.00040352537,0.0002935944,0.0004611968,-0.0003451571,0.000118865384,-0.00022106967,-0.00036707034,-0.00022284027,0.00032740732,0.00011626088,5.0380286e-06,-6.09615e-05,-0.00025830956,-4.777308e-05,0.00012237651,3.291899e-05,7.197341e-05,4.0563642e-05,-9.86571e-05,0.0008573968,-9.5385025e-05,0.0001707715,-3.2933043e-05,-0.00013808836,0.00022130477,8.5829786e-05,-6.7314555e-05,-4.651215e-05,-5.499071e-05,-5.03269e-05,3.231573e-05,-0.00013372891,9.462303e-05,3.1783886e-05,-0.00014441591,-2.4857545e-05,2.7204176e-05,-3.1430227e-05,5.0378335e-06
31,3.7753663e-05,-0.000102226535,3.2174112e-06,-0.00017010068,-0.00015350035,-7.8963305e-05,0.00011276133,2.808691e-05,-0.00024613447,-0.0001645603,-1.8629671e-05,0.00017875082,-0.00034886872,-0.00012164048,0.00022845404,-0.000115336734,-1.4549502e-05,0.0001994416,-3.2512085e-05,-0.00012937997,0.0005969587,0.00014106632,-7.7793724e-05,3.689091e-05,-0.00017432854,1.8419927e-05,0.00011384039,0.00015277468,-0.00015231878,9.727394e-05,-9.5385025e-05,0.0005503629,1.106555e-05,-0.000118016986,-2.5571212e-06,-4.6103538e-05,-8.915034e-05,8.4987456e-05,-4.749142e-05,-0.00016264242,5.7849345e-05,1.3460198e-06,3.5445806e-05,-1.4994213e-05,-2.1786204e-06,-7.397214e-05,-2.6942445e-05,3.30174e-05,1.3284534e-05,-7.705589e-05
32,-0.0004037947,0.00014043119,-0.00012460139,-0.00013847239,0.00017828066,0.00017302105,-4.6545953e-05,-2.5345973e-05,2.7942926e-06,-0.0004213903,-0.0003552733,0.00025139644,-0.00029919104,0.00026441232,3.1793992e-05,0.00038701395,0.0001251624,-0.000113607646,2.545237e-05,-0.00013996262,0.00013567231,0.00022458463,-0.00020189313,0.000178866,3.1533177e-06,7.4031166e-05,-7.404965e-05,-0.0001098566,-0.00020025886,-7.4939744e-05,0.0001707715,1.106555e-05,0.00055162737,-6.906579e-05,-6.0125978e-05,2.986359e-05,-6.013114e-05,-0.00012097687,3.7013873e-05,-8.50562e-06,-8.7046035e-05,7.952815e-05,-4.4824363e-05,3.1717394e-05,1.8990526e-05,4.899086e-05,-1.8764604e-06,1.0859937e-05,9.979625e-06,-4.2792315e-05
33,0.0006048832,-5.4760778e-05,-0.00019313235,0.00011590026,-7.906397e-05,0.00045327217,-0.00018286917,0.00024594867,0.00065808534,-0.0002991096,-4.547814e-05,0.0002517809,6.0908744e-05,3.4632976e-05,8.757821e-05,0.0001262702,-5.910614e-05,0.00024058987,-5.7744917e-05,-3.7194903e-05,-0.00058247533,-7.4143085e-05,0.00022841422,6.1475934e-05,0.00016924164,9.561593e-05,0.000122041536,8.291099e-05,0.00012939067,2.735075e-05,-3.2933043e-05,-0.000118016986,-6.906579e-05,0.00046999197,-0.00015033224,-0.0001114522,-0.000115394985,-3.303539e-05,-0.000107975255,7.8071986e-05,-1.6202803e-05,-9.262403e-05,2.4080899e-05,1.555334e-05,-4.5851033e-05,-5.7010904e-05,3.5501256e-05,-7.5275625e-06,-3.5675195e-05,2.345292e-05
34,-0.0014091658,0.00013946727,-0.0003037708,-0.00021556768,0.0001889528,0.0003616772,0.0001638653,8.615012e-05,0.0005194539,-0.00029231003,0.00010561166,-9.107834e-05,5.2546235e-05,-0.0003491272,-0.00023609577,-0.0001773642,-0.00015291481,0.00012555189,0.00023096707,-9.929956e-06,3.783316e-05,-0.00012304026,-0.00018880247,-0.0002835374,-0.000105446736,-0.00015223172,-8.4254454e-05,-0.00010875912,-1.2518711e-05,2.3461993e-05,-0.00013808836,-2.5571212e-06,-6.0125978e-05,-0.00015033224,0.00059178,5.842011e-05,8.175478e-05,-6.1838524e-05,-4.7647663e-06,4.5963876e-05,-4.3457967e-06,3.0485651e-05,0.00010044046,3.471519e-06,3.2254975e-05,1.54439e-05,-5.0396233e-05,8.6034175e-05,6.226233e-05,5.5722638e-05
35,-0.00010302903,-0.000118507975,2.8198918e-05,-8.351726e-05,-0.00016020733,-3.407713e-05,-1.27946905e-05,-4.443834e-05,0.00016609217,3.8418715e-05,-2.108096e-05,0.00012964597,-0.00018335413,9.009116e-05,0.00018703236,-5.111046e-05,-3.145697e-06,-0.0001573936,6.6550245e-05,0.00019128484,-0.0002040524,-0.00011384511,-0.00019291569,-0.00022217933,-9.26935e-05,9.293164e-05,-0.00023398499,-4.6126057e-05,-0.00013877611,2.2763452e-05,0.00022130477,-4.6103538e-05,2.986359e-05,-0.0001114522,5.842011e-05,0.0005259331,8.854979e-05,1.9449224e-05,5.71357e-05,-7.066617e-05,-0.00015160878,1.1264243e-05,7.203495e-05,0.00015928526,1.5215649e-05,-7.339206e-05,2.2088392e-05,7.848608e-06,-4.8195878e-05,-2.1444172e-05
36,0.00066696457,-0.00014679282,7.669274e-05,9.2724615e-05,-0.00027757726,-0.00023678585,-0.0001042551,-2.672418e-05,-0.00016241783,0.00047065155,0.00018749003,-0.00019791797,0.00018733382,3.5131452e-05,-5.6821063e-05,-0.00042585988,-6.11319e-05,-0.00014793087,0.000117391486,0.00019269835,6.3525804e-05,-0.00011994136,-0.00012606572,-0.00010656557,5.7464655e-05,-5.2783602e-05,-0.00012488737,-1.6945314e-06,-2.9300167e-05,4.9117232e-05,8.5829786e-05,-8.915034e-05,-6.013114e-05,-0.000115394985,8.175478e-05,8.854979e-05,0.00043126868,-1.2099183e-05,-8.792381e-05,-0.000100490055,8.6615604e-05,4.2008967e-05,-5.2022915e-05,-1.4681027e-05,-1.68134e-05,2.417351e-05,-9.160032e-05,1.8938688e-05,-4.1392832e-05,2.822234e-05
37,-7.193098e-05,-0.00020205838,0.00018950227,-3.3900265e-05,3.8003134e-06,-0.00034459808,4.1032963e-06,-0.00019917925,-0.0004863675,-0.00015523944,0.0002718254,0.00018327073,-3.243229e-05,-6.210365e-05,0.00017168769,-0.00034528034,-9.493821e-05,-8.2327415e-06,1.4945073e-05,-2.4842597e-05,-6.417015e-05,-2.6382155e-05,-0.0001026774,-3.6404625e-05,-2.6864953e-05,0.00018019015,9.513908e-05,-4.1936626e-05,-8.478471e-05,-4.85997e-05,-6.7314555e-05,8.4987456e-05,-0.00012097687,-3.303539e-05,-6.1838524e-05,1.9449224e-05,-1.2099183e-05,0.0004242185,-9.308887e-06,-9.834414e-05,6.7269924e-05,-8.887825e-05,4.8770038e-05,1.5388945e-05,-9.990561e-05,-2.0569285e-05,4.9673883e-05,9.648278e-06,-1.887502e-05,-8.219137e-06
38,-0.0011250977,6.20372e-05,0.0002783354,-3.753272e-05,0.00024125149,-0.00034014828,0.00016464878,-0.00018489153,-0.00066530536,-0.0001334346,0.00019991043,-9.3756644e-05,0.000119697404,-5.9901962e-05,-0.0001403177,-5.087755e-05,0.00016168998,-1.2403676e-05,-1.5653568e-05,-0.00015494411,-1.3240315e-05,-8.5268715e-05,-0.0001411456,-6.6986814e-07,3.3720746e-05,-4.5441353e-05,-2.0034935e-05,3.3539356e-05,-4.005456e-05,-0.00015243312,-4.651215e-05,-4.749142e-05,3.7013873e-05,-0.000107975255,-4.7647663e-06,5.71357e-05,-8.792381e-05,-9.308887e-06,0.0003917072,0.00015955881,-0.00011805728,0.00013651638,-4.0364295e-05,7.85417e-06,2.5424422e-05,6.2002626e-05,1.3005742e-05,-4.387145e-05,1.2875627e-05,-2.6300304e-05
39,-0.0010056768,0.00030612567,0.00024021592,-8.198274e-06,0.00018601518,-0.00016569329,6.283674e-05,7.856122e-05,-0.00037566555,-0.00014407816,2.4889698e-05,-0.00013632476,0.0001821248,-8.2059116e-05,-0.00020832595,-3.8281156e-05,8.3997234e-05,-4.5157452e-05,-6.20826e-05,-0.00013421956,-0.00021816065,0.00010966988,-4.208227e-06,-3.682589e-05,0.00017780962,3.945147e-06,0.00012719048,0.00011693237,0.00013932923,-0.00019561176,-5.499071e-05,-0.00016264242,-8.50562e-06,7.8071986e-05,4.5963876e-05,-7.066617e-05,-0.000100490055,-9.834414e-05,0.00015955881,0.0005071667,-7.4031595e-05,6.421082e-05,4.6374356e-05,9.835495e-05,9.581571e-05,-4.7220477e-05,-6.738454e-07,1.9004448e-05,3.9449296e-05,1.1097177e-05
40,0.0015232703,-0.00034067116,9.464383e-05,7.502071e-05,-0.00012645515,-0.00012593294,7.206085e-06,-7.438219e-05,-0.00028335,0.0002934463,0.00024208304,-2.253586e-05,5.209833e-05,-0.0001288886,-5.178352e-05,4.3072205e-06,-9.1667425e-05,-4.901451e-05,2.5968651e-05,6.763045e-05,0.00010164498,-8.502166e-05,0.00016212589,0.00013216591,1.5232896e-05,-8.143677e-05,9.847589e-06,-2.7803297e-05,-2.7521764e-05,-1.3849625e-05,-5.03269e-05,5.7849345e-05,-8.7046035e-05,-1.6202803e-05,-4.3457967e-06,-0.00015160878,8.6615604e-05,6.7269924e-05,-0.00011805728,-7.4031595e-05,0.0004649757,-0.000101857266,-1.3080513e-05,-4.6700716e-05,3.519927e-05,3.6427424e-05,-3.4735902e-05,1.7299117e-05,6.29638e-05,-2.391709e-05
41,-0.0004504496,0.00017802,-7.457525e-05,-0.00017135782,-0.00017512501,0.00032329228,-0.00013009587,-1.2375815e-05,0.0003144379,-9.385516e-06,-5.1887466e-05,0.00028944103,4.807034e-05,0.0001140058,0.00010194037,-2.7862065e-05,8.1199265e-05,-4.0495315e-06,-0.000102631064,5.8537997e-05,0.00021425172,3.0727656e-06,-0.00017151522,4.836586e-05,1.4534442e-05,6.680997e-05,1.8478018e-05,7.318237e-05,-4.04386e-05,-2.8615294e-05,3.231573e-05,1.3460198e-06,7.952815e-05,-9.262403e-05,3.0485651e-05,1.1264243e-05,4.2008967e-05,-8.887825e-05,0.00013651638,6.421082e-05,-0.000101857266,0.00037835198,-4.8492126e-05,-6.34566e-05,0.000109428234,7.036628e-05,-4.5804543e-05,-5.8720612e-05,-3.780533e-07,3.0252682e-05
42,-0.00046318004,0.0001369759,1.5711537e-05,-0.00011136377,-0.00017334391,7.168496e-05,-2.4112076e-05,5.1533803e-05,0.00011154162,-5.1224975e-05,-0.00016340212,0.00030919674,-0.00015159798,-0.00011618006,6.853008e-05,-0.00013445163,-0.0001428075,0.00022332811,-0.0001303231,-3.2435026e-05,-0.00010121341,3.3883327e-05,-4.1189996e-05,-6.966661e-05,-6.602466e-05,5.526568e-05,-4.493788e-05,-4.6370813e-05,0.000116857205,7.9940684e-05,-0.00013372891,3.5445806e-05,-4.4824363e-05,2.4080899e-05,0.00010044046,7.203495e-05,-5.2022915e-05,4.8770038e-05,-4.0364295e-05,4.6374356e-05,-1.3080513e-05,-4.8492126e-05,0.0002845577,5.3111835e-05,-4.0379313e-05,-2.4218707e-05,6.5086024e-05,3.1462814e-06,5.9159232e-05,-2.2438973e-05
43,-0.0007998053,0.00019323421,0.00010135854,-4.2478023e-05,0.00010550131,-3.1771844e-05,-8.737795e-05,-7.0707414e-05,3.6917303e-05,-3.0612275e-05,0.00011675235,-4.4850814e-05,0.00011455186,0.00018557852,3.6355807e-05,-0.0001422138,8.172561e-05,-0.0001350553,-5.396754e-05,6.1277155e-05,-0.00012906158,-7.8462755e-05,-7.239898e-05,1.3490156e-05,1.4984285e-05,5.5625875e-05,7.3553324e-06,-1.886667e-05,-5.2450858e-05,-1.1537398e-05,9.462303e-05,-1.4994213e-05,3.1717394e-05,1.555334e-05,3.471519e-06,0.00015928526,-1.4681027e-05,1.5388945e-05,7.85417e-06,9.835495e-05,-4.6700716e-05,-6.34566e-05,5.3111835e-05,0.000279489,-7.926661e-06,-0.000121914374,5.6863086e-05,5.2992164e-06,-3.3610181e-06,-1.1863218e-05
44,-5.050364e-05,1.9937812e-05,0.00011487539,-0.00011617406,-1.233061e-05,-3.7423786e-05,0.00013413778,-0.00012911716,2.947186e-05,-0.00018871455,0.0002764592,0.00016022581,-9.466158e-05,-0.00023121014,0.00014698016,4.414988e-05,2.8474431e-05,-0.00014016233,3.7096557e-05,0.00018839704,7.606967e-05,3.4748302e-07,-3.496148e-05,4.171695e-06,-2.5292455e-05,7.915264e-05,-9.142285e-05,2.7702092e-05,4.1605726e-05,-9.305274e-05,3.1783886e-05,-2.1786204e-06,1.8990526e-05,-4.5851033e-05,3.2254975e-05,1.5215649e-05,-1.68134e-05,-9.990561e-05,2.5424422e-05,9.581571e-05,3.519927e-05,0.000109428234,-4.0379313e-05,-7.926661e-06,0.00032467078,3.255e-05,2.5246693e-06,-2.9816332e-05,3.1082614e-06,-2.6635267e-05
45,0.0009524421,-0.00022018369,-8.262643e-05,9.9092955e-05,-7.71241e-05,-0.00014847264,8.438555e-05,7.5156204e-06,-0.00017743511,0.00012193063,-0.00012824319,-3.0339443e-06,-9.381554e-05,-0.0002258337,1.2406414e-06,6.25558e-05,2.4741925e-05,-7.926431e-05,4.705212e-05,-0.000103511826,2.3278171e-05,3.255295e-05,-4.6660556e-05,0.00018551236,1.1556633e-05,-3.698322e-05,-7.4359355e-05,-2.9002893e-05,3.6542966e-05,-8.10971e-06,-0.00014441591,-7.397214e-05,4.899086e-05,-5.7010904e-05,1.54439e-05,-7.339206e-05,2.417351e-05,-2.0569285e-05,6.2002626e-05,-4.7220477e-05,3.6427424e-05,7.036628e-05,-2.4218707e-05,-0.000121914374,3.255e-05,0.0002494704,2.4097943e-05,-1.3269835e-05,-4.4285232e-05,-3.5481314e-06
46,-1.3267103e-05,2.1780903e-05,0.000185206,-0.00010719331,-4.7671678e-05,-3.3252705e-05,1.6286249e-05,1.1242573e-05,-0.00029241375,6.487874e-06,-6.885986e-05,1.0317886e-05,1.0271993e-06,-5.6446654e-05,-0.00014718142,-0.0001292018,-0.00018265116,-0.0001286876,-4.0529492e-05,4.8559687e-05,-4.7588102e-05,1.9008745e-05,5.6222852e-05,0.000121548146,-5.083904e-05,0.0001294582,4.3265558e-05,1.4854622e-05,6.774078e-05,-4.2342044e-06,-2.4857545e-05,-2.6942445e-05,-1.8764604e-06,3.5501256e-05,-5.0396233e-05,2.2088392e-05,-9.160032e-05,4.9673883e-05,1.3005742e-05,-6.738454e-07,-3.4735902e-05,-4.5804543e-05,6.5086024e-05,5.6863086e-05,2.5246693e-06,2.4097943e-05,0.00019114529,-7.170426e-06,-3.5749435e-05,3.4348974e-05
47,-0.0006904168,7.831163e-05,0.00010773172,-9.3274175e-06,0.00014511944,-6.9425194e-05,4.1225634e-05,-1.2938852e-05,-0.00026597903,2.8778206e-05,4.8214923e-05,1.6823215e-05,3.812417e-05,-3.9529463e-05,-2.2319064e-05,-4.053909e-05,-7.014524e-05,-7.1708782e-06,5.063245e-05,-1.2745771e-06,-6.706764e-05,3.6815432e-05,-3.9642306e-05,-4.986606e-05,3.6723304e-05,-6.2605955e-05,5.2108073e-05,-3.2059677e-05,-3.434802e-05,2.4750982e-05,2.7204176e-05,3.30174e-05,1.0859937e-05,-7.5275625e-06,8.6034175e-05,7.848608e-06,1.8938688e-05,9.648278e-06,-4.387145e-05,1.9004448e-05,1.7299117e-05,-5.8720612e-05,3.1462814e-06,5.2992164e-06,-2.9816332e-05,-1.3269835e-05,-7.170426e-06,0.00016012206,-2.465347e-05,-5.1406982e-06
48,-0.0001014054,1.1549686e-05,4.2292686e-05,2.7866528e-05,8.540451e-05,-0.00015983317,0.00011579388,0.00010917231,-0.00022139508,-3.4986624e-05,-0.00014272184,-1.04399405e-05,-0.00013502003,-2.6258549e-05,-0.00010874418,1.9567902e-05,-5.3938787e-05,0.00017099138,-9.220884e-05,-4.623494e-05,-2.9298155e-06,3.6331905e-05,3.1364456e-05,-3.857676e-05,-5.001994e-05,-1.5856156e-05,2.2920127e-05,-3.8168815e-05,-4.879212e-05,6.388533e-06,-3.1430227e-05,1.3284534e-05,9.979625e-06,-3.5675195e-05,6.226233e-05,-4.8195878e-05,-4.1392832e-05,-1.887502e-05,1.2875627e-05,3.9449296e-05,6.29638e-05,-3.780533e-07,5.9159232e-05,-3.3610181e-06,3.1082614e-06,-4.4285232e-05,-3.5749435e-05,-2.465347e-05,0.00020719106,-2.6522366e-05
49,-0.00013402115,-7.783274e-05,3.467832e-05,6.694095e-05,8.141076e-05,-5.6033903e-05,9.796758e-05,0.0001017731,1.3403662e-06,-0.00021848749,9.2390095e-05,-4.0166356e-05,7.5124735e-05,0.00012838555,-4.679686e-05,1.0356813e-05,-0.00010822805,-5.7563426e-05,5.43805e-05,0.00014084642,-2.4562922e-05,-5.090128e-06,6.423195e-05,-5.377367e-05,-7.302324e-06,9.808042e-06,5.1392644e-06,2.2229877e-05,6.9385016e-05,1.5350031e-05,5.0378335e-06,-7.705589e-05,-4.2792315e-05,2.345292e-05,5.5722638e-05,-2.1444172e-05,2.822234e-05,-8.219137e-06,-2.6300304e-05,1.1097177e-05,-2.391709e-05,3.0252682e-05,-2.2438973e-05,-1.1863218e-05,-2.6635267e-05,-3.5481314e-06,3.4348974e-05,-5.1406982e-06,-2.6522366e-05,0.0001486538
