,0,1,2,3,4,5,6,7,8,9,10,11,12,13,14,15,16,17,18,19,20,21,22,23,24,25,26,27,28,29,30,31,32,33,34,35,36,37,38,39
0,404.90262,8.934853,-23.859573,40.397858,3.3687663,3.9633527,22.013466,15.1097145,25.974777,6.544923,-0.52334654,27.557709,-7.0200205,-11.497078,-3.353034,-20.429655,0.3749077,-11.280027,-6.6979074,-1.2377179,2.2894983,9.290907,12.036856,-4.584349,2.1368878,0.53706896,-5.761903,-0.5372391,1.7840233,2.2141411,-0.13863379,2.412443,-4.733017,3.421848,-2.312233,-1.1142185,-0.98355675,-4.0240574,-0.19884631,4.8050555e-07
1,8.934853,182.66203,2.5813828,-30.220476,13.90346,-11.381425,-8.523842,-18.12562,25.50448,5.1128554,-10.7249565,-1.9752307,0.9432063,-4.1567483,-4.2739325,-2.4087114,-6.659052,-1.3490458,-2.3707786,7.288458,0.22044867,0.64956653,-2.2709332,-2.273014,-1.0148467,0.5466223,2.010261,1.1016626,0.54255974,-1.3794782,0.3542496,-1.8767787,-1.2562616,0.24176092,0.58555806,0.60962534,1.6791523,-0.48847756,-0.18311727,-1.24810295e-08
2,-23.859573,2.5813828,56.77891,15.335851,-19.174143,-17.294407,-9.4939,-7.4930344,4.147417,-7.2974744,-0.4294768,6.5189023,-3.9605622,2.808115,-6.836457,2.3258443,0.21302626,-10.38715,-5.4184647,-4.3314724,0.112581626,-6.9914675,-3.8670893,0.61484766,2.1046453,-0.63703954,4.6771116,-2.6481364,3.5471811,3.0203018,-1.4806561,-0.39166218,-0.08761731,-1.5872574,-0.5708318,1.0117235,0.32972693,0.5591403,0.4810074,2.9288492e-07
3,40.397858,-30.220476,15.335851,49.394848,14.913619,-7.4886456,2.9012034,-7.9242578,-3.494148,9.968494,-3.7915993,3.5736437,-10.2665205,3.067541,0.17487085,-1.6439774,-1.6946487,-1.1014996,1.4528558,-2.2655597,-0.8149072,-2.873695,0.31901205,0.82606363,-5.355049,-2.459522,4.120199,-2.5926685,1.2386552,1.5099645,-2.6515434,0.315225,-0.08730305,-1.2228196,2.0498354,2.4645314,0.31376046,-1.3100543,0.1475043,1.0430009e-06
4,3.3687663,13.90346,-19.174143,14.913619,56.49842,6.299282,0.70625114,-3.0521612,0.2800589,10.706007,9.619865,-10.756304,-0.9599068,-10.58935,2.800797,5.2199354,-4.0450053,-1.6344486,6.865701,-2.1454802,-2.7297485,-1.3833708,1.6574602,-0.40329748,-0.42080843,1.4246585,1.9982383,-1.6910093,1.3414006,1.9683834,-0.15217933,-1.5175934,0.8256653,-1.2723366,2.7206116,0.26107156,-0.1481655,-1.6520663,-0.12188497,1.4822879e-07
5,3.9633527,-11.381425,-17.294407,-7.4886456,6.299282,65.94317,-5.8973427,-6.551023,-2.2238922,-2.9195004,-9.592626,-2.698552,1.0067444,1.9758213,2.047151,-4.9090247,-5.4248238,-4.3107157,-0.8402585,-4.1296797,-0.041222356,-2.0207396,1.214427,-0.43929583,2.7193785,-2.7622738,-0.8149953,0.13568115,1.7125428,-1.6011038,-0.23516497,-0.565056,0.46303648,-0.8625787,-0.87344086,-1.0421084,1.3093321,0.35222352,0.23395032,-5.444765e-07
6,22.013466,-8.523842,-9.4939,2.9012034,0.70625114,-5.8973427,28.935598,-2.3682904,-5.7539186,1.8687447,-6.6250806,1.8915043,5.3729887,-7.371323,10.659653,3.2489822,3.4307837,-1.4368122,-2.6815772,3.7601495,4.4272947,1.5722783,-2.2616866,1.9696062,-1.4021888,2.9116845,1.2493287,-1.9295799,0.6620256,-1.7242761,1.5183965,2.0771646,0.27391475,-0.36684355,-0.602895,0.062072515,1.5184429,-0.21482868,-0.60778964,-5.751665e-08
7,15.1097145,-18.12562,-7.4930344,-7.9242578,-3.0521612,-6.551023,-2.3682904,51.215187,8.02698,-6.0554585,-0.049890295,-5.3859806,-0.105204776,-4.6661816,-1.0749614,-0.81134105,-5.8161783,2.708642,-0.62221235,1.302592,-1.6661313,-1.0132881,-1.3645568,-0.64805967,1.8497493,0.05563367,3.394339,0.58353364,-1.1745389,-0.98936695,-2.4296625,1.2549074,-0.32650444,-0.112200096,0.5890224,-0.41221726,0.6888295,-0.016371736,0.21895345,2.965556e-07
8,25.974777,25.50448,4.147417,-3.494148,0.2800589,-2.2238922,-5.7539186,8.02698,23.402798,-0.31883812,-3.3816295,3.6316786,5.0149455,1.6485145,1.1596289,-0.5508708,1.2185699,4.595826,2.0448785,-5.0812244,1.1949854,-3.6748638,3.9808984,1.0255207,1.6993415,0.2912658,1.623177,-0.9189694,1.1899807,1.4147726,-1.5291294,0.38488013,0.8740518,-1.8512634,-0.39067346,-0.80423176,-0.68620735,0.038655855,0.11641893,-1.3316054e-07
9,6.544923,5.1128554,-7.2974744,9.968494,10.706007,-2.9195004,1.8687447,-6.0554585,-0.31883812,11.544313,1.2115284,-0.88068247,-0.63099754,6.240892,5.7753515,-0.031532384,-1.5596414,2.9531157,-0.91026783,2.2541978,-3.7954912,-1.1276903,2.4447813,-0.29726663,-1.1882026,1.5671027,0.56924653,1.1334031,-0.14529236,0.33207002,-0.38789445,1.1323695,-0.4834643,0.33237618,0.88986933,0.888883,0.1343733,-0.40088615,-0.31615126,2.534112e-07
10,-0.52334654,-10.7249565,-0.4294768,-3.7915993,9.619865,-9.592626,-6.6250806,-0.049890295,-3.3816295,1.2115284,28.81605,-0.9171498,3.9765673,2.2986116,-1.928952,0.8744937,-3.1406174,-2.9580903,1.9173381,2.883407,2.3699021,-0.2657082,3.0277805,0.0057358034,3.4129245,0.6068418,-2.4986243,1.1589379,2.480811,-0.08358121,0.13679281,-1.3018253,-1.4361646,-0.46034473,-1.4906509,0.4640391,-0.6569484,-0.8339913,0.054183785,3.3477875e-07
11,27.557709,-1.9752307,6.5189023,3.5736437,-10.756304,-2.698552,1.8915043,-5.3859806,3.6316786,-0.88068247,-0.9171498,17.060694,5.761223,2.7509818,1.2240877,1.8484037,-0.72666496,-1.3702111,5.186312,-1.1469362,-2.0782127,2.136144,-2.1464252,-0.24071461,1.1791339,-2.350593,-0.87502813,0.7512988,1.8435867,-1.2557243,-0.4330476,1.2935221,-0.6863129,0.23057742,0.44866666,-0.07224662,0.17075194,0.4610715,-0.022124432,-3.3947265e-07
12,-7.0200205,0.9432063,-3.9605622,-10.2665205,-0.9599068,1.0067444,5.3729887,-0.105204776,5.0149455,-0.63099754,3.9765673,5.761223,11.680005,1.3218356,6.8640947,4.726692,0.7333392,-0.951971,3.2535005,-1.2679689,1.8978786,0.21826312,0.35865283,-0.8855192,2.6116652,0.926008,0.18629901,0.60387266,-0.5022695,-0.48343354,-0.7825546,0.34760553,0.011169594,-1.1155875,-0.7180973,-0.20523275,0.63248855,0.34847668,-0.3004697,-2.2888416e-07
13,-11.497078,-4.1567483,2.808115,3.067541,-10.58935,1.9758213,-7.371323,-4.6661816,1.6485145,6.240892,2.2986116,2.7509818,1.3218356,15.759191,4.5071554,-2.4367547,-3.8192306,3.6555576,-1.9551029,0.83603454,-0.44759136,-1.133138,1.7466872,-1.6683481,-0.89023757,-0.21434447,0.27880841,1.525239,-1.0112724,0.04938697,-1.6707208,0.4188646,-1.2311236,-0.39032573,-0.546328,0.47296056,-0.84131944,0.20485228,-0.14821443,2.2901465e-07
14,-3.353034,-4.2739325,-6.836457,0.17487085,2.800797,2.047151,10.659653,-1.0749614,1.1596289,5.7753515,-1.928952,1.2240877,6.8640947,4.5071554,12.327164,3.7749093,-1.7084136,1.6490192,-1.8750119,0.25635445,0.5839731,-0.55205286,-0.60555375,-0.22118066,-0.086993486,2.502302,1.4420608,-0.797078,-0.018701188,0.81172895,-1.0935909,0.6017903,-0.99471146,-0.01887142,-0.32634544,-0.95454156,0.37533438,0.025505755,-0.36667132,-7.319228e-08
15,-20.429655,-2.4087114,2.3258443,-1.6439774,5.2199354,-4.9090247,3.2489822,-0.81134105,-0.5508708,-0.031532384,0.8744937,1.8484037,4.726692,-2.4367547,3.7749093,6.9336023,1.291324,-1.8923075,2.242608,-0.42217255,-2.3272462,0.05403316,-1.3780549,0.142609,0.67206943,-0.4536184,1.0928171,-0.17370826,-0.36052364,1.8616679,-0.73307073,-0.35052922,0.06280349,0.028265242,0.11818186,-1.4845765,0.6630124,0.087143175,-0.11617525,-2.0035623e-07
16,0.3749077,-6.659052,0.21302626,-1.6946487,-4.0450053,-5.4248238,3.4307837,-5.8161783,1.2185699,-1.5596414,-3.1406174,-0.72666496,0.7333392,-3.8192306,-1.7084136,1.291324,11.048132,0.90834546,0.32453284,-0.5621809,-0.27295578,-1.858108,4.440402,0.8210437,0.8742383,-0.03695621,-2.3000848,-0.91022503,-2.454723,0.5509373,0.39448577,0.052026257,0.9200579,-0.0183204,0.12229599,-0.16738975,0.85394835,0.3560954,-0.058635745,6.0493175e-09
17,-11.280027,-1.3490458,-10.38715,-1.1014996,-1.6344486,-4.3107157,-1.4368122,2.708642,4.595826,2.9531157,-2.9580903,-1.3702111,-0.951971,3.6555576,1.6490192,-1.8923075,0.90834546,13.842387,1.4436775,-1.3805037,-0.52648944,1.0008548,-0.42072526,3.0453534,-1.204807,-0.28761557,-2.5307279,-1.3184063,0.74376094,0.06071028,0.4971562,-0.17499647,-0.42693877,-0.3958444,-0.0933021,0.5533889,-0.0999573,-0.6001297,0.296527,2.192904e-07
18,-6.6979074,-2.3707786,-5.4184647,1.4528558,6.865701,-0.8402585,-2.6815772,-0.62221235,2.0448785,-0.91026783,1.9173381,5.186312,3.2535005,-1.9551029,-1.8750119,2.242608,0.32453284,1.4436775,9.670229,-2.1807895,0.7572782,0.8201235,0.23956731,0.6582699,-1.0812774,-2.7313051,0.53726625,1.230488,-0.5637166,-1.8055148,-0.036271483,-0.27530104,0.22834623,0.18175896,1.3372281,0.15797275,-0.29697073,0.2621686,-0.008615092,-1.4443404e-07
19,-1.2377179,7.288458,-4.3314724,-2.2655597,-2.1454802,-4.1296797,3.7601495,1.302592,-5.0812244,2.2541978,2.883407,-1.1469362,-1.2679689,0.83603454,0.25635445,-0.42217255,-0.5621809,-1.3805037,-2.1807895,10.309724,-0.9979818,-0.08139245,1.149709,-0.04912951,-1.4526482,-2.4701924,-0.9413582,-0.21811855,0.638595,-2.0408463,-0.96684647,1.1539034,0.26514187,-0.7286787,0.053192705,-1.1733475,0.7071924,0.1465738,-0.23031476,9.2778606e-08
20,2.2894983,0.22044867,0.112581626,-0.8149072,-2.7297485,-0.041222356,4.4272947,-1.6661313,1.1949854,-3.7954912,2.3699021,-2.0782127,1.8978786,-0.44759136,0.5839731,-2.3272462,-0.27295578,-0.52648944,0.7572782,-0.9979818,11.019702,-0.17656898,0.48939145,0.5121588,-2.358325,0.5197785,1.1614308,-1.434782,-0.36105743,-1.7581761,-0.66389704,-1.6464248,-0.35202503,-0.37869757,-1.0132787,0.40522784,-0.63504696,0.048321493,0.025428845,3.0599796e-07
21,9.290907,0.64956653,-6.9914675,-2.873695,-1.3833708,-2.0207396,1.5722783,-1.0132881,-3.6748638,-1.1276903,-0.2657082,2.136144,0.21826312,-1.133138,-0.55205286,0.05403316,-1.858108,1.0008548,0.8201235,-0.08139245,-0.17656898,7.53041,-2.9061267,-1.5767034,-1.4664447,0.08360261,-1.8178566,1.515874,-0.5842447,1.2123864,-0.4727817,-0.72613674,1.6033907,0.09406239,-1.006042,0.22900534,-0.44043607,-0.40725905,0.09148301,-2.2610884e-08
22,12.036856,-2.2709332,-3.8670893,0.31901205,1.6574602,1.214427,-2.2616866,-1.3645568,3.9808984,2.4447813,3.0277805,-2.1464252,0.35865283,1.7466872,-0.60555375,-1.3780549,4.440402,-0.42072526,0.23956731,1.149709,0.48939145,-2.9061267,7.076197,0.6519016,-0.0832604,0.0137320105,-0.097826645,1.5827274,-0.99797165,-0.034829516,-0.7038023,0.37443817,1.0004015,0.33715206,-0.3298878,-0.4800877,-0.09544593,0.34793252,-0.14368793,8.449784e-08
23,-4.584349,-2.273014,0.61484766,0.82606363,-0.40329748,-0.43929583,1.9696062,-0.64805967,1.0255207,-0.29726663,0.0057358034,-0.24071461,-0.8855192,-1.6683481,-0.22118066,0.142609,0.8210437,3.0453534,0.6582699,-0.04912951,0.5121588,-1.5767034,0.6519016,5.3897066,-0.7365018,-0.8764529,0.98816824,0.8687195,3.0360827,-0.04350107,1.1579845,0.10011545,0.03889493,1.1059998,-1.1895621,-0.3962853,0.9082483,-0.22546427,0.1978143,8.443161e-08
24,2.1368878,-1.0148467,2.1046453,-5.355049,-0.42080843,2.7193785,-1.4021888,1.8497493,1.6993415,-1.1882026,3.4129245,1.1791339,2.6116652,-0.89023757,-0.086993486,0.67206943,0.8742383,-1.204807,-1.0812774,-1.4526482,-2.358325,-1.4664447,-0.0832604,-0.7365018,4.2337875,1.2410619,-1.5588753,-0.6186508,0.54530585,0.10210186,0.8595401,0.43465385,-0.7543171,-0.6327765,0.02589462,0.6750877,0.6377473,-0.081615224,0.031332638,-1.11875266e-07
25,0.53706896,0.5466223,-0.63703954,-2.459522,1.4246585,-2.7622738,2.9116845,0.05563367,0.2912658,1.5671027,0.6068418,-2.350593,0.926008,-0.21434447,2.502302,-0.4536184,-0.03695621,-0.28761557,-2.7313051,-2.4701924,0.5197785,0.08360261,0.0137320105,-0.8764529,1.2410619,5.5792246,-0.34236056,0.20956716,0.8238849,0.14743559,0.17143157,0.27847043,0.7739082,1.332798,0.4997183,1.1704346,-0.7450654,0.63411057,0.02261112,-9.651596e-08
26,-5.761903,2.010261,4.6771116,4.120199,1.9982383,-0.8149953,1.2493287,3.394339,1.623177,0.56924653,-2.4986243,-0.87502813,0.18629901,0.27880841,1.4420608,1.0928171,-2.3000848,-2.5307279,0.53726625,-0.9413582,1.1614308,-1.8178566,-0.097826645,0.98816824,-1.5588753,-0.34236056,4.9620934,1.9431503,-0.6488197,0.15557927,0.5849186,0.67442673,0.044265423,-0.047058452,-0.44543582,-0.036358066,-0.029687338,-0.11078532,-0.29057026,1.5641083e-08
27,-0.5372391,1.1016626,-2.6481364,-2.5926685,-1.6910093,0.13568115,-1.9295799,0.58353364,-0.9189694,1.1334031,1.1589379,0.7512988,0.60387266,1.525239,-0.797078,-0.17370826,-0.91022503,-1.3184063,1.230488,-0.21811855,-1.434782,1.515874,1.5827274,0.8687195,-0.6186508,0.20956716,1.9431503,5.05957,-0.841864,0.060003884,0.7759454,0.6400316,1.0094287,1.415277,-1.1161051,0.73459876,0.3195817,0.06263676,-0.17543577,1.7439547e-08
28,1.7840233,0.54255974,3.5471811,1.2386552,1.3414006,1.7125428,0.6620256,-1.1745389,1.1899807,-0.14529236,2.480811,1.8435867,-0.5022695,-1.0112724,-0.018701188,-0.36052364,-2.454723,0.74376094,-0.5637166,0.638595,-0.36105743,-0.5842447,-0.99797165,3.0360827,0.54530585,0.8238849,-0.6488197,-0.841864,5.710719,-0.41741103,-0.29267934,0.439615,1.1941385,0.30610427,-0.1968248,-0.33649904,-0.12422989,0.34104967,0.36312294,-1.4585834e-07
29,2.2141411,-1.3794782,3.0203018,1.5099645,1.9683834,-1.6011038,-1.7242761,-0.98936695,1.4147726,0.33207002,-0.08358121,-1.2557243,-0.48343354,0.04938697,0.81172895,1.8616679,0.5509373,0.06071028,-1.8055148,-2.0408463,-1.7581761,1.2123864,-0.034829516,-0.04350107,0.10210186,0.14743559,0.15557927,0.060003884,-0.41741103,3.5873737,-0.48898858,-0.93600583,0.3166986,-0.083303005,-1.1784756,-1.039827,-0.09799825,-0.5971709,0.0888433,2.711274e-08
30,-0.13863379,0.3542496,-1.4806561,-2.6515434,-0.15217933,-0.23516497,1.5183965,-2.4296625,-1.5291294,-0.38789445,0.13679281,-0.4330476,-0.7825546,-1.6707208,-1.0935909,-0.73307073,0.39448577,0.4971562,-0.036271483,-0.96684647,-0.66389704,-0.4727817,-0.7038023,1.1579845,0.8595401,0.17143157,0.5849186,0.7759454,-0.29267934,-0.48898858,4.5080886,1.3388162,-1.095557,-0.37437412,-0.4010418,-0.014539583,-0.9677516,-0.52164024,-0.37469888,-4.143975e-07
31,2.412443,-1.8767787,-0.39166218,0.315225,-1.5175934,-0.565056,2.0771646,1.2549074,0.38488013,1.1323695,-1.3018253,1.2935221,0.34760553,0.4188646,0.6017903,-0.35052922,0.052026257,-0.17499647,-0.27530104,1.1539034,-1.6464248,-0.72613674,0.37443817,0.10011545,0.43465385,0.27847043,0.67442673,0.6400316,0.439615,-0.93600583,1.3388162,1.9401461,0.71533,-0.9071983,0.24990392,0.16387525,-0.47383472,0.17431429,-0.27743873,-2.6555034e-07
32,-4.733017,-1.2562616,-0.08761731,-0.08730305,0.8256653,0.46303648,0.27391475,-0.32650444,0.8740518,-0.4834643,-1.4361646,-0.6863129,0.011169594,-1.2311236,-0.99471146,0.06280349,0.9200579,-0.42693877,0.22834623,0.26514187,-0.35202503,1.6033907,1.0004015,0.03889493,-0.7543171,0.7739082,0.044265423,1.0094287,1.1941385,0.3166986,-1.095557,0.71533,3.7347713,-1.121006,-0.31348234,0.36200276,-0.37440994,0.48658818,0.061619177,-1.0243245e-07
33,3.421848,0.24176092,-1.5872574,-1.2228196,-1.2723366,-0.8625787,-0.36684355,-0.112200096,-1.8512634,0.33237618,-0.46034473,0.23057742,-1.1155875,-0.39032573,-0.01887142,0.028265242,-0.0183204,-0.3958444,0.18175896,-0.7286787,-0.37869757,0.09406239,0.33715206,1.1059998,-0.6327765,1.332798,-0.047058452,1.415277,0.30610427,-0.083303005,-0.37437412,-0.9071983,-1.121006,3.8045437,0.48283413,-0.49736312,0.22619063,0.60429305,0.20228729,1.2445105e-08
34,-2.312233,0.58555806,-0.5708318,2.0498354,2.7206116,-0.87344086,-0.602895,0.5890224,-0.39067346,0.88986933,-1.4906509,0.44866666,-0.7180973,-0.546328,-0.32634544,0.11818186,0.12229599,-0.0933021,1.3372281,0.053192705,-1.0132787,-1.006042,-0.3298878,-1.1895621,0.02589462,0.4997183,-0.44543582,-1.1161051,-0.1968248,-1.1784756,-0.4010418,0.24990392,-0.31348234,0.48283413,1.908633,0.1448407,-0.40841573,0.56347406,0.014320675,-1.12756624e-07
35,-1.1142185,0.60962534,1.0117235,2.4645314,0.26107156,-1.0421084,0.062072515,-0.41221726,-0.80423176,0.888883,0.4640391,-0.07224662,-0.20523275,0.47296056,-0.95454156,-1.4845765,-0.16738975,0.5533889,0.15797275,-1.1733475,0.40522784,0.22900534,-0.4800877,-0.3962853,0.6750877,1.1704346,-0.036358066,0.73459876,-0.33649904,-1.039827,-0.014539583,0.16387525,0.36200276,-0.49736312,0.1448407,2.8303914,1.0111562,-0.20692402,0.069824174,3.981089e-07
36,-0.98355675,1.6791523,0.32972693,0.31376046,-0.1481655,1.3093321,1.5184429,0.6888295,-0.68620735,0.1343733,-0.6569484,0.17075194,0.63248855,-0.84131944,0.37533438,0.6630124,0.85394835,-0.0999573,-0.29697073,0.7071924,-0.63504696,-0.44043607,-0.09544593,0.9082483,0.6377473,-0.7450654,-0.029687338,0.3195817,-0.12422989,-0.09799825,-0.9677516,-0.47383472,-0.37440994,0.22619063,-0.40841573,1.0111562,2.1757548,-0.2925292,0.14975418,4.1583633e-07
37,-4.0240574,-0.48847756,0.5591403,-1.3100543,-1.6520663,0.35222352,-0.21482868,-0.016371736,0.038655855,-0.40088615,-0.8339913,0.4610715,0.34847668,0.20485228,0.025505755,0.087143175,0.3560954,-0.6001297,0.2621686,0.1465738,0.048321493,-0.40725905,0.34793252,-0.22546427,-0.081615224,0.63411057,-0.11078532,0.06263676,0.34104967,-0.5971709,-0.52164024,0.17431429,0.48658818,0.60429305,0.56347406,-0.20692402,-0.2925292,0.63131535,0.033562653,-1.2604329e-07
38,-0.19884631,-0.18311727,0.4810074,0.1475043,-0.12188497,0.23395032,-0.60778964,0.21895345,0.11641893,-0.31615126,0.054183785,-0.022124432,-0.3004697,-0.14821443,-0.36667132,-0.11617525,-0.058635745,0.296527,-0.008615092,-0.23031476,0.025428845,0.09148301,-0.14368793,0.1978143,0.031332638,0.02261112,-0.29057026,-0.17543577,0.36312294,0.0888433,-0.37469888,-0.27743873,0.061619177,0.20228729,0.014320675,0.069824174,0.14975418,0.033562653,0.10737898,5.4324005e-08
39,4.8050555e-07,-1.24810295e-08,2.9288492e-07,1.0430009e-06,1.4822879e-07,-5.444765e-07,-5.751665e-08,2.965556e-07,-1.3316054e-07,2.534112e-07,3.3477875e-07,-3.3947265e-07,-2.2888416e-07,2.2901465e-07,-7.319228e-08,-2.0035623e-07,6.0493175e-09,2.192904e-07,-1.4443404e-07,9.2778606e-08,3.0599796e-07,-2.2610884e-08,8.449784e-08,8.443161e-08,-1.11875266e-07,-9.651596e-08,1.5641083e-08,1.7439547e-08,-1.4585834e-07,2.711274e-08,-4.143975e-07,-2.6555034e-07,-1.0243245e-07,1.2445105e-08,-1.12756624e-07,3.981089e-07,4.1583633e-07,-1.2604329e-07,5.4324005e-08,1.684236e-13
