,0,1,2,3,4,5,6,7,8,9,10,11,12,13,14,15,16,17,18,19,20,21,22,23,24,25,26,27,28,29,30,31,32,33,34,35,36,37,38,39
0,297.58624,40.010002,-56.469498,14.194088,-16.144005,1.4235497,-1.1032419,5.8924127,-2.287376,-7.1892023,-10.676096,-4.6055527,-5.686178,-2.3896265,5.081585,2.7117121,-3.7555864,10.660593,-4.4787436,9.207733,-11.238379,-4.851893,-1.1775076,-0.31111968,5.256406,0.40336096,-4.7060328,-3.6308556,0.6806912,-4.221075,-2.5994596,0.64431924,0.9305225,0.07340427,-2.2890935,2.6730676,1.3260689,-0.74109674,-0.75600314,3.4176338e-07
1,40.010002,76.84636,-33.66767,-24.082802,1.4032376,20.129845,-7.163974,8.323891,6.218096,7.4763126,6.5990586,10.138853,-1.0663662,5.635253,13.48885,-3.1032436,2.5709748,1.0435846,4.429041,-1.2542722,4.18799,-1.22206,-1.6504403,-2.9044962,-0.4915977,2.4329832,-1.8951185,7.024537,5.262274,1.2170546,-1.5770956,-1.7408923,-2.0063896,0.29471067,-0.7870818,1.6219795,-0.07287139,-0.24182075,-0.86194324,-2.689228e-07
2,-56.469498,-33.66767,59.80021,10.681967,-9.708075,-12.594899,11.21205,-4.158311,-0.65347266,-2.33885,-0.6706862,-3.8247337,0.5304491,3.9587064,-4.631673,0.5831518,3.0334406,-7.3283877,-12.277166,0.77962005,2.1423218,1.7471507,1.4763027,-2.5390415,-0.3057928,2.2834744,-1.859415,0.01964359,-1.4124963,-4.117282,0.04563254,-1.2944525,-0.30566227,-1.5466725,-0.15385348,1.4645754,-0.30691624,-0.78326076,-1.3009704,-6.052884e-09
3,14.194088,-24.082802,10.681967,72.831955,-25.25367,-9.393755,-3.8729906,-7.781436,-9.715076,-16.901524,-0.44252136,-9.319136,-7.7023783,3.1080797,-3.133948,-12.12051,-1.1334497,2.7960382,3.1633122,-0.10123409,5.040964,1.9742622,-3.0016766,2.3760428,1.284235,0.130407,1.4833323,-1.9344945,2.3322492,-0.13515009,-1.8891687,-0.6131053,0.96434426,-0.8168851,1.1229596,-0.097929426,-0.13436472,0.38535088,-0.39026153,1.8577923e-07
4,-16.144005,1.4032376,-9.708075,-25.25367,43.16192,-7.0266104,-3.1834233,-1.6795299,6.5778933,7.108961,-1.4739221,4.222559,-5.499586,-2.2681696,-2.0315511,2.9705782,-7.344248,0.24506351,3.4909306,-0.12258978,-3.6562746,4.7413597,2.1836572,1.9288293,0.97900856,1.2500546,2.8728833,3.0942063,-0.5965439,-2.6048622,-2.250278,2.4046245,1.7914207,-0.24048048,-0.27682635,-1.3042306,0.33269298,-0.28785884,-0.14104223,1.4655502e-08
5,1.4235497,20.129845,-12.594899,-9.393755,-7.0266104,38.97288,-4.607597,-2.075399,7.454316,1.1191458,2.1388006,-9.0236845,-1.9160409,-2.0399358,9.009836,7.1536922,0.3268041,-4.209916,3.444377,0.9473175,4.3685246,0.031340167,-0.586578,-2.2882214,-1.2610818,2.3801246,1.735932,-2.6133366,-0.9590987,1.6710941,0.4454196,-2.168247,1.0940318,0.5403443,1.0773185,0.84565157,-0.0037792763,0.6216072,-0.12702125,1.6388483e-09
6,-1.1032419,-7.163974,11.21205,-3.8729906,-3.1834233,-4.607597,31.16409,12.910567,5.16527,-0.036928907,1.4988563,2.2971036,-5.7787433,-0.8584293,-1.2763726,2.8502102,0.24804482,2.7198138,-6.5660915,-0.30682993,0.35870096,-2.229,0.8512695,-2.9301205,1.342969,0.8724076,2.6298072,-2.4292922,1.1869094,1.7996033,-1.6589698,0.49419212,-1.1031177,-1.7003366,0.6716243,-0.71301365,0.100296974,0.13059744,0.13536903,5.82678e-08
7,5.8924127,8.323891,-4.158311,-7.781436,-1.6795299,-2.075399,12.910567,25.29084,-8.638947,-1.9046333,8.047667,0.95570934,2.6181955,1.9473629,-0.6342968,5.431277,1.1351979,1.9922776,1.1499455,-3.099608,1.6131036,-1.3538458,0.81417596,0.5447325,3.1750765,-1.1597804,2.3003862,1.2570279,0.1735808,0.67864734,0.04935313,-0.4692902,0.24718225,-1.5570784,-0.7894479,0.6146608,0.9135127,-0.5817712,0.13042697,6.265164e-08
8,-2.287376,6.218096,-0.65347266,-9.715076,6.5778933,7.454316,5.16527,-8.638947,30.228031,7.0861735,-4.119359,-6.183979,-3.0941796,1.1862617,2.0141509,-0.8830757,1.5015318,4.0093355,-1.4239565,2.0178223,3.1172233,-0.9221481,-0.51389277,0.43870813,0.18873385,0.05830928,-1.3780998,-0.22180888,0.93730307,-0.63832617,0.8393228,1.9360918,-0.6175533,-1.8651559,1.3726158,-1.0201807,-0.023269067,-0.84740674,-0.15513387,1.6399759e-09
9,-7.1892023,7.4763126,-2.33885,-16.901524,7.108961,1.1191458,-0.036928907,-1.9046333,7.0861735,15.528952,3.4494271,0.048195913,0.59122175,-0.62112755,-3.3599877,-2.4106762,-1.6721348,-1.0109906,-1.2517396,1.832422,0.6612127,-5.2844815,-0.3127964,0.49549204,-0.44496608,-1.5903633,0.13712135,1.0651281,-0.7738894,-0.32932824,-1.2231603,0.19980422,0.24521694,1.1823065,0.19341674,0.99313277,-0.72683775,-0.20894653,0.014954077,-2.481748e-07
10,-10.676096,6.5990586,-0.6706862,-0.44252136,-1.4739221,2.1388006,1.4988563,8.047667,-4.119359,3.4494271,22.05,1.0581453,-5.2132144,5.466577,0.8776203,-1.6078517,-3.192987,2.2626696,1.2981908,-0.9695139,1.4007795,-1.9607782,0.3453722,1.974395,-3.8525355,0.49187353,-0.7845896,-1.3696744,-1.4856981,-1.2343535,0.16153935,-0.83414435,0.12098718,-0.0681033,-0.3930194,0.20145208,0.5605663,-0.22581914,-0.03561607,-1.9013044e-07
11,-4.6055527,10.138853,-3.8247337,-9.319136,4.222559,-9.0236845,2.2971036,0.95570934,-6.183979,0.048195913,1.0581453,26.241644,0.8871211,-2.3647666,3.8056445,-3.3200326,2.593852,1.4315677,0.08628222,1.9728642,0.8343885,2.067215,0.5603012,-0.7581954,-0.081033975,-0.64909565,-0.80128103,-1.8163764,0.35447294,-0.024070214,-0.18856138,0.4696787,-0.24915728,0.49620718,0.75244254,0.25314468,-0.52185786,0.12526475,-0.5060699,-8.620182e-09
12,-5.686178,-1.0663662,0.5304491,-7.7023783,-5.499586,-1.9160409,-5.7787433,2.6181955,-3.0941796,0.59122175,-5.2132144,0.8871211,13.36886,0.68616635,0.8280498,-0.0018687912,1.594114,-3.664065,-0.45316446,-0.27799684,-0.19125219,-2.0016556,0.8597436,-0.11451428,1.3631017,-3.4241316,-1.1704991,0.5842079,0.49694648,0.8996318,2.2842488,0.48143175,1.0566332,-0.20219813,-0.23569228,0.28142452,0.83587825,-0.12338175,-0.09315398,2.7486688e-08
13,-2.3896265,5.635253,3.9587064,3.1080797,-2.2681696,-2.0399358,-0.8584293,1.9473629,1.1862617,-0.62112755,5.466577,-2.3647666,0.68616635,8.516753,-0.08526865,-1.6187465,2.708037,-1.5291319,1.4024153,0.9591974,0.91224176,-1.1732962,1.2370274,-0.738207,-0.9925149,0.6107372,-1.0954792,0.6107167,1.7621303,-1.5895709,-0.25865132,0.592771,-0.36672053,-0.21818535,-0.9544945,-0.8713112,1.1236527,-0.10202231,-0.29548734,2.0754753e-08
14,5.081585,13.48885,-4.631673,-3.133948,-2.0315511,9.009836,-1.2763726,-0.6342968,2.0141509,-3.3599877,0.8776203,3.8056445,0.8280498,-0.08526865,12.237785,-1.7663386,-3.2343988,-1.6327689,-2.505216,0.43010297,0.988118,1.715563,0.5696062,0.59745944,0.3635776,0.21888518,0.6555474,-0.25129133,1.0954719,-0.087016545,1.3994514,-1.7445879,-0.4259035,-0.5427375,0.090377435,-1.0640267,0.272514,0.048209295,-0.18299346,1.06202435e-07
15,2.7117121,-3.1032436,0.5831518,-12.12051,2.9705782,7.1536922,2.8502102,5.431277,-0.8830757,-2.4106762,-1.6078517,-3.3200326,-0.0018687912,-1.6187465,-1.7663386,10.613989,4.64705,0.083195776,0.2454111,-0.8265205,-1.6882794,1.5344732,1.3039209,0.28677434,0.15085843,1.5977846,0.08977479,-0.50130427,-1.3923855,-0.41253513,0.34174058,-0.37413013,0.4945997,0.0119503215,0.26252657,0.30392343,0.33865842,0.33363774,0.075293325,6.316323e-08
16,-3.7555864,2.5709748,3.0334406,-1.1334497,-7.344248,0.3268041,0.24804482,1.1351979,1.5015318,-1.6721348,-3.192987,2.593852,1.594114,2.708037,-3.2343988,4.64705,13.449312,0.9887645,1.5953026,1.1499758,1.2422409,-0.53513634,0.38231885,1.3688992,0.25898248,1.0492823,-1.0020905,-0.1649067,1.247335,-0.46717283,0.10674158,-0.13821706,-0.90514463,1.1463047,0.47824904,-0.06942484,-0.19188833,-0.19965963,-0.14214805,1.0150363e-07
17,10.660593,1.0435846,-7.3283877,2.7960382,0.24506351,-4.209916,2.7198138,1.9922776,4.0093355,-1.0109906,2.2626696,1.4315677,-3.664065,-1.5291319,-1.6327689,0.083195776,0.9887645,9.221282,-0.64081347,-2.018049,1.5249474,0.7696123,-1.9510974,1.2762158,-0.11828694,-0.044074833,-0.76740706,0.7519254,-0.65372145,0.063511476,1.1491718,0.97177976,-0.0799201,0.48439074,0.40333194,-0.19665132,0.11013475,0.4328931,0.32998025,-6.0977584e-08
18,-4.4787436,4.429041,-12.277166,3.1633122,3.4909306,3.444377,-6.5660915,1.1499455,-1.4239565,-1.2517396,1.2981908,0.08628222,-0.45316446,1.4024153,-2.505216,0.2454111,1.5953026,-0.64081347,9.949563,0.25980526,0.4957332,0.66433454,0.09645165,-0.24577764,0.04918606,-0.7188551,0.6659162,-0.73701465,0.1295265,0.19521622,-0.5338817,0.8974916,-0.45166188,-0.95069325,0.110902324,0.09308006,-0.18799907,-0.05272062,0.3997652,3.2451253e-09
19,9.207733,-1.2542722,0.77962005,-0.10123409,-0.12258978,0.9473175,-0.30682993,-3.099608,2.0178223,1.832422,-0.9695139,1.9728642,-0.27799684,0.9591974,0.43010297,-0.8265205,1.1499758,-2.018049,0.25980526,4.1351604,1.03395,-0.90968585,1.0990199,-0.16283713,1.263227,-0.4093343,-0.32923236,-1.8443277,-0.97095275,-1.1036234,-0.9596734,-0.06893346,-0.094235234,0.30847365,-0.27311993,-0.5664221,-0.07313759,-0.04183368,-0.032761067,1.042242e-07
20,-11.238379,4.18799,2.1423218,5.040964,-3.6562746,4.3685246,0.35870096,1.6131036,3.1172233,0.6612127,1.4007795,0.8343885,-0.19125219,0.91224176,0.988118,-1.6882794,1.2422409,1.5249474,0.4957332,1.03395,6.914392,0.4341944,-1.0173012,-0.84526646,2.3276286,-0.3233735,0.027498655,0.48997512,-1.0785358,0.036791533,-0.19355,-0.07295506,0.7014376,0.26947632,-0.08126761,0.101562634,0.15498063,0.065708265,-0.21080235,4.33024e-08
21,-4.851893,-1.22206,1.7471507,1.9742622,4.7413597,0.031340167,-2.229,-1.3538458,-0.9221481,-5.2844815,-1.9607782,2.067215,-2.0016556,-1.1732962,1.715563,1.5344732,-0.53513634,0.7696123,0.66433454,-0.90968585,0.4341944,4.429139,-0.065972716,-0.2951395,0.34339395,1.5492916,-0.3863569,0.48721123,-0.6236129,-0.28955007,0.23984444,0.082333215,0.20784593,-0.5051266,-0.16196357,-0.17992502,0.056824476,-0.21163765,-0.2073903,9.421692e-08
22,-1.1775076,-1.6504403,1.4763027,-3.0016766,2.1836572,-0.586578,0.8512695,0.81417596,-0.51389277,-0.3127964,0.3453722,0.5603012,0.8597436,1.2370274,0.5696062,1.3039209,0.38231885,-1.9510974,0.09645165,1.0990199,-1.0173012,-0.065972716,1.8938477,0.7631692,0.17960568,-0.21314883,-0.7633939,-0.3773867,-0.099973604,-0.25014472,-0.69483125,-0.28946367,0.12247735,-0.59552014,0.11232109,-0.64818215,0.3655064,0.31371433,-0.031653583,3.113545e-08
23,-0.31111968,-2.9044962,-2.5390415,2.3760428,1.9288293,-2.2882214,-2.9301205,0.5447325,0.43870813,0.49549204,1.974395,-0.7581954,-0.11451428,-0.738207,0.59745944,0.28677434,1.3688992,1.2762158,-0.24577764,-0.16283713,-0.84526646,-0.2951395,0.7631692,6.2479215,0.38014653,-0.7086044,-0.04035376,0.3005033,0.016795013,-0.12822974,-0.06607522,-1.1276804,0.6064677,0.06583133,0.823715,-0.60739684,-0.16856486,-0.5919585,-0.025444688,6.616562e-08
24,5.256406,-0.4915977,-0.3057928,1.284235,0.97900856,-1.2610818,1.342969,3.1750765,0.18873385,-0.44496608,-3.8525355,-0.081033975,1.3631017,-0.9925149,0.3635776,0.15085843,0.25898248,-0.11828694,0.04918606,1.263227,2.3276286,0.34339395,0.17960568,0.38014653,3.6843038,-1.0492377,0.950588,0.8011749,-0.6796528,-0.3620413,-0.4811375,-0.2825188,0.096572325,-0.3136841,-0.3722661,-0.2381072,-0.06659266,-0.14366595,0.09415756,1.279304e-07
25,0.40336096,2.4329832,2.2834744,0.130407,1.2500546,2.3801246,0.8724076,-1.1597804,0.05830928,-1.5903633,0.49187353,-0.64909565,-3.4241316,0.6107372,0.21888518,1.5977846,1.0492823,-0.044074833,-0.7188551,-0.4093343,-0.3233735,1.5492916,-0.21314883,-0.7086044,-1.0492377,2.433841,-0.049760364,0.19522414,0.32416835,0.09972841,-0.61454356,-0.13268733,-0.045951743,0.56442654,-0.3186338,-0.035127662,-0.008950105,-0.32739013,-0.26865602,4.0529315e-08
26,-4.7060328,-1.8951185,-1.859415,1.4833323,2.8728833,1.735932,2.6298072,2.3003862,-1.3780998,0.13712135,-0.7845896,-0.80128103,-1.1704991,-1.0954792,0.6555474,0.08977479,-1.0020905,-0.76740706,0.6659162,-0.32923236,0.027498655,-0.3863569,-0.7633939,-0.04035376,0.950588,-0.049760364,4.877132,-0.60969883,1.2967293,-0.88787484,0.29567164,0.07148819,0.17915638,0.74456036,0.11652004,-0.0704303,-0.23122038,-0.13202053,0.13458845,7.516741e-08
27,-3.6308556,7.024537,0.01964359,-1.9344945,3.0942063,-2.6133366,-2.4292922,1.2570279,-0.22180888,1.0651281,-1.3696744,-1.8163764,0.5842079,0.6107167,-0.25129133,-0.50130427,-0.1649067,0.7519254,-0.73701465,-1.8443277,0.48997512,0.48721123,-0.3773867,0.3005033,0.8011749,0.19522414,-0.60969883,3.9322116,0.70625174,-0.11944413,-0.4229597,-0.45348725,-0.29737857,0.05563076,-0.3459797,0.23658822,-0.021677531,0.31199676,-0.04152982,-9.295344e-08
28,0.6806912,5.262274,-1.4124963,2.3322492,-0.5965439,-0.9590987,1.1869094,0.1735808,0.93730307,-0.7738894,-1.4856981,0.35447294,0.49694648,1.7621303,1.0954719,-1.3923855,1.247335,-0.65372145,0.1295265,-0.97095275,-1.0785358,-0.6236129,-0.099973604,0.016795013,-0.6796528,0.32416835,1.2967293,0.70625174,3.0835526,0.119903214,-0.11543858,0.2947665,-0.09728992,-0.071485385,0.48538852,-0.09452298,0.17669195,-0.005773157,-0.26347926,-1.1357985e-08
29,-4.221075,1.2170546,-4.117282,-0.13515009,-2.6048622,1.6710941,1.7996033,0.67864734,-0.63832617,-0.32932824,-1.2343535,-0.024070214,0.8996318,-1.5895709,-0.087016545,-0.41253513,-0.46717283,0.063511476,0.19521622,-1.1036234,0.036791533,-0.28955007,-0.25014472,-0.12822974,-0.3620413,0.09972841,-0.88787484,-0.11944413,0.119903214,3.5390007,-0.5742301,0.04632794,0.25697237,0.11856748,0.022919778,-0.3896101,-0.011449224,-0.29936343,0.12225804,2.6225184e-08
30,-2.5994596,-1.5770956,0.04563254,-1.8891687,-2.250278,0.4454196,-1.6589698,0.04935313,0.8393228,-1.2231603,0.16153935,-0.18856138,2.2842488,-0.25865132,1.3994514,0.34174058,0.10674158,1.1491718,-0.5338817,-0.9596734,-0.19355,0.23984444,-0.69483125,-0.06607522,-0.4811375,-0.61454356,0.29567164,-0.4229597,-0.11543858,-0.5742301,2.2068977,0.27812287,-0.2421403,0.030245509,-0.0847501,0.058708828,0.11852143,-0.16995332,0.15378985,5.9717e-09
31,0.64431924,-1.7408923,-1.2944525,-0.6131053,2.4046245,-2.168247,0.49419212,-0.4692902,1.9360918,0.19980422,-0.83414435,0.4696787,0.48143175,0.592771,-1.7445879,-0.37413013,-0.13821706,0.97177976,0.8974916,-0.06893346,-0.07295506,0.082333215,-0.28946367,-1.1276804,-0.2825188,-0.13268733,0.07148819,-0.45348725,0.2947665,0.04632794,0.27812287,1.409992,0.4468829,-0.009234034,-0.099753425,-0.06955415,0.35184738,-0.13911198,-0.056077335,9.6779145e-09
32,0.9305225,-2.0063896,-0.30566227,0.96434426,1.7914207,1.0940318,-1.1031177,0.24718225,-0.6175533,0.24521694,0.12098718,-0.24915728,1.0566332,-0.36672053,-0.4259035,0.4945997,-0.90514463,-0.0799201,-0.45166188,-0.094235234,0.7014376,0.20784593,0.12247735,0.6064677,0.096572325,-0.045951743,0.17915638,-0.29737857,-0.09728992,0.25697237,-0.2421403,0.4468829,1.8725595,0.3545298,0.35717794,0.21817073,0.5522482,0.009152984,-0.40048462,2.0151163e-08
33,0.07340427,0.29471067,-1.5466725,-0.8168851,-0.24048048,0.5403443,-1.7003366,-1.5570784,-1.8651559,1.1823065,-0.0681033,0.49620718,-0.20219813,-0.21818535,-0.5427375,0.0119503215,1.1463047,0.48439074,-0.95069325,0.30847365,0.26947632,-0.5051266,-0.59552014,0.06583133,-0.3136841,0.56442654,0.74456036,0.05563076,-0.071485385,0.11856748,0.030245509,-0.009234034,0.3545298,1.9120058,-0.40224296,-0.27868947,0.016414227,0.10399954,0.0428285,2.6561136e-08
34,-2.2890935,-0.7870818,-0.15385348,1.1229596,-0.27682635,1.0773185,0.6716243,-0.7894479,1.3726158,0.19341674,-0.3930194,0.75244254,-0.23569228,-0.9544945,0.090377435,0.26252657,0.47824904,0.40333194,0.110902324,-0.27311993,-0.08126761,-0.16196357,0.11232109,0.823715,-0.3722661,-0.3186338,0.11652004,-0.3459797,0.48538852,0.022919778,-0.0847501,-0.099753425,0.35717794,-0.40224296,1.0402907,0.30215716,-0.10300562,0.3875112,-0.11385624,-5.635416e-08
35,2.6730676,1.6219795,1.4645754,-0.097929426,-1.3042306,0.84565157,-0.71301365,0.6146608,-1.0201807,0.99313277,0.20145208,0.25314468,0.28142452,-0.8713112,-1.0640267,0.30392343,-0.06942484,-0.19665132,0.09308006,-0.5664221,0.101562634,-0.17992502,-0.64818215,-0.60739684,-0.2381072,-0.035127662,-0.0704303,0.23658822,-0.09452298,-0.3896101,0.058708828,-0.06955415,0.21817073,-0.27868947,0.30215716,1.3036346,-0.29176587,-0.1160347,-0.23161882,-8.475375e-08
36,1.3260689,-0.07287139,-0.30691624,-0.13436472,0.33269298,-0.0037792763,0.100296974,0.9135127,-0.023269067,-0.72683775,0.5605663,-0.52185786,0.83587825,1.1236527,0.272514,0.33865842,-0.19188833,0.11013475,-0.18799907,-0.07313759,0.15498063,0.056824476,0.3655064,-0.16856486,-0.06659266,-0.008950105,-0.23122038,-0.021677531,0.17669195,-0.011449224,0.11852143,0.35184738,0.5522482,0.016414227,-0.10300562,-0.29176587,0.534794,0.16440323,-0.09637432,1.8354093e-08
37,-0.74109674,-0.24182075,-0.78326076,0.38535088,-0.28785884,0.6216072,0.13059744,-0.5817712,-0.84740674,-0.20894653,-0.22581914,0.12526475,-0.12338175,-0.10202231,0.048209295,0.33363774,-0.19965963,0.4328931,-0.05272062,-0.04183368,0.065708265,-0.21163765,0.31371433,-0.5919585,-0.14366595,-0.32739013,-0.13202053,0.31199676,-0.005773157,-0.29936343,-0.16995332,-0.13911198,0.009152984,0.10399954,0.3875112,-0.1160347,0.16440323,1.1760651,0.15200439,-8.0643616e-08
38,-0.75600314,-0.86194324,-1.3009704,-0.39026153,-0.14104223,-0.12702125,0.13536903,0.13042697,-0.15513387,0.014954077,-0.03561607,-0.5060699,-0.09315398,-0.29548734,-0.18299346,0.075293325,-0.14214805,0.32998025,0.3997652,-0.032761067,-0.21080235,-0.2073903,-0.031653583,-0.025444688,0.09415756,-0.26865602,0.13458845,-0.04152982,-0.26347926,0.12225804,0.15378985,-0.056077335,-0.40048462,0.0428285,-0.11385624,-0.23161882,-0.09637432,0.15200439,0.24879816,-2.7587952e-09
39,3.4176338e-07,-2.689228e-07,-6.052884e-09,1.8577923e-07,1.4655502e-08,1.6388483e-09,5.82678e-08,6.265164e-08,1.6399759e-09,-2.481748e-07,-1.9013044e-07,-8.620182e-09,2.7486688e-08,2.0754753e-08,1.06202435e-07,6.316323e-08,1.0150363e-07,-6.0977584e-08,3.2451253e-09,1.042242e-07,4.33024e-08,9.421692e-08,3.113545e-08,6.616562e-08,1.279304e-07,4.0529315e-08,7.516741e-08,-9.295344e-08,-1.1357985e-08,2.6225184e-08,5.9717e-09,9.6779145e-09,2.0151163e-08,2.6561136e-08,-5.635416e-08,-8.475375e-08,1.8354093e-08,-8.0643616e-08,-2.7587952e-09,2.0504108e-14
