,0,1,2,3,4,5,6,7,8,9,10,11,12,13,14,15,16,17,18,19,20,21,22,23,24,25,26,27,28,29,30,31,32,33,34,35,36,37,38,39,40,41,42,43,44,45,46,47,48,49
0,0.01403026,0.2747352,0.044439286,-0.029216409,0.013855552,-0.028397126,0.0050831893,0.00747409,-0.032959934,-0.012488455,0.00088222953,-0.0021710375,0.0028645904,0.0014787386,-0.00043532264,0.0004191348,6.0158935e-05,0.00036231216,-1.5820913e-05,-6.400696e-05,0.00018338437,0.000113733506,0.00020919906,-2.4723056e-05,-1.6330594e-05,5.5734206e-05,-0.00019766839,-2.9325533e-05,3.5586607e-05,9.1187016e-05,7.348559e-06,-0.000116490875,-3.2873602e-05,2.8092072e-05,1.5207321e-05,1.6351876e-05,4.170864e-05,-3.0853487e-05,-6.371013e-05,-6.4051754e-05,-5.059387e-05,6.7930814e-05,7.030416e-05,-1.1001463e-05,-5.5254466e-05,1.6173386e-05,-3.3416793e-05,-1.8696892e-05,-9.351965e-07,-3.7115586e-07
1,0.2747352,6.553173,-0.7752944,-0.022094384,0.05763127,-0.2817225,0.33929658,-0.10127526,-0.48821563,-0.28076744,-0.07772365,-0.032760557,0.048620205,0.014156486,-0.0075445795,0.004455761,0.0013233351,0.006469467,0.0027965237,-0.0012242415,0.003727721,0.0007004102,0.0014789487,-0.00022701113,-0.0004613535,0.0012774578,-0.0033423207,-0.00040370063,-0.0015076427,0.001552826,0.00097479636,-0.0008362881,-0.0011867309,-0.00018998081,-3.6492507e-05,0.00035184293,-0.000841524,-0.0010978273,-0.0006155277,-0.00063048943,-0.0008042086,0.0009342459,0.0003923863,-0.00040273977,-0.0010767715,-5.701598e-05,-0.00068773195,-0.0002238081,0.00017777015,6.837184e-05
2,0.044439286,-0.7752944,3.0133774,-1.137245,0.93425786,0.07814812,-0.19896822,0.21988592,-0.30269712,-0.15157878,-0.037401047,0.048865072,-0.007633183,0.018782914,-0.010378091,0.004654062,-0.001356428,-0.0010942157,-0.002055178,-0.0008071237,0.0014772082,0.0005501747,0.002424675,-3.0176576e-05,-0.00020873285,0.0009223413,-0.0034971028,0.00022879837,0.001544954,0.0014381091,8.96398e-06,-0.0036003212,0.00090399245,0.0004304896,-0.00042303384,0.000763967,0.0019608983,-0.00027973874,-0.0017077783,-0.0016506673,-0.00021063478,0.001278477,0.0023269728,-7.872853e-05,-0.0001053811,0.0009085184,-0.00074529706,-0.00034424118,-0.00060279237,-0.00033052271
3,-0.029216409,-0.022094384,-1.137245,0.79984885,-0.5410186,-0.13959609,-0.086406276,0.2097097,0.18911234,0.013108499,-0.034803707,0.07348147,-0.047161773,-0.007273576,0.010558607,-0.011083886,0.00090915296,-0.0038631174,0.0015482872,-0.0017116935,-0.00027293444,-0.0010098272,-0.0008125945,0.000443986,-0.00034451374,0.00016399345,0.001394494,6.094668e-05,-0.0009779835,-0.00021445313,0.0001678995,0.0007233318,-0.00051004137,-0.00022061988,-0.0003721412,-0.00022224389,-0.00042964472,-4.84385e-05,0.0007262759,0.00065280107,0.00043701747,-0.0005046246,-0.000618038,2.1098036e-05,0.00041307986,-0.00041003706,-5.752345e-05,0.00019707385,-3.9532646e-05,5.1071995e-05
4,0.013855552,0.05763127,0.93425786,-0.5410186,1.8654234,0.614836,0.24155137,0.269897,-0.15880036,0.2721016,0.01037011,-0.10272117,-0.009614062,0.014883459,0.004248464,0.00056689297,0.004185493,0.003121556,-0.00069694174,0.00018148884,0.002873908,-0.0006276138,0.0051753772,-0.0003669522,-0.0002852758,-0.000927069,-0.00043249584,3.3735036e-05,0.0025438634,-0.00017354553,-0.0015064599,-0.0008569159,0.0005586718,0.0004621939,0.0009064182,0.0014541477,0.0010343812,0.00043981607,-0.0009648105,-0.00076606753,-0.00045671794,0.0010029966,0.00068076793,-0.00037534302,-0.00021538032,0.0004049185,0.0003316038,-0.0004374904,-6.8127905e-05,-2.128823e-05
5,-0.028397126,-0.2817225,0.07814812,-0.13959609,0.614836,1.0999931,0.34089333,-0.074294746,0.11983368,-0.14087601,0.117948085,-0.007798863,0.0819335,0.0020207402,-0.0034165028,0.009641111,0.00076222216,0.0069459714,0.0028570702,0.0027299854,0.0014127495,0.001511705,-0.0009528352,0.0002828128,0.0011173368,0.0007612006,-0.0007292056,-0.0003541757,-0.0001382783,-0.00013266722,-0.00093280774,-0.00039076392,0.00095665315,2.2199965e-06,0.00038563967,0.0009588186,-3.2482898e-05,-9.399192e-05,-0.00040267978,-0.000108016,-0.00010634509,0.0004123002,0.0003850505,-6.871826e-05,-9.900992e-05,0.00020190704,0.00042998546,-0.00020047236,0.00034107012,-2.7264698e-05
6,0.0050831893,0.33929658,-0.19896822,-0.086406276,0.24155137,0.34089333,0.18165362,-0.089499734,0.0118169915,-0.012071732,0.05456505,-0.05098473,0.038719878,0.0021069504,-0.0012445468,0.005576757,0.00044906526,0.004601228,0.0006032513,0.00142748,0.00067496585,0.0008405266,4.2089006e-05,-8.4473904e-05,0.00044052213,2.5073088e-05,1.2204389e-05,-9.941733e-05,0.000104129824,-0.00025163504,-0.0005054927,0.00019631373,0.00025296005,4.215272e-05,0.00044903895,0.0003093703,-0.00022518967,2.4788898e-05,-9.18258e-05,-9.043192e-06,-0.00019946728,0.00014098409,-7.365362e-05,-2.5756111e-05,-0.00020109041,2.140021e-05,0.00031228317,-8.839195e-05,0.00025889426,5.501211e-05
7,0.00747409,-0.10127526,0.21988592,0.2097097,0.269897,-0.074294746,-0.089499734,0.49724218,-0.02454554,0.073191226,0.051309474,-0.013810653,-0.038547732,0.014919151,0.0110353585,-0.0056145033,0.0021356994,0.0015023965,-0.0007284299,-0.0013599104,0.0019842724,0.00035830738,0.0031995093,0.000103097285,-0.00029401734,4.85564e-05,0.00059170736,0.00027306488,0.0013293615,-7.9532896e-05,-0.0012107082,-0.0008607214,9.679458e-05,0.00048180856,0.00044064614,0.0006438676,0.00090449577,0.00027515215,-0.00019586856,-0.0002453986,-1.6570102e-05,0.00038061233,0.0004302835,-6.493824e-05,0.00016281975,1.4290848e-05,0.0001626178,-0.00014990268,-6.601019e-05,2.875965e-05
8,-0.032959934,-0.48821563,-0.30269712,0.18911234,-0.15880036,0.11983368,0.0118169915,-0.02454554,0.12509422,-0.049102873,-0.03433923,-1.9835541e-05,-0.020626396,-0.0037496176,0.0016688607,-0.0015447224,-0.0007171781,-4.8663118e-05,0.0002878094,7.3038245e-05,5.4937882e-05,-0.00036845778,-0.0011692534,0.00016677112,-6.1915336e-05,0.00021743143,0.0004472377,0.00041210477,-0.0006728511,-0.00024301007,0.00010689887,8.6676366e-05,8.851406e-05,-0.0001729106,-0.00011794322,7.1922506e-05,-0.0003883771,-0.00014785622,0.00015932496,7.9142344e-05,0.00015244851,-0.0001386099,-0.00013070508,2.371242e-05,0.00015092976,-5.4099513e-05,2.4158302e-05,6.247023e-05,1.989586e-05,5.230195e-06
9,-0.012488455,-0.28076744,-0.15157878,0.013108499,0.2721016,-0.14087601,-0.012071732,0.073191226,-0.049102873,0.2269722,0.034867465,-0.030228835,-0.0075012753,0.0006433817,0.0030339856,-0.002475593,0.0017719253,-0.001657315,-0.00067615294,-0.00026852856,-0.00028066683,-0.0006778878,0.0017548639,-0.0002469666,-0.00016120414,-0.0010157179,0.00086551486,-0.00021950595,0.0011236492,-0.00032623467,-0.00038879135,0.00089981814,-0.00019440523,0.00015709848,0.00031390102,2.8166018e-05,0.0002581965,0.00049564586,0.00021856852,0.0002771319,-3.6622216e-05,-0.00012783965,-0.00044813412,-0.000113533315,4.4163564e-05,-0.00010109299,0.00025715915,-4.160917e-05,-3.6312822e-06,5.925358e-05
10,0.00088222953,-0.07772365,-0.037401047,-0.034803707,0.01037011,0.117948085,0.05456505,0.051309474,-0.03433923,0.034867465,0.12773027,-0.017373357,0.045550503,0.0054903743,-0.0005329256,0.004310227,0.0007496479,0.0031793222,0.0005419397,0.0009750023,0.00036461215,0.001054455,0.000647468,-3.7089063e-05,0.00056329236,-6.622856e-05,0.00014912653,-0.00034139934,0.0006731786,-0.00010024347,-0.0006960556,0.0003401975,0.00019153013,0.00019413547,0.00040167104,0.00025797173,0.0002491585,0.0002761739,5.851064e-05,0.00019253945,-8.0596525e-05,5.4657194e-05,-9.3645074e-05,-4.842663e-05,-5.9312246e-05,-3.0551713e-05,0.00036231743,-9.8358374e-05,0.00020500206,4.5870234e-05
11,-0.0021710375,-0.032760557,0.048865072,0.07348147,-0.10272117,-0.007798863,-0.05098473,-0.013810653,-1.9835541e-05,-0.030228835,-0.017373357,0.07497427,0.0025675662,-0.0053491117,-0.0019704984,-0.002545548,4.28056e-05,-0.0038818493,0.0009969948,-0.00058042916,-0.000767585,-0.0005848836,-0.00079538836,0.00016881492,-3.7502567e-05,0.0001318463,-0.00048503786,-0.00037084843,-0.00037426187,0.00036259717,0.0005456046,7.2761955e-05,-0.00013715195,-0.00013260578,-0.0005016036,-0.00020726142,0.00010702312,-5.9130114e-05,7.895412e-05,0.00015427356,0.00018050676,-0.00013036517,1.3210001e-05,-2.1139484e-05,0.00013485205,-1.678604e-05,-0.0002598521,5.82666e-05,-0.00015872616,-6.881928e-05
12,0.0028645904,0.048620205,-0.007633183,-0.047161773,-0.009614062,0.0819335,0.038719878,-0.038547732,-0.020626396,-0.0075012753,0.045550503,0.0025675662,0.025440024,0.0004771059,-0.002156066,0.0024685173,8.0092315e-05,0.00090355804,0.00051861483,0.0005239188,-2.8286871e-05,0.00033997357,-0.0001749036,-3.878337e-06,0.0002707496,3.0510873e-05,-0.00018561995,-0.00020940363,7.016378e-05,4.9468916e-05,-8.396638e-05,0.00018787857,7.062811e-05,7.5051703e-06,5.3650583e-05,6.496986e-05,1.9123845e-05,5.1433304e-05,1.5287756e-05,9.1073685e-05,-2.5405598e-05,6.977878e-06,-4.377184e-05,-3.269931e-05,-4.343732e-05,1.148323e-06,9.126455e-05,-3.244144e-05,7.3961084e-05,3.0391666e-06
13,0.0014787386,0.014156486,0.018782914,-0.007273576,0.014883459,0.0020207402,0.0021069504,0.014919151,-0.0037496176,0.0006433817,0.0054903743,-0.0053491117,0.0004771059,0.0010055249,0.0003075651,0.00023239078,4.9866074e-05,0.0004223691,-7.910331e-05,3.1141957e-05,0.000119674114,0.000102643025,0.00015220573,-9.284571e-06,1.2132892e-05,8.046821e-06,1.8634815e-05,1.9195231e-05,7.430949e-05,-1.5726066e-05,-8.155343e-05,-5.0511004e-05,2.1613094e-05,2.9995357e-05,5.219233e-05,3.4742654e-05,3.1852906e-05,1.1164899e-05,-2.2025823e-05,-2.4860554e-05,-1.9062334e-05,2.8795976e-05,2.667004e-05,1.7659711e-06,-1.1503256e-05,6.426551e-06,2.3824472e-05,-1.130139e-05,1.2436412e-05,4.7434714e-06
14,-0.00043532264,-0.0075445795,-0.010378091,0.010558607,0.004248464,-0.0034165028,-0.0012445468,0.0110353585,0.0016688607,0.0030339856,-0.0005329256,-0.0019704984,-0.002156066,0.0003075651,0.0003522472,-0.00021101715,3.899083e-05,5.0447645e-05,-3.232971e-05,-3.8004822e-05,6.324766e-05,-1.8118091e-05,6.768559e-05,1.3350465e-06,-1.8093982e-05,-5.0909334e-06,3.95312e-05,2.8621036e-05,1.8817851e-05,-1.5192136e-05,-2.7694288e-05,-6.9988328e-06,-1.4509737e-06,6.0428583e-06,1.3874584e-05,2.0815478e-05,3.5989167e-06,3.897526e-06,2.264274e-06,-3.8170256e-06,9.642232e-07,5.5929863e-06,-1.1187121e-06,-3.9666493e-06,5.847236e-06,-2.9635387e-06,7.2927505e-06,-2.6590155e-06,-1.1000782e-07,2.5517168e-06
15,0.0004191348,0.004455761,0.004654062,-0.011083886,0.00056689297,0.009641111,0.005576757,-0.0056145033,-0.0015447224,-0.002475593,0.004310227,-0.002545548,0.0024685173,0.00023239078,-0.00021101715,0.00040299937,-2.9272582e-05,0.0002616605,6.522722e-06,8.247254e-05,2.4034067e-05,6.621225e-05,-1.1784702e-05,-5.6195536e-06,2.9852337e-05,9.405498e-06,-1.27875555e-05,-1.5606392e-06,8.305082e-06,-5.4906286e-06,-2.2381726e-05,5.599403e-07,1.6711556e-05,3.895159e-06,2.0845702e-05,1.1843507e-05,-5.332612e-06,6.486696e-07,-6.693563e-06,-3.4698028e-06,-9.947704e-06,7.796635e-06,3.1090353e-06,1.8958599e-07,-1.1008862e-05,3.7363473e-06,1.5021062e-05,-4.6925725e-06,1.2926324e-05,1.8589828e-06
16,6.0158935e-05,0.0013233351,-0.001356428,0.00090915296,0.004185493,0.00076222216,0.00044906526,0.0021356994,-0.0007171781,0.0017719253,0.0007496479,4.28056e-05,8.0092315e-05,4.9866074e-05,3.899083e-05,-2.9272582e-05,2.6358462e-05,-5.9172626e-06,9.543828e-06,-4.7948542e-06,8.238363e-06,-4.500866e-06,2.1817323e-05,-1.2526408e-07,2.418493e-07,-5.109873e-06,2.9507933e-06,-3.8810513e-06,1.0605437e-05,5.968181e-08,-6.4815067e-06,5.085001e-06,-1.0706344e-06,1.4869643e-06,2.59141e-06,5.112069e-06,4.356464e-06,3.782955e-06,7.396705e-07,2.4504907e-06,5.4546803e-08,1.3401764e-06,-1.8867111e-06,-2.4973838e-06,6.8536156e-07,-7.825851e-07,2.3190812e-06,-1.4002068e-06,9.215575e-08,2.6029878e-07
17,0.00036231216,0.006469467,-0.0010942157,-0.0038631174,0.003121556,0.0069459714,0.004601228,0.0015023965,-4.8663118e-05,-0.001657315,0.0031793222,-0.0038818493,0.00090355804,0.0004223691,5.0447645e-05,0.0002616605,-5.9172626e-06,0.0003002545,-2.7901124e-05,5.5323097e-05,6.1485975e-05,6.1943e-05,3.2128755e-05,-5.483608e-06,1.5475387e-05,8.346744e-06,1.2541682e-05,1.637e-05,1.866114e-05,-1.611553e-05,-3.946943e-05,-1.2442584e-05,1.5564978e-05,1.0110295e-05,3.0344203e-05,1.9598256e-05,-1.8059111e-06,1.7056161e-06,-7.5927746e-06,-9.705611e-06,-1.12051e-05,1.1607647e-05,5.8806545e-06,9.820183e-07,-8.696407e-06,2.4019614e-06,1.75817e-05,-5.373917e-06,1.246425e-05,3.6590664e-06
18,-1.5820913e-05,0.0027965237,-0.002055178,0.0015482872,-0.00069694174,0.0028570702,0.0006032513,-0.0007284299,0.0002878094,-0.00067615294,0.0005419397,0.0009969948,0.00051861483,-7.910331e-05,-3.232971e-05,6.522722e-06,9.543828e-06,-2.7901124e-05,2.3221468e-05,3.8532994e-06,-1.1427694e-05,1.6434465e-06,-1.3118308e-05,2.2615088e-06,4.7083377e-06,1.852519e-06,-6.024381e-06,-1.055043e-05,-3.5919663e-06,3.3272295e-06,3.4125046e-06,4.7085723e-06,-2.9132624e-07,-5.2648943e-07,-4.1235353e-06,-2.9039154e-06,1.6778732e-06,7.4584295e-07,1.6607548e-06,4.0315053e-06,1.3419751e-06,-2.25501e-06,-1.2413593e-06,3.1154872e-07,7.7236643e-07,-6.921497e-07,-1.0388451e-06,5.447484e-07,-5.198325e-08,-4.7949345e-07
19,-6.400696e-05,-0.0012242415,-0.0008071237,-0.0017116935,0.00018148884,0.0027299854,0.00142748,-0.0013599104,7.3038245e-05,-0.00026852856,0.0009750023,-0.00058042916,0.0005239188,3.1141957e-05,-3.8004822e-05,8.247254e-05,-4.7948542e-06,5.5323097e-05,3.8532994e-06,1.9211051e-05,4.165849e-06,1.2378476e-05,-4.665128e-06,-9.830127e-07,6.79529e-06,8.652962e-07,4.4513712e-07,-1.1706152e-07,1.1915155e-06,-2.736764e-06,-5.3043614e-06,3.1005668e-06,3.711286e-06,3.163954e-07,4.7735566e-06,2.897469e-06,-2.4449014e-06,6.3472356e-07,-2.5205807e-07,5.852688e-07,-1.6485251e-06,7.834584e-07,-1.0769506e-06,-1.294535e-07,-1.8454595e-06,3.1580726e-07,4.140431e-06,-8.8958575e-07,3.1437726e-06,5.521447e-07
20,0.00018338437,0.003727721,0.0014772082,-0.00027293444,0.002873908,0.0014127495,0.00067496585,0.0019842724,5.4937882e-05,-0.00028066683,0.00036461215,-0.000767585,-2.8286871e-05,0.000119674114,6.324766e-05,2.4034067e-05,8.238363e-06,6.1485975e-05,-1.1427694e-05,4.165849e-06,1.6892775e-05,1.46063785e-05,1.9088846e-05,-9.475783e-07,7.0496253e-07,2.077032e-06,3.8000462e-06,3.0395456e-06,7.862466e-06,-3.3712786e-06,-1.1262668e-05,-9.115545e-06,3.2891212e-06,4.2101883e-06,7.3752335e-06,3.937987e-06,3.347599e-06,6.377843e-07,-3.6026722e-06,-4.3640784e-06,-2.9467876e-06,3.986913e-06,4.27541e-06,1.1591269e-06,-1.770962e-06,9.196248e-07,2.86195e-06,-1.1998109e-06,1.7882528e-06,7.321206e-07
21,0.000113733506,0.0007004102,0.0005501747,-0.0010098272,-0.0006276138,0.001511705,0.0008405266,0.00035830738,-0.00036845778,-0.0006778878,0.001054455,-0.0005848836,0.00033997357,0.000102643025,-1.8118091e-05,6.621225e-05,-4.500866e-06,6.1943e-05,1.6434465e-06,1.2378476e-05,1.46063785e-05,1.326332e-05,2.9927542e-06,-1.9461429e-07,5.033354e-06,4.1146805e-06,-1.6564925e-06,2.9572534e-06,2.686279e-06,-9.3102904e-07,-7.3139317e-06,-2.2498555e-06,3.6029378e-06,1.4311779e-06,4.857922e-06,5.8603337e-06,8.1968835e-08,-8.4053084e-08,-1.4126665e-06,-1.3046322e-06,-1.6084527e-06,2.8327445e-06,1.6768624e-06,-8.1220753e-07,-1.4088449e-06,6.2429905e-07,3.4897344e-06,-1.5350163e-06,2.5495574e-06,4.7281858e-07
22,0.00020919906,0.0014789487,0.002424675,-0.0008125945,0.0051753772,-0.0009528352,4.2089006e-05,0.0031995093,-0.0011692534,0.0017548639,0.000647468,-0.00079538836,-0.0001749036,0.00015220573,6.768559e-05,-1.1784702e-05,2.1817323e-05,3.2128755e-05,-1.3118308e-05,-4.665128e-06,1.9088846e-05,2.9927542e-06,3.6910384e-05,-2.3963278e-06,-2.0397001e-06,-5.252428e-06,5.5077644e-06,2.4452156e-06,1.742321e-05,-2.3654093e-06,-1.2334369e-05,-2.9210746e-06,6.9067295e-07,4.5172537e-06,7.628989e-06,6.913655e-06,6.754127e-06,3.9889856e-06,-2.4210633e-06,-2.5182237e-06,-2.4006283e-06,4.313869e-06,1.8010924e-06,-1.641036e-06,-7.994017e-07,4.9997277e-07,3.4806694e-06,-2.1717842e-06,5.0139874e-07,7.131736e-07
23,-2.4723056e-05,-0.00022701113,-3.0176576e-05,0.000443986,-0.0003669522,0.0002828128,-8.4473904e-05,0.000103097285,0.00016677112,-0.0002469666,-3.7089063e-05,0.00016881492,-3.878337e-06,-9.284571e-06,1.3350465e-06,-5.6195536e-06,-1.2526408e-07,-5.483608e-06,2.2615088e-06,-9.830127e-07,-9.475783e-07,-1.9461429e-07,-2.3963278e-06,6.447637e-07,5.0127376e-08,1.0421597e-06,-7.2409966e-07,-5.5105136e-07,-1.2293061e-06,5.2572267e-07,6.856706e-07,-6.9629283e-07,7.1185845e-08,-9.787354e-08,-9.699397e-07,-3.6081752e-07,3.1889903e-07,-2.8356246e-07,6.701836e-08,1.32386e-07,4.1726653e-07,-2.242252e-07,3.913916e-07,1.8957454e-07,3.953354e-07,-1.6189627e-08,-5.043905e-07,1.6241248e-07,-2.5546063e-07,-1.3280427e-07
24,-1.6330594e-05,-0.0004613535,-0.00020873285,-0.00034451374,-0.0002852758,0.0011173368,0.00044052213,-0.00029401734,-6.1915336e-05,-0.00016120414,0.00056329236,-3.7502567e-05,0.0002707496,1.2132892e-05,-1.8093982e-05,2.9852337e-05,2.418493e-07,1.5475387e-05,4.7083377e-06,6.79529e-06,7.0496253e-07,5.033354e-06,-2.0397001e-06,5.0127376e-08,3.265664e-06,6.6586153e-07,-9.299855e-07,-1.6140117e-06,9.885089e-07,-1.6023488e-07,-1.9592906e-06,1.6815867e-06,1.3260491e-06,3.5192815e-07,1.1586991e-06,1.0743623e-06,2.431832e-07,6.682734e-07,1.91021e-07,8.82729e-07,-2.9565933e-07,1.0726009e-07,-3.6606787e-07,-1.9195531e-07,-3.6392822e-07,2.003896e-08,1.4561718e-06,-3.8603343e-07,1.0453194e-06,1.12080784e-07
25,5.5734206e-05,0.0012774578,0.0009223413,0.00016399345,-0.000927069,0.0007612006,2.5073088e-05,4.85564e-05,0.00021743143,-0.0010157179,-6.622856e-05,0.0001318463,3.0510873e-05,8.046821e-06,-5.0909334e-06,9.405498e-06,-5.109873e-06,8.346744e-06,1.852519e-06,8.652962e-07,2.077032e-06,4.1146805e-06,-5.252428e-06,1.0421597e-06,6.6586153e-07,4.2690936e-06,-3.3618805e-06,5.410389e-07,-3.2609628e-06,1.1657003e-06,5.2897474e-07,-4.630014e-06,1.1495335e-06,1.3559445e-07,-9.061796e-07,1.6107379e-08,1.8429095e-07,-1.6172792e-06,-1.1940308e-06,-1.4451189e-06,-2.9552723e-08,7.463785e-07,2.414083e-06,6.7665957e-07,-1.05987255e-07,5.1278903e-07,-8.9678997e-07,7.819624e-08,-1.1024277e-08,-2.126313e-07
26,-0.00019766839,-0.0033423207,-0.0034971028,0.001394494,-0.00043249584,-0.0007292056,1.2204389e-05,0.00059170736,0.0004472377,0.00086551486,0.00014912653,-0.00048503786,-0.00018561995,1.8634815e-05,3.95312e-05,-1.27875555e-05,2.9507933e-06,1.2541682e-05,-6.024381e-06,4.4513712e-07,3.8000462e-06,-1.6564925e-06,5.5077644e-06,-7.2409966e-07,-9.299855e-07,-3.3618805e-06,9.733502e-06,3.6667172e-06,2.6484681e-06,-4.446269e-06,-4.1157473e-06,4.659766e-06,-3.7305054e-07,3.7343742e-07,3.230327e-06,1.5609248e-06,-1.7688453e-06,1.6284087e-06,2.2450274e-06,1.4828477e-06,9.033329e-08,-9.84847e-07,-3.2809698e-06,-3.774265e-07,5.967356e-07,-1.1083953e-06,2.6394991e-06,-5.2024703e-08,1.0017845e-06,7.4171373e-07
27,-2.9325533e-05,-0.00040370063,0.00022879837,6.094668e-05,3.3735036e-05,-0.0003541757,-9.941733e-05,0.00027306488,0.00041210477,-0.00021950595,-0.00034139934,-0.00037084843,-0.00020940363,1.9195231e-05,2.8621036e-05,-1.5606392e-06,-3.8810513e-06,1.637e-05,-1.055043e-05,-1.1706152e-07,3.0395456e-06,2.9572534e-06,2.4452156e-06,-5.5105136e-07,-1.6140117e-06,5.410389e-07,3.6667172e-06,3.6302777e-06,3.3055628e-08,-2.3905368e-06,-1.9570268e-06,-3.867381e-06,7.895037e-07,8.741045e-07,1.9668755e-06,-4.2001682e-07,-6.5831716e-07,-6.145551e-07,-9.2478723e-07,-2.1242975e-06,-7.9492185e-07,5.249225e-07,1.2012558e-06,1.1483705e-06,-4.0749097e-07,2.7045127e-07,3.265228e-07,2.1353088e-07,2.8067586e-07,2.8749466e-07
28,3.5586607e-05,-0.0015076427,0.001544954,-0.0009779835,0.0025438634,-0.0001382783,0.000104129824,0.0013293615,-0.0006728511,0.0011236492,0.0006731786,-0.00037426187,7.016378e-05,7.430949e-05,1.8817851e-05,8.305082e-06,1.0605437e-05,1.866114e-05,-3.5919663e-06,1.1915155e-06,7.862466e-06,2.686279e-06,1.742321e-05,-1.2293061e-06,9.885089e-07,-3.2609628e-06,2.6484681e-06,3.3055628e-08,9.836306e-06,-1.1165318e-06,-6.8257286e-06,7.40056e-07,9.4136504e-07,2.0082232e-06,4.1232684e-06,3.9610254e-06,3.4729928e-06,2.7211463e-06,-7.337576e-07,-1.6349594e-07,-9.634634e-07,1.8896609e-06,1.4011191e-07,-1.1843854e-06,-3.3524321e-07,2.1379009e-07,2.613419e-06,-1.2664991e-06,6.626941e-07,3.2920008e-07
29,9.1187016e-05,0.001552826,0.0014381091,-0.00021445313,-0.00017354553,-0.00013266722,-0.00025163504,-7.9532896e-05,-0.00024301007,-0.00032623467,-0.00010024347,0.00036259717,4.9468916e-05,-1.5726066e-05,-1.5192136e-05,-5.4906286e-06,5.968181e-08,-1.611553e-05,3.3272295e-06,-2.736764e-06,-3.3712786e-06,-9.3102904e-07,-2.3654093e-06,5.2572267e-07,-1.6023488e-07,1.1657003e-06,-4.446269e-06,-2.3905368e-06,-1.1165318e-06,2.5412317e-06,2.7144706e-06,-1.568344e-06,-5.2157236e-07,-1.4840933e-07,-2.332069e-06,-1.3622358e-06,1.4275311e-06,-4.870502e-07,-5.7491627e-07,-1.9377663e-07,3.372212e-07,-2.006857e-09,1.2339292e-06,1.3980505e-07,1.2688798e-07,3.0362193e-07,-1.6835069e-06,1.76326e-07,-8.7672106e-07,-4.065318e-07
30,7.348559e-06,0.00097479636,8.96398e-06,0.0001678995,-0.0015064599,-0.00093280774,-0.0005054927,-0.0012107082,0.00010689887,-0.00038879135,-0.0006960556,0.0005456046,-8.396638e-05,-8.155343e-05,-2.7694288e-05,-2.2381726e-05,-6.4815067e-06,-3.946943e-05,3.4125046e-06,-5.3043614e-06,-1.1262668e-05,-7.3139317e-06,-1.2334369e-05,6.856706e-07,-1.9592906e-06,5.2897474e-07,-4.1157473e-06,-1.9570268e-06,-6.8257286e-06,2.7144706e-06,8.268853e-06,8.702318e-07,-2.2379418e-06,-2.1777303e-06,-5.205321e-06,-4.4753915e-06,-1.7666221e-06,-1.7249466e-06,7.86162e-07,7.3711516e-07,1.2772373e-06,-1.9795202e-06,-5.273035e-07,4.866788e-07,5.548197e-07,-1.4431903e-07,-3.3882047e-06,1.1587466e-06,-1.6110077e-06,-5.825492e-07
31,-0.000116490875,-0.0008362881,-0.0036003212,0.0007233318,-0.0008569159,-0.00039076392,0.00019631373,-0.0008607214,8.6676366e-05,0.00089981814,0.0003401975,7.2761955e-05,0.00018787857,-5.0511004e-05,-6.9988328e-06,5.599403e-07,5.085001e-06,-1.2442584e-05,4.7085723e-06,3.1005668e-06,-9.115545e-06,-2.2498555e-06,-2.9210746e-06,-6.9629283e-07,1.6815867e-06,-4.630014e-06,4.659766e-06,-3.867381e-06,7.40056e-07,-1.568344e-06,8.702318e-07,9.520761e-06,-1.7719666e-06,-7.1106604e-07,1.9843111e-07,-2.4269625e-06,-1.7114543e-06,2.1441372e-06,3.299282e-06,4.1676094e-06,5.100839e-07,-2.8845943e-06,-4.963073e-06,-2.0641059e-07,1.9222844e-07,-1.4385296e-06,1.4447705e-06,5.1129894e-07,7.3449576e-07,3.7503486e-07
32,-3.2873602e-05,-0.0011867309,0.00090399245,-0.00051004137,0.0005586718,0.00095665315,0.00025296005,9.679458e-05,8.851406e-05,-0.00019440523,0.00019153013,-0.00013715195,7.062811e-05,2.1613094e-05,-1.4509737e-06,1.6711556e-05,-1.0706344e-06,1.5564978e-05,-2.9132624e-07,3.711286e-06,3.2891212e-06,3.6029378e-06,6.9067295e-07,7.1185845e-08,1.3260491e-06,1.1495335e-06,-3.7305054e-07,7.895037e-07,9.4136504e-07,-5.2157236e-07,-2.2379418e-06,-1.7719666e-06,1.615429e-06,4.6277765e-07,1.2807807e-06,1.5226766e-06,4.021618e-07,-5.2938258e-08,-8.891171e-07,-8.2728684e-07,-3.8401873e-07,9.180489e-07,1.0884904e-06,5.920245e-08,-2.476418e-07,4.558937e-07,8.119251e-07,-3.7365973e-07,5.328061e-07,2.3723334e-08
33,2.8092072e-05,-0.00018998081,0.0004304896,-0.00022061988,0.0004621939,2.2199965e-06,4.215272e-05,0.00048180856,-0.0001729106,0.00015709848,0.00019413547,-0.00013260578,7.5051703e-06,2.9995357e-05,6.0428583e-06,3.895159e-06,1.4869643e-06,1.0110295e-05,-5.2648943e-07,3.163954e-07,4.2101883e-06,1.4311779e-06,4.5172537e-06,-9.787354e-08,3.5192815e-07,1.3559445e-07,3.7343742e-07,8.741045e-07,2.0082232e-06,-1.4840933e-07,-2.1777303e-06,-7.1106604e-07,4.6277765e-07,4.3436555e-07,1.2365582e-06,1.7573136e-06,6.367687e-07,2.8764015e-07,-3.933456e-07,-3.6187552e-07,-2.494139e-07,8.8774465e-07,4.379305e-07,-4.2338831e-07,-1.193695e-07,1.1043417e-07,7.3009863e-07,-4.3960915e-07,2.9403316e-07,8.889879e-08
34,1.5207321e-05,-3.6492507e-05,-0.00042303384,-0.0003721412,0.0009064182,0.00038563967,0.00044903895,0.00044064614,-0.00011794322,0.00031390102,0.00040167104,-0.0005016036,5.3650583e-05,5.219233e-05,1.3874584e-05,2.0845702e-05,2.59141e-06,3.0344203e-05,-4.1235353e-06,4.7735566e-06,7.3752335e-06,4.857922e-06,7.628989e-06,-9.699397e-07,1.1586991e-06,-9.061796e-07,3.230327e-06,1.9668755e-06,4.1232684e-06,-2.332069e-06,-5.205321e-06,1.9843111e-07,1.2807807e-06,1.2365582e-06,3.940356e-06,2.7347098e-06,1.11385e-07,9.981034e-07,-4.1377325e-07,-5.762985e-07,-1.1851066e-06,1.210827e-06,-1.9202646e-07,-3.16274e-07,-7.769838e-07,4.7222624e-08,2.4519395e-06,-7.337932e-07,1.323267e-06,5.0829374e-07
35,1.6351876e-05,0.00035184293,0.000763967,-0.00022224389,0.0014541477,0.0009588186,0.0003093703,0.0006438676,7.1922506e-05,2.8166018e-05,0.00025797173,-0.00020726142,6.496986e-05,3.4742654e-05,2.0815478e-05,1.1843507e-05,5.112069e-06,1.9598256e-05,-2.9039154e-06,2.897469e-06,3.937987e-06,5.8603337e-06,6.913655e-06,-3.6081752e-07,1.0743623e-06,1.6107379e-08,1.5609248e-06,-4.2001682e-07,3.9610254e-06,-1.3622358e-06,-4.4753915e-06,-2.4269625e-06,1.5226766e-06,1.7573136e-06,2.7347098e-06,1.0458842e-06,1.9337017e-06,9.0005915e-07,-1.1836399e-06,-1.065468e-06,-1.0032423e-06,1.142523e-06,1.3198662e-06,5.479825e-07,-5.3615236e-07,3.44689e-07,1.3214084e-06,-4.2286467e-07,6.987107e-07,2.3269054e-07
36,4.170864e-05,-0.000841524,0.0019608983,-0.00042964472,0.0010343812,-3.2482898e-05,-0.00022518967,0.00090449577,-0.0003883771,0.0002581965,0.0002491585,0.00010702312,1.9123845e-05,3.1852906e-05,3.5989167e-06,-5.332612e-06,4.356464e-06,-1.8059111e-06,1.6778732e-06,-2.4449014e-06,3.347599e-06,8.1968835e-08,6.754127e-06,3.1889903e-07,2.431832e-07,1.8429095e-07,-1.7688453e-06,-6.5831716e-07,3.4729928e-06,1.4275311e-06,-1.7666221e-06,-1.7114543e-06,4.021618e-07,6.367687e-07,1.11385e-07,1.9337017e-06,2.6950586e-06,6.3912944e-07,-8.435062e-07,-3.708027e-07,1.7437492e-07,1.2159021e-06,1.3812116e-06,-6.86351e-07,3.352059e-07,3.6831483e-07,2.4253211e-08,-5.733959e-07,-4.15211e-07,-2.0953033e-07
37,-3.0853487e-05,-0.0010978273,-0.00027973874,-4.84385e-05,0.00043981607,-9.399192e-05,2.4788898e-05,0.00027515215,-0.00014785622,0.00049564586,0.0002761739,-5.9130114e-05,5.1433304e-05,1.1164899e-05,3.897526e-06,6.486696e-07,3.782955e-06,1.7056161e-06,7.4584295e-07,6.3472356e-07,6.377843e-07,-8.4053084e-08,3.9889856e-06,-2.8356246e-07,6.682734e-07,-1.6172792e-06,1.6284087e-06,-6.145551e-07,2.7211463e-06,-4.870502e-07,-1.7249466e-06,2.1441372e-06,-5.2938258e-08,2.8764015e-07,9.981034e-07,9.0005915e-07,6.3912944e-07,1.1462537e-06,5.5070734e-07,9.134141e-07,3.38517e-08,-4.8904198e-08,-9.527198e-07,-4.9368674e-07,1.2661623e-07,-2.4874245e-07,1.0002076e-06,-2.7408694e-07,2.824553e-07,1.3014052e-07
38,-6.371013e-05,-0.0006155277,-0.0017077783,0.0007262759,-0.0009648105,-0.00040267978,-9.18258e-05,-0.00019586856,0.00015932496,0.00021856852,5.851064e-05,7.895412e-05,1.5287756e-05,-2.2025823e-05,2.264274e-06,-6.693563e-06,7.396705e-07,-7.5927746e-06,1.6607548e-06,-2.5205807e-07,-3.6026722e-06,-1.4126665e-06,-2.4210633e-06,6.701836e-08,1.91021e-07,-1.1940308e-06,2.2450274e-06,-9.2478723e-07,-7.337576e-07,-5.7491627e-07,7.86162e-07,3.299282e-06,-8.891171e-07,-3.933456e-07,-4.1377325e-07,-1.1836399e-06,-8.435062e-07,5.5070734e-07,1.5446886e-06,1.6588767e-06,5.064977e-07,-1.3593603e-06,-1.8879227e-06,3.7914468e-08,3.879266e-07,-6.857506e-07,2.7238073e-07,3.5691394e-07,1.2164408e-07,1.2762847e-07
39,-6.4051754e-05,-0.00063048943,-0.0016506673,0.00065280107,-0.00076606753,-0.000108016,-9.043192e-06,-0.0002453986,7.9142344e-05,0.0002771319,0.00019253945,0.00015427356,9.1073685e-05,-2.4860554e-05,-3.8170256e-06,-3.4698028e-06,2.4504907e-06,-9.705611e-06,4.0315053e-06,5.852688e-07,-4.3640784e-06,-1.3046322e-06,-2.5182237e-06,1.32386e-07,8.82729e-07,-1.4451189e-06,1.4828477e-06,-2.1242975e-06,-1.6349594e-07,-1.9377663e-07,7.3711516e-07,4.1676094e-06,-8.2728684e-07,-3.6187552e-07,-5.762985e-07,-1.065468e-06,-3.708027e-07,9.134141e-07,1.6588767e-06,2.132738e-06,5.7347086e-07,-1.4338555e-06,-2.08321e-06,-1.4290748e-07,4.2340875e-07,-6.988304e-07,3.86732e-07,2.6588077e-07,1.5617388e-07,8.064098e-08
40,-5.059387e-05,-0.0008042086,-0.00021063478,0.00043701747,-0.00045671794,-0.00010634509,-0.00019946728,-1.6570102e-05,0.00015244851,-3.6622216e-05,-8.0596525e-05,0.00018050676,-2.5405598e-05,-1.9062334e-05,9.642232e-07,-9.947704e-06,5.4546803e-08,-1.12051e-05,1.3419751e-06,-1.6485251e-06,-2.9467876e-06,-1.6084527e-06,-2.4006283e-06,4.1726653e-07,-2.9565933e-07,-2.9552723e-08,9.033329e-08,-7.9492185e-07,-9.634634e-07,3.372212e-07,1.2772373e-06,5.100839e-07,-3.8401873e-07,-2.494139e-07,-1.1851066e-06,-1.0032423e-06,1.7437492e-07,3.38517e-08,5.064977e-07,5.7347086e-07,5.6006974e-07,-7.12515e-07,-2.7575322e-07,1.8340228e-07,5.1308274e-07,-1.7230332e-07,-5.521265e-07,3.0358188e-07,-3.9887198e-07,-1.192177e-07
41,6.7930814e-05,0.0009342459,0.001278477,-0.0005046246,0.0010029966,0.0004123002,0.00014098409,0.00038061233,-0.0001386099,-0.00012783965,5.4657194e-05,-0.00013036517,6.977878e-06,2.8795976e-05,5.5929863e-06,7.796635e-06,1.3401764e-06,1.1607647e-05,-2.25501e-06,7.834584e-07,3.986913e-06,2.8327445e-06,4.313869e-06,-2.242252e-07,1.0726009e-07,7.463785e-07,-9.84847e-07,5.249225e-07,1.8896609e-06,-2.006857e-09,-1.9795202e-06,-2.8845943e-06,9.180489e-07,8.8774465e-07,1.210827e-06,1.142523e-06,1.2159021e-06,-4.8904198e-08,-1.3593603e-06,-1.4338555e-06,-7.12515e-07,1.291891e-06,1.6200825e-06,1.0439051e-07,-4.7518046e-07,5.208599e-07,2.4896258e-07,-3.9142552e-07,1.5076309e-07,1.7051894e-08
42,7.030416e-05,0.0003923863,0.0023269728,-0.000618038,0.00068076793,0.0003850505,-7.365362e-05,0.0004302835,-0.00013070508,-0.00044813412,-9.3645074e-05,1.3210001e-05,-4.377184e-05,2.667004e-05,-1.1187121e-06,3.1090353e-06,-1.8867111e-06,5.8806545e-06,-1.2413593e-06,-1.0769506e-06,4.27541e-06,1.6768624e-06,1.8010924e-06,3.913916e-07,-3.6606787e-07,2.414083e-06,-3.2809698e-06,1.2012558e-06,1.4011191e-07,1.2339292e-06,-5.273035e-07,-4.963073e-06,1.0884904e-06,4.379305e-07,-1.9202646e-07,1.3198662e-06,1.3812116e-06,-9.527198e-07,-1.8879227e-06,-2.08321e-06,-2.7575322e-07,1.6200825e-06,2.7803637e-06,4.733465e-08,-1.481087e-07,8.498442e-07,-7.485601e-07,-3.479695e-07,-3.9406308e-07,-2.6118977e-07
43,-1.1001463e-05,-0.00040273977,-7.872853e-05,2.1098036e-05,-0.00037534302,-6.871826e-05,-2.5756111e-05,-6.493824e-05,2.371242e-05,-0.000113533315,-4.842663e-05,-2.1139484e-05,-3.269931e-05,1.7659711e-06,-3.9666493e-06,1.8958599e-07,-2.4973838e-06,9.820183e-07,3.1154872e-07,-1.294535e-07,1.1591269e-06,-8.1220753e-07,-1.641036e-06,1.8957454e-07,-1.9195531e-07,6.7665957e-07,-3.774265e-07,1.1483705e-06,-1.1843854e-06,1.3980505e-07,4.866788e-07,-2.0641059e-07,5.920245e-08,-4.2338831e-07,-3.16274e-07,5.479825e-07,-6.86351e-07,-4.9368674e-07,3.7914468e-08,-1.4290748e-07,1.8340228e-07,1.0439051e-07,4.733465e-08,-2.2189633e-07,1.1365133e-07,3.5609204e-08,-1.2526024e-07,-2.9518915e-08,-2.8584523e-08,-3.6688725e-08
44,-5.5254466e-05,-0.0010767715,-0.0001053811,0.00041307986,-0.00021538032,-9.900992e-05,-0.00020109041,0.00016281975,0.00015092976,4.4163564e-05,-5.9312246e-05,0.00013485205,-4.343732e-05,-1.1503256e-05,5.847236e-06,-1.1008862e-05,6.8536156e-07,-8.696407e-06,7.7236643e-07,-1.8454595e-06,-1.770962e-06,-1.4088449e-06,-7.994017e-07,3.953354e-07,-3.6392822e-07,-1.05987255e-07,5.967356e-07,-4.0749097e-07,-3.3524321e-07,1.2688798e-07,5.548197e-07,1.9222844e-07,-2.476418e-07,-1.193695e-07,-7.769838e-07,-5.3615236e-07,3.352059e-07,1.2661623e-07,3.879266e-07,4.2340875e-07,5.1308274e-07,-4.7518046e-07,-1.481087e-07,1.1365133e-07,5.2644265e-07,-1.4852846e-07,-3.4379673e-07,2.0770803e-07,-3.4486504e-07,-8.7909406e-08
45,1.6173386e-05,-5.701598e-05,0.0009085184,-0.00041003706,0.0004049185,0.00020190704,2.140021e-05,1.4290848e-05,-5.4099513e-05,-0.00010109299,-3.0551713e-05,-1.678604e-05,1.148323e-06,6.426551e-06,-2.9635387e-06,3.7363473e-06,-7.825851e-07,2.4019614e-06,-6.921497e-07,3.1580726e-07,9.196248e-07,6.2429905e-07,4.9997277e-07,-1.6189627e-08,2.003896e-08,5.1278903e-07,-1.1083953e-06,2.7045127e-07,2.1379009e-07,3.0362193e-07,-1.4431903e-07,-1.4385296e-06,4.558937e-07,1.1043417e-07,4.7222624e-08,3.44689e-07,3.6831483e-07,-2.4874245e-07,-6.857506e-07,-6.988304e-07,-1.7230332e-07,5.208599e-07,8.498442e-07,3.5609204e-08,-1.4852846e-07,3.3509872e-07,-1.7126317e-07,-1.1943258e-07,-8.5187075e-08,-8.6697455e-08
46,-3.3416793e-05,-0.00068773195,-0.00074529706,-5.752345e-05,0.0003316038,0.00042998546,0.00031228317,0.0001626178,2.4158302e-05,0.00025715915,0.00036231743,-0.0002598521,9.126455e-05,2.3824472e-05,7.2927505e-06,1.5021062e-05,2.3190812e-06,1.75817e-05,-1.0388451e-06,4.140431e-06,2.86195e-06,3.4897344e-06,3.4806694e-06,-5.043905e-07,1.4561718e-06,-8.9678997e-07,2.6394991e-06,3.265228e-07,2.613419e-06,-1.6835069e-06,-3.3882047e-06,1.4447705e-06,8.119251e-07,7.3009863e-07,2.4519395e-06,1.3214084e-06,2.4253211e-08,1.0002076e-06,2.7238073e-07,3.86732e-07,-5.521265e-07,2.4896258e-07,-7.485601e-07,-1.2526024e-07,-3.4379673e-07,-1.7126317e-07,1.8064461e-06,-3.670274e-07,1.0036262e-06,3.468806e-07
47,-1.8696892e-05,-0.0002238081,-0.00034424118,0.00019707385,-0.0004374904,-0.00020047236,-8.839195e-05,-0.00014990268,6.247023e-05,-4.160917e-05,-9.8358374e-05,5.82666e-05,-3.244144e-05,-1.130139e-05,-2.6590155e-06,-4.6925725e-06,-1.4002068e-06,-5.373917e-06,5.447484e-07,-8.8958575e-07,-1.1998109e-06,-1.5350163e-06,-2.1717842e-06,1.6241248e-07,-3.8603343e-07,7.819624e-08,-5.2024703e-08,2.1353088e-07,-1.2664991e-06,1.76326e-07,1.1587466e-06,5.1129894e-07,-3.7365973e-07,-4.3960915e-07,-7.337932e-07,-4.2286467e-07,-5.733959e-07,-2.7408694e-07,3.5691394e-07,2.6588077e-07,3.0358188e-07,-3.9142552e-07,-3.479695e-07,-2.9518915e-08,2.0770803e-07,-1.1943258e-07,-3.670274e-07,1.6896833e-07,-1.9008566e-07,-5.0320182e-08
48,-9.351965e-07,0.00017777015,-0.00060279237,-3.9532646e-05,-6.8127905e-05,0.00034107012,0.00025889426,-6.601019e-05,1.989586e-05,-3.6312822e-06,0.00020500206,-0.00015872616,7.3961084e-05,1.2436412e-05,-1.1000782e-07,1.2926324e-05,9.215575e-08,1.246425e-05,-5.198325e-08,3.1437726e-06,1.7882528e-06,2.5495574e-06,5.0139874e-07,-2.5546063e-07,1.0453194e-06,-1.1024277e-08,1.0017845e-06,2.8067586e-07,6.626941e-07,-8.7672106e-07,-1.6110077e-06,7.3449576e-07,5.328061e-07,2.9403316e-07,1.323267e-06,6.987107e-07,-4.15211e-07,2.824553e-07,1.2164408e-07,1.5617388e-07,-3.9887198e-07,1.5076309e-07,-3.9406308e-07,-2.8584523e-08,-3.4486504e-07,-8.5187075e-08,1.0036262e-06,-1.9008566e-07,6.927038e-07,2.0805783e-07
49,-3.7115586e-07,6.837184e-05,-0.00033052271,5.1071995e-05,-2.128823e-05,-2.7264698e-05,5.501211e-05,2.875965e-05,5.230195e-06,5.925358e-05,4.5870234e-05,-6.881928e-05,3.0391666e-06,4.7434714e-06,2.5517168e-06,1.8589828e-06,2.6029878e-07,3.6590664e-06,-4.7949345e-07,5.521447e-07,7.321206e-07,4.7281858e-07,7.131736e-07,-1.3280427e-07,1.12080784e-07,-2.126313e-07,7.4171373e-07,2.8749466e-07,3.2920008e-07,-4.065318e-07,-5.825492e-07,3.7503486e-07,2.3723334e-08,8.889879e-08,5.0829374e-07,2.3269054e-07,-2.0953033e-07,1.3014052e-07,1.2762847e-07,8.064098e-08,-1.192177e-07,1.7051894e-08,-2.6118977e-07,-3.6688725e-08,-8.7909406e-08,-8.6697455e-08,3.468806e-07,-5.0320182e-08,2.0805783e-07,9.4056624e-08
