,0,1,2,3,4,5,6,7,8,9,10,11,12,13,14,15,16,17,18,19,20,21,22,23,24,25,26,27,28,29,30,31,32,33,34,35,36,37,38,39,40,41,42,43,44,45,46,47,48,49,50,51,52,53,54,55,56,57,58,59,60,61,62,63,64,65,66,67,68,69,70,71,72,73,74,75,76,77,78,79
0,159.84448,6.025806,-33.485092,40.50786,17.744053,-32.261505,-9.186448,2.745795,-21.561708,2.6421325,1.742803,-0.59348214,4.033964,2.6261647,-3.8534513,-2.4882097,2.4652667,-6.547103,10.763786,-2.1981351,2.6043868,3.2969654,5.652066,-5.166589,1.5190697,1.2671747,-0.42863667,4.4846325,-0.783885,-3.1079865,2.330361,1.474746,-2.6012223,3.3807461,4.6766777,2.0278149,1.9312844,3.229631,-1.8011371,-1.9175876,-0.6321809,1.5262448,3.3101745,-0.24895853,0.52862966,-1.7100801,0.79863054,-1.6598914,1.282722,2.6414666,0.10455607,1.5525272,-0.020735944,-0.55131173,0.89723814,1.4701626,-0.831874,2.1304708,1.1330423,-0.68988013,0.54173017,0.49446887,-0.50903946,-0.80005145,-0.07258743,1.4075735,-1.7811332,-1.4387296,1.028772,-0.18781528,1.5742514,0.1749003,-0.82823706,1.468425,0.0022579553,0.08336039,-0.29252774,0.73482776,-0.70254844,0.37824064
1,6.025806,176.60767,25.975815,-4.9911423,21.236658,16.311491,-2.1568134,1.8265646,2.4288802,2.6274333,1.409378,-2.490427,4.6351376,-0.96339476,0.5038505,-3.4920428,2.09275,-0.16931677,1.9596536,0.74774945,-1.7100723,-1.8319886,2.9295297,-1.145514,-1.5805386,1.0941236,-1.2614259,-0.5289253,-1.065415,-2.2609234,0.08875337,1.6199846,-0.53253114,-0.14725254,0.26262927,0.9262961,-0.36182493,1.0328302,1.4234753,0.2679837,0.6188091,1.145251,0.7085663,0.46285605,0.016674127,0.12580734,0.49393874,0.5048717,0.1194268,0.67508256,0.91411155,0.9416615,-0.44926018,-0.38197184,-0.45178288,0.005905848,-0.24652421,0.92599905,-0.7095496,-0.98889995,0.2747252,-0.5060533,0.08281309,0.30969256,-0.2880593,0.13891092,-0.5154867,0.29259014,-0.14342327,0.5256329,0.1428735,0.0856703,-0.011549333,0.28346896,-0.033972923,-0.12688065,0.2261143,0.08558528,-0.32224303,0.3644778
2,-33.485092,25.975815,96.7525,37.516594,-15.760235,-5.0322666,15.375454,-17.196121,11.568066,-1.6717786,-0.0792562,6.192952,-5.14882,1.7966506,1.0874927,0.20348093,0.30092263,-1.4923465,-0.5196757,-0.12445147,1.8026816,-0.45157784,-1.950384,4.025325,0.09909805,-0.65079665,0.4539587,0.07890756,-0.21078238,0.020240333,-0.65630317,-0.59881055,0.5355074,-0.22345449,-0.5515263,-0.4452169,0.16978829,0.7673763,0.68819463,-0.20398173,-0.50149286,0.93558425,-0.9862934,-0.028427232,-0.25603986,0.3884271,0.028438421,0.18969809,-0.5863946,-0.49711013,0.47148067,0.052194998,-0.80450886,0.24105173,-0.6998912,0.30121338,0.67720246,0.38383254,0.59987676,0.5336579,-0.32481575,0.56500673,0.42763174,-0.20791174,-0.056337655,-0.34302217,0.20037124,0.033673044,-0.7019732,0.4070675,-1.0457523,-0.10690707,0.49519533,-0.0120859295,0.048506606,0.4966491,-0.1594633,0.239283,-0.013564929,0.12510556
3,40.50786,-4.9911423,37.516594,65.23465,5.7756,-25.302021,-3.9747624,-2.5007799,3.8170576,-3.0464072,-3.047742,-6.89985,-0.4267784,-1.8028209,1.671371,0.38574433,-0.90481365,-1.1932205,0.95317316,-0.12379466,-0.37244067,-0.67684436,-0.17846896,-0.622876,-0.32628423,-2.3577719,-1.399719,0.31350017,-0.71661437,0.99220246,0.62281704,-0.98324084,-0.09029057,1.5072637,0.673879,1.0564208,0.6674373,0.13786086,-0.8658583,0.9041531,-0.28508985,-0.27438965,0.85436314,0.77010447,-0.50079125,-0.8261988,1.0434669,-0.21733719,0.26144582,-1.0917785,0.043523952,0.3783825,0.45371094,-0.40538836,-0.05808091,-0.5417619,-0.24260487,0.35139254,-0.041405734,-0.6337073,-0.117955334,-0.6646548,-0.5372251,0.075945914,0.12551007,-0.031720087,0.052471094,0.35894248,-0.14677118,-0.13972929,0.24091634,-0.007319656,-0.40156853,-0.25875205,-0.43961358,0.14197418,-0.022245292,0.005911626,0.19373113,-0.2025255
4,17.744053,21.236658,-15.760235,5.7756,36.45451,0.78879374,-4.309014,-2.397069,-3.1471567,5.0370035,1.7024632,0.6039055,1.4647706,-0.7200413,0.015964603,5.778493,-5.1351013,-2.3503196,-0.8473625,0.9991955,-0.9211719,-3.1275773,-1.7636747,-1.4317448,1.4871564,-2.9259043,1.440525,1.1000524,-2.1883106,3.571629,0.11311704,-1.8628091,1.36169,1.4018745,0.89498484,0.21901874,0.97838306,-0.64382136,-1.4056232,0.13292113,-0.4170574,-0.22264384,-0.52501297,0.35228813,0.41674387,-0.7155813,0.5491148,-1.218732,-0.29867876,-0.2258353,-0.58634055,-0.18290663,1.368255,-0.8450496,-0.00860009,-0.31818676,-0.19001055,-1.0871379,-0.6725955,0.23788613,0.2501921,0.4999484,-0.39435816,0.5930469,0.04690822,0.18532908,0.40374273,0.067310765,0.29505217,-0.24818158,0.22742957,-0.016086841,-0.14921007,-0.060736194,-0.12534256,-0.08171858,-0.30044347,-0.13765413,0.53102297,-0.5066973
5,-32.261505,16.311491,-5.0322666,-25.302021,0.78879374,21.823957,1.3059413,-2.6857014,-2.2741442,-0.51680267,0.10615304,1.2846041,-2.1496391,0.4402317,0.91903764,2.487901,-0.71759135,-0.6470463,-1.7212515,1.2891974,1.9576442,0.3468136,-0.7900195,2.6278448,-1.0500956,0.41639566,1.634672,1.1151991,0.50376403,0.79633176,-0.7664492,0.13244373,0.53715587,-0.12605272,0.22459516,-0.12332746,1.3884045,-0.048861995,-0.18571103,1.4505725,0.645586,-0.44212717,0.47341263,0.1035527,0.223709,0.3842672,0.22417878,0.5191992,0.31387088,-1.0896688,-0.04419987,-0.07737109,0.01981117,0.66387,0.41354123,-0.28339916,-0.14484525,0.25403255,0.6704615,0.21007112,-0.39424294,-0.7328098,0.03306884,-0.5055019,0.19061589,-0.12787491,0.10150603,0.20027843,0.13358012,-0.14619654,-0.3129748,0.014600944,-0.1402748,-0.35878786,-0.23842898,0.09101753,0.11790536,0.021079889,0.10202941,0.034084417
6,-9.186448,-2.1568134,15.375454,-3.9747624,-4.309014,1.3059413,23.330305,0.23563284,2.0917206,4.0042048,3.7013903,0.06770762,0.50045305,-0.73137814,-3.918119,-1.7072656,5.0682297,-5.4540577,0.91661245,-2.5301957,2.8673303,-1.9625658,-2.4652202,-0.83545774,-1.1904491,-0.5643647,0.42769048,-0.8326787,1.1597936,2.0336227,0.30140513,-0.023071282,0.7444569,-1.3302903,0.36066574,-0.71568674,0.8903148,1.3531083,0.37046838,0.40120393,0.12218054,0.8434559,-0.49497026,-0.23869136,0.16423279,0.16109255,-0.067222446,-0.3775998,0.1397143,-0.06832747,-0.52762556,-0.11335929,0.81780624,0.061330702,0.78263414,0.76108897,-0.3523625,-0.32184434,0.075926185,0.92361426,-0.021290679,0.4450607,0.38093448,-0.053792715,0.66469026,0.09541552,-0.20080462,-0.79593897,0.56218773,-0.085679054,-0.085007325,0.04780767,0.1271383,0.13822904,0.6550224,-0.114386454,-0.51721966,-0.015659466,0.24709222,-0.089014694
7,2.745795,1.8265646,-17.196121,-2.5007799,-2.397069,-2.6857014,0.23563284,29.32774,10.524605,2.7600245,-1.0198584,-4.125495,-1.7993133,4.693558,3.9307227,-5.3499107,1.2299533,0.7019458,-1.5145835,1.6850498,1.686372,-2.7560477,0.087490186,-0.6218761,-1.4334381,-0.99912286,-0.94473374,-1.5446974,1.0249119,-0.13212736,0.9780415,0.24350864,-0.5137284,-0.5312134,0.85688597,0.7807543,0.9800124,0.5651896,0.3028539,-0.24794403,-0.37755203,0.13030116,0.45514786,0.33581614,-0.26577663,-0.4118376,0.98604083,-0.3483271,-0.09117931,0.192898,0.12139957,0.3468123,0.11509437,-1.1869771,-0.14625797,-0.083155826,-0.1407804,0.13829793,0.27802652,-0.16218573,-0.072054856,0.3520369,-0.185923,0.09992688,0.19400069,0.025546715,-0.27926755,0.22597009,0.2655425,-0.2026144,0.38894582,-0.16136235,-0.1279619,0.1033933,-0.08901936,-0.27436233,-0.17595756,0.034181267,0.031768724,-0.22897455
8,-21.561708,2.4288802,11.568066,3.8170576,-3.1471567,-2.2741442,2.0917206,10.524605,26.988834,0.7869549,1.631388,0.23061332,-0.5613726,3.4337864,-3.0595546,1.7509458,-4.8488436,1.1109742,-2.3679795,-0.10820411,-2.5596082,-0.79944587,0.9054378,-0.23723862,-0.8715975,2.2603517,0.39280903,0.27156177,1.5955554,-0.35449404,-0.25148404,-0.88901013,-0.23692226,0.23042524,0.11493723,0.3011195,-0.8942909,-0.5236975,-0.45882154,0.42290756,0.15823346,-1.0664618,0.013494132,0.10785127,0.40946466,0.058883466,0.0586169,0.10633097,0.04715044,0.54861164,-0.3710276,-0.115266204,0.30518037,-0.3007335,0.6749161,-0.4299325,-0.45581108,-0.40054268,-0.33622545,0.09134723,0.26444742,-0.050299637,-0.2665844,0.08244981,-0.14262432,0.14980553,0.046314836,-0.13949494,0.40138996,-0.1339494,0.41645226,-0.029531628,-0.02654035,0.15865198,-0.16370925,-0.19561353,0.037052438,-0.0747364,0.045958955,-0.12947062
9,2.6421325,2.6274333,-1.6717786,-3.0464072,5.0370035,-0.51680267,4.0042048,2.7600245,0.7869549,13.509952,-4.372287,4.917955,-1.2898529,1.8288221,-0.61606145,-4.1480093,-0.29508245,-2.8746095,0.3530526,-3.6616106,0.9065392,0.18110283,0.88563967,-0.23342744,2.3834019,-0.99333847,0.6958879,0.32249844,0.76343143,1.1779602,0.43594337,-1.3229604,-0.91025615,0.4091895,1.0006939,-0.10109894,-0.09455412,0.4148782,-0.8381076,-0.5792638,-0.118823275,0.49061263,-0.54373443,-0.29420555,-0.021032594,-0.29171485,-0.48079592,0.14409128,-0.31332952,-0.6278841,-0.21392283,0.4307808,0.42312285,0.23231344,-0.24235797,-0.082663946,-0.18337852,-0.5480818,-0.75477445,-0.18891534,0.62408334,-0.28366533,0.04793697,0.061275363,-0.22532594,-0.3697151,0.28065497,0.1120905,0.08387769,0.009654395,-0.1834791,0.065568395,0.16614497,0.24275744,-0.039335288,-0.14230746,0.3268541,-0.37046528,0.010002386,-0.14834489
10,1.742803,1.409378,-0.0792562,-3.047742,1.7024632,0.10615304,3.7013903,-1.0198584,1.631388,-4.372287,8.98783,0.5437969,2.3975542,-0.11914417,-3.3224523,1.4783862,-0.70290446,0.7786933,-2.3604102,1.2630925,1.2704232,-0.6836679,-1.987143,-2.036178,-1.1340085,0.9031078,-0.92548656,0.63549626,-0.0026452404,0.314932,0.8167645,0.41596666,1.2683597,0.28102356,1.2020241,-0.3794593,-0.30278558,1.0144641,-0.17235482,-1.1338959,0.24555323,0.4739434,0.21371791,0.15236846,-0.1718865,0.14546026,-0.101481244,-0.19121552,-0.24322614,0.62845707,0.1759355,-0.903722,-0.08260553,0.22939488,0.53427166,0.28308037,0.45819867,0.2939999,0.49490458,0.17927776,0.07953964,0.53003025,-0.040918045,0.32595932,-0.095571645,0.20523667,-0.031106029,-0.36249256,-0.10491464,-0.24991368,0.39178246,0.032271184,-0.380695,-0.13381773,0.21260574,0.26687166,-0.29211128,0.3150286,0.042471275,-0.022379493
11,-0.59348214,-2.490427,6.192952,-6.89985,0.6039055,1.2846041,0.06770762,-4.125495,0.23061332,4.917955,0.5437969,16.58936,-6.8137712,2.9029899,-2.9889073,0.9712396,0.2390697,3.637113,1.1440454,-0.8757575,-0.43099624,-0.533828,0.9601118,-0.7975599,2.2151694,0.24940714,-0.30965996,0.3462905,-0.8776859,-0.15211272,0.681086,-0.0049813567,0.11477026,0.63948053,0.75278175,-0.39618042,0.43419886,0.32728702,-0.7114701,-0.9143851,-0.7251495,0.094825834,0.41965395,-0.14121261,-0.044340737,-0.15353064,0.43908292,-0.48824316,-0.18141343,0.1865129,0.017033355,0.26853436,-0.5514653,-0.28397146,-0.622687,0.18510154,0.38366145,-0.109586544,0.05957638,-0.34088796,0.08645843,0.12137968,0.1711585,0.3006661,-0.026542572,0.33149448,-0.07446109,-0.20064297,-0.15193224,0.042512182,0.26792195,0.022828108,-0.057964135,-0.17633875,-0.035130218,0.023783974,-0.15975338,0.14059559,0.06524113,-0.106748104
12,4.033964,4.6351376,-5.14882,-0.4267784,1.4647706,-2.1496391,0.50045305,-1.7993133,-0.5613726,-1.2898529,2.3975542,-6.8137712,13.238222,3.8422265,-1.1204059,0.7725939,0.8725561,1.0731235,0.45039868,-3.5529568,-0.903775,1.0495698,-1.5622773,1.0487146,0.17967632,0.8767853,0.38442612,-0.444238,0.34078443,0.42690298,0.48964664,0.24691632,-0.12536326,-0.07431995,0.075614095,-0.26842535,-0.7961006,0.3663004,0.23859587,-0.51918125,-0.4117547,-0.40714002,-0.9349574,-0.39108112,-0.19449939,-0.14413178,0.03728757,0.2533732,-0.22693291,0.22486357,0.4992205,-0.09952696,-0.12969173,0.8705097,0.10285701,0.03634453,-0.41686213,-0.12802057,-0.07493594,0.2632287,0.045020796,0.16070238,0.028621789,0.25448802,-0.35799158,-0.29729956,-0.18564954,0.01983887,-0.19268301,0.058979474,-0.27994156,0.111547545,-0.05892304,-0.16184786,-0.0020765234,0.2599156,-0.19980729,0.049351722,0.15894204,0.034713358
13,2.6261647,-0.96339476,1.7966506,-1.8028209,-0.7200413,0.4402317,-0.73137814,4.693558,3.4337864,1.8288221,-0.11914417,2.9029899,3.8422265,15.105691,2.224176,2.4294872,1.3770971,-0.12905079,1.9529266,-1.0573084,0.71384555,1.5333649,-2.3667753,0.23203902,1.6838611,-0.16720709,-0.58118653,1.6194985,0.1307592,-0.56231487,-1.1346567,-0.06504597,1.0646439,0.4747638,-0.35408506,-0.021338739,0.50849414,0.10195947,-0.24393596,0.22897984,-0.456356,-0.11404031,-0.13284248,0.41112143,0.07167292,-0.11512381,0.704118,-0.41254956,-0.15911442,0.42199394,0.21749982,0.2580184,-0.25325924,0.11932182,-0.048094384,0.10612095,0.07468362,-0.1111934,0.25902763,-0.2505612,-0.076357886,0.060609996,-0.07110961,-0.19334063,-0.19385292,0.0008267651,0.19735569,-0.27787435,0.03844571,0.2094589,-0.4367512,-0.062012672,-0.19721456,-0.083217934,-0.24530312,0.15982969,0.13587204,0.25373277,-0.29386738,0.0071649533
14,-3.8534513,0.5038505,1.0874927,1.671371,0.015964603,0.91903764,-3.918119,3.9307227,-3.0595546,-0.61606145,-3.3224523,-2.9889073,-1.1204059,2.224176,11.826828,1.0897734,-0.99231094,-1.6023121,1.2728014,1.0721842,0.11876769,-1.6410018,0.5241097,1.0069239,-0.22437039,1.2578881,-0.43367198,-0.5437818,-0.2952322,-0.14296624,0.6224005,-1.225246,0.17028362,-0.389185,-0.20788455,-1.1260817,-0.10884674,0.53173757,-0.4029053,-0.51721823,-0.31101486,0.48783562,-0.5987289,0.20358346,-0.036450777,0.9358537,-0.2903372,-0.41637135,-0.3693031,-0.5919019,-0.105085686,-0.13172191,-0.31394142,-0.30748117,-0.6811302,0.37663853,0.6332691,0.03690806,0.40845135,0.2287862,0.14482377,-0.23428175,0.030092895,-0.0045139585,-0.004458419,0.018786775,0.38973913,-0.16991735,-0.04997921,0.28271157,-0.31683287,0.04301738,0.48179612,-0.13375312,0.13493508,0.10138059,-0.0055222977,0.22665817,-0.030218096,-0.060997467
15,-2.4882097,-3.4920428,0.20348093,0.38574433,5.778493,2.487901,-1.7072656,-5.3499107,1.7509458,-4.1480093,1.4783862,0.9712396,0.7725939,2.4294872,1.0897734,10.6222725,-0.43251294,-0.474892,0.51075363,0.21103856,-2.3472588,0.34578913,-1.2492771,-0.46132004,-0.0005229648,1.1556337,0.57471406,-1.3508023,-0.3344843,-0.07109572,-0.44836324,-1.3996229,0.5271353,-0.56657207,0.9725726,0.45590377,0.9136417,-0.36739457,-0.12574784,0.15215757,-0.08604192,-0.09245187,0.18038645,-0.08845666,0.61655724,-0.45959225,-0.0926681,0.3845961,0.34473825,-0.43264925,0.14603841,0.0072664483,-0.18095735,-0.68633235,0.5697863,0.108897656,0.15541962,-0.15040627,0.31247547,-0.023099938,0.17802379,0.2087816,0.01629551,-0.46260002,0.13194795,0.4117846,-0.081498355,-0.17221628,0.29651564,-0.11409351,0.14998233,-0.012965281,0.042099245,-0.14718455,-0.12501527,-0.29910842,-0.20312203,-0.04969672,0.087613165,-0.109677956
16,2.4652667,2.09275,0.30092263,-0.90481365,-5.1351013,-0.71759135,5.0682297,1.2299533,-4.8488436,-0.29508245,-0.70290446,0.2390697,0.8725561,1.3770971,-0.99231094,-0.43251294,11.985506,1.0962646,0.7893903,0.7454505,-2.4251118,-0.7726809,-1.08674,-1.5044637,0.65434027,-0.7846726,-0.39656898,-1.5624614,0.4663324,-0.25079376,0.42191243,-1.0420372,-0.80960083,-0.70256674,-0.30026937,-0.103199966,0.24694525,0.85501695,0.17167193,1.3603253,0.21567532,-0.046083525,0.6413929,0.091929525,-0.11521748,-0.3944096,0.80309105,-0.14136094,-0.09459573,-0.38683408,0.26243702,0.20638698,0.39454186,0.6505469,0.45912695,0.4759459,0.26080114,0.38937616,-0.2145547,0.30996752,0.14106038,0.06836742,-0.27873135,0.15895873,0.024526527,-0.06489639,-0.26813966,0.21969631,0.06711635,0.2873519,-0.13799758,-0.02889777,0.084966,0.09575149,-0.073533535,-0.06747085,0.17158306,0.059725296,-0.032879155,-0.18354098
17,-6.547103,-0.16931677,-1.4923465,-1.1932205,-2.3503196,-0.6470463,-5.4540577,0.7019458,1.1109742,-2.8746095,0.7786933,3.637113,1.0731235,-0.12905079,-1.6023121,-0.474892,1.0962646,10.517026,1.019415,-1.2525854,-1.1567662,-1.6258523,0.23786351,-0.109245844,-1.9931812,-0.67106557,0.102355406,-0.7497469,-1.2276769,-0.75079024,0.23199205,-0.032986335,-0.6853138,0.93015885,-0.8250152,-0.076896556,-0.22925623,0.46287018,-0.32492873,-0.2999845,0.26062888,-0.40317947,-0.32320243,0.5889424,0.26956934,-0.36585554,0.16111407,0.1088217,-0.37283894,-0.16119939,0.11881557,0.06257679,-0.1697878,-0.15114039,-0.45324302,-0.16569868,-0.18450183,-0.100935645,0.24516109,0.18850926,-0.26147866,-0.17984179,0.112659864,0.2672242,-0.0057333596,0.007512348,-0.08011612,0.5099248,-0.18778768,0.042353347,0.075544,-0.09790133,-0.2570668,-0.08015139,-0.21320307,0.2623947,-0.32749927,-0.122658335,0.02213849,-0.05057255
18,10.763786,1.9596536,-0.5196757,0.95317316,-0.8473625,-1.7212515,0.91661245,-1.5145835,-2.3679795,0.3530526,-2.3604102,1.1440454,0.45039868,1.9529266,1.2728014,0.51075363,0.7893903,1.019415,7.6424193,-1.8471439,0.107349254,-1.9640417,1.0757055,0.045280572,0.04119962,1.0430386,0.05815497,0.22864282,0.12986022,-0.22997117,-2.073601,0.8117161,-0.52311915,0.16246131,-0.7573394,-0.44431892,-0.36504698,0.017105654,-0.02584436,0.21886268,0.02314567,0.42035353,0.04037243,0.8059716,0.21342725,0.2442989,-0.7318788,0.10886781,0.097753085,0.24969481,-0.57183266,0.32551575,-0.34135932,-0.37204814,0.41290677,-0.15190636,-0.38878614,-0.08995439,0.24775529,0.32831502,-0.36028105,0.014734176,-0.03423758,-0.11027293,0.5728936,0.13111234,-0.24766587,-0.14589384,0.31778753,-0.2742107,0.03166766,-0.057785973,-0.097698525,-0.2771452,0.05704753,-0.12189469,-0.0661564,0.06421465,0.15417129,0.051940594
19,-2.1981351,0.74774945,-0.12445147,-0.12379466,0.9991955,1.2891974,-2.5301957,1.6850498,-0.10820411,-3.6616106,1.2630925,-0.8757575,-3.5529568,-1.0573084,1.0721842,0.21103856,0.7454505,-1.2525854,-1.8471439,8.194354,-1.2245675,-0.24456692,-0.23015438,0.6244733,1.4199185,-0.6663538,-0.6769254,0.6468794,0.6607318,-0.0036630202,-0.96217144,-0.21306431,0.50197226,0.6712897,-0.6657909,0.18682182,-0.16881569,0.7559798,-0.2080309,-0.2265089,-0.0725111,0.27120137,0.065374374,0.28436655,-0.22409853,-0.8156867,0.046934087,-0.09735277,-0.5263892,0.7304666,0.119337246,0.2299201,0.017147884,0.3434432,0.1709038,0.3124696,-0.017394025,-0.08585722,0.16779333,0.3032917,0.037119403,0.38719964,0.2813534,0.1758488,0.24796438,-0.11936929,-0.3168493,-0.006095014,0.3482267,0.1922771,0.045447208,-0.097736016,-0.21353672,-0.0018988878,0.056739435,0.14843029,-0.021182664,0.26057976,0.14614937,-0.026475415
20,2.6043868,-1.7100723,1.8026816,-0.37244067,-0.9211719,1.9576442,2.8673303,1.686372,-2.5596082,0.9065392,1.2704232,-0.43099624,-0.903775,0.71384555,0.11876769,-2.3472588,-2.4251118,-1.1567662,0.107349254,-1.2245675,6.27037,0.157242,-0.5512092,0.13973504,-1.525754,-0.20062044,0.56393135,1.1151125,-0.8723404,0.34598768,0.071484655,-0.04321117,1.012583,0.060913615,0.121823445,0.42800605,-0.12400711,0.0483678,0.4056222,-0.14418006,0.20419347,0.6152456,0.81508434,0.14291266,-0.28638983,-0.65950906,-0.27420872,-0.037526883,-0.45120564,-0.32201904,0.3858635,0.26943955,-0.1712318,-0.40237212,0.16024312,-0.12220752,-0.302666,0.20122278,0.67166007,0.42266047,-0.6982316,0.105647415,-0.019410565,-0.068422444,-0.14525534,0.08226283,0.16850188,-0.05502857,-0.12658265,-0.05095219,-0.13612807,-0.024727162,-0.14550886,-0.33406097,-0.026686056,0.052487068,0.07348347,-0.014229026,-0.12218855,0.0033639548
21,3.2969654,-1.8319886,-0.45157784,-0.67684436,-3.1275773,0.3468136,-1.9625658,-2.7560477,-0.79944587,0.18110283,-0.6836679,-0.533828,1.0495698,1.5333649,-1.6410018,0.34578913,-0.7726809,-1.6258523,-1.9640417,-0.24456692,0.157242,8.266608,1.6071012,-0.29745218,-0.28036055,0.47440946,0.44478267,0.10697664,0.6720909,-0.10518412,0.005748443,-0.2232377,0.53324854,-0.054080818,-0.029420605,0.1713553,0.3883342,0.9056023,0.27083588,0.41725665,0.4950055,0.5895468,-0.15248734,0.41034907,0.48309252,0.25110787,0.84163505,0.4198488,-0.2798404,0.40615115,0.3024959,0.46867722,-0.2187736,-0.59853756,-0.37040377,-0.1188788,-0.0003248484,-0.030009516,-0.6163666,-0.15090583,0.017517537,-0.21336862,-0.076017745,0.24531919,0.029288592,0.022021968,-0.003332784,0.22305278,0.12293564,0.41012698,-0.099337,-0.1946755,-0.05211632,0.045045353,-0.0620978,-0.08017287,-0.0222147,-0.10484135,-0.011730475,0.14233813
22,5.652066,2.9295297,-1.950384,-0.17846896,-1.7636747,-0.7900195,-2.4652202,0.087490186,0.9054378,0.88563967,-1.987143,0.9601118,-1.5622773,-2.3667753,0.5241097,-1.2492771,-1.08674,0.23786351,1.0757055,-0.23015438,-0.5512092,1.6071012,6.148396,-0.25711995,-0.4130836,1.3121588,0.26390007,0.07846241,-0.16456941,-0.8450476,-0.23375687,0.14385843,0.096136704,-0.6698071,0.9264051,0.18642959,-0.178177,0.9855638,-0.1325494,0.932634,-0.4306916,-0.6708504,-0.8227918,0.47758114,-0.20717704,-0.40396583,0.3193339,-0.10179506,0.11107652,-0.19574931,-0.16576487,-0.1726745,-0.119206,0.3063872,0.13231203,0.0006898002,-0.09671585,-0.2539193,0.33858925,0.46149325,-0.031869657,0.091303445,-0.07658535,0.31836873,-0.36442643,0.03598184,-0.20724605,-0.39547348,-0.056129895,0.064770035,-0.182535,-0.102733865,0.09168543,0.010019066,-0.04367488,-0.09977771,-0.0758851,0.12227606,0.2513459,-0.14383554
23,-5.166589,-1.145514,4.025325,-0.622876,-1.4317448,2.6278448,-0.83545774,-0.6218761,-0.23723862,-0.23342744,-2.036178,-0.7975599,1.0487146,0.23203902,1.0069239,-0.46132004,-1.5044637,-0.109245844,0.045280572,0.6244733,0.13973504,-0.29745218,-0.25711995,6.1594505,1.8583847,0.12328161,1.2971277,0.08906257,-0.20034271,0.19268066,1.2991083,0.4918772,-1.2681676,0.22697395,0.119283214,0.10355762,0.2234683,-0.25909394,0.70852983,0.018252179,-0.09346538,-0.20911668,-0.038412094,0.26577473,0.49521765,-0.7220216,0.53242207,0.011448206,0.24789926,0.34270582,0.01664605,0.6660637,-0.136222,0.5383169,-0.31263217,-0.32365245,0.039542377,-0.05545558,0.35341415,0.2523867,-0.3396973,0.06820479,-0.02807456,-0.17337474,0.427594,-0.30471748,-0.1416103,-0.035130806,0.05898084,-0.29235226,-0.028563939,-0.15728645,-0.027048036,0.023219083,-0.0598858,0.22610256,-0.20134833,-0.097887665,0.07415922,0.088876486
24,1.5190697,-1.5805386,0.09909805,-0.32628423,1.4871564,-1.0500956,-1.1904491,-1.4334381,-0.8715975,2.3834019,-1.1340085,2.2151694,0.17967632,1.6838611,-0.22437039,-0.0005229648,0.65434027,-1.9931812,0.04119962,1.4199185,-1.525754,-0.28036055,-0.4130836,1.8583847,5.7926383,0.746035,-0.88311005,-0.31819028,0.41648495,-0.12787762,0.10000743,0.4813549,0.09239289,-0.6210828,0.4526403,0.8326578,-1.2015194,-0.081907675,0.4415416,-0.32147443,0.42319793,-0.19264296,0.049984485,-0.21053353,-0.6228622,-0.17219032,0.038570575,-0.4532268,-0.48986596,-0.054104336,-0.008093767,-0.01764341,0.3380823,0.072781295,0.061051823,-0.5126866,-0.05419267,-0.17266163,0.028318666,-0.27565658,0.12311871,0.11380762,0.059128217,-0.08083753,-0.008150663,-0.130557,-0.257819,0.11750817,-0.16320601,-0.048503157,0.041291352,-0.03455832,-0.09615707,-0.0830672,0.08607066,0.15976124,-0.01910467,-0.21948932,0.06187422,0.09544433
25,1.2671747,1.0941236,-0.65079665,-2.3577719,-2.9259043,0.41639566,-0.5643647,-0.99912286,2.2603517,-0.99333847,0.9031078,0.24940714,0.8767853,-0.16720709,1.2578881,1.1556337,-0.7846726,-0.67106557,1.0430386,-0.6663538,-0.20062044,0.47440946,1.3121588,0.12328161,0.746035,6.691472,-0.78442234,0.2568883,0.6531687,0.2410675,0.78711593,-0.2161664,-0.5264827,0.33914638,-0.60824203,0.18466854,-0.1701909,0.1891256,-0.35650572,0.09781019,-0.3135336,0.42763424,0.7934107,-0.42479584,-0.4209484,-0.11827001,-0.3062213,0.17928863,-0.0032572725,-0.50611925,-0.001670202,-0.16148311,0.6559582,-0.020102382,0.05610281,0.3150168,0.30724782,0.24913645,-0.04329387,0.42212033,-0.3015427,0.048309498,-0.10571182,0.14496344,0.104166396,0.29920164,-0.037162162,0.2430231,-0.2599473,-0.09728338,0.24711972,0.10516238,-0.09726228,0.05272688,0.30071288,-0.057110365,-0.038565755,0.009049053,0.06745604,-0.067570806
26,-0.42863667,-1.2614259,0.4539587,-1.399719,1.440525,1.634672,0.42769048,-0.94473374,0.39280903,0.6958879,-0.92548656,-0.30965996,0.38442612,-0.58118653,-0.43367198,0.57471406,-0.39656898,0.102355406,0.05815497,-0.6769254,0.56393135,0.44478267,0.26390007,1.2971277,-0.88311005,-0.78442234,6.1214542,-0.23946965,0.5296581,-0.39492774,-0.53550243,-1.4588022,-1.2958337,-0.007156382,-0.08670753,-0.1090201,-0.30845976,-0.15124449,0.18269046,-0.02586328,-0.76109284,0.3495577,0.34529078,0.34556866,-0.17561588,-0.21897823,0.21387883,-0.99457514,0.036218993,0.40529683,-0.105706066,-0.3102142,0.31144112,-0.3569119,0.5138421,0.040271334,-0.007676116,0.41279662,0.2591244,-0.15916127,0.023634719,0.20965914,-0.24420047,0.05309169,0.04812014,0.13874859,-0.26641417,-0.0751314,-0.13838115,0.3002115,0.05469121,0.095510274,-0.015858896,0.12327517,-0.028021026,0.10030152,-0.06999894,0.156733,0.006505278,-0.042225655
27,4.4846325,-0.5289253,0.07890756,0.31350017,1.1000524,1.1151991,-0.8326787,-1.5446974,0.27156177,0.32249844,0.63549626,0.3462905,-0.444238,1.6194985,-0.5437818,-1.3508023,-1.5624614,-0.7497469,0.22864282,0.6468794,1.1151125,0.10697664,0.07846241,0.08906257,-0.31819028,0.2568883,-0.23946965,4.599093,-0.32369345,-0.13695075,0.27383417,0.08349113,0.24801897,1.1066958,-1.0635138,-0.23444915,0.06602119,0.37603772,-0.34040922,0.03781149,0.039098464,-0.71958196,0.30718416,0.23381832,0.15188906,0.43215784,-0.1086986,-0.4791249,0.46575904,-0.063288406,-0.23664302,-0.25561666,-0.23862007,0.8097882,0.564037,0.15249386,-0.38395172,0.1255779,-0.17341071,0.27896997,0.22902277,0.18229204,-0.39732122,-0.42234513,-0.27522922,-0.25737,-0.15457103,0.253196,0.11895257,-0.08364268,-0.11696446,-0.24142668,-0.048714004,0.11872183,-0.060621,-0.16650851,-0.03953817,0.0892263,-0.15791136,-0.0813709
28,-0.783885,-1.065415,-0.21078238,-0.71661437,-2.1883106,0.50376403,1.1597936,1.0249119,1.5955554,0.76343143,-0.0026452404,-0.8776859,0.34078443,0.1307592,-0.2952322,-0.3344843,0.4663324,-1.2276769,0.12986022,0.6607318,-0.8723404,0.6720909,-0.16456941,-0.20034271,0.41648495,0.6531687,0.5296581,-0.32369345,3.404048,0.540118,-0.7221211,0.43460155,-0.1255554,0.5294293,0.66778564,-0.5476707,0.106771156,0.36406434,-0.6141003,-0.2797144,0.35246503,0.49102122,-0.24406049,0.43701717,-0.060182087,-0.46277702,-0.7498584,-0.28926682,0.70007026,-0.08580272,-0.018217001,-0.21149698,0.1360178,0.14986604,-0.19957879,-0.16776235,-0.073662445,0.64855564,-0.05461426,-0.42176574,0.016325997,-0.27878827,0.02365546,0.1715914,0.13991453,0.18287018,-0.3845694,0.36602688,-0.00056527235,-0.059454903,-0.12679163,0.18285078,0.04691679,-0.10315004,-0.22109206,0.049153827,0.007612028,0.10528387,0.13068254,0.228619
29,-3.1079865,-2.2609234,0.020240333,0.99220246,3.571629,0.79633176,2.0336227,-0.13212736,-0.35449404,1.1779602,0.314932,-0.15211272,0.42690298,-0.56231487,-0.14296624,-0.07109572,-0.25079376,-0.75079024,-0.22997117,-0.0036630202,0.34598768,-0.10518412,-0.8450476,0.19268066,-0.12787762,0.2410675,-0.39492774,-0.13695075,0.540118,5.2654557,-0.75173664,0.48884332,-0.5985632,0.028654682,-0.66806877,-0.37671593,-0.1568352,0.8517431,-0.38389114,0.18147437,-0.3938349,-0.49850428,0.49767536,0.19361112,0.25325686,-0.31649813,0.595373,0.5962212,-0.16250525,-0.29790467,-0.120737895,-0.26280728,-0.24561423,-0.20465644,-0.6828885,-0.24299338,0.2653214,-0.3687491,0.2120646,0.12041943,-0.03276244,-0.12605463,-0.23636436,0.37332055,-0.1109543,0.07141252,-0.24896789,0.26201278,-0.033809595,0.03844047,0.21646637,0.0008564783,0.081251115,0.03104603,0.071774766,-0.20814165,0.051039353,0.25543797,0.15414762,-0.006255728
30,2.330361,0.08875337,-0.65630317,0.62281704,0.11311704,-0.7664492,0.30140513,0.9780415,-0.25148404,0.43594337,0.8167645,0.681086,0.48964664,-1.1346567,0.6224005,-0.44836324,0.42191243,0.23199205,-2.073601,-0.96217144,0.071484655,0.005748443,-0.23375687,1.2991083,0.10000743,0.78711593,-0.53550243,0.27383417,-0.7221211,-0.75173664,5.646954,-0.24422356,0.22756562,0.048061304,0.00036560814,-0.82547766,0.21799107,0.23518223,0.059827663,0.18056704,-0.4429117,0.46019435,0.29715037,-0.07509132,0.6985081,-0.19868636,0.11480208,-0.117314756,0.175417,-0.21767497,0.069306985,0.1990678,-0.13278909,0.048888348,0.13852507,-0.046087816,-0.16078588,-0.254799,0.02310584,-0.36103308,0.3250651,0.084474616,-0.095693745,-0.10440081,0.09507901,0.1965625,-0.15839344,-0.10476859,-0.01546702,0.09780833,-0.022411944,0.24750179,0.00039961463,-0.26244497,0.06531593,0.040944044,0.03312634,-0.11498256,0.012295743,-0.14628845
31,1.474746,1.6199846,-0.59881055,-0.98324084,-1.8628091,0.13244373,-0.023071282,0.24350864,-0.88901013,-1.3229604,0.41596666,-0.0049813567,0.24691632,-0.06504597,-1.225246,-1.3996229,-1.0420372,-0.032986335,0.8117161,-0.21306431,-0.04321117,-0.2232377,0.14385843,0.4918772,0.4813549,-0.2161664,-1.4588022,0.08349113,0.43460155,0.48884332,-0.24422356,4.9545846,0.28817764,-0.017620543,0.19157515,0.013071887,-0.038251176,-0.27924198,-0.1464006,0.39765543,-0.45528936,-0.15843928,-0.08531414,-0.1327307,0.26154888,-0.05092787,0.25375193,-0.10965814,0.57884777,0.2965609,0.054890472,-0.29865447,-0.052848108,-0.51461697,0.16049607,-0.23922744,0.5019165,0.20669901,0.105111085,-0.19145055,0.05265141,0.3164875,0.02564569,-0.38654238,0.34099692,0.20036885,0.10984801,-0.1835992,-0.11364175,0.391514,-0.16099179,-0.09066373,-0.016440371,0.005892983,-0.06832414,0.023062386,-0.18519305,-0.10403622,0.08685591,0.00046315056
32,-2.6012223,-0.53253114,0.5355074,-0.09029057,1.36169,0.53715587,0.7444569,-0.5137284,-0.23692226,-0.91025615,1.2683597,0.11477026,-0.12536326,1.0646439,0.17028362,0.5271353,-0.80960083,-0.6853138,-0.52311915,0.50197226,1.012583,0.53324854,0.096136704,-1.2681676,0.09239289,-0.5264827,-1.2958337,0.24801897,-0.1255554,-0.5985632,0.22756562,0.28817764,3.361886,-0.66700006,-0.07606682,-0.39437604,-0.23660234,-0.54931676,0.052122973,0.34852734,-0.3006522,-0.23412564,-0.4521082,0.32951155,0.021375496,-0.13180949,-0.08702405,-0.54877186,-0.22214803,-0.34391248,-0.48313344,0.2408573,-0.0085821,-0.07361106,0.18898812,0.21053927,-0.3045524,0.16196887,0.11746179,-0.07799276,-0.19680344,-0.27028924,0.086038455,0.51609445,0.15711834,0.0765152,-0.29298526,-0.037458617,-0.0889187,0.034922987,-0.1970343,-0.051349413,0.11411512,-0.078270614,0.012682455,0.14095049,-0.0070197852,-0.21067218,0.31006843,0.10864018
33,3.3807461,-0.14725254,-0.22345449,1.5072637,1.4018745,-0.12605272,-1.3302903,-0.5312134,0.23042524,0.4091895,0.28102356,0.63948053,-0.07431995,0.4747638,-0.389185,-0.56657207,-0.70256674,0.93015885,0.16246131,0.6712897,0.060913615,-0.054080818,-0.6698071,0.22697395,-0.6210828,0.33914638,-0.007156382,1.1066958,0.5294293,0.028654682,0.048061304,-0.017620543,-0.66700006,4.256726,0.21366903,-1.03182,0.15862553,0.20692913,0.3092773,0.13941482,0.3094363,0.38893595,-0.4542212,-0.48535413,-0.056411676,0.12673935,0.28504616,-0.013825381,-0.020082213,0.07962259,0.37371558,-0.10142496,0.5303563,0.08538145,-0.03483846,0.43307233,0.44135407,-0.15200591,0.17218448,0.17635733,-0.2381458,-0.13617589,0.01784333,-0.02930288,0.23979503,-0.109807774,-0.26502904,0.13790499,0.2658512,0.06529102,-0.002496124,0.16253787,-0.03349572,-0.14759874,-0.14197594,-0.061185762,0.1382499,-0.21417406,-0.10482257,0.25950298
34,4.6766777,0.26262927,-0.5515263,0.673879,0.89498484,0.22459516,0.36066574,0.85688597,0.11493723,1.0006939,1.2020241,0.75278175,0.075614095,-0.35408506,-0.20788455,0.9725726,-0.30026937,-0.8250152,-0.7573394,-0.6657909,0.121823445,-0.029420605,0.9264051,0.119283214,0.4526403,-0.60824203,-0.08670753,-1.0635138,0.66778564,-0.66806877,0.00036560814,0.19157515,-0.07606682,0.21366903,4.9332833,-0.4809272,-0.26320988,-0.018224455,-0.21670891,-0.10623698,0.20110539,-0.3953054,-0.057625007,-0.06939925,-0.1620974,0.0051087285,0.08309162,0.46919,-0.16796522,-0.11100217,0.082749665,-0.2065095,-0.18973303,0.14977333,0.055163994,0.47520006,0.10831801,0.25076526,0.2609164,0.18884389,-0.22525176,0.07399406,-0.25556123,-0.17180869,0.21611004,-0.017022002,0.1132008,0.22871879,0.12110882,-0.16944636,-0.10904074,-0.039380282,-0.0019689207,-0.14557338,-0.15504178,0.10966836,-0.1144355,0.1562531,-0.08621589,0.048946742
35,2.0278149,0.9262961,-0.4452169,1.0564208,0.21901874,-0.12332746,-0.71568674,0.7807543,0.3011195,-0.10109894,-0.3794593,-0.39618042,-0.26842535,-0.021338739,-1.1260817,0.45590377,-0.103199966,-0.076896556,-0.44431892,0.18682182,0.42800605,0.1713553,0.18642959,0.10355762,0.8326578,0.18466854,-0.1090201,-0.23444915,-0.5476707,-0.37671593,-0.82547766,0.013071887,-0.39437604,-1.03182,-0.4809272,4.303282,0.38899726,0.750035,-0.15283003,-0.41316098,0.0053022224,0.22360115,0.48806876,-0.5624523,0.47887635,-0.059892707,0.37644047,-0.18087322,0.23411691,-0.15635073,-0.18392853,-0.31321266,0.03383944,0.13396095,0.111370355,0.17632872,-0.19420074,-0.10324931,0.33838826,-0.013013184,-0.29658872,0.12025501,0.16096956,0.042214304,0.03670595,0.0036687236,0.21818906,0.06780847,-0.053293355,-0.265984,-0.16611448,0.13771182,0.17365411,-0.1701085,-0.26231593,-0.09816365,0.03789276,-0.3350379,-0.3226416,0.035783753
36,1.9312844,-0.36182493,0.16978829,0.6674373,0.97838306,1.3884045,0.8903148,0.9800124,-0.8942909,-0.09455412,-0.30278558,0.43419886,-0.7961006,0.50849414,-0.10884674,0.9136417,0.24694525,-0.22925623,-0.36504698,-0.16881569,-0.12400711,0.3883342,-0.178177,0.2234683,-1.2015194,-0.1701909,-0.30845976,0.06602119,0.106771156,-0.1568352,0.21799107,-0.038251176,-0.23660234,0.15862553,-0.26320988,0.38899726,4.4025064,0.52425706,-0.35186195,-0.031741753,-0.566165,-0.39227504,-0.5191802,0.08253881,-0.53554887,0.1998175,-0.082528144,0.36482602,0.42588285,-0.09929056,0.075177416,0.43569475,0.4566014,-0.0869433,-0.049600363,-0.2751801,0.114821464,0.15064532,-0.18250737,-0.022666082,-0.08916339,0.17522252,0.17872146,-0.20273533,0.08074805,0.123811305,-0.055949032,0.009660631,-0.27888998,-0.36423072,-0.019549895,0.04586418,0.17731823,0.07126399,-0.13207933,0.22117017,-0.12189483,-0.036373034,0.0175962,0.098060146
37,3.229631,1.0328302,0.7673763,0.13786086,-0.64382136,-0.048861995,1.3531083,0.5651896,-0.5236975,0.4148782,1.0144641,0.32728702,0.3663004,0.10195947,0.53173757,-0.36739457,0.85501695,0.46287018,0.017105654,0.7559798,0.0483678,0.9056023,0.9855638,-0.25909394,-0.081907675,0.1891256,-0.15124449,0.37603772,0.36406434,0.8517431,0.23518223,-0.27924198,-0.54931676,0.20692913,-0.018224455,0.750035,0.52425706,3.6633806,0.36688697,-0.44284236,0.20112674,-0.23101622,-0.31807995,0.12444617,0.2640322,0.09232177,-0.41873607,-0.28407747,-0.5862775,0.07268299,0.0030041144,-0.22945413,-0.12666483,-0.035990603,0.31991392,0.18557906,0.14094977,-0.39445984,0.2718854,-0.14010005,0.11202121,-0.13668135,-0.022263473,-0.13282008,0.038141504,-0.07042855,0.06382488,-0.076714456,0.057927497,0.039846316,0.10766577,0.04731268,-0.09457895,-0.11235331,-0.070566356,0.18332215,-0.1942299,0.111486495,0.1979944,-0.0025499035
38,-1.8011371,1.4234753,0.68819463,-0.8658583,-1.4056232,-0.18571103,0.37046838,0.3028539,-0.45882154,-0.8381076,-0.17235482,-0.7114701,0.23859587,-0.24393596,-0.4029053,-0.12574784,0.17167193,-0.32492873,-0.02584436,-0.2080309,0.4056222,0.27083588,-0.1325494,0.70852983,0.4415416,-0.35650572,0.18269046,-0.34040922,-0.6141003,-0.38389114,0.059827663,-0.1464006,0.052122973,0.3092773,-0.21670891,-0.15283003,-0.35186195,0.36688697,3.8744617,-0.61045796,-0.112103894,-0.715572,-0.18925273,-0.1135185,-0.43551162,-0.122823656,-0.1455084,-0.06920622,0.1600325,-0.0066233715,-0.3971806,-0.3455615,0.040577225,-0.3829341,-0.086691916,0.053367894,0.22537187,-0.33784735,-0.36625808,-0.08460265,-0.20641614,0.13045664,-0.3242041,-0.10526854,0.06588058,0.2789517,-0.07102507,-0.04138004,0.19395897,-0.19120735,0.085101604,-0.1322051,-0.10291954,-0.12684044,-0.14005396,-0.14636046,0.101854295,-0.055024743,0.061613165,0.11320761
39,-1.9175876,0.2679837,-0.20398173,0.9041531,0.13292113,1.4505725,0.40120393,-0.24794403,0.42290756,-0.5792638,-1.1338959,-0.9143851,-0.51918125,0.22897984,-0.51721823,0.15215757,1.3603253,-0.2999845,0.21886268,-0.2265089,-0.14418006,0.41725665,0.932634,0.018252179,-0.32147443,0.09781019,-0.02586328,0.03781149,-0.2797144,0.18147437,0.18056704,0.39765543,0.34852734,0.13941482,-0.10623698,-0.41316098,-0.031741753,-0.44284236,-0.61045796,4.042401,-0.06079617,0.10340013,0.13598275,-0.19490379,-0.022621004,-0.225305,0.13719922,-0.3729136,-0.44478667,0.30283666,0.13768123,-0.28202295,0.38893592,-0.011941668,0.056482874,-0.043800972,-0.11966647,-0.5729177,0.13088648,-0.23553878,-0.23948619,-0.033015452,-0.20633182,-0.17182803,-0.03640186,-0.01927156,-0.031078465,0.06996833,0.06510876,-0.4404736,-0.0006035906,-0.1773978,0.08284229,-0.050704822,-0.09484801,0.09986508,0.19420263,0.008082448,-0.030434223,-0.08317534
40,-0.6321809,0.6188091,-0.50149286,-0.28508985,-0.4170574,0.645586,0.12218054,-0.37755203,0.15823346,-0.118823275,0.24555323,-0.7251495,-0.4117547,-0.456356,-0.31101486,-0.08604192,0.21567532,0.26062888,0.02314567,-0.0725111,0.20419347,0.4950055,-0.4306916,-0.09346538,0.42319793,-0.3135336,-0.76109284,0.039098464,0.35246503,-0.3938349,-0.4429117,-0.45528936,-0.3006522,0.3094363,0.20110539,0.0053022224,-0.566165,0.20112674,-0.112103894,-0.06079617,3.6146486,0.08264512,-0.10463861,0.24139786,0.52055264,0.38090518,-0.01595633,-0.36245227,0.5426242,-0.26590416,0.27019626,0.5645106,0.37507984,-0.2972178,-0.082832664,-0.42799473,-0.100127935,-0.15049556,0.15793532,0.3034531,-0.023717985,0.040077303,-0.18577413,-0.15471184,-0.23676044,0.06463125,0.041365445,-0.044131424,-0.015286837,-0.28841302,0.1803883,0.09950344,0.02292509,-0.08991152,0.24896155,0.1932033,0.030679462,0.046879612,-0.034181688,-0.003923299
41,1.5262448,1.145251,0.93558425,-0.27438965,-0.22264384,-0.44212717,0.8434559,0.13030116,-1.0664618,0.49061263,0.4739434,0.094825834,-0.40714002,-0.11404031,0.48783562,-0.09245187,-0.046083525,-0.40317947,0.42035353,0.27120137,0.6152456,0.5895468,-0.6708504,-0.20911668,-0.19264296,0.42763424,0.3495577,-0.71958196,0.49102122,-0.49850428,0.46019435,-0.15843928,-0.23412564,0.38893595,-0.3953054,0.22360115,-0.39227504,-0.23101622,-0.715572,0.10340013,0.08264512,3.1094804,-0.42417443,-0.17390609,0.00975235,-0.069737345,-0.009339446,0.21107987,0.11932849,0.39704037,-0.20205462,-0.27475083,-0.22304612,-0.020784933,-0.018098965,-0.32713112,0.15184987,-0.07092108,0.20978245,-0.03339625,0.13347064,0.24164711,0.32733452,0.15946215,0.005277461,0.10808315,0.25058588,0.1842544,0.2474769,-0.101448365,0.17090744,-0.10038328,-0.17802209,-0.10906684,-0.0683356,-0.0018279741,-0.10633573,-0.13148803,0.003947622,-0.090958335
42,3.3101745,0.7085663,-0.9862934,0.85436314,-0.52501297,0.47341263,-0.49497026,0.45514786,0.013494132,-0.54373443,0.21371791,0.41965395,-0.9349574,-0.13284248,-0.5987289,0.18038645,0.6413929,-0.32320243,0.04037243,0.065374374,0.81508434,-0.15248734,-0.8227918,-0.038412094,0.049984485,0.7934107,0.34529078,0.30718416,-0.24406049,0.49767536,0.29715037,-0.08531414,-0.4521082,-0.4542212,-0.057625007,0.48806876,-0.5191802,-0.31807995,-0.18925273,0.13598275,-0.10463861,-0.42417443,2.792602,0.19256291,-0.10581264,0.18687269,-0.068075,0.25175115,0.18279217,0.27048975,0.44457358,0.24691205,-0.06907292,-0.1788905,-0.09218666,0.37174797,-0.03500101,0.24995077,-0.009717897,-0.18093884,0.100449845,-0.29345253,-0.43466848,0.021545788,0.07335676,0.07727566,0.036133766,0.016249564,0.17219664,0.0210305,0.08656074,-0.033233777,-0.04185774,-0.15884535,-0.20916317,0.28199446,0.022427244,-0.09099349,0.08216192,-0.123280495
43,-0.24895853,0.46285605,-0.028427232,0.77010447,0.35228813,0.1035527,-0.23869136,0.33581614,0.10785127,-0.29420555,0.15236846,-0.14121261,-0.39108112,0.41112143,0.20358346,-0.08845666,0.091929525,0.5889424,0.8059716,0.28436655,0.14291266,0.41034907,0.47758114,0.26577473,-0.21053353,-0.42479584,0.34556866,0.23381832,0.43701717,0.19361112,-0.07509132,-0.1327307,0.32951155,-0.48535413,-0.06939925,-0.5624523,0.08253881,0.12444617,-0.1135185,-0.19490379,0.24139786,-0.17390609,0.19256291,3.3504817,0.06704706,-0.3938359,0.23038054,0.27241123,0.010620996,-0.2413081,0.0447551,-0.29320282,0.061273836,0.18595058,0.035920575,-0.09050519,0.17721105,0.13320678,-0.0242498,-0.2732988,0.17464945,0.2700308,-0.12772873,-0.008554438,0.19778554,0.11864962,0.26762027,0.08139579,0.09987608,-0.11858536,-0.0703374,-0.03713008,-0.10319713,-0.25051853,0.2939447,0.11726087,0.05458673,-0.34860262,-0.04796324,0.09089139
