,0,1,2,3,4,5,6,7,8,9,10,11,12,13,14,15,16,17,18,19,20,21,22,23,24,25,26,27,28,29,30,31,32,33,34,35,36,37,38,39,40,41,42,43,44,45,46,47,48,49
0,295.36792,-12.207809,25.967365,-4.325942,1.3662578,0.09432052,0.108766705,-0.037296444,0.008933367,0.009680102,-0.0107624885,-0.0027815136,-0.0065594725,0.005645345,0.0028508366,-0.0026759945,0.0028008774,0.0029599075,-0.0027009326,-0.0037959428,0.0016862013,0.0002503241,-0.0027257958,0.0015958122,-0.0011920718,0.0025135158,-0.00085522747,0.00085860456,-0.003698234,0.0020943475,-0.0017515898,0.0018537509,0.0019206227,-0.00031167944,-0.00084393425,0.00039343743,0.0009502872,-0.0006503202,-0.00010869274,0.00022227442,0.0018271827,0.00047991163,0.00095793564,2.3784705e-05,-0.00022593534,0.0008576091,-0.0005204455,-0.0002687148,3.68002e-05,-0.000347622
1,-12.207809,2.6142967,-9.284714,-0.046334356,-0.2090737,0.008974556,0.00148196,0.000534955,0.00016754864,-0.008378483,-0.008009372,0.0016937124,-0.0045588547,0.0033893103,-0.0026957192,-0.0017211308,0.0005515496,0.0026283802,0.00087324786,0.0018880328,-8.262941e-05,-0.00086437206,0.0013193078,0.00045049918,0.0014870189,0.00054072595,-0.00044175884,-0.00072434195,-0.0004906936,-0.00063997967,-0.00054371567,6.9350004e-05,-0.00019049374,-0.00018671637,0.00012784405,-0.000303346,0.00018092079,-0.0005039956,-0.00021569995,-4.3558506e-05,-0.00015940503,-8.562597e-05,-3.7084967e-05,-0.0001256252,-0.00012397082,0.0001621144,-0.00022874898,0.00012664296,-3.7672296e-05,-6.280733e-05
2,25.967365,-9.284714,34.823223,-0.013323882,1.0557796,-0.0027241427,0.025897397,0.0018281348,-0.0041142562,0.0006884417,0.00164989,-0.0033876384,0.00028059006,-0.0017032184,-0.0013159574,-0.0012317486,-0.00014386373,-0.00069018686,-0.0007035434,0.0014419246,-0.0005632258,-0.00039489247,0.0008992255,-0.0004250343,0.0003065135,-0.0014981943,0.00024703203,-5.7615503e-05,0.0002791647,-0.00012242969,0.00030800275,-0.00010731187,-0.00017158469,0.00024243211,0.00024666038,0.00011288216,-1.757906e-05,0.00023051599,-3.0829935e-05,0.00016572169,-0.00017185655,2.4039431e-07,-1.3511126e-05,-0.00026983296,0.00031136896,-0.00022057723,-3.3196673e-05,0.00018087053,-3.5045293e-06,-5.192238e-05
3,-4.325942,-0.046334356,-0.013323882,2.5595133,-0.048138976,0.0006244953,-0.0012086685,0.005090772,0.0008034248,0.007722738,-0.0012682951,-0.00016420854,-0.0017769762,-0.0014069553,-0.0010846588,-2.4667863e-05,-0.0015810516,-0.0008374285,0.00015498004,-0.0005885969,0.001629528,0.00014973004,0.00050727965,0.0014768206,-0.0003308862,0.0008012552,-0.00044653332,-8.404e-05,7.143147e-05,0.00024184077,0.00074874493,-0.00051665114,-0.0001337954,-0.0002544613,-0.00026266617,3.8746157e-06,-3.588591e-05,0.00041432324,-1.075142e-05,-5.5927892e-05,-0.00028548526,0.00012747211,2.5366426e-05,-0.00021208817,0.00014346915,-0.00010679083,6.2010906e-05,4.6287536e-05,2.5802257e-05,-0.00021979219
4,1.3662578,-0.2090737,1.0557796,-0.048138976,0.7116845,-0.015769063,-0.013342446,-6.557348e-05,-8.924023e-05,-0.00076432864,-0.0013388488,0.0042493287,0.0018954517,0.00068886817,-7.978808e-06,0.0010730545,0.0004621711,0.0005882976,0.00050368503,-0.00020948602,-0.00061755045,8.434043e-05,-0.00044690783,0.00013695289,0.0003476693,0.000257008,4.7011672e-05,0.00039612796,-0.00018479727,-0.00027699472,-0.0005718187,0.00034124526,-0.0004600663,-3.1145948e-05,8.122368e-05,-0.00022958842,-0.00016143054,-0.0004319866,-0.00020000129,2.9393637e-05,0.00022540419,7.179758e-05,-9.643662e-05,0.0002756773,-0.00024900175,7.829993e-05,-7.229354e-05,-0.00012477624,9.501785e-06,6.092811e-05
5,0.09432052,0.008974556,-0.0027241427,0.0006244953,-0.015769063,0.12311221,0.02355898,-0.011203174,-0.002967363,-0.001238851,-0.0011531729,0.0057436116,0.0044365465,0.0004379016,0.00017794827,0.001075057,0.0024615512,0.0005721075,-0.00050397706,-0.00012686955,-0.001408105,-0.0003732729,-0.00051154156,-0.0007897196,0.00030747688,-0.000416325,0.00036980747,0.00096745713,-0.00096848636,0.00019214355,-0.00061367935,0.0003922882,-0.0003369478,0.00011395577,-0.00013135362,-0.00010847554,-0.00016030966,-0.00071397604,-0.00028497336,0.00023572946,0.00064257963,3.0165058e-05,-4.6636762e-07,0.00022851254,-0.00022936774,0.00016109279,-0.00012885508,-0.00018015118,-0.0001089799,0.000145609
6,0.108766705,0.00148196,0.025897397,-0.0012086685,-0.013342446,0.02355898,0.059680358,0.0054910374,0.0022127528,0.0011550868,0.0024956656,-0.0047261594,-0.006154674,-0.0007878485,-0.0018566311,-0.0015165925,-0.00062615576,-0.0009681168,0.00030050834,7.634089e-05,0.0012297216,0.00059294864,0.0014007455,3.7685953e-05,-0.0005513297,0.0003706106,0.00016161977,-0.00063194195,0.00043941045,0.00033167348,0.00092315103,-0.0006681037,0.00049000443,-1.0182652e-05,0.0001959489,0.00049451675,0.0003913259,0.0006807258,0.00020172815,-0.0003023245,-0.000433215,-0.00019388196,0.00015764055,-0.00045830815,0.0005453898,-4.7915695e-05,0.00017155983,4.2645337e-05,0.00011752589,-7.626932e-05
7,-0.037296444,0.000534955,0.0018281348,0.005090772,-6.557348e-05,-0.011203174,0.0054910374,0.023993192,-0.005228479,-0.0044679176,0.0019851853,0.008946058,-0.0014916423,-0.00091525674,-0.0013216364,0.0013880355,0.00082922634,-0.0017185274,-7.4187255e-06,0.00031552324,-0.0008604295,0.00068601803,1.6161397e-05,-0.00010186467,-0.00018555007,-0.000462269,5.0520222e-05,-0.00047228142,0.0004664031,0.00045816327,0.0001173183,-0.0004920356,0.0004682972,0.00029484543,0.0005589487,0.00029948,-9.007445e-05,0.00034628788,0.00022013189,8.56188e-05,-0.0002769184,-0.00020569116,0.00017164886,-0.00018513578,0.0002674653,0.00011278379,0.0001744735,0.00014647288,6.8178497e-07,4.8677663e-05
8,0.008933367,0.00016754864,-0.0041142562,0.0008034248,-8.924023e-05,-0.002967363,0.0022127528,-0.005228479,0.022906432,-0.0012314841,-0.0007023424,0.00056011847,-0.001315752,-0.0014218146,5.500068e-05,0.0002582934,0.0008558781,-0.0010962725,0.00052559597,-0.00015242756,0.00013667723,0.00076896616,-0.00041868282,-0.00039748073,0.0006072145,-1.4841354e-05,-0.0002180995,9.342254e-05,-8.3453066e-05,-9.598122e-06,0.00016642442,0.0002825401,3.768456e-05,4.7787842e-05,7.5948345e-05,7.737763e-05,-4.0309915e-06,-0.00014691788,2.0464054e-06,0.0001528456,3.523016e-05,-7.468028e-05,-8.177119e-06,0.00010756326,-0.00011344226,8.741377e-05,3.5537378e-05,-2.65798e-05,7.6772685e-06,6.6148605e-05
9,0.009680102,-0.008378483,0.0006884417,0.007722738,-0.00076432864,-0.001238851,0.0011550868,-0.0044679176,-0.0012314841,0.021115573,-0.0005910114,0.0010310258,-0.0007207978,-0.000279502,0.00024068417,0.00038207776,-0.00037782075,-0.00042356015,0.00056401745,0.00012705699,-8.436038e-05,0.0003695476,-0.00038323738,0.0001863887,4.05462e-06,-0.00019129622,-4.4639834e-05,0.00025808025,-7.546831e-05,-0.00012963454,0.00032019406,0.000101124686,0.00015781447,0.00019480438,0.000104901854,-8.08694e-05,-0.00014894627,0.00017987464,4.1710096e-06,0.00011671844,-0.00014725358,4.1581898e-05,-4.4050466e-05,1.604642e-05,3.3588258e-05,-2.1536789e-05,1.6045504e-05,2.1723396e-05,3.3246888e-05,4.1076844e-05
10,-0.0107624885,-0.008009372,0.00164989,-0.0012682951,-0.0013388488,-0.0011531729,0.0024956656,0.0019851853,-0.0007023424,-0.0005910114,0.016185364,-0.0007617557,0.00034713311,-0.0006126518,0.000373515,0.00060502,-0.0009730138,0.00014424456,0.00044588704,0.0003777056,-0.00010225533,0.00041555153,-0.0005666595,-5.0661e-05,0.000225611,-1.1162023e-05,-1.7492794e-05,0.00033609808,-0.00032023137,6.641649e-05,0.00025065453,0.0004249203,1.3258369e-05,5.1456496e-05,3.7562626e-05,-1.4843714e-05,-6.377173e-05,-4.6704277e-05,-8.9155e-05,0.000131887,-6.965691e-05,2.2321721e-05,-7.7807184e-05,0.000108490196,-0.00011489389,2.6200856e-05,-9.8900055e-06,-7.382095e-05,1.2480032e-05,4.4096145e-05
11,-0.0027815136,0.0016937124,-0.0033876384,-0.00016420854,0.0042493287,0.0057436116,-0.0047261594,0.008946058,0.00056011847,0.0010310258,-0.0007617557,0.012653383,-0.0011132628,-0.0006807395,0.000114190814,-0.00045852776,-0.00018108303,4.2462507e-05,0.00035151732,-0.00016023329,0.0004594109,0.00038923335,-4.490227e-05,-0.00013403248,0.00028173497,0.00016134826,8.9927977e-07,0.00010337675,-0.000106542044,-3.544405e-05,0.00017086943,0.00018707669,-3.246298e-05,-0.00013956538,-6.265001e-05,8.694419e-05,7.94331e-05,-0.00013356762,-8.253549e-05,2.4241694e-05,5.307231e-06,-3.3316064e-05,-3.5117196e-06,1.3998665e-08,-8.6556596e-05,-3.6708439e-06,9.0038775e-06,-5.2700438e-05,3.279184e-06,9.350002e-06
12,-0.0065594725,-0.0045588547,0.00028059006,-0.0017769762,0.0018954517,0.0044365465,-0.006154674,-0.0014916423,-0.001315752,-0.0007207978,0.00034713311,-0.0011132628,0.008236244,-0.0008281522,-0.00011740386,-0.0006415325,0.0011589879,-0.0010406075,0.00082250754,-0.00053920376,0.00043671776,0.00088732387,0.00016533499,-0.0001115981,0.00023890466,-0.00017023788,1.6635942e-05,0.00010928027,8.579153e-05,-6.5618166e-05,0.00053567474,-0.0002154982,0.00021002973,9.379533e-05,6.460682e-05,5.5118762e-05,-0.00010171242,2.472846e-05,-9.567897e-06,2.3749253e-05,-4.4448534e-05,1.3120956e-05,6.931262e-05,-5.3575714e-05,6.8007736e-05,-2.8125662e-05,6.47338e-05,2.2916094e-05,1.5656906e-05,5.7190642e-05
13,0.005645345,0.0033893103,-0.0017032184,-0.0014069553,0.00068886817,0.0004379016,-0.0007878485,-0.00091525674,-0.0014218146,-0.000279502,-0.0006126518,-0.0006807395,-0.0008281522,0.0070121046,-7.256782e-05,0.00025233492,-0.00012340519,-0.0006152402,0.00022221229,0.00013608648,0.0002785934,0.0005533528,-0.0004060923,-0.00034957513,0.00063772243,0.00012610912,-9.370002e-05,-0.00010752831,-3.2854558e-05,3.6428093e-05,6.027239e-05,0.0003695108,-9.889249e-06,-0.00015295293,0.0001415574,0.00018320442,0.00018331932,-4.81011e-05,-4.8914175e-05,6.833884e-05,3.442712e-06,-0.00010543602,5.1655443e-05,-3.302625e-05,-7.136583e-05,6.4549065e-05,3.944827e-05,-6.954495e-05,3.241142e-05,4.051042e-05
14,0.0028508366,-0.0026957192,-0.0013159574,-0.0010846588,-7.978808e-06,0.00017794827,-0.0018566311,-0.0013216364,5.500068e-05,0.00024068417,0.000373515,0.000114190814,-0.00011740386,-7.256782e-05,0.007225081,-3.65366e-05,0.00021476776,0.00018647072,-0.00027883748,0.00012703592,-0.0001830403,2.663062e-05,0.00039131366,-0.00026061572,-0.00025782373,8.153578e-05,0.00020730741,6.775586e-05,-0.00022507565,0.000324673,6.4351734e-05,-0.00011226976,4.2299762e-05,7.2230914e-06,4.356081e-05,0.000198405,0.0001208819,-3.2117503e-05,9.16751e-07,-3.0810836e-05,1.7276794e-05,-0.00010073599,4.9819995e-05,-9.5668714e-05,9.663831e-05,4.8441136e-05,3.7948746e-05,-3.099753e-05,-9.276673e-06,1.1779852e-05
15,-0.0026759945,-0.0017211308,-0.0012317486,-2.4667863e-05,0.0010730545,0.001075057,-0.0015165925,0.0013880355,0.0002582934,0.00038207776,0.00060502,-0.00045852776,-0.0006415325,0.00025233492,-3.65366e-05,0.0067398595,0.0010442943,-0.00010727017,-4.7252004e-05,-0.0005274465,0.00014369705,-0.00012938358,0.00029247365,1.8739798e-05,-6.640627e-05,-1.816844e-05,2.8201279e-05,7.809323e-05,-2.3054201e-06,-0.00019790715,-6.103543e-05,-0.00017640417,-4.8193655e-05,-3.0455367e-06,-7.073311e-05,-4.06358e-05,-6.1475225e-07,-3.9520746e-05,1.2681114e-05,-1.6381353e-05,7.143029e-05,9.337159e-06,4.2012085e-05,-6.0648177e-05,3.2568285e-05,-2.3834453e-05,1.8693903e-05,8.1228445e-06,1.3099132e-05,1.9838379e-05
16,0.0028008774,0.0005515496,-0.00014386373,-0.0015810516,0.0004621711,0.0024615512,-0.00062615576,0.00082922634,0.0008558781,-0.00037782075,-0.0009730138,-0.00018108303,0.0011589879,-0.00012340519,0.00021476776,0.0010442943,0.0034189872,0.0005169011,8.249676e-05,0.0010295789,-6.985516e-05,3.3769247e-05,-0.00051618397,0.0003904109,-0.00010091714,3.623413e-05,-3.7727754e-05,-0.00026273035,0.00021014013,0.00019325476,0.00010505738,0.00026634414,0.00013927408,-5.1848583e-05,0.00018055827,2.0180378e-05,1.4628946e-05,0.00027801888,-1.955648e-06,-2.1478907e-05,-0.0003115798,-6.0677958e-06,-6.0921833e-05,3.79615e-06,-1.7070526e-05,-2.9247745e-05,6.6810053e-06,2.0641608e-05,1.6780723e-05,-6.487709e-05
17,0.0029599075,0.0026283802,-0.00069018686,-0.0008374285,0.0005882976,0.0005721075,-0.0009681168,-0.0017185274,-0.0010962725,-0.00042356015,0.00014424456,4.2462507e-05,-0.0010406075,-0.0006152402,0.00018647072,-0.00010727017,0.0005169011,0.0041004145,0.0003133751,-0.00014415523,0.0003908421,0.00022110276,-0.00017756951,-0.00015021442,0.00042957428,3.101526e-05,-0.00024695598,-0.00016571797,0.00018542452,-0.0001639367,3.885589e-05,0.000110281384,4.2269226e-06,2.6056347e-05,-2.168645e-05,-2.4593428e-05,5.2445357e-05,4.4399116e-05,5.2198895e-05,4.0237202e-05,5.6896613e-05,-7.111118e-06,-1.7243448e-05,6.277238e-05,-1.785914e-05,2.2818911e-05,-1.814482e-05,1.7927141e-05,2.4090155e-05,-7.753465e-06
18,-0.0027009326,0.00087324786,-0.0007035434,0.00015498004,0.00050368503,-0.00050397706,0.00030050834,-7.4187255e-06,0.00052559597,0.00056401745,0.00044588704,0.00035151732,0.00082250754,0.00022221229,-0.00027883748,-4.7252004e-05,8.249676e-05,0.0003133751,0.003726192,2.8754393e-05,-0.00012589175,-0.00032697822,0.00021737996,-5.827065e-05,-0.00014378119,0.00013321226,2.504568e-05,-0.000148357,-8.685989e-06,7.904961e-05,-0.00022286369,-6.1720486e-05,-8.072077e-05,-8.274405e-05,6.868047e-06,5.1932795e-05,0.000100494115,-2.7450627e-05,3.1477484e-05,-6.0265418e-05,2.7281962e-05,-4.2982116e-05,3.550489e-05,-4.757054e-05,1.769967e-05,1.5995618e-05,1.2160327e-05,-4.8474576e-06,-4.6003042e-06,-6.903587e-06
19,-0.0037959428,0.0018880328,0.0014419246,-0.0005885969,-0.00020948602,-0.00012686955,7.634089e-05,0.00031552324,-0.00015242756,0.00012705699,0.0003777056,-0.00016023329,-0.00053920376,0.00013608648,0.00012703592,-0.0005274465,0.0010295789,-0.00014415523,2.8754393e-05,0.0033185342,9.357328e-05,-4.5340406e-05,0.00013741327,6.886894e-05,1.469377e-05,-5.5354772e-05,-3.126086e-05,9.095702e-05,2.760176e-05,-0.00026114116,-8.733306e-05,-0.00014649244,-5.7214842e-05,4.7632557e-07,-6.3964006e-05,-5.4293916e-05,-6.790691e-05,-7.773131e-05,1.19829765e-05,1.5204477e-05,5.9737496e-05,2.7908554e-05,1.6057556e-05,-3.3596007e-05,-2.0852189e-05,-2.5217738e-05,1.1027536e-05,2.8449598e-05,2.0299708e-06,2.5320882e-05
20,0.0016862013,-8.262941e-05,-0.0005632258,0.001629528,-0.00061755045,-0.001408105,0.0012297216,-0.0008604295,0.00013667723,-8.436038e-05,-0.00010225533,0.0004594109,0.00043671776,0.0002785934,-0.0001830403,0.00014369705,-6.985516e-05,0.0003908421,-0.00012589175,9.357328e-05,0.003408198,-3.2196564e-05,0.000111506146,2.7160577e-05,-0.00025212322,-5.4884076e-05,0.00012385297,0.00016105923,-0.00015081833,0.00012543978,3.737353e-05,-6.3268715e-05,1.2860111e-05,5.5097516e-05,1.3638875e-05,2.8352983e-05,-5.9727296e-05,-3.2957687e-05,-1.3875853e-05,-1.0517374e-05,-2.5474805e-05,1.578575e-05,-2.4196665e-06,-1.7733853e-05,9.619017e-06,8.061651e-06,1.1100731e-05,-5.793012e-06,-1.1294745e-05,1.8189177e-05
21,0.0002503241,-0.00086437206,-0.00039489247,0.00014973004,8.434043e-05,-0.0003732729,0.00059294864,0.00068601803,0.00076896616,0.0003695476,0.00041555153,0.00038923335,0.00088732387,0.0005533528,2.663062e-05,-0.00012938358,3.3769247e-05,0.00022110276,-0.00032697822,-4.5340406e-05,-3.2196564e-05,0.0028994146,0.00012174389,0.00013348748,-0.00016033599,4.432253e-05,-2.0295796e-05,-4.659025e-05,2.9318919e-05,-0.00013458477,-0.00020550906,-5.7015368e-05,-6.0066413e-05,-6.663736e-06,-7.029153e-05,-5.6879016e-05,2.283469e-05,6.86711e-05,2.8672235e-05,-3.4503493e-05,3.0617477e-05,1.234479e-05,-2.7111135e-05,-2.4484125e-05,4.730445e-05,-1.358409e-05,-3.1446038e-05,7.748561e-06,9.162815e-06,-2.8022903e-05
22,-0.0027257958,0.0013193078,0.0008992255,0.00050727965,-0.00044690783,-0.00051154156,0.0014007455,1.6161397e-05,-0.00041868282,-0.00038323738,-0.0005666595,-4.490227e-05,0.00016533499,-0.0004060923,0.00039131366,0.00029247365,-0.00051618397,-0.00017756951,0.00021737996,0.00013741327,0.000111506146,0.00012174389,0.0027388819,6.335472e-05,0.00029113944,-2.0417563e-05,-0.00011675432,-1.3107777e-05,5.4200216e-05,-0.00016098618,-1.0523128e-05,0.00022969457,-1.7240745e-05,-3.716212e-05,3.8902173e-05,-3.5210556e-05,-1.3182212e-06,4.7492285e-05,-1.6529435e-05,5.3491043e-05,-3.1568456e-05,1.3151655e-05,-3.113258e-05,2.5838683e-05,-5.877553e-05,-6.426003e-06,-1.516805e-05,-4.4309845e-06,2.3938632e-05,-8.8162515e-06
23,0.0015958122,0.00045049918,-0.0004250343,0.0014768206,0.00013695289,-0.0007897196,3.7685953e-05,-0.00010186467,-0.00039748073,0.0001863887,-5.0661e-05,-0.00013403248,-0.0001115981,-0.00034957513,-0.00026061572,1.8739798e-05,0.0003904109,-0.00015021442,-5.827065e-05,6.886894e-05,2.7160577e-05,0.00013348748,6.335472e-05,0.0023752744,0.00015605813,7.218667e-05,2.312682e-05,9.619999e-06,-0.00014629298,0.00017502622,2.3813158e-05,8.49693e-05,-5.9282735e-05,-8.038201e-06,-2.1922198e-05,9.667248e-05,0.000108327265,-9.812541e-05,-6.726289e-06,-3.081021e-06,0.000114533585,-3.41939e-05,1.8793171e-05,2.2774562e-05,-1.0073332e-05,5.9040358e-05,-7.149782e-06,-4.701793e-05,1.8243688e-06,9.475086e-06
24,-0.0011920718,0.0014870189,0.0003065135,-0.0003308862,0.0003476693,0.00030747688,-0.0005513297,-0.00018555007,0.0006072145,4.05462e-06,0.000225611,0.00028173497,0.00023890466,0.00063772243,-0.00025782373,-6.640627e-05,-0.00010091714,0.00042957428,-0.00014378119,1.469377e-05,-0.00025212322,-0.00016033599,0.00029113944,0.00015605813,0.0021023154,-2.9766521e-05,0.00012252846,0.00013720166,-0.00011047517,8.98834e-05,7.0448965e-05,-0.00020442231,5.7587553e-05,9.63241e-05,-6.1271403e-06,-1.7404673e-05,-7.52816e-05,4.0994164e-05,2.565733e-05,-2.3718498e-05,-7.5832955e-05,8.1199605e-06,-8.103773e-06,-3.3210214e-05,6.966095e-05,-2.4108936e-05,1.8495635e-05,2.3998946e-05,-1.3957482e-05,4.0441328e-06
25,0.0025135158,0.00054072595,-0.0014981943,0.0008012552,0.000257008,-0.000416325,0.0003706106,-0.000462269,-1.4841354e-05,-0.00019129622,-1.1162023e-05,0.00016134826,-0.00017023788,0.00012610912,8.153578e-05,-1.816844e-05,3.623413e-05,3.101526e-05,0.00013321226,-5.5354772e-05,-5.4884076e-05,4.432253e-05,-2.0417563e-05,7.218667e-05,-2.9766521e-05,0.0020423476,6.5906745e-05,8.633072e-05,8.69669e-06,-2.2804692e-05,5.8595848e-05,-4.7216727e-05,4.797097e-05,2.0773186e-05,1.1697966e-06,-2.1426773e-05,-7.490748e-05,-3.6318188e-06,-3.0637217e-05,3.565749e-06,-1.1674803e-05,2.3305418e-05,4.739699e-06,-1.0488151e-05,1.129697e-05,-1.7239285e-05,3.7012696e-06,-7.3871015e-06,-4.1413723e-06,3.510378e-06
26,-0.00085522747,-0.00044175884,0.00024703203,-0.00044653332,4.7011672e-05,0.00036980747,0.00016161977,5.0520222e-05,-0.0002180995,-4.4639834e-05,-1.7492794e-05,8.9927977e-07,1.6635942e-05,-9.370002e-05,0.00020730741,2.8201279e-05,-3.7727754e-05,-0.00024695598,2.504568e-05,-3.126086e-05,0.00012385297,-2.0295796e-05,-0.00011675432,2.312682e-05,0.00012252846,6.5906745e-05,0.001693325,-0.00015386117,0.00013766866,-9.597295e-05,-6.279988e-05,4.944879e-05,-3.2826316e-05,-2.6174403e-06,-2.7015185e-05,-5.249918e-05,1.0992454e-07,1.3482659e-05,5.9373953e-05,1.0633547e-05,-1.0109287e-05,7.4993523e-06,-3.7977938e-05,6.243812e-05,-4.35796e-05,-1.1501794e-07,-1.11157315e-05,2.7790313e-05,5.3459876e-06,-2.0757174e-05
27,0.00085860456,-0.00072434195,-5.7615503e-05,-8.404e-05,0.00039612796,0.00096745713,-0.00063194195,-0.00047228142,9.342254e-05,0.00025808025,0.00033609808,0.00010337675,0.00010928027,-0.00010752831,6.775586e-05,7.809323e-05,-0.00026273035,-0.00016571797,-0.000148357,9.095702e-05,0.00016105923,-4.659025e-05,-1.3107777e-05,9.619999e-06,0.00013720166,8.633072e-05,-0.00015386117,0.0012222724,0.00031989012,4.002139e-05,-0.00015683197,-1.9881907e-05,-2.5841015e-05,-9.627363e-05,2.4970705e-05,2.6998996e-06,6.326261e-05,1.0521995e-05,5.7710546e-05,-6.395568e-05,-1.8542913e-05,-1.897911e-05,1.7194761e-05,3.1666896e-05,-4.409834e-05,5.7473826e-06,4.0733844e-06,3.775885e-05,-7.4622376e-06,-3.9282495e-05
28,-0.003698234,-0.0004906936,0.0002791647,7.143147e-05,-0.00018479727,-0.00096848636,0.00043941045,0.0004664031,-8.3453066e-05,-7.546831e-05,-0.00032023137,-0.000106542044,8.579153e-05,-3.2854558e-05,-0.00022507565,-2.3054201e-06,0.00021014013,0.00018542452,-8.685989e-06,2.760176e-05,-0.00015081833,2.9318919e-05,5.4200216e-05,-0.00014629298,-0.00011047517,8.69669e-06,0.00013766866,0.00031989012,0.001201097,6.2308696e-05,0.00013089368,6.935348e-05,-1.6173111e-05,6.9365895e-05,-9.6340655e-06,4.250202e-05,2.2872835e-05,-2.584505e-05,-4.5131936e-05,3.7621707e-05,4.17719e-05,-9.02699e-06,3.5047917e-06,-2.9960636e-05,4.6000692e-05,2.0169335e-05,1.0173974e-06,-6.0833918e-05,1.2552776e-05,4.730138e-05
29,0.0020943475,-0.00063997967,-0.00012242969,0.00024184077,-0.00027699472,0.00019214355,0.00033167348,0.00045816327,-9.598122e-06,-0.00012963454,6.641649e-05,-3.544405e-05,-6.5618166e-05,3.6428093e-05,0.000324673,-0.00019790715,0.00019325476,-0.0001639367,7.904961e-05,-0.00026114116,0.00012543978,-0.00013458477,-0.00016098618,0.00017502622,8.98834e-05,-2.2804692e-05,-9.597295e-05,4.002139e-05,6.2308696e-05,0.001104191,-8.576165e-05,3.5569967e-05,-3.9196268e-05,-1.0735061e-05,-2.5167596e-05,-7.742048e-05,-3.0607807e-05,6.475984e-05,1.3130779e-05,4.360322e-05,-8.9075975e-06,2.932924e-05,-1.5804388e-05,-3.2504286e-05,-8.503656e-07,-3.6663227e-05,-1.05903555e-05,1.6316284e-05,2.7764603e-05,3.7566062e-06
30,-0.0017515898,-0.00054371567,0.00030800275,0.00074874493,-0.0005718187,-0.00061367935,0.00092315103,0.0001173183,0.00016642442,0.00032019406,0.00025065453,0.00017086943,0.00053567474,6.027239e-05,6.4351734e-05,-6.103543e-05,0.00010505738,3.885589e-05,-0.00022286369,-8.733306e-05,3.737353e-05,-0.00020550906,-1.0523128e-05,2.3813158e-05,7.0448965e-05,5.8595848e-05,-6.279988e-05,-0.00015683197,0.00013089368,-8.576165e-05,0.001077078,-4.505059e-06,-7.012037e-05,-9.13932e-05,-1.262238e-05,-1.0418118e-05,4.9608047e-05,-3.313464e-05,1.6275935e-05,-1.6799151e-05,3.6978283e-05,-2.2952961e-05,1.0010994e-05,-9.992025e-06,-3.485794e-05,4.3918737e-07,-8.084452e-06,2.0789304e-05,-7.0500355e-06,-2.2571208e-05
31,0.0018537509,6.9350004e-05,-0.00010731187,-0.00051665114,0.00034124526,0.0003922882,-0.0006681037,-0.0004920356,0.0002825401,0.000101124686,0.0004249203,0.00018707669,-0.0002154982,0.0003695108,-0.00011226976,-0.00017640417,0.00026634414,0.000110281384,-6.1720486e-05,-0.00014649244,-6.3268715e-05,-5.7015368e-05,0.00022969457,8.49693e-05,-0.00020442231,-4.7216727e-05,4.944879e-05,-1.9881907e-05,6.935348e-05,3.5569967e-05,-4.505059e-06,0.0009544241,4.3159507e-05,2.4935667e-05,-1.3914789e-05,-2.755176e-05,-6.325799e-05,-1.28813745e-05,1.914967e-05,-4.2199506e-05,-4.6706036e-06,7.3979963e-06,8.355317e-06,-1.3216573e-05,3.1291038e-05,-2.4119272e-05,6.6016314e-06,4.815827e-05,-2.7741658e-05,-1.4254352e-05
32,0.0019206227,-0.00019049374,-0.00017158469,-0.0001337954,-0.0004600663,-0.0003369478,0.00049000443,0.0004682972,3.768456e-05,0.00015781447,1.3258369e-05,-3.246298e-05,0.00021002973,-9.889249e-06,4.2299762e-05,-4.8193655e-05,0.00013927408,4.2269226e-06,-8.072077e-05,-5.7214842e-05,1.2860111e-05,-6.0066413e-05,-1.7240745e-05,-5.9282735e-05,5.7587553e-05,4.797097e-05,-3.2826316e-05,-2.5841015e-05,-1.6173111e-05,-3.9196268e-05,-7.012037e-05,4.3159507e-05,0.0009005473,-1.3007567e-05,-2.9211691e-05,6.9701196e-06,4.2267216e-05,-2.3884171e-05,2.2590713e-05,1.2682441e-05,4.2518426e-05,1.1776676e-05,3.2957046e-06,2.6986884e-06,-2.3255252e-05,1.0454181e-05,-5.3442686e-06,-6.7024685e-06,1.43553625e-05,2.0467703e-06
33,-0.00031167944,-0.00018671637,0.00024243211,-0.0002544613,-3.1145948e-05,0.00011395577,-1.0182652e-05,0.00029484543,4.7787842e-05,0.00019480438,5.1456496e-05,-0.00013956538,9.379533e-05,-0.00015295293,7.2230914e-06,-3.0455367e-06,-5.1848583e-05,2.6056347e-05,-8.274405e-05,4.7632557e-07,5.5097516e-05,-6.663736e-06,-3.716212e-05,-8.038201e-06,9.63241e-05,2.0773186e-05,-2.6174403e-06,-9.627363e-05,6.9365895e-05,-1.0735061e-05,-9.13932e-05,2.4935667e-05,-1.3007567e-05,0.0008489617,2.910654e-05,2.921504e-05,3.7835547e-05,-2.8102553e-05,-1.9334551e-05,-2.3165081e-05,2.3481612e-06,-2.6525748e-05,2.6219925e-05,-2.4378478e-05,-2.1702992e-05,1.2459591e-06,9.047505e-06,-5.117119e-06,-3.5138507e-06,-4.2123947e-06
34,-0.00084393425,0.00012784405,0.00024666038,-0.00026266617,8.122368e-05,-0.00013135362,0.0001959489,0.0005589487,7.5948345e-05,0.000104901854,3.7562626e-05,-6.265001e-05,6.460682e-05,0.0001415574,4.356081e-05,-7.073311e-05,0.00018055827,-2.168645e-05,6.868047e-06,-6.3964006e-05,1.3638875e-05,-7.029153e-05,3.8902173e-05,-2.1922198e-05,-6.1271403e-06,1.1697966e-06,-2.7015185e-05,2.4970705e-05,-9.6340655e-06,-2.5167596e-05,-1.262238e-05,-1.3914789e-05,-2.9211691e-05,2.910654e-05,0.0008221821,-2.1321614e-05,-1.3940518e-05,-2.0372336e-05,1.4214547e-05,4.3368054e-06,3.8297057e-05,1.8255098e-05,-2.3921632e-05,3.0144256e-05,-3.1090872e-06,4.897981e-06,-1.9165036e-05,4.026725e-07,-2.012444e-06,-1.06682855e-05
35,0.00039343743,-0.000303346,0.00011288216,3.8746157e-06,-0.00022958842,-0.00010847554,0.00049451675,0.00029948,7.737763e-05,-8.08694e-05,-1.4843714e-05,8.694419e-05,5.5118762e-05,0.00018320442,0.000198405,-4.06358e-05,2.0180378e-05,-2.4593428e-05,5.1932795e-05,-5.4293916e-05,2.8352983e-05,-5.6879016e-05,-3.5210556e-05,9.667248e-05,-1.7404673e-05,-2.1426773e-05,-5.249918e-05,2.6998996e-06,4.250202e-05,-7.742048e-05,-1.0418118e-05,-2.755176e-05,6.9701196e-06,2.921504e-05,-2.1321614e-05,0.0006892628,-4.9385548e-05,1.7439703e-05,4.6575938e-06,-2.4660837e-06,2.1779238e-06,3.1565978e-05,-1.7983846e-05,3.8740836e-05,-1.0302341e-05,-2.3724584e-05,-1.48547115e-05,2.4619547e-05,-8.219755e-06,-3.532825e-06
36,0.0009502872,0.00018092079,-1.757906e-05,-3.588591e-05,-0.00016143054,-0.00016030966,0.0003913259,-9.007445e-05,-4.0309915e-06,-0.00014894627,-6.377173e-05,7.94331e-05,-0.00010171242,0.00018331932,0.0001208819,-6.1475225e-07,1.4628946e-05,5.2445357e-05,0.000100494115,-6.790691e-05,-5.9727296e-05,2.283469e-05,-1.3182212e-06,0.000108327265,-7.52816e-05,-7.490748e-05,1.0992454e-07,6.326261e-05,2.2872835e-05,-3.0607807e-05,4.9608047e-05,-6.325799e-05,4.2267216e-05,3.7835547e-05,-1.3940518e-05,-4.9385548e-05,0.00065246766,-9.734557e-06,-6.152779e-06,5.179296e-06,-3.0312873e-05,3.1562922e-05,-2.3169883e-05,2.523376e-05,-9.959986e-06,-2.0352263e-05,-2.3446123e-06,1.7337989e-05,-1.3303055e-05,9.773433e-07
37,-0.0006503202,-0.0005039956,0.00023051599,0.00041432324,-0.0004319866,-0.00071397604,0.0006807258,0.00034628788,-0.00014691788,0.00017987464,-4.6704277e-05,-0.00013356762,2.472846e-05,-4.81011e-05,-3.2117503e-05,-3.9520746e-05,0.00027801888,4.4399116e-05,-2.7450627e-05,-7.773131e-05,-3.2957687e-05,6.86711e-05,4.7492285e-05,-9.812541e-05,4.0994164e-05,-3.6318188e-06,1.3482659e-05,1.0521995e-05,-2.584505e-05,6.475984e-05,-3.313464e-05,-1.28813745e-05,-2.3884171e-05,-2.8102553e-05,-2.0372336e-05,1.7439703e-05,-9.734557e-06,0.00060137233,-1.8055565e-05,-8.026682e-06,4.560089e-05,-1.1412321e-05,1.1788909e-05,2.8376924e-05,-4.2289787e-05,1.4496902e-05,5.1041397e-06,-1.0638788e-05,-2.1899737e-05,7.089562e-06
38,-0.00010869274,-0.00021569995,-3.0829935e-05,-1.075142e-05,-0.00020000129,-0.00028497336,0.00020172815,0.00022013189,2.0464054e-06,4.1710096e-06,-8.9155e-05,-8.253549e-05,-9.567897e-06,-4.8914175e-05,9.16751e-07,1.2681114e-05,-1.955648e-06,5.2198895e-05,3.1477484e-05,1.19829765e-05,-1.3875853e-05,2.8672235e-05,-1.6529435e-05,-6.726289e-06,2.565733e-05,-3.0637217e-05,5.9373953e-05,5.7710546e-05,-4.5131936e-05,1.3130779e-05,1.6275935e-05,1.914967e-05,2.2590713e-05,-1.9334551e-05,1.4214547e-05,4.6575938e-06,-6.152779e-06,-1.8055565e-05,0.0006126047,-2.4747797e-07,1.0121241e-05,-4.9291075e-06,1.3535012e-05,-1.1700698e-05,3.2291757e-06,-3.0619312e-06,-1.5494728e-06,-1.919043e-05,-7.671457e-06,1.1889203e-05
39,0.00022227442,-4.3558506e-05,0.00016572169,-5.5927892e-05,2.9393637e-05,0.00023572946,-0.0003023245,8.56188e-05,0.0001528456,0.00011671844,0.000131887,2.4241694e-05,2.3749253e-05,6.833884e-05,-3.0810836e-05,-1.6381353e-05,-2.1478907e-05,4.0237202e-05,-6.0265418e-05,1.5204477e-05,-1.0517374e-05,-3.4503493e-05,5.3491043e-05,-3.081021e-06,-2.3718498e-05,3.565749e-06,1.0633547e-05,-6.395568e-05,3.7621707e-05,4.360322e-05,-1.6799151e-05,-4.2199506e-05,1.2682441e-05,-2.3165081e-05,4.3368054e-06,-2.4660837e-06,5.179296e-06,-8.026682e-06,-2.4747797e-07,0.0005640164,3.7789346e-07,-8.740721e-06,1.1372571e-05,1.8962317e-06,1.0884732e-05,-4.272578e-06,3.756507e-06,-2.2908307e-06,-9.341863e-06,-8.4190415e-06
40,0.0018271827,-0.00015940503,-0.00017185655,-0.00028548526,0.00022540419,0.00064257963,-0.000433215,-0.0002769184,3.523016e-05,-0.00014725358,-6.965691e-05,5.307231e-06,-4.4448534e-05,3.442712e-06,1.7276794e-05,7.143029e-05,-0.0003115798,5.6896613e-05,2.7281962e-05,5.9737496e-05,-2.5474805e-05,3.0617477e-05,-3.1568456e-05,0.000114533585,-7.5832955e-05,-1.1674803e-05,-1.0109287e-05,-1.8542913e-05,4.17719e-05,-8.9075975e-06,3.6978283e-05,-4.6706036e-06,4.2518426e-05,2.3481612e-06,3.8297057e-05,2.1779238e-06,-3.0312873e-05,4.560089e-05,1.0121241e-05,3.7789346e-07,0.00047922134,-3.1350708e-06,-2.2802126e-06,-1.430091e-05,3.3509205e-06,-1.17883055e-05,2.0517626e-05,7.0424335e-06,5.7422917e-06,1.7429679e-06
41,0.00047991163,-8.562597e-05,2.4039431e-07,0.00012747211,7.179758e-05,3.0165058e-05,-0.00019388196,-0.00020569116,-7.468028e-05,4.1581898e-05,2.2321721e-05,-3.3316064e-05,1.3120956e-05,-0.00010543602,-0.00010073599,9.337159e-06,-6.0677958e-06,-7.111118e-06,-4.2982116e-05,2.7908554e-05,1.578575e-05,1.234479e-05,1.3151655e-05,-3.41939e-05,8.1199605e-06,2.3305418e-05,7.4993523e-06,-1.897911e-05,-9.02699e-06,2.932924e-05,-2.2952961e-05,7.3979963e-06,1.1776676e-05,-2.6525748e-05,1.8255098e-05,3.1565978e-05,3.1562922e-05,-1.1412321e-05,-4.9291075e-06,-8.740721e-06,-3.1350708e-06,0.00048276444,8.7744e-06,-1.2762481e-05,6.3773687e-06,1.1191647e-05,9.056856e-06,-4.9516384e-06,-3.7369691e-06,-2.7034662e-06
42,0.00095793564,-3.7084967e-05,-1.3511126e-05,2.5366426e-05,-9.643662e-05,-4.6636762e-07,0.00015764055,0.00017164886,-8.177119e-06,-4.4050466e-05,-7.7807184e-05,-3.5117196e-06,6.931262e-05,5.1655443e-05,4.9819995e-05,4.2012085e-05,-6.0921833e-05,-1.7243448e-05,3.550489e-05,1.6057556e-05,-2.4196665e-06,-2.7111135e-05,-3.113258e-05,1.8793171e-05,-8.103773e-06,4.739699e-06,-3.7977938e-05,1.7194761e-05,3.5047917e-06,-1.5804388e-05,1.0010994e-05,8.355317e-06,3.2957046e-06,2.6219925e-05,-2.3921632e-05,-1.7983846e-05,-2.3169883e-05,1.1788909e-05,1.3535012e-05,1.1372571e-05,-2.2802126e-06,8.7744e-06,0.00044988748,2.527413e-05,-3.5012524e-06,1.6028565e-06,-1.4048878e-05,9.671762e-06,-8.3145073e-07,-1.2734302e-05
43,2.3784705e-05,-0.0001256252,-0.00026983296,-0.00021208817,0.0002756773,0.00022851254,-0.00045830815,-0.00018513578,0.00010756326,1.604642e-05,0.000108490196,1.3998665e-08,-5.3575714e-05,-3.302625e-05,-9.5668714e-05,-6.0648177e-05,3.79615e-06,6.277238e-05,-4.757054e-05,-3.3596007e-05,-1.7733853e-05,-2.4484125e-05,2.5838683e-05,2.2774562e-05,-3.3210214e-05,-1.0488151e-05,6.243812e-05,3.1666896e-05,-2.9960636e-05,-3.2504286e-05,-9.992025e-06,-1.3216573e-05,2.6986884e-06,-2.4378478e-05,3.0144256e-05,3.8740836e-05,2.523376e-05,2.8376924e-05,-1.1700698e-05,1.8962317e-06,-1.430091e-05,-1.2762481e-05,2.527413e-05,0.00040185775,2.8113074e-05,-6.9568023e-06,1.41990495e-05,-9.355264e-06,1.25829665e-05,9.5417945e-06
44,-0.00022593534,-0.00012397082,0.00031136896,0.00014346915,-0.00024900175,-0.00022936774,0.0005453898,0.0002674653,-0.00011344226,3.3588258e-05,-0.00011489389,-8.6556596e-05,6.8007736e-05,-7.136583e-05,9.663831e-05,3.2568285e-05,-1.7070526e-05,-1.785914e-05,1.769967e-05,-2.0852189e-05,9.619017e-06,4.730445e-05,-5.877553e-05,-1.0073332e-05,6.966095e-05,1.129697e-05,-4.35796e-05,-4.409834e-05,4.6000692e-05,-8.503656e-07,-3.485794e-05,3.1291038e-05,-2.3255252e-05,-2.1702992e-05,-3.1090872e-06,-1.0302341e-05,-9.959986e-06,-4.2289787e-05,3.2291757e-06,1.0884732e-05,3.3509205e-06,6.3773687e-06,-3.5012524e-06,2.8113074e-05,0.00039409762,1.4342652e-06,5.9262766e-07,6.727997e-06,-5.4357633e-06,5.811702e-07
45,0.0008576091,0.0001621144,-0.00022057723,-0.00010679083,7.829993e-05,0.00016109279,-4.7915695e-05,0.00011278379,8.741377e-05,-2.1536789e-05,2.6200856e-05,-3.6708439e-06,-2.8125662e-05,6.4549065e-05,4.8441136e-05,-2.3834453e-05,-2.9247745e-05,2.2818911e-05,1.5995618e-05,-2.5217738e-05,8.061651e-06,-1.358409e-05,-6.426003e-06,5.9040358e-05,-2.4108936e-05,-1.7239285e-05,-1.1501794e-07,5.7473826e-06,2.0169335e-05,-3.6663227e-05,4.3918737e-07,-2.4119272e-05,1.0454181e-05,1.2459591e-06,4.897981e-06,-2.3724584e-05,-2.0352263e-05,1.4496902e-05,-3.0619312e-06,-4.272578e-06,-1.17883055e-05,1.1191647e-05,1.6028565e-06,-6.9568023e-06,1.4342652e-06,0.00038228405,-2.7592745e-07,1.249834e-05,-2.2467505e-06,4.357566e-07
46,-0.0005204455,-0.00022874898,-3.3196673e-05,6.2010906e-05,-7.229354e-05,-0.00012885508,0.00017155983,0.0001744735,3.5537378e-05,1.6045504e-05,-9.8900055e-06,9.0038775e-06,6.47338e-05,3.944827e-05,3.7948746e-05,1.8693903e-05,6.6810053e-06,-1.814482e-05,1.2160327e-05,1.1027536e-05,1.1100731e-05,-3.1446038e-05,-1.516805e-05,-7.149782e-06,1.8495635e-05,3.7012696e-06,-1.11157315e-05,4.0733844e-06,1.0173974e-06,-1.05903555e-05,-8.084452e-06,6.6016314e-06,-5.3442686e-06,9.047505e-06,-1.9165036e-05,-1.48547115e-05,-2.3446123e-06,5.1041397e-06,-1.5494728e-06,3.756507e-06,2.0517626e-05,9.056856e-06,-1.4048878e-05,1.41990495e-05,5.9262766e-07,-2.7592745e-07,0.00035655597,4.4903622e-06,-3.439302e-06,-8.177244e-06
47,-0.0002687148,0.00012664296,0.00018087053,4.6287536e-05,-0.00012477624,-0.00018015118,4.2645337e-05,0.00014647288,-2.65798e-05,2.1723396e-05,-7.382095e-05,-5.2700438e-05,2.2916094e-05,-6.954495e-05,-3.099753e-05,8.1228445e-06,2.0641608e-05,1.7927141e-05,-4.8474576e-06,2.8449598e-05,-5.793012e-06,7.748561e-06,-4.4309845e-06,-4.701793e-05,2.3998946e-05,-7.3871015e-06,2.7790313e-05,3.775885e-05,-6.0833918e-05,1.6316284e-05,2.0789304e-05,4.815827e-05,-6.7024685e-06,-5.117119e-06,4.026725e-07,2.4619547e-05,1.7337989e-05,-1.0638788e-05,-1.919043e-05,-2.2908307e-06,7.0424335e-06,-4.9516384e-06,9.671762e-06,-9.355264e-06,6.727997e-06,1.249834e-05,4.4903622e-06,0.00029953712,9.30735e-06,1.32042605e-05
48,3.68002e-05,-3.7672296e-05,-3.5045293e-06,2.5802257e-05,9.501785e-06,-0.0001089799,0.00011752589,6.8178497e-07,7.6772685e-06,3.3246888e-05,1.2480032e-05,3.279184e-06,1.5656906e-05,3.241142e-05,-9.276673e-06,1.3099132e-05,1.6780723e-05,2.4090155e-05,-4.6003042e-06,2.0299708e-06,-1.1294745e-05,9.162815e-06,2.3938632e-05,1.8243688e-06,-1.3957482e-05,-4.1413723e-06,5.3459876e-06,-7.4622376e-06,1.2552776e-05,2.7764603e-05,-7.0500355e-06,-2.7741658e-05,1.43553625e-05,-3.5138507e-06,-2.012444e-06,-8.219755e-06,-1.3303055e-05,-2.1899737e-05,-7.671457e-06,-9.341863e-06,5.7422917e-06,-3.7369691e-06,-8.3145073e-07,1.25829665e-05,-5.4357633e-06,-2.2467505e-06,-3.439302e-06,9.30735e-06,0.00029280156,-3.8093608e-06
49,-0.000347622,-6.280733e-05,-5.192238e-05,-0.00021979219,6.092811e-05,0.000145609,-7.626932e-05,4.8677663e-05,6.6148605e-05,4.1076844e-05,4.4096145e-05,9.350002e-06,5.7190642e-05,4.051042e-05,1.1779852e-05,1.9838379e-05,-6.487709e-05,-7.753465e-06,-6.903587e-06,2.5320882e-05,1.8189177e-05,-2.8022903e-05,-8.8162515e-06,9.475086e-06,4.0441328e-06,3.510378e-06,-2.0757174e-05,-3.9282495e-05,4.730138e-05,3.7566062e-06,-2.2571208e-05,-1.4254352e-05,2.0467703e-06,-4.2123947e-06,-1.06682855e-05,-3.532825e-06,9.773433e-07,7.089562e-06,1.1889203e-05,-8.4190415e-06,1.7429679e-06,-2.7034662e-06,-1.2734302e-05,9.5417945e-06,5.811702e-07,4.357566e-07,-8.177244e-06,1.32042605e-05,-3.8093608e-06,0.00026518924
