,0,1,2,3,4,5,6,7,8,9,10,11,12,13,14,15,16,17,18,19,20,21,22,23,24,25,26,27,28,29,30,31,32,33,34,35,36,37,38,39,40,41,42,43,44,45,46,47,48,49
0,564.7844,57.49331,53.678154,-11.691288,14.400332,-1.9650853,-0.0022460571,0.00014962372,0.0024841973,-0.0017006269,0.0021438128,0.0015918652,-0.0012138246,-0.0010895046,0.0011532577,-0.00037739967,0.00090535416,0.00020467705,-0.0006811787,0.0009169194,0.0003795028,-0.0012063974,8.2271275e-05,-0.0007796044,0.0003949459,-0.0011492886,9.6492266e-05,0.00048241575,0.0005349929,0.0005698831,-0.00019256814,-0.00015301444,-0.00029075774,-0.000111513,-0.00082517735,3.440884e-05,2.6397372e-05,-9.657147e-05,-0.00025727053,-0.00019188781,-0.0002513645,0.00034665782,-1.4699317e-05,-0.00013015234,-1.4640254e-05,8.0163416e-05,0.00019915323,5.8702382e-05,-4.591139e-05,-1.1632956e-05
1,57.49331,200.4298,-69.45105,-36.071472,-13.069061,-22.602528,-0.0053353216,0.004503881,0.00073815126,-0.0001634828,0.0007903718,-0.00038928803,-0.00059680967,0.00045863076,0.00031915982,-0.00018223247,-0.00069904525,0.0014886209,-0.0010384708,0.00083113054,-0.001239173,0.0005011536,5.8536563e-05,5.8099467e-05,-0.00013939846,9.412973e-05,0.0005287164,0.00027454487,-0.00016729874,-6.106889e-05,0.00020682506,-0.00036750903,4.1359934e-05,9.9850455e-05,-7.192139e-05,3.124286e-05,9.619945e-05,-0.00018571093,5.2884337e-05,-0.00013528782,7.925871e-05,-0.00013835749,0.00014417773,9.9965655e-05,7.6433396e-05,-8.1278406e-05,-6.257418e-05,-0.0001261339,-4.8981725e-05,-2.2330465e-05
2,53.678154,-69.45105,39.900482,14.554537,-9.694239,8.533953,0.00080598844,-0.00048410686,-0.0026133126,0.0017252354,-0.0012654103,0.0009045487,0.0003507214,0.0015388855,-0.00031397058,0.0009235892,-8.426691e-05,-0.0003036771,0.00010314473,-0.00039699863,-0.00014657158,-0.00025429763,-0.000260255,0.0002313933,0.00015749116,0.00027561205,-0.00023780091,-0.001007978,-0.0005070109,-0.0006478859,0.00024573272,0.000102834616,-0.00017835807,-3.0522322e-05,0.00048682233,0.0001844533,-8.1210555e-07,0.00028695632,-0.00014856993,1.6144806e-05,-9.5296244e-05,9.770235e-05,0.00014316759,-2.3227247e-05,4.5692894e-05,2.3425771e-05,3.8851747e-05,-5.8007823e-05,2.9627674e-05,-7.920278e-08
3,-11.691288,-36.071472,14.554537,7.3379946,-3.9456286,4.0916567,0.00033191062,0.0041613095,-0.0032493959,0.00018109148,-0.00018905532,0.00021647813,0.00020486167,0.0015888307,-5.3072246e-05,0.0016213884,-0.00020287678,0.00014098253,-5.732269e-05,-0.00017886522,0.00039111776,0.00014189561,-0.00013134116,0.00010030634,0.00021722865,0.00028883934,-9.727646e-05,-3.522962e-05,-0.0006578403,-7.16286e-05,0.0006454575,-0.00046214624,-3.2887565e-05,6.198332e-05,0.00024429456,0.00021092506,0.00014027714,-0.000119274366,-0.00013684941,-2.5444304e-05,-0.00016607027,-0.00013876428,0.000112732014,-3.739789e-05,-0.000102118516,0.00020067404,-3.7485355e-05,0.00014497424,4.815093e-05,-0.00020139641
4,14.400332,-13.069061,-9.694239,-3.9456286,48.089237,1.3520703,3.808682e-05,0.0058236956,3.036113e-05,-0.0001233843,-0.00022281229,-0.00030376058,-0.00034287147,-3.8524122e-05,0.00046046585,-0.00031974132,0.00058252853,-0.00058563356,0.00035913568,-0.00034549856,-0.00012433535,-0.00053306227,0.00020018296,-6.4533386e-05,-0.00025943716,-0.00031547516,0.00043954342,-0.00019490803,0.00019552834,-1.3875242e-06,-0.00017407368,0.00024058897,5.9398313e-05,0.00012918265,-0.00019764922,0.00017856539,-0.00011398994,-5.272103e-05,0.00028444728,3.611166e-05,-0.000109593915,5.8562036e-06,-4.7911482e-05,-5.4007385e-05,7.066754e-05,-8.836757e-05,-8.1808044e-05,-0.00013237985,-2.2933411e-05,3.3211883e-05
5,-1.9650853,-22.602528,8.533953,4.0916567,1.3520703,2.5907352,0.00050635403,-0.0036085434,0.0023627908,-0.0012294458,0.0009933156,1.4537485e-05,-0.00034738716,-0.0005436115,0.00069554773,-0.00039660247,-0.00015960832,0.0003026742,-0.00055600377,0.0010345338,-0.00045244046,0.0006656253,-0.00024358838,-0.00026776135,-0.00031769782,-0.0002941395,0.0002670895,0.0005630569,0.0006197422,-7.8804165e-05,-0.00025578175,-6.130297e-05,-9.330761e-05,6.507841e-05,-9.131318e-05,-8.16479e-05,5.7527708e-05,-0.00028346403,4.646196e-05,-0.00012874276,4.7149868e-05,4.3772598e-05,4.1129486e-05,-9.628616e-05,9.654957e-05,-0.00011948163,-2.0440453e-05,-0.000117314856,-7.73778e-05,-5.8634745e-05
6,-0.0022460571,-0.0053353216,0.00080598844,0.00033191062,3.808682e-05,0.00050635403,0.004085342,0.0006060767,0.0014847573,0.00034250948,-0.00045426824,0.0015381202,-0.0006357676,-0.00089016464,8.547108e-05,-0.0010158583,0.00043905614,0.000734011,-1.526049e-05,-0.0005592039,0.00032671267,0.00012238628,9.623854e-05,-0.00011925957,-0.00021659333,0.00043198542,-0.0006226987,-0.00032032223,0.00018643802,0.00041278458,3.314506e-05,-0.00024472477,7.249211e-05,-0.00012236305,0.00023664368,-0.0002500215,-1.2486374e-05,0.00025264226,0.00043110186,-0.00024673596,-9.567123e-05,2.0599819e-05,-7.1122195e-05,0.00039889332,-3.640971e-05,0.0002677294,9.435968e-05,0.00011500863,5.1595867e-05,-0.00016187728
7,0.00014962372,0.004503881,-0.00048410686,0.0041613095,0.0058236956,-0.0036085434,0.0006060767,0.013925267,-0.0022651446,0.0014066171,-0.0022206204,0.0016517551,0.0008801713,0.0022696268,-0.0006834804,0.0017345038,-0.0007390562,-0.0004005304,-0.0007266536,-0.00067251537,0.0007873436,0.0015365242,-0.0005400132,0.000382749,0.00065936625,0.0010435007,-0.00076912466,-0.00037311437,-0.0008337827,-0.0009972309,0.00048320973,-0.00030395942,0.00014805802,-7.15707e-05,0.0004902352,-3.545527e-05,0.0001934143,0.00021419872,-0.0001944,-7.7771285e-05,-0.00011334881,-2.641186e-05,0.00012136527,-9.6155825e-05,-0.00015349798,0.00038276793,0.00025680417,0.0002940392,0.00017793727,-0.0003039107
8,0.0024841973,0.00073815126,-0.0026133126,-0.0032493959,3.036113e-05,0.0023627908,0.0014847573,-0.0022651446,0.011052083,-0.0026030554,-0.001405557,0.0013747369,0.0011697933,5.1426978e-05,0.00093862176,-0.0009550368,0.00027889156,-0.0010737933,-0.001007533,0.00070935517,0.0001214034,0.0007060793,-0.00019074943,-0.00048809242,-0.00044969458,-0.0006365944,1.9047984e-05,0.0006295353,-8.552104e-05,-0.00029174704,-0.0007387619,-0.00011809681,0.00036283265,-8.01032e-05,0.00018324639,-0.00031560598,-0.00015104839,-0.00015766826,-7.6208555e-05,-0.00013172437,-1.9690557e-05,7.575727e-05,-0.00029740913,0.00025647515,0.00022758078,4.0240993e-05,6.4751875e-05,-0.0001886728,6.562987e-05,-0.00018646088
9,-0.0017006269,-0.0001634828,0.0017252354,0.00018109148,-0.0001233843,-0.0012294458,0.00034250948,0.0014066171,-0.0026030554,0.0062274807,0.0005104919,-0.00090561283,0.0003649999,-0.0009583539,-0.0010558427,0.00022950405,-0.0002517955,-0.00018373693,-3.2797725e-05,0.00013205648,0.0005928078,0.0009090913,0.000102810736,0.00018224631,3.552899e-05,0.00017376708,0.0003295172,-0.0006628447,-0.00031271632,-0.00018551509,0.00011742719,0.00022639678,5.6317273e-05,0.00023856583,0.0003801818,-7.1180248e-06,6.26961e-05,0.00034212862,0.00046792356,4.8097805e-05,-0.00010632263,8.25287e-05,-0.00010215119,4.4529188e-05,-0.00019334762,-4.91742e-05,4.6789053e-05,-5.7660773e-06,5.6326928e-05,2.579597e-05
10,0.0021438128,0.0007903718,-0.0012654103,-0.00018905532,-0.00022281229,0.0009933156,-0.00045426824,-0.0022206204,-0.001405557,0.0005104919,0.0037714588,-0.0014816641,-0.00089295045,-0.0011955593,0.00093144074,-0.00034049718,-0.00018798324,0.00036451512,-0.00070720294,0.00068583,5.7753474e-05,0.0003130402,0.00046149036,-2.0944895e-05,-0.00021194365,0.0002562207,-1.4651473e-05,0.00048440188,0.00021436403,0.0005824341,0.00016173311,-0.00020583958,0.0002837123,0.00020190487,-0.00018586693,4.272489e-06,6.0392347e-05,-0.00014065133,-8.631997e-05,-6.8711204e-05,-6.3447136e-05,-9.324632e-05,0.00012813433,-4.629666e-05,6.1322986e-05,3.6516517e-06,9.685613e-06,0.00010793834,5.356574e-05,2.1416883e-05
11,0.0015918652,-0.00038928803,0.0009045487,0.00021647813,-0.00030376058,1.4537485e-05,0.0015381202,0.0016517551,0.0013747369,-0.00090561283,-0.0014816641,0.005094744,0.00021037734,0.0006716837,-0.00040916726,-0.00059012533,0.0006994391,0.00021054907,-2.1494305e-05,0.00075298996,-0.00059275934,-0.00042307447,-0.0004604814,-0.00013433161,0.00019771792,-2.067989e-05,-0.00018408694,0.00018299012,-3.752618e-05,-0.00023419096,0.00042874124,7.629712e-05,-0.0002373849,-9.167055e-06,0.00022849184,-6.518997e-05,0.00015976117,0.0002850347,-0.00018711909,-0.0003619263,-0.0001736629,0.000192429,-0.00010062686,0.00015721357,-0.00020215218,6.385907e-05,-6.563926e-06,0.00015667171,5.724073e-05,-5.929546e-05
12,-0.0012138246,-0.00059680967,0.0003507214,0.00020486167,-0.00034287147,-0.00034738716,-0.0006357676,0.0008801713,0.0011697933,0.0003649999,-0.00089295045,0.00021037734,0.0030373046,0.0016110552,0.00035994424,-0.00042758754,0.0005016925,-0.000780676,0.00033500505,0.000103332546,0.00031696243,-0.00012394748,-5.2401876e-05,0.00014356102,0.00014632233,-3.4858517e-06,0.00021427943,1.5066635e-05,1.4722109e-05,-0.00030351878,0.00016506079,-8.409868e-05,-0.00019877218,-7.684125e-06,-0.00015993469,-0.00018101405,8.132779e-05,-0.00015992581,8.7234934e-05,9.8116376e-05,-0.00011651407,-0.00011611498,-0.00012994005,-0.00019529357,-6.306322e-05,1.7997343e-05,0.00014096228,-4.1147363e-05,9.059489e-05,-5.5675613e-05
13,-0.0010895046,0.00045863076,0.0015388855,0.0015888307,-3.8524122e-05,-0.0005436115,-0.00089016464,0.0022696268,5.1426978e-05,-0.0009583539,-0.0011955593,0.0006716837,0.0016110552,0.0047839405,0.00079377973,0.00043158123,0.00048484464,-0.00015214812,0.0002787538,4.4183977e-07,-0.000340513,7.184582e-05,-0.00026541107,0.00017768343,4.9393264e-05,0.00033361863,0.0003913559,0.00012553169,-0.00013830843,-0.00013344735,-4.5962053e-05,-1.9967697e-06,9.23216e-05,3.7660928e-05,-2.9433715e-05,0.00036878893,-8.287459e-06,5.5789198e-05,0.00020451091,-1.3186753e-05,0.00014061388,-0.0003102562,0.00025762062,-0.00013716427,6.483939e-05,0.00019564241,-6.8593334e-05,-8.539057e-05,2.5031324e-05,-9.3715775e-05
14,0.0011532577,0.00031915982,-0.00031397058,-5.3072246e-05,0.00046046585,0.00069554773,8.547108e-05,-0.0006834804,0.00093862176,-0.0010558427,0.00093144074,-0.00040916726,0.00035994424,0.00079377973,0.0026399654,-4.6747824e-05,-0.000422903,0.0005083032,-0.0003691282,2.486053e-05,-0.0006177902,-0.0001685503,0.00023349625,-2.3690833e-05,0.0003857742,0.00023691551,-2.9897167e-06,-2.418055e-05,0.00010696849,0.00029254996,0.0003282535,-1.2974364e-05,0.000100138976,0.00024997065,8.668784e-05,-8.314887e-05,0.00016853672,-7.527806e-05,-0.00012491291,-7.602676e-05,9.7150645e-05,-0.0001806526,-5.6879522e-05,1.0666101e-05,6.9342146e-05,8.702591e-05,0.00017371487,-3.2318512e-05,-6.386349e-05,-9.889858e-05
15,-0.00037739967,-0.00018223247,0.0009235892,0.0016213884,-0.00031974132,-0.00039660247,-0.0010158583,0.0017345038,-0.0009550368,0.00022950405,-0.00034049718,-0.00059012533,-0.00042758754,0.00043158123,-4.6747824e-05,0.0029234197,-0.0003515029,0.00039079163,0.00030623833,0.0002499037,-0.00020653234,0.00022815651,-7.3472576e-05,-0.0005137869,0.0003239915,-0.00030127703,0.00021633742,-2.2542592e-05,-0.00048176583,2.5328214e-05,-0.0002569842,-1.1457463e-05,-0.00010962972,-5.159536e-07,9.1171634e-05,0.00022923967,-0.0001272938,-5.1771553e-05,-5.9012265e-05,3.596222e-05,1.3175968e-05,-3.186697e-05,8.0259306e-05,0.00011238652,-4.9491246e-05,-1.3877858e-06,4.0198134e-05,2.3059685e-05,-6.467766e-05,-1.423148e-05
16,0.00090535416,-0.00069904525,-8.426691e-05,-0.00020287678,0.00058252853,-0.00015960832,0.00043905614,-0.0007390562,0.00027889156,-0.0002517955,-0.00018798324,0.0006994391,0.0005016925,0.00048484464,-0.000422903,-0.0003515029,0.0014311767,0.00035030392,0.0003792951,-0.00019343279,0.00012968155,1.986319e-05,0.0001519587,-0.00017877322,-4.3547603e-05,0.00012048714,0.00012024192,0.0002360527,6.602174e-05,0.00020168314,0.00019273136,0.00011350677,-6.1345214e-05,-0.00027303677,6.0336522e-05,-9.809511e-05,-7.3850155e-05,4.037001e-05,0.00011773908,7.630885e-05,-8.727596e-05,-3.4769284e-05,5.009026e-05,6.0531063e-05,7.961289e-05,7.2854666e-05,-7.781664e-05,-5.969293e-05,4.8788308e-05,3.3122436e-05
17,0.00020467705,0.0014886209,-0.0003036771,0.00014098253,-0.00058563356,0.0003026742,0.000734011,-0.0004005304,-0.0010737933,-0.00018373693,0.00036451512,0.00021054907,-0.000780676,-0.00015214812,0.0005083032,0.00039079163,0.00035030392,0.0020125601,0.00019676473,-0.00025007132,-0.00016151501,0.0003970186,9.91781e-05,-0.00023188407,0.00014824195,0.00016794662,-9.16515e-05,3.9673003e-05,-2.739983e-05,0.00017194625,0.00032436143,0.00017036173,3.621672e-05,-0.00020304788,0.00015024701,-2.4683732e-06,6.3407424e-05,-0.00011110041,-7.562319e-06,-0.00011930764,8.9291425e-06,-4.61127e-05,0.00013568868,2.7526938e-05,3.5193945e-05,4.3974833e-06,-0.00014623915,-6.043147e-05,-7.175992e-05,-5.5015666e-05
18,-0.0006811787,-0.0010384708,0.00010314473,-5.732269e-05,0.00035913568,-0.00055600377,-1.526049e-05,-0.0007266536,-0.001007533,-3.2797725e-05,-0.00070720294,-2.1494305e-05,0.00033500505,0.0002787538,-0.0003691282,0.00030623833,0.0003792951,0.00019676473,0.0019272469,0.00013659155,0.00023360371,-0.0004798139,7.288717e-05,-4.39146e-05,0.00012058449,-0.00017406278,0.00016822593,-0.0002120072,0.00015480015,0.00011902471,-9.8074415e-05,0.00010242395,-6.8709254e-05,-0.0001498544,-3.6980775e-05,9.741854e-05,-0.00011254659,2.217539e-05,-1.7953756e-05,0.00011161913,-0.00020087304,9.038328e-05,0.00012964747,-0.00013659916,-4.79156e-05,8.911383e-05,5.448765e-05,2.9495523e-05,-6.6352826e-05,9.8098935e-05
19,0.0009169194,0.00083113054,-0.00039699863,-0.00017886522,-0.00034549856,0.0010345338,-0.0005592039,-0.00067251537,0.00070935517,0.00013205648,0.00068583,0.00075298996,0.000103332546,4.4183977e-07,2.486053e-05,0.0002499037,-0.00019343279,-0.00025007132,0.00013659155,0.0020297884,-0.00036997997,0.00024823437,-0.00023532443,6.7076704e-05,-8.564614e-05,-0.0003962865,0.00026072803,0.0002041602,0.00010273613,-1.4392519e-05,1.3811392e-05,-0.00020804483,7.8737205e-05,8.720177e-05,-8.9723035e-06,2.376092e-05,-3.4763623e-05,0.000110030436,-5.8007332e-05,-0.00017858854,-0.00019417724,9.891174e-05,0.00010941579,-9.912262e-05,-5.191084e-05,2.4399167e-05,5.3298863e-05,-0.00014428208,-4.979551e-05,-3.019012e-05
20,0.0003795028,-0.001239173,-0.00014657158,0.00039111776,-0.00012433535,-0.00045244046,0.00032671267,0.0007873436,0.0001214034,0.0005928078,5.7753474e-05,-0.00059275934,0.00031696243,-0.000340513,-0.0006177902,-0.00020653234,0.00012968155,-0.00016151501,0.00023360371,-0.00036997997,0.0013784405,0.0003990736,0.00010140499,6.506198e-05,0.00018002692,-9.704712e-06,-6.852651e-05,0.00032684125,-0.0002647242,7.518492e-05,-6.192864e-05,-7.045474e-05,0.00019141467,-2.4361754e-05,-0.00016549636,-0.00012603813,2.724622e-05,-3.8918297e-05,3.376681e-05,-4.9157046e-05,-0.0001373021,-8.592442e-05,6.580123e-06,-4.585903e-05,-7.069259e-05,4.1099258e-05,-3.523304e-05,3.8364327e-05,2.2471071e-05,8.933108e-05
21,-0.0012063974,0.0005011536,-0.00025429763,0.00014189561,-0.00053306227,0.0006656253,0.00012238628,0.0015365242,0.0007060793,0.0009090913,0.0003130402,-0.00042307447,-0.00012394748,7.184582e-05,-0.0001685503,0.00022815651,1.986319e-05,0.0003970186,-0.0004798139,0.00024823437,0.0003990736,0.001769009,-0.00020074558,4.6774334e-05,5.9749902e-05,0.00014944331,0.0001934959,0.00029288308,-1.6969185e-05,-6.69982e-05,-0.00016611183,0.00012900693,0.00015796855,-0.00014118219,0.00018381621,-6.7836154e-05,0.00013628174,9.112242e-06,4.8704303e-05,-1.5722686e-05,-2.4320088e-05,6.854934e-05,5.6614568e-05,-0.00012325527,0.00010527375,7.430349e-05,1.2554923e-05,-7.595967e-05,-2.7720369e-05,-5.8766036e-06
22,8.2271275e-05,5.8536563e-05,-0.000260255,-0.00013134116,0.00020018296,-0.00024358838,9.623854e-05,-0.0005400132,-0.00019074943,0.000102810736,0.00046149036,-0.0004604814,-5.2401876e-05,-0.00026541107,0.00023349625,-7.3472576e-05,0.0001519587,9.91781e-05,7.288717e-05,-0.00023532443,0.00010140499,-0.00020074558,0.0010776978,-1.7575188e-05,-0.00017132341,4.187171e-05,-7.9137404e-05,0.00014265436,-3.4184325e-06,3.8392966e-05,-8.975669e-05,9.11002e-05,-6.629758e-05,0.00020298826,0.00025321002,-0.00013238455,3.5110897e-05,3.529244e-05,1.0032243e-05,2.158746e-05,-1.7658422e-05,5.5590244e-05,1.4971814e-05,4.4459107e-06,5.786658e-05,9.6351905e-05,1.0897098e-05,-2.782096e-06,3.6344695e-06,-4.7104855e-05
23,-0.0007796044,5.8099467e-05,0.0002313933,0.00010030634,-6.4533386e-05,-0.00026776135,-0.00011925957,0.000382749,-0.00048809242,0.00018224631,-2.0944895e-05,-0.00013433161,0.00014356102,0.00017768343,-2.3690833e-05,-0.0005137869,-0.00017877322,-0.00023188407,-4.39146e-05,6.7076704e-05,6.506198e-05,4.6774334e-05,-1.7575188e-05,0.00084280333,-0.000111757516,1.1980905e-05,2.8950164e-05,-0.00022245618,-0.00010573678,-7.297313e-05,-4.5879257e-05,5.787304e-06,0.00011829326,0.00011929116,7.3701674e-05,1.7751467e-05,-9.8613655e-06,8.012564e-05,3.9036837e-05,-8.650732e-05,-2.366053e-05,1.8710369e-05,-2.0724965e-05,-0.00013317795,-5.784675e-05,2.5495272e-05,-7.075141e-05,-2.5328378e-05,-2.7327424e-05,-3.4203476e-05
24,0.0003949459,-0.00013939846,0.00015749116,0.00021722865,-0.00025943716,-0.00031769782,-0.00021659333,0.00065936625,-0.00044969458,3.552899e-05,-0.00021194365,0.00019771792,0.00014632233,4.9393264e-05,0.0003857742,0.0003239915,-4.3547603e-05,0.00014824195,0.00012058449,-8.564614e-05,0.00018002692,5.9749902e-05,-0.00017132341,-0.000111757516,0.00094255194,3.4039804e-06,-5.3185016e-05,3.6678903e-05,2.3372988e-05,7.525124e-05,0.00016194157,0.00012838765,-0.000104480365,3.1972386e-06,-0.0001755605,-0.000110733636,0.00015447874,0.00015294607,-0.00013372413,-1.715774e-05,2.6203283e-05,-0.00011419578,-1.3444784e-05,-9.9331985e-05,-2.8447113e-05,-4.4815748e-05,-1.788679e-05,-8.071796e-06,-5.620075e-05,5.4611424e-05
25,-0.0011492886,9.412973e-05,0.00027561205,0.00028883934,-0.00031547516,-0.0002941395,0.00043198542,0.0010435007,-0.0006365944,0.00017376708,0.0002562207,-2.067989e-05,-3.4858517e-06,0.00033361863,0.00023691551,-0.00030127703,0.00012048714,0.00016794662,-0.00017406278,-0.0003962865,-9.704712e-06,0.00014944331,4.187171e-05,1.1980905e-05,3.4039804e-06,0.000688757,-7.882196e-05,-8.271248e-05,0.0001400695,-6.018945e-05,5.823498e-05,6.771151e-05,0.0001270155,-0.00010647939,5.7415866e-05,4.4778513e-05,4.4191598e-05,3.2123586e-05,3.365835e-05,-1.3986811e-05,-1.1886077e-05,-7.3771604e-05,7.643861e-05,5.618766e-05,2.5930196e-05,-6.227944e-06,5.6854846e-05,0.00010670211,4.6712987e-05,-3.540368e-05
26,9.6492266e-05,0.0005287164,-0.00023780091,-9.727646e-05,0.00043954342,0.0002670895,-0.0006226987,-0.00076912466,1.9047984e-05,0.0003295172,-1.4651473e-05,-0.00018408694,0.00021427943,0.0003913559,-2.9897167e-06,0.00021633742,0.00012024192,-9.16515e-05,0.00016822593,0.00026072803,-6.852651e-05,0.0001934959,-7.9137404e-05,2.8950164e-05,-5.3185016e-05,-7.882196e-05,0.0009782166,0.00016751466,-2.7998673e-05,2.3374301e-05,9.871645e-07,0.00010814692,-2.205472e-06,8.054827e-05,0.00014688325,2.6938902e-05,0.00012512537,-0.000112584254,7.6027095e-07,-5.435966e-06,-5.180946e-05,-3.0478353e-05,-0.00011037066,-2.6102065e-05,1.8760798e-05,-3.538265e-05,-3.81392e-05,6.083584e-05,-4.3199507e-05,4.1396315e-06
27,0.00048241575,0.00027454487,-0.001007978,-3.522962e-05,-0.00019490803,0.0005630569,-0.00032032223,-0.00037311437,0.0006295353,-0.0006628447,0.00048440188,0.00018299012,1.5066635e-05,0.00012553169,-2.418055e-05,-2.2542592e-05,0.0002360527,3.9673003e-05,-0.0002120072,0.0002041602,0.00032684125,0.00029288308,0.00014265436,-0.00022245618,3.6678903e-05,-8.271248e-05,0.00016751466,0.0010579671,4.5341935e-06,0.0001301064,-9.90264e-06,6.701332e-05,-5.724428e-05,0.000102622,-8.381951e-05,3.3055105e-05,-5.8701735e-06,-6.4043484e-06,-0.000107789354,3.1834403e-05,6.380154e-05,1.1945858e-05,7.9718426e-05,2.3221794e-05,-0.00011269692,7.105814e-06,-4.6970046e-05,3.656165e-05,3.3596112e-05,-2.8247385e-05
28,0.0005349929,-0.00016729874,-0.0005070109,-0.0006578403,0.00019552834,0.0006197422,0.00018643802,-0.0008337827,-8.552104e-05,-0.00031271632,0.00021436403,-3.752618e-05,1.4722109e-05,-0.00013830843,0.00010696849,-0.00048176583,6.602174e-05,-2.739983e-05,0.00015480015,0.00010273613,-0.0002647242,-1.6969185e-05,-3.4184325e-06,-0.00010573678,2.3372988e-05,0.0001400695,-2.7998673e-05,4.5341935e-06,0.00077563827,-4.7306505e-05,-0.000113077855,2.1883407e-05,-5.142304e-05,-0.00011715834,-0.00011430864,-7.4208874e-05,8.2101775e-05,-2.2186809e-05,0.00012643806,3.980774e-05,9.902093e-05,2.4328588e-06,1.1417082e-05,-9.582938e-05,-5.233821e-05,2.5444042e-05,3.8848804e-05,-2.5390072e-08,-1.1511501e-05,-4.118543e-05
29,0.0005698831,-6.106889e-05,-0.0006478859,-7.16286e-05,-1.3875242e-06,-7.8804165e-05,0.00041278458,-0.0009972309,-0.00029174704,-0.00018551509,0.0005824341,-0.00023419096,-0.00030351878,-0.00013344735,0.00029254996,2.5328214e-05,0.00020168314,0.00017194625,0.00011902471,-1.4392519e-05,7.518492e-05,-6.69982e-05,3.8392966e-05,-7.297313e-05,7.525124e-05,-6.018945e-05,2.3374301e-05,0.0001301064,-4.7306505e-05,0.00076661375,4.8934442e-05,-3.7205027e-05,8.523042e-07,-7.8430254e-05,-0.00010093526,0.00011835524,8.7106484e-05,6.6462046e-05,0.00010604855,-7.3611463e-06,-4.8774542e-05,3.22399e-05,-0.00010261156,6.132861e-05,-2.1824375e-05,9.567769e-05,2.1774416e-05,2.5687194e-05,-4.14491e-05,2.0766625e-05
30,-0.00019256814,0.00020682506,0.00024573272,0.0006454575,-0.00017407368,-0.00025578175,3.314506e-05,0.00048320973,-0.0007387619,0.00011742719,0.00016173311,0.00042874124,0.00016506079,-4.5962053e-05,0.0003282535,-0.0002569842,0.00019273136,0.00032436143,-9.8074415e-05,1.3811392e-05,-6.192864e-05,-0.00016611183,-8.975669e-05,-4.5879257e-05,0.00016194157,5.823498e-05,9.871645e-07,-9.90264e-06,-0.000113077855,4.8934442e-05,0.000789549,-7.113923e-05,2.6313472e-05,4.9587114e-05,0.00011198694,-6.553404e-05,2.4263029e-05,-6.0843253e-05,-8.154587e-05,0.000112344205,-7.6602286e-05,-5.126653e-05,-9.215168e-05,2.072872e-05,-5.3037616e-05,1.6205147e-05,-6.5580985e-05,-7.312259e-05,3.68101e-05,2.2533757e-05
31,-0.00015301444,-0.00036750903,0.000102834616,-0.00046214624,0.00024058897,-6.130297e-05,-0.00024472477,-0.00030395942,-0.00011809681,0.00022639678,-0.00020583958,7.629712e-05,-8.409868e-05,-1.9967697e-06,-1.2974364e-05,-1.1457463e-05,0.00011350677,0.00017036173,0.00010242395,-0.00020804483,-7.045474e-05,0.00012900693,9.11002e-05,5.787304e-06,0.00012838765,6.771151e-05,0.00010814692,6.701332e-05,2.1883407e-05,-3.7205027e-05,-7.113923e-05,0.0004923262,2.6780064e-05,1.4771489e-05,7.891633e-05,4.0978433e-05,6.555939e-05,6.444376e-05,-6.0530663e-05,6.725133e-05,0.00011233638,6.5931294e-05,-2.7946095e-05,-1.4721013e-05,1.8491984e-06,4.35056e-06,2.380682e-05,3.7316277e-05,-6.900469e-05,3.7987935e-05
32,-0.00029075774,4.1359934e-05,-0.00017835807,-3.2887565e-05,5.9398313e-05,-9.330761e-05,7.249211e-05,0.00014805802,0.00036283265,5.6317273e-05,0.0002837123,-0.0002373849,-0.00019877218,9.23216e-05,0.000100138976,-0.00010962972,-6.1345214e-05,3.621672e-05,-6.8709254e-05,7.8737205e-05,0.00019141467,0.00015796855,-6.629758e-05,0.00011829326,-0.000104480365,0.0001270155,-2.205472e-06,-5.724428e-05,-5.142304e-05,8.523042e-07,2.6313472e-05,2.6780064e-05,0.0005715282,-0.0001573196,1.27783605e-05,-1.0986814e-05,-4.3520016e-05,-6.8379915e-05,-1.5595851e-05,-4.0213417e-05,1.4751625e-05,-7.579671e-05,-3.280062e-05,3.440384e-05,-6.8287765e-05,2.9686591e-05,-1.5209241e-05,1.06099515e-05,3.2899217e-05,7.972375e-06
33,-0.000111513,9.9850455e-05,-3.0522322e-05,6.198332e-05,0.00012918265,6.507841e-05,-0.00012236305,-7.15707e-05,-8.01032e-05,0.00023856583,0.00020190487,-9.167055e-06,-7.684125e-06,3.7660928e-05,0.00024997065,-5.159536e-07,-0.00027303677,-0.00020304788,-0.0001498544,8.720177e-05,-2.4361754e-05,-0.00014118219,0.00020298826,0.00011929116,3.1972386e-06,-0.00010647939,8.054827e-05,0.000102622,-0.00011715834,-7.8430254e-05,4.9587114e-05,1.4771489e-05,-0.0001573196,0.00056065404,0.00011975302,5.0325893e-05,1.1581147e-05,-1.776711e-05,2.317733e-05,-6.49e-05,4.7755613e-05,1.1225353e-05,9.354909e-06,1.52494995e-05,-2.7669332e-05,3.2095944e-05,-1.3362226e-05,-1.027292e-06,1.9773157e-05,4.898382e-05
34,-0.00082517735,-7.192139e-05,0.00048682233,0.00024429456,-0.00019764922,-9.131318e-05,0.00023664368,0.0004902352,0.00018324639,0.0003801818,-0.00018586693,0.00022849184,-0.00015993469,-2.9433715e-05,8.668784e-05,9.1171634e-05,6.0336522e-05,0.00015024701,-3.6980775e-05,-8.9723035e-06,-0.00016549636,0.00018381621,0.00025321002,7.3701674e-05,-0.0001755605,5.7415866e-05,0.00014688325,-8.381951e-05,-0.00011430864,-0.00010093526,0.00011198694,7.891633e-05,1.27783605e-05,0.00011975302,0.0004419492,-3.1003197e-05,-2.2695429e-05,5.6272274e-05,-7.92943e-06,2.3399869e-05,-1.5204561e-05,5.5580655e-05,-3.6593738e-05,4.8670823e-05,-8.04407e-06,7.64242e-05,2.0890177e-06,-2.3044806e-05,-1.4518429e-05,-1.1377544e-05
35,3.440884e-05,3.124286e-05,0.0001844533,0.00021092506,0.00017856539,-8.16479e-05,-0.0002500215,-3.545527e-05,-0.00031560598,-7.1180248e-06,4.272489e-06,-6.518997e-05,-0.00018101405,0.00036878893,-8.314887e-05,0.00022923967,-9.809511e-05,-2.4683732e-06,9.741854e-05,2.376092e-05,-0.00012603813,-6.7836154e-05,-0.00013238455,1.7751467e-05,-0.000110733636,4.4778513e-05,2.6938902e-05,3.3055105e-05,-7.4208874e-05,0.00011835524,-6.553404e-05,4.0978433e-05,-1.0986814e-05,5.0325893e-05,-3.1003197e-05,0.0005517411,8.07935e-05,-7.40727e-05,-2.6084155e-05,-7.836012e-06,-3.5457437e-05,2.1982229e-05,4.7640984e-05,8.367661e-05,-2.8476385e-05,-3.6334917e-05,-3.5711164e-05,-2.665268e-05,-3.4130564e-06,-5.0148185e-05
36,2.6397372e-05,9.619945e-05,-8.1210555e-07,0.00014027714,-0.00011398994,5.7527708e-05,-1.2486374e-05,0.0001934143,-0.00015104839,6.26961e-05,6.0392347e-05,0.00015976117,8.132779e-05,-8.287459e-06,0.00016853672,-0.0001272938,-7.3850155e-05,6.3407424e-05,-0.00011254659,-3.4763623e-05,2.724622e-05,0.00013628174,3.5110897e-05,-9.8613655e-06,0.00015447874,4.4191598e-05,0.00012512537,-5.8701735e-06,8.2101775e-05,8.7106484e-05,2.4263029e-05,6.555939e-05,-4.3520016e-05,1.1581147e-05,-2.2695429e-05,8.07935e-05,0.0003135376,-7.873134e-05,-3.6407466e-05,-0.00010433498,-5.1669107e-05,8.554756e-06,-9.916106e-05,-4.0805782e-05,8.141176e-06,-1.5167366e-06,3.6739366e-05,3.533689e-05,-4.4012435e-05,-1.9923202e-05
37,-9.657147e-05,-0.00018571093,0.00028695632,-0.000119274366,-5.272103e-05,-0.00028346403,0.00025264226,0.00021419872,-0.00015766826,0.00034212862,-0.00014065133,0.0002850347,-0.00015992581,5.5789198e-05,-7.527806e-05,-5.1771553e-05,4.037001e-05,-0.00011110041,2.217539e-05,0.000110030436,-3.8918297e-05,9.112242e-06,3.529244e-05,8.012564e-05,0.00015294607,3.2123586e-05,-0.000112584254,-6.4043484e-06,-2.2186809e-05,6.6462046e-05,-6.0843253e-05,6.444376e-05,-6.8379915e-05,-1.776711e-05,5.6272274e-05,-7.40727e-05,-7.873134e-05,0.0004291735,-2.9987466e-05,2.1464953e-06,5.5438883e-05,-1.7361784e-06,6.930281e-05,4.4209544e-05,-4.3521628e-05,4.0543142e-05,1.9624185e-05,-2.6630161e-05,-4.2173968e-05,5.077733e-06
38,-0.00025727053,5.2884337e-05,-0.00014856993,-0.00013684941,0.00028444728,4.646196e-05,0.00043110186,-0.0001944,-7.6208555e-05,0.00046792356,-8.631997e-05,-0.00018711909,8.7234934e-05,0.00020451091,-0.00012491291,-5.9012265e-05,0.00011773908,-7.562319e-06,-1.7953756e-05,-5.8007332e-05,3.376681e-05,4.8704303e-05,1.0032243e-05,3.9036837e-05,-0.00013372413,3.365835e-05,7.6027095e-07,-0.000107789354,0.00012643806,0.00010604855,-8.154587e-05,-6.0530663e-05,-1.5595851e-05,2.317733e-05,-7.92943e-06,-2.6084155e-05,-3.6407466e-05,-2.9987466e-05,0.00036498718,-1.862601e-05,8.415785e-06,3.8426588e-06,-3.687346e-05,1.7124257e-05,-4.8544192e-05,3.59349e-05,-3.8920698e-05,-3.646211e-05,1.1381348e-05,-2.7873466e-05
39,-0.00019188781,-0.00013528782,1.6144806e-05,-2.5444304e-05,3.611166e-05,-0.00012874276,-0.00024673596,-7.7771285e-05,-0.00013172437,4.8097805e-05,-6.8711204e-05,-0.0003619263,9.8116376e-05,-1.3186753e-05,-7.602676e-05,3.596222e-05,7.630885e-05,-0.00011930764,0.00011161913,-0.00017858854,-4.9157046e-05,-1.5722686e-05,2.158746e-05,-8.650732e-05,-1.715774e-05,-1.3986811e-05,-5.435966e-06,3.1834403e-05,3.980774e-05,-7.3611463e-06,0.000112344205,6.725133e-05,-4.0213417e-05,-6.49e-05,2.3399869e-05,-7.836012e-06,-0.00010433498,2.1464953e-06,-1.862601e-05,0.00028308763,2.738582e-05,3.059664e-05,-1.710473e-05,-1.1279779e-05,1.8090304e-05,3.0013452e-05,-2.0050335e-05,-7.873861e-06,-4.495932e-06,-5.763387e-06
40,-0.0002513645,7.925871e-05,-9.5296244e-05,-0.00016607027,-0.000109593915,4.7149868e-05,-9.567123e-05,-0.00011334881,-1.9690557e-05,-0.00010632263,-6.3447136e-05,-0.0001736629,-0.00011651407,0.00014061388,9.7150645e-05,1.3175968e-05,-8.727596e-05,8.9291425e-06,-0.00020087304,-0.00019417724,-0.0001373021,-2.4320088e-05,-1.7658422e-05,-2.366053e-05,2.6203283e-05,-1.1886077e-05,-5.180946e-05,6.380154e-05,9.902093e-05,-4.8774542e-05,-7.6602286e-05,0.00011233638,1.4751625e-05,4.7755613e-05,-1.5204561e-05,-3.5457437e-05,-5.1669107e-05,5.5438883e-05,8.415785e-06,2.738582e-05,0.00027422555,-4.9161597e-05,2.5107973e-05,-4.851665e-06,-4.7674584e-05,-3.6168552e-05,4.4757817e-06,8.109956e-06,6.8551526e-06,-1.1586137e-06
41,0.00034665782,-0.00013835749,9.770235e-05,-0.00013876428,5.8562036e-06,4.3772598e-05,2.0599819e-05,-2.641186e-05,7.575727e-05,8.25287e-05,-9.324632e-05,0.000192429,-0.00011611498,-0.0003102562,-0.0001806526,-3.186697e-05,-3.4769284e-05,-4.61127e-05,9.038328e-05,9.891174e-05,-8.592442e-05,6.854934e-05,5.5590244e-05,1.8710369e-05,-0.00011419578,-7.3771604e-05,-3.0478353e-05,1.1945858e-05,2.4328588e-06,3.22399e-05,-5.126653e-05,6.5931294e-05,-7.579671e-05,1.1225353e-05,5.5580655e-05,2.1982229e-05,8.554756e-06,-1.7361784e-06,3.8426588e-06,3.059664e-05,-4.9161597e-05,0.00022989351,-3.3731565e-05,-6.9434705e-06,-9.700208e-07,1.2828208e-05,2.4578261e-05,1.2482771e-05,-8.553323e-06,-3.4004734e-05
42,-1.4699317e-05,0.00014417773,0.00014316759,0.000112732014,-4.7911482e-05,4.1129486e-05,-7.1122195e-05,0.00012136527,-0.00029740913,-0.00010215119,0.00012813433,-0.00010062686,-0.00012994005,0.00025762062,-5.6879522e-05,8.0259306e-05,5.009026e-05,0.00013568868,0.00012964747,0.00010941579,6.580123e-06,5.6614568e-05,1.4971814e-05,-2.0724965e-05,-1.3444784e-05,7.643861e-05,-0.00011037066,7.9718426e-05,1.1417082e-05,-0.00010261156,-9.215168e-05,-2.7946095e-05,-3.280062e-05,9.354909e-06,-3.6593738e-05,4.7640984e-05,-9.916106e-05,6.930281e-05,-3.687346e-05,-1.710473e-05,2.5107973e-05,-3.3731565e-05,0.00022763168,9.775349e-06,5.7380967e-05,7.973125e-06,-2.2162367e-06,-4.464426e-05,1.7655166e-05,1.402941e-05
43,-0.00013015234,9.9965655e-05,-2.3227247e-05,-3.739789e-05,-5.4007385e-05,-9.628616e-05,0.00039889332,-9.6155825e-05,0.00025647515,4.4529188e-05,-4.629666e-05,0.00015721357,-0.00019529357,-0.00013716427,1.0666101e-05,0.00011238652,6.0531063e-05,2.7526938e-05,-0.00013659916,-9.912262e-05,-4.585903e-05,-0.00012325527,4.4459107e-06,-0.00013317795,-9.9331985e-05,5.618766e-05,-2.6102065e-05,2.3221794e-05,-9.582938e-05,6.132861e-05,2.072872e-05,-1.4721013e-05,3.440384e-05,1.52494995e-05,4.8670823e-05,8.367661e-05,-4.0805782e-05,4.4209544e-05,1.7124257e-05,-1.1279779e-05,-4.851665e-06,-6.9434705e-06,9.775349e-06,0.0002389585,-3.0173383e-05,2.7294376e-05,3.2041797e-05,-7.1842096e-06,3.5155383e-05,-7.5145863e-06
44,-1.4640254e-05,7.6433396e-05,4.5692894e-05,-0.000102118516,7.066754e-05,9.654957e-05,-3.640971e-05,-0.00015349798,0.00022758078,-0.00019334762,6.1322986e-05,-0.00020215218,-6.306322e-05,6.483939e-05,6.9342146e-05,-4.9491246e-05,7.961289e-05,3.5193945e-05,-4.79156e-05,-5.191084e-05,-7.069259e-05,0.00010527375,5.786658e-05,-5.784675e-05,-2.8447113e-05,2.5930196e-05,1.8760798e-05,-0.00011269692,-5.233821e-05,-2.1824375e-05,-5.3037616e-05,1.8491984e-06,-6.8287765e-05,-2.7669332e-05,-8.04407e-06,-2.8476385e-05,8.141176e-06,-4.3521628e-05,-4.8544192e-05,1.8090304e-05,-4.7674584e-05,-9.700208e-07,5.7380967e-05,-3.0173383e-05,0.0002638627,3.0374547e-05,3.1802425e-05,-3.565712e-05,-9.404344e-06,2.4074048e-05
45,8.0163416e-05,-8.1278406e-05,2.3425771e-05,0.00020067404,-8.836757e-05,-0.00011948163,0.0002677294,0.00038276793,4.0240993e-05,-4.91742e-05,3.6516517e-06,6.385907e-05,1.7997343e-05,0.00019564241,8.702591e-05,-1.3877858e-06,7.2854666e-05,4.3974833e-06,8.911383e-05,2.4399167e-05,4.1099258e-05,7.430349e-05,9.6351905e-05,2.5495272e-05,-4.4815748e-05,-6.227944e-06,-3.538265e-05,7.105814e-06,2.5444042e-05,9.567769e-05,1.6205147e-05,4.35056e-06,2.9686591e-05,3.2095944e-05,7.64242e-05,-3.6334917e-05,-1.5167366e-06,4.0543142e-05,3.59349e-05,3.0013452e-05,-3.6168552e-05,1.2828208e-05,7.973125e-06,2.7294376e-05,3.0374547e-05,0.00020272032,4.755121e-05,-1.4895645e-05,-1.32784235e-05,-1.5623449e-06
46,0.00019915323,-6.257418e-05,3.8851747e-05,-3.7485355e-05,-8.1808044e-05,-2.0440453e-05,9.435968e-05,0.00025680417,6.4751875e-05,4.6789053e-05,9.685613e-06,-6.563926e-06,0.00014096228,-6.8593334e-05,0.00017371487,4.0198134e-05,-7.781664e-05,-0.00014623915,5.448765e-05,5.3298863e-05,-3.523304e-05,1.2554923e-05,1.0897098e-05,-7.075141e-05,-1.788679e-05,5.6854846e-05,-3.81392e-05,-4.6970046e-05,3.8848804e-05,2.1774416e-05,-6.5580985e-05,2.380682e-05,-1.5209241e-05,-1.3362226e-05,2.0890177e-06,-3.5711164e-05,3.6739366e-05,1.9624185e-05,-3.8920698e-05,-2.0050335e-05,4.4757817e-06,2.4578261e-05,-2.2162367e-06,3.2041797e-05,3.1802425e-05,4.755121e-05,0.00018621204,2.7896978e-05,-5.172842e-06,3.7412326e-05
47,5.8702382e-05,-0.0001261339,-5.8007823e-05,0.00014497424,-0.00013237985,-0.000117314856,0.00011500863,0.0002940392,-0.0001886728,-5.7660773e-06,0.00010793834,0.00015667171,-4.1147363e-05,-8.539057e-05,-3.2318512e-05,2.3059685e-05,-5.969293e-05,-6.043147e-05,2.9495523e-05,-0.00014428208,3.8364327e-05,-7.595967e-05,-2.782096e-06,-2.5328378e-05,-8.071796e-06,0.00010670211,6.083584e-05,3.656165e-05,-2.5390072e-08,2.5687194e-05,-7.312259e-05,3.7316277e-05,1.06099515e-05,-1.027292e-06,-2.3044806e-05,-2.665268e-05,3.533689e-05,-2.6630161e-05,-3.646211e-05,-7.873861e-06,8.109956e-06,1.2482771e-05,-4.464426e-05,-7.1842096e-06,-3.565712e-05,-1.4895645e-05,2.7896978e-05,0.00018547851,-1.2354663e-05,-3.2441585e-05
48,-4.591139e-05,-4.8981725e-05,2.9627674e-05,4.815093e-05,-2.2933411e-05,-7.73778e-05,5.1595867e-05,0.00017793727,6.562987e-05,5.6326928e-05,5.356574e-05,5.724073e-05,9.059489e-05,2.5031324e-05,-6.386349e-05,-6.467766e-05,4.8788308e-05,-7.175992e-05,-6.6352826e-05,-4.979551e-05,2.2471071e-05,-2.7720369e-05,3.6344695e-06,-2.7327424e-05,-5.620075e-05,4.6712987e-05,-4.3199507e-05,3.3596112e-05,-1.1511501e-05,-4.14491e-05,3.68101e-05,-6.900469e-05,3.2899217e-05,1.9773157e-05,-1.4518429e-05,-3.4130564e-06,-4.4012435e-05,-4.2173968e-05,1.1381348e-05,-4.495932e-06,6.8551526e-06,-8.553323e-06,1.7655166e-05,3.5155383e-05,-9.404344e-06,-1.32784235e-05,-5.172842e-06,-1.2354663e-05,0.00011234311,2.943617e-05
49,-1.1632956e-05,-2.2330465e-05,-7.920278e-08,-0.00020139641,3.3211883e-05,-5.8634745e-05,-0.00016187728,-0.0003039107,-0.00018646088,2.579597e-05,2.1416883e-05,-5.929546e-05,-5.5675613e-05,-9.3715775e-05,-9.889858e-05,-1.423148e-05,3.3122436e-05,-5.5015666e-05,9.8098935e-05,-3.019012e-05,8.933108e-05,-5.8766036e-06,-4.7104855e-05,-3.4203476e-05,5.4611424e-05,-3.540368e-05,4.1396315e-06,-2.8247385e-05,-4.118543e-05,2.0766625e-05,2.2533757e-05,3.7987935e-05,7.972375e-06,4.898382e-05,-1.1377544e-05,-5.0148185e-05,-1.9923202e-05,5.077733e-06,-2.7873466e-05,-5.763387e-06,-1.1586137e-06,-3.4004734e-05,1.402941e-05,-7.5145863e-06,2.4074048e-05,-1.5623449e-06,3.7412326e-05,-3.2441585e-05,2.943617e-05,0.00018365524
