,0,1,2,3,4,5,6,7,8,9,10,11,12,13,14,15,16,17,18,19,20,21,22,23,24,25,26,27,28,29,30,31,32,33,34,35,36,37,38,39,40,41,42,43,44,45,46,47,48,49,50,51,52,53,54,55,56,57,58,59,60,61,62,63,64
0,182.8428,6.7890873,3.0028079,-0.46796042,0.9426282,-0.0886585,-6.030407,2.3352828,0.15552844,0.092526406,3.516616,0.81881046,-3.3471403,0.8110124,-1.3487215,0.365893,2.1492505,-1.6486337,-0.5419997,-0.09916445,-1.5278642,0.7543109,0.74671596,2.224394,0.85658133,0.73866224,0.85708165,0.09769722,-0.019819483,0.6758957,-1.6352438,1.9640193,1.1889288,-1.018662,0.97996414,-0.36381513,-1.5383795,-0.26778096,1.390577,0.16410162,-0.24488264,0.44472188,-0.8411412,-0.92729175,0.3640502,-0.39691797,0.45972556,-0.6155472,0.41306219,-0.4306086,-0.6292954,-0.34633714,-0.076928854,0.42187887,0.4105668,0.18966576,-0.13238958,0.36437464,-0.1478709,0.23269242,-0.13852257,0.332127,0.019455899,-0.4961267,0.4553865
1,6.7890873,153.37724,-1.105402,1.6220523,0.38601744,-3.3814592,2.4703646,-1.3504643,4.069378,-1.1957717,-4.2265596,-0.93780506,0.5774888,2.6304536,3.562798,2.7198782,-3.9661045,-0.56911004,-2.1100833,-1.0583885,0.52556217,-1.4540334,-2.1945355,-0.43519914,-0.49228483,-0.8064283,-1.187645,-0.41954404,-0.26393777,0.42867437,-0.30792528,-1.0123359,-0.52913386,0.31561303,-0.66664135,-0.02616304,0.06508647,0.6435206,-0.038610965,-1.0193638,0.6802886,0.2806025,0.95430183,0.18044978,-0.29571095,-0.28755605,-0.3145787,0.18038857,-0.02614829,0.28800392,0.44968683,0.17388526,0.19782561,-0.18620452,-0.12151687,0.17109632,0.034777954,0.060973503,-0.17728531,-0.3605041,0.01796633,-0.05930508,-0.04811407,0.061433926,-0.043624297
2,3.0028079,-1.105402,97.620445,1.0892478,-3.5928497,9.273683,-1.7864347,-2.6685755,2.4196267,2.3970613,-0.90042186,-2.828218,4.44938,3.4773781,2.4304812,-1.3049263,-0.5338117,0.057824858,3.3258843,-0.78065354,1.7663476,1.1412773,0.7216929,0.88849545,-0.6352427,1.1499449,-0.860931,0.9134362,-0.106348366,-0.32284248,0.7814879,-0.017885532,-1.4370892,-0.05738325,0.36556938,0.699826,0.45978463,-0.37646788,0.60591656,-0.44459325,-0.63337606,0.1481719,-1.203259,0.52343184,0.024198528,-0.7870389,0.6043999,0.41847056,0.0069420114,-0.17911385,0.20901187,0.17213476,0.02486732,0.35388684,0.17560694,-0.07637654,0.29088598,-0.3343774,-0.09646019,0.14641374,0.38778257,-0.25889495,-0.057383753,-0.26253736,0.14332783
3,-0.46796042,1.6220523,1.0892478,74.38026,0.5667545,1.3774973,-1.7228118,1.5158259,-2.9383955,-3.837453,-1.4952314,0.4966372,1.3584902,1.4108979,-1.1141615,1.5321418,0.8383145,-0.012271121,-0.07174267,-0.8402775,-0.3160441,0.6823382,0.5812819,0.34427232,-0.094733834,0.1962954,1.895145,-0.5033157,-0.6113019,-0.85126483,0.99986696,0.110138595,-0.10274343,-0.7120975,-0.60665166,-0.34202573,-0.15760908,0.08574775,-0.4851308,0.6680443,-0.08518831,0.022148829,-0.37002757,-0.31916213,0.155628,-0.37015656,-0.1989848,0.022652542,-0.26768696,0.4645753,-0.8510331,0.00029844092,-0.23253524,-0.5075867,-0.2752302,-0.023894317,0.045351513,0.20966227,-0.20202708,-0.4736725,0.06591842,-0.11941914,-0.0060323244,0.24156055,0.009613061
4,0.9426282,0.38601744,-3.5928497,0.5667545,50.783024,10.204605,2.1640906,1.074818,2.5080917,1.4898596,-1.9581647,-2.225916,2.1559331,1.0716388,0.9816505,1.4098897,-1.6457734,-1.5184464,0.73768663,-0.63676393,-0.8039993,-0.17012852,-0.06950785,0.67197835,-1.2471611,0.12280306,-0.7052053,0.86927855,0.45634007,-0.17818807,0.97060764,0.19024046,0.28149116,0.34027123,0.25828636,0.6019052,-0.08178978,0.33543378,-0.06025477,0.6892791,-0.019750364,0.13883847,0.1050141,0.33451247,-0.081100404,0.87067294,-0.3732868,-0.12409471,0.64706194,-0.22334719,-0.4866069,0.026411854,0.074005865,0.5081903,0.101405054,-0.19935268,-0.093421474,-0.17971955,-0.27339655,-0.08359858,0.1617926,-0.16216269,-0.28834906,0.12599547,0.02145541
5,-0.0886585,-3.3814592,9.273683,1.3774973,10.204605,30.274717,2.879619,2.342214,-2.9080696,-0.04480224,2.7050028,1.9652202,-2.4366827,-3.3101516,0.15092993,-1.0279634,-0.049621634,1.8997141,-6.241313,-0.42776817,3.0413299,-0.24314791,-0.24400206,-0.39990258,0.803521,1.00905,-1.371403,-0.9513469,0.12932219,0.14637765,-1.0815312,-0.5296137,0.5749221,0.5233606,0.41070002,-0.16644211,-0.39192632,-0.17315385,0.35831487,-0.7920029,0.32050508,0.5657377,0.18499523,0.3600687,-0.34138244,-0.5299319,0.015981553,-0.17679372,-0.38028613,0.10939476,0.2612658,0.36665756,0.018812854,-0.31292278,0.05727525,0.005559238,0.17206869,0.09526504,0.12711962,-0.07193239,-0.257462,-0.13837932,0.07426493,0.045010384,-0.06670433
6,-6.030407,2.4703646,-1.7864347,-1.7228118,2.1640906,2.879619,38.20113,0.7420497,-0.48482913,-0.010714995,2.5128374,1.8338939,-0.5142824,2.5356817,0.35834843,-0.24918556,1.1658171,-1.2899157,1.7481995,0.1974077,-1.2882984,0.3580501,0.1267046,0.68805957,-0.041756727,0.45919204,0.9912607,-0.44510108,-0.2112989,0.19181249,-1.0123937,0.73697245,-0.5767978,-0.43593246,0.2593686,-0.51166475,-0.4951737,-0.076481074,0.32217658,-0.52450866,-0.28696245,0.15602693,-0.45437396,-0.39334586,0.20032987,-0.52088356,0.6622967,0.20555973,-0.32243633,-0.10516889,-0.29836035,-0.27522457,-0.13468039,-0.014534007,-0.14384815,0.003088406,0.02860456,0.17748594,0.018586807,-0.25766295,0.20203611,0.43749392,-0.023576854,-0.16035128,0.086076096
7,2.3352828,-1.3504643,-2.6685755,1.5158259,1.074818,2.342214,0.7420497,29.268465,1.8638458,-0.6455784,-0.83554256,0.2311576,-0.05822499,-0.09323683,-0.67164505,-0.44542485,0.51654685,0.12503842,1.939965,0.02564158,-0.2405321,0.020999573,0.24751867,-0.53238225,0.16300601,-0.70946366,0.27368802,0.2770692,0.21442449,0.22236148,0.30407566,0.08458258,-0.12259436,-0.31357202,-0.20396674,-0.3166921,0.40526533,0.13713333,-0.2359679,-0.3807068,0.28785595,-0.053737484,0.14259869,0.015372027,0.1416631,-0.21440426,-0.13454908,0.11598129,-0.0686886,0.1370315,0.5833229,-0.070680186,0.22126135,-0.14488494,0.23339915,0.21554467,0.10109489,-0.030903438,0.12512696,0.20734693,0.08565504,-0.17945506,0.1779159,-0.029028244,0.06088684
8,0.15552844,4.069378,2.4196267,-2.9383955,2.5080917,-2.9080696,-0.48482913,1.8638458,21.56837,-1.0608184,0.40747812,1.1168011,0.2570657,-0.9294035,-1.479601,-1.5727011,1.8973193,1.5831946,-1.1715202,0.5481672,-1.017894,-0.1032023,0.8204142,-1.5592381,0.23139986,0.78573275,0.18851781,-0.9394662,-0.013929064,-0.28973103,0.10586747,-0.1707269,-0.59870464,0.90899634,-0.40802747,0.3092728,0.3128127,-0.297684,0.2814331,0.6569555,-0.13411877,-0.22099124,-0.62883854,0.08481783,0.62173593,-0.014471688,0.1181007,-0.04742153,-0.36319202,0.07797254,-0.2989592,0.09882106,-0.252243,-0.31989777,-0.36870497,-0.41430944,0.21807568,0.13875875,0.17694885,-0.23001677,0.057408087,0.118227616,0.0031068504,0.21868488,0.1575194
9,0.092526406,-1.1957717,2.3970613,-3.837453,1.4898596,-0.04480224,-0.010714995,-0.6455784,-1.0608184,23.771606,-1.9911711,0.8488275,-0.87413406,-0.102749795,-1.8019884,1.2017167,-0.03543497,0.48302364,-1.2682419,-0.27208537,-0.68321145,-0.30668986,0.043481622,-0.5603411,0.287359,-0.7984822,1.1148541,-0.118718944,-0.18351458,0.17537731,0.25998074,0.29673988,-0.32721373,-0.6365591,-0.21900085,-0.12741135,-0.11113478,0.57731545,-0.34443316,0.14045507,0.3121175,-0.22098064,0.1169732,-0.21613047,-0.051810406,-0.17879027,-0.24685104,0.07420398,-0.0029634857,0.32164222,-0.082855195,-0.0495566,-0.061754093,-0.22608772,0.028417798,0.21374202,-0.14851004,0.21446978,-0.1770117,-0.29646385,0.22641364,0.054571573,0.2660234,-0.0593554,0.09256442
10,3.516616,-4.2265596,-0.90042186,-1.4952314,-1.9581647,2.7050028,2.5128374,-0.83554256,0.40747812,-1.9911711,18.655859,-1.2626038,0.26272887,1.2737759,0.5313928,1.398837,-1.6665697,1.1746988,-0.387717,-2.5142016,-0.29294276,-0.9846691,-0.086834304,-0.71169484,-0.75247836,-0.13504617,-0.23092721,-0.2225475,-0.5428128,-0.043006964,0.3239044,-0.26321688,-0.20187883,-0.26935977,-1.1580163,0.5721017,0.24680907,-0.031406645,-0.20695549,0.30845392,0.4747676,-0.30755985,0.17344108,-0.28907037,0.19769585,-0.046660043,-0.1263493,0.3078528,0.4013021,0.13825148,-0.08436353,0.34711763,-0.11707351,-0.15754548,-0.22048262,0.0017886704,-0.10480383,0.101832494,-0.117017806,-0.12279786,-0.22705537,-0.031176202,0.28486833,-0.033638243,-0.16238353
11,0.81881046,-0.93780506,-2.828218,0.4966372,-2.225916,1.9652202,1.8338939,0.2311576,1.1168011,0.8488275,-1.2626038,20.43237,0.41961753,0.5053903,0.8744174,0.56736255,-0.9210013,0.17377712,-0.31649178,0.39705032,0.74521875,0.26402965,-0.20327789,0.76745194,0.26386464,0.08703694,-0.47926658,0.33070233,-0.1525338,-0.2651739,0.22420761,-0.37219673,-0.037845243,-0.16687378,-0.058117665,0.41116333,0.2816689,0.014321379,0.28626412,0.41262525,-0.2631805,-0.11111039,-0.21047986,-0.011908377,-0.18137044,0.028763726,0.05404559,-0.17659006,0.28552067,-0.13402998,-0.07686907,0.16663012,0.0044490285,0.15317798,0.06439363,-0.03406491,-0.018680315,-0.16140845,-0.16796789,0.21186455,-0.22311643,-0.10806967,-0.07516897,-0.095013425,-0.014409907
12,-3.3471403,0.5774888,4.44938,1.3584902,2.1559331,-2.4366827,-0.5142824,-0.05822499,0.2570657,-0.87413406,0.26272887,0.41961753,17.818186,-0.58532476,-1.0554433,0.47987586,0.9038522,0.38582152,-1.4145999,0.43750286,-0.5586084,-0.28702593,0.1613239,0.49051288,0.19163805,-0.65512764,-0.008781136,-0.066038154,0.19707681,0.47369576,-0.7995589,0.5660405,-0.04675763,-0.47731805,-0.19986255,-0.26844904,0.048900694,0.5688833,-0.1455616,0.07580575,0.17263895,0.18286853,0.124217674,-0.60457313,0.115590364,0.15430038,-0.020248957,-0.23281279,0.27461645,-0.17389552,0.1281299,0.061688222,-0.041413788,-0.035011902,0.31955606,0.017084185,-0.13728833,0.18255126,-0.047435973,0.2823298,-0.113332495,0.07002027,0.037507005,-0.14382923,-0.09273754
13,0.8110124,2.6304536,3.4773781,1.4108979,1.0716388,-3.3101516,2.5356817,-0.09323683,-0.9294035,-0.102749795,1.2737759,0.5053903,-0.58532476,15.990201,-1.988689,-1.1213343,0.8734706,0.9421158,-0.9910507,1.0785427,0.5006138,0.38124776,0.47626197,-0.5491456,0.6570735,-0.2637936,0.12202881,0.15699735,0.16449499,-0.11060872,0.3503107,0.06363376,0.4586708,0.16337767,0.7020842,0.26740003,0.2809015,-0.1757217,-0.25798237,0.2759558,-0.27065516,-0.30691954,0.038026836,0.2530824,-0.43901658,0.58566713,-0.16758123,0.013598526,0.05249101,0.22611877,0.19402368,-0.13526046,-0.02351541,0.048621073,0.12737727,0.082663,-0.058338355,-0.22900325,0.02753912,0.08773808,-0.016169712,0.0030202207,0.075283304,-0.02505037,-0.07011734
14,-1.3487215,3.562798,2.4304812,-1.1141615,0.9816505,0.15092993,0.35834843,-0.67164505,-1.479601,-1.8019884,0.5313928,0.8744174,-1.0554433,-1.988689,12.74554,-0.46533152,1.3547667,0.67954206,-0.20356363,0.32887998,-0.46860608,0.10731834,0.88124245,-0.45469606,0.66983736,-0.3112733,0.6235441,0.24956414,0.39524275,0.18009457,0.5198841,0.37754583,0.09105897,-0.5083194,0.185219,-0.23702748,-0.025648503,0.12812397,-0.38897157,0.34175444,0.043937095,-0.24949637,-0.0944186,-0.028522529,0.033023335,0.10080731,-0.18624198,0.06357548,0.1449677,-0.01844016,0.020401243,-0.09634903,0.05091791,-0.11061531,0.09182742,0.107819244,-0.046425313,-0.04007687,0.03757158,-0.04601155,0.16613981,0.044099696,0.24380597,-0.12672184,0.08181168
15,0.365893,2.7198782,-1.3049263,1.5321418,1.4098897,-1.0279634,-0.24918556,-0.44542485,-1.5727011,1.2017167,1.398837,0.56736255,0.47987586,-1.1213343,-0.46533152,12.921333,1.2243403,0.9261025,1.0640414,-0.12607487,0.47573185,0.24941906,0.62895715,-0.71080196,-0.29863685,0.49267867,-0.09197776,0.13806817,0.14551753,-0.03910172,0.09564042,0.01858871,0.12294543,0.15058036,0.28235966,0.16864145,0.22862202,-0.3592485,0.00851493,-0.14281757,-0.14392921,-0.007055888,-0.30769414,0.2550027,0.19630049,0.0024393757,0.25072214,0.19138409,-0.2495996,-0.15195042,0.2427353,0.22806819,-0.050071172,0.055599853,0.011337608,0.024383169,0.07333063,-0.08519538,0.060740627,0.16256441,-0.041152194,-0.09044419,0.11903341,-0.024358585,-0.050760888
16,2.1492505,-3.9661045,-0.5338117,0.8383145,-1.6457734,-0.049621634,1.1658171,0.51654685,1.8973193,-0.03543497,-1.6665697,-0.9210013,0.9038522,0.8734706,1.3547667,1.2243403,11.016273,-0.4102922,-1.0111513,-0.24185494,0.6063918,-0.4975605,-1.0782083,0.12648481,-0.097852044,0.022839416,-0.29954958,-0.012119109,-0.2920826,-0.105505355,-0.097897425,-0.7148191,-0.0962653,-0.06726709,-0.048294745,0.37567538,-0.19338524,0.12346931,0.2577252,-0.2039508,0.14274067,-0.2695917,0.4207489,0.24064746,-0.39753255,-0.09759851,-0.012174558,0.11445142,0.07174979,-0.0019466595,-0.11517342,0.00894672,0.08043374,0.13067198,-0.18258752,0.04709091,-0.14964986,-0.007868694,-0.03175867,-0.2070331,-0.061608396,0.10890132,0.066629976,-0.017188556,0.022018515
17,-1.6486337,-0.56911004,0.057824858,-0.012271121,-1.5184464,1.8997141,-1.2899157,0.12503842,1.5831946,0.48302364,1.1746988,0.17377712,0.38582152,0.9421158,0.67954206,0.9261025,-0.4102922,11.295957,0.6579894,0.60668993,-0.76245403,0.04567179,-0.44649428,0.5105259,0.057088584,-0.016850721,0.329624,-0.17278333,0.31006843,-0.042417802,-0.22181427,0.047482353,0.3672409,0.07731207,0.29398566,-0.38986123,-0.25900137,0.2616604,0.3195851,-0.10439394,0.10535161,0.19815066,0.1753794,0.07905592,-0.10616949,-0.017999783,-0.05713363,-0.22162208,-0.04744415,0.031508766,-0.15730965,-0.27409756,0.1615029,0.055219747,-0.0023914282,0.01613589,0.09179102,-0.02490338,-0.017517913,-0.14044729,0.020443752,0.07376948,-0.13707106,0.07247232,0.14632279
18,-0.5419997,-2.1100833,3.3258843,-0.07174267,0.73768663,-6.241313,1.7481995,1.939965,-1.1715202,-1.2682419,-0.387717,-0.31649178,-1.4145999,-0.9910507,-0.20356363,1.0640414,-1.0111513,0.6579894,7.504803,-0.09787281,0.78594905,-0.34373668,-0.34079146,0.20497149,0.114977695,0.12647372,-0.7592876,-0.14790793,0.13653001,0.17120579,-0.20655781,-0.060147367,-0.1644852,0.09142935,0.2418516,0.34317368,-0.21375963,0.44828707,0.10948866,0.1114878,0.07167574,0.21810713,0.015409954,0.061536048,-0.2841931,0.1378927,-0.15896013,-0.16191556,0.26984093,-0.004064234,-0.18876506,0.14750963,-0.079462275,0.07676275,0.10109493,-0.10745317,-0.10619987,0.06491327,-0.20335287,-0.19778052,0.054741878,0.036865428,-0.029736878,-0.08617252,0.013621377
19,-0.09916445,-1.0583885,-0.78065354,-0.8402775,-0.63676393,-0.42776817,0.1974077,0.02564158,0.5481672,-0.27208537,-2.5142016,0.39705032,0.43750286,1.0785427,0.32887998,-0.12607487,-0.24185494,0.60668993,-0.09787281,8.821447,0.28715524,-0.32099703,0.27817282,-0.2982629,-0.79289734,0.5092312,-0.45737213,0.13981083,-0.086474836,0.29972553,0.038553003,0.36396474,0.16747975,-0.17222746,-0.30989867,0.12053041,-0.35141143,-0.28306842,-0.097601,-0.28004977,0.2837367,0.19852427,-0.06567009,0.028848562,0.33171964,-0.23902668,0.021900155,0.29497167,0.12387337,-0.120364115,-0.082501404,0.23870476,-0.036475927,-0.015519273,-0.00836467,0.069211885,-0.07474339,0.11836898,-0.0019444468,-0.083878666,0.03220271,-0.102370635,0.14283414,-0.071145564,-0.049533688
20,-1.5278642,0.52556217,1.7663476,-0.3160441,-0.8039993,3.0413299,-1.2882984,-0.2405321,-1.017894,-0.68321145,-0.29294276,0.74521875,-0.5586084,0.5006138,-0.46860608,0.47573185,0.6063918,-0.76245403,0.78594905,0.28715524,8.215008,-0.5289304,0.019761473,-0.42336345,0.063901275,-0.3720281,0.3589849,-0.3983596,0.17093393,0.3088957,-0.12135343,0.35783035,0.030665485,0.23950584,-0.19350387,-0.31355825,-0.0282338,0.13764077,0.021427603,0.15238401,0.18064533,0.007716487,0.10658376,-0.25588495,0.33332342,0.22688082,-0.1285654,-0.081184216,0.049417257,0.0675652,-0.0120869195,-0.19261017,0.03840775,-0.13407141,-0.06724789,-0.049586512,0.1127395,0.06596258,0.014857553,-0.12825827,0.060182456,0.14036208,-0.04405827,0.060154095,0.11773045
21,0.7543109,-1.4540334,1.1412773,0.6823382,-0.17012852,-0.24314791,0.3580501,0.020999573,-0.1032023,-0.30668986,-0.9846691,0.26402965,-0.28702593,0.38124776,0.10731834,0.24941906,-0.4975605,0.04567179,-0.34373668,-0.32099703,-0.5289304,8.577816,-0.13069688,-0.39380515,-0.14534241,-0.10394995,-0.3096125,-0.3603027,0.13822308,0.39323658,-0.17576462,-0.015945738,-0.115626276,0.2750904,-0.1843371,-0.0521598,-0.08898241,0.19801138,0.024839807,0.023453992,0.22120993,-0.03419043,0.23247774,-0.04726295,0.10515723,0.0948199,-0.11180264,0.11002355,0.08706357,-0.10554572,0.11226173,0.038989644,0.01444721,-0.08509509,-0.12629111,-0.012285238,0.035820436,-0.005208687,0.020286698,-0.095092654,0.001837667,0.08488123,0.1027417,-0.049588505,-0.015247384
22,0.74671596,-2.1945355,0.7216929,0.5812819,-0.06950785,-0.24400206,0.1267046,0.24751867,0.8204142,0.043481622,-0.086834304,-0.20327789,0.1613239,0.47626197,0.88124245,0.62895715,-1.0782083,-0.44649428,-0.34079146,0.27817282,0.019761473,-0.13069688,7.7664332,-0.21365571,-0.14332676,-0.30530864,0.12450161,-0.051521994,-0.19064984,0.048066527,-0.17656282,-0.49440813,0.2188032,-0.006118971,-0.08576107,0.028121088,-0.10124704,0.04091505,0.116461344,-0.24148802,0.032550197,-0.050608307,0.31584248,0.057943925,-0.042605966,0.021265436,-0.05513351,-0.05669845,-0.159686,0.018110454,0.0037409593,-0.079864666,0.003218572,0.06421636,-0.10005695,0.06690954,-0.2143498,0.098243624,0.020773634,-0.086437955,-0.09544812,0.09889361,-0.047513768,-0.00044294368,0.03224074
23,2.224394,-0.43519914,0.88849545,0.34427232,0.67197835,-0.39990258,0.68805957,-0.53238225,-1.5592381,-0.5603411,-0.71169484,0.76745194,0.49051288,-0.5491456,-0.45469606,-0.71080196,0.12648481,0.5105259,0.20497149,-0.2982629,-0.42336345,-0.39380515,-0.21365571,6.5749316,-0.21320763,-0.15523191,0.042430624,-0.085958585,0.12999442,0.14011729,0.18955712,-0.26667175,0.07320395,0.29807013,-0.18524921,0.022791753,0.13621795,-0.09313773,-0.20172507,-0.12160407,0.2139647,-0.13591672,0.1570616,0.24962431,0.21740377,0.056444604,-0.06919782,0.15104952,-0.20849025,0.049852554,0.17666249,0.06431258,-0.009664979,-0.0791095,-0.16626708,0.039702438,-0.039211515,0.027060725,0.06312591,-0.14198473,0.05141673,0.03927385,0.11631246,0.055973724,0.010688689
24,0.85658133,-0.49228483,-0.6352427,-0.094733834,-1.2471611,0.803521,-0.041756727,0.16300601,0.23139986,0.287359,-0.75247836,0.26386464,0.19163805,0.6570735,0.66983736,-0.29863685,-0.097852044,0.057088584,0.114977695,-0.79289734,0.063901275,-0.14534241,-0.14332676,-0.21320763,6.4955077,0.21700443,0.04956317,-0.23486252,0.095825,0.021438863,0.013570743,0.063444465,0.16071683,0.0776705,-0.04314571,0.23652288,0.099263206,0.25967008,0.023748133,-0.072161384,0.051046684,0.29385608,-0.0026288456,0.053449802,0.22780049,0.27112526,-0.0570799,0.13483241,-0.09761478,-0.09050061,-0.05609671,0.16247563,-0.1098957,0.03728821,0.05426737,-0.04716316,-0.11249249,0.0845831,-0.03686819,-0.0077327555,-0.09071595,-0.10501534,0.011245755,0.026184615,-0.09753568
25,0.73866224,-0.8064283,1.1499449,0.1962954,0.12280306,1.00905,0.45919204,-0.70946366,0.78573275,-0.7984822,-0.13504617,0.08703694,-0.65512764,-0.2637936,-0.3112733,0.49267867,0.022839416,-0.016850721,0.12647372,0.5092312,-0.3720281,-0.10394995,-0.30530864,-0.15523191,0.21700443,5.9492598,0.24821013,0.19671655,-0.09583415,0.17096992,0.00876432,0.043527104,-0.028008532,-0.041712545,-0.16265284,-0.16582172,0.06452958,0.18784472,-0.3151616,0.028900217,0.05170901,-0.1241657,0.28821692,-0.19340843,-0.053603806,0.16667396,-0.18769576,-0.06573461,0.01085065,0.097027734,0.16470581,-0.10691857,-0.021478046,-0.012482238,0.047647,0.1159033,-0.11471489,0.055737793,-0.004909879,0.07382329,0.07010494,0.02204834,-0.032041207,0.0035838294,-0.03793987
26,0.85708165,-1.187645,-0.860931,1.895145,-0.7052053,-1.371403,0.9912607,0.27368802,0.18851781,1.1148541,-0.23092721,-0.47926658,-0.008781136,0.12202881,0.6235441,-0.09197776,-0.29954958,0.329624,-0.7592876,-0.45737213,0.3589849,-0.3096125,0.12450161,0.042430624,0.04956317,0.24821013,5.12325,0.2688347,0.2338377,0.29688653,-0.039376635,0.037903205,-0.3342452,0.4311719,-0.064467214,0.04271518,-0.010512991,-0.1150387,-0.08973846,-0.13325313,0.0489134,0.18743715,-0.0121130515,0.12707299,0.0466284,0.01145496,0.003972579,0.015263955,0.229468,-0.17513064,0.14923011,0.14432558,0.055915274,0.0688518,0.039235026,-0.121792085,0.10751102,-0.0928096,0.0017634155,0.044362955,0.13135016,-0.050792225,-0.12523443,-0.016360436,-0.04279954
27,0.09769722,-0.41954404,0.9134362,-0.5033157,0.86927855,-0.9513469,-0.44510108,0.2770692,-0.9394662,-0.118718944,-0.2225475,0.33070233,-0.066038154,0.15699735,0.24956414,0.13806817,-0.012119109,-0.17278333,-0.14790793,0.13981083,-0.3983596,-0.3603027,-0.051521994,-0.085958585,-0.23486252,0.19671655,0.2688347,4.9302187,-0.027105212,-0.029098876,-0.17711096,-0.11661456,0.035481155,0.2746213,-0.053577896,0.011762485,0.05335281,0.1289131,0.28537723,0.14913088,-0.024123833,0.02132278,-0.0044759694,-0.1319314,0.050699346,0.11745928,-0.053085715,0.029053492,-0.09102729,0.07287347,-0.049092222,-0.06370409,-0.06872924,-0.17956242,-0.14119616,-0.101756245,0.11371446,-0.01818224,0.058531523,-0.0960597,-0.16270187,0.06773274,0.046791725,0.0015263034,0.0002763829
28,-0.019819483,-0.26393777,-0.106348366,-0.6113019,0.45634007,0.12932219,-0.2112989,0.21442449,-0.013929064,-0.18351458,-0.5428128,-0.1525338,0.19707681,0.16449499,0.39524275,0.14551753,-0.2920826,0.31006843,0.13653001,-0.086474836,0.17093393,0.13822308,-0.19064984,0.12999442,0.095825,-0.09583415,0.2338377,-0.027105212,4.4061522,-0.14716347,-0.101461016,-0.07287886,-0.065828,-0.055721134,-0.17111237,0.2338165,-0.062972546,-0.32230878,0.067494795,0.015253867,-0.15966159,-0.23091137,0.007295884,-0.2058051,-0.066484906,-0.027046468,0.067950875,0.057562485,-0.053649858,0.13303685,-0.04729472,-0.045041915,-0.11403678,0.005202858,-0.088718385,0.03995288,-0.09268828,0.08683343,0.03996203,0.05323984,-0.07878515,0.04879684,-0.005151366,0.009214649,-0.027902517
29,0.6758957,0.42867437,-0.32284248,-0.85126483,-0.17818807,0.14637765,0.19181249,0.22236148,-0.28973103,0.17537731,-0.043006964,-0.2651739,0.47369576,-0.11060872,0.18009457,-0.03910172,-0.105505355,-0.042417802,0.17120579,0.29972553,0.3088957,0.39323658,0.048066527,0.14011729,0.021438863,0.17096992,0.29688653,-0.029098876,-0.14716347,3.758062,0.10387045,-0.253851,0.035267875,-0.089696474,-0.013804467,0.15400946,0.21202153,-0.06031295,0.047904313,0.112451285,-0.071982555,-0.09660444,-0.06753421,0.10388981,-0.14471927,-0.037490748,0.09741162,-0.03774614,-0.09275093,0.12783593,-0.16000307,0.0055066934,-0.0024619019,-0.0016118453,-0.035579078,-0.049281105,0.029065039,-0.024562843,-0.008149045,-0.0031365259,-0.09603199,-0.030908603,-0.03149886,0.12878162,-0.025105732
30,-1.6352438,-0.30792528,0.7814879,0.99986696,0.97060764,-1.0815312,-1.0123937,0.30407566,0.10586747,0.25998074,0.3239044,0.22420761,-0.7995589,0.3503107,0.5198841,0.09564042,-0.097897425,-0.22181427,-0.20655781,0.038553003,-0.12135343,-0.17576462,-0.17656282,0.18955712,0.013570743,0.00876432,-0.039376635,-0.17711096,-0.101461016,0.10387045,3.472512,0.07985422,0.013636708,0.060944203,-0.06199731,-0.02435674,-0.17592399,0.025324874,0.2605793,-0.093441576,0.08117859,0.030023571,0.04786083,-0.19679223,0.013757353,-0.12612888,0.15184209,-0.105916455,-0.015075008,-0.072204456,0.0045081954,-0.011610853,-0.0474212,0.072821744,-0.022126658,-0.011092037,-0.026122425,0.11217137,0.02431199,0.07330546,-0.0814784,0.114222296,0.006593654,-0.03725914,-0.0006319864
31,1.9640193,-1.0123359,-0.017885532,0.110138595,0.19024046,-0.5296137,0.73697245,0.08458258,-0.1707269,0.29673988,-0.26321688,-0.37219673,0.5660405,0.06363376,0.37754583,0.01858871,-0.7148191,0.047482353,-0.060147367,0.36396474,0.35783035,-0.015945738,-0.49440813,-0.26667175,0.063444465,0.043527104,0.037903205,-0.11661456,-0.07287886,-0.253851,0.07985422,3.2155197,0.0040564747,0.027406307,-0.14152434,0.100982845,0.17635123,-0.021187456,0.06724414,-0.029208172,0.002896815,-0.18220842,0.14478691,0.2021243,-0.08690183,-0.06458603,0.023386374,0.035200275,-0.15037513,0.008328348,-0.012720342,0.02575211,0.041379616,-0.042954408,-0.15423493,-0.012964552,-0.034434475,-0.03803935,0.06344284,-0.055886857,-0.11873067,0.02782502,0.025821071,0.06543291,-0.007153145
32,1.1889288,-0.52913386,-1.4370892,-0.10274343,0.28149116,0.5749221,-0.5767978,-0.12259436,-0.59870464,-0.32721373,-0.20187883,-0.037845243,-0.04675763,0.4586708,0.09105897,0.12294543,-0.0962653,0.3672409,-0.1644852,0.16747975,0.030665485,-0.115626276,0.2188032,0.07320395,0.16071683,-0.028008532,-0.3342452,0.035481155,-0.065828,0.035267875,0.013636708,0.0040564747,2.7819092,0.09368018,-0.19667435,0.023812575,0.17568246,0.091483384,-0.22419426,-0.05800274,-0.049818035,-0.072462566,-0.07199927,-0.036497895,-0.053278327,-0.119845085,0.10030412,0.120341316,0.048688337,0.015655752,0.056319527,0.01409471,-0.014717443,-0.0612334,-0.021643378,-0.13440259,0.070549145,-0.007500574,0.020275652,-0.04965707,0.21150553,0.04773596,-0.042858403,0.020842962,-0.048403516
33,-1.018662,0.31561303,-0.05738325,-0.7120975,0.34027123,0.5233606,-0.43593246,-0.31357202,0.90899634,-0.6365591,-0.26935977,-0.16687378,-0.47731805,0.16337767,-0.5083194,0.15058036,-0.06726709,0.07731207,0.09142935,-0.17222746,0.23950584,0.2750904,-0.006118971,0.29807013,0.0776705,-0.041712545,0.4311719,0.2746213,-0.055721134,-0.089696474,0.060944203,0.027406307,0.09368018,2.4193997,0.03180031,-0.051728293,-0.008918808,0.1086206,-0.08702585,-0.12168775,0.04471938,-0.028699279,-0.0319468,-0.032403566,-0.055518117,-0.21626042,0.10679284,0.05277545,0.022785112,-0.041095436,-0.07165061,0.073039025,0.064502515,0.010022622,0.11574794,0.13100141,-0.115840405,0.049387567,-0.08219029,0.012634823,-0.054415815,-0.019272387,0.12749378,-0.073098704,0.0012461944
34,0.97996414,-0.66664135,0.36556938,-0.60665166,0.25828636,0.41070002,0.2593686,-0.20396674,-0.40802747,-0.21900085,-1.1580163,-0.058117665,-0.19986255,0.7020842,0.185219,0.28235966,-0.048294745,0.29398566,0.2418516,-0.30989867,-0.19350387,-0.1843371,-0.08576107,-0.18524921,-0.04314571,-0.16265284,-0.064467214,-0.053577896,-0.17111237,-0.013804467,-0.06199731,-0.14152434,-0.19667435,0.03180031,2.4548163,-0.06905545,0.0869676,-0.06142381,-0.13313739,0.052187383,0.15543419,-0.08050376,0.1172975,-0.15964559,0.23025952,-0.12664092,-0.040361933,-0.00911776,-0.013835449,-0.015755827,0.0014033549,0.0385364,-0.013928745,-0.121825814,-0.08325054,-0.05785348,-0.03106724,0.1197733,0.11309202,0.06437977,-0.044035584,-0.013677496,-0.009503532,0.086775035,-0.036363848
35,-0.36381513,-0.02616304,0.699826,-0.34202573,0.6019052,-0.16644211,-0.51166475,-0.3166921,0.3092728,-0.12741135,0.5721017,0.41116333,-0.26844904,0.26740003,-0.23702748,0.16864145,0.37567538,-0.38986123,0.34317368,0.12053041,-0.31355825,-0.0521598,0.028121088,0.022791753,0.23652288,-0.16582172,0.04271518,0.011762485,0.2338165,0.15400946,-0.02435674,0.100982845,0.023812575,-0.051728293,-0.06905545,2.3765256,-0.07235313,0.10446042,-0.17140107,-0.113166526,0.12632191,0.116686985,0.103124976,-0.018941123,0.07871407,-0.13449675,-0.05629056,-0.047825128,-0.040428773,-0.029052114,0.05680589,-0.05283884,0.09256661,-0.10746655,0.0137684345,0.03594861,0.069739684,-0.0015135005,0.027206257,-0.024824725,0.071675085,-0.009350295,-0.0258828,0.02389903,0.019026227
36,-1.5383795,0.06508647,0.45978463,-0.15760908,-0.08178978,-0.39192632,-0.4951737,0.40526533,0.3128127,-0.11113478,0.24680907,0.2816689,0.048900694,0.2809015,-0.025648503,0.22862202,-0.19338524,-0.25900137,-0.21375963,-0.35141143,-0.0282338,-0.08898241,-0.10124704,0.13621795,0.099263206,0.06452958,-0.010512991,0.05335281,-0.062972546,0.21202153,-0.17592399,0.17635123,0.17568246,-0.008918808,0.0869676,-0.07235313,2.3586848,-0.102939576,0.16817777,-0.06972106,0.036087215,-0.0005176326,0.0383861,-0.053655595,0.023795556,-0.11298714,-0.029166237,-0.009699574,0.030631823,-0.07225235,-0.08019008,-0.07783759,-0.007963326,0.061318215,-0.04161615,0.07284109,-0.05996764,0.07258923,0.035542257,-0.050591875,0.059294097,0.06532726,0.025008354,-0.07400845,0.081348434
37,-0.26778096,0.6435206,-0.37646788,0.08574775,0.33543378,-0.17315385,-0.076481074,0.13713333,-0.297684,0.57731545,-0.031406645,0.014321379,0.5688833,-0.1757217,0.12812397,-0.3592485,0.12346931,0.2616604,0.44828707,-0.28306842,0.13764077,0.19801138,0.04091505,-0.09313773,0.25967008,0.18784472,-0.1150387,0.1289131,-0.32230878,-0.06031295,0.025324874,-0.021187456,0.091483384,0.1086206,-0.06142381,0.10446042,-0.102939576,2.0164359,0.036252115,-0.058031566,-0.1309857,-0.15360034,-0.07820937,-0.015772937,0.037573863,-0.07929523,0.087153725,0.05884342,-0.025982307,0.059274323,0.0027360728,-0.05365345,-0.033901766,0.018483303,-0.09619195,0.009575559,-0.007772878,-0.0016085665,0.09680292,0.035858296,-0.019653983,0.0379105,-0.026786711,0.0077076787,0.0088054165
38,1.390577,-0.038610965,0.60591656,-0.4851308,-0.06025477,0.35831487,0.32217658,-0.2359679,0.2814331,-0.34443316,-0.20695549,0.28626412,-0.1455616,-0.25798237,-0.38897157,0.00851493,0.2577252,0.3195851,0.10948866,-0.097601,0.021427603,0.024839807,0.116461344,-0.20172507,0.023748133,-0.3151616,-0.08973846,0.28537723,0.067494795,0.047904313,0.2605793,0.06724414,-0.22419426,-0.08702585,-0.13313739,-0.17140107,0.16817777,0.036252115,1.9451845,-0.06716071,0.03352797,0.008463373,0.13324039,0.0402823,-0.03847601,0.08157793,-0.05563758,0.11326809,0.023732493,0.052623425,0.07698296,0.026181448,0.008378863,-0.065249026,0.027726382,0.0072485968,-0.045999296,-0.031890262,-0.025508652,-0.038071044,0.142883,-0.020188257,-0.03723327,0.056255244,-0.13646907
39,0.16410162,-1.0193638,-0.44459325,0.6680443,0.6892791,-0.7920029,-0.52450866,-0.3807068,0.6569555,0.14045507,0.30845392,0.41262525,0.07580575,0.2759558,0.34175444,-0.14281757,-0.2039508,-0.10439394,0.1114878,-0.28004977,0.15238401,0.023453992,-0.24148802,-0.12160407,-0.072161384,0.028900217,-0.13325313,0.14913088,0.015253867,0.112451285,-0.093441576,-0.029208172,-0.05800274,-0.12168775,0.052187383,-0.113166526,-0.06972106,-0.058031566,-0.06716071,1.758494,0.09915474,0.10832474,0.08515389,0.117921144,0.011872521,-0.18584055,0.08079674,0.09338809,-0.10675402,0.0043759854,0.10925077,0.016707908,0.08020709,0.009189923,0.044825215,0.06367306,-0.01623752,0.045062743,0.02085962,-0.053664856,0.07825284,-0.0071051014,0.0021954868,0.0065254136,0.0153257605
40,-0.24488264,0.6802886,-0.63337606,-0.08518831,-0.019750364,0.32050508,-0.28696245,0.28785595,-0.13411877,0.3121175,0.4747676,-0.2631805,0.17263895,-0.27065516,0.043937095,-0.14392921,0.14274067,0.10535161,0.07167574,0.2837367,0.18064533,0.22120993,0.032550197,0.2139647,0.051046684,0.05170901,0.0489134,-0.024123833,-0.15966159,-0.071982555,0.08117859,0.002896815,-0.049818035,0.04471938,0.15543419,0.12632191,0.036087215,-0.1309857,0.03352797,0.09915474,1.8844557,-0.05903088,-0.13495451,-0.07033183,-0.09910467,0.13814205,0.03946641,0.03551232,0.0004557813,0.024378024,-0.025181403,-0.03051696,-0.0902714,0.028485931,-0.028094927,-0.013317645,-0.009330953,-0.066274725,-0.016802628,0.024725795,-0.023072585,0.02962055,-0.050510652,-0.052871905,-0.032160297
41,0.44472188,0.2806025,0.1481719,0.022148829,0.13883847,0.5657377,0.15602693,-0.053737484,-0.22099124,-0.22098064,-0.30755985,-0.11111039,0.18286853,-0.30691954,-0.24949637,-0.007055888,-0.2695917,0.19815066,0.21810713,0.19852427,0.007716487,-0.03419043,-0.050608307,-0.13591672,0.29385608,-0.1241657,0.18743715,0.02132278,-0.23091137,-0.09660444,0.030023571,-0.18220842,-0.072462566,-0.028699279,-0.08050376,0.116686985,-0.0005176326,-0.15360034,0.008463373,0.10832474,-0.05903088,1.6704662,0.06449364,-0.037374794,-0.115806475,-0.013916465,0.035869174,0.06195721,-0.006684904,0.035584413,-0.008003365,-0.04620088,-0.030924551,0.004303415,-0.12689337,0.034304187,-0.044141307,-0.016017314,0.059526987,-0.001190342,-0.024568742,0.08334665,0.06823554,-0.016007204,-0.0020642814
42,-0.8411412,0.95430183,-1.203259,-0.37002757,0.1050141,0.18499523,-0.45437396,0.14259869,-0.62883854,0.1169732,0.17344108,-0.21047986,0.124217674,0.038026836,-0.0944186,-0.30769414,0.4207489,0.1753794,0.015409954,-0.06567009,0.10658376,0.23247774,0.31584248,0.1570616,-0.0026288456,0.28821692,-0.0121130515,-0.0044759694,0.007295884,-0.06753421,0.04786083,0.14478691,-0.07199927,-0.0319468,0.1172975,0.103124976,0.0383861,-0.07820937,0.13324039,0.08515389,-0.13495451,0.06449364,1.6394979,-0.012800602,0.049423255,-0.05823138,0.105526134,-0.0105051305,0.02334873,-0.018790588,-0.05773487,0.045807406,-0.04676278,0.023144834,0.04131507,-0.042735808,0.057442177,-0.030336935,-0.0468162,0.022781275,0.0012730695,-0.022773808,-0.0058182636,-0.047816887,0.025758184
43,-0.92729175,0.18044978,0.52343184,-0.31916213,0.33451247,0.3600687,-0.39334586,0.015372027,0.08481783,-0.21613047,-0.28907037,-0.011908377,-0.60457313,0.2530824,-0.028522529,0.2550027,0.24064746,0.07905592,0.061536048,0.028848562,-0.25588495,-0.04726295,0.057943925,0.24962431,0.053449802,-0.19340843,0.12707299,-0.1319314,-0.2058051,0.10388981,-0.19679223,0.2021243,-0.036497895,-0.032403566,-0.15964559,-0.018941123,-0.053655595,-0.015772937,0.0402823,0.117921144,-0.07033183,-0.037374794,-0.012800602,1.5653656,0.06799431,0.058045037,-0.027270567,-0.028287645,0.0613465,0.007820257,-0.007538136,-0.052427087,-0.07776296,-0.042697273,0.010469723,0.011184093,-0.030764654,0.06164234,0.026072687,0.09428434,-0.05461592,0.03235688,-0.011705775,-0.045181677,-0.019617237
44,0.3640502,-0.29571095,0.024198528,0.155628,-0.081100404,-0.34138244,0.20032987,0.1416631,0.62173593,-0.051810406,0.19769585,-0.18137044,0.115590364,-0.43901658,0.033023335,0.19630049,-0.39753255,-0.10616949,-0.2841931,0.33171964,0.33332342,0.10515723,-0.042605966,0.21740377,0.22780049,-0.053603806,0.0466284,0.050699346,-0.066484906,-0.14471927,0.013757353,-0.08690183,-0.053278327,-0.055518117,0.23025952,0.07871407,0.023795556,0.037573863,-0.03847601,0.011872521,-0.09910467,-0.115806475,0.049423255,0.06799431,1.325897,0.048389245,0.03932509,0.0292354,0.037481394,0.08648807,-0.02519035,-0.047059886,0.0006854024,0.050484844,-0.013461314,0.030539397,-0.0019916864,-0.091759965,-0.05624063,-0.04837941,0.01632538,0.046227723,0.0017327871,-0.016121842,-0.04165867
45,-0.39691797,-0.28755605,-0.7870389,-0.37015656,0.87067294,-0.5299319,-0.52088356,-0.21440426,-0.014471688,-0.17879027,-0.046660043,0.028763726,0.15430038,0.58566713,0.10080731,0.0024393757,-0.09759851,-0.017999783,0.1378927,-0.23902668,0.22688082,0.0948199,0.021265436,0.056444604,0.27112526,0.16667396,0.01145496,0.11745928,-0.027046468,-0.037490748,-0.12612888,-0.06458603,-0.119845085,-0.21626042,-0.12664092,-0.13449675,-0.11298714,-0.07929523,0.08157793,-0.18584055,0.13814205,-0.013916465,-0.05823138,0.058045037,0.048389245,1.0863744,0.13966697,-0.01805484,-0.0652089,-0.03687124,-0.025048781,0.024658982,0.0790451,-0.020030458,-0.008160686,0.026120974,0.026317377,0.065475956,0.038068533,-0.016432613,0.038603816,-0.0040820846,0.05617387,0.002170355,0.06687237
46,0.45972556,-0.3145787,0.6043999,-0.1989848,-0.3732868,0.015981553,0.6622967,-0.13454908,0.1181007,-0.24685104,-0.1263493,0.05404559,-0.020248957,-0.16758123,-0.18624198,0.25072214,-0.012174558,-0.05713363,-0.15896013,0.021900155,-0.1285654,-0.11180264,-0.05513351,-0.06919782,-0.0570799,-0.18769576,0.003972579,-0.053085715,0.067950875,0.09741162,0.15184209,0.023386374,0.10030412,0.10679284,-0.040361933,-0.05629056,-0.029166237,0.087153725,-0.05563758,0.08079674,0.03946641,0.035869174,0.105526134,-0.027270567,0.03932509,0.13966697,1.2668285,-0.033620566,0.029207338,0.027083742,0.03088192,-0.051993452,0.010319421,-0.043428026,0.020435221,0.006023526,-0.009790193,0.0077269203,0.027542476,-0.0014988044,0.018049434,-0.0444443,-0.01971472,0.015521485,0.017271083
47,-0.6155472,0.18038857,0.41847056,0.022652542,-0.12409471,-0.17679372,0.20555973,0.11598129,-0.04742153,0.07420398,0.3078528,-0.17659006,-0.23281279,0.013598526,0.06357548,0.19138409,0.11445142,-0.22162208,-0.16191556,0.29497167,-0.081184216,0.11002355,-0.05669845,0.15104952,0.13483241,-0.06573461,0.015263955,0.029053492,0.057562485,-0.03774614,-0.105916455,0.035200275,0.120341316,0.05277545,-0.00911776,-0.047825128,-0.009699574,0.05884342,0.11326809,0.09338809,0.03551232,0.06195721,-0.0105051305,-0.028287645,0.0292354,-0.01805484,-0.033620566,1.1059517,0.015441191,0.004055055,-0.030161064,-0.045969866,0.02154492,0.03337612,0.062338017,-0.025746815,-0.00048075648,0.037900202,-0.002200173,0.068527795,-0.02852898,-0.022601213,-0.059276424,0.036965363,0.045271937
48,0.41306219,-0.02614829,0.0069420114,-0.26768696,0.64706194,-0.38028613,-0.32243633,-0.0686886,-0.36319202,-0.0029634857,0.4013021,0.28552067,0.27461645,0.05249101,0.1449677,-0.2495996,0.07174979,-0.04744415,0.26984093,0.12387337,0.049417257,0.08706357,-0.159686,-0.20849025,-0.09761478,0.01085065,0.229468,-0.09102729,-0.053649858,-0.09275093,-0.015075008,-0.15037513,0.048688337,0.022785112,-0.013835449,-0.040428773,0.030631823,-0.025982307,0.023732493,-0.10675402,0.0004557813,-0.006684904,0.02334873,0.0613465,0.037481394,-0.0652089,0.029207338,0.015441191,1.0400412,0.037894838,0.01029486,-0.0022732897,-0.008223034,-0.034950003,-0.047250845,0.021560924,-0.008764821,0.037638165,0.03606658,-0.024881618,-0.021417405,-0.007614693,0.0037404862,0.04806942,0.010756571
49,-0.4306086,0.28800392,-0.17911385,0.4645753,-0.22334719,0.10939476,-0.10516889,0.1370315,0.07797254,0.32164222,0.13825148,-0.13402998,-0.17389552,0.22611877,-0.01844016,-0.15195042,-0.0019466595,0.031508766,-0.004064234,-0.120364115,0.0675652,-0.10554572,0.018110454,0.049852554,-0.09050061,0.097027734,-0.17513064,0.07287347,0.13303685,0.12783593,-0.072204456,0.008328348,0.015655752,-0.041095436,-0.015755827,-0.029052114,-0.07225235,0.059274323,0.052623425,0.0043759854,0.024378024,0.035584413,-0.018790588,0.007820257,0.08648807,-0.03687124,0.027083742,0.004055055,0.037894838,0.98165643,0.00080651924,0.07508968,0.0094171185,0.03708356,0.002739381,0.0014063264,-0.022547234,0.00036792774,0.007481923,0.041206125,-0.012713807,-0.0014341273,0.027410708,-0.057142053,0.0035469714
50,-0.6292954,0.44968683,0.20901187,-0.8510331,-0.4866069,0.2612658,-0.29836035,0.5833229,-0.2989592,-0.082855195,-0.08436353,-0.07686907,0.1281299,0.19402368,0.020401243,0.2427353,-0.11517342,-0.15730965,-0.18876506,-0.082501404,-0.0120869195,0.11226173,0.0037409593,0.17666249,-0.05609671,0.16470581,0.14923011,-0.049092222,-0.04729472,-0.16000307,0.0045081954,-0.012720342,0.056319527,-0.07165061,0.0014033549,0.05680589,-0.08019008,0.0027360728,0.07698296,0.10925077,-0.025181403,-0.008003365,-0.05773487,-0.007538136,-0.02519035,-0.025048781,0.03088192,-0.030161064,0.01029486,0.00080651924,0.90647,-0.00602341,-0.028948458,0.018022796,-0.04359387,-0.038320594,-0.018699322,0.02557791,-0.019750275,-0.06355679,-0.022874692,0.026288722,-0.01587068,0.025927134,0.012248728
51,-0.34633714,0.17388526,0.17213476,0.00029844092,0.026411854,0.36665756,-0.27522457,-0.070680186,0.09882106,-0.0495566,0.34711763,0.16663012,0.061688222,-0.13526046,-0.09634903,0.22806819,0.00894672,-0.27409756,0.14750963,0.23870476,-0.19261017,0.038989644,-0.079864666,0.06431258,0.16247563,-0.10691857,0.14432558,-0.06370409,-0.045041915,0.0055066934,-0.011610853,0.02575211,0.01409471,0.073039025,0.0385364,-0.05283884,-0.07783759,-0.05365345,0.026181448,0.016707908,-0.03051696,-0.04620088,0.045807406,-0.052427087,-0.047059886,0.024658982,-0.051993452,-0.045969866,-0.0022732897,0.07508968,-0.00602341,0.9202593,0.004262814,-0.0004008511,-0.01864846,-0.018307712,-0.0039667846,0.011159778,0.054483585,-0.02076799,0.032875203,0.05481139,-0.027870141,0.0071154293,0.035943575
52,-0.076928854,0.19782561,0.02486732,-0.23253524,0.074005865,0.018812854,-0.13468039,0.22126135,-0.252243,-0.061754093,-0.11707351,0.0044490285,-0.041413788,-0.02351541,0.05091791,-0.050071172,0.08043374,0.1615029,-0.079462275,-0.036475927,0.03840775,0.01444721,0.003218572,-0.009664979,-0.1098957,-0.021478046,0.055915274,-0.06872924,-0.11403678,-0.0024619019,-0.0474212,0.041379616,-0.014717443,0.064502515,-0.013928745,0.09256661,-0.007963326,-0.033901766,0.008378863,0.08020709,-0.0902714,-0.030924551,-0.04676278,-0.07776296,0.0006854024,0.0790451,0.010319421,0.02154492,-0.008223034,0.0094171185,-0.028948458,0.004262814,0.90070194,0.013492372,-0.03381532,-0.005154859,-0.039573148,0.012542631,-0.00814401,0.011929471,-0.02082232,0.025453396,-0.006059923,-0.02559049,-0.034069985
