,0,1,2,3,4,5,6,7,8,9,10,11,12,13,14,15,16,17,18,19,20,21,22,23,24,25,26,27,28,29,30,31,32,33,34,35,36,37,38,39,40,41,42,43,44,45,46,47,48,49
0,0.01355204,-0.008150369,-0.0011643614,-0.010443167,-0.001837,0.0024926334,0.00361352,-0.0022978717,0.0016867954,0.0017843437,-0.00029407302,-0.0016746729,-0.0008710217,-7.927776e-06,-0.00045017677,0.0005370168,-6.607706e-05,0.0002627258,-0.00031103875,-0.0005164012,-0.00032791783,-0.00015226769,-0.00025509714,-0.00016390947,9.033318e-05,-3.577538e-05,2.5031735e-05,-3.8857486e-08,-3.3573733e-07,1.7061932e-07,-4.239739e-07,3.9194356e-07,1.1311312e-07,-7.626905e-09,7.2117544e-08,1.1635153e-08,1.323507e-07,1.0573984e-07,-3.5005945e-07,4.2405965e-08,-1.5027425e-07,6.366426e-08,1.0645908e-08,-2.5225722e-07,3.871149e-08,-8.787144e-08,-2.287434e-07,1.783321e-07,4.859743e-08,8.310995e-08
1,-0.008150369,0.0050702184,0.0009496319,0.006216857,0.00093569426,-0.0021890923,-0.0024843782,0.0009064887,-0.0008769764,-0.0011520467,0.00014181306,0.00095728785,0.0005994665,-3.870078e-05,0.00027676031,-0.0003600429,7.8472905e-05,-0.00011191407,0.00018508406,0.00034001732,0.00020191507,7.016498e-05,0.00012377427,9.8017554e-05,-2.3354854e-05,1.2035702e-05,-2.7721271e-05,1.6374219e-07,2.6556216e-07,9.60244e-08,2.6637878e-07,-1.3346894e-07,-8.400236e-08,-9.674201e-09,-6.102847e-08,-1.4952379e-08,-6.4389894e-08,-5.6103424e-08,2.1095408e-07,-1.9207057e-08,8.455796e-08,-3.6289336e-08,-4.070694e-09,1.2774261e-07,-1.8400508e-08,4.18991e-08,1.002086e-07,-9.3726364e-08,-2.0560464e-08,-4.949066e-08
2,-0.0011643614,0.0009496319,0.0007610093,0.00030064216,-0.0003839673,-0.0009306636,-0.0006085279,-0.00053223665,-7.5821436e-06,-0.00039280398,-0.00012980464,0.00024575295,0.00032120297,0.000117437165,8.1714104e-05,-0.00029306597,6.840548e-05,2.3882376e-05,-0.00012720711,4.1430736e-05,-2.24307e-05,9.943989e-06,-2.8457293e-05,-3.792694e-05,7.304161e-05,2.7398155e-05,-4.3081363e-05,-1.0228305e-08,2.751768e-08,5.312685e-08,-1.2086044e-08,2.580278e-07,-1.1839967e-07,5.9294102e-08,-1.5299419e-07,5.8260667e-08,2.0382624e-08,5.1677716e-08,-9.583778e-08,1.1063593e-08,1.3529811e-08,1.3901567e-08,-4.9574673e-08,-2.3192264e-08,1.9139012e-08,1.9282467e-08,-4.5298883e-08,-9.861159e-09,2.053337e-08,-1.9324709e-08
3,-0.010443167,0.006216857,0.00030064216,0.012328359,0.00254254,-0.0007542246,-0.002812195,0.0015402788,-0.0014563242,-0.0017637121,0.0011405535,0.0006929433,0.00042508898,-0.00077012193,-8.828478e-05,0.00011655547,0.0002678015,-0.00050875335,0.00030658106,0.0005184025,0.0002183487,-0.00035208755,0.00052784174,0.0001459395,-6.9311085e-05,-1.1462294e-05,-0.00010371501,-5.134268e-08,-7.907712e-07,4.6953676e-07,3.5526e-07,-4.638914e-08,-5.807525e-09,-2.1246453e-07,-4.357322e-07,-1.7554342e-07,-1.7945604e-07,-2.0851112e-07,4.1245676e-07,4.1277993e-08,1.5020225e-07,-6.681621e-08,-6.3369626e-08,1.17229845e-07,-5.48159e-08,1.9517185e-07,3.6070873e-08,-6.257655e-08,8.6489955e-08,-1.09878755e-07
4,-0.001837,0.00093569426,-0.0003839673,0.00254254,0.0011514565,0.00031355876,-0.0011160554,0.0007189649,-0.00020916961,-7.3808056e-05,0.00023809199,8.1529826e-05,-0.0002295663,-9.295632e-05,-0.0002225424,0.0002670964,-1.0802705e-05,-0.000104658495,0.00016825335,3.174961e-05,-8.519213e-05,-5.0245355e-05,0.00015039355,2.0972988e-05,-8.5172454e-05,1.797842e-05,2.9750205e-05,1.5602106e-07,-1.1116818e-07,-3.5995072e-08,5.90095e-08,-2.0109569e-07,4.1425448e-08,-6.994496e-08,-7.4334197e-09,-2.6304356e-08,-7.078179e-08,-3.4995608e-08,1.2328141e-07,-3.3643428e-08,2.350794e-08,-5.356961e-08,-5.284217e-09,1.1353281e-07,-5.001646e-09,6.215793e-08,8.475372e-08,-2.4024338e-08,-2.6077714e-08,-5.8129546e-09
5,0.0024926334,-0.0021890923,-0.0009306636,-0.0007542246,0.00031355876,0.006160782,0.0015505983,0.0012945799,-0.00090036134,-0.0003752621,-0.00018192621,-9.065207e-05,-0.0003203128,0.00022161932,-0.00041811244,6.931323e-05,0.00020898052,-5.6167173e-05,5.4903972e-05,-0.0004472232,-0.00021129378,-0.00019743436,2.3620407e-05,-4.225684e-05,8.26901e-05,-3.1802017e-05,-9.220176e-06,-7.918818e-07,-1.3220015e-06,1.3376606e-07,1.2391052e-07,3.65552e-07,2.3243607e-07,2.1472987e-07,-6.240647e-08,5.1852616e-08,-7.066961e-08,7.7805886e-08,-1.1418576e-07,6.997696e-08,6.293821e-08,-5.61556e-08,-1.4829821e-07,2.2478822e-08,-2.6466036e-08,2.4715689e-08,-5.5695942e-08,3.8941288e-08,7.7148115e-08,-3.2178882e-08
6,0.00361352,-0.0024843782,-0.0006085279,-0.002812195,-0.0011160554,0.0015505983,0.0035911468,0.00026824814,-3.166524e-05,0.0004732117,0.00016025265,-0.00036284362,-1.13701035e-05,-0.00020725405,0.00029716128,-1.6359812e-05,-0.00011009586,-8.6096334e-05,-0.00022909016,3.7519196e-06,0.00024408114,5.9666596e-05,-4.325984e-05,3.1319141e-06,3.6698661e-06,-2.1739446e-05,-5.4470525e-05,-6.2750865e-07,-4.1570928e-08,-6.202855e-07,-2.174059e-07,-7.2717796e-08,-9.512312e-08,-4.7479553e-08,-4.7374353e-08,-7.652504e-08,5.6427773e-08,-6.546468e-08,-1.1610732e-07,5.5793848e-08,-6.027468e-08,1.2319948e-07,6.427993e-08,-2.2860655e-07,-3.0170227e-08,-4.1780723e-08,-8.208903e-08,3.7945995e-08,6.16194e-08,-2.8443294e-09
7,-0.0022978717,0.0009064887,-0.00053223665,0.0015402788,0.0007189649,0.0012945799,0.00026824814,0.0017967027,-0.00066227117,-3.659557e-05,2.2209313e-05,0.00041635474,-8.305824e-05,0.00012771125,9.4445335e-05,3.2094234e-05,-0.0001299807,-9.270993e-05,0.00013424529,1.2022474e-05,8.6412954e-05,0.0001612867,6.469429e-05,5.776957e-05,-0.00011190846,3.7586575e-05,3.2527976e-05,-1.8987052e-07,1.6788371e-07,-7.283378e-07,1.4279472e-08,-4.0784755e-07,-5.3855864e-08,-7.714148e-09,8.1572836e-08,-6.967395e-09,-5.4224422e-08,-3.708696e-08,8.424136e-08,-3.986282e-08,8.279675e-09,-4.0965364e-09,3.2621166e-08,8.1302744e-08,-2.055181e-08,2.6605345e-08,1.4816509e-07,-6.831077e-08,-4.040733e-08,-9.4781925e-09
8,0.0016867954,-0.0008769764,-7.5821436e-06,-0.0014563242,-0.00020916961,-0.00090036134,-3.166524e-05,-0.00066227117,0.00056354003,0.00044689933,-2.1643944e-05,-0.00020439034,-8.236472e-05,-2.1354479e-06,-9.0482594e-05,0.00010085221,-0.0001122423,4.2366206e-05,-0.00011270873,-3.096673e-05,-6.485509e-05,-3.381142e-05,-2.5494967e-06,3.4889094e-06,-1.5080986e-05,1.06184325e-05,2.1260423e-05,1.7211161e-07,6.831415e-08,4.4723834e-08,-8.781148e-08,1.4581593e-08,1.8511244e-08,-1.5840481e-08,-3.9741765e-09,3.770248e-09,4.834071e-08,5.4978644e-09,-1.4156689e-08,-1.4436679e-08,-1.9726933e-08,-3.993695e-09,1.44602454e-08,-3.7415613e-09,2.4676226e-08,-3.3078833e-09,-5.0525664e-09,1.1901076e-08,-1.8604515e-08,2.8312417e-08
9,0.0017843437,-0.0011520467,-0.00039280398,-0.0017637121,-7.3808056e-05,-0.0003752621,0.0004732117,-3.659557e-05,0.00044689933,0.00070751586,5.327315e-05,-0.00018338018,-0.0001978178,9.163372e-05,3.4794586e-05,0.00012873695,-0.0001671951,-1.3889511e-05,-6.8232475e-05,-3.7724254e-05,-2.205963e-05,2.3918763e-05,-8.9550144e-07,6.216267e-06,-7.433657e-05,2.5540464e-06,6.9908274e-05,-3.321722e-08,9.5788394e-08,-1.0904365e-07,-4.790564e-08,-2.599399e-07,1.4055088e-07,2.679382e-08,1.6743394e-07,3.0605875e-08,3.0398986e-08,-2.0828551e-08,1.3657959e-08,-3.0743205e-08,-3.3308711e-09,-8.328552e-09,3.3385245e-08,6.242096e-08,1.0295856e-08,-2.4026956e-08,7.880111e-08,-1.5804188e-08,-5.3456247e-08,3.8800906e-08
10,-0.00029407302,0.00014181306,-0.00012980464,0.0011405535,0.00023809199,-0.00018192621,0.00016025265,2.2209313e-05,-2.1643944e-05,5.327315e-05,0.00049846846,-0.00019929624,-4.2689593e-05,-6.100147e-05,0.00016807363,4.4095774e-05,0.000101352685,-0.00019443936,-4.574348e-06,0.00010862783,2.2664812e-05,-0.00012600928,8.872911e-05,-4.9999566e-05,-3.4707315e-05,1.7017539e-05,8.557014e-06,-2.690653e-07,-2.6818026e-07,4.630344e-08,5.997996e-09,-1.0868064e-07,9.568541e-08,-4.6792237e-09,-3.213652e-08,5.4851803e-08,-3.512912e-08,-4.8946568e-08,-5.360394e-09,8.459785e-09,3.5123207e-08,1.775234e-08,-3.945187e-08,4.1477822e-08,-3.1072886e-09,5.3283557e-08,2.5547507e-08,-2.3053538e-08,2.180379e-08,-1.5282154e-08
11,-0.0016746729,0.00095728785,0.00024575295,0.0006929433,8.1529826e-05,-9.065207e-05,-0.00036284362,0.00041635474,-0.00020439034,-0.00018338018,-0.00019929624,0.00049520144,0.00017987212,7.8219135e-05,-4.9813603e-05,-0.00018269161,-0.00011271349,-2.0093903e-05,-0.000110906214,7.5657235e-06,-1.4146211e-06,0.00010492879,5.347228e-05,2.0528987e-05,-8.094371e-07,-2.0962405e-05,6.6299344e-06,-1.5218045e-07,5.279548e-09,-3.531288e-10,9.3612854e-08,-4.2483215e-08,4.5612612e-08,9.533263e-08,3.336542e-08,-2.2034596e-09,-4.4292277e-09,1.0653224e-08,8.818182e-09,-9.10763e-09,4.4420972e-08,-3.64111e-08,-1.2888866e-09,6.7087825e-08,-1.0378347e-08,-2.5800198e-08,5.354691e-08,-2.0698604e-08,-4.4871996e-08,-1.4268837e-09
12,-0.0008710217,0.0005994665,0.00032120297,0.00042508898,-0.0002295663,-0.0003203128,-1.13701035e-05,-8.305824e-05,-8.236472e-05,-0.0001978178,-4.2689593e-05,0.00017987212,0.00028111236,5.600744e-05,9.827792e-05,-0.00018331988,-1.8845742e-05,1.155849e-06,-8.335902e-05,1.1102404e-05,7.681202e-05,-7.1402595e-05,2.1562869e-06,6.5753295e-05,3.0033387e-05,4.470341e-06,-1.50466385e-05,-8.512202e-08,-1.8844881e-07,8.7229445e-08,4.108513e-08,1.4639943e-07,1.8452653e-08,5.932366e-08,-7.818352e-08,1.1570338e-08,4.2816687e-08,-6.368827e-09,3.0931545e-08,2.1320464e-08,2.8905598e-08,-7.988076e-10,-2.3967399e-08,-7.887587e-09,1.1424399e-08,3.6122088e-09,-1.6377122e-08,-1.910516e-08,2.241444e-08,-4.1510764e-09
13,-7.927776e-06,-3.870078e-05,0.000117437165,-0.00077012193,-9.295632e-05,0.00022161932,-0.00020725405,0.00012771125,-2.1354479e-06,9.163372e-05,-6.100147e-05,7.8219135e-05,5.600744e-05,0.00038710976,0.00014925102,-0.00016069488,2.181534e-05,-1.3008496e-08,-1.9175739e-05,-8.8639696e-05,-6.077951e-05,-3.176846e-05,-5.46581e-05,-1.7836202e-05,-5.9823224e-06,5.3041855e-05,4.3822904e-05,-1.5155456e-07,-1.4675632e-07,-1.1655115e-07,8.331909e-09,6.055523e-09,7.2519555e-08,1.3366389e-07,3.6449375e-08,1.4297802e-07,1.6302572e-08,4.5877442e-08,-5.5102397e-08,-1.6215282e-08,3.0404543e-08,-9.198061e-09,-6.363529e-08,8.988715e-08,2.8971378e-08,2.5918139e-08,6.353034e-08,-5.321715e-08,-9.512674e-09,5.525675e-09
14,-0.00045017677,0.00027676031,8.1714104e-05,-8.828478e-05,-0.0002225424,-0.00041811244,0.00029716128,9.4445335e-05,-9.0482594e-05,3.4794586e-05,0.00016807363,-4.9813603e-05,9.827792e-05,0.00014925102,0.00036564996,-0.00014412939,8.128205e-05,-4.754051e-05,5.199585e-05,7.246455e-05,0.00010263501,-2.8851548e-07,-6.247461e-05,-1.7863571e-05,-1.3326716e-05,1.86078e-05,2.1719163e-05,-1.7279885e-07,7.1447076e-08,-7.388278e-08,2.2147683e-08,-1.2807953e-07,5.0934815e-08,4.3167105e-08,9.1594586e-08,8.161792e-08,1.5379205e-09,-1.5958816e-08,-1.1469061e-08,-1.4190718e-10,1.35276785e-08,3.317289e-08,-1.05410125e-08,2.4729989e-08,7.4432693e-10,-7.149231e-10,3.7807038e-08,-3.9883467e-08,6.0902976e-09,-4.4336357e-09
15,0.0005370168,-0.0003600429,-0.00029306597,0.00011655547,0.0002670964,6.931323e-05,-1.6359812e-05,3.2094234e-05,0.00010085221,0.00012873695,4.4095774e-05,-0.00018269161,-0.00018331988,-0.00016069488,-0.00014412939,0.00023088245,-3.8183956e-05,2.9275732e-05,8.253822e-05,1.3361383e-06,-1.4192508e-05,-2.716633e-07,2.0683889e-05,2.3033303e-05,-3.089651e-05,1.04783485e-05,-9.441783e-06,2.6002198e-07,1.4591981e-07,-1.5468825e-07,-8.206021e-08,-4.569766e-08,-1.0289571e-07,-1.2446438e-07,-4.548469e-08,-6.992748e-08,-4.679608e-09,-1.769584e-08,4.5130243e-08,-1.2156913e-08,-4.5717496e-08,6.9411796e-09,3.9535735e-08,-4.6432728e-08,1.1153619e-09,1.7846686e-08,-1.5899204e-08,2.0301105e-08,6.383374e-09,4.9658846e-09
16,-6.607706e-05,7.8472905e-05,6.840548e-05,0.0002678015,-1.0802705e-05,0.00020898052,-0.00011009586,-0.0001299807,-0.0001122423,-0.0001671951,0.000101352685,-0.00011271349,-1.8845742e-05,2.181534e-05,8.128205e-05,-3.8183956e-05,0.00015867391,-2.2959064e-05,7.641614e-05,1.5802194e-05,-1.4397068e-05,-3.7090023e-05,-3.114428e-05,-5.681542e-05,2.8223018e-05,-8.874598e-06,-3.1205032e-06,-7.893529e-08,-8.8987534e-08,1.9928056e-07,5.202689e-08,4.2151946e-08,4.678966e-08,2.030066e-08,3.1137795e-08,4.0886526e-08,-3.2059642e-08,1.0617759e-08,-3.5225128e-08,1.2299882e-08,1.26102915e-08,5.503865e-09,-3.0349398e-08,9.823841e-09,-8.076961e-09,2.0542408e-09,-1.9387418e-08,4.88423e-09,1.8176152e-08,-1.3745797e-08
17,0.0002627258,-0.00011191407,2.3882376e-05,-0.00050875335,-0.000104658495,-5.6167173e-05,-8.6096334e-05,-9.270993e-05,4.2366206e-05,-1.3889511e-05,-0.00019443936,-2.0093903e-05,1.155849e-06,-1.3008496e-08,-4.754051e-05,2.9275732e-05,-2.2959064e-05,0.00011544537,6.191706e-05,-4.0108294e-05,1.4885491e-05,3.1232492e-05,-6.436178e-05,4.0757946e-05,1.3277335e-05,2.7348908e-06,-8.331516e-06,2.446141e-07,1.8052941e-07,-4.9468667e-08,-2.896003e-08,6.171281e-08,-8.454396e-08,-4.2553395e-08,-2.285084e-09,-3.5888736e-08,2.3598762e-08,1.5091334e-08,2.6295663e-08,-3.612211e-09,-3.453833e-08,3.5044785e-09,2.7423814e-08,-4.477224e-08,6.5212866e-09,-1.6069656e-08,-2.6383876e-08,1.2077637e-08,4.8440647e-09,7.654718e-09
18,-0.00031103875,0.00018508406,-0.00012720711,0.00030658106,0.00016825335,5.4903972e-05,-0.00022909016,0.00013424529,-0.00011270873,-6.8232475e-05,-4.574348e-06,-0.000110906214,-8.335902e-05,-1.9175739e-05,5.199585e-05,8.253822e-05,7.641614e-05,6.191706e-05,0.00019569501,1.0832437e-05,3.8574548e-05,1.2063649e-05,-6.0321654e-05,1.7424916e-05,-8.797468e-06,-3.3054898e-06,7.965147e-06,2.094929e-07,1.7469773e-07,2.9260917e-08,2.8033185e-08,-6.5244265e-08,-2.1811376e-08,-5.9033916e-08,7.775368e-08,-1.81535e-08,-1.6763243e-08,-6.9293318e-09,5.8803167e-08,-6.4184493e-09,-2.3505955e-08,3.6978265e-09,2.4872246e-08,-7.8078415e-09,-6.442369e-09,-9.7088915e-09,-2.4409159e-11,1.5189068e-09,5.4114295e-09,-5.5519617e-11
19,-0.0005164012,0.00034001732,4.1430736e-05,0.0005184025,3.174961e-05,-0.0004472232,3.7519196e-06,1.2022474e-05,-3.096673e-05,-3.7724254e-05,0.00010862783,7.5657235e-06,1.1102404e-05,-8.8639696e-05,7.246455e-05,1.3361383e-06,1.5802194e-05,-4.0108294e-05,1.0832437e-05,8.514301e-05,4.025178e-05,4.0598698e-05,1.764466e-05,-2.1352516e-05,-1.0859548e-05,-4.771959e-06,-9.858366e-06,-7.3201196e-09,1.452516e-07,-4.5849312e-08,-8.189822e-09,-8.250837e-08,-3.610908e-08,-4.020268e-08,6.038814e-09,-1.5945703e-08,-1.748691e-08,-1.9804155e-08,-5.1655086e-10,-2.2017699e-09,-5.5980314e-09,1.6089913e-08,1.8246112e-08,-1.2404277e-08,-1.0431567e-08,-1.3574504e-10,2.823755e-09,3.702801e-10,-3.20721e-09,-6.8795663e-09
20,-0.00032791783,0.00020191507,-2.24307e-05,0.0002183487,-8.519213e-05,-0.00021129378,0.00024408114,8.6412954e-05,-6.485509e-05,-2.205963e-05,2.2664812e-05,-1.4146211e-06,7.681202e-05,-6.077951e-05,0.00010263501,-1.4192508e-05,-1.4397068e-05,1.4885491e-05,3.8574548e-05,4.025178e-05,0.00010467876,-6.274564e-06,-1.919046e-05,5.2234216e-05,-5.1046127e-06,-1.2743158e-05,-3.401301e-06,3.084574e-08,6.007452e-08,9.7968025e-09,2.2097321e-08,-3.601825e-08,4.9224838e-09,-2.5238514e-08,2.8367827e-08,-3.3778214e-08,1.527506e-08,-3.1235757e-08,6.0985e-08,8.8503525e-09,-4.201523e-09,1.1409689e-08,2.6635316e-08,-2.5621322e-08,-6.483968e-09,-1.7188647e-08,-5.4192935e-09,-3.1978205e-09,8.725381e-09,1.9126283e-09
21,-0.00015226769,7.016498e-05,9.943989e-06,-0.00035208755,-5.0245355e-05,-0.00019743436,5.9666596e-05,0.0001612867,-3.381142e-05,2.3918763e-05,-0.00012600928,0.00010492879,-7.1402595e-05,-3.176846e-05,-2.8851548e-07,-2.716633e-07,-3.7090023e-05,3.1232492e-05,1.2063649e-05,4.0598698e-05,-6.274564e-06,0.00018834702,-2.7297603e-05,-5.2562893e-05,-1.1302351e-05,-4.3307864e-06,-9.34377e-06,6.655753e-08,4.2988478e-07,-2.5620244e-07,-5.1990995e-08,-1.351434e-07,-1.2405766e-07,-4.6924903e-08,5.402331e-08,-2.6566527e-08,-2.5767559e-08,1.572987e-08,-5.3905133e-08,-2.1905958e-08,-3.5539937e-08,1.8647933e-08,4.5555495e-08,-2.584745e-08,-1.5443012e-08,-2.482616e-08,1.3746188e-08,1.0487096e-08,-3.1420118e-08,-2.0638748e-09
22,-0.00025509714,0.00012377427,-2.8457293e-05,0.00052784174,0.00015039355,2.3620407e-05,-4.325984e-05,6.469429e-05,-2.5494967e-06,-8.9550144e-07,8.872911e-05,5.347228e-05,2.1562869e-06,-5.46581e-05,-6.247461e-05,2.0683889e-05,-3.114428e-05,-6.436178e-05,-6.0321654e-05,1.764466e-05,-1.919046e-05,-2.7297603e-05,6.960311e-05,-1.300324e-06,-1.1101697e-05,-3.566322e-06,-1.7703971e-06,-9.174549e-08,-1.3520895e-07,2.4550818e-08,8.591484e-09,-1.0171991e-08,3.1454757e-08,7.866462e-09,-3.9070066e-08,-8.234984e-09,-7.0063844e-09,-1.3223401e-08,5.9452e-09,1.8424057e-09,1.85291e-08,-1.1181561e-08,-9.577163e-09,1.9225702e-08,-2.1875164e-09,1.4095113e-08,9.92463e-09,-1.2996244e-09,-3.8882115e-09,-2.722257e-09
23,-0.00016390947,9.8017554e-05,-3.792694e-05,0.0001459395,2.0972988e-05,-4.225684e-05,3.1319141e-06,5.776957e-05,3.4889094e-06,6.216267e-06,-4.9999566e-05,2.0528987e-05,6.5753295e-05,-1.7836202e-05,-1.7863571e-05,2.3033303e-05,-5.681542e-05,4.0757946e-05,1.7424916e-05,-2.1352516e-05,5.2234216e-05,-5.2562893e-05,-1.300324e-06,8.134537e-05,-5.8153573e-06,1.460938e-06,1.2326622e-06,1.0772504e-07,-6.017116e-08,1.1713411e-08,8.800934e-09,4.04158e-08,4.287997e-09,-1.3945707e-08,-2.3578867e-08,-3.2513228e-08,3.2654917e-08,-1.7489363e-08,7.685526e-08,5.2801825e-09,-2.0077309e-09,-7.839354e-09,1.2265788e-08,-1.2715505e-08,8.186643e-09,-7.952191e-10,-5.0900226e-09,-5.201146e-09,9.876174e-09,8.236883e-09
24,9.033318e-05,-2.3354854e-05,7.304161e-05,-6.9311085e-05,-8.5172454e-05,8.26901e-05,3.6698661e-06,-0.00011190846,-1.5080986e-05,-7.433657e-05,-3.4707315e-05,-8.094371e-07,3.0033387e-05,-5.9823224e-06,-1.3326716e-05,-3.089651e-05,2.8223018e-05,1.3277335e-05,-8.797468e-06,-1.0859548e-05,-5.1046127e-06,-1.1302351e-05,-1.1101697e-05,-5.8153573e-06,2.1373238e-05,-9.258196e-06,-8.130914e-06,-1.5161643e-08,-4.8604832e-08,9.2797976e-08,1.6254504e-08,6.564099e-08,7.681358e-09,1.3078244e-08,-8.950739e-09,-8.4996554e-10,1.321725e-09,8.119745e-09,-1.2295542e-08,8.879414e-09,3.3630227e-09,-1.4093979e-09,-7.828504e-09,-1.0563763e-08,-1.6459121e-09,-6.8654717e-09,-2.0362728e-08,8.642166e-09,7.427895e-09,-2.7454772e-09
25,-3.577538e-05,1.2035702e-05,2.7398155e-05,-1.1462294e-05,1.797842e-05,-3.1802017e-05,-2.1739446e-05,3.7586575e-05,1.06184325e-05,2.5540464e-06,1.7017539e-05,-2.0962405e-05,4.470341e-06,5.3041855e-05,1.86078e-05,1.04783485e-05,-8.874598e-06,2.7348908e-06,-3.3054898e-06,-4.771959e-06,-1.2743158e-05,-4.3307864e-06,-3.566322e-06,1.460938e-06,-9.258196e-06,4.8115053e-05,-1.344332e-05,6.9201434e-08,6.132983e-08,-2.8835223e-07,-9.5458475e-08,3.357653e-08,-1.2728088e-07,-3.643981e-08,-1.05884126e-07,1.793957e-08,1.0274287e-08,1.1930748e-08,-2.6091286e-08,-9.056209e-09,-2.3613154e-08,2.1347958e-08,-9.070431e-09,-2.7121455e-08,1.7512022e-08,4.1274156e-08,-2.2214222e-09,-1.3670595e-08,1.704442e-08,-5.132878e-09
26,2.5031735e-05,-2.7721271e-05,-4.3081363e-05,-0.00010371501,2.9750205e-05,-9.220176e-06,-5.4470525e-05,3.2527976e-05,2.1260423e-05,6.9908274e-05,8.557014e-06,6.6299344e-06,-1.50466385e-05,4.3822904e-05,2.1719163e-05,-9.441783e-06,-3.1205032e-06,-8.331516e-06,7.965147e-06,-9.858366e-06,-3.401301e-06,-9.34377e-06,-1.7703971e-06,1.2326622e-06,-8.130914e-06,-1.344332e-05,2.286719e-05,-5.0171824e-08,-5.3461473e-08,1.2163764e-07,5.1476956e-08,-5.1870103e-08,9.430879e-08,3.9008725e-08,7.634925e-08,1.8006494e-08,-2.3535187e-09,-4.1047876e-09,1.6937836e-08,-2.3129005e-09,1.8674317e-08,-1.5234072e-08,-3.5829486e-09,4.133425e-08,-2.7697251e-09,-1.47852885e-08,2.4025262e-08,-6.5532486e-09,-1.5126847e-08,6.7241235e-09
27,-3.8857486e-08,1.6374219e-07,-1.0228305e-08,-5.134268e-08,1.5602106e-07,-7.918818e-07,-6.2750865e-07,-1.8987052e-07,1.7211161e-07,-3.321722e-08,-2.690653e-07,-1.5218045e-07,-8.512202e-08,-1.5155456e-07,-1.7279885e-07,2.6002198e-07,-7.893529e-08,2.446141e-07,2.094929e-07,-7.3201196e-09,3.084574e-08,6.655753e-08,-9.174549e-08,1.0772504e-07,-1.5161643e-08,6.9201434e-08,-5.0171824e-08,8.899389e-10,6.7120604e-10,-5.230837e-10,-2.243089e-10,1.0078627e-10,-4.393675e-10,-2.7062563e-10,-1.8707019e-10,-1.2944845e-10,4.530537e-11,1.3376594e-11,9.082243e-11,-3.1287e-11,-1.3387373e-10,3.842146e-11,8.818078e-11,-1.5858205e-10,3.1835853e-11,3.7309388e-11,-6.8463714e-11,2.2322037e-11,3.213482e-11,8.459487e-12
28,-3.3573733e-07,2.6556216e-07,2.751768e-08,-7.907712e-07,-1.1116818e-07,-1.3220015e-06,-4.1570928e-08,1.6788371e-07,6.831415e-08,9.5788394e-08,-2.6818026e-07,5.279548e-09,-1.8844881e-07,-1.4675632e-07,7.1447076e-08,1.4591981e-07,-8.8987534e-08,1.8052941e-07,1.7469773e-07,1.452516e-07,6.007452e-08,4.2988478e-07,-1.3520895e-07,-6.017116e-08,-4.8604832e-08,6.132983e-08,-5.3461473e-08,6.7120604e-10,1.4278537e-09,-1.0265055e-09,-3.0328717e-10,-2.8373937e-10,-5.8387706e-10,-3.000491e-10,-1.9746552e-11,-1.0744301e-10,-2.592809e-11,2.5265352e-11,-7.422446e-11,-6.86069e-11,-1.7098656e-10,9.814737e-11,1.5188506e-10,-1.7182993e-10,-7.588313e-12,-8.185298e-12,-8.18806e-12,1.9740064e-11,-3.126178e-11,-4.3083913e-12
29,1.7061932e-07,9.60244e-08,5.312685e-08,4.6953676e-07,-3.5995072e-08,1.3376606e-07,-6.202855e-07,-7.283378e-07,4.4723834e-08,-1.0904365e-07,4.630344e-08,-3.531288e-10,8.7229445e-08,-1.1655115e-07,-7.388278e-08,-1.5468825e-07,1.9928056e-07,-4.9468667e-08,2.9260917e-08,-4.5849312e-08,9.7968025e-09,-2.5620244e-07,2.4550818e-08,1.1713411e-08,9.2797976e-08,-2.8835223e-07,1.2163764e-07,-5.230837e-10,-1.0265055e-09,2.387787e-09,7.3176454e-10,1.5650103e-11,1.0509105e-09,3.6865228e-10,6.465965e-10,8.912272e-12,-4.2673177e-11,-6.019533e-11,1.9898275e-10,7.9150506e-11,2.2389529e-10,-1.7982497e-10,-4.9868942e-11,2.7703062e-10,-7.803345e-11,-2.2199403e-10,1.4117028e-11,5.6909723e-11,-7.6225186e-11,3.5348724e-11
30,-4.239739e-07,2.6637878e-07,-1.2086044e-08,3.5526e-07,5.90095e-08,1.2391052e-07,-2.174059e-07,1.4279472e-08,-8.781148e-08,-4.790564e-08,5.997996e-09,9.3612854e-08,4.108513e-08,8.331909e-09,2.2147683e-08,-8.206021e-08,5.202689e-08,-2.896003e-08,2.8033185e-08,-8.189822e-09,2.2097321e-08,-5.1990995e-08,8.591484e-09,8.800934e-09,1.6254504e-08,-9.5458475e-08,5.1476956e-08,-2.243089e-10,-3.0328717e-10,7.3176454e-10,2.6821512e-10,-7.000302e-11,3.6842496e-10,1.4123225e-10,2.5787544e-10,1.3083152e-11,-2.3311839e-11,-2.4249667e-11,7.808664e-11,1.9947604e-11,8.342067e-11,-6.350945e-11,-1.35761315e-11,1.1848711e-10,-3.046404e-11,-7.8402736e-11,3.4628612e-11,4.7865644e-12,-3.7767137e-11,1.1494372e-11
31,3.9194356e-07,-1.3346894e-07,2.580278e-07,-4.638914e-08,-2.0109569e-07,3.65552e-07,-7.2717796e-08,-4.0784755e-07,1.4581593e-08,-2.599399e-07,-1.0868064e-07,-4.2483215e-08,1.4639943e-07,6.055523e-09,-1.2807953e-07,-4.569766e-08,4.2151946e-08,6.171281e-08,-6.5244265e-08,-8.250837e-08,-3.601825e-08,-1.351434e-07,-1.0171991e-08,4.04158e-08,6.564099e-08,3.357653e-08,-5.1870103e-08,1.0078627e-10,-2.8373937e-10,1.5650103e-11,-7.000302e-11,3.7758702e-10,-1.2631586e-10,-8.880672e-12,-2.4665203e-10,-6.998797e-12,4.3528556e-11,3.3736215e-11,-2.7594954e-11,2.9072137e-11,-1.336627e-11,8.290956e-12,-4.7721167e-11,-8.181317e-11,2.8029428e-11,4.4777994e-11,-9.273725e-11,1.5994874e-11,6.4188724e-11,-1.1510281e-11
32,1.1311312e-07,-8.400236e-08,-1.1839967e-07,-5.807525e-09,4.1425448e-08,2.3243607e-07,-9.512312e-08,-5.3855864e-08,1.8511244e-08,1.4055088e-07,9.568541e-08,4.5612612e-08,1.8452653e-08,7.2519555e-08,5.0934815e-08,-1.0289571e-07,4.678966e-08,-8.454396e-08,-2.1811376e-08,-3.610908e-08,4.9224838e-09,-1.2405766e-07,3.1454757e-08,4.287997e-09,7.681358e-09,-1.2728088e-07,9.430879e-08,-4.393675e-10,-5.8387706e-10,1.0509105e-09,3.6842496e-10,-1.2631586e-10,6.0237076e-10,2.4048694e-10,3.7971218e-10,5.6002186e-11,-2.0806586e-11,-3.808974e-11,9.5057254e-11,2.6679652e-11,1.3335873e-10,-9.39825e-11,-3.6890768e-11,1.9797013e-10,-3.460558e-11,-1.0230096e-10,6.960942e-11,-2.948122e-12,-5.822247e-11,2.4516575e-11
33,-7.626905e-09,-9.674201e-09,5.9294102e-08,-2.1246453e-07,-6.994496e-08,2.1472987e-07,-4.7479553e-08,-7.714148e-09,-1.5840481e-08,2.679382e-08,-4.6792237e-09,9.533263e-08,5.932366e-08,1.3366389e-07,4.3167105e-08,-1.2446438e-07,2.030066e-08,-4.2553395e-08,-5.9033916e-08,-4.020268e-08,-2.5238514e-08,-4.6924903e-08,7.866462e-09,-1.3945707e-08,1.3078244e-08,-3.643981e-08,3.9008725e-08,-2.7062563e-10,-3.000491e-10,3.6865228e-10,1.4123225e-10,-8.880672e-12,2.4048694e-10,1.4491894e-10,1.2839363e-10,6.201657e-11,-3.0424563e-12,5.3765655e-12,-2.7341035e-12,1.0142923e-11,6.434363e-11,-3.816842e-11,-3.9011693e-11,9.440855e-11,-6.4144688e-12,-3.2064715e-11,3.5998586e-11,-1.264781e-11,-2.3545638e-11,7.15957e-12
34,7.2117544e-08,-6.102847e-08,-1.5299419e-07,-4.357322e-07,-7.4334197e-09,-6.240647e-08,-4.7374353e-08,8.1572836e-08,-3.9741765e-09,1.6743394e-07,-3.213652e-08,3.336542e-08,-7.818352e-08,3.6449375e-08,9.1594586e-08,-4.548469e-08,3.1137795e-08,-2.285084e-09,7.775368e-08,6.038814e-09,2.8367827e-08,5.402331e-08,-3.9070066e-08,-2.3578867e-08,-8.950739e-09,-1.05884126e-07,7.634925e-08,-1.8707019e-10,-1.9746552e-11,6.465965e-10,2.5787544e-10,-2.4665203e-10,3.7971218e-10,1.2839363e-10,3.9708964e-10,1.8169018e-11,-3.456815e-11,-2.3024277e-11,6.296014e-11,1.9436038e-13,6.376143e-11,-5.4962333e-11,2.3369504e-11,1.3018239e-10,-4.0225524e-11,-1.11224197e-10,6.708004e-11,5.6401515e-12,-6.990617e-11,2.2395308e-11
35,1.1635153e-08,-1.4952379e-08,5.8260667e-08,-1.7554342e-07,-2.6304356e-08,5.1852616e-08,-7.652504e-08,-6.967395e-09,3.770248e-09,3.0605875e-08,5.4851803e-08,-2.2034596e-09,1.1570338e-08,1.4297802e-07,8.161792e-08,-6.992748e-08,4.0886526e-08,-3.5888736e-08,-1.81535e-08,-1.5945703e-08,-3.3778214e-08,-2.6566527e-08,-8.234984e-09,-3.2513228e-08,-8.4996554e-10,1.793957e-08,1.8006494e-08,-1.2944845e-10,-1.0744301e-10,8.912272e-12,1.3083152e-11,-6.998797e-12,5.6002186e-11,6.201657e-11,1.8169018e-11,7.112568e-11,-4.8435986e-12,1.5353954e-11,-3.9022723e-11,-3.601353e-12,2.1209038e-11,-2.0836687e-12,-3.576625e-11,4.5584383e-11,8.508316e-12,1.45440405e-11,2.5672998e-11,-2.0744236e-11,-2.4147542e-12,-1.5985947e-12
36,1.323507e-07,-6.4389894e-08,2.0382624e-08,-1.7945604e-07,-7.078179e-08,-7.066961e-08,5.6427773e-08,-5.4224422e-08,4.834071e-08,3.0398986e-08,-3.512912e-08,-4.4292277e-09,4.2816687e-08,1.6302572e-08,1.5379205e-09,-4.679608e-09,-3.2059642e-08,2.3598762e-08,-1.6763243e-08,-1.748691e-08,1.527506e-08,-2.5767559e-08,-7.0063844e-09,3.2654917e-08,1.321725e-09,1.0274287e-08,-2.3535187e-09,4.530537e-11,-2.592809e-11,-4.2673177e-11,-2.3311839e-11,4.3528556e-11,-2.0806586e-11,-3.0424563e-12,-3.456815e-11,-4.8435986e-12,2.5141873e-11,-1.772976e-13,1.608915e-11,2.1849256e-12,-6.157078e-12,2.5181016e-12,1.6051765e-12,-1.6055567e-11,9.661828e-12,5.0131687e-12,-7.7688194e-12,-3.4126716e-12,8.167286e-12,4.4148318e-12
37,1.0573984e-07,-5.6103424e-08,5.1677716e-08,-2.0851112e-07,-3.4995608e-08,7.7805886e-08,-6.546468e-08,-3.708696e-08,5.4978644e-09,-2.0828551e-08,-4.8946568e-08,1.0653224e-08,-6.368827e-09,4.5877442e-08,-1.5958816e-08,-1.769584e-08,1.0617759e-08,1.5091334e-08,-6.9293318e-09,-1.9804155e-08,-3.1235757e-08,1.572987e-08,-1.3223401e-08,-1.7489363e-08,8.119745e-09,1.1930748e-08,-4.1047876e-09,1.3376594e-11,2.5265352e-11,-6.019533e-11,-2.4249667e-11,3.3736215e-11,-3.808974e-11,5.3765655e-12,-2.3024277e-11,1.5353954e-11,-1.772976e-13,1.9081705e-11,-3.1670513e-11,-3.4183912e-12,-6.831329e-12,2.9962278e-12,-8.593848e-12,-4.8526795e-12,5.076336e-12,7.0201076e-12,-4.40002e-12,-2.8909946e-14,1.4234241e-12,-1.9933688e-12
38,-3.5005945e-07,2.1095408e-07,-9.583778e-08,4.1245676e-07,1.2328141e-07,-1.1418576e-07,-1.1610732e-07,8.424136e-08,-1.4156689e-08,1.3657959e-08,-5.360394e-09,8.818182e-09,3.0931545e-08,-5.5102397e-08,-1.1469061e-08,4.5130243e-08,-3.5225128e-08,2.6295663e-08,5.8803167e-08,-5.1655086e-10,6.0985e-08,-5.3905133e-08,5.9452e-09,7.685526e-08,-1.2295542e-08,-2.6091286e-08,1.6937836e-08,9.082243e-11,-7.422446e-11,1.9898275e-10,7.808664e-11,-2.7594954e-11,9.5057254e-11,-2.7341035e-12,6.296014e-11,-3.9022723e-11,1.608915e-11,-3.1670513e-11,1.0805111e-10,5.633765e-12,1.3978918e-11,-2.2939121e-11,1.962213e-11,1.9584463e-11,-3.8662706e-12,-2.1513052e-11,9.2219374e-12,-1.8136946e-12,-4.174055e-12,1.1074032e-11
39,4.2405965e-08,-1.9207057e-08,1.1063593e-08,4.1277993e-08,-3.3643428e-08,6.997696e-08,5.5793848e-08,-3.986282e-08,-1.4436679e-08,-3.0743205e-08,8.459785e-09,-9.10763e-09,2.1320464e-08,-1.6215282e-08,-1.4190718e-10,-1.2156913e-08,1.2299882e-08,-3.612211e-09,-6.4184493e-09,-2.2017699e-09,8.8503525e-09,-2.1905958e-08,1.8424057e-09,5.2801825e-09,8.879414e-09,-9.056209e-09,-2.3129005e-09,-3.1287e-11,-6.86069e-11,7.9150506e-11,1.9947604e-11,2.9072137e-11,2.6679652e-11,1.0142923e-11,1.9436038e-13,-3.601353e-12,2.1849256e-12,-3.4183912e-12,5.633765e-12,7.492243e-12,6.9304675e-12,-2.513077e-12,-4.2463828e-12,-2.4474168e-12,-2.2240625e-12,-4.6851342e-12,-9.323656e-12,3.7730435e-12,5.3950525e-12,-9.453118e-13
40,-1.5027425e-07,8.455796e-08,1.3529811e-08,1.5020225e-07,2.350794e-08,6.293821e-08,-6.027468e-08,8.279675e-09,-1.9726933e-08,-3.3308711e-09,3.5123207e-08,4.4420972e-08,2.8905598e-08,3.0404543e-08,1.35276785e-08,-4.5717496e-08,1.26102915e-08,-3.453833e-08,-2.3505955e-08,-5.5980314e-09,-4.201523e-09,-3.5539937e-08,1.85291e-08,-2.0077309e-09,3.3630227e-09,-2.3613154e-08,1.8674317e-08,-1.3387373e-10,-1.7098656e-10,2.2389529e-10,8.342067e-11,-1.336627e-11,1.3335873e-10,6.434363e-11,6.376143e-11,2.1209038e-11,-6.157078e-12,-6.831329e-12,1.3978918e-11,6.9304675e-12,3.632917e-11,-2.1831002e-11,-1.7738425e-11,5.0254086e-11,-6.124251e-12,-1.5226737e-11,1.7894929e-11,-4.999926e-12,-1.1073262e-11,2.5846556e-12
41,6.366426e-08,-3.6289336e-08,1.3901567e-08,-6.681621e-08,-5.356961e-08,-5.61556e-08,1.2319948e-07,-4.0965364e-09,-3.993695e-09,-8.328552e-09,1.775234e-08,-3.64111e-08,-7.988076e-10,-9.198061e-09,3.317289e-08,6.9411796e-09,5.503865e-09,3.5044785e-09,3.6978265e-09,1.6089913e-08,1.1409689e-08,1.8647933e-08,-1.1181561e-08,-7.839354e-09,-1.4093979e-09,2.1347958e-08,-1.5234072e-08,3.842146e-11,9.814737e-11,-1.7982497e-10,-6.350945e-11,8.290956e-12,-9.39825e-11,-3.816842e-11,-5.4962333e-11,-2.0836687e-12,2.5181016e-12,2.9962278e-12,-2.2939121e-11,-2.513077e-12,-2.1831002e-11,2.210665e-11,5.2691827e-12,-3.5751548e-11,4.5447647e-12,1.6417614e-11,-1.1832254e-11,-9.389537e-13,1.2400336e-11,-5.114531e-12
42,1.0645908e-08,-4.070694e-09,-4.9574673e-08,-6.3369626e-08,-5.284217e-09,-1.4829821e-07,6.427993e-08,3.2621166e-08,1.44602454e-08,3.3385245e-08,-3.945187e-08,-1.2888866e-09,-2.3967399e-08,-6.363529e-08,-1.05410125e-08,3.9535735e-08,-3.0349398e-08,2.7423814e-08,2.4872246e-08,1.8246112e-08,2.6635316e-08,4.5555495e-08,-9.577163e-09,1.2265788e-08,-7.828504e-09,-9.070431e-09,-3.5829486e-09,8.818078e-11,1.5188506e-10,-4.9868942e-11,-1.35761315e-11,-4.7721167e-11,-3.6890768e-11,-3.9011693e-11,2.3369504e-11,-3.576625e-11,1.6051765e-12,-8.593848e-12,1.962213e-11,-4.2463828e-12,-1.7738425e-11,5.2691827e-12,3.0165495e-11,-2.2331127e-11,-5.9769394e-12,-1.4777905e-11,-3.238822e-12,8.442993e-12,-7.058595e-12,3.566564e-12
43,-2.5225722e-07,1.2774261e-07,-2.3192264e-08,1.17229845e-07,1.1353281e-07,2.2478822e-08,-2.2860655e-07,8.1302744e-08,-3.7415613e-09,6.242096e-08,4.1477822e-08,6.7087825e-08,-7.887587e-09,8.988715e-08,2.4729989e-08,-4.6432728e-08,9.823841e-09,-4.477224e-08,-7.8078415e-09,-1.2404277e-08,-2.5621322e-08,-2.584745e-08,1.9225702e-08,-1.2715505e-08,-1.0563763e-08,-2.7121455e-08,4.133425e-08,-1.5858205e-10,-1.7182993e-10,2.7703062e-10,1.1848711e-10,-8.181317e-11,1.9797013e-10,9.440855e-11,1.3018239e-10,4.5584383e-11,-1.6055567e-11,-4.8526795e-12,1.9584463e-11,-2.4474168e-12,5.0254086e-11,-3.5751548e-11,-2.2331127e-11,9.6417506e-11,-7.0975717e-12,-2.1540481e-11,4.9476832e-11,-1.483548e-11,-2.9942042e-11,7.6244054e-12
44,3.871149e-08,-1.8400508e-08,1.9139012e-08,-5.48159e-08,-5.001646e-09,-2.6466036e-08,-3.0170227e-08,-2.055181e-08,2.4676226e-08,1.0295856e-08,-3.1072886e-09,-1.0378347e-08,1.1424399e-08,2.8971378e-08,7.4432693e-10,1.1153619e-09,-8.076961e-09,6.5212866e-09,-6.442369e-09,-1.0431567e-08,-6.483968e-09,-1.5443012e-08,-2.1875164e-09,8.186643e-09,-1.6459121e-09,1.7512022e-08,-2.7697251e-09,3.1835853e-11,-7.588313e-12,-7.803345e-11,-3.046404e-11,2.8029428e-11,-3.460558e-11,-6.4144688e-12,-4.0225524e-11,8.508316e-12,9.661828e-12,5.076336e-12,-3.8662706e-12,-2.2240625e-12,-6.124251e-12,4.5447647e-12,-5.9769394e-12,-7.0975717e-12,8.8991635e-12,1.4769996e-11,-1.7557579e-12,-5.648885e-12,6.99799e-12,1.4232911e-14
45,-8.787144e-08,4.18991e-08,1.9282467e-08,1.9517185e-07,6.215793e-08,2.4715689e-08,-4.1780723e-08,2.6605345e-08,-3.3078833e-09,-2.4026956e-08,5.3283557e-08,-2.5800198e-08,3.6122088e-09,2.5918139e-08,-7.149231e-10,1.7846686e-08,2.0542408e-09,-1.6069656e-08,-9.7088915e-09,-1.3574504e-10,-1.7188647e-08,-2.482616e-08,1.4095113e-08,-7.952191e-10,-6.8654717e-09,4.1274156e-08,-1.47852885e-08,3.7309388e-11,-8.185298e-12,-2.2199403e-10,-7.8402736e-11,4.4777994e-11,-1.0230096e-10,-3.2064715e-11,-1.11224197e-10,1.45440405e-11,5.0131687e-12,7.0201076e-12,-2.1513052e-11,-4.6851342e-12,-1.5226737e-11,1.6417614e-11,-1.4777905e-11,-2.1540481e-11,1.4769996e-11,4.2804125e-11,-5.5108713e-12,-1.0722821e-11,1.9299036e-11,-7.0988536e-12
46,-2.287434e-07,1.002086e-07,-4.5298883e-08,3.6070873e-08,8.475372e-08,-5.5695942e-08,-8.208903e-08,1.4816509e-07,-5.0525664e-09,7.880111e-08,2.5547507e-08,5.354691e-08,-1.6377122e-08,6.353034e-08,3.7807038e-08,-1.5899204e-08,-1.9387418e-08,-2.6383876e-08,-2.4409159e-11,2.823755e-09,-5.4192935e-09,1.3746188e-08,9.92463e-09,-5.0900226e-09,-2.0362728e-08,-2.2214222e-09,2.4025262e-08,-6.8463714e-11,-8.18806e-12,1.4117028e-11,3.4628612e-11,-9.273725e-11,6.960942e-11,3.5998586e-11,6.708004e-11,2.5672998e-11,-7.7688194e-12,-4.40002e-12,9.2219374e-12,-9.323656e-12,1.7894929e-11,-1.1832254e-11,-3.238822e-12,4.9476832e-11,-1.7557579e-12,-5.5108713e-12,4.0126895e-11,-1.5455285e-11,-2.0671732e-11,4.943348e-12
47,1.783321e-07,-9.3726364e-08,-9.861159e-09,-6.257655e-08,-2.4024338e-08,3.8941288e-08,3.7945995e-08,-6.831077e-08,1.1901076e-08,-1.5804188e-08,-2.3053538e-08,-2.0698604e-08,-1.910516e-08,-5.321715e-08,-3.9883467e-08,2.0301105e-08,4.88423e-09,1.2077637e-08,1.5189068e-09,3.702801e-10,-3.1978205e-09,1.0487096e-08,-1.2996244e-09,-5.201146e-09,8.642166e-09,-1.3670595e-08,-6.5532486e-09,2.2322037e-11,1.9740064e-11,5.6909723e-11,4.7865644e-12,1.5994874e-11,-2.948122e-12,-1.264781e-11,5.6401515e-12,-2.0744236e-11,-3.4126716e-12,-2.8909946e-14,-1.8136946e-12,3.7730435e-12,-4.999926e-12,-9.389537e-13,8.442993e-12,-1.483548e-11,-5.648885e-12,-1.0722821e-11,-1.5455285e-11,1.3469301e-11,1.390105e-13,-1.4890251e-13
48,4.859743e-08,-2.0560464e-08,2.053337e-08,8.6489955e-08,-2.6077714e-08,7.7148115e-08,6.16194e-08,-4.040733e-08,-1.8604515e-08,-5.3456247e-08,2.180379e-08,-4.4871996e-08,2.241444e-08,-9.512674e-09,6.0902976e-09,6.383374e-09,1.8176152e-08,4.8440647e-09,5.4114295e-09,-3.20721e-09,8.725381e-09,-3.1420118e-08,-3.8882115e-09,9.876174e-09,7.427895e-09,1.704442e-08,-1.5126847e-08,3.213482e-11,-3.126178e-11,-7.6225186e-11,-3.7767137e-11,6.4188724e-11,-5.822247e-11,-2.3545638e-11,-6.990617e-11,-2.4147542e-12,8.167286e-12,1.4234241e-12,-4.174055e-12,5.3950525e-12,-1.1073262e-11,1.2400336e-11,-7.058595e-12,-2.9942042e-11,6.99799e-12,1.9299036e-11,-2.0671732e-11,1.390105e-13,2.1094518e-11,-5.1030413e-12
49,8.310995e-08,-4.949066e-08,-1.9324709e-08,-1.09878755e-07,-5.8129546e-09,-3.2178882e-08,-2.8443294e-09,-9.4781925e-09,2.8312417e-08,3.8800906e-08,-1.5282154e-08,-1.4268837e-09,-4.1510764e-09,5.525675e-09,-4.4336357e-09,4.9658846e-09,-1.3745797e-08,7.654718e-09,-5.5519617e-11,-6.8795663e-09,1.9126283e-09,-2.0638748e-09,-2.722257e-09,8.236883e-09,-2.7454772e-09,-5.132878e-09,6.7241235e-09,8.459487e-12,-4.3083913e-12,3.5348724e-11,1.1494372e-11,-1.1510281e-11,2.4516575e-11,7.15957e-12,2.2395308e-11,-1.5985947e-12,4.4148318e-12,-1.9933688e-12,1.1074032e-11,-9.453118e-13,2.5846556e-12,-5.114531e-12,3.566564e-12,7.6244054e-12,1.4232911e-14,-7.0988536e-12,4.943348e-12,-1.4890251e-13,-5.1030413e-12,4.093156e-12
