,0,1,2,3,4,5,6,7,8,9,10,11,12,13,14,15,16,17,18,19,20,21,22,23,24,25,26,27,28,29,30,31,32,33,34,35,36,37,38,39,40,41,42,43,44,45,46,47,48,49
0,0.08432385,-0.54331183,0.03764107,-0.1358922,0.02198892,-0.021958083,-0.0043141977,-0.017442195,0.00061720685,-0.012948768,0.0010845106,-0.003942568,-0.0029926533,0.0051579783,0.003754004,0.0018335793,-0.010717973,0.003937294,0.004667768,-0.002408451,0.0017457308,-0.00026823173,-0.00036516474,-9.867738e-05,0.0018593436,-0.0013544257,-0.000108328066,-0.0008189951,-0.0017061045,0.0036151535,0.0005159484,-0.00048493675,-0.00025340402,-0.0021597904,0.00045240606,-0.00044609472,0.00027314952,0.0008305742,0.00052214344,-0.0010595047,0.00020552336,0.00018257162,-0.0006622613,0.0008393121,0.00014700723,-0.00043551854,0.0007377687,0.0003700839,0.00011866606,0.00038642698
1,-0.54331183,4.767095,-0.1010084,0.035920218,-0.12540519,0.0150336195,-0.026828213,0.081249565,-0.06363584,0.06816372,-0.0056951456,0.09654002,-0.00038443258,0.010163959,-0.0016144869,-0.008692662,0.024912404,0.0024350341,0.034959733,-0.012608989,0.0135835875,0.0032895028,-0.009907613,-4.2314074e-05,-0.012130523,0.002368765,-0.006274467,0.01285281,0.0020016513,-0.011755306,0.006555809,-0.005067367,0.004226635,0.009582943,-0.004272919,-0.0027874527,-0.0024347669,-0.0017059667,-0.004105947,0.003986351,0.002828368,-0.0007297266,0.0037801294,-0.0029465437,-0.002610227,-0.0008650799,-0.005128498,-0.0020687075,-0.0021615885,0.00063783675
2,0.03764107,-0.1010084,0.8646588,-0.069062844,-0.053398564,-0.015121944,0.15974247,0.113304615,0.046449758,0.019912295,0.034589954,0.055744834,-0.00962372,-0.08367794,0.0045170356,0.008350404,-0.026923086,-0.01864164,0.028213952,-0.020346265,0.005947983,0.020134041,-0.009582979,-0.0018496137,0.005665532,-0.013306035,0.01609169,-0.0075980537,-0.012458991,-0.0033818963,0.0038553346,-0.005262101,0.003614685,-0.002827615,0.0056683356,0.002562673,-0.0042040767,0.0012046659,-0.0039016716,-0.0006061477,-0.00077457295,0.0004082157,-0.00017462479,-0.00021021948,-0.003969481,-0.0016787465,-0.0021446329,-0.00023796293,0.0007563621,-0.00079086307
3,-0.1358922,0.035920218,-0.069062844,1.1153643,0.020029869,-0.015931534,0.031281337,-0.0022993719,0.013523657,0.00030908303,0.0037140553,-0.013620661,0.00686563,-0.015876383,-0.002159464,0.01383324,-0.010361189,-0.004377722,-0.0020687915,0.0028979243,-0.0018928928,0.0013659201,3.6699734e-05,-0.0022383998,0.0027802284,-0.007084236,0.0043529607,-0.004650197,-0.0031747124,-0.0010086461,0.0027260701,-0.0018863877,0.004304938,-0.0018995835,0.0006775772,0.0014454573,-5.598473e-05,0.00037484436,-0.0027855209,0.0006876422,-0.0016995827,0.0009973296,0.00011912057,0.00023770594,-0.00023641034,0.0014253033,-0.0011681898,-0.0006097554,0.0011587632,-0.0013278879
4,0.02198892,-0.12540519,-0.053398564,0.020029869,0.7461735,0.0035868327,-0.024441965,0.061324503,-0.017392814,0.026596252,0.002089716,0.048858035,-0.015073368,-0.0019738004,-0.0013675942,-0.010868799,0.0085858125,0.009026622,0.017395873,-0.006609517,0.008461127,0.0064844117,0.0009173824,0.0022776623,-0.006550056,0.0005824979,0.00095367106,0.00050357805,0.0064451583,1.4925288e-05,0.001670633,0.0035844878,0.0022783182,0.00442312,-0.0057602217,0.00034506328,-0.0012875733,-0.00056708517,-0.0004745104,0.0021708088,0.004987344,-0.0023557534,0.0018598385,-0.00027418742,0.00045665377,-0.0006775977,-0.0010082965,-0.0020039938,-0.0011922256,0.0032463525
5,-0.021958083,0.0150336195,-0.015121944,-0.015931534,0.0035868327,0.45832035,0.0148623735,-0.0026572288,0.0047668302,-0.011576688,-0.0028793775,-0.0047987644,-0.0024078146,-0.007870847,0.00024743532,0.00654316,-0.004984652,-0.0023578652,-0.0010781393,0.00072600826,-0.0011735144,0.0025121882,-0.0012947515,8.735433e-05,0.00029737118,0.001752611,0.0011744495,-0.0033883746,0.0015885036,0.0009241196,0.0024727667,0.002135087,0.001718075,-0.00096859783,9.550034e-05,0.00066286384,-2.8850514e-05,-0.001570927,-0.00028495453,0.0016173748,-0.0010924905,-0.00067871856,0.0007733052,0.0009795062,0.00054882525,7.357389e-05,0.00033021352,0.00082621025,0.00022336753,0.00014696078
6,-0.0043141977,-0.026828213,0.15974247,0.031281337,-0.024441965,0.0148623735,0.37567875,-0.012796871,-0.024370074,0.0022159424,-0.015685637,0.0027353761,-0.0126025155,0.03264832,9.797459e-05,-0.008716711,0.013946706,0.012608577,-0.0025744368,0.0006558359,0.0010958193,-0.004431621,0.003140639,0.0017426508,-0.0062074712,0.008038774,-0.0068610823,0.0043125064,0.009420161,0.00061823707,-0.0020138691,0.004582165,-0.0013557449,0.003532481,-0.0056629907,-0.00089927844,0.00097322033,-0.0010981314,0.0028439013,0.0010194895,0.0018636754,-0.0021053548,0.00040115337,0.0003151314,0.0013773646,-0.00020757338,0.0012068918,0.00056915975,-0.00083618105,0.0021094047
7,-0.017442195,0.081249565,0.113304615,-0.0022993719,0.061324503,-0.0026572288,-0.012796871,0.28802374,0.009794283,-0.026961338,-0.01648682,-0.040988408,0.007446766,0.017094258,0.009465527,0.0098336805,-0.0046860334,-0.008867867,-0.016064715,0.005170179,-0.013249073,-0.008005209,-0.0033683055,0.0002870698,-0.0034182752,0.003630771,-0.0030349726,0.0019447576,-0.0003888975,-0.00206288,0.0015887478,-0.0018045601,-0.003247057,0.00033242913,0.0006294438,0.00015493849,-5.4950353e-05,-0.00049721706,0.0019682287,0.0018653636,-0.0033942137,0.0003954998,0.00047329793,0.0008630778,-0.0008690083,1.9599396e-05,0.0004649873,0.0025976817,-0.00038267375,-0.0012268861
8,0.00061720685,-0.06363584,0.046449758,0.013523657,-0.017392814,0.0047668302,-0.024370074,0.009794283,0.2344947,0.01660553,-0.009577187,0.027530901,0.0032616407,0.01741063,-0.003949362,-0.0013117953,0.017087873,0.0024826992,0.008859219,-0.0015160865,0.0070651853,-0.00032845122,-0.0053213867,-0.0007849477,-0.0019074301,0.0077166273,-0.008399785,0.0057615787,0.002175013,-0.002851457,0.0015672122,-0.00033983827,0.00077833363,0.0023275171,0.00044354604,-0.0020109187,0.00036889457,-0.0024918714,-0.0007442526,0.0008858379,-0.0006467321,-3.4285145e-05,0.0014792614,-0.0008945059,0.0007535333,0.00036758184,-0.00090613565,0.0002465085,-0.00034574865,-0.00032972268
9,-0.012948768,0.06816372,0.019912295,0.00030908303,0.026596252,-0.011576688,0.0022159424,-0.026961338,0.01660553,0.21732552,0.0059556323,-0.024688374,0.00800788,-0.0054602046,-6.846688e-05,-0.00163283,-0.0042727916,-0.008193736,-0.008321027,0.005466182,-0.004877858,0.0015391579,-0.00010422414,0.0012014785,0.005119586,0.0035012022,0.0012092415,-0.004019009,-0.00075977086,0.005528701,2.3633605e-05,0.0030274496,-0.0025079916,-0.0029394717,0.004579279,-0.0002084292,0.0011686583,-0.0013273649,0.0004900758,3.9673105e-05,-0.0004892302,0.00047467492,0.0004995232,0.0005207233,0.0011753547,0.00010157407,0.0013039785,0.0005928008,-7.976498e-06,0.00020179046
10,0.0010845106,-0.0056951456,0.034589954,0.0037140553,0.002089716,-0.0028793775,-0.015685637,-0.01648682,-0.009577187,0.0059556323,0.20788375,-0.0040601054,0.004371467,0.009409474,0.002799191,0.0075217457,0.001086532,-0.0001533482,-0.0015714054,0.0033164541,-0.0031409983,-0.0035414235,-0.0013434591,-9.838503e-05,-0.005529739,-0.0010836716,-0.0013115605,0.0012112571,0.0009907666,-0.0031192056,0.0031675966,-0.0017841288,0.0018336822,0.0018175043,-0.002513385,0.00038514007,-0.00093807885,-8.735511e-05,-0.00061580434,0.0020783357,-0.00048152913,3.6304038e-05,0.0011340852,0.00025411393,-0.0005632894,0.00058118964,-0.001104552,-1.913105e-05,-0.00022892794,-0.00039536424
11,-0.003942568,0.09654002,0.055744834,-0.013620661,0.048858035,-0.0047987644,0.0027353761,-0.040988408,0.027530901,-0.024688374,-0.0040601054,0.12849869,-0.0014826867,0.00031704112,0.0033784586,0.007107987,-0.012844011,-0.00023894885,-0.015286032,0.005791857,-0.0091218,-0.004340384,0.0051537366,0.00022945882,0.00038940646,-0.0027529977,0.0035751597,-0.00472754,0.00046024146,0.0020353808,-0.00039907976,0.0016197667,-0.0009813369,-0.0017288289,-0.0015302701,0.0019805182,0.00021759281,0.0012353744,0.0014956008,0.00015812065,-0.0013102933,-0.00018072399,-0.001010217,0.0012413529,0.00019339134,0.00017883634,0.0014444888,0.0010117685,0.00045213624,-0.00021544853
12,-0.0029926533,-0.00038443258,-0.00962372,0.00686563,-0.015073368,-0.0024078146,-0.0126025155,0.007446766,0.0032616407,0.00800788,0.004371467,-0.0014826867,0.16414355,-0.0020909556,-0.0030051866,-0.0015662842,-0.001656137,0.005030269,-0.00032194104,0.0033788343,0.0005990786,0.0005864565,0.0048014824,0.00021695212,-0.0003502219,-0.004996433,0.0035464275,-0.002208081,0.0011450509,0.0017777714,3.6071116e-05,0.0007461875,0.0021663634,-0.00016162124,-0.0022483484,0.0009784674,0.00010591677,0.001545751,-0.0007457179,-0.00024855975,0.0021555778,-6.015575e-05,-0.00012800345,1.8756413e-05,0.00048275298,0.00058901706,-0.00027983997,-0.0018080047,0.0003502438,0.0007038162
13,0.0051579783,0.010163959,-0.08367794,-0.015876383,-0.0019738004,-0.007870847,0.03264832,0.017094258,0.01741063,-0.0054602046,0.009409474,0.00031704112,-0.0020909556,0.10571888,-0.001315823,0.0023181364,-0.00836865,-0.0036094296,0.0024137897,-0.0020880539,0.0007985772,0.0043403087,3.3040837e-05,-0.00051207346,0.0027120407,-0.0035391217,0.004508145,-0.0043918993,-0.0019434444,0.0012803595,0.00041790763,0.00061762147,0.0009149532,-0.0013353112,0.0011617478,0.00066153845,-3.4285033e-05,0.00019244809,-0.0008858212,-0.00031785172,-0.000111585825,1.8712954e-05,-0.00053274725,0.00011781763,-0.00020376465,4.6029567e-05,-3.8606504e-05,-0.0005012061,0.00037517893,0.00016528557
14,0.003754004,-0.0016144869,0.0045170356,-0.002159464,-0.0013675942,0.00024743532,9.797459e-05,0.009465527,-0.003949362,-6.846688e-05,0.002799191,0.0033784586,-0.0030051866,-0.001315823,0.11453341,-0.002563857,0.002181465,0.004497383,0.0019333811,0.00028925767,0.0041869367,0.0014424504,0.0020955494,-0.00030282757,0.0025498904,0.0015394189,-0.0006852079,-0.0017540951,0.0012010443,0.002026896,-0.00094647496,0.00244352,0.0002773329,-0.0008833236,0.00016259614,-1.1194967e-05,0.00048615603,-0.0005193911,0.00013181621,-0.000844731,0.00022689617,-0.00032242158,-0.0003544317,1.8818098e-05,0.0010513857,0.00012172559,0.00071992294,-0.00014717696,0.00031588934,0.00032141915
15,0.0018335793,-0.008692662,0.008350404,0.01383324,-0.010868799,0.00654316,-0.008716711,0.0098336805,-0.0013117953,-0.00163283,0.0075217457,0.007107987,-0.0015662842,0.0023181364,-0.002563857,0.085624695,0.0055972887,0.0019380383,0.0024882022,-0.001771138,0.0034421834,0.0012220349,0.0015540707,0.00078556035,0.0031830524,0.0026845194,-0.0012278331,0.0012705739,-8.518301e-05,0.0025036028,-0.0033694436,0.0016471482,-0.0025550278,-0.00032957795,0.0018322449,-0.0011946175,0.0008354563,-5.8284268e-06,0.0007544182,-0.0019430364,0.0012046198,0.00012301716,-0.00081159465,-0.0006740977,0.00056808814,-0.00050401513,0.0009108903,-0.00025736223,-0.0002820656,0.00052138546
16,-0.010717973,0.024912404,-0.026923086,-0.010361189,0.0085858125,-0.004984652,0.013946706,-0.0046860334,0.017087873,-0.0042727916,0.001086532,-0.012844011,-0.001656137,-0.00836865,0.002181465,0.0055972887,0.072723,-0.0015024862,-0.003506042,0.0010086254,-0.0038515618,-7.545548e-05,0.0016694209,-0.0001993083,-0.0009791069,-0.0046936963,0.004025518,-0.0031582355,-0.0007242053,-0.00016286327,0.00095468236,-0.00039070414,0.0009956677,-0.00040182,-0.0014137011,0.0014911308,-0.0006052854,0.0010287971,-0.00026251678,0.00054937706,-0.0001472815,-7.267216e-05,-0.00026643346,0.00062544586,-0.0005165688,0.00015453686,-0.00011413428,-0.00011742234,0.00021915155,1.4884919e-05
17,0.003937294,0.0024350341,-0.01864164,-0.004377722,0.009026622,-0.0023578652,0.012608577,-0.008867867,0.0024826992,-0.008193736,-0.0001533482,-0.00023894885,0.005030269,-0.0036094296,0.004497383,0.0019380383,-0.0015024862,0.0598055,-0.00055303157,-0.0014038722,-0.0038129361,0.0005784181,-0.005135892,0.0003496106,6.826418e-05,0.0025377069,-0.00034367456,0.0018463687,-0.0022481957,-0.0009688786,0.0014651679,-0.0016171138,-0.0015756635,-0.00021197092,0.0030601958,-0.0005823411,-0.00043674983,-0.0008977639,0.00016216768,0.0008580825,-0.0013544031,0.00043044557,0.0008608233,-1.643474e-05,-0.0008817079,-0.00049934787,-0.0003608637,0.0011389314,-0.00035133865,-0.00062102586
18,0.004667768,0.034959733,0.028213952,-0.0020687915,0.017395873,-0.0010781393,-0.0025744368,-0.016064715,0.008859219,-0.008321027,-0.0015714054,-0.015286032,-0.00032194104,0.0024137897,0.0019333811,0.0024882022,-0.003506042,-0.00055303157,0.055615235,0.002023654,-0.0033273497,-0.001482595,0.00092046417,6.91304e-05,-5.372022e-05,-0.00066597504,0.0005723024,-0.0011323751,0.000105139516,0.0007819808,-0.00027722545,0.00012222273,-0.00073884183,-0.00051689864,-0.0003355064,0.00044416235,7.099437e-05,0.00038561475,0.00068020937,5.578084e-05,-0.00042204213,6.186591e-05,-0.00027154165,0.0005784002,0.00019773535,0.00016851218,0.0004122471,0.00032999375,8.3053215e-05,-2.1523825e-05
19,-0.002408451,-0.012608989,-0.020346265,0.0028979243,-0.006609517,0.00072600826,0.0006558359,0.005170179,-0.0015160865,0.005466182,0.0033164541,0.005791857,0.0033788343,-0.0020880539,0.00028925767,-0.001771138,0.0010086254,-0.0014038722,0.002023654,0.053162415,0.00035083425,0.000743233,-0.0007554161,0.000110731504,0.00040706294,-0.0010709958,0.00064014265,0.00087979104,-0.0013889271,-8.4692714e-05,0.0002581521,-0.0013275631,-5.1924293e-05,-0.000120922065,0.0009079851,-0.00013873602,-0.00031135656,0.00050592475,-0.0004259076,-0.00021976072,0.0005215645,0.0004740425,0.00030176376,-0.00016941561,-0.00026834972,-7.555634e-05,-0.00047602435,-0.00045678526,-9.173645e-05,-0.00013557317
20,0.0017457308,0.0135835875,0.005947983,-0.0018928928,0.008461127,-0.0011735144,0.0010958193,-0.013249073,0.0070651853,-0.004877858,-0.0031409983,-0.0091218,0.0005990786,0.0007985772,0.0041869367,0.0034421834,-0.0038515618,-0.0038129361,-0.0033273497,0.00035083425,0.045863878,-0.0016145657,-0.0010905593,0.00020307905,-0.0021277731,-0.0009751864,0.0008397297,0.00035972713,-0.00034785765,-0.0013068112,0.0010167409,-0.0011251584,-0.00046634968,0.0006893865,-0.00054309913,0.00034384345,-0.00045162239,0.0002528213,0.00026574754,0.0009937151,-0.0006134178,2.1531725e-06,0.0002550603,0.000259562,-0.00085357786,-0.00013369301,-0.00032810497,0.00052611245,-0.000250099,-0.00015461729
21,-0.00026823173,0.0032895028,0.020134041,0.0013659201,0.0064844117,0.0025121882,-0.004431621,-0.008005209,-0.00032845122,0.0015391579,-0.0035414235,-0.004340384,0.0005864565,0.0043403087,0.0014424504,0.0012220349,-7.545548e-05,0.0005784181,-0.001482595,0.000743233,-0.0016145657,0.046761896,0.00036762387,-1.3281644e-05,-0.0016502086,-0.0005121764,-0.00044838648,0.00085313554,-0.00015675541,-0.001274976,4.4897934e-05,-0.0008525357,-0.00034067762,0.0006465587,-0.0008761892,0.0002295278,-0.00041473762,0.00058454135,0.00031441776,3.4585315e-05,-0.00029424136,7.892789e-05,-0.00015212919,-2.9989747e-05,-0.00043012237,-7.0850845e-05,1.1952913e-05,0.0002487024,-0.00010204512,-0.00032118097
22,-0.00036516474,-0.009907613,-0.009582979,3.6699734e-05,0.0009173824,-0.0012947515,0.003140639,-0.0033683055,-0.0053213867,-0.00010422414,-0.0013434591,0.0051537366,0.0048014824,3.3040837e-05,0.0020955494,0.0015540707,0.0016694209,-0.005135892,0.00092046417,-0.0007554161,-0.0010905593,0.00036762387,0.03820332,-9.286284e-06,-0.0003423195,0.0018529196,-0.0012772626,0.0020622904,-0.001273605,-0.0012330117,0.0014083704,-0.0016537586,-0.0003404793,0.00011747668,0.0018206448,-0.0006472157,-0.00019523916,-0.00074113975,-0.0003636373,0.0007581217,-0.0007512819,0.00041061966,0.00091311504,-0.00011268146,-0.00043215195,-0.0001124757,-0.00063607265,0.00041645125,-0.00021950675,-0.0004487568
23,-9.867738e-05,-4.2314074e-05,-0.0018496137,-0.0022383998,0.0022776623,8.735433e-05,0.0017426508,0.0002870698,-0.0007849477,0.0012014785,-9.838503e-05,0.00022945882,0.00021695212,-0.00051207346,-0.00030282757,0.00078556035,-0.0001993083,0.0003496106,6.91304e-05,0.000110731504,0.00020307905,-1.3281644e-05,-9.286284e-06,0.03257417,0.00012148513,-0.0001903573,0.00012022564,-5.760375e-05,-0.00013604578,-8.1284394e-05,9.96354e-05,-0.00017600373,0.00022657712,-0.00014676324,6.7107962e-06,6.914312e-05,-4.778856e-05,6.566564e-05,-4.727321e-05,-7.982789e-05,-0.00013664042,3.3172062e-05,6.9569387e-06,7.340955e-05,5.6278375e-05,7.993197e-05,-3.644019e-05,8.489508e-06,0.000106732434,-0.00011528101
24,0.0018593436,-0.012130523,0.005665532,0.0027802284,-0.006550056,0.00029737118,-0.0062074712,-0.0034182752,-0.0019074301,0.005119586,-0.005529739,0.00038940646,-0.0003502219,0.0027120407,0.0025498904,0.0031830524,-0.0009791069,6.826418e-05,-5.372022e-05,0.00040706294,-0.0021277731,-0.0016502086,-0.0003423195,0.00012148513,0.026672404,-0.0013974812,0.00036353935,0.0008408965,0.00060529204,-0.0021929233,0.0015633649,-0.0010160843,0.00092493097,0.0015144222,-0.0021001634,0.00044599763,-0.00080180675,0.00030766538,-0.00020084935,0.0012330142,0.0001166142,-0.00019515732,0.00053494767,8.253343e-05,-0.00071263954,6.6723496e-06,-0.00057627354,7.979161e-07,-0.00025531894,5.2790172e-05
25,-0.0013544257,0.002368765,-0.013306035,-0.007084236,0.0005824979,0.001752611,0.008038774,0.003630771,0.0077166273,0.0035012022,-0.0010836716,-0.0027529977,-0.004996433,-0.0035391217,0.0015394189,0.0026845194,-0.0046936963,0.0025377069,-0.00066597504,-0.0010709958,-0.0009751864,-0.0005121764,0.0018529196,-0.0001903573,-0.0013974812,0.023655087,0.002062995,-0.001080737,7.912521e-05,-0.0010425434,-0.000118007796,-0.00034487405,0.0007471995,0.0002434524,-0.0021483041,0.0010821855,-0.000598412,0.0010347936,0.00019145242,-2.1722128e-05,3.8279126e-05,-0.00031353702,-0.0005286124,0.0003074314,-0.00047539937,-0.00011806628,9.13032e-05,7.383547e-05,0.00018120222,5.3487158e-05
26,-0.000108328066,-0.006274467,0.01609169,0.0043529607,0.00095367106,0.0011744495,-0.0068610823,-0.0030349726,-0.008399785,0.0012092415,-0.0013115605,0.0035751597,0.0035464275,0.004508145,-0.0006852079,-0.0012278331,0.004025518,-0.00034367456,0.0005723024,0.00064014265,0.0008397297,-0.00044838648,-0.0012772626,0.00012022564,0.00036353935,0.002062995,0.02132608,0.001563149,-0.00019624212,-4.709629e-05,0.00013506756,-0.00041466393,-0.00038283417,-8.54634e-05,0.001058619,-0.00063333154,0.00021112886,-0.00044437908,-1.4509598e-05,-5.6217963e-05,-0.0001537686,0.0002724555,0.00033490738,-0.00016579744,0.00023311365,1.3195819e-05,-9.592976e-05,4.3760796e-05,-6.9900416e-05,-0.00024015683
27,-0.0008189951,0.01285281,-0.0075980537,-0.004650197,0.00050357805,-0.0033883746,0.0043125064,0.0019447576,0.0057615787,-0.004019009,0.0012112571,-0.00472754,-0.002208081,-0.0043918993,-0.0017540951,0.0012705739,-0.0031582355,0.0018463687,-0.0011323751,0.00087979104,0.00035972713,0.00085313554,0.0020622904,-5.760375e-05,0.0008408965,-0.001080737,0.001563149,0.01925408,0.0008578595,0.0012467825,5.6689983e-05,0.0016294804,0.00096118776,-0.00064763986,-0.00076755555,0.00063416397,0.00025241458,2.5594002e-06,-0.00015829175,4.1206567e-05,0.00018667335,-0.00032018707,-0.00021509756,0.00035046786,0.0004827994,0.00020345158,0.00037404613,-0.00025013357,0.00028536422,0.00037042936
28,-0.0017061045,0.0020016513,-0.012458991,-0.0031747124,0.0064451583,0.0015885036,0.009420161,-0.0003888975,0.002175013,-0.00075977086,0.0009907666,0.00046024146,0.0011450509,-0.0019434444,0.0012010443,-8.518301e-05,-0.0007242053,-0.0022481957,0.000105139516,-0.0013889271,-0.00034785765,-0.00015675541,-0.001273605,-0.00013604578,0.00060529204,7.912521e-05,-0.00019624212,0.0008578595,0.015808815,-0.0007231276,-0.0005342488,-0.0011537349,-0.0008649586,-0.00029357214,0.0011844283,-0.0002486257,-0.0001635612,0.00014314172,0.00011833038,-0.00048924,-0.0005584537,0.00033710612,-0.00031804742,-0.00015812641,-0.00048661284,-0.00029866854,1.8771076e-05,0.00038568932,-3.68299e-05,-0.0004652969
29,0.0036151535,-0.011755306,-0.0033818963,-0.0010086461,1.4925288e-05,0.0009241196,0.00061823707,-0.00206288,-0.002851457,0.005528701,-0.0031192056,0.0020353808,0.0017777714,0.0012803595,0.002026896,0.0025036028,-0.00016286327,-0.0009688786,0.0007819808,-8.4692714e-05,-0.0013068112,-0.001274976,-0.0012330117,-8.1284394e-05,-0.0021929233,-0.0010425434,-4.709629e-05,0.0012467825,-0.0007231276,0.0135789905,0.001035607,-0.0017824658,0.00024337499,0.00074254064,-0.0005638165,0.00013576724,-0.00077830185,0.0003898837,-8.765914e-05,0.00047107725,-0.00027342813,0.0001569455,0.0003390977,-2.0113404e-05,-0.00067161315,2.850208e-06,-0.00054604583,0.00011288785,-0.000100711695,-0.00037775643
30,0.0005159484,0.006555809,0.0038553346,0.0027260701,0.001670633,0.0024727667,-0.0020138691,0.0015887478,0.0015672122,2.3633605e-05,0.0031675966,-0.00039907976,3.6071116e-05,0.00041790763,-0.00094647496,-0.0033694436,0.00095468236,0.0014651679,-0.00027722545,0.0002581521,0.0010167409,4.4897934e-05,0.0014083704,9.96354e-05,0.0015633649,-0.000118007796,0.00013506756,5.6689983e-05,-0.0005342488,0.001035607,0.0134029845,0.00029713512,-0.00081609475,-0.00050182734,0.0005379273,-0.00015762768,0.0002503474,0.000472509,0.00022988612,-0.00095868844,0.00042404147,0.0002125896,-0.00051118265,-0.00020310574,0.00022420872,-0.00013066217,0.0003715576,-0.00021195186,5.2883148e-05,2.3385408e-05
31,-0.00048493675,-0.005067367,-0.005262101,-0.0018863877,0.0035844878,0.002135087,0.004582165,-0.0018045601,-0.00033983827,0.0030274496,-0.0017841288,0.0016197667,0.0007461875,0.00061762147,0.00244352,0.0016471482,-0.00039070414,-0.0016171138,0.00012222273,-0.0013275631,-0.0011251584,-0.0008525357,-0.0016537586,-0.00017600373,-0.0010160843,-0.00034487405,-0.00041466393,0.0016294804,-0.0011537349,-0.0017824658,0.00029713512,0.011735816,-0.00038186891,0.0003924545,0.000119946606,-5.0143106e-05,-0.00044744645,0.0002414412,1.9309198e-05,0.0001546549,-0.0005805982,0.00023468948,1.8724726e-05,-9.396188e-05,-0.0006526031,-0.00021026502,-0.00033381954,0.00038903768,-0.00010840832,-0.00049933017
32,-0.00025340402,0.004226635,0.003614685,0.004304938,0.0022783182,0.001718075,-0.0013557449,-0.003247057,0.00077833363,-0.0025079916,0.0018336822,-0.0009813369,0.0021663634,0.0009149532,0.0002773329,-0.0025550278,0.0009956677,-0.0015756635,-0.00073884183,-5.1924293e-05,-0.00046634968,-0.00034067762,-0.0003404793,0.00022657712,0.00092493097,0.0007471995,-0.00038283417,0.00096118776,-0.0008649586,0.00024337499,-0.00081609475,-0.00038186891,0.010871497,-0.00018754677,0.0011966566,-0.00048025273,0.00023652357,5.0108578e-05,0.0001323467,-0.00048670004,3.6288689e-06,0.00029248995,-0.0002038935,-0.0002755914,-0.00014973668,-0.00023176716,0.00016183277,9.164261e-05,-0.00013727577,-0.00019047203
33,-0.0021597904,0.009582943,-0.002827615,-0.0018995835,0.00442312,-0.00096859783,0.003532481,0.00033242913,0.0023275171,-0.0029394717,0.0018175043,-0.0017288289,-0.00016162124,-0.0013353112,-0.0008833236,-0.00032957795,-0.00040182,-0.00021197092,-0.00051689864,-0.000120922065,0.0006893865,0.0006465587,0.00011747668,-0.00014676324,0.0015144222,0.0002434524,-8.54634e-05,-0.00064763986,-0.00029357214,0.00074254064,-0.00050182734,0.0003924545,-0.00018754677,0.009956069,0.00065911055,-0.00010733484,0.0003804763,-0.00019416437,-7.535618e-05,-0.0003313002,-0.00015046606,8.4891406e-05,-0.00023662203,4.8364753e-05,0.00030825788,3.494161e-05,0.00018540045,-1.658466e-05,9.583601e-05,-2.3497898e-05
34,0.00045240606,-0.004272919,0.0056683356,0.0006775772,-0.0057602217,9.550034e-05,-0.0056629907,0.0006294438,0.00044354604,0.004579279,-0.002513385,-0.0015302701,-0.0022483484,0.0011617478,0.00016259614,0.0018322449,-0.0014137011,0.0030601958,-0.0003355064,0.0009079851,-0.00054309913,-0.0008761892,0.0018206448,6.7107962e-06,-0.0021001634,-0.0021483041,0.001058619,-0.00076755555,0.0011844283,-0.0005638165,0.0005379273,0.000119946606,0.0011966566,0.00065911055,0.006490104,0.0006996547,-0.0003857962,0.00060741283,-7.1592876e-05,0.00044981262,0.0005122535,-0.0003294581,2.2101482e-05,0.00025471998,-7.685732e-05,0.00022779906,-0.00016853165,-0.00037935493,6.566e-05,0.000291958
35,-0.00044609472,-0.0027874527,0.002562673,0.0014454573,0.00034506328,0.00066286384,-0.00089927844,0.00015493849,-0.0020109187,-0.0002084292,0.00038514007,0.0019805182,0.0009784674,0.00066153845,-1.1194967e-05,-0.0011946175,0.0014911308,-0.0005823411,0.00044416235,-0.00013873602,0.00034384345,0.0002295278,-0.0006472157,6.914312e-05,0.00044599763,0.0010821855,-0.00063333154,0.00063416397,-0.0002486257,0.00013576724,-0.00015762768,-5.0143106e-05,-0.00048025273,-0.00010733484,0.0006996547,0.008426278,2.7341488e-05,-0.00016495449,5.0811723e-05,-0.0001693072,-3.2287458e-06,0.00011761654,0.00012786576,-0.000121063655,8.421097e-05,-9.119848e-05,9.251879e-05,0.00012494976,-6.0341503e-05,-9.0002955e-05
36,0.00027314952,-0.0024347669,-0.0042040767,-5.598473e-05,-0.0012875733,-2.8850514e-05,0.00097322033,-5.4950353e-05,0.00036889457,0.0011686583,-0.00093807885,0.00021759281,0.00010591677,-3.4285033e-05,0.00048615603,0.0008354563,-0.0006052854,-0.00043674983,7.099437e-05,-0.00031135656,-0.00045162239,-0.00041473762,-0.00019523916,-4.778856e-05,-0.00080180675,-0.000598412,0.00021112886,0.00025241458,-0.0001635612,-0.00077830185,0.0002503474,-0.00044744645,0.00023652357,0.0003804763,-0.0003857962,2.7341488e-05,0.007424321,0.00010986398,-0.00014860393,0.00021948192,-4.4100307e-05,-1.1456528e-05,-2.2426559e-05,-7.966488e-05,-0.00029763786,-3.79017e-05,-0.00019579692,-1.2403771e-05,-6.621376e-05,-7.2292474e-05
37,0.0008305742,-0.0017059667,0.0012046659,0.00037484436,-0.00056708517,-0.001570927,-0.0010981314,-0.00049721706,-0.0024918714,-0.0013273649,-8.735511e-05,0.0012353744,0.001545751,0.00019244809,-0.0005193911,-5.8284268e-06,0.0010287971,-0.0008977639,0.00038561475,0.00050592475,0.0002528213,0.00058454135,-0.00074113975,6.566564e-05,0.00030766538,0.0010347936,-0.00044437908,2.5594002e-06,0.00014314172,0.0003898837,0.000472509,0.0002414412,5.0108578e-05,-0.00019416437,0.00060741283,-0.00016495449,0.00010986398,0.0066583133,-0.0001418529,0.00023347225,-1.4308539e-05,2.9755276e-05,0.0003346877,1.6912905e-05,0.00025164688,7.550712e-05,-5.381929e-05,1.1426395e-05,-4.2144497e-05,-3.747536e-06
38,0.00052214344,-0.004105947,-0.0039016716,-0.0027855209,-0.0004745104,-0.00028495453,0.0028439013,0.0019682287,-0.0007442526,0.0004900758,-0.00061580434,0.0014956008,-0.0007457179,-0.0008858212,0.00013181621,0.0007544182,-0.00026251678,0.00016216768,0.00068020937,-0.0004259076,0.00026574754,0.00031441776,-0.0003636373,-4.727321e-05,-0.00020084935,0.00019145242,-1.4509598e-05,-0.00015829175,0.00011833038,-8.765914e-05,0.00022988612,1.9309198e-05,0.0001323467,-7.535618e-05,-7.1592876e-05,5.0811723e-05,-0.00014860393,-0.0001418529,0.0062020915,9.93514e-05,-0.000118120995,-0.0001167586,7.891425e-05,0.00012768869,2.137403e-05,1.4119544e-05,7.69315e-06,0.00011799016,4.8205988e-05,1.9307601e-05
39,-0.0010595047,0.003986351,-0.0006061477,0.0006876422,0.0021708088,0.0016173748,0.0010194895,0.0018653636,0.0008858379,3.9673105e-05,0.0020783357,0.00015812065,-0.00024855975,-0.00031785172,-0.000844731,-0.0019430364,0.00054937706,0.0008580825,5.578084e-05,-0.00021976072,0.0009937151,3.4585315e-05,0.0007581217,-7.982789e-05,0.0012330142,-2.1722128e-05,-5.6217963e-05,4.1206567e-05,-0.00048924,0.00047107725,-0.00095868844,0.0001546549,-0.00048670004,-0.0003313002,0.00044981262,-0.0001693072,0.00021948192,0.00023347225,9.93514e-05,0.0044041798,0.000115814866,0.00013995953,-0.00041897845,-0.00019020743,0.00010018363,-8.831057e-05,0.00025155782,-8.095e-05,6.624546e-05,-6.143989e-05
40,0.00020552336,0.002828368,-0.00077457295,-0.0016995827,0.004987344,-0.0010924905,0.0018636754,-0.0033942137,-0.0006467321,-0.0004892302,-0.00048152913,-0.0013102933,0.0021555778,-0.000111585825,0.00022689617,0.0012046198,-0.0001472815,-0.0013544031,-0.00042204213,0.0005215645,-0.0006134178,-0.00029424136,-0.0007512819,-0.00013664042,0.0001166142,3.8279126e-05,-0.0001537686,0.00018667335,-0.0005584537,-0.00027342813,0.00042404147,-0.0005805982,3.6288689e-06,-0.00015046606,0.0005122535,-3.2287458e-06,-4.4100307e-05,-1.4308539e-05,-0.000118120995,0.000115814866,0.004686947,0.0001979051,0.00017075328,-5.4391853e-06,-9.696972e-05,8.198791e-05,-0.00016565794,9.03195e-05,4.3478758e-05,-0.00025715298
41,0.00018257162,-0.0007297266,0.0004082157,0.0009973296,-0.0023557534,-0.00067871856,-0.0021053548,0.0003954998,-3.4285145e-05,0.00047467492,3.6304038e-05,-0.00018072399,-6.015575e-05,1.8712954e-05,-0.00032242158,0.00012301716,-7.267216e-05,0.00043044557,6.186591e-05,0.0004740425,2.1531725e-06,7.892789e-05,0.00041061966,3.3172062e-05,-0.00019515732,-0.00031353702,0.0002724555,-0.00032018707,0.00033710612,0.0001569455,0.0002125896,0.00023468948,0.00029248995,8.4891406e-05,-0.0003294581,0.00011761654,-1.1456528e-05,2.9755276e-05,-0.0001167586,0.00013995953,0.0001979051,0.0046419185,9.709464e-05,1.8788629e-05,8.438996e-05,7.889598e-05,-4.3106556e-05,-0.0001585132,-3.8823646e-06,0.00010980026
42,-0.0006622613,0.0037801294,-0.00017462479,0.00011912057,0.0018598385,0.0007733052,0.00040115337,0.00047329793,0.0014792614,0.0004995232,0.0011340852,-0.001010217,-0.00012800345,-0.00053274725,-0.0003544317,-0.00081159465,-0.00026643346,0.0008608233,-0.00027154165,0.00030176376,0.0002550603,-0.00015212919,0.00091311504,6.9569387e-06,0.00053494767,-0.0005286124,0.00033490738,-0.00021509756,-0.00031804742,0.0003390977,-0.00051118265,1.8724726e-05,-0.0002038935,-0.00023662203,2.2101482e-05,0.00012786576,-2.2426559e-05,0.0003346877,7.891425e-05,-0.00041897845,0.00017075328,9.709464e-05,0.0041112076,-6.246053e-05,6.251661e-05,-3.068587e-05,0.00018158651,-9.5874595e-05,7.4722426e-05,-3.8935847e-05
43,0.0008393121,-0.0029465437,-0.00021021948,0.00023770594,-0.00027418742,0.0009795062,0.0003151314,0.0008630778,-0.0008945059,0.0005207233,0.00025411393,0.0012413529,1.8756413e-05,0.00011781763,1.8818098e-05,-0.0006740977,0.00062544586,-1.643474e-05,0.0005784002,-0.00016941561,0.000259562,-2.9989747e-05,-0.00011268146,7.340955e-05,8.253343e-05,0.0003074314,-0.00016579744,0.00035046786,-0.00015812641,-2.0113404e-05,-0.00020310574,-9.396188e-05,-0.0002755914,4.8364753e-05,0.00025471998,-0.000121063655,-7.966488e-05,1.6912905e-05,0.00012768869,-0.00019020743,-5.4391853e-06,1.8788629e-05,-6.246053e-05,0.0039782203,-7.895602e-05,-8.591599e-05,6.6416935e-05,7.864726e-05,-3.128875e-05,-6.4761734e-05
44,0.00014700723,-0.002610227,-0.003969481,-0.00023641034,0.00045665377,0.00054882525,0.0013773646,-0.0008690083,0.0007535333,0.0011753547,-0.0005632894,0.00019339134,0.00048275298,-0.00020376465,0.0010513857,0.00056808814,-0.0005165688,-0.0008817079,0.00019773535,-0.00026834972,-0.00085357786,-0.00043012237,-0.00043215195,5.6278375e-05,-0.00071263954,-0.00047539937,0.00023311365,0.0004827994,-0.00048661284,-0.00067161315,0.00022420872,-0.0006526031,-0.00014973668,0.00030825788,-7.685732e-05,8.421097e-05,-0.00029763786,0.00025164688,2.137403e-05,0.00010018363,-9.696972e-05,8.438996e-05,6.251661e-05,-7.895602e-05,0.0034108332,-8.763087e-05,-0.00014849735,8.5367144e-05,-7.737271e-05,-0.00014238458
45,-0.00043551854,-0.0008650799,-0.0016787465,0.0014253033,-0.0006775977,7.357389e-05,-0.00020757338,1.9599396e-05,0.00036758184,0.00010157407,0.00058118964,0.00017883634,0.00058901706,4.6029567e-05,0.00012172559,-0.00050401513,0.00015453686,-0.00049934787,0.00016851218,-7.555634e-05,-0.00013369301,-7.0850845e-05,-0.0001124757,7.993197e-05,6.6723496e-06,-0.00011806628,1.3195819e-05,0.00020345158,-0.00029866854,2.850208e-06,-0.00013066217,-0.00021026502,-0.00023176716,3.494161e-05,0.00022779906,-9.119848e-05,-3.79017e-05,7.550712e-05,1.4119544e-05,-8.831057e-05,8.198791e-05,7.889598e-05,-3.068587e-05,-8.591599e-05,-8.763087e-05,0.0034100583,-3.383085e-05,-6.09634e-05,-5.2747928e-05,-2.2083907e-05
46,0.0007377687,-0.005128498,-0.0021446329,-0.0011681898,-0.0010082965,0.00033021352,0.0012068918,0.0004649873,-0.00090613565,0.0013039785,-0.001104552,0.0014444888,-0.00027983997,-3.8606504e-05,0.00071992294,0.0009108903,-0.00011413428,-0.0003608637,0.0004122471,-0.00047602435,-0.00032810497,1.1952913e-05,-0.00063607265,-3.644019e-05,-0.00057627354,9.13032e-05,-9.592976e-05,0.00037404613,1.8771076e-05,-0.00054604583,0.0003715576,-0.00033381954,0.00016183277,0.00018540045,-0.00016853165,9.251879e-05,-0.00019579692,-5.381929e-05,7.69315e-06,0.00025155782,-0.00016565794,-4.3106556e-05,0.00018158651,6.6416935e-05,-0.00014849735,-3.383085e-05,0.0027580082,0.00016919206,-2.5104633e-05,-4.549111e-05
47,0.0003700839,-0.0020687075,-0.00023796293,-0.0006097554,-0.0020039938,0.00082621025,0.00056915975,0.0025976817,0.0002465085,0.0005928008,-1.913105e-05,0.0010117685,-0.0018080047,-0.0005012061,-0.00014717696,-0.00025736223,-0.00011742234,0.0011389314,0.00032999375,-0.00045678526,0.00052611245,0.0002487024,0.00041645125,8.489508e-06,7.979161e-07,7.383547e-05,4.3760796e-05,-0.00025013357,0.00038568932,0.00011288785,-0.00021195186,0.00038903768,9.164261e-05,-1.658466e-05,-0.00037935493,0.00012494976,-1.2403771e-05,1.1426395e-05,0.00011799016,-8.095e-05,9.03195e-05,-0.0001585132,-9.5874595e-05,7.864726e-05,8.5367144e-05,-6.09634e-05,0.00016919206,0.002791689,4.40063e-05,0.00013632391
48,0.00011866606,-0.0021615885,0.0007563621,0.0011587632,-0.0011922256,0.00022336753,-0.00083618105,-0.00038267375,-0.00034574865,-7.976498e-06,-0.00022892794,0.00045213624,0.0003502438,0.00037517893,0.00031588934,-0.0002820656,0.00021915155,-0.00035133865,8.3053215e-05,-9.173645e-05,-0.000250099,-0.00010204512,-0.00021950675,0.000106732434,-0.00025531894,0.00018120222,-6.9900416e-05,0.00028536422,-3.68299e-05,-0.000100711695,5.2883148e-05,-0.00010840832,-0.00013727577,9.583601e-05,6.566e-05,-6.0341503e-05,-6.621376e-05,-4.2144497e-05,4.8205988e-05,6.624546e-05,4.3478758e-05,-3.8823646e-06,7.4722426e-05,-3.128875e-05,-7.737271e-05,-5.2747928e-05,-2.5104633e-05,4.40063e-05,0.002553041,9.0051635e-06
49,0.00038642698,0.00063783675,-0.00079086307,-0.0013278879,0.0032463525,0.00014696078,0.0021094047,-0.0012268861,-0.00032972268,0.00020179046,-0.00039536424,-0.00021544853,0.0007038162,0.00016528557,0.00032141915,0.00052138546,1.4884919e-05,-0.00062102586,-2.1523825e-05,-0.00013557317,-0.00015461729,-0.00032118097,-0.0004487568,-0.00011528101,5.2790172e-05,5.3487158e-05,-0.00024015683,0.00037042936,-0.0004652969,-0.00037775643,2.3385408e-05,-0.00049933017,-0.00019047203,-2.3497898e-05,0.000291958,-9.0002955e-05,-7.2292474e-05,-3.747536e-06,1.9307601e-05,-6.143989e-05,-0.00025715298,0.00010980026,-3.8935847e-05,-6.4761734e-05,-0.00014238458,-2.2083907e-05,-4.549111e-05,0.00013632391,9.0051635e-06,0.0019057697
