,0,1,2,3,4,5,6,7,8,9,10,11,12,13,14,15,16,17,18,19,20,21,22,23,24,25,26,27,28,29,30,31,32,33,34,35,36,37,38,39,40,41,42,43,44,45,46,47,48,49,50,51,52,53,54,55,56,57,58,59,60,61,62,63,64,65,66,67,68,69,70,71,72,73,74,75,76,77,78,79,80,81,82,83,84,85,86,87,88,89,90,91,92,93,94,95,96,97,98
0,411.48032,-1.3011514,-5.1082687,2.5867333,3.4474015,-1.3962293,-2.3027816,0.5894271,0.5053295,-2.4899974,-1.3065538,2.0785406,-2.4797382,-0.3995096,2.1834044,-0.85265315,-1.2417519,-0.2923479,-1.1967285,-0.9727539,-0.49451417,-0.5697092,-0.100764334,0.29690313,-0.6553471,-0.7182651,-0.2900085,-0.13171135,-0.1613618,0.19498527,0.274621,0.7143314,-0.026147917,-0.0793017,0.30167395,0.5243772,-0.21179074,-0.12988171,0.13352853,0.05201434,0.08128646,-0.13457747,-0.01729444,0.34811354,-0.2666801,0.2933877,0.17782745,-0.56896114,-0.08956413,-0.32720393,-0.01713192,0.007687344,-0.028892677,0.25473252,-0.12949464,-0.092138454,-0.03134315,0.059356123,-0.116476715,-0.29972377,0.048738517,-0.09976497,-0.00033964228,-0.24105674,0.06709953,0.010477839,0.040658288,0.15901917,-0.08987287,-0.017410424,0.16538799,-0.11730334,-0.07369806,0.062901124,-0.17764974,0.096076645,-0.13837597,-0.13590942,-0.15761542,-0.04640592,-0.019364998,-0.07151505,0.04774518,0.12937343,-0.044357695,0.17752364,-0.00049841194,-0.053466327,-0.13370246,0.016008109,0.10397836,0.04220649,-0.030618105,0.07084285,0.030488977,-0.06101574,-0.008996881,0.06945817,0.12920219
1,-1.3011514,101.04118,-4.3447485,5.0870256,-4.6396246,1.7714167,0.26336563,-1.5342015,-0.76144195,-3.2577434,-0.20013732,-2.635014,-0.62537193,1.9351572,0.9174837,-2.2649558,1.0863662,0.7371092,4.148407,-0.9918752,0.35126674,-0.60792935,-1.1036494,0.017612457,0.18168268,-0.024518982,0.22405972,0.17410186,0.72948146,-0.61401963,-0.48124105,0.53053194,-0.31929415,-1.6809185,0.109570876,-0.17040554,1.4185877,-0.67814225,-0.055777833,-0.80094075,0.5863563,-0.5419915,0.79288554,0.56589776,-0.81927794,-0.14220642,-0.18386936,0.6119573,-0.76876247,0.70762426,-0.61628425,0.25185108,0.24765354,-0.21397105,0.11430068,-0.6671747,-0.9463146,0.3824749,-0.841859,-1.1421071,0.3121774,0.352518,0.39211306,0.1593531,0.82230747,0.34661412,-1.3716774,-0.13187009,-0.64220715,-0.039422765,-0.29356214,-0.0344396,-0.22368865,-0.097674474,-0.6871283,-0.10449204,0.12142064,-0.5412133,0.26281726,0.091831185,-0.25753868,0.031365998,0.46787703,-0.21114053,0.28567034,0.4721943,0.17041361,-0.10032574,0.16565385,-0.015165985,0.1362235,0.050098836,-0.1971697,0.17480662,0.3679508,-0.16171911,0.20623529,-0.02656915,-0.080045484
2,-5.1082687,-4.3447485,58.255123,3.633234,1.3442559,0.19281405,-0.48544997,-1.1382306,-0.7013685,-2.4974027,-1.7595011,0.94321454,-0.05413959,-0.39330563,1.081284,-1.8221633,1.3477371,-0.45714158,0.74245024,-1.6111002,0.23930761,-0.39017913,-0.39861774,0.42711988,-0.3471195,0.37129265,-0.21799734,0.07040811,0.52766836,0.17298509,-0.34838057,-0.3810346,-0.35048386,-0.019282293,1.0156448,0.6494314,-0.16554368,-0.39726895,0.46753561,0.20741588,-0.04815576,-0.4000289,-0.13883996,0.33001783,-0.32621706,0.011147959,0.31386846,-0.3178852,0.04873705,-0.053716168,-0.05276704,-0.099826,-0.3490707,0.64862597,0.086356476,0.3812634,-0.16799879,0.0928348,-0.14335036,-0.5098412,0.37297463,-0.21287653,-0.2419619,0.21260063,0.061715834,-0.18455842,0.2205966,0.30876607,0.009353994,-0.015418173,-0.079486564,-0.2697081,0.0553758,-0.16497093,-0.25565463,0.085755266,0.07212506,0.14304386,-0.1512256,-0.19440761,0.00019904824,-0.113658294,-0.035085045,0.1823143,-0.08901016,0.24299395,0.003709025,-0.038086087,-0.38293266,0.039125357,0.07893918,-0.162119,0.044784255,-0.15001853,-0.0286117,0.2144166,0.06789051,-0.08660005,-0.051544562
3,2.5867333,5.0870256,3.633234,36.522934,-0.44935104,-2.1367214,1.8767376,0.3309281,-0.8716717,-0.20256406,0.43476427,0.39536655,1.1401622,0.032428373,0.50115013,0.6119547,0.61469924,-0.49223188,-0.42926997,-0.19545093,-0.50539124,0.09279604,0.4589783,-0.5799639,0.30165994,0.019806676,0.8734687,-0.74177456,-0.8539771,0.035671093,-0.07651968,0.096686006,-0.2090826,0.044821233,0.12995397,-0.3699569,0.42145404,0.054934643,-0.36677358,-0.11786277,0.026195098,-0.101533934,-0.080054864,-0.54123724,-0.18515697,-0.45519468,-0.24204929,0.25318217,0.38786185,0.14008354,0.35095814,-0.48437083,0.19146444,-0.4169755,-0.28057024,-0.35565197,0.40798926,-0.07273747,-0.14916372,0.3610085,-0.23443973,-0.054526325,0.20668271,0.1229521,-0.08679835,0.061005205,0.05409264,0.040784623,-0.15539628,-0.22388712,-0.1633262,0.09198735,-0.21880105,-0.38013566,-0.03399653,-0.08644029,-0.2331479,0.015110074,0.008023348,0.15348867,-0.013620604,-0.25956467,-0.034702677,-0.034261152,-0.15987568,-0.040414177,-0.0254913,0.09442341,0.21850866,0.022572618,0.08724511,-0.18179554,0.07201369,0.01807752,-0.0019488251,0.10704784,0.013861475,-0.124655664,-0.032541562
4,3.4474015,-4.6396246,1.3442559,-0.44935104,31.60562,-1.3431019,2.0931497,1.080306,0.96469575,-0.11690299,0.9337909,-0.0759316,0.65341157,0.4945915,-0.8270962,0.94362116,-0.7609801,0.6131466,1.7781951,-0.7371664,0.29316825,-0.3960363,0.024143387,-0.74347353,-0.16208753,0.19899774,-0.27311856,0.83687687,-0.3864661,0.2387093,0.28930736,-0.94496095,0.118812144,-0.22804861,0.3904664,-0.5337789,-0.05673849,-0.022793598,-0.17858954,0.0827196,-0.41858256,-0.002168742,0.44148463,-0.3247872,0.06105361,-0.120111495,0.13609862,0.39285964,-0.30347955,-0.14110555,-0.0031983992,-0.10031027,0.08697024,-0.13174368,0.16821486,0.11841808,-0.21870685,0.20134884,0.08220925,-0.03703057,0.001106962,0.35166132,0.13226274,0.2016535,-0.0017678558,0.18554002,-0.06847526,0.04864856,0.038966943,-0.062615514,-0.3573395,-0.024236206,0.3084907,0.10870357,-0.117509365,-0.033645377,-0.08974132,-0.0053402814,0.2207638,0.09260871,0.1107704,-0.026649121,0.055635855,-0.117191084,0.027168911,-0.005732216,0.012264028,-0.008009842,0.08093027,0.04948136,-0.0036244579,-0.08469304,-0.18222782,-0.057191297,-0.12008032,0.25518495,0.10638926,-0.14338502,-0.28197935
5,-1.3962293,1.7714167,0.19281405,-2.1367214,-1.3431019,26.026257,-0.25831348,1.8700409,0.08546494,0.26618463,0.32499716,1.7584293,-0.95274436,-0.58088017,-0.09625529,0.7541596,-0.9610207,0.032287836,-0.10762782,-0.444534,-0.4916486,0.056862094,0.41933143,-1.0843686,-0.09569051,-0.010964399,-0.50184035,0.6680119,-0.37168252,0.2120587,-0.111623146,0.16729742,-0.3368336,0.13220242,0.103994116,-0.29802215,-0.24427056,0.51607215,-0.5690338,-0.096093416,-0.28636777,0.20557144,0.002349952,0.03928695,-0.14831065,0.14140369,-0.20619681,-0.4170379,0.21649459,-0.3494568,0.2000548,-0.42445353,0.20143458,-0.42168832,-0.47645363,-0.044504173,0.013618112,-0.1419754,-0.0729946,-0.33811352,0.047713548,0.112343505,0.2504507,-0.095076606,-0.15307525,0.09821518,-0.081524044,0.01444344,-0.0557705,-0.019704621,-0.118626416,0.06993182,0.07146362,-0.22917295,-0.07969698,0.12007457,-0.16557361,-0.11570726,-0.041419588,0.10778065,-0.012048763,-0.12824552,0.21039692,0.10231185,-0.040650956,0.043201733,0.15739,0.003217784,-0.009309541,0.03838905,-0.017445706,0.033278216,0.029438384,0.05319061,-0.01696247,0.044351883,-0.0066787973,0.09213798,0.040279627
6,-2.3027816,0.26336563,-0.48544997,1.8767376,2.0931497,-0.25831348,23.543135,-0.6061969,2.2710438,-1.0995846,1.1251758,-0.0021791128,-0.722785,0.106823884,0.5099705,0.024019407,-1.1729058,-0.43312532,-0.14508483,-0.0070263194,-0.2701453,0.49084592,-1.0297728,0.29650617,0.5779421,-0.28754777,-0.18621354,-0.38474095,0.52580214,0.2644358,-0.22918414,0.5974969,-0.7110075,-0.3740992,-0.23503014,0.20300102,-0.55313206,0.43986672,0.03462647,0.15636742,0.6434788,-0.31395698,-0.19656637,0.05199127,-0.061402686,0.037737034,0.02358219,-0.029054504,0.46188724,-0.06774248,0.07391128,-0.0032628442,-0.15410045,0.12157206,0.038650274,0.008649463,0.09944933,0.040097788,0.11276007,-0.042683553,-0.22561595,-0.16862437,0.29800114,-0.24046256,0.12853828,-0.045103855,0.14365894,-0.06291723,-0.04516299,-0.1392336,-0.08347733,0.41254687,0.13040859,0.28833234,-0.030412205,0.2822284,-0.056114055,-0.03550522,-0.11670957,-0.002776975,-0.10602097,0.050597854,-0.09570333,-0.10941613,0.07916546,0.05981747,-0.03179214,0.033298753,-0.11204882,-0.08487107,0.08156675,0.10794176,-0.05396435,0.014500767,-0.00073351566,-0.07589422,0.008439725,0.0668149,0.0724142
7,0.5894271,-1.5342015,-1.1382306,0.3309281,1.080306,1.8700409,-0.6061969,25.450714,-1.0783153,-0.005442877,-0.17259997,0.11243051,-0.3726614,0.9128152,-1.5589335,-0.39907128,0.43341458,-0.79526484,-0.060389787,0.8278115,0.15287665,-0.19282115,-0.7355836,0.619885,-0.020351226,-0.04130424,-0.040033136,-0.395274,0.25008562,-0.36348772,0.25566632,-0.09570131,-0.45805177,-0.3460269,0.4213971,-0.11388722,0.30221432,-0.4139455,0.109729744,0.17815235,0.48414093,-0.23897496,-0.3040887,-0.20825851,-0.11667457,0.03943792,0.21765193,0.09542182,0.1786415,0.29051703,-0.089862704,0.03624674,0.01412346,0.19210789,0.18985921,-0.0070120553,-0.22245675,-0.03548699,0.24215971,0.11381188,0.17854601,0.08619996,0.020756103,0.07889657,-0.005888665,-0.13724208,-0.019905047,0.044295132,-0.052236043,0.0036646014,-0.2419056,0.014643973,-0.032528564,-0.11700674,0.06463727,0.040905014,0.19237524,0.16922015,-0.16902585,-0.14405842,-0.0013165555,0.040546916,-0.07058112,0.13444364,0.03360379,-0.1916307,-0.03659007,0.01618142,-0.021049049,0.11427331,0.06708716,-0.12157054,0.10215701,-0.065692805,0.012861079,-0.061856084,-0.02053706,0.07487115,-0.11467019
8,0.5053295,-0.76144195,-0.7013685,-0.8716717,0.96469575,0.08546494,2.2710438,-1.0783153,23.181812,0.19640243,-1.371851,-0.5949241,0.63736975,1.0094905,-1.0925547,0.007923164,1.1338787,0.038551968,0.07983518,0.08837339,0.4582224,-0.43041438,-0.23802674,-0.38175642,0.3858449,-0.004246195,0.1933591,0.41612953,-0.34820855,-0.34455553,0.11651187,0.29972708,0.022233844,-0.46639785,0.2979135,0.04876376,0.23774195,-0.16998106,-0.07865642,-0.35152024,-0.34474778,0.17467046,-0.31880438,0.033407748,-0.19367954,-0.10895398,0.031206004,-0.046169255,0.028785173,0.07110729,-0.08527948,0.28348845,0.09400667,0.050975982,-0.033343665,-0.008760937,-0.2027717,-0.27689868,-0.25972834,0.19019222,-0.026058827,-0.1734404,-0.010131631,0.034188133,-0.24276155,0.12693316,-0.038534082,-0.0832463,0.07116269,0.16534218,0.038325246,-0.10988727,0.086542994,-0.23640788,-0.021076754,0.040046327,-0.026174217,0.03584582,-0.094464645,-0.05828029,-0.027041942,-0.00365347,0.06389684,0.13093616,0.0925879,-0.14669895,0.071116656,0.029928582,0.12981065,0.16830537,0.014711877,0.088267714,0.16801953,-0.045757584,0.046374034,0.17086864,0.0035040602,-0.0076228566,-0.036154605
9,-2.4899974,-3.2577434,-2.4974027,-0.20256406,-0.11690299,0.26618463,-1.0995846,-0.005442877,0.19640243,21.704725,-1.2574788,1.2525456,-0.010062754,-0.7702774,1.3120506,0.21877447,0.08453131,0.07851295,0.41876328,-1.5664462,-0.6751406,0.0036710203,-0.32738048,-0.17286187,-0.66795194,-0.5388848,-0.119797155,-0.27962425,-0.3027281,0.43220782,-0.015633754,0.57508004,0.08670762,-0.36387026,0.26963437,0.38664794,-0.2254897,0.0013009671,0.1649993,-0.15530777,-0.0105974935,-0.3276301,0.24334627,-0.09239888,-0.082668364,-0.101435445,0.016854934,0.043037795,0.30309767,-0.14424697,0.09851742,-0.088598475,-0.08563406,0.20399544,0.07015565,-0.14221697,0.048964463,0.041351914,0.05030685,-0.09888802,0.04712729,-0.010095308,0.119136974,-0.19935322,0.10793863,0.09259325,0.02405224,0.14516784,-0.09399736,-0.15437165,-0.13861524,0.014255275,0.015270418,-0.079879515,-0.15694025,-0.078481376,-0.08840253,-0.08761102,-0.1439066,0.0061021745,0.02845189,0.063754074,0.15344378,0.0014628018,0.049036868,-0.0012494668,-0.08877549,-0.060946442,0.030189537,0.21017976,0.10433775,-0.015533926,-0.03515257,0.031778593,-0.1036305,0.113264635,-0.10929772,-0.044263463,0.066509746
10,-1.3065538,-0.20013732,-1.7595011,0.43476427,0.9337909,0.32499716,1.1251758,-0.17259997,-1.371851,-1.2574788,17.413143,0.040945753,0.30661958,-0.19433117,-0.3428559,-0.29146987,0.016420424,0.55876005,-0.007828066,-0.24359237,-0.6414509,-0.3941442,0.5172807,-0.16731715,-0.23743144,0.015449146,-0.25654024,0.7919333,-0.3009537,-0.23415215,0.22614335,0.5101274,-0.054901518,-0.4877463,0.3841298,-0.3207696,-0.1948176,-0.04254687,-0.15304498,-2.1359498e-05,-0.10591152,0.062253088,0.14885844,0.12099399,-0.10385451,-0.10613503,0.30040866,0.05723466,0.103029214,-0.05278054,-0.10069233,0.17944716,-0.06282963,0.039716214,0.035610773,0.2548532,0.12516166,-0.13865146,-0.22987753,-0.03076168,-0.033768598,0.04472749,-0.1827072,0.045913957,0.029944764,0.08632388,-0.027330203,0.05308321,0.020225652,0.056602173,-0.03763955,-0.17257556,-0.12274964,-0.02393787,0.0835367,-0.08052303,-0.20899543,-0.099444725,-0.1939446,0.03513386,-0.009282948,0.05143161,0.07490678,0.03167849,-0.008322966,-0.07833721,-0.04537359,-0.2398846,-0.10993205,0.21846004,0.020817462,-0.051904783,0.08590104,0.0032114945,0.09233861,-0.10228629,0.00514475,-0.0043347934,0.070307225
11,2.0785406,-2.635014,0.94321454,0.39536655,-0.0759316,1.7584293,-0.0021791128,0.11243051,-0.5949241,1.2525456,0.040945753,16.27046,0.8463362,0.61589503,-0.50379324,0.34349877,0.374371,0.48444828,0.78858745,0.4037702,0.07699169,-0.14309233,0.39747304,0.75243336,0.27303392,0.25759798,0.14950776,0.42322332,-0.2924481,0.039348245,-0.13935775,-0.20582514,-0.06767136,0.057369947,0.025843129,-0.08990334,0.30535522,0.17811725,0.057328165,0.13390887,0.11578131,0.22341537,-0.169299,0.15219331,-0.19504064,-0.3793721,0.1502217,0.32481545,-0.27931195,0.32857937,0.011182622,-0.073463984,-0.083889045,-0.08166422,0.013739919,0.08669828,0.16589071,-0.18102512,-0.23973303,0.12489697,-0.050987057,-0.10275011,-0.07416709,0.14425969,0.05303673,-0.09650176,-0.13502195,-0.04092817,-0.14964598,0.06985006,0.10545485,0.16802639,0.04763486,0.1328207,-0.0437608,-0.09355232,0.15213096,-0.048211556,-0.051918127,-0.02539903,-0.040593535,0.10083583,-0.010356445,-0.18300109,-0.0076254886,-0.10679068,-0.028931484,0.033646762,0.049521297,-0.079346165,-0.033854462,0.02939051,0.03538316,0.043627486,0.04656659,-0.044420775,0.13061622,-0.057246447,0.025377039
12,-2.4797382,-0.62537193,-0.05413959,1.1401622,0.65341157,-0.95274436,-0.722785,-0.3726614,0.63736975,-0.010062754,0.30661958,0.8463362,13.473456,0.48800725,1.1905651,-0.27918202,-0.7222245,-0.52752435,-0.05956782,0.2162711,-0.16501138,-0.39859936,-0.040711556,0.18741018,-0.4334529,-0.44672012,-0.16321419,-0.20615974,-0.10411373,-0.22447874,0.16654551,0.30648193,0.09822084,-0.08764757,-0.11749185,-0.18202685,0.14484434,-0.36354405,0.07902324,-0.04732182,0.18306914,-0.15922803,-0.20045912,0.2156393,-0.4320411,0.44341293,0.45727828,-0.22531465,-0.28903824,-0.23077038,-0.04152841,-0.07601786,0.19468209,-0.23383662,-0.07359057,-0.041435473,-0.0072619035,-0.0277397,0.17837277,0.102213144,0.116446465,0.32334197,-0.08813073,0.0937771,0.033028103,0.036425687,-0.08483507,0.11942423,-0.07087731,0.016499825,0.12560797,-0.07772903,0.005101357,0.034504585,-0.087572336,0.13601482,-0.01916721,-0.051406518,-0.059579246,-0.061295412,-0.029451586,-0.07087982,0.039616335,0.065177195,-0.03516102,0.17399547,-0.032979414,0.011403436,0.0637631,-0.073287725,0.03366143,0.036043413,0.019921936,0.06699714,-0.025007395,-0.032596573,0.0582062,0.114460304,0.058038726
13,-0.3995096,1.9351572,-0.39330563,0.032428373,0.4945915,-0.58088017,0.106823884,0.9128152,1.0094905,-0.7702774,-0.19433117,0.61589503,0.48800725,13.517786,0.11336392,0.21385476,0.22609809,-0.03106414,0.1436675,-0.23688993,-0.009926154,0.082293466,-0.05816992,-0.031827703,0.15428478,-0.003228583,-0.09750385,0.061731048,-0.2949062,-0.0272142,-0.09754711,0.117835835,-0.29708394,0.24278328,0.0073435884,0.42150632,-0.58917904,0.20578091,-0.12687728,-0.40171272,-0.16777313,-0.023516804,-0.19219452,0.060271822,0.034260385,0.23052727,-0.11404839,0.12559241,0.057183355,-0.20500311,0.13554078,-0.08471588,-0.15428306,-0.00826049,0.16030687,-0.050460175,0.1857432,0.20701963,0.07509386,0.021008987,0.16473943,0.1230132,0.013339188,-0.26890218,0.20949528,-0.014629076,0.004903024,0.052553017,0.116764605,-0.10815813,-0.037350085,0.054917656,-0.007670514,-0.029639505,-0.03911151,-0.021898607,-0.083921336,-0.043234855,0.04226905,-0.020685317,0.003558426,0.1059261,0.202449,0.06816158,-0.008158353,-0.06630832,-0.035601757,0.009239943,-0.035131842,-0.08458611,-0.07114309,-0.06240455,-0.09293756,0.052462246,-0.045271065,-0.05756826,-0.06198728,-0.020131018,0.039600156
14,2.1834044,0.9174837,1.081284,0.50115013,-0.8270962,-0.09625529,0.5099705,-1.5589335,-1.0925547,1.3120506,-0.3428559,-0.50379324,1.1905651,0.11336392,11.613993,0.8096694,-0.21052104,0.009093266,0.054659437,-0.05614434,-0.013874121,-0.32296556,-0.20844473,-0.14981283,0.41890395,1.0444487,0.25321633,0.7010901,0.024852846,-0.08739739,0.01709551,0.10616633,-0.14762115,-0.25137275,0.14472416,-0.38493526,-0.15615943,0.1217376,-0.29237536,-0.003275068,0.18098009,0.15231036,-0.07497192,-0.17068267,0.17835909,0.1819276,0.048923053,-0.003946226,0.044137664,0.15707114,-0.026752226,0.06064789,-0.10566024,-0.20011796,0.12352615,0.03475458,-0.11133273,-0.078164265,0.15608454,-0.0047834483,0.056237075,0.025558593,-0.013955092,-0.051734023,-0.04434664,-0.10530478,-0.044811353,-0.040842228,0.039968167,-0.045728274,-0.099956855,0.072181925,0.038036764,-0.10039544,0.14106205,0.07308158,0.1555119,0.09410399,-0.014334969,-0.06733167,0.13503048,-0.0046116156,-0.0057058306,0.024380408,0.0063791107,-0.18687646,0.06816727,0.03569187,-0.006049347,0.090512045,0.02166675,-0.054382026,0.17099494,-0.049483713,-0.06967153,-0.15426627,-0.023425661,-0.023870572,-0.07641108
15,-0.85265315,-2.2649558,-1.8221633,0.6119547,0.94362116,0.7541596,0.024019407,-0.39907128,0.007923164,0.21877447,-0.29146987,0.34349877,-0.27918202,0.21385476,0.8096694,9.998835,0.5033734,0.7166486,0.43381077,0.22624883,0.4115157,0.24912073,-0.631645,0.35339785,0.20625898,0.22626108,0.2971983,0.09326396,0.20587143,-0.42919743,-0.17804934,-0.26520434,0.2707035,-0.31782305,-0.0014017983,-0.012633696,0.19960845,-0.40759164,0.18399185,-0.10546967,0.09811947,-0.21488735,-0.044383682,0.21103123,0.064065084,0.18402511,-0.00084825733,-0.09117934,0.29725784,0.0029463018,-0.03953001,0.22121115,0.0892953,0.2518553,0.011496346,-0.05163073,0.0363086,0.07766992,-0.21075177,-0.060101397,-0.013436763,0.014625475,-0.020165864,-0.03709023,-0.095586546,-0.069182195,0.01837346,-0.01770192,0.038079396,0.17734632,0.01807946,-0.19055146,0.011602497,-0.013738109,-0.101667546,-0.04124313,-0.044320896,-0.109907374,0.07759261,0.049826503,-0.036779504,-0.047367007,0.03810092,-0.060008958,-0.018855743,0.027528089,-0.07542198,0.030498754,-0.14145942,0.07329549,-0.06468676,-0.080368586,0.056188732,0.049275104,0.07027595,0.015309655,0.07164408,-0.011673393,0.010775808
16,-1.2417519,1.0863662,1.3477371,0.61469924,-0.7609801,-0.9610207,-1.1729058,0.43341458,1.1338787,0.08453131,0.016420424,0.374371,-0.7222245,0.22609809,-0.21052104,0.5033734,9.511555,-0.14907327,-0.6422976,-0.12196094,-0.33273235,-0.6279998,0.048922144,0.027593248,-0.26209468,-0.26579952,-0.2666869,0.13040653,-0.19028218,0.19240949,0.14188838,0.15454301,-0.14337754,-0.088778764,0.089883365,-0.13846318,-0.2723561,0.009958312,-0.035240274,0.04770718,-0.050215743,0.12208037,0.13311616,-0.117323756,0.016989918,0.020895695,0.23116003,-0.20689066,-0.06094087,-0.15254611,0.1709069,-0.08213112,-0.008682076,0.019503674,-0.047119625,-0.071429506,0.031767167,0.02104839,0.044473357,-0.18462956,-0.047247462,-0.01792907,0.071685284,-0.2291209,0.04112909,-0.014976386,0.08878645,0.034628212,-0.10932849,-0.0533389,-0.034456,0.022710582,0.007571148,0.13916966,-0.053392723,0.038994737,-0.044207864,-0.07236907,-0.06969579,0.0334574,0.09354644,-0.01400945,-0.05914904,-0.021446029,0.008523827,0.008001484,0.0059137265,0.02139496,0.049987007,0.018842747,0.04539084,0.0008878455,-0.006418541,0.06614694,-0.008193072,-0.15424496,-0.02255164,0.0051114103,0.070488036
17,-0.2923479,0.7371092,-0.45714158,-0.49223188,0.6131466,0.032287836,-0.43312532,-0.79526484,0.038551968,0.07851295,0.55876005,0.48444828,-0.52752435,-0.03106414,0.009093266,0.7166486,-0.14907327,9.05256,-0.1422619,0.14046991,0.15727973,-0.20906425,0.16495499,-0.20249239,0.08050081,-0.20713653,-0.19096678,-0.3307541,0.34714657,0.09458275,-0.06683563,0.22070622,-0.45044616,-0.07745029,-0.23115899,0.0117276665,0.022003006,0.1663288,-0.03390082,-0.12487717,0.29635853,-0.13005072,-0.15426677,-0.0815084,-0.2516033,0.027750988,-0.018603254,-0.04504188,-0.09338528,0.090143755,0.060352627,-0.065026976,0.1401574,-0.050396442,0.061085843,-0.08271289,-0.015448099,0.11968106,0.15432537,-0.044901397,0.112256676,0.111007035,-0.14110759,-0.079939924,0.082109004,-0.15190446,-0.004084684,0.015773801,0.015127387,0.0068408027,-0.066554405,0.037944,0.01318373,-0.099647656,0.08557609,0.10094312,0.05485195,0.10921906,0.0007912884,0.0053337906,0.03448326,-0.07275118,-0.0018003206,0.11351609,0.034778908,0.033881947,-0.009168047,0.11867793,0.0456396,-0.050287753,0.036156453,0.0063559143,0.004413738,-0.06313585,0.08452022,0.042926088,-0.07436902,0.016413368,0.025748834
18,-1.1967285,4.148407,0.74245024,-0.42926997,1.7781951,-0.10762782,-0.14508483,-0.060389787,0.07983518,0.41876328,-0.007828066,0.78858745,-0.05956782,0.1436675,0.054659437,0.43381077,-0.6422976,-0.1422619,7.1376266,0.3836121,-0.09895018,-0.058376424,0.29408568,0.12594476,0.10298534,-0.10726332,-0.14376031,0.30490535,-0.19952887,-0.1149202,0.35695994,0.11371382,-0.13522246,0.012574271,0.35463035,0.355457,0.05970966,0.10353288,0.017076932,0.2707712,0.18873954,0.07169497,0.17291097,0.022929914,0.025280401,0.12643732,-0.23390122,-0.12831703,-0.1690144,-0.004391285,-0.03920215,-0.057060808,-0.12867635,0.11094341,-0.15831016,-0.097881556,-0.049352877,-0.0026385663,0.035104156,0.0013662322,-0.16683608,-0.20229688,0.024173003,-0.2227852,-0.07029263,0.018492702,0.08974095,-0.033294037,-0.15717101,-0.0537083,0.061809592,0.08949205,-0.049255617,0.010000432,0.016741823,-0.05396805,-0.021392856,0.045036986,0.011090627,-0.068648815,0.03321355,-0.02475084,-0.119023144,-0.011492226,-0.10108368,-0.03388577,0.06684001,-0.03835496,-0.09303611,-0.0536263,0.142768,0.034666102,-0.0472622,-0.007948376,0.0050901277,-0.0939049,-0.037882835,0.03716816,-0.05023911
19,-0.9727539,-0.9918752,-1.6111002,-0.19545093,-0.7371664,-0.444534,-0.0070263194,0.8278115,0.08837339,-1.5664462,-0.24359237,0.4037702,0.2162711,-0.23688993,-0.05614434,0.22624883,-0.12196094,0.14046991,0.3836121,7.968319,-0.044017646,-0.16173258,0.18067533,0.038213275,-0.4160123,0.13117,0.124846175,-0.117711246,-0.22811157,0.23172322,0.014935128,0.2921239,0.16591708,0.1440265,0.111518264,0.16598931,-0.09998568,0.035486855,0.017654303,-0.10727096,-0.24160191,0.02664297,-0.018590864,0.07699351,-0.019233923,0.073498555,-0.08954156,-0.17217277,0.015231061,0.04623918,0.1283655,0.034241408,0.017153578,-0.014900062,0.09371152,-0.08786427,-0.066281736,0.05731728,-0.08965551,-0.14425534,-0.104245596,-0.056985974,-0.022018246,-0.034192108,0.028709743,0.003226249,0.0130513115,0.09458542,-0.01811314,-0.1022404,0.0017938348,0.00988766,0.038058363,-0.008185973,-0.09449974,-0.04149618,0.009871243,-0.00046383654,-0.047618613,0.018392257,0.07107966,-0.036885314,0.06827463,-0.0086292345,-0.0018204786,0.02314803,-0.0047772247,0.006486973,0.022496369,0.0220818,0.098414995,-0.0024775236,0.010664664,0.012894878,-0.101490915,0.07925952,0.05615226,-0.09457521,-0.011229058
20,-0.49451417,0.35126674,0.23930761,-0.50539124,0.29316825,-0.4916486,-0.2701453,0.15287665,0.4582224,-0.6751406,-0.6414509,0.07699169,-0.16501138,-0.009926154,-0.013874121,0.4115157,-0.33273235,0.15727973,-0.09895018,-0.044017646,7.1874385,0.06592199,0.009714362,-0.03947056,-0.55297166,-0.045440063,-0.0055195,0.051725574,-0.19974273,0.25333396,0.11956303,-0.018744938,-0.030834112,-0.2454871,-0.11264955,-0.27934116,0.02006329,-0.01627133,0.0076498976,-0.03785707,0.21846032,-0.024682596,0.14447014,0.12155955,0.18240839,-0.18225428,0.1017925,-0.13958387,0.10866852,-0.05348842,-0.00839605,-0.18745854,0.021717396,-0.016990906,-0.15001515,-0.006828206,0.0500383,0.21562642,0.08000818,-0.04044742,-0.023268696,0.031450756,-0.08222272,-0.01687007,-0.023551654,0.078569844,0.092544734,0.13450263,-0.14927787,-0.03446302,0.07741074,0.042826824,0.022015184,0.09634191,0.1371799,-0.019556897,-0.028001793,-0.0053912853,-0.008386526,-0.035323698,0.05733676,-0.010321831,-0.032150455,-0.031422675,-0.10039003,0.046015225,-0.0063294573,-0.012537114,-0.016134508,0.027226303,0.027922792,-0.0014049481,0.013461743,0.031561892,-0.0074100387,-0.099126235,-0.013819924,-0.0041064057,0.017410684
21,-0.5697092,-0.60792935,-0.39017913,0.09279604,-0.3960363,0.056862094,0.49084592,-0.19282115,-0.43041438,0.0036710203,-0.3941442,-0.14309233,-0.39859936,0.082293466,-0.32296556,0.24912073,-0.6279998,-0.20906425,-0.058376424,-0.16173258,0.06592199,6.355528,0.06129457,-0.04260926,-0.042035326,-0.02656547,0.030712381,0.12013017,-0.28040338,0.13955875,0.13971567,-0.008141652,-0.053023286,-0.04643757,0.17415667,-0.15546107,-0.12397776,-0.12799081,0.005670052,0.053414986,0.03542111,0.22976112,-0.07719047,-0.07001634,-0.0685032,0.04943527,0.20210144,-0.035977654,-0.27471763,-0.050106827,-0.070838615,0.053178724,0.07761884,-0.012248558,0.0032935939,-0.02728384,0.085754365,-0.032959886,-0.102202356,0.05123645,0.04375083,0.006200609,-0.015743531,0.020339103,-0.0005323511,-0.01812531,-0.028566254,0.06411195,-0.03877254,-0.09959316,0.050730333,-0.033104457,-0.0021277715,0.004169702,-0.04226064,0.09149411,-0.021798959,-0.03056619,-0.050759833,0.0035011778,0.008769508,-0.028631784,-0.05945038,-0.0046760896,-0.0500513,-0.05032892,0.012217896,0.08916381,0.0052028615,0.017703887,-0.021560317,-0.016578346,-0.0256145,0.033198938,0.06262383,-0.06504375,0.03988517,-0.0107618105,0.010093822
22,-0.100764334,-1.1036494,-0.39861774,0.4589783,0.024143387,0.41933143,-1.0297728,-0.7355836,-0.23802674,-0.32738048,0.5172807,0.39747304,-0.040711556,-0.05816992,-0.20844473,-0.631645,0.048922144,0.16495499,0.29408568,0.18067533,0.009714362,0.06129457,5.1403146,-0.18126608,-0.061072342,0.1928108,-0.23771878,-0.011372816,0.34150532,0.12896375,-0.018877745,-0.14879555,-0.1466825,-0.007989181,0.03169891,0.17538264,-0.16784906,-0.35612804,-0.013340015,-0.27504498,0.16328776,-0.042339295,-0.072111696,-0.16854513,0.03607966,-0.020456668,0.09073217,-0.040241435,0.09022032,-0.02923161,-0.023976136,0.081001736,0.036847297,0.042979024,0.20496887,0.12172614,0.05113613,0.03301812,0.013966303,-0.0288402,0.048986204,-0.03605672,0.07231389,-0.0006256269,-0.046787746,-0.010315596,0.03405887,0.061760586,0.14447545,-0.028777912,0.0022648731,-0.08762116,0.049047463,0.04315068,-0.10374202,0.053952478,0.10437995,-0.049382705,0.016088922,-0.036867507,-0.05798111,-0.015005797,-0.02905605,-0.016145851,-0.10788067,0.016412597,-0.055419184,0.07568754,0.08557066,0.03254448,-0.007765035,0.04168859,0.047754206,0.0053377673,-0.031554617,0.057588294,-0.122143924,0.074433714,-0.013790943
23,0.29690313,0.017612457,0.42711988,-0.5799639,-0.74347353,-1.0843686,0.29650617,0.619885,-0.38175642,-0.17286187,-0.16731715,0.75243336,0.18741018,-0.031827703,-0.14981283,0.35339785,0.027593248,-0.20249239,0.12594476,0.038213275,-0.03947056,-0.04260926,-0.18126608,5.4378147,0.13219641,0.08602747,-0.24109429,0.13222131,0.020076558,-0.11435479,-0.31237322,-0.06847468,-0.094878405,-0.23366326,0.0084785,-0.40317142,-0.12137847,0.22528978,0.056522757,-0.12792757,-0.00809136,-0.03440115,0.06923703,-0.010877773,-0.07465203,0.06500198,-0.18250126,-0.040937737,0.09194579,-0.23406589,-0.05481048,0.02305752,0.005986064,-0.14022967,-0.09006638,0.026024813,0.069839925,-0.0086340085,-0.014949415,-0.047240384,0.08535159,-0.01740532,0.020597372,-0.006765808,-0.073124744,0.09901263,0.024570981,-0.11796218,0.11600353,-0.073979564,0.0044881683,-0.05946795,0.060719326,-0.042951327,-0.019909829,0.03461125,0.006306756,0.010893613,0.024510711,-0.023781419,-0.006244979,-0.015922042,-0.040196136,0.039210457,0.02967005,0.055174474,0.08150649,0.045334104,0.04233163,0.03387722,-0.10284899,0.0618259,-0.013061412,-0.066450536,-0.011050411,0.07785776,-0.074131265,0.026452579,0.005932979
24,-0.6553471,0.18168268,-0.3471195,0.30165994,-0.16208753,-0.09569051,0.5779421,-0.020351226,0.3858449,-0.66795194,-0.23743144,0.27303392,-0.4334529,0.15428478,0.41890395,0.20625898,-0.26209468,0.08050081,0.10298534,-0.4160123,-0.55297166,-0.042035326,-0.061072342,0.13219641,5.537443,-0.14034349,-0.17897409,-0.15923429,-0.10918327,0.11727761,0.13147464,-0.083785854,0.079271704,0.24823663,-0.12242419,0.074184805,0.04798899,-0.17536423,0.07562448,-0.019878697,-0.04761325,0.106712036,0.098049045,0.007375003,-0.016931443,-0.048149217,0.07866559,-0.1944146,-0.0022348186,0.016987037,0.053861015,-0.0149516035,0.13270152,0.073949024,0.048337273,0.038342033,0.02563135,0.07328975,0.06312406,-0.09926887,-0.00014301462,0.022286337,0.0026070834,0.026993237,-0.04142564,0.0050451625,-0.010936309,0.08337297,-0.0061945915,-0.023555651,0.0142101925,-0.07422851,0.06849868,0.08104298,-0.009190514,-0.08422328,0.07170297,-0.0076121576,-0.019156048,-0.06135675,0.031028293,-0.0007724075,-0.041565746,0.00015467033,0.0047004046,0.023468733,-0.028012747,-0.007989513,0.031157067,0.051239684,0.05389805,-0.0016310604,-0.0061413534,-0.015047872,-0.03815496,-0.0067491843,0.003809905,0.031823516,0.0020486647
25,-0.7182651,-0.024518982,0.37129265,0.019806676,0.19899774,-0.010964399,-0.28754777,-0.04130424,-0.004246195,-0.5388848,0.015449146,0.25759798,-0.44672012,-0.003228583,1.0444487,0.22626108,-0.26579952,-0.20713653,-0.10726332,0.13117,-0.045440063,-0.02656547,0.1928108,0.08602747,-0.14034349,4.7832594,-0.033045955,-0.20547897,-0.15378019,-0.009204016,0.14569503,0.08782667,0.011036668,-0.020212749,-0.01812411,0.14344503,0.05330822,0.06083116,0.020502374,0.034157604,-0.039177552,-0.07021542,-0.17899626,-0.00973729,-0.17447579,-0.102408335,0.022996334,0.04638759,-0.008843578,-0.03571616,0.06170483,0.03029547,0.0710244,0.044008024,0.000202645,-0.080393635,0.010313747,-0.025477983,0.015651936,0.045185223,-0.05707083,0.008302505,0.0036497472,-0.03636443,0.025349531,0.0483874,0.027191639,-0.024291024,0.029100142,0.1147517,-0.004270903,-0.0014517633,0.0101717105,0.03131157,0.04174942,0.010616726,-0.12060248,0.0057581216,-0.05482399,0.06239216,-0.033071376,0.007375666,0.036982156,0.016673613,0.014200551,-0.007746129,0.03561485,-0.030298468,0.030397363,0.0050378274,-0.05197096,0.0040516374,-0.108304754,0.029528324,0.021251734,0.023964506,-0.005445045,0.0420966,-0.0077959266
26,-0.2900085,0.22405972,-0.21799734,0.8734687,-0.27311856,-0.50184035,-0.18621354,-0.040033136,0.1933591,-0.119797155,-0.25654024,0.14950776,-0.16321419,-0.09750385,0.25321633,0.2971983,-0.2666869,-0.19096678,-0.14376031,0.124846175,-0.0055195,0.030712381,-0.23771878,-0.24109429,-0.17897409,-0.033045955,4.888884,0.06850149,0.20281968,-0.09874508,-0.012530358,-0.18127331,-0.38471013,-0.026784908,0.08638276,0.01420939,-0.2265158,0.010322171,0.09907693,-0.052931055,-0.068494365,0.04347542,0.05299949,0.009483824,0.017151445,-0.022465285,0.11262302,-0.07991511,-0.00076478557,0.0032725004,-0.0010710806,-0.10635677,0.010563642,0.004885451,-0.035831712,0.04686312,-0.04786573,-0.02057564,0.016598856,-0.10270025,0.031781428,0.041650057,0.0099915685,-0.035137817,0.052280314,-0.010203664,0.021202285,-0.013152707,-0.004986638,0.01665594,-0.02867884,0.006874445,0.07195534,0.020317424,-0.045253053,-0.034365296,0.01172895,0.011739365,-0.05624138,-0.0001505905,-0.035972312,0.08552928,-0.028019037,-0.008874435,-0.017710386,-0.008320058,-0.010473063,-0.06773081,0.04088667,0.021092486,-0.013338472,0.055191472,-0.008431498,-0.03828773,-0.0074198693,0.03827778,-0.042943485,0.051527407,0.024297595
27,-0.13171135,0.17410186,0.07040811,-0.74177456,0.83687687,0.6680119,-0.38474095,-0.395274,0.41612953,-0.27962425,0.7919333,0.42322332,-0.20615974,0.061731048,0.7010901,0.09326396,0.13040653,-0.3307541,0.30490535,-0.117711246,0.051725574,0.12013017,-0.011372816,0.13222131,-0.15923429,-0.20547897,0.06850149,3.6366262,0.16997144,0.08984509,-0.12711167,0.18088445,0.21248415,0.30002534,-0.35230193,0.017085643,0.056393035,0.0074885674,-0.011565495,-0.03907448,-0.094028324,-0.15812209,-0.09473984,-0.043785222,0.048477307,-0.060041025,0.018638369,-0.027506422,0.09254359,0.07128401,0.06408319,-0.035952926,0.04571197,0.105698474,0.06303234,-0.13675176,-0.021533448,-0.021494562,0.054376394,0.07561867,-0.010575025,-0.013739989,0.048732206,-0.023473363,0.07135072,0.040496316,0.06763675,0.03741867,-0.045958348,-0.04498903,0.026148228,0.0018185449,-0.06218811,0.067694396,-0.005630222,-0.04624468,0.04519322,0.004651919,-0.021072438,-0.00025056745,-0.03167721,-0.023180768,-0.04674863,0.042483382,0.05786032,0.006273359,-0.047445968,-1.3294746e-05,0.06009875,-0.02621179,0.010655268,-0.0069960346,-0.04205254,-0.02245165,-0.06850338,0.03601467,-0.0026122981,-0.02474942,0.008871654
28,-0.1613618,0.72948146,0.52766836,-0.8539771,-0.3864661,-0.37168252,0.52580214,0.25008562,-0.34820855,-0.3027281,-0.3009537,-0.2924481,-0.10411373,-0.2949062,0.024852846,0.20587143,-0.19028218,0.34714657,-0.19952887,-0.22811157,-0.19974273,-0.28040338,0.34150532,0.020076558,-0.10918327,-0.15378019,0.20281968,0.16997144,3.846744,0.030549724,0.13049561,0.13142544,0.13044435,0.16185233,0.31081694,-0.131681,0.20428202,0.058248185,-0.02441883,0.160324,-0.12591654,0.07194267,-0.15361446,0.080066934,-0.10608138,0.016738672,-0.03129501,0.030729283,-0.09718275,-0.07473828,0.025517229,-0.028711855,-0.06356334,-0.03042805,-0.06701002,-0.0823186,0.10228459,-0.01570407,-0.07531425,0.11141434,-0.009858659,-0.0053892992,0.01644598,-0.026961554,-0.016526397,0.06324917,0.006462521,0.041779913,-0.029689582,-0.012020366,0.01614499,0.030679116,-0.010319831,0.0058226814,-0.09156588,-0.059828065,-0.028123606,-0.009731017,-0.062193863,-0.06305575,0.011749113,0.004386589,0.049440056,0.03427519,0.015462944,-0.027266704,-0.048485737,-0.0057857633,0.007406163,-0.0034859076,-0.03572394,-0.03512648,-0.048304904,0.055750556,-0.017827053,0.007481107,0.055841923,-0.044736974,-0.042777784
29,0.19498527,-0.61401963,0.17298509,0.035671093,0.2387093,0.2120587,0.2644358,-0.36348772,-0.34455553,0.43220782,-0.23415215,0.039348245,-0.22447874,-0.0272142,-0.08739739,-0.42919743,0.19240949,0.09458275,-0.1149202,0.23172322,0.25333396,0.13955875,0.12896375,-0.11435479,0.11727761,-0.009204016,-0.09874508,0.08984509,0.030549724,3.5806096,-0.0065151886,-0.13475603,-0.09268547,-0.23976976,0.052196957,-0.01231936,0.027521359,-0.09315431,0.13830507,-0.123079136,-0.018428113,-0.15328327,-0.11741201,0.10747373,-0.06202355,0.17584467,-0.03908531,0.027887892,0.14455076,0.024148896,0.005968674,0.0802187,-0.034875102,-0.08499487,0.009895811,-0.05957058,-0.05299743,-0.040495083,-0.030038081,0.02743534,-0.019342996,0.04962106,0.016215146,0.009600115,-0.010305424,-0.012013937,-0.011421125,-0.08247044,0.002384301,0.0049191047,-0.009822113,-0.0028918665,0.00088795664,-0.07113839,-0.05839459,-0.009491778,-0.04020579,-0.014373016,0.014252462,-0.007857166,-0.07217944,0.040048517,-0.02133974,0.007755158,0.03805123,0.029910196,0.030066997,-0.065956496,-0.02348499,0.0016564546,0.0009885359,-0.0050256373,0.02905015,0.008832967,-0.015232129,-0.01722691,0.012972137,0.02966611,-0.032220416
30,0.274621,-0.48124105,-0.34838057,-0.07651968,0.28930736,-0.111623146,-0.22918414,0.25566632,0.11651187,-0.015633754,0.22614335,-0.13935775,0.16654551,-0.09754711,0.01709551,-0.17804934,0.14188838,-0.06683563,0.35695994,0.014935128,0.11956303,0.13971567,-0.018877745,-0.31237322,0.13147464,0.14569503,-0.012530358,-0.12711167,0.13049561,-0.0065151886,3.1483016,0.040586665,0.08628518,0.07816844,-0.20335308,-0.10398258,-0.09613416,0.1644077,0.054801017,0.06071851,0.04294636,0.0077263555,-0.01917329,-0.020844672,-0.07285419,-0.03561896,-0.028697655,0.046937957,0.062866546,-0.008245679,-0.042139336,-0.08233136,0.027602538,0.0108391065,-0.025847191,-0.017482882,0.09403374,-0.01785207,-0.007815959,-0.081769235,0.0203178,0.005476712,-0.009615447,0.033583343,0.02653995,-0.004023457,0.026301555,0.02533529,0.0138187,-0.0013461958,-0.056260377,-0.00047020087,0.032830406,-0.091621086,-0.051669758,0.009680316,0.12538092,0.049748868,0.022075688,-0.029337693,0.0073678466,0.065683916,0.010873998,-0.033488557,0.02252325,0.06004305,-0.015297525,0.012846609,-0.06090968,-0.020771291,-0.044876482,-0.017540608,-0.0030440702,0.015898764,-0.0042172894,0.027729489,-0.0021357052,0.018962447,0.01593639
31,0.7143314,0.53053194,-0.3810346,0.096686006,-0.94496095,0.16729742,0.5974969,-0.09570131,0.29972708,0.57508004,0.5101274,-0.20582514,0.30648193,0.117835835,0.10616633,-0.26520434,0.15454301,0.22070622,0.11371382,0.2921239,-0.018744938,-0.008141652,-0.14879555,-0.06847468,-0.083785854,0.08782667,-0.18127331,0.18088445,0.13142544,-0.13475603,0.040586665,2.8366122,-0.21989876,-0.11740978,0.1678788,-0.13483432,-0.057767212,-0.24649864,0.25109857,0.107107215,-0.04379935,0.056396037,0.015469689,0.036337055,0.19968617,-0.022867292,0.019740105,0.03977611,0.07580002,0.019708544,-0.03875846,-0.07377931,-0.052504167,0.050740056,-0.034435056,0.058534317,-0.012447873,0.071205586,0.026176784,0.0030454618,0.004917634,-0.016472608,-0.033441626,0.123731986,-0.046238445,-0.044062532,0.02896598,-0.007562837,0.064201094,-0.0129324645,0.043328434,-0.011144258,0.040594853,0.004832778,-0.02809387,-0.028167166,0.002588024,0.049825873,-0.0005346687,-0.015996926,-0.014198011,0.026049418,-0.11113174,-0.03558068,-0.082546294,0.0347705,-0.0091398675,0.03234537,0.00037347432,-0.001354147,-0.031256996,0.0075508114,0.013628553,-0.0048031085,-0.01890875,0.040848598,0.006082718,0.0027550096,-0.028651133
32,-0.026147917,-0.31929415,-0.35048386,-0.2090826,0.118812144,-0.3368336,-0.7110075,-0.45805177,0.022233844,0.08670762,-0.054901518,-0.06767136,0.09822084,-0.29708394,-0.14762115,0.2707035,-0.14337754,-0.45044616,-0.13522246,0.16591708,-0.030834112,-0.053023286,-0.1466825,-0.094878405,0.079271704,0.011036668,-0.38471013,0.21248415,0.13044435,-0.09268547,0.08628518,-0.21989876,2.7829971,-0.20911528,0.12833533,-0.0585214,-0.17483422,-0.035638135,0.025508719,-0.19527233,0.0225779,0.076863036,-0.09215383,0.013876794,-0.06456675,0.004603571,0.111123465,0.025668303,0.12325236,0.13870369,0.0658865,-0.052282423,0.00047462824,-0.032253817,-0.013747396,0.06400363,-0.032351445,0.024997775,0.045834742,-0.1256611,0.030052233,-0.012886886,0.012589255,-0.060298365,0.1221918,-0.04259163,-0.020972744,-0.015555605,-0.001829203,-0.068023786,-0.019596066,0.096298665,0.035529956,-0.031341963,-0.037454575,0.031474754,-0.04162512,0.035473473,-0.07715302,-0.0018583178,-0.012799474,-0.004069173,-0.0063328715,-0.034756392,-0.036694985,0.018478893,-0.017942887,0.0145653635,0.051710412,-0.009413639,0.019072056,-0.002150592,0.0025155,-0.028353795,0.022746932,-0.039860617,0.0011890666,0.0022673248,0.027875349
33,-0.0793017,-1.6809185,-0.019282293,0.044821233,-0.22804861,0.13220242,-0.3740992,-0.3460269,-0.46639785,-0.36387026,-0.4877463,0.057369947,-0.08764757,0.24278328,-0.25137275,-0.31782305,-0.088778764,-0.07745029,0.012574271,0.1440265,-0.2454871,-0.04643757,-0.007989181,-0.23366326,0.24823663,-0.020212749,-0.026784908,0.30002534,0.16185233,-0.23976976,0.07816844,-0.11740978,-0.20911528,2.5037339,0.04394588,-0.21914539,0.056309167,0.014721537,0.06311879,-0.08158477,0.1752029,-0.13718715,0.044845946,0.10051542,0.008566244,0.047676098,0.07986887,0.045518547,0.18418351,-0.033642173,-0.06302981,-0.04704075,0.004384822,-0.017240275,-0.06659682,-0.05700202,-0.06448676,0.013686543,0.069542766,0.0320343,-0.023857597,0.034848604,-0.0028874017,-0.07210316,-0.020545695,0.04489164,-0.067114495,-0.049315646,-0.026941441,0.010957743,0.03960198,0.0072399215,0.015995596,-0.0574363,0.052199733,0.0111695975,-0.1135069,-0.023400053,-0.030855589,0.025029622,0.020862319,-0.0079019405,0.019289149,-0.021452252,-0.024243664,-0.0032761358,0.043581713,0.0059213983,-0.03757698,0.062909454,0.015462147,0.027565148,0.04091698,0.018721655,-0.012545573,-0.0154018495,0.00044019398,-0.03469493,0.017709743
