,0,1,2,3,4,5,6,7,8,9,10,11,12,13,14,15,16,17,18,19,20,21,22,23,24,25,26,27,28,29,30,31,32,33,34,35,36,37,38,39,40,41,42,43,44,45,46,47,48,49,50,51,52,53,54,55,56,57,58,59,60,61,62,63,64,65,66,67,68,69,70,71,72,73,74,75,76,77,78,79,80,81,82,83,84,85,86,87,88,89,90,91,92,93,94,95,96,97,98
0,26.632885,5.364373,21.05793,-10.663506,-14.211616,5.75582,9.493604,-2.4306364,-2.0837307,10.263531,5.3857594,-8.568609,10.222755,1.6465828,-9.001068,3.5155728,5.1207724,1.2043798,4.933511,4.010498,2.0383067,2.3489828,0.41592753,-1.2230229,2.701614,2.9606214,1.1964036,0.5432289,0.6648,-0.80391276,-1.1318676,-2.9452043,0.10766364,0.32746285,-1.2433192,-2.161611,0.8731266,0.5350043,-0.5502894,-0.2141828,-0.33498132,0.5545815,0.07142556,-1.4350791,1.0993298,-1.2094288,-0.7334551,2.3458126,0.36921793,1.3492157,0.07056759,-0.031750932,0.118837364,-1.0497513,0.5335407,0.37976584,0.12904295,-0.24438584,0.4800853,1.2356501,-0.20077215,0.41138226,0.0013816066,0.99372,-0.27650973,-0.0432847,-0.16763496,-0.65539944,0.37049994,0.0716169,-0.6817826,0.4835507,0.30380273,-0.2595228,0.7323307,-0.396087,0.5704037,0.5604602,0.6498337,0.19125396,0.07990557,0.29465872,-0.19678956,-0.5332864,0.18299164,-0.7318207,0.0020077284,0.2205329,0.5513121,-0.06590431,-0.42844677,-0.17401889,0.12633085,-0.2918959,-0.12558615,0.25150287,0.03702897,-0.2862751,-0.532682
1,5.364373,199.49794,17.924988,-20.972597,19.117825,-7.307167,-1.0943515,6.337598,3.1469665,13.448498,0.8276589,10.860544,2.5817199,-7.970519,-3.7863123,9.331015,-4.4965715,-3.0315456,-17.101486,4.08578,-1.4457314,2.5025692,4.5380683,-0.08091064,-0.7479654,0.10338937,-0.9305407,-0.7233121,-3.001543,2.5289612,1.9790231,-2.1824882,1.3170289,6.9227877,-0.4555345,0.7014731,-5.849948,2.8003037,0.2285702,3.2985787,-2.4185991,2.2374787,-3.2697024,-2.3323212,3.3768864,0.58603585,0.7618689,-2.5266504,3.1683865,-2.9209747,2.540934,-1.0378655,-1.0173664,0.8777889,-0.4675671,2.7522006,3.90338,-1.5801814,3.47156,4.7077184,-1.288457,-1.4549477,-1.6170473,-0.65671575,-3.3910947,-1.427388,5.6550035,0.54130876,2.647375,0.1645854,1.2102134,0.14243242,0.92253447,0.4055457,2.8328767,0.43127775,-0.5003458,2.2287788,-1.08448,-0.3779497,1.0610088,-0.12718022,-1.9292471,0.8695122,-1.17925,-1.946779,-0.7018887,0.41178688,-0.6843486,0.06178967,-0.56416714,-0.20598222,0.8113119,-0.7220925,-1.5184039,0.66743225,-0.8493844,0.108590364,0.33108404
2,21.05793,17.924988,60.76525,-14.948885,-5.393484,-0.71578944,2.14352,4.4778852,2.7542546,9.989689,7.2084436,-3.8520894,0.16293985,1.5031114,-4.3896227,7.6111984,-5.2574463,1.7670879,-3.0599904,6.692916,-1.0253327,1.6675625,1.8339579,-1.6246595,1.4146864,-1.5678122,1.0128785,-0.19833928,-2.268734,-0.67552,1.5163387,1.494667,1.4324677,0.19013031,-4.1238446,-2.6597848,0.71394444,1.5596516,-1.904754,-0.80344737,0.2210444,1.5968652,0.58926415,-1.3692681,1.3539331,-0.042843513,-1.3571154,1.3745542,-0.187105,0.28487885,0.21193077,0.4063503,1.3803601,-2.6030793,-0.41474152,-1.6013787,0.65494436,-0.3256178,0.5736372,2.1106255,-1.5127077,0.9057373,1.006769,-0.87939996,-0.23521459,0.73581564,-0.9153509,-1.2347003,-0.036736384,0.029687546,0.3273089,1.1042111,-0.23434395,0.6326008,1.049654,-0.3615486,-0.30063874,-0.5514225,0.64054894,0.79120255,0.01021268,0.4333641,0.15190327,-0.73675394,0.3930505,-0.99869084,-0.025814299,0.18659759,1.6026055,-0.1490612,-0.28235972,0.65949804,-0.15963821,0.6426519,0.14330815,-0.89616853,-0.29324946,0.3724552,0.19456497
3,-10.663506,-20.972597,-14.948885,47.150475,1.8346047,8.798948,-7.753945,-1.3384147,3.6099894,0.87185746,-1.7868361,-1.6342309,-4.6929965,-0.11948462,-2.0740857,-2.534635,-2.5700371,2.0433278,1.7695458,0.79957783,2.0881176,-0.389665,-1.9150062,2.374479,-1.241614,-0.077149734,-3.6145658,3.046881,3.5316982,-0.15155748,0.30580792,-0.38940477,0.8634261,-0.19809467,-0.5433197,1.5230296,-1.7412009,-0.2170555,1.5092587,0.4796828,-0.11070273,0.42486423,0.32799083,2.2322679,0.7622086,1.8761449,1.0054291,-1.0514432,-1.6006021,-0.58512896,-1.4461368,1.9973979,-0.78224456,1.7104318,1.1636977,1.469717,-1.6773906,0.29299477,0.61701506,-1.4893003,0.96347606,0.22139445,-0.8531464,-0.5065068,0.35551506,-0.24847895,-0.22227448,-0.17272411,0.64038235,0.9270257,0.67334795,-0.37828356,0.90272975,1.572799,0.14066799,0.35731167,0.9615313,-0.066889904,-0.035142586,-0.63152224,0.054828778,1.0742755,0.14218947,0.13945675,0.65594006,0.1662383,0.10635674,-0.3928157,-0.9036716,-0.09452498,-0.36484584,0.75050426,-0.2998818,-0.07743248,0.0049832193,-0.43982846,-0.055540413,0.5120261,0.13631597
4,-14.211616,19.117825,-5.393484,1.8346047,42.99802,5.4878354,-8.717119,-4.3204565,-3.891777,0.67166233,-3.821598,0.2905278,-2.656261,-1.9654806,3.3675232,-3.9517496,2.9518993,-2.4547994,-7.331,3.007113,-1.1844586,1.595978,-0.21790385,2.9805293,0.678314,-0.79727507,1.0550717,-3.5070183,1.6511517,-1.0073842,-1.2423949,3.942802,-0.4821292,0.87144125,-1.6488383,2.189651,0.21435335,0.14241925,0.72220933,-0.37306333,1.7115982,0.041339535,-1.830475,1.344383,-0.2573524,0.4932493,-0.52183867,-1.659292,1.2425132,0.542328,0.016644944,0.4167434,-0.32214102,0.49914107,-0.6569951,-0.46977437,0.92494804,-0.865481,-0.3281747,0.14715992,-0.019998983,-1.4671787,-0.55101764,-0.82945466,-0.0046332553,-0.7493573,0.28596795,-0.22423482,-0.16177619,0.27914995,1.4733417,0.10465684,-1.2679834,-0.41866094,0.48708284,0.14368242,0.3720206,-0.0017336069,-0.9207109,-0.37542683,-0.4634968,0.13168336,-0.23387177,0.4739142,-0.12821257,0.02175092,-0.044035044,0.014652278,-0.34851027,-0.21156608,-0.011784741,0.35462072,0.73572713,0.22074646,0.47928602,-1.044391,-0.43028754,0.581513,1.1735741
5,5.75582,-7.307167,-0.71578944,8.798948,5.4878354,33.08834,1.0177519,-7.638173,-0.30694145,-0.99618936,-1.3248696,-7.2609124,3.9475496,2.4337616,0.37434697,-3.1418815,3.862988,-0.09429848,0.44342065,1.8156178,2.0396144,-0.25394988,-1.7917567,4.425215,0.39990553,0.05749127,2.0310297,-2.7842622,1.5631442,-0.8866453,0.43363512,-0.6644388,1.3926644,-0.5816169,-0.4496101,1.2227945,0.9965521,-2.101629,2.3383265,0.37904543,1.1730628,-0.8301703,-0.015272878,-0.15906316,0.60837793,-0.5839467,0.8709387,1.6979935,-0.89704275,1.4196112,-0.8228498,1.751478,-0.8110087,1.71493,1.9835753,0.19327223,-0.043693744,0.5663996,0.30664706,1.3909383,-0.20491906,-0.47244564,-1.0355438,0.3929219,0.6246869,-0.39660314,0.33805096,-0.07218437,0.22930768,0.09243184,0.48913875,-0.28575736,-0.29260352,0.9604698,0.3299613,-0.4923393,0.68365407,0.46433234,0.16508232,-0.440923,0.046018127,0.5403265,-0.86975217,-0.42668068,0.15894729,-0.17910203,-0.64535046,-0.023048095,0.03044742,-0.16229615,0.05766931,-0.13426043,-0.12962471,-0.22728649,0.061540954,-0.17878616,0.031958476,-0.38494474,-0.16011435
6,9.493604,-1.0943515,2.14352,-7.753945,-8.717119,1.0177519,37.871056,2.6269016,-9.280451,4.7154,-4.6115828,-0.012569761,3.015585,-0.36980045,-2.1427493,-0.15847194,4.6570735,1.8556479,0.59769344,-0.0016544136,1.1368382,-2.058743,4.1312923,-1.3035531,-2.3728302,1.2075595,0.69944847,1.531171,-2.1117382,-1.1125538,0.8969413,-2.4176946,2.9384565,1.4761553,0.93122196,-0.8472235,2.2614326,-1.7667524,-0.15624356,-0.6754792,-2.6661627,1.3254138,0.8002143,-0.20906495,0.247695,-0.15740943,-0.05949226,0.08150515,-1.9123263,0.24138919,-0.3013466,0.016570248,0.670279,-0.54345095,-0.12425434,-0.017958239,-0.3875415,-0.19938278,-0.4545263,0.17068027,0.91525805,0.6783202,-1.2340411,0.99306226,-0.5413532,0.20087436,-0.58865607,0.23658034,0.18508407,0.59419763,0.3443474,-1.6961403,-0.5339865,-1.16029,0.12790498,-1.1586819,0.23330313,0.12352738,0.4709037,0.017554244,0.4304709,-0.18759352,0.39018852,0.4422054,-0.34193885,-0.24839479,0.13733453,-0.15493214,0.44759795,0.3425824,-0.36195529,-0.43971354,0.20755391,-0.07422675,-0.012115,0.32018715,-0.026815012,-0.28466213,-0.287821
7,-2.4306364,6.337598,4.4778852,-1.3384147,-4.3204565,-7.638173,2.6269016,21.920183,4.322109,-0.252437,0.6709757,-0.43094933,1.4820888,-3.8694398,6.487566,1.7346244,-1.5184195,3.1728165,0.24956146,-3.3665113,-0.66518605,0.84802115,3.2039127,-2.4331062,0.069304734,0.1368885,0.26769382,1.7121491,-1.1149554,1.5322638,-0.9818828,0.3260924,1.8772078,1.5259722,-1.6804373,0.48514834,-1.217529,1.6362878,-0.43202695,-0.6879759,-1.9755658,0.93823445,1.2688202,0.8506031,0.48917013,-0.15978786,-0.9540796,-0.33574972,-0.72404814,-1.1405821,0.36541378,-0.15411428,-0.110954784,-0.72825134,-0.8355142,0.0022521392,0.88325393,0.1976262,-1.0138385,-0.46123642,-0.7136929,-0.33000666,-0.07721193,-0.32792056,0.041552022,0.5432869,0.076694846,-0.1482707,0.21698494,-0.04557106,0.9969188,-0.06723316,0.12864561,0.4396579,-0.27029735,-0.17583928,-0.7960404,-0.6631876,0.7121959,0.5846709,0.015355423,-0.19878063,0.29750317,-0.54090106,-0.115060374,0.79271406,0.14138606,-0.040099286,0.10833843,-0.46009263,-0.23784678,0.49322456,-0.3986769,0.2925833,-0.030229326,0.243979,0.07264438,-0.2947566,0.4566096
8,-2.0837307,3.1469665,2.7542546,3.6099894,-3.891777,-0.30694145,-9.280451,4.322109,23.593832,-0.9853201,5.629508,2.4733295,-2.6621168,-4.2295685,4.5429626,0.024497285,-4.50277,-0.22641425,-0.32865536,-0.33488092,-1.9113157,1.8083186,1.0908599,1.6518986,-1.5999459,-0.0038764633,-0.73146987,-1.6626382,1.3817859,1.4420044,-0.4342526,-1.279345,-0.098762825,1.9862745,-1.1918745,-0.1910015,-0.96197945,0.6558964,0.3372391,1.478755,1.4341364,-0.75006735,1.3239439,-0.14276423,0.8036554,0.45094436,-0.16498423,0.22715572,-0.11074388,-0.25668675,0.34834778,-1.1716105,-0.42121127,-0.16944481,0.10370254,0.0190863,0.81430835,1.1743042,1.0607591,-0.77896273,0.1217141,0.7311845,0.047093973,-0.14264205,1.0117891,-0.5376456,0.15542194,0.36509573,-0.29229832,-0.7010633,-0.1582154,0.4486058,-0.3602454,0.94729495,0.08443665,-0.16968474,0.105995014,-0.12578483,0.39926738,0.23438153,0.117810324,-0.005153846,-0.2592293,-0.53124815,-0.36667657,0.6065002,-0.29921186,-0.106373005,-0.5213573,-0.6868044,-0.035918318,-0.36895022,-0.678303,0.20253992,-0.17660245,-0.7114252,-0.022127256,0.0403002,0.13874726
9,10.263531,13.448498,9.989689,0.87185746,0.67166233,-0.99618936,4.7154,-0.252437,-0.9853201,21.89221,5.1261415,-5.1171007,-0.03577579,3.0237126,-5.3219757,-0.77423793,0.034223747,-0.47424445,-1.7254448,6.5233054,2.7333436,0.0606948,1.5942099,0.88712573,2.732726,2.173879,0.6402856,1.2706051,1.128154,-1.7335119,0.16728348,-2.4683645,-0.37331986,1.6419618,-1.0306017,-1.5715959,0.96993756,-0.10545714,-0.65122426,0.7064816,0.07259647,1.2836943,-0.98145175,0.36958605,0.35248378,0.42214715,-0.15054917,-0.09522965,-1.2318206,0.6760314,-0.41331553,0.35855702,0.27781552,-0.75010675,-0.36457348,0.5482595,-0.2500851,-0.09726743,-0.2295636,0.4189912,-0.16240397,0.077765614,-0.47920674,0.81798464,-0.4203336,-0.4137787,-0.1067916,-0.5494801,0.38982698,0.5929272,0.5709597,-0.06856692,-0.07073507,0.26839393,0.6414976,0.3132377,0.36017865,0.41025418,0.6152035,-0.038275003,-0.103134856,-0.30793652,-0.62322617,0.012983882,-0.16866958,0.009047107,0.35248825,0.28919816,-0.09369382,-0.85077834,-0.37489527,0.05270683,0.17695147,-0.099958815,0.45971546,-0.48265612,0.43342945,0.20228803,-0.29716504
10,5.3857594,0.8276589,7.2084436,-1.7868361,-3.821598,-1.3248696,-4.6115828,0.6709757,5.629508,5.1261415,21.383211,-0.16196114,-1.2754314,0.7787684,1.4261692,1.2203683,-0.0112877935,-2.3256593,0.032391734,1.0138996,2.6369796,1.6360023,-2.0964298,0.7154764,0.9757354,-0.07070545,1.0791421,-3.2473142,1.2230153,0.9723997,-0.9171247,-2.1173506,0.22400644,2.031604,-1.571631,1.3256359,0.8090901,0.16064227,0.6351961,0.009847144,0.44087434,-0.26648924,-0.6104443,-0.5004668,0.4298523,0.43812308,-1.2503564,-0.22384223,-0.4221301,0.22957984,0.414038,-0.74074054,0.24791701,-0.15034458,-0.15791625,-1.0562174,-0.5230802,0.5823719,0.94438607,0.12848788,0.14389968,-0.17906308,0.75495166,-0.1898402,-0.11982258,-0.36058754,0.111539334,-0.2116169,-0.083033204,-0.23974115,0.15510914,0.70999146,0.504886,0.08970882,-0.34518254,0.33043748,0.86094356,0.41718715,0.8027612,-0.14676566,0.040357284,-0.21867566,-0.30742323,-0.12778866,0.039243743,0.32350928,0.18506172,0.99450266,0.45772344,-0.8982823,-0.07768507,0.21230179,-0.3493994,-0.008660058,-0.37587702,0.41935053,-0.023735594,0.020788167,-0.29322547
11,-8.568609,10.860544,-3.8520894,-1.6342309,0.2905278,-7.2609124,-0.012569761,-0.43094933,2.4733295,-5.1171007,-0.16196114,17.78253,-3.4797826,-2.5210185,2.066575,-1.4312001,-1.5886096,-1.9792407,-3.2510052,-1.672296,-0.31147,0.58092535,-1.6675136,-3.1225042,-1.1230972,-1.056284,-0.6336894,-1.7586725,1.2197814,-0.16792205,0.56231546,0.8600349,0.2808662,-0.25329414,-0.116119385,0.36796394,-1.263576,-0.72243583,-0.23976603,-0.55985534,-0.48072755,-0.91309214,0.69535184,-0.62606263,0.8026599,1.5634675,-0.6096835,-1.3487554,1.1493373,-1.3641729,-0.0452621,0.30364868,0.35473502,0.325909,-0.047722127,-0.35290182,-0.6781624,0.7375981,0.99090624,-0.51622695,0.20641312,0.4192992,0.3043314,-0.59423816,-0.2215589,0.40162092,0.5575261,0.16293418,0.61663115,-0.2828067,-0.43466815,-0.6915262,-0.19545841,-0.5403334,0.18104436,0.38687843,-0.62664133,0.19293743,0.21142903,0.10625714,0.16566555,-0.41034895,0.04158756,0.75215805,0.027470097,0.43977767,0.12086124,-0.14319697,-0.20779854,0.32524526,0.13302654,-0.11981794,-0.14965717,-0.18352717,-0.19581965,0.18498653,-0.53642553,0.23364718,-0.1018983
12,10.222755,2.5817199,0.16293985,-4.6929965,-2.656261,3.9475496,3.015585,1.4820888,-2.6621168,-0.03577579,-1.2754314,-3.4797826,18.16108,-2.0416698,-4.8909445,1.1760604,3.0527442,2.1449885,0.24572664,-0.8786131,0.6704173,1.658143,0.21602434,-0.73821735,1.7827826,1.8321736,0.70167494,0.8731027,0.40560377,0.9349009,-0.6663209,-1.2826793,-0.40803853,0.389269,0.5003039,0.7547984,-0.58915347,1.4789648,-0.3200516,0.20813176,-0.74900115,0.6432144,0.83065903,-0.8911985,1.7833618,-1.8271563,-1.9010801,0.94503444,1.195035,0.96737313,0.16979286,0.31205833,-0.81739056,0.9818759,0.2885227,0.1633183,0.020436853,0.12878506,-0.7396987,-0.41914016,-0.4737633,-1.3258333,0.3656671,-0.38734737,-0.13130446,-0.1564844,0.34821987,-0.48266715,0.2926529,-0.07658168,-0.5179042,0.31850365,-0.022560446,-0.15424737,0.35993797,-0.5627377,0.0781755,0.22158942,0.24994336,0.2501078,0.12420249,0.28330934,-0.16147706,-0.26494145,0.15154791,-0.71652186,0.13329533,-0.039535835,-0.25679684,0.3052123,-0.12788981,-0.1508202,-0.07581386,-0.27007478,0.1095006,0.13127929,-0.24333146,-0.4679503,-0.24378744
13,1.6465828,-7.970519,1.5031114,-0.11948462,-1.9654806,2.4337616,-0.36980045,-3.8694398,-4.2295685,3.0237126,0.7787684,-2.5210185,-2.0416698,14.49958,-0.4336629,-0.83216023,-0.7839714,0.069744125,-0.59191334,1.0020121,0.021601537,-0.30990356,0.3345123,0.198713,-0.64410037,-0.005120455,0.4586162,-0.2088391,1.169349,0.13086641,0.44192973,-0.5235543,1.2185913,-0.9459146,0.001057676,-1.7289953,2.4444942,-0.8870476,0.53424454,1.6816778,0.70282674,0.07102656,0.80072045,-0.25284344,-0.1367031,-0.94880414,0.43878663,-0.4859284,-0.22888342,0.87660295,-0.5615247,0.3466491,0.6069162,0.06921584,-0.6900279,0.19330722,-0.78437746,-0.8250867,-0.31815237,-0.08221629,-0.6668002,-0.49312377,-0.050370492,1.1070501,-0.8541035,0.047890678,-0.023170771,-0.19768983,-0.48045158,0.42905337,0.15378995,-0.23018402,0.028611118,0.09861711,0.15911102,0.086295724,0.34430796,0.19723448,-0.16575253,0.08019686,-0.0091879545,-0.4541396,-0.8309759,-0.273633,0.046591096,0.27485895,0.14155677,-0.02340283,0.15673056,0.35477173,0.3146602,0.25287658,0.39552504,-0.20425054,0.19920948,0.23123561,0.24890047,0.09066379,-0.1721436
14,-9.001068,-3.7863123,-4.3896227,-2.0740857,3.3675232,0.37434697,-2.1427493,6.487566,4.5429626,-5.3219757,1.4261692,2.066575,-4.8909445,-0.4336629,16.128496,-3.3661027,0.78299665,-0.0041182805,-0.22551982,0.21687695,0.068228096,1.314616,0.80508447,0.5789429,-1.722296,-4.2951183,-1.0763247,-2.9163125,-0.07589915,0.34961817,-0.09326611,-0.41603425,0.6120523,1.0047963,-0.6145483,1.581894,0.6348059,-0.47968662,1.1988748,-0.0011622047,-0.75247765,-0.6130411,0.30426806,0.70611465,-0.73787546,-0.75085866,-0.18371631,-0.0019494038,-0.18589239,-0.66554713,0.11186081,-0.24855399,0.45224583,0.8048301,-0.49253476,-0.13485008,0.4696483,0.30600566,-0.638523,0.017213218,-0.23888493,-0.1133645,0.05488365,0.21411338,0.17736298,0.44122624,0.18641737,0.1575217,-0.16528693,0.19812894,0.4121729,-0.29539695,-0.15508609,0.42736596,-0.58030385,-0.29899967,-0.64015126,-0.3988132,0.05422818,0.2804839,-0.5597828,0.029006481,0.021455746,-0.10472159,-0.033717394,0.7695253,-0.27803063,-0.15555,0.01812413,-0.37659782,-0.10155711,0.22669552,-0.712009,0.19711085,0.280015,0.6394299,0.10037134,0.09400745,0.32009503
15,3.5155728,9.331015,7.6111984,-2.534635,-3.9517496,-3.1418815,-0.15847194,1.7346244,0.024497285,-0.77423793,1.2203683,-1.4312001,1.1760604,-0.83216023,-3.3661027,13.385054,-2.1997118,-2.9053085,-1.7886153,-0.95413727,-1.6801909,-1.0516682,2.5242033,-1.5136831,-0.84349513,-0.9172497,-1.2728722,-0.42288527,-0.80963373,1.7536021,0.7005055,1.1250851,-1.1108,1.2639782,-0.020592773,0.044828556,-0.8360398,1.7128441,-0.76791584,0.4132009,-0.4139192,0.9076599,0.17588176,-0.8662598,-0.2679126,-0.7599239,0.029896263,0.34910554,-1.2311888,-0.038636472,0.16530001,-0.9097359,-0.3436082,-1.0678364,-0.022842664,0.22523402,-0.13398106,-0.3440311,0.8760215,0.24407104,0.04501401,-0.07207408,0.07924302,0.15415585,0.3860219,0.2956437,-0.0732525,0.057023257,-0.15773362,-0.71694505,-0.0743753,0.78872275,-0.045298096,0.07646606,0.42089462,0.17338249,0.1840964,0.4370985,-0.32702166,-0.20113355,0.14699954,0.20996277,-0.1601091,0.2411882,0.06683351,-0.11474437,0.31531116,-0.13808648,0.57314026,-0.3072657,0.24868247,0.33500615,-0.24207123,-0.21324518,-0.3002998,-0.05798526,-0.2897666,0.04166793,-0.036939185
16,5.1207724,-4.4965715,-5.2574463,-2.5700371,2.9518993,3.862988,4.6570735,-1.5184195,-4.50277,0.034223747,-0.0112877935,-1.5886096,3.0527442,-0.7839714,0.78299665,-2.1997118,10.992653,0.7616146,2.646934,0.43854764,1.4203242,2.5148916,-0.4405071,-0.28412795,1.1008301,1.142323,0.95641077,-0.6526912,0.9014331,-0.8402627,-0.68528223,-0.5417854,0.6065303,0.22744557,-0.44955242,0.5489782,1.0833263,0.056637518,0.11696035,-0.2613337,0.17881268,-0.43791616,-0.569957,0.49470127,-0.081429124,-0.090020224,-0.8738038,0.7726601,0.23395999,0.5494312,-0.69754547,0.34509432,0.10921627,-0.16909835,0.26780495,0.3315739,-0.08388562,-0.15824433,-0.16167402,0.75005335,0.16364908,0.038633376,-0.30716014,0.9482624,-0.19359076,0.09304985,-0.35855168,-0.19055459,0.4484059,0.2623028,0.1424967,-0.084057234,-0.023628544,-0.5142656,0.22544172,-0.15070772,0.18639553,0.25042856,0.26586768,-0.12512007,-0.3994578,0.101793915,0.23473407,0.06984033,-0.067830406,-0.036780506,-0.011213772,-0.12524736,-0.23609704,-0.09297481,-0.24103123,0.007398615,-0.00481038,-0.3029961,0.0020296103,0.65120745,0.109708264,-0.04041394,-0.26814437
17,1.2043798,-3.0315456,1.7670879,2.0433278,-2.4547994,-0.09429848,1.8556479,3.1728165,-0.22641425,-0.47424445,-2.3256593,-1.9792407,2.1449885,0.069744125,-0.0041182805,-2.9053085,0.7616146,7.680005,0.5868021,-0.5538068,-0.66752446,0.890961,-0.5860524,0.9017683,-0.33986533,0.8355817,0.84351414,1.4088044,-1.4771298,-0.37140024,0.31501767,-0.9473392,1.8508492,0.3737926,0.984028,-0.03976181,-0.07518415,-0.72412837,0.15089512,0.54024255,-1.210619,0.51041174,0.6442938,0.331671,1.0416951,-0.11287455,0.045550033,0.21725321,0.3917697,-0.3403649,-0.25154844,0.26550645,-0.6066838,0.24264404,-0.280773,0.3263672,0.04515512,-0.46524608,-0.64471614,0.18946113,-0.45052886,-0.44373584,0.586287,0.32807332,-0.3290364,0.6138903,0.013899569,-0.04622026,-0.06145952,-0.044884592,0.27418348,-0.16018353,-0.05732952,0.38739768,-0.35488093,-0.4200813,-0.22776139,-0.43139508,0.0051780907,-0.027022004,-0.13671607,0.28258044,0.01100748,-0.4606529,-0.13050827,-0.13818502,0.032620862,-0.4746648,-0.17632754,0.21332973,-0.12784746,-0.030550588,-0.005892643,0.27219868,-0.335938,-0.1829958,0.29999357,-0.06005294,-0.11497462
18,4.933511,-17.101486,-3.0599904,1.7695458,-7.331,0.44342065,0.59769344,0.24956146,-0.32865536,-1.7254448,0.032391734,-3.2510052,0.24572664,-0.59191334,-0.22551982,-1.7886153,2.646934,0.5868021,12.61969,-1.5815556,0.40800172,0.2404943,-1.2128937,-0.5195659,-0.42450318,0.44229203,0.5923099,-1.2572203,0.82279664,0.47365907,-1.4717754,-0.4685617,0.5574846,-0.052144088,-1.4621136,-1.4653959,-0.24624276,-0.426575,-0.07046145,-1.1163718,-0.77813625,-0.29540724,-0.71284676,-0.094515696,-0.10423562,-0.5212531,0.96442914,0.5287994,0.69670963,0.017920054,0.16162455,0.23522374,0.53061783,-0.45755506,0.6527806,0.40359402,0.20356515,0.010713039,-0.14466244,-0.005661389,0.6876912,0.8338833,-0.09967306,0.9184259,0.28972122,-0.07616648,-0.36993665,0.13715166,0.6479187,0.22150847,-0.2548049,-0.36889428,0.20306617,-0.04108815,-0.06900397,0.22249994,0.088203564,-0.18577066,-0.045768984,0.28303123,-0.13694687,0.10213608,0.4906379,0.047333732,0.41662908,0.13968283,-0.27551407,0.15802623,0.38346687,0.22103634,-0.5886793,-0.14288616,0.19476569,0.032695524,-0.021060763,0.3871452,0.15620953,-0.15326571,0.2071606
19,4.010498,4.08578,6.692916,0.79957783,3.007113,1.8156178,-0.0016544136,-3.3665113,-0.33488092,6.5233054,1.0138996,-1.672296,-0.8786131,1.0020121,0.21687695,-0.95413727,0.43854764,-0.5538068,-1.5815556,7.733825,0.18981886,0.6540208,-0.78587794,-0.1868242,1.718487,-0.5327302,-0.53923273,0.4654711,0.96049726,-0.9633576,-0.07881192,-1.1878846,-0.68134,-0.6175469,-0.47331533,-0.6880259,0.40539712,-0.12951146,-0.077650085,0.43109357,0.99113965,-0.098609924,0.07299342,-0.31549686,0.07733534,-0.30365655,0.38273063,0.6959854,-0.06574868,-0.20426866,-0.5279706,-0.14002928,-0.05808927,0.046181854,-0.373679,0.36859104,0.28132695,-0.24856803,0.37332115,0.5927767,0.4243961,0.22886084,0.08876965,0.14159271,-0.1224851,-0.007921521,-0.05252073,-0.39813805,0.07427591,0.42876753,-0.0073187156,-0.03912189,-0.15558748,0.043962643,0.39048266,0.1727958,-0.039980814,-0.0063249087,0.19262159,-0.073617786,-0.29540277,0.15962559,-0.28302124,0.03237927,0.001890931,-0.096076936,0.021958482,-0.033106875,-0.09789879,-0.09365952,-0.4149698,0.012114467,-0.049335297,-0.058368165,0.41293383,-0.32410377,-0.2286089,0.38655624,0.050146054
20,2.0383067,-1.4457314,-1.0253327,2.0881176,-1.1844586,2.0396144,1.1368382,-0.66518605,-1.9113157,2.7333436,2.6369796,-0.31147,0.6704173,0.021601537,0.068228096,-1.6801909,1.4203242,-0.66752446,0.40800172,0.18981886,7.320388,-0.26210445,-0.008924719,0.18491827,2.2769423,0.1812774,0.041372396,-0.19823661,0.80817163,-1.0381927,-0.47981858,0.064854145,0.12508827,1.0300512,0.4746917,1.1544049,-0.07757805,0.054357428,-0.027857602,0.16450128,-0.8969142,0.093248725,-0.5927907,-0.50257576,-0.75048023,0.75183713,-0.42993498,0.58588254,-0.4457346,0.23086071,0.033697456,0.77192277,-0.09910013,0.08160796,0.60883915,0.023313887,-0.21241406,-0.87959176,-0.33264637,0.16818526,0.09997733,-0.12504792,0.34048265,0.06905836,0.10022281,-0.32797897,-0.38248274,-0.5482454,0.6156831,0.1365387,-0.31918103,-0.17778847,-0.0917508,-0.4049111,-0.5662112,0.079309635,0.11489387,0.028470743,0.037366554,0.14394896,-0.23455799,0.03681039,0.1337228,0.13195345,0.41810474,-0.18920259,0.02437707,0.056505814,0.070427924,-0.11024587,-0.10808313,0.004350893,-0.051417626,-0.12616283,0.034680404,0.40663517,0.0547927,0.019451482,-0.07469615
21,2.3489828,2.5025692,1.6675625,-0.389665,1.595978,-0.25394988,-2.058743,0.84802115,1.8083186,0.0606948,1.6360023,0.58092535,1.658143,-0.30990356,1.314616,-1.0516682,2.5148916,0.890961,0.2404943,0.6540208,-0.26210445,4.864472,-0.2999755,0.14191942,0.1773228,0.1187419,-0.15491939,-0.51800776,1.1791148,-0.5846473,-0.5958407,0.052437436,0.22165322,0.16399023,-0.7336017,0.63656366,0.5032851,0.5469781,-0.028982073,-0.23300956,-0.15160742,-0.93423975,0.31400803,0.29083443,0.28014186,-0.2045591,-0.8174789,0.13242748,1.1290897,0.1908283,0.2934134,-0.21793972,-0.30543727,0.0329289,0.0009902094,0.11982611,-0.3442004,0.12172352,0.4256097,-0.2134095,-0.18651688,-0.03254835,0.06259538,-0.08310011,-0.0025615047,0.08092219,0.119237095,-0.27376416,0.15938525,0.41896576,-0.20904347,0.13836446,0.01027668,-0.0054144133,0.17527905,-0.37518895,0.09068452,0.116521224,0.20500681,-0.011900775,-0.038887084,0.12675647,0.24327812,0.015602801,0.19986133,0.20672676,-0.04776091,-0.37490934,-0.027397163,-0.0760084,0.078204945,0.07053358,0.09940183,-0.14286429,-0.2644446,0.27117798,-0.1611123,0.04053337,-0.037167676
22,0.41592753,4.5380683,1.8339579,-1.9150062,-0.21790385,-1.7917567,4.1312923,3.2039127,1.0908599,1.5942099,-2.0964298,-1.6675136,0.21602434,0.3345123,0.80508447,2.5242033,-0.4405071,-0.5860524,-1.2128937,-0.78587794,-0.008924719,-0.2999755,8.447007,0.63838863,0.26478523,-0.7651202,0.88860595,-0.026701452,-1.3330339,-0.56175923,0.013652436,0.6743187,0.6145719,-0.05562974,-0.18119618,-0.73692894,0.6667187,1.530557,0.03691919,1.0924945,-0.6911856,0.2163076,0.28372216,0.70188177,-0.1560314,0.08184981,-0.32345212,0.114596665,-0.38295573,0.06974139,0.10331981,-0.32974717,-0.104964554,-0.23386347,-0.79794675,-0.47807857,-0.18072799,-0.18180048,-0.04373935,0.11181229,-0.2218316,0.12608013,-0.30555317,0.0049639693,0.17751247,0.06253819,-0.13563906,-0.28515834,-0.59704685,0.14574501,-0.009040948,0.36732626,-0.19734232,-0.13988547,0.4310816,-0.21598673,-0.42764083,0.17294312,-0.080029905,0.16017011,0.23018228,0.090014115,0.113958314,0.054687176,0.42383954,-0.07008292,0.2368693,-0.3356995,-0.37195283,-0.14394583,-0.002445986,-0.16478893,-0.21685046,-0.04137864,0.10979316,-0.2275925,0.51422894,-0.31921524,0.07119177
23,-1.2230229,-0.08091064,-1.6246595,2.374479,2.9805293,4.425215,-1.3035531,-2.4331062,1.6518986,0.88712573,0.7154764,-3.1225042,-0.73821735,0.198713,0.5789429,-1.5136831,-0.28412795,0.9017683,-0.5195659,-0.1868242,0.18491827,0.14191942,0.63838863,5.6729283,-0.5356705,-0.33342117,0.9287163,-0.59754515,-0.029418133,0.44996095,1.2419832,0.32574716,0.3981908,0.90009797,-0.07097928,1.6521009,0.48239714,-0.8842026,-0.24592453,0.49788004,0.02049174,0.17160925,-0.2951119,0.049881116,0.30254704,-0.26972896,0.78842217,0.13217899,-0.38691008,0.9287019,0.22915202,-0.092065565,0.00880928,0.5376463,0.40483457,-0.090366594,-0.26645413,0.003011175,0.07149854,0.18970442,-0.3660469,0.055666447,-0.09022442,0.02959471,0.2904852,-0.3938955,-0.09788817,0.46448752,-0.4792569,0.32432404,-0.01829509,0.24951279,-0.24684817,0.20416819,0.0845125,-0.13809401,-0.02411265,-0.06674963,-0.11081995,0.10387442,0.019439897,0.085715055,0.16155824,-0.17010191,-0.13720858,-0.22918382,-0.32999974,-0.203771,-0.18820226,-0.14663298,0.39940506,-0.24983016,0.039585173,0.26012194,0.031085229,-0.31396076,0.313232,-0.11786696,-0.014227877
24,2.701614,-0.7479654,1.4146864,-1.241614,0.678314,0.39990553,-2.3728302,0.069304734,-1.5999459,2.732726,0.9757354,-1.1230972,1.7827826,-0.64410037,-1.722296,-0.84349513,1.1008301,-0.33986533,-0.42450318,1.718487,2.2769423,0.1773228,0.26478523,-0.5356705,4.037552,0.5760222,0.74560803,0.6627187,0.44372737,-0.48091084,-0.5365188,0.34019995,-0.3276378,-1.0157809,0.5089954,-0.3046259,-0.19567886,0.71759725,-0.31021756,0.08547767,0.19781932,-0.44348347,-0.40303814,-0.031003026,0.070427135,0.19869879,-0.32860333,0.8058412,0.010155788,-0.06569109,-0.22241905,0.061270718,-0.55105937,-0.30001605,-0.20328005,-0.1600844,-0.10823448,-0.29823214,-0.2613967,0.40982997,0.002288146,-0.089955784,-0.010108018,-0.11148593,0.17209284,-0.022504937,0.044675432,-0.34108645,0.02565857,0.09478738,-0.058603793,0.30548155,-0.28279403,-0.33733743,0.03759269,0.34665656,-0.29581726,0.033995226,0.08013817,0.25224337,-0.1271572,0.0007822958,0.17185055,0.00037409936,-0.017597169,-0.09654024,0.11476332,0.034953233,-0.1268068,-0.21039504,-0.21924908,0.0061210943,0.027023006,0.06368557,0.15902382,0.026982881,-0.016620489,-0.13013619,-0.009669717
25,2.9606214,0.10338937,-1.5678122,-0.077149734,-0.79727507,0.05749127,1.2075595,0.1368885,-0.0038764633,2.173879,-0.07070545,-1.056284,1.8321736,-0.005120455,-4.2951183,-0.9172497,1.142323,0.8355817,0.44229203,-0.5327302,0.1812774,0.1187419,-0.7651202,-0.33342117,0.5760222,4.2258697,0.15403889,0.86140054,0.6193806,0.043797627,-0.5881331,-0.37392408,-0.047430724,0.10057475,0.08455716,-0.5886196,-0.21484935,-0.26293302,-0.08098672,-0.13277155,0.16500938,0.28131723,0.7405413,0.038767383,0.7206784,0.42265284,-0.104663335,-0.18124479,0.038608704,0.1571225,-0.25524515,-0.12570176,-0.30194217,-0.17037633,-0.009998653,0.3267939,-0.048378266,0.11393054,-0.06722519,-0.18489172,0.23914981,-0.029834028,-0.013597308,0.14944485,-0.101511344,-0.20336902,-0.11302595,0.1060902,-0.119677365,-0.47833547,0.017549537,0.0047937636,-0.04287616,-0.13648452,-0.1727697,-0.045016408,0.49666035,-0.017770544,0.22868153,-0.2587998,0.13805416,-0.035891972,-0.15132421,-0.06642203,-0.054465435,0.03240697,-0.14846037,0.12951714,-0.12157023,-0.018865298,0.2209581,-0.018080562,0.45037535,-0.11795685,-0.08365396,-0.100700274,0.020362066,-0.17113194,0.029345265
26,1.1964036,-0.9305407,1.0128785,-3.6145658,1.0550717,2.0310297,0.69944847,0.26769382,-0.73146987,0.6402856,1.0791421,-0.6336894,0.70167494,0.4586162,-1.0763247,-1.2728722,0.95641077,0.84351414,0.5923099,-0.53923273,0.041372396,-0.15491939,0.88860595,0.9287163,0.74560803,0.15403889,3.35896,-0.32643712,-0.79133475,0.38906378,0.013254071,0.7837573,1.59187,0.05740443,-0.3863402,-0.06692015,0.9187144,-0.0051738806,-0.4192708,0.19345868,0.27156544,-0.15422082,-0.22659868,-0.034872793,-0.07506935,0.09113066,-0.4339974,0.2987426,-0.0034513688,-0.0438852,0.0070992233,0.44094852,-0.015454646,-0.05407395,0.17586374,-0.17899257,0.21533458,0.057473246,-0.060140565,0.41914165,-0.14292383,-0.18520293,-0.04564236,0.14628156,-0.22472051,0.054046884,-0.0845487,0.03593331,0.019682217,-0.05243452,0.11840267,-0.02468174,-0.2937271,-0.06101066,0.18859608,0.14551511,-0.04676351,-0.06673047,0.2236468,0.0055190474,0.14300495,-0.33573747,0.11202058,0.029480647,0.06050405,0.032848883,0.048212245,0.2650423,-0.18004137,-0.09281015,0.0343609,-0.22329462,0.02279391,0.14624172,0.018444333,-0.15192688,0.1834357,-0.2198199,-0.09158054
27,0.5432289,-0.7233121,-0.19833928,3.046881,-3.5070183,-2.7842622,1.531171,1.7121491,-1.6626382,1.2706051,-3.2473142,-1.7586725,0.8731027,-0.2088391,-2.9163125,-0.42288527,-0.6526912,1.4088044,-1.2572203,0.4654711,-0.19823661,-0.51800776,-0.026701452,-0.59754515,0.6627187,0.86140054,-0.32643712,5.5856133,-0.66464686,-0.3848946,0.49309242,-0.71632326,-0.87119305,-1.2795162,1.4279957,-0.07713831,-0.24463135,-0.0007808935,0.038970135,0.141146,0.3789302,0.6719736,0.38402334,0.18391141,-0.20335756,0.24632415,-0.05246186,0.08867599,-0.38681924,-0.31833386,-0.26202077,0.15023004,-0.1658301,-0.46305543,-0.2371858,0.57518554,0.10327254,0.0665918,-0.21749881,-0.31514648,0.034008615,0.045769855,-0.20448259,0.09791569,-0.30154917,-0.15729734,-0.27652732,-0.16898449,0.18875584,0.19853175,-0.107655555,-0.0045502395,0.2587047,-0.2607518,0.024851449,0.19374023,-0.18502522,-0.03393805,0.0802639,0.0049798535,0.12632537,0.10912795,0.18991092,-0.18085544,-0.24859238,-0.027027516,0.19964579,-0.0113561535,-0.25700307,0.10334042,-0.06053225,0.032246985,0.16372459,0.083217576,0.2726229,-0.14374018,0.015924267,0.09607197,-0.029659487
28,0.6648,-3.001543,-2.268734,3.5316982,1.6511517,1.5631442,-2.1117382,-1.1149554,1.3817859,1.128154,1.2230153,1.2197814,0.40560377,1.169349,-0.07589915,-0.80963373,0.9014331,-1.4771298,0.82279664,0.96049726,0.80817163,1.1791148,-1.3330339,-0.029418133,0.44372737,0.6193806,-0.79133475,-0.66464686,4.026953,-0.111189775,-0.50653434,-0.5716408,-0.54259336,-0.62383515,-1.256575,0.5496644,-0.82978565,-0.27070117,0.1095224,-0.64066195,0.527918,-0.3170359,0.6399162,-0.33353812,0.44088733,-0.06779719,0.104231186,-0.10155153,0.40603673,0.33297604,-0.10739283,0.1163084,0.23903787,0.153209,0.2532065,0.32772917,-0.43639982,0.08712259,0.30370182,-0.45583016,0.05038076,0.033270143,-0.0641522,0.10997805,0.07565752,-0.27054787,-0.02897854,-0.15726568,0.12310917,0.036270767,-0.06670054,-0.1294631,0.040164072,-0.04262001,0.37580582,0.24348643,0.1146383,0.05511824,0.26310393,0.25593382,-0.044101916,-0.03187323,-0.20096281,-0.13548395,-0.053511534,0.113590956,0.19576108,0.03544964,-0.02112925,0.01916067,0.1641511,0.1413464,0.20892622,-0.22033688,0.08343129,-0.03564895,-0.23544441,0.19048285,0.16932254
29,-0.80391276,2.5289612,-0.67552,-0.15155748,-1.0073842,-0.8866453,-1.1125538,1.5322638,1.4420044,-1.7335119,0.9723997,-0.16792205,0.9349009,0.13086641,0.34961817,1.7536021,-0.8402627,-0.37140024,0.47365907,-0.9633576,-1.0381927,-0.5846473,-0.56175923,0.44996095,-0.48091084,0.043797627,0.38906378,-0.3848946,-0.111189775,2.8568184,0.014212301,0.56753135,0.3840416,0.97097075,-0.22514454,0.048043594,-0.118425064,0.3963316,-0.57372016,0.4992273,0.07240907,0.64013076,0.48134738,-0.44165322,0.25424474,-0.7253958,0.17110233,-0.12507582,-0.5980737,-0.10956189,-0.023719614,-0.32986695,0.15302947,0.3392082,-0.031520724,0.25025398,0.22441065,0.15793425,0.1265577,-0.11449455,0.075823665,-0.20900904,-0.068312705,-0.03910559,0.039454207,0.053475514,0.04802408,0.3339551,-0.010116302,-0.014932301,0.040549103,0.01312626,-0.0027034767,0.3007561,0.2414024,0.04039921,0.16626841,0.05321423,-0.06145954,0.034006607,0.2958101,-0.15954632,0.08682549,-0.034310028,-0.16098055,-0.1237821,-0.12228984,0.26723254,0.0930295,-0.008757982,-0.010870175,0.022113182,-0.12369977,-0.040235482,0.058796283,0.07295303,-0.051370174,-0.12473519,0.13565265
30,-1.1318676,1.9790231,1.5163387,0.30580792,-1.2423949,0.43363512,0.8969413,-0.9818828,-0.4342526,0.16728348,-0.9171247,0.56231546,-0.6663209,0.44192973,-0.09326611,0.7005055,-0.68528223,0.31501767,-1.4717754,-0.07881192,-0.47981858,-0.5958407,0.013652436,1.2419832,-0.5365188,-0.5881331,0.013254071,0.49309242,-0.50653434,0.014212301,3.550016,-0.14171605,-0.3515526,-0.35946274,0.81708586,0.42280793,0.38571227,-0.65151286,-0.23350827,-0.26768965,-0.18462801,-0.014295531,0.07334263,0.08889549,0.29727405,0.14579403,0.13956329,-0.21505488,-0.26379904,0.012654534,0.17560169,0.341161,-0.09406701,-0.06850442,0.12631881,0.08204173,-0.3750024,0.0543972,0.038034886,0.3341175,-0.09211876,-0.03205564,0.036510654,-0.13744104,-0.11587116,0.024996467,-0.10642274,-0.117283694,-0.057575848,0.01694447,0.23205465,0.0045080082,-0.13330175,0.39367336,0.21443896,-0.037206717,-0.51575977,-0.2179608,-0.096762545,0.124384046,-0.03408795,-0.25894773,-0.047274802,0.13306606,-0.10162909,-0.2485426,0.0665945,-0.06291062,0.24303102,0.08151639,0.17052096,0.075281575,0.004148416,-0.073681906,0.0088598775,-0.11018878,0.013301382,-0.083367854,-0.05967205
31,-2.9452043,-2.1824882,1.494667,-0.38940477,3.942802,-0.6644388,-2.4176946,0.3260924,-1.279345,-2.4683645,-2.1173506,0.8600349,-1.2826793,-0.5235543,-0.41603425,1.1250851,-0.5417854,-0.9473392,-0.4685617,-1.1878846,0.064854145,0.052437436,0.6743187,0.32574716,0.34019995,-0.37392408,0.7837573,-0.71632326,-0.5716408,0.56753135,-0.14171605,3.555201,0.9025787,0.519359,-0.6719123,0.56140965,0.24820791,0.99125504,-1.0279287,-0.42503864,0.18775855,-0.2491597,-0.058366187,-0.15261303,-0.82028127,0.095251374,-0.10156196,-0.14350343,-0.3080821,-0.060981143,0.15798976,0.302482,0.19771245,-0.18654554,0.123187736,-0.25076526,0.039309386,-0.2753123,-0.11343533,-0.009731218,-0.012334549,0.076907344,0.14082828,-0.5110302,0.1967516,0.17365986,-0.121313095,0.043375082,-0.26408374,0.04249255,-0.17873314,0.04350081,-0.16928758,-0.035086572,0.11445142,0.113550976,-0.01172597,-0.19318052,0.0076720957,0.06267844,0.06206104,-0.11861996,0.46045706,0.15141349,0.34862715,-0.14237194,0.034321167,-0.123893395,0.00611737,0.009485731,0.14260797,-0.03394988,-0.048205975,0.027531464,0.08604437,-0.17231233,-0.029345203,-0.006424384,0.11238795
32,0.10766364,1.3170289,1.4324677,0.8634261,-0.4821292,1.3926644,2.9384565,1.8772078,-0.098762825,-0.37331986,0.22400644,0.2808662,-0.40803853,1.2185913,0.6120523,-1.1108,0.6065303,1.8508492,0.5574846,-0.68134,0.12508827,0.22165322,0.6145719,0.3981908,-0.3276378,-0.047430724,1.59187,-0.87119305,-0.54259336,0.3840416,-0.3515526,0.9025787,3.7059681,0.8677968,-0.5257854,0.24215302,0.72236997,0.14286703,-0.10398312,0.80767286,-0.09190641,-0.3195753,0.38077748,-0.05766487,0.26664513,-0.01881279,-0.4613747,-0.10249674,-0.50738156,-0.56850994,-0.27190238,0.21526083,-0.0049959114,0.13663417,0.053626746,-0.26539057,0.13141811,-0.10009287,-0.1898425,0.5184884,-0.1225995,0.054587454,-0.051415592,0.24842037,-0.5027311,0.17428234,0.08614953,0.06610515,0.007631653,0.2786662,0.08076127,-0.397385,-0.14678721,0.12674487,0.15418205,-0.13016787,0.17142406,-0.14425543,0.31894797,0.0071309763,0.053337764,0.014952056,0.026485046,0.14405066,0.15262754,-0.07602078,0.07342218,-0.058511797,-0.2119298,0.03944306,-0.07638769,0.0084078,-0.009074118,0.11814174,-0.09245965,0.16368482,-0.0055946177,-0.008545771,-0.11584343
33,0.32746285,6.9227877,0.19013031,-0.19809467,0.87144125,-0.5816169,1.4761553,1.5259722,1.9862745,1.6419618,2.031604,-0.25329414,0.389269,-0.9459146,1.0047963,1.2639782,0.22744557,0.3737926,-0.052144088,-0.6175469,1.0300512,0.16399023,-0.05562974,0.90009797,-1.0157809,0.10057475,0.05740443,-1.2795162,-0.62383515,0.97097075,-0.35946274,0.519359,0.8677968,3.6597412,-0.21046884,0.89533544,-0.24675733,-0.024463536,-0.27069092,0.312337,-0.73272896,0.58977664,-0.19274257,-0.41027158,-0.039547868,-0.19797906,-0.299905,-0.21740669,-0.76568806,0.10922777,0.26243716,0.19634816,0.009156424,0.03817989,0.3018238,0.24875149,0.28329527,-0.08292323,-0.2786582,-0.13616297,0.086817,-0.15674454,0.0075866026,0.29862556,0.07578198,-0.17345302,0.27943957,0.18557402,0.110222414,-0.029444557,-0.16308726,-0.026300177,-0.063123226,0.25882092,-0.2132087,-0.042315383,0.4694665,0.07869614,0.11925181,-0.098431796,-0.09113226,0.048907552,-0.08289437,0.08155382,0.08782479,0.01209859,-0.17478484,-0.038148798,0.14377666,-0.26501638,-0.08373332,-0.10953578,-0.18027362,-0.08841772,0.039951745,0.069185,0.004390869,0.13585448,-0.06468646
34,-1.2433192,-0.4555345,-4.1238446,-0.5433197,-1.6488383,-0.4496101,0.93122196,-1.6804373,-1.1918745,-1.0306017,-1.571631,-0.116119385,0.5003039,0.001057676,-0.6145483,-0.020592773,-0.44955242,0.984028,-1.4621136,-0.47331533,0.4746917,-0.7336017,-0.18119618,-0.07097928,0.5089954,0.08455716,-0.3863402,1.4279957,-1.256575,-0.22514454,0.81708586,-0.6719123,-0.5257854,-0.21046884,2.909547,0.07838386,-0.1545751,-0.5522595,0.44195,0.8059441,-0.30473208,-0.0037162595,0.066076234,-0.19239196,-0.052440293,-0.04636959,-0.09474772,0.10004686,-0.28044525,-0.31269014,0.04244832,-0.2409189,-0.9137274,0.038936608,-0.2194288,0.103993356,-0.10380168,-0.10731475,-0.371538,-0.0038256855,0.18810917,-0.20328097,0.1618348,0.07533799,0.035755455,0.061153926,0.07696843,-0.058857694,-0.18207796,0.0022913907,-0.26319563,-0.017799178,-0.19390024,-0.12654737,-0.24569416,-0.12929313,-0.16340032,0.19723205,-0.33881176,-0.02464899,-0.028667066,0.19642603,-0.09272429,0.12836394,-0.20349275,-0.019400854,0.10027219,-0.01661899,-0.0011899961,0.07382857,-0.082969636,-0.18532029,0.014080953,0.08278854,-0.056410316,0.13129783,-0.10412725,-0.052134406,-0.17770052
