,0,1,2,3,4,5,6,7,8,9,10,11,12,13,14,15,16,17,18,19,20,21,22,23,24,25,26,27,28,29,30,31,32,33,34,35,36,37,38,39,40,41,42,43,44,45,46,47,48,49
0,512.40283,16.050373,322.1084,38.326477,-66.46486,-46.620827,-42.535576,-19.078037,-4.3938093,0.93542576,-1.7824174,-15.790303,-4.453743,0.5976238,0.58234453,-0.010221191,1.578355,-0.07768681,-0.07135317,0.17758757,-0.014357675,-0.0008437522,0.014118656,0.0075824354,-0.0036212283,-0.0017931971,-0.0017715737,0.00047365445,0.0026182258,-0.0010430282,-0.0018649236,-0.002149361,-0.00034317153,0.00021862201,-0.0007138385,-0.00028867368,0.00058699737,0.00086420565,0.00078385044,0.0008437834,0.00043301468,0.00037198525,0.0002388088,-0.00058476743,-0.00029251934,-0.00028598134,-0.00075389544,-0.00010120821,0.0005489723,-0.00014196386
1,16.050373,12.959541,19.100882,-1.0144434,-1.2992558,12.603035,-3.7189093,8.866764,5.745028,-1.6392354,-1.5375934,-0.6635692,-6.420128,2.7229462,-3.491106,-0.50364107,-0.53679633,-0.14371265,0.81169343,0.040591583,0.0797325,-0.004828876,-0.0036757365,0.0008595375,0.001801376,0.0005195368,0.00063279516,0.00045477442,0.0014290209,0.00063516584,0.00051042053,-0.00017144758,0.00058638165,-0.0004319515,0.00014422827,-0.0004937863,0.00061836705,-0.0004224315,0.0002835901,3.973164e-05,0.00022556327,8.242783e-05,-7.4626034e-05,-7.371101e-05,3.5595585e-05,-3.6476835e-05,-0.00010656465,-0.00016329816,-4.598083e-05,1.9033956e-05
2,322.1084,19.100882,211.60135,32.883316,-44.084496,-18.558193,-26.403284,-9.106943,0.5528345,-1.2040122,-3.0963998,-5.5201864,-7.611885,2.3551455,-2.5996647,-0.851285,0.09025467,-0.13673192,0.50391394,0.07515621,0.0071358224,-0.00609049,0.00419221,0.003243452,-0.0016768703,-0.0015191152,-3.632398e-05,0.0011416038,0.0016459546,-0.0008248207,-0.00086619594,-0.0015551276,0.00040628115,0.000117194235,9.032235e-06,-2.7807278e-05,0.00057119573,0.00070843805,0.00052742194,0.00047526252,0.00031065993,-6.37522e-05,-9.724844e-05,-1.49773405e-05,-0.00059914397,-0.00012603556,-0.00027561715,-0.00012553176,9.369552e-05,-0.00011010835
3,38.326477,-1.0144434,32.883316,44.974476,-16.620825,-3.6926925,5.519991,-19.01966,-5.161393,-1.9759057,-3.4936218,17.010315,-0.28865278,-0.34081227,-1.0444124,-1.8443475,-1.6951154,0.078429915,-0.31290177,-0.24056402,-0.18739158,-0.007856723,-0.0097089205,0.001735479,0.0016549632,0.0006566709,0.001084249,0.00011598934,-0.0007900832,3.525755e-05,-0.00030785424,0.00076192035,0.00030340205,7.370462e-05,0.00024296987,-0.00049515406,8.9257075e-05,-0.00048677388,-0.00049932394,-0.00013862981,2.4895102e-05,0.00022759847,-0.0005046702,-0.0003567473,-5.468667e-06,-0.00037034505,2.6943288e-05,-0.00027709437,2.2988232e-05,-0.0001430999
4,-66.46486,-1.2992558,-44.084496,-16.620825,11.847815,6.2971716,3.083096,7.45918,1.9843867,0.4202227,1.1377525,-2.9749732,0.47902858,0.065925576,0.17648128,0.5026561,0.28748032,-0.015088577,0.10517714,0.047620982,0.054051165,0.0022313655,0.00090447627,-0.00078201876,0.00048687015,-1.6053105e-05,-3.908595e-05,0.0002009362,-0.00014923196,0.00014705781,0.00027786975,0.00021829658,-0.00023345543,-9.052463e-05,8.034454e-05,-0.00020924071,-6.367578e-05,-0.00013159533,-0.00021427745,-0.0002268815,-8.4340485e-05,0.00015389323,0.00023897343,8.858627e-05,4.789088e-06,-4.3311993e-05,3.7943493e-05,0.00012898263,-1.0386933e-05,-5.7844118e-05
5,-46.620827,12.603035,-18.558193,-3.6926925,6.2971716,20.247602,1.6309458,11.546881,6.8343153,-2.0983882,-1.7105908,2.2467227,-6.74545,3.0036826,-4.1095843,-0.67325675,-0.9108403,-0.14950499,0.91658795,0.009783132,0.08279642,-0.0059330305,-0.0058826157,-0.0011033313,0.0022840684,0.00032869095,0.00109139,0.00042377866,0.0009856264,0.00051757105,0.00071431184,-0.000112708265,0.0005578933,-0.0003205349,0.00042047008,-0.00040049892,0.00043858582,-0.0005991265,0.00022381172,1.8880459e-05,3.033646e-05,-5.258509e-06,-0.00013048411,0.00019850631,-7.349036e-05,8.5625165e-05,5.181618e-05,-0.0002205989,-0.0002400488,1.8848914e-05
6,-42.535576,-3.7189093,-26.403284,5.519991,3.083096,1.6309458,5.6315427,-3.3867965,-1.5143207,-0.22254786,-0.2871994,4.9469156,1.3602291,-0.54875416,0.28447938,-0.28615355,-0.39916778,0.045262888,-0.18240379,-0.07058065,-0.048228733,-0.00071443553,-0.0028249798,-0.00021447917,7.213907e-05,0.00023613757,0.0005072809,9.437014e-05,-0.00013909534,0.00024906383,0.00013504083,0.00038558728,-0.00013164734,7.32662e-05,0.00012300287,0.00024683477,-3.700293e-05,-0.00013281722,-0.00033299718,4.1669817e-05,-4.401859e-05,2.193559e-06,-3.872082e-05,9.6568285e-05,-3.5532175e-05,9.360259e-06,0.00020259655,1.4800737e-05,-5.7682053e-05,4.4030523e-05
7,-19.078037,8.866764,-9.106943,-19.01966,7.45918,11.546881,-3.3867965,13.971212,6.0788436,-0.40997657,0.32209235,-6.4661045,-4.1977806,1.9957685,-2.0353332,0.35559204,0.2269508,-0.12714908,0.68327725,0.11434215,0.1271506,-0.0003218809,0.0009813395,-0.0011964776,-0.00013356072,-0.00012992977,0.00022270504,0.00032130565,0.0005502483,0.00028827065,0.0006489102,-0.00056503946,0.00042583694,-0.00031131058,-1.843628e-05,-0.00016656563,0.0003428739,0.00026224012,0.0004597365,-2.652116e-05,0.00018728449,-0.00010927746,0.0002557169,0.00037908086,-0.00017850753,2.3960467e-05,4.900513e-05,5.4461714e-05,-3.2170297e-05,1.3096408e-05
8,-4.3938093,5.745028,0.5528345,-5.161393,1.9843867,6.8343153,-1.5143207,6.0788436,3.1615694,-0.5843041,-0.35625455,-1.5920432,-2.830966,1.2631001,-1.5073977,-0.062002756,-0.116206944,-0.07171938,0.3998843,0.03765206,0.053727377,-0.0016194042,-0.000578752,-0.00089507457,0.00069465546,-0.00019642767,8.02556e-05,0.00011232772,3.8511607e-05,1.4545854e-05,0.00015345913,-0.00028050708,0.00018895508,-0.00013764005,0.00013981332,-0.00031933293,3.62739e-05,0.00027929182,0.00016225627,6.488225e-05,5.6180797e-05,2.9359475e-05,-4.0930354e-05,9.511081e-05,-0.00015183259,-5.448705e-05,-1.37205425e-05,-2.9393697e-05,-0.00018575654,-8.846396e-05
9,0.93542576,-1.6392354,-1.2040122,-1.9759057,0.4202227,-2.0983882,-0.22254786,-0.40997657,-0.5843041,0.35814443,0.39931858,-1.0264723,0.8933071,-0.36636755,0.56754243,0.17608938,0.1889697,0.015499489,-0.10013578,0.009313416,-0.001089505,0.0011278571,0.0013232687,0.00024667324,-0.00025063107,-0.00014501729,2.4159031e-05,-0.00034182402,0.00035175882,-0.0003552102,-0.00047174632,2.50321e-06,-3.925337e-05,0.000139326,-2.816536e-05,4.4767286e-05,3.440532e-05,-0.00025087118,0.0002462166,-4.692059e-05,-7.0977716e-05,-7.312628e-05,0.00015305445,-7.775967e-05,7.41173e-05,0.0003321305,-7.800345e-06,-0.00011089871,0.00012253225,2.4665313e-05
10,-1.7824174,-1.5375934,-3.0963998,-3.4936218,1.1377525,-1.7105908,-0.2871994,0.32209235,-0.35625455,0.39931858,0.49904832,-1.5026095,0.8560212,-0.33165902,0.56434524,0.22816032,0.23083872,0.012117094,-0.0824337,0.016492324,0.005036324,0.0014067271,0.00094603986,0.0003252913,-0.00068979524,0.00042516482,-0.0002960423,-0.0009891419,0.00020564045,3.862221e-05,-0.00029437052,-0.00017395019,2.22092e-05,-0.00020827801,-0.000300456,4.025346e-05,-0.00010207186,1.9262947e-05,0.00061681506,-1.837594e-05,-4.8672486e-05,-0.00019806324,7.8200515e-05,-0.00013924445,0.00012881645,4.8979382e-05,-6.3182547e-06,3.1360298e-05,0.00017573967,-2.799157e-05
11,-15.790303,-0.6635692,-5.5201864,17.010315,-2.9749732,2.2467227,4.9469156,-6.4661045,-1.5920432,-1.0264723,-1.5026095,8.397988,-0.24499674,-0.01369191,-0.7160088,-0.8338148,-0.87549233,0.029862367,-0.07953438,-0.11396074,-0.0751403,-0.0037046908,-0.0048465724,-0.00088525005,0.00024957664,0.00021000073,0.00068991457,-0.00025560008,-0.00054327794,-0.00011466638,-1.6247935e-05,0.00016362446,0.00034333652,4.507108e-05,0.00016262708,4.9891543e-05,-3.410325e-05,5.5949376e-06,3.525224e-05,2.663931e-05,-4.8794413e-05,-0.00022917852,-0.00025439615,6.205245e-05,-6.9295245e-05,2.3665883e-05,0.00013887786,-0.00019008898,-0.00010166381,-1.7425002e-05
12,-4.453743,-6.420128,-7.611885,-0.28865278,0.47902858,-6.74545,1.3602291,-4.1977806,-2.830966,0.8933071,0.8560212,-0.24499674,3.2339053,-1.3709755,1.808411,0.30335557,0.33112562,0.07050419,-0.40556186,-0.012786435,-0.03615041,0.002620265,0.0018056865,-0.00014920163,-0.0008077463,0.00019276928,-0.0004911082,-0.000137724,-0.0005444473,0.00011270509,-0.00016736856,0.0001417414,-0.00010432987,0.00015062514,-0.00021703576,0.00027312955,-0.00031729066,0.00032109907,-5.7363555e-05,0.000101719284,-0.000117282725,1.658605e-05,-0.00013347162,-7.106841e-05,6.0247974e-05,-0.00015934739,-1.6869417e-05,8.83218e-05,-7.45168e-06,-0.00010500825
13,0.5976238,2.7229462,2.3551455,-0.34081227,0.065925576,3.0036826,-0.54875416,1.9957685,1.2631001,-0.36636755,-0.33165902,-0.01369191,-1.3709755,0.58866304,-0.76517,-0.11351491,-0.12974179,-0.030630313,0.17620552,0.007235172,0.016775534,-0.0011926522,-0.0011212213,0.00033641793,0.0003935192,0.00067935965,-5.2505486e-05,-0.00046991406,0.00048409798,0.00019199972,2.3407154e-06,-0.000302534,0.00033066986,-1.1474573e-05,-9.757755e-05,-0.00013539306,0.000110440014,-0.0001707442,0.0003383307,0.00011747198,2.3067034e-05,-5.5679768e-05,-0.00012755851,-7.989721e-05,0.00014037777,-4.577268e-05,-5.387342e-06,4.8144062e-05,4.7490656e-05,6.4902175e-05
14,0.58234453,-3.491106,-2.5996647,-1.0444124,0.17648128,-4.1095843,0.28447938,-2.0353332,-1.5073977,0.56754243,0.56434524,-0.7160088,1.808411,-0.76517,1.0599952,0.22105742,0.24558088,0.037339713,-0.22270568,0.0004398898,-0.015560748,0.0018516054,0.0015350252,0.00016933402,-0.00060069765,-0.00022858306,-0.00014098821,6.269105e-05,-0.00012210266,-0.00017762679,-8.4146726e-05,3.313744e-05,-0.00020283904,4.3457312e-05,-2.9385244e-05,0.00017967253,-7.143748e-05,0.00012463878,-0.000192387,-5.780531e-05,-6.613771e-05,-0.00012489945,0.00011501432,1.748477e-05,-8.025546e-05,-1.4889733e-05,3.3928933e-05,6.8147696e-05,8.2151164e-05,-6.0598744e-05
15,-0.010221191,-0.50364107,-0.851285,-1.8443475,0.5026561,-0.67325675,-0.28615355,0.35559204,-0.062002756,0.17608938,0.22816032,-0.8338148,0.30335557,-0.11351491,0.22105742,0.11044392,0.112457864,0.0029067646,-0.025376849,0.009909306,0.004708136,0.0005573949,0.00074279355,-0.00041700748,-0.00070004625,8.563833e-05,1.065418e-05,-0.00046421686,0.00015359456,-4.377594e-05,-8.110392e-05,-0.0003116174,7.969935e-05,4.229339e-05,-0.00014748119,6.066844e-05,-4.2240623e-05,0.00010707349,0.0003057886,0.00015042085,-2.6282127e-05,-0.000116987074,4.4798966e-05,0.000105678584,-7.488554e-06,8.463572e-05,0.00013230335,-6.983777e-06,4.755681e-05,2.1154348e-05
16,1.578355,-0.53679633,0.09025467,-1.6951154,0.28748032,-0.9108403,-0.39916778,0.2269508,-0.116206944,0.1889697,0.23083872,-0.87549233,0.33112562,-0.12974179,0.24558088,0.112457864,0.120864026,0.0036877994,-0.031044975,0.010433489,0.0041104075,0.00054309424,0.00080267835,-3.0397416e-05,3.53058e-05,-7.408534e-05,-0.00022925387,-0.0002725561,6.5680497e-06,-6.247297e-05,5.787016e-05,-6.8917565e-05,-0.0001702006,1.8173925e-05,-1.4469331e-06,-8.353212e-06,-9.5367286e-05,3.3636687e-05,-1.7729977e-05,4.4241337e-05,2.3123728e-05,9.808208e-05,-1.8947554e-05,-5.059596e-05,3.458508e-05,2.4850277e-05,-6.5082655e-05,-1.5741816e-06,-5.9471095e-05,-1.848358e-05
17,-0.07768681,-0.14371265,-0.13673192,0.078429915,-0.015088577,-0.14950499,0.045262888,-0.12714908,-0.07171938,0.015499489,0.012117094,0.029862367,0.07050419,-0.030630313,0.037339713,0.0029067646,0.0036877994,0.0018663635,-0.00944542,-0.0007966175,-0.0012026987,7.632074e-05,-9.593084e-05,0.00011076557,-5.1117015e-05,9.052952e-05,-5.846391e-05,-3.2538694e-05,-7.4231735e-05,6.351316e-05,0.00010714451,0.00011107235,4.9257764e-05,-2.752892e-05,-7.130939e-05,1.3283321e-05,2.990835e-05,-2.4097895e-05,4.49695e-05,-4.819967e-05,8.009484e-05,7.203147e-05,-1.8141163e-05,-7.638596e-05,5.3271422e-05,-1.6304344e-05,-4.841909e-05,2.54442e-05,3.713351e-05,4.8991165e-05
18,-0.07135317,0.81169343,0.50391394,-0.31290177,0.10517714,0.91658795,-0.18240379,0.68327725,0.3998843,-0.10013578,-0.0824337,-0.07953438,-0.40556186,0.17620552,-0.22270568,-0.025376849,-0.031044975,-0.00944542,0.05402311,0.0032481337,0.005988068,-0.00028587482,-0.00015394649,-5.795267e-05,0.00013050516,7.107312e-06,-1.982013e-05,0.00013948747,-1.7468126e-06,-1.6943297e-05,3.082683e-05,-6.1369516e-05,0.00011565075,1.3095028e-05,4.6160043e-05,0.00013789965,-2.3461449e-05,2.5164023e-05,-1.1089245e-05,-7.925413e-06,-8.01874e-05,-1.796445e-06,-3.5347344e-05,-3.616703e-05,-1.3709578e-05,-6.888975e-06,-4.3640517e-05,2.7810958e-05,-2.3912191e-05,-4.723864e-05
19,0.17758757,0.040591583,0.07515621,-0.24056402,0.047620982,0.009783132,-0.07058065,0.11434215,0.03765206,0.009313416,0.016492324,-0.11396074,-0.012786435,0.007235172,0.0004398898,0.009909306,0.010433489,-0.0007966175,0.0032481337,0.0018687778,0.001199696,-1.273874e-05,2.9468432e-05,9.7040574e-05,0.00025227043,-8.288482e-05,-0.00016325852,8.455869e-06,-7.4889253e-06,4.011693e-05,4.2358726e-05,-5.1159303e-05,-9.165186e-05,4.6005414e-05,5.5888595e-05,-2.681667e-05,-0.00010655578,-2.8440147e-07,-9.34865e-05,3.2735188e-05,1.2412416e-05,0.000121722696,-7.56894e-05,-6.3623535e-05,-1.3438683e-05,-6.081073e-05,-1.665371e-05,3.056546e-05,-9.119599e-05,-3.3522552e-05
20,-0.014357675,0.0797325,0.0071358224,-0.18739158,0.054051165,0.08279642,-0.048228733,0.1271506,0.053727377,-0.001089505,0.005036324,-0.0751403,-0.03615041,0.016775534,-0.015560748,0.004708136,0.0041104075,-0.0012026987,0.005988068,0.001199696,0.0017780211,2.1358417e-05,0.00044440673,-0.00045965743,0.00010128671,-0.0003304489,0.00014695822,0.00045645534,-1.6375627e-05,-0.00029318305,6.1840456e-06,0.00021507622,-0.00012975896,0.000108185006,0.0002084965,0.0002426051,3.4621866e-05,-8.6481974e-05,-0.00027274998,-2.0893664e-05,-3.483311e-05,-5.424639e-05,-5.0055655e-06,9.720326e-05,-2.1135855e-05,0.0001777545,-1.7811022e-05,-6.793649e-05,-8.960425e-05,5.6778954e-05
21,-0.0008437522,-0.004828876,-0.00609049,-0.007856723,0.0022313655,-0.0059330305,-0.00071443553,-0.0003218809,-0.0016194042,0.0011278571,0.0014067271,-0.0037046908,0.002620265,-0.0011926522,0.0018516054,0.0005573949,0.00054309424,7.632074e-05,-0.00028587482,-1.273874e-05,2.1358417e-05,0.00017224657,-4.6028385e-05,0.0001738708,-5.367242e-05,-0.00013771727,4.8846516e-05,0.00019130511,-9.901185e-06,1.7900005e-05,1.7023036e-06,0.000106195235,-3.8077465e-05,-0.000101346675,2.1919113e-05,2.7704582e-05,4.193309e-05,3.733542e-05,-6.2859704e-05,-7.336278e-05,2.1409815e-05,-0.00013366144,3.529949e-05,1.1969303e-05,-5.467658e-05,-2.144771e-05,3.477214e-05,4.9351118e-05,2.9464169e-05,1.9579056e-05
22,0.014118656,-0.0036757365,0.00419221,-0.0097089205,0.00090447627,-0.0058826157,-0.0028249798,0.0009813395,-0.000578752,0.0013232687,0.00094603986,-0.0048465724,0.0018056865,-0.0011212213,0.0015350252,0.00074279355,0.00080267835,-9.593084e-05,-0.00015394649,2.9468432e-05,0.00044440673,-4.6028385e-05,0.0006582288,-0.0006616318,0.0001783343,-0.0003816362,1.6780314e-05,0.00012987891,-6.4980806e-05,-0.0004464764,-0.00010370434,9.3138715e-06,-4.2886195e-06,0.00015703916,0.00018329726,4.4733195e-05,-1.1323251e-05,-5.8432914e-05,-0.00014539927,-2.9796138e-05,-3.727916e-05,-3.9462997e-05,9.19419e-06,2.2190561e-05,-1.9976149e-05,0.00018267584,-6.201604e-05,-0.000109614695,-5.982003e-05,2.3511384e-05
23,0.0075824354,0.0008595375,0.003243452,0.001735479,-0.00078201876,-0.0011033313,-0.00021447917,-0.0011964776,-0.00089507457,0.00024667324,0.0003252913,-0.00088525005,-0.00014920163,0.00033641793,0.00016933402,-0.00041700748,-3.0397416e-05,0.00011076557,-5.795267e-05,9.7040574e-05,-0.00045965743,0.0001738708,-0.0006616318,0.0018993575,0.00040428067,0.00010030835,-0.00018441211,-4.411555e-05,0.00023086488,0.00020643717,1.7186869e-05,-1.0959493e-05,-0.00024352752,-0.00043098954,-0.00013484011,-4.0565164e-06,0.000120631565,-6.606025e-05,-0.00020943,-0.000168904,-3.6360289e-06,-7.669968e-05,0.00018971303,-4.705818e-05,-6.0546732e-05,-0.00014612223,4.1913132e-05,0.00022609698,0.0001154891,6.1177605e-05
24,-0.0036212283,0.001801376,-0.0016768703,0.0016549632,0.00048687015,0.0022840684,7.213907e-05,-0.00013356072,0.00069465546,-0.00025063107,-0.00068979524,0.00024957664,-0.0008077463,0.0003935192,-0.00060069765,-0.00070004625,3.53058e-05,-5.1117015e-05,0.00013050516,0.00025227043,0.00010128671,-5.367242e-05,0.0001783343,0.00040428067,0.0013928174,-0.00030416256,-0.0004321839,0.00019023399,1.885397e-05,-0.00027544986,-0.00018117025,0.00014764899,-0.0001876241,4.0053972e-05,0.000108063185,-5.2441523e-05,-0.00015214641,-0.00015715897,-0.0003249313,5.639442e-05,-6.218503e-05,0.00010195428,-0.00013378469,-0.0002072539,-3.6434256e-05,-4.9433766e-05,-0.00018125147,-1.7902883e-05,-7.80212e-05,-3.2937613e-05
25,-0.0017931971,0.0005195368,-0.0015191152,0.0006566709,-1.6053105e-05,0.00032869095,0.00023613757,-0.00012992977,-0.00019642767,-0.00014501729,0.00042516482,0.00021000073,0.00019276928,0.00067935965,-0.00022858306,8.563833e-05,-7.408534e-05,9.052952e-05,7.107312e-06,-8.288482e-05,-0.0003304489,-0.00013771727,-0.0003816362,0.00010030835,-0.00030416256,0.0011449688,-7.676457e-05,-0.0005386978,0.00026278995,0.00034449427,8.5419895e-05,-0.00016747936,0.00027121344,2.4432338e-05,-0.00020140922,-7.744308e-05,3.0736723e-05,-3.2098236e-05,0.00013281885,0.00011996675,-3.4503715e-05,6.8806214e-05,-0.0001004064,-2.9191717e-05,0.00015612532,-0.00014302414,-2.6763628e-05,7.1386414e-05,0.00012028766,-8.3786435e-06
26,-0.0017715737,0.00063279516,-3.632398e-05,0.001084249,-3.908595e-05,0.00109139,0.0005072809,0.00022270504,8.02556e-05,2.4159031e-05,-0.0002960423,0.00068991457,-0.0004911082,-5.2505486e-05,-0.00014098821,1.065418e-05,-0.00022925387,-5.846391e-05,-1.982013e-05,-0.00016325852,0.00014695822,4.8846516e-05,1.6780314e-05,-0.00018441211,-0.0004321839,-7.676457e-05,0.0005903648,0.0003777719,0.00014000761,6.354846e-05,2.277863e-05,0.00020026436,-0.00018239088,3.0045481e-05,0.00013700023,4.1205472e-05,0.000103521175,-4.1786996e-05,-0.00010121586,-5.4617267e-05,-8.06483e-05,3.5229925e-05,0.00014884095,0.00016449703,-1.8563254e-05,0.00012365324,0.00010461267,-7.654507e-05,2.272625e-05,-5.8722013e-05
27,0.00047365445,0.00045477442,0.0011416038,0.00011598934,0.0002009362,0.00042377866,9.437014e-05,0.00032130565,0.00011232772,-0.00034182402,-0.0009891419,-0.00025560008,-0.000137724,-0.00046991406,6.269105e-05,-0.00046421686,-0.0002725561,-3.2538694e-05,0.00013948747,8.455869e-06,0.00045645534,0.00019130511,0.00012987891,-4.411555e-05,0.00019023399,-0.0005386978,0.0003777719,0.0015571463,-7.102349e-05,1.2167608e-05,5.484303e-05,0.00055116956,-0.00024786562,-4.8811085e-06,0.000285992,0.00040203717,0.00010651983,-2.9939563e-06,-0.000641203,-0.00012209505,-0.00012836671,-5.3222666e-06,4.760662e-05,0.00018814231,-0.0001859249,-5.7948237e-05,3.8926213e-05,8.2607134e-05,-0.00010664409,-2.7633752e-05
28,0.0026182258,0.0014290209,0.0016459546,-0.0007900832,-0.00014923196,0.0009856264,-0.00013909534,0.0005502483,3.8511607e-05,0.00035175882,0.00020564045,-0.00054327794,-0.0005444473,0.00048409798,-0.00012210266,0.00015359456,6.5680497e-06,-7.4231735e-05,-1.7468126e-06,-7.4889253e-06,-1.6375627e-05,-9.901185e-06,-6.4980806e-05,0.00023086488,1.885397e-05,0.00026278995,0.00014000761,-7.102349e-05,0.0007615999,0.00011616346,-0.000125825,-0.000105285566,-4.1087478e-05,1.3529965e-05,8.142709e-05,8.0709215e-05,2.2161541e-05,-9.8051634e-05,-5.206214e-05,0.00015941291,-0.00011010596,-7.811014e-05,-1.9139102e-06,7.237708e-06,1.2151786e-05,3.1973275e-05,7.9962396e-05,2.5551884e-05,3.341713e-05,-4.0333554e-05
29,-0.0010430282,0.00063516584,-0.0008248207,3.525755e-05,0.00014705781,0.00051757105,0.00024906383,0.00028827065,1.4545854e-05,-0.0003552102,3.862221e-05,-0.00011466638,0.00011270509,0.00019199972,-0.00017762679,-4.377594e-05,-6.247297e-05,6.351316e-05,-1.6943297e-05,4.011693e-05,-0.00029318305,1.7900005e-05,-0.0004464764,0.00020643717,-0.00027544986,0.00034449427,6.354846e-05,1.2167608e-05,0.00011616346,0.0006600938,0.00022356377,5.38084e-05,6.1397586e-05,-6.766679e-06,-0.00016717706,1.1978853e-05,9.3665385e-06,8.9257446e-05,9.429139e-05,0.00018790684,5.2215555e-06,0.000101280326,-6.682523e-05,3.202729e-05,1.9355335e-05,-0.0001609665,6.267984e-05,5.4029217e-05,1.7075889e-05,-4.4758188e-05
30,-0.0018649236,0.00051042053,-0.00086619594,-0.00030785424,0.00027786975,0.00071431184,0.00013504083,0.0006489102,0.00015345913,-0.00047174632,-0.00029437052,-1.6247935e-05,-0.00016736856,2.3407154e-06,-8.4146726e-05,-8.110392e-05,5.787016e-05,0.00010714451,3.082683e-05,4.2358726e-05,6.1840456e-06,1.7023036e-06,-0.00010370434,1.7186869e-05,-0.00018117025,8.5419895e-05,2.277863e-05,5.484303e-05,-0.000125825,0.00022356377,0.0005882175,-3.7701946e-05,-9.625925e-06,-6.71681e-05,-8.5341904e-05,-2.3437868e-05,5.924825e-05,6.727698e-05,-0.0001816902,2.9792267e-05,9.677029e-05,0.0001038517,2.6993905e-05,4.8534654e-05,-1.2414309e-05,-9.671897e-05,-5.5913464e-05,-8.428769e-06,-1.2212693e-05,1.06828e-05
31,-0.002149361,-0.00017144758,-0.0015551276,0.00076192035,0.00021829658,-0.000112708265,0.00038558728,-0.00056503946,-0.00028050708,2.50321e-06,-0.00017395019,0.00016362446,0.0001417414,-0.000302534,3.313744e-05,-0.0003116174,-6.8917565e-05,0.00011107235,-6.1369516e-05,-5.1159303e-05,0.00021507622,0.000106195235,9.3138715e-06,-1.0959493e-05,0.00014764899,-0.00016747936,0.00020026436,0.00055116956,-0.000105285566,5.38084e-05,-3.7701946e-05,0.00062628434,-0.00016866207,1.8310464e-05,0.000121656034,9.519801e-05,0.000110031586,-9.560546e-05,-0.00017729311,-0.00011096768,3.823008e-05,9.4315124e-05,-3.001094e-06,6.1397923e-06,2.7374397e-05,4.390669e-05,-7.5859534e-06,-1.9821415e-05,-3.926589e-05,3.3491622e-05
32,-0.00034317153,0.00058638165,0.00040628115,0.00030340205,-0.00023345543,0.0005578933,-0.00013164734,0.00042583694,0.00018895508,-3.925337e-05,2.22092e-05,0.00034333652,-0.00010432987,0.00033066986,-0.00020283904,7.969935e-05,-0.0001702006,4.9257764e-05,0.00011565075,-9.165186e-05,-0.00012975896,-3.8077465e-05,-4.2886195e-06,-0.00024352752,-0.0001876241,0.00027121344,-0.00018239088,-0.00024786562,-4.1087478e-05,6.1397586e-05,-9.625925e-06,-0.00016866207,0.00057557266,0.00019494674,-0.000143641,-3.4694435e-06,2.0549563e-05,4.431399e-05,0.00030408654,3.291751e-05,4.8040853e-05,-8.526241e-05,-0.00013218468,-7.668458e-05,6.564432e-05,-6.208598e-05,-4.133339e-05,2.2693686e-05,5.889921e-05,-5.859661e-05
33,0.00021862201,-0.0004319515,0.000117194235,7.370462e-05,-9.052463e-05,-0.0003205349,7.32662e-05,-0.00031131058,-0.00013764005,0.000139326,-0.00020827801,4.507108e-05,0.00015062514,-1.1474573e-05,4.3457312e-05,4.229339e-05,1.8173925e-05,-2.752892e-05,1.3095028e-05,4.6005414e-05,0.000108185006,-0.000101346675,0.00015703916,-0.00043098954,4.0053972e-05,2.4432338e-05,3.0045481e-05,-4.8811085e-06,1.3529965e-05,-6.766679e-06,-6.71681e-05,1.8310464e-05,0.00019494674,0.0004634318,9.557077e-05,3.173967e-05,-6.5834385e-05,-0.00013520167,8.4427054e-05,0.0001335471,-5.415004e-05,0.00011525884,-0.00012651162,-4.550536e-05,4.8201517e-05,5.6080673e-05,2.4655139e-05,-3.6086967e-05,-5.643894e-05,-4.9641232e-05
34,-0.0007138385,0.00014422827,9.032235e-06,0.00024296987,8.034454e-05,0.00042047008,0.00012300287,-1.843628e-05,0.00013981332,-2.816536e-05,-0.000300456,0.00016262708,-0.00021703576,-9.757755e-05,-2.9385244e-05,-0.00014748119,-1.4469331e-06,-7.130939e-05,4.6160043e-05,5.5888595e-05,0.0002084965,2.1919113e-05,0.00018329726,-0.00013484011,0.000108063185,-0.00020140922,0.00013700023,0.000285992,8.142709e-05,-0.00016717706,-8.5341904e-05,0.000121656034,-0.000143641,9.557077e-05,0.00030364576,4.3616154e-05,9.680925e-06,-1.1792119e-05,-0.00022665731,-3.293572e-05,-7.67498e-05,-2.1594635e-05,3.3217548e-05,-1.6216101e-05,9.921255e-06,9.7268414e-05,4.2525593e-05,-3.9698375e-06,-6.964739e-05,-4.3964115e-05
35,-0.00028867368,-0.0004937863,-2.7807278e-05,-0.00049515406,-0.00020924071,-0.00040049892,0.00024683477,-0.00016656563,-0.00031933293,4.4767286e-05,4.025346e-05,4.9891543e-05,0.00027312955,-0.00013539306,0.00017967253,6.066844e-05,-8.353212e-06,1.3283321e-05,0.00013789965,-2.681667e-05,0.0002426051,2.7704582e-05,4.4733195e-05,-4.0565164e-06,-5.2441523e-05,-7.744308e-05,4.1205472e-05,0.00040203717,8.0709215e-05,1.1978853e-05,-2.3437868e-05,9.519801e-05,-3.4694435e-06,3.173967e-05,4.3616154e-05,0.00041107152,-8.836298e-06,-3.2510852e-06,-0.00012356415,6.0028207e-05,-0.00012732108,-5.1782576e-05,-2.7694276e-05,7.408738e-05,-5.4288746e-05,1.9586845e-05,3.1716256e-05,7.874426e-05,-4.3036496e-05,3.5209465e-05
36,0.00058699737,0.00061836705,0.00057119573,8.9257075e-05,-6.367578e-05,0.00043858582,-3.700293e-05,0.0003428739,3.62739e-05,3.440532e-05,-0.00010207186,-3.410325e-05,-0.00031729066,0.000110440014,-7.143748e-05,-4.2240623e-05,-9.5367286e-05,2.990835e-05,-2.3461449e-05,-0.00010655578,3.4621866e-05,4.193309e-05,-1.1323251e-05,0.000120631565,-0.00015214641,3.0736723e-05,0.000103521175,0.00010651983,2.2161541e-05,9.3665385e-06,5.924825e-05,0.000110031586,2.0549563e-05,-6.5834385e-05,9.680925e-06,-8.836298e-06,0.00021354426,-1.605065e-05,-7.1334995e-05,-7.94006e-05,5.6237513e-05,-4.4874287e-05,0.000101966536,4.844035e-05,4.3443353e-05,3.4958695e-05,4.7175337e-05,-5.1254847e-06,4.552996e-05,5.412684e-05
37,0.00086420565,-0.0004224315,0.00070843805,-0.00048677388,-0.00013159533,-0.0005991265,-0.00013281722,0.00026224012,0.00027929182,-0.00025087118,1.9262947e-05,5.5949376e-06,0.00032109907,-0.0001707442,0.00012463878,0.00010707349,3.3636687e-05,-2.4097895e-05,2.5164023e-05,-2.8440147e-07,-8.6481974e-05,3.733542e-05,-5.8432914e-05,-6.606025e-05,-0.00015715897,-3.2098236e-05,-4.1786996e-05,-2.9939563e-06,-9.8051634e-05,8.9257446e-05,6.727698e-05,-9.560546e-05,4.431399e-05,-0.00013520167,-1.1792119e-05,-3.2510852e-06,-1.605065e-05,0.00044459454,-2.2012147e-05,9.706229e-05,3.0012658e-05,-0.00010989854,1.5232681e-05,2.0069932e-05,-9.5499e-05,-8.366714e-05,3.442968e-05,8.4828236e-05,4.4645494e-06,-4.7664533e-05
38,0.00078385044,0.0002835901,0.00052742194,-0.00049932394,-0.00021427745,0.00022381172,-0.00033299718,0.0004597365,0.00016225627,0.0002462166,0.00061681506,3.525224e-05,-5.7363555e-05,0.0003383307,-0.000192387,0.0003057886,-1.7729977e-05,4.49695e-05,-1.1089245e-05,-9.34865e-05,-0.00027274998,-6.2859704e-05,-0.00014539927,-0.00020943,-0.0003249313,0.00013281885,-0.00010121586,-0.000641203,-5.206214e-05,9.429139e-05,-0.0001816902,-0.00017729311,0.00030408654,8.4427054e-05,-0.00022665731,-0.00012356415,-7.1334995e-05,-2.2012147e-05,0.0007059403,3.6424903e-05,8.035397e-05,-5.2163065e-05,-0.000113644484,-0.00010046172,0.00011223797,4.5612687e-05,-2.5937265e-05,-7.488331e-05,4.318457e-05,-9.759096e-06
39,0.0008437834,3.973164e-05,0.00047526252,-0.00013862981,-0.0002268815,1.8880459e-05,4.1669817e-05,-2.652116e-05,6.488225e-05,-4.692059e-05,-1.837594e-05,2.663931e-05,0.000101719284,0.00011747198,-5.780531e-05,0.00015042085,4.4241337e-05,-4.819967e-05,-7.925413e-06,3.2735188e-05,-2.0893664e-05,-7.336278e-05,-2.9796138e-05,-0.000168904,5.639442e-05,0.00011996675,-5.4617267e-05,-0.00012209505,0.00015941291,0.00018790684,2.9792267e-05,-0.00011096768,3.291751e-05,0.0001335471,-3.293572e-05,6.0028207e-05,-7.94006e-05,9.706229e-05,3.6424903e-05,0.0003418639,-8.442713e-05,2.653278e-05,-6.1478044e-05,-2.2547135e-06,-2.8295079e-05,-1.9599407e-05,5.9956797e-05,4.3086607e-06,-3.0771746e-05,-2.4981935e-05
40,0.00043301468,0.00022556327,0.00031065993,2.4895102e-05,-8.4340485e-05,3.033646e-05,-4.401859e-05,0.00018728449,5.6180797e-05,-7.0977716e-05,-4.8672486e-05,-4.8794413e-05,-0.000117282725,2.3067034e-05,-6.613771e-05,-2.6282127e-05,2.3123728e-05,8.009484e-05,-8.01874e-05,1.2412416e-05,-3.483311e-05,2.1409815e-05,-3.727916e-05,-3.6360289e-06,-6.218503e-05,-3.4503715e-05,-8.06483e-05,-0.00012836671,-0.00011010596,5.2215555e-06,9.677029e-05,3.823008e-05,4.8040853e-05,-5.415004e-05,-7.67498e-05,-0.00012732108,5.6237513e-05,3.0012658e-05,8.035397e-05,-8.442713e-05,0.00021604056,-3.9123215e-06,-2.7547994e-05,-2.227979e-05,2.8640781e-05,-4.9705895e-06,-3.7256475e-05,-3.6509387e-05,2.4592373e-05,7.2782015e-05
41,0.00037198525,8.242783e-05,-6.37522e-05,0.00022759847,0.00015389323,-5.258509e-06,2.193559e-06,-0.00010927746,2.9359475e-05,-7.312628e-05,-0.00019806324,-0.00022917852,1.658605e-05,-5.5679768e-05,-0.00012489945,-0.000116987074,9.808208e-05,7.203147e-05,-1.796445e-06,0.000121722696,-5.424639e-05,-0.00013366144,-3.9462997e-05,-7.669968e-05,0.00010195428,6.8806214e-05,3.5229925e-05,-5.3222666e-06,-7.811014e-05,0.000101280326,0.0001038517,9.4315124e-05,-8.526241e-05,0.00011525884,-2.1594635e-05,-5.1782576e-05,-4.4874287e-05,-0.00010989854,-5.2163065e-05,2.653278e-05,-3.9123215e-06,0.00038469507,-1.3449811e-05,-4.8515016e-05,4.522146e-05,-1.2351947e-05,-3.1636242e-05,-3.0128342e-05,-3.747023e-05,-3.8892933e-05
42,0.0002388088,-7.4626034e-05,-9.724844e-05,-0.0005046702,0.00023897343,-0.00013048411,-3.872082e-05,0.0002557169,-4.0930354e-05,0.00015305445,7.8200515e-05,-0.00025439615,-0.00013347162,-0.00012755851,0.00011501432,4.4798966e-05,-1.8947554e-05,-1.8141163e-05,-3.5347344e-05,-7.56894e-05,-5.0055655e-06,3.529949e-05,9.19419e-06,0.00018971303,-0.00013378469,-0.0001004064,0.00014884095,4.760662e-05,-1.9139102e-06,-6.682523e-05,2.6993905e-05,-3.001094e-06,-0.00013218468,-0.00012651162,3.3217548e-05,-2.7694276e-05,0.000101966536,1.5232681e-05,-0.000113644484,-6.1478044e-05,-2.7547994e-05,-1.3449811e-05,0.00020705377,6.391689e-05,-3.0385949e-05,4.751358e-05,4.8490914e-05,-6.087309e-06,4.6709414e-05,8.480234e-06
43,-0.00058476743,-7.371101e-05,-1.49773405e-05,-0.0003567473,8.858627e-05,0.00019850631,9.6568285e-05,0.00037908086,9.511081e-05,-7.775967e-05,-0.00013924445,6.205245e-05,-7.106841e-05,-7.989721e-05,1.748477e-05,0.000105678584,-5.059596e-05,-7.638596e-05,-3.616703e-05,-6.3623535e-05,9.720326e-05,1.1969303e-05,2.2190561e-05,-4.705818e-05,-0.0002072539,-2.9191717e-05,0.00016449703,0.00018814231,7.237708e-06,3.202729e-05,4.8534654e-05,6.1397923e-06,-7.668458e-05,-4.550536e-05,-1.6216101e-05,7.408738e-05,4.844035e-05,2.0069932e-05,-0.00010046172,-2.2547135e-06,-2.227979e-05,-4.8515016e-05,6.391689e-05,0.00018545646,-6.35884e-05,-4.8536012e-06,5.5186123e-05,2.5575298e-06,3.7982657e-06,1.1147275e-05
44,-0.00029251934,3.5595585e-05,-0.00059914397,-5.468667e-06,4.789088e-06,-7.349036e-05,-3.5532175e-05,-0.00017850753,-0.00015183259,7.41173e-05,0.00012881645,-6.9295245e-05,6.0247974e-05,0.00014037777,-8.025546e-05,-7.488554e-06,3.458508e-05,5.3271422e-05,-1.3709578e-05,-1.3438683e-05,-2.1135855e-05,-5.467658e-05,-1.9976149e-05,-6.0546732e-05,-3.6434256e-05,0.00015612532,-1.8563254e-05,-0.0001859249,1.2151786e-05,1.9355335e-05,-1.2414309e-05,2.7374397e-05,6.564432e-05,4.8201517e-05,9.921255e-06,-5.4288746e-05,4.3443353e-05,-9.5499e-05,0.00011223797,-2.8295079e-05,2.8640781e-05,4.522146e-05,-3.0385949e-05,-6.35884e-05,0.00018363762,6.622709e-05,-2.0535957e-05,-3.207342e-05,5.1895718e-06,2.2646158e-05
45,-0.00028598134,-3.6476835e-05,-0.00012603556,-0.00037034505,-4.3311993e-05,8.5625165e-05,9.360259e-06,2.3960467e-05,-5.448705e-05,0.0003321305,4.8979382e-05,2.3665883e-05,-0.00015934739,-4.577268e-05,-1.4889733e-05,8.463572e-05,2.4850277e-05,-1.6304344e-05,-6.888975e-06,-6.081073e-05,0.0001777545,-2.144771e-05,0.00018267584,-0.00014612223,-4.9433766e-05,-0.00014302414,0.00012365324,-5.7948237e-05,3.1973275e-05,-0.0001609665,-9.671897e-05,4.390669e-05,-6.208598e-05,5.6080673e-05,9.7268414e-05,1.9586845e-05,3.4958695e-05,-8.366714e-05,4.5612687e-05,-1.9599407e-05,-4.9705895e-06,-1.2351947e-05,4.751358e-05,-4.8536012e-06,6.622709e-05,0.00020853369,9.409097e-06,-8.675548e-05,-4.728792e-06,3.7034457e-05
46,-0.00075389544,-0.00010656465,-0.00027561715,2.6943288e-05,3.7943493e-05,5.181618e-05,0.00020259655,4.900513e-05,-1.37205425e-05,-7.800345e-06,-6.3182547e-06,0.00013887786,-1.6869417e-05,-5.387342e-06,3.3928933e-05,0.00013230335,-6.5082655e-05,-4.841909e-05,-4.3640517e-05,-1.665371e-05,-1.7811022e-05,3.477214e-05,-6.201604e-05,4.1913132e-05,-0.00018125147,-2.6763628e-05,0.00010461267,3.8926213e-05,7.9962396e-05,6.267984e-05,-5.5913464e-05,-7.5859534e-06,-4.133339e-05,2.4655139e-05,4.2525593e-05,3.1716256e-05,4.7175337e-05,3.442968e-05,-2.5937265e-05,5.9956797e-05,-3.7256475e-05,-3.1636242e-05,4.8490914e-05,5.5186123e-05,-2.0535957e-05,9.409097e-06,0.00017631322,3.0961033e-05,2.264118e-06,4.82333e-06
47,-0.00010120821,-0.00016329816,-0.00012553176,-0.00027709437,0.00012898263,-0.0002205989,1.4800737e-05,5.4461714e-05,-2.9393697e-05,-0.00011089871,3.1360298e-05,-0.00019008898,8.83218e-05,4.8144062e-05,6.8147696e-05,-6.983777e-06,-1.5741816e-06,2.54442e-05,2.7810958e-05,3.056546e-05,-6.793649e-05,4.9351118e-05,-0.000109614695,0.00022609698,-1.7902883e-05,7.1386414e-05,-7.654507e-05,8.2607134e-05,2.5551884e-05,5.4029217e-05,-8.428769e-06,-1.9821415e-05,2.2693686e-05,-3.6086967e-05,-3.9698375e-06,7.874426e-05,-5.1254847e-06,8.4828236e-05,-7.488331e-05,4.3086607e-06,-3.6509387e-05,-3.0128342e-05,-6.087309e-06,2.5575298e-06,-3.207342e-05,-8.675548e-05,3.0961033e-05,0.00017341258,7.731602e-06,1.4815634e-05
48,0.0005489723,-4.598083e-05,9.369552e-05,2.2988232e-05,-1.0386933e-05,-0.0002400488,-5.7682053e-05,-3.2170297e-05,-0.00018575654,0.00012253225,0.00017573967,-0.00010166381,-7.45168e-06,4.7490656e-05,8.2151164e-05,4.755681e-05,-5.9471095e-05,3.713351e-05,-2.3912191e-05,-9.119599e-05,-8.960425e-05,2.9464169e-05,-5.982003e-05,0.0001154891,-7.80212e-05,0.00012028766,2.272625e-05,-0.00010664409,3.341713e-05,1.7075889e-05,-1.2212693e-05,-3.926589e-05,5.889921e-05,-5.643894e-05,-6.964739e-05,-4.3036496e-05,4.552996e-05,4.4645494e-06,4.318457e-05,-3.0771746e-05,2.4592373e-05,-3.747023e-05,4.6709414e-05,3.7982657e-06,5.1895718e-06,-4.728792e-06,2.264118e-06,7.731602e-06,0.00011040016,1.9821524e-05
49,-0.00014196386,1.9033956e-05,-0.00011010835,-0.0001430999,-5.7844118e-05,1.8848914e-05,4.4030523e-05,1.3096408e-05,-8.846396e-05,2.4665313e-05,-2.799157e-05,-1.7425002e-05,-0.00010500825,6.4902175e-05,-6.0598744e-05,2.1154348e-05,-1.848358e-05,4.8991165e-05,-4.723864e-05,-3.3522552e-05,5.6778954e-05,1.9579056e-05,2.3511384e-05,6.1177605e-05,-3.2937613e-05,-8.3786435e-06,-5.8722013e-05,-2.7633752e-05,-4.0333554e-05,-4.4758188e-05,1.06828e-05,3.3491622e-05,-5.859661e-05,-4.9641232e-05,-4.3964115e-05,3.5209465e-05,5.412684e-05,-4.7664533e-05,-9.759096e-06,-2.4981935e-05,7.2782015e-05,-3.8892933e-05,8.480234e-06,1.1147275e-05,2.2646158e-05,3.7034457e-05,4.82333e-06,1.4815634e-05,1.9821524e-05,0.0001820997
