,0,1,2,3,4,5,6,7,8,9,10,11,12,13,14,15,16,17,18,19,20,21,22,23,24,25,26,27,28,29,30,31,32,33,34,35,36,37,38,39,40,41,42,43,44,45,46,47,48,49,50
0,613.39453,55.595783,-68.33055,-66.39826,30.813023,-36.214798,-17.786745,-3.5597873,-31.749905,2.5681639,-27.196865,21.698729,-38.84681,12.144762,-8.260582,10.462542,25.46193,7.4814644,-13.001527,-20.59276,17.569153,3.3863473,4.23625,-26.70005,9.8351345,6.184784,5.4198027,1.1734662,6.498231,-0.43079245,-14.400474,2.5236998,4.2750463,-5.95798,-3.6953177,4.121749,-1.5957743,2.0499573,-8.392465,2.0059404,3.2031908,4.3029623,7.195138,0.50107855,4.3115034,3.6951542,2.7375336,2.1244726,-5.484038,-0.08743706,1.3356401
1,55.595783,25.740833,-8.945654,12.242678,11.171282,0.67471176,-10.814383,5.267238,6.3140097,7.2799664,2.4991245,9.6889515,-11.465988,1.3673446,-3.203013,2.56712,2.7850773,-3.9034188,0.6215519,-0.23822291,-3.1703203,1.5066519,0.3915645,-2.2596178,4.224805,0.6049569,2.7018425,1.5675806,-2.5512404,2.3574865,-4.599114,0.16132063,2.6182046,-1.8083441,-3.6707,-0.6515564,-0.2557279,-0.6083263,0.5779307,0.34445322,1.8118403,2.024315,1.0030468,-0.56137395,-0.43736964,0.08954635,-0.8165142,1.0982213,-1.7807986,0.0069217104,0.5364102
2,-68.33055,-8.945654,100.32333,-18.686825,-26.172304,-5.1838512,23.048542,-7.0416117,-15.688687,-9.858168,9.965912,-9.9262085,6.667441,-10.2472,16.186932,12.374024,6.8374434,2.887103,5.967058,-1.0587504,-7.7072244,-1.6772128,1.1827219,-2.2159562,3.4376457,7.348587,-3.5039449,-4.1709843,-3.62606,-1.6746843,-2.266384,2.902978,-2.3573914,-5.3684134,3.919426,3.461791,1.6830043,-0.9206333,3.225245,0.6865839,1.4174588,3.7985487,0.9062879,-3.3245728,-4.8108377,-1.0342046,1.1792259,0.60653615,1.7173905,-0.20589359,0.44540805
3,-66.39826,12.242678,-18.686825,57.727814,15.08006,1.5049055,-16.574726,11.902769,9.485798,2.416862,3.2384706,7.262127,-4.3145065,-0.61152685,-0.10864809,2.4033563,4.1012316,-2.9076378,0.3118824,6.1662025,-7.5263615,-0.13915718,2.0486412,2.156638,0.38418093,-4.4497213,3.7292383,0.3861739,-2.7923646,1.8630381,2.608965,-0.39239895,-0.10673117,1.7805452,-4.0342345,-3.9813077,-1.0144589,0.26910067,5.8217926,-1.9046712,-1.7130561,-2.9801345,0.55449575,-1.4157739,1.718127,1.3631768,-0.5843411,2.6061811,-2.530691,-0.53644866,0.34323835
4,30.813023,11.171282,-26.172304,15.08006,41.635704,-6.6726475,-15.289911,-10.381856,0.5535707,2.8410306,4.1222677,3.753171,-10.914314,6.0652285,1.6695137,-3.5468676,-2.4768522,6.2092085,-2.738205,2.4992318,-1.0874596,0.67530936,1.1613493,-0.86020446,5.359679,-5.5475535,3.8805647,3.455924,-6.061494,-0.6908,-0.714477,-3.919642,-1.8158693,1.3039801,0.2742508,-3.6627917,1.1329492,1.1096189,-0.04300528,1.8419337,-1.225235,-1.8438928,0.39994085,0.66728747,2.5367222,0.9099669,2.5505404,-0.65497684,-1.1492182,-0.85949206,0.5176573
5,-36.214798,0.67471176,-5.1838512,1.5049055,-6.6726475,19.406002,-15.321175,4.693017,13.304057,-3.6443012,6.1294136,3.0699532,9.018452,-1.8702792,-2.3229544,1.1993947,-1.726022,-5.9472475,1.3746083,-2.793034,-2.303488,-1.5975882,-1.0814271,2.6270227,-1.622555,1.4231354,-1.9966738,3.096202,-1.0533404,1.9189516,-2.4297438,0.10849242,0.2581747,0.68223965,-1.0057857,1.9309132,-0.56990516,-0.31450346,-1.0298805,0.5120535,-0.021989191,-0.1726377,-1.2735317,1.290772,-0.7647091,-0.38240558,-1.6409531,0.9758942,-0.008404497,-0.13618189,-0.09389545
6,-17.786745,-10.814383,23.048542,-16.574726,-15.289911,-15.321175,51.03065,2.868482,-12.567513,9.014624,-7.02716,-6.095986,0.2653746,-1.0539356,-2.5580456,-4.456826,-1.169261,-5.6018744,2.3360932,3.6047888,3.2300227,-1.6663327,0.84211165,-2.9640222,-0.6486149,0.20882443,-1.9197205,-2.189628,5.65584,1.255232,3.4657123,3.221232,1.1352122,0.9942798,2.4562376,-0.38155717,1.5189042,-0.8567695,-1.0874772,-0.8470303,0.42522296,1.9994498,1.3391309,-0.5732204,-1.684587,-1.566382,1.6855981,-2.3730261,1.5604298,0.9134414,1.1356375
7,-3.5597873,5.267238,-7.0416117,11.902769,-10.381856,4.693017,2.868482,36.505898,-0.5728262,0.47392052,-9.136942,9.974356,1.9933743,-1.198806,4.8569937,0.44193405,-0.6816824,-9.330727,1.0715468,0.58918196,3.6498318,-3.8875453,7.15933,-2.3272982,-5.937768,1.2086406,-0.32509017,2.6008782,0.0054099867,1.5054147,-2.107847,2.0837717,3.2772808,2.9828706,0.08960897,-1.2223461,0.4629388,-1.8374925,1.0845963,-0.023069166,1.4359577,-0.112281606,2.2494256,1.1377482,0.17873013,-0.21429929,-2.1578884,1.4292053,0.96826786,-1.8487761,-1.8986864
8,-31.749905,6.3140097,-15.688687,9.485798,0.5535707,13.304057,-12.567513,-0.5728262,25.203886,-2.863656,3.1852155,3.2584038,0.7126533,0.62190837,-6.2523355,1.7602773,-1.2049668,-5.2075143,-1.4065111,-0.47990566,-2.7498953,0.41055876,-4.0018263,1.9896057,-2.3872504,-3.2273712,2.7792015,-0.77970684,0.08341329,1.4045638,-1.7177796,-0.25393632,2.225461,0.92816406,-2.9781787,1.5785376,0.96250534,0.91649663,0.1564734,0.29744527,-0.394769,-0.5644022,-2.4021013,1.3602014,-1.5508974,-0.4718932,0.47274333,-0.24944746,-0.85179937,1.0875216,-0.9687605
9,2.5681639,7.2799664,-9.858168,2.416862,2.8410306,-3.6443012,9.014624,0.47392052,-2.863656,15.714478,-0.5130569,1.6769514,-5.1956453,3.7916713,-4.9896736,-7.990966,-4.25836,-3.6912107,2.922801,2.2555819,1.6950699,2.665376,0.18985459,2.282946,3.0465064,0.4232389,-0.7971482,1.0838478,2.25037,1.0172093,1.2864888,-0.35404867,1.0024943,-1.6997967,-2.0358937,-1.195364,-0.4842781,-1.4186969,-0.56819385,-0.82450426,1.5599442,1.4707469,0.640187,-0.28696716,0.45395362,-0.3326791,-1.1341131,-0.11389321,0.30058935,0.64310735,1.4881895
10,-27.196865,2.4991245,9.965912,3.2384706,4.1222677,6.1294136,-7.02716,-9.136942,3.1852155,-0.5130569,11.791168,1.2091484,1.7567732,-0.40834773,0.51354635,-1.4148556,-0.81820226,-0.7346597,2.2210164,-1.2274115,-6.50978,-0.33546835,-2.314413,0.84277916,3.6035328,-0.8083352,0.84526885,0.9332686,-1.8218995,1.3815668,-0.56267893,-0.7060449,-1.5492768,-1.1891515,0.34280294,1.3377621,0.5059725,-0.59866357,-0.2987442,0.21400946,0.24973196,0.3363868,-0.8697674,-0.55120975,-1.070753,0.36186898,-0.50264406,0.8636542,-0.858986,0.15052168,0.9445418
11,21.698729,9.6889515,-9.9262085,7.262127,3.753171,3.0699532,-6.095986,9.974356,3.2584038,1.6769514,1.2091484,10.859621,-2.8071847,4.334037,0.33299816,-0.75384134,0.487346,-4.283875,3.2165494,0.029628044,0.3735155,-2.4183917,0.40063888,-1.5784677,0.1222533,-1.2230092,3.4578784,0.15485455,0.512635,1.7869925,-2.0727549,0.258915,0.37227625,0.5755359,0.45714003,0.14027,0.6785993,0.12196371,0.2839281,-0.34301078,1.4609724,0.12727854,1.3228631,0.17656136,0.12402879,0.9399983,-1.5430033,1.4592454,-0.36463362,-0.14429036,-0.56403756
12,-38.84681,-11.465988,6.667441,-4.3145065,-10.914314,9.018452,0.2653746,1.9933743,0.7126533,-5.1956453,1.7567732,-2.8071847,12.434206,-3.5772996,1.4864887,0.7961667,0.3995037,-3.3675756,1.7341509,-2.8856359,-1.226253,-2.9732916,0.58237123,0.4144879,-1.6662564,-0.1965946,-3.3676968,0.6250726,1.7265255,0.36344498,0.9982398,0.097783715,-1.7772539,1.0421219,0.9825035,1.5338117,-1.4874997,0.03155236,-0.77485275,-0.07594399,-1.0284154,-0.7988988,-0.40485674,0.15601271,0.10612623,-0.27087194,-0.08540423,0.7519599,1.0374005,-0.3757959,0.13592768
13,12.144762,1.3673446,-10.2472,-0.61152685,6.0652285,-1.8702792,-1.0539356,-1.198806,0.62190837,3.7916713,-0.40834773,4.334037,-3.5772996,8.269313,-0.11287455,-4.018196,-1.918113,-0.8351834,3.6911917,2.0596452,4.6286964,-0.19079751,-0.8047078,2.0368063,0.5754484,-0.67579234,2.8309326,-0.6736169,1.5438325,-0.29823056,0.08856602,-0.42982745,-1.1890224,-0.9463867,0.8481471,0.2131283,2.251289,1.0447791,0.22514462,-0.68584514,0.8109994,-0.20942202,0.42640945,1.0704482,0.5050758,0.8015858,-0.12459524,0.12912217,0.12479451,0.4666552,-0.33596897
14,-8.260582,-3.203013,16.186932,-0.10864809,1.6695137,-2.3229544,-2.5580456,4.8569937,-6.2523355,-4.9896736,0.51354635,0.33299816,1.4864887,-0.11287455,11.270077,0.84985614,0.38202384,1.3164275,0.83271754,-1.5974238,-0.25402158,-1.0080874,3.3783517,-1.723772,0.29675627,-0.7469821,0.31493017,-1.3065578,-1.3726431,-2.4866753,-0.14439362,-0.86491966,-1.2475761,-0.36260825,0.98073757,0.030077904,1.772229,-0.57710975,1.1969302,0.3873024,0.16238561,-0.43855786,0.6046301,0.04688865,0.18570098,0.35655344,0.6885825,0.9411696,0.820405,-1.2151155,-1.0399238
15,10.462542,2.56712,12.374024,2.4033563,-3.5468676,1.1993947,-4.456826,0.44193405,1.7602773,-7.990966,-1.4148556,-0.75384134,0.7961667,-4.018196,0.84985614,14.032158,7.8592796,1.8649497,0.6494949,0.31197202,0.24639718,-1.2944624,-0.4555624,-1.5885558,-0.15272644,2.733244,-0.036494523,-1.9101202,-2.7873316,0.081053406,-2.6860986,1.5462422,-0.33313894,0.671684,-0.9266236,-1.1649446,-0.66988254,2.598827,1.348008,-0.026311837,-1.06669,0.77572,0.5257335,-0.92974627,0.385396,-0.53964144,0.34224123,-0.03979694,-0.008737631,-0.44523036,-0.74821675
16,25.46193,2.7850773,6.8374434,4.1012316,-2.4768522,-1.726022,-1.169261,-0.6816824,-1.2049668,-4.25836,-0.81820226,0.487346,0.3995037,-1.918113,0.38202384,7.8592796,8.100582,-0.32652122,0.98932076,-1.310966,-0.5593369,-1.542718,-0.495888,-1.9627948,0.89198184,1.2596531,-0.13916242,-1.3419054,0.56138444,0.7679403,-0.50755036,1.155938,-0.928257,-0.36531442,-1.204989,0.09460561,-0.64187884,1.5123599,1.5417223,-0.7094039,-0.89572686,-0.08347472,1.0922265,-1.0260524,0.21083069,0.36099103,0.8870748,1.1256254,-0.8895891,0.10222056,0.16734526
17,7.4814644,-3.9034188,2.887103,-2.9076378,6.2092085,-5.9472475,-5.6018744,-9.330727,-5.2075143,-3.6912107,-0.7346597,-4.283875,-3.3675756,-0.8351834,1.3164275,1.8649497,-0.32652122,13.194414,-4.0084686,1.4020784,1.1334248,3.4242363,-1.0392797,1.6383386,-1.9537276,1.3811202,0.6668333,-0.50439364,-2.9417496,-2.4655628,0.43935472,-0.74980605,-0.5588815,-0.07849637,1.8000711,-0.5574074,-0.7139976,1.2093208,0.27496693,0.7436855,-1.3046477,-0.293997,-0.6830321,-0.19092172,0.85095114,1.0263828,-0.67438924,-1.0175202,0.18608677,0.15931447,0.2504283
18,-13.001527,0.6215519,5.967058,0.3118824,-2.738205,1.3746083,2.3360932,1.0715468,-1.4065111,2.922801,2.2210164,3.2165494,1.7341509,3.6911917,0.83271754,0.6494949,0.98932076,-4.0084686,10.946039,1.8596659,0.908666,-3.751717,-1.2102413,2.424213,2.6531668,-0.08881316,0.55816686,-0.93061036,1.1443036,1.8159385,-1.1513054,-0.9025858,-2.6783423,-1.1768464,0.3871774,-0.021639187,-0.47474182,1.8329704,0.024476044,-1.4289142,0.88064075,2.2454486,0.61365175,0.33579156,0.1987978,-0.41458106,-0.78858054,0.35150677,0.40491906,-0.42139143,-0.5188974
19,-20.59276,-0.23822291,-1.0587504,6.1662025,2.4992318,-2.793034,3.6047888,0.58918196,-0.47990566,2.2555819,-1.2274115,0.029628044,-2.8856359,2.0596452,-1.5974238,0.31197202,-1.310966,1.4020784,1.8596659,5.019359,1.5105109,0.13568798,-0.17887011,2.2664936,-0.29413182,0.8091934,0.9307213,0.0138870645,-1.406516,0.1450784,-0.0128558,0.27686745,-0.20425531,0.33074656,0.89093804,-1.5775204,0.22255586,0.9338357,0.83321947,-0.45181763,0.06708278,0.36303312,0.028489284,0.24020675,0.3023023,-0.21658438,-0.49117136,-1.003927,0.04239683,0.07359888,-0.0921207
20,17.569153,-3.1703203,-7.7072244,-7.5263615,-1.0874596,-2.303488,3.2300227,3.6498318,-2.7498953,1.6950699,-6.50978,0.3735155,-1.226253,4.6286964,-0.25402158,0.24639718,-0.5593369,1.1334248,0.908666,1.5105109,9.369663,-0.004529339,-0.28192684,2.4737306,-2.3658547,3.2490447,-0.6598854,0.24581964,0.98191786,-0.72241116,0.55354786,0.58455443,0.17513606,0.613038,0.27586317,-1.3800616,1.7544861,1.0868239,0.4342144,-0.2986905,0.3064324,-0.4983255,1.3111794,0.96274436,0.8580886,0.03880836,-0.09658385,-0.4661553,0.97086895,0.26722676,-0.8861406
21,3.3863473,1.5066519,-1.6772128,-0.13915718,0.67530936,-1.5975882,-1.6663327,-3.8875453,0.41055876,2.665376,-0.33546835,-2.4183917,-2.9732916,-0.19079751,-1.0080874,-1.2944624,-1.542718,3.4242363,-3.751717,0.13568798,-0.004529339,4.721696,0.27941492,0.7703395,-0.35683304,0.9438632,-0.059739232,-0.7469715,-0.26540405,-1.9563711,0.3749454,0.38196814,1.1990273,-1.1929232,-1.3578293,0.3293174,0.3886594,-0.7002274,-0.04291959,0.1129965,-0.20809075,0.1258244,-1.0924282,0.013729872,0.18352473,0.27208695,-0.5942908,-0.342991,0.01726361,0.48880655,0.827162
22,4.23625,0.3915645,1.1827219,2.0486412,1.1613493,-1.0814271,0.84211165,7.15933,-4.0018263,0.18985459,-2.314413,0.40063888,0.58237123,-0.8047078,3.3783517,-0.4555624,-0.495888,-1.0392797,-1.2102413,-0.17887011,-0.28192684,0.27941492,4.635934,-1.9256142,-0.45962387,-0.5920807,-0.29392466,1.0006487,-0.814716,-1.11566,-0.861781,0.44522393,0.0068700192,-0.23883249,0.6963495,0.29415256,-0.05781859,-0.6752373,-0.24731162,0.5819475,-0.23794177,-0.037684686,0.100872025,0.34476995,0.67400783,0.1327693,0.14051598,0.218943,0.6341383,-0.9627019,0.28020203
23,-26.70005,-2.2596178,-2.2159562,2.156638,-0.86020446,2.6270227,-2.9640222,-2.3272982,1.9896057,2.282946,0.84277916,-1.5784677,0.4144879,2.0368063,-1.723772,-1.5885558,-1.9627948,1.6383386,2.424213,2.2664936,2.4737306,0.7703395,-1.9256142,5.457759,-0.95095766,2.4352963,-1.089569,1.4656682,-0.5222266,0.4186968,0.76784956,-0.5223471,-0.5619441,-0.664181,-0.4110908,-0.3462177,0.35515875,0.6322013,0.7187487,-0.48347342,-0.18371241,0.09483336,-0.36604452,0.8910976,-0.107623726,-0.021016266,-0.72483796,-0.31487247,-0.11587168,0.38234216,0.0009541854
24,9.8351345,4.224805,3.4376457,0.38418093,5.359679,-1.622555,-0.6486149,-5.937768,-2.3872504,3.0465064,3.6035328,0.1222533,-1.6662564,0.5754484,0.29675627,-0.15272644,0.89198184,-1.9537276,2.6531668,-0.29413182,-2.3658547,-0.35683304,-0.45962387,-0.95095766,5.0591803,-0.5794014,-0.42714548,-0.42145336,-0.33027503,0.32636577,-0.36334622,-1.0003953,-1.0830607,-1.1822743,-1.0861562,-0.74523455,-0.5388514,-0.25786245,-0.15556216,-0.320342,0.7359756,0.80731565,0.364918,-0.88878673,0.24705765,-0.49997568,0.6135087,0.27320287,-0.4015929,-0.10415547,0.5276786
25,6.184784,0.6049569,7.348587,-4.4497213,-5.5475535,1.4231354,0.20882443,1.2086406,-3.2273712,0.4232389,-0.8083352,-1.2230092,-0.1965946,-0.67579234,-0.7469821,2.733244,1.2596531,1.3811202,-0.08881316,0.8091934,3.2490447,0.9438632,-0.5920807,2.4352963,-0.5794014,6.406546,-3.062449,2.0270166,-1.3741344,0.31001115,-0.8460226,1.3232226,0.64940745,-0.6307875,-0.48080778,-0.518142,0.3241957,-0.20883782,0.8255788,-0.10250944,0.4234416,0.44028616,0.8318636,0.17027642,-0.4295843,-0.2335277,-0.96307486,0.022054587,-0.29723638,0.33931053,0.39704132
26,5.4198027,2.7018425,-3.5039449,3.7292383,3.8805647,-1.9966738,-1.9197205,-0.32509017,2.7792015,-0.7971482,0.84526885,3.4578784,-3.3676968,2.8309326,0.31493017,-0.036494523,-0.13916242,0.6668333,0.55816686,0.9307213,-0.6598854,-0.059739232,-0.29392466,-1.089569,-0.42714548,-3.062449,4.578895,-1.9823134,0.11262305,-0.09011257,-0.48447344,0.12939653,-0.22319308,-0.12213941,1.0762968,0.59635735,1.3147064,0.9071871,-0.013722613,-0.05222661,0.06845249,0.03698474,-0.41165978,0.03804441,-0.023525093,0.7371036,-0.098727025,-0.028422065,-0.029906085,-0.030848736,-0.6143156
27,1.1734662,1.5675806,-4.1709843,0.3861739,3.455924,3.096202,-2.189628,2.6008782,-0.77970684,1.0838478,0.9332686,0.15485455,0.6250726,-0.6736169,-1.3065578,-1.9101202,-1.3419054,-0.50439364,-0.93061036,0.0138870645,0.24581964,-0.7469715,1.0006487,1.4656682,-0.42145336,2.0270166,-1.9823134,4.8227715,-1.9940536,1.5682969,-0.738678,-0.023724277,0.17680204,0.25554574,0.6178291,-0.019523922,-0.1981864,-0.6621371,-0.4570623,0.90278417,-0.27160695,-0.30578965,0.36371583,0.8796637,-0.25159836,-0.026260361,0.025302393,-0.05107414,-0.5370678,-0.34483713,0.5957687
28,6.498231,-2.5512404,-3.62606,-2.7923646,-6.061494,-1.0533404,5.65584,0.0054099867,0.08341329,2.25037,-1.8218995,0.512635,1.7265255,1.5438325,-1.3726431,-2.7873316,0.56138444,-2.9417496,1.1443036,-1.406516,0.98191786,-0.26540405,-0.814716,-0.5222266,-0.33027503,-1.3741344,0.11262305,-1.9940536,4.4217997,0.051869452,1.8003085,0.21808927,-0.14773345,-0.4093526,-0.601825,1.11889,-0.1510315,-0.13575096,-0.16795743,-0.99975353,0.21127105,-0.2547269,0.17713174,-0.18027051,-0.03309028,0.29485047,0.100983806,0.5877007,0.14131528,0.6945304,0.18477271
29,-0.43079245,2.3574865,-1.6746843,1.8630381,-0.6908,1.9189516,1.255232,1.5054147,1.4045638,1.0172093,1.3815668,1.7869925,0.36344498,-0.29823056,-2.4866753,0.081053406,0.7679403,-2.4655628,1.8159385,0.1450784,-0.72241116,-1.9563711,-1.11566,0.4186968,0.32636577,0.31001115,-0.09011257,1.5682969,0.051869452,2.3075304,-0.28550196,0.19614981,0.009731179,0.40933838,0.08000811,-0.08575331,-0.38818562,0.12843338,-0.13049984,-0.1011764,0.15775019,0.28174853,0.5202113,-0.042370483,-0.5101972,-0.14925605,-0.119418696,0.17876357,-0.56087935,0.041372225,0.055117574
30,-14.400474,-4.599114,-2.266384,2.608965,-0.714477,-2.4297438,3.4657123,-2.107847,-1.7177796,1.2864888,-0.56267893,-2.0727549,0.9982398,0.08856602,-0.14439362,-2.6860986,-0.50755036,0.43935472,-1.1513054,-0.0128558,0.55354786,0.3749454,-0.861781,0.76784956,-0.36334622,-0.8460226,-0.48447344,-0.738678,1.8003085,-0.28550196,3.1042492,-0.2830616,-0.18670149,0.4940908,-0.40189606,-0.6852824,0.20147812,-0.53015506,0.7235507,-0.5512022,-0.319241,-1.318728,0.28850543,-0.59524864,0.20984346,0.23431458,0.4455245,0.27050006,-0.006385732,0.42565084,0.09780832
31,2.5236998,0.16132063,2.902978,-0.39239895,-3.919642,0.10849242,3.221232,2.0837717,-0.25393632,-0.35404867,-0.7060449,0.258915,0.097783715,-0.42982745,-0.86491966,1.5462422,1.155938,-0.74980605,-0.9025858,0.27686745,0.58455443,0.38196814,0.44522393,-0.5223471,-1.0003953,1.3232226,0.12939653,-0.023724277,0.21808927,0.19614981,-0.2830616,1.5152406,0.5146824,-0.049517844,0.21845172,0.44507515,0.6112462,-0.017830253,0.18991409,-0.069422536,-0.08546275,0.003525764,0.12636024,-0.07285385,-0.28751463,0.15017551,-0.26903588,0.08354977,-0.026727043,0.18367639,0.27652586
32,4.2750463,2.6182046,-2.3573914,-0.10673117,-1.8158693,0.2581747,1.1352122,3.2772808,2.225461,1.0024943,-1.5492768,0.37227625,-1.7772539,-1.1890224,-1.2475761,-0.33313894,-0.928257,-0.5588815,-2.6783423,-0.20425531,0.17513606,1.1990273,0.0068700192,-0.5619441,-1.0830607,0.64940745,-0.22319308,0.17680204,-0.14773345,0.009731179,-0.18670149,0.5146824,1.99515,0.503096,-0.8958168,-0.31850004,0.22721907,-0.9573879,0.004282508,0.27376604,0.466869,-0.0126337875,-0.046029493,-0.044304088,-0.5028979,-0.2900603,-0.28514886,-0.23048943,-0.117219865,0.22006764,-0.16360018
33,-5.95798,-1.8083441,-5.3684134,1.7805452,1.3039801,0.68223965,0.9942798,2.9828706,0.92816406,-1.6997967,-1.1891515,0.5755359,1.0421219,-0.9463867,-0.36260825,0.671684,-0.36531442,-0.07849637,-1.1768464,0.33074656,0.613038,-1.1929232,-0.23883249,-0.664181,-1.1822743,-0.6307875,-0.12213941,0.25554574,-0.4093526,0.40933838,0.4940908,-0.049517844,0.503096,2.2164826,0.22544515,-1.3342285,-0.09701974,0.071257405,-0.13075173,0.14454907,-0.32236472,-0.6927471,0.3065821,0.023513336,0.35568652,-0.24180132,-0.035397075,-0.3019802,0.10894946,-0.20694625,-0.49759847
34,-3.6953177,-3.6707,3.919426,-4.0342345,0.2742508,-1.0057857,2.4562376,0.08960897,-2.9781787,-2.0358937,0.34280294,0.45714003,0.9825035,0.8481471,0.98073757,-0.9266236,-1.204989,1.8000711,0.3871774,0.89093804,0.27586317,-1.3578293,0.6963495,-0.4110908,-1.0861562,-0.48080778,1.0762968,0.6178291,-0.601825,0.08000811,-0.40189606,0.21845172,-0.8958168,0.22544515,3.130038,0.75341696,0.097148895,0.37027526,-0.5497786,0.5432421,0.007418281,-0.13848564,0.10433225,0.17686403,-0.14460719,0.45249513,-0.14097086,-0.34587866,0.5017156,-0.20094919,-0.07581906
35,4.121749,-0.6515564,3.461791,-3.9813077,-3.6627917,1.9309132,-0.38155717,-1.2223461,1.5785376,-1.195364,1.3377621,0.14027,1.5338117,0.2131283,0.030077904,-1.1649446,0.09460561,-0.5574074,-0.021639187,-1.5775204,-1.3800616,0.3293174,0.29415256,-0.3462177,-0.74523455,-0.518142,0.59635735,-0.019523922,1.11889,-0.08575331,-0.6852824,0.44507515,-0.31850004,-1.3342285,0.75341696,2.5972056,0.18767111,-0.053570308,-0.6135526,0.19375718,-0.15726164,0.288298,-0.7760867,0.49844798,-0.7138128,0.5199232,-0.0038099387,0.31991637,-0.0749673,0.23044792,0.44265187
36,-1.5957743,-0.2557279,1.6830043,-1.0144589,1.1329492,-0.56990516,1.5189042,0.4629388,0.96250534,-0.4842781,0.5059725,0.6785993,-1.4874997,2.251289,1.772229,-0.66988254,-0.64187884,-0.7139976,-0.47474182,0.22255586,1.7544861,0.3886594,-0.05781859,0.35515875,-0.5388514,0.3241957,1.3147064,-0.1981864,-0.1510315,-0.38818562,0.20147812,0.6112462,0.22721907,-0.09701974,0.097148895,0.18767111,2.789353,-0.09579989,0.40698242,0.079527155,0.08146426,-0.43024942,-0.0013988062,0.6268492,-0.494052,0.19313484,0.48823804,-0.035266384,-0.07600908,0.07287867,-0.415989
37,2.0499573,-0.6083263,-0.9206333,0.26910067,1.1096189,-0.31450346,-0.8567695,-1.8374925,0.91649663,-1.4186969,-0.59866357,0.12196371,0.03155236,1.0447791,-0.57710975,2.598827,1.5123599,1.2093208,1.8329704,0.9338357,1.0868239,-0.7002274,-0.6752373,0.6322013,-0.25786245,-0.20883782,0.9071871,-0.6621371,-0.13575096,0.12843338,-0.53015506,-0.017830253,-0.9573879,0.071257405,0.37027526,-0.053570308,-0.09579989,1.62242,0.031123936,-0.20727754,-0.6344526,0.3412193,-0.097504824,0.2972048,0.429224,0.102024585,0.12211259,-0.3022653,0.09832069,-0.03727389,-0.20185581
38,-8.392465,0.5779307,3.225245,5.8217926,-0.04300528,-1.0298805,-1.0874772,1.0845963,0.1564734,-0.56819385,-0.2987442,0.2839281,-0.77485275,0.22514462,1.1969302,1.348008,1.5417223,0.27496693,0.024476044,0.83321947,0.4342144,-0.04291959,-0.24731162,0.7187487,-0.15556216,0.8255788,-0.013722613,-0.4570623,-0.16795743,-0.13049984,0.7235507,0.18991409,0.004282508,-0.13075173,-0.5497786,-0.6135526,0.40698242,0.031123936,1.7016938,-0.38067695,0.0655493,-0.7008146,0.6184007,-0.4723379,-0.11218481,0.23522606,0.2574395,0.5594319,-0.28521866,0.24147213,-0.18431817
39,2.0059404,0.34445322,0.6865839,-1.9046712,1.8419337,0.5120535,-0.8470303,-0.023069166,0.29744527,-0.82450426,0.21400946,-0.34301078,-0.07594399,-0.68584514,0.3873024,-0.026311837,-0.7094039,0.7436855,-1.4289142,-0.45181763,-0.2986905,0.1129965,0.5819475,-0.48347342,-0.320342,-0.10250944,-0.05222661,0.90278417,-0.99975353,-0.1011764,-0.5512022,-0.069422536,0.27376604,0.14454907,0.5432421,0.19375718,0.079527155,-0.20727754,-0.38067695,0.7073122,-0.107125595,-0.10468346,-0.10830255,0.14882511,-0.15586153,-0.02444018,0.27800244,-0.2300985,0.15263762,-0.15853417,0.019526796
40,3.2031908,1.8118403,1.4174588,-1.7130561,-1.225235,-0.021989191,0.42522296,1.4359577,-0.394769,1.5599442,0.24973196,1.4609724,-1.0284154,0.8109994,0.16238561,-1.06669,-0.89572686,-1.3046477,0.88064075,0.06708278,0.3064324,-0.20809075,-0.23794177,-0.18371241,0.7359756,0.4234416,0.06845249,-0.27160695,0.21127105,0.15775019,-0.319241,-0.08546275,0.466869,-0.32236472,0.007418281,-0.15726164,0.08146426,-0.6344526,0.0655493,-0.107125595,1.1308395,0.30543086,0.40052167,-0.32633653,-0.33169264,-0.17719248,-0.37752444,0.170703,0.12445201,0.10969439,-0.26650763
41,4.3029623,2.024315,3.7985487,-2.9801345,-1.8438928,-0.1726377,1.9994498,-0.112281606,-0.5644022,1.4707469,0.3363868,0.12727854,-0.7988988,-0.20942202,-0.43855786,0.77572,-0.08347472,-0.293997,2.2454486,0.36303312,-0.4983255,0.1258244,-0.037684686,0.09483336,0.80731565,0.44028616,0.03698474,-0.30578965,-0.2547269,0.28174853,-1.318728,0.003525764,-0.0126337875,-0.6927471,-0.13848564,0.288298,-0.43024942,0.3412193,-0.7008146,-0.10468346,0.30543086,1.598915,-0.32836816,0.20528078,-0.16243976,-0.40249094,-0.54742,-0.4204424,0.1536063,-0.1965492,0.0759729
42,7.195138,1.0030468,0.9062879,0.55449575,0.39994085,-1.2735317,1.3391309,2.2494256,-2.4021013,0.640187,-0.8697674,1.3228631,-0.40485674,0.42640945,0.6046301,0.5257335,1.0922265,-0.6830321,0.61365175,0.028489284,1.3111794,-1.0924282,0.100872025,-0.36604452,0.364918,0.8318636,-0.41165978,0.36371583,0.17713174,0.5202113,0.28850543,0.12636024,-0.046029493,0.3065821,0.10433225,-0.7760867,-0.0013988062,-0.097504824,0.6184007,-0.10830255,0.40052167,-0.32836816,1.1656468,-0.4683469,0.12207365,0.07790804,0.11354002,0.44383526,0.022378791,0.013413031,-0.12747346
43,0.50107855,-0.56137395,-3.3245728,-1.4157739,0.66728747,1.290772,-0.5732204,1.1377482,1.3602014,-0.28696716,-0.55120975,0.17656136,0.15601271,1.0704482,0.04688865,-0.92974627,-1.0260524,-0.19092172,0.33579156,0.24020675,0.96274436,0.013729872,0.34476995,0.8910976,-0.88878673,0.17027642,0.03804441,0.8796637,-0.18027051,-0.042370483,-0.59524864,-0.07285385,-0.044304088,0.023513336,0.17686403,0.49844798,0.6268492,0.2972048,-0.4723379,0.14882511,-0.32633653,0.20528078,-0.4683469,1.1295282,-0.04842467,-0.016361356,-0.005067483,-0.36267716,-0.080222875,-0.15209754,-0.08284181
44,4.3115034,-0.43736964,-4.8108377,1.718127,2.5367222,-0.7647091,-1.684587,0.17873013,-1.5508974,0.45395362,-1.070753,0.12402879,0.10612623,0.5050758,0.18570098,0.385396,0.21083069,0.85095114,0.1987978,0.3023023,0.8580886,0.18352473,0.67400783,-0.107623726,0.24705765,-0.4295843,-0.023525093,-0.25159836,-0.03309028,-0.5101972,0.20984346,-0.28751463,-0.5028979,0.35568652,-0.14460719,-0.7138128,-0.494052,0.429224,-0.11218481,-0.15586153,-0.33169264,-0.16243976,0.12207365,-0.04842467,0.99151707,0.110412374,-0.18059775,0.02969931,0.27202797,-0.25004414,0.06963876
45,3.6951542,0.08954635,-1.0342046,1.3631768,0.9099669,-0.38240558,-1.566382,-0.21429929,-0.4718932,-0.3326791,0.36186898,0.9399983,-0.27087194,0.8015858,0.35655344,-0.53964144,0.36099103,1.0263828,-0.41458106,-0.21658438,0.03880836,0.27208695,0.1327693,-0.021016266,-0.49997568,-0.2335277,0.7371036,-0.026260361,0.29485047,-0.14925605,0.23431458,0.15017551,-0.2900603,-0.24180132,0.45249513,0.5199232,0.19313484,0.102024585,0.23522606,-0.02444018,-0.17719248,-0.40249094,0.07790804,-0.016361356,0.110412374,0.62460077,-0.18591265,0.40212026,-0.10254507,0.12813003,0.20636237
46,2.7375336,-0.8165142,1.1792259,-0.5843411,2.5505404,-1.6409531,1.6855981,-2.1578884,0.47274333,-1.1341131,-0.50264406,-1.5430033,-0.08540423,-0.12459524,0.6885825,0.34224123,0.8870748,-0.67438924,-0.78858054,-0.49117136,-0.09658385,-0.5942908,0.14051598,-0.72483796,0.6135087,-0.96307486,-0.098727025,0.025302393,0.100983806,-0.119418696,0.4455245,-0.26903588,-0.28514886,-0.035397075,-0.14097086,-0.0038099387,0.48823804,0.12211259,0.2574395,0.27800244,-0.37752444,-0.54742,0.11354002,-0.005067483,-0.18059775,-0.18591265,1.5790169,-0.13645008,-0.15008396,0.01466253,-0.115608476
47,2.1244726,1.0982213,0.60653615,2.6061811,-0.65497684,0.9758942,-2.3730261,1.4292053,-0.24944746,-0.11389321,0.8636542,1.4592454,0.7519599,0.12912217,0.9411696,-0.03979694,1.1256254,-1.0175202,0.35150677,-1.003927,-0.4661553,-0.342991,0.218943,-0.31487247,0.27320287,0.022054587,-0.028422065,-0.05107414,0.5877007,0.17876357,0.27050006,0.08354977,-0.23048943,-0.3019802,-0.34587866,0.31991637,-0.035266384,-0.3022653,0.5594319,-0.2300985,0.170703,-0.4204424,0.44383526,-0.36267716,0.02969931,0.40212026,-0.13645008,0.9153098,-0.15747161,0.048758127,0.113120936
48,-5.484038,-1.7807986,1.7173905,-2.530691,-1.1492182,-0.008404497,1.5604298,0.96826786,-0.85179937,0.30058935,-0.858986,-0.36463362,1.0374005,0.12479451,0.820405,-0.008737631,-0.8895891,0.18608677,0.40491906,0.04239683,0.97086895,0.01726361,0.6341383,-0.11587168,-0.4015929,-0.29723638,-0.029906085,-0.5370678,0.14131528,-0.56087935,-0.006385732,-0.026727043,-0.117219865,0.10894946,0.5017156,-0.0749673,-0.07600908,0.09832069,-0.28521866,0.15263762,0.12445201,0.1536063,0.022378791,-0.080222875,0.27202797,-0.10254507,-0.15008396,-0.15747161,0.82867444,-0.14409924,-0.172003
49,-0.08743706,0.0069217104,-0.20589359,-0.53644866,-0.85949206,-0.13618189,0.9134414,-1.8487761,1.0875216,0.64310735,0.15052168,-0.14429036,-0.3757959,0.4666552,-1.2151155,-0.44523036,0.10222056,0.15931447,-0.42139143,0.07359888,0.26722676,0.48880655,-0.9627019,0.38234216,-0.10415547,0.33931053,-0.030848736,-0.34483713,0.6945304,0.041372225,0.42565084,0.18367639,0.22006764,-0.20694625,-0.20094919,0.23044792,0.07287867,-0.03727389,0.24147213,-0.15853417,0.10969439,-0.1965492,0.013413031,-0.15209754,-0.25004414,0.12813003,0.01466253,0.048758127,-0.14409924,0.5107839,0.2139743
50,1.3356401,0.5364102,0.44540805,0.34323835,0.5176573,-0.09389545,1.1356375,-1.8986864,-0.9687605,1.4881895,0.9445418,-0.56403756,0.13592768,-0.33596897,-1.0399238,-0.74821675,0.16734526,0.2504283,-0.5188974,-0.0921207,-0.8861406,0.827162,0.28020203,0.0009541854,0.5276786,0.39704132,-0.6143156,0.5957687,0.18477271,0.055117574,0.09780832,0.27652586,-0.16360018,-0.49759847,-0.07581906,0.44265187,-0.415989,-0.20185581,-0.18431817,0.019526796,-0.26650763,0.0759729,-0.12747346,-0.08284181,0.06963876,0.20636237,-0.115608476,0.113120936,-0.172003,0.2139743,0.8830267
