,0,1,2,3,4,5,6,7,8,9,10,11,12,13,14,15,16,17,18,19,20,21,22,23,24,25,26,27,28,29,30,31,32,33,34,35,36,37,38,39,40,41,42,43,44,45,46,47,48,49
0,47.202606,103.72547,-14.574788,-0.008509191,-0.0007647921,-0.010083739,-0.0023606555,-0.0016808594,-0.0073047234,-0.0035932045,0.002313002,-0.0022467808,0.00049149594,0.0030602186,-0.0012718745,-0.00096278323,0.0017918742,0.0009825935,-0.00039440673,0.0018114102,0.00070615474,-0.00057891733,-0.00036720606,0.00057296886,-0.0013049915,0.00050593785,0.00066941266,5.0596722e-05,0.0011565462,0.0007085881,0.0010693322,-0.00026074107,-0.00018155435,-0.00025436387,-0.00045622044,-0.00029671806,5.6078912e-05,0.00024060032,-0.00025744922,-6.170957e-07,0.0004484054,-0.00013688485,0.00013844718,-0.000109347246,-4.5010584e-06,-0.00023021025,-0.00017319171,0.00015103849,-1.0311007e-05,-0.00022742039
1,103.72547,227.98566,-32.036156,-0.009442041,-0.011128042,-0.006025525,-0.0013218881,0.0067438856,0.0024782172,-0.0044165524,0.0015361328,-0.0018324394,0.002304044,0.0010496172,0.001037059,0.0006292048,0.00043670554,0.00019209005,-0.00053288357,0.00062657264,-4.1780935e-05,0.0002728831,-0.00074650545,0.0004814798,-5.1445793e-05,5.7529127e-05,-0.00024271192,1.0549939e-05,0.00016231375,-0.00024103667,-8.810435e-05,0.00048346695,5.7467073e-06,0.0002902408,-0.00010585399,0.00018017997,-3.0130543e-05,-0.00011448445,-0.00012118694,-2.42333e-05,-8.652177e-05,-0.00013503675,-0.00013910854,0.00043560177,0.00013439097,-0.00013259647,6.1978085e-07,0.00010277433,0.00014108286,-0.0002273314
2,-14.574788,-32.036156,4.5136156,-0.018787103,0.013062609,-0.000996635,-0.0022717789,-0.0019925716,0.002668431,0.00014852942,-0.0038109827,0.0034365682,-0.0023883875,-0.0031484873,-0.0012013578,-0.0016662402,-0.00018325646,-0.0008588921,0.0008242118,0.0010361281,-0.0013414214,0.0021918318,0.00039552336,0.00016988702,-0.00019911819,-0.00047247377,0.00054356817,0.0007197365,-0.0005065319,0.00019315492,0.0004755511,0.00023907577,-7.3866904e-05,-0.00039501334,-0.00011666235,0.00029414846,4.429241e-05,0.00075468107,0.0002898469,9.093687e-05,8.691862e-05,0.0002776674,2.9753199e-05,-0.00015448587,-0.000109298606,-0.0002451492,-0.00040111376,0.00010497837,-0.00031954626,0.00017521516
3,-0.008509191,-0.009442041,-0.018787103,0.09382477,-0.023054756,-0.0125247445,-0.007616745,0.003847905,0.00041264604,-0.0069677746,0.0003573128,-0.0032082708,0.005568146,0.0058213416,-0.00053386914,-0.00062091765,0.0015625816,-0.0015156318,-0.0019905954,-0.0013996987,-0.0021448056,-0.0010837812,-0.0017495659,0.002550458,-0.0010834422,0.00016859794,-0.00076115585,-0.00070004194,0.00038145517,-0.0016583826,-0.0003049229,-4.131613e-05,-0.0013697846,0.0003029761,0.0007643815,0.0007915606,0.00017267035,-0.0015440991,-0.00015535101,-0.00044258335,3.8350187e-05,0.00020001217,-0.000183922,0.0014943203,0.001024651,0.00016533537,0.0008509826,-0.0008776927,0.00013318282,-0.00024692822
4,-0.0007647921,-0.011128042,0.013062609,-0.023054756,0.032249115,-0.0020203684,-0.009058099,0.0026517613,-0.00478655,-0.0021798736,0.004208233,0.0027306026,-0.00024219422,-0.0017483007,-0.001989254,-0.002136269,-0.0011297334,0.0015165763,0.0016139438,0.00024197093,-0.00016125615,0.0022442646,-0.00025984133,0.0012724901,-0.00025371852,-4.0530587e-05,0.00014563475,0.0012958525,-0.0002127352,-0.0012709375,0.00071004126,0.00095336075,-0.00020068936,0.00029155496,-0.00025146,-0.00024299954,0.00018681852,0.00043038884,0.00064735935,0.00077839557,0.00016512137,0.000371626,-0.00046797947,6.019497e-05,3.437543e-05,-0.00019229253,-0.00047750302,-0.0001648214,0.00014703919,-2.9533756e-05
5,-0.010083739,-0.006025525,-0.000996635,-0.0125247445,-0.0020203684,0.046595726,0.0030015826,0.0073756594,0.0054806964,-0.0048908745,-0.0013817995,-0.00293469,0.0026835082,0.00038614206,-0.0001180181,-0.0010054946,0.0009365351,0.0016587917,-0.001863145,0.0006244813,0.0007991397,0.0002387008,0.00023372401,-0.0021837447,0.00019688348,-0.00069851393,-0.0014378531,0.001181327,0.0014175251,-0.0010686034,-0.0012422143,0.00041039108,-0.000267095,0.00020085796,-0.00080435874,-0.00044803938,-0.00030056317,-0.00039291644,-0.00030478035,-0.000687356,-0.0007411253,-0.00041801494,-0.00013276309,0.00030516565,-0.00026145153,-0.000263058,-4.523399e-06,0.0003930988,0.0001679426,-0.0003036362
6,-0.0023606555,-0.0013218881,-0.0022717789,-0.007616745,-0.009058099,0.0030015826,0.016362093,-0.0026612326,-0.0013080023,0.0012728241,-0.0009970437,-0.0024936893,0.0011715083,-0.0041799583,0.0006939934,0.0034976103,-0.0008986181,0.0011343687,0.00030647736,-0.00011806305,0.00042530638,-0.0014499422,0.00096333004,-0.00064514077,-3.906031e-05,-0.00038933958,-1.242245e-05,-0.00026521913,6.544593e-05,0.00029266035,-6.533986e-05,0.0006807549,-0.00035748916,0.000506646,0.00022285705,7.248818e-05,0.0004931417,0.000373466,-0.00015508052,0.00023228984,0.00025734905,0.00040454313,0.00023529647,0.00017738386,4.9560993e-05,3.787967e-05,1.0404398e-06,0.00050793507,-8.9178764e-05,0.00014801524
7,-0.0016808594,0.0067438856,-0.0019925716,0.003847905,0.0026517613,0.0073756594,-0.0026612326,0.020327426,0.00076646265,0.0014456768,-0.00013426879,-0.00070799625,-0.003942824,0.0016434463,0.0022770688,0.0009571833,-0.0008934024,-0.0013797085,0.0012119833,-0.00041560567,-6.1324215e-05,0.00018043866,0.00018619257,0.00044623957,-0.00056246883,-0.001153941,0.0001700535,-0.0010237037,0.0006655988,-0.0008151377,-0.0002746873,0.000579668,-0.00039413947,-0.00043229424,0.00030249608,-0.0002944069,-0.00038336474,-0.00046738575,0.00046907563,0.00038760668,-0.0001165481,0.00012987218,-0.00011790509,0.0003616209,-1.9146562e-05,4.6942136e-05,2.730307e-05,-8.2985796e-05,-0.00014161888,-0.00010529294
8,-0.0073047234,0.0024782172,0.002668431,0.00041264604,-0.00478655,0.0054806964,-0.0013080023,0.00076646265,0.0132783335,0.002287704,-0.003976915,1.3326437e-05,-0.0024242192,-0.0014896254,0.00016677499,-7.9987534e-05,-0.0010868965,-0.0011917597,-0.0006633264,-0.00019320945,-0.00092042144,0.0011283066,0.000376986,-0.00056566845,0.0012251891,0.00027948694,-0.00048742446,0.0008909341,-0.0008159531,-0.00052887964,-0.00056634855,4.1525916e-05,-0.00028408424,-2.1334745e-06,0.00024808483,0.0003627252,-9.940335e-05,1.24024855e-05,9.387717e-05,-7.1454786e-05,-0.00023450679,-0.00021289877,0.00012303492,5.2471398e-05,-9.863416e-05,0.00016259978,-9.388067e-06,-0.0002466922,-0.00019812852,6.866062e-05
9,-0.0035932045,-0.0044165524,0.00014852942,-0.0069677746,-0.0021798736,-0.0048908745,0.0012728241,0.0014456768,0.002287704,0.013143791,0.001992041,-0.0012994229,-0.00031393953,0.00024411434,0.0002877264,-0.0016924769,0.0008520174,-0.00015446552,2.343301e-05,-2.2752294e-05,-0.00027184543,-0.0002287316,0.00074944814,-0.0010313848,0.0010049518,6.207739e-05,-0.00035558257,-0.0009707748,-0.0004208412,0.00020757833,-0.00026022497,0.00082845095,-0.00022603033,0.000134315,0.0006925779,3.654341e-05,-0.00021393472,-0.0002197357,0.00014418404,-8.2553364e-05,-1.727529e-06,-9.504726e-05,-3.51107e-05,-0.00048755837,-0.00016976325,8.827405e-05,-0.00033882598,0.00018655694,-0.0002668268,-0.00010695415
10,0.002313002,0.0015361328,-0.0038109827,0.0003573128,0.004208233,-0.0013817995,-0.0009970437,-0.00013426879,-0.003976915,0.001992041,0.010724415,-0.0011554228,0.0010135961,0.00019912967,0.00049877376,0.001751536,0.0002072887,-0.00027425453,0.0016819004,0.00040829927,0.0006179266,-0.00047940126,-0.00035861426,0.000118245705,0.001169496,0.00045213173,-1.7980252e-05,-0.00015959618,0.00022175192,-2.0993048e-05,-0.00046691363,-0.0004421951,-0.00059573003,0.00015107173,-7.761543e-05,-1.1004329e-05,0.000109021435,-0.00059460266,-0.0001429154,3.110514e-05,-0.00018193907,-0.0003916689,-0.0003058926,8.103236e-05,-2.1439593e-05,-9.273461e-05,-0.00018327072,8.638465e-05,3.0854553e-05,-0.0002654615
11,-0.0022467808,-0.0018324394,0.0034365682,-0.0032082708,0.0027306026,-0.00293469,-0.0024936893,-0.00070799625,1.3326437e-05,-0.0012994229,-0.0011554228,0.010612134,-0.00018744235,-0.0012706316,0.0005300795,-0.001422433,4.2006926e-05,0.0006318686,0.00064681895,0.00015239499,-0.00036256097,0.00012259603,6.816626e-05,0.00042203587,-8.8638786e-05,7.029071e-05,0.00027610606,0.0001388824,-0.00014328424,-6.7000574e-06,-0.0002789696,-0.000113284084,0.00010926764,-0.00014819381,5.0802555e-07,-0.000116497,-0.00010008349,-5.5246892e-05,3.8092734e-05,-9.594142e-05,-0.00028980267,-0.00021785105,-3.3712902e-05,0.00012866952,6.48344e-05,0.00035190035,0.00021115685,9.78356e-05,-0.00017781867,0.00011812567
12,0.00049149594,0.002304044,-0.0023883875,0.005568146,-0.00024219422,0.0026835082,0.0011715083,-0.003942824,-0.0024242192,-0.00031393953,0.0010135961,-0.00018744235,0.007331179,-0.00023616021,-0.00017173376,-0.0010718785,-0.0002696035,0.00014879016,-0.00090018014,-0.0003925857,-0.0005364124,9.434113e-05,-0.00011522604,-0.0004286161,-0.00026778853,-0.0006636319,-0.00033390062,0.00015562128,-0.00070805696,-0.0007440782,-0.00031703612,0.00031546789,0.00028795222,-0.00021495679,-5.3587974e-05,-3.8421225e-05,-8.074734e-05,-8.442151e-05,-0.00015661729,-0.00013784572,-0.00022560597,8.642867e-05,-0.00014791777,-6.812201e-05,-0.0001100386,4.8913847e-05,-0.00022001805,0.00014164818,0.000109411456,7.0914575e-05
13,0.0030602186,0.0010496172,-0.0031484873,0.0058213416,-0.0017483007,0.00038614206,-0.0041799583,0.0016434463,-0.0014896254,0.00024411434,0.00019912967,-0.0012706316,-0.00023616021,0.0080210855,0.0009773045,0.00034731714,0.00023300378,0.00019286743,-0.0007893765,-0.00048174715,-0.00021342986,6.3860156e-05,6.300435e-05,5.4222255e-05,-0.00015416733,0.0003945891,-0.00020352317,0.00040484907,-0.00027865433,0.00023107594,0.0001442826,-0.00025317585,-0.00029960042,-2.2675413e-05,-0.00023053351,-0.00031347253,0.00014823326,0.00011816796,-0.00014039037,-0.00019632746,0.00024794717,-0.0002590511,-4.193426e-05,-0.00028911655,-0.0001254784,0.0002687642,-0.00015880831,2.020177e-05,-0.00012842366,0.00010214238
14,-0.0012718745,0.001037059,-0.0012013578,-0.00053386914,-0.001989254,-0.0001180181,0.0006939934,0.0022770688,0.00016677499,0.0002877264,0.00049877376,0.0005300795,-0.00017173376,0.0009773045,0.0073902546,-0.00012712018,-0.0011239905,-0.0003942791,-1.4237772e-05,0.0007923723,0.0004878433,-0.0012597601,-0.00023810942,-4.5341007e-05,0.00017837023,-0.0003421547,0.00035811076,0.00040164212,-0.00051300577,-0.00014778829,-0.00019561537,8.05525e-05,0.00030797668,-0.00024156421,0.00014253218,0.00025190104,0.00033213414,0.00017020034,1.6543137e-05,-0.00016913089,-0.00010367317,0.00019132782,0.00017821217,-3.9974573e-05,3.5390272e-05,7.384061e-05,-5.035661e-05,4.039004e-05,0.00022856152,2.6145182e-05
15,-0.00096278323,0.0006292048,-0.0016662402,-0.00062091765,-0.002136269,-0.0010054946,0.0034976103,0.0009571833,-7.9987534e-05,-0.0016924769,0.001751536,-0.001422433,-0.0010718785,0.00034731714,-0.00012712018,0.0076164673,-1.2453715e-05,0.0003258257,-0.00012803811,-0.0003994319,1.4110606e-05,0.00066221366,-0.0005807153,0.00011746769,0.0002687772,-9.2845876e-05,1.6072509e-05,-4.2116433e-05,-0.00047920767,3.63137e-05,4.3884804e-05,-1.0427368e-05,0.0003811441,7.709091e-05,-0.00011646084,0.00016789309,2.4341158e-05,0.00014812837,4.1824587e-06,0.00033041576,-1.362072e-05,-0.00019141728,1.5738424e-05,0.00018579683,-9.273155e-05,0.00014722481,5.7937705e-05,0.0001245864,-7.662608e-05,-0.00015989925
16,0.0017918742,0.00043670554,-0.00018325646,0.0015625816,-0.0011297334,0.0009365351,-0.0008986181,-0.0008934024,-0.0010868965,0.0008520174,0.0002072887,4.2006926e-05,-0.0002696035,0.00023300378,-0.0011239905,-1.2453715e-05,0.0064469413,2.4332618e-05,0.00015737551,0.00014288738,0.0002306914,-0.00034054604,0.00039032468,-0.00028037583,-0.00030740784,-0.00035974046,0.00041717303,0.0001473675,-0.0002936461,-0.0005380762,-5.401722e-06,-0.0002587153,0.00014007514,-9.8260876e-05,0.00016761027,7.71473e-05,7.171526e-05,4.362218e-05,0.00021960102,-0.00015016514,6.3664425e-05,9.736205e-05,-9.574376e-06,8.209265e-05,-4.1698222e-05,-0.00019726122,0.00012499063,0.00018968896,-9.142661e-05,-0.00020714721
17,0.0009825935,0.00019209005,-0.0008588921,-0.0015156318,0.0015165763,0.0016587917,0.0011343687,-0.0013797085,-0.0011917597,-0.00015446552,-0.00027425453,0.0006318686,0.00014879016,0.00019286743,-0.0003942791,0.0003258257,2.4332618e-05,0.0043696626,-0.00020401081,4.2855696e-05,-0.0002865757,-0.0008822889,-0.00024988738,-6.915201e-05,-3.263424e-05,0.00016234964,-0.00018727029,0.0004464836,7.132439e-05,0.0001901761,-0.00014715173,0.00075514184,-8.53517e-05,-2.8813229e-05,-5.1166335e-05,-5.3361815e-05,-0.00024880783,-0.00023382729,0.00026285351,-6.6506086e-06,0.00014117363,-8.347807e-06,0.0001711444,-3.3880744e-05,0.00018230353,0.00017729134,9.7781034e-05,-4.71772e-05,4.3689855e-05,-0.00013298902
18,-0.00039440673,-0.00053288357,0.0008242118,-0.0019905954,0.0016139438,-0.001863145,0.00030647736,0.0012119833,-0.0006633264,2.343301e-05,0.0016819004,0.00064681895,-0.00090018014,-0.0007893765,-1.4237772e-05,-0.00012803811,0.00015737551,-0.00020401081,0.0035049892,-0.0004866466,0.00026211436,0.00014077076,9.596578e-05,-0.00012389859,0.00028059602,-0.0007230264,-0.00055288966,0.00025500706,0.00010625551,0.00027229026,-0.00023195706,-0.00021205547,-0.00011101476,-0.0001492537,-5.6362027e-05,0.00011483353,4.4837467e-05,3.6804908e-05,-0.00025890354,-9.6566146e-05,0.0002845087,0.00015740359,-3.4718643e-05,4.5679964e-05,3.8854494e-05,-9.575853e-06,-9.100674e-05,8.144289e-06,2.894619e-05,4.3553705e-06
19,0.0018114102,0.00062657264,0.0010361281,-0.0013996987,0.00024197093,0.0006244813,-0.00011806305,-0.00041560567,-0.00019320945,-2.2752294e-05,0.00040829927,0.00015239499,-0.0003925857,-0.00048174715,0.0007923723,-0.0003994319,0.00014288738,4.2855696e-05,-0.0004866466,0.0041424204,-0.00023248712,-0.0001702971,-0.0005732353,0.0001854175,6.717148e-05,-0.00055062864,0.000110395886,-0.00020231793,0.00026928258,-0.00031535482,0.00022879755,1.734955e-05,-9.9575656e-05,7.4851496e-06,-0.00010584988,7.890673e-05,-0.000111959016,7.077542e-05,-0.00026175176,0.00012779915,7.539067e-05,-0.0002717461,1.8780514e-07,-0.00011517666,9.811336e-05,-8.5967775e-05,3.957034e-05,-8.553834e-05,-0.00017579462,-5.509493e-05
20,0.00070615474,-4.1780935e-05,-0.0013414214,-0.0021448056,-0.00016125615,0.0007991397,0.00042530638,-6.1324215e-05,-0.00092042144,-0.00027184543,0.0006179266,-0.00036256097,-0.0005364124,-0.00021342986,0.0004878433,1.4110606e-05,0.0002306914,-0.0002865757,0.00026211436,-0.00023248712,0.0033116105,7.791456e-05,-0.0002800828,-0.00013451057,-0.00025147997,-7.907246e-05,0.00027953577,-0.00011607436,-8.684524e-05,-0.00021942382,-0.0001585571,-1.147557e-05,-0.00010592503,0.00028248611,-0.00017248731,-0.00027387516,-9.6410164e-05,-4.6184738e-05,2.0429386e-06,-0.00027521723,0.00016557724,-1.8467834e-05,0.0002581441,-5.0323833e-05,-4.0031016e-05,6.3753096e-06,0.00011499113,-0.00015296023,2.8662034e-05,4.3070846e-05
21,-0.00057891733,0.0002728831,0.0021918318,-0.0010837812,0.0022442646,0.0002387008,-0.0014499422,0.00018043866,0.0011283066,-0.0002287316,-0.00047940126,0.00012259603,9.434113e-05,6.3860156e-05,-0.0012597601,0.00066221366,-0.00034054604,-0.0008822889,0.00014077076,-0.0001702971,7.791456e-05,0.0029338833,-0.00029537227,3.1819724e-05,4.8821228e-05,-0.00029729411,0.00012682889,7.5082703e-06,-0.00014285283,-7.229981e-05,2.9145693e-05,0.00015477145,-9.560873e-05,-3.9192546e-06,5.3069918e-05,0.000110698005,5.9307633e-05,-0.00019513804,-6.087115e-05,-7.70302e-05,4.5129913e-05,3.1012238e-05,0.00016996884,-0.0001656258,7.1336435e-05,4.1084677e-05,-8.8129585e-05,-5.5361448e-05,2.8136674e-05,-4.845877e-05
22,-0.00036720606,-0.00074650545,0.00039552336,-0.0017495659,-0.00025984133,0.00023372401,0.00096333004,0.00018619257,0.000376986,0.00074944814,-0.00035861426,6.816626e-05,-0.00011522604,6.300435e-05,-0.00023810942,-0.0005807153,0.00039032468,-0.00024988738,9.596578e-05,-0.0005732353,-0.0002800828,-0.00029537227,0.0024888834,-8.5233565e-05,0.0001534776,0.00024734248,0.0003049773,-2.1403828e-05,5.165264e-05,-0.00021512178,-6.778699e-05,0.00011821963,0.00013604204,0.00013026824,-0.00015019669,-0.00016009554,0.00018173293,-4.459801e-05,-0.0002272317,0.00018469967,0.00016411195,-0.00017224149,8.558932e-05,8.908589e-05,-0.00010224979,-9.648707e-07,-4.8082242e-05,-7.050937e-05,1.2987943e-05,-1.6907734e-05
23,0.00057296886,0.0004814798,0.00016988702,0.002550458,0.0012724901,-0.0021837447,-0.00064514077,0.00044623957,-0.00056566845,-0.0010313848,0.000118245705,0.00042203587,-0.0004286161,5.4222255e-05,-4.5341007e-05,0.00011746769,-0.00028037583,-6.915201e-05,-0.00012389859,0.0001854175,-0.00013451057,3.1819724e-05,-8.5233565e-05,0.002420999,-8.2255414e-05,0.00020998214,-3.0285264e-05,-4.99193e-05,-7.228193e-05,-0.00026542996,-0.00026706455,0.0002718598,2.6609587e-05,0.00014835887,4.275728e-05,-0.0002317437,-1.9152289e-05,-1.821819e-05,-5.4124655e-05,1.8437577e-06,-3.932266e-05,2.1021113e-05,1.3567771e-05,-4.9382208e-05,-0.00012445915,-0.00017240405,-7.1000686e-05,0.00020833772,-4.1184245e-05,-3.7558223e-07
24,-0.0013049915,-5.1445793e-05,-0.00019911819,-0.0010834422,-0.00025371852,0.00019688348,-3.906031e-05,-0.00056246883,0.0012251891,0.0010049518,0.001169496,-8.8638786e-05,-0.00026778853,-0.00015416733,0.00017837023,0.0002687772,-0.00030740784,-3.263424e-05,0.00028059602,6.717148e-05,-0.00025147997,4.8821228e-05,0.0001534776,-8.2255414e-05,0.0021066084,0.00024902116,9.709586e-05,-3.4563277e-06,-4.855657e-05,-0.00017570695,0.00015597761,-2.2434338e-05,6.5617824e-06,3.477916e-05,-7.670868e-05,-0.00019262727,-7.0647606e-05,-2.8307397e-05,0.00010103983,-0.00013232583,-2.5264208e-05,2.4824032e-05,-1.2685679e-05,4.462581e-05,0.00010531466,4.4214803e-06,0.00010725048,5.2343094e-05,2.2115795e-05,4.757143e-05
25,0.00050593785,5.7529127e-05,-0.00047247377,0.00016859794,-4.0530587e-05,-0.00069851393,-0.00038933958,-0.001153941,0.00027948694,6.207739e-05,0.00045213173,7.029071e-05,-0.0006636319,0.0003945891,-0.0003421547,-9.2845876e-05,-0.00035974046,0.00016234964,-0.0007230264,-0.00055062864,-7.907246e-05,-0.00029729411,0.00024734248,0.00020998214,0.00024902116,0.0013819035,-5.7485064e-05,-5.2127187e-05,0.00017109828,-0.00014967966,4.5418652e-05,-0.00017887904,-0.00010982313,4.5704874e-05,-3.9357597e-05,0.00016467468,-0.000100596604,3.0097486e-05,2.6549676e-06,2.178906e-05,-4.0750587e-05,-7.392236e-05,9.141576e-05,3.154452e-05,2.8974297e-05,9.516876e-06,2.798786e-05,1.821541e-05,-3.7851256e-05,-1.0836546e-05
26,0.00066941266,-0.00024271192,0.00054356817,-0.00076115585,0.00014563475,-0.0014378531,-1.242245e-05,0.0001700535,-0.00048742446,-0.00035558257,-1.7980252e-05,0.00027610606,-0.00033390062,-0.00020352317,0.00035811076,1.6072509e-05,0.00041717303,-0.00018727029,-0.00055288966,0.000110395886,0.00027953577,0.00012682889,0.0003049773,-3.0285264e-05,9.709586e-05,-5.7485064e-05,0.0021595976,8.681842e-05,-9.044217e-05,5.542274e-05,-3.0545816e-05,2.1266456e-05,-0.00014708491,-4.2926447e-05,-4.9950606e-05,8.8434776e-05,-7.740069e-05,-3.6969832e-05,2.1938871e-05,4.2382824e-05,-5.600389e-05,-0.000118848875,5.0914896e-05,0.00010398986,3.0537765e-05,0.0001183899,-3.7283564e-05,6.6675944e-05,1.9286712e-05,3.210587e-05
27,5.0596722e-05,1.0549939e-05,0.0007197365,-0.00070004194,0.0012958525,0.001181327,-0.00026521913,-0.0010237037,0.0008909341,-0.0009707748,-0.00015959618,0.0001388824,0.00015562128,0.00040484907,0.00040164212,-4.2116433e-05,0.0001473675,0.0004464836,0.00025500706,-0.00020231793,-0.00011607436,7.5082703e-06,-2.1403828e-05,-4.99193e-05,-3.4563277e-06,-5.2127187e-05,8.681842e-05,0.001546748,-0.000274487,-3.2758755e-05,9.3211886e-05,-0.00018693836,-0.00021438446,0.00010180181,7.665719e-05,-0.000110625835,9.754084e-05,-2.5541858e-06,-8.150702e-05,6.5754226e-05,9.159921e-05,1.5578096e-05,0.000101967475,8.2592596e-05,-3.8814476e-05,2.0916621e-05,-0.00014240594,2.3625238e-05,-1.1017487e-06,-6.569141e-07
28,0.0011565462,0.00016231375,-0.0005065319,0.00038145517,-0.0002127352,0.0014175251,6.544593e-05,0.0006655988,-0.0008159531,-0.0004208412,0.00022175192,-0.00014328424,-0.00070805696,-0.00027865433,-0.00051300577,-0.00047920767,-0.0002936461,7.132439e-05,0.00010625551,0.00026928258,-8.684524e-05,-0.00014285283,5.165264e-05,-7.228193e-05,-4.855657e-05,0.00017109828,-9.044217e-05,-0.000274487,0.0017297418,6.493661e-05,9.163699e-06,-0.0001802886,-1.8564455e-05,6.441848e-05,4.5647623e-05,1.3630142e-05,0.00014929546,-7.208846e-07,1.9511885e-05,2.4224311e-05,4.8912978e-05,2.0082309e-05,9.8322154e-05,7.659667e-05,-2.3344775e-05,8.895521e-05,-5.642626e-05,8.548079e-05,5.310481e-05,1.3992425e-05
29,0.0007085881,-0.00024103667,0.00019315492,-0.0016583826,-0.0012709375,-0.0010686034,0.00029266035,-0.0008151377,-0.00052887964,0.00020757833,-2.0993048e-05,-6.7000574e-06,-0.0007440782,0.00023107594,-0.00014778829,3.63137e-05,-0.0005380762,0.0001901761,0.00027229026,-0.00031535482,-0.00021942382,-7.229981e-05,-0.00021512178,-0.00026542996,-0.00017570695,-0.00014967966,5.542274e-05,-3.2758755e-05,6.493661e-05,0.0014090601,-6.991065e-05,-4.389506e-05,-6.137762e-05,-6.738642e-05,-1.7247648e-05,-9.502697e-05,1.5072421e-05,-4.6772533e-05,-3.9351173e-05,-4.404092e-05,-7.908873e-05,-5.929739e-05,-4.3665677e-05,1.0164969e-05,-4.5617628e-05,-0.000113575836,7.1198053e-07,-4.1129646e-05,-6.414937e-05,-1.9730025e-05
30,0.0010693322,-8.810435e-05,0.0004755511,-0.0003049229,0.00071004126,-0.0012422143,-6.533986e-05,-0.0002746873,-0.00056634855,-0.00026022497,-0.00046691363,-0.0002789696,-0.00031703612,0.0001442826,-0.00019561537,4.3884804e-05,-5.401722e-06,-0.00014715173,-0.00023195706,0.00022879755,-0.0001585571,2.9145693e-05,-6.778699e-05,-0.00026706455,0.00015597761,4.5418652e-05,-3.0545816e-05,9.3211886e-05,9.163699e-06,-6.991065e-05,0.0014179215,6.696416e-05,6.390974e-05,-3.6755253e-05,-0.00011145005,-6.082331e-05,6.602498e-05,-4.054178e-05,-6.6111126e-05,-9.3722876e-05,2.3479592e-05,6.840745e-05,6.926696e-05,4.674239e-07,3.0213789e-05,-6.560369e-05,3.4138568e-05,7.2028424e-06,3.7212572e-05,-1.0964106e-05
31,-0.00026074107,0.00048346695,0.00023907577,-4.131613e-05,0.00095336075,0.00041039108,0.0006807549,0.000579668,4.1525916e-05,0.00082845095,-0.0004421951,-0.000113284084,0.00031546789,-0.00025317585,8.05525e-05,-1.0427368e-05,-0.0002587153,0.00075514184,-0.00021205547,1.734955e-05,-1.147557e-05,0.00015477145,0.00011821963,0.0002718598,-2.2434338e-05,-0.00017887904,2.1266456e-05,-0.00018693836,-0.0001802886,-4.389506e-05,6.696416e-05,0.0011200843,-0.00010787515,-2.9892555e-05,-3.7079924e-05,9.333203e-05,0.00017891845,-6.549984e-05,-8.135946e-05,-8.108391e-05,8.0492595e-05,-5.8805945e-06,-5.1629147e-05,5.044388e-05,-5.513709e-05,4.875133e-07,3.614204e-05,8.507888e-06,-4.89601e-05,-1.9948464e-05
32,-0.00018155435,5.7467073e-06,-7.3866904e-05,-0.0013697846,-0.00020068936,-0.000267095,-0.00035748916,-0.00039413947,-0.00028408424,-0.00022603033,-0.00059573003,0.00010926764,0.00028795222,-0.00029960042,0.00030797668,0.0003811441,0.00014007514,-8.53517e-05,-0.00011101476,-9.9575656e-05,-0.00010592503,-9.560873e-05,0.00013604204,2.6609587e-05,6.5617824e-06,-0.00010982313,-0.00014708491,-0.00021438446,-1.8564455e-05,-6.137762e-05,6.390974e-05,-0.00010787515,0.001235827,7.9713445e-06,2.5207679e-05,-5.032788e-05,-3.3636337e-05,-0.000105289284,-1.5638254e-05,-3.2406635e-05,3.3508255e-05,-4.7121262e-05,-4.338623e-05,-1.4512831e-05,-3.015476e-06,1.899058e-05,-7.242232e-05,-4.7845846e-05,1.5372138e-05,-2.7704671e-05
33,-0.00025436387,0.0002902408,-0.00039501334,0.0003029761,0.00029155496,0.00020085796,0.000506646,-0.00043229424,-2.1334745e-06,0.000134315,0.00015107173,-0.00014819381,-0.00021495679,-2.2675413e-05,-0.00024156421,7.709091e-05,-9.8260876e-05,-2.8813229e-05,-0.0001492537,7.4851496e-06,0.00028248611,-3.9192546e-06,0.00013026824,0.00014835887,3.477916e-05,4.5704874e-05,-4.2926447e-05,0.00010180181,6.441848e-05,-6.738642e-05,-3.6755253e-05,-2.9892555e-05,7.9713445e-06,0.0010865368,6.907848e-05,6.245293e-05,-8.678073e-06,4.1174786e-05,-5.629076e-05,-3.7685037e-05,-6.388697e-05,3.434062e-05,-0.0001103716,-5.9795893e-05,6.761911e-05,4.555111e-05,3.031996e-05,1.4380375e-05,-4.1359846e-05,2.3878954e-05
34,-0.00045622044,-0.00010585399,-0.00011666235,0.0007643815,-0.00025146,-0.00080435874,0.00022285705,0.00030249608,0.00024808483,0.0006925779,-7.761543e-05,5.0802555e-07,-5.3587974e-05,-0.00023053351,0.00014253218,-0.00011646084,0.00016761027,-5.1166335e-05,-5.6362027e-05,-0.00010584988,-0.00017248731,5.3069918e-05,-0.00015019669,4.275728e-05,-7.670868e-05,-3.9357597e-05,-4.9950606e-05,7.665719e-05,4.5647623e-05,-1.7247648e-05,-0.00011145005,-3.7079924e-05,2.5207679e-05,6.907848e-05,0.0010183373,-7.9950434e-05,5.2060877e-06,2.325203e-05,-5.4900127e-05,-2.5671412e-05,5.770085e-05,-4.2522246e-05,7.145226e-05,1.10857545e-05,3.415502e-05,-8.703604e-06,3.2917495e-05,3.6724446e-06,3.6459016e-05,-1.3824543e-05
35,-0.00029671806,0.00018017997,0.00029414846,0.0007915606,-0.00024299954,-0.00044803938,7.248818e-05,-0.0002944069,0.0003627252,3.654341e-05,-1.1004329e-05,-0.000116497,-3.8421225e-05,-0.00031347253,0.00025190104,0.00016789309,7.71473e-05,-5.3361815e-05,0.00011483353,7.890673e-05,-0.00027387516,0.000110698005,-0.00016009554,-0.0002317437,-0.00019262727,0.00016467468,8.8434776e-05,-0.000110625835,1.3630142e-05,-9.502697e-05,-6.082331e-05,9.333203e-05,-5.032788e-05,6.245293e-05,-7.9950434e-05,0.0008768567,-1.7091765e-05,-1.0309792e-05,6.7954907e-06,-8.752335e-06,7.940154e-05,3.914535e-06,1.02568e-05,4.80815e-06,-2.5648069e-05,-3.9440773e-05,-4.1159205e-05,2.9317622e-05,3.643908e-05,4.350493e-05
36,5.6078912e-05,-3.0130543e-05,4.429241e-05,0.00017267035,0.00018681852,-0.00030056317,0.0004931417,-0.00038336474,-9.940335e-05,-0.00021393472,0.000109021435,-0.00010008349,-8.074734e-05,0.00014823326,0.00033213414,2.4341158e-05,7.171526e-05,-0.00024880783,4.4837467e-05,-0.000111959016,-9.6410164e-05,5.9307633e-05,0.00018173293,-1.9152289e-05,-7.0647606e-05,-0.000100596604,-7.740069e-05,9.754084e-05,0.00014929546,1.5072421e-05,6.602498e-05,0.00017891845,-3.3636337e-05,-8.678073e-06,5.2060877e-06,-1.7091765e-05,0.0008959922,2.9907637e-06,6.3514235e-05,8.729552e-06,-4.7761816e-05,-4.015014e-05,8.684354e-06,-3.5604888e-05,6.123967e-05,-7.4161244e-06,4.2453583e-05,5.358942e-06,-2.7179714e-05,1.0523734e-06
37,0.00024060032,-0.00011448445,0.00075468107,-0.0015440991,0.00043038884,-0.00039291644,0.000373466,-0.00046738575,1.24024855e-05,-0.0002197357,-0.00059460266,-5.5246892e-05,-8.442151e-05,0.00011816796,0.00017020034,0.00014812837,4.362218e-05,-0.00023382729,3.6804908e-05,7.077542e-05,-4.6184738e-05,-0.00019513804,-4.459801e-05,-1.821819e-05,-2.8307397e-05,3.0097486e-05,-3.6969832e-05,-2.5541858e-06,-7.208846e-07,-4.6772533e-05,-4.054178e-05,-6.549984e-05,-0.000105289284,4.1174786e-05,2.325203e-05,-1.0309792e-05,2.9907637e-06,0.0007909519,1.3762441e-05,3.563783e-05,-8.006565e-06,4.4713965e-05,-7.8185505e-05,-5.6233757e-06,-1.1862337e-05,-8.695613e-06,-2.5790017e-05,-2.6458714e-05,-2.0343077e-05,-1.5653359e-05
38,-0.00025744922,-0.00012118694,0.0002898469,-0.00015535101,0.00064735935,-0.00030478035,-0.00015508052,0.00046907563,9.387717e-05,0.00014418404,-0.0001429154,3.8092734e-05,-0.00015661729,-0.00014039037,1.6543137e-05,4.1824587e-06,0.00021960102,0.00026285351,-0.00025890354,-0.00026175176,2.0429386e-06,-6.087115e-05,-0.0002272317,-5.4124655e-05,0.00010103983,2.6549676e-06,2.1938871e-05,-8.150702e-05,1.9511885e-05,-3.9351173e-05,-6.6111126e-05,-8.135946e-05,-1.5638254e-05,-5.629076e-05,-5.4900127e-05,6.7954907e-06,6.3514235e-05,1.3762441e-05,0.0008099317,1.5110267e-05,2.8664243e-05,2.3964345e-05,-1.2756623e-05,-5.6759254e-05,1.4636931e-05,-9.075518e-06,-3.1318716e-05,-2.2003635e-05,-4.124728e-05,2.3012548e-05
39,-6.170957e-07,-2.42333e-05,9.093687e-05,-0.00044258335,0.00077839557,-0.000687356,0.00023228984,0.00038760668,-7.1454786e-05,-8.2553364e-05,3.110514e-05,-9.594142e-05,-0.00013784572,-0.00019632746,-0.00016913089,0.00033041576,-0.00015016514,-6.6506086e-06,-9.6566146e-05,0.00012779915,-0.00027521723,-7.70302e-05,0.00018469967,1.8437577e-06,-0.00013232583,2.178906e-05,4.2382824e-05,6.5754226e-05,2.4224311e-05,-4.404092e-05,-9.3722876e-05,-8.108391e-05,-3.2406635e-05,-3.7685037e-05,-2.5671412e-05,-8.752335e-06,8.729552e-06,3.563783e-05,1.5110267e-05,0.0006214788,-1.8210561e-05,-5.2200044e-06,6.945965e-05,-2.812965e-05,-4.181565e-05,3.7275706e-05,4.064066e-05,-4.502562e-05,5.113423e-05,-2.5027428e-05
40,0.0004484054,-8.652177e-05,8.691862e-05,3.8350187e-05,0.00016512137,-0.0007411253,0.00025734905,-0.0001165481,-0.00023450679,-1.727529e-06,-0.00018193907,-0.00028980267,-0.00022560597,0.00024794717,-0.00010367317,-1.362072e-05,6.3664425e-05,0.00014117363,0.0002845087,7.539067e-05,0.00016557724,4.5129913e-05,0.00016411195,-3.932266e-05,-2.5264208e-05,-4.0750587e-05,-5.600389e-05,9.159921e-05,4.8912978e-05,-7.908873e-05,2.3479592e-05,8.0492595e-05,3.3508255e-05,-6.388697e-05,5.770085e-05,7.940154e-05,-4.7761816e-05,-8.006565e-06,2.8664243e-05,-1.8210561e-05,0.00061184436,-4.6395046e-05,-6.305323e-05,1.0198217e-05,6.335648e-06,5.663027e-05,7.0399274e-06,-1.1119602e-05,-1.865549e-05,5.908092e-05
41,-0.00013688485,-0.00013503675,0.0002776674,0.00020001217,0.000371626,-0.00041801494,0.00040454313,0.00012987218,-0.00021289877,-9.504726e-05,-0.0003916689,-0.00021785105,8.642867e-05,-0.0002590511,0.00019132782,-0.00019141728,9.736205e-05,-8.347807e-06,0.00015740359,-0.0002717461,-1.8467834e-05,3.1012238e-05,-0.00017224149,2.1021113e-05,2.4824032e-05,-7.392236e-05,-0.000118848875,1.5578096e-05,2.0082309e-05,-5.929739e-05,6.840745e-05,-5.8805945e-06,-4.7121262e-05,3.434062e-05,-4.2522246e-05,3.914535e-06,-4.015014e-05,4.4713965e-05,2.3964345e-05,-5.2200044e-06,-4.6395046e-05,0.0005229814,4.8880946e-05,4.3562715e-05,-1.4790693e-05,6.697735e-05,2.2153228e-05,3.3408076e-05,-2.566172e-05,-5.489028e-07
42,0.00013844718,-0.00013910854,2.9753199e-05,-0.000183922,-0.00046797947,-0.00013276309,0.00023529647,-0.00011790509,0.00012303492,-3.51107e-05,-0.0003058926,-3.3712902e-05,-0.00014791777,-4.193426e-05,0.00017821217,1.5738424e-05,-9.574376e-06,0.0001711444,-3.4718643e-05,1.8780514e-07,0.0002581441,0.00016996884,8.558932e-05,1.3567771e-05,-1.2685679e-05,9.141576e-05,5.0914896e-05,0.000101967475,9.8322154e-05,-4.3665677e-05,6.926696e-05,-5.1629147e-05,-4.338623e-05,-0.0001103716,7.145226e-05,1.02568e-05,8.684354e-06,-7.8185505e-05,-1.2756623e-05,6.945965e-05,-6.305323e-05,4.8880946e-05,0.00042357092,-5.7990695e-05,1.7922852e-05,-8.431185e-05,-1.6947739e-05,1.7401506e-05,-3.992403e-05,-3.315819e-05
43,-0.000109347246,0.00043560177,-0.00015448587,0.0014943203,6.019497e-05,0.00030516565,0.00017738386,0.0003616209,5.2471398e-05,-0.00048755837,8.103236e-05,0.00012866952,-6.812201e-05,-0.00028911655,-3.9974573e-05,0.00018579683,8.209265e-05,-3.3880744e-05,4.5679964e-05,-0.00011517666,-5.0323833e-05,-0.0001656258,8.908589e-05,-4.9382208e-05,4.462581e-05,3.154452e-05,0.00010398986,8.2592596e-05,7.659667e-05,1.0164969e-05,4.674239e-07,5.044388e-05,-1.4512831e-05,-5.9795893e-05,1.10857545e-05,4.80815e-06,-3.5604888e-05,-5.6233757e-06,-5.6759254e-05,-2.812965e-05,1.0198217e-05,4.3562715e-05,-5.7990695e-05,0.00045482125,3.5833036e-05,-4.596144e-05,-3.8491784e-05,-4.1383755e-05,-5.021636e-05,5.5461774e-06
44,-4.5010584e-06,0.00013439097,-0.000109298606,0.001024651,3.437543e-05,-0.00026145153,4.9560993e-05,-1.9146562e-05,-9.863416e-05,-0.00016976325,-2.1439593e-05,6.48344e-05,-0.0001100386,-0.0001254784,3.5390272e-05,-9.273155e-05,-4.1698222e-05,0.00018230353,3.8854494e-05,9.811336e-05,-4.0031016e-05,7.1336435e-05,-0.00010224979,-0.00012445915,0.00010531466,2.8974297e-05,3.0537765e-05,-3.8814476e-05,-2.3344775e-05,-4.5617628e-05,3.0213789e-05,-5.513709e-05,-3.015476e-06,6.761911e-05,3.415502e-05,-2.5648069e-05,6.123967e-05,-1.1862337e-05,1.4636931e-05,-4.181565e-05,6.335648e-06,-1.4790693e-05,1.7922852e-05,3.5833036e-05,0.0004794855,2.1020118e-05,-5.691711e-05,-7.753617e-06,8.491061e-06,-1.6206559e-05
45,-0.00023021025,-0.00013259647,-0.0002451492,0.00016533537,-0.00019229253,-0.000263058,3.787967e-05,4.6942136e-05,0.00016259978,8.827405e-05,-9.273461e-05,0.00035190035,4.8913847e-05,0.0002687642,7.384061e-05,0.00014722481,-0.00019726122,0.00017729134,-9.575853e-06,-8.5967775e-05,6.3753096e-06,4.1084677e-05,-9.648707e-07,-0.00017240405,4.4214803e-06,9.516876e-06,0.0001183899,2.0916621e-05,8.895521e-05,-0.000113575836,-6.560369e-05,4.875133e-07,1.899058e-05,4.555111e-05,-8.703604e-06,-3.9440773e-05,-7.4161244e-06,-8.695613e-06,-9.075518e-06,3.7275706e-05,5.663027e-05,6.697735e-05,-8.431185e-05,-4.596144e-05,2.1020118e-05,0.0004316186,5.862611e-06,6.4105498e-06,2.9603773e-06,-6.6732326e-05
46,-0.00017319171,6.1978085e-07,-0.00040111376,0.0008509826,-0.00047750302,-4.523399e-06,1.0404398e-06,2.730307e-05,-9.388067e-06,-0.00033882598,-0.00018327072,0.00021115685,-0.00022001805,-0.00015880831,-5.035661e-05,5.7937705e-05,0.00012499063,9.7781034e-05,-9.100674e-05,3.957034e-05,0.00011499113,-8.8129585e-05,-4.8082242e-05,-7.1000686e-05,0.00010725048,2.798786e-05,-3.7283564e-05,-0.00014240594,-5.642626e-05,7.1198053e-07,3.4138568e-05,3.614204e-05,-7.242232e-05,3.031996e-05,3.2917495e-05,-4.1159205e-05,4.2453583e-05,-2.5790017e-05,-3.1318716e-05,4.064066e-05,7.0399274e-06,2.2153228e-05,-1.6947739e-05,-3.8491784e-05,-5.691711e-05,5.862611e-06,0.0004157456,-2.3134879e-05,2.3601275e-05,2.1052023e-05
47,0.00015103849,0.00010277433,0.00010497837,-0.0008776927,-0.0001648214,0.0003930988,0.00050793507,-8.2985796e-05,-0.0002466922,0.00018655694,8.638465e-05,9.78356e-05,0.00014164818,2.020177e-05,4.039004e-05,0.0001245864,0.00018968896,-4.71772e-05,8.144289e-06,-8.553834e-05,-0.00015296023,-5.5361448e-05,-7.050937e-05,0.00020833772,5.2343094e-05,1.821541e-05,6.6675944e-05,2.3625238e-05,8.548079e-05,-4.1129646e-05,7.2028424e-06,8.507888e-06,-4.7845846e-05,1.4380375e-05,3.6724446e-06,2.9317622e-05,5.358942e-06,-2.6458714e-05,-2.2003635e-05,-4.502562e-05,-1.1119602e-05,3.3408076e-05,1.7401506e-05,-4.1383755e-05,-7.753617e-06,6.4105498e-06,-2.3134879e-05,0.00033546088,1.0276878e-05,1.9564332e-05
48,-1.0311007e-05,0.00014108286,-0.00031954626,0.00013318282,0.00014703919,0.0001679426,-8.9178764e-05,-0.00014161888,-0.00019812852,-0.0002668268,3.0854553e-05,-0.00017781867,0.000109411456,-0.00012842366,0.00022856152,-7.662608e-05,-9.142661e-05,4.3689855e-05,2.894619e-05,-0.00017579462,2.8662034e-05,2.8136674e-05,1.2987943e-05,-4.1184245e-05,2.2115795e-05,-3.7851256e-05,1.9286712e-05,-1.1017487e-06,5.310481e-05,-6.414937e-05,3.7212572e-05,-4.89601e-05,1.5372138e-05,-4.1359846e-05,3.6459016e-05,3.643908e-05,-2.7179714e-05,-2.0343077e-05,-4.124728e-05,5.113423e-05,-1.865549e-05,-2.566172e-05,-3.992403e-05,-5.021636e-05,8.491061e-06,2.9603773e-06,2.3601275e-05,1.0276878e-05,0.00035299154,1.207164e-05
49,-0.00022742039,-0.0002273314,0.00017521516,-0.00024692822,-2.9533756e-05,-0.0003036362,0.00014801524,-0.00010529294,6.866062e-05,-0.00010695415,-0.0002654615,0.00011812567,7.0914575e-05,0.00010214238,2.6145182e-05,-0.00015989925,-0.00020714721,-0.00013298902,4.3553705e-06,-5.509493e-05,4.3070846e-05,-4.845877e-05,-1.6907734e-05,-3.7558223e-07,4.757143e-05,-1.0836546e-05,3.210587e-05,-6.569141e-07,1.3992425e-05,-1.9730025e-05,-1.0964106e-05,-1.9948464e-05,-2.7704671e-05,2.3878954e-05,-1.3824543e-05,4.350493e-05,1.0523734e-06,-1.5653359e-05,2.3012548e-05,-2.5027428e-05,5.908092e-05,-5.489028e-07,-3.315819e-05,5.5461774e-06,-1.6206559e-05,-6.6732326e-05,2.1052023e-05,1.9564332e-05,1.207164e-05,0.0003005252
