,0,1,2,3,4,5,6,7,8,9,10,11,12,13,14,15,16,17,18,19,20,21,22,23,24,25,26,27,28,29,30,31,32,33,34,35,36,37,38,39,40,41,42,43,44,45,46,47,48,49
0,543.2031,-152.94928,46.894966,0.013335412,0.014473563,0.0044953777,0.013295671,0.0036601457,0.0063220505,-0.00023588791,-0.0038324345,-0.0013038649,0.0012819879,0.00039980692,0.0021629138,0.000820764,-0.00011613034,-0.0015964638,0.00044160848,-0.00096126157,-0.00057460746,-4.5396646e-05,-0.00022912631,-0.0005960937,0.001116862,0.00089637854,-0.00039355742,-0.00081508263,-0.0005043916,-9.2729046e-05,-0.0012478027,0.000112297465,0.00014803075,2.9706745e-05,0.00031516043,0.000118631986,-0.00033522595,-0.00054176676,-0.00010630574,-0.00060730637,-0.00054733345,-0.00026805102,-8.799635e-05,7.345331e-05,0.00010779694,0.00031860592,0.00028443112,-0.0001856288,8.948279e-05,-9.364135e-05
1,-152.94928,60.908913,48.371788,0.04975329,0.026220288,0.025047356,-0.0010257409,-0.013916977,-0.009374952,0.010278199,-0.0018342831,-0.00050071045,-0.007587066,-0.0017556114,0.0011991768,0.0037580556,-0.002121368,-0.00068943214,0.0007277576,-0.0005385787,-0.0002601976,-0.0018314035,0.0012464662,0.0005043377,-0.00016598045,-0.0009324871,0.0011014328,-0.0006860392,-0.0005463731,7.040329e-05,0.000169135,-0.0011619255,0.00023887915,-0.00079862156,0.000119603676,-0.00014139386,-4.9346036e-05,3.1500924e-05,-0.00016019691,-0.000117769145,0.00021101318,0.00029477937,0.00029648328,-0.0008097916,-0.00010211114,0.00012390262,-2.919657e-05,-0.00021323934,-0.00033681007,0.00038468247
2,46.894966,48.371788,217.06728,0.004133841,-0.01021025,-0.004707544,-0.0031902124,0.002894283,0.00045692484,-0.0019736793,0.00034775824,-0.004240645,0.0046397834,0.0018013973,0.0022727863,0.002247491,0.0009495683,0.00085522525,-0.0004947541,-0.00058136636,0.0008732305,-0.0018820851,-0.0003834472,-0.0004768397,0.00012315325,0.0010423809,-0.00078324537,-0.000907872,0.00060932164,0.000106730746,-0.00076828594,-0.0002622755,-0.0004580674,0.0007320362,6.6898385e-05,-0.00053878233,6.885613e-05,-0.0010346908,-0.0002754135,-0.00025715944,0.00010212748,-0.00032691195,-0.00010921917,0.00036175962,7.961244e-05,0.00020236499,0.00041479588,6.590532e-05,0.00034364627,-0.0002625699
3,0.013335412,0.04975329,0.004133841,0.14068381,0.034275502,0.018745858,0.011345707,-0.005721489,-0.00061350095,0.010442086,-0.00023542179,0.00471423,-0.008183522,-0.008778434,0.00061510946,0.001026657,-0.0023364306,0.0021808944,0.0027534692,0.002065573,0.003258877,0.0014707639,0.0024076002,-0.0036544877,0.0016788116,-0.00019952483,0.0010390433,0.0012168947,-0.0005951901,0.0024700658,0.00045304635,1.9675674e-06,0.001989969,-0.0005655987,-0.0011047609,-0.0011279971,-0.0002012054,0.0022494202,0.00020082842,0.0006586017,-1.918444e-05,-0.0003470902,0.00022473559,-0.0021930027,-0.0015117889,-0.00024729036,-0.0012636795,0.0013011037,-0.00016369837,0.000378514
4,0.014473563,0.026220288,-0.01021025,0.034275502,0.08551086,0.0028871591,0.013453354,-0.003937978,0.007144171,0.0032604574,-0.006319329,-0.004033355,0.0003255366,0.002574455,0.0029141945,0.0031197749,0.0016602434,-0.0022512628,-0.002376131,-0.0003577323,0.00024656055,-0.0033370347,0.00034438178,-0.0018901321,0.00035460616,6.4019965e-05,-0.00020883785,-0.00194248,0.00029197524,0.0018592358,-0.0010297191,-0.0014141828,0.00029484887,-0.0004171311,0.00036089518,0.00035960058,-0.00028254744,-0.0006398133,-0.000952677,-0.0011397046,-0.00024223837,-0.0005438367,0.00070155354,-8.30299e-05,-5.2560383e-05,0.00029117422,0.000717011,0.00025069807,-0.00022489682,3.5688347e-05
5,0.0044953777,0.025047356,-0.004707544,0.018745858,0.0028871591,0.047545627,-0.0044810455,-0.0108458,-0.008071806,0.00713428,0.0018825625,0.0043030838,-0.0040142257,-0.00047635264,0.00027089455,0.0014743875,-0.0013624497,-0.0023967642,0.002846171,-0.00094877323,-0.0012338052,-0.00027238997,-0.00022319083,0.0031576892,-0.00032664434,0.0010103318,0.0021961648,-0.0018637446,-0.0020730516,0.0015691611,0.0018324645,-0.0005694878,0.0004110671,-0.00024708634,0.0011720159,0.0006312641,0.00041218312,0.0005994495,0.00047209748,0.0010013424,0.0010680137,0.00065397576,0.00021257384,-0.00046547106,0.00038723764,0.00041319168,9.042289e-06,-0.00057884376,-0.00026870138,0.0004382184
6,0.013295671,-0.0010257409,-0.0031902124,0.011345707,0.013453354,-0.0044810455,0.054127753,0.0039246147,0.0018374587,-0.0019968785,0.0013869263,0.003723741,-0.0016932015,0.0062595867,-0.0009159068,-0.0052278284,0.0013420511,-0.0016540627,-0.0003699066,0.00020248149,-0.00067703903,0.002215677,-0.0013182419,0.00091540004,2.3315682e-05,0.00053825916,3.973306e-05,0.00032914113,-6.335795e-05,-0.00042892224,8.0220154e-05,-0.00097162917,0.0005482988,-0.00068728556,-0.0003303571,-0.000121080004,-0.0007487518,-0.00052923267,0.00023235416,-0.00034620723,-0.00040015433,-0.000579429,-0.00032258296,-0.00026733842,-7.4741954e-05,-7.91456e-05,-7.3323567e-06,-0.00076465326,0.00012439553,-0.00021617886
7,0.0036601457,-0.013916977,0.002894283,-0.005721489,-0.003937978,-0.0108458,0.0039246147,0.025281198,-0.0010799957,-0.00212737,0.0002313434,0.001009952,0.0057775564,-0.0024064258,-0.003370041,-0.0013806566,0.001326724,0.002078648,-0.0017652279,0.00056806474,8.758771e-05,-0.00024959026,-0.0002584329,-0.0006614451,0.0008528684,0.0017189325,-0.00023250814,0.001523494,-0.00098339,0.001221959,0.00039154047,-0.00086099916,0.00057888875,0.00061779877,-0.00045107567,0.00042772127,0.00055566395,0.000680994,-0.00069023157,-0.0005867331,0.00017989994,-0.00020199234,0.00016112588,-0.00054245524,3.629126e-05,-4.7229132e-05,-3.5199795e-05,0.00012969054,0.00020531227,0.00015306994
8,0.0063220505,-0.009374952,0.00045692484,-0.00061350095,0.007144171,-0.008071806,0.0018374587,-0.0010799957,0.02282359,-0.0034662392,0.005866614,-2.4723602e-05,0.0035598169,0.0022949772,-0.00016602076,0.00012634008,0.0016244987,0.0018184744,0.0010692326,0.0002587462,0.0013108163,-0.001589924,-0.00044778042,0.00079525897,-0.0018172427,-0.00042339007,0.0007640119,-0.0013627165,0.0012309968,0.00079727435,0.00081510807,-3.5241417e-05,0.00043345685,3.060879e-05,-0.00037189288,-0.0005580678,0.00012369361,-7.1919467e-06,-0.0001290765,8.8158966e-05,0.00033635536,0.0003249494,-0.00017936513,-9.285369e-05,0.00015104862,-0.00023240074,1.02378945e-05,0.0003611893,0.00028403162,-0.000105276806
9,-0.00023588791,0.010278199,-0.0019736793,0.010442086,0.0032604574,0.00713428,-0.0019968785,-0.00212737,-0.0034662392,0.020416668,-0.0030716686,0.001932675,0.00047111243,-0.00025044323,-0.00028656793,0.0024520177,-0.0012384483,0.000282569,8.448154e-05,4.2532396e-05,0.00033200643,0.00043800235,-0.0009628701,0.0014625308,-0.0015366547,-0.00012518949,0.0005807185,0.0013310598,0.00065812137,-0.00030118471,0.00036566184,-0.0011754067,0.00036136984,-0.00012447868,-0.0010309548,-8.059321e-05,0.00028123718,0.00035367557,-0.00020668935,0.00011260035,-2.5733752e-05,0.00016698985,7.778815e-05,0.0007080401,0.00025187185,-0.00014310083,0.00049500645,-0.0002886331,0.00038053858,0.00015388164
10,-0.0038324345,-0.0018342831,0.00034775824,-0.00023542179,-0.006319329,0.0018825625,0.0013869263,0.0002313434,0.005866614,-0.0030716686,0.016861333,0.0017084959,-0.0015266519,-0.00016683081,-0.0006085422,-0.0026417547,-0.00028449256,0.00046337218,-0.0023523723,-0.00061117683,-0.0009810862,0.00080937723,0.00067422277,-0.0002521223,-0.0017782396,-0.0007009888,9.6677904e-05,0.00010738709,-0.00029994245,2.5689304e-05,0.000680069,0.00069882313,0.00090444577,-0.00014606724,9.804146e-05,-1.5541955e-05,-0.00020170107,0.0009031303,0.00022949252,-5.685894e-05,0.00024055116,0.0006137497,0.0004808803,-0.00013286996,3.3088567e-05,0.00014367043,0.00027336506,-0.0001320127,-6.777738e-05,0.0003826563
11,-0.0013038649,-0.00050071045,-0.004240645,0.00471423,-0.004033355,0.0043030838,0.003723741,0.001009952,-2.4723602e-05,0.001932675,0.0017084959,0.009011425,0.0002780666,0.0018205771,-0.0008131637,0.0021225319,-6.538395e-05,-0.00094285246,-0.001001742,-0.00022989196,0.00055774424,-0.00021129804,-0.00013824944,-0.0005990982,0.0001379323,-9.606454e-05,-0.00041639063,-0.00018697025,0.00020677206,1.141233e-05,0.00041481567,0.00015951783,-0.00016701024,0.00019465084,1.3668396e-06,0.0001804601,0.00015462846,7.8783414e-05,-6.448728e-05,0.0001424636,0.00042752386,0.00031517775,4.4859647e-05,-0.00018675807,-9.540013e-05,-0.0005151011,-0.00031135965,-0.00014406211,0.00026629132,-0.00017181721
12,0.0012819879,-0.007587066,0.0046397834,-0.008183522,0.0003255366,-0.0040142257,-0.0016932015,0.0057775564,0.0035598169,0.00047111243,-0.0015266519,0.0002780666,0.012462762,0.00029869963,0.00023428869,0.0015651037,0.000391618,-0.0002474768,0.0012944983,0.0006015962,0.0008111433,-0.00017059429,0.0001265253,0.0006495428,0.00038732443,0.0009814319,0.00047497812,-0.0002208965,0.001038672,0.0010910596,0.00047703122,-0.00047080027,-0.00042719312,0.00031517458,8.103863e-05,6.706468e-05,0.00012706697,0.00012593721,0.00022284912,0.00021343445,0.0003314797,-0.0001298956,0.00022434091,0.00010810062,0.00015895022,-8.271777e-05,0.00032510946,-0.00021191721,-0.0001580207,-0.00010250417
13,0.00039980692,-0.0017556114,0.0018013973,-0.008778434,0.002574455,-0.00047635264,0.0062595867,-0.0024064258,0.0022949772,-0.00025044323,-0.00016683081,0.0018205771,0.00029869963,0.006805468,-0.0015515882,-0.00042267848,-0.00035356096,-0.00029048667,0.001080964,0.0006657332,0.0003628445,-0.00015766779,-0.00018314275,-3.8311526e-05,0.00027598054,-0.00054002693,0.00028515374,-0.00052288314,0.00038370315,-0.00033213812,-0.00020702816,0.00033993117,0.000420418,-4.2667787e-05,0.00034426202,0.00047466406,-0.00020022712,-0.00020057947,0.00020377379,0.00028431314,-0.00034357846,0.00035962072,2.6672249e-05,0.0004279796,0.00019032555,-0.00036621725,0.00023963742,-1.4922462e-05,0.00019796623,-0.0001514894
14,0.0021629138,0.0011991768,0.0022727863,0.00061510946,0.0029141945,0.00027089455,-0.0009159068,-0.003370041,-0.00016602076,-0.00028656793,-0.0006085422,-0.0008131637,0.00023428869,-0.0015515882,0.0053814147,0.00025121105,0.0016407557,0.0005469793,-8.894798e-05,-0.0011882884,-0.0006582455,0.0017691911,0.00022114348,0.00012563144,-0.0002185527,0.00054283487,-0.0005713118,-0.000498598,0.00072192156,0.0002195719,0.00030340094,-0.00016260087,-0.0004798284,0.00028276455,-0.00020350776,-0.00034956005,-0.0004618158,-0.0002785659,-3.371026e-05,0.0002555122,0.00017951502,-0.0003106673,-0.00029257653,6.8836685e-05,-5.0788913e-05,-9.374546e-05,7.94005e-05,-4.697872e-05,-0.00032447727,-3.6462923e-05
15,0.000820764,0.0037580556,0.002247491,0.001026657,0.0031197749,0.0014743875,-0.0052278284,-0.0013806566,0.00012634008,0.0024520177,-0.0026417547,0.0021225319,0.0015651037,-0.00042267848,0.00025121105,0.004784547,3.0051859e-05,-0.0004470666,0.00027582239,0.0005831765,-5.897179e-05,-0.0009187921,0.0009330254,-0.00021390102,-0.0004109266,0.00012159374,3.848014e-06,1.6790153e-05,0.0007222715,-5.022459e-05,-7.546359e-05,3.3022116e-05,-0.00055185787,-7.57004e-05,0.00016467445,-0.0002645813,-5.6685065e-05,-0.00021194512,4.7246613e-06,-0.00049443194,1.4570802e-05,0.0002934186,-1.1852759e-05,-0.0002824283,0.00013917728,-0.00021733559,-8.3774044e-05,-0.00018486276,0.00010261797,0.00023208489
16,-0.00011613034,-0.002121368,0.0009495683,-0.0023364306,0.0016602434,-0.0013624497,0.0013420511,0.001326724,0.0016244987,-0.0012384483,-0.00028449256,-6.538395e-05,0.000391618,-0.00035356096,0.0016407557,3.0051859e-05,0.003608568,-3.6391357e-05,-0.00024179214,-0.0002141876,-0.00033479815,0.00049146486,-0.000592288,0.0004197905,0.00045856583,0.0005372721,-0.00061897584,-0.00020678081,0.0004267068,0.00079491956,1.085278e-05,0.0003759768,-0.00020994635,0.00013657412,-0.00024756332,-0.00011212396,-0.00010293332,-6.788934e-05,-0.00032511033,0.00022252728,-8.962319e-05,-0.0001477786,9.527554e-06,-0.00012011786,6.2361956e-05,0.0002943451,-0.000183944,-0.00027743547,0.00013671827,0.00030464743
17,-0.0015964638,-0.00068943214,0.00085522525,0.0021808944,-0.0022512628,-0.0023967642,-0.0016540627,0.002078648,0.0018184744,0.000282569,0.00046337218,-0.00094285246,-0.0002474768,-0.00029048667,0.0005469793,-0.0004470666,-3.6391357e-05,0.004594428,0.00028234065,-8.564048e-05,0.00043470965,0.0012898021,0.00034812582,0.000104939216,6.9503236e-05,-0.00022375715,0.00027509528,-0.0006375904,-0.00011577498,-0.00028091765,0.00022148323,-0.0011272397,0.0001176377,1.8587207e-05,7.5932534e-05,7.888902e-05,0.00037408026,0.00033370324,-0.0003815255,6.4784467e-06,-0.00019807013,8.641463e-06,-0.000267361,4.7852955e-05,-0.0002679561,-0.00024579867,-0.0001421578,7.77705e-05,-6.3707965e-05,0.00019464252
18,0.00044160848,0.0007277576,-0.0004947541,0.0027534692,-0.002376131,0.002846171,-0.0003699066,-0.0017652279,0.0010692326,8.448154e-05,-0.0023523723,-0.001001742,0.0012944983,0.001080964,-8.894798e-05,0.00027582239,-0.00024179214,0.00028234065,0.0050117653,0.00068087445,-0.0003352802,-0.00027610242,-0.00023479029,0.00022748162,-0.00036370545,0.0011065053,0.0007942638,-0.0002989981,-0.00018357884,-0.0003965924,0.00035103108,0.00027875765,0.00014047255,0.0001447481,8.9569934e-05,-0.0001556421,-4.3106906e-05,-8.0409656e-05,0.00038112875,0.00013841612,-0.0003982227,-0.0002527369,1.7596687e-05,-6.450682e-05,-5.4069184e-05,4.2776344e-05,0.00013899955,1.62533e-06,-3.353752e-05,-4.505256e-06
19,-0.00096126157,-0.0005385787,-0.00058136636,0.002065573,-0.0003577323,-0.00094877323,0.00020248149,0.00056806474,0.0002587462,4.2532396e-05,-0.00061117683,-0.00022989196,0.0006015962,0.0006657332,-0.0011882884,0.0005831765,-0.0002141876,-8.564048e-05,0.00068087445,0.0025157498,0.00036184583,0.00022540629,0.0008105219,-0.00025233213,-9.769398e-05,0.0008141868,-0.00018086898,0.00031595642,-0.00039966332,0.00046371273,-0.00033478107,-3.0974345e-05,0.00014400555,-2.1649972e-05,0.00015974874,-0.00010640836,0.00017313902,-0.000105229985,0.00037845998,-0.00018357678,-0.00011227267,0.00039678445,1.8561877e-06,0.00017553027,-0.00014709312,0.00012008505,-5.8378722e-05,0.00012295018,0.00026380084,8.577613e-05
20,-0.00057460746,-0.0002601976,0.0008732305,0.003258877,0.00024656055,-0.0012338052,-0.00067703903,8.758771e-05,0.0013108163,0.00033200643,-0.0009810862,0.00055774424,0.0008111433,0.0003628445,-0.0006582455,-5.897179e-05,-0.00033479815,0.00043470965,-0.0003352802,0.00036184583,0.002207481,-7.586906e-05,0.0004712806,0.00017112683,0.00034258742,9.684694e-05,-0.000395655,0.00012295812,0.00014354032,0.000319789,0.00023072894,3.8452454e-05,0.00016981948,-0.000375902,0.0002514837,0.0003951426,0.00013014168,8.387969e-05,-2.9371554e-07,0.00040752132,-0.00025848125,4.1664236e-05,-0.00036423444,7.164582e-05,5.7065547e-05,-2.2283193e-05,-0.00017337072,0.00021852841,-4.7446545e-05,-6.535466e-05
21,-4.5396646e-05,-0.0018314035,-0.0018820851,0.0014707639,-0.0033370347,-0.00027238997,0.002215677,-0.00024959026,-0.001589924,0.00043800235,0.00080937723,-0.00021129804,-0.00017059429,-0.00015766779,0.0017691911,-0.0009187921,0.00049146486,0.0012898021,-0.00027610242,0.00022540629,-7.586906e-05,0.002498619,0.00035464222,-1.2750824e-05,-3.6747908e-05,0.00047039078,-0.00020729579,5.1650244e-05,0.00018501698,0.000109541485,-3.387875e-05,-0.0002586027,0.00012340328,-4.9666807e-05,-7.529313e-05,-0.00015204708,-7.001538e-05,0.00026736822,8.7202236e-05,0.00011390934,-4.689775e-05,-6.453425e-05,-0.0002761344,0.00024815474,-0.000102780905,-4.1699954e-05,0.00013423916,9.363584e-05,-3.4086417e-05,7.0787144e-05
22,-0.00022912631,0.0012464662,-0.0003834472,0.0024076002,0.00034438178,-0.00022319083,-0.0013182419,-0.0002584329,-0.00044778042,-0.0009628701,0.00067422277,-0.00013824944,0.0001265253,-0.00018314275,0.00022114348,0.0009330254,-0.000592288,0.00034812582,-0.00023479029,0.0008105219,0.0004712806,0.00035464222,0.002116168,0.00017566833,-0.00017408955,-0.00031941378,-0.00048341195,0.00012740423,-0.00011352111,0.0003231118,0.00011130879,-0.00021877285,-0.00022650344,-0.00027121516,0.00022649654,0.00025386416,-0.00024364964,3.43948e-05,0.00033060982,-0.00027175224,-0.00021214862,0.00022499118,-0.00016151865,-0.00012629616,0.00015471286,2.5779867e-05,7.7533026e-05,0.00012078596,-8.44722e-06,2.4632645e-05
23,-0.0005960937,0.0005043377,-0.0004768397,-0.0036544877,-0.0018901321,0.0031576892,0.00091540004,-0.0006614451,0.00079525897,0.0014625308,-0.0002521223,-0.0005990982,0.0006495428,-3.8311526e-05,0.00012563144,-0.00021390102,0.0004197905,0.000104939216,0.00022748162,-0.00025233213,0.00017112683,-1.2750824e-05,0.00017566833,0.001961264,8.988122e-05,-0.00032879013,6.126588e-05,2.173497e-05,0.00011930823,0.000382695,0.00039589696,-0.00038007472,-2.6783451e-05,-0.00017688709,-6.647133e-05,0.00033318443,1.776468e-05,4.1756444e-05,8.455684e-05,6.577443e-07,4.402447e-05,-1.3379335e-05,-2.5609615e-06,7.1119284e-05,0.0001802883,0.00024251347,0.00010177193,-0.00031417745,5.5046687e-05,-1.5692094e-06
24,0.001116862,-0.00016598045,0.00012315325,0.0016788116,0.00035460616,-0.00032664434,2.3315682e-05,0.0008528684,-0.0018172427,-0.0015366547,-0.0017782396,0.0001379323,0.00038732443,0.00027598054,-0.0002185527,-0.0004109266,0.00045856583,6.9503236e-05,-0.00036370545,-9.769398e-05,0.00034258742,-3.6747908e-05,-0.00017408955,8.988122e-05,0.0014328439,-0.000376698,-0.00011628897,-4.2595362e-05,7.8581565e-05,0.00025612314,-0.00023112383,5.1304487e-05,7.499782e-07,-1.9743697e-05,0.00010759726,0.00027198042,9.0793474e-05,5.2690455e-05,-0.00014310388,0.00019353528,2.7798269e-05,-2.3336921e-05,2.8003906e-05,-7.083819e-05,-0.00015536873,-7.269896e-06,-0.00015990596,-7.909423e-05,-3.9123515e-05,-7.596474e-05
25,0.00089637854,-0.0009324871,0.0010423809,-0.00019952483,6.4019965e-05,0.0010103318,0.00053825916,0.0017189325,-0.00042339007,-0.00012518949,-0.0007009888,-9.606454e-05,0.0009814319,-0.00054002693,0.00054283487,0.00012159374,0.0005372721,-0.00022375715,0.0011065053,0.0008141868,9.684694e-05,0.00047039078,-0.00031941378,-0.00032879013,-0.000376698,0.0023659205,9.948843e-05,4.8884503e-05,-0.00024172693,0.00022196776,-7.268469e-05,0.0002754985,0.00016868277,-4.6681347e-05,5.510346e-05,-0.00025108957,0.00013893975,-3.7455815e-05,1.3115127e-06,-3.612173e-05,5.3470743e-05,0.00011724701,-0.00012702915,-5.0253027e-05,-4.2079162e-05,-1.4781645e-05,-4.1919026e-05,-2.9055383e-05,5.104646e-05,1.4969655e-05
26,-0.00039355742,0.0011014328,-0.00078324537,0.0010390433,-0.00020883785,0.0021961648,3.973306e-05,-0.00023250814,0.0007640119,0.0005807185,9.6677904e-05,-0.00041639063,0.00047497812,0.00028515374,-0.0005713118,3.848014e-06,-0.00061897584,0.00027509528,0.0007942638,-0.00018086898,-0.000395655,-0.00020729579,-0.00048341195,6.126588e-05,-0.00011628897,9.948843e-05,0.001061191,-8.715212e-05,0.00012402498,-7.521809e-05,4.4077307e-05,-4.8413873e-05,0.00020762451,3.3680764e-05,7.5928416e-05,-0.0001256931,0.00012207792,4.1205007e-05,-3.2233016e-05,-6.529045e-05,9.620015e-05,0.00016272541,-8.954325e-05,-0.0001535688,-4.250444e-05,-0.00016498961,5.7520563e-05,-9.199004e-05,-2.5127883e-05,-4.6526937e-05
27,-0.00081508263,-0.0006860392,-0.000907872,0.0012168947,-0.00194248,-0.0018637446,0.00032914113,0.001523494,-0.0013627165,0.0013310598,0.00010738709,-0.00018697025,-0.0002208965,-0.00052288314,-0.000498598,1.6790153e-05,-0.00020678081,-0.0006375904,-0.0002989981,0.00031595642,0.00012295812,5.1650244e-05,0.00012740423,2.173497e-05,-4.2595362e-05,4.8884503e-05,-8.715212e-05,0.0015042261,0.00042624067,3.7030033e-05,-0.00013808136,0.00031234333,0.0003365954,-8.721843e-05,-0.00012156223,0.00014451613,-0.0001659151,2.7849193e-05,0.00013037972,-9.830114e-05,-0.00015973652,6.5320273e-06,-0.00012566318,-0.00012802726,5.4333068e-05,-3.8891776e-05,0.0002072506,-4.297079e-05,-1.001819e-05,-4.689049e-06
28,-0.0005043916,-0.0005463731,0.00060932164,-0.0005951901,0.00029197524,-0.0020730516,-6.335795e-05,-0.00098339,0.0012309968,0.00065812137,-0.00029994245,0.00020677206,0.001038672,0.00038370315,0.00072192156,0.0007222715,0.0004267068,-0.00011577498,-0.00018357884,-0.00039966332,0.00014354032,0.00018501698,-0.00011352111,0.00011930823,7.8581565e-05,-0.00024172693,0.00012402498,0.00042624067,0.0011014763,-9.802552e-05,-6.7682404e-06,0.00025548466,2.1607611e-05,-0.00011105118,-6.645023e-05,-1.4666321e-05,-0.00021333029,-5.470256e-06,-3.1175696e-05,-3.2457545e-05,-6.525832e-05,-3.596871e-05,-0.00015207751,-0.00010995677,3.4417368e-05,-0.00012841407,8.480895e-05,-0.00012249645,-7.526569e-05,-2.1650354e-05
29,-9.2729046e-05,7.040329e-05,0.000106730746,0.0024700658,0.0018592358,0.0015691611,-0.00042892224,0.001221959,0.00079727435,-0.00030118471,2.5689304e-05,1.141233e-05,0.0010910596,-0.00033213812,0.0002195719,-5.022459e-05,0.00079491956,-0.00028091765,-0.0003965924,0.00046371273,0.000319789,0.000109541485,0.0003231118,0.000382695,0.00025612314,0.00022196776,-7.521809e-05,3.7030033e-05,-9.802552e-05,0.0013102147,0.00010799889,6.671564e-05,9.122002e-05,0.00010364597,2.3549786e-05,0.00013715445,-2.2602475e-05,6.978966e-05,6.2882624e-05,6.537846e-05,0.00011587949,9.298076e-05,6.441379e-05,-1.6212347e-05,6.6479755e-05,0.00017190236,-1.1119225e-06,6.278447e-05,9.308164e-05,2.6488418e-05
30,-0.0012478027,0.000169135,-0.00076828594,0.00045304635,-0.0010297191,0.0018324645,8.0220154e-05,0.00039154047,0.00081510807,0.00036566184,0.000680069,0.00041481567,0.00047703122,-0.00020702816,0.00030340094,-7.546359e-05,1.085278e-05,0.00022148323,0.00035103108,-0.00033478107,0.00023072894,-3.387875e-05,0.00011130879,0.00039589696,-0.00023112383,-7.268469e-05,4.4077307e-05,-0.00013808136,-6.7682404e-06,0.00010799889,0.00077523774,-9.5758776e-05,-9.222895e-05,5.8824506e-05,0.00016555343,8.995435e-05,-0.00010054119,6.199835e-05,9.5089556e-05,0.00013711034,-3.6759193e-05,-0.000102458,-9.897645e-05,-9.132394e-07,-4.4075623e-05,9.199927e-05,-5.0734954e-05,-1.3761815e-05,-5.5265707e-05,1.854094e-05
31,0.000112297465,-0.0011619255,-0.0002622755,1.9675674e-06,-0.0014141828,-0.0005694878,-0.00097162917,-0.00086099916,-3.5241417e-05,-0.0011754067,0.00069882313,0.00015951783,-0.00047080027,0.00033993117,-0.00016260087,3.3022116e-05,0.0003759768,-0.0011272397,0.00027875765,-3.0974345e-05,3.8452454e-05,-0.0002586027,-0.00021877285,-0.00038007472,5.1304487e-05,0.0002754985,-4.8413873e-05,0.00031234333,0.00025548466,6.671564e-05,-9.5758776e-05,0.0011033318,0.00015068732,1.8594608e-05,5.7239984e-05,-0.00012951533,-0.0002545097,8.7030654e-05,0.0001165571,0.00012138906,-0.00010913488,-2.436224e-06,6.692734e-05,-7.1118055e-05,8.215074e-05,3.3895951e-06,-5.1560943e-05,-8.480431e-06,7.6902055e-05,3.0924228e-05
32,0.00014803075,0.00023887915,-0.0004580674,0.001989969,0.00029484887,0.0004110671,0.0005482988,0.00057888875,0.00043345685,0.00036136984,0.00090444577,-0.00016701024,-0.00042719312,0.000420418,-0.0004798284,-0.00055185787,-0.00020994635,0.0001176377,0.00014047255,0.00014400555,0.00016981948,0.00012340328,-0.00022650344,-2.6783451e-05,7.499782e-07,0.00016868277,0.00020762451,0.0003365954,2.1607611e-05,9.122002e-05,-9.222895e-05,0.00015068732,0.0005832234,-2.7019758e-05,-3.5432357e-05,7.928639e-05,5.571419e-05,0.0001500419,2.1301938e-05,4.8700644e-05,-4.455052e-05,6.412135e-05,5.8682916e-05,2.3469327e-05,4.6170708e-06,-2.5194035e-05,0.000108049775,7.2826224e-05,-2.0128431e-05,4.2166677e-05
33,2.9706745e-05,-0.00079862156,0.0007320362,-0.0005655987,-0.0004171311,-0.00024708634,-0.00068728556,0.00061779877,3.060879e-05,-0.00012447868,-0.00014606724,0.00019465084,0.00031517458,-4.2667787e-05,0.00028276455,-7.57004e-05,0.00013657412,1.8587207e-05,0.0001447481,-2.1649972e-05,-0.000375902,-4.9666807e-05,-0.00027121516,-0.00017688709,-1.9743697e-05,-4.6681347e-05,3.3680764e-05,-8.721843e-05,-0.00011105118,0.00010364597,5.8824506e-05,1.8594608e-05,-2.7019758e-05,0.00047572004,-9.578778e-05,-7.641128e-05,3.13363e-05,-7.649347e-05,7.4723925e-05,5.762437e-05,0.00010814916,-6.914597e-05,0.0001458097,9.412052e-05,-9.907587e-05,-5.9706625e-05,-4.2674626e-05,-1.6074091e-05,7.0053735e-05,-3.0695923e-05
34,0.00031516043,0.000119603676,6.6898385e-05,-0.0011047609,0.00036089518,0.0011720159,-0.0003303571,-0.00045107567,-0.00037189288,-0.0010309548,9.804146e-05,1.3668396e-06,8.103863e-05,0.00034426202,-0.00020350776,0.00016467445,-0.00024756332,7.5932534e-05,8.9569934e-05,0.00015974874,0.0002514837,-7.529313e-05,0.00022649654,-6.647133e-05,0.00010759726,5.510346e-05,7.5928416e-05,-0.00012156223,-6.645023e-05,2.3549786e-05,0.00016555343,5.7239984e-05,-3.5432357e-05,-9.578778e-05,0.00039504917,0.00011723357,-9.347904e-06,-3.202148e-05,8.1106715e-05,3.8982187e-05,-8.755841e-05,6.4997424e-05,-0.00010240454,-1.6176036e-05,-5.102204e-05,1.1015981e-05,-4.866399e-05,-6.2929275e-06,-5.473306e-05,1.9862726e-05
35,0.000118631986,-0.00014139386,-0.00053878233,-0.0011279971,0.00035960058,0.0006312641,-0.000121080004,0.00042772127,-0.0005580678,-8.059321e-05,-1.5541955e-05,0.0001804601,6.706468e-05,0.00047466406,-0.00034956005,-0.0002645813,-0.00011212396,7.888902e-05,-0.0001556421,-0.00010640836,0.0003951426,-0.00015204708,0.00025386416,0.00033318443,0.00027198042,-0.00025108957,-0.0001256931,0.00014451613,-1.4666321e-05,0.00013715445,8.995435e-05,-0.00012951533,7.928639e-05,-7.641128e-05,0.00011723357,0.00043610026,2.163581e-05,2.1624252e-05,-9.670491e-06,1.4477761e-05,-0.00012341082,4.5845158e-07,-7.733263e-06,-7.2319344e-06,3.6379293e-05,5.2214495e-05,5.9333077e-05,-4.6620196e-05,-5.5506207e-05,-6.448946e-05
36,-0.00033522595,-4.9346036e-05,6.885613e-05,-0.0002012054,-0.00028254744,0.00041218312,-0.0007487518,0.00055566395,0.00012369361,0.00028123718,-0.00020170107,0.00015462846,0.00012706697,-0.00020022712,-0.0004618158,-5.6685065e-05,-0.00010293332,0.00037408026,-4.3106906e-05,0.00017313902,0.00013014168,-7.001538e-05,-0.00024364964,1.776468e-05,9.0793474e-05,0.00013893975,0.00012207792,-0.0001659151,-0.00021333029,-2.2602475e-05,-0.00010054119,-0.0002545097,5.571419e-05,3.13363e-05,-9.347904e-06,2.163581e-05,0.0002925175,2.3505895e-06,-9.405037e-05,-1.2677901e-05,6.404698e-05,6.4564854e-05,-4.0504456e-06,5.184168e-05,-9.078371e-05,4.8765296e-06,-6.322499e-05,-1.1681961e-05,3.7308528e-05,-1.7046207e-06
37,-0.00054176676,3.1500924e-05,-0.0010346908,0.0022494202,-0.0006398133,0.0005994495,-0.00052923267,0.000680994,-7.1919467e-06,0.00035367557,0.0009031303,7.8783414e-05,0.00012593721,-0.00020057947,-0.0002785659,-0.00021194512,-6.788934e-05,0.00033370324,-8.0409656e-05,-0.000105229985,8.387969e-05,0.00026736822,3.43948e-05,4.1756444e-05,5.2690455e-05,-3.7455815e-05,4.1205007e-05,2.7849193e-05,-5.470256e-06,6.978966e-05,6.199835e-05,8.7030654e-05,0.0001500419,-7.649347e-05,-3.202148e-05,2.1624252e-05,2.3505895e-06,0.00039890036,-2.3352237e-05,-5.059468e-05,1.7718523e-05,-7.303938e-05,0.00011061797,1.1186885e-05,1.7499817e-05,1.3552407e-05,3.9319377e-05,4.0820698e-05,3.3152268e-05,2.5009196e-05
38,-0.00010630574,-0.00016019691,-0.0002754135,0.00020082842,-0.000952677,0.00047209748,0.00023235416,-0.00069023157,-0.0001290765,-0.00020668935,0.00022949252,-6.448728e-05,0.00022284912,0.00020377379,-3.371026e-05,4.7246613e-06,-0.00032511033,-0.0003815255,0.00038112875,0.00037845998,-2.9371554e-07,8.7202236e-05,0.00033060982,8.455684e-05,-0.00014310388,1.3115127e-06,-3.2233016e-05,0.00013037972,-3.1175696e-05,6.2882624e-05,9.5089556e-05,0.0001165571,2.1301938e-05,7.4723925e-05,8.1106715e-05,-9.670491e-06,-9.405037e-05,-2.3352237e-05,0.0003604377,-2.4437706e-05,-3.899561e-05,-4.039776e-05,1.4264973e-05,8.306104e-05,-1.9760751e-05,1.6786504e-05,4.6985217e-05,3.4131284e-05,6.172381e-05,-3.4338645e-05
39,-0.00060730637,-0.000117769145,-0.00025715944,0.0006586017,-0.0011397046,0.0010013424,-0.00034620723,-0.0005867331,8.8158966e-05,0.00011260035,-5.685894e-05,0.0001424636,0.00021343445,0.00028431314,0.0002555122,-0.00049443194,0.00022252728,6.4784467e-06,0.00013841612,-0.00018357678,0.00040752132,0.00011390934,-0.00027175224,6.577443e-07,0.00019353528,-3.612173e-05,-6.529045e-05,-9.830114e-05,-3.2457545e-05,6.537846e-05,0.00013711034,0.00012138906,4.8700644e-05,5.762437e-05,3.8982187e-05,1.4477761e-05,-1.2677901e-05,-5.059468e-05,-2.4437706e-05,0.0005459893,2.4416295e-05,8.139922e-06,-9.9893456e-05,4.256689e-05,6.115665e-05,-5.860218e-05,-6.046608e-05,6.410411e-05,-7.50292e-05,3.879579e-05
40,-0.00054733345,0.00021101318,0.00010212748,-1.918444e-05,-0.00024223837,0.0010680137,-0.00040015433,0.00017989994,0.00033635536,-2.5733752e-05,0.00024055116,0.00042752386,0.0003314797,-0.00034357846,0.00017951502,1.4570802e-05,-8.962319e-05,-0.00019807013,-0.0003982227,-0.00011227267,-0.00025848125,-4.689775e-05,-0.00021214862,4.402447e-05,2.7798269e-05,5.3470743e-05,9.620015e-05,-0.00015973652,-6.525832e-05,0.00011587949,-3.6759193e-05,-0.00010913488,-4.455052e-05,0.00010814916,-8.755841e-05,-0.00012341082,6.404698e-05,1.7718523e-05,-3.899561e-05,2.4416295e-05,0.00035288112,7.605995e-05,9.7943e-05,-1.8040813e-05,-9.400746e-06,-8.281479e-05,-1.1368813e-05,1.4794348e-05,2.4180801e-05,-8.871164e-05
41,-0.00026805102,0.00029477937,-0.00032691195,-0.0003470902,-0.0005438367,0.00065397576,-0.000579429,-0.00020199234,0.0003249494,0.00016698985,0.0006137497,0.00031517775,-0.0001298956,0.00035962072,-0.0003106673,0.0002934186,-0.0001477786,8.641463e-06,-0.0002527369,0.00039678445,4.1664236e-05,-6.453425e-05,0.00022499118,-1.3379335e-05,-2.3336921e-05,0.00011724701,0.00016272541,6.5320273e-06,-3.596871e-05,9.298076e-05,-0.000102458,-2.436224e-06,6.412135e-05,-6.914597e-05,6.4997424e-05,4.5845158e-07,6.4564854e-05,-7.303938e-05,-4.039776e-05,8.139922e-06,7.605995e-05,0.0003755977,-7.890415e-05,-6.216166e-05,2.340035e-05,-9.816744e-05,-3.1407624e-05,-4.7458765e-05,4.152923e-05,2.566804e-06
42,-8.799635e-05,0.00029648328,-0.00010921917,0.00022473559,0.00070155354,0.00021257384,-0.00032258296,0.00016112588,-0.00017936513,7.778815e-05,0.0004808803,4.4859647e-05,0.00022434091,2.6672249e-05,-0.00029257653,-1.1852759e-05,9.527554e-06,-0.000267361,1.7596687e-05,1.8561877e-06,-0.00036423444,-0.0002761344,-0.00016151865,-2.5609615e-06,2.8003906e-05,-0.00012702915,-8.954325e-05,-0.00012566318,-0.00015207751,6.441379e-05,-9.897645e-05,6.692734e-05,5.8682916e-05,0.0001458097,-0.00010240454,-7.733263e-06,-4.0504456e-06,0.00011061797,1.4264973e-05,-9.9893456e-05,9.7943e-05,-7.890415e-05,0.00045031917,8.908037e-05,-2.7123411e-05,0.0001239762,2.4969482e-05,-2.4780304e-05,6.345313e-05,5.0963987e-05
43,7.345331e-05,-0.0008097916,0.00036175962,-0.0021930027,-8.30299e-05,-0.00046547106,-0.00026733842,-0.00054245524,-9.285369e-05,0.0007080401,-0.00013286996,-0.00018675807,0.00010810062,0.0004279796,6.8836685e-05,-0.0002824283,-0.00012011786,4.7852955e-05,-6.450682e-05,0.00017553027,7.164582e-05,0.00024815474,-0.00012629616,7.1119284e-05,-7.083819e-05,-5.0253027e-05,-0.0001535688,-0.00012802726,-0.00010995677,-1.6212347e-05,-9.132394e-07,-7.1118055e-05,2.3469327e-05,9.412052e-05,-1.6176036e-05,-7.2319344e-06,5.184168e-05,1.1186885e-05,8.306104e-05,4.256689e-05,-1.8040813e-05,-6.216166e-05,8.908037e-05,0.00032874514,-5.3831558e-05,6.423167e-05,5.59072e-05,5.9062862e-05,7.394689e-05,-7.5627268e-06
44,0.00010779694,-0.00010211114,7.961244e-05,-0.0015117889,-5.2560383e-05,0.00038723764,-7.4741954e-05,3.629126e-05,0.00015104862,0.00025187185,3.3088567e-05,-9.540013e-05,0.00015895022,0.00019032555,-5.0788913e-05,0.00013917728,6.2361956e-05,-0.0002679561,-5.4069184e-05,-0.00014709312,5.7065547e-05,-0.000102780905,0.00015471286,0.0001802883,-0.00015536873,-4.2079162e-05,-4.250444e-05,5.4333068e-05,3.4417368e-05,6.6479755e-05,-4.4075623e-05,8.215074e-05,4.6170708e-06,-9.907587e-05,-5.102204e-05,3.6379293e-05,-9.078371e-05,1.7499817e-05,-1.9760751e-05,6.115665e-05,-9.400746e-06,2.340035e-05,-2.7123411e-05,-5.3831558e-05,0.0002448295,-2.920939e-05,8.4002226e-05,1.2190125e-05,-1.313125e-05,2.3163553e-05
45,0.00031860592,0.00012390262,0.00020236499,-0.00024729036,0.00029117422,0.00041319168,-7.91456e-05,-4.7229132e-05,-0.00023240074,-0.00014310083,0.00014367043,-0.0005151011,-8.271777e-05,-0.00036621725,-9.374546e-05,-0.00021733559,0.0002943451,-0.00024579867,4.2776344e-05,0.00012008505,-2.2283193e-05,-4.1699954e-05,2.5779867e-05,0.00024251347,-7.269896e-06,-1.4781645e-05,-0.00016498961,-3.8891776e-05,-0.00012841407,0.00017190236,9.199927e-05,3.3895951e-06,-2.5194035e-05,-5.9706625e-05,1.1015981e-05,5.2214495e-05,4.8765296e-06,1.3552407e-05,1.6786504e-05,-5.860218e-05,-8.281479e-05,-9.816744e-05,0.0001239762,6.423167e-05,-2.920939e-05,0.0002956177,-8.8735615e-06,-8.6084365e-06,-6.6538905e-06,9.650452e-05
46,0.00028443112,-2.919657e-05,0.00041479588,-0.0012636795,0.000717011,9.042289e-06,-7.3323567e-06,-3.5199795e-05,1.02378945e-05,0.00049500645,0.00027336506,-0.00031135965,0.00032510946,0.00023963742,7.94005e-05,-8.3774044e-05,-0.000183944,-0.0001421578,0.00013899955,-5.8378722e-05,-0.00017337072,0.00013423916,7.7533026e-05,0.00010177193,-0.00015990596,-4.1919026e-05,5.7520563e-05,0.0002072506,8.480895e-05,-1.1119225e-06,-5.0734954e-05,-5.1560943e-05,0.000108049775,-4.2674626e-05,-4.866399e-05,5.9333077e-05,-6.322499e-05,3.9319377e-05,4.6985217e-05,-6.046608e-05,-1.1368813e-05,-3.1407624e-05,2.4969482e-05,5.59072e-05,8.4002226e-05,-8.8735615e-06,0.00022999989,3.396027e-05,-3.5003235e-05,-3.153456e-05
47,-0.0001856288,-0.00021323934,6.590532e-05,0.0013011037,0.00025069807,-0.00057884376,-0.00076465326,0.00012969054,0.0003611893,-0.0002886331,-0.0001320127,-0.00014406211,-0.00021191721,-1.4922462e-05,-4.697872e-05,-0.00018486276,-0.00027743547,7.77705e-05,1.62533e-06,0.00012295018,0.00021852841,9.363584e-05,0.00012078596,-0.00031417745,-7.909423e-05,-2.9055383e-05,-9.199004e-05,-4.297079e-05,-0.00012249645,6.278447e-05,-1.3761815e-05,-8.480431e-06,7.2826224e-05,-1.6074091e-05,-6.2929275e-06,-4.6620196e-05,-1.1681961e-05,4.0820698e-05,3.4131284e-05,6.410411e-05,1.4794348e-05,-4.7458765e-05,-2.4780304e-05,5.9062862e-05,1.2190125e-05,-8.6084365e-06,3.396027e-05,0.00025323787,-1.6686266e-05,-2.941598e-05
48,8.948279e-05,-0.00033681007,0.00034364627,-0.00016369837,-0.00022489682,-0.00026870138,0.00012439553,0.00020531227,0.00028403162,0.00038053858,-6.777738e-05,0.00026629132,-0.0001580207,0.00019796623,-0.00032447727,0.00010261797,0.00013671827,-6.3707965e-05,-3.353752e-05,0.00026380084,-4.7446545e-05,-3.4086417e-05,-8.44722e-06,5.5046687e-05,-3.9123515e-05,5.104646e-05,-2.5127883e-05,-1.001819e-05,-7.526569e-05,9.308164e-05,-5.5265707e-05,7.6902055e-05,-2.0128431e-05,7.0053735e-05,-5.473306e-05,-5.5506207e-05,3.7308528e-05,3.3152268e-05,6.172381e-05,-7.50292e-05,2.4180801e-05,4.152923e-05,6.345313e-05,7.394689e-05,-1.313125e-05,-6.6538905e-06,-3.5003235e-05,-1.6686266e-05,0.00019192905,-1.7883585e-05
49,-9.364135e-05,0.00038468247,-0.0002625699,0.000378514,3.5688347e-05,0.0004382184,-0.00021617886,0.00015306994,-0.000105276806,0.00015388164,0.0003826563,-0.00017181721,-0.00010250417,-0.0001514894,-3.6462923e-05,0.00023208489,0.00030464743,0.00019464252,-4.505256e-06,8.577613e-05,-6.535466e-05,7.0787144e-05,2.4632645e-05,-1.5692094e-06,-7.596474e-05,1.4969655e-05,-4.6526937e-05,-4.689049e-06,-2.1650354e-05,2.6488418e-05,1.854094e-05,3.0924228e-05,4.2166677e-05,-3.0695923e-05,1.9862726e-05,-6.448946e-05,-1.7046207e-06,2.5009196e-05,-3.4338645e-05,3.879579e-05,-8.871164e-05,2.566804e-06,5.0963987e-05,-7.5627268e-06,2.3163553e-05,9.650452e-05,-3.153456e-05,-2.941598e-05,-1.7883585e-05,0.00023063038
