,0,1,2,3,4,5,6,7,8,9,10,11,12,13,14,15,16,17,18,19,20,21,22,23,24,25,26,27,28,29,30,31,32,33,34,35,36,37,38,39,40,41,42,43,44,45,46,47,48,49
0,171.89711,-30.461823,-53.534386,2.2376647,1.0050266,-0.29125124,0.47572446,-0.05229094,0.046324164,0.007110569,0.035517797,-0.022739362,-0.018788058,0.007877193,0.0021570944,-0.0040025283,0.0027971212,0.0002483052,-0.0006933762,0.0008551205,-0.00073899375,0.00351224,0.0029005196,0.00087566214,-0.0027351659,-0.00044584184,-0.0010564923,0.0017664037,0.00026516535,0.00012387033,0.00022563778,4.697065e-05,0.00015451675,0.0014884059,-0.0005688368,-3.6764664e-05,-0.00018871218,-2.5445213e-05,-0.0005710884,-7.419982e-05,0.00041672983,0.0006433402,-0.00042604876,0.00016512527,-0.00043365185,-0.0001264859,-0.00016292572,0.00019677021,-0.00012172054,-5.516752e-05
1,-30.461823,107.52476,-12.243677,1.4467278,1.4403081,0.071252465,0.008872099,-0.012329819,0.030384809,0.003601374,-0.006945738,0.0033562803,0.0038181527,-0.0036871398,-0.0040964587,0.0026912908,-0.0013000789,0.0003531475,0.00085812295,-0.0007395592,-0.00042619463,-0.00051336223,-1.542051e-05,-0.0004204696,0.00028866454,-0.00012522661,0.00040936028,0.0005594272,0.0003069729,-0.0002923875,0.0003008069,-0.00013133153,-7.0327274e-05,-0.00025658088,0.00035529135,0.0001145529,-9.873124e-05,-0.0001797712,0.00011102883,3.6659767e-05,-7.561861e-05,-6.6865694e-05,-7.0383336e-05,6.1054285e-05,0.00016096243,-9.871648e-05,-4.51465e-06,-0.00014140141,-3.9763596e-05,-0.00010811648
2,-53.534386,-12.243677,23.55108,4.6233325,3.357728,-0.0067284796,0.08510147,-0.014382966,0.0128035005,0.012518055,0.009415384,-0.0024552913,-0.0036829952,-0.0014766145,-0.001224952,0.00024107104,0.00015915144,0.0007621907,0.00046923198,-0.00040892506,-0.00063324644,0.0005417896,-6.5327884e-05,0.00038302748,-0.00010101268,-7.56481e-05,8.778839e-05,-0.00018240052,-0.00012075894,-0.00028267116,-7.287825e-05,-6.772851e-05,-0.00024383463,0.00017646662,-0.00024520035,7.812607e-05,-0.00015203457,5.5219505e-05,-0.00017173974,0.00010791,-0.00016495274,9.512894e-05,-2.2267952e-05,0.00018910803,-0.000118413824,1.830497e-05,-7.068941e-05,3.057041e-05,-1.0824619e-05,-2.7224514e-05
3,2.2376647,1.4467278,4.6233325,25.807554,-0.88370687,0.113844454,0.12964253,-0.011777718,0.0125449505,-0.0028762487,0.011979878,-0.005713666,-0.00540061,-0.00078533264,-0.00024138184,-0.00023958788,0.0006817267,0.000570814,0.00027090305,0.00070219295,-0.0009611852,0.00050835626,0.000388305,0.0002549797,-0.00026906392,-7.6132186e-05,4.3825203e-05,0.00015508218,-0.0006585531,-0.00017197133,0.00013349947,-0.000105858984,-0.00019237466,0.0005734579,-0.00023229235,9.359361e-05,-1.1134425e-05,-1.8590746e-06,-0.00034849625,-0.00016406199,3.6635065e-05,0.00010956908,-0.00022933629,0.00015280675,-0.00010542112,4.488392e-05,-0.00018295256,0.00018735835,-4.631013e-05,-0.0001527161
4,1.0050266,1.4403081,3.357728,-0.88370687,22.910334,-0.09378098,-0.057733566,0.0009997524,-0.0060410136,0.0041625197,-0.0035516974,-0.00032701463,4.6770034e-05,0.003044294,-0.00023577997,-0.0001010734,0.00027980004,-0.00063216535,0.00014321928,-0.0001524738,0.0002756203,-8.602168e-05,2.4276946e-05,0.0002240212,-7.636088e-06,0.00013017686,-9.536973e-05,0.00018424651,0.00040482194,0.00020482566,-7.327897e-05,0.00020121245,1.05267245e-05,-0.0002459963,-5.3103773e-05,-1.6910682e-05,-5.3333756e-06,-6.868446e-05,0.00014154396,7.292688e-05,5.1031566e-05,-3.3904257e-06,0.00012393735,-4.1224903e-06,3.356515e-05,-9.105724e-05,0.00012461346,-9.1649934e-05,-3.238562e-05,1.8146722e-05
5,-0.29125124,0.071252465,-0.0067284796,0.113844454,-0.09378098,0.07570997,-0.12584838,-0.013660709,-0.00754283,-0.011844162,-0.016747957,0.0064653824,0.0048866086,0.0060833218,0.00082067127,0.00029836257,-0.000406441,-0.0013314611,-0.00054191437,-0.000650816,0.0014433123,-0.000117583695,2.5906025e-05,8.0848775e-05,-1.4687718e-06,0.0005626016,-0.0002584742,0.00012213943,0.0009966933,0.00020696425,-0.00015380763,0.00034083147,0.0002914928,-0.00067808945,0.00022130899,-0.00013624148,9.694272e-05,-0.00019299658,0.00023495815,0.00016662391,-2.7244041e-05,-0.00021941584,0.00021485086,-0.00019621413,0.0001403277,-6.527862e-06,0.00030651398,-0.00029846106,-1.6134352e-06,0.00018759073
6,0.47572446,0.008872099,0.08510147,0.12964253,-0.057733566,-0.12584838,0.36218157,-0.009318123,0.0022311592,-0.017101932,0.016373977,-0.010325346,-0.008542608,0.006640897,0.0033907173,-0.0022725437,0.0026487485,-0.00027204648,-0.0010249303,0.0008701092,0.000112989175,0.0023290277,0.0006322678,0.00052212336,-0.001073454,-6.099262e-05,-0.00019560293,0.00024866717,-0.00015292497,0.000249393,-0.00011863409,0.0002525939,-1.653982e-05,0.00075425114,-0.0004959757,-1.7413444e-05,0.00012341217,-7.7075514e-05,-0.00037273916,9.7960095e-05,0.00012533179,0.00027210946,-0.00021815437,9.422465e-05,-0.00019729549,-5.239572e-05,-0.000115730494,1.7243685e-05,-7.115956e-05,6.9593836e-05
7,-0.05229094,-0.012329819,-0.014382966,-0.011777718,0.0009997524,-0.013660709,-0.009318123,0.09572685,0.0002848704,-0.0013909425,0.0017378979,-0.001667341,-5.0141396e-05,0.0013228557,0.0001476074,-0.0007697897,-0.00041849364,-0.00014197885,-0.0005701812,0.0006591877,2.9550887e-05,0.00036667043,-0.000120946876,0.00024802895,2.3065224e-05,0.00025357882,1.8952202e-05,-2.7103299e-05,-0.00030894467,0.00012572564,-0.00020192216,-0.00017638574,-2.2408061e-05,0.00019580964,-0.00022075091,-7.981225e-05,7.598619e-05,-0.00011727781,4.1383668e-05,-5.227668e-05,1.6170872e-05,0.00010522186,-0.00017555151,7.036931e-05,1.05079025e-05,0.00013454957,-8.396924e-05,7.75395e-05,-3.8233215e-05,-2.0246986e-05
8,0.046324164,0.030384809,0.0128035005,0.0125449505,-0.0060410136,-0.00754283,0.0022311592,0.0002848704,0.052155312,-0.0001673051,-0.0015332778,0.0014032933,0.00056171056,-0.00045312836,-0.0015098524,0.00072512135,-0.00067321246,0.00037063257,0.00015064437,0.00030919226,-0.00010911038,0.00046234112,0.0005507852,-0.0002816863,-0.00034083927,-0.00028033197,0.00011297678,0.0004594978,9.227285e-05,-0.00018914767,3.1030457e-05,-2.1657108e-05,-2.6684751e-05,8.15456e-05,0.000101608384,-1.1510477e-06,2.791969e-05,-7.069038e-05,-9.639688e-05,0.00010052493,-1.3595655e-05,1.6347394e-06,-0.00011990686,7.7227174e-05,7.940371e-05,4.8173613e-05,-8.722593e-06,-7.306927e-05,-2.4040948e-05,-4.318573e-05
9,0.007110569,0.003601374,0.012518055,-0.0028762487,0.0041625197,-0.011844162,-0.017101932,-0.0013909425,-0.0001673051,0.045299668,0.0051237745,-0.0024391408,-0.0030727487,0.00072566525,2.8459186e-05,-0.00032614282,0.0005065511,0.00017171088,7.0443704e-05,0.00039781723,-0.00018015732,0.0005884095,0.00074602687,-0.0002437573,-0.0005869763,-0.00033525308,-8.840451e-05,0.00034729522,0.00028004823,1.0812083e-05,8.837389e-05,0.00027430017,-5.8837286e-05,0.00016969367,-0.00010662747,1.7448598e-05,0.000109387955,7.544201e-05,-0.00013249303,0.00017118981,5.293684e-05,8.3490566e-05,-7.951175e-05,7.928103e-05,-1.2580664e-05,-0.00011475804,-5.826089e-06,-8.8354456e-05,-6.047509e-05,6.206571e-05
10,0.035517797,-0.006945738,0.009415384,0.011979878,-0.0035516974,-0.016747957,0.016373977,0.0017378979,-0.0015332778,0.0051237745,0.01884138,0.004208562,0.003495802,-0.0011529919,-0.001266177,0.0011663674,-0.0005549508,0.00019885723,-0.000108397275,-0.0006407675,0.00014245717,-0.0006167308,-7.34184e-05,-2.809308e-05,0.00032943353,0.000179105,0.00018146519,-3.9838e-05,-0.0001351102,-4.6981935e-05,-0.00013361964,-0.00023585727,0.00010800329,-0.00010293652,0.0001464374,-1.3310253e-05,-1.0203208e-05,-5.7646394e-06,9.837169e-05,-2.639712e-05,-0.00017399166,-6.295609e-05,2.7183261e-05,-8.147248e-05,5.0576833e-05,4.0874256e-05,2.7800026e-05,3.838765e-05,6.338958e-05,-4.5306457e-05
11,-0.022739362,0.0033562803,-0.0024552913,-0.005713666,-0.00032701463,0.0064653824,-0.010325346,-0.001667341,0.0014032933,-0.0024391408,0.004208562,0.011077962,-0.0013259674,0.0010494681,0.00076419814,-0.0012342411,-4.9512353e-05,-0.00037968945,-0.0006600295,0.0010124204,-1.1464847e-05,0.00029766042,5.3471686e-05,8.862174e-05,-2.0110961e-05,0.00015092165,-0.000168857,-0.00027408014,-0.00016644632,2.26477e-05,-8.5711144e-05,1.8637442e-05,6.547553e-05,-9.318085e-05,-9.91093e-05,-2.3326938e-06,-7.1494534e-05,3.647869e-05,-0.00010070317,-9.222192e-06,-6.5558495e-05,-1.0579593e-05,2.4529061e-05,6.942722e-06,-4.8455946e-05,3.2578675e-05,5.532178e-05,6.3800035e-05,2.4273864e-05,5.7354746e-06
12,-0.018788058,0.0038181527,-0.0036829952,-0.00540061,4.6770034e-05,0.0048866086,-0.008542608,-5.0141396e-05,0.00056171056,-0.0030727487,0.003495802,-0.0013259674,0.010841451,0.0004851728,0.0005071128,7.736721e-05,0.00092016906,0.0002585369,0.00040990984,-0.00034203535,-9.997084e-05,0.00024914445,0.00025357323,-0.00017283385,-0.00022864473,-0.00016212338,-0.00013247163,0.00020284302,0.0002634736,9.669549e-05,4.9199174e-05,0.00025562174,-1.4398826e-05,0.00012599288,-1.06308835e-05,0.00011012233,9.399647e-05,0.00011709516,-0.000109864035,7.454942e-05,3.2515265e-05,8.602004e-06,3.9870767e-05,6.0942757e-06,-6.631014e-05,-0.00016363748,5.4118664e-06,-3.197856e-05,1.3119768e-06,4.634499e-05
13,0.007877193,-0.0036871398,-0.0014766145,-0.00078533264,0.003044294,0.0060833218,0.006640897,0.0013228557,-0.00045312836,0.00072566525,-0.0011529919,0.0010494681,0.0004851728,0.008910983,-0.00048590678,-0.00034463775,-6.0227307e-05,-0.00089231326,0.0001268553,-4.25827e-05,0.00025842426,-0.0005253422,0.00038907182,-0.00023590514,-0.00028450572,-0.00037902777,1.2771128e-05,-0.0001286123,0.00047885248,-0.00022618828,8.042485e-06,7.415244e-05,-8.8240675e-05,-0.00015423163,0.00010344634,-8.911698e-05,1.4155093e-05,7.127199e-05,0.00012096825,8.964777e-05,5.5485223e-05,-1.0414475e-05,6.841945e-05,-2.3482582e-05,4.7823167e-05,-4.559078e-05,3.291686e-05,-6.193261e-05,-1.2513536e-05,6.937391e-05
14,0.0021570944,-0.0040964587,-0.001224952,-0.00024138184,-0.00023577997,0.00082067127,0.0033907173,0.0001476074,-0.0015098524,2.8459186e-05,-0.001266177,0.00076419814,0.0005071128,-0.00048590678,0.004074032,0.00030068523,-0.0007165104,0.00027992472,-0.00027336023,0.0005241944,-5.685634e-05,0.00014710394,0.00069654576,-0.00033319148,-0.00024380448,-6.369203e-05,2.7965202e-06,0.00029078894,5.40549e-05,-5.507763e-05,-0.000207148,-9.375306e-06,2.0003648e-05,7.874181e-05,-5.3091626e-06,6.145387e-05,0.00016696134,2.6950207e-05,-4.6298734e-05,0.000106186504,-0.00011459837,-1.2104883e-06,-0.00011262351,5.4702472e-05,3.8279628e-05,1.4917116e-05,2.006748e-05,-1.4936595e-05,1.9164636e-05,1.402706e-05
15,-0.0040025283,0.0026912908,0.00024107104,-0.00023958788,-0.0001010734,0.00029836257,-0.0022725437,-0.0007697897,0.00072512135,-0.00032614282,0.0011663674,-0.0012342411,7.736721e-05,-0.00034463775,0.00030068523,0.0042337487,-0.0003921414,-0.00092488376,-0.00024236675,0.0006042982,0.00018824107,-0.00022934245,-9.359965e-05,4.919753e-05,4.3277927e-05,0.00011039479,-9.681237e-05,-0.0003189717,0.00015229022,-1.3192207e-05,-0.00020555627,-3.791919e-05,-4.1269857e-05,-0.000106768784,-0.0001221433,-4.0971972e-05,4.309098e-05,2.5406964e-06,0.000102285725,-1.8899853e-05,3.3239266e-05,1.1818445e-05,-1.871206e-05,-3.1699633e-07,1.06048665e-05,2.0517562e-05,1.7196256e-06,4.0145547e-05,-5.869241e-06,1.42289555e-05
16,0.0027971212,-0.0013000789,0.00015915144,0.0006817267,0.00027980004,-0.000406441,0.0026487485,-0.00041849364,-0.00067321246,0.0005065511,-0.0005549508,-4.9512353e-05,0.00092016906,-6.0227307e-05,-0.0007165104,-0.0003921414,0.003101312,9.077705e-05,0.00015804208,0.0010436584,-0.0002200747,6.598713e-05,-0.00017485698,-0.00018068025,0.00023809006,0.0001971033,-0.00015709177,0.00010508368,7.304417e-05,8.862598e-05,-4.997361e-05,3.7473474e-05,-4.5781508e-05,-0.00017151609,-4.8859678e-05,5.905121e-06,3.0211624e-05,-5.5560224e-05,2.7110505e-06,-2.4875458e-06,4.0881798e-05,-4.7064168e-05,-7.427574e-05,9.880342e-05,8.396045e-05,6.813074e-05,2.445987e-05,-1.18176085e-05,-4.084239e-05,-3.681355e-05
17,0.0002483052,0.0003531475,0.0007621907,0.000570814,-0.00063216535,-0.0013314611,-0.00027204648,-0.00014197885,0.00037063257,0.00017171088,0.00019885723,-0.00037968945,0.0002585369,-0.00089231326,0.00027992472,-0.00092488376,9.077705e-05,0.0027942015,-0.0001656963,0.00019310584,0.00054175744,-0.000111875896,-2.9266552e-05,4.508727e-05,-0.00014020996,-0.0001839356,-7.364098e-05,-0.0002534312,0.00030764664,-0.00016866524,-0.00021577468,-0.0001541593,-3.3009346e-05,-2.2526416e-05,6.604838e-05,-9.760089e-05,-3.7462472e-05,3.2067503e-05,5.211801e-05,-2.5025069e-05,1.5907069e-06,-3.0897634e-05,3.4580124e-05,-1.581748e-05,2.5987749e-05,2.913305e-05,-5.2574585e-05,4.586902e-05,3.6611236e-05,-1.5362752e-05
18,-0.0006933762,0.00085812295,0.00046923198,0.00027090305,0.00014321928,-0.00054191437,-0.0010249303,-0.0005701812,0.00015064437,7.0443704e-05,-0.000108397275,-0.0006600295,0.00040990984,0.0001268553,-0.00027336023,-0.00024236675,0.00015804208,-0.0001656963,0.0027392078,0.00017743427,0.00013344473,-0.000116965944,0.00035525573,0.00013801812,-0.00012806845,4.7723115e-05,7.092758e-05,-0.00017886516,-0.00025511108,-3.2956486e-05,-0.00012921466,-0.00016606232,5.0124363e-05,9.251232e-05,-0.000102208374,-7.1578645e-05,1.3746958e-05,4.3208092e-05,3.4319364e-05,2.2788407e-05,-0.00013273497,5.176091e-05,-4.2441887e-05,-2.325526e-05,-1.8362709e-05,5.2506948e-05,-4.9827695e-06,1.204165e-05,3.903952e-05,2.0961083e-05
19,0.0008551205,-0.0007395592,-0.00040892506,0.00070219295,-0.0001524738,-0.000650816,0.0008701092,0.0006591877,0.00030919226,0.00039781723,-0.0006407675,0.0010124204,-0.00034203535,-4.25827e-05,0.0005241944,0.0006042982,0.0010436584,0.00019310584,0.00017743427,0.0022841955,5.623563e-05,-0.00021714119,-9.056976e-05,0.0001216481,-5.2303425e-05,-9.2892784e-05,0.000149823,1.3147486e-06,-8.257797e-05,6.3905e-06,0.00010710008,1.1297838e-05,3.8627877e-05,0.00015358484,2.5747746e-05,3.5181518e-05,3.92301e-05,1.7100092e-05,0.00010835676,-9.1862485e-06,3.4189805e-05,6.458991e-05,5.60756e-05,-4.7131085e-05,-8.087585e-05,-4.8975613e-05,-5.1642968e-05,1.2557498e-05,5.261577e-06,1.5562517e-05
20,-0.00073899375,-0.00042619463,-0.00063324644,-0.0009611852,0.0002756203,0.0014433123,0.000112989175,2.9550887e-05,-0.00010911038,-0.00018015732,0.00014245717,-1.1464847e-05,-9.997084e-05,0.00025842426,-5.685634e-05,0.00018824107,-0.0002200747,0.00054175744,0.00013344473,5.623563e-05,0.002760715,-4.4974033e-05,2.8436072e-05,-3.8690247e-05,9.134468e-05,0.00013517914,7.857957e-05,3.7640886e-05,-0.00010063544,5.429295e-05,0.00012362158,0.000109239365,1.875525e-05,-6.941916e-05,-7.761842e-05,3.1367235e-05,3.5775931e-06,-4.9092116e-05,-1.1899111e-05,4.7348665e-05,9.340298e-06,2.8128648e-05,-3.649951e-05,-1.2456023e-05,-1.1431595e-05,-2.608451e-05,4.5384346e-05,-2.7002408e-05,-4.7940026e-05,1.0319422e-05
21,0.00351224,-0.00051336223,0.0005417896,0.00050835626,-8.602168e-05,-0.000117583695,0.0023290277,0.00036667043,0.00046234112,0.0005884095,-0.0006167308,0.00029766042,0.00024914445,-0.0005253422,0.00014710394,-0.00022934245,6.598713e-05,-0.000111875896,-0.000116965944,-0.00021714119,-4.4974033e-05,0.0016742033,-6.1069077e-06,-5.747318e-06,0.00013087058,0.00012174195,-2.0035433e-05,-0.0001981505,8.316536e-05,0.00012959889,9.926836e-06,8.373715e-05,-4.6298164e-06,-8.211166e-05,-0.000112280206,-3.520645e-05,8.0350495e-05,7.515841e-05,0.00014866015,4.2762564e-05,6.937447e-07,3.540158e-05,3.16048e-05,-3.8636812e-05,-2.3037303e-05,-5.9424812e-05,1.8864886e-05,-8.9854075e-06,-2.5371144e-05,8.3319566e-05
22,0.0029005196,-1.542051e-05,-6.5327884e-05,0.000388305,2.4276946e-05,2.5906025e-05,0.0006322678,-0.000120946876,0.0005507852,0.00074602687,-7.34184e-05,5.3471686e-05,0.00025357323,0.00038907182,0.00069654576,-9.359965e-05,-0.00017485698,-2.9266552e-05,0.00035525573,-9.056976e-05,2.8436072e-05,-6.1069077e-06,0.001522114,0.00015900118,0.00032782252,0.00014373785,-0.00012883678,-1.6394633e-05,7.17889e-06,0.00014525726,4.613051e-05,-1.9095958e-05,-5.093277e-05,-1.0762638e-05,3.2458913e-05,-1.6734793e-06,-4.341558e-05,-2.505278e-05,3.4072502e-05,-0.000118588716,0.00010821765,-4.310049e-05,6.3408486e-05,4.2456406e-05,1.7285842e-05,4.8507216e-05,-4.68417e-05,2.1236752e-05,6.9140915e-06,-4.1842388e-05
23,0.00087566214,-0.0004204696,0.00038302748,0.0002549797,0.0002240212,8.0848775e-05,0.00052212336,0.00024802895,-0.0002816863,-0.0002437573,-2.809308e-05,8.862174e-05,-0.00017283385,-0.00023590514,-0.00033319148,4.919753e-05,-0.00018068025,4.508727e-05,0.00013801812,0.0001216481,-3.8690247e-05,-5.747318e-06,0.00015900118,0.0015792208,-2.3588647e-05,-3.1689728e-05,-6.961402e-05,7.618622e-05,0.00010377202,2.5426638e-05,-2.7912676e-05,0.00010235851,3.0118856e-05,-4.5509158e-05,5.1133084e-05,6.702359e-05,4.563247e-05,1.833911e-05,-2.5032685e-05,3.2936558e-05,-3.3484426e-05,-3.9774895e-05,1.8205588e-05,1.7900307e-05,-1.18368935e-05,-3.362434e-05,2.4009465e-05,-6.23077e-06,-2.43428e-06,8.469826e-06
24,-0.0027351659,0.00028866454,-0.00010101268,-0.00026906392,-7.636088e-06,-1.4687718e-06,-0.001073454,2.3065224e-05,-0.00034083927,-0.0005869763,0.00032943353,-2.0110961e-05,-0.00022864473,-0.00028450572,-0.00024380448,4.3277927e-05,0.00023809006,-0.00014020996,-0.00012806845,-5.2303425e-05,9.134468e-05,0.00013087058,0.00032782252,-2.3588647e-05,0.0012015578,-0.00021822154,9.0332316e-05,5.7736783e-05,2.8649443e-05,-0.00016333257,1.946832e-05,-2.7643217e-05,3.9062775e-06,5.420811e-05,2.5751213e-05,-1.49608495e-05,4.917825e-06,1.8677354e-06,-3.3451522e-07,4.5962835e-05,-1.4111677e-07,3.474905e-05,-1.556874e-05,-1.4160495e-06,-7.5417843e-06,1.1771666e-05,-7.560521e-06,-1.25605e-05,3.0942704e-06,1.3062278e-05
25,-0.00044584184,-0.00012522661,-7.56481e-05,-7.6132186e-05,0.00013017686,0.0005626016,-6.099262e-05,0.00025357882,-0.00028033197,-0.00033525308,0.000179105,0.00015092165,-0.00016212338,-0.00037902777,-6.369203e-05,0.00011039479,0.0001971033,-0.0001839356,4.7723115e-05,-9.2892784e-05,0.00013517914,0.00012174195,0.00014373785,-3.1689728e-05,-0.00021822154,0.001137194,1.4657027e-05,7.1607705e-05,8.6962405e-05,-0.00012949447,9.3350776e-05,-1.3335055e-05,-3.123208e-05,1.6657661e-05,8.650782e-05,-3.4993278e-05,-4.9716757e-05,2.3675353e-05,-3.7716813e-07,6.084554e-06,3.347038e-05,1.1327459e-06,2.362162e-05,2.6461983e-05,2.2250577e-05,5.5901073e-06,-2.0419313e-05,-4.4478096e-05,2.9686698e-06,-9.014062e-06
26,-0.0010564923,0.00040936028,8.778839e-05,4.3825203e-05,-9.536973e-05,-0.0002584742,-0.00019560293,1.8952202e-05,0.00011297678,-8.840451e-05,0.00018146519,-0.000168857,-0.00013247163,1.2771128e-05,2.7965202e-06,-9.681237e-05,-0.00015709177,-7.364098e-05,7.092758e-05,0.000149823,7.857957e-05,-2.0035433e-05,-0.00012883678,-6.961402e-05,9.0332316e-05,1.4657027e-05,0.0011534521,4.418477e-05,0.000121852456,0.000105614614,-5.1861985e-05,3.851717e-05,-9.169795e-06,-1.2860477e-05,2.6468024e-05,4.011244e-05,3.0166357e-05,7.240182e-05,-1.0646258e-05,-2.5983867e-05,-4.6491623e-06,-5.6903853e-05,5.0357216e-05,4.584661e-05,1.0368176e-05,-1.000571e-05,-1.2017525e-05,-9.0154845e-06,2.7313847e-05,-7.553829e-06
27,0.0017664037,0.0005594272,-0.00018240052,0.00015508218,0.00018424651,0.00012213943,0.00024866717,-2.7103299e-05,0.0004594978,0.00034729522,-3.9838e-05,-0.00027408014,0.00020284302,-0.0001286123,0.00029078894,-0.0003189717,0.00010508368,-0.0002534312,-0.00017886516,1.3147486e-06,3.7640886e-05,-0.0001981505,-1.6394633e-05,7.618622e-05,5.7736783e-05,7.1607705e-05,4.418477e-05,0.0009915661,-5.8158792e-05,-4.875986e-05,-1.3321164e-05,-2.0799309e-05,1.5303684e-05,-9.699204e-05,-3.7659236e-05,-2.5504149e-05,-4.548679e-05,-1.3140676e-05,3.8201557e-05,-9.722223e-06,-1.8188312e-05,6.4314318e-06,8.305689e-06,-5.9331203e-05,-1.5465968e-05,-1.2113125e-05,3.3587545e-05,1.2819434e-05,-3.3100928e-06,1.1505623e-05
28,0.00026516535,0.0003069729,-0.00012075894,-0.0006585531,0.00040482194,0.0009966933,-0.00015292497,-0.00030894467,9.227285e-05,0.00028004823,-0.0001351102,-0.00016644632,0.0002634736,0.00047885248,5.40549e-05,0.00015229022,7.304417e-05,0.00030764664,-0.00025511108,-8.257797e-05,-0.00010063544,8.316536e-05,7.17889e-06,0.00010377202,2.8649443e-05,8.6962405e-05,0.000121852456,-5.8158792e-05,0.0008517744,-1.3611256e-05,4.0958126e-05,-5.5986697e-05,7.281749e-05,2.1381185e-05,-3.5135316e-05,3.190332e-05,-2.6170459e-05,-7.0659386e-05,1.7142147e-05,-2.821396e-05,-4.347987e-05,3.6014913e-05,-2.9882285e-05,-1.0434752e-05,-3.9073297e-05,4.8299706e-05,2.2477475e-06,2.1035481e-05,-9.5134965e-06,-2.0314714e-05
29,0.00012387033,-0.0002923875,-0.00028267116,-0.00017197133,0.00020482566,0.00020696425,0.000249393,0.00012572564,-0.00018914767,1.0812083e-05,-4.6981935e-05,2.26477e-05,9.669549e-05,-0.00022618828,-5.507763e-05,-1.3192207e-05,8.862598e-05,-0.00016866524,-3.2956486e-05,6.3905e-06,5.429295e-05,0.00012959889,0.00014525726,2.5426638e-05,-0.00016333257,-0.00012949447,0.000105614614,-4.875986e-05,-1.3611256e-05,0.00074531307,5.5965284e-05,-4.1971805e-05,2.0297492e-05,-7.0956106e-05,5.8531423e-05,-1.2192111e-05,-6.630631e-05,-3.14201e-05,-1.5805119e-05,2.9087427e-05,1.7188966e-05,6.968954e-06,6.16694e-07,-4.6196677e-05,-7.989889e-06,2.6000585e-05,2.9014223e-05,1.6833332e-05,1.2313571e-05,2.5867375e-06
30,0.00022563778,0.0003008069,-7.287825e-05,0.00013349947,-7.327897e-05,-0.00015380763,-0.00011863409,-0.00020192216,3.1030457e-05,8.837389e-05,-0.00013361964,-8.5711144e-05,4.9199174e-05,8.042485e-06,-0.000207148,-0.00020555627,-4.997361e-05,-0.00021577468,-0.00012921466,0.00010710008,0.00012362158,9.926836e-06,4.613051e-05,-2.7912676e-05,1.946832e-05,9.3350776e-05,-5.1861985e-05,-1.3321164e-05,4.0958126e-05,5.5965284e-05,0.0006619842,-4.8897382e-05,1.2442906e-05,8.0768485e-05,-1.3874984e-05,3.641849e-05,8.0594065e-05,1.3064952e-05,-1.809143e-05,-1.4663595e-05,-5.658374e-05,-1.6597356e-05,-1.6849232e-05,1.4784431e-06,-1.5004325e-06,1.0084075e-06,-1.3164293e-05,4.816363e-05,3.330091e-05,-8.735724e-06
31,4.697065e-05,-0.00013133153,-6.772851e-05,-0.000105858984,0.00020121245,0.00034083147,0.0002525939,-0.00017638574,-2.1657108e-05,0.00027430017,-0.00023585727,1.8637442e-05,0.00025562174,7.415244e-05,-9.375306e-06,-3.791919e-05,3.7473474e-05,-0.0001541593,-0.00016606232,1.1297838e-05,0.000109239365,8.373715e-05,-1.9095958e-05,0.00010235851,-2.7643217e-05,-1.3335055e-05,3.851717e-05,-2.0799309e-05,-5.5986697e-05,-4.1971805e-05,-4.8897382e-05,0.00064620504,-5.261014e-06,5.4596603e-05,-1.0152862e-05,-4.636681e-05,-2.6289641e-05,-3.5158596e-06,-4.010659e-06,-2.3093282e-05,-1.8280101e-05,1.5125122e-05,-3.2363805e-05,-1.5084611e-06,1.6441138e-05,2.695185e-05,-2.8846945e-05,1.3549397e-05,1.44490095e-05,-2.6397054e-05
32,0.00015451675,-7.0327274e-05,-0.00024383463,-0.00019237466,1.05267245e-05,0.0002914928,-1.653982e-05,-2.2408061e-05,-2.6684751e-05,-5.8837286e-05,0.00010800329,6.547553e-05,-1.4398826e-05,-8.8240675e-05,2.0003648e-05,-4.1269857e-05,-4.5781508e-05,-3.3009346e-05,5.0124363e-05,3.8627877e-05,1.875525e-05,-4.6298164e-06,-5.093277e-05,3.0118856e-05,3.9062775e-06,-3.123208e-05,-9.169795e-06,1.5303684e-05,7.281749e-05,2.0297492e-05,1.2442906e-05,-5.261014e-06,0.000647823,3.190639e-05,-1.209183e-05,-7.3463685e-05,-1.4499663e-05,-6.911443e-06,5.982477e-06,-1.4553642e-05,6.443939e-05,1.1488604e-05,-2.1592796e-05,1.3026291e-05,4.6585697e-05,3.4817962e-09,-4.567013e-06,-3.673441e-05,-1.1659556e-05,8.478053e-06
33,0.0014884059,-0.00025658088,0.00017646662,0.0005734579,-0.0002459963,-0.00067808945,0.00075425114,0.00019580964,8.15456e-05,0.00016969367,-0.00010293652,-9.318085e-05,0.00012599288,-0.00015423163,7.874181e-05,-0.000106768784,-0.00017151609,-2.2526416e-05,9.251232e-05,0.00015358484,-6.941916e-05,-8.211166e-05,-1.0762638e-05,-4.5509158e-05,5.420811e-05,1.6657661e-05,-1.2860477e-05,-9.699204e-05,2.1381185e-05,-7.0956106e-05,8.0768485e-05,5.4596603e-05,3.190639e-05,0.0004490967,1.597353e-05,1.6959119e-05,-5.499189e-05,4.165474e-06,-3.600357e-06,1.6510487e-05,-2.1914408e-07,-2.5440537e-05,2.792562e-05,-3.2805725e-05,-6.4351657e-06,-2.0872916e-05,5.591398e-05,-1.2759074e-06,-9.698287e-06,9.66259e-06
34,-0.0005688368,0.00035529135,-0.00024520035,-0.00023229235,-5.3103773e-05,0.00022130899,-0.0004959757,-0.00022075091,0.000101608384,-0.00010662747,0.0001464374,-9.91093e-05,-1.06308835e-05,0.00010344634,-5.3091626e-06,-0.0001221433,-4.8859678e-05,6.604838e-05,-0.000102208374,2.5747746e-05,-7.761842e-05,-0.000112280206,3.2458913e-05,5.1133084e-05,2.5751213e-05,8.650782e-05,2.6468024e-05,-3.7659236e-05,-3.5135316e-05,5.8531423e-05,-1.3874984e-05,-1.0152862e-05,-1.209183e-05,1.597353e-05,0.0004232909,-1.9174971e-05,3.969583e-05,6.600628e-06,4.505551e-05,1.612847e-05,-1.5820324e-06,4.541495e-05,-5.555518e-05,-3.487627e-06,9.96274e-07,-2.230752e-05,-9.17324e-06,-1.0208514e-05,-2.5520607e-05,7.5145904e-06
35,-3.6764664e-05,0.0001145529,7.812607e-05,9.359361e-05,-1.6910682e-05,-0.00013624148,-1.7413444e-05,-7.981225e-05,-1.1510477e-06,1.7448598e-05,-1.3310253e-05,-2.3326938e-06,0.00011012233,-8.911698e-05,6.145387e-05,-4.0971972e-05,5.905121e-06,-9.760089e-05,-7.1578645e-05,3.5181518e-05,3.1367235e-05,-3.520645e-05,-1.6734793e-06,6.702359e-05,-1.49608495e-05,-3.4993278e-05,4.011244e-05,-2.5504149e-05,3.190332e-05,-1.2192111e-05,3.641849e-05,-4.636681e-05,-7.3463685e-05,1.6959119e-05,-1.9174971e-05,0.00036441785,-4.772651e-05,-3.417991e-06,7.05956e-06,9.153287e-06,3.5585977e-05,3.1061973e-05,-3.203661e-05,-8.863393e-06,4.3148088e-05,5.955212e-06,-6.949311e-06,-1.504885e-05,-1.8415814e-05,1.6979822e-05
36,-0.00018871218,-9.873124e-05,-0.00015203457,-1.1134425e-05,-5.3333756e-06,9.694272e-05,0.00012341217,7.598619e-05,2.791969e-05,0.000109387955,-1.0203208e-05,-7.1494534e-05,9.399647e-05,1.4155093e-05,0.00016696134,4.309098e-05,3.0211624e-05,-3.7462472e-05,1.3746958e-05,3.92301e-05,3.5775931e-06,8.0350495e-05,-4.341558e-05,4.563247e-05,4.917825e-06,-4.9716757e-05,3.0166357e-05,-4.548679e-05,-2.6170459e-05,-6.630631e-05,8.0594065e-05,-2.6289641e-05,-1.4499663e-05,-5.499189e-05,3.969583e-05,-4.772651e-05,0.0003558985,-1.97474e-05,-3.971516e-05,-1.3506393e-05,5.805089e-06,-1.5069707e-05,8.873976e-06,-1.6735954e-05,2.2888958e-05,2.683276e-06,1.49146335e-05,-2.033096e-05,-3.8690664e-06,-2.2533404e-05
37,-2.5445213e-05,-0.0001797712,5.5219505e-05,-1.8590746e-06,-6.868446e-05,-0.00019299658,-7.7075514e-05,-0.00011727781,-7.069038e-05,7.544201e-05,-5.7646394e-06,3.647869e-05,0.00011709516,7.127199e-05,2.6950207e-05,2.5406964e-06,-5.5560224e-05,3.2067503e-05,4.3208092e-05,1.7100092e-05,-4.9092116e-05,7.515841e-05,-2.505278e-05,1.833911e-05,1.8677354e-06,2.3675353e-05,7.240182e-05,-1.3140676e-05,-7.0659386e-05,-3.14201e-05,1.3064952e-05,-3.5158596e-06,-6.911443e-06,4.165474e-06,6.600628e-06,-3.417991e-06,-1.97474e-05,0.000357057,-9.877944e-06,-9.749983e-06,2.3609375e-05,8.818179e-06,-2.7431273e-05,-9.1933725e-06,-7.0229e-06,3.3189433e-05,8.1033195e-06,4.4022436e-06,-2.6059133e-05,-3.222323e-06
38,-0.0005710884,0.00011102883,-0.00017173974,-0.00034849625,0.00014154396,0.00023495815,-0.00037273916,4.1383668e-05,-9.639688e-05,-0.00013249303,9.837169e-05,-0.00010070317,-0.000109864035,0.00012096825,-4.6298734e-05,0.000102285725,2.7110505e-06,5.211801e-05,3.4319364e-05,0.00010835676,-1.1899111e-05,0.00014866015,3.4072502e-05,-2.5032685e-05,-3.3451522e-07,-3.7716813e-07,-1.0646258e-05,3.8201557e-05,1.7142147e-05,-1.5805119e-05,-1.809143e-05,-4.010659e-06,5.982477e-06,-3.600357e-06,4.505551e-05,7.05956e-06,-3.971516e-05,-9.877944e-06,0.00032427843,1.9382715e-06,-3.2677828e-05,-3.4791552e-05,4.176287e-06,-1.109199e-05,1.0090939e-05,-5.148883e-06,1.870538e-05,-3.7244367e-06,1.4138292e-05,-1.4945879e-05
39,-7.419982e-05,3.6659767e-05,0.00010791,-0.00016406199,7.292688e-05,0.00016662391,9.7960095e-05,-5.227668e-05,0.00010052493,0.00017118981,-2.639712e-05,-9.222192e-06,7.454942e-05,8.964777e-05,0.000106186504,-1.8899853e-05,-2.4875458e-06,-2.5025069e-05,2.2788407e-05,-9.1862485e-06,4.7348665e-05,4.2762564e-05,-0.000118588716,3.2936558e-05,4.5962835e-05,6.084554e-06,-2.5983867e-05,-9.722223e-06,-2.821396e-05,2.9087427e-05,-1.4663595e-05,-2.3093282e-05,-1.4553642e-05,1.6510487e-05,1.612847e-05,9.153287e-06,-1.3506393e-05,-9.749983e-06,1.9382715e-06,0.0003159873,1.0062707e-05,-1.3829813e-05,1.032002e-05,1.7529848e-05,7.519243e-06,1.1846645e-05,-1.1464641e-05,-6.880112e-06,7.2225057e-06,-2.241526e-05
40,0.00041672983,-7.561861e-05,-0.00016495274,3.6635065e-05,5.1031566e-05,-2.7244041e-05,0.00012533179,1.6170872e-05,-1.3595655e-05,5.293684e-05,-0.00017399166,-6.5558495e-05,3.2515265e-05,5.5485223e-05,-0.00011459837,3.3239266e-05,4.0881798e-05,1.5907069e-06,-0.00013273497,3.4189805e-05,9.340298e-06,6.937447e-07,0.00010821765,-3.3484426e-05,-1.4111677e-07,3.347038e-05,-4.6491623e-06,-1.8188312e-05,-4.347987e-05,1.7188966e-05,-5.658374e-05,-1.8280101e-05,6.443939e-05,-2.1914408e-07,-1.5820324e-06,3.5585977e-05,5.805089e-06,2.3609375e-05,-3.2677828e-05,1.0062707e-05,0.0002585239,-1.6435766e-05,1.7752011e-06,-1.1276084e-05,-1.6361164e-05,-1.8336583e-05,3.1687555e-06,1.2988217e-05,1.5778278e-05,-1.5671103e-05
41,0.0006433402,-6.6865694e-05,9.512894e-05,0.00010956908,-3.3904257e-06,-0.00021941584,0.00027210946,0.00010522186,1.6347394e-06,8.3490566e-05,-6.295609e-05,-1.0579593e-05,8.602004e-06,-1.0414475e-05,-1.2104883e-06,1.1818445e-05,-4.7064168e-05,-3.0897634e-05,5.176091e-05,6.458991e-05,2.8128648e-05,3.540158e-05,-4.310049e-05,-3.9774895e-05,3.474905e-05,1.1327459e-06,-5.6903853e-05,6.4314318e-06,3.6014913e-05,6.968954e-06,-1.6597356e-05,1.5125122e-05,1.1488604e-05,-2.5440537e-05,4.541495e-05,3.1061973e-05,-1.5069707e-05,8.818179e-06,-3.4791552e-05,-1.3829813e-05,-1.6435766e-05,0.00025436448,3.150146e-05,4.019802e-06,3.8085747e-07,-1.3614905e-06,7.7114855e-06,-2.5155482e-06,1.737024e-05,-1.1846147e-05
42,-0.00042604876,-7.0383336e-05,-2.2267952e-05,-0.00022933629,0.00012393735,0.00021485086,-0.00021815437,-0.00017555151,-0.00011990686,-7.951175e-05,2.7183261e-05,2.4529061e-05,3.9870767e-05,6.841945e-05,-0.00011262351,-1.871206e-05,-7.427574e-05,3.4580124e-05,-4.2441887e-05,5.60756e-05,-3.649951e-05,3.16048e-05,6.3408486e-05,1.8205588e-05,-1.556874e-05,2.362162e-05,5.0357216e-05,8.305689e-06,-2.9882285e-05,6.16694e-07,-1.6849232e-05,-3.2363805e-05,-2.1592796e-05,2.792562e-05,-5.555518e-05,-3.203661e-05,8.873976e-06,-2.7431273e-05,4.176287e-06,1.032002e-05,1.7752011e-06,3.150146e-05,0.00021683525,-1.4219038e-06,1.33904105e-05,-3.4364652e-06,-7.732448e-06,-8.441715e-06,-2.2904871e-05,-2.381121e-06
43,0.00016512527,6.1054285e-05,0.00018910803,0.00015280675,-4.1224903e-06,-0.00019621413,9.422465e-05,7.036931e-05,7.7227174e-05,7.928103e-05,-8.147248e-05,6.942722e-06,6.0942757e-06,-2.3482582e-05,5.4702472e-05,-3.1699633e-07,9.880342e-05,-1.581748e-05,-2.325526e-05,-4.7131085e-05,-1.2456023e-05,-3.8636812e-05,4.2456406e-05,1.7900307e-05,-1.4160495e-06,2.6461983e-05,4.584661e-05,-5.9331203e-05,-1.0434752e-05,-4.6196677e-05,1.4784431e-06,-1.5084611e-06,1.3026291e-05,-3.2805725e-05,-3.487627e-06,-8.863393e-06,-1.6735954e-05,-9.1933725e-06,-1.109199e-05,1.7529848e-05,-1.1276084e-05,4.019802e-06,-1.4219038e-06,0.00021668983,-1.1605492e-05,-1.0814465e-05,2.2857672e-05,1.5383393e-05,1.3417797e-06,1.6190366e-05
44,-0.00043365185,0.00016096243,-0.000118413824,-0.00010542112,3.356515e-05,0.0001403277,-0.00019729549,1.05079025e-05,7.940371e-05,-1.2580664e-05,5.0576833e-05,-4.8455946e-05,-6.631014e-05,4.7823167e-05,3.8279628e-05,1.06048665e-05,8.396045e-05,2.5987749e-05,-1.8362709e-05,-8.087585e-05,-1.1431595e-05,-2.3037303e-05,1.7285842e-05,-1.18368935e-05,-7.5417843e-06,2.2250577e-05,1.0368176e-05,-1.5465968e-05,-3.9073297e-05,-7.989889e-06,-1.5004325e-06,1.6441138e-05,4.6585697e-05,-6.4351657e-06,9.96274e-07,4.3148088e-05,2.2888958e-05,-7.0229e-06,1.0090939e-05,7.519243e-06,-1.6361164e-05,3.8085747e-07,1.33904105e-05,-1.1605492e-05,0.00020582438,3.9223487e-06,5.1856864e-06,2.0866471e-05,2.0227924e-06,9.446168e-06
45,-0.0001264859,-9.871648e-05,1.830497e-05,4.488392e-05,-9.105724e-05,-6.527862e-06,-5.239572e-05,0.00013454957,4.8173613e-05,-0.00011475804,4.0874256e-05,3.2578675e-05,-0.00016363748,-4.559078e-05,1.4917116e-05,2.0517562e-05,6.813074e-05,2.913305e-05,5.2506948e-05,-4.8975613e-05,-2.608451e-05,-5.9424812e-05,4.8507216e-05,-3.362434e-05,1.1771666e-05,5.5901073e-06,-1.000571e-05,-1.2113125e-05,4.8299706e-05,2.6000585e-05,1.0084075e-06,2.695185e-05,3.4817962e-09,-2.0872916e-05,-2.230752e-05,5.955212e-06,2.683276e-06,3.3189433e-05,-5.148883e-06,1.1846645e-05,-1.8336583e-05,-1.3614905e-06,-3.4364652e-06,-1.0814465e-05,3.9223487e-06,0.0001783464,8.674556e-06,-1.6139253e-05,-2.4644992e-06,-2.2309323e-06
46,-0.00016292572,-4.51465e-06,-7.068941e-05,-0.00018295256,0.00012461346,0.00030651398,-0.000115730494,-8.396924e-05,-8.722593e-06,-5.826089e-06,2.7800026e-05,5.532178e-05,5.4118664e-06,3.291686e-05,2.006748e-05,1.7196256e-06,2.445987e-05,-5.2574585e-05,-4.9827695e-06,-5.1642968e-05,4.5384346e-05,1.8864886e-05,-4.68417e-05,2.4009465e-05,-7.560521e-06,-2.0419313e-05,-1.2017525e-05,3.3587545e-05,2.2477475e-06,2.9014223e-05,-1.3164293e-05,-2.8846945e-05,-4.567013e-06,5.591398e-05,-9.17324e-06,-6.949311e-06,1.49146335e-05,8.1033195e-06,1.870538e-05,-1.1464641e-05,3.1687555e-06,7.7114855e-06,-7.732448e-06,2.2857672e-05,5.1856864e-06,8.674556e-06,0.00017168238,7.657123e-07,9.3596225e-07,-1.3314433e-05
47,0.00019677021,-0.00014140141,3.057041e-05,0.00018735835,-9.1649934e-05,-0.00029846106,1.7243685e-05,7.75395e-05,-7.306927e-05,-8.8354456e-05,3.838765e-05,6.3800035e-05,-3.197856e-05,-6.193261e-05,-1.4936595e-05,4.0145547e-05,-1.18176085e-05,4.586902e-05,1.204165e-05,1.2557498e-05,-2.7002408e-05,-8.9854075e-06,2.1236752e-05,-6.23077e-06,-1.25605e-05,-4.4478096e-05,-9.0154845e-06,1.2819434e-05,2.1035481e-05,1.6833332e-05,4.816363e-05,1.3549397e-05,-3.673441e-05,-1.2759074e-06,-1.0208514e-05,-1.504885e-05,-2.033096e-05,4.4022436e-06,-3.7244367e-06,-6.880112e-06,1.2988217e-05,-2.5155482e-06,-8.441715e-06,1.5383393e-05,2.0866471e-05,-1.6139253e-05,7.657123e-07,0.00013016927,-1.18539665e-05,-1.159601e-05
48,-0.00012172054,-3.9763596e-05,-1.0824619e-05,-4.631013e-05,-3.238562e-05,-1.6134352e-06,-7.115956e-05,-3.8233215e-05,-2.4040948e-05,-6.047509e-05,6.338958e-05,2.4273864e-05,1.3119768e-06,-1.2513536e-05,1.9164636e-05,-5.869241e-06,-4.084239e-05,3.6611236e-05,3.903952e-05,5.261577e-06,-4.7940026e-05,-2.5371144e-05,6.9140915e-06,-2.43428e-06,3.0942704e-06,2.9686698e-06,2.7313847e-05,-3.3100928e-06,-9.5134965e-06,1.2313571e-05,3.330091e-05,1.44490095e-05,-1.1659556e-05,-9.698287e-06,-2.5520607e-05,-1.8415814e-05,-3.8690664e-06,-2.6059133e-05,1.4138292e-05,7.2225057e-06,1.5778278e-05,1.737024e-05,-2.2904871e-05,1.3417797e-06,2.0227924e-06,-2.4644992e-06,9.3596225e-07,-1.18539665e-05,0.0001483868,6.3435086e-06
49,-5.516752e-05,-0.00010811648,-2.7224514e-05,-0.0001527161,1.8146722e-05,0.00018759073,6.9593836e-05,-2.0246986e-05,-4.318573e-05,6.206571e-05,-4.5306457e-05,5.7354746e-06,4.634499e-05,6.937391e-05,1.402706e-05,1.42289555e-05,-3.681355e-05,-1.5362752e-05,2.0961083e-05,1.5562517e-05,1.0319422e-05,8.3319566e-05,-4.1842388e-05,8.469826e-06,1.3062278e-05,-9.014062e-06,-7.553829e-06,1.1505623e-05,-2.0314714e-05,2.5867375e-06,-8.735724e-06,-2.6397054e-05,8.478053e-06,9.66259e-06,7.5145904e-06,1.6979822e-05,-2.2533404e-05,-3.222323e-06,-1.4945879e-05,-2.241526e-05,-1.5671103e-05,-1.1846147e-05,-2.381121e-06,1.6190366e-05,9.446168e-06,-2.2309323e-06,-1.3314433e-05,-1.159601e-05,6.3435086e-06,0.00012216969
