,0,1,2,3,4,5,6,7,8,9,10,11,12,13,14,15,16,17,18,19,20,21,22,23,24,25,26,27,28,29,30,31,32,33,34,35,36,37,38,39,40,41,42,43,44,45,46,47,48,49
0,0.006699442,0.17882821,-0.026399449,0.008031674,0.035139397,0.0018647506,-0.0002497547,-0.00015816723,0.00038695452,-0.0001907582,-0.0002244775,-4.1003746e-05,1.8878641e-06,9.008758e-05,4.8643633e-05,6.2824274e-06,-5.444339e-05,-4.2678977e-05,-1.8667604e-05,5.6583893e-05,-6.564163e-07,-1.5767595e-05,-3.1253192e-05,-8.406483e-06,1.0879729e-05,1.9121621e-06,-3.4796067e-06,6.526479e-06,1.7362538e-05,3.8026933e-06,-1.270808e-05,-3.5529233e-06,-4.8197796e-07,3.7360696e-06,-1.9928452e-06,-1.1242917e-05,-1.197689e-05,2.6969824e-06,2.8275472e-06,5.6318895e-06,1.4251216e-05,5.8309156e-06,-3.952439e-06,1.6911892e-07,-1.0553567e-05,-2.2043334e-06,4.419905e-07,-1.1440369e-06,-6.6260895e-08,5.258592e-06
1,0.17882821,4.790676,-0.706935,0.41009697,0.94613016,0.047118276,-0.006550639,-0.00048779603,0.009280726,-0.0049575563,-0.006021604,-0.0012069836,-0.00018961892,0.002355577,0.0012509782,0.00013420229,-0.0014345878,-0.0010477591,-0.0005547569,0.0015836508,-2.581496e-05,-0.00041086774,-0.00084902596,-0.00016923633,0.00025242058,-2.7280428e-05,-7.928764e-05,0.00023824637,0.000488252,9.6959375e-05,-0.0003192395,-9.327619e-05,-7.455816e-06,0.000112398004,-5.2225507e-05,-0.00030201004,-0.00028973338,7.3579766e-05,0.000101737634,0.00016376501,0.0003971003,0.00021691408,-0.00012422238,1.27388985e-05,-0.0003372854,-3.4864526e-05,1.0223257e-05,-3.0498224e-05,-1.6307877e-06,0.00013971665
2,-0.026399449,-0.706935,0.10407393,-0.06493721,-0.13894361,-0.00691072,0.0011279669,1.9751125e-05,-0.0014385991,0.00074819,0.00088858895,0.00017244651,2.8615854e-05,-0.0003548034,-0.00019489019,-1.8670791e-05,0.00021560176,0.00016045492,6.360703e-05,-0.0002247282,1.3800902e-06,6.160209e-05,0.00012425658,2.7229114e-05,-3.597289e-05,-3.3546442e-06,1.7088665e-05,-3.5273068e-05,-6.795137e-05,-1.9879775e-05,4.881286e-05,1.4447616e-05,1.3213389e-06,-1.68156e-05,7.865963e-06,4.5149776e-05,4.2723284e-05,-1.0203376e-05,-1.2635677e-05,-2.3069155e-05,-5.656448e-05,-3.1050567e-05,1.34976235e-05,-1.313624e-06,4.730138e-05,1.1621491e-05,-1.5764285e-06,4.7622425e-06,2.3271127e-06,-2.0866175e-05
3,0.008031674,0.41009697,-0.06493721,1.9989808,0.15301499,-0.025225285,0.005898404,0.03873826,-0.013016887,0.0017307033,-0.00060146395,-0.0014458932,-0.0025837477,-0.0006419266,-0.0007703232,-0.0003210201,0.00025460846,0.0011190192,-0.0011964353,0.001140947,-0.00016539413,0.00011890101,-0.00023111448,0.00065752387,-0.0003597261,-0.0010743404,0.00030857744,0.0006997512,0.0004165669,-0.00021558003,0.000253309,3.3489905e-05,6.4910586e-05,0.00013517764,1.2926371e-05,-1.6777405e-05,0.00030940422,4.0699822e-05,0.00036157484,0.0001865152,0.00026140758,0.000701833,-0.00035646616,0.0001068721,-0.0006923404,0.00045626963,-1.8625906e-05,7.0337537e-06,6.5437016e-05,-8.140785e-06
4,0.035139397,0.94613016,-0.13894361,0.15301499,0.18676542,0.008309805,-0.0016327063,0.0012110269,0.001654431,-0.0009703946,-0.0011917923,-0.00025917304,-0.00011476071,0.00046408165,0.0002550457,1.3051815e-05,-0.00028505787,-0.00019064048,-8.3449064e-05,0.00031287214,-1.9251088e-06,-7.981386e-05,-0.0001689482,-2.111863e-05,3.4501063e-05,-1.2632598e-05,-2.406328e-05,6.73395e-05,9.3991315e-05,3.083452e-05,-6.0405684e-05,-1.9443843e-05,-2.7583883e-07,2.6628926e-05,-1.03261755e-05,-6.1290855e-05,-4.7325702e-05,1.3396713e-05,2.2648e-05,3.3805652e-05,7.842972e-05,5.9722115e-05,-1.8840165e-05,3.761434e-06,-7.7964534e-05,-1.463682e-05,1.669747e-06,-6.5978275e-06,-5.2327277e-06,2.7819337e-05
5,0.0018647506,0.047118276,-0.00691072,-0.025225285,0.008309805,0.00089715386,-0.00014437319,-0.00057931326,0.00028777006,-7.887779e-05,-5.7960584e-05,7.326868e-06,3.5910605e-05,3.489309e-05,2.4240115e-05,6.309382e-06,-1.9292149e-05,-2.752003e-05,9.731105e-06,1.6368945e-06,1.9183003e-06,-6.2143213e-06,-6.1184774e-06,-1.1327443e-05,8.202581e-06,1.4795958e-05,-4.913501e-06,-7.647256e-06,-3.2375783e-07,3.726417e-06,-7.1045743e-06,-1.4633896e-06,-1.0157655e-06,-7.60199e-07,-7.544673e-07,-3.0496558e-06,-7.762025e-06,2.7894106e-07,-3.9628144e-06,-8.217023e-07,7.5325875e-07,-7.814961e-06,3.410893e-06,-1.3762038e-06,6.20024e-06,-6.489537e-06,3.807382e-07,-4.1739767e-07,-7.8613436e-07,1.6464027e-06
6,-0.0002497547,-0.006550639,0.0011279669,0.005898404,-0.0016327063,-0.00014437319,-9.1216905e-05,0.00010399859,1.1052238e-05,-9.639225e-07,8.076225e-06,3.2303055e-06,-4.632799e-06,2.8876138e-07,3.8716084e-06,-1.542353e-06,-8.116422e-08,-5.04328e-07,1.1369313e-05,-6.6095545e-06,1.4294278e-06,1.5767276e-07,1.5970561e-06,-1.6028025e-07,-1.8872629e-06,3.2731077e-06,-3.0648607e-06,9.329567e-07,-2.8464174e-06,3.3260048e-06,-2.5334572e-07,-2.7228958e-07,-2.8761804e-08,2.2263544e-07,-8.4058165e-09,2.5680093e-08,9.974383e-07,-4.9274945e-07,-1.1682481e-06,-6.819329e-07,-1.5524977e-06,2.2698237e-07,2.9068515e-06,-2.2482897e-07,1.0156476e-06,-3.6272565e-06,-9.728325e-10,-1.2230063e-07,-1.3245219e-06,-5.405938e-08
7,-0.00015816723,-0.00048779603,1.9751125e-05,0.03873826,0.0012110269,-0.00057931326,0.00010399859,0.00076099695,-0.0002598785,4.0102786e-05,-1.0600011e-06,-2.5192683e-05,-4.9972114e-05,-1.5644291e-05,-1.5764506e-05,-6.632498e-06,6.9437747e-06,2.2795544e-05,-1.9761555e-05,1.8145885e-05,-2.8346358e-06,2.9025957e-06,-2.8512159e-06,1.27683015e-05,-7.6132073e-06,-1.9817247e-05,5.3957524e-06,1.3196195e-05,6.670406e-06,-3.5941362e-06,5.2524865e-06,7.2153824e-07,1.2443654e-06,2.4605658e-06,3.2152144e-07,1.2677418e-07,6.52966e-06,5.7104364e-07,6.5208615e-06,3.1850655e-06,4.0997415e-06,1.31263605e-05,-6.0436823e-06,1.9767867e-06,-1.2521163e-05,8.038127e-06,-3.7073642e-07,1.5451766e-07,9.874676e-07,-3.70649e-07
8,0.00038695452,0.009280726,-0.0014385991,-0.013016887,0.001654431,0.00028777006,1.1052238e-05,-0.0002598785,7.570759e-05,-1.6311491e-05,-1.1131935e-05,3.6881838e-06,1.5665526e-05,6.916028e-06,3.7701218e-06,2.7495087e-06,-3.5625574e-06,-7.1621566e-06,-1.1917866e-06,4.127496e-07,-2.3174493e-09,-1.3606023e-06,-1.0758381e-06,-3.5716776e-06,3.3348226e-06,3.6343818e-06,2.7114538e-08,-3.7603647e-06,2.535786e-07,-6.273874e-07,-1.6732814e-06,-1.6689916e-07,-3.304229e-07,-6.4438973e-07,-1.4545715e-07,-4.1127007e-07,-2.628002e-06,1.8845236e-07,-1.037108e-06,-3.1175898e-07,1.7111856e-07,-3.4030668e-06,-1.5645242e-08,-4.0290274e-07,2.4536218e-06,-3.433869e-07,1.13003225e-07,-1.5412446e-08,4.1433108e-07,2.963326e-07
9,-0.0001907582,-0.0049575563,0.00074819,0.0017307033,-0.0009703946,-7.887779e-05,-9.639225e-07,4.0102786e-05,-1.6311491e-05,5.683635e-06,6.152299e-06,5.080796e-07,-2.1873582e-06,-2.595745e-06,-1.2230644e-06,-5.3615724e-07,1.4975817e-06,1.6884702e-06,1.0709105e-06,-1.4822806e-06,8.348698e-08,4.829932e-07,8.216604e-07,5.947569e-07,-7.148431e-07,-3.2224239e-07,-8.6178765e-08,3.797821e-07,-5.106921e-07,1.6638003e-07,4.413139e-07,7.653818e-08,4.8554632e-08,1.6993432e-08,5.639715e-08,2.7153874e-07,6.057512e-07,-1.00110924e-07,1.4476032e-08,-1.0542037e-07,-3.7604627e-07,3.1478066e-07,2.2229372e-07,3.5067384e-08,-4.4766196e-08,-9.333159e-08,-2.2556161e-08,1.8237204e-08,-1.1475359e-07,-1.4183411e-07
10,-0.0002244775,-0.006021604,0.00088858895,-0.00060146395,-0.0011917923,-5.7960584e-05,8.076225e-06,-1.0600011e-06,-1.1131935e-05,6.152299e-06,7.5724515e-06,1.5697128e-06,3.4710226e-07,-2.9303724e-06,-1.5427253e-06,-1.5385093e-07,1.7900575e-06,1.2701462e-06,7.3276163e-07,-2.0265861e-06,3.7601282e-08,5.106307e-07,1.0731276e-06,1.8597896e-07,-3.002831e-07,7.425428e-08,9.01953e-08,-3.282037e-07,-6.2659603e-07,-1.163974e-07,3.906414e-07,1.1598008e-07,6.763915e-09,-1.4673824e-07,6.502408e-08,3.7964242e-07,3.500577e-07,-9.347062e-08,-1.410703e-07,-2.1233865e-07,-5.0727726e-07,-3.007895e-07,1.6728639e-07,-2.0071164e-08,4.5017754e-07,2.9062976e-08,-1.2075731e-08,3.8114173e-08,7.6979667e-10,-1.7494527e-07
11,-4.1003746e-05,-0.0012069836,0.00017244651,-0.0014458932,-0.00025917304,7.326868e-06,3.2303055e-06,-2.5192683e-05,3.6881838e-06,5.080796e-07,1.5697128e-06,9.258579e-07,1.6275953e-06,-3.2709357e-07,-1.3349495e-07,2.0659958e-07,2.6559124e-07,-2.7038374e-07,2.1466923e-07,-7.0357135e-07,2.2717703e-08,4.3165592e-08,2.7495196e-07,-2.8828876e-07,2.1131389e-07,4.0584462e-07,1.2295985e-08,-4.7627765e-07,-2.1076364e-07,-7.8521026e-08,-3.1778804e-08,2.1626482e-08,-3.0363516e-08,-1.12343784e-07,8.031527e-09,9.0483056e-08,-1.3089016e-07,-1.7105005e-08,-1.5873593e-07,-1.0855277e-07,-1.6873157e-07,-4.366388e-07,7.640114e-08,-4.8103594e-08,4.0341388e-07,-4.9123138e-08,6.946485e-09,1.07553575e-08,3.1745504e-08,-3.148798e-08
12,1.8878641e-06,-0.00018961892,2.8615854e-05,-0.0025837477,-0.00011476071,3.5910605e-05,-4.632799e-06,-4.9972114e-05,1.5665526e-05,-2.1873582e-06,3.4710226e-07,1.6275953e-06,3.2602666e-06,8.257638e-07,8.4983344e-07,4.3716042e-07,-3.405525e-07,-1.3657784e-06,1.1030475e-06,-1.150317e-06,1.57872e-07,-1.5851735e-07,2.1273289e-07,-7.957433e-07,4.969782e-07,1.204759e-06,-2.8597032e-07,-8.6905607e-07,-4.0947967e-07,1.6612225e-07,-3.0707182e-07,-3.484154e-08,-7.7954134e-08,-1.6752567e-07,-1.6667878e-08,1.2292915e-08,-4.108956e-07,-3.3103895e-08,-4.012875e-07,-2.0199951e-07,-2.6161288e-07,-8.514359e-07,3.436906e-07,-1.2255256e-07,8.006822e-07,-4.4732158e-07,2.2833389e-08,-5.675348e-09,-4.0540144e-08,1.48071555e-08
13,9.008758e-05,0.002355577,-0.0003548034,-0.0006419266,0.00046408165,3.489309e-05,2.8876138e-07,-1.5644291e-05,6.916028e-06,-2.595745e-06,-2.9303724e-06,-3.2709357e-07,8.257638e-07,1.1953401e-06,5.5372004e-07,2.2254211e-07,-6.9753e-07,-7.283704e-07,-5.2401117e-07,7.47983e-07,-4.253235e-08,-2.2106082e-07,-3.9895386e-07,-2.3720517e-07,3.0281663e-07,9.7100944e-08,4.347306e-08,-1.2417075e-07,2.5565666e-07,-7.327417e-08,-1.9403915e-07,-3.5925023e-08,-1.8647698e-08,3.2300225e-09,-2.6059563e-08,-1.3080759e-07,-2.602472e-07,4.7554266e-08,1.1784919e-08,5.9496895e-08,1.8853109e-07,-9.762449e-08,-1.1305782e-07,-1.0432391e-08,-2.249168e-08,5.3967078e-08,9.4105825e-09,-9.008718e-09,5.0861352e-08,6.682138e-08
14,4.8643633e-05,0.0012509782,-0.00019489019,-0.0007703232,0.0002550457,2.4240115e-05,3.8716084e-06,-1.5764506e-05,3.7701218e-06,-1.2230644e-06,-1.5427253e-06,-1.3349495e-07,8.4983344e-07,5.5372004e-07,1.2809826e-07,2.0209832e-07,-3.1419071e-07,-4.0127566e-07,-6.351038e-07,5.0491246e-07,-6.8495055e-08,-1.1259822e-07,-2.1767725e-07,-1.6296676e-07,2.5636396e-07,2.5297453e-10,1.3204792e-07,-1.7326215e-07,1.9797662e-07,-1.6721965e-07,-9.6258674e-08,-5.488217e-09,-1.347998e-08,-2.4190667e-08,-1.185291e-08,-5.3826454e-08,-1.9024553e-07,3.9083666e-08,2.1629367e-08,3.7205986e-08,1.2466082e-07,-1.2841171e-07,-1.4813938e-07,-5.2046607e-09,1.7490954e-08,1.4735372e-07,6.0019216e-09,1.3773125e-09,7.7848554e-08,3.130009e-08
15,6.2824274e-06,0.00013420229,-1.8670791e-05,-0.0003210201,1.3051815e-05,6.309382e-06,-1.542353e-06,-6.632498e-06,2.7495087e-06,-5.3615724e-07,-1.5385093e-07,2.0659958e-07,4.3716042e-07,2.2254211e-07,2.0209832e-07,5.94778e-08,-1.1126225e-07,-2.4691627e-07,2.1042376e-07,-1.4279149e-07,3.1123776e-08,-3.9585903e-08,5.1320646e-09,-1.2420443e-07,7.100677e-08,1.9551001e-07,-6.4813946e-08,-1.10480705e-07,-5.7227922e-08,4.978547e-08,-5.9981495e-08,-1.0806539e-08,-1.1863136e-08,-1.818956e-08,-4.7078874e-09,-1.0908101e-08,-6.5789344e-08,-4.8670987e-09,-6.167786e-08,-2.6858e-08,-3.121916e-08,-1.1337393e-07,6.3537314e-08,-1.8766361e-08,1.0886275e-07,-9.006134e-08,3.7566754e-09,-2.9148401e-09,-1.4517999e-08,7.760918e-09
16,-5.444339e-05,-0.0014345878,0.00021560176,0.00025460846,-0.00028505787,-1.9292149e-05,-8.116422e-08,6.9437747e-06,-3.5625574e-06,1.4975817e-06,1.7900575e-06,2.6559124e-07,-3.405525e-07,-6.9753e-07,-3.1419071e-07,-1.1126225e-07,4.13297e-07,3.8612546e-07,3.3452912e-07,-4.9066074e-07,2.8594844e-08,1.2800825e-07,2.4968722e-07,1.0944813e-07,-1.5665984e-07,-1.4960259e-08,-2.9535496e-08,3.282398e-08,-1.6645745e-07,4.140354e-08,1.05905265e-07,2.1398325e-08,7.944831e-09,-1.0519654e-08,1.5275955e-08,8.089992e-08,1.3752104e-07,-2.9089428e-08,-2.187934e-08,-4.3623324e-08,-1.2274513e-07,1.9731399e-08,7.553221e-08,1.4938957e-09,4.7516316e-08,-4.155488e-08,-4.7224784e-09,5.692399e-09,-2.8628593e-08,-4.020839e-08
17,-4.2678977e-05,-0.0010477591,0.00016045492,0.0011190192,-0.00019064048,-2.752003e-05,-5.04328e-07,2.2795544e-05,-7.1621566e-06,1.6884702e-06,1.2701462e-06,-2.7038374e-07,-1.3657784e-06,-7.283704e-07,-4.0127566e-07,-2.4691627e-07,3.8612546e-07,6.8517636e-07,1.1488578e-07,-1.049972e-07,-7.675176e-10,1.4033242e-07,1.347876e-07,3.2391733e-07,-3.0392678e-07,-3.2456748e-07,6.4093015e-09,3.1850885e-07,-4.2241712e-08,4.5273325e-08,1.6400581e-07,1.9814536e-08,2.9579077e-08,5.0910373e-08,1.5456582e-08,5.132574e-08,2.4481497e-07,-1.9524254e-08,8.8300936e-08,2.0421133e-08,-3.246176e-08,2.891561e-07,2.9829863e-09,3.5278127e-08,-2.0132119e-07,3.778063e-08,-1.0481708e-08,3.075404e-09,-3.4391235e-08,-3.3038972e-08
18,-1.8667604e-05,-0.0005547569,6.360703e-05,-0.0011964353,-8.3449064e-05,9.731105e-06,1.1369313e-05,-1.9761555e-05,-1.1917866e-06,1.0709105e-06,7.3276163e-07,2.1466923e-07,1.1030475e-06,-5.2401117e-07,-6.351038e-07,2.1042376e-07,3.3452912e-07,1.1488578e-07,-9.689359e-07,1.4699552e-07,-1.3037072e-07,6.5390545e-08,7.756568e-08,-6.51943e-08,2.2798653e-07,-1.7101341e-07,3.2367987e-07,-3.0941067e-07,1.2850091e-07,-3.7740153e-07,6.393053e-08,5.0088648e-08,-7.318336e-09,-8.2130185e-08,1.2110261e-08,7.909817e-08,-1.0296141e-07,3.1236038e-08,4.1286597e-08,1.6352253e-09,2.9253089e-08,-2.2057934e-07,-2.4245935e-07,2.4514826e-09,1.0289172e-07,3.4989316e-07,1.0823835e-09,2.1085045e-08,1.4462202e-07,-2.8488838e-08
19,5.6583893e-05,0.0015836508,-0.0002247282,0.001140947,0.00031287214,1.6368945e-06,-6.6095545e-06,1.8145885e-05,4.127496e-07,-1.4822806e-06,-2.0265861e-06,-7.0357135e-07,-1.150317e-06,7.47983e-07,5.0491246e-07,-1.4279149e-07,-4.9066074e-07,-1.049972e-07,1.4699552e-07,5.4342263e-07,3.118246e-08,-1.1509135e-07,-3.0066693e-07,1.2198774e-07,-1.3015539e-07,-1.2618588e-07,-1.3354314e-07,3.642628e-07,1.3549128e-07,1.8522456e-07,-6.4821265e-08,-4.3833182e-08,1.4843129e-08,9.909414e-08,-1.7105748e-08,-1.2181684e-07,4.35296e-08,9.679457e-09,7.4495446e-08,7.698969e-08,1.3550181e-07,3.114627e-07,2.9217757e-08,2.291521e-08,-2.7645862e-07,-1.07429344e-07,-1.6792271e-09,-1.7638545e-08,-6.543e-08,4.8860446e-08
20,-6.564163e-07,-2.581496e-05,1.3800902e-06,-0.00016539413,-1.9251088e-06,1.9183003e-06,1.4294278e-06,-2.8346358e-06,-2.3174493e-09,8.348698e-08,3.7601282e-08,2.2717703e-08,1.57872e-07,-4.253235e-08,-6.8495055e-08,3.1123776e-08,2.8594844e-08,-7.675176e-10,-1.3037072e-07,3.118246e-08,-1.7006403e-08,3.896808e-09,2.5179598e-09,-1.3550634e-08,3.4904417e-08,-1.8302726e-08,4.117978e-08,-4.221816e-08,2.0477785e-08,-4.862892e-08,4.0498835e-09,5.583912e-09,-1.3585837e-09,-1.0456041e-08,1.0150536e-09,7.506647e-09,-1.8290585e-08,4.7802287e-09,4.9526667e-09,1.0897119e-09,6.9117245e-09,-3.053298e-08,-3.2207105e-08,-2.7368996e-11,1.3428679e-08,4.4487507e-08,3.3852365e-10,2.4754279e-09,1.9088201e-08,-2.312357e-09
21,-1.5767595e-05,-0.00041086774,6.160209e-05,0.00011890101,-7.981386e-05,-6.2143213e-06,1.5767276e-07,2.9025957e-06,-1.3606023e-06,4.829932e-07,5.106307e-07,4.3165592e-08,-1.5851735e-07,-2.2106082e-07,-1.1259822e-07,-3.9585903e-08,1.2800825e-07,1.4033242e-07,6.5390545e-08,-1.1509135e-07,3.896808e-09,4.0491784e-08,6.75672e-08,4.7716284e-08,-5.3725472e-08,-3.10371e-08,-4.5751847e-11,2.5545368e-08,-3.806487e-08,5.590543e-09,3.7296395e-08,7.2306827e-09,3.8723655e-09,-6.420553e-11,4.815881e-09,2.3484322e-08,4.7332822e-08,-7.4022593e-09,2.5309048e-09,-8.204355e-09,-2.9400113e-08,2.207004e-08,1.2588096e-08,3.0403378e-09,-2.5943767e-09,1.1917667e-10,-1.82797e-09,1.9039763e-09,-6.2867604e-09,-1.2036022e-08
22,-3.1253192e-05,-0.00084902596,0.00012425658,-0.00023111448,-0.0001689482,-6.1184774e-06,1.5970561e-06,-2.8512159e-06,-1.0758381e-06,8.216604e-07,1.0731276e-06,2.7495196e-07,2.1273289e-07,-3.9895386e-07,-2.1767725e-07,5.1320646e-09,2.4968722e-07,1.347876e-07,7.756568e-08,-3.0066693e-07,2.5179598e-09,6.75672e-08,1.5570382e-07,-3.7089332e-09,-1.170136e-08,3.8012644e-08,2.1803665e-08,-8.933835e-08,-8.9870746e-08,-3.2193228e-08,4.6652076e-08,1.7412411e-08,-1.9600412e-09,-2.976021e-08,8.932492e-09,5.6079983e-08,2.8311415e-08,-1.1832011e-08,-2.9235029e-08,-3.4855937e-08,-7.486737e-08,-7.997607e-08,1.9370802e-08,-6.413611e-09,9.172629e-08,1.0008284e-08,-8.4675084e-10,6.1699783e-09,7.1585515e-09,-2.4740743e-08
23,-8.406483e-06,-0.00016923633,2.7229114e-05,0.00065752387,-2.111863e-05,-1.1327443e-05,-1.6028025e-07,1.27683015e-05,-3.5716776e-06,5.947569e-07,1.8597896e-07,-2.8828876e-07,-7.957433e-07,-2.3720517e-07,-1.6296676e-07,-1.2420443e-07,1.0944813e-07,3.2391733e-07,-6.51943e-08,1.2198774e-07,-1.3550634e-08,4.7716284e-08,-3.7089332e-09,1.8017359e-07,-1.4557408e-07,-2.20964e-07,2.0485665e-08,2.0314206e-07,3.788869e-08,9.8610045e-09,7.2744584e-08,5.9957803e-09,1.7238513e-08,3.8208043e-08,4.8613478e-09,4.835579e-09,1.1392552e-07,-1.6556507e-09,7.022762e-08,3.126815e-08,2.6128301e-08,1.892038e-07,-3.092385e-08,2.38467e-08,-1.5647083e-07,4.726158e-08,-5.3809677e-09,1.8335355e-10,-1.0556452e-08,-7.461684e-09
24,1.0879729e-05,0.00025242058,-3.597289e-05,-0.0003597261,3.4501063e-05,8.202581e-06,-1.8872629e-06,-7.6132073e-06,3.3348226e-06,-7.148431e-07,-3.002831e-07,2.1131389e-07,4.969782e-07,3.0281663e-07,2.5636396e-07,7.100677e-08,-1.5665984e-07,-3.0392678e-07,2.2798653e-07,-1.3015539e-07,3.4904417e-08,-5.3725472e-08,-1.170136e-08,-1.4557408e-07,8.6662666e-08,2.2275171e-07,-7.5397416e-08,-1.2167389e-07,-5.51341e-08,5.8527593e-08,-7.5137706e-08,-1.42395855e-08,-1.3724336e-08,-1.8544359e-08,-6.4547647e-09,-1.8664268e-08,-8.134107e-08,-4.00103e-09,-6.834918e-08,-2.7296904e-08,-2.7402194e-08,-1.2533042e-07,6.979356e-08,-2.118566e-08,1.1754581e-07,-1.0330802e-07,4.508194e-09,-3.943771e-09,-1.6476665e-08,1.1746352e-08
25,1.9121621e-06,-2.7280428e-05,-3.3546442e-06,-0.0010743404,-1.2632598e-05,1.4795958e-05,3.2731077e-06,-1.9817247e-05,3.6343818e-06,-3.2224239e-07,7.425428e-08,4.0584462e-07,1.204759e-06,9.7100944e-08,2.5297453e-10,1.9551001e-07,-1.4960259e-08,-3.2456748e-07,-1.7101341e-07,-1.2618588e-07,-1.8302726e-08,-3.10371e-08,3.8012644e-08,-2.20964e-07,2.2275171e-07,2.0877715e-07,6.27831e-08,-3.1785808e-07,-1.737672e-08,-1.1195408e-07,-6.155233e-08,7.754322e-09,-2.156285e-08,-6.713662e-08,-1.5676332e-09,1.999508e-08,-1.5305142e-07,8.941269e-09,-7.125369e-08,-3.7991818e-08,-2.8526731e-08,-2.7821497e-07,-2.627764e-08,-2.6889463e-08,2.1168562e-07,3.827755e-08,6.290576e-09,5.808688e-09,5.0109467e-08,-1.1334322e-09
26,-3.4796067e-06,-7.928764e-05,1.7088665e-05,0.00030857744,-2.406328e-05,-4.913501e-06,-3.0648607e-06,5.3957524e-06,2.7114538e-08,-8.6178765e-08,9.01953e-08,1.2295985e-08,-2.8597032e-07,4.347306e-08,1.3204792e-07,-6.4813946e-08,-2.9535496e-08,6.4093015e-09,3.2367987e-07,-1.3354314e-07,4.117978e-08,-4.5751847e-11,2.1803665e-08,2.0485665e-08,-7.5397416e-08,6.27831e-08,-9.40564e-08,7.131622e-08,-6.619895e-08,1.0791436e-07,-5.5818177e-09,-1.0391788e-08,1.8223525e-09,1.7031802e-08,-1.0940834e-09,-8.009348e-09,4.1195825e-08,-1.3215619e-08,-2.095359e-08,-1.0566977e-08,-3.0998585e-08,4.6357947e-08,8.0877626e-08,-2.4815021e-09,-6.060734e-09,-1.0549286e-07,-6.255274e-10,-4.7337574e-09,-4.293059e-08,1.5027087e-09
27,6.526479e-06,0.00023824637,-3.5273068e-05,0.0006997512,6.73395e-05,-7.647256e-06,9.329567e-07,1.3196195e-05,-3.7603647e-06,3.797821e-07,-3.282037e-07,-4.7627765e-07,-8.6905607e-07,-1.2417075e-07,-1.7326215e-07,-1.10480705e-07,3.282398e-08,3.1850885e-07,-3.0941067e-07,3.642628e-07,-4.221816e-08,2.5545368e-08,-8.933835e-08,2.0314206e-07,-1.2167389e-07,-3.1785808e-07,7.131622e-08,2.3901566e-07,1.2651195e-07,-3.8915488e-08,6.824315e-08,5.3994285e-09,2.0258867e-08,4.8728545e-08,2.3196949e-09,-1.523172e-08,9.720083e-08,1.1499241e-08,1.0952963e-07,5.9576102e-08,8.4294676e-08,2.3329612e-07,-9.467699e-08,3.2763833e-08,-2.2429458e-07,1.15466534e-07,-5.6176086e-09,2.468239e-10,1.0209256e-08,1.6268298e-09
28,1.7362538e-05,0.000488252,-6.795137e-05,0.0004165669,9.3991315e-05,-3.2375783e-07,-2.8464174e-06,6.670406e-06,2.535786e-07,-5.106921e-07,-6.2659603e-07,-2.1076364e-07,-4.0947967e-07,2.5565666e-07,1.9797662e-07,-5.7227922e-08,-1.6645745e-07,-4.2241712e-08,1.2850091e-07,1.3549128e-07,2.0477785e-08,-3.806487e-08,-8.9870746e-08,3.788869e-08,-5.51341e-08,-1.737672e-08,-6.619895e-08,1.2651195e-07,2.5431401e-08,8.502043e-08,-2.4297393e-08,-1.6658214e-08,4.597144e-09,3.4386378e-08,-5.852979e-09,-4.0767915e-08,2.0258396e-08,-1.3272539e-10,1.6184234e-08,2.0799924e-08,3.449068e-08,1.0406755e-07,3.020108e-08,5.8822685e-09,-8.409804e-08,-6.160399e-08,-5.120132e-10,-6.7669386e-09,-3.098883e-08,1.6109913e-08
29,3.8026933e-06,9.6959375e-05,-1.9879775e-05,-0.00021558003,3.083452e-05,3.726417e-06,3.3260048e-06,-3.5941362e-06,-6.273874e-07,1.6638003e-07,-1.163974e-07,-7.8521026e-08,1.6612225e-07,-7.327417e-08,-1.6721965e-07,4.978547e-08,4.140354e-08,4.5273325e-08,-3.7740153e-07,1.8522456e-07,-4.862892e-08,5.590543e-09,-3.2193228e-08,9.8610045e-09,5.8527593e-08,-1.1195408e-07,1.0791436e-07,-3.8915488e-08,8.502043e-08,-1.1744744e-07,1.7270365e-08,1.1910933e-08,1.1709957e-09,-1.0772993e-08,1.6942674e-09,7.2645054e-09,-2.6759846e-08,1.5024725e-08,3.7485698e-08,1.907502e-08,4.283168e-08,-1.3949865e-08,-9.694876e-08,7.3849398e-09,-2.5739087e-08,1.2609249e-07,-2.3529534e-10,5.0454085e-09,4.5781405e-08,-1.8976278e-09
30,-1.270808e-05,-0.0003192395,4.881286e-05,0.000253309,-6.0405684e-05,-7.1045743e-06,-2.5334572e-07,5.2524865e-06,-1.6732814e-06,4.413139e-07,3.906414e-07,-3.1778804e-08,-3.0707182e-07,-1.9403915e-07,-9.6258674e-08,-5.9981495e-08,1.05905265e-07,1.6400581e-07,6.393053e-08,-6.4821265e-08,4.0498835e-09,3.7296395e-08,4.6652076e-08,7.2744584e-08,-7.5137706e-08,-6.155233e-08,-5.5818177e-09,6.824315e-08,-2.4297393e-08,1.7270365e-08,3.9951424e-08,5.0191713e-09,6.4824413e-09,9.965413e-09,4.145876e-09,1.5881149e-08,6.045072e-08,-6.6992922e-09,1.4557537e-08,1.1644288e-10,-1.7310136e-08,6.0287036e-08,1.03251825e-08,6.8905237e-09,-3.598144e-08,-9.306511e-10,-2.4431814e-09,8.106025e-10,-1.1009586e-08,-9.484949e-09
31,-3.5529233e-06,-9.327619e-05,1.4447616e-05,3.3489905e-05,-1.9443843e-05,-1.4633896e-06,-2.7228958e-07,7.2153824e-07,-1.6689916e-07,7.653818e-08,1.1598008e-07,2.1626482e-08,-3.484154e-08,-3.5925023e-08,-5.488217e-09,-1.0806539e-08,2.1398325e-08,1.9814536e-08,5.0088648e-08,-4.3833182e-08,5.583912e-09,7.2306827e-09,1.7412411e-08,5.9957803e-09,-1.42395855e-08,7.754322e-09,-1.0391788e-08,5.3994285e-09,-1.6658214e-08,1.1910933e-08,5.0191713e-09,3.2370662e-10,4.0528048e-10,3.013969e-10,7.7903517e-10,4.2296624e-09,1.0500128e-08,-2.9376954e-09,-4.199591e-09,-4.0740704e-09,-1.0690858e-08,2.5937803e-09,1.222649e-08,-4.666393e-10,4.6415676e-09,-1.2523615e-08,-2.7017957e-10,-6.692025e-11,-5.3954907e-09,-2.2478663e-09
32,-4.8197796e-07,-7.455816e-06,1.3213389e-06,6.4910586e-05,-2.7583883e-07,-1.0157655e-06,-2.8761804e-08,1.2443654e-06,-3.304229e-07,4.8554632e-08,6.763915e-09,-3.0363516e-08,-7.7954134e-08,-1.8647698e-08,-1.347998e-08,-1.1863136e-08,7.944831e-09,2.9579077e-08,-7.318336e-09,1.4843129e-08,-1.3585837e-09,3.8723655e-09,-1.9600412e-09,1.7238513e-08,-1.3724336e-08,-2.156285e-08,1.8223525e-09,2.0258867e-08,4.597144e-09,1.1709957e-09,6.4824413e-09,4.0528048e-10,1.6658056e-09,3.939007e-09,3.7465783e-10,-1.0154266e-10,1.0561932e-08,-2.5593583e-11,7.0287816e-09,3.353021e-09,3.2880203e-09,1.8854376e-08,-3.2271057e-09,2.3466742e-09,-1.5882737e-08,4.512016e-09,-5.050732e-10,-4.0950632e-11,-1.0423096e-09,-4.6257992e-10
33,3.7360696e-06,0.000112398004,-1.68156e-05,0.00013517764,2.6628926e-05,-7.60199e-07,2.2263544e-07,2.4605658e-06,-6.4438973e-07,1.6993432e-08,-1.4673824e-07,-1.12343784e-07,-1.6752567e-07,3.2300225e-09,-2.4190667e-08,-1.818956e-08,-1.0519654e-08,5.0910373e-08,-8.2130185e-08,9.909414e-08,-1.0456041e-08,-6.420553e-11,-2.976021e-08,3.8208043e-08,-1.8544359e-08,-6.713662e-08,1.7031802e-08,4.8728545e-08,3.4386378e-08,-1.0772993e-08,9.965413e-09,3.013969e-10,3.939007e-09,1.0653171e-08,-1.5440388e-10,-6.6313186e-09,1.4418857e-08,3.773258e-09,2.4286114e-08,1.4561109e-08,2.3325814e-08,4.8252268e-08,-2.3855769e-08,6.8942763e-09,-4.9505193e-08,2.6979201e-08,-9.836283e-10,-1.579869e-10,3.6889478e-09,2.0541664e-09
34,-1.9928452e-06,-5.2225507e-05,7.865963e-06,1.2926371e-05,-1.03261755e-05,-7.544673e-07,-8.4058165e-09,3.2152144e-07,-1.4545715e-07,5.639715e-08,6.502408e-08,8.031527e-09,-1.6667878e-08,-2.6059563e-08,-1.185291e-08,-4.7078874e-09,1.5275955e-08,1.5456582e-08,1.2110261e-08,-1.7105748e-08,1.0150536e-09,4.815881e-09,8.932492e-09,4.8613478e-09,-6.4547647e-09,-1.5676332e-09,-1.0940834e-09,2.3196949e-09,-5.852979e-09,1.6942674e-09,4.145876e-09,7.7903517e-10,3.7465783e-10,-1.5440388e-10,5.687847e-10,2.9019716e-09,5.557117e-09,-1.0676644e-09,-4.5458837e-10,-1.414453e-09,-4.2979726e-09,1.7426532e-09,2.6634441e-09,1.714403e-10,8.8816765e-10,-1.404021e-09,-1.9713133e-10,1.9701264e-10,-1.1421448e-09,-1.4719631e-09
35,-1.1242917e-05,-0.00030201004,4.5149776e-05,-1.6777405e-05,-6.1290855e-05,-3.0496558e-06,2.5680093e-08,1.2677418e-07,-4.1127007e-07,2.7153874e-07,3.7964242e-07,9.0483056e-08,1.2292915e-08,-1.3080759e-07,-5.3826454e-08,-1.0908101e-08,8.089992e-08,5.132574e-08,7.909817e-08,-1.2181684e-07,7.506647e-09,2.3484322e-08,5.6079983e-08,4.835579e-09,-1.8664268e-08,1.999508e-08,-8.009348e-09,-1.523172e-08,-4.0767915e-08,7.2645054e-09,1.5881149e-08,4.2296624e-09,-1.0154266e-10,-6.6313186e-09,2.9019716e-09,1.7647992e-08,1.809896e-08,-6.2154717e-09,-1.2305663e-08,-1.3049352e-08,-3.0020534e-08,-1.6438555e-08,1.9543476e-08,-2.2220363e-09,2.759831e-08,-1.3494132e-08,-4.6957704e-10,1.2948107e-09,-4.893143e-09,-8.203065e-09
36,-1.197689e-05,-0.00028973338,4.2723284e-05,0.00030940422,-4.7325702e-05,-7.762025e-06,9.974383e-07,6.52966e-06,-2.628002e-06,6.057512e-07,3.500577e-07,-1.3089016e-07,-4.108956e-07,-2.602472e-07,-1.9024553e-07,-6.5789344e-08,1.3752104e-07,2.4481497e-07,-1.0296141e-07,4.35296e-08,-1.8290585e-08,4.7332822e-08,2.8311415e-08,1.1392552e-07,-8.134107e-08,-1.5305142e-07,4.1195825e-08,9.720083e-08,2.0258396e-08,-2.6759846e-08,6.045072e-08,1.0500128e-08,1.0561932e-08,1.4418857e-08,5.557117e-09,1.809896e-08,7.235487e-08,-6.6789285e-10,4.4916725e-08,1.5245716e-08,7.4772295e-09,9.608852e-08,-3.5450874e-08,1.4953786e-08,-8.128562e-08,5.8997667e-08,-3.6205472e-09,2.6831017e-09,4.932752e-09,-1.1037694e-08
37,2.6969824e-06,7.3579766e-05,-1.0203376e-05,4.0699822e-05,1.3396713e-05,2.7894106e-07,-4.9274945e-07,5.7104364e-07,1.8845236e-07,-1.00110924e-07,-9.347062e-08,-1.7105005e-08,-3.3103895e-08,4.7554266e-08,3.9083666e-08,-4.8670987e-09,-2.9089428e-08,-1.9524254e-08,3.1236038e-08,9.679457e-09,4.7802287e-09,-7.4022593e-09,-1.1832011e-08,-1.6556507e-09,-4.00103e-09,8.941269e-09,-1.3215619e-08,1.1499241e-08,-1.3272539e-10,1.5024725e-08,-6.6992922e-09,-2.9376954e-09,-2.5593583e-11,3.773258e-09,-1.0676644e-09,-6.2154717e-09,-6.6789285e-10,-3.700273e-10,-1.3687642e-09,1.2698955e-09,2.7689058e-09,8.127248e-09,8.157627e-09,-2.6236013e-10,-5.413953e-09,-1.4069891e-08,1.3645914e-10,-1.1139858e-09,-5.2951954e-09,2.6389866e-09
38,2.8275472e-06,0.000101737634,-1.2635677e-05,0.00036157484,2.2648e-05,-3.9628144e-06,-1.1682481e-06,6.5208615e-06,-1.037108e-06,1.4476032e-08,-1.410703e-07,-1.5873593e-07,-4.012875e-07,1.1784919e-08,2.1629367e-08,-6.167786e-08,-2.187934e-08,8.8300936e-08,4.1286597e-08,7.4495446e-08,4.9526667e-09,2.5309048e-09,-2.9235029e-08,7.022762e-08,-6.834918e-08,-7.125369e-08,-2.095359e-08,1.0952963e-07,1.6184234e-08,3.7485698e-08,1.4557537e-08,-4.199591e-09,7.0287816e-09,2.4286114e-08,-4.5458837e-10,-1.2305663e-08,4.4916725e-08,-1.3687642e-09,2.6072843e-08,1.598021e-08,1.7599465e-08,9.62891e-08,5.096455e-09,9.262249e-09,-7.702078e-08,-1.1738223e-08,-1.8955455e-09,-2.4445344e-09,-1.6068807e-08,3.0181293e-09
39,5.6318895e-06,0.00016376501,-2.3069155e-05,0.0001865152,3.3805652e-05,-8.217023e-07,-6.819329e-07,3.1850655e-06,-3.1175898e-07,-1.0542037e-07,-2.1233865e-07,-1.0855277e-07,-2.0199951e-07,5.9496895e-08,3.7205986e-08,-2.6858e-08,-4.3623324e-08,2.0421133e-08,1.6352253e-09,7.698969e-08,1.0897119e-09,-8.204355e-09,-3.4855937e-08,3.126815e-08,-2.7296904e-08,-3.7991818e-08,-1.0566977e-08,5.9576102e-08,2.0799924e-08,1.907502e-08,1.1644288e-10,-4.0740704e-09,3.353021e-09,1.4561109e-08,-1.414453e-09,-1.3049352e-08,1.5245716e-08,1.2698955e-09,1.598021e-08,1.2090587e-08,1.8708e-08,5.28735e-08,-1.9040058e-09,5.0372044e-09,-4.669556e-08,-4.642734e-09,-7.119285e-10,-1.8482678e-09,-7.3212654e-09,4.7256288e-09
40,1.4251216e-05,0.0003971003,-5.656448e-05,0.00026140758,7.842972e-05,7.5325875e-07,-1.5524977e-06,4.0997415e-06,1.7111856e-07,-3.7604627e-07,-5.0727726e-07,-1.6873157e-07,-2.6161288e-07,1.8853109e-07,1.2466082e-07,-3.121916e-08,-1.2274513e-07,-3.246176e-08,2.9253089e-08,1.3550181e-07,6.9117245e-09,-2.9400113e-08,-7.486737e-08,2.6128301e-08,-2.7402194e-08,-2.8526731e-08,-3.0998585e-08,8.4294676e-08,3.449068e-08,4.283168e-08,-1.7310136e-08,-1.0690858e-08,3.2880203e-09,2.3325814e-08,-4.2979726e-09,-3.0020534e-08,7.4772295e-09,2.7689058e-09,1.7599465e-08,1.8708e-08,3.3811368e-08,7.215205e-08,5.7369274e-09,5.2672395e-09,-6.5175534e-08,-2.4765445e-08,-2.941507e-10,-4.2442028e-09,-1.4867539e-08,1.2193232e-08
41,5.8309156e-06,0.00021691408,-3.1050567e-05,0.000701833,5.9722115e-05,-7.814961e-06,2.2698237e-07,1.31263605e-05,-3.4030668e-06,3.1478066e-07,-3.007895e-07,-4.366388e-07,-8.514359e-07,-9.762449e-08,-1.2841171e-07,-1.1337393e-07,1.9731399e-08,2.891561e-07,-2.2057934e-07,3.114627e-07,-3.053298e-08,2.207004e-08,-7.997607e-08,1.892038e-07,-1.2533042e-07,-2.7821497e-07,4.6357947e-08,2.3329612e-07,1.0406755e-07,-1.3949865e-08,6.0287036e-08,2.5937803e-09,1.8854376e-08,4.8252268e-08,1.7426532e-09,-1.6438555e-08,9.608852e-08,8.127248e-09,9.62891e-08,5.28735e-08,7.215205e-08,2.2307128e-07,-7.0943585e-08,2.9496537e-08,-2.0725422e-07,8.459094e-08,-5.2266875e-09,-8.0394e-10,8.4483354e-10,2.2158664e-09
42,-3.952439e-06,-0.00012422238,1.34976235e-05,-0.00035646616,-1.8840165e-05,3.410893e-06,2.9068515e-06,-6.0436823e-06,-1.5645242e-08,2.2229372e-07,1.6728639e-07,7.640114e-08,3.436906e-07,-1.1305782e-07,-1.4813938e-07,6.3537314e-08,7.553221e-08,2.9829863e-09,-2.4245935e-07,2.9217757e-08,-3.2207105e-08,1.2588096e-08,1.9370802e-08,-3.092385e-08,6.979356e-08,-2.627764e-08,8.0877626e-08,-9.467699e-08,3.020108e-08,-9.694876e-08,1.03251825e-08,1.222649e-08,-3.2271057e-09,-2.3855769e-08,2.6634441e-09,1.9543476e-08,-3.5450874e-08,8.157627e-09,5.096455e-09,-1.9040058e-09,5.7369274e-09,-7.0943585e-08,-5.951125e-08,-1.2378423e-09,3.825638e-08,8.549625e-08,7.07307e-10,5.3379616e-09,3.7713168e-08,-6.5639334e-09
43,1.6911892e-07,1.27388985e-05,-1.313624e-06,0.0001068721,3.761434e-06,-1.3762038e-06,-2.2482897e-07,1.9767867e-06,-4.0290274e-07,3.5067384e-08,-2.0071164e-08,-4.8103594e-08,-1.2255256e-07,-1.0432391e-08,-5.2046607e-09,-1.8766361e-08,1.4938957e-09,3.5278127e-08,2.4514826e-09,2.291521e-08,-2.7368996e-11,3.0403378e-09,-6.413611e-09,2.38467e-08,-2.118566e-08,-2.6889463e-08,-2.4815021e-09,3.2763833e-08,5.8822685e-09,7.3849398e-09,6.8905237e-09,-4.666393e-10,2.3466742e-09,6.8942763e-09,1.714403e-10,-2.2220363e-09,1.4953786e-08,-2.6236013e-10,9.262249e-09,5.0372044e-09,5.2672395e-09,2.9496537e-08,-1.2378423e-09,3.1918064e-09,-2.4117515e-08,9.2816865e-10,-6.7038036e-10,-4.5678167e-10,-3.526687e-09,2.1770338e-10
44,-1.0553567e-05,-0.0003372854,4.730138e-05,-0.0006923404,-7.7964534e-05,6.20024e-06,1.0156476e-06,-1.2521163e-05,2.4536218e-06,-4.4766196e-08,4.5017754e-07,4.0341388e-07,8.006822e-07,-2.249168e-08,1.7490954e-08,1.0886275e-07,4.7516316e-08,-2.0132119e-07,1.0289172e-07,-2.7645862e-07,1.3428679e-08,-2.5943767e-09,9.172629e-08,-1.5647083e-07,1.1754581e-07,2.1168562e-07,-6.060734e-09,-2.2429458e-07,-8.409804e-08,-2.5739087e-08,-3.598144e-08,4.6415676e-09,-1.5882737e-08,-4.9505193e-08,8.8816765e-10,2.759831e-08,-8.128562e-08,-5.413953e-09,-7.702078e-08,-4.669556e-08,-6.5175534e-08,-2.0725422e-07,3.825638e-08,-2.4117515e-08,1.8621093e-07,-3.5826343e-08,4.1296575e-09,3.3002798e-09,1.2724847e-08,-7.623382e-09
45,-2.2043334e-06,-3.4864526e-05,1.1621491e-05,0.00045626963,-1.463682e-05,-6.489537e-06,-3.6272565e-06,8.038127e-06,-3.433869e-07,-9.333159e-08,2.9062976e-08,-4.9123138e-08,-4.4732158e-07,5.3967078e-08,1.4735372e-07,-9.006134e-08,-4.155488e-08,3.778063e-08,3.4989316e-07,-1.07429344e-07,4.4487507e-08,1.1917667e-10,1.0008284e-08,4.726158e-08,-1.0330802e-07,3.827755e-08,-1.0549286e-07,1.15466534e-07,-6.160399e-08,1.2609249e-07,-9.306511e-10,-1.2523615e-08,4.512016e-09,2.6979201e-08,-1.404021e-09,-1.3494132e-08,5.8997667e-08,-1.4069891e-08,-1.1738223e-08,-4.642734e-09,-2.4765445e-08,8.459094e-08,8.549625e-08,9.2816865e-10,-3.5826343e-08,-1.1380273e-07,-1.3401112e-09,-5.881449e-09,-5.052569e-08,2.956254e-09
46,4.419905e-07,1.0223257e-05,-1.5764285e-06,-1.8625906e-05,1.669747e-06,3.807382e-07,-9.728325e-10,-3.7073642e-07,1.13003225e-07,-2.2556161e-08,-1.2075731e-08,6.946485e-09,2.2833389e-08,9.4105825e-09,6.0019216e-09,3.7566754e-09,-4.7224784e-09,-1.0481708e-08,1.0823835e-09,-1.6792271e-09,3.3852365e-10,-1.82797e-09,-8.4675084e-10,-5.3809677e-09,4.508194e-09,6.290576e-09,-6.255274e-10,-5.6176086e-09,-5.120132e-10,-2.3529534e-10,-2.4431814e-09,-2.7017957e-10,-5.050732e-10,-9.836283e-10,-1.9713133e-10,-4.6957704e-10,-3.6205472e-09,1.3645914e-10,-1.8955455e-09,-7.119285e-10,-2.941507e-10,-5.2266875e-09,7.07307e-10,-6.7038036e-10,4.1296575e-09,-1.3401112e-09,1.6644436e-10,-3.6495744e-11,3.2535957e-10,3.6871367e-10
47,-1.1440369e-06,-3.0498224e-05,4.7622425e-06,7.0337537e-06,-6.5978275e-06,-4.1739767e-07,-1.2230063e-07,1.5451766e-07,-1.5412446e-08,1.8237204e-08,3.8114173e-08,1.07553575e-08,-5.675348e-09,-9.008718e-09,1.3773125e-09,-2.9148401e-09,5.692399e-09,3.075404e-09,2.1085045e-08,-1.7638545e-08,2.4754279e-09,1.9039763e-09,6.1699783e-09,1.8335355e-10,-3.943771e-09,5.808688e-09,-4.7337574e-09,2.468239e-10,-6.7669386e-09,5.0454085e-09,8.106025e-10,-6.692025e-11,-4.0950632e-11,-1.579869e-10,1.9701264e-10,1.2948107e-09,2.6831017e-09,-1.1139858e-09,-2.4445344e-09,-1.8482678e-09,-4.2442028e-09,-8.0394e-10,5.3379616e-09,-4.5678167e-10,3.3002798e-09,-5.881449e-09,-3.6495744e-11,-7.398232e-11,-2.1539455e-09,-6.6078587e-10
48,-6.6260895e-08,-1.6307877e-06,2.3271127e-06,6.5437016e-05,-5.2327277e-06,-7.8613436e-07,-1.3245219e-06,9.874676e-07,4.1433108e-07,-1.1475359e-07,7.6979667e-10,3.1745504e-08,-4.0540144e-08,5.0861352e-08,7.7848554e-08,-1.4517999e-08,-2.8628593e-08,-3.4391235e-08,1.4462202e-07,-6.543e-08,1.9088201e-08,-6.2867604e-09,7.1585515e-09,-1.0556452e-08,-1.6476665e-08,5.0109467e-08,-4.293059e-08,1.0209256e-08,-3.098883e-08,4.5781405e-08,-1.1009586e-08,-5.3954907e-09,-1.0423096e-09,3.6889478e-09,-1.1421448e-09,-4.893143e-09,4.932752e-09,-5.2951954e-09,-1.6068807e-08,-7.3212654e-09,-1.4867539e-08,8.4483354e-10,3.7713168e-08,-3.526687e-09,1.2724847e-08,-5.052569e-08,3.2535957e-10,-2.1539455e-09,-1.7403991e-08,1.8612772e-09
49,5.258592e-06,0.00013971665,-2.0866175e-05,-8.140785e-06,2.7819337e-05,1.6464027e-06,-5.405938e-08,-3.70649e-07,2.963326e-07,-1.4183411e-07,-1.7494527e-07,-3.148798e-08,1.48071555e-08,6.682138e-08,3.130009e-08,7.760918e-09,-4.020839e-08,-3.3038972e-08,-2.8488838e-08,4.8860446e-08,-2.312357e-09,-1.2036022e-08,-2.4740743e-08,-7.461684e-09,1.1746352e-08,-1.1334322e-09,1.5027087e-09,1.6268298e-09,1.6109913e-08,-1.8976278e-09,-9.484949e-09,-2.2478663e-09,-4.6257992e-10,2.0541664e-09,-1.4719631e-09,-8.203065e-09,-1.1037694e-08,2.6389866e-09,3.0181293e-09,4.7256288e-09,1.2193232e-08,2.2158664e-09,-6.5639334e-09,2.1770338e-10,-7.623382e-09,2.956254e-09,3.6871367e-10,-6.6078587e-10,1.8612772e-09,3.940756e-09
