,0,1,2,3,4,5,6,7,8,9,10,11,12,13,14,15,16,17,18,19,20,21,22,23,24,25,26,27,28,29,30,31,32,33,34,35,36,37,38,39,40,41,42,43,44,45,46,47,48,49
0,377.71054,88.642715,-6.964102,66.274185,19.460238,5.476366,-36.740494,-24.131699,28.49216,36.97857,17.866734,4.1777906,-0.9961724,-5.185518,-10.28759,-5.422504,0.5823282,-0.8176031,4.7614098,7.275017,-0.769575,-7.930256,-0.9484693,-2.722362,-6.6117725,-1.41784,3.2304368,-2.7294838,-0.30826616,-2.1801362,3.1415157,0.58529454,-2.9248471,0.33226,-2.2968178,-3.4581263,-8.541571e-06,-1.8370376e-06,-9.360282e-07,3.4674113e-06,-2.274668e-06,6.71953e-07,5.381045e-07,2.1233736e-06,-1.2897481e-06,9.583998e-07,-8.3934367e-07,2.4298007e-08,2.9233505e-07,-1.0166082e-06
1,88.642715,190.88084,-68.11646,2.9321566,-13.7315645,-13.080798,14.397152,-15.169285,15.925235,-15.789021,3.5911105,10.047451,-2.0223742,13.12186,-17.76389,6.504055,-12.539545,2.502191,-3.0562787,0.5839567,-2.1164458,2.3772163,2.8198903,-1.5083334,0.18731783,-1.3824823,-1.829172,-1.5888317,-3.4918165,1.5318995,2.4039953,-1.4749427,2.2095776,-1.2377989,-0.79020435,0.46461546,1.5909297e-06,-1.6297275e-07,2.5908942e-06,2.4917636e-06,2.3579014e-07,1.6917506e-06,-6.9601526e-07,-1.0468402e-06,-6.15769e-09,7.319207e-07,4.7458548e-07,4.1873875e-07,-7.0456537e-07,1.8833124e-07
2,-6.964102,-68.11646,142.233,67.11595,-0.7759123,7.520095,10.438779,-5.4331636,-4.8193345,-14.347507,13.935755,-3.0203075,-9.692356,-11.481758,3.2153773,-3.9627967,-6.7751174,-5.2505045,2.5510736,-1.8006763,-0.5957025,2.0432346,-2.668923,0.17669052,0.86871123,1.9967659,-1.3434869,-1.3508127,-0.54138935,-2.3467116,1.7035456,-1.6306267,-0.06619023,-1.345124,-0.6791948,-0.15395665,1.068104e-06,1.722216e-06,1.7403261e-06,3.8327767e-07,-6.023156e-08,2.6272926e-07,4.806683e-07,-5.200793e-07,2.5386365e-07,4.258936e-07,-3.7189625e-07,2.66004e-07,-3.3285176e-07,1.446848e-07
3,66.274185,2.9321566,67.11595,102.43102,-7.312935,-19.413116,-10.112775,0.3009061,-4.4757657,-5.1325035,-0.27668387,9.451998,3.4030466,0.12222932,-10.512978,-4.8533335,-0.17987213,-1.0201801,-3.8005042,-0.92463386,-1.6145089,5.8950787,3.0770755,1.1529708,0.028279468,-0.8429407,-2.8234224,0.8910289,0.19951352,-0.7059835,-1.8093433,1.2862444,-0.14865866,0.80577135,0.62053776,-0.46035552,9.915639e-07,-5.9341426e-07,-6.457737e-07,-3.7473419e-07,7.272149e-07,6.1250114e-07,-9.04941e-09,8.021587e-08,-1.4076113e-07,-4.4002405e-07,-1.6469644e-07,-3.2240994e-08,2.698048e-07,1.1931911e-08
4,19.460238,-13.7315645,-0.7759123,-7.312935,83.06716,13.14782,5.503607,-0.7712922,3.764767,-6.123221,13.787024,-1.3960488,4.1735573,2.1389854,-0.54433227,-3.8296504,7.1637144,-2.54404,3.7667189,6.490263,1.9820442,0.2359899,5.936822,7.140113,0.4102085,-5.658181,2.5326948,0.93481576,1.7738533,-1.2208256,1.7297392,-0.681772,1.0306586,1.1111001,-0.67688924,0.23244536,5.6087124e-06,1.3248883e-06,1.962907e-06,-2.209773e-06,1.0508379e-06,-1.496636e-06,-5.8408503e-08,-1.1825736e-06,-7.588916e-08,8.6366265e-07,4.2267558e-07,7.878522e-07,-1.3649971e-07,-3.390344e-07
5,5.476366,-13.080798,7.520095,-19.413116,13.14782,103.3903,-13.743095,11.466143,3.3383539,-3.4869833,1.9407109,2.8649647,-5.073556,-3.2652783,-9.249138,4.6425285,-5.3238435,0.51638484,3.7676783,-3.5297313,-0.002342645,0.901006,1.5471247,-0.96399516,-0.10562958,0.5342677,-2.0004547,-0.21081945,-0.23532724,0.6445421,-0.30796278,-0.2546462,-0.7628377,0.019517988,-0.1033206,-0.7849927,1.959038e-06,3.2781286e-06,1.43819e-06,1.084937e-07,-5.9375986e-07,-7.56541e-07,3.8569232e-07,-8.7043736e-07,-2.993757e-07,7.5307673e-07,-2.666934e-07,8.211679e-07,-1.8164948e-07,-2.5512844e-07
6,-36.740494,14.397152,10.438779,-10.112775,5.503607,-13.743095,39.891483,0.11962033,13.473852,-15.897916,0.64577174,7.434628,-6.52948,-1.8001821,1.9829879,-1.5449517,-1.1878991,-2.5042868,-0.9700012,-0.32188356,-0.35096252,-4.22099,3.1080322,0.3423497,0.3714948,2.7774758,-0.21499494,2.458824,-0.06263916,-0.8385054,2.0817025,-1.5841088,-0.1404482,0.10976577,0.0045311186,0.077207595,1.3157562e-06,8.029631e-07,1.5863606e-06,-5.485193e-07,9.0283163e-07,-3.6129524e-07,-8.663963e-08,-3.4199692e-07,-6.2783827e-09,2.2210796e-07,1.4194777e-07,1.9904562e-07,-2.0132791e-07,9.642211e-10
7,-24.131699,-15.169285,-5.4331636,0.3009061,-0.7712922,11.466143,0.11962033,42.64445,3.8963418,2.0248172,-11.38913,-6.4548655,4.8837175,2.4001698,-2.0753775,-10.853443,-0.010515196,3.1798592,-9.218178,1.5308523,0.013597729,1.557418,2.0662367,-0.5747459,-0.1295096,0.8047919,-2.4960852,0.3311938,-1.8019317,-0.85158473,1.5195699,-0.38962752,0.45556238,0.9328053,-0.78916,-0.75694263,-3.5117423e-06,8.566253e-07,-8.644153e-07,1.4545628e-07,-2.3757471e-07,1.3490009e-06,2.4042458e-07,7.691699e-07,5.011693e-07,-5.40922e-07,-8.436004e-07,-4.1613657e-07,2.5618868e-07,-1.0393431e-07
8,28.49216,15.925235,-4.8193345,-4.4757657,3.764767,3.3383539,13.473852,3.8963418,27.970179,7.516629,1.219411,2.5765705,-11.04708,2.5713277,-1.2178366,-6.3730936,-0.05594813,-2.9540443,-2.7113261,-5.85935,3.1072412,-1.153198,-0.6093626,-0.34161878,0.48609903,-0.13912906,0.7518163,2.4430025,0.8122195,-0.9656913,1.3387632,-1.2647848,-0.77699935,0.3153627,0.38505438,-0.4287688,-3.501878e-06,6.1358367e-07,-9.798931e-07,-1.270655e-06,-8.762488e-07,9.409828e-09,4.971712e-07,6.2326006e-07,3.3215002e-07,-5.5971293e-07,-7.954055e-08,-6.739319e-07,5.4235113e-07,1.1924926e-07
9,36.97857,-15.789021,-14.347507,-5.1325035,-6.123221,-3.4869833,-15.897916,2.0248172,7.516629,25.215012,-5.6789055,-1.6125594,-3.351385,-2.7535763,3.3217065,-6.317425,3.225541,-1.1157578,2.084888,-1.3725505,0.3763776,-0.5957644,-3.0103984,-0.73836714,0.8445786,-1.9952307,-0.42436248,0.2816918,0.76987714,1.1217749,0.6863357,0.71263266,-0.09777092,-0.4239569,0.3045023,-0.115417585,-2.3753605e-06,-6.8011707e-07,-1.4784525e-06,-2.9228147e-07,-6.894216e-07,4.165855e-07,2.7130756e-07,4.4115222e-07,1.5326947e-07,-3.342349e-07,-2.7964921e-08,-5.021043e-07,3.0849282e-07,4.0006285e-08
10,17.866734,3.5911105,13.935755,-0.27668387,13.787024,1.9407109,0.64577174,-11.38913,1.219411,-5.6789055,27.999626,-12.623712,-0.852527,4.901311,1.0695268,-1.3135965,-3.8732796,4.55748,1.1016356,-0.15429084,-1.9533019,-0.8484596,-0.52596915,-1.8740456,0.98078394,0.43708366,2.475869,0.71691227,1.4090562,0.62765634,0.09038927,-0.0856477,-0.0870872,0.51784146,0.52656686,0.17616847,-3.0826716e-06,1.5815192e-07,-1.389682e-06,-1.5212033e-06,-1.0103824e-06,-2.5597475e-07,-1.6370477e-07,3.7975803e-07,3.6832103e-07,-6.719399e-07,-2.6735096e-08,-5.2084937e-07,5.443281e-07,3.9961262e-07
11,4.1777906,10.047451,-3.0203075,9.451998,-1.3960488,2.8649647,7.434628,-6.4548655,2.5765705,-1.6125594,-12.623712,21.81176,-1.8207843,-10.810565,-3.3424501,2.3829203,2.650324,0.882732,1.0600648,-0.4349578,0.98796475,-0.43398163,2.8930256,1.0943604,0.75268924,0.1742236,0.47946513,0.515755,1.2118492,1.1078289,-0.5330143,-0.23358715,-0.03251722,-0.059310682,0.34105682,-0.2837388,4.5610063e-06,1.3672558e-08,1.7050539e-06,6.5324366e-07,9.313121e-07,-5.9332115e-07,-3.4254305e-07,-1.1203238e-06,-7.361262e-07,1.031277e-06,5.4246186e-07,9.0628566e-07,-4.3563597e-07,-2.0759416e-07
12,-0.9961724,-2.0223742,-9.692356,3.4030466,4.1735573,-5.073556,-6.52948,4.8837175,-11.04708,-3.351385,-0.852527,-1.8207843,27.700838,-0.6569655,-2.6894426,0.31013927,-4.0788336,-1.4594938,-1.8047469,-0.42018098,1.3395951,-2.2094984,0.48027816,1.6323452,-0.20722863,0.7311105,0.3505351,0.5975609,2.2691753,0.86462796,0.9330971,0.7898049,-0.60961056,-0.425939,-0.30188245,-0.22214146,-2.5480435e-06,-7.2220035e-07,-1.2967892e-06,1.3466746e-07,-8.3660336e-07,2.683829e-07,-3.248613e-07,2.8499204e-07,-2.1247834e-07,-1.5812592e-08,-1.4501657e-07,-5.2594913e-07,2.1647162e-08,-1.2786973e-07
13,-5.185518,13.12186,-11.481758,0.12222932,2.1389854,-3.2652783,-1.8001821,2.4001698,2.5713277,-2.7535763,4.901311,-10.810565,-0.6569655,17.350239,-2.053037,2.0396204,2.784853,-3.35423,-1.4589018,-2.382733,-2.3307185,2.0312157,-0.26308787,1.0139072,0.39616197,0.18761274,-1.8798926,0.63581425,-0.14123023,-1.5234382,-0.6034794,0.5041545,-0.4094177,0.20600909,0.30499512,-0.264943,-2.6826442e-06,-2.586016e-07,-1.6501131e-06,-6.718222e-07,-2.2936432e-07,7.4969387e-07,2.8038025e-07,9.682152e-07,3.7483073e-07,-8.053064e-07,-3.7333376e-07,-6.018737e-07,4.1189423e-07,1.4169441e-08
14,-10.28759,-17.76389,3.2153773,-10.512978,-0.54433227,-9.249138,1.9829879,-2.0753775,-1.2178366,3.3217065,1.0695268,-3.3424501,-2.6894426,-2.053037,7.0969434,-0.1227593,0.61934686,-1.9189091,0.8362825,2.8880944,-0.47279865,-1.0389577,-1.0543555,-1.1982584,0.14842016,-0.17818755,1.0222067,0.7131805,-0.63557607,0.49163693,-0.15933889,-0.30268064,-0.32109392,-0.12875739,-0.41888973,-0.3599144,-1.0990391e-06,-1.1053211e-06,-3.372288e-07,1.1674216e-06,-9.6936276e-08,2.0036146e-07,-4.8143804e-08,4.7399533e-07,-2.1318013e-07,1.5970002e-07,8.5098435e-08,1.178059e-08,-8.284173e-08,1.01240694e-07
15,-5.422504,6.504055,-3.9627967,-4.8533335,-3.8296504,4.6425285,-1.5449517,-10.853443,-6.3730936,-6.317425,-1.3135965,2.3829203,0.31013927,2.0396204,-0.1227593,9.784904,1.4303145,-1.7974538,1.2330786,0.84256446,-0.010630464,2.0030894,-0.7229845,0.5182241,-0.48602962,0.8246194,0.8769573,-0.59386325,-0.12983245,-0.29414576,-0.8119107,-0.2795711,-0.93946683,-0.54022956,-0.1655631,-0.3165514,4.0129572e-07,-3.4052272e-07,3.255687e-07,9.4714244e-07,-1.592168e-07,-5.2507318e-08,4.3265228e-08,2.246341e-08,-4.224534e-07,4.3303635e-07,6.612625e-08,3.0207934e-07,-2.5205935e-07,-1.2653578e-07
16,0.5823282,-12.539545,-6.7751174,-0.17987213,7.1637144,-5.3238435,-1.1878991,-0.010515196,-0.05594813,3.225541,-3.8732796,2.650324,-4.0788336,2.784853,0.61934686,1.4303145,9.436725,1.8538854,0.63523865,0.94619083,-1.5233669,1.1229804,0.74834514,1.8626987,0.33134317,0.7421365,-0.034571197,-0.6990932,1.0513799,-1.1411312,0.087651,0.26692456,-0.43198633,0.18816574,0.35489258,-0.44119364,3.4645583e-07,1.9186464e-08,-2.2525774e-07,-6.006339e-07,3.5396994e-07,1.2984343e-07,1.1295397e-07,9.1818876e-08,-1.1993629e-07,5.7148767e-08,-1.5964739e-07,1.6574924e-07,1.03709844e-07,-2.6956639e-07
17,-0.8176031,2.502191,-5.2505045,-1.0201801,-2.54404,0.51638484,-2.5042868,3.1798592,-2.9540443,-1.1157578,4.55748,0.882732,-1.4594938,-3.35423,-1.9189091,-1.7974538,1.8538854,11.090816,-1.5932629,1.2246852,-0.5886776,0.9488683,0.5712321,-1.1877575,-0.20487985,1.7379382,1.2828147,-1.6792786,0.7287948,0.24865142,0.5499715,0.12503695,0.3459487,0.5147928,0.6221179,0.2880916,-6.483389e-07,7.100037e-07,-1.5751067e-07,-1.1871896e-06,-1.7403565e-07,-4.185879e-08,-2.3278247e-07,-3.220332e-07,1.9460472e-07,-3.209276e-07,-1.4669303e-07,-3.6146027e-08,2.4695743e-07,8.1451304e-08
18,4.7614098,-3.0562787,2.5510736,-3.8005042,3.7667189,3.7676783,-0.9700012,-9.218178,-2.7113261,2.084888,1.1016356,1.0600648,-1.8047469,-1.4589018,0.8362825,1.2330786,0.63523865,-1.5932629,5.945809,0.91495013,-1.3829417,-1.9149418,0.062956676,0.4850639,-0.6388803,-0.24394672,-1.5465707,-0.16081244,0.055992253,0.26944697,0.5540921,0.83323056,0.07022018,-0.4519683,0.35271418,0.53175473,2.2439312e-06,1.2677306e-07,7.734638e-07,-3.8457665e-07,6.8929774e-07,-4.2029257e-07,-6.895601e-08,-4.977149e-07,-1.2462698e-07,1.2738775e-07,1.8651843e-07,2.0062083e-07,-1.6970696e-07,-4.6402704e-08
19,7.275017,0.5839567,-1.8006763,-0.92463386,6.490263,-3.5297313,-0.32188356,1.5308523,-5.85935,-1.3725505,-0.15429084,-0.4349578,-0.42018098,-2.382733,2.8880944,0.84256446,0.94619083,1.2246852,0.91495013,7.6003857,-1.1910486,1.3020277,1.4783027,-0.84612167,-1.315764,-0.43190593,-0.06460682,0.471821,-1.734095,0.74501073,0.7482101,0.04856482,-0.32192898,0.10169163,-0.43464887,-0.1895265,6.652161e-08,-7.959709e-07,4.3845063e-07,9.657505e-07,4.345607e-07,3.178847e-07,-1.8705481e-07,8.3536236e-08,-3.8922946e-07,2.1938752e-07,3.2287968e-08,2.6374474e-07,-2.0865559e-07,3.033726e-08
20,-0.769575,-2.1164458,-0.5957025,-1.6145089,1.9820442,-0.002342645,-0.35096252,0.013597729,3.1072412,0.3763776,-1.9533019,0.98796475,1.3395951,-2.3307185,-0.47279865,-0.010630464,-1.5233669,-0.5886776,-1.3829417,-1.1910486,4.7490754,1.0393062,-0.97490823,0.5493543,-1.7946079,-0.8336673,1.5239329,0.14182398,-0.096619695,-0.7132418,0.0031216042,-0.35188413,-0.43148643,0.19557098,0.07280214,0.50407267,-5.3963373e-07,2.757336e-07,-7.252756e-08,-8.307186e-07,-3.7073238e-07,-6.5161925e-07,2.1531504e-07,2.3080709e-08,1.1256742e-07,-3.111196e-07,7.8990325e-08,-3.1049575e-07,1.4963364e-07,7.374608e-08
21,-7.930256,2.3772163,2.0432346,5.8950787,0.2359899,0.901006,-4.22099,1.557418,-1.153198,-0.5957644,-0.8484596,-0.43398163,-2.2094984,2.0312157,-1.0389577,2.0030894,1.1229804,0.9488683,-1.9149418,1.3020277,1.0393062,6.50958,-0.6998268,0.37721652,0.70692945,-1.1549746,0.3397607,0.50684685,-0.35804975,0.6225455,0.53177524,-0.5422363,-0.347515,-0.3399467,0.27936426,0.18217102,-1.1046857e-06,1.1564221e-07,-5.035057e-07,-6.4534356e-07,-5.185238e-07,4.972426e-07,1.8954508e-07,-4.6101363e-08,1.3451688e-07,-2.8761215e-07,4.609227e-09,-2.3569852e-07,1.2298467e-07,2.1105978e-07
22,-0.9484693,2.8198903,-2.668923,3.0770755,5.936822,1.5471247,3.1080322,2.0662367,-0.6093626,-3.0103984,-0.52596915,2.8930256,0.48027816,-0.26308787,-1.0543555,-0.7229845,0.74834514,0.5712321,0.062956676,1.4783027,-0.97490823,-0.6998268,2.2890248,0.18339972,-0.09162505,-0.09856446,-0.4932096,0.6998881,-0.10642134,0.2526635,-0.40638036,0.30787268,0.15609528,0.52683836,0.07554373,-0.08535129,1.4319783e-06,-5.129539e-08,3.7148234e-07,-6.666528e-10,6.0594243e-07,-1.9913381e-07,-1.7858474e-07,-1.7039125e-07,-1.6693392e-07,1.2028678e-07,8.8748095e-08,2.630823e-07,-5.0331053e-08,-5.0903004e-08
23,-2.722362,-1.5083334,0.17669052,1.1529708,7.140113,-0.96399516,0.3423497,-0.5747459,-0.34161878,-0.73836714,-1.8740456,1.0943604,1.6323452,1.0139072,-1.1982584,0.5182241,1.8626987,-1.1877575,0.4850639,-0.84612167,0.5493543,0.37721652,0.18339972,1.918913,0.25074878,-0.5228032,-0.16347662,-0.58368206,0.56390375,-0.6671593,0.34332842,-0.066385955,0.25848705,-0.18238953,-0.04140611,0.17683463,1.2817791e-06,4.440251e-07,4.3964798e-07,-4.7872743e-07,1.8408605e-07,-1.5688458e-07,8.353125e-08,-3.0946865e-07,8.459648e-08,1.5243535e-07,1.17246595e-08,9.71454e-08,-7.867663e-08,-1.3919464e-07
24,-6.6117725,0.18731783,0.86871123,0.028279468,0.4102085,-0.10562958,0.3714948,-0.1295096,0.48609903,0.8445786,0.98078394,0.75268924,-0.20722863,0.39616197,0.14842016,-0.48602962,0.33134317,-0.20487985,-0.6388803,-1.315764,-1.7946079,0.70692945,-0.09162505,0.25074878,2.8935812,-0.45545858,0.19657445,0.07594808,0.91759,1.0087141,-0.061344378,-0.45588684,0.6213013,-0.3748666,-0.10703885,-0.3299888,4.189452e-07,1.11423795e-08,-4.7389367e-08,4.159229e-07,-2.2591786e-07,4.5687977e-07,-9.977592e-08,-2.2837102e-07,5.2996143e-08,3.693086e-07,8.698686e-08,1.8257339e-07,-1.0157589e-07,2.4306505e-08
25,-1.41784,-1.3824823,1.9967659,-0.8429407,-5.658181,0.5342677,2.7774758,0.8047919,-0.13912906,-1.9952307,0.43708366,0.1742236,0.7311105,0.18761274,-0.17818755,0.8246194,0.7421365,1.7379382,-0.24394672,-0.43190593,-0.8336673,-1.1549746,-0.09856446,-0.5228032,-0.45545858,2.1752057,-0.19741654,-0.3008044,0.40495837,-0.5060992,0.4880823,0.06840581,-0.57868135,-0.07462833,0.13460404,-0.313572,-1.4721448e-06,6.0265826e-08,-3.3078672e-07,3.4700427e-08,-1.7561419e-07,2.144092e-07,-1.1706726e-08,2.6190227e-07,-7.323459e-08,-1.05134156e-07,-2.2128984e-07,-1.2122769e-07,7.631169e-08,-6.9833135e-08
26,3.2304368,-1.829172,-1.3434869,-2.8234224,2.5326948,-2.0004547,-0.21499494,-2.4960852,0.7518163,-0.42436248,2.475869,0.47946513,0.3505351,-1.8798926,1.0222067,0.8769573,-0.034571197,1.2828147,-1.5465707,-0.06460682,1.5239329,0.3397607,-0.4932096,-0.16347662,0.19657445,-0.19741654,2.3016393,-0.1804408,0.49051708,0.030628663,-0.49329183,-0.57474434,-0.13896826,0.19464973,-0.18310535,-0.19091284,-6.1317e-07,-1.533395e-07,-1.7527763e-07,1.6833718e-07,-4.6670425e-07,-2.2859703e-07,-1.497688e-08,9.373562e-08,-6.151899e-08,1.3804669e-07,7.4994865e-08,2.6312907e-08,4.369898e-08,2.4423287e-08
27,-2.7294838,-1.5888317,-1.3508127,0.8910289,0.93481576,-0.21081945,2.458824,0.3311938,2.4430025,0.2816918,0.71691227,0.515755,0.5975609,0.63581425,0.7131805,-0.59386325,-0.6990932,-1.6792786,-0.16081244,0.471821,0.14182398,0.50684685,0.6998881,-0.58368206,0.07594808,-0.3008044,-0.1804408,2.2255485,0.11793105,0.88773024,-0.097160324,0.18714538,-0.65719414,0.2218208,0.36633044,-0.06578499,-1.1118361e-06,-4.809003e-07,-7.538189e-07,-3.554552e-07,-9.6823236e-08,-9.584218e-09,-1.0956565e-08,2.8652903e-07,-1.10217634e-07,-3.123559e-07,1.00069784e-07,-2.5673444e-07,1.8127871e-07,1.6131577e-07
28,-0.30826616,-3.4918165,-0.54138935,0.19951352,1.7738533,-0.23532724,-0.06263916,-1.8019317,0.8122195,0.76987714,1.4090562,1.2118492,2.2691753,-0.14123023,-0.63557607,-0.12983245,1.0513799,0.7287948,0.055992253,-1.734095,-0.096619695,-0.35804975,-0.10642134,0.56390375,0.91759,0.40495837,0.49051708,0.11793105,1.4024729,0.18094645,0.15768175,0.03331273,-0.1252678,-0.09636413,0.28618255,-0.08996007,-4.1372022e-07,1.2970166e-07,-4.0348283e-07,-5.217913e-07,-2.733797e-07,-3.9093607e-08,-2.806227e-08,-5.7458152e-08,2.1714438e-08,-1.659675e-08,6.7667916e-09,-9.914463e-08,1.07306974e-07,-2.1891637e-08
29,-2.1801362,1.5318995,-2.3467116,-0.7059835,-1.2208256,0.6445421,-0.8385054,-0.85158473,-0.9656913,1.1217749,0.62765634,1.1078289,0.86462796,-1.5234382,0.49163693,-0.29414576,-1.1411312,0.24865142,0.26944697,0.74501073,-0.7132418,0.6225455,0.2526635,-0.6671593,1.0087141,-0.5060992,0.030628663,0.88773024,0.18094645,1.3882064,0.006126669,0.035171144,0.069985285,-0.12988898,0.13441154,-0.007587036,-1.998932e-08,-3.0744366e-07,-1.9699034e-07,1.4960726e-07,-9.588694e-08,1.546102e-07,-1.4133087e-07,-1.1536337e-07,-8.3839815e-08,5.832397e-08,1.5245092e-07,1.6672129e-08,-2.2019293e-08,1.2992314e-07
30,3.1415157,2.4039953,1.7035456,-1.8093433,1.7297392,-0.30796278,2.0817025,1.5195699,1.3387632,0.6863357,0.09038927,-0.5330143,0.9330971,-0.6034794,-0.15933889,-0.8119107,0.087651,0.5499715,0.5540921,0.7482101,0.0031216042,0.53177524,-0.40638036,0.34332842,-0.061344378,0.4880823,-0.49329183,-0.097160324,0.15768175,0.006126669,1.8568639,-0.2322475,-0.20734373,-0.5350288,0.03123236,0.10507454,-1.0409447e-06,3.428043e-07,1.5073947e-08,-4.3309606e-07,-2.4322765e-07,3.5135787e-07,7.165734e-08,-8.312635e-08,9.010702e-08,-8.170737e-08,-1.226594e-07,-1.9803817e-07,4.6086743e-09,6.8635866e-09
31,0.58529454,-1.4749427,-1.6306267,1.2862444,-0.681772,-0.2546462,-1.5841088,-0.38962752,-1.2647848,0.71263266,-0.0856477,-0.23358715,0.7898049,0.5041545,-0.30268064,-0.2795711,0.26692456,0.12503695,0.83323056,0.04856482,-0.35188413,-0.5422363,0.30787268,-0.066385955,-0.45588684,0.06840581,-0.57474434,0.18714538,0.03331273,0.035171144,-0.2322475,0.5178186,-0.063132405,0.15710522,0.23510745,0.1453686,1.9814289e-07,-9.463115e-08,-1.541599e-07,-2.839772e-07,2.0606282e-07,-1.310816e-07,-3.5906496e-08,2.4802258e-08,-9.775932e-09,-1.6689428e-07,5.453444e-09,-5.7098834e-08,6.2515554e-08,2.9800296e-09
32,-2.9248471,2.2095776,-0.06619023,-0.14865866,1.0306586,-0.7628377,-0.1404482,0.45556238,-0.77699935,-0.09777092,-0.0870872,-0.03251722,-0.60961056,-0.4094177,-0.32109392,-0.93946683,-0.43198633,0.3459487,0.07022018,-0.32192898,-0.43148643,-0.347515,0.15609528,0.25848705,0.6213013,-0.57868135,-0.13896826,-0.65719414,-0.1252678,0.069985285,-0.20734373,-0.063132405,0.7550078,-0.0024833404,-0.1580026,0.17279729,1.3969596e-06,2.2923967e-07,5.2322946e-07,1.2674585e-07,2.4384113e-07,-5.4719912e-08,-6.5001416e-08,-3.053065e-07,1.1135619e-07,1.9047447e-07,6.811944e-08,2.012583e-07,-1.2080653e-07,-2.1705606e-08
33,0.33226,-1.2377989,-1.345124,0.80577135,1.1111001,0.019517988,0.10976577,0.9328053,0.3153627,-0.4239569,0.51784146,-0.059310682,-0.425939,0.20600909,-0.12875739,-0.54022956,0.18816574,0.5147928,-0.4519683,0.10169163,0.19557098,-0.3399467,0.52683836,-0.18238953,-0.3748666,-0.07462833,0.19464973,0.2218208,-0.09636413,-0.12988898,-0.5350288,0.15710522,-0.0024833404,0.40705946,0.075715184,0.023668218,1.740901e-07,-2.7754368e-08,-7.545638e-08,-1.7231798e-07,1.3242884e-07,-2.236933e-07,-1.4980841e-08,7.289111e-08,9.1183966e-10,-1.0437766e-07,1.0763822e-08,9.2334735e-09,7.3153046e-08,3.3724565e-09
34,-2.2968178,-0.79020435,-0.6791948,0.62053776,-0.67688924,-0.1033206,0.0045311186,-0.78916,0.38505438,0.3045023,0.52656686,0.34105682,-0.30188245,0.30499512,-0.41888973,-0.1655631,0.35489258,0.6221179,0.35271418,-0.43464887,0.07280214,0.27936426,0.07554373,-0.04140611,-0.10703885,0.13460404,-0.18310535,0.36633044,0.28618255,0.13441154,0.03123236,0.23510745,-0.1580026,0.075715184,0.35813692,0.1838988,-1.6421026e-07,7.325693e-08,-2.4773456e-07,-5.8554184e-07,1.2280199e-08,-1.0931528e-07,7.498683e-09,-1.8156253e-08,4.7083617e-08,-2.2426318e-07,1.9493111e-08,-1.2955157e-07,1.1497049e-07,5.4595127e-08
35,-3.4581263,0.46461546,-0.15395665,-0.46035552,0.23244536,-0.7849927,0.077207595,-0.75694263,-0.4287688,-0.115417585,0.17616847,-0.2837388,-0.22214146,-0.264943,-0.3599144,-0.3165514,-0.44119364,0.2880916,0.53175473,-0.1895265,0.50407267,0.18217102,-0.08535129,0.17683463,-0.3299888,-0.313572,-0.19091284,-0.06578499,-0.08996007,-0.007587036,0.10507454,0.1453686,0.17279729,0.023668218,0.1838988,0.416671,5.775337e-07,2.5624473e-07,1.6950162e-07,-5.708192e-07,1.3146544e-07,-2.3583604e-07,2.5142057e-08,-1.833915e-07,1.2526266e-07,-1.5100895e-07,4.985964e-08,-5.5790935e-08,2.558128e-08,4.162488e-08
36,-8.541571e-06,1.5909297e-06,1.068104e-06,9.915639e-07,5.6087124e-06,1.959038e-06,1.3157562e-06,-3.5117423e-06,-3.501878e-06,-2.3753605e-06,-3.0826716e-06,4.5610063e-06,-2.5480435e-06,-2.6826442e-06,-1.0990391e-06,4.0129572e-07,3.4645583e-07,-6.483389e-07,2.2439312e-06,6.652161e-08,-5.3963373e-07,-1.1046857e-06,1.4319783e-06,1.2817791e-06,4.189452e-07,-1.4721448e-06,-6.1317e-07,-1.1118361e-06,-4.1372022e-07,-1.998932e-08,-1.0409447e-06,1.9814289e-07,1.3969596e-06,1.740901e-07,-1.6421026e-07,5.775337e-07,5.296876e-12,5.95078e-13,1.8814074e-12,1.0061326e-13,1.1690644e-12,-7.458797e-13,-1.5103061e-13,-9.901717e-13,8.657044e-16,6.0324066e-13,3.2574459e-13,7.528881e-13,-3.9956574e-13,-1.490269e-13
37,-1.8370376e-06,-1.6297275e-07,1.722216e-06,-5.9341426e-07,1.3248883e-06,3.2781286e-06,8.029631e-07,8.566253e-07,6.1358367e-07,-6.8011707e-07,1.5815192e-07,1.3672558e-08,-7.2220035e-07,-2.586016e-07,-1.1053211e-06,-3.4052272e-07,1.9186464e-08,7.100037e-07,1.2677306e-07,-7.959709e-07,2.757336e-07,1.1564221e-07,-5.129539e-08,4.440251e-07,1.11423795e-08,6.0265826e-08,-1.533395e-07,-4.809003e-07,1.2970166e-07,-3.0744366e-07,3.428043e-07,-9.463115e-08,2.2923967e-07,-2.7754368e-08,7.325693e-08,2.5624473e-07,5.95078e-13,6.372631e-13,3.404514e-13,-5.803949e-13,3.606513e-14,-1.7878104e-13,8.297814e-14,-2.4344852e-13,1.6531343e-13,-2.9849095e-14,-4.2752355e-14,2.2709336e-14,1.3496944e-15,-3.838779e-14
38,-9.360282e-07,2.5908942e-06,1.7403261e-06,-6.457737e-07,1.962907e-06,1.43819e-06,1.5863606e-06,-8.644153e-07,-9.798931e-07,-1.4784525e-06,-1.389682e-06,1.7050539e-06,-1.2967892e-06,-1.6501131e-06,-3.372288e-07,3.255687e-07,-2.2525774e-07,-1.5751067e-07,7.734638e-07,4.3845063e-07,-7.252756e-08,-5.035057e-07,3.7148234e-07,4.3964798e-07,-4.7389367e-08,-3.3078672e-07,-1.7527763e-07,-7.538189e-07,-4.0348283e-07,-1.9699034e-07,1.5073947e-08,-1.541599e-07,5.2322946e-07,-7.545638e-08,-2.4773456e-07,1.6950162e-07,1.8814074e-12,3.404514e-13,9.460423e-13,2.5499763e-13,3.9066612e-13,-2.0027183e-13,-3.2434877e-14,-3.9599557e-13,-7.795915e-15,3.2528044e-13,7.709423e-14,3.2448604e-13,-2.174858e-13,-8.600298e-14
39,3.4674113e-06,2.4917636e-06,3.8327767e-07,-3.7473419e-07,-2.209773e-06,1.084937e-07,-5.485193e-07,1.4545628e-07,-1.270655e-06,-2.9228147e-07,-1.5212033e-06,6.5324366e-07,1.3466746e-07,-6.718222e-07,1.1674216e-06,9.4714244e-07,-6.006339e-07,-1.1871896e-06,-3.8457665e-07,9.657505e-07,-8.307186e-07,-6.4534356e-07,-6.666528e-10,-4.7872743e-07,4.159229e-07,3.4700427e-08,1.6833718e-07,-3.554552e-07,-5.217913e-07,1.4960726e-07,-4.3309606e-07,-2.839772e-07,1.2674585e-07,-1.7231798e-07,-5.8554184e-07,-5.708192e-07,1.0061326e-13,-5.803949e-13,2.5499763e-13,1.5856708e-12,1.683995e-14,3.7724625e-13,-1.1967386e-13,1.3702911e-13,-2.5336132e-13,4.763486e-13,1.4812665e-14,2.8275196e-13,-2.3092983e-13,-6.5470104e-14
40,-2.274668e-06,2.3579014e-07,-6.023156e-08,7.272149e-07,1.0508379e-06,-5.9375986e-07,9.0283163e-07,-2.3757471e-07,-8.762488e-07,-6.894216e-07,-1.0103824e-06,9.313121e-07,-8.3660336e-07,-2.2936432e-07,-9.6936276e-08,-1.592168e-07,3.5396994e-07,-1.7403565e-07,6.8929774e-07,4.345607e-07,-3.7073238e-07,-5.185238e-07,6.0594243e-07,1.8408605e-07,-2.2591786e-07,-1.7561419e-07,-4.6670425e-07,-9.6823236e-08,-2.733797e-07,-9.588694e-08,-2.4322765e-07,2.0606282e-07,2.4384113e-07,1.3242884e-07,1.2280199e-08,1.3146544e-07,1.1690644e-12,3.606513e-14,3.9066612e-13,1.683995e-14,4.051682e-13,-1.5957361e-13,-4.9999782e-14,-1.5850233e-13,-2.5178783e-14,6.875406e-14,5.6824354e-14,1.5335998e-13,-7.339611e-14,-3.4764065e-14
41,6.71953e-07,1.6917506e-06,2.6272926e-07,6.1250114e-07,-1.496636e-06,-7.56541e-07,-3.6129524e-07,1.3490009e-06,9.409828e-09,4.165855e-07,-2.5597475e-07,-5.9332115e-07,2.683829e-07,7.4969387e-07,2.0036146e-07,-5.2507318e-08,1.2984343e-07,-4.185879e-08,-4.2029257e-07,3.178847e-07,-6.5161925e-07,4.972426e-07,-1.9913381e-07,-1.5688458e-07,4.5687977e-07,2.144092e-07,-2.2859703e-07,-9.584218e-09,-3.9093607e-08,1.546102e-07,3.5135787e-07,-1.310816e-07,-5.4719912e-08,-2.236933e-07,-1.0931528e-07,-2.3583604e-07,-7.458797e-13,-1.7878104e-13,-2.0027183e-13,3.7724625e-13,-1.5957361e-13,4.059894e-13,-1.4221061e-14,1.1789146e-13,-2.6749826e-14,4.7555262e-14,-6.521171e-14,-3.9415377e-14,-1.9202627e-14,1.06167686e-14
42,5.381045e-07,-6.9601526e-07,4.806683e-07,-9.04941e-09,-5.8408503e-08,3.8569232e-07,-8.663963e-08,2.4042458e-07,4.971712e-07,2.7130756e-07,-1.6370477e-07,-3.4254305e-07,-3.248613e-07,2.8038025e-07,-4.8143804e-08,4.3265228e-08,1.1295397e-07,-2.3278247e-07,-6.895601e-08,-1.8705481e-07,2.1531504e-07,1.8954508e-07,-1.7858474e-07,8.353125e-08,-9.977592e-08,-1.1706726e-08,-1.497688e-08,-1.0956565e-08,-2.806227e-08,-1.4133087e-07,7.165734e-08,-3.5906496e-08,-6.5001416e-08,-1.4980841e-08,7.498683e-09,2.5142057e-08,-1.5103061e-13,8.297814e-14,-3.2434877e-14,-1.1967386e-13,-4.9999782e-14,-1.4221061e-14,5.6099358e-14,2.980506e-14,3.5117488e-14,-4.6477846e-14,-2.708889e-14,-4.098049e-14,2.1986795e-14,-5.5589807e-15
43,2.1233736e-06,-1.0468402e-06,-5.200793e-07,8.021587e-08,-1.1825736e-06,-8.7043736e-07,-3.4199692e-07,7.691699e-07,6.2326006e-07,4.4115222e-07,3.7975803e-07,-1.1203238e-06,2.8499204e-07,9.682152e-07,4.7399533e-07,2.246341e-08,9.1818876e-08,-3.220332e-07,-4.977149e-07,8.3536236e-08,2.3080709e-08,-4.6101363e-08,-1.7039125e-07,-3.0946865e-07,-2.2837102e-07,2.6190227e-07,9.373562e-08,2.8652903e-07,-5.7458152e-08,-1.1536337e-07,-8.312635e-08,2.4802258e-08,-3.053065e-07,7.289111e-08,-1.8156253e-08,-1.833915e-07,-9.901717e-13,-2.4344852e-13,-3.9599557e-13,1.3702911e-13,-1.5850233e-13,1.1789146e-13,2.980506e-14,2.7992853e-13,-3.4159084e-14,-1.1114215e-13,-6.6195096e-14,-1.2266171e-13,7.65925e-14,1.3119942e-14
44,-1.2897481e-06,-6.15769e-09,2.5386365e-07,-1.4076113e-07,-7.588916e-08,-2.993757e-07,-6.2783827e-09,5.011693e-07,3.3215002e-07,1.5326947e-07,3.6832103e-07,-7.361262e-07,-2.1247834e-07,3.7483073e-07,-2.1318013e-07,-4.224534e-07,-1.1993629e-07,1.9460472e-07,-1.2462698e-07,-3.8922946e-07,1.1256742e-07,1.3451688e-07,-1.6693392e-07,8.459648e-08,5.2996143e-08,-7.323459e-08,-6.151899e-08,-1.10217634e-07,2.1714438e-08,-8.3839815e-08,9.010702e-08,-9.775932e-09,1.1135619e-07,9.1183966e-10,4.7083617e-08,1.2526266e-07,8.657044e-16,1.6531343e-13,-7.795915e-15,-2.5336132e-13,-2.5178783e-14,-2.6749826e-14,3.5117488e-14,-3.4159084e-14,9.910418e-14,-7.9471084e-14,-1.8644225e-14,-5.19268e-14,3.144347e-14,1.29342854e-14
45,9.583998e-07,7.319207e-07,4.258936e-07,-4.4002405e-07,8.6366265e-07,7.5307673e-07,2.2210796e-07,-5.40922e-07,-5.5971293e-07,-3.342349e-07,-6.719399e-07,1.031277e-06,-1.5812592e-08,-8.053064e-07,1.5970002e-07,4.3303635e-07,5.7148767e-08,-3.209276e-07,1.2738775e-07,2.1938752e-07,-3.111196e-07,-2.8761215e-07,1.2028678e-07,1.5243535e-07,3.693086e-07,-1.05134156e-07,1.3804669e-07,-3.123559e-07,-1.659675e-08,5.832397e-08,-8.170737e-08,-1.6689428e-07,1.9047447e-07,-1.0437766e-07,-2.2426318e-07,-1.5100895e-07,6.0324066e-13,-2.9849095e-14,3.2528044e-13,4.763486e-13,6.875406e-14,4.7555262e-14,-4.6477846e-14,-1.1114215e-13,-7.9471084e-14,2.7112793e-13,3.5497003e-14,1.8911205e-13,-1.2810152e-13,-5.544715e-14
46,-8.3934367e-07,4.7458548e-07,-3.7189625e-07,-1.6469644e-07,4.2267558e-07,-2.666934e-07,1.4194777e-07,-8.436004e-07,-7.954055e-08,-2.7964921e-08,-2.6735096e-08,5.4246186e-07,-1.4501657e-07,-3.7333376e-07,8.5098435e-08,6.612625e-08,-1.5964739e-07,-1.4669303e-07,1.8651843e-07,3.2287968e-08,7.8990325e-08,4.609227e-09,8.8748095e-08,1.17246595e-08,8.698686e-08,-2.2128984e-07,7.4994865e-08,1.00069784e-07,6.7667916e-09,1.5245092e-07,-1.226594e-07,5.453444e-09,6.811944e-08,1.0763822e-08,1.9493111e-08,4.985964e-08,3.2574459e-13,-4.2752355e-14,7.709423e-14,1.4812665e-14,5.6824354e-14,-6.521171e-14,-2.708889e-14,-6.6195096e-14,-1.8644225e-14,3.5497003e-14,5.947865e-14,3.8377972e-14,-2.045953e-14,1.636821e-14
47,2.4298007e-08,4.1873875e-07,2.66004e-07,-3.2240994e-08,7.878522e-07,8.211679e-07,1.9904562e-07,-4.1613657e-07,-6.739319e-07,-5.021043e-07,-5.2084937e-07,9.0628566e-07,-5.2594913e-07,-6.018737e-07,1.178059e-08,3.0207934e-07,1.6574924e-07,-3.6146027e-08,2.0062083e-07,2.6374474e-07,-3.1049575e-07,-2.3569852e-07,2.630823e-07,9.71454e-08,1.8257339e-07,-1.2122769e-07,2.6312907e-08,-2.5673444e-07,-9.914463e-08,1.6672129e-08,-1.9803817e-07,-5.7098834e-08,2.012583e-07,9.2334735e-09,-1.2955157e-07,-5.5790935e-08,7.528881e-13,2.2709336e-14,3.2448604e-13,2.8275196e-13,1.5335998e-13,-3.9415377e-14,-4.098049e-14,-1.2266171e-13,-5.19268e-14,1.8911205e-13,3.8377972e-14,1.7640621e-13,-9.6153256e-14,-4.3297593e-14
48,2.9233505e-07,-7.0456537e-07,-3.3285176e-07,2.698048e-07,-1.3649971e-07,-1.8164948e-07,-2.0132791e-07,2.5618868e-07,5.4235113e-07,3.0849282e-07,5.443281e-07,-4.3563597e-07,2.1647162e-08,4.1189423e-07,-8.284173e-08,-2.5205935e-07,1.03709844e-07,2.4695743e-07,-1.6970696e-07,-2.0865559e-07,1.4963364e-07,1.2298467e-07,-5.0331053e-08,-7.867663e-08,-1.0157589e-07,7.631169e-08,4.369898e-08,1.8127871e-07,1.07306974e-07,-2.2019293e-08,4.6086743e-09,6.2515554e-08,-1.2080653e-07,7.3153046e-08,1.1497049e-07,2.558128e-08,-3.9956574e-13,1.3496944e-15,-2.174858e-13,-2.3092983e-13,-7.339611e-14,-1.9202627e-14,2.1986795e-14,7.65925e-14,3.144347e-14,-1.2810152e-13,-2.045953e-14,-9.6153256e-14,7.7024216e-14,2.4682081e-14
49,-1.0166082e-06,1.8833124e-07,1.446848e-07,1.1931911e-08,-3.390344e-07,-2.5512844e-07,9.642211e-10,-1.0393431e-07,1.1924926e-07,4.0006285e-08,3.9961262e-07,-2.0759416e-07,-1.2786973e-07,1.4169441e-08,1.01240694e-07,-1.2653578e-07,-2.6956639e-07,8.1451304e-08,-4.6402704e-08,3.033726e-08,7.374608e-08,2.1105978e-07,-5.0903004e-08,-1.3919464e-07,2.4306505e-08,-6.9833135e-08,2.4423287e-08,1.6131577e-07,-2.1891637e-08,1.2992314e-07,6.8635866e-09,2.9800296e-09,-2.1705606e-08,3.3724565e-09,5.4595127e-08,4.162488e-08,-1.490269e-13,-3.838779e-14,-8.600298e-14,-6.5470104e-14,-3.4764065e-14,1.06167686e-14,-5.5589807e-15,1.3119942e-14,1.29342854e-14,-5.544715e-14,1.636821e-14,-4.3297593e-14,2.4682081e-14,3.8858958e-14
