,0,1,2,3,4,5,6,7,8,9,10,11,12,13,14,15,16,17,18,19,20,21,22,23,24,25,26,27,28,29,30,31,32,33,34,35,36,37,38,39,40,41,42,43,44,45,46,47,48,49,50,51,52,53,54,55,56,57,58,59,60,61,62,63,64,65,66,67,68,69,70,71,72,73,74,75,76,77,78,79,80,81,82,83,84,85,86,87,88,89,90,91,92,93,94,95,96,97,98
0,434.12775,3.8574772,-37.19696,-6.6109214,12.101734,-7.1229,6.6030073,4.834525,-1.1263258,-21.566746,1.063397,2.3430758,13.790213,-5.470229,7.3581576,-3.1508284,3.1642323,-16.12523,-5.9738884,1.8603635,9.204905,8.588078,0.46537983,-3.186464,0.19170171,5.4949036,9.218747,1.2633784,-4.206984,-2.6610007,-3.7110868,-1.0299073,1.5589285,2.093777,-3.482057,0.7914456,0.8199822,-4.0393505,-0.2124905,-2.2266374,-2.8214746,-0.45873797,1.1615807,-0.8152063,1.0191978,1.8036654,0.45760798,1.9758921,-0.5857446,3.5587559,-0.75729036,1.5956321,0.5957694,0.59150255,-0.96110964,-1.8122029,-1.7437212,-1.1445587,0.8563822,-0.77602756,-0.78592336,0.7284807,0.04045265,-0.9389832,2.1120856,1.5599618,-2.1990027,-1.0717715,1.4893038,1.5409075,-0.9080559,-1.4059681,0.018301504,0.9531243,-1.1986127,-0.08764325,-1.3468466,0.759398,-0.75921404,1.3884611,-0.17071578,-1.8809144,0.13181701,-0.9088618,0.41826606,1.2011876,1.269608,-0.4910758,-0.28262025,0.48398638,-0.31464535,0.111423835,-0.34484577,1.4857526,0.20483683,0.05915021,-0.5312525,0.7318486,0.041968882
1,3.8574772,108.654205,-36.57836,11.008105,-5.064956,-13.843101,4.5487576,9.026871,2.3133569,-2.8495615,-2.9769878,2.0155172,-2.9343581,2.6996431,-0.97605443,2.2306309,-6.5482225,0.36448514,5.0756416,2.3871317,-1.6125952,-3.1446252,-0.85470307,-0.6975435,0.04057481,-0.29210696,-1.8875989,-0.203682,0.4884262,1.8523419,-0.43511772,-0.29814312,0.42704543,1.5501276,-1.853925,0.15337133,-1.0046786,1.5459809,-1.7324868,0.7736268,-1.238117,0.5049813,-1.0748005,-1.222745,-0.18655801,-0.61404014,0.34432897,0.06434782,-1.3422768,-1.3524435,0.3807096,-1.0087899,0.27650005,-0.010047451,-0.48097253,-0.97121704,0.7388555,-0.38913172,-0.470551,0.21563843,-0.38002717,0.44099057,-0.24436629,0.28055447,-0.13513002,0.11360637,-0.11708209,-0.12802319,-0.7916409,-0.1557267,0.5800662,0.22531345,0.10656845,0.031154351,-0.000106404696,-0.33150327,-0.51748717,0.016110724,0.48272753,-0.25670454,0.4562069,-0.3331759,0.07490994,0.28396574,-0.13139892,-0.14368176,-0.6649619,-0.1906296,-0.14653121,-0.028507974,-0.2327595,-0.042022854,-0.33759356,-0.5281656,-0.02717298,-0.04953394,-0.118358776,-0.13349694,-0.000737633
2,-37.19696,-36.57836,42.610035,-4.910262,-13.262784,-14.237576,7.293335,-4.5965424,-0.31053537,-3.858508,5.2596235,1.6915178,3.210579,-3.5311446,-3.5976448,2.255332,-0.8671605,0.1968917,-1.6631198,0.25135896,-0.44442374,-0.4901743,-0.03085607,-0.52545756,-0.68772405,-1.7938244,0.974525,-0.6461284,-1.0750089,-0.047707625,-0.041772194,-0.026083553,-0.26154578,-1.188936,-0.8211994,0.8548597,1.0475863,0.03306421,-0.29047,-0.29645774,1.6419747,2.0998833,1.9497002,0.41246325,0.48542333,-0.14700991,0.48919734,0.68299913,0.5299973,-0.3353243,0.63275325,0.6477085,-0.33533,-0.614575,0.07172161,0.21204928,-0.1684768,0.5743538,0.63443685,0.1568794,-0.13629067,0.4668836,-0.5209788,-0.05705457,0.2971703,-0.55897164,0.7059102,0.7854692,0.24796724,0.19551787,0.21987808,-0.2896508,0.067287445,-0.24203138,-0.12970039,0.4102435,0.25212198,-0.0339761,0.17929012,-0.073363364,-0.07765731,0.24737728,-0.3982174,0.17694533,0.22675985,0.00020053788,0.011009492,-0.23926198,0.046100825,0.09599379,0.21147786,-0.14778209,0.0055259475,0.13420199,0.11327694,-0.17706603,0.109255575,-0.03180389,-0.026509415
3,-6.6109214,11.008105,-4.910262,61.92441,6.849613,1.3177047,13.044103,-9.668053,-1.7613983,3.5745022,2.4642367,-0.54553133,0.08923644,2.4965386,3.6048746,2.090002,8.850958,-3.5651684,2.6336727,-2.1036906,-0.33768696,-1.2947822,1.8860172,0.43771416,-2.5497136,-0.52783227,-0.2343321,0.13126788,0.44281924,0.74253,-0.1664035,-0.9808382,0.8896526,-0.9194868,0.51535213,0.5440422,0.011689037,-0.9912139,-0.66484827,-0.0057348832,0.6654992,1.1747075,1.0916821,1.3189621,0.80069876,-0.18469743,1.2768333,-1.2919346,0.6661558,0.33579588,-0.73890597,0.32905942,0.13773152,-0.85225296,0.067764,-1.1481637,0.020136692,-0.59472466,-0.18807888,0.64293987,0.35159805,0.71737885,-0.15961798,-0.25330383,0.080147825,-0.49087262,0.64757216,0.9203743,0.03269083,-0.04454018,0.4406681,-0.19830064,-0.2849787,-0.24411991,0.055056553,-0.37506428,0.15173241,0.15417957,0.34058177,0.42604846,0.3432726,0.28065813,-0.16901883,0.44840318,-0.03741871,-0.15919706,-0.07984303,0.042843416,-0.1714034,0.045552943,0.044883877,-0.43911803,0.1618458,0.04469394,0.29053113,0.23911187,0.034497596,-0.25835052,-0.114566796
4,12.101734,-5.064956,-13.262784,6.849613,30.307236,10.597563,-12.331125,-6.0479093,-0.013019434,-0.4717247,0.46365649,2.9647918,-5.143776,-3.8353832,-0.83705497,0.15121917,0.37405315,-2.0276232,-0.54746324,-0.23585819,-1.9857855,0.4525789,1.0210217,-0.18392095,-0.13730362,-0.7646042,0.10874626,-2.0055366,-0.6631673,-0.013162873,-0.3215832,-0.68660134,0.9248558,-0.8533789,-0.90214634,1.5888048,-0.5516161,-0.48491323,-1.1596088,-0.46496758,0.21023133,0.42597193,-1.6908581,0.12525946,0.06957744,0.6161207,0.95648086,-0.15028894,0.29903352,0.07240385,-0.46387345,-0.29369286,0.65877575,-0.26721904,0.5078317,1.0333133,0.29871282,-0.25491118,-0.29132232,-0.29972002,0.12499286,0.050028555,0.17696942,-0.11282926,-0.3875225,0.6722264,-0.27963215,-0.08972424,0.10234717,-0.3342015,-0.3152876,0.22280201,-0.50448596,-0.04570858,-0.32429767,-0.4633674,0.25053966,-0.3264622,0.49888396,-0.43969363,0.2431079,0.56625104,0.037610985,0.085120626,0.15440825,0.04757159,0.16802901,0.10934973,0.049657658,-0.13839313,0.39625096,0.0062675662,-0.23487692,0.21310225,-0.41608727,-0.14045551,0.044953074,-0.24204811,-0.030964065
5,-7.1229,-13.843101,-14.237576,1.3177047,10.597563,35.081078,-5.8252563,7.0304165,-0.48525226,4.1504617,-2.9735184,-4.9844313,4.0071173,4.162407,-1.2745614,1.3589349,2.0872946,-0.63195574,-1.0657668,1.9827373,0.09009834,-0.9780288,0.093195185,-2.3345392,-0.34857675,0.27162898,-0.046414446,1.7142478,0.8983383,-1.0793877,1.8776087,1.4999199,0.26872307,-0.7340808,-0.2918371,-1.1141126,-0.031100273,-0.16579404,0.43468028,0.65077424,-0.15700085,-0.26648057,-1.4249219,0.10580197,-0.02295878,0.24044043,0.16695148,0.35012993,0.07694997,0.12295601,-1.246845,0.20026323,-0.6089738,-0.6624821,-0.07876304,0.021376573,0.6637775,-0.35371256,-0.24603663,0.41817594,-0.08487949,0.19063005,-0.29974014,0.5553261,-0.6024995,-0.78172904,-0.24372628,0.46752867,-0.19386277,-0.23670602,-0.043092627,-0.23081613,-0.18845762,0.14352933,0.22894192,0.2695295,-0.07767756,0.2568485,-0.2511789,0.21992926,-0.02668814,0.31689322,0.26849678,0.22551751,-0.029782983,-0.025092907,-0.14575896,0.10855323,0.29260933,0.1570548,0.30247432,0.11144757,0.012489756,-0.3808022,-0.17283374,-0.20804295,-0.1942953,-0.15744866,-0.0612124
6,6.6030073,4.5487576,7.293335,13.044103,-12.331125,-5.8252563,15.198672,4.26289,-6.731247,-1.4782393,2.9112267,-0.5001338,1.5751936,2.7043738,-1.243057,-0.3102421,1.2338831,-0.84994555,0.60734254,0.24859805,0.3889392,2.1517453,0.072669394,-0.69061357,-1.613801,-0.72891665,0.1843468,0.3607071,0.9834048,-0.280666,0.4528866,-0.8060634,-0.22047997,0.28902322,0.4871876,-0.23369128,0.29489642,-0.05192396,0.23474328,-0.29878497,-0.006719932,0.0017804943,0.675601,0.42088035,0.12518138,0.29141527,0.116267085,-0.15689397,0.36890987,0.56303334,-0.46291977,0.54335296,-0.65467495,-0.5805483,-0.01096607,-0.24184863,-0.24709481,0.10090066,0.07039417,0.772047,-0.06376837,0.7509194,-0.32913038,0.30550358,-0.18466775,0.051588945,-0.00094431324,0.21210349,-0.10770059,0.544925,0.51807237,-0.32120156,-0.11223583,-0.006813256,0.22549933,0.061426375,0.09627551,0.32458434,-0.1684998,0.3725533,-0.23390731,-0.26283902,0.0023982697,0.23066966,0.0023450155,0.10322204,0.10145572,-0.036260623,0.09177476,-0.060811445,-0.13097198,-0.21390142,0.12469843,-0.06202712,0.2631265,0.03819979,0.050516255,-0.050157882,0.04129158
7,4.834525,9.026871,-4.5965424,-9.668053,-6.0479093,7.0304165,4.26289,15.61041,-8.211884,1.6907794,2.7758317,0.7478855,0.99153554,1.8674874,2.15794,-1.8933861,-2.599995,-0.5785994,-0.08422344,3.1441867,1.0818434,-0.054611176,-1.4691291,-2.3931875,0.008420077,-1.2395179,-0.14884874,0.92796516,0.122958854,0.023440061,0.7970977,0.27679586,-0.45969653,-0.18714246,-0.021391906,-1.1270871,0.309641,-0.092056505,-0.082160875,0.5921127,-0.21302468,-0.89958304,-0.40498006,0.08553927,-0.08849496,-0.0426932,-0.06570089,0.8270731,0.05678448,0.07552145,-0.4010678,-0.035312045,-0.7194215,-0.3859806,0.41667432,0.6147665,-0.13314006,-0.13340256,0.4730988,0.11091969,-0.4568894,0.041084707,-0.055155214,0.46969286,-0.40022773,0.05176574,-0.41566658,0.04854099,-0.16947764,0.0798506,0.23440728,-0.382839,-0.012001448,0.2739257,0.15658599,0.6137073,0.21858692,0.23749295,0.05400166,0.03120207,-0.28703052,0.17417647,0.12093556,0.2088176,0.20616476,-0.028055552,-0.12808543,0.20537296,0.18752502,0.10946202,0.038493782,0.14684777,-0.12072736,-0.2224517,-0.11579363,-0.16043371,-0.023500912,-0.3418303,0.056029707
8,-1.1263258,2.3133569,-0.31053537,-1.7613983,-0.013019434,-0.48525226,-6.731247,-8.211884,16.480024,-0.9989565,-0.07897076,-0.48101968,1.0747931,1.3261695,-2.640327,0.089328185,-1.0958755,-0.43029305,-0.03484066,-2.7602046,1.5380138,-3.0023363,0.86774886,-0.09170739,0.5855856,1.2559711,0.09242971,0.78095335,-0.8331959,0.42104113,-0.14570299,2.5580974,0.21007617,0.23425198,-0.0054161157,0.3391034,0.050790258,0.5714202,0.41909236,1.0180752,-0.47189417,0.7427598,0.16098136,0.45482802,-0.22103521,-0.9509989,0.62095475,0.2668212,-0.3074853,0.34118104,0.5466282,-0.20473139,0.74160004,-0.055439416,-0.6930433,-1.1682162,0.516469,0.13028345,-0.7015323,-0.5277672,-0.35876048,-0.4663366,-0.23180363,-0.117877275,0.30465946,-0.64085627,0.6773174,0.3808924,-0.016629871,-0.30089247,0.011217941,0.17308764,0.62804997,-0.14482465,-0.25211447,-0.38989526,-0.17233774,-0.12136551,-0.22436759,0.34874207,0.45394337,-0.23874998,0.24312612,-0.24516022,-0.13283643,-0.29315764,0.42946422,-0.08712159,0.105253965,0.13071886,0.1502496,0.02458471,-0.14154649,0.04706612,0.15493852,0.069256276,-0.10435,0.45968017,-0.058049507
9,-21.566746,-2.8495615,-3.858508,3.5745022,-0.4717247,4.1504617,-1.4782393,1.6907794,-0.9989565,14.914661,1.3496697,2.097103,0.42849356,0.6443212,5.51265,-0.3713349,-0.9496038,0.061465837,-1.1895714,-0.21404001,-0.025459852,-0.22485366,-0.67337185,0.2609114,-0.7513627,0.39190564,-2.6528738,1.419086,0.71099716,-0.9628097,-0.2899946,-0.41897106,0.39608523,0.12502506,0.6264691,0.21490785,-0.66332924,-0.23863816,0.31252128,0.11956683,-0.33142778,-0.729393,-0.19547462,-0.30777192,0.49191323,-1.1158178,-1.1026468,-0.5478931,-0.50049746,1.0183264,0.47446382,-0.34732914,-0.21593916,0.11169422,0.23855436,-0.21314326,-0.039406538,-0.29055187,-0.77285516,-0.06246042,0.32385412,-0.37685212,-0.11675176,-0.30929506,0.32751793,-0.38282338,0.60351163,-0.5076928,0.03115443,0.27635258,-0.33298266,0.23043552,0.124769196,-0.32905513,-0.084322944,-0.14454836,-0.3493414,-0.12754811,0.20004116,0.14397979,-0.20652677,0.11271694,-0.010653763,0.0916041,-0.20888245,-0.15867671,-0.06674689,-0.22504139,0.0027860277,0.037475206,0.036855694,-0.28165716,-0.057484023,0.4330433,-0.111548185,0.19747424,0.16793974,0.08325718,0.15197119
10,1.063397,-2.9769878,5.2596235,2.4642367,0.46365649,-2.9735184,2.9112267,2.7758317,-0.07897076,1.3496697,17.35808,2.6207337,-1.4541087,-2.486639,1.2879533,-1.6766827,-0.21671984,-1.1536691,1.2124491,0.016698219,1.6042736,2.1044683,1.1549773,-1.8932027,-0.8815582,0.21771759,-1.2578619,0.06288645,-1.862499,0.018167045,0.13539353,1.0350688,0.24089581,-0.1542244,-0.8524499,-0.46085927,-0.6663043,0.86160266,-0.33433753,0.45960233,-0.23957369,0.5122098,-0.1919663,-0.6524473,0.50652266,-0.07871276,0.26586974,0.21292284,0.7035941,0.94828796,-0.6276375,-0.14873074,0.41964498,-0.25387156,0.35885775,-0.121723086,0.60767734,0.109896086,-0.52083063,-0.31405634,-0.255233,-0.70152074,0.07068521,0.43515396,-0.6169201,-0.42519534,0.2495349,0.21089625,-0.18307018,0.0135109,-0.0007547304,0.24755403,-0.17193186,-0.33903423,-0.02917307,-0.2792518,0.08453326,0.38217574,-0.14588027,-0.16550083,0.017106678,0.031358495,0.46529424,0.05899688,0.075664185,-0.36152846,-0.0040118215,-0.110255465,0.1204808,0.18449284,0.13168314,0.22717147,-0.11454811,-0.25914377,-0.38835877,-0.24264397,-0.212779,0.14902802,0.23512447
11,2.3430758,2.0155172,1.6915178,-0.54553133,2.9647918,-4.9844313,-0.5001338,0.7478855,-0.48101968,2.097103,2.6207337,10.071651,-2.5515203,0.1951541,1.090051,-2.1293223,-0.8602261,1.2153505,-0.33941147,-0.84838164,1.4043797,-1.0237175,-0.268334,1.0289357,0.91465384,-0.30404228,0.0657695,0.39688408,-0.81457555,0.9669025,0.4371127,-0.6274374,0.13424885,-0.14859286,0.10109113,0.043030396,0.8777031,-0.5450889,-1.4726833,0.05155428,0.4079827,0.23545827,-0.59761184,0.1988267,-0.0867325,0.92065454,-0.1652405,0.792531,-0.06685922,0.24523768,0.04715591,0.5707114,-0.4189039,-0.71545506,-0.62096584,0.1440022,0.12216997,-0.08396615,-0.10919416,-0.1250996,0.3842037,0.30847254,0.1958701,0.15268856,-0.18270734,-0.00854855,-0.10458904,0.2029451,-0.02170502,0.46387368,-0.55607605,-0.20654947,0.1871288,-0.24652582,0.18058631,-0.08748163,-0.10444194,-0.17895278,0.16010067,0.13690305,0.06435422,0.42910612,-0.08204153,-0.0033264996,-0.08017056,0.3013985,0.046016973,-0.06396027,0.13818043,-0.08165917,0.3112341,-0.1780722,-0.36823606,0.5354365,-0.044435985,-0.34170464,-0.023120923,-0.15143447,0.28495586
12,13.790213,-2.9343581,3.210579,0.08923644,-5.143776,4.0071173,1.5751936,0.99153554,1.0747931,0.42849356,-1.4541087,-2.5515203,13.22319,1.1322415,0.97172105,0.8868858,-1.8810089,-0.8612313,1.5837396,-0.9792811,-2.1948633,0.6356345,0.94159114,0.43873984,0.9400188,0.23639885,-0.364349,0.5316434,0.17148164,0.6069467,0.1688621,0.022817668,0.45834297,-0.25008377,-0.4063298,-0.40396896,-0.7195647,-0.3816773,0.22617283,0.034106415,0.48051146,1.1238587,0.3516658,-0.30760723,0.51329815,0.25116605,0.037695564,-0.012544911,-0.23640734,-0.019235222,0.23755263,0.18272877,0.258955,-0.5061512,-0.3111933,-0.31901398,0.19391581,-0.42237335,0.27648556,0.33272153,-0.45293742,-0.63268757,-0.26903832,-0.29120934,0.4716807,-0.29369444,0.11885135,0.067368306,-0.05604753,-0.024031483,-0.17221065,-0.0679823,-0.16973,0.049990088,0.052903235,0.10001753,-0.085335135,0.14608449,0.3222143,0.4022258,-0.006711335,0.20693684,-0.3580429,-0.13932835,-0.18535924,0.051286925,-0.22666602,-0.0060067168,0.019657983,0.030707477,0.32992858,0.007470532,-0.20054132,0.21673822,-0.3365729,-0.37748712,-0.16905603,-0.13968563,0.081555314
13,-5.470229,2.6996431,-3.5311446,2.4965386,-3.8353832,4.162407,2.7043738,1.8674874,1.3261695,0.6443212,-2.486639,0.1951541,1.1322415,10.596944,-1.8661418,-3.5295358,0.16226384,3.17002,-0.27559108,-0.77654445,0.36370715,-0.6621279,1.4012431,-0.37747735,-0.61048263,-0.48754382,0.04927919,-0.28467524,-1.5677503,-0.42454505,-0.8714216,-0.5888995,-0.012439048,0.24579212,-0.074589506,-0.11277373,-0.013231172,-0.6738472,0.42363,-0.06774962,-0.88913786,-0.8068167,0.2607898,0.57249135,0.30690026,0.2972008,0.626521,-0.3662373,0.56950736,0.30213237,-0.35683674,0.13875726,-0.07686706,-0.6548022,-0.42074192,0.07776962,0.71932685,-0.045704477,0.30503085,-0.14363787,-0.037180953,-0.11905298,-0.13513753,0.026467092,0.06121808,-0.041735873,-0.21200365,0.22785053,-0.15118031,-0.00051055197,-0.34509456,-0.07917574,0.29315954,-0.081237674,0.065254614,0.19708732,0.14651036,-0.11626053,-0.16781294,0.30004388,-0.05897879,-0.23341474,-0.2459321,-0.2514506,0.048595868,-0.003908186,0.2700321,0.053559385,0.24765462,0.056216612,0.087062486,-0.2129409,0.15931389,0.013388328,0.033426452,0.09805392,0.16444676,0.07659696,-0.022576934
14,7.3581576,-0.97605443,-3.5976448,3.6048746,-0.83705497,-1.2745614,-1.243057,2.15794,-2.640327,5.51265,1.2879533,1.090051,0.97172105,-1.8661418,11.965685,-2.2183652,1.183547,0.5423664,-0.98110205,-0.42650834,-0.6542301,-1.9187121,-0.8323862,-0.32318318,0.6920097,-0.21711269,0.5705235,-0.698907,-0.090054244,0.9597062,-0.033288263,0.1522366,0.21676543,0.59703803,0.1537118,-0.234541,-0.12011734,-0.41447586,0.430624,-0.09263929,0.74353886,-0.19348979,0.61583865,-0.030495405,0.1417729,-0.08083029,-0.5336727,-0.00412259,-0.35017067,-0.029764794,-0.29684806,0.32115626,0.25788915,0.5440024,-0.30394882,-0.14691645,-0.2753995,0.01435775,0.0019303734,-0.4601247,-0.35112435,-0.32256472,0.08613688,-0.13956413,0.20061031,-0.043562725,0.2090845,-0.09314297,0.3536854,-0.31450963,-0.12465646,-0.0901648,0.16602628,0.35450733,-0.26402697,0.22408497,-0.1682663,-0.3067761,0.058222756,-0.1504491,0.040015906,0.10096497,0.018277962,-0.07634907,-0.21918756,-0.11864871,-0.11343418,0.13221459,-0.12927254,-0.16195567,-0.08733165,0.053487234,0.007574716,-0.16365793,0.009868484,-0.09062977,-0.24365166,-0.034808226,-0.10212306
15,-3.1508284,2.2306309,2.255332,2.090002,0.15121917,1.3589349,-0.3102421,-1.8933861,0.089328185,-0.3713349,-1.6766827,-2.1293223,0.8868858,-3.5295358,-2.2183652,9.58868,0.6039069,-0.6672054,-0.225643,-0.017275065,-0.67555535,-0.6527541,-0.6830125,-0.81371534,-1.3046682,0.31561866,-1.1859217,0.33171123,-0.10216497,0.9482422,-0.70404947,-0.6623989,0.03011173,-0.28523326,-0.46263522,-0.8380692,0.59802425,-0.20538092,-0.5870751,-0.62327427,-0.29072118,-0.013759293,-0.03335162,-0.45073554,0.82503563,-0.41380516,-0.652027,0.61613816,0.22596946,0.25021926,0.75260293,0.5329617,-0.14810815,0.65907806,-0.046980534,-0.13875122,-0.19499603,0.077366866,-0.11994489,0.019504707,-0.075799406,0.31131166,0.044397913,0.011424875,-0.48377717,-0.7104162,-0.19458339,-0.09217091,0.078088716,0.18038441,0.025754184,-0.119064376,-0.049697783,0.27690238,-0.07603033,0.12510493,-0.36877716,0.0023634443,0.102807395,0.038173124,-0.008622551,-0.2816521,0.079923674,0.106856294,-0.11436133,0.27774006,-0.11973919,-0.05063592,-0.26135302,0.06900773,-0.09931728,-0.0140188085,-0.24836585,-0.22393586,-0.091163024,-0.09789817,-0.16431758,0.0558523,0.031451516
16,3.1642323,-6.5482225,-0.8671605,8.850958,0.37405315,2.0872946,1.2338831,-2.599995,-1.0958755,-0.9496038,-0.21671984,-0.8602261,-1.8810089,0.16226384,1.183547,0.6039069,7.305686,0.594036,0.45313215,0.42284685,0.28198355,0.1815286,-0.7776836,1.7023774,0.12392318,-0.4014577,0.68824625,0.47152165,-1.0927219,-0.22303766,0.54604995,0.5312091,-0.6229311,-0.26361072,0.1695433,-1.1869609,-0.078588784,-0.6881268,-0.14494321,0.54994714,-0.4905821,-0.00132253,0.18903346,-0.17925778,0.3682925,0.29335284,-0.49261427,0.4489589,-0.29624972,-0.6273072,-0.036907353,0.16091415,0.15153778,0.104433775,-0.16334072,-0.32252192,0.20301583,0.4270141,0.37494737,-0.113209054,0.13868071,-0.025360059,0.12250889,0.39049658,-0.032246597,0.08093016,-0.18863453,-0.21324891,-0.19131657,0.110979855,0.05189337,0.060220838,0.12605399,-0.07730268,0.32782698,0.004470954,-0.19539478,0.12133682,-0.3088138,-0.14856859,-0.115133405,-0.23683359,-0.03584411,-0.13614097,0.11047432,0.09193228,-0.052396134,-0.17186728,-0.15443349,0.09881692,-0.09992108,-0.09138763,0.39070988,-0.059090517,0.14661321,0.09045488,-0.027891,0.074287266,0.036951505
17,-16.12523,0.36448514,0.1968917,-3.5651684,-2.0276232,-0.63195574,-0.84994555,-0.5785994,-0.43029305,0.061465837,-1.1536691,1.2153505,-0.8612313,3.17002,0.5423664,-0.6672054,0.594036,6.982962,-1.050131,0.101758175,-0.30957446,-0.118043974,0.08750651,1.2639012,-0.5778357,0.932315,-0.13551147,-0.58651817,-0.72135186,-0.12614183,-0.694613,-0.44871002,0.48372316,0.573031,-1.0129224,-0.31530672,0.6586511,-0.6867945,-0.13999557,-0.2974558,0.14704487,0.34392655,-0.45033225,-0.49845672,0.5513718,1.0596528,-0.083642274,0.4071806,-0.17984535,-0.03318227,-0.28281805,0.48781314,0.3599859,0.05846682,-0.41453496,0.090272695,-0.2465451,-0.2730057,-0.1785004,0.13144639,0.024040334,-0.29674703,0.26950404,-0.29563627,-0.07433173,0.07232438,-0.37241217,0.1590608,-0.32781088,-0.016059373,0.051381797,0.1647943,-0.17025876,-0.2510239,0.063631,-0.11100894,-0.26428938,-0.03352139,-0.041124582,0.18143451,0.06712718,-0.085943416,0.28720745,-0.048022114,-0.35075527,-0.05669099,0.07996687,-0.11728301,0.045502774,-0.09540093,-0.09885876,-0.1953595,0.05968696,-0.23789342,-0.12911135,-0.15574346,-0.13436276,-0.04111498,0.053988416
18,-5.9738884,5.0756416,-1.6631198,2.6336727,-0.54746324,-1.0657668,0.60734254,-0.08422344,-0.03484066,-1.1895714,1.2124491,-0.33941147,1.5837396,-0.27559108,-0.98110205,-0.225643,0.45313215,-1.050131,7.0518055,-0.28162163,-0.04241754,0.2646768,-0.11699216,1.5951557,1.2357676,0.09926766,-1.3300924,0.9572889,-0.7276213,-0.2307667,-0.25019845,-0.11245042,-0.7229581,-0.30239075,0.21065064,0.29413152,-0.3355034,-0.1241445,0.86398506,0.019126207,0.18216608,0.4462369,-0.33342326,0.847036,-0.25455606,0.45671397,-0.508074,-0.10622662,0.024575695,0.17978919,-0.4852609,-0.31565714,-0.02158808,0.46374398,0.3109148,0.5016786,-0.37557384,0.49918944,0.16749248,-0.285559,0.099636406,-0.3986935,-0.38394493,0.21469888,-0.290325,-0.24784243,-0.38434994,0.38367432,0.059831597,-0.03855391,-0.18802097,0.49338552,0.035009235,0.23896678,0.18024525,0.057338797,0.41086456,-0.1518879,-0.1925695,-0.017796846,-0.110306606,0.42083442,0.06372855,-0.1143384,0.2656362,0.16491565,-0.19181699,0.0429152,-0.14614213,0.09132396,-0.02623789,0.22681549,-0.11388898,0.16756627,-0.09214868,-0.15894672,-0.28767714,-0.15026201,-0.13174677
19,1.8603635,2.3871317,0.25135896,-2.1036906,-0.23585819,1.9827373,0.24859805,3.1441867,-2.7602046,-0.21404001,0.016698219,-0.84838164,-0.9792811,-0.77654445,-0.42650834,-0.017275065,0.42284685,0.101758175,-0.28162163,9.154947,0.5423187,-0.732751,1.0123901,0.9012281,1.0671072,-0.24913245,0.29057896,1.4291228,-0.20734873,-1.5439894,-0.38683474,-0.1146172,1.0282154,-1.3465513,-0.4013259,0.38806376,-0.14277132,0.286744,-0.50595504,-0.06642701,0.49974537,0.34638494,0.32128072,0.0638216,0.437342,-0.22090648,0.099324144,-0.13725013,0.01725234,-0.39904195,0.07792258,0.37548214,0.7659451,-0.18379897,0.05391871,-0.056256153,-0.2741009,-0.019395197,-0.2356185,-0.027124196,-0.1197916,0.08756201,-0.39468887,0.1801495,0.28320086,-0.25736022,-0.27863383,0.09118785,0.2973787,0.2573118,0.13705185,0.2557053,0.42809087,-0.17012218,-0.107736774,-0.10076405,-0.03192084,-0.07505241,0.12600505,-0.27534497,-0.0039109676,-0.07419376,-0.11872287,0.23174536,-0.122939475,-0.043326408,0.07904228,-0.042048395,-0.16378322,0.04985281,-0.037385993,-0.15650171,0.18643677,-0.0013006062,-0.032588292,-0.008810703,0.15465266,0.2813967,-0.013354324
20,9.204905,-1.6125952,-0.44442374,-0.33768696,-1.9857855,0.09009834,0.3889392,1.0818434,1.5380138,-0.025459852,1.6042736,1.4043797,-2.1948633,0.36370715,-0.6542301,-0.67555535,0.28198355,-0.30957446,-0.04241754,0.5423187,8.39164,-0.86988795,0.25142375,0.7656722,-0.42056784,1.6404086,-0.17438605,-0.057833083,1.4602339,-0.22998898,0.6275587,0.1628268,0.8389714,-0.3628397,-0.23802668,-0.25360572,0.43614823,-0.26710543,-0.050343763,0.3928158,-0.36173564,-0.08041219,0.093913734,0.43523574,0.17419556,-0.4843393,-0.5611705,0.21129653,0.5265013,0.12510186,0.27709603,-0.26915553,-0.15000103,-0.08008814,0.16111529,0.01815747,0.08860631,0.30281025,0.5853712,-0.024939865,0.07776797,0.090910755,0.0011075392,-0.3069384,0.2117672,-0.23151493,0.20042299,0.17056583,0.011234047,-0.44093788,-0.14668465,-0.023663908,0.033832476,0.21517864,0.24281785,0.028117575,-0.077638984,0.07288525,0.23804986,0.28994495,-0.029462598,0.2457501,-0.09553223,0.016587738,0.049660116,0.11841986,-0.122071385,-0.09921996,0.04431703,0.15698197,0.13051172,-0.07241425,-0.026559215,-0.1335808,0.18902081,0.0019923833,-0.05469474,-0.12732792,-0.1367186
21,8.588078,-3.1446252,-0.4901743,-1.2947822,0.4525789,-0.9780288,2.1517453,-0.054611176,-3.0023363,-0.22485366,2.1044683,-1.0237175,0.6356345,-0.6621279,-1.9187121,-0.6527541,0.1815286,-0.118043974,0.2646768,-0.732751,-0.86988795,6.531323,-0.6229685,0.7443936,-0.18355937,-0.35820466,-1.1463952,0.269567,0.64744925,-1.3067951,-0.11707448,-0.21339044,0.7056264,1.6349664,0.4794963,-0.054209396,0.027767168,0.12041868,0.020123458,0.21343085,-0.82414615,-0.086241096,-0.80207705,0.30769688,0.26454312,0.12229286,-0.06386531,-0.2782449,0.13472351,-0.38153827,-0.22656053,-0.05319624,-0.017036185,-0.101658516,-0.17058806,0.13432929,0.17383228,-0.09036093,-0.4759878,-0.059821278,0.42872006,-0.14670539,0.39766157,-0.057813566,-0.02032924,0.16655323,-0.0070879627,-0.12242766,0.055244252,0.0030357335,0.1848189,0.08380963,-0.3449746,-0.36832494,-0.32272118,-0.1086455,-0.38432062,-0.1286555,0.051411036,0.051171515,0.060586415,-0.05811865,-0.19600224,-0.124007076,-0.1329746,0.0045496905,-0.06848921,0.09820753,-0.08138236,-0.18083829,0.046243437,-0.025498405,0.05164824,-0.09211167,-0.00037045035,0.09270479,0.120699614,-0.070195675,0.1033763
22,0.46537983,-0.85470307,-0.03085607,1.8860172,1.0210217,0.093195185,0.072669394,-1.4691291,0.86774886,-0.67337185,1.1549773,-0.268334,0.94159114,1.4012431,-0.8323862,-0.6830125,-0.7776836,0.08750651,-0.11699216,1.0123901,0.25142375,-0.6229685,6.1826124,-0.14792576,-0.576456,-0.021357812,0.18777049,0.097317964,-0.15451667,0.47818622,0.20602587,-0.11067761,0.77129567,-0.19965303,0.8660144,0.3572371,0.90972656,0.27367717,-0.43540496,-0.2632628,-0.014602167,-0.64352536,0.302647,-1.0808893,0.23610306,0.19420737,0.24543212,-0.6838023,-0.118545234,0.040127955,-0.18183812,-0.11235519,0.47919002,-0.23384738,-0.2864627,0.41119713,0.120925,0.16639155,0.10971692,0.32328403,-0.058186408,-0.19071239,-0.19691399,-0.09688324,-0.23040484,0.28146037,0.4003271,-0.08708729,0.60666835,0.099388085,-0.23570871,0.41315165,-0.1070108,0.12169163,0.14318654,-0.011112978,-0.072692715,0.093515754,-0.23593026,0.034254424,-0.042712077,0.13405252,-0.02215949,0.086521864,-0.10482325,0.09531425,-0.15572459,-0.065960154,-0.12878996,-0.13594058,-0.40177184,0.24617098,-0.030234955,0.08965053,-0.13061245,0.011690106,-0.19338001,0.11134318,0.12887079
23,-3.186464,-0.6975435,-0.52545756,0.43771416,-0.18392095,-2.3345392,-0.69061357,-2.3931875,-0.09170739,0.2609114,-1.8932027,1.0289357,0.43873984,-0.37747735,-0.32318318,-0.81371534,1.7023774,1.2639012,1.5951557,0.9012281,0.7656722,0.7443936,-0.14792576,6.5345745,1.0451367,0.8424656,-0.086612806,0.11903304,0.9068452,0.57846606,-0.13547865,0.684214,0.13398638,0.17828111,-0.022753272,-0.13647154,-0.57869184,-0.14910927,-0.48411557,-0.094294444,-0.19378327,-0.14247733,-0.67754817,0.11583377,0.18233344,-0.3327323,0.039082564,0.06277543,0.21497631,-0.11782855,-0.045651786,0.1587844,0.3593704,0.0060797306,-0.032591317,0.4590578,-0.0797527,-0.13701513,-0.12489769,0.3811183,-0.25341418,-0.20485482,-0.33876908,0.19228464,0.25580773,0.2474249,0.17712545,-0.00073467765,0.045287408,0.32784432,-0.18884474,-0.005096309,-0.12605257,0.25932345,-0.28994134,0.18926117,-0.15656215,0.3802638,-0.22383952,-0.017956916,-0.25962704,-0.047628313,-0.015265545,-0.16827905,-0.16184652,0.15428038,-0.036368504,-0.013789609,-0.013094125,0.17461607,-0.0077666035,-0.05657919,0.08555859,0.17831135,-0.3061235,-0.08069895,0.076348245,-0.1503325,0.00035247515
24,0.19170171,0.04057481,-0.68772405,-2.5497136,-0.13730362,-0.34857675,-1.613801,0.008420077,0.5855856,-0.7513627,-0.8815582,0.91465384,0.9400188,-0.61048263,0.6920097,-1.3046682,0.12392318,-0.5778357,1.2357676,1.0671072,-0.42056784,-0.18355937,-0.576456,1.0451367,5.7951736,-0.9642556,0.040324196,-0.97622335,-0.3882761,-0.38843066,1.0586816,-0.15209723,-0.35697997,-0.39463535,0.46174526,-0.21427333,0.35595468,0.25794348,0.49451432,0.33742672,0.26439422,-0.09446968,-0.092703745,0.31515458,0.66918504,-0.113789365,0.5443331,-0.52605987,0.48961234,-0.06417087,0.24269515,0.10662849,0.013041414,0.4663143,-0.37006855,-0.69524753,-0.06257992,-0.40385708,-0.007822847,0.07478963,0.63806045,0.19504344,0.43002832,0.07104868,-0.19412962,-0.28094375,0.0052308803,-0.14443699,0.12040453,0.17144006,-0.21801299,-0.04658563,0.1719126,0.005383224,0.040136266,-0.35510376,0.079985276,0.28041452,0.053479902,0.17468837,-0.013213566,0.07385062,-0.110709846,0.093928665,-0.119938225,0.06631519,-0.105677575,0.0033632438,-0.0033906293,0.17604616,0.18978018,0.12345044,-0.10372266,-0.046098374,0.006007737,0.019129287,-0.19203785,-0.068665236,0.108829185
25,5.4949036,-0.29210696,-1.7938244,-0.52783227,-0.7646042,0.27162898,-0.72891665,-1.2395179,1.2559711,0.39190564,0.21771759,-0.30404228,0.23639885,-0.48754382,-0.21711269,0.31561866,-0.4014577,0.932315,0.09926766,-0.24913245,1.6404086,-0.35820466,-0.021357812,0.8424656,-0.9642556,3.6835327,-0.19321825,0.9058546,0.44027275,0.2239584,-0.6886815,0.17027092,0.26235342,0.04174698,0.007195278,0.07974383,-0.65445614,0.33406252,0.17759486,-0.8828409,0.22896981,-0.110044524,0.26264197,-0.5574997,-0.19398949,-0.024971891,-0.4503249,-0.33524787,-0.0007608181,0.17400242,-0.41058612,-0.0951377,0.047938664,0.18722841,-0.20767465,-0.16340719,-0.4772822,-0.32427323,0.07359151,0.20897742,0.2981556,-0.04517357,0.36051637,-0.06402384,0.25848132,-0.41866314,-0.36445647,0.32023,-0.23211929,-0.25565004,-0.18369818,-0.1526348,-0.20780975,-0.11231792,0.003892804,-0.07757799,0.2202898,0.36937162,-0.0996535,-0.20136908,0.1517143,0.21114296,0.16308546,-0.024565607,-0.20976628,0.074027926,-0.019853994,0.09857284,0.077886045,-0.048860464,0.047754142,-0.12600021,-0.06830259,0.014086156,-0.0024886378,-0.09341228,0.036452197,0.09538886,0.19659504
26,9.218747,-1.8875989,0.974525,-0.2343321,0.10874626,-0.046414446,0.1843468,-0.14884874,0.09242971,-2.6528738,-1.2578619,0.0657695,-0.364349,0.04927919,0.5705235,-1.1859217,0.68824625,-0.13551147,-1.3300924,0.29057896,-0.17438605,-1.1463952,0.18777049,-0.086612806,0.040324196,-0.19321825,4.2843018,-0.19723016,-0.27555966,0.71825576,-0.24348655,-0.4100942,-0.34507304,0.36708564,0.34597576,-0.21227549,-0.26822028,0.6846129,0.23517315,0.36421776,0.17598295,0.3839496,0.34004998,0.31830424,-0.30314812,-0.058506347,-0.040093206,0.39982182,-0.22988927,0.03957616,-0.23921098,0.00942645,0.10499619,-0.0875028,0.32099104,0.07813026,0.338348,-0.39375657,-0.07445219,0.51593375,0.4391259,0.11757384,-0.33401516,0.03168743,0.082921624,0.11802646,0.18478847,0.45695567,-0.0049184784,0.16002825,0.25822264,0.4195853,-0.0005347231,0.24527681,0.15315044,0.15758085,-0.2463637,0.08490484,-0.07190703,-0.15591523,-0.06800197,0.14716983,-0.052741777,0.039479356,-0.13680209,-0.015024532,-0.01114398,0.034846954,0.02548043,-0.09996523,-0.08780381,0.07848752,-0.00422184,-0.32853281,-0.16647306,0.15899077,0.15033503,-0.032701865,0.14524442
27,1.2633784,-0.203682,-0.6461284,0.13126788,-2.0055366,1.7142478,0.3607071,0.92796516,0.78095335,1.419086,0.06288645,0.39688408,0.5316434,-0.28467524,-0.698907,0.33171123,0.47152165,-0.58651817,0.9572889,1.4291228,-0.057833083,0.269567,0.097317964,0.11903304,-0.97622335,0.9058546,-0.19723016,4.9042068,-0.44846326,0.34396505,-0.1098202,0.43964824,-0.46913147,0.1832669,0.83339334,0.3695786,0.33202308,0.16168576,-0.29200065,0.99760354,0.7714654,-0.24198213,-0.13555396,0.3437065,-0.25586525,0.38509405,-0.14221218,0.25649983,-0.7135778,0.46579266,0.5721177,-0.09937511,0.25173044,-0.019748058,0.1333718,-0.043629333,-0.024308167,-0.11209105,-0.20720932,-0.11669975,0.2665405,0.19635043,0.3184343,-0.15360561,0.05173794,0.085446134,-0.1983954,0.32641453,-0.07053497,0.0052090557,-0.3036701,-0.12601545,-0.14260015,-0.27680904,-0.16977824,0.22046602,-0.024430376,-0.19956675,-0.28612894,-0.019338043,0.08082804,0.029217971,-0.06293017,-0.032657903,-0.05567936,0.049771488,-0.036360778,0.097852245,-0.20371187,0.023504728,-0.07666494,-0.13627282,0.14312208,0.039577924,0.047357216,0.038391426,0.07111869,0.10354599,0.010975067
28,-4.206984,0.4884262,-1.0750089,0.44281924,-0.6631673,0.8983383,0.9834048,0.122958854,-0.8331959,0.71099716,-1.862499,-0.81457555,0.17148164,-1.5677503,-0.090054244,-0.10216497,-1.0927219,-0.72135186,-0.7276213,-0.20734873,1.4602339,0.64744925,-0.15451667,0.9068452,-0.3882761,0.44027275,-0.27555966,-0.44846326,4.761076,0.36054212,1.4916575,-0.30593663,0.12796967,0.45554024,0.31921208,0.44591677,0.018774979,-0.13446194,0.1621488,-0.3910038,0.24021387,0.3329152,-0.17949237,0.34114683,-0.3506616,0.18985166,-0.1473978,0.0046079224,0.15438333,-0.023081977,-0.10531792,-0.23389038,-0.085558236,-0.17990446,-0.23458816,-0.3065008,0.2895008,-0.023180459,-0.39707452,0.25248703,-0.24431862,-0.08394635,-0.328511,-0.25828245,-0.00263109,0.092741415,-0.1440326,-0.16658479,0.23080924,-0.05078687,0.11317028,-0.085021496,0.059622362,-0.10421564,0.27731478,0.052262485,-0.14254493,0.13204706,-0.0030742516,-0.109497,-0.057864904,-0.09818874,0.28861937,0.18986616,0.03141509,-0.1159897,0.15367773,0.12520367,-0.13028134,-0.070970416,0.058483306,0.010950901,0.05315589,0.059044708,-0.039528064,0.058886543,0.004514288,-0.09091492,-0.014146933
29,-2.6610007,1.8523419,-0.047707625,0.74253,-0.013162873,-1.0793877,-0.280666,0.023440061,0.42104113,-0.9628097,0.018167045,0.9669025,0.6069467,-0.42454505,0.9597062,0.9482422,-0.22303766,-0.12614183,-0.2307667,-1.5439894,-0.22998898,-1.3067951,0.47818622,0.57846606,-0.38843066,0.2239584,0.71825576,0.34396505,0.36054212,4.0346575,0.18244135,-0.06563297,-0.18611676,-0.20833138,0.5106946,-0.34850103,0.38603574,0.36459178,0.19208045,0.22118577,0.0029273105,-0.22087952,-0.2417292,0.27742702,0.37633717,-0.0148955295,0.036353603,0.37840265,0.20953462,-0.16451728,0.15032086,0.22264004,0.07408439,-0.70625687,0.415518,0.30597252,0.20558721,-0.2936648,0.14130819,-0.10769683,0.027208777,-0.021631535,-0.069560185,0.31281656,-0.012619488,0.16163954,-0.39240408,-0.34748644,0.16140419,-0.05563242,-0.1150372,-0.4354588,-0.2038014,0.088561736,-0.009961196,0.23550868,0.007063966,0.10535469,-0.06607774,-0.15809906,0.057970576,0.07809204,0.07043557,-0.07606809,-0.16768014,-0.02123783,-0.062657416,0.25069773,-0.13960591,0.0098941885,0.12365219,0.22829564,-0.2392188,-0.029556954,-0.16481781,-0.18578836,0.13908273,0.257305,0.061683245
30,-3.7110868,-0.43511772,-0.041772194,-0.1664035,-0.3215832,1.8776087,0.4528866,0.7970977,-0.14570299,-0.2899946,0.13539353,0.4371127,0.1688621,-0.8714216,-0.033288263,-0.70404947,0.54604995,-0.694613,-0.25019845,-0.38683474,0.6275587,-0.11707448,0.20602587,-0.13547865,1.0586816,-0.6886815,-0.24348655,-0.1098202,1.4916575,0.18244135,3.5741518,-0.049836233,-0.06556352,0.38389677,-0.14808683,0.19202058,-0.07894225,-0.6183169,-0.05011238,0.33045053,-0.123845756,0.2896933,-0.4098389,-0.47496414,-0.46169958,0.32112032,0.3949769,0.18992648,-0.3590325,0.06980225,0.32655138,-0.16119847,0.06255412,-0.37386096,-0.07523319,-0.3657548,-0.03751398,0.1273428,0.39439797,0.3555984,0.10164322,0.41494596,0.14766753,0.17472379,-0.37750974,-0.06411058,0.24109682,-0.008993598,0.015800104,0.1495747,0.114622645,-0.20284033,0.15348944,-0.05148436,0.21422648,0.00051213807,0.080446355,-0.09219468,-0.23144203,-0.06017652,-0.061148368,0.11927119,0.07220648,-0.26752514,-0.1615893,-0.13629726,-0.112435,-0.25287467,-0.12765832,0.009224544,-0.09833065,0.11232518,0.05617363,0.024223574,0.099136606,-0.20284563,-0.052368134,0.25720185,0.0017518471
31,-1.0299073,-0.29814312,-0.026083553,-0.9808382,-0.68660134,1.4999199,-0.8060634,0.27679586,2.5580974,-0.41897106,1.0350688,-0.6274374,0.022817668,-0.5888995,0.1522366,-0.6623989,0.5312091,-0.44871002,-0.11245042,-0.1146172,0.1628268,-0.21339044,-0.11067761,0.684214,-0.15209723,0.17027092,-0.4100942,0.43964824,-0.30593663,-0.06563297,-0.049836233,4.526795,-0.20022574,0.81030995,0.41899884,-0.004027994,0.29251087,0.1631009,-0.28481746,0.3750272,-0.2886424,0.23364055,0.3984921,-0.018134136,0.031187106,-0.09250367,0.21420121,-0.0894295,0.1837042,-0.46364522,-0.334974,0.26823428,0.02331834,0.0868285,-0.10676657,0.22156277,-0.30581504,-0.26165128,-0.21078432,0.18907727,-0.56448823,0.118619904,-0.27018273,0.16673261,-0.06422867,0.25548664,-0.12527108,-0.23666215,-0.35113955,-0.086659506,0.035132445,-0.44015574,0.13630727,0.10018781,0.16972204,-0.1169008,0.0043125777,-0.093288384,0.24887961,0.027887702,0.050545607,0.14472586,0.030396994,0.30873662,0.07813895,-0.20705473,-0.02019725,-0.09782606,0.11801194,0.016441686,-0.27480257,-0.0742078,-0.016928349,-0.1988182,0.15028913,0.0204055,-0.23723857,-0.006088827,-0.016080976
32,1.5589285,0.42704543,-0.26154578,0.8896526,0.9248558,0.26872307,-0.22047997,-0.45969653,0.21007617,0.39608523,0.24089581,0.13424885,0.45834297,-0.012439048,0.21676543,0.03011173,-0.6229311,0.48372316,-0.7229581,1.0282154,0.8389714,0.7056264,0.77129567,0.13398638,-0.35697997,0.26235342,-0.34507304,-0.46913147,0.12796967,-0.18611676,-0.06556352,-0.20022574,3.7595503,0.182212,0.38393158,-0.6867807,-0.2935984,0.21949215,0.47855604,-0.6168615,0.36086845,0.37021515,-0.103809536,0.010693604,0.35913694,-0.1610139,0.2636928,0.13961986,0.035320505,-0.9420038,0.2886848,-0.043143254,0.080517694,0.07869603,0.17101036,0.19492051,-0.1819436,-0.020252522,-0.020932905,-0.39590576,-0.0048141275,0.26435095,0.15716258,0.19436868,-0.13188878,0.21439914,0.27387065,0.4880979,-0.41247723,-0.14465478,0.03579564,-0.14173147,0.19387002,-0.077480614,-0.04282792,-0.058005124,-0.25813282,-0.23217358,-0.19557998,0.37542224,0.09441362,-0.011499908,0.036020745,0.09675149,-0.16753402,0.06621067,-0.08662021,-0.0010930683,-0.13458356,-0.14799188,0.0458566,0.08636911,-0.11307937,0.13685918,-0.054136313,-0.015447363,0.012391942,0.17636111,-0.043850288
33,2.093777,1.5501276,-1.188936,-0.9194868,-0.8533789,-0.7340808,0.28902322,-0.18714246,0.23425198,0.12502506,-0.1542244,-0.14859286,-0.25008377,0.24579212,0.59703803,-0.28523326,-0.26361072,0.573031,-0.30239075,-1.3465513,-0.3628397,1.6349664,-0.19965303,0.17828111,-0.39463535,0.04174698,0.36708564,0.1832669,0.45554024,-0.20833138,0.38389677,0.81030995,0.182212,2.6909847,0.36228406,0.48462388,0.061914235,-0.07958492,-0.14383419,-0.1941905,-0.1494466,0.003045756,0.024372064,-0.049645647,0.20529535,-0.13652694,0.44951242,0.44151872,-0.07093416,0.07687061,-0.35787386,-0.19291043,0.2503612,0.21542543,-0.17630567,0.23930037,0.16408384,-0.20089924,-0.36940807,0.021442369,0.43701148,0.09836292,0.20052966,0.07182096,-0.26312685,-0.24107227,-0.0021808248,0.20489582,0.059138313,-0.10427103,0.09640938,0.096540175,0.1674445,0.2503361,0.11081615,0.23490587,-0.048211794,-0.33866546,-0.028037148,-0.0074722636,-0.08817272,-0.04370244,-0.063854754,-0.07058967,-0.10246973,-0.06684564,-0.10011408,-0.08609919,-0.20478672,-0.031100158,-0.050313234,-0.08667146,0.008293356,-0.25523755,0.094380334,0.059779283,-0.1869533,0.091116175,-0.023464361
34,-3.482057,-1.853925,-0.8211994,0.51535213,-0.90214634,-0.2918371,0.4871876,-0.021391906,-0.0054161157,0.6264691,-0.8524499,0.10109113,-0.4063298,-0.074589506,0.1537118,-0.46263522,0.1695433,-1.0129224,0.21065064,-0.4013259,-0.23802668,0.4794963,0.8660144,-0.022753272,0.46174526,0.007195278,0.34597576,0.83339334,0.31921208,0.5106946,-0.14808683,0.41899884,0.38393158,0.36228406,3.6090736,-0.38454586,0.16019449,0.10855849,0.0048336284,-0.23908855,0.07176977,-0.6901887,0.09645055,-0.015501166,-0.24863575,-0.19219658,-0.36242753,-0.30839825,-0.4442095,-0.0073461435,0.07087514,0.15718079,0.13125351,-0.07881203,-0.32730573,0.15025714,-0.2798501,0.13479161,-0.050002567,-0.045882523,0.31856078,-0.15534042,0.16486427,0.0053801425,-0.18140423,0.3092224,-0.08327232,0.055099085,-0.19285637,-0.11265625,0.2573805,0.07673028,0.4495359,0.11333651,0.0088888705,-0.17772453,0.0029192474,0.12379743,0.25129712,0.20409238,-0.15406856,-0.123932004,-0.14047024,0.09778218,0.268591,0.07465541,0.2035394,0.2753295,-0.20917259,-0.14064428,0.23847611,0.25637686,-0.17962755,-0.09661642,0.005535897,0.08598426,0.0325462,0.042730227,0.096790604
