,0,1,2,3,4,5,6,7,8,9,10,11,12,13,14,15,16,17,18,19,20,21,22,23,24,25,26,27,28,29,30,31,32,33,34,35,36,37,38,39,40,41,42,43,44,45,46,47,48,49,50,51,52,53,54,55,56,57,58,59,60,61,62,63,64,65,66,67,68,69,70,71,72,73,74,75,76,77,78,79,80,81,82,83,84,85,86,87,88,89,90,91,92,93,94,95,96,97,98
0,235.54817,-4.444746,43.636017,7.6060195,-14.000567,8.514053,-8.023504,-5.620759,1.2341552,25.168083,-1.3241935,-2.8856726,-16.151371,6.5817223,-8.560881,3.760982,-3.647838,19.003723,7.1705933,-2.3900805,-10.665815,-10.03002,-0.5600736,3.7192726,-0.25876862,-6.4903045,-10.774715,-1.5980413,4.9507923,3.116171,4.3913383,1.2799841,-1.7554073,-2.4821038,4.1128254,-0.9645242,-0.91636825,4.817734,0.29359913,2.6839843,3.437021,0.6111005,-1.2886261,0.93488055,-1.216415,-2.0537539,-0.6321819,-2.2939067,0.6787988,-4.183943,0.97040224,-1.8934268,-0.661891,-0.6840543,1.1301849,2.1635098,2.0144656,1.4459448,-0.9854513,0.9735094,0.91986656,-0.83204055,-0.038739905,1.1420608,-2.3963969,-1.8657582,2.5691795,1.2750554,-1.7476716,-1.7703886,1.079921,1.6792659,-0.035802335,-1.2065033,1.4029762,0.09320639,1.5875992,-0.8645181,0.8701397,-1.6678486,0.23406994,2.171607,-0.21856761,1.1039066,-0.5000845,-1.4436108,-1.4284751,0.54893386,0.332025,-0.5869411,0.33632344,-0.16824457,0.3880809,-1.7995942,-0.20620804,-0.05869012,0.65879095,-0.89366436,-0.015042108
1,-4.444746,55.72268,43.327095,-12.712557,5.494878,16.202816,-5.032874,-10.683363,-2.684885,3.5121012,3.5783305,-2.5070567,3.1661208,-3.5135396,0.98891217,-2.6935282,7.6217165,-0.30589086,-6.146553,-2.368895,1.7090535,3.5700397,0.9945527,0.8561958,-0.009274566,0.3417919,2.054559,0.42049402,-0.5523331,-2.0721278,0.51917255,0.3130511,-0.66237146,-1.801857,2.179618,-0.14876035,1.1206958,-2.0184622,2.0222993,-1.0182304,1.3407441,-0.71354276,1.1564145,1.4601364,0.2654413,0.6019746,-0.26670817,-0.2070437,1.5640551,1.6191688,-0.61711466,1.2233592,-0.41237912,-0.04854341,0.6044626,1.1141226,-0.80091214,0.29745513,0.48095948,-0.3210858,0.42745224,-0.53740436,0.2808866,-0.4502334,0.08512754,-0.118646644,0.18954438,0.121784404,0.93747985,0.08095069,-0.6593723,-0.33236307,-0.10671484,0.048640057,0.0321702,0.41578585,0.60315883,-0.13773832,-0.49234805,0.39405465,-0.5606655,0.4459107,-0.02751781,-0.39406788,0.17702708,0.25726935,0.67940354,0.27133793,0.22447991,0.043950997,0.33058894,0.11789287,0.38103455,0.68654776,-0.023752313,0.0374183,0.08108901,0.19784833,-0.014267487
2,43.636017,43.327095,101.13422,5.630923,15.853668,16.814505,-8.797691,5.4598165,0.31592473,4.3983603,-6.2361374,-2.0215812,-3.6464329,4.327657,4.346388,-2.6230054,1.0877652,-0.25649947,2.079703,-0.5323809,0.6501267,0.65330446,0.044663608,0.59984994,0.7929871,2.1126575,-1.0511892,0.64861107,1.2515826,0.012753202,0.052843306,0.04325783,0.3923941,1.3938013,0.96495396,-1.0286248,-1.1999891,0.06865013,0.36373627,0.41629353,-1.8592314,-2.4066067,-2.2251735,-0.5110457,-0.59754336,0.23872864,-0.65346295,-0.7314385,-0.61627626,0.38977343,-0.6563686,-0.7751876,0.4478538,0.7581317,-0.10255171,-0.23093101,0.16292384,-0.57606536,-0.71448326,-0.14005473,0.17010665,-0.5361203,0.6218163,0.11896281,-0.29973125,0.64307487,-0.8585166,-0.9106822,-0.28589123,-0.17701885,-0.26543206,0.37779275,-0.093592755,0.22430727,0.12892774,-0.49765426,-0.29458553,0.10326779,-0.25323856,0.035255842,0.11014187,-0.3271042,0.4346248,-0.17373683,-0.27629456,-0.05133662,0.046390526,0.25569105,-0.07856877,-0.119430825,-0.27315044,0.13737744,0.00068911863,-0.1960177,-0.09964755,0.22747713,-0.095712245,0.0147477845,0.04427798
3,7.6060195,-12.712557,5.630923,42.242466,-7.7870765,-1.4792805,-15.560682,11.421537,2.0391178,-4.323368,-2.950642,0.6882961,0.053724833,-2.7488158,-4.1500497,-2.4181213,-10.364831,4.1380053,-2.9939075,2.2239232,0.5204568,1.604474,-2.2174463,-0.53846645,2.9767637,0.6185931,0.37223977,-0.26268432,-0.5327114,-0.93211687,0.19631538,1.1869088,-0.95438343,1.0678259,-0.60250354,-0.6620188,0.025917614,1.2751601,0.7989314,0.069803506,-0.7058368,-1.3117388,-1.2183428,-1.5666381,-0.96788317,0.2896179,-1.5883448,1.5910273,-0.7782407,-0.4079252,0.9671748,-0.4080639,-0.11288123,1.0349116,-0.098680705,1.3717542,-0.064771324,0.7961954,0.26194134,-0.71370876,-0.40523008,-0.8311982,0.19270645,0.3645426,-0.041931413,0.56554973,-0.7913979,-1.0669591,-0.04079715,0.11099376,-0.52856123,0.27035815,0.32401377,0.23052116,-0.08152911,0.42738315,-0.17524295,-0.118222065,-0.44243002,-0.5524238,-0.38696015,-0.36424845,0.15758896,-0.49269128,0.031491175,0.13941729,0.15674382,-0.078790694,0.17629501,-0.06183029,-0.087223895,0.4766636,-0.18587974,-0.09337981,-0.30875978,-0.26980066,-0.006078367,0.27837226,0.14843768
4,-14.000567,5.494878,15.853668,-7.7870765,39.65938,-12.6140175,14.871773,7.0624037,0.05731955,0.72479534,-0.4566366,-3.6618333,5.7406206,4.148834,0.8247383,-0.2613048,-0.5317935,2.5322142,0.46714246,0.7556112,2.12563,-0.6796706,-1.2068747,0.25999147,0.21218339,0.9052026,-0.30540335,2.5532422,0.80087185,0.13561869,0.38371852,0.74217796,-1.265477,1.0379425,1.0512469,-1.8343321,0.5747856,0.3678318,1.3448608,0.43554014,-0.3857898,-0.634629,1.8734331,-0.13291076,-0.03548502,-0.86095536,-0.96831703,0.046741754,-0.36433655,-0.05424973,0.3611198,0.38979945,-0.8637949,0.25673324,-0.56024384,-1.2516079,-0.27305025,0.13016295,0.26157218,0.2776571,-0.16464716,-0.08116147,-0.21352935,-0.0020135324,0.36560777,-0.77365774,0.3842113,0.073048174,-0.10939182,0.2819903,0.3946525,-0.33172062,0.6123452,0.14862305,0.40823781,0.57169163,-0.30219275,0.2642504,-0.510167,0.61212337,-0.3140027,-0.6086509,0.032445066,-0.16484913,-0.1560755,0.031856544,-0.3133126,-0.07597923,-0.0071272515,0.17777881,-0.39679286,0.06876815,0.26631504,-0.17650002,0.42970484,0.14942196,-0.11676466,0.3329844,0.014905218
5,8.514053,16.202816,16.814505,-1.4792805,-12.6140175,34.395775,6.9501286,-8.294394,0.58556724,-4.837452,3.5268407,5.83233,-4.79237,-4.98989,1.4628721,-1.6236203,-2.4808512,0.77752423,1.2102712,-2.2191544,-0.16363838,1.114215,-0.10807188,2.7615073,0.425357,-0.3158821,0.0124943415,-1.9713198,-1.0542109,1.2986238,-2.2113156,-1.7900829,-0.3601424,0.8743852,0.3387305,1.3220096,0.015921615,0.1501431,-0.51899964,-0.7930678,0.14546975,0.27977788,1.647865,-0.1218424,0.037316643,-0.3176177,-0.15512118,-0.43966258,-0.091369584,-0.13786167,1.4227891,-0.22406317,0.696889,0.76842225,0.10018697,-0.035121538,-0.7613689,0.3748588,0.2700947,-0.5126815,0.09734544,-0.23127991,0.3517739,-0.68652034,0.6820591,0.9261444,0.29984906,-0.55858004,0.2315659,0.251792,0.054720715,0.25607914,0.22622423,-0.14303589,-0.26532507,-0.3114065,0.089668185,-0.32840663,0.31274578,-0.23770961,0.022970509,-0.3580914,-0.29329616,-0.2814939,0.04145346,0.048633836,0.14198194,-0.11420831,-0.3344204,-0.17995328,-0.3369859,-0.11206218,-0.014153853,0.46846282,0.1884683,0.2424193,0.21283874,0.19853827,0.06428674
6,-8.023504,-5.032874,-8.797691,-15.560682,14.871773,6.9501286,48.35529,-4.965064,7.8748026,1.5786811,-3.491534,0.6275283,-1.6551116,-2.9408417,1.592526,0.419255,-1.3755966,0.9335642,-0.5707035,-0.6188224,-0.2937949,-2.429453,-0.080571726,0.7836187,1.8687413,0.85463965,-0.09118053,-0.5674981,-1.1731725,0.25985122,-0.53117406,0.9879139,0.37925678,-0.35790628,-0.5691197,0.24656847,-0.2962212,0.20109698,-0.2530775,0.43574026,0.110714376,0.09024522,-0.706138,-0.5166644,-0.18034348,-0.25006047,-0.24695334,0.27569708,-0.4266827,-0.6769649,0.6699692,-0.6646735,0.8360741,0.72497046,-0.011134299,0.31087565,0.23847711,0.008088075,-0.032377966,-0.85110545,0.08626814,-0.8660322,0.3946824,-0.2772485,0.2871287,-0.078188226,-0.03618598,-0.22854799,0.12614632,-0.5667504,-0.6214075,0.42628688,0.11627866,-0.06807268,-0.28874815,-0.090953186,-0.10921264,-0.3002055,0.14449571,-0.5047139,0.29896712,0.26435494,-0.056333546,-0.22548738,-0.018273428,-0.18469617,-0.03775251,0.006010836,-0.14049496,0.060875274,0.11139825,0.19990331,-0.14089954,0.019794425,-0.2657652,-0.027995456,-0.014572775,0.025680274,-0.0301948
7,-5.620759,-10.683363,5.4598165,11.421537,7.0624037,-8.294394,-4.965064,41.39302,9.683966,-1.9499767,-3.2561212,-0.8656752,-1.1970536,-2.238648,-2.5676277,2.2203856,3.0440826,0.68439376,0.068066746,-3.6462505,-1.3076484,0.04533928,1.7288914,2.8232296,-0.004983521,1.4604619,0.15254825,-1.065082,-0.14188835,-0.018616084,-0.9405056,-0.33181244,0.52093047,0.22229771,0.02491737,1.3331633,-0.3736049,0.08461796,0.08999857,-0.7134055,0.2302706,1.0427778,0.45894104,-0.09434228,0.110022366,0.033951104,0.09724953,-0.98939705,-0.06769438,-0.08846806,0.45114714,0.044664443,0.8347187,0.44722778,-0.4871351,-0.7290661,0.16555324,0.13242668,-0.56436586,-0.14246085,0.5364192,-0.052409958,0.06274768,-0.5646392,0.4565612,-0.056409657,0.49569702,-0.06050846,0.1979273,-0.1064949,-0.27549732,0.44252646,0.017715953,-0.30604807,-0.17932175,-0.71924907,-0.25787812,-0.2932404,-0.054283593,-0.0252265,0.33248073,-0.19580323,-0.1323941,-0.25430268,-0.24061465,0.044380248,0.13588652,-0.23526154,-0.21625334,-0.12674877,-0.038984068,-0.1639227,0.14181474,0.27193916,0.12800488,0.18454662,0.019582551,0.4085409,-0.07041449
8,1.2341552,-2.684885,0.31592473,2.0391178,0.05731955,0.58556724,7.8748026,9.683966,29.888659,1.1296841,0.081903584,0.5347986,-1.2482214,-1.5334895,3.1359963,-0.09866369,1.3079154,0.5141711,0.071260035,3.2078469,-1.7776644,3.5508728,-1.0208266,0.103561655,-0.6927763,-1.4802401,-0.090237826,-0.94390243,0.97867227,-0.4982938,0.17514125,-3.0074806,-0.23172498,-0.27649197,0.0062423903,-0.40509975,-0.052292638,-0.65524817,-0.48531106,-1.1837454,0.5751869,-0.86127067,-0.17279431,-0.54360217,0.2555018,1.1326742,-0.7476032,-0.3025759,0.36191845,-0.39986044,-0.62774324,0.23995316,-0.86264765,0.07085186,0.8141301,1.3804243,-0.61480355,-0.13154437,0.82991064,0.6330558,0.4228985,0.5533848,0.27541292,0.14476718,-0.3441254,0.7491305,-0.8021513,-0.44611737,0.022761934,0.3631396,-0.012165189,-0.19723639,-0.74312305,0.1547122,0.2919215,0.45642412,0.20310768,0.15250266,0.25715047,-0.41956127,-0.5285634,0.27228338,-0.29521406,0.29579836,0.15536201,0.3360475,-0.49294537,0.09721486,-0.12631029,-0.15619284,-0.18091917,-0.0359151,0.16597314,-0.06424058,-0.17485343,-0.076889664,0.12955967,-0.5464232,0.07341413
9,25.168083,3.5121012,4.3983603,-4.323368,0.72479534,-4.837452,1.5786811,-1.9499767,1.1296841,25.761497,-1.6255541,-2.5210586,-0.4204204,-0.6438389,-6.4095473,0.46305186,1.170343,-0.076774776,1.493979,0.089750156,0.13181701,0.32079396,0.795593,-0.3229228,0.87062716,-0.46467754,3.1902637,-1.7527164,-0.84558266,1.109404,0.348202,0.51040614,-0.40701216,-0.15249659,-0.7369909,-0.271277,0.80753493,0.3500811,-0.34703562,-0.092227,0.45169392,0.906934,0.2835884,0.34223902,-0.5962812,1.3614352,1.2399032,0.69047654,0.5915054,-1.1993477,-0.4973817,0.40056258,0.2907499,-0.110316485,-0.29061937,0.2665869,0.020805318,0.41521114,0.9305073,0.10925619,-0.3771556,0.45598906,0.14419672,0.39671135,-0.3415038,0.43664318,-0.7288122,0.6074755,-0.031080436,-0.28931183,0.39117265,-0.24714983,-0.15773422,0.3381498,0.084007934,0.16040185,0.41272044,0.1895313,-0.2626661,-0.20318213,0.25983682,-0.16047886,-0.017048337,-0.082938455,0.23998524,0.15351596,0.12266901,0.24573514,-0.016127603,-0.05063127,-0.06144288,0.30545747,0.0683099,-0.53955466,0.15619132,-0.21923922,-0.17396253,-0.115915656,-0.16529977
10,-1.3241935,3.5783305,-6.2361374,-2.950642,-0.4566366,3.5268407,-3.491534,-3.2561212,0.081903584,-1.6255541,15.486544,-3.0688677,1.7618575,2.9878857,-1.4875023,1.9887142,0.27254486,1.3388002,-1.3946512,-0.09905587,-1.8494978,-2.4524283,-1.3596699,2.221273,1.0291755,-0.25800675,1.5108123,-0.10753456,2.1896825,-0.039574094,-0.15903434,-1.205963,-0.2541926,0.17608202,1.005788,0.5357331,0.79772866,-0.9819337,0.39884126,-0.5216929,0.30808142,-0.58029556,0.24710959,0.76464355,-0.6039798,0.115736544,-0.34058255,-0.23020533,-0.82718015,-1.1206169,0.7696587,0.1681945,-0.47909388,0.30818534,-0.42804807,0.14989164,-0.72867966,-0.09964011,0.6260774,0.38371053,0.30286884,0.8304482,-0.081922986,-0.4911992,0.744088,0.49674147,-0.30274755,-0.24299812,0.21442787,0.002420786,-0.0019179118,-0.2801826,0.19900846,0.38106835,0.030038666,0.32440236,-0.09842401,-0.43077457,0.15927038,0.17951077,-0.014423862,-0.04757542,-0.5620582,-0.058384113,-0.09314429,0.41123733,0.024703324,0.12072787,-0.14935082,-0.22015554,-0.16680565,-0.28033385,0.13552228,0.29182845,0.46772817,0.28871822,0.26145083,-0.18395382,-0.27199438
11,-2.8856726,-2.5070567,-2.0215812,0.6882961,-3.6618333,5.83233,0.6275283,-0.8656752,0.5347986,-2.5210586,-3.0688677,19.81551,2.880932,-0.3486334,-1.2845795,2.4790845,1.0178301,-1.3237636,0.39577156,1.1341186,-1.6689655,1.1725065,0.3178184,-1.199605,-1.0571257,0.3574949,-0.11747056,-0.43722248,0.96213424,-1.0783906,-0.5009092,0.7117602,-0.20825747,0.19260265,-0.12690729,-0.048130177,-1.0527952,0.5851627,1.7476895,-0.07529469,-0.4979665,-0.31071416,0.69078475,-0.25278696,0.112555586,-1.1199837,0.2325063,-0.9676343,0.07238743,-0.26528156,-0.109555304,-0.6497622,0.47803012,0.82894605,0.74567676,-0.17413458,-0.120228186,0.072931066,0.09466788,0.14165998,-0.45995408,-0.36261123,-0.2254705,-0.23742619,0.20844004,0.0032505465,0.13907132,-0.24997362,0.04273621,-0.5810272,0.670539,0.22579145,-0.2218143,0.29467133,-0.21477804,0.10903017,0.11947629,0.17519344,-0.16824281,-0.13731214,-0.07308247,-0.5004532,0.11324397,-0.009764718,0.10578805,-0.3357543,-0.07933024,0.08833295,-0.14243211,0.09774617,-0.33867264,0.23075247,0.42699298,-0.61581886,0.042693004,0.4090517,0.012414256,0.18953605,-0.33249786
12,-16.151371,3.1661208,-3.6464329,0.053724833,5.7406206,-4.79237,-1.6551116,-1.1970536,-1.2482214,-0.4204204,1.7618575,2.880932,11.274991,-1.55347,-1.235374,-1.0924251,2.164739,1.1092747,-1.963757,1.4379368,2.4666104,-0.83380634,-1.1126847,-0.49207103,-1.0775893,-0.27718222,0.32409918,-0.5149458,-0.18950552,-0.639184,-0.19324532,-0.06280495,-0.64429504,0.314098,0.47259447,0.495506,0.8044245,0.32615846,-0.27481705,-0.104967386,-0.6421901,-1.4010094,-0.480708,0.3685708,-0.57647014,-0.37520266,0.046980884,-0.064835586,0.26945275,0.043236934,-0.38987452,-0.18837944,-0.35691807,0.5603912,0.39027876,0.35628515,-0.18194261,0.39903194,-0.3754138,-0.43351254,0.52163506,0.7333431,0.3144691,0.26017743,-0.603994,0.35415423,-0.10689969,-0.098839544,0.07395506,-0.038562804,0.21883902,0.03829304,0.21001917,-0.00691541,-0.046491466,-0.102142856,0.09602207,-0.24554685,-0.3326007,-0.41675627,-0.0063700527,-0.21103445,0.4642417,0.1262801,0.23398034,-0.0074608764,0.19996136,0.03781142,0.0094862515,-0.02839917,-0.34718686,0.036104802,0.22784199,-0.21282941,0.36155188,0.43558,0.16167781,0.19189014,-0.10629289
13,6.5817223,-3.5135396,4.327657,-2.7488158,4.148834,-4.98989,-2.9408417,-2.238648,-1.5334895,-0.6438389,2.9878857,-0.3486334,-1.55347,13.627123,2.0845928,4.099552,-0.2544055,-3.6315694,0.20117462,1.2469921,-0.57336164,0.6782712,-1.6544514,0.4736417,0.7525766,0.5761277,-0.18189363,0.46864906,1.8605671,0.5839275,1.0303535,0.65153277,-0.10756258,-0.26751906,0.081388965,0.15748456,-0.03502537,0.6500126,-0.5121826,0.0016675671,0.9534594,0.8582363,-0.38821048,-0.66327447,-0.32856882,-0.4433722,-0.6294188,0.33853957,-0.68018377,-0.3340493,0.29172403,-0.13341525,0.028440341,0.72944057,0.52238405,-0.11519064,-0.792858,-0.06450654,-0.41576633,0.11771199,0.030800827,0.12536618,0.15533873,-0.12473445,-0.13266826,0.06092307,0.2880571,-0.2908108,0.18525675,-0.07702622,0.42328417,0.04444082,-0.33225846,0.16052482,-0.057263784,-0.2136626,-0.17746255,0.051752526,0.25219384,-0.28675985,0.050878342,0.3148665,0.3408159,0.25123298,-0.03944846,0.066896506,-0.39746228,-0.026745822,-0.2548191,-0.056591585,-0.055253062,0.30333197,-0.19617361,0.035016093,-0.081027165,-0.12739787,-0.2378129,-0.057569005,0.012798787
14,-8.560881,0.98891217,4.346388,-4.1500497,0.8247383,1.4628721,1.592526,-2.5676277,3.1359963,-6.4095473,-1.4875023,-1.2845795,-1.235374,2.0845928,9.13923,2.5887399,-1.4322426,-0.6125591,1.0828918,0.65498614,0.69264096,2.2104125,0.9764831,0.39364362,-0.80168694,0.25620216,-0.7318767,0.8919592,0.113998726,-1.0981228,0.037948303,-0.19229814,-0.31048656,-0.6968569,-0.18151237,0.2899311,0.11882052,0.42030472,-0.5190857,0.06855111,-0.92222965,0.18504587,-0.76799035,0.04828788,-0.15097639,0.052256048,0.6788956,-0.04007294,0.40777296,0.040386423,0.29163295,-0.36790067,-0.33565456,-0.6611243,0.36945257,0.1609725,0.34802616,-0.07842155,-0.025094312,0.5145171,0.40759778,0.37135577,-0.105725184,0.12762216,-0.26798493,0.05999871,-0.22859532,0.10008767,-0.4176988,0.33527008,0.15166274,0.083342806,-0.18728477,-0.38013822,0.3238057,-0.25485134,0.19636987,0.32168946,-0.042375535,0.20908517,-0.058272325,-0.09705941,0.0017735332,0.068120316,0.26486945,0.17069152,0.09556383,-0.13873768,0.16769525,0.19508521,0.120684154,-0.038984492,-0.012778053,0.21713999,-0.032395154,0.096811876,0.26584888,0.056032516,0.112048745
15,3.760982,-2.6935282,-2.6230054,-2.4181213,-0.2613048,-1.6236203,0.419255,2.2203856,-0.09866369,0.46305186,1.9887142,2.4790845,-1.0924251,4.099552,2.5887399,10.189979,-0.7245998,0.8086529,0.23922709,0.0929159,0.76236665,0.74599725,0.8043219,0.96531713,1.5447042,-0.3701774,1.3697765,-0.36176866,0.12289491,-1.0980878,0.8295331,0.7676096,-0.062590845,0.34159833,0.5423357,0.99250734,-0.7161361,0.21198575,0.68794227,0.7172264,0.32019788,-0.0044088103,0.021443453,0.5322231,-0.96465373,0.46619463,0.7924273,-0.7441678,-0.26741368,-0.2897331,-0.9144584,-0.6203098,0.16152829,-0.7840856,0.060717545,0.15779473,0.24191238,-0.11659598,0.1286316,-0.034635767,0.08697881,-0.3701768,-0.052875284,-0.03439842,0.55480635,0.83932734,0.23737665,0.10346782,-0.08978635,-0.22938868,-0.026998311,0.12996265,0.061134174,-0.31131017,0.0927762,-0.143473,0.43306488,-0.020239204,-0.10979192,-0.03105682,0.0056912433,0.34045517,-0.08141944,-0.13563184,0.13869372,-0.31437147,0.12311981,0.06782607,0.31505352,-0.07867608,0.12829784,0.02827217,0.2915945,0.2753992,0.09820177,0.11343577,0.18370041,-0.058095716,-0.040786162
16,-3.647838,7.6217165,1.0877652,-10.364831,-0.5317935,-2.4808512,-1.3755966,3.0440826,1.3079154,1.170343,0.27254486,1.0178301,2.164739,-0.2544055,-1.4322426,-0.7245998,11.149362,-0.68806255,-0.57664955,-0.41085726,-0.3794703,-0.24214399,0.91377294,-1.9966888,-0.13844241,0.4735009,-0.8450628,-0.5147071,1.2911141,0.2790165,-0.6444832,-0.63379896,0.701758,0.3139121,-0.2000534,1.405842,0.07913685,0.7722534,0.16269484,-0.6715976,0.54881895,-0.023249459,-0.24826038,0.21911445,-0.42450854,-0.370224,0.60959905,-0.5536728,0.3467428,0.7409128,0.010430431,-0.18393809,-0.19700848,-0.13458942,0.19853774,0.3724612,-0.2253716,-0.53884304,-0.45385462,0.116577804,-0.16623762,0.024542836,-0.14690143,-0.47977638,0.0181438,-0.089626074,0.23205578,0.24566129,0.22391462,-0.15033883,-0.058844127,-0.08402813,-0.14348672,0.11334042,-0.37852374,-0.00010534459,0.22912648,-0.16496032,0.37836838,0.19303212,0.12842683,0.29192537,0.05638229,0.147585,-0.12638909,-0.09054676,0.039389856,0.2122186,0.19017497,-0.11346042,0.12788899,0.12138859,-0.4616265,0.08415524,-0.18501382,-0.11238761,0.020625027,-0.078543365,-0.048982266
17,19.003723,-0.30589086,-0.25649947,4.1380053,2.5322142,0.77752423,0.9335642,0.68439376,0.5141711,-0.076774776,1.3388002,-1.3237636,1.1092747,-3.6315694,-0.6125591,0.8086529,-0.68806255,11.05624,1.2634114,-0.24372521,0.40225276,0.17342502,-0.102585614,-1.4989212,0.6654084,-1.0980868,0.20173746,0.6505285,0.8450508,0.107687205,0.81158537,0.5485126,-0.52353036,-0.6867163,1.1972659,0.36520812,-0.75688076,0.8612337,0.16208589,0.37305194,-0.14573121,-0.37217432,0.552781,0.591948,-0.6604279,-1.2134867,0.060316294,-0.4463523,0.21608302,0.025145128,0.38184336,-0.5895542,-0.40477914,-0.054707296,0.47655952,-0.09941432,0.2692811,0.3566326,0.23543704,-0.14121316,-0.022712275,0.35241324,-0.31881806,0.390724,0.10328777,-0.08507289,0.42398572,-0.17806982,0.37766215,0.04889567,-0.0705999,-0.17646205,0.19836447,0.28073233,-0.07809775,0.12444852,0.31365275,0.07148198,0.028925553,-0.23716432,-0.076031506,0.09079747,-0.35597134,0.07155302,0.40471303,0.045978464,-0.06709769,0.12517929,-0.0694999,0.1093865,0.09507851,0.21046785,-0.06597941,0.26338446,0.1650027,0.1830073,0.17352289,0.036916405,-0.061654523
18,7.1705933,-6.146553,2.079703,-2.9939075,0.46714246,1.2102712,-0.5707035,0.068066746,0.071260035,1.493979,-1.3946512,0.39577156,-1.963757,0.20117462,1.0828918,0.23922709,-0.57664955,1.2634114,9.964406,0.49942228,-0.03862163,-0.36575794,0.13409409,-1.8634318,-1.4401168,-0.115398,1.4999084,-1.0509408,0.8651968,0.30511904,0.2924832,0.115159824,0.78992164,0.36371672,-0.24928582,-0.33103007,0.36916465,0.07315782,-1.0310832,-0.06787574,-0.26868248,-0.5730195,0.34445468,-0.9835565,0.3172503,-0.5855343,0.6549521,0.077090934,-0.032991353,-0.20610492,0.5073335,0.38307673,-0.009567538,-0.5682329,-0.3537824,-0.6044482,0.4688037,-0.65556943,-0.22192186,0.30497548,-0.12311239,0.45958257,0.44758558,-0.29286894,0.30488703,0.3019135,0.47180247,-0.46238828,-0.0719325,0.0073075066,0.22657308,-0.6062306,-0.032232217,-0.24029258,-0.19864514,-0.05769041,-0.485699,0.13615361,0.25502396,0.055643596,0.11685736,-0.47108874,-0.047801033,0.110416174,-0.30531925,-0.16049549,0.18326133,-0.031610645,0.18860948,-0.10196165,0.051485322,-0.24043125,0.13081975,-0.16958664,0.08501193,0.17679116,0.315306,0.19404477,0.14509934
19,-2.3900805,-2.368895,-0.5323809,2.2239232,0.7556112,-2.2191544,-0.6188224,-3.6462505,3.2078469,0.089750156,-0.09905587,1.1341186,1.4379368,1.2469921,0.65498614,0.0929159,-0.41085726,-0.24372521,0.49942228,6.1500974,-0.44363642,0.99654377,-1.185304,-1.0992014,-1.2996283,0.29081878,-0.17825764,-1.8608761,0.22439633,1.7106138,0.45110542,0.18721244,-1.0506499,1.5583007,0.47994834,-0.49024558,0.2341828,-0.14873603,0.6156316,0.18267475,-0.46432123,-0.2872923,-0.2695105,-0.092384055,-0.55832064,0.38264126,-0.25920564,0.28421247,-0.0076313093,0.44328672,0.076267704,-0.47993892,-0.8189831,0.27153394,-0.09859156,0.09762337,0.252216,0.18089767,0.3503114,0.100907676,0.15801983,-0.083013184,0.47065783,-0.09194942,-0.2524471,0.2861957,0.2776625,-0.078123376,-0.35774565,-0.20147586,-0.18253663,-0.23681834,-0.5218959,0.11243747,0.09951528,0.09430602,0.043890297,0.20021008,-0.22044992,0.2363334,0.030019034,0.03348939,0.0727279,-0.213558,0.12201587,-0.03170973,0.011860005,0.0017871577,0.14508311,-0.07129878,-0.016378924,0.11534638,-0.20822677,-0.06553027,0.09377989,0.02781973,-0.12384029,-0.37411803,0.034523252
20,-10.665815,1.7090535,0.6501267,0.5204568,2.12563,-0.16363838,-0.2937949,-1.3076484,-1.7776644,0.13181701,-1.8494978,-1.6689655,2.4666104,-0.57336164,0.69264096,0.76236665,-0.3794703,0.40225276,-0.03862163,-0.44363642,5.90419,0.961349,-0.2982446,-0.8831464,0.51454926,-1.9285522,0.13003463,0.15435329,-1.7104146,0.31205687,-0.74093246,-0.21660358,-1.0594912,0.43791854,0.27716386,0.3163727,-0.5446695,0.23187694,0.044088893,-0.51299214,0.36235395,0.038960546,-0.16493097,-0.49937695,-0.18561935,0.5141551,0.7275877,-0.30215442,-0.62388086,-0.13954398,-0.40091527,0.33176014,0.1375877,0.0700752,-0.17591277,-0.0375444,-0.07277137,-0.43327928,-0.7191126,-0.006156103,-0.09778193,-0.118435085,-0.005860842,0.312731,-0.29297727,0.28371274,-0.21383664,-0.21346098,-0.013111065,0.47447026,0.17869242,-0.00053720473,-0.03015066,-0.20606376,-0.27227283,-0.022008259,0.08898355,-0.1340001,-0.24845147,-0.30224395,0.019832171,-0.26174384,0.14567755,-0.047286037,-0.049289674,-0.10206526,0.09431484,0.13901086,-0.033652745,-0.17806828,-0.12780617,0.11650851,0.02863587,0.18980497,-0.24910606,-0.012586911,0.0373469,0.17030576,0.1490274
21,-10.03002,3.5700397,0.65330446,1.604474,-0.6796706,1.114215,-2.429453,0.04533928,3.5508728,0.32079396,-2.4524283,1.1725065,-0.83380634,0.6782712,2.2104125,0.74599725,-0.24214399,0.17342502,-0.36575794,0.99654377,0.961349,7.5540204,0.73171186,-0.86443245,0.22955063,0.4230575,1.2991908,-0.2614072,-0.7563342,1.5701543,0.13827637,0.2343725,-0.88004386,-1.9168372,-0.5669478,0.07467092,-0.05347009,-0.19908887,-0.031137638,-0.28409702,0.9303231,0.06407693,0.9098094,-0.355985,-0.2982134,-0.18195647,0.11967307,0.29056123,-0.16204013,0.45654267,0.21526578,0.07391417,-0.00565817,0.10300612,0.21114291,-0.16830671,-0.18295234,0.056712016,0.5386357,0.04821585,-0.509599,0.16601042,-0.47037035,0.03218588,-0.002700305,-0.19014753,0.023707327,0.13523708,-0.063307285,-0.03456203,-0.21187115,-0.118287474,0.41197076,0.4622988,0.3884961,0.13540217,0.45063913,0.11773297,-0.03860069,-0.033421755,-0.0799167,0.08569906,0.25226521,0.12754413,0.16336556,0.019953262,0.047840588,-0.10077031,0.109796986,0.21711943,-0.035973527,0.05129257,-0.06361517,0.12965585,-0.016956039,-0.11486861,-0.16021594,0.09613017,-0.12834135
22,-0.5600736,0.9945527,0.044663608,-2.2174463,-1.2068747,-0.10807188,-0.080571726,1.7288914,-1.0208266,0.795593,-1.3596699,0.3178184,-1.1126847,-1.6544514,0.9764831,0.8043219,0.91377294,-0.102585614,0.13409409,-1.185304,-0.2982446,0.73171186,6.126696,0.1740276,0.6784362,0.024385072,-0.22406667,-0.11126568,0.1826979,-0.56154937,-0.24231343,0.13232169,-0.9102269,0.23450866,-1.0189228,-0.420255,-1.071356,-0.3264572,0.51239955,0.3079317,0.016700229,0.7562589,-0.35809284,1.2738391,-0.2769912,-0.23004282,-0.28764427,0.80186874,0.138747,-0.047114346,0.21176246,0.13223131,-0.56611,0.2736959,0.33820006,-0.48436075,-0.14171943,-0.19887027,-0.1300541,-0.38140672,0.06781158,0.22448245,0.23147714,0.11282304,0.2712076,-0.33119634,-0.47046944,0.102222644,-0.7147621,-0.11856596,0.27803206,-0.48775005,0.12651742,-0.14202689,-0.16718554,0.013597595,0.08556454,-0.11267861,0.27946478,-0.03841204,0.050161757,-0.15693888,0.025892254,-0.102787495,0.12360312,-0.110155985,0.18208289,0.07818506,0.1528619,0.15987492,0.4729557,-0.28901803,0.03458216,-0.10503105,0.15294579,-0.014829043,0.22686109,-0.13086563,-0.1514777
23,3.7192726,0.8561958,0.59984994,-0.53846645,0.25999147,2.7615073,0.7836187,2.8232296,0.103561655,-0.3229228,2.221273,-1.199605,-0.49207103,0.4736417,0.39364362,0.96531713,-1.9966888,-1.4989212,-1.8634318,-1.0992014,-0.8831464,-0.86443245,0.1740276,5.4605613,-1.235007,-0.9928111,0.116118275,-0.1556947,-1.0691645,-0.6901771,0.15949808,-0.79905444,-0.14356449,-0.21286726,0.028020538,0.1574904,0.6877585,0.19106501,0.57214946,0.120067865,0.2404826,0.17868279,0.80756444,-0.13757387,-0.21824741,0.40288728,-0.059221543,-0.06422185,-0.25255212,0.13647546,0.06857608,-0.1905791,-0.4161919,-0.002909754,0.035672195,-0.5374565,0.087459415,0.17513151,0.15343674,-0.44223186,0.29949206,0.2432584,0.39933166,-0.21579978,-0.29286957,-0.29302505,-0.21285987,0.0034774481,-0.054167464,-0.3771882,0.22083268,0.011383348,0.1469206,-0.31354105,0.3395918,-0.2248832,0.18490186,-0.43863064,0.25765875,0.013879219,0.30830008,0.051216673,0.011086392,0.20338503,0.18852769,-0.18836755,0.052364588,0.011880332,0.011740869,-0.20701289,0.0032388677,0.060419463,-0.10047315,-0.21631137,0.36538646,0.09614608,-0.084704116,0.1729038,0.0018005066
24,-0.25876862,-0.009274566,0.7929871,2.9767637,0.21218339,0.425357,1.8687413,-0.004983521,-0.6927763,0.87062716,1.0291755,-1.0571257,-1.0775893,0.7525766,-0.80168694,1.5447042,-0.13844241,0.6654084,-1.4401168,-1.2996283,0.51454926,0.22955063,0.6784362,-1.235007,5.9795804,1.1342642,-0.031980995,1.1327441,0.45577124,0.44599003,-1.2469386,0.18747407,0.43658847,0.46080193,-0.54194176,0.24894795,-0.41170567,-0.2864015,-0.58053446,-0.38772374,-0.29793966,0.123570085,0.11949847,-0.3714128,-0.79183257,0.14661683,-0.6558393,0.6300186,-0.5758678,0.07239695,-0.2687732,-0.13012569,-0.008024834,-0.5444664,0.43258494,0.8219929,0.06620051,0.49025953,0.016922224,-0.08120614,-0.750021,-0.2274804,-0.5061408,-0.07078594,0.23752248,0.32922167,-0.011045647,0.17314008,-0.1434021,-0.1916972,0.25463825,0.0608373,-0.20381671,-0.014845543,-0.04875703,0.41587722,-0.09346231,-0.319982,-0.06947683,-0.21373442,0.018164909,-0.09208673,0.122440346,-0.1048064,0.13870831,-0.08532027,0.13507068,-0.008890154,-0.00028370446,-0.20892626,-0.23066902,-0.15242627,0.1224102,0.047225956,-0.0017244533,-0.021816585,0.23192751,0.07617559,-0.12581293
25,-6.4903045,0.3417919,2.1126575,0.6185931,0.9052026,-0.3158821,0.85463965,1.4604619,-1.4802401,-0.46467754,-0.25800675,0.3574949,-0.27718222,0.5761277,0.25620216,-0.3701774,0.4735009,-1.0980868,-0.115398,0.29081878,-1.9285522,0.4230575,0.024385072,-0.9928111,1.1342642,7.5028033,0.228219,-1.0677953,-0.5181018,-0.2639755,0.8113531,-0.19783126,-0.30763075,-0.049911954,-0.007775356,-0.09448905,0.77173454,-0.39338988,-0.20835483,1.040018,-0.2671724,0.13079292,-0.3081962,0.6565614,0.22841331,0.030644946,0.52843565,0.39426422,0.00033665454,-0.20487967,0.48458195,0.11146605,-0.0563237,-0.22081754,0.24478166,0.19302925,0.56119454,0.38286835,-0.08622393,-0.24505214,-0.35143548,0.053731777,-0.42448825,0.07612592,-0.3023169,0.4924314,0.42893738,-0.37680298,0.2730535,0.3016075,0.21663648,0.17978264,0.2446107,0.13086228,-0.0041127075,0.09131083,-0.25931752,-0.43513742,0.11739668,0.2370341,-0.17799011,-0.24920866,-0.19366923,0.029365405,0.24679126,-0.087012105,0.024488077,-0.11658758,-0.091319546,0.05704344,-0.0572576,0.14772777,0.07961415,-0.017576855,0.003383821,0.109690905,-0.04242572,-0.11301866,-0.23061585
26,-10.774715,2.054559,-1.0511892,0.37223977,-0.30540335,0.0124943415,-0.09118053,0.15254825,-0.090237826,3.1902637,1.5108123,-0.11747056,0.32409918,-0.18189363,-0.7318767,1.3697765,-0.8450628,0.20173746,1.4999084,-0.17825764,0.13003463,1.2991908,-0.22406667,0.116118275,-0.031980995,0.228219,6.36723,0.30075523,0.33224386,-0.80686873,0.28772974,0.46495748,0.3464848,-0.4229344,-0.40951085,0.26288804,0.29126912,-0.87760496,-0.28549683,-0.46912864,-0.25448424,-0.49738482,-0.4424109,-0.36666083,0.37346846,0.02295785,0.1006273,-0.51750743,0.26581144,-0.0375924,0.2188159,0.0022905332,-0.15562585,0.08183505,-0.3648435,-0.10392313,-0.37221664,0.402762,0.06100066,-0.6340941,-0.5235056,-0.1462247,0.39046913,-0.08107756,-0.12865716,-0.13207819,-0.19863473,-0.54881704,0.007577365,-0.22635016,-0.29660064,-0.5183417,0.007816292,-0.25445136,-0.16911973,-0.17624405,0.28783303,-0.14229566,0.112085655,0.21693632,0.07002771,-0.15239254,0.087001264,-0.06900427,0.16929011,0.04942767,-0.026514538,-0.023103759,-0.0122035835,0.12234506,0.12514484,-0.066618666,0.0005893699,0.41217148,0.17483404,-0.19475357,-0.19900447,0.05450327,-0.17832208
27,-1.5980413,0.42049402,0.64861107,-0.26268432,2.5532422,-1.9713198,-0.5674981,-1.065082,-0.94390243,-1.7527164,-0.10753456,-0.43722248,-0.5149458,0.46864906,0.8919592,-0.36176866,-0.5147071,0.6505285,-1.0509408,-1.8608761,0.15435329,-0.2614072,-0.11126568,-0.1556947,1.1327441,-1.0677953,0.30075523,4.7569017,0.51947933,-0.44493806,0.12941957,-0.49800313,0.6175128,-0.22535208,-0.9791247,-0.45002756,-0.3637911,-0.11296117,0.35505915,-1.1293747,-0.85455334,0.3347343,0.20715284,-0.41538697,0.28311944,-0.40310606,0.10843759,-0.25141716,0.8450166,-0.5569166,-0.6053865,0.10320753,-0.2609107,0.046337504,-0.1707635,0.065001845,0.00016237452,0.20011476,0.27204245,0.16788176,-0.30720854,-0.22196198,-0.37132978,0.2267866,-0.025024425,-0.10925989,0.21308348,-0.37271982,0.082211465,0.03486453,0.3504131,0.174885,0.15951654,0.2862937,0.18711244,-0.2697742,0.031090084,0.2805699,0.3071135,-0.01358974,-0.08319275,-0.058252126,0.04612159,0.063362435,0.056940503,-0.09338993,0.08672065,-0.13495702,0.22125512,-0.033110633,0.067041054,0.1322742,-0.16437063,-0.07489961,-0.03207789,-0.036153883,-0.059467126,-0.13967246,-0.0039035599
28,4.9507923,-0.5523331,1.2515826,-0.5327114,0.80087185,-1.0542109,-1.1731725,-0.14188835,0.97867227,-0.84558266,2.1896825,0.96213424,-0.18950552,1.8605671,0.113998726,0.12289491,1.2911141,0.8450508,0.8651968,0.22439633,-1.7104146,-0.7563342,0.1826979,-1.0691645,0.45577124,-0.5181018,0.33224386,0.51947933,4.7493243,-0.42895162,-1.7564886,0.36096317,-0.1436101,-0.53701806,-0.37598518,-0.52653444,-0.019544486,0.16760045,-0.18985987,0.46552384,-0.27776104,-0.3867068,0.21650672,-0.40313894,0.41071966,-0.21821961,0.1675094,0.0009085391,-0.18088245,0.026249804,0.13147408,0.27405715,0.10489114,0.21470943,0.2744419,0.3621568,-0.34384182,0.034907103,0.4705822,-0.29414362,0.28862488,0.099678084,0.38724646,0.30907422,0.0063162083,-0.11006852,0.16723952,0.19738354,-0.27167195,0.0643367,-0.13422816,0.10320796,-0.07119224,0.11862382,-0.3283658,-0.06270777,0.16808069,-0.15002885,6.0262006e-05,0.124609455,0.06924887,0.11306654,-0.3422432,-0.22081333,-0.037887946,0.13238207,-0.17628422,-0.14948699,0.1510078,0.08317219,-0.07096552,-0.015898906,-0.061670996,-0.07236946,0.049138486,-0.0680439,-0.0026953495,0.10530315,0.01728782
29,3.116171,-2.0721278,0.012753202,-0.93211687,0.13561869,1.2986238,0.25985122,-0.018616084,-0.4982938,1.109404,-0.039574094,-1.0783906,-0.639184,0.5839275,-1.0981228,-1.0980878,0.2790165,0.107687205,0.30511904,1.7106138,0.31205687,1.5701543,-0.56154937,-0.6901771,0.44599003,-0.2639755,-0.80686873,-0.44493806,-0.42895162,5.507594,-0.21782836,0.09155537,0.25872564,0.23710833,-0.5987258,0.40355128,-0.43846244,-0.38287768,-0.22455427,-0.23706433,0.023824308,0.28907707,0.3082834,-0.3273678,-0.45351872,0.047334798,-0.07673489,-0.41567272,-0.24319887,0.18479842,-0.13521421,-0.27298146,-0.068414144,0.8447671,-0.4985973,-0.3534016,-0.25972497,0.38102686,-0.14682701,0.14150509,-0.027490493,0.029349204,0.08213321,-0.33565807,0.031739246,-0.19263074,0.44950172,0.41667426,-0.19409508,0.09083094,0.12851733,0.52847344,0.23664403,-0.121739075,0.0064831376,-0.28304684,-0.0065118233,-0.096230835,0.06029778,0.16489395,-0.063660786,-0.10333763,-0.098698094,0.10349052,0.19118613,0.005463152,0.09852617,-0.3066284,0.15152204,-0.014485607,-0.16183619,-0.2857013,0.28507823,0.019292496,0.206759,0.22115007,-0.14988548,-0.31314987,-0.06942755
30,4.3913383,0.51917255,0.052843306,0.19631538,0.38371852,-2.2113156,-0.53117406,-0.9405056,0.17514125,0.348202,-0.15903434,-0.5009092,-0.19324532,1.0303535,0.037948303,0.8295331,-0.6444832,0.81158537,0.2924832,0.45110542,-0.74093246,0.13827637,-0.24231343,0.15949808,-1.2469386,0.8113531,0.28772974,0.12941957,-1.7564886,-0.21782836,5.742649,0.058714554,0.07871091,-0.45265865,0.17449145,-0.22562116,0.09313859,0.7304177,0.057426337,-0.38915575,0.14472556,-0.34043318,0.4819933,0.56059253,0.5432148,-0.37726507,-0.46552628,-0.22198752,0.42334372,-0.0836169,-0.38271573,0.18883964,-0.07337284,0.44086856,0.087685525,0.43034655,0.043505345,-0.15008022,-0.46287146,-0.41936767,-0.119098574,-0.48906666,-0.17432006,-0.20310101,0.44317162,0.07636276,-0.28447956,0.010990991,-0.019601284,-0.1749019,-0.13613121,0.23953104,-0.18041997,0.061954774,-0.25211155,-0.00079025375,-0.09455314,0.1102047,0.27166727,0.06994535,0.07125276,-0.13996887,-0.084742635,0.3152137,0.1897583,0.1597597,0.132682,0.29751414,0.14904094,-0.010642149,0.11487716,-0.13280874,-0.06533657,-0.028451445,-0.116709165,0.2383379,0.061944343,-0.3028888,-0.002897292
31,1.2799841,0.3130511,0.04325783,1.1869088,0.74217796,-1.7900829,0.9879139,-0.33181244,-3.0074806,0.51040614,-1.205963,0.7117602,-0.06280495,0.65153277,-0.19229814,0.7676096,-0.63379896,0.5485126,0.115159824,0.18721244,-0.21660358,0.2343725,0.13232169,-0.79905444,0.18747407,-0.19783126,0.46495748,-0.49800313,0.36096317,0.09155537,0.058714554,3.813265,0.21534255,-0.94799495,-0.49681467,0.009272333,-0.35474527,-0.2108917,0.33284515,-0.45227182,0.32165325,-0.2908551,-0.4816125,0.020381715,-0.032578044,0.09274994,-0.2326277,0.094578594,-0.21603881,0.55004,0.3734493,-0.30927512,-0.035184234,-0.10628572,0.12879634,-0.26559794,0.369894,0.29081908,0.23836468,-0.23134068,0.6639613,-0.1428495,0.31826082,-0.21280777,0.06276141,-0.29850408,0.15322664,0.27469563,0.4164262,0.08952041,-0.039400272,0.5117155,-0.15910634,-0.10683115,-0.19950601,0.14003028,-0.0060603516,0.09923023,-0.28615183,-0.023980912,-0.0631265,-0.1641027,-0.02411904,-0.37051368,-0.08866376,0.2510851,0.010245783,0.12154287,-0.1348092,-0.016706476,0.33381194,0.09636381,0.021047998,0.24343827,-0.18335032,-0.023711711,0.27212036,0.013577217,0.015098432
32,-1.7554073,-0.66237146,0.3923941,-0.95438343,-1.265477,-0.3601424,0.37925678,0.52093047,-0.23172498,-0.40701216,-0.2541926,-0.20825747,-0.64429504,-0.10756258,-0.31048656,-0.062590845,0.701758,-0.52353036,0.78992164,-1.0506499,-1.0594912,-0.88004386,-0.9102269,-0.14356449,0.43658847,-0.30763075,0.3464848,0.6175128,-0.1436101,0.25872564,0.07871091,0.21534255,4.5162597,-0.20422971,-0.4551123,0.8209411,0.3211015,-0.3270772,-0.5708228,0.6882712,-0.47095758,-0.48026186,0.082418874,-0.006650054,-0.4071117,0.14444932,-0.25793904,-0.20870104,-0.0459709,1.1189668,-0.40155572,0.064903185,-0.12493602,-0.11256628,-0.18867174,-0.24120128,0.2402265,-0.03393788,-0.0022083367,0.4408015,-0.00037902413,-0.3187166,-0.18714759,-0.27314028,0.12508282,-0.24627084,-0.30405024,-0.58546084,0.48870054,0.13304454,-0.034521326,0.14351365,-0.22182669,0.12366548,0.06001593,0.077183686,0.30159688,0.23269096,0.25648236,-0.4100739,-0.120584995,0.033316948,-0.017296623,-0.13564578,0.20566857,-0.047961574,0.06341392,0.01887363,0.17570676,0.17901742,-0.031419165,-0.07633045,0.12936163,-0.13636732,0.04349774,0.01208728,-0.035984166,-0.19178668,0.04448629
33,-2.4821038,-1.801857,1.3938013,1.0678259,1.0379425,0.8743852,-0.35790628,0.22229771,-0.27649197,-0.15249659,0.17608202,0.19260265,0.314098,-0.26751906,-0.6968569,0.34159833,0.3139121,-0.6867163,0.36371672,1.5583007,0.43791854,-1.9168372,0.23450866,-0.21286726,0.46080193,-0.049911954,-0.4229344,-0.22535208,-0.53701806,0.23710833,-0.45265865,-0.94799495,-0.20422971,5.624411,-0.42514613,-0.57252395,-0.06817052,0.10430332,0.16980472,0.23390168,0.1837889,0.004098691,-0.02295174,0.05922049,-0.243983,0.16870621,-0.5385826,-0.5134932,0.08389899,-0.093040325,0.43210924,0.2237975,-0.2906494,-0.25107175,0.20558098,-0.27975604,-0.19801961,0.2449686,0.44024163,-0.021480683,-0.51376414,-0.11463457,-0.23624954,-0.07567002,0.3149853,0.28322262,-0.00048457447,-0.2392321,-0.071276136,0.12932214,-0.115037456,-0.11010936,-0.19776314,-0.2994691,-0.13091108,-0.27789426,0.05728699,0.4049759,0.029100347,0.0039358754,0.10513373,0.048635833,0.07016495,0.08658181,0.11889203,0.074547075,0.124351956,0.09830224,0.23837149,0.035623,0.054265145,0.0975699,-0.009632407,0.29623488,-0.10806411,-0.07046358,0.22367306,-0.110213034,0.028875679
34,4.1128254,2.179618,0.96495396,-0.60250354,1.0512469,0.3387305,-0.5691197,0.02491737,0.0062423903,-0.7369909,1.005788,-0.12690729,0.47259447,0.081388965,-0.18151237,0.5423357,-0.2000534,1.1972659,-0.24928582,0.47994834,0.27716386,-0.5669478,-1.0189228,0.028020538,-0.54194176,-0.007775356,-0.40951085,-0.9791247,-0.37598518,-0.5987258,0.17449145,-0.49681467,-0.4551123,-0.42514613,3.9451022,0.45335972,-0.19039886,-0.12990323,-0.005745739,0.28048033,-0.08733739,0.8102908,-0.114947215,0.01733002,0.29312915,0.22382015,0.42978507,0.3622395,0.5232906,0.009604754,-0.0865618,-0.18369356,-0.15520734,0.0926124,0.38571265,-0.17764856,0.33110428,-0.16056988,0.057172697,0.052940447,-0.37503248,0.18245666,-0.19387096,-0.009271583,0.21156844,-0.36392573,0.09881926,-0.0655247,0.2279911,0.13079473,-0.30270362,-0.09108469,-0.5293197,-0.13216832,-0.011018851,0.2095148,-0.0036207163,-0.14692217,-0.29517102,-0.2393447,0.18095651,0.14660488,0.16750702,-0.11604363,-0.3156299,-0.08731319,-0.24159253,-0.32321393,0.24674651,0.16609676,-0.27874994,-0.30049926,0.21196449,0.11519103,-0.0072855246,-0.10066569,-0.039323017,-0.049252566,-0.114593655
