,0,1,2,3,4,5,6,7,8,9,10,11,12,13,14,15,16,17,18,19,20,21,22,23,24,25,26,27,28,29,30,31,32,33,34,35,36,37,38,39,40,41,42,43,44,45,46,47,48,49
0,936.37915,1.4008667,-4.7297034,-1.0457828,1.8983879,0.2698382,0.016070306,-0.057614684,0.0049543707,0.011441384,-0.116771884,0.07263597,-0.010683965,-0.056814507,-0.002523949,0.02893208,0.002591916,0.0018686292,-0.010935128,-0.008900483,-0.0097231595,0.021475494,0.007826248,0.0020001293,-0.0048318366,-0.010333514,0.00018226467,0.00020992276,0.0003340408,-0.0040559135,0.00756682,0.0035557095,0.0032317806,0.0055381083,-2.7588558e-05,0.00058857724,0.003844822,-0.00039157819,0.0011460459,0.0005637476,-0.0012001907,0.0030236742,-0.0028775064,0.00051363243,-0.0014369546,0.0017247619,0.0011782665,0.0011301206,0.0023086201,0.0008974782
1,1.4008667,228.89497,96.209274,-1.3195854,-0.8615985,-0.088078484,-0.014556171,-0.029607436,0.008909978,-0.005989668,-0.0410522,0.012521469,-0.016148148,-0.0025908742,-0.0027467448,0.011393018,-0.0046917275,0.004750777,0.010973411,-0.005211106,-0.0029718128,-0.00066327467,0.0021394235,0.0007224361,-0.00575043,-0.0021551058,-0.003928048,-0.004021072,-0.0015040984,0.0005614889,-0.0008197746,0.00020658712,-0.0057542883,0.0029114166,-0.0010356255,-0.0006864752,0.0047785696,-0.0021582777,0.003988646,0.0010220809,0.0009815712,-3.3862416e-05,0.00045739155,-2.7054852e-05,-0.0024579563,0.0006145623,8.9635636e-05,0.0011234714,0.0003859165,0.0012355733
2,-4.7297034,96.209274,41.52211,1.215543,0.6586813,-0.06905782,-0.031019269,0.0018179056,0.018094402,-0.009124466,0.003206499,-0.026155327,0.0062099528,0.015346477,0.0019611982,-0.011049394,-0.0050499,-0.0037565837,0.009643519,9.855673e-05,0.003514059,-0.0030203897,0.0011243501,-0.0013274327,0.0028028474,0.00095730904,6.438841e-05,-0.0010089984,-0.00014829962,0.0008510497,-0.0011583837,-0.00054001174,-0.0023422847,0.0026466402,0.0015552831,-0.00039090344,0.0010359793,2.3290553e-05,0.00046757085,0.0027753492,0.0010694821,-0.00030969206,0.00015132567,-0.0023807744,0.0007992898,0.00096417323,0.00014942326,0.00013873371,-0.0013452708,2.092596e-05
3,-1.0457828,-1.3195854,1.215543,3.9236405,1.1425061,0.06410064,0.012131123,-0.045170665,0.014718716,0.020037781,-0.053951886,0.037883952,-0.02201201,-0.025467165,-0.003419842,0.018922448,0.007756171,0.0029423095,0.004233923,-0.006725544,0.0009034255,0.014642244,0.0049078315,0.0041014906,-0.0034734006,-0.0051722215,-0.0013726044,0.0016401352,0.0021176478,0.0019953116,0.003905754,0.003204841,-0.0009691797,0.0034079573,-0.0012218872,-0.00055623695,0.002590084,-0.0005807198,0.0010985507,0.00049209245,-0.00064872275,0.0017113794,-0.00060502626,0.0006870655,-0.0005195971,0.00043926868,8.090606e-05,0.0012678821,0.0011223792,0.0004249256
4,1.8983879,-0.8615985,0.6586813,1.1425061,1.5400804,-0.14114466,-0.054168448,0.07185458,-0.0064745788,-0.035878118,0.08691768,-0.08504068,0.028566644,0.04908953,0.0023465264,-0.034852363,-0.010626631,-0.003599307,-0.00047613203,0.01677371,-0.0005374237,-0.02828442,-0.005801405,-0.005930177,0.010131229,0.011173762,-0.0007739763,-0.0028966954,-0.0028075925,-0.0017363629,-0.00944677,-0.0057677412,-0.00019653376,-0.0044527324,0.0036139255,0.00040691352,-0.0034911018,0.0019374809,-0.002936216,0.0019679314,0.0010173726,-0.0049038664,0.001532669,-0.00084051257,0.0015538898,-0.0019399785,0.00028073374,-0.0011329453,-0.0018598916,-9.003546e-05
5,0.2698382,-0.088078484,-0.06905782,0.06410064,-0.14114466,0.14938936,-0.011551555,0.0039999103,0.027383039,0.012662219,0.011151323,0.011784754,-0.021171555,0.017900508,0.0016115706,0.009325558,0.005947878,0.004034929,0.015948348,-0.009427778,0.0023901751,0.008228015,-0.003894627,0.00404183,-0.0055529512,0.0018468682,0.0032223663,-0.0006061164,0.0034117328,0.0079349205,0.00088774227,0.002714096,-0.005192383,0.0026701242,-0.0022950633,0.00051844947,0.0037301867,-0.00021106182,0.0025915815,-0.0007722415,0.0011386529,5.9975486e-05,0.0010777209,-0.0010343639,1.8248373e-05,0.00048888056,-0.00049193704,0.0012487441,0.00030596246,0.00034816627
6,0.016070306,-0.014556171,-0.031019269,0.012131123,-0.054168448,-0.011551555,0.020662604,-0.004919797,-0.0071692094,0.006214466,-0.008528142,0.00967413,0.002677894,-0.008622518,0.00034795425,0.0011485333,-0.0015212304,0.00046103646,-0.00048390025,0.0028569517,0.0017873105,-0.0035168317,-0.0020632362,0.0018912687,0.0007088916,-0.0025186413,0.0009425791,-0.0011398249,0.0004487526,0.00062970736,-0.0013515258,0.00021982084,0.0009408415,-0.0003371362,0.0012147059,-0.0017408188,0.00046470767,-0.0013103455,-0.00032707653,0.0012147971,-0.0016507627,0.00076836,-0.00080842886,0.00033008176,0.0002410326,-0.0011552735,-8.2414415e-05,0.00043566857,0.0001193846,-0.00055078795
7,-0.057614684,-0.029607436,0.0018179056,-0.045170665,0.07185458,0.0039999103,-0.004919797,0.03851128,-0.0026086853,-0.011561787,0.010966116,-0.0055302028,-0.0064102225,0.0047776466,-0.0025657313,0.0014312877,0.0007348965,-0.01089748,0.0016393254,0.0011427354,-0.002635582,-0.004853228,-0.0012880722,-0.00043515585,0.0018950631,0.00051281846,-0.0013779744,0.0011109221,0.00046992587,0.001387222,-0.00023792799,0.002124799,0.00025034955,0.0011156847,0.00025179907,-0.00029396202,-9.306049e-05,-0.0005823703,-0.00023063773,0.0014844174,0.0014377396,-0.00012750964,0.0010953022,-0.00024555682,0.00036537836,-0.0005120245,-4.8309957e-05,0.0007952455,0.00043918454,0.0008591806
8,0.0049543707,0.008909978,0.018094402,0.014718716,-0.0064745788,0.027383039,-0.0071692094,-0.0026086853,0.023316532,0.0013855316,0.005432455,-0.00018191601,0.00012192742,0.0005116348,0.0050184038,-0.0011400263,0.00064378045,0.00040022397,0.0040259957,-0.0018449123,0.0035706586,0.00039194454,-0.0009089037,-0.00090610515,-0.0013507424,-0.002258319,0.00031557732,0.0006154672,-0.0018557541,0.0016280697,0.0014386587,0.0010691906,-0.0013336574,0.0008961876,-0.000621889,-0.0015135491,0.0010418263,0.00022243042,0.0011508338,-0.0008444526,0.0013295959,-0.00040562745,-0.00018406159,-0.0010941736,-0.0004219956,0.0015549305,0.0005741053,-0.00050921727,0.00031646428,-0.00063787994
9,0.011441384,-0.005989668,-0.009124466,0.020037781,-0.035878118,0.012662219,0.006214466,-0.011561787,0.0013855316,0.017133532,0.00042969512,0.0043389234,0.0025304374,-0.0019615376,0.0022517564,0.0032591994,-6.10462e-05,0.0046334397,0.0013391726,-0.00088336907,0.0016257253,0.00088938,-0.00080858235,0.001219814,-0.00034971896,0.0008899945,0.0022748127,-0.00014964945,0.0005916128,-0.00039206853,-0.00028167048,-0.0002156252,0.00055718806,-0.0003447783,0.0011424969,-0.0002448731,0.0007879159,-0.00075690285,0.00011488695,-4.388319e-06,-0.0001467588,0.00021999565,-0.0005741819,-9.190214e-05,0.00039028388,0.00038693906,-0.00061500096,0.00038125884,-0.0007130888,-0.00010105838
10,-0.116771884,-0.0410522,0.003206499,-0.053951886,0.08691768,0.011151323,-0.008528142,0.010966116,0.005432455,0.00042969512,0.020651907,-0.007883568,0.0028715977,0.009149978,-0.00041532685,0.00062588946,0.002317256,0.0026371754,0.0035152296,0.00072349195,0.0003655082,-0.003175349,-0.00051216,-0.0011122059,0.00049056753,0.002030903,0.00072581135,-0.00046750595,-0.0006679053,0.00034491922,-0.0016242268,-0.00054360053,-0.0009549909,5.9206945e-05,0.000148286,9.880965e-06,0.00061817147,-0.000105285,-0.00014255143,-0.00032466263,0.0004815123,-0.0011892698,0.0006031527,-0.0005497654,-0.0002808189,0.00056071003,-0.00014079217,0.0002520412,2.3013417e-05,0.00015675859
11,0.07263597,0.012521469,-0.026155327,0.037883952,-0.08504068,0.011784754,0.00967413,-0.0055302028,-0.00018191601,0.0043389234,-0.007883568,0.015816532,-0.0014802973,-0.007057065,0.00071368087,0.0051874854,0.0020207535,0.0015583565,-0.000527274,0.00093001965,0.0011087819,-0.00072098576,6.269969e-05,0.0007141845,-0.00052269036,-0.00049140473,-8.413617e-06,0.0010774852,0.00090979587,0.0008407789,-0.00036428135,-7.882025e-05,-0.00031228433,0.0004523084,-0.0007434513,-0.00076064694,0.00017743494,-0.0003997645,0.0007192338,-0.00010511539,-0.0002878522,-0.0001305476,-0.0003685484,0.00046334794,-0.00043205387,-0.000647625,-0.00040915265,0.0005520682,0.0002559954,-1.792731e-05
12,-0.010683965,-0.016148148,0.0062099528,-0.02201201,0.028566644,-0.021171555,0.002677894,-0.0064102225,0.00012192742,0.0025304374,0.0028715977,-0.0014802973,0.018290428,0.00027315272,0.0013106116,-0.0005748307,0.0012725655,0.0036475502,0.0013958958,0.0026983495,0.0019536128,-0.00087398826,0.001872381,-0.00078964245,0.0025757086,-0.001113499,-0.0010676843,0.00064197707,-0.00025808252,-0.00023798848,-0.00013002881,-0.0007730283,0.0013613384,-0.0003702325,0.0012072993,-0.00056714576,-0.00060512597,0.0005978083,-0.0008655257,0.00092137797,8.437435e-05,0.00011416174,-0.000473383,0.00030274445,-6.139005e-05,0.0005800681,6.0543935e-05,0.0003577074,-0.0007077685,-0.00027764583
13,-0.056814507,-0.0025908742,0.015346477,-0.025467165,0.04908953,0.017900508,-0.008622518,0.0047776466,0.0005116348,-0.0019615376,0.009149978,-0.007057065,0.00027315272,0.015267737,0.0017624376,-0.0006447118,0.0016677402,0.0010071594,0.0035435813,-0.00079848274,-2.7678638e-05,0.0016234007,0.00013882911,0.0013558113,-0.00044120225,0.0013870463,0.0006598446,0.00026450132,0.0007996403,0.0005267755,-0.0005363669,0.0002507717,-0.00061294466,-0.00032738637,-0.000645185,0.0013599922,0.0008417616,0.0010307722,-0.00019696048,0.00028042926,-0.0005525553,3.669275e-05,0.00015612342,0.00024542818,0.000452217,-0.0006778233,-0.00033394166,0.00017747593,-0.00028107766,-0.00032996986
14,-0.002523949,-0.0027467448,0.0019611982,-0.003419842,0.0023465264,0.0016115706,0.00034795425,-0.0025657313,0.0050184038,0.0022517564,-0.00041532685,0.00071368087,0.0013106116,0.0017624376,0.0078342995,-0.0028812594,0.0014928777,0.0002718158,-0.0003854402,4.637574e-05,0.0014677447,-0.0013291151,-0.00011405659,0.0010272746,-0.00022122829,-0.00094296795,0.00090721913,0.0015641479,0.00015089553,-0.0005337505,-0.00013843601,1.3792849e-05,0.00015049241,-0.00061415683,-0.0006673648,-0.00039682502,0.00038388037,0.0008288194,0.0007027356,0.00036722934,0.00031975284,0.00054388924,-0.0006611602,0.0003541936,0.00029334944,7.632961e-05,-0.00015118739,-8.205423e-05,1.9108184e-06,-0.00044695433
15,0.02893208,0.011393018,-0.011049394,0.018922448,-0.034852363,0.009325558,0.0011485333,0.0014312877,-0.0011400263,0.0032591994,0.00062588946,0.0051874854,-0.0005748307,-0.0006447118,-0.0028812594,0.014923616,0.0040034736,0.00013529242,0.00076124654,0.0005799454,-0.0014339963,0.0011862742,-0.0014924309,0.0010709022,0.00079626776,0.0013056395,-0.0008299368,0.0013615021,-0.00039146448,-0.00025165186,2.5822865e-05,0.00092022994,0.0007573094,-0.0007900195,-1.2428591e-05,-0.00014128981,-0.00011867304,2.6215184e-05,-0.00084814976,-0.0011200795,2.723984e-05,-0.0005166171,0.00014555332,-0.00028444058,8.141239e-05,-0.00018669906,0.00013725673,0.00036395795,0.00053921214,0.0002272223
16,0.002591916,-0.0046917275,-0.0050499,0.007756171,-0.010626631,0.005947878,-0.0015212304,0.0007348965,0.00064378045,-6.10462e-05,0.002317256,0.0020207535,0.0012725655,0.0016677402,0.0014928777,0.0040034736,0.0076419,0.001223339,-0.0006622369,-0.0006903288,-0.0006268668,-0.00011428038,-0.00010876075,0.0010420447,0.00092981104,0.00044887594,0.00034456543,0.0014778282,0.0004968818,-0.00014943643,0.00013527542,-0.00058728654,0.0010704449,-0.00020810429,-0.00084177696,-1.6860915e-05,0.00034926986,0.00066843187,0.00017396617,-6.3612446e-05,0.0005938255,-0.0005275669,0.00051711255,-8.315216e-05,-0.0002866041,0.00046267523,-0.00015581938,6.4198975e-05,0.00045172859,-9.363251e-05
17,0.0018686292,0.004750777,-0.0037565837,0.0029423095,-0.003599307,0.004034929,0.00046103646,-0.01089748,0.00040022397,0.0046334397,0.0026371754,0.0015583565,0.0036475502,0.0010071594,0.0002718158,0.00013529242,0.001223339,0.0114891585,0.0009687933,-0.0005446561,0.0012375619,-0.00076945685,0.0012929699,-0.00055771397,-0.00088151987,0.0005233474,0.00027399827,-0.0009664418,0.00089580566,8.635667e-05,-0.0005132349,-0.0014398571,-6.6267e-05,-0.0008683854,-0.00059907103,1.288443e-05,-0.00023006053,0.00045330133,0.0004613882,-0.00043819303,-0.00055024435,-0.0004074276,0.0004279259,0.0005402262,-0.00034129235,0.0001892195,-0.00020372745,-0.00014009108,-5.9628655e-06,0.000283385
18,-0.010935128,0.010973411,0.009643519,0.004233923,-0.00047613203,0.015948348,-0.00048390025,0.0016393254,0.0040259957,0.0013391726,0.0035152296,-0.000527274,0.0013958958,0.0035435813,-0.0003854402,0.00076124654,-0.0006622369,0.0009687933,0.005435918,-0.0003499312,0.0010618686,0.00034883906,8.0598926e-05,-0.000116087176,0.00011203596,-0.0006132308,0.00034634938,-0.00054237375,0.00022723968,0.0015408412,0.00019698226,0.00074324466,-0.0003307665,0.00011746153,6.705368e-07,-0.00026168977,0.00037516412,-0.00028229458,-0.00029604955,0.0002472346,-0.00014782295,0.00016278701,-0.00019868021,0.00021416304,0.00030012897,2.7416845e-05,0.00031909102,0.00025654677,-3.3692e-05,0.00014805299
19,-0.008900483,-0.005211106,9.855673e-05,-0.006725544,0.01677371,-0.009427778,0.0028569517,0.0011427354,-0.0018449123,-0.00088336907,0.00072349195,0.00093001965,0.0026983495,-0.00079848274,4.637574e-05,0.0005799454,-0.0006903288,-0.0005446561,-0.0003499312,0.0032919394,0.00043989246,-0.0019402076,1.1024629e-05,0.0006125744,6.4334214e-05,-8.858356e-05,-3.5797064e-05,0.00010737253,-0.0004901795,5.2570056e-05,-0.0009687721,-0.00037544186,-7.80292e-05,-0.0001221231,0.00035516976,-0.00020606947,5.3725926e-05,-0.00013818557,-0.00075233844,-0.0001432357,-0.00015901975,-8.177695e-05,-0.00036170398,0.00024205566,-0.00022547887,-0.00049196277,-0.00012823143,0.00011045354,-0.00017936788,-0.00012384658
20,-0.0097231595,-0.0029718128,0.003514059,0.0009034255,-0.0005374237,0.0023901751,0.0017873105,-0.002635582,0.0035706586,0.0016257253,0.0003655082,0.0011087819,0.0019536128,-2.7678638e-05,0.0014677447,-0.0014339963,-0.0006268668,0.0012375619,0.0010618686,0.00043989246,0.0038880813,-0.00072956155,-0.00043572075,-0.0007489616,0.00044729008,0.00047034805,0.0009597691,0.00051564927,0.00041793566,0.0005242146,0.0001276625,-0.00061632367,6.612262e-05,0.0004014456,0.00018759159,-0.0002823234,0.00026493028,-0.00033329392,-6.534384e-05,2.6315996e-05,-0.0005590097,0.00038783607,-0.0002222315,-0.00031004986,0.00015222412,-9.073945e-05,-5.0717776e-05,-0.00035496318,0.00022124444,-0.00033759786
21,0.021475494,-0.00066327467,-0.0030203897,0.014642244,-0.02828442,0.008228015,-0.0035168317,-0.004853228,0.00039194454,0.00088938,-0.003175349,-0.00072098576,-0.00087398826,0.0016234007,-0.0013291151,0.0011862742,-0.00011428038,-0.00076945685,0.00034883906,-0.0019402076,-0.00072956155,0.0054463833,0.0007116946,0.00025429588,-0.00028591073,0.00024924355,-0.000459757,-0.00026571297,-0.0004142985,-0.0003931481,0.0007738116,-8.845098e-05,-0.00034120848,-0.000122013174,0.0001162904,0.0008738794,0.00011080103,0.00018228151,-2.8432903e-05,-3.349879e-05,6.6530396e-05,0.0001752035,-0.00014357231,-0.0002545804,0.00022756105,0.0003577238,-3.256966e-05,-0.000106630716,-9.686778e-05,4.646566e-05
22,0.007826248,0.0021394235,0.0011243501,0.0049078315,-0.005801405,-0.003894627,-0.0020632362,-0.0012880722,-0.0009089037,-0.00080858235,-0.00051216,6.269969e-05,0.001872381,0.00013882911,-0.00011405659,-0.0014924309,-0.00010876075,0.0012929699,8.0598926e-05,1.1024629e-05,-0.00043572075,0.0007116946,0.004602606,-0.00080067234,-0.00081098353,-0.0004626559,-0.0006191486,0.00015594876,-5.0209062e-05,-0.0012444567,-0.00012499513,0.00013760405,0.00011872523,0.00025763817,-0.00056628487,0.001012942,-0.00016183523,0.00020952034,-0.00016707553,-0.00014416067,9.731138e-05,0.0005057706,0.00024060556,0.00024632068,-0.00023029711,0.00023350179,-1.6641116e-05,0.00026776426,-0.0003129618,0.00018850883
23,0.0020001293,0.0007224361,-0.0013274327,0.0041014906,-0.005930177,0.00404183,0.0018912687,-0.00043515585,-0.00090610515,0.001219814,-0.0011122059,0.0007141845,-0.00078964245,0.0013558113,0.0010272746,0.0010709022,0.0010420447,-0.00055771397,-0.000116087176,0.0006125744,-0.0007489616,0.00025429588,-0.00080067234,0.0037246663,-0.00035071824,-0.00031699435,0.0009023777,1.7304326e-05,0.00038790487,0.00042333652,-0.00019021778,0.00017099033,0.00011570826,-0.000521009,0.0005208594,0.00017776403,0.00010800338,1.8162915e-05,-4.349976e-05,0.00021243384,0.00016181,0.00014121016,-1.2994107e-05,0.00012954528,0.00016940103,-0.000113768896,-0.000174652,0.00017279657,-0.00015903125,-0.00040806865
24,-0.0048318366,-0.00575043,0.0028028474,-0.0034734006,0.010131229,-0.0055529512,0.0007088916,0.0018950631,-0.0013507424,-0.00034971896,0.00049056753,-0.00052269036,0.0025757086,-0.00044120225,-0.00022122829,0.00079626776,0.00092981104,-0.00088151987,0.00011203596,6.4334214e-05,0.00044729008,-0.00028591073,-0.00081098353,-0.00035071824,0.0024424063,0.0007120912,2.2305361e-05,0.00037784025,0.00028325274,8.314362e-05,0.00043314934,-0.00040230624,0.0007057813,-0.00012325398,0.00042024185,-0.0004701143,-0.00027102302,0.00010678344,8.539131e-05,0.00044167176,-0.000105832936,-5.6156805e-05,2.6927737e-05,-0.00013761582,0.00019205819,0.00013613854,0.000101447964,-1.6241336e-05,0.00023440788,7.4952535e-05
25,-0.010333514,-0.0021551058,0.00095730904,-0.0051722215,0.011173762,0.0018468682,-0.0025186413,0.00051281846,-0.002258319,0.0008899945,0.002030903,-0.00049140473,-0.001113499,0.0013870463,-0.00094296795,0.0013056395,0.00044887594,0.0005233474,-0.0006132308,-8.858356e-05,0.00047034805,0.00024924355,-0.0004626559,-0.00031699435,0.0007120912,0.003385244,0.0006654221,0.00025152537,0.0007881244,-0.00015293517,-0.00033036823,-0.00057401403,-1.5079254e-05,-0.00020161021,0.0003214854,0.0007077814,-0.00036842766,-2.34945e-05,0.00020203761,-0.0002866864,-0.0001748272,-0.00010597677,0.00020039434,-0.00035393477,5.822599e-05,-9.1801834e-05,-0.00020651938,-0.00012012127,0.00011423215,0.00017001864
26,0.00018226467,-0.003928048,6.438841e-05,-0.0013726044,-0.0007739763,0.0032223663,0.0009425791,-0.0013779744,0.00031557732,0.0022748127,0.00072581135,-8.413617e-06,-0.0010676843,0.0006598446,0.00090721913,-0.0008299368,0.00034456543,0.00027399827,0.00034634938,-3.5797064e-05,0.0009597691,-0.000459757,-0.0006191486,0.0009023777,2.2305361e-05,0.0006654221,0.003298272,0.00071966625,0.0006035998,0.00012380765,-0.0001486501,-0.00030140913,0.00032542102,0.0002726192,3.327876e-05,-8.616761e-05,0.00027971566,-0.0005250641,-0.00027420724,1.2554316e-05,-0.00034035963,8.7758184e-05,0.00022708767,-0.00018772177,0.00029042093,7.69913e-05,-0.00021732884,-0.00012210733,-0.00013720166,-0.00028629118
27,0.00020992276,-0.004021072,-0.0010089984,0.0016401352,-0.0028966954,-0.0006061164,-0.0011398249,0.0011109221,0.0006154672,-0.00014964945,-0.00046750595,0.0010774852,0.00064197707,0.00026450132,0.0015641479,0.0013615021,0.0014778282,-0.0009664418,-0.00054237375,0.00010737253,0.00051564927,-0.00026571297,0.00015594876,1.7304326e-05,0.00037784025,0.00025152537,0.00071966625,0.0025996617,0.0005196715,-0.00038843474,0.0006233661,-8.271333e-05,0.0005977601,0.0004602727,-0.0005421896,0.00020131213,-0.00033806972,0.00015745843,-3.0448027e-06,1.7761462e-05,0.000249817,0.00021748501,-0.00013823657,0.00012403162,0.00010618317,0.000104632505,2.3872526e-05,4.3576063e-05,-9.9436395e-05,-5.8695077e-05
28,0.0003340408,-0.0015040984,-0.00014829962,0.0021176478,-0.0028075925,0.0034117328,0.0004487526,0.00046992587,-0.0018557541,0.0005916128,-0.0006679053,0.00090979587,-0.00025808252,0.0007996403,0.00015089553,-0.00039146448,0.0004968818,0.00089580566,0.00022723968,-0.0004901795,0.00041793566,-0.0004142985,-5.0209062e-05,0.00038790487,0.00028325274,0.0007881244,0.0006035998,0.0005196715,0.00221011,0.0005554706,-9.908107e-05,7.521839e-05,0.0006956487,0.00035402342,-0.00030428893,0.0001655372,-0.00057515164,0.00012851998,0.0002884678,0.00021958703,-2.5232795e-05,0.0003335658,0.00016058378,0.00015232048,0.00024155554,-0.00027785177,-6.9055975e-05,-4.7160982e-05,-0.00016935787,0.00025888922
29,-0.0040559135,0.0005614889,0.0008510497,0.0019953116,-0.0017363629,0.0079349205,0.00062970736,0.001387222,0.0016280697,-0.00039206853,0.00034491922,0.0008407789,-0.00023798848,0.0005267755,-0.0005337505,-0.00025165186,-0.00014943643,8.635667e-05,0.0015408412,5.2570056e-05,0.0005242146,-0.0003931481,-0.0012444567,0.00042333652,8.314362e-05,-0.00015293517,0.00012380765,-0.00038843474,0.0005554706,0.0021968654,2.3880631e-05,-0.00029598596,-0.00022619293,0.00011910616,0.00018964574,-0.00044224894,-0.000114487586,-0.00018958846,0.00019810471,-2.6075583e-07,0.00019894195,4.82719e-05,4.3952154e-05,-0.00010988492,-2.8801784e-05,1.47400315e-05,0.00028629747,0.00012549221,-0.00011000776,0.00012441329
30,0.00756682,-0.0008197746,-0.0011583837,0.003905754,-0.00944677,0.00088774227,-0.0013515258,-0.00023792799,0.0014386587,-0.00028167048,-0.0016242268,-0.00036428135,-0.00013002881,-0.0005363669,-0.00013843601,2.5822865e-05,0.00013527542,-0.0005132349,0.00019698226,-0.0009687721,0.0001276625,0.0007738116,-0.00012499513,-0.00019021778,0.00043314934,-0.00033036823,-0.0001486501,0.0006233661,-9.908107e-05,2.3880631e-05,0.001882927,4.9115988e-05,0.0003748163,0.00011424413,0.00022222275,0.000111868925,1.631276e-05,5.7339435e-05,0.00014086544,0.00014097871,8.52442e-05,-0.00020663568,-1.9853826e-05,9.7144264e-05,-0.0001029361,0.00038680187,8.04552e-05,-0.00020830802,8.1341095e-06,4.9334463e-05
31,0.0035557095,0.00020658712,-0.00054001174,0.003204841,-0.0057677412,0.002714096,0.00021982084,0.002124799,0.0010691906,-0.0002156252,-0.00054360053,-7.882025e-05,-0.0007730283,0.0002507717,1.3792849e-05,0.00092022994,-0.00058728654,-0.0014398571,0.00074324466,-0.00037544186,-0.00061632367,-8.845098e-05,0.00013760405,0.00017099033,-0.00040230624,-0.00057401403,-0.00030140913,-8.271333e-05,7.521839e-05,-0.00029598596,4.9115988e-05,0.0023831562,0.0003761074,0.00022902916,-7.369381e-05,-7.2379655e-05,-3.481918e-05,0.0002955764,0.00030332297,0.00025928457,1.5163482e-05,-4.8260503e-05,-6.235385e-05,-8.5741165e-05,-9.6951e-05,-0.0001760897,-2.762879e-05,0.0002010001,7.44107e-06,-4.9038244e-05
32,0.0032317806,-0.0057542883,-0.0023422847,-0.0009691797,-0.00019653376,-0.005192383,0.0009408415,0.00025034955,-0.0013336574,0.00055718806,-0.0009549909,-0.00031228433,0.0013613384,-0.00061294466,0.00015049241,0.0007573094,0.0010704449,-6.6267e-05,-0.0003307665,-7.80292e-05,6.612262e-05,-0.00034120848,0.00011872523,0.00011570826,0.0007057813,-1.5079254e-05,0.00032542102,0.0005977601,0.0006956487,-0.00022619293,0.0003748163,0.0003761074,0.0017791202,-0.00011703979,-8.36902e-05,-0.0002498853,-0.00012391753,7.60509e-05,5.6942372e-05,0.000114145456,0.00014082668,0.00025256933,0.0001608337,7.5109405e-05,0.00013618096,-4.586108e-05,8.313598e-05,-0.00015026136,9.843441e-06,5.5176068e-05
33,0.0055381083,0.0029114166,0.0026466402,0.0034079573,-0.0044527324,0.0026701242,-0.0003371362,0.0011156847,0.0008961876,-0.0003447783,5.9206945e-05,0.0004523084,-0.0003702325,-0.00032738637,-0.00061415683,-0.0007900195,-0.00020810429,-0.0008683854,0.00011746153,-0.0001221231,0.0004014456,-0.000122013174,0.00025763817,-0.000521009,-0.00012325398,-0.00020161021,0.0002726192,0.0004602727,0.00035402342,0.00011910616,0.00011424413,0.00022902916,-0.00011703979,0.0017660641,0.00017716238,-9.666463e-05,8.323334e-05,0.00010303606,-0.00012704494,-1.3884738e-05,4.3755936e-05,0.00020165535,0.00021866572,3.676605e-05,-8.492889e-05,0.00021332342,-0.00018340079,-3.879355e-05,-0.00016050914,-1.5553785e-05
34,-2.7588558e-05,-0.0010356255,0.0015552831,-0.0012218872,0.0036139255,-0.0022950633,0.0012147059,0.00025179907,-0.000621889,0.0011424969,0.000148286,-0.0007434513,0.0012072993,-0.000645185,-0.0006673648,-1.2428591e-05,-0.00084177696,-0.00059907103,6.705368e-07,0.00035516976,0.00018759159,0.0001162904,-0.00056628487,0.0005208594,0.00042024185,0.0003214854,3.327876e-05,-0.0005421896,-0.00030428893,0.00018964574,0.00022222275,-7.369381e-05,-8.36902e-05,0.00017716238,0.0016423076,-5.7652396e-06,0.00010854924,-0.00015545216,-0.00026899762,0.00019933745,7.8850874e-08,0.00010490266,-7.613197e-05,-6.297605e-05,-0.00015075412,0.00032936592,-9.664503e-05,-7.477049e-05,-6.8997084e-05,-4.94775e-06
35,0.00058857724,-0.0006864752,-0.00039090344,-0.00055623695,0.00040691352,0.00051844947,-0.0017408188,-0.00029396202,-0.0015135491,-0.0002448731,9.880965e-06,-0.00076064694,-0.00056714576,0.0013599922,-0.00039682502,-0.00014128981,-1.6860915e-05,1.288443e-05,-0.00026168977,-0.00020606947,-0.0002823234,0.0008738794,0.001012942,0.00017776403,-0.0004701143,0.0007077814,-8.616761e-05,0.00020131213,0.0001655372,-0.00044224894,0.000111868925,-7.2379655e-05,-0.0002498853,-9.666463e-05,-5.7652396e-06,0.0012489341,-0.00035861682,-7.7974735e-05,1.3939507e-05,-4.3217056e-05,-0.00019730962,-1.8679555e-05,8.963447e-05,4.210524e-05,-9.597921e-05,0.00010991107,5.7908714e-05,5.6227433e-05,-9.393903e-05,4.4003253e-05
36,0.003844822,0.0047785696,0.0010359793,0.002590084,-0.0034911018,0.0037301867,0.00046470767,-9.306049e-05,0.0010418263,0.0007879159,0.00061817147,0.00017743494,-0.00060512597,0.0008417616,0.00038388037,-0.00011867304,0.00034926986,-0.00023006053,0.00037516412,5.3725926e-05,0.00026493028,0.00011080103,-0.00016183523,0.00010800338,-0.00027102302,-0.00036842766,0.00027971566,-0.00033806972,-0.00057515164,-0.000114487586,1.631276e-05,-3.481918e-05,-0.00012391753,8.323334e-05,0.00010854924,-0.00035861682,0.0013279738,-0.00014073179,-0.00025327617,0.00013587877,3.340967e-05,1.759566e-05,0.00015926315,0.00016740222,-0.00017935142,-0.00010915067,-0.00029745206,-8.012597e-05,7.5350144e-05,-0.00026908016
37,-0.00039157819,-0.0021582777,2.3290553e-05,-0.0005807198,0.0019374809,-0.00021106182,-0.0013103455,-0.0005823703,0.00022243042,-0.00075690285,-0.000105285,-0.0003997645,0.0005978083,0.0010307722,0.0008288194,2.6215184e-05,0.00066843187,0.00045330133,-0.00028229458,-0.00013818557,-0.00033329392,0.00018228151,0.00020952034,1.8162915e-05,0.00010678344,-2.34945e-05,-0.0005250641,0.00015745843,0.00012851998,-0.00018958846,5.7339435e-05,0.0002955764,7.60509e-05,0.00010303606,-0.00015545216,-7.7974735e-05,-0.00014073179,0.00093051296,0.00015117793,-9.439901e-05,7.940195e-05,7.8075886e-05,-6.0431048e-05,1.8591267e-05,-0.00015754096,-5.6809426e-05,-0.00010916926,4.8443842e-05,-0.000111683155,6.892922e-05
38,0.0011460459,0.003988646,0.00046757085,0.0010985507,-0.002936216,0.0025915815,-0.00032707653,-0.00023063773,0.0011508338,0.00011488695,-0.00014255143,0.0007192338,-0.0008655257,-0.00019696048,0.0007027356,-0.00084814976,0.00017396617,0.0004613882,-0.00029604955,-0.00075233844,-6.534384e-05,-2.8432903e-05,-0.00016707553,-4.349976e-05,8.539131e-05,0.00020203761,-0.00027420724,-3.0448027e-06,0.0002884678,0.00019810471,0.00014086544,0.00030332297,5.6942372e-05,-0.00012704494,-0.00026899762,1.3939507e-05,-0.00025327617,0.00015117793,0.0011018377,0.00026893648,2.6179518e-05,-6.8241876e-05,3.9179347e-05,-0.00017482793,-0.00013468377,0.00010550159,0.00015257113,2.3984998e-05,8.07707e-05,6.7454257e-06
39,0.0005637476,0.0010220809,0.0027753492,0.00049209245,0.0019679314,-0.0007722415,0.0012147971,0.0014844174,-0.0008444526,-4.388319e-06,-0.00032466263,-0.00010511539,0.00092137797,0.00028042926,0.00036722934,-0.0011200795,-6.3612446e-05,-0.00043819303,0.0002472346,-0.0001432357,2.6315996e-05,-3.349879e-05,-0.00014416067,0.00021243384,0.00044167176,-0.0002866864,1.2554316e-05,1.7761462e-05,0.00021958703,-2.6075583e-07,0.00014097871,0.00025928457,0.000114145456,-1.3884738e-05,0.00019933745,-4.3217056e-05,0.00013587877,-9.439901e-05,0.00026893648,0.00092855305,-2.0733081e-05,0.00016492805,2.8672034e-06,8.233261e-05,2.385387e-05,-1.7322622e-05,-0.000106692874,0.00011951396,-2.1448355e-05,-3.878913e-05
40,-0.0012001907,0.0009815712,0.0010694821,-0.00064872275,0.0010173726,0.0011386529,-0.0016507627,0.0014377396,0.0013295959,-0.0001467588,0.0004815123,-0.0002878522,8.437435e-05,-0.0005525553,0.00031975284,2.723984e-05,0.0005938255,-0.00055024435,-0.00014782295,-0.00015901975,-0.0005590097,6.6530396e-05,9.731138e-05,0.00016181,-0.000105832936,-0.0001748272,-0.00034035963,0.000249817,-2.5232795e-05,0.00019894195,8.52442e-05,1.5163482e-05,0.00014082668,4.3755936e-05,7.8850874e-08,-0.00019730962,3.340967e-05,7.940195e-05,2.6179518e-05,-2.0733081e-05,0.0010061407,4.9376962e-05,4.426357e-05,0.00017346803,-2.038843e-05,0.0003209876,-3.0249728e-05,8.218266e-05,-2.1627851e-05,0.00013505013
41,0.0030236742,-3.3862416e-05,-0.00030969206,0.0017113794,-0.0049038664,5.9975486e-05,0.00076836,-0.00012750964,-0.00040562745,0.00021999565,-0.0011892698,-0.0001305476,0.00011416174,3.669275e-05,0.00054388924,-0.0005166171,-0.0005275669,-0.0004074276,0.00016278701,-8.177695e-05,0.00038783607,0.0001752035,0.0005057706,0.00014121016,-5.6156805e-05,-0.00010597677,8.7758184e-05,0.00021748501,0.0003335658,4.82719e-05,-0.00020663568,-4.8260503e-05,0.00025256933,0.00020165535,0.00010490266,-1.8679555e-05,1.759566e-05,7.8075886e-05,-6.8241876e-05,0.00016492805,4.9376962e-05,0.0010909314,0.00010051807,-5.8694364e-05,0.00010874076,-4.594706e-05,0.00016185245,8.5609514e-05,-6.6853725e-05,-3.1993048e-05
42,-0.0028775064,0.00045739155,0.00015132567,-0.00060502626,0.001532669,0.0010777209,-0.00080842886,0.0010953022,-0.00018406159,-0.0005741819,0.0006031527,-0.0003685484,-0.000473383,0.00015612342,-0.0006611602,0.00014555332,0.00051711255,0.0004279259,-0.00019868021,-0.00036170398,-0.0002222315,-0.00014357231,0.00024060556,-1.2994107e-05,2.6927737e-05,0.00020039434,0.00022708767,-0.00013823657,0.00016058378,4.3952154e-05,-1.9853826e-05,-6.235385e-05,0.0001608337,0.00021866572,-7.613197e-05,8.963447e-05,0.00015926315,-6.0431048e-05,3.9179347e-05,2.8672034e-06,4.426357e-05,0.00010051807,0.0010320389,-4.022954e-05,-9.81911e-05,0.00017136586,7.815446e-06,-4.3500753e-05,3.4852565e-05,-0.00010508063
43,0.00051363243,-2.7054852e-05,-0.0023807744,0.0006870655,-0.00084051257,-0.0010343639,0.00033008176,-0.00024555682,-0.0010941736,-9.190214e-05,-0.0005497654,0.00046334794,0.00030274445,0.00024542818,0.0003541936,-0.00028444058,-8.315216e-05,0.0005402262,0.00021416304,0.00024205566,-0.00031004986,-0.0002545804,0.00024632068,0.00012954528,-0.00013761582,-0.00035393477,-0.00018772177,0.00012403162,0.00015232048,-0.00010988492,9.7144264e-05,-8.5741165e-05,7.5109405e-05,3.676605e-05,-6.297605e-05,4.210524e-05,0.00016740222,1.8591267e-05,-0.00017482793,8.233261e-05,0.00017346803,-5.8694364e-05,-4.022954e-05,0.0008756797,2.4762725e-05,-5.9290887e-05,-9.298221e-05,-5.586634e-05,5.390485e-05,6.5002896e-05
44,-0.0014369546,-0.0024579563,0.0007992898,-0.0005195971,0.0015538898,1.8248373e-05,0.0002410326,0.00036537836,-0.0004219956,0.00039028388,-0.0002808189,-0.00043205387,-6.139005e-05,0.000452217,0.00029334944,8.141239e-05,-0.0002866041,-0.00034129235,0.00030012897,-0.00022547887,0.00015222412,0.00022756105,-0.00023029711,0.00016940103,0.00019205819,5.822599e-05,0.00029042093,0.00010618317,0.00024155554,-2.8801784e-05,-0.0001029361,-9.6951e-05,0.00013618096,-8.492889e-05,-0.00015075412,-9.597921e-05,-0.00017935142,-0.00015754096,-0.00013468377,2.385387e-05,-2.038843e-05,0.00010874076,-9.81911e-05,2.4762725e-05,0.0007161324,-7.966378e-05,-1.8866915e-05,-7.636045e-05,5.2703967e-05,-6.225769e-05
45,0.0017247619,0.0006145623,0.00096417323,0.00043926868,-0.0019399785,0.00048888056,-0.0011552735,-0.0005120245,0.0015549305,0.00038693906,0.00056071003,-0.000647625,0.0005800681,-0.0006778233,7.632961e-05,-0.00018669906,0.00046267523,0.0001892195,2.7416845e-05,-0.00049196277,-9.073945e-05,0.0003577238,0.00023350179,-0.000113768896,0.00013613854,-9.1801834e-05,7.69913e-05,0.000104632505,-0.00027785177,1.47400315e-05,0.00038680187,-0.0001760897,-4.586108e-05,0.00021332342,0.00032936592,0.00010991107,-0.00010915067,-5.6809426e-05,0.00010550159,-1.7322622e-05,0.0003209876,-4.594706e-05,0.00017136586,-5.9290887e-05,-7.966378e-05,0.00069250964,0.000129433,-7.508173e-05,3.7195605e-05,5.4438788e-05
46,0.0011782665,8.9635636e-05,0.00014942326,8.090606e-05,0.00028073374,-0.00049193704,-8.2414415e-05,-4.8309957e-05,0.0005741053,-0.00061500096,-0.00014079217,-0.00040915265,6.0543935e-05,-0.00033394166,-0.00015118739,0.00013725673,-0.00015581938,-0.00020372745,0.00031909102,-0.00012823143,-5.0717776e-05,-3.256966e-05,-1.6641116e-05,-0.000174652,0.000101447964,-0.00020651938,-0.00021732884,2.3872526e-05,-6.9055975e-05,0.00028629747,8.04552e-05,-2.762879e-05,8.313598e-05,-0.00018340079,-9.664503e-05,5.7908714e-05,-0.00029745206,-0.00010916926,0.00015257113,-0.000106692874,-3.0249728e-05,0.00016185245,7.815446e-06,-9.298221e-05,-1.8866915e-05,0.000129433,0.0004518499,-4.4565986e-06,5.9312064e-05,1.8696031e-05
47,0.0011301206,0.0011234714,0.00013873371,0.0012678821,-0.0011329453,0.0012487441,0.00043566857,0.0007952455,-0.00050921727,0.00038125884,0.0002520412,0.0005520682,0.0003577074,0.00017747593,-8.205423e-05,0.00036395795,6.4198975e-05,-0.00014009108,0.00025654677,0.00011045354,-0.00035496318,-0.000106630716,0.00026776426,0.00017279657,-1.6241336e-05,-0.00012012127,-0.00012210733,4.3576063e-05,-4.7160982e-05,0.00012549221,-0.00020830802,0.0002010001,-0.00015026136,-3.879355e-05,-7.477049e-05,5.6227433e-05,-8.012597e-05,4.8443842e-05,2.3984998e-05,0.00011951396,8.218266e-05,8.5609514e-05,-4.3500753e-05,-5.586634e-05,-7.636045e-05,-7.508173e-05,-4.4565986e-06,0.00041218134,-0.000118326265,2.422217e-05
48,0.0023086201,0.0003859165,-0.0013452708,0.0011223792,-0.0018598916,0.00030596246,0.0001193846,0.00043918454,0.00031646428,-0.0007130888,2.3013417e-05,0.0002559954,-0.0007077685,-0.00028107766,1.9108184e-06,0.00053921214,0.00045172859,-5.9628655e-06,-3.3692e-05,-0.00017936788,0.00022124444,-9.686778e-05,-0.0003129618,-0.00015903125,0.00023440788,0.00011423215,-0.00013720166,-9.9436395e-05,-0.00016935787,-0.00011000776,8.1341095e-06,7.44107e-06,9.843441e-06,-0.00016050914,-6.8997084e-05,-9.393903e-05,7.5350144e-05,-0.000111683155,8.07707e-05,-2.1448355e-05,-2.1627851e-05,-6.6853725e-05,3.4852565e-05,5.390485e-05,5.2703967e-05,3.7195605e-05,5.9312064e-05,-0.000118326265,0.00045014732,-4.2549083e-05
49,0.0008974782,0.0012355733,2.092596e-05,0.0004249256,-9.003546e-05,0.00034816627,-0.00055078795,0.0008591806,-0.00063787994,-0.00010105838,0.00015675859,-1.792731e-05,-0.00027764583,-0.00032996986,-0.00044695433,0.0002272223,-9.363251e-05,0.000283385,0.00014805299,-0.00012384658,-0.00033759786,4.646566e-05,0.00018850883,-0.00040806865,7.4952535e-05,0.00017001864,-0.00028629118,-5.8695077e-05,0.00025888922,0.00012441329,4.9334463e-05,-4.9038244e-05,5.5176068e-05,-1.5553785e-05,-4.94775e-06,4.4003253e-05,-0.00026908016,6.892922e-05,6.7454257e-06,-3.878913e-05,0.00013505013,-3.1993048e-05,-0.00010508063,6.5002896e-05,-6.225769e-05,5.4438788e-05,1.8696031e-05,2.422217e-05,-4.2549083e-05,0.00042608267
