,0,1,2,3,4,5,6,7,8,9,10,11,12,13,14,15,16,17,18,19,20,21,22,23,24,25,26,27,28,29,30,31,32,33,34,35,36,37,38,39,40,41,42,43,44,45,46,47,48,49,50,51,52
0,492.49667,5.215692,3.2947145,-10.225105,8.577614,-2.8470576,-8.011899,-4.995417,5.2457385,-5.43458,7.983363,4.850813,1.0237839,-0.79361045,0.5180268,-2.4448566,-3.825138,-2.9525692,-0.5934762,-2.2841434,-3.601563,2.9861004,2.1297617,0.28332645,-3.0757082,1.2031813,3.9075322,-1.6179376,-0.2551114,0.38602415,-1.7894328,0.31787485,-2.4858723,1.054602,-0.59834534,0.42991817,0.49457854,-0.88950986,-1.0441314,-0.27203968,-0.58189785,3.1716557,0.63260907,-0.92406046,-0.33553338,0.106466524,-0.002276585,0.4841255,1.1055033,-0.9061981,-0.4506916,0.33387995,0.8016372
1,5.215692,111.93353,-3.9972682,-2.7530394,0.4983043,-0.29693905,2.967856,-4.417239,-1.8243186,-2.3675406,-0.10467911,1.8768122,-2.6379318,1.5856924,-0.6952597,0.73143935,0.47571358,0.9014418,-0.6409032,-1.2387941,1.4237809,-0.5545813,0.21814978,-0.19561753,-0.016529363,0.587608,-0.53112185,1.5499316,-0.48207614,-1.1860099,0.5192864,-1.0495632,0.3776533,-0.18564591,0.33704358,-1.1110599,0.6347002,1.3526826,-0.3644187,-0.013754573,0.29685542,0.38335067,-0.17039523,-0.51095915,-0.07743724,-0.33593023,0.42693913,-0.44235277,-0.9214325,-0.42471832,0.33693314,0.5151032,0.1643992
2,3.2947145,-3.9972682,69.02677,-7.250602,-5.282547,6.7368536,3.0251415,-2.089023,0.5193072,-3.4483714,-0.29757512,4.381424,-2.5624084,-0.8956374,0.49468493,2.401205,3.1663344,0.49093297,-3.420092,1.7110944,1.3598089,0.8787137,-0.3855308,-0.44707245,-0.1395114,-1.1218517,-0.14718154,-0.7774445,-0.77441007,0.079377055,0.4728877,0.48157936,1.5907519,0.6280235,-0.8765787,-0.9654919,1.0496596,0.13828403,0.03950647,-0.45748138,-0.11370768,0.30001423,-0.050323784,-0.3010594,1.0928593,0.21218784,0.20847228,0.057184536,-0.25120485,0.56874776,-0.28443617,-0.5196571,-0.0050770994
3,-10.225105,-2.7530394,-7.250602,42.25173,-1.7045052,-2.4451036,2.0238166,-4.0919876,2.4376223,-3.8999844,-0.8689009,0.93739927,-1.6042495,0.5879349,0.49954578,-0.45501715,-1.039325,-0.9729575,-0.301709,0.2745436,-0.5444352,1.1258078,-0.95991373,-1.428103,-0.80495673,0.9022875,0.8569725,-1.8895417,0.5579611,0.119230896,-0.5027743,0.32732517,0.2849291,0.6546701,-1.1375804,-0.066332325,-0.4216872,0.55274963,-0.08407732,-0.09830378,-0.05559127,0.1100242,-0.08775739,-0.23189205,0.44886518,-0.26215267,0.4018178,0.19812924,-0.40876037,0.2557581,-0.300054,-0.11173971,0.28561813
4,8.577614,0.4983043,-5.282547,-1.7045052,37.877563,1.1063242,-0.2270878,-0.33441672,1.1771755,-1.3754342,-2.3301606,0.29858905,-1.0425837,-0.4700938,1.6902224,0.7925483,1.53705,0.94932044,-1.440915,0.6985096,0.71454847,-0.5324941,-0.8985635,-0.501781,0.09308089,-0.21220781,-1.2548225,-0.7828295,0.586079,0.3086967,0.74692786,0.053427063,0.4257932,0.43441677,0.36982572,0.39486983,0.4127128,0.11001225,0.46583182,0.17059234,0.49249887,-0.47055984,-0.2622044,0.5049287,0.049205158,-0.15131906,0.074440405,0.2647504,0.10286176,0.116471395,0.17760724,-0.16418955,-0.05823279
5,-2.8470576,-0.29693905,6.7368536,-2.4451036,1.1063242,30.398027,0.42865568,-0.43054056,0.12810288,1.062749,0.22602314,-1.1623433,0.56711847,-0.5474982,1.4559048,-0.25803298,-1.4470029,0.057656173,1.5402944,-0.26731032,-0.44011843,-0.03934171,-0.6543554,-0.34455252,-0.4806546,0.5173055,0.31704754,-0.78167284,0.47077602,-0.15314355,-0.98603886,-0.26745194,-1.0077546,0.08085118,-0.028232798,0.020866014,-0.2864709,0.49868342,0.43380338,0.19215307,-0.2233348,-0.116884865,-0.19105789,-0.24674278,-0.38992643,-0.10875273,-0.04428488,-0.17433564,-0.021212164,-0.023168042,-0.026785702,0.055811718,0.19678131
6,-8.011899,2.967856,3.0251415,2.0238166,-0.2270878,0.42865568,24.951485,1.13033,2.615164,-1.125151,1.3891971,-0.024474356,1.524761,0.13523066,1.0407748,-0.45316446,-0.11459309,-0.05271355,0.89411926,-0.42594162,0.09058149,0.39331925,0.7499114,-0.23103124,0.028659608,0.43811682,0.424933,0.5544868,0.28529954,-0.16559654,0.23841837,0.339783,-0.28263092,0.26465988,0.30552393,-0.195806,0.23465115,-0.6448563,-0.20903632,0.09965948,-0.43073002,0.1366954,0.34496036,0.52870417,-0.3672127,0.33661318,-0.0471337,0.16317236,0.22664618,-0.15511465,0.51508677,-0.040932573,0.20062625
7,-4.995417,-4.417239,-2.089023,-4.0919876,-0.33441672,-0.43054056,1.13033,24.464867,1.2043647,-2.368465,-0.9333932,1.5302329,-0.3994389,0.8020687,-1.0171897,0.45634934,0.27676055,-0.29944772,0.1574131,-0.81846386,0.7811282,0.37640524,-0.041115776,-0.52647734,0.039141998,0.76086026,0.70805204,-0.26237047,-0.11643182,-0.17837158,0.2571622,-0.41491312,-0.7026408,0.5694238,0.157752,-0.24508028,0.12123982,0.69557035,-0.16958511,-0.08643506,0.3932544,0.10676572,0.065896615,-0.3515756,0.015523327,-0.079182655,0.075274795,0.0024081846,0.013187548,-0.14738557,-0.06669402,0.23034155,0.06550074
8,5.2457385,-1.8243186,0.5193072,2.4376223,1.1771755,0.12810288,2.615164,1.2043647,18.717981,1.1514373,0.698039,-1.1331766,-0.3773415,-0.44136953,-0.39161563,-0.4376691,0.20882605,0.34348547,-0.07839657,-0.12902352,-0.06229345,-0.4786161,-0.116652995,0.83035254,-0.023907837,-0.23747197,-0.5948193,0.41088402,-0.094227396,-0.5163537,0.061398007,-0.36329454,0.41405243,-0.5475855,0.08781784,-0.12815182,-0.052153304,0.32188195,0.02654312,0.003424006,-0.022855788,0.23307958,-0.24429636,-0.051078573,0.1438519,-0.17920218,0.056665123,-0.22247693,-0.07047311,-0.04809478,-0.092885226,0.085011594,-0.1741779
9,-5.43458,-2.3675406,-3.4483714,-3.8999844,-1.3754342,1.062749,-1.125151,-2.368465,1.1514373,15.030014,-0.29902238,1.3196563,-0.5974461,-0.30292493,-0.3716762,-0.18654636,-0.17398968,0.06114475,-1.0899984,-0.40725642,0.19478229,0.3745641,-0.3344815,-0.17648613,-0.039137494,0.79708207,0.65480816,-0.35670114,0.18192197,-0.05009751,0.5996944,0.1985377,-0.1376609,-0.3398321,0.5030104,0.18062302,0.1158748,-0.19426243,-0.06911425,-0.098125264,-0.091496095,0.060205426,-0.35585976,-0.077574566,0.26161513,-0.21946822,0.07431825,-0.039352335,-0.13704829,-0.26369673,0.10135466,0.052352045,0.07022248
10,7.983363,-0.10467911,-0.29757512,-0.8689009,-2.3301606,0.22602314,1.3891971,-0.9333932,0.698039,-0.29902238,15.668165,-0.45883292,0.2475802,0.36236364,-0.5314535,0.74110675,0.62089646,0.36911815,0.3122078,0.4288782,0.8706429,-0.29208535,-0.72764695,-0.4019205,0.83848536,0.29184043,-0.19339478,-0.24438152,0.05387879,0.47089005,0.23284331,-0.057768866,-0.099035054,0.09189929,0.016373696,0.015886415,-0.1920095,0.1867582,0.16009708,-0.059204422,0.23935479,-1.04612,-0.07809821,0.039174255,0.00019291235,-0.13222498,-0.042439044,-0.11804873,-0.06003517,0.011989424,-0.06267562,-0.015443816,-0.1960557
11,4.850813,1.8768122,4.381424,0.93739927,0.29858905,-1.1623433,-0.024474356,1.5302329,-1.1331766,1.3196563,-0.45883292,11.431188,0.7124555,0.002088434,-0.06794174,-0.937377,-0.32301295,0.032677025,0.92342234,-0.012159687,-0.39772403,-0.3000857,-0.44377282,0.24988374,0.15301451,0.09049688,-0.5101076,0.25248665,0.3623832,-0.2957967,-0.038876377,-0.046467043,0.114248365,-0.30679357,-0.16406101,0.08334913,-0.51602125,0.22785525,0.059395306,0.07635553,-0.08999634,-0.3792236,-0.14250967,0.3201279,-0.0056616804,-0.18763581,0.106422655,-0.025397044,0.022345643,0.087298796,-0.029769326,-0.04815574,-0.2639196
12,1.0237839,-2.6379318,-2.5624084,-1.6042495,-1.0425837,0.56711847,1.524761,-0.3994389,-0.3773415,-0.5974461,0.2475802,0.7124555,11.763769,0.049007934,0.19962394,-0.29415238,0.034056474,0.16564965,-0.9937063,-0.023735084,-0.38227338,-0.11536633,-0.005594963,-0.10695188,-0.3247236,0.0017184333,-0.369497,-0.058307417,0.13658285,-0.099802084,-0.059070054,0.081176996,0.38539582,0.022070173,-0.07759314,0.29957885,0.22584054,0.16827786,0.049759474,0.079277195,0.15409786,0.2670012,-0.14026886,0.035193454,0.06454648,-0.2199296,0.22651866,0.03397554,-0.2571666,0.06593479,0.023203162,0.16306955,0.09419036
13,-0.79361045,1.5856924,-0.8956374,0.5879349,-0.4700938,-0.5474982,0.13523066,0.8020687,-0.44136953,-0.30292493,0.36236364,0.002088434,0.049007934,10.508365,0.97275543,-0.17086384,-0.007680009,0.30310047,-0.6597371,0.41599008,-0.52564347,-0.25449407,-0.4698724,0.23541516,-0.10014927,-0.15449509,-0.046674006,-0.14213559,-0.046291318,0.2099109,-0.43515885,0.024730448,-0.11037203,-0.18458717,0.052829906,0.23020223,0.26931158,-0.07460218,0.3240059,-0.13516125,-0.2574971,0.08098452,-0.17910358,0.020450607,-0.010007477,-0.11101769,0.14674357,-0.22964036,4.63779e-05,-0.07123619,-0.101820916,-0.13485873,-0.18391603
14,0.5180268,-0.6952597,0.49468493,0.49954578,1.6902224,1.4559048,1.0407748,-1.0171897,-0.39161563,-0.3716762,-0.5314535,-0.06794174,0.19962394,0.97275543,9.103975,-0.08548631,-0.13327977,-0.77569157,0.2628305,-0.53657764,0.37598222,0.040503778,0.37784207,-0.13577822,0.3606956,0.23338288,0.3823074,0.3826517,-0.2399533,0.034503385,0.5777298,-0.105274625,-0.08758484,-0.0844098,-0.082895815,-0.0652402,-0.2450384,0.16105665,-0.3214138,-0.3019858,0.025693525,-0.1870009,0.10773189,-0.22146887,0.10356298,0.024811722,-0.08839917,-0.12124431,-0.00828029,0.101168945,-0.14650911,0.12687367,-0.0023816759
15,-2.4448566,0.73143935,2.401205,-0.45501715,0.7925483,-0.25803298,-0.45316446,0.45634934,-0.4376691,-0.18654636,0.74110675,-0.937377,-0.29415238,-0.17086384,-0.08548631,8.620262,-0.839518,-0.5575338,0.346574,-0.6945483,-0.5991621,-0.13692605,0.19814114,0.35857457,-0.4843164,0.2758698,-0.41704243,0.20550662,0.563293,-0.5661847,0.026074292,0.061461344,0.35246545,-0.013334675,0.024279736,0.41183662,-0.20482604,0.12353712,-0.012746131,0.16124645,0.119138226,0.22557744,0.036603626,0.13654283,0.066277534,-0.24084471,0.008545457,-0.1479626,-0.024629448,0.15922263,-0.07166937,0.07330031,-0.06872091
16,-3.825138,0.47571358,3.1663344,-1.039325,1.53705,-1.4470029,-0.11459309,0.27676055,0.20882605,-0.17398968,0.62089646,-0.32301295,0.034056474,-0.007680009,-0.13327977,-0.839518,8.3918915,-0.6391015,0.21223222,-0.2920398,-0.9747663,-0.122599676,0.18998992,-0.16442934,-0.39728093,0.24177454,0.15282127,-0.13345374,0.27400097,0.11194879,-0.15777701,0.13930051,-0.19225493,-0.103768304,-0.04835271,0.2954086,-0.2421768,-0.06013279,-0.040567826,-0.10083912,-0.09382424,0.06351437,0.0021192043,-0.098823234,-0.11531204,-0.124088734,-0.0012599949,-0.07468201,-0.18578085,0.08100414,-0.012189519,0.028503533,0.12582216
17,-2.9525692,0.9014418,0.49093297,-0.9729575,0.94932044,0.057656173,-0.05271355,-0.29944772,0.34348547,0.06114475,0.36911815,0.032677025,0.16564965,0.30310047,-0.77569157,-0.5575338,-0.6391015,8.046137,0.31589544,-0.1013412,-0.105807915,-0.03221433,0.4005497,-0.20742318,-0.24275933,0.11165716,0.12273808,-0.18230993,0.22704838,0.14162865,0.06176398,0.03574434,0.25305122,0.1882109,-0.33102995,0.16149765,-0.0029785533,0.19789445,-0.14118847,-0.14061359,0.07887921,0.031757288,0.22523183,-0.11717392,-0.067550905,0.1097952,-0.0047896756,-0.095775425,0.081046194,0.14388819,-0.13421173,-0.009297013,0.11649329
18,-0.5934762,-0.6409032,-3.420092,-0.301709,-1.440915,1.5402944,0.89411926,0.1574131,-0.07839657,-1.0899984,0.3122078,0.92342234,-0.9937063,-0.6597371,0.2628305,0.346574,0.21223222,0.31589544,6.201532,0.07692548,-0.5245352,0.07053009,-0.18627253,-0.12935352,-0.39492458,-0.53488255,-0.3785227,0.12801445,-0.29967383,0.5354382,0.30480185,-0.04629568,0.09939881,-0.22687733,-0.019547556,0.45762426,0.38667068,-0.25235063,0.20025209,-0.44728976,-0.15108223,0.24955595,-0.25794712,0.022805829,-0.013269333,-0.18800196,-0.02819575,0.029413432,0.023402272,-0.06286467,0.029735912,-0.05847197,-0.043338344
19,-2.2841434,-1.2387941,1.7110944,0.2745436,0.6985096,-0.26731032,-0.42594162,-0.81846386,-0.12902352,-0.40725642,0.4288782,-0.012159687,-0.023735084,0.41599008,-0.53657764,-0.6945483,-0.2920398,-0.1013412,0.07692548,6.7274656,-0.22013941,-0.17856275,0.27453882,-0.020001214,-0.2536416,0.03425008,-0.21420315,0.3753555,-0.1168789,-0.18665437,0.47081065,-0.27012527,-0.38457,0.22537336,0.35213453,0.035251252,-0.24094144,0.11352117,-0.23420082,-0.027918488,0.086906046,0.27779672,0.11079171,-0.10029964,0.021357078,-0.2136664,-0.18009144,-0.12917449,0.06668662,0.0938411,-0.023241611,0.07173543,0.036272556
20,-3.601563,1.4237809,1.3598089,-0.5444352,0.71454847,-0.44011843,0.09058149,0.7811282,-0.06229345,0.19478229,0.8706429,-0.39772403,-0.38227338,-0.52564347,0.37598222,-0.5991621,-0.9747663,-0.105807915,-0.5245352,-0.22013941,5.139508,-0.36113906,0.059747204,-0.048950866,-0.2783621,-0.2807886,-0.020845821,0.09011504,-0.21970327,0.409881,-0.45006174,0.29976708,-0.43485618,0.00855431,-0.08140514,0.44795024,-0.17770815,-0.0920102,-0.16515951,-0.04606228,-0.18102695,0.28441492,-0.10811518,0.054705,-0.0071386844,-0.18489197,0.2192501,0.053873193,-0.19781017,0.16440329,-0.011792513,-0.1634635,-0.0774966
21,2.9861004,-0.5545813,0.8787137,1.1258078,-0.5324941,-0.03934171,0.39331925,0.37640524,-0.4786161,0.3745641,-0.29208535,-0.3000857,-0.11536633,-0.25449407,0.040503778,-0.13692605,-0.122599676,-0.03221433,0.07053009,-0.17856275,-0.36113906,5.7008786,-0.07622501,-0.0054723257,0.13217318,-0.23880145,-0.6004213,0.20899443,-0.08824918,0.29066777,0.13059668,-0.13480452,0.07079269,0.07845353,0.224478,0.03955409,-0.066885434,0.048233286,-0.1692943,0.020197146,0.093804315,-0.033848114,0.048102118,-0.043008134,-0.050734337,-0.09460086,0.16445857,-0.19268067,-0.073392995,0.024567548,-0.026031386,-0.092843026,-0.035684958
22,2.1297617,0.21814978,-0.3855308,-0.95991373,-0.8985635,-0.6543554,0.7499114,-0.041115776,-0.116652995,-0.3344815,-0.72764695,-0.44377282,-0.005594963,-0.4698724,0.37784207,0.19814114,0.18998992,0.4005497,-0.18627253,0.27453882,0.059747204,-0.07622501,5.24021,-0.060469784,0.2133426,0.073458,-0.04597619,-0.29864156,0.042741865,0.15468754,-0.14287107,-0.058498245,-0.10345637,-0.2000413,0.019227691,0.02617148,-0.1014376,0.0075651696,0.16833845,-0.052480254,-0.11383581,-0.18335104,-0.22096053,0.031216796,0.06852439,-0.118627615,0.09907168,-0.04122813,0.033722967,-0.05403646,-0.033414822,-0.00683346,-0.13107508
23,0.28332645,-0.19561753,-0.44707245,-1.428103,-0.501781,-0.34455252,-0.23103124,-0.52647734,0.83035254,-0.17648613,-0.4019205,0.24988374,-0.10695188,0.23541516,-0.13577822,0.35857457,-0.16442934,-0.20742318,-0.12935352,-0.020001214,-0.048950866,-0.0054723257,-0.060469784,4.6827683,-0.04032696,0.024140164,0.15377134,-0.06430976,-0.11058732,0.42986208,0.12383589,0.04566411,-0.14097409,0.24690607,-0.17379667,0.06401968,-0.034809165,0.041371033,0.034983054,-0.14770126,-0.081720755,-0.10345696,0.16394606,0.06957481,-0.10195756,0.051341683,0.03154903,0.052854285,-0.1867618,0.19076802,0.0014545972,-0.0142695,0.10138857
24,-3.0757082,-0.016529363,-0.1395114,-0.80495673,0.09308089,-0.4806546,0.028659608,0.039141998,-0.023907837,-0.039137494,0.83848536,0.15301451,-0.3247236,-0.10014927,0.3606956,-0.4843164,-0.39728093,-0.24275933,-0.39492458,-0.2536416,-0.2783621,0.13217318,0.2133426,-0.04032696,4.5156436,-0.044383764,-0.2534166,-0.16208772,0.20458178,-0.055085763,-0.025331669,0.0016736154,0.04170284,0.16668695,-0.08607516,0.105765745,0.09047619,0.023808122,0.09602128,0.017710775,0.07673995,0.27688038,0.04442349,-0.049806997,-0.06980017,-0.1513352,-0.09206581,0.023998104,0.085224256,0.07798856,-0.06327314,0.07096525,0.11147128
25,1.2031813,0.587608,-1.1218517,0.9022875,-0.21220781,0.5173055,0.43811682,0.76086026,-0.23747197,0.79708207,0.29184043,0.09049688,0.0017184333,-0.15449509,0.23338288,0.2758698,0.24177454,0.11165716,-0.53488255,0.03425008,-0.2807886,-0.23880145,0.073458,0.024140164,-0.044383764,4.002921,-0.36705932,0.24230626,-0.35213137,0.24511397,0.0835169,0.019823303,0.12582737,0.049052693,-0.093453355,-0.058428444,-0.011010743,-0.18707183,-0.121170685,-0.058064915,-0.09379454,0.09115306,0.08087872,-0.043758698,0.090762556,0.038571827,-0.0474754,-0.0043504136,0.028509323,0.10280679,-0.09865345,-0.22491556,-0.026808266
26,3.9075322,-0.53112185,-0.14718154,0.8569725,-1.2548225,0.31704754,0.424933,0.70805204,-0.5948193,0.65480816,-0.19339478,-0.5101076,-0.369497,-0.046674006,0.3823074,-0.41704243,0.15282127,0.12273808,-0.3785227,-0.21420315,-0.020845821,-0.6004213,-0.04597619,0.15377134,-0.2534166,-0.36705932,2.9949825,0.21909279,0.16286719,-0.045700327,0.3111835,-0.20167242,0.40381837,0.15669203,0.07986615,0.05042575,-0.0066248057,0.0765198,0.02024759,0.015985783,0.19819534,-0.004091501,0.03756378,0.06994224,-0.021610733,-0.18938617,-0.012365538,-0.11025476,0.062118657,0.09404998,-0.020630762,-0.04492248,-0.03986605
27,-1.6179376,1.5499316,-0.7774445,-1.8895417,-0.7828295,-0.78167284,0.5544868,-0.26237047,0.41088402,-0.35670114,-0.24438152,0.25248665,-0.058307417,-0.14213559,0.3826517,0.20550662,-0.13345374,-0.18230993,0.12801445,0.3753555,0.09011504,0.20899443,-0.29864156,-0.06430976,-0.16208772,0.24230626,0.21909279,2.9201093,0.3395995,0.22661573,-0.17305574,0.087377965,-0.029700788,0.07027549,-0.07026591,0.1273348,-0.025224552,-0.013210222,0.13571665,0.05748366,0.100469366,-0.03896934,-0.086655945,-0.062554,0.02666173,-0.014424127,-0.0396193,0.086011134,0.1881327,-0.024217084,-0.07870975,0.056086794,0.12718043
28,-0.2551114,-0.48207614,-0.77441007,0.5579611,0.586079,0.47077602,0.28529954,-0.11643182,-0.094227396,0.18192197,0.05387879,0.3623832,0.13658285,-0.046291318,-0.2399533,0.563293,0.27400097,0.22704838,-0.29967383,-0.1168789,-0.21970327,-0.08824918,0.042741865,-0.11058732,0.20458178,-0.35213137,0.16286719,0.3395995,2.8982751,0.32135558,-0.025098462,-0.047276355,-0.24837628,0.015199749,-0.018928297,-0.1743783,-0.033901997,-0.13502865,-0.18549168,-0.121440634,-0.17804673,0.07390933,0.06536619,-0.11427031,0.043478213,0.042676307,0.015199522,-0.040670827,-0.056935303,-0.01939347,-0.05228724,-0.117054135,-0.046714194
29,0.38602415,-1.1860099,0.079377055,0.119230896,0.3086967,-0.15314355,-0.16559654,-0.17837158,-0.5163537,-0.05009751,0.47089005,-0.2957967,-0.099802084,0.2099109,0.034503385,-0.5661847,0.11194879,0.14162865,0.5354382,-0.18665437,0.409881,0.29066777,0.15468754,0.42986208,-0.055085763,0.24511397,-0.045700327,0.22661573,0.32135558,2.519584,0.07842371,-0.050664626,0.18711396,-0.05226652,0.122883424,-0.17014484,0.022129625,0.24556847,0.08246735,0.21055764,0.123700395,0.14168486,-0.06816271,0.079829335,0.12209864,0.040366165,-0.041529868,0.06339432,-0.05967114,0.038234517,0.09317415,0.079651505,-0.03951712
30,-1.7894328,0.5192864,0.4728877,-0.5027743,0.74692786,-0.98603886,0.23841837,0.2571622,0.061398007,0.5996944,0.23284331,-0.038876377,-0.059070054,-0.43515885,0.5777298,0.026074292,-0.15777701,0.06176398,0.30480185,0.47081065,-0.45006174,0.13059668,-0.14287107,0.12383589,-0.025331669,0.0835169,0.3111835,-0.17305574,-0.025098462,0.07842371,2.3007174,0.15893655,-0.15281804,-0.030336007,-0.2692241,0.011856397,0.10172017,0.066868156,0.09983428,0.10720247,-0.11617087,0.007726973,-0.06239611,-0.04897852,-0.08206134,0.026850399,0.17395687,-0.013621079,-0.026849423,-0.051190607,-0.029736813,0.019970227,-0.051523533
31,0.31787485,-1.0495632,0.48157936,0.32732517,0.053427063,-0.26745194,0.339783,-0.41491312,-0.36329454,0.1985377,-0.057768866,-0.046467043,0.081176996,0.024730448,-0.105274625,0.061461344,0.13930051,0.03574434,-0.04629568,-0.27012527,0.29976708,-0.13480452,-0.058498245,0.04566411,0.0016736154,0.019823303,-0.20167242,0.087377965,-0.047276355,-0.050664626,0.15893655,2.439486,-0.050939526,0.11656988,0.0572835,-0.107704684,0.034174725,0.187442,0.01250158,-0.15238267,0.08164045,0.11020556,0.054112338,-0.053372465,-0.10121782,-0.0448237,-0.008045382,-0.09062682,0.10633779,-0.11286716,-0.008181509,0.083165936,-0.013468778
32,-2.4858723,0.3776533,1.5907519,0.2849291,0.4257932,-1.0077546,-0.28263092,-0.7026408,0.41405243,-0.1376609,-0.099035054,0.114248365,0.38539582,-0.11037203,-0.08758484,0.35246545,-0.19225493,0.25305122,0.09939881,-0.38457,-0.43485618,0.07079269,-0.10345637,-0.14097409,0.04170284,0.12582737,0.40381837,-0.029700788,-0.24837628,0.18711396,-0.15281804,-0.050939526,1.8349868,0.10771323,0.21051255,0.015283871,-0.054383427,0.061663672,0.016234174,-0.07104579,-0.07989703,0.0090284655,-0.08174826,-0.09790777,-0.095479935,-0.058473174,-0.062741004,0.039201472,0.069411345,0.0067885304,0.017066125,0.0441953,-0.040517166
33,1.054602,-0.18564591,0.6280235,0.6546701,0.43441677,0.08085118,0.26465988,0.5694238,-0.5475855,-0.3398321,0.09189929,-0.30679357,0.022070173,-0.18458717,-0.0844098,-0.013334675,-0.103768304,0.1882109,-0.22687733,0.22537336,0.00855431,0.07845353,-0.2000413,0.24690607,0.16668695,0.049052693,0.15669203,0.07027549,0.015199749,-0.05226652,-0.030336007,0.11656988,0.10771323,1.8460506,0.07781491,0.08381054,0.00034555842,-0.14879048,0.046852283,0.021307375,-0.18241915,-0.08344027,-0.2426576,0.02553124,0.070512295,-0.004642208,-0.006551587,-0.014980178,-0.056794174,-0.12281035,0.04254841,0.019275367,-0.061856695
34,-0.59834534,0.33704358,-0.8765787,-1.1375804,0.36982572,-0.028232798,0.30552393,0.157752,0.08781784,0.5030104,0.016373696,-0.16406101,-0.07759314,0.052829906,-0.082895815,0.024279736,-0.04835271,-0.33102995,-0.019547556,0.35213453,-0.08140514,0.224478,0.019227691,-0.17379667,-0.08607516,-0.093453355,0.07986615,-0.07026591,-0.018928297,0.122883424,-0.2692241,0.0572835,0.21051255,0.07781491,1.7344793,-0.057482004,0.05157908,0.13860457,-0.0019419123,-0.12855381,-0.10983354,-0.07417399,0.1007279,-0.0042077824,-0.016394455,0.030582152,0.08849142,-0.015954666,-0.019835403,0.070333965,-0.1266692,-0.023197677,-0.0023232345
35,0.42991817,-1.1110599,-0.9654919,-0.066332325,0.39486983,0.020866014,-0.195806,-0.24508028,-0.12815182,0.18062302,0.015886415,0.08334913,0.29957885,0.23020223,-0.0652402,0.41183662,0.2954086,0.16149765,0.45762426,0.035251252,0.44795024,0.03955409,0.02617148,0.06401968,0.105765745,-0.058428444,0.05042575,0.1273348,-0.1743783,-0.17014484,0.011856397,-0.107704684,0.015283871,0.08381054,-0.057482004,1.6444974,-0.044603683,0.025878245,-0.1379377,0.008339677,-0.05774973,-0.007327631,0.094312206,-0.123384796,0.07382679,0.061064254,0.017969906,-0.03394139,0.0014756477,-0.042642437,-0.032077156,-0.02196604,0.021410104
36,0.49457854,0.6347002,1.0496596,-0.4216872,0.4127128,-0.2864709,0.23465115,0.12123982,-0.052153304,0.1158748,-0.1920095,-0.51602125,0.22584054,0.26931158,-0.2450384,-0.20482604,-0.2421768,-0.0029785533,0.38667068,-0.24094144,-0.17770815,-0.066885434,-0.1014376,-0.034809165,0.09047619,-0.011010743,-0.0066248057,-0.025224552,-0.033901997,0.022129625,0.10172017,0.034174725,-0.054383427,0.00034555842,0.05157908,-0.044603683,1.6943061,-0.14936925,-0.13506007,0.03561774,-0.030047797,-0.066189684,0.023656514,-0.02205457,0.11343269,-0.06972839,-0.03061973,0.007215805,-0.026877688,0.05626242,-0.047627024,-0.05964037,-0.0003007654
37,-0.88950986,1.3526826,0.13828403,0.55274963,0.11001225,0.49868342,-0.6448563,0.69557035,0.32188195,-0.19426243,0.1867582,0.22785525,0.16827786,-0.07460218,0.16105665,0.12353712,-0.06013279,0.19789445,-0.25235063,0.11352117,-0.0920102,0.048233286,0.0075651696,0.041371033,0.023808122,-0.18707183,0.0765198,-0.013210222,-0.13502865,0.24556847,0.066868156,0.187442,0.061663672,-0.14879048,0.13860457,0.025878245,-0.14936925,1.2445463,-0.07325307,0.04046122,-0.13723686,0.03707349,0.012287617,-0.0019087918,0.06467688,0.02528063,-0.06716529,0.06825276,0.034963347,-0.09229785,0.01294459,-0.07750265,0.066024676
38,-1.0441314,-0.3644187,0.03950647,-0.08407732,0.46583182,0.43380338,-0.20903632,-0.16958511,0.02654312,-0.06911425,0.16009708,0.059395306,0.049759474,0.3240059,-0.3214138,-0.012746131,-0.040567826,-0.14118847,0.20025209,-0.23420082,-0.16515951,-0.1692943,0.16833845,0.034983054,0.09602128,-0.121170685,0.02024759,0.13571665,-0.18549168,0.08246735,0.09983428,0.01250158,0.016234174,0.046852283,-0.0019419123,-0.1379377,-0.13506007,-0.07325307,1.4296869,0.03713111,-0.008720776,0.08479739,0.100875005,-0.078137696,0.0823483,0.004470657,0.06139624,-0.014673889,-0.0021632714,-0.029127238,-0.05732079,-0.05624178,0.034614258
39,-0.27203968,-0.013754573,-0.45748138,-0.09830378,0.17059234,0.19215307,0.09965948,-0.08643506,0.003424006,-0.098125264,-0.059204422,0.07635553,0.079277195,-0.13516125,-0.3019858,0.16124645,-0.10083912,-0.14061359,-0.44728976,-0.027918488,-0.04606228,0.020197146,-0.052480254,-0.14770126,0.017710775,-0.058064915,0.015985783,0.05748366,-0.121440634,0.21055764,0.10720247,-0.15238267,-0.07104579,0.021307375,-0.12855381,0.008339677,0.03561774,0.04046122,0.03713111,1.2531521,-0.11495232,-0.019243687,0.014349841,-0.051389173,-0.061267808,-0.025366846,-0.004343571,-0.08835977,0.022509895,-0.00091890316,-0.024211265,-0.0026170218,-0.015438821
40,-0.58189785,0.29685542,-0.11370768,-0.05559127,0.49249887,-0.2233348,-0.43073002,0.3932544,-0.022855788,-0.091496095,0.23935479,-0.08999634,0.15409786,-0.2574971,0.025693525,0.119138226,-0.09382424,0.07887921,-0.15108223,0.086906046,-0.18102695,0.093804315,-0.11383581,-0.081720755,0.07673995,-0.09379454,0.19819534,0.100469366,-0.17804673,0.123700395,-0.11617087,0.08164045,-0.07989703,-0.18241915,-0.10983354,-0.05774973,-0.030047797,-0.13723686,-0.008720776,-0.11495232,1.2166593,-0.017169978,-0.04734391,-0.01744888,0.028845618,0.022659361,0.018928412,-0.056840412,-0.053887133,0.007874259,-0.011800606,-0.06718384,-0.013753819
41,3.1716557,0.38335067,0.30001423,0.1100242,-0.47055984,-0.116884865,0.1366954,0.10676572,0.23307958,0.060205426,-1.04612,-0.3792236,0.2670012,0.08098452,-0.1870009,0.22557744,0.06351437,0.031757288,0.24955595,0.27779672,0.28441492,-0.033848114,-0.18335104,-0.10345696,0.27688038,0.09115306,-0.004091501,-0.03896934,0.07390933,0.14168486,0.007726973,0.11020556,0.0090284655,-0.08344027,-0.07417399,-0.007327631,-0.066189684,0.03707349,0.08479739,-0.019243687,-0.017169978,0.90787506,-0.045776833,0.008232923,-0.011491876,-0.021959975,-0.046468247,-0.07972943,-0.04008458,0.038940012,-0.019351572,-0.043000974,-0.056947272
42,0.63260907,-0.17039523,-0.050323784,-0.08775739,-0.2622044,-0.19105789,0.34496036,0.065896615,-0.24429636,-0.35585976,-0.07809821,-0.14250967,-0.14026886,-0.17910358,0.10773189,0.036603626,0.0021192043,0.22523183,-0.25794712,0.11079171,-0.10811518,0.048102118,-0.22096053,0.16394606,0.04442349,0.08087872,0.03756378,-0.086655945,0.06536619,-0.06816271,-0.06239611,0.054112338,-0.08174826,-0.2426576,0.1007279,0.094312206,0.023656514,0.012287617,0.100875005,0.014349841,-0.04734391,-0.045776833,1.0502137,0.008788191,0.037127316,-0.04888782,0.00968314,0.023061011,-0.004182189,-0.04306136,0.05963492,0.013685559,-0.050937057
43,-0.92406046,-0.51095915,-0.3010594,-0.23189205,0.5049287,-0.24674278,0.52870417,-0.3515756,-0.051078573,-0.077574566,0.039174255,0.3201279,0.035193454,0.020450607,-0.22146887,0.13654283,-0.098823234,-0.11717392,0.022805829,-0.10029964,0.054705,-0.043008134,0.031216796,0.06957481,-0.049806997,-0.043758698,0.06994224,-0.062554,-0.11427031,0.079829335,-0.04897852,-0.053372465,-0.09790777,0.02553124,-0.0042077824,-0.123384796,-0.02205457,-0.0019087918,-0.078137696,-0.051389173,-0.01744888,0.008232923,0.008788191,0.9826128,0.025279097,-0.022571867,-0.03799349,-0.103924245,0.054466896,-0.026032316,-0.080742046,-0.008249621,0.045008592
44,-0.33553338,-0.07743724,1.0928593,0.44886518,0.049205158,-0.38992643,-0.3672127,0.015523327,0.1438519,0.26161513,0.00019291235,-0.0056616804,0.06454648,-0.010007477,0.10356298,0.066277534,-0.11531204,-0.067550905,-0.013269333,0.021357078,-0.0071386844,-0.050734337,0.06852439,-0.10195756,-0.06980017,0.090762556,-0.021610733,0.02666173,0.043478213,0.12209864,-0.08206134,-0.10121782,-0.095479935,0.070512295,-0.016394455,0.07382679,0.11343269,0.06467688,0.0823483,-0.061267808,0.028845618,-0.011491876,0.037127316,0.025279097,0.86116356,0.01345546,0.013053164,-0.0120818075,0.03269825,-0.06423995,0.06047611,0.071599945,0.031608857
45,0.106466524,-0.33593023,0.21218784,-0.26215267,-0.15131906,-0.10875273,0.33661318,-0.079182655,-0.17920218,-0.21946822,-0.13222498,-0.18763581,-0.2199296,-0.11101769,0.024811722,-0.24084471,-0.124088734,0.1097952,-0.18800196,-0.2136664,-0.18489197,-0.09460086,-0.118627615,0.051341683,-0.1513352,0.038571827,-0.18938617,-0.014424127,0.042676307,0.040366165,0.026850399,-0.0448237,-0.058473174,-0.004642208,0.030582152,0.061064254,-0.06972839,0.02528063,0.004470657,-0.025366846,0.022659361,-0.021959975,-0.04888782,-0.022571867,0.01345546,0.81583107,0.016648103,-0.076253496,0.007966445,-0.017816331,-0.06144543,0.05156453,-0.026264207
46,-0.002276585,0.42693913,0.20847228,0.4018178,0.074440405,-0.04428488,-0.0471337,0.075274795,0.056665123,0.07431825,-0.042439044,0.106422655,0.22651866,0.14674357,-0.08839917,0.008545457,-0.0012599949,-0.0047896756,-0.02819575,-0.18009144,0.2192501,0.16445857,0.09907168,0.03154903,-0.09206581,-0.0474754,-0.012365538,-0.0396193,0.015199522,-0.041529868,0.17395687,-0.008045382,-0.062741004,-0.006551587,0.08849142,0.017969906,-0.03061973,-0.06716529,0.06139624,-0.004343571,0.018928412,-0.046468247,0.00968314,-0.03799349,0.013053164,0.016648103,0.7474533,-0.002085295,0.0839477,0.069061145,0.0011873095,-0.006803424,0.029258369
47,0.4841255,-0.44235277,0.057184536,0.19812924,0.2647504,-0.17433564,0.16317236,0.0024081846,-0.22247693,-0.039352335,-0.11804873,-0.025397044,0.03397554,-0.22964036,-0.12124431,-0.1479626,-0.07468201,-0.095775425,0.029413432,-0.12917449,0.053873193,-0.19268067,-0.04122813,0.052854285,0.023998104,-0.0043504136,-0.11025476,0.086011134,-0.040670827,0.06339432,-0.013621079,-0.09062682,0.039201472,-0.014980178,-0.015954666,-0.03394139,0.007215805,0.06825276,-0.014673889,-0.08835977,-0.056840412,-0.07972943,0.023061011,-0.103924245,-0.0120818075,-0.076253496,-0.002085295,0.6964185,0.0010818145,-0.003954855,-0.06817352,-0.010080537,-0.02268264
48,1.1055033,-0.9214325,-0.25120485,-0.40876037,0.10286176,-0.021212164,0.22664618,0.013187548,-0.07047311,-0.13704829,-0.06003517,0.022345643,-0.2571666,4.63779e-05,-0.00828029,-0.024629448,-0.18578085,0.081046194,0.023402272,0.06668662,-0.19781017,-0.073392995,0.033722967,-0.1867618,0.085224256,0.028509323,0.062118657,0.1881327,-0.056935303,-0.05967114,-0.026849423,0.10633779,0.069411345,-0.056794174,-0.019835403,0.0014756477,-0.026877688,0.034963347,-0.0021632714,0.022509895,-0.053887133,-0.04008458,-0.004182189,0.054466896,0.03269825,0.007966445,0.0839477,0.0010818145,0.5178354,0.07340354,0.046188258,-0.03794595,-0.0033007094
49,-0.9061981,-0.42471832,0.56874776,0.2557581,0.116471395,-0.023168042,-0.15511465,-0.14738557,-0.04809478,-0.26369673,0.011989424,0.087298796,0.06593479,-0.07123619,0.101168945,0.15922263,0.08100414,0.14388819,-0.06286467,0.0938411,0.16440329,0.024567548,-0.05403646,0.19076802,0.07798856,0.10280679,0.09404998,-0.024217084,-0.01939347,0.038234517,-0.051190607,-0.11286716,0.0067885304,-0.12281035,0.070333965,-0.042642437,0.05626242,-0.09229785,-0.029127238,-0.00091890316,0.007874259,0.038940012,-0.04306136,-0.026032316,-0.06423995,-0.017816331,0.069061145,-0.003954855,0.07340354,0.5016781,0.021225974,0.05893778,0.0106224045
50,-0.4506916,0.33693314,-0.28443617,-0.300054,0.17760724,-0.026785702,0.51508677,-0.06669402,-0.092885226,0.10135466,-0.06267562,-0.029769326,0.023203162,-0.101820916,-0.14650911,-0.07166937,-0.012189519,-0.13421173,0.029735912,-0.023241611,-0.011792513,-0.026031386,-0.033414822,0.0014545972,-0.06327314,-0.09865345,-0.020630762,-0.07870975,-0.05228724,0.09317415,-0.029736813,-0.008181509,0.017066125,0.04254841,-0.1266692,-0.032077156,-0.047627024,0.01294459,-0.05732079,-0.024211265,-0.011800606,-0.019351572,0.05963492,-0.080742046,0.06047611,-0.06144543,0.0011873095,-0.06817352,0.046188258,0.021225974,0.6082436,-0.021989273,-0.014135871
51,0.33387995,0.5151032,-0.5196571,-0.11173971,-0.16418955,0.055811718,-0.040932573,0.23034155,0.085011594,0.052352045,-0.015443816,-0.04815574,0.16306955,-0.13485873,0.12687367,0.07330031,0.028503533,-0.009297013,-0.05847197,0.07173543,-0.1634635,-0.092843026,-0.00683346,-0.0142695,0.07096525,-0.22491556,-0.04492248,0.056086794,-0.117054135,0.079651505,0.019970227,0.083165936,0.0441953,0.019275367,-0.023197677,-0.02196604,-0.05964037,-0.07750265,-0.05624178,-0.0026170218,-0.06718384,-0.043000974,0.013685559,-0.008249621,0.071599945,0.05156453,-0.006803424,-0.010080537,-0.03794595,0.05893778,-0.021989273,0.54024595,-0.026521824
52,0.8016372,0.1643992,-0.0050770994,0.28561813,-0.05823279,0.19678131,0.20062625,0.06550074,-0.1741779,0.07022248,-0.1960557,-0.2639196,0.09419036,-0.18391603,-0.0023816759,-0.06872091,0.12582216,0.11649329,-0.043338344,0.036272556,-0.0774966,-0.035684958,-0.13107508,0.10138857,0.11147128,-0.026808266,-0.03986605,0.12718043,-0.046714194,-0.03951712,-0.051523533,-0.013468778,-0.040517166,-0.061856695,-0.0023232345,0.021410104,-0.0003007654,0.066024676,0.034614258,-0.015438821,-0.013753819,-0.056947272,-0.050937057,0.045008592,0.031608857,-0.026264207,0.029258369,-0.02268264,-0.0033007094,0.0106224045,-0.014135871,-0.026521824,0.58121806
