,0,1,2,3,4,5,6,7,8,9,10,11,12,13,14,15,16,17,18,19,20,21,22,23,24,25,26,27,28,29,30,31,32,33,34,35,36,37,38,39,40,41,42,43,44,45,46,47,48,49
0,544.85547,100.86598,-65.29676,-0.06913773,-0.03773105,-0.0053943554,-0.0038859197,0.0012835548,7.377846e-05,0.007119025,0.00040415325,0.0039495784,-0.0033831852,0.00042483478,-0.004341785,-0.0030391112,0.001727462,0.0024965124,-0.002307289,-0.0045639942,-0.00055328174,0.0005710949,0.001001768,-0.0019636857,0.0014858362,-0.0009300827,-0.00049960584,-0.00034166325,-0.0006790046,-0.00085717975,-0.0014436533,0.0008662304,-0.0012423496,-0.00027456816,-0.00018219782,-0.0013198247,-0.00015008851,-0.0001816707,0.00063868845,-0.0018437548,-0.00017362236,-0.00034123135,0.00014627072,0.0002876235,-0.00082399714,-0.0012877393,0.0006825081,0.0001850561,9.4355426e-05,-2.8705826e-06
1,100.86598,633.60675,-130.06752,0.03504719,-0.037241906,-0.016741447,-0.0013672702,-0.0073768715,0.0062551135,0.007888595,-0.00044148485,0.0034171771,-0.0008919631,-0.0009601646,-0.005308586,-0.0036609594,0.0029591767,0.0026532714,-0.004477077,-0.0030794684,-0.002058528,-0.0005287038,0.001284528,-0.0016198152,4.704538e-05,-0.001319335,-0.0023435438,-0.0010162077,0.00045278954,-0.0012194654,-0.0012863805,0.0005476937,-0.0008114016,-0.0019813078,-0.0010937233,-0.001058126,-0.0004046227,-0.0003414611,0.0002856594,-0.002134857,-4.3053704e-05,-0.0006134426,5.143651e-05,0.0002384597,-0.00042289024,-0.0011224074,0.0011240902,0.00068443926,-0.0006272134,-0.00034031802
2,-65.29676,-130.06752,281.49194,-0.071288675,0.021769848,0.021142922,-0.0072802166,0.009344246,-0.0063579916,-0.00261472,-0.00029684213,-0.0010128755,-0.0028010788,0.0009275124,0.0023420868,0.001176852,-0.00032887838,-0.0014147279,0.0046977727,0.0009433194,0.002394948,0.0011584344,-0.0011334282,0.0005065318,0.00089272985,0.00054309063,0.001813241,0.0008690719,-0.0011626703,0.00048705735,2.7834314e-05,0.0005547834,0.0002792122,0.0013447667,0.00070147053,7.4058575e-05,0.00053548807,0.0003445826,-4.4869907e-05,0.0007428348,-7.609455e-05,0.00031785463,-9.285075e-05,7.6413795e-05,-0.0002963852,0.00039405713,-0.000680755,-0.0004936437,0.0008137076,0.0005402475
3,-0.06913773,0.03504719,-0.071288675,0.9682675,0.06892242,0.03418903,0.0013263103,0.002896228,-0.007995147,-0.0029303723,0.0027102565,-0.0040811887,0.001690084,-0.0062581636,0.0040093362,0.0015713128,-0.0019141911,0.0012433253,0.0027545295,-0.00023442073,0.0016999205,-0.00054762256,-0.0024622956,0.0009661425,-9.1459384e-05,-0.00013070962,-0.00078474707,0.0011302499,0.0011338273,0.0024007987,0.0006357911,-0.00081004587,0.0014273608,-0.00023531342,0.00023495083,0.0010727115,-0.00031385705,-0.0016053838,0.0002489534,0.00096214795,0.0008711094,-0.0012199462,-0.0008000743,-4.0734034e-05,0.0001251781,0.0009422202,-9.14874e-05,-9.58741e-05,-0.0002603239,-0.0006017694
4,-0.03773105,-0.037241906,0.021769848,0.06892242,0.06544847,-0.013905539,-0.016533824,0.00866765,0.003714765,-0.0019651286,0.004429854,0.0021728105,-0.0067787333,0.004342789,0.0017089789,-0.0032517267,0.0067898175,0.00019349548,-0.0024279219,0.00041023392,0.00018647003,-0.0005236984,0.0004449319,-0.0018772618,0.0020421552,-0.0016594251,0.0021084328,-0.0013956546,-0.0015903581,-0.0030237865,-0.0020283563,0.0022268915,-0.00019890087,-0.0016240659,-0.0014150905,-0.00014664835,0.00077764026,0.0005491464,-0.0011383197,-0.0006035749,-0.00057403336,0.00051582477,-0.00073245575,0.0013590795,-0.00019719344,-0.0011491433,0.00030057877,0.0006418121,-0.00027485174,0.00089396455
5,-0.0053943554,-0.016741447,0.021142922,0.03418903,-0.013905539,0.030922068,0.013880178,-0.0028963024,0.0001490754,-0.0054363003,-0.001180531,0.0019660664,0.0027356523,-0.0028462766,-0.001143984,0.0017128652,-0.00076218206,-0.0021068016,-0.0047037834,-0.00015157094,-0.0032092559,-0.0026422096,-0.0007079229,0.0016239096,-0.0006619369,0.0009266029,-0.0002819362,-0.0006659951,0.0015193333,-0.0005390581,0.0006461097,-0.0014660414,-0.00036469213,0.0009427094,0.00018921301,-0.001026441,-0.00062499626,0.0002394763,0.00020297283,0.0001590221,-0.00028592197,0.0005490946,-0.0008740802,-0.0007183303,0.00042323672,-0.0006136184,0.00016240447,0.0005624591,2.3696837e-05,-7.196373e-05
6,-0.0038859197,-0.0013672702,-0.0072802166,0.0013263103,-0.016533824,0.013880178,0.035066612,0.003466019,-0.006390078,0.0033271445,-0.003040011,0.004295088,-0.0019476863,0.00201027,0.00023377252,-0.0011623155,-0.0023937416,0.0012637458,0.00023952886,-0.0035582345,-0.0002905961,-0.0017930176,-0.0029964265,0.00036843616,0.000117505406,0.00023354962,-0.00020650783,0.0014400878,-0.0015214911,0.001171851,-0.00010703095,-0.0006727644,-0.0006930767,0.0005992915,1.6010572e-05,-0.0008917368,-0.0008964749,-0.0006233878,0.00043655903,-0.0003671549,3.4761e-05,-0.0007535715,-0.00050476415,-3.4995162e-05,0.00028408546,-0.0009591555,0.0006739622,0.0003350288,5.9623177e-05,0.0006011097
7,0.0012835548,-0.0073768715,0.009344246,0.002896228,0.00866765,-0.0028963024,0.003466019,0.023179008,-0.00030759937,-0.0017109034,0.004366024,-0.0013312883,-0.0036978885,0.004134019,-0.004865787,0.0016045801,-0.003734666,0.00013333125,-0.0009336277,-0.0014261073,0.0005683347,-0.00050913653,0.0007383539,0.00014233869,-0.00088600774,2.6037196e-05,0.0002940925,0.00036961754,-0.0008347642,0.00046408662,0.0005170569,-0.00022575866,7.1952654e-06,-0.00055413647,0.0010098051,0.00031974865,0.0012273291,0.00067938375,-0.0003549919,-9.6586824e-05,0.0005926898,-0.0003477939,0.00018723132,0.00029255438,-0.00040634105,-0.00019452574,-0.00018129506,0.00018938314,-0.00043330417,0.00022347886
8,7.377846e-05,0.0062551135,-0.0063579916,-0.007995147,0.003714765,0.0001490754,-0.006390078,-0.00030759937,0.025610615,0.001132053,-0.0008737776,0.0034855078,0.00026170467,-0.0012482479,-0.0007473775,0.0020687561,0.00068814284,0.0009488368,0.00037140818,0.0014363095,-0.0008092163,-0.0016336916,-0.0006612467,0.0025564793,0.00038746628,7.026039e-05,-0.00016436819,0.00010749222,-0.000664716,-0.0012428933,0.0013253042,-0.0011429018,0.00011113811,-0.0005443669,-0.0005410991,0.0006835952,0.0005322758,-0.00036313885,-0.00030028488,0.0009838471,-6.320271e-05,-0.00062934647,-0.00074405514,4.1406674e-05,0.00021338265,0.00045037852,0.00025485008,-0.00026460952,-0.0010193547,0.0001257538
9,0.007119025,0.007888595,-0.00261472,-0.0029303723,-0.0019651286,-0.0054363003,0.0033271445,-0.0017109034,0.001132053,0.01537522,-0.0009086158,3.7066726e-05,-0.0020823209,-0.0017980761,-0.0009910583,-0.0038008676,-0.00039648023,-0.00061281613,-0.0006672861,0.00065921864,-0.0002905251,0.00023309862,-0.0009640753,-0.0014806332,-0.0016893917,-0.00020962494,0.00058963674,0.00026070094,-0.0011979139,0.00070282165,-0.0009843166,-0.00016628893,0.00062674907,-0.00014984765,3.3542387e-05,0.00023130732,-0.00042602234,-0.000627727,6.63378e-05,0.00035920262,0.0006169558,-0.0007540587,-0.0005527645,0.00060175697,0.00011800992,0.0002222505,-0.0005487238,5.072399e-05,-0.0007460696,-0.00033437012
10,0.00040415325,-0.00044148485,-0.00029684213,0.0027102565,0.004429854,-0.001180531,-0.003040011,0.004366024,-0.0008737776,-0.0009086158,0.0068430738,-0.0010346817,-0.0005985166,-0.0009905184,-0.0022351719,-0.00029941858,-0.0012955401,0.00082249724,1.974019e-05,-0.0003482231,-7.073631e-05,0.00048136522,-0.00048964936,-0.0012474698,0.00029432192,0.0005837714,-0.0003828745,-0.00060078833,-0.00038747466,-0.0009800089,0.0003271934,0.00045980225,-0.0007090149,3.894173e-05,-6.276169e-05,5.9307502e-05,-0.0005134462,-3.5629324e-05,-8.843851e-05,-0.00021969735,-0.00011811702,0.00028490668,0.0001729292,-0.00036403784,3.9604263e-05,-5.9033322e-05,-0.0004666648,-0.0006246149,-0.00026662432,-0.00035317446
11,0.0039495784,0.0034171771,-0.0010128755,-0.0040811887,0.0021728105,0.0019660664,0.004295088,-0.0013312883,0.0034855078,3.7066726e-05,-0.0010346817,0.009388866,-0.0025402014,0.0020067263,0.00011301212,0.00017582075,0.000446997,0.0028199223,-0.0011401222,-0.00044628617,-0.0010846632,-0.001154667,-0.0007221169,0.0004582758,0.0008125296,-0.00033808962,-0.00075936515,0.00033634057,0.0005947867,5.526209e-05,-0.00033045054,0.0005980496,0.00017253499,-0.00075831695,-0.00058864313,0.0005207883,-0.00038701456,-0.0007098706,0.00035571342,0.0002869644,0.00011565146,0.00028723048,-0.00045774138,-4.268552e-05,6.1124054e-05,6.9348525e-06,-0.00024027997,1.2165522e-05,0.00031375315,-0.00015903608
12,-0.0033831852,-0.0008919631,-0.0028010788,0.001690084,-0.0067787333,0.0027356523,-0.0019476863,-0.0036978885,0.00026170467,-0.0020823209,-0.0005985166,-0.0025402014,0.0057690786,-0.0031032963,-0.0007289509,-3.1466698e-05,0.0008977635,9.732804e-05,-0.00045884497,-0.00032875134,-1.5449637e-05,1.4295142e-05,-2.9498806e-05,0.00041845196,0.001166335,-0.00019290042,-0.0005454356,0.00026047332,-0.00040880067,0.00010488497,0.00040699582,-0.00027484697,8.771098e-05,0.0002456765,0.00026409078,-4.2528307e-05,-8.9548135e-05,0.00012094482,0.00017681957,-0.00014340182,0.00026657197,4.7531954e-05,0.0004911107,-4.1801786e-06,0.00012285459,0.00049355265,-0.0001447614,0.00011267617,8.6876964e-05,-2.0418507e-05
13,0.00042483478,-0.0009601646,0.0009275124,-0.0062581636,0.004342789,-0.0028462766,0.00201027,0.004134019,-0.0012482479,-0.0017980761,-0.0009905184,0.0020067263,-0.0031032963,0.009166138,0.0022305339,0.00013760847,0.00036310067,-0.0009938676,0.0011811028,-0.0005226525,0.00087622367,-0.00093140465,0.0003635067,-0.00025767816,0.0007960482,0.00012117125,-7.346175e-05,-0.0002938055,0.0006502538,0.0007573981,0.00011088305,-0.00012235381,9.8832636e-05,0.00018819833,0.00022819283,2.1239943e-05,-1.6679034e-05,-7.1369235e-05,-0.0003871498,0.00025386247,-2.4457288e-05,-0.0001764661,-0.000111171124,-9.383117e-05,6.501631e-05,0.00030034065,-0.00016009904,0.00026407285,-3.4528508e-05,-0.0002486849
14,-0.004341785,-0.005308586,0.0023420868,0.0040093362,0.0017089789,-0.001143984,0.00023377252,-0.004865787,-0.0007473775,-0.0009910583,-0.0022351719,0.00011301212,-0.0007289509,0.0022305339,0.010981601,0.00097222417,-0.00016279815,0.00013235587,8.928156e-06,0.0007491458,-0.0010295627,0.00017410233,0.0006797726,-0.0007029163,-0.00018753069,0.00087369524,-0.00028622098,0.00020858966,-0.0012330334,0.00018009366,0.0002842537,-7.986963e-05,1.4058411e-05,0.00012318458,-0.00022972767,0.00030106097,-1.488223e-05,0.00025682413,-5.610135e-05,-5.1217143e-05,5.6735576e-07,0.0003538166,3.7519698e-05,0.00013895734,6.4188353e-06,-4.1840052e-05,-1.6592267e-06,-0.00031008932,-0.00010271532,0.00030655292
15,-0.0030391112,-0.0036609594,0.001176852,0.0015713128,-0.0032517267,0.0017128652,-0.0011623155,0.0016045801,0.0020687561,-0.0038008676,-0.00029941858,0.00017582075,-3.1466698e-05,0.00013760847,0.00097222417,0.0048601087,-0.0003846834,0.0005271183,0.00032947765,-7.707214e-05,0.00010887145,0.00012855255,0.0010998065,0.0009478546,-0.00097105117,-0.00040838605,-0.00041064306,-0.000545493,-0.00016978101,0.00027986354,0.0006411971,-0.00081941544,-0.00045281375,-0.00031491398,0.00043853256,-0.00013104249,-0.00027420078,-0.00021288588,6.953746e-05,-2.4996574e-05,-0.00012965803,0.0001784447,0.00029283838,0.00016320834,-0.0003214729,0.00019629824,5.6032834e-05,-3.1986165e-05,1.8112883e-05,0.0001399667
16,0.001727462,0.0029591767,-0.00032887838,-0.0019141911,0.0067898175,-0.00076218206,-0.0023937416,-0.003734666,0.00068814284,-0.00039648023,-0.0012955401,0.000446997,0.0008977635,0.00036310067,-0.00016279815,-0.0003846834,0.0078078206,0.00010209374,-0.0006094012,-0.00034065684,0.0012035375,-0.0005989918,7.901989e-05,-0.0003319119,-0.00022563495,-0.0009423359,-0.00048154625,9.076926e-05,0.00046767015,-0.00011963304,3.974417e-05,4.800883e-05,3.9212566e-05,-0.00025123614,0.00026593276,-0.0003227704,-0.0001749036,0.00018906788,0.000426101,-1.7532702e-05,3.6148864e-05,1.4472307e-05,1.9578627e-05,6.486979e-05,0.0003668578,-4.6468398e-05,-0.00013694604,0.00023071197,8.990693e-05,-0.00018578925
17,0.0024965124,0.0026532714,-0.0014147279,0.0012433253,0.00019349548,-0.0021068016,0.0012637458,0.00013333125,0.0009488368,-0.00061281613,0.00082249724,0.0028199223,9.732804e-05,-0.0009938676,0.00013235587,0.0005271183,0.00010209374,0.00606682,-0.00067168125,-0.0010719048,0.00027263764,-0.00068072334,-0.00018490548,-0.0011240301,0.00049930124,0.0002795615,-0.00056205015,0.00049866247,-0.0005179986,-0.0002799048,2.8343988e-05,-0.00014690217,6.492429e-05,-8.344665e-05,2.4439942e-05,0.00012352267,0.00041773714,7.416668e-05,0.00055787247,-1.3635334e-05,-0.00033402684,-4.90343e-05,0.0004438428,-1.4226109e-05,5.78657e-06,-0.00011249671,0.00032921112,-0.00029664312,4.064348e-07,-2.6970996e-05
18,-0.002307289,-0.004477077,0.0046977727,0.0027545295,-0.0024279219,-0.0047037834,0.00023952886,-0.0009336277,0.00037140818,-0.0006672861,1.974019e-05,-0.0011401222,-0.00045884497,0.0011811028,8.928156e-06,0.00032947765,-0.0006094012,-0.00067168125,0.005578685,-0.00046669773,0.0008002411,0.00054627657,-0.000860319,0.0008379895,-0.0005337503,-0.00045356265,-0.00030140884,0.00056457915,0.0003199136,-0.000278693,0.00042860897,0.0005398359,-3.9503917e-05,4.1322974e-06,-0.00020913675,0.0001400121,-5.252432e-05,-0.0002872165,-9.2805894e-05,-6.4697575e-05,-7.380212e-05,0.00011908702,0.0004420798,7.5400545e-05,0.0003384353,-0.00018161925,0.00025383267,-3.6388126e-05,0.000114408904,-3.9794548e-05
19,-0.0045639942,-0.0030794684,0.0009433194,-0.00023442073,0.00041023392,-0.00015157094,-0.0035582345,-0.0014261073,0.0014363095,0.00065921864,-0.0003482231,-0.00044628617,-0.00032875134,-0.0005226525,0.0007491458,-7.707214e-05,-0.00034065684,-0.0010719048,-0.00046669773,0.0042852564,-6.279921e-05,-0.001365596,-4.8877853e-05,0.0003351051,-0.0005812574,0.00032065937,-0.00014365479,-0.00031473069,0.00017657067,0.0006421431,-0.00036786063,0.00048423308,-0.0003305669,-1.2364866e-05,0.00033168457,-0.00016568041,-0.00018404188,-8.118202e-05,-0.00043936784,3.2118078e-05,0.00013982445,-0.00022851733,8.903258e-06,-0.000219765,9.942697e-05,-0.00018116823,3.7705926e-05,-0.0001340606,2.4316709e-05,-3.238022e-05
20,-0.00055328174,-0.002058528,0.002394948,0.0016999205,0.00018647003,-0.0032092559,-0.0002905961,0.0005683347,-0.0008092163,-0.0002905251,-7.073631e-05,-0.0010846632,-1.5449637e-05,0.00087622367,-0.0010295627,0.00010887145,0.0012035375,0.00027263764,0.0008002411,-6.279921e-05,0.0045187864,-0.00050208485,-1.4212115e-05,0.00032059918,5.3243057e-05,0.00042736955,-8.351601e-06,0.00029653823,-0.00069149386,0.00013857224,-5.474485e-05,-0.00047281422,-0.00018488233,0.00019696887,1.2338102e-05,0.00021639816,-0.0005074057,6.7486966e-05,9.946908e-05,-0.0001675195,-9.6433265e-05,-0.00010582217,-3.0311821e-05,-0.00024657784,-0.00014927238,0.00027765564,0.00017068512,0.00011670857,0.00015851142,-0.00032666413
21,0.0005710949,-0.0005287038,0.0011584344,-0.00054762256,-0.0005236984,-0.0026422096,-0.0017930176,-0.00050913653,-0.0016336916,0.00023309862,0.00048136522,-0.001154667,1.4295142e-05,-0.00093140465,0.00017410233,0.00012855255,-0.0005989918,-0.00068072334,0.00054627657,-0.001365596,-0.00050208485,0.0036067732,0.00069124857,-0.00018877917,0.0006156749,-0.00036536134,-0.00036690602,-2.5585294e-05,6.747641e-05,2.5150079e-05,9.5370255e-05,-0.00017910216,-0.0002057772,-3.96299e-05,-0.00021759991,0.00041173788,7.025017e-05,-0.00014782295,0.00024605438,0.00025934656,0.00039483228,5.8463716e-05,-0.0002458966,-2.3480057e-05,-0.00013714371,0.00013119854,0.000114079434,-4.5956098e-05,-7.708823e-05,4.5454086e-05
22,0.001001768,0.001284528,-0.0011334282,-0.0024622956,0.0004449319,-0.0007079229,-0.0029964265,0.0007383539,-0.0006612467,-0.0009640753,-0.00048964936,-0.0007221169,-2.9498806e-05,0.0003635067,0.0006797726,0.0010998065,7.901989e-05,-0.00018490548,-0.000860319,-4.8877853e-05,-1.4212115e-05,0.00069124857,0.002333268,-0.00011983911,9.386959e-05,-0.00031947155,-0.00014309134,-0.00074373564,0.0002292099,0.00027664297,-3.6901223e-05,-0.00015422615,0.00037947157,0.0001962196,4.888495e-06,-0.00018005368,9.162852e-05,-0.00019720443,0.0003891067,-7.752162e-05,-1.8954529e-06,1.0204512e-05,-0.00021466517,-0.00011430234,-0.0004094735,-0.00019141802,8.214815e-06,-2.099557e-05,-5.0037077e-05,0.00010670003
23,-0.0019636857,-0.0016198152,0.0005065318,0.0009661425,-0.0018772618,0.0016239096,0.00036843616,0.00014233869,0.0025564793,-0.0014806332,-0.0012474698,0.0004582758,0.00041845196,-0.00025767816,-0.0007029163,0.0009478546,-0.0003319119,-0.0011240301,0.0008379895,0.0003351051,0.00032059918,-0.00018877917,-0.00011983911,0.0029830933,0.00044623556,0.00012025997,0.0004039533,4.2969303e-05,-0.00038506126,0.00029499474,-0.0002520418,0.00044614606,0.00028091957,-3.52572e-05,0.0004029486,0.00018682286,-3.2230877e-05,0.00014300118,0.00012559569,-6.256024e-05,-6.5367367e-06,0.00027273677,-0.00031965642,0.00026962464,0.00019867632,7.046921e-05,5.1398198e-05,1.2080849e-05,8.8914356e-05,2.6917485e-05
24,0.0014858362,4.704538e-05,0.00089272985,-9.1459384e-05,0.0020421552,-0.0006619369,0.000117505406,-0.00088600774,0.00038746628,-0.0016893917,0.00029432192,0.0008125296,0.001166335,0.0007960482,-0.00018753069,-0.00097105117,-0.00022563495,0.00049930124,-0.0005337503,-0.0005812574,5.3243057e-05,0.0006156749,9.386959e-05,0.00044623556,0.0035594122,-2.807661e-05,0.0002610665,-0.00044153043,-0.00029895979,0.0002726405,-0.00010337202,0.00040566572,-0.000110982284,0.00014262914,0.0002483473,-7.45988e-06,-0.00012795074,-5.3280648e-05,9.940834e-05,0.000114770795,4.091706e-05,-0.00021193679,-6.4416534e-05,-0.00027494726,0.00026238314,-3.4975794e-06,3.184923e-05,-0.0001269322,-1.3678608e-05,5.561433e-05
25,-0.0009300827,-0.001319335,0.00054309063,-0.00013070962,-0.0016594251,0.0009266029,0.00023354962,2.6037196e-05,7.026039e-05,-0.00020962494,0.0005837714,-0.00033808962,-0.00019290042,0.00012117125,0.00087369524,-0.00040838605,-0.0009423359,0.0002795615,-0.00045356265,0.00032065937,0.00042736955,-0.00036536134,-0.00031947155,0.00012025997,-2.807661e-05,0.0025042181,1.0234576e-05,-0.0005759723,0.00033877225,-0.00032850055,-0.00018954443,6.557258e-05,0.00016236992,0.00014861987,0.0001168077,0.00065027364,-0.00017126178,0.00046262232,9.111925e-05,-0.00029978267,2.1627558e-05,-0.00016811743,5.849523e-05,-0.00012854263,0.00010340536,0.00011843537,9.602873e-05,-4.976176e-05,-0.00013375857,-2.2084398e-06
26,-0.00049960584,-0.0023435438,0.001813241,-0.00078474707,0.0021084328,-0.0002819362,-0.00020650783,0.0002940925,-0.00016436819,0.00058963674,-0.0003828745,-0.00075936515,-0.0005454356,-7.346175e-05,-0.00028622098,-0.00041064306,-0.00048154625,-0.00056205015,-0.00030140884,-0.00014365479,-8.351601e-06,-0.00036690602,-0.00014309134,0.0004039533,0.0002610665,1.0234576e-05,0.0028451018,-0.00014295406,-0.00046591822,6.766023e-05,0.00026851188,-0.00019717813,0.0007060405,-0.00038071524,-0.00015818766,-0.0005292546,4.338656e-05,0.00021830067,0.00019161057,-8.5265696e-05,-0.0002042498,9.945975e-05,0.00013007107,-0.00018665925,-5.2489857e-05,2.8144636e-05,-3.1247317e-05,-8.138604e-05,1.7365557e-05,0.00016721795
27,-0.00034166325,-0.0010162077,0.0008690719,0.0011302499,-0.0013956546,-0.0006659951,0.0014400878,0.00036961754,0.00010749222,0.00026070094,-0.00060078833,0.00033634057,0.00026047332,-0.0002938055,0.00020858966,-0.000545493,9.076926e-05,0.00049866247,0.00056457915,-0.00031473069,0.00029653823,-2.5585294e-05,-0.00074373564,4.2969303e-05,-0.00044153043,-0.0005759723,-0.00014295406,0.0022374794,8.028052e-05,-1.0169385e-05,0.00033975265,1.3838326e-06,0.00023933922,1.9730367e-05,0.0001364745,0.0001267193,0.00036488808,0.00017644124,-4.7869773e-05,-0.00011444521,-0.00011413037,0.00019370306,-0.00023093907,-0.00014374478,3.7225367e-05,0.00024013806,-0.000104108454,-0.00013940086,6.634049e-07,0.00021027494
28,-0.0006790046,0.00045278954,-0.0011626703,0.0011338273,-0.0015903581,0.0015193333,-0.0015214911,-0.0008347642,-0.000664716,-0.0011979139,-0.00038747466,0.0005947867,-0.00040880067,0.0006502538,-0.0012330334,-0.00016978101,0.00046767015,-0.0005179986,0.0003199136,0.00017657067,-0.00069149386,6.747641e-05,0.0002292099,-0.00038506126,-0.00029895979,0.00033877225,-0.00046591822,8.028052e-05,0.0027111846,-2.153356e-05,0.00033249415,0.00010742808,0.00039985083,5.294467e-06,-1.7026214e-05,3.5108453e-05,0.0002151981,9.745141e-05,-8.772589e-06,-2.587083e-05,-0.00010219287,-0.0004032991,-3.4002333e-06,-0.00025996057,0.00010886397,-0.00017416707,1.634208e-05,-5.9004808e-05,8.4142575e-06,-2.1774813e-05
29,-0.00085717975,-0.0012194654,0.00048705735,0.0024007987,-0.0030237865,-0.0005390581,0.001171851,0.00046408662,-0.0012428933,0.00070282165,-0.0009800089,5.526209e-05,0.00010488497,0.0007573981,0.00018009366,0.00027986354,-0.00011963304,-0.0002799048,-0.000278693,0.0006421431,0.00013857224,2.5150079e-05,0.00027664297,0.00029499474,0.0002726405,-0.00032850055,6.766023e-05,-1.0169385e-05,-2.153356e-05,0.0021233035,0.00042771653,0.00022622233,6.845902e-05,-5.6321067e-05,8.0048616e-05,-0.0002396703,-0.00012133509,7.174392e-05,0.00023344134,0.0002196173,0.00030927893,-0.00022993314,4.5612593e-05,8.687881e-05,0.00011505147,0.00017961735,-2.6192762e-05,-2.7286813e-05,5.400279e-06,-0.00020711734
30,-0.0014436533,-0.0012863805,2.7834314e-05,0.0006357911,-0.0020283563,0.0006461097,-0.00010703095,0.0005170569,0.0013253042,-0.0009843166,0.0003271934,-0.00033045054,0.00040699582,0.00011088305,0.0002842537,0.0006411971,3.974417e-05,2.8343988e-05,0.00042860897,-0.00036786063,-5.474485e-05,9.5370255e-05,-3.6901223e-05,-0.0002520418,-0.00010337202,-0.00018954443,0.00026851188,0.00033975265,0.00033249415,0.00042771653,0.0016550403,-0.00010221587,2.6220082e-06,0.0001342778,-0.0003153164,-2.7737231e-05,-0.00018781304,0.00021740909,0.0001698456,0.00022641584,-3.69421e-06,-0.00016692834,0.00023976588,-0.0002202001,0.00013722261,-3.509286e-05,-0.0001854159,-3.944473e-05,-0.00029771603,-8.823646e-05
31,0.0008662304,0.0005476937,0.0005547834,-0.00081004587,0.0022268915,-0.0014660414,-0.0006727644,-0.00022575866,-0.0011429018,-0.00016628893,0.00045980225,0.0005980496,-0.00027484697,-0.00012235381,-7.986963e-05,-0.00081941544,4.800883e-05,-0.00014690217,0.0005398359,0.00048423308,-0.00047281422,-0.00017910216,-0.00015422615,0.00044614606,0.00040566572,6.557258e-05,-0.00019717813,1.3838326e-06,0.00010742808,0.00022622233,-0.00010221587,0.002043845,-0.00016438901,-4.2955195e-05,-6.13896e-05,-1.3420076e-06,-0.00013123706,0.00026163098,0.00024114114,-0.00032867718,9.352898e-05,4.9100814e-05,-6.5257086e-07,1.9575571e-05,7.075352e-05,3.184015e-05,0.00010557892,-4.5222107e-05,-4.413462e-05,7.625033e-05
32,-0.0012423496,-0.0008114016,0.0002792122,0.0014273608,-0.00019890087,-0.00036469213,-0.0006930767,7.1952654e-06,0.00011113811,0.00062674907,-0.0007090149,0.00017253499,8.771098e-05,9.8832636e-05,1.4058411e-05,-0.00045281375,3.9212566e-05,6.492429e-05,-3.9503917e-05,-0.0003305669,-0.00018488233,-0.0002057772,0.00037947157,0.00028091957,-0.000110982284,0.00016236992,0.0007060405,0.00023933922,0.00039985083,6.845902e-05,2.6220082e-06,-0.00016438901,0.0018979412,1.1695767e-05,-0.00021434262,9.255786e-05,-2.5339646e-06,-2.3503053e-05,0.00014319658,-0.00022944628,0.00011586801,1.1552431e-05,0.0001824793,0.00011300364,-2.3057346e-05,-9.209002e-05,-0.00012557102,-0.00012094744,-5.61732e-05,-2.6162015e-05
33,-0.00027456816,-0.0019813078,0.0013447667,-0.00023531342,-0.0016240659,0.0009427094,0.0005992915,-0.00055413647,-0.0005443669,-0.00014984765,3.894173e-05,-0.00075831695,0.0002456765,0.00018819833,0.00012318458,-0.00031491398,-0.00025123614,-8.344665e-05,4.1322974e-06,-1.2364866e-05,0.00019696887,-3.96299e-05,0.0001962196,-3.52572e-05,0.00014262914,0.00014861987,-0.00038071524,1.9730367e-05,5.294467e-06,-5.6321067e-05,0.0001342778,-4.2955195e-05,1.1695767e-05,0.0019012606,-8.3251536e-05,-8.3265826e-05,4.5988636e-05,7.901948e-05,0.0001120354,0.00013245217,-0.00022631008,4.901918e-05,-0.00023284525,0.00014564555,9.614755e-05,-9.829622e-05,-0.00019743294,-3.4298548e-05,8.654074e-05,-2.2320357e-05
34,-0.00018219782,-0.0010937233,0.00070147053,0.00023495083,-0.0014150905,0.00018921301,1.6010572e-05,0.0010098051,-0.0005410991,3.3542387e-05,-6.276169e-05,-0.00058864313,0.00026409078,0.00022819283,-0.00022972767,0.00043853256,0.00026593276,2.4439942e-05,-0.00020913675,0.00033168457,1.2338102e-05,-0.00021759991,4.888495e-06,0.0004029486,0.0002483473,0.0001168077,-0.00015818766,0.0001364745,-1.7026214e-05,8.0048616e-05,-0.0003153164,-6.13896e-05,-0.00021434262,-8.3251536e-05,0.0020660912,7.517975e-05,0.00028503727,-8.0890495e-05,0.00013543194,-7.351127e-05,-6.8262096e-05,-9.833656e-05,0.00015347387,9.3082606e-05,0.00012241033,-1.4552386e-06,-0.0002764227,-0.00010934201,-4.590813e-05,0.00012307937
35,-0.0013198247,-0.001058126,7.4058575e-05,0.0010727115,-0.00014664835,-0.001026441,-0.0008917368,0.00031974865,0.0006835952,0.00023130732,5.9307502e-05,0.0005207883,-4.2528307e-05,2.1239943e-05,0.00030106097,-0.00013104249,-0.0003227704,0.00012352267,0.0001400121,-0.00016568041,0.00021639816,0.00041173788,-0.00018005368,0.00018682286,-7.45988e-06,0.00065027364,-0.0005292546,0.0001267193,3.5108453e-05,-0.0002396703,-2.7737231e-05,-1.3420076e-06,9.255786e-05,-8.3265826e-05,7.517975e-05,0.0011873224,1.11562185e-05,0.00014254099,0.000114207054,-0.00012952281,0.00023630794,3.9759427e-05,5.4360367e-05,0.00011875864,4.1295745e-05,5.4519016e-05,-0.00020153559,0.00022312297,2.093284e-05,3.0773557e-05
36,-0.00015008851,-0.0004046227,0.00053548807,-0.00031385705,0.00077764026,-0.00062499626,-0.0008964749,0.0012273291,0.0005322758,-0.00042602234,-0.0005134462,-0.00038701456,-8.9548135e-05,-1.6679034e-05,-1.488223e-05,-0.00027420078,-0.0001749036,0.00041773714,-5.252432e-05,-0.00018404188,-0.0005074057,7.025017e-05,9.162852e-05,-3.2230877e-05,-0.00012795074,-0.00017126178,4.338656e-05,0.00036488808,0.0002151981,-0.00012133509,-0.00018781304,-0.00013123706,-2.5339646e-06,4.5988636e-05,0.00028503727,1.11562185e-05,0.0016769145,0.00025769018,7.061835e-05,5.5599754e-05,4.1288695e-05,-7.3360505e-05,-8.6134634e-05,-0.00017969377,8.546711e-06,6.0328252e-06,6.2051484e-05,0.00011436577,0.0002336821,-0.000103018916
37,-0.0001816707,-0.0003414611,0.0003445826,-0.0016053838,0.0005491464,0.0002394763,-0.0006233878,0.00067938375,-0.00036313885,-0.000627727,-3.5629324e-05,-0.0007098706,0.00012094482,-7.1369235e-05,0.00025682413,-0.00021288588,0.00018906788,7.416668e-05,-0.0002872165,-8.118202e-05,6.7486966e-05,-0.00014782295,-0.00019720443,0.00014300118,-5.3280648e-05,0.00046262232,0.00021830067,0.00017644124,9.745141e-05,7.174392e-05,0.00021740909,0.00026163098,-2.3503053e-05,7.901948e-05,-8.0890495e-05,0.00014254099,0.00025769018,0.0012942967,0.00011940008,0.0002083999,-0.00029396254,9.876523e-05,9.264557e-06,0.00019533728,3.1439406e-05,6.916103e-05,9.676603e-05,0.00021918328,-0.00019338267,-9.409286e-05
38,0.00063868845,0.0002856594,-4.4869907e-05,0.0002489534,-0.0011383197,0.00020297283,0.00043655903,-0.0003549919,-0.00030028488,6.63378e-05,-8.843851e-05,0.00035571342,0.00017681957,-0.0003871498,-5.610135e-05,6.953746e-05,0.000426101,0.00055787247,-9.2805894e-05,-0.00043936784,9.946908e-05,0.00024605438,0.0003891067,0.00012559569,9.940834e-05,9.111925e-05,0.00019161057,-4.7869773e-05,-8.772589e-06,0.00023344134,0.0001698456,0.00024114114,0.00014319658,0.0001120354,0.00013543194,0.000114207054,7.061835e-05,0.00011940008,0.0012499031,-9.197579e-05,6.0113896e-05,3.437481e-05,1.0636881e-05,5.9291186e-05,-0.0002293757,-5.9279595e-05,-0.00012936421,3.7691185e-05,-1.6741753e-05,-5.437385e-05
39,-0.0018437548,-0.002134857,0.0007428348,0.00096214795,-0.0006035749,0.0001590221,-0.0003671549,-9.6586824e-05,0.0009838471,0.00035920262,-0.00021969735,0.0002869644,-0.00014340182,0.00025386247,-5.1217143e-05,-2.4996574e-05,-1.7532702e-05,-1.3635334e-05,-6.4697575e-05,3.2118078e-05,-0.0001675195,0.00025934656,-7.752162e-05,-6.256024e-05,0.000114770795,-0.00029978267,-8.5265696e-05,-0.00011444521,-2.587083e-05,0.0002196173,0.00022641584,-0.00032867718,-0.00022944628,0.00013245217,-7.351127e-05,-0.00012952281,5.5599754e-05,0.0002083999,-9.197579e-05,0.0013598504,0.00013677764,5.9352817e-05,-4.1900108e-05,3.195414e-05,0.0001277871,-3.2701537e-06,6.276199e-05,9.40486e-05,-3.4804354e-05,7.724975e-05
40,-0.00017362236,-4.3053704e-05,-7.609455e-05,0.0008711094,-0.00057403336,-0.00028592197,3.4761e-05,0.0005926898,-6.320271e-05,0.0006169558,-0.00011811702,0.00011565146,0.00026657197,-2.4457288e-05,5.6735576e-07,-0.00012965803,3.6148864e-05,-0.00033402684,-7.380212e-05,0.00013982445,-9.6433265e-05,0.00039483228,-1.8954529e-06,-6.5367367e-06,4.091706e-05,2.1627558e-05,-0.0002042498,-0.00011413037,-0.00010219287,0.00030927893,-3.69421e-06,9.352898e-05,0.00011586801,-0.00022631008,-6.8262096e-05,0.00023630794,4.1288695e-05,-0.00029396254,6.0113896e-05,0.00013677764,0.0010925112,7.130891e-05,0.000109290864,-7.60197e-05,7.3808374e-06,6.2572755e-05,7.6942524e-05,0.00013126884,9.713195e-05,-0.00013929105
41,-0.00034123135,-0.0006134426,0.00031785463,-0.0012199462,0.00051582477,0.0005490946,-0.0007535715,-0.0003477939,-0.00062934647,-0.0007540587,0.00028490668,0.00028723048,4.7531954e-05,-0.0001764661,0.0003538166,0.0001784447,1.4472307e-05,-4.90343e-05,0.00011908702,-0.00022851733,-0.00010582217,5.8463716e-05,1.0204512e-05,0.00027273677,-0.00021193679,-0.00016811743,9.945975e-05,0.00019370306,-0.0004032991,-0.00022993314,-0.00016692834,4.9100814e-05,1.1552431e-05,4.901918e-05,-9.833656e-05,3.9759427e-05,-7.3360505e-05,9.876523e-05,3.437481e-05,5.9352817e-05,7.130891e-05,0.0009963666,-0.00011311205,-6.1308136e-05,3.23325e-05,-1.2179672e-05,-5.785564e-05,5.245467e-05,-7.993168e-05,-9.366006e-05
42,0.00014627072,5.143651e-05,-9.285075e-05,-0.0008000743,-0.00073245575,-0.0008740802,-0.00050476415,0.00018723132,-0.00074405514,-0.0005527645,0.0001729292,-0.00045774138,0.0004911107,-0.000111171124,3.7519698e-05,0.00029283838,1.9578627e-05,0.0004438428,0.0004420798,8.903258e-06,-3.0311821e-05,-0.0002458966,-0.00021466517,-0.00031965642,-6.4416534e-05,5.849523e-05,0.00013007107,-0.00023093907,-3.4002333e-06,4.5612593e-05,0.00023976588,-6.5257086e-07,0.0001824793,-0.00023284525,0.00015347387,5.4360367e-05,-8.6134634e-05,9.264557e-06,1.0636881e-05,-4.1900108e-05,0.000109290864,-0.00011311205,0.0010772435,8.136365e-05,0.00019063396,-0.00017050958,5.6611516e-05,0.00010244861,5.5975026e-05,0.000116985255
43,0.0002876235,0.0002384597,7.6413795e-05,-4.0734034e-05,0.0013590795,-0.0007183303,-3.4995162e-05,0.00029255438,4.1406674e-05,0.00060175697,-0.00036403784,-4.268552e-05,-4.1801786e-06,-9.383117e-05,0.00013895734,0.00016320834,6.486979e-05,-1.4226109e-05,7.5400545e-05,-0.000219765,-0.00024657784,-2.3480057e-05,-0.00011430234,0.00026962464,-0.00027494726,-0.00012854263,-0.00018665925,-0.00014374478,-0.00025996057,8.687881e-05,-0.0002202001,1.9575571e-05,0.00011300364,0.00014564555,9.3082606e-05,0.00011875864,-0.00017969377,0.00019533728,5.9291186e-05,3.195414e-05,-7.60197e-05,-6.1308136e-05,8.136365e-05,0.0010515364,-9.1254464e-05,-0.00021193358,-1.35766495e-05,5.5967386e-05,0.00010228364,-1.6891405e-05
44,-0.00082399714,-0.00042289024,-0.0002963852,0.0001251781,-0.00019719344,0.00042323672,0.00028408546,-0.00040634105,0.00021338265,0.00011800992,3.9604263e-05,6.1124054e-05,0.00012285459,6.501631e-05,6.4188353e-06,-0.0003214729,0.0003668578,5.78657e-06,0.0003384353,9.942697e-05,-0.00014927238,-0.00013714371,-0.0004094735,0.00019867632,0.00026238314,0.00010340536,-5.2489857e-05,3.7225367e-05,0.00010886397,0.00011505147,0.00013722261,7.075352e-05,-2.3057346e-05,9.614755e-05,0.00012241033,4.1295745e-05,8.546711e-06,3.1439406e-05,-0.0002293757,0.0001277871,7.3808374e-06,3.23325e-05,0.00019063396,-9.1254464e-05,0.0007935429,-0.00016391398,-0.00015523427,-7.109754e-07,1.3964723e-06,4.046708e-05
45,-0.0012877393,-0.0011224074,0.00039405713,0.0009422202,-0.0011491433,-0.0006136184,-0.0009591555,-0.00019452574,0.00045037852,0.0002222505,-5.9033322e-05,6.9348525e-06,0.00049355265,0.00030034065,-4.1840052e-05,0.00019629824,-4.6468398e-05,-0.00011249671,-0.00018161925,-0.00018116823,0.00027765564,0.00013119854,-0.00019141802,7.046921e-05,-3.4975794e-06,0.00011843537,2.8144636e-05,0.00024013806,-0.00017416707,0.00017961735,-3.509286e-05,3.184015e-05,-9.209002e-05,-9.829622e-05,-1.4552386e-06,5.4519016e-05,6.0328252e-06,6.916103e-05,-5.9279595e-05,-3.2701537e-06,6.2572755e-05,-1.2179672e-05,-0.00017050958,-0.00021193358,-0.00016391398,0.001079999,-0.00012382254,-6.9686896e-05,1.7023696e-05,-1.0704826e-05
46,0.0006825081,0.0011240902,-0.000680755,-9.14874e-05,0.00030057877,0.00016240447,0.0006739622,-0.00018129506,0.00025485008,-0.0005487238,-0.0004666648,-0.00024027997,-0.0001447614,-0.00016009904,-1.6592267e-06,5.6032834e-05,-0.00013694604,0.00032921112,0.00025383267,3.7705926e-05,0.00017068512,0.000114079434,8.214815e-06,5.1398198e-05,3.184923e-05,9.602873e-05,-3.1247317e-05,-0.000104108454,1.634208e-05,-2.6192762e-05,-0.0001854159,0.00010557892,-0.00012557102,-0.00019743294,-0.0002764227,-0.00020153559,6.2051484e-05,9.676603e-05,-0.00012936421,6.276199e-05,7.6942524e-05,-5.785564e-05,5.6611516e-05,-1.35766495e-05,-0.00015523427,-0.00012382254,0.0010163594,5.2990938e-05,-7.456004e-05,9.503206e-06
47,0.0001850561,0.00068443926,-0.0004936437,-9.58741e-05,0.0006418121,0.0005624591,0.0003350288,0.00018938314,-0.00026460952,5.072399e-05,-0.0006246149,1.2165522e-05,0.00011267617,0.00026407285,-0.00031008932,-3.1986165e-05,0.00023071197,-0.00029664312,-3.6388126e-05,-0.0001340606,0.00011670857,-4.5956098e-05,-2.099557e-05,1.2080849e-05,-0.0001269322,-4.976176e-05,-8.138604e-05,-0.00013940086,-5.9004808e-05,-2.7286813e-05,-3.944473e-05,-4.5222107e-05,-0.00012094744,-3.4298548e-05,-0.00010934201,0.00022312297,0.00011436577,0.00021918328,3.7691185e-05,9.40486e-05,0.00013126884,5.245467e-05,0.00010244861,5.5967386e-05,-7.109754e-07,-6.9686896e-05,5.2990938e-05,0.0010154861,-9.374798e-05,5.9707054e-05
48,9.4355426e-05,-0.0006272134,0.0008137076,-0.0002603239,-0.00027485174,2.3696837e-05,5.9623177e-05,-0.00043330417,-0.0010193547,-0.0007460696,-0.00026662432,0.00031375315,8.6876964e-05,-3.4528508e-05,-0.00010271532,1.8112883e-05,8.990693e-05,4.064348e-07,0.000114408904,2.4316709e-05,0.00015851142,-7.708823e-05,-5.0037077e-05,8.8914356e-05,-1.3678608e-05,-0.00013375857,1.7365557e-05,6.634049e-07,8.4142575e-06,5.400279e-06,-0.00029771603,-4.413462e-05,-5.61732e-05,8.654074e-05,-4.590813e-05,2.093284e-05,0.0002336821,-0.00019338267,-1.6741753e-05,-3.4804354e-05,9.713195e-05,-7.993168e-05,5.5975026e-05,0.00010228364,1.3964723e-06,1.7023696e-05,-7.456004e-05,-9.374798e-05,0.0009508648,5.93284e-05
49,-2.8705826e-06,-0.00034031802,0.0005402475,-0.0006017694,0.00089396455,-7.196373e-05,0.0006011097,0.00022347886,0.0001257538,-0.00033437012,-0.00035317446,-0.00015903608,-2.0418507e-05,-0.0002486849,0.00030655292,0.0001399667,-0.00018578925,-2.6970996e-05,-3.9794548e-05,-3.238022e-05,-0.00032666413,4.5454086e-05,0.00010670003,2.6917485e-05,5.561433e-05,-2.2084398e-06,0.00016721795,0.00021027494,-2.1774813e-05,-0.00020711734,-8.823646e-05,7.625033e-05,-2.6162015e-05,-2.2320357e-05,0.00012307937,3.0773557e-05,-0.000103018916,-9.409286e-05,-5.437385e-05,7.724975e-05,-0.00013929105,-9.366006e-05,0.000116985255,-1.6891405e-05,4.046708e-05,-1.0704826e-05,9.503206e-06,5.9707054e-05,5.93284e-05,0.0009178941
