,0,1,2,3,4,5,6,7,8,9,10,11,12,13,14,15,16,17,18,19,20,21,22,23,24,25,26,27,28,29,30,31,32,33,34,35,36,37,38,39,40,41,42,43,44,45,46,47,48,49,50,51,52,53,54,55,56,57,58,59,60,61,62,63,64,65,66,67,68
0,378.029,1.350915,4.3954453,1.9638331,-2.151329,-0.8385947,-5.043292,8.774607,0.5574894,0.86154735,0.039588265,1.5507913,-3.8422065,1.6287954,-2.715716,-1.1358595,3.2194757,-1.0673473,-0.9462683,-1.2108684,2.7222185,-2.20038,0.6862217,-2.6389875,0.47489986,-2.452938,0.05140032,0.8839164,-0.45226258,-2.1640062,-2.707176,1.6402478,-1.0397849,-1.4123149,0.11444932,-1.4763651,0.11876315,-1.7840514,0.042502053,0.054698437,-0.020402703,-0.75186753,0.8435519,0.11788082,-1.2454461,0.42347392,0.32010424,-0.28051168,0.19957885,0.6280745,1.5392475,0.12554097,0.38128036,0.51015615,-0.009781197,-0.4745002,-0.1687103,0.7672411,-0.124371484,-0.086968705,-0.7417827,0.87483454,0.46015322,0.59258556,0.30666623,-0.29785085,0.23483121,0.057890303,0.9291785
1,1.350915,87.94916,17.126158,11.498859,2.9682674,9.236725,-2.4042954,3.3989873,-14.245535,7.462747,-7.119073,1.0242844,0.6458136,2.0716543,0.0105171455,-0.18435656,0.5843643,0.9091191,0.40144598,1.3602533,0.03755733,-0.08306476,-1.4157959,1.2110387,0.05990178,-0.110962175,0.75923866,-0.88259876,0.43892696,0.8319421,0.8952775,0.5542487,1.0048003,-0.0010058433,0.08774276,0.14258076,-0.7780596,1.5122088,0.37757945,-0.78430367,1.048969,0.06965015,-0.28331715,-0.86068726,-0.025368322,-0.22403726,0.38773936,0.19282119,-0.41044736,0.27137953,-0.30725002,-0.47647375,-0.98251724,-0.14677404,0.1474504,-0.24940932,0.01361407,-0.09730357,-0.27654362,0.09547162,0.08843195,0.3126015,-0.27148676,0.22606578,-0.16329247,-0.20962718,0.17955032,0.16395286,-0.10530631
2,4.3954453,17.126158,101.89053,-6.366124,0.55060375,-5.8507338,1.3584292,-3.0226474,8.725157,-4.830129,3.105719,-1.5824926,-0.55935216,-1.5745035,0.5407448,0.6401093,-1.9464433,-0.27971023,0.18721603,0.61666733,-0.8664137,0.26896498,0.599088,0.08010812,0.44186008,-0.7440233,-0.4000585,0.6165171,-0.36266896,-0.2183815,0.5738386,-0.95178956,-0.61572474,0.11612293,-0.12258647,0.6675423,0.4403481,-0.36376458,-0.19502309,0.36504364,-0.5341513,0.042318955,0.09926397,0.7534995,0.405949,0.17500398,-0.2520283,0.12519535,0.6379137,-0.26586795,-0.27923232,0.70237815,0.34305045,-0.21301356,0.14078072,0.2209551,0.16335654,-0.0046182033,0.12621135,-0.10539608,-0.013038807,-0.22878549,0.14043903,-0.39494145,-0.043751214,0.05459594,-0.17173377,-0.2740904,-0.092417076
3,1.9638331,11.498859,-6.366124,75.16942,-2.5370183,-1.8950946,0.21524909,-2.4415174,5.779929,-4.7817388,3.5656528,0.7032425,-0.20139602,-2.462132,1.1144559,0.6386888,1.0263002,-1.2241646,0.22011074,-1.3669751,1.2413251,-0.016340433,0.37115395,-0.5473243,-0.24044813,0.47978818,-0.28604886,0.24543612,0.017422574,-0.6978277,0.43407622,-0.65402824,0.088722944,0.84032893,0.47701296,0.68897337,-0.012277702,-0.45116627,0.3158037,0.23706077,-0.22258571,0.072528504,-0.15403578,-0.26154163,-0.30153668,-0.14612612,-0.46536994,0.1873793,0.09809775,0.039552532,0.114540234,-0.45597833,0.2823658,0.047293983,-0.08814151,-0.11751694,-0.16768402,0.12480366,-0.051547766,-0.2885473,0.13780048,-0.10028,0.113075405,-0.14288014,0.2887125,0.14041394,-0.23559839,0.031255342,-0.07294581
4,-2.151329,2.9682674,0.55060375,-2.5370183,48.318886,4.26307,0.13871968,1.2329447,2.0156686,-1.3810713,2.1649747,1.2532079,-1.1014171,0.1558907,-1.175479,-2.1334114,2.0737915,-0.6144582,0.25790542,-0.9178226,-0.047802553,-0.06473791,0.33746696,-1.4945369,-0.53259766,0.5311917,-0.13885249,-0.14551747,0.17573634,-0.21225615,-0.5646409,-0.28612456,0.09006247,0.2728018,0.647886,-0.43626377,0.0058170483,-0.31241608,0.3901974,-0.12350738,-0.1599922,0.008274343,-0.09832367,0.21247482,-0.6226808,-0.4433089,-0.05159027,-0.238888,-0.47724634,-0.08358911,0.034616817,-0.5675493,0.25116354,0.34421903,-0.2339711,-0.17204934,-0.18664235,-0.21646951,0.06996679,0.12572604,0.45172316,-0.2829008,-0.016953085,-0.0638714,0.05289369,-0.03660292,-0.18554771,0.060659796,0.014493025
5,-0.8385947,9.236725,-5.8507338,-1.8950946,4.26307,36.724243,0.02883751,-2.9462306,4.038839,-0.6423502,-0.028735828,-2.1245952,0.54497415,-1.1538851,2.0391784,3.2210534,-1.4142838,0.34253728,-0.59157485,0.10988431,0.22957289,0.6944429,0.28573748,1.1486413,-0.8037976,0.4639466,0.46843508,0.4317606,-0.5146044,0.20911941,-0.8172332,1.2410917,-0.30925447,-0.17338699,-1.0859153,-0.03563884,0.015618794,-0.9543284,-0.21321401,0.53987414,0.19253014,0.09403233,0.32318836,-0.18554515,0.032910887,0.34500283,-0.12974334,0.020802593,0.317453,-0.22355632,0.48159525,0.7437,0.34461758,-0.04771014,-0.012748054,0.38604516,0.09475564,0.09654395,0.4570735,-0.15167353,-0.49915963,0.29493147,-0.12715083,0.20614374,0.110379785,0.36667436,0.23833072,-0.047500074,0.03832125
6,-5.043292,-2.4042954,1.3584292,0.21524909,0.13871968,0.02883751,40.992737,3.5814438,0.68348956,-0.47342598,-1.9072895,-0.7704786,-2.9236734,-0.8906209,1.2525227,0.6352203,1.544223,-0.81697977,0.7691481,0.6566402,0.2933977,-0.27416724,0.16593647,0.006589245,-0.2956993,-1.3568122,0.2958294,-0.3823802,0.23463145,-0.62720966,-0.26992524,0.50888866,-0.13530365,-0.23060846,0.34810096,0.53906316,-0.4235558,0.19939648,0.7486983,-0.27045304,0.7617537,-0.4289283,0.06540224,-0.0516989,-0.23976272,-0.017960085,0.15189666,0.13018522,0.04358661,0.13657439,0.31338754,-0.11710692,-0.0030952268,-0.14183456,0.30123925,-0.27223077,-0.07976593,-0.08965543,0.18110092,0.15783921,-0.25622004,0.17120802,-0.14138386,0.12729892,0.25787276,-0.061399523,-0.117540196,-0.19254424,0.19222955
7,8.774607,3.3989873,-3.0226474,-2.4415174,1.2329447,-2.9462306,3.5814438,28.209774,-0.97823167,-1.9748986,1.7586833,1.1793692,1.3147287,-1.62141,-0.3542599,2.2128882,-1.4465849,0.17319907,-0.7944868,0.3932266,0.50664234,1.0504835,-0.61846375,0.8294049,-0.4003703,2.0563245,0.6789453,0.42664638,-0.2564456,1.2053351,0.7029077,-0.15633819,0.499429,0.9194587,-0.25067002,1.0260907,0.41750854,0.050160766,0.15603545,0.45346865,-0.4460183,0.7835399,0.18585578,0.04251262,-0.25401196,-0.05802147,-0.5025507,0.18512541,0.26889947,-0.09692162,-0.3578625,-0.28842056,-0.15321594,0.11795115,-0.28617305,0.04435799,0.22264561,0.18411279,-0.02729724,-0.2705655,0.11315392,-0.13244939,0.008890066,-0.033824217,-0.20111936,0.12257776,-0.015445006,0.3238667,-0.15205014
8,0.5574894,-14.245535,8.725157,5.779929,2.0156686,4.038839,0.68348956,-0.97823167,25.76688,3.6865416,-2.4883463,1.8639302,1.542773,1.1646829,-1.2969337,0.40054166,-0.66567063,0.47714058,-0.80875,0.5549805,0.84579253,0.20108229,-1.1698,0.6286093,0.54259753,0.8030698,0.5995336,-0.042303298,0.14500076,0.6940681,-0.0046019806,0.42648545,0.29288203,-0.08897855,-0.09230532,0.15608507,0.25416273,0.790504,-0.052487753,0.13545948,0.16409661,0.18904386,0.14890322,-0.24325252,-0.033098035,0.17022972,-0.10822053,-0.011957433,-0.00029022316,0.43477648,-0.0010244614,-0.6303198,-0.45469844,-0.011074484,-0.038535737,-0.19526173,0.030413423,0.23194535,-0.24572201,-0.084841296,-0.2676683,0.09313862,0.015794523,0.3266852,-0.27245787,-0.119488016,0.13563193,0.27438518,0.08146843
9,0.86154735,7.462747,-4.830129,-4.7817388,-1.3810713,-0.6423502,-0.47342598,-1.9748986,3.6865416,26.744986,1.9440718,0.16757593,-1.7806687,-2.046772,0.36155388,0.59661394,0.43999755,-0.6806072,0.3462878,0.12462864,0.31977087,-0.061040808,0.09292837,0.07180661,0.024434432,0.114643626,-0.135597,-0.01850886,0.1677731,-0.19395077,0.24005678,-0.4997275,-0.10562605,0.28398818,0.5559827,0.9219103,0.22606027,0.1465126,0.35376295,0.17354873,-0.18742803,0.023790456,0.08550989,0.26771033,-0.12097174,0.09542918,-0.18654144,0.089080244,0.2235526,0.030310016,0.041236095,-0.16285191,0.0066142096,-0.073407695,-0.018702384,-0.17091142,-0.08821164,0.03716095,-0.06583762,-0.008969048,0.09807988,-0.13324858,0.023592101,-0.12872803,0.29901817,-0.1031124,-0.24136204,0.02102018,0.093021706
10,0.039588265,-7.119073,3.105719,3.5656528,2.1649747,-0.028735828,-1.9072895,1.7586833,-2.4883463,1.9440718,21.70523,-1.1552135,-1.216927,0.55043876,0.58006215,0.57287014,-0.36362535,0.4607607,0.5624236,1.3183789,-0.79910624,-0.046945337,-0.21009584,0.51285404,-0.033173643,-0.22487453,0.53121185,-0.18249385,0.08685806,0.06473398,0.17016652,0.14524488,-0.053109154,0.062137887,-0.017519975,0.114721194,-0.1706737,0.35602534,0.2262196,-0.29172724,0.7710512,0.34115115,-0.112691805,-0.2806975,-0.31383833,-0.05062384,-0.047287956,0.0055364748,-0.13859129,-0.32698357,0.30145305,0.6071932,-0.355202,-0.30031985,0.40700278,0.36921868,-0.1760728,-0.023962753,0.15208417,-0.050350443,-0.14761643,0.13585718,0.1303051,0.09775461,0.13523835,0.016181435,-0.05038485,-0.100299284,0.1758197
11,1.5507913,1.0242844,-1.5824926,0.7032425,1.2532079,-2.1245952,-0.7704786,1.1793692,1.8639302,0.16757593,-1.1552135,16.82351,-0.33224624,-0.22208953,1.5611467,0.15317488,-0.39795804,0.5674704,0.6033109,0.23144811,-0.9142355,-0.11240518,0.19519332,0.6194396,-0.19831681,-0.2985152,-0.28349918,-0.183447,0.11520072,-0.018588183,-0.06459789,0.1223381,-0.03565192,-0.029339302,-0.12508853,0.04107236,-0.21772331,0.08262667,-0.1850619,-0.09755655,0.23768494,-0.10921161,-0.1586163,0.050146334,0.27367932,0.1560806,0.10880116,-0.119759515,-0.058973204,-0.3612814,0.05729224,0.4576541,-0.05142227,-0.1572131,0.22029416,0.31235087,-0.06645921,-0.22146825,0.21668944,0.21660256,-0.04555638,-0.035674047,-0.09038529,-0.010195145,0.1822682,0.07943763,-0.041707534,-0.16051942,-0.0037402636
12,-3.8422065,0.6458136,-0.55935216,-0.20139602,-1.1014171,0.54497415,-2.9236734,1.3147287,1.542773,-1.7806687,-1.216927,-0.33224624,12.644138,-0.8106228,-0.7077895,0.33820832,0.9220414,-0.4101955,0.8311988,1.8392411,-0.57115823,-0.08284005,0.22211154,-0.59461236,-0.3119387,-0.6787753,0.5351039,-0.112418,-0.017924743,-0.066255316,-0.34292334,0.6814084,-0.44500405,0.14380167,0.32793373,0.61092675,-0.083624944,-0.08022338,1.1729305,-0.0003496484,0.30128777,0.34611678,0.26104602,0.5571302,-0.5900066,-0.11528686,0.06522644,0.07659723,-0.1774815,0.011824513,0.17491971,0.17730519,-0.1060136,0.049920734,0.31416446,-0.19547142,-0.01309677,0.0034127622,0.118204236,-0.02564926,-0.09275186,0.066893205,0.095146015,-0.005593212,0.1430453,-0.12527157,-0.15596052,0.022743778,0.1822648
13,1.6287954,2.0716543,-1.5745035,-2.462132,0.1558907,-1.1538851,-0.8906209,-1.62141,1.1646829,-2.046772,0.55043876,-0.22208953,-0.8106228,15.194649,1.5023351,0.87399733,0.88309145,-0.20825267,0.07125628,-0.04354745,0.4662973,0.3476141,-0.08383921,0.8170873,-0.5336957,0.23641124,0.21730858,-0.31844473,0.5048067,0.08130762,0.12586433,-0.088131666,0.26587987,0.2619716,0.20692736,0.7527429,0.008553268,0.10280629,0.27147353,0.036510468,0.09950834,-0.058281124,-0.109636754,-0.041035097,0.14696288,0.25069982,0.01857011,-0.09456787,0.091080606,0.054974183,-0.122601934,-0.14701173,-0.20022392,0.07331902,-0.11448503,-0.2077348,0.026962327,-0.00040153178,-0.01916214,0.017821338,0.004186895,-0.034777872,-0.24135554,0.03130953,0.12967211,-0.081964664,-0.11612806,0.18708481,0.08981751
14,-2.715716,0.0105171455,0.5407448,1.1144559,-1.175479,2.0391784,1.2525227,-0.3542599,-1.2969337,0.36155388,0.58006215,1.5611467,-0.7077895,1.5023351,9.136612,-0.7777728,-0.54303193,-0.09811508,-0.57382333,0.7173841,-0.009803182,-0.24100679,0.031286933,-1.2717905,0.62662315,-0.2820419,0.18844905,0.5919236,-0.65431297,0.08628698,-0.1407799,-0.020384924,-0.34527427,-0.03349273,-0.0559275,-0.25439337,0.3599589,-0.3091669,0.1678498,0.11790255,-0.4216329,0.38052493,0.3157216,0.45710495,-0.54469395,-0.27800995,-0.09754879,0.1339171,0.13437955,0.13975847,0.010532823,-0.022862256,0.07053728,0.17069036,-0.05304802,-0.07359738,0.15500328,0.2547804,-0.13329875,-0.21790852,0.007647986,0.11461179,0.3091979,-0.09390138,-0.25080994,-0.0474004,0.08097571,0.044070512,0.058042556
15,-1.1358595,-0.18435656,0.6401093,0.6386888,-2.1334114,3.2210534,0.6352203,2.2128882,0.40054166,0.59661394,0.57287014,0.15317488,0.33820832,0.87399733,-0.7777728,8.039213,0.17889112,0.7574646,-0.0733199,-0.024716653,-0.90473557,-0.32087815,-0.073893875,-0.23826095,0.37257177,-0.33590725,-0.6153233,0.108722225,0.035880134,0.026176427,-0.70214987,-0.45174342,-0.34170672,0.054033734,0.15670775,-0.390355,0.21173838,-0.28976214,-0.17467612,0.16592197,-0.19488901,-0.07950618,-0.4771843,0.39944333,0.03897716,-0.011711087,0.13739705,-0.41601273,-0.30146348,0.020160506,-0.013978965,0.037833933,-0.10338746,0.20213751,-0.3357947,0.06060962,-0.042363483,-0.24778329,-0.07579239,0.018650703,0.34887052,-0.086122304,-0.23864728,-0.22203307,0.12140894,-0.070939615,-0.033928555,0.03251284,0.09618079
16,3.2194757,0.5843643,-1.9464433,1.0263002,2.0737915,-1.4142838,1.544223,-1.4465849,-0.66567063,0.43999755,-0.36362535,-0.39795804,0.9220414,0.88309145,-0.54303193,0.17889112,7.196205,0.57926136,0.021854235,0.92392623,-0.77070457,0.04990013,-0.41512537,0.48701328,0.9931954,0.09700547,-0.26477107,0.3546952,-0.44316673,0.38122666,0.15897454,-0.0016843351,-0.5757284,-0.09241964,-0.33585027,0.16116807,0.30123946,0.3682537,-0.2864889,0.47964936,-0.18395524,0.15161237,0.10463012,0.26868054,0.39569992,0.12266694,-0.20398082,0.11787391,0.1625677,0.071107596,0.02987358,0.19897994,0.020463713,-0.3450889,0.15244502,0.20600353,-0.05613979,-0.016190194,-0.03584637,-0.1685721,-0.11725995,-0.063523844,0.12317105,-0.15551622,-0.00811328,0.07813403,0.06885439,-0.14563173,-0.18517494
17,-1.0673473,0.9091191,-0.27971023,-1.2241646,-0.6144582,0.34253728,-0.81697977,0.17319907,0.47714058,-0.6806072,0.4607607,0.5674704,-0.4101955,-0.20825267,-0.09811508,0.7574646,0.57926136,8.019021,0.066821754,-0.17792058,0.6293308,0.110041946,0.2637198,-0.54453516,-0.0820096,-0.16665468,0.16882464,-0.09676784,0.07130647,-0.37719345,0.29756954,0.0334989,0.023893636,-0.028916892,0.1908383,0.054342583,-0.21396172,0.020267222,0.31972936,-0.13387705,0.120429575,-0.09195341,0.14616545,-0.20853391,-0.04660379,-0.19173333,-0.0041276915,0.29839653,0.02392691,0.23347472,-0.045588017,-0.17050353,0.2707314,-0.07479076,0.13483512,-0.18240353,0.05241307,0.09536329,-0.026637034,0.0068801413,-0.08004956,-0.05558805,0.15424135,0.06747566,-0.109913796,-0.0062069865,-0.046121456,-0.1284935,-0.026633825
18,-0.9462683,0.40144598,0.18721603,0.22011074,0.25790542,-0.59157485,0.7691481,-0.7944868,-0.80875,0.3462878,0.5624236,0.6033109,0.8311988,0.07125628,-0.57382333,-0.0733199,0.021854235,0.066821754,7.916589,-0.14691955,0.46224463,0.14117272,-0.03534819,0.0010845214,-0.021991339,0.04181669,0.16792339,0.22192797,-0.07043241,0.0853158,-0.22515032,-0.04451395,0.0799543,-0.061332107,-0.14886723,-0.10940219,0.18676716,-0.33083814,-0.16525191,0.06635337,-0.16445762,0.009449466,0.05630479,0.07304336,-0.082158655,0.09247984,0.016084038,-0.081821576,0.17956617,0.11475487,-0.06857641,0.002621921,-0.010944837,0.20276004,-0.2243686,-0.052621357,0.17304718,0.13507509,-0.051918663,-0.041033134,-0.031064823,0.077276066,-0.038130593,0.0602701,-0.18082532,-0.026504213,0.079702646,0.091401264,0.11386597
19,-1.2108684,1.3602533,0.61666733,-1.3669751,-0.9178226,0.10988431,0.6566402,0.3932266,0.5549805,0.12462864,1.3183789,0.23144811,1.8392411,-0.04354745,0.7173841,-0.024716653,0.92392623,-0.17792058,-0.14691955,6.187284,0.8042598,-0.3407067,0.21454805,-0.2033833,-0.22258382,0.4322067,-0.33987743,-0.18065596,0.23041561,-0.43256396,0.023955349,-0.2277827,0.40182263,-0.25718474,0.023034194,-0.5484865,0.009105354,-0.0524534,-0.61723757,-0.21911104,-0.21241778,-0.3532074,-0.042636752,-0.5047585,0.16850469,0.101566374,0.046327174,-0.11913028,-0.04450249,-0.14674132,0.16526017,-0.2582131,0.118913725,0.039699376,-0.09760131,0.022464745,-0.17293331,0.10173403,-0.083575636,0.095181525,-0.047617488,0.02601566,0.035446152,0.14212254,0.120233655,0.04182254,0.03398542,0.11145802,-0.01829224
20,2.7222185,0.03755733,-0.8664137,1.2413251,-0.047802553,0.22957289,0.2933977,0.50664234,0.84579253,0.31977087,-0.79910624,-0.9142355,-0.57115823,0.4662973,-0.009803182,-0.90473557,-0.77070457,0.6293308,0.46224463,0.8042598,6.5340915,-0.025922617,0.11042694,0.0316664,0.06788121,-0.15988734,-0.20238145,0.018556498,-0.19988903,0.2817924,-0.0502398,0.04703843,-0.2293539,0.28739578,-0.11801179,0.07559923,-0.123055235,-0.05355909,0.139712,0.028177584,0.060667954,0.25055802,-0.24208584,0.24528676,0.029906657,-0.1648466,0.05455388,-0.056067444,-0.19616756,-0.2332251,-0.07697838,0.31800014,-0.06510018,-0.049176794,0.10453045,0.26508015,0.0020108095,-0.19694656,0.122915596,-0.02025124,0.17795502,-0.034167603,-0.06406902,-0.20464167,0.0750958,0.11035711,-0.014312964,-0.09388579,-0.09763744
21,-2.20038,-0.08306476,0.26896498,-0.016340433,-0.06473791,0.6944429,-0.27416724,1.0504835,0.20108229,-0.061040808,-0.046945337,-0.11240518,-0.08284005,0.3476141,-0.24100679,-0.32087815,0.04990013,0.110041946,0.14117272,-0.3407067,-0.025922617,6.6586323,0.11936753,-0.042667918,0.40977037,-0.47105253,-0.3726389,-0.026273701,-0.14384651,-0.2721187,0.025636109,-0.19477531,-0.0770133,-0.30293286,0.068782136,-0.05667758,0.10077694,0.14114931,-0.2516734,-0.11216685,-0.14292994,-0.16853908,0.020408995,-0.059724726,0.04114641,0.054787774,0.13071755,0.032361433,0.12213353,-0.07440543,0.23828968,0.06481215,-0.08005995,-0.114038974,0.0084139835,0.021668393,-0.092775315,0.0878269,-0.1267932,0.021263776,-0.049677007,0.19091487,0.049117975,-0.052860655,0.28887218,-0.0313037,0.03105608,-0.0030182437,0.06972726
22,0.6862217,-1.4157959,0.599088,0.37115395,0.33746696,0.28573748,0.16593647,-0.61846375,-1.1698,0.09292837,-0.21009584,0.19519332,0.22211154,-0.08383921,0.031286933,-0.073893875,-0.41512537,0.2637198,-0.03534819,0.21454805,0.11042694,0.11936753,6.3664017,0.38871706,0.16130507,0.3223902,0.09221296,0.14452937,0.048355862,0.23825255,-0.099412754,-0.058531508,0.0042109215,0.0322072,0.1006047,0.21051127,0.22695428,0.2519214,-0.08141339,0.18130438,0.020590905,-0.013681751,0.08646955,0.16641633,-0.08173868,0.16164458,-0.21474665,-0.13858446,0.07139918,0.01312659,0.050375342,-0.1888715,-0.13885899,-0.013797793,-0.02926953,-0.04129436,-0.09709054,-0.06862343,-0.00061369594,0.03322637,-0.008996376,-0.08397391,-0.043436773,0.06321034,-0.006249237,-0.066123575,-0.04513258,0.024745725,0.01622898
23,-2.6389875,1.2110387,0.08010812,-0.5473243,-1.4945369,1.1486413,0.006589245,0.8294049,0.6286093,0.07180661,0.51285404,0.6194396,-0.59461236,0.8170873,-1.2717905,-0.23826095,0.48701328,-0.54453516,0.0010845214,-0.2033833,0.0316664,-0.042667918,0.38871706,5.679971,0.0006826231,-0.13419043,0.17739433,0.0611033,-0.14793287,-0.28046468,0.060377844,-0.04053077,-0.08183195,-0.22109899,0.03934102,-0.550726,0.041371115,-0.15978847,0.11735466,-0.18951845,-0.10095073,0.08076271,0.17108369,-0.019906668,-0.24369518,-0.28036934,0.036379226,0.10366978,-0.11445625,-0.024349337,0.03783341,0.03894876,0.21581802,0.04311624,0.08754641,-0.041758746,-0.025576252,0.11248939,-0.023571607,-0.04989153,-0.036515296,-0.017055033,0.27442706,0.011792464,-0.15646602,-0.010010336,0.008204306,-0.009950298,-0.018063342
24,0.47489986,0.05990178,0.44186008,-0.24044813,-0.53259766,-0.8037976,-0.2956993,-0.4003703,0.54259753,0.024434432,-0.033173643,-0.19831681,-0.3119387,-0.5336957,0.62662315,0.37257177,0.9931954,-0.0820096,-0.021991339,-0.22258382,0.06788121,0.40977037,0.16130507,0.0006826231,5.241135,0.3777668,0.39559644,-0.14916609,0.21420982,0.16822281,-0.0801591,0.2659134,0.39302504,0.21478304,-0.026523482,-0.053385936,-0.23264346,-0.34916788,0.2186318,-0.24179554,0.14145833,0.0943702,-0.0073288213,-0.08462049,-0.2299915,-0.0915597,0.075480916,-0.082760744,-0.14072798,-0.19098803,-0.16724795,0.0833129,0.04510257,0.22639729,-0.059045713,0.008063087,0.13302237,-0.071137115,0.15989824,0.15251422,0.13015994,-0.041985124,-0.13698655,0.11978794,-0.13852312,0.019398402,-0.017192189,0.034749575,0.028966926
25,-2.452938,-0.110962175,-0.7440233,0.47978818,0.5311917,0.4639466,-1.3568122,2.0563245,0.8030698,0.114643626,-0.22487453,-0.2985152,-0.6787753,0.23641124,-0.2820419,-0.33590725,0.09700547,-0.16665468,0.04181669,0.4322067,-0.15988734,-0.47105253,0.3223902,-0.13419043,0.3777668,4.0395875,-0.14767097,0.02376782,-0.32019287,-0.3626327,0.23949847,-0.23107594,-0.12734619,-0.4392411,-0.08552396,0.25285015,-0.06353205,-0.014258911,0.05221802,-0.2999267,-0.03518802,-0.3841744,0.040160663,0.27338332,0.14437625,-0.015797405,0.31513876,0.20048508,0.431427,0.07247266,-0.13405393,0.16523618,-0.04080045,-0.028436545,0.01454542,-0.19460776,0.25355008,0.07541304,-0.08401963,0.047804587,-0.08504556,0.29723784,-0.12043761,-0.17869243,-0.0023976753,-0.059231557,0.07626471,-0.16651344,0.024872418
26,0.05140032,0.75923866,-0.4000585,-0.28604886,-0.13885249,0.46843508,0.2958294,0.6789453,0.5995336,-0.135597,0.53121185,-0.28349918,0.5351039,0.21730858,0.18844905,-0.6153233,-0.26477107,0.16882464,0.16792339,-0.33987743,-0.20238145,-0.3726389,0.09221296,0.17739433,0.39559644,-0.14767097,4.7311335,-0.11374556,-0.000326281,-0.1305564,-0.060182627,-0.10033551,-0.18125571,-0.15699601,0.040379696,-0.104201466,-0.02280452,0.13999908,-0.22396766,0.121052876,-0.17147127,-0.19667335,-0.15791976,-0.006000073,0.37367547,0.06970607,0.1135896,0.0067168903,-0.09211618,0.110614434,0.050703388,-0.07045898,0.055388466,-0.09531153,-0.059659533,0.021671548,-0.04354275,-0.093706995,-0.09058644,0.055693068,0.019158242,-0.01226536,-0.03898076,-0.08252096,0.21340893,0.022174772,0.017499877,-0.042104974,-0.042793613
27,0.8839164,-0.88259876,0.6165171,0.24543612,-0.14551747,0.4317606,-0.3823802,0.42664638,-0.042303298,-0.01850886,-0.18249385,-0.183447,-0.112418,-0.31844473,0.5919236,0.108722225,0.3546952,-0.09676784,0.22192797,-0.18065596,0.018556498,-0.026273701,0.14452937,0.0611033,-0.14916609,0.02376782,-0.11374556,4.7353067,0.17717227,-0.08703528,0.07499424,0.18731476,0.071507186,0.14034468,0.03621649,0.07268965,-0.25507966,0.039665703,0.11929409,-0.06800133,0.09674491,-0.022512417,-0.1223189,-0.1752294,0.16649903,-0.018788809,0.087326296,0.041580565,-0.13336179,0.066477,-0.056953102,-0.08989394,0.005460608,-0.014071363,0.07922469,-0.030142695,-0.0053906227,-0.02129756,-0.01053611,0.009508618,0.026119221,9.2469156e-05,-0.053571675,0.0023728607,0.050669268,0.043978207,0.0044873743,-0.0032442918,-0.06264019
28,-0.45226258,0.43892696,-0.36266896,0.017422574,0.17573634,-0.5146044,0.23463145,-0.2564456,0.14500076,0.1677731,0.08685806,0.11520072,-0.017924743,0.5048067,-0.65431297,0.035880134,-0.44316673,0.07130647,-0.07043241,0.23041561,-0.19988903,-0.14384651,0.048355862,-0.14793287,0.21420982,-0.32019287,-0.000326281,0.17717227,4.3363285,0.11041795,0.028009277,0.043268144,-0.08904986,-0.10282457,-0.18596338,0.022032766,0.06871927,-0.0153395925,0.011856332,0.009004756,-0.09252423,0.02120053,0.111014366,0.08089134,-0.15607044,-0.18467864,0.012835484,0.13422264,0.17784448,-0.06128334,0.086566,-0.025631394,0.028031798,-0.02483473,-0.05786515,-0.00667076,0.032690004,0.02631166,0.019495774,-0.090887174,0.004563839,0.18569177,-0.023764856,-0.123664364,0.081723735,0.089174956,0.09606684,-0.039964415,-0.08416803
29,-2.1640062,0.8319421,-0.2183815,-0.6978277,-0.21225615,0.20911941,-0.62720966,1.2053351,0.6940681,-0.19395077,0.06473398,-0.018588183,-0.066255316,0.08130762,0.08628698,0.026176427,0.38122666,-0.37719345,0.0853158,-0.43256396,0.2817924,-0.2721187,0.23825255,-0.28046468,0.16822281,-0.3626327,-0.1305564,-0.08703528,0.11041795,3.8456812,0.1078348,-0.18132275,-0.091819584,-0.26766637,0.102360055,-0.22321391,-0.010193048,0.013623029,-0.119393006,-0.13805605,0.024460312,-0.16795923,0.0025894172,-0.19048874,0.09177664,0.03269338,0.05597728,0.053959195,0.021814656,0.044187214,0.12842034,0.08909169,0.08907556,-0.10317516,0.09128931,-0.016676195,-0.070597194,0.100716755,-0.07705671,-0.007900807,-0.10798438,0.037354767,0.13624325,0.031815495,0.063763335,-0.04014902,-0.017824162,-0.045035906,0.07167439
30,-2.707176,0.8952775,0.5738386,0.43407622,-0.5646409,-0.8172332,-0.26992524,0.7029077,-0.0046019806,0.24005678,0.17016652,-0.06459789,-0.34292334,0.12586433,-0.1407799,-0.70214987,0.15897454,0.29756954,-0.22515032,0.023955349,-0.0502398,0.025636109,-0.099412754,0.060377844,-0.0801591,0.23949847,-0.060182627,0.07499424,0.028009277,0.1078348,2.8005373,0.6125184,-0.32889953,-0.11367737,-0.045434084,-0.15724447,0.17695475,-0.27942592,0.044490427,0.35857725,0.016565647,-0.105907485,0.040375173,0.27566922,-0.096152484,0.16598114,0.015073333,-0.30598027,-0.16374275,0.13046275,0.31409395,-0.14391956,0.09501992,0.15421635,-0.13769482,-0.03592129,-0.056685843,-0.115491614,0.11626434,0.12020004,-0.093138024,-0.014525273,-0.15444064,0.14979252,0.12017958,0.031982917,0.028744766,0.026348826,0.1478313
31,1.6402478,0.5542487,-0.95178956,-0.65402824,-0.28612456,1.2410917,0.50888866,-0.15633819,0.42648545,-0.4997275,0.14524488,0.1223381,0.6814084,-0.088131666,-0.020384924,-0.45174342,-0.0016843351,0.0334989,-0.04451395,-0.2277827,0.04703843,-0.19477531,-0.058531508,-0.04053077,0.2659134,-0.23107594,-0.10033551,0.18731476,0.043268144,-0.18132275,0.6125184,2.9436204,0.28246546,0.18987602,0.26400524,0.08776881,0.099457085,0.1281274,-0.35103863,-0.23939352,-0.04206655,0.024868201,-0.10145514,-0.07052982,-0.15342394,-0.037394598,-0.14483586,-0.040959448,0.29729238,-0.23339187,-0.1258812,0.109757565,-0.18216336,-0.03920584,-0.0036730762,0.10402098,-0.06505333,0.04330622,-0.07288727,-0.03776952,0.21067445,-0.02869405,0.079054445,-0.13749354,-0.022249205,-0.08503282,-0.08790997,-0.04701235,0.028335866
32,-1.0397849,1.0048003,-0.61572474,0.088722944,0.09006247,-0.30925447,-0.13530365,0.499429,0.29288203,-0.10562605,-0.053109154,-0.03565192,-0.44500405,0.26587987,-0.34527427,-0.34170672,-0.5757284,0.023893636,0.0799543,0.40182263,-0.2293539,-0.0770133,0.0042109215,-0.08183195,0.39302504,-0.12734619,-0.18125571,0.071507186,-0.08904986,-0.091819584,-0.32889953,0.28246546,3.205714,-0.07341113,-0.07952872,-0.017213613,0.095580265,-0.08602765,0.15178496,0.3113644,-0.032991167,0.051553063,-0.04356458,0.11108991,0.15655112,0.05315261,0.0016264995,0.025616162,-0.14774105,0.22643325,0.16250733,0.06930723,0.108729064,-0.09663424,0.05603178,0.0015387462,-0.027836602,0.017750831,-0.05415798,-0.11693713,-0.12580639,0.0055222544,0.056833543,-0.02577088,0.08930148,0.030795684,0.015465459,-0.029351626,0.017573584
33,-1.4123149,-0.0010058433,0.11612293,0.84032893,0.2728018,-0.17338699,-0.23060846,0.9194587,-0.08897855,0.28398818,0.062137887,-0.029339302,0.14380167,0.2619716,-0.03349273,0.054033734,-0.09241964,-0.028916892,-0.061332107,-0.25718474,0.28739578,-0.30293286,0.0322072,-0.22109899,0.21478304,-0.4392411,-0.15699601,0.14034468,-0.10282457,-0.26766637,-0.11367737,0.18987602,-0.07341113,3.531889,-0.04607051,-0.04988242,-0.06215229,-0.09869364,-0.15686582,0.0038950234,-0.051500596,-0.17879902,0.14667273,0.06390667,0.026450025,0.11521612,-0.018838607,0.008917859,0.16540009,0.061077334,0.04461702,-0.08654794,0.062413976,0.0042953095,0.12639514,-0.0296432,0.007199811,0.076593444,0.010762779,0.019208591,-0.09647881,0.06686106,0.03328427,0.03855301,-0.061617248,0.00081912,0.05257812,-0.08317928,-0.017244421
34,0.11444932,0.08774276,-0.12258647,0.47701296,0.647886,-1.0859153,0.34810096,-0.25067002,-0.09230532,0.5559827,-0.017519975,-0.12508853,0.32793373,0.20692736,-0.0559275,0.15670775,-0.33585027,0.1908383,-0.14886723,0.023034194,-0.11801179,0.068782136,0.1006047,0.03934102,-0.026523482,-0.08552396,0.040379696,0.03621649,-0.18596338,0.102360055,-0.045434084,0.26400524,-0.07952872,-0.04607051,3.0118673,-0.115824506,-0.025487084,-0.18681416,-0.013604784,0.04352401,-0.072818585,0.04163883,-0.03059548,-0.042403262,0.13432404,-0.02012603,0.095151454,0.043067917,-0.02823349,0.022809248,-0.027167048,0.10127477,0.034487993,0.03151665,-0.037608467,0.036343813,0.09740618,0.05496195,0.000776452,-0.10358854,-0.08347745,0.1147635,-0.03714246,-0.028811997,-0.043799736,0.08953172,0.113279335,0.0545407,-0.066760525
35,-1.4763651,0.14258076,0.6675423,0.68897337,-0.43626377,-0.03563884,0.53906316,1.0260907,0.15608507,0.9219103,0.114721194,0.04107236,0.61092675,0.7527429,-0.25439337,-0.390355,0.16116807,0.054342583,-0.10940219,-0.5484865,0.07559923,-0.05667758,0.21051127,-0.550726,-0.053385936,0.25285015,-0.104201466,0.07268965,0.022032766,-0.22321391,-0.15724447,0.08776881,-0.017213613,-0.04988242,-0.115824506,2.512926,-0.14003254,-0.3273128,-0.24351159,-0.017409362,-0.03029927,0.066452384,-0.047157124,-0.20699203,-0.015247908,-0.042517573,0.003735858,-0.0770365,-0.2511154,-0.015343554,0.040437978,0.16202927,0.119068876,0.07892067,0.020397535,0.14701134,-0.09720653,0.029340658,0.0048271557,-0.07897319,0.031028101,-0.055370007,0.17527811,0.042097744,-0.13898893,0.0262011,0.056030817,0.026562285,-0.037960906
36,0.11876315,-0.7780596,0.4403481,-0.012277702,0.0058170483,0.015618794,-0.4235558,0.41750854,0.25416273,0.22606027,-0.1706737,-0.21772331,-0.083624944,0.008553268,0.3599589,0.21173838,0.30123946,-0.21396172,0.18676716,0.009105354,-0.123055235,0.10077694,0.22695428,0.041371115,-0.23264346,-0.06353205,-0.02280452,-0.25507966,0.06871927,-0.010193048,0.17695475,0.099457085,0.095580265,-0.06215229,-0.025487084,-0.14003254,2.802064,0.015363051,0.12582791,-0.14661509,0.12275255,-0.044864424,-0.073876284,-0.20134659,0.15604424,-0.14101277,0.19554254,0.14309947,-0.13329561,0.06720007,-0.12550537,0.09849955,0.06865425,-0.030164227,-0.010690926,-0.03707725,0.044713505,-0.07245758,0.0026868517,0.032291975,0.10529768,6.826129e-06,-0.05113841,-0.050380684,-0.0035031154,0.014110329,0.035475656,-0.05914442,-0.094775334
37,-1.7840514,1.5122088,-0.36376458,-0.45116627,-0.31241608,-0.9543284,0.19939648,0.050160766,0.790504,0.1465126,0.35602534,0.08262667,-0.08022338,0.10280629,-0.3091669,-0.28976214,0.3682537,0.020267222,-0.33083814,-0.0524534,-0.05355909,0.14114931,0.2519214,-0.15978847,-0.34916788,-0.014258911,0.13999908,0.039665703,-0.0153395925,0.013623029,-0.27942592,0.1281274,-0.08602765,-0.09869364,-0.18681416,-0.3273128,0.015363051,2.4919016,0.052318558,-0.027556641,-0.08668187,0.09123467,-0.05689136,-0.0070350477,-0.054577406,-0.025762863,0.17428967,-0.058948394,-0.100761384,0.018762914,-0.03363693,0.32603857,0.09022859,0.16696393,-0.18843403,0.012721088,0.15321305,0.061686143,-0.0153526645,-0.04366794,0.06450349,0.07961124,-0.05320131,-0.00026099896,-0.06891656,-0.012707716,0.0664728,0.059672408,0.100413635
38,0.042502053,0.37757945,-0.19502309,0.3158037,0.3901974,-0.21321401,0.7486983,0.15603545,-0.052487753,0.35376295,0.2262196,-0.1850619,1.1729305,0.27147353,0.1678498,-0.17467612,-0.2864889,0.31972936,-0.16525191,-0.61723757,0.139712,-0.2516734,-0.08141339,0.11735466,0.2186318,0.05221802,-0.22396766,0.11929409,0.011856332,-0.119393006,0.044490427,-0.35103863,0.15178496,-0.15686582,-0.013604784,-0.24351159,0.12582791,0.052318558,2.3811555,-0.042558268,-0.1337575,-0.14098883,0.044800736,-0.03805377,0.07625382,0.19326875,-0.06273368,-0.1405381,0.18116847,-0.15994582,0.046523854,0.060439587,-0.08617696,-0.017321907,-0.010122368,0.12143781,-0.11476728,0.03804283,-0.032340616,0.04116449,0.01089587,-0.0024117506,0.05158303,0.015438776,-0.011625692,-0.037234396,0.017789133,-0.000809731,0.002435858
39,0.054698437,-0.78430367,0.36504364,0.23706077,-0.12350738,0.53987414,-0.27045304,0.45346865,0.13545948,0.17354873,-0.29172724,-0.09755655,-0.0003496484,0.036510468,0.11790255,0.16592197,0.47964936,-0.13387705,0.06635337,-0.21911104,0.028177584,-0.11216685,0.18130438,-0.18951845,-0.24179554,-0.2999267,0.121052876,-0.06800133,0.009004756,-0.13805605,0.35857725,-0.23939352,0.3113644,0.0038950234,0.04352401,-0.017409362,-0.14661509,-0.027556641,-0.042558268,2.2867239,0.060110085,-0.024980158,0.022788186,-0.12277054,-0.13319379,-0.1022217,0.07745138,0.0729895,0.12590958,-0.19847333,-0.11059004,0.10814957,-0.046059594,0.018250447,0.068262294,0.027253438,0.04918702,0.05335246,0.017449394,0.05094307,0.07555641,0.068784334,0.012355102,-0.017246036,-0.064999714,-0.023938151,-0.010580365,-0.037250057,-0.004418524
40,-0.020402703,1.048969,-0.5341513,-0.22258571,-0.1599922,0.19253014,0.7617537,-0.4460183,0.16409661,-0.18742803,0.7710512,0.23768494,0.30128777,0.09950834,-0.4216329,-0.19488901,-0.18395524,0.120429575,-0.16445762,-0.21241778,0.060667954,-0.14292994,0.020590905,-0.10095073,0.14145833,-0.03518802,-0.17147127,0.09674491,-0.09252423,0.024460312,0.016565647,-0.04206655,-0.032991167,-0.051500596,-0.072818585,-0.03029927,0.12275255,-0.08668187,-0.1337575,0.060110085,2.3368955,-0.014718173,0.046737745,0.13593647,0.104553856,0.07450563,0.033641152,-0.0027659412,0.059892915,0.03377292,-0.078713015,-0.03873208,0.015098929,0.065934986,-0.07160148,-0.041556366,0.085231766,0.071708396,-0.089324445,-0.006802059,-0.0059174527,0.023890954,0.012588935,-0.028912086,-0.03426828,-0.019793272,0.037051316,0.056762934,-0.016163688
41,-0.75186753,0.06965015,0.042318955,0.072528504,0.008274343,0.09403233,-0.4289283,0.7835399,0.18904386,0.023790456,0.34115115,-0.10921161,0.34611678,-0.058281124,0.38052493,-0.07950618,0.15161237,-0.09195341,0.009449466,-0.3532074,0.25055802,-0.16853908,-0.013681751,0.08076271,0.0943702,-0.3841744,-0.19667335,-0.022512417,0.02120053,-0.16795923,-0.105907485,0.024868201,0.051553063,-0.17879902,0.04163883,0.066452384,-0.044864424,0.09123467,-0.14098883,-0.024980158,-0.014718173,2.0531676,0.060114488,0.06585069,0.14412233,0.10689324,0.045691006,-0.0121140815,0.15477832,0.0755129,0.000114163384,-0.21101478,0.04747489,-0.0011229179,0.0077492404,-0.1223394,0.010352995,-0.04437071,0.00763038,0.13286601,-0.05577828,0.020890767,-0.10605324,0.032222927,0.010632214,-0.015060926,0.01482911,-0.083403595,-0.029633729
42,0.8435519,-0.28331715,0.09926397,-0.15403578,-0.09832367,0.32318836,0.06540224,0.18585578,0.14890322,0.08550989,-0.112691805,-0.1586163,0.26104602,-0.109636754,0.3157216,-0.4771843,0.10463012,0.14616545,0.05630479,-0.042636752,-0.24208584,0.020408995,0.08646955,0.17108369,-0.0073288213,0.040160663,-0.15791976,-0.1223189,0.111014366,0.0025894172,0.040375173,-0.10145514,-0.04356458,0.14667273,-0.03059548,-0.047157124,-0.073876284,-0.05689136,0.044800736,0.022788186,0.046737745,0.060114488,2.0473053,-0.17751747,0.15807217,-0.071218714,0.087030455,-0.020228399,-0.21378171,0.03265819,-0.023604095,0.07117687,-0.02987383,-0.013016723,-0.07969408,0.08300066,0.015156151,-0.05692146,-0.028948296,-0.07940458,0.04807964,-0.004091479,-0.0641918,-0.06975596,0.100053795,0.048949353,-0.0045815716,0.066268265,0.009616245
43,0.11788082,-0.86068726,0.7534995,-0.26154163,0.21247482,-0.18554515,-0.0516989,0.04251262,-0.24325252,0.26771033,-0.2806975,0.050146334,0.5571302,-0.041035097,0.45710495,0.39944333,0.26868054,-0.20853391,0.07304336,-0.5047585,0.24528676,-0.059724726,0.16641633,-0.019906668,-0.08462049,0.27338332,-0.006000073,-0.1752294,0.08089134,-0.19048874,0.27566922,-0.07052982,0.11108991,0.06390667,-0.042403262,-0.20699203,-0.20134659,-0.0070350477,-0.03805377,-0.12277054,0.13593647,0.06585069,-0.17751747,1.7709198,0.06532508,-0.11723373,0.032714207,0.11824833,-0.17679659,0.0008985583,0.1009891,0.07320693,0.013013828,-0.10125795,0.01897903,0.114998505,-0.10303669,0.08288433,-0.049612034,-0.16006234,-0.011100566,0.060752947,0.09337068,-0.0007769619,0.10395672,0.076294705,0.024549492,0.06228193,-0.028292626
44,-1.2454461,-0.025368322,0.405949,-0.30153668,-0.6226808,0.032910887,-0.23976272,-0.25401196,-0.033098035,-0.12097174,-0.31383833,0.27367932,-0.5900066,0.14696288,-0.54469395,0.03897716,0.39569992,-0.04660379,-0.082158655,0.16850469,0.029906657,0.04114641,-0.08173868,-0.24369518,-0.2299915,0.14437625,0.37367547,0.16649903,-0.15607044,0.09177664,-0.096152484,-0.15342394,0.15655112,0.026450025,0.13432404,-0.015247908,0.15604424,-0.054577406,0.07625382,-0.13319379,0.104553856,0.14412233,0.15807217,0.06532508,1.5354398,-0.15399836,-0.14012203,-0.064182915,0.11148994,-0.24989566,0.1624738,0.024125768,-0.06639807,0.073750466,-0.045186408,0.043965295,-0.07728833,0.00027371215,0.10470365,0.022999965,0.07838857,0.049536332,0.039496996,0.03502936,0.024871755,-0.02392784,-0.04641258,0.0044544702,0.10712078
45,0.42347392,-0.22403726,0.17500398,-0.14612612,-0.4433089,0.34500283,-0.017960085,-0.05802147,0.17022972,0.09542918,-0.05062384,0.1560806,-0.11528686,0.25069982,-0.27800995,-0.011711087,0.12266694,-0.19173333,0.09247984,0.101566374,-0.1648466,0.054787774,0.16164458,-0.28036934,-0.0915597,-0.015797405,0.06970607,-0.018788809,-0.18467864,0.03269338,0.16598114,-0.037394598,0.05315261,0.11521612,-0.02012603,-0.042517573,-0.14101277,-0.025762863,0.19326875,-0.1022217,0.07450563,0.10689324,-0.071218714,-0.11723373,-0.15399836,1.787421,0.01952163,0.14915991,-0.08431238,-0.04406845,-0.015894707,-0.022532176,0.06582677,-0.010816792,-0.016270798,0.034261353,0.021368856,-0.03440898,0.04438559,-0.06477423,0.0776933,0.0339714,0.017938357,-0.08326047,0.018933382,0.08574548,0.010271828,-0.03104515,-0.07012649
46,0.32010424,0.38773936,-0.2520283,-0.46536994,-0.05159027,-0.12974334,0.15189666,-0.5025507,-0.10822053,-0.18654144,-0.047287956,0.10880116,0.06522644,0.01857011,-0.09754879,0.13739705,-0.20398082,-0.0041276915,0.016084038,0.046327174,0.05455388,0.13071755,-0.21474665,0.036379226,0.075480916,0.31513876,0.1135896,0.087326296,0.012835484,0.05597728,0.015073333,-0.14483586,0.0016264995,-0.018838607,0.095151454,0.003735858,0.19554254,0.17428967,-0.06273368,0.07745138,0.033641152,0.045691006,0.087030455,0.032714207,-0.14012203,0.01952163,1.7926673,-0.05259934,0.028148824,-0.07489434,0.09933938,-0.07642704,-0.013485214,-0.05763209,0.03213475,0.028983654,-0.12369867,-0.030368851,0.030048992,0.0052954843,-0.033033267,-0.09091532,0.075743616,0.04503219,0.0010738531,-0.01762012,-0.055956528,0.0029730042,0.009792995
47,-0.28051168,0.19282119,0.12519535,0.1873793,-0.238888,0.020802593,0.13018522,0.18512541,-0.011957433,0.089080244,0.0055364748,-0.119759515,0.07659723,-0.09456787,0.1339171,-0.41601273,0.11787391,0.29839653,-0.081821576,-0.11913028,-0.056067444,0.032361433,-0.13858446,0.10366978,-0.082760744,0.20048508,0.0067168903,0.041580565,0.13422264,0.053959195,-0.30598027,-0.040959448,0.025616162,0.008917859,0.043067917,-0.0770365,0.14309947,-0.058948394,-0.1405381,0.0729895,-0.0027659412,-0.0121140815,-0.020228399,0.11824833,-0.064182915,0.14915991,-0.05259934,1.7201469,-0.02926322,-0.09183481,0.059670445,0.0057656793,-0.08951812,0.08205205,-0.04789947,0.04294142,-0.081927,-0.045412987,0.034716703,0.052750133,0.018680802,-0.058948398,-0.048967436,0.052774966,-0.0028581568,-0.043660134,-0.03446088,0.060296804,0.070198566
48,0.19957885,-0.41044736,0.6379137,0.09809775,-0.47724634,0.317453,0.04358661,0.26889947,-0.00029022316,0.2235526,-0.13859129,-0.058973204,-0.1774815,0.091080606,0.13437955,-0.30146348,0.1625677,0.02392691,0.17956617,-0.04450249,-0.19616756,0.12213353,0.07139918,-0.11445625,-0.14072798,0.431427,-0.09211618,-0.13336179,0.17784448,0.021814656,-0.16374275,0.29729238,-0.14774105,0.16540009,-0.02823349,-0.2511154,-0.13329561,-0.100761384,0.18116847,0.12590958,0.059892915,0.15477832,-0.21378171,-0.17679659,0.11148994,-0.08431238,0.028148824,-0.02926322,1.4365923,0.08799646,0.039838437,0.01807748,0.09644452,-0.002887448,0.018288907,0.07103045,-0.045021582,-0.06908043,0.009759248,-0.05345853,-0.0042583672,-0.10394853,0.043425456,0.037400328,0.047330588,0.05672526,-0.017576529,0.07243595,-0.011682931
49,0.6280745,0.27137953,-0.26586795,0.039552532,-0.08358911,-0.22355632,0.13657439,-0.09692162,0.43477648,0.030310016,-0.32698357,-0.3612814,0.011824513,0.054974183,0.13975847,0.020160506,0.071107596,0.23347472,0.11475487,-0.14674132,-0.2332251,-0.07440543,0.01312659,-0.024349337,-0.19098803,0.07247266,0.110614434,0.066477,-0.06128334,0.044187214,0.13046275,-0.23339187,0.22643325,0.061077334,0.022809248,-0.015343554,0.06720007,0.018762914,-0.15994582,-0.19847333,0.03377292,0.0755129,0.03265819,0.0008985583,-0.24989566,-0.04406845,-0.07489434,-0.09183481,0.08799646,1.4354888,0.05653643,0.12751627,-0.102600634,0.0074187256,0.05971703,0.16898659,-0.07567707,-0.01628611,0.09728805,0.061614256,0.051674128,0.019926652,0.02855016,0.003910514,0.034974802,0.019300237,-0.03776117,-0.0014513312,0.024952678
