,0,1,2,3,4,5,6,7,8,9,10,11,12,13,14,15,16,17,18,19,20,21,22,23,24,25,26,27,28,29,30,31,32,33,34,35,36,37,38,39,40,41,42,43,44,45,46,47,48,49
0,393.28506,17.315926,0.033520296,-17.972775,-6.0255547,13.993727,-52.516438,6.3530416,-24.757435,8.970364,-1.7109473,26.708454,-19.817232,-2.34099,5.949223,-16.478607,-6.307741,-27.752338,-12.108096,-6.795584,7.5087233,5.749408,11.0748005,8.511818,-5.0879536,-2.050242,1.6553593,7.01093,-2.890811,8.84913,10.321615,2.6341715,1.7241483,-9.245913,1.4472622,-2.4176655,-0.000118554824,-1.5324347,-1.1426091,3.3707647,-2.6943574,-6.490774,-0.39061022,-1.214148,1.6165373,3.026154,-4.0751696,3.1870697,-0.83843416,-2.80728
1,17.315926,88.394646,38.45746,1.5927134,10.659769,2.5502877,18.619144,3.2835872,8.908924,5.7012415,-14.698433,-2.336768,-5.4439106,-13.690405,-2.997717,1.1551046,-9.762474,-3.4175415,5.830657,-5.1452336,1.2570833,7.275229,-4.053593,8.575448,-1.8513224,2.5558243,4.6105423,6.690735,-4.355604,6.932558,-5.759436,1.3566495,-2.4008803,-2.827044,3.7839427,0.17340194,-0.42461222,2.5229402,-0.88539314,2.1437585,2.2826138,-1.9742727,1.2991439,1.3567743,-0.82487273,-3.3662643,-0.66268086,0.6538304,-0.101239204,0.44414976
2,0.033520296,38.45746,54.07925,-1.8654549,17.212936,-22.983501,-2.364235,-9.3801775,15.567841,13.669105,-3.7426395,-7.2654667,-14.174612,1.8273616,-3.1143277,2.2908309,-5.9641366,-5.739037,3.1525626,-1.7436895,-4.864696,5.0975237,-1.6017425,-0.037890464,-3.7433863,3.1649036,0.8207433,1.8121315,3.853771,3.6691773,-0.9250499,-0.8877367,-0.9806894,1.5897236,-1.3025867,-1.3476164,-0.74376667,-1.4144629,0.69534904,-0.2043351,0.24254142,1.2828892,0.42226058,-0.18070447,1.2628286,-1.9920769,-0.8514029,-1.560041,0.41442484,-0.527928
3,-17.972775,1.5927134,-1.8654549,43.60498,3.7676344,0.12343491,11.27072,4.569641,-0.8543146,-10.100321,-2.7269506,-11.462612,-6.3500147,-6.2405605,3.1593926,1.9023886,-1.192744,-1.685312,-14.109559,-1.9016681,2.5097709,-2.470024,-2.5021288,0.17955591,1.5645957,1.9681797,-4.5638924,-1.3142024,0.9019939,0.7029829,0.7607348,1.1646799,0.020148266,-4.25,1.6347076,-5.351731,3.821804,-2.3895478,2.5557308,0.493984,0.711017,4.3889747,0.4927956,0.683562,1.0078754,1.745192,0.88583827,1.0851352,2.085976,0.5116823
4,-6.0255547,10.659769,17.212936,3.7676344,53.96097,-1.5050986,2.7864046,-9.897011,5.1049314,-6.3585176,5.781871,-2.8203344,1.5388142,3.801952,8.417822,-3.8756354,1.0850545,-1.0973766,-4.067131,-5.9914465,6.9271817,-4.658292,-8.237257,2.807115,-5.168195,7.421358,7.3884773,-3.5720627,5.5836954,2.770837,-0.37701818,-1.9295204,-0.60544145,-0.54412824,-3.9393015,0.64799076,-5.2935905,-1.6367598,0.59414923,0.32395545,-1.0261705,-2.3220427,0.72653127,0.35879394,1.1091475,-0.36991522,-0.6857891,-0.21640418,1.7005954,-0.7791735
5,13.993727,2.5502877,-22.983501,0.12343491,-1.5050986,53.28325,17.143528,2.153102,-0.98851705,-3.9621296,9.030209,11.833751,-0.5539846,-11.939384,0.31325507,0.38703054,3.9582567,-9.572908,3.0627744,-3.1610723,-0.089016125,-7.6233654,2.3374233,0.8350385,-1.1866865,-1.7802224,0.4134881,-0.35683796,-1.4287512,-1.4890497,-3.7037313,-0.9010323,-0.26554137,-2.2792678,1.0996045,0.29385644,-1.4384228,-0.76241493,1.5766819,2.4965076,-1.9635346,-0.7594383,1.0209954,-1.1421299,-2.1385794,-1.1618228,1.4919782,-0.70999193,0.96867484,-0.3565479
6,-52.516438,18.619144,-2.364235,11.27072,2.7864046,17.143528,47.983482,-1.3606595,10.968878,0.04566008,-3.1625943,2.5582397,-3.504228,-7.3866568,-1.6791806,-4.2531457,-2.9811978,1.3391372,-1.2631149,0.23276636,4.4858675,-3.344804,3.3085792,-5.393631,1.9907663,-0.2884538,1.100266,-1.2889192,-0.123334646,1.3382552,0.67891634,0.352824,1.080517,2.527223,1.1482923,2.3854265,1.9116077,1.9282998,0.06388421,-0.031806923,0.13087852,-1.4230939,0.18364206,0.09717071,0.5565982,0.99807835,-0.7879265,1.3626857,0.28221142,-0.8302803
7,6.3530416,3.2835872,-9.3801775,4.569641,-9.897011,2.153102,-1.3606595,31.091784,-5.0405626,-9.3893585,-0.92599267,-2.8237228,4.734869,-6.7784495,-0.5361315,-2.0308495,-1.9376158,-0.48116416,-0.34185463,-6.266465,-0.76877797,5.14797,0.8528857,1.0474067,3.8333921,0.69085485,1.1044254,0.5326642,0.8850716,0.55156004,1.8452848,-0.9147494,-2.0265467,2.5929508,-0.039046787,-0.13433173,4.2273216,-3.1044807,-2.1078088,-0.8952303,3.0398686,-1.4701664,-0.40993482,-1.2686,-0.08659908,-2.36936,-1.048717,-0.28825355,0.8998841,1.112187
8,-24.757435,8.908924,15.567841,-0.8543146,5.1049314,-0.98851705,10.968878,-5.0405626,22.423582,8.958021,-6.2950974,8.762029,2.6648684,0.17181963,6.0197554,-1.640018,0.36197984,-3.4460201,-0.12775569,-2.0175061,-5.6793013,0.37952155,-3.0922976,-2.776148,0.510671,1.8410358,-2.868242,0.29304242,1.789217,-1.1831224,0.61755407,-1.960408,0.87313,2.3065014,0.61941314,-2.2181864,0.07054998,-0.70019877,0.4722926,-0.71133226,0.042508624,1.0285888,-1.408982,-0.869357,-0.20478737,-0.15853958,-0.97085893,-0.73972046,-0.48248854,-0.6253577
9,8.970364,5.7012415,13.669105,-10.100321,-6.3585176,-3.9621296,0.04566008,-9.3893585,8.958021,19.129114,1.1951599,1.9015517,-0.09618835,1.532995,-0.81706345,2.0037198,-1.3117765,-5.4567084,-1.6318772,5.9918623,-2.310575,2.1632223,0.758603,-3.0473866,-1.4168175,-1.4043199,-1.1018882,-0.17320272,-2.001318,1.4700978,-1.5737731,1.50004,0.47824544,2.267503,0.6292604,-0.9061409,1.6917557,0.24909097,-0.46473497,-1.4726412,-2.0939074,-1.6522076,-1.6763568,-1.3098001,-1.4155338,-0.7740102,0.5726278,-0.63396513,-0.88450277,-1.3435494
10,-1.7109473,-14.698433,-3.7426395,-2.7269506,5.781871,9.030209,-3.1625943,-0.92599267,-6.2950974,1.1951599,18.727545,-2.1220162,-2.3323946,-0.4559163,-3.0585284,3.6002293,-2.017234,-5.7468033,-1.1012745,2.3168483,2.9665895,1.4564031,-1.9615948,-4.426013,-2.5370414,-3.4051416,2.8207617,-3.608172,3.6059747,-1.1461235,-1.7768097,-1.2992787,-3.0161486,1.2711395,-1.7868958,0.9530393,-0.40634555,-1.7581912,0.075050384,-0.39758372,-1.1866674,-0.66101784,1.021004,-0.56898236,-1.3394666,0.5257951,0.39807567,-0.38570845,0.38452417,0.38678518
11,26.708454,-2.336768,-7.2654667,-11.462612,-2.8203344,11.833751,2.5582397,-2.8237228,8.762029,1.9015517,-2.1220162,22.468393,1.716353,-1.122138,5.422386,-1.0178363,-1.3721967,-0.64694434,3.944104,-1.2622039,-0.8941083,-0.7997532,-3.9290342,0.4666561,0.8648786,-3.3327243,-3.7287958,0.80209875,2.6441743,-1.1075929,2.022336,-1.492681,0.28877634,-0.6009691,0.85995424,1.4516039,-1.5293541,-0.44454342,-1.7625504,0.26561013,0.8067325,-0.19843614,-1.5829103,0.48716015,0.49590853,0.7935179,-0.16962206,-0.05866906,-1.2188375,-0.59551966
12,-19.817232,-5.4439106,-14.174612,-6.3500147,1.5388142,-0.5539846,-3.504228,4.734869,2.6648684,-0.09618835,-2.3323946,1.716353,25.370232,1.2491736,6.229761,-2.5430965,2.594444,-2.3753214,0.13738416,1.6994333,0.27886015,1.5773536,-7.062261,1.1030759,2.0279863,0.042882584,4.232156,-1.234855,-5.160793,-0.19217634,-1.8317382,1.2321457,1.5937189,1.0160918,0.51910746,-0.4658273,0.34592912,1.5237985,-1.3639815,-1.5459907,-0.079868935,0.20141254,-0.059526432,-0.42719316,-0.55276537,0.122439936,-0.83019155,0.55520725,0.2652213,0.6029352
13,-2.34099,-13.690405,1.8273616,-6.2405605,3.801952,-11.939384,-7.3866568,-6.7784495,0.17181963,1.532995,-0.4559163,-1.122138,1.2491736,11.543828,4.0911627,-2.92703,2.580012,1.7553995,2.3262672,-1.5934004,-0.8375362,0.5237335,3.6091516,-1.1721396,0.7977635,0.3036795,1.0646784,-3.263439,0.8702451,1.3760322,-0.6388198,0.16365856,1.2746524,2.0201902,-0.28395724,0.38385823,-0.64392316,-0.3720867,0.89426875,-0.01558554,0.33308178,0.48203725,0.47868803,0.9764689,0.5078651,1.3502069,1.0841885,0.63626575,-0.8774776,-0.95287526
14,5.949223,-2.997717,-3.1143277,3.1593926,8.417822,0.31325507,-1.6791806,-0.5361315,6.0197554,-0.81706345,-3.0585284,5.422386,6.229761,4.0911627,21.803972,6.7311134,-2.0544822,0.6926191,-3.5695415,-5.260045,2.5932465,-0.061340522,3.008626,1.7274908,-0.7577254,-1.2532399,-0.28817856,-3.9007573,-0.15055192,0.9378039,-0.56190705,-1.3019542,-0.28975582,0.18003848,1.4461954,-1.3500284,0.9543397,0.6919892,1.351752,0.13760845,-0.23346597,0.18104658,-0.52850187,1.0786531,0.5199034,-0.37345618,-1.2996898,-0.33321345,-0.5301643,-0.29385698
15,-16.478607,1.1551046,2.2908309,1.9023886,-3.8756354,0.38703054,-4.2531457,-2.0308495,-1.640018,2.0037198,3.6002293,-1.0178363,-2.5430965,-2.92703,6.7311134,16.791426,-5.712816,3.1229696,-0.8027965,3.466624,0.9418644,-0.9600613,0.12038763,1.6661899,-2.7227628,-4.568844,-0.29968828,-0.24368262,-0.8236298,-1.3452003,-0.26875442,-0.90735924,-2.8006222,-0.5518399,0.83900434,-0.5174087,0.53521085,0.44181055,-0.18605295,0.21653235,-0.9625735,1.3369274,-0.21049061,1.1414042,0.16526446,-2.5085053,0.7750757,-1.0534174,-0.079171166,0.067231275
16,-6.307741,-9.762474,-5.9641366,-1.192744,1.0850545,3.9582567,-2.9811978,-1.9376158,0.36197984,-1.3117765,-2.017234,-1.3721967,2.594444,2.580012,-2.0544822,-5.712816,8.601731,0.051930085,0.73478985,-1.7753515,-3.6453485,-3.5846004,0.9541087,0.40832835,-0.41382468,4.5313053,-1.4805303,-0.40237755,-0.6135597,-2.2856197,-1.9203601,1.486615,0.66760445,-0.9633405,-1.3306701,-0.9971446,-0.04322224,0.09830402,1.2211509,0.12348752,-0.33198673,-1.0166864,-0.2551139,-0.44578773,-0.4994013,-0.010871306,0.67253006,0.20126987,-0.46568,-0.48518628
17,-27.752338,-3.4175415,-5.739037,-1.685312,-1.0973766,-9.572908,1.3391372,-0.48116416,-3.4460201,-5.4567084,-5.7468033,-0.64694434,-2.3753214,1.7553995,0.6926191,3.1229696,0.051930085,16.318113,1.3336957,-0.6139679,3.1684508,-0.33756173,0.9650804,2.3413157,0.381324,0.42881817,-2.8534942,1.6102917,0.5819171,-1.629694,1.5968057,-1.5187056,-0.280895,0.25700897,0.6180687,1.2346389,-1.8509903,1.1947079,-0.976151,-0.18166608,-0.023238152,-2.594437,-1.2232332,0.6679839,-0.71508116,-0.36350608,0.95105654,0.66515845,0.08175492,-0.13036846
18,-12.108096,5.830657,3.1525626,-14.109559,-4.067131,3.0627744,-1.2631149,-0.34185463,-0.12775569,-1.6318772,-1.1012745,3.944104,0.13738416,2.3262672,-3.5695415,-0.8027965,0.73478985,1.3336957,18.36148,-5.2163124,-2.3750432,1.0626462,0.40002704,1.8923347,0.2821549,-2.823647,0.036163345,0.12556472,0.06708956,-0.22885628,-1.0930202,1.4988897,-1.5812273,1.0922372,-0.92624116,2.682366,-0.49319077,0.08117111,1.3151876,-0.87171024,-1.1528404,1.4654181,0.8792072,0.8701081,1.0462112,-0.5366171,0.25205296,0.38258076,1.2194375,0.092598364
19,-6.795584,-5.1452336,-1.7436895,-1.9016681,-5.9914465,-3.1610723,0.23276636,-6.266465,-2.0175061,5.9918623,2.3168483,-1.2622039,1.6994333,-1.5934004,-5.260045,3.466624,-1.7753515,-0.6139679,-5.2163124,10.499352,0.8018621,-2.180112,-2.2053676,-1.311954,-0.29743114,-1.7582228,0.6815264,0.98642766,-2.0596886,0.2744522,0.74835503,1.0104132,1.8364692,-0.43737704,-0.25917122,1.0019253,-0.17323054,1.4241998,-2.3832226,-0.07243581,0.033172414,0.47060448,-0.36443195,-0.33960366,0.30320024,0.014718036,0.39516032,-0.8301768,-0.6420408,-0.3790868
20,7.5087233,1.2570833,-4.864696,2.5097709,6.9271817,-0.089016125,4.4858675,-0.76877797,-5.6793013,-2.310575,2.9665895,-0.8941083,0.27886015,-0.8375362,2.5932465,0.9418644,-3.6453485,3.1684508,-2.3750432,0.8018621,8.399194,0.5695641,-0.7640494,1.1907732,-0.49671808,-1.589962,0.16864242,-1.360915,0.3263557,3.2182617,0.3018086,0.47104028,-0.2493251,-0.22325788,-0.0711431,2.0904613,-0.12817696,1.0083845,-0.6977267,-0.75270075,-1.285057,-1.8192383,-0.1592485,-7.2162475e-05,-0.18377906,1.5076382,-0.5194189,0.20509487,1.0577031,0.25588822
21,5.749408,7.275229,5.0975237,-2.470024,-4.658292,-7.6233654,-3.344804,5.14797,0.37952155,2.1632223,1.4564031,-0.7997532,1.5773536,0.5237335,-0.061340522,-0.9600613,-3.5846004,-0.33756173,1.0626462,-2.180112,0.5695641,10.187887,-0.7190342,-2.6433768,0.44525266,-2.7628186,-0.6195196,-0.6010702,1.3505813,-0.2518394,-3.0247638,-1.6074498,0.6343483,0.44115078,1.7332098,-0.85334796,0.12754527,-0.19511169,-0.50941527,-0.7728416,0.98957103,-1.3791524,0.49400395,-0.25324643,-0.7777251,0.41227913,-0.48275077,1.1176329,0.3375398,1.4967554
22,11.0748005,-4.053593,-1.6017425,-2.5021288,-8.237257,2.3374233,3.3085792,0.8528857,-3.0922976,0.758603,-1.9615948,-3.9290342,-7.062261,3.6091516,3.008626,0.12038763,0.9541087,0.9650804,0.40002704,-2.2053676,-0.7640494,-0.7190342,13.572907,-1.9327058,0.23626481,-0.037903853,0.7318976,-1.1847781,-1.3937414,0.9365304,-0.055781752,-0.5525657,2.0781245,1.706216,0.83586884,0.56274354,0.70281756,1.1399376,1.8033681,0.94603395,-0.46692953,-0.996995,0.6282321,-0.13133702,0.5154686,-0.74205196,-0.3726635,-0.32524866,-0.6537869,-0.09347519
23,8.511818,8.575448,-0.037890464,0.17955591,2.807115,0.8350385,-5.393631,1.0474067,-2.776148,-3.0473866,-4.426013,0.4666561,1.1030759,-1.1721396,1.7274908,1.6661899,0.40832835,2.3413157,1.8923347,-1.311954,1.1907732,-2.6433768,-1.9327058,6.4590178,0.20988771,1.5889392,-0.9312261,1.5546683,-1.4941814,2.9217288,-0.2645862,1.219598,-1.359942,-1.2773442,0.1276055,0.67480713,-0.29958677,0.14695767,-0.3274572,0.6102004,0.033647534,0.43242407,-0.2618877,0.52080166,-0.42346957,-0.12959817,0.8790927,-0.79928935,0.068955496,-0.30597514
24,-5.0879536,-1.8513224,-3.7433863,1.5645957,-5.168195,-1.1866865,1.9907663,3.8333921,0.510671,-1.4168175,-2.5370414,0.8648786,2.0279863,0.7977635,-0.7577254,-2.7227628,-0.41382468,0.381324,0.2821549,-0.29743114,-0.49671808,0.44525266,0.23626481,0.20988771,3.2681246,-0.41482013,-0.15960415,0.37189886,-0.5633379,1.9102943,1.2603744,-0.3664002,0.8663967,1.4783009,1.1410413,0.20457998,0.36211187,-0.87106144,-0.42824113,0.14308348,1.0041533,1.3592067,-0.013728339,-0.13623938,-0.38249564,0.9534149,0.5886514,-0.08313841,0.0028859,-0.068724744
25,-2.050242,2.5558243,3.1649036,1.9681797,7.421358,-1.7802224,-0.2884538,0.69085485,1.8410358,-1.4043199,-3.4051416,-3.3327243,0.042882584,0.3036795,-1.2532399,-4.568844,4.5313053,0.42881817,-2.823647,-1.7582228,-1.589962,-2.7628186,-0.037903853,1.5889392,-0.41482013,6.103809,0.27781653,1.1266396,-0.12984161,0.29954866,-0.0027682043,0.4400081,-0.6387209,0.0073828837,-0.9951053,-0.6374169,-0.3066473,0.00965252,0.7289623,0.15106651,-0.040000588,-1.2504425,-0.62003934,-0.44487625,-0.56289077,-0.1299694,-0.108646706,-0.504356,-0.9057659,0.31421554
26,1.6553593,4.6105423,0.8207433,-4.5638924,7.3884773,0.4134881,1.100266,1.1044254,-2.868242,-1.1018882,2.8207617,-3.7287958,4.232156,1.0646784,-0.28817856,-0.29968828,-1.4805303,-2.8534942,0.036163345,0.6815264,0.16864242,-0.6195196,0.7318976,-0.9312261,-0.15960415,0.27781653,9.480149,0.10920465,-2.512147,0.051569466,1.5908921,-0.872629,-0.5355577,1.9153762,0.044472337,0.3304271,-1.4776843,0.1399276,-0.015159689,0.9119823,0.31612998,0.27707168,1.4519188,0.65275556,0.22630675,-1.3957634,-0.30870908,0.8634182,-0.46372956,-0.3413651
27,7.01093,6.690735,1.8121315,-1.3142024,-3.5720627,-0.35683796,-1.2889192,0.5326642,0.29304242,-0.17320272,-3.608172,0.80209875,-1.234855,-3.263439,-3.9007573,-0.24368262,-0.40237755,1.6102917,0.12556472,0.98642766,-1.360915,-0.6010702,-1.1847781,1.5546683,0.37189886,1.1266396,0.10920465,4.0468664,-1.6373583,-0.7243087,2.3112497,-0.9616303,-0.39209175,-0.3135609,0.79853606,-0.4685431,-1.4746557,0.5342944,-0.056320358,0.393622,-0.53954065,0.3239594,-0.39045382,-0.39767498,-0.79049003,-0.22786537,-0.30367488,-0.22767933,-0.1640257,0.6073942
28,-2.890811,-4.355604,3.853771,0.9019939,5.5836954,-1.4287512,-0.123334646,0.8850716,1.789217,-2.001318,3.6059747,2.6441743,-5.160793,0.8702451,-0.15055192,-0.8236298,-0.6135597,0.5819171,0.06708956,-2.0596886,0.3263557,1.3505813,-1.3937414,-1.4941814,-0.5633379,-0.12984161,-2.512147,-1.6373583,5.274361,-0.5955261,-0.31433207,-1.3126621,-0.33230764,-0.08444377,-1.3605297,0.70699966,-0.2898677,-1.5253578,-0.6814109,-0.07199478,1.3546157,-0.5194098,-0.106553435,-0.035166204,0.6149388,0.43572897,-0.15350486,-0.40639555,0.12429483,0.0056182784
29,8.84913,6.932558,3.6691773,0.7029829,2.770837,-1.4890497,1.3382552,0.55156004,-1.1831224,1.4700978,-1.1461235,-1.1075929,-0.19217634,1.3760322,0.9378039,-1.3452003,-2.2856197,-1.629694,-0.22885628,0.2744522,3.2182617,-0.2518394,0.9365304,2.9217288,1.9102943,0.29954866,0.051569466,-0.7243087,-0.5955261,7.304558,-0.5572369,1.092121,0.823841,1.5351262,0.7914729,1.698553,0.42177635,-0.8252599,-0.45950952,-0.21371773,-0.29376638,0.54824746,-0.15743122,-0.12824568,-0.08748735,1.2640333,1.350909,-1.1799415,0.21007049,0.22631107
30,10.321615,-5.759436,-0.9250499,0.7607348,-0.37701818,-3.7037313,0.67891634,1.8452848,0.61755407,-1.5737731,-1.7768097,2.022336,-1.8317382,-0.6388198,-0.56190705,-0.26875442,-1.9203601,1.5968057,-1.0930202,0.74835503,0.3018086,-3.0247638,-0.055781752,-0.2645862,1.2603744,-0.0027682043,1.5908921,2.3112497,-0.31433207,-0.5572369,7.1863256,-1.081579,-0.90715665,1.8564441,-0.48472822,0.07012102,-0.22982359,-0.6909786,-0.12491585,-0.337045,-0.9476987,1.2822266,-0.7354014,-0.35561925,0.49747884,0.15036249,-1.1672686,-0.011929402,0.4664362,-0.7035299
31,2.6341715,1.3566495,-0.8877367,1.1646799,-1.9295204,-0.9010323,0.352824,-0.9147494,-1.960408,1.50004,-1.2992787,-1.492681,1.2321457,0.16365856,-1.3019542,-0.90735924,1.486615,-1.5187056,1.4988897,1.0104132,0.47104028,-1.6074498,-0.5525657,1.219598,-0.3664002,0.4400081,-0.872629,-0.9616303,-1.3126621,1.092121,-1.081579,3.873957,-0.70764416,-1.1034131,-1.0696476,0.6934575,2.5652986,0.5278144,0.18158272,-0.9521849,-0.39740747,-0.052482106,-0.4615926,0.4668656,1.043071,-0.08379735,0.08472104,0.22190729,-0.109787114,-0.4449787
32,1.7241483,-2.4008803,-0.9806894,0.020148266,-0.60544145,-0.26554137,1.080517,-2.0265467,0.87313,0.47824544,-3.0161486,0.28877634,1.5937189,1.2746524,-0.28975582,-2.8006222,0.66760445,-0.280895,-1.5812273,1.8364692,-0.2493251,0.6343483,2.0781245,-1.359942,0.8663967,-0.6387209,-0.5355577,-0.39209175,-0.33230764,0.823841,-0.90715665,-0.70764416,6.736172,-1.0839365,0.7081729,-0.088502094,-1.7878177,0.06780572,-0.9327682,0.12651882,0.39387482,0.041043006,0.2150041,-0.8428689,1.7665436,-0.6113887,0.29168797,-0.28859535,1.3852654,0.3278471
33,-9.245913,-2.827044,1.5897236,-4.25,-0.54412824,-2.2792678,2.527223,2.5929508,2.3065014,2.267503,1.2711395,-0.6009691,1.0160918,2.0201902,0.18003848,-0.5518399,-0.9633405,0.25700897,1.0922372,-0.43737704,-0.22325788,0.44115078,1.706216,-1.2773442,1.4783009,0.0073828837,1.9153762,-0.3135609,-0.08444377,1.5351262,1.8564441,-1.1034131,-1.0839365,3.9692361,0.18057135,0.514541,0.30755463,-0.9668709,-0.022976851,-0.5401132,-0.5725078,-0.1260367,-0.23375136,-0.5213796,-1.0101647,0.2423309,0.34755272,-0.2594751,-0.16789988,-0.3438681
34,1.4472622,3.7839427,-1.3025867,1.6347076,-3.9393015,1.0996045,1.1482923,-0.039046787,0.61941314,0.6292604,-1.7868958,0.85995424,0.51910746,-0.28395724,1.4461954,0.83900434,-1.3306701,0.6180687,-0.92624116,-0.25917122,-0.0711431,1.7332098,0.83586884,0.1276055,1.1410413,-0.9951053,0.044472337,0.79853606,-1.3605297,0.7914729,-0.48472822,-1.0696476,0.7081729,0.18057135,2.3045492,-0.99547356,-0.71286476,-0.10707065,0.41236985,0.43981853,-0.12128776,0.43160754,0.039349973,0.2003349,-0.8467792,0.26207566,0.93573725,0.39938128,-0.21902451,0.59147877
35,-2.4176655,0.17340194,-1.3476164,-5.351731,0.64799076,0.29385644,2.3854265,-0.13433173,-2.2181864,-0.9061409,0.9530393,1.4516039,-0.4658273,0.38385823,-1.3500284,-0.5174087,-0.9971446,1.2346389,2.682366,1.0019253,2.0904613,-0.85334796,0.56274354,0.67480713,0.20457998,-0.6374169,0.3304271,-0.4685431,0.70699966,1.698553,0.07012102,0.6934575,-0.088502094,0.514541,-0.99547356,2.8545933,-0.09391922,0.8741384,-0.97062814,-0.1364786,0.42962557,-0.4692089,0.049416106,0.18902038,0.6506154,0.395029,-0.51160526,-0.7221204,-0.31460345,0.09811514
36,-0.000118554824,-0.42461222,-0.74376667,3.821804,-5.2935905,-1.4384228,1.9116077,4.2273216,0.07054998,1.6917557,-0.40634555,-1.5293541,0.34592912,-0.64392316,0.9543397,0.53521085,-0.04322224,-1.8509903,-0.49319077,-0.17323054,-0.12817696,0.12754527,0.70281756,-0.29958677,0.36211187,-0.3066473,-1.4776843,-1.4746557,-0.2898677,0.42177635,-0.22982359,2.5652986,-1.7878177,0.30755463,-0.71286476,-0.09391922,3.9268281,-0.19823177,-0.0186586,-0.91108775,0.39267933,-0.054495312,-0.5041349,0.14360678,0.4156282,-0.11849808,-0.42297912,0.16962421,-0.2503503,-0.7302662
37,-1.5324347,2.5229402,-1.4144629,-2.3895478,-1.6367598,-0.76241493,1.9282998,-3.1044807,-0.70019877,0.24909097,-1.7581912,-0.44454342,1.5237985,-0.3720867,0.6919892,0.44181055,0.09830402,1.1947079,0.08117111,1.4241998,1.0083845,-0.19511169,1.1399376,0.14695767,-0.87106144,0.00965252,0.1399276,0.5342944,-1.5253578,-0.8252599,-0.6909786,0.5278144,0.06780572,-0.9668709,-0.10707065,0.8741384,-0.19823177,2.7949789,0.11897884,0.26039982,-0.09250429,-0.424263,0.38045925,0.27619264,0.04854989,0.5775498,-1.5107405,-0.006709844,-0.7041636,0.39778915
38,-1.1426091,-0.88539314,0.69534904,2.5557308,0.59414923,1.5766819,0.06388421,-2.1078088,0.4722926,-0.46473497,0.075050384,-1.7625504,-1.3639815,0.89426875,1.351752,-0.18605295,1.2211509,-0.976151,1.3151876,-2.3832226,-0.6977267,-0.50941527,1.8033681,-0.3274572,-0.42824113,0.7289623,-0.015159689,-0.056320358,-0.6814109,-0.45950952,-0.12491585,0.18158272,-0.9327682,-0.022976851,0.41236985,-0.97062814,-0.0186586,0.11897884,2.449383,-0.2643547,-1.6597548,0.8305416,0.07371442,0.14832944,-0.24832317,0.36232716,-0.1899733,0.16867103,0.033331394,0.8552817
39,3.3707647,2.1437585,-0.2043351,0.493984,0.32395545,2.4965076,-0.031806923,-0.8952303,-0.71133226,-1.4726412,-0.39758372,0.26561013,-1.5459907,-0.01558554,0.13760845,0.21653235,0.12348752,-0.18166608,-0.87171024,-0.07243581,-0.75270075,-0.7728416,0.94603395,0.6102004,0.14308348,0.15106651,0.9119823,0.393622,-0.07199478,-0.21371773,-0.337045,-0.9521849,0.12651882,-0.5401132,0.43981853,-0.1364786,-0.91108775,0.26039982,-0.2643547,1.5851192,1.3450576,0.49849647,0.9001298,0.4230803,-0.41197056,0.15649986,0.26171306,0.059590094,-0.5696552,-0.6364781
40,-2.6943574,2.2826138,0.24254142,0.711017,-1.0261705,-1.9635346,0.13087852,3.0398686,0.042508624,-2.0939074,-1.1866674,0.8067325,-0.079868935,0.33308178,-0.23346597,-0.9625735,-0.33198673,-0.023238152,-1.1528404,0.033172414,-1.285057,0.98957103,-0.46692953,0.033647534,1.0041533,-0.040000588,0.31612998,-0.53954065,1.3546157,-0.29376638,-0.9476987,-0.39740747,0.39387482,-0.5725078,-0.12128776,0.42962557,0.39267933,-0.09250429,-1.6597548,1.3450576,3.4760895,0.2820837,0.764549,0.65765285,0.3826054,-0.09418689,-0.07166812,0.080907315,-0.9684357,-0.83941305
41,-6.490774,-1.9742727,1.2828892,4.3889747,-2.3220427,-0.7594383,-1.4230939,-1.4701664,1.0285888,-1.6522076,-0.66101784,-0.19843614,0.20141254,0.48203725,0.18104658,1.3369274,-1.0166864,-2.594437,1.4654181,0.47060448,-1.8192383,-1.3791524,-0.996995,0.43242407,1.3592067,-1.2504425,0.27707168,0.3239594,-0.5194098,0.54824746,1.2822266,-0.052482106,0.041043006,-0.1260367,0.43160754,-0.4692089,-0.054495312,-0.424263,0.8305416,0.49849647,0.2820837,3.9375389,0.82921255,0.56838495,0.72937053,0.8318726,0.07023888,-0.41068825,0.22238904,0.21329562
42,-0.39061022,1.2991439,0.42226058,0.4927956,0.72653127,1.0209954,0.18364206,-0.40993482,-1.408982,-1.6763568,1.021004,-1.5829103,-0.059526432,0.47868803,-0.52850187,-0.21049061,-0.2551139,-1.2232332,0.8792072,-0.36443195,-0.1592485,0.49400395,0.6282321,-0.2618877,-0.013728339,-0.62003934,1.4519188,-0.39045382,-0.106553435,-0.15743122,-0.7354014,-0.4615926,0.2150041,-0.23375136,0.039349973,0.049416106,-0.5041349,0.38045925,0.07371442,0.9001298,0.764549,0.82921255,1.3300929,0.36258048,0.04042557,0.46652716,-0.09355421,0.37387386,0.11828902,-0.26145795
43,-1.214148,1.3567743,-0.18070447,0.683562,0.35879394,-1.1421299,0.09717071,-1.2686,-0.869357,-1.3098001,-0.56898236,0.48716015,-0.42719316,0.9764689,1.0786531,1.1414042,-0.44578773,0.6679839,0.8701081,-0.33960366,-7.2162475e-05,-0.25324643,-0.13133702,0.52080166,-0.13623938,-0.44487625,0.65275556,-0.39767498,-0.035166204,-0.12824568,-0.35561925,0.4668656,-0.8428689,-0.5213796,0.2003349,0.18902038,0.14360678,0.27619264,0.14832944,0.4230803,0.65765285,0.56838495,0.36258048,1.086229,0.48652476,0.10923973,0.35532808,0.53320193,-0.6673137,-0.10506968
44,1.6165373,-0.82487273,1.2628286,1.0078754,1.1091475,-2.1385794,0.5565982,-0.08659908,-0.20478737,-1.4155338,-1.3394666,0.49590853,-0.55276537,0.5078651,0.5199034,0.16526446,-0.4994013,-0.71508116,1.0462112,0.30320024,-0.18377906,-0.7777251,0.5154686,-0.42346957,-0.38249564,-0.56289077,0.22630675,-0.79049003,0.6149388,-0.08748735,0.49747884,1.043071,1.7665436,-1.0101647,-0.8467792,0.6506154,0.4156282,0.04854989,-0.24832317,-0.41197056,0.3826054,0.72937053,0.04042557,0.48652476,2.5742185,-0.8303901,-0.49184954,-0.023734473,0.40480405,0.2711797
45,3.026154,-3.3662643,-1.9920769,1.745192,-0.36991522,-1.1618228,0.99807835,-2.36936,-0.15853958,-0.7740102,0.5257951,0.7935179,0.122439936,1.3502069,-0.37345618,-2.5085053,-0.010871306,-0.36350608,-0.5366171,0.014718036,1.5076382,0.41227913,-0.74205196,-0.12959817,0.9534149,-0.1299694,-1.3957634,-0.22786537,0.43572897,1.2640333,0.15036249,-0.08379735,-0.6113887,0.2423309,0.26207566,0.395029,-0.11849808,0.5775498,0.36232716,0.15649986,-0.09418689,0.8318726,0.46652716,0.10923973,-0.8303901,2.7899554,-0.17365842,0.20160788,-0.3264525,0.19997212
46,-4.0751696,-0.66268086,-0.8514029,0.88583827,-0.6857891,1.4919782,-0.7879265,-1.048717,-0.97085893,0.5726278,0.39807567,-0.16962206,-0.83019155,1.0841885,-1.2996898,0.7750757,0.67253006,0.95105654,0.25205296,0.39516032,-0.5194189,-0.48275077,-0.3726635,0.8790927,0.5886514,-0.108646706,-0.30870908,-0.30367488,-0.15350486,1.350909,-1.1672686,0.08472104,0.29168797,0.34755272,0.93573725,-0.51160526,-0.42297912,-1.5107405,-0.1899733,0.26171306,-0.07166812,0.07023888,-0.09355421,0.35532808,-0.49184954,-0.17365842,2.6808023,0.35833406,0.022991687,-0.3715579
47,3.1870697,0.6538304,-1.560041,1.0851352,-0.21640418,-0.70999193,1.3626857,-0.28825355,-0.73972046,-0.63396513,-0.38570845,-0.05866906,0.55520725,0.63626575,-0.33321345,-1.0534174,0.20126987,0.66515845,0.38258076,-0.8301768,0.20509487,1.1176329,-0.32524866,-0.79928935,-0.08313841,-0.504356,0.8634182,-0.22767933,-0.40639555,-1.1799415,-0.011929402,0.22190729,-0.28859535,-0.2594751,0.39938128,-0.7221204,0.16962421,-0.006709844,0.16867103,0.059590094,0.080907315,-0.41068825,0.37387386,0.53320193,-0.023734473,0.20160788,0.35833406,1.5301632,0.10202192,-0.50186133
48,-0.83843416,-0.101239204,0.41442484,2.085976,1.7005954,0.96867484,0.28221142,0.8998841,-0.48248854,-0.88450277,0.38452417,-1.2188375,0.2652213,-0.8774776,-0.5301643,-0.079171166,-0.46568,0.08175492,1.2194375,-0.6420408,1.0577031,0.3375398,-0.6537869,0.068955496,0.0028859,-0.9057659,-0.46372956,-0.1640257,0.12429483,0.21007049,0.4664362,-0.109787114,1.3852654,-0.16789988,-0.21902451,-0.31460345,-0.2503503,-0.7041636,0.033331394,-0.5696552,-0.9684357,0.22238904,0.11828902,-0.6673137,0.40480405,-0.3264525,0.022991687,0.10202192,1.948392,-0.21139501
49,-2.80728,0.44414976,-0.527928,0.5116823,-0.7791735,-0.3565479,-0.8302803,1.112187,-0.6253577,-1.3435494,0.38678518,-0.59551966,0.6029352,-0.95287526,-0.29385698,0.067231275,-0.48518628,-0.13036846,0.092598364,-0.3790868,0.25588822,1.4967554,-0.09347519,-0.30597514,-0.068724744,0.31421554,-0.3413651,0.6073942,0.0056182784,0.22631107,-0.7035299,-0.4449787,0.3278471,-0.3438681,0.59147877,0.09811514,-0.7302662,0.39778915,0.8552817,-0.6364781,-0.83941305,0.21329562,-0.26145795,-0.10506968,0.2711797,0.19997212,-0.3715579,-0.50186133,-0.21139501,2.345009
