,0,1,2,3,4,5,6,7,8,9,10,11,12,13,14,15,16,17,18,19,20,21,22,23,24,25,26,27,28,29,30,31,32,33,34,35,36,37,38,39,40,41,42,43,44,45,46,47,48,49
0,569.0239,-18.976765,10.329626,-0.30110592,-0.013513029,0.013946934,0.005624731,-0.0016642751,-5.9195474e-05,0.0033282847,-0.0005220154,0.00047951262,-6.8924546e-06,-0.00043745548,0.00017183289,0.00018748347,0.0003311548,0.000491295,-0.00059783197,0.00037565644,0.0007783346,-0.00021851677,-2.8411516e-05,0.00028341537,-0.00017985093,-0.00028634793,0.00057367265,-2.6136446e-05,-0.0004577763,0.00016901456,0.00023786843,3.708437e-05,-1.1041445e-06,0.00043143693,-3.0591425e-05,-8.811787e-05,0.00023012128,-2.1135409e-05,0.00021057282,1.9769122e-05,2.4577855e-06,0.00015184568,-0.000104893355,0.00010110474,-0.00013686588,-4.0830924e-05,-2.488555e-05,0.000109557615,4.3697648e-05,-1.712099e-05
1,-18.976765,128.52116,-4.531708,-0.074394524,0.0078281015,-0.0005039206,0.0010639572,3.993851e-05,0.00054532406,-0.00064555614,-0.00089167856,-0.00061839866,2.1045638e-05,0.00022616488,-0.00060475885,0.000115897645,-4.4284825e-05,9.711979e-05,5.497573e-06,-1.3115101e-05,-0.00024976465,9.979946e-05,-0.00031751196,0.000100024336,-8.8227884e-05,-0.00014483044,-7.100923e-05,0.00013346429,7.158899e-05,-0.00013655135,-7.3121795e-05,-5.3972642e-05,-2.0236565e-05,-8.9009016e-05,-2.6764944e-06,-2.8808827e-05,0.00011225151,0.00012111125,6.3384075e-05,2.4591003e-05,-9.302277e-05,-6.7408682e-06,-6.179123e-05,-2.517966e-05,-2.6035406e-05,-9.04932e-06,2.9769479e-05,0.00010388976,1.8566769e-05,5.174325e-05
2,10.329626,-4.531708,80.00555,-0.013386589,-0.0047638994,0.0040908777,0.0020302283,-0.00084518694,-3.319527e-05,0.0008988087,-0.0006680265,4.696964e-05,0.00011007282,-0.00024335299,9.068617e-05,-4.1469902e-05,-2.969828e-06,9.44485e-05,-0.0004585363,6.338731e-05,0.00014680173,-0.00015784196,-0.0001441506,0.00016758274,3.1205254e-05,-0.000114512106,-0.00014720362,4.633923e-05,-0.000107158594,0.00018717295,0.00014020149,-1.2283537e-06,4.8458758e-05,6.502648e-05,2.9596844e-05,-0.0001677542,6.1233786e-06,-9.2978196e-05,5.6835088e-05,2.6993752e-05,-4.368415e-05,5.2254007e-05,-2.4999112e-05,6.9490794e-05,-1.4967717e-05,-7.0063965e-05,-6.292533e-05,9.458277e-05,-6.938272e-05,-4.725106e-05
3,-0.30110592,-0.074394524,-0.013386589,2.947524,0.00083060557,0.0024662209,-0.0021412137,0.00011935205,0.00015132088,-0.00020858666,0.0004230938,0.00075083796,9.33925e-05,-0.0005738245,-1.654665e-05,0.00018247416,0.00037767226,-0.00012986959,-0.00022437458,0.0005267193,0.00019785225,9.2688424e-05,-0.00030832645,-7.785851e-06,0.00014259695,0.0001466895,0.00016774812,-0.00014136174,-0.00016979419,9.448842e-05,8.1954975e-05,0.00019847407,-0.00011761467,3.9387327e-05,0.00020069387,1.7745502e-05,8.696555e-05,4.086087e-05,-0.00018369251,-5.0670817e-05,-0.000102166785,-3.508059e-05,-1.16195715e-05,1.786588e-05,-5.5400225e-05,-0.00012172192,-7.271314e-05,-2.1885735e-05,0.000113582224,-6.635571e-05
4,-0.013513029,0.0078281015,-0.0047638994,0.00083060557,0.14266318,-0.02044183,-0.007635001,0.0021179416,0.0003413359,-0.0050262166,0.0024317498,-0.00023844402,0.00049615576,-0.00031503374,-0.00050371815,0.0003343699,0.00042259615,4.7529556e-06,0.0010186662,-0.00038522622,-0.0006103128,0.00026123362,-0.00015231417,2.8172992e-05,0.0008102118,0.00047824509,-0.0008504536,-0.00017029338,0.00049196905,-0.0001379457,-0.00016097006,9.007358e-05,-0.00040230446,-0.00030479796,1.8733737e-05,0.00051544316,-9.918446e-05,4.9685314e-05,-0.00046566845,-7.242405e-05,0.000233989,-0.00010854963,0.000118457305,-6.091669e-05,0.0002769795,0.00013673684,-6.9154135e-05,-0.00011966334,0.00010147136,6.9571026e-05
5,0.013946934,-0.0005039206,0.0040908777,0.0024662209,-0.02044183,0.012259281,-0.006867997,0.0016434704,-0.00060969865,-0.0003684887,0.0021168243,0.0015111882,0.00066052296,-0.0011240396,-0.00018001336,-0.0006121695,0.00044854733,-0.0006532415,0.0002178711,0.00040133085,0.00025659063,-0.0006706677,0.0006214545,-0.000116700714,0.00019833056,0.00045112817,-2.352969e-05,0.000112705675,0.00030195847,-7.9424695e-05,0.00021548258,0.00030816376,-0.00036365192,-4.4942375e-05,0.00016232337,0.00014416798,-0.0001291466,-0.00024223248,-0.00041947304,-6.284857e-05,1.7528555e-05,0.00011989597,8.445083e-06,-0.000119440265,6.712013e-05,-6.6259134e-05,-0.00014498181,-0.0001549186,-3.2368816e-06,4.890228e-05
6,0.005624731,0.0010639572,0.0020302283,-0.0021412137,-0.007635001,-0.006867997,0.019240694,0.0014390064,0.002561334,0.0004260146,-0.00034818304,-0.0005125069,0.0005575041,-0.00019109924,-0.0002503114,-0.00097692,0.00021876545,-0.00013090196,0.00061523693,-0.0012193194,-0.0006893821,3.0753126e-06,3.90504e-05,-0.0003995905,0.00048751943,4.0032603e-05,-9.148936e-05,9.9854136e-05,0.0003539155,-0.00016336342,-2.2400669e-05,-0.0003352966,-0.00017933054,-0.00017018331,-0.00040254416,-0.0004395077,0.00022490922,-1.7314153e-05,0.00047538645,0.00016365602,0.00016410969,-0.00011645137,-0.0001079092,-8.3197214e-05,4.6996625e-05,0.00013159326,0.00018354712,0.00013960179,3.8666272e-05,9.131412e-06
7,-0.0016642751,3.993851e-05,-0.00084518694,0.00011935205,0.0021179416,0.0016434704,0.0014390064,0.017401189,0.0012320058,-0.0005999705,0.00030180684,0.0007733718,0.0011494451,0.0022043781,-0.001023581,-0.0010693946,-0.0003208039,0.00023449378,-0.00058811274,0.00017536324,0.00043271296,-5.7949414e-06,1.8695893e-05,0.00015012402,0.00020352425,-0.00011704714,-0.00025687763,0.0003446659,-4.4487075e-05,-0.00017828122,0.0002492807,0.0002999045,7.8321726e-05,0.00019298671,0.00041735667,-0.00014596488,3.3009957e-05,-0.00045784685,-6.5573724e-05,0.00021018184,0.00023906611,0.0003215025,3.2815915e-05,0.00034176846,-4.812309e-06,3.629964e-05,-1.4507682e-05,4.622876e-06,8.8572175e-05,2.4010651e-05
8,-5.9195474e-05,0.00054532406,-3.319527e-05,0.00015132088,0.0003413359,-0.00060969865,0.002561334,0.0012320058,0.008634039,0.0007798532,0.0006909833,0.0007746945,-9.965707e-05,-0.0006160841,-4.523301e-05,0.0008214682,9.847009e-05,0.0004359298,-0.00041180613,0.00043996313,-5.545037e-05,-1.7148737e-05,-6.0434373e-05,-0.0003236399,0.00029967946,-2.4891764e-05,0.00020503323,-0.000273641,-0.0003402382,1.9631792e-05,0.00010972175,0.0001243925,4.92103e-05,0.00019875614,-8.392604e-05,0.00030484848,-7.939471e-05,-0.00013728681,-8.82327e-05,-0.00021539742,5.1574234e-06,-0.00016601585,3.1149422e-05,0.00015406084,0.00015578794,0.00010619535,-9.906574e-05,9.175666e-07,8.49761e-05,-9.947124e-05
9,0.0033282847,-0.00064555614,0.0008988087,-0.00020858666,-0.0050262166,-0.0003684887,0.0004260146,-0.0005999705,0.0007798532,0.0050603217,-0.00035986555,-0.0002530889,-0.00055722176,6.524972e-05,-0.00018749383,4.655555e-05,-0.00045994745,0.00031854172,0.00089756923,-0.00047819017,0.00046121044,0.0004535446,-0.00048064743,-8.638302e-05,-0.00017151434,0.00037494025,-0.00017020712,-0.00014549842,0.00012713455,1.9675543e-05,-0.00014190856,-7.585125e-05,0.00021894755,-0.00019319108,0.00036532368,0.00031769444,-6.3305146e-05,-2.3988086e-05,-0.0001583342,-1.1310331e-05,-8.456217e-05,-1.7257826e-05,8.659196e-05,8.363719e-05,0.00012352192,7.9557314e-05,-8.976624e-05,-2.6018073e-05,3.8871776e-06,-6.991595e-05
10,-0.0005220154,-0.00089167856,-0.0006680265,0.0004230938,0.0024317498,0.0021168243,-0.00034818304,0.00030180684,0.0006909833,-0.00035986555,0.00582201,0.00079361885,-0.0007723064,-0.00059774413,0.0006264552,0.0004464151,0.0005272186,0.0001920639,0.0010322095,-0.00010131094,0.000740428,-0.0001290282,5.6594865e-05,-0.00012724171,7.734641e-05,5.3329215e-05,1.1290933e-05,-6.905097e-05,4.8380425e-05,-9.184875e-05,0.00030693534,-9.772787e-05,-0.00020290578,2.1206288e-05,-8.7285625e-05,-0.0003488742,0.00025878887,-2.2551643e-05,0.00014916179,-9.483306e-05,-6.0500668e-05,6.782242e-05,-0.00014550792,0.0001354536,-0.00012495983,0.00011715882,-0.00010283519,-1.3291974e-06,9.666316e-05,7.888778e-06
11,0.00047951262,-0.00061839866,4.696964e-05,0.00075083796,-0.00023844402,0.0015111882,-0.0005125069,0.0007733718,0.0007746945,-0.0002530889,0.00079361885,0.0047176704,-0.00046696397,0.00023294034,0.00022599907,-0.00030011876,0.0001272152,6.826606e-05,-6.156618e-06,0.000107859785,-0.0001627371,-0.00010440117,8.654323e-07,3.0581134e-05,0.000211631,-0.00015712129,0.0001893019,0.00014915218,-4.2534946e-05,-0.0001193383,-0.00036864963,0.00018704825,-5.429591e-05,-0.00034666358,6.160595e-06,4.3313794e-05,7.687425e-05,0.00031412067,-0.00020179737,0.00011452442,-9.1976995e-05,-4.2312036e-05,0.00016468242,-2.6265669e-05,0.0002466389,5.680472e-05,-6.41394e-05,-2.064151e-05,9.804455e-05,-7.06866e-05
12,-6.8924546e-06,2.1045638e-05,0.00011007282,9.33925e-05,0.00049615576,0.00066052296,0.0005575041,0.0011494451,-9.965707e-05,-0.00055722176,-0.0007723064,-0.00046696397,0.004274815,-0.0011823039,-8.965991e-05,-0.00041097414,0.00038628446,-0.00043796177,0.00015752585,-1.1511861e-05,-6.889578e-05,7.435608e-05,0.00018528785,-4.402391e-05,-3.247911e-05,0.00029527268,0.00038299774,-5.7974476e-06,-0.00016022027,-3.8618127e-05,-0.0001863463,0.00012780071,-1.488377e-05,0.00015407758,0.00027010817,-0.00013423763,-1.0689237e-05,7.4870535e-05,-4.5980214e-05,0.0001050223,2.1954525e-05,-0.00019253654,-4.3243366e-05,9.390886e-05,-0.00010511333,4.3068358e-05,-0.00010263593,-9.944296e-06,4.480946e-06,4.0456725e-05
13,-0.00043745548,0.00022616488,-0.00024335299,-0.0005738245,-0.00031503374,-0.0011240396,-0.00019109924,0.0022043781,-0.0006160841,6.524972e-05,-0.00059774413,0.00023294034,-0.0011823039,0.004410211,0.0001149061,6.1936415e-05,0.0002702603,-0.00028972322,0.00044476616,0.00019885751,0.000108840395,-2.619081e-05,0.00013897363,-0.00018992429,-0.00019283488,0.00012681697,6.364783e-06,-0.00011979023,3.7250866e-05,0.00012757465,-0.00012901559,-7.475115e-05,0.00030690012,9.9330166e-05,-0.00017735407,1.0616647e-05,-6.585212e-05,1.6184542e-05,7.4685166e-05,6.4468004e-05,-0.00019580025,-0.00015283894,5.66991e-05,5.7898134e-05,-4.875413e-05,6.665709e-05,-3.9397666e-05,-4.3218854e-05,3.73772e-06,-9.810433e-06
14,0.00017183289,-0.00060475885,9.068617e-05,-1.654665e-05,-0.00050371815,-0.00018001336,-0.0002503114,-0.001023581,-4.523301e-05,-0.00018749383,0.0006264552,0.00022599907,-8.965991e-05,0.0001149061,0.0044804965,-0.00018423022,0.00023199622,1.8458322e-05,-0.00010043703,-0.0002507526,-0.00020747368,0.00016817407,7.821544e-05,2.2331782e-05,0.0003021776,0.00010525896,2.7341807e-06,0.00016258666,-4.769929e-05,0.00025762976,1.8472572e-05,-0.00012863467,0.000194722,0.00015895869,0.00018203781,-0.00015876025,-5.807002e-05,-2.1878222e-06,-4.0175488e-05,-3.969673e-05,0.00012915142,3.470997e-05,7.937697e-05,0.00014760523,4.9419257e-05,8.616005e-06,7.857279e-05,-5.159062e-05,-6.2706545e-07,-2.7228893e-05
15,0.00018748347,0.000115897645,-4.1469902e-05,0.00018247416,0.0003343699,-0.0006121695,-0.00097692,-0.0010693946,0.0008214682,4.655555e-05,0.0004464151,-0.00030011876,-0.00041097414,6.1936415e-05,-0.00018423022,0.003364152,-9.563136e-05,-0.00023121148,-0.00014296328,0.00012572529,-2.491523e-05,-0.00014868344,9.980147e-05,0.00025484993,-0.00041515738,4.039863e-05,-9.8789795e-05,2.8372322e-05,-0.00013452247,-9.587439e-05,-0.0001481779,9.664906e-05,0.00027992908,-0.00010460257,0.00017508927,-0.0001793722,6.219054e-05,-0.0001816942,0.00017363389,-4.291651e-05,1.854952e-06,5.5169126e-05,8.2963146e-05,1.3671943e-05,-5.443745e-06,8.092522e-05,7.9798185e-05,8.120925e-05,3.78634e-05,2.9872064e-05
16,0.0003311548,-4.4284825e-05,-2.969828e-06,0.00037767226,0.00042259615,0.00044854733,0.00021876545,-0.0003208039,9.847009e-05,-0.00045994745,0.0005272186,0.0001272152,0.00038628446,0.0002702603,0.00023199622,-9.563136e-05,0.0029131311,-4.9772636e-05,-0.00052342436,-0.00021644917,-0.00017759971,0.00016137207,6.323875e-05,-0.00024169267,-0.00024178362,0.00022961177,4.22022e-05,-8.455289e-05,0.00017031221,-0.00010986031,1.9873212e-05,0.00015787996,-2.5229157e-05,-8.844498e-05,4.7282872e-05,0.00015719142,-3.1558964e-05,5.2965566e-05,0.00011192098,-2.4862611e-05,-0.00023887005,-1.5383353e-05,-7.0070935e-05,-0.00012306716,-5.1850227e-05,-4.6954236e-05,-6.579826e-05,1.6032704e-05,0.00015190263,-3.4564173e-06
17,0.000491295,9.711979e-05,9.44485e-05,-0.00012986959,4.7529556e-06,-0.0006532415,-0.00013090196,0.00023449378,0.0004359298,0.00031854172,0.0001920639,6.826606e-05,-0.00043796177,-0.00028972322,1.8458322e-05,-0.00023121148,-4.9772636e-05,0.0022648845,-4.3293934e-05,-0.00012167432,-0.0002597159,-0.00020214292,0.000116371855,0.0002584789,-6.219519e-05,-4.0123734e-05,0.0002050668,-7.4886026e-05,3.9251645e-05,-0.0001239577,-1.1499442e-06,-3.8824634e-05,6.213451e-05,0.00011795334,0.00020530986,6.108206e-05,-1.5721e-05,-8.3885745e-05,-4.0438306e-05,-1.0238977e-05,-6.80029e-05,-4.3256827e-05,-8.425177e-06,-5.61413e-05,-0.000100728845,-0.00011755354,-1.8938325e-05,6.909587e-05,1.15869025e-05,-2.6175383e-05
18,-0.00059783197,5.497573e-06,-0.0004585363,-0.00022437458,0.0010186662,0.0002178711,0.00061523693,-0.00058811274,-0.00041180613,0.00089756923,0.0010322095,-6.156618e-06,0.00015752585,0.00044476616,-0.00010043703,-0.00014296328,-0.00052342436,-4.3293934e-05,0.0018782095,0.00014417461,-7.074422e-05,-0.00018377809,0.00017412569,-0.0002038053,-9.892438e-05,8.09512e-05,0.00012247529,-8.624035e-06,-6.9956266e-05,-6.786587e-05,-5.514861e-05,0.00010565824,-3.2042975e-05,-2.1808093e-05,8.0193786e-05,7.1168935e-05,-9.992202e-05,-4.790058e-05,-7.357533e-05,-4.679653e-05,8.167529e-05,-0.00011170381,-6.0327566e-05,-2.6608624e-05,-3.6179288e-05,7.2776005e-05,6.203522e-05,-5.307892e-05,-1.087757e-05,2.8058355e-05
19,0.00037565644,-1.3115101e-05,6.338731e-05,0.0005267193,-0.00038522622,0.00040133085,-0.0012193194,0.00017536324,0.00043996313,-0.00047819017,-0.00010131094,0.000107859785,-1.1511861e-05,0.00019885751,-0.0002507526,0.00012572529,-0.00021644917,-0.00012167432,0.00014417461,0.0018362954,-0.00024917754,0.00021046295,-0.000363274,6.46245e-05,0.00026905863,6.200993e-05,0.00030859152,3.4441004e-05,-7.1810337e-06,-8.31501e-05,0.00014884326,-2.9209274e-05,8.2962186e-05,3.268054e-05,-3.4234115e-05,-3.9772294e-05,5.7908137e-06,-8.7757784e-05,3.348562e-05,-4.0978393e-05,-8.8017856e-05,-7.865701e-05,-4.0938423e-05,-1.8837305e-05,-8.343297e-05,-0.00012760684,7.781179e-05,-2.1582462e-05,5.4001815e-05,-5.0129842e-05
20,0.0007783346,-0.00024976465,0.00014680173,0.00019785225,-0.0006103128,0.00025659063,-0.0006893821,0.00043271296,-5.545037e-05,0.00046121044,0.000740428,-0.0001627371,-6.889578e-05,0.000108840395,-0.00020747368,-2.491523e-05,-0.00017759971,-0.0002597159,-7.074422e-05,-0.00024917754,0.001752579,6.152451e-05,-9.52542e-05,0.00030675222,0.00025028866,7.295713e-07,-2.4748084e-05,-5.9027447e-05,-2.1975167e-05,4.8653434e-05,-6.289221e-05,-2.9211413e-05,-8.406844e-05,5.994049e-05,-0.00011586277,3.928488e-05,1.8931729e-05,6.0408733e-05,7.4612835e-05,-3.872871e-05,2.4102454e-05,3.7508813e-05,8.495986e-05,-2.5146717e-05,-4.627923e-05,8.101066e-06,3.2779946e-05,1.3844376e-05,7.811408e-05,4.7920585e-05
21,-0.00021851677,9.979946e-05,-0.00015784196,9.2688424e-05,0.00026123362,-0.0006706677,3.0753126e-06,-5.7949414e-06,-1.7148737e-05,0.0004535446,-0.0001290282,-0.00010440117,7.435608e-05,-2.619081e-05,0.00016817407,-0.00014868344,0.00016137207,-0.00020214292,-0.00018377809,0.00021046295,6.152451e-05,0.0015540543,6.2700474e-07,-2.2064984e-05,8.6537075e-06,5.7215613e-05,0.00020832737,0.00011828546,-9.485142e-05,1.5242957e-06,3.2201586e-07,5.778218e-05,-4.430612e-05,1.569933e-05,-6.4421674e-06,-8.092963e-05,-4.832876e-05,-4.5114568e-05,2.1655374e-05,-7.114197e-05,-7.005333e-05,6.410777e-05,4.4292897e-06,2.544741e-05,-5.5659375e-06,0.00010154897,7.495217e-06,7.268443e-06,4.1459367e-07,9.229955e-05
22,-2.8411516e-05,-0.00031751196,-0.0001441506,-0.00030832645,-0.00015231417,0.0006214545,3.90504e-05,1.8695893e-05,-6.0434373e-05,-0.00048064743,5.6594865e-05,8.654323e-07,0.00018528785,0.00013897363,7.821544e-05,9.980147e-05,6.323875e-05,0.000116371855,0.00017412569,-0.000363274,-9.52542e-05,6.2700474e-07,0.0015400394,7.5887685e-05,2.234539e-05,4.7280064e-05,0.00011894351,-0.00018466324,-8.830897e-05,-0.00012576855,1.5379526e-05,-0.00015744378,6.1344006e-05,1.5585192e-05,-6.965951e-05,1.3881047e-05,-6.877324e-05,-2.5844027e-05,6.1505154e-05,8.198776e-06,4.2039268e-05,2.4458754e-05,5.578557e-05,-5.041923e-05,4.300809e-05,6.9372745e-06,1.35244545e-05,-6.066337e-05,4.6472587e-06,3.5611272e-05
23,0.00028341537,0.000100024336,0.00016758274,-7.785851e-06,2.8172992e-05,-0.000116700714,-0.0003995905,0.00015012402,-0.0003236399,-8.638302e-05,-0.00012724171,3.0581134e-05,-4.402391e-05,-0.00018992429,2.2331782e-05,0.00025484993,-0.00024169267,0.0002584789,-0.0002038053,6.46245e-05,0.00030675222,-2.2064984e-05,7.5887685e-05,0.0011484851,3.1433992e-05,0.00020152224,5.148187e-05,8.932549e-05,0.00014154232,-0.00012399054,5.988398e-06,-9.147666e-05,1.3352248e-05,2.590453e-05,-2.5388887e-05,-5.075148e-05,-8.820793e-05,-6.8874596e-07,-3.0464986e-05,0.00012849478,3.3392178e-07,-3.3745513e-05,-6.600072e-05,3.2389675e-05,1.7690629e-05,0.00012386788,-2.5572503e-05,2.4797228e-05,-1.12970665e-05,-7.059179e-05
24,-0.00017985093,-8.8227884e-05,3.1205254e-05,0.00014259695,0.0008102118,0.00019833056,0.00048751943,0.00020352425,0.00029967946,-0.00017151434,7.734641e-05,0.000211631,-3.247911e-05,-0.00019283488,0.0003021776,-0.00041515738,-0.00024178362,-6.219519e-05,-9.892438e-05,0.00026905863,0.00025028866,8.6537075e-06,2.234539e-05,3.1433992e-05,0.0010507653,0.00015867373,-0.00012926507,-3.750945e-05,0.00010428805,9.041684e-05,3.496681e-05,-3.2978387e-05,0.00013918136,-4.629443e-05,0.000104087856,6.0734197e-05,-3.3014032e-05,4.5089735e-05,5.857467e-05,1.4441475e-05,-3.4821715e-05,-2.9299142e-06,1.1097069e-05,-0.00011702402,-3.2959066e-05,4.6732657e-06,2.7594697e-05,2.7421189e-05,-5.4337754e-05,2.2174683e-05
25,-0.00028634793,-0.00014483044,-0.000114512106,0.0001466895,0.00047824509,0.00045112817,4.0032603e-05,-0.00011704714,-2.4891764e-05,0.00037494025,5.3329215e-05,-0.00015712129,0.00029527268,0.00012681697,0.00010525896,4.039863e-05,0.00022961177,-4.0123734e-05,8.09512e-05,6.200993e-05,7.295713e-07,5.7215613e-05,4.7280064e-05,0.00020152224,0.00015867373,0.0011312095,-1.1534709e-05,-3.4556477e-05,1.6633541e-05,1.5545987e-05,-9.84872e-05,1.1153861e-06,1.1691012e-05,-0.00012394742,7.905195e-06,1.0233083e-05,2.8442671e-05,-8.156813e-05,2.121272e-05,3.1587668e-05,5.1435665e-05,-1.546751e-05,-1.4153185e-05,2.6944403e-05,1.1916217e-05,-7.418535e-05,-7.1631202e-06,2.3554672e-05,2.6703492e-05,-4.5024455e-05
26,0.00057367265,-7.100923e-05,-0.00014720362,0.00016774812,-0.0008504536,-2.352969e-05,-9.148936e-05,-0.00025687763,0.00020503323,-0.00017020712,1.1290933e-05,0.0001893019,0.00038299774,6.364783e-06,2.7341807e-06,-9.8789795e-05,4.22022e-05,0.0002050668,0.00012247529,0.00030859152,-2.4748084e-05,0.00020832737,0.00011894351,5.148187e-05,-0.00012926507,-1.1534709e-05,0.00072556426,-0.00013635863,0.00012447439,3.8672682e-05,2.4524788e-06,-1.1107675e-05,4.658762e-06,-4.0022198e-05,-9.748123e-05,4.8912036e-05,3.8656464e-05,1.0121004e-06,-4.0958796e-05,-1.8254861e-05,2.529218e-05,2.9743696e-05,8.550614e-06,9.263995e-06,-7.9401e-05,9.8608e-05,7.160145e-05,1.0618438e-05,1.6708262e-05,1.8222887e-05
27,-2.6136446e-05,0.00013346429,4.633923e-05,-0.00014136174,-0.00017029338,0.000112705675,9.9854136e-05,0.0003446659,-0.000273641,-0.00014549842,-6.905097e-05,0.00014915218,-5.7974476e-06,-0.00011979023,0.00016258666,2.8372322e-05,-8.455289e-05,-7.4886026e-05,-8.624035e-06,3.4441004e-05,-5.9027447e-05,0.00011828546,-0.00018466324,8.932549e-05,-3.750945e-05,-3.4556477e-05,-0.00013635863,0.0008228079,-8.625728e-05,-0.00012009516,-2.0738862e-05,-0.00015112697,2.5844265e-06,-7.542397e-06,2.6247644e-05,5.57677e-05,-3.643004e-05,-3.1010313e-05,1.6517362e-05,-3.8624312e-05,3.603496e-05,-5.407119e-05,-1.8934823e-05,-5.477572e-05,-1.791741e-05,5.3240074e-05,-1.65155e-05,-6.9884656e-05,-6.626918e-06,7.082458e-06
28,-0.0004577763,7.158899e-05,-0.000107158594,-0.00016979419,0.00049196905,0.00030195847,0.0003539155,-4.4487075e-05,-0.0003402382,0.00012713455,4.8380425e-05,-4.2534946e-05,-0.00016022027,3.7250866e-05,-4.769929e-05,-0.00013452247,0.00017031221,3.9251645e-05,-6.9956266e-05,-7.1810337e-06,-2.1975167e-05,-9.485142e-05,-8.830897e-05,0.00014154232,0.00010428805,1.6633541e-05,0.00012447439,-8.625728e-05,0.00095119164,-3.5828998e-05,-5.1876268e-05,1.9303881e-05,-1.0426446e-05,1.1525702e-05,-3.8395898e-05,2.4620495e-05,6.808636e-05,-2.5803463e-05,3.8192647e-06,-6.7642766e-05,9.637419e-06,-3.0169913e-05,4.730298e-05,2.8822904e-05,5.5956853e-06,9.893427e-06,3.0671974e-05,-5.6469857e-05,-6.9817164e-05,2.9816445e-05
29,0.00016901456,-0.00013655135,0.00018717295,9.448842e-05,-0.0001379457,-7.9424695e-05,-0.00016336342,-0.00017828122,1.9631792e-05,1.9675543e-05,-9.184875e-05,-0.0001193383,-3.8618127e-05,0.00012757465,0.00025762976,-9.587439e-05,-0.00010986031,-0.0001239577,-6.786587e-05,-8.31501e-05,4.8653434e-05,1.5242957e-06,-0.00012576855,-0.00012399054,9.041684e-05,1.5545987e-05,3.8672682e-05,-0.00012009516,-3.5828998e-05,0.0006814166,6.151985e-05,6.5587615e-06,-1.4109461e-05,-4.194306e-06,2.5502763e-05,-2.7489761e-05,2.1101068e-05,-6.0937775e-05,-2.5203677e-05,4.556524e-05,3.890604e-05,-7.621701e-05,1.4408516e-05,-4.7152153e-06,-6.141864e-06,-3.420752e-05,-3.6942125e-05,-4.6294003e-06,3.9990235e-05,1.6661244e-05
30,0.00023786843,-7.3121795e-05,0.00014020149,8.1954975e-05,-0.00016097006,0.00021548258,-2.2400669e-05,0.0002492807,0.00010972175,-0.00014190856,0.00030693534,-0.00036864963,-0.0001863463,-0.00012901559,1.8472572e-05,-0.0001481779,1.9873212e-05,-1.1499442e-06,-5.514861e-05,0.00014884326,-6.289221e-05,3.2201586e-07,1.5379526e-05,5.988398e-06,3.496681e-05,-9.84872e-05,2.4524788e-06,-2.0738862e-05,-5.1876268e-05,6.151985e-05,0.00071272894,-8.2330414e-05,6.757134e-05,-0.00014018646,-4.5092856e-05,1.9309007e-05,-1.7354125e-06,1.0505459e-05,-4.5709916e-05,4.277152e-05,2.003017e-05,7.6369404e-05,-8.896344e-06,-1.05111185e-05,-1.5415197e-05,2.7736987e-06,4.6974208e-07,6.999737e-07,-5.573336e-05,-2.139981e-05
31,3.708437e-05,-5.3972642e-05,-1.2283537e-06,0.00019847407,9.007358e-05,0.00030816376,-0.0003352966,0.0002999045,0.0001243925,-7.585125e-05,-9.772787e-05,0.00018704825,0.00012780071,-7.475115e-05,-0.00012863467,9.664906e-05,0.00015787996,-3.8824634e-05,0.00010565824,-2.9209274e-05,-2.9211413e-05,5.778218e-05,-0.00015744378,-9.147666e-05,-3.2978387e-05,1.1153861e-06,-1.1107675e-05,-0.00015112697,1.9303881e-05,6.5587615e-06,-8.2330414e-05,0.0005928556,4.6816822e-05,-5.5317498e-05,9.7591466e-05,-7.007029e-05,-9.810245e-05,7.270914e-05,2.7264852e-05,-1.2439215e-05,8.7724955e-05,6.5556516e-05,3.1923653e-05,-1.9628082e-05,-1.867062e-05,-4.616689e-06,5.420486e-05,-2.2455457e-05,-4.155977e-05,-4.443371e-06
32,-1.1041445e-06,-2.0236565e-05,4.8458758e-05,-0.00011761467,-0.00040230446,-0.00036365192,-0.00017933054,7.8321726e-05,4.92103e-05,0.00021894755,-0.00020290578,-5.429591e-05,-1.488377e-05,0.00030690012,0.000194722,0.00027992908,-2.5229157e-05,6.213451e-05,-3.2042975e-05,8.2962186e-05,-8.406844e-05,-4.430612e-05,6.1344006e-05,1.3352248e-05,0.00013918136,1.1691012e-05,4.658762e-06,2.5844265e-06,-1.0426446e-05,-1.4109461e-05,6.757134e-05,4.6816822e-05,0.0006113001,4.483627e-05,1.7276525e-05,2.4975789e-05,4.981953e-05,8.5684995e-05,2.4074381e-05,-2.4527872e-05,2.3253775e-05,-1.1975157e-05,-3.9868944e-05,-3.3110307e-05,1.6000207e-05,-2.1657484e-06,1.0537478e-06,2.3658267e-05,-3.216107e-05,5.8922193e-05
33,0.00043143693,-8.9009016e-05,6.502648e-05,3.9387327e-05,-0.00030479796,-4.4942375e-05,-0.00017018331,0.00019298671,0.00019875614,-0.00019319108,2.1206288e-05,-0.00034666358,0.00015407758,9.9330166e-05,0.00015895869,-0.00010460257,-8.844498e-05,0.00011795334,-2.1808093e-05,3.268054e-05,5.994049e-05,1.569933e-05,1.5585192e-05,2.590453e-05,-4.629443e-05,-0.00012394742,-4.0022198e-05,-7.542397e-06,1.1525702e-05,-4.194306e-06,-0.00014018646,-5.5317498e-05,4.483627e-05,0.00053984346,3.2590076e-05,-6.0689134e-05,9.145158e-05,4.7486137e-05,-9.795474e-05,-6.0985127e-05,-9.849193e-06,-4.3041407e-05,6.384261e-06,-2.6969377e-05,-1.6756092e-05,1.979894e-05,-7.6260886e-07,-2.13861e-06,5.312022e-05,4.865724e-06
34,-3.0591425e-05,-2.6764944e-06,2.9596844e-05,0.00020069387,1.8733737e-05,0.00016232337,-0.00040254416,0.00041735667,-8.392604e-05,0.00036532368,-8.7285625e-05,6.160595e-06,0.00027010817,-0.00017735407,0.00018203781,0.00017508927,4.7282872e-05,0.00020530986,8.0193786e-05,-3.4234115e-05,-0.00011586277,-6.4421674e-06,-6.965951e-05,-2.5388887e-05,0.000104087856,7.905195e-06,-9.748123e-05,2.6247644e-05,-3.8395898e-05,2.5502763e-05,-4.5092856e-05,9.7591466e-05,1.7276525e-05,3.2590076e-05,0.00038399175,6.1887506e-05,7.061786e-05,-3.0546355e-05,6.167179e-05,4.365569e-05,-2.7374072e-05,3.2510856e-05,1.6159429e-05,-4.4831715e-05,-2.0671163e-05,3.821398e-05,-1.4549618e-05,-4.034532e-05,-2.6219588e-05,-1.7496168e-05
35,-8.811787e-05,-2.8808827e-05,-0.0001677542,1.7745502e-05,0.00051544316,0.00014416798,-0.0004395077,-0.00014596488,0.00030484848,0.00031769444,-0.0003488742,4.3313794e-05,-0.00013423763,1.0616647e-05,-0.00015876025,-0.0001793722,0.00015719142,6.108206e-05,7.1168935e-05,-3.9772294e-05,3.928488e-05,-8.092963e-05,1.3881047e-05,-5.075148e-05,6.0734197e-05,1.0233083e-05,4.8912036e-05,5.57677e-05,2.4620495e-05,-2.7489761e-05,1.9309007e-05,-7.007029e-05,2.4975789e-05,-6.0689134e-05,6.1887506e-05,0.00042473295,1.15590665e-05,4.4329077e-05,-3.8383687e-06,-2.8401468e-05,3.631194e-05,1.9731724e-05,-7.613766e-05,5.30728e-06,2.0679056e-05,3.0504332e-05,3.015417e-05,1.3025008e-05,2.305568e-05,3.899329e-05
36,0.00023012128,0.00011225151,6.1233786e-06,8.696555e-05,-9.918446e-05,-0.0001291466,0.00022490922,3.3009957e-05,-7.939471e-05,-6.3305146e-05,0.00025878887,7.687425e-05,-1.0689237e-05,-6.585212e-05,-5.807002e-05,6.219054e-05,-3.1558964e-05,-1.5721e-05,-9.992202e-05,5.7908137e-06,1.8931729e-05,-4.832876e-05,-6.877324e-05,-8.820793e-05,-3.3014032e-05,2.8442671e-05,3.8656464e-05,-3.643004e-05,6.808636e-05,2.1101068e-05,-1.7354125e-06,-9.810245e-05,4.981953e-05,9.145158e-05,7.061786e-05,1.15590665e-05,0.00040682202,6.092099e-05,4.5152938e-05,2.3956221e-05,1.6802102e-05,4.7199006e-05,-5.469865e-06,2.6202062e-05,-6.405544e-06,-2.1350046e-05,1.4511695e-05,-4.0311264e-05,2.3602624e-05,5.228856e-06
37,-2.1135409e-05,0.00012111125,-9.2978196e-05,4.086087e-05,4.9685314e-05,-0.00024223248,-1.7314153e-05,-0.00045784685,-0.00013728681,-2.3988086e-05,-2.2551643e-05,0.00031412067,7.4870535e-05,1.6184542e-05,-2.1878222e-06,-0.0001816942,5.2965566e-05,-8.3885745e-05,-4.790058e-05,-8.7757784e-05,6.0408733e-05,-4.5114568e-05,-2.5844027e-05,-6.8874596e-07,4.5089735e-05,-8.156813e-05,1.0121004e-06,-3.1010313e-05,-2.5803463e-05,-6.0937775e-05,1.0505459e-05,7.270914e-05,8.5684995e-05,4.7486137e-05,-3.0546355e-05,4.4329077e-05,6.092099e-05,0.0003393367,1.8983465e-05,1.530197e-05,-2.3322314e-06,7.692235e-06,-3.325974e-05,1.6329766e-05,-3.7088943e-05,4.7782964e-05,-1.311978e-05,3.293441e-05,-5.4172456e-06,-5.8619073e-05
38,0.00021057282,6.3384075e-05,5.6835088e-05,-0.00018369251,-0.00046566845,-0.00041947304,0.00047538645,-6.5573724e-05,-8.82327e-05,-0.0001583342,0.00014916179,-0.00020179737,-4.5980214e-05,7.4685166e-05,-4.0175488e-05,0.00017363389,0.00011192098,-4.0438306e-05,-7.357533e-05,3.348562e-05,7.4612835e-05,2.1655374e-05,6.1505154e-05,-3.0464986e-05,5.857467e-05,2.121272e-05,-4.0958796e-05,1.6517362e-05,3.8192647e-06,-2.5203677e-05,-4.5709916e-05,2.7264852e-05,2.4074381e-05,-9.795474e-05,6.167179e-05,-3.8383687e-06,4.5152938e-05,1.8983465e-05,0.00032295365,7.44937e-06,-9.639414e-06,1.3322591e-05,-3.667352e-05,1.20088835e-05,-4.0361745e-05,-4.181215e-06,-1.884505e-05,-1.6659475e-05,-7.716721e-06,-2.8829085e-05
39,1.9769122e-05,2.4591003e-05,2.6993752e-05,-5.0670817e-05,-7.242405e-05,-6.284857e-05,0.00016365602,0.00021018184,-0.00021539742,-1.1310331e-05,-9.483306e-05,0.00011452442,0.0001050223,6.4468004e-05,-3.969673e-05,-4.291651e-05,-2.4862611e-05,-1.0238977e-05,-4.679653e-05,-4.0978393e-05,-3.872871e-05,-7.114197e-05,8.198776e-06,0.00012849478,1.4441475e-05,3.1587668e-05,-1.8254861e-05,-3.8624312e-05,-6.7642766e-05,4.556524e-05,4.277152e-05,-1.2439215e-05,-2.4527872e-05,-6.0985127e-05,4.365569e-05,-2.8401468e-05,2.3956221e-05,1.530197e-05,7.44937e-06,0.00034365407,-3.6109574e-05,-2.9995139e-05,-1.6239183e-06,2.4186025e-07,2.9793013e-05,2.7107872e-05,6.614808e-05,2.0522042e-05,3.3052806e-05,3.251363e-06
40,2.4577855e-06,-9.302277e-05,-4.368415e-05,-0.000102166785,0.000233989,1.7528555e-05,0.00016410969,0.00023906611,5.1574234e-06,-8.456217e-05,-6.0500668e-05,-9.1976995e-05,2.1954525e-05,-0.00019580025,0.00012915142,1.854952e-06,-0.00023887005,-6.80029e-05,8.167529e-05,-8.8017856e-05,2.4102454e-05,-7.005333e-05,4.2039268e-05,3.3392178e-07,-3.4821715e-05,5.1435665e-05,2.529218e-05,3.603496e-05,9.637419e-06,3.890604e-05,2.003017e-05,8.7724955e-05,2.3253775e-05,-9.849193e-06,-2.7374072e-05,3.631194e-05,1.6802102e-05,-2.3322314e-06,-9.639414e-06,-3.6109574e-05,0.00033393077,9.330941e-06,-9.857558e-06,-1.0720491e-06,-1.3399846e-05,-1.0161406e-05,1.2391092e-05,2.9968676e-05,2.2678265e-05,5.8174255e-06
41,0.00015184568,-6.7408682e-06,5.2254007e-05,-3.508059e-05,-0.00010854963,0.00011989597,-0.00011645137,0.0003215025,-0.00016601585,-1.7257826e-05,6.782242e-05,-4.2312036e-05,-0.00019253654,-0.00015283894,3.470997e-05,5.5169126e-05,-1.5383353e-05,-4.3256827e-05,-0.00011170381,-7.865701e-05,3.7508813e-05,6.410777e-05,2.4458754e-05,-3.3745513e-05,-2.9299142e-06,-1.546751e-05,2.9743696e-05,-5.407119e-05,-3.0169913e-05,-7.621701e-05,7.6369404e-05,6.5556516e-05,-1.1975157e-05,-4.3041407e-05,3.2510856e-05,1.9731724e-05,4.7199006e-05,7.692235e-06,1.3322591e-05,-2.9995139e-05,9.330941e-06,0.00024131966,1.2111811e-05,4.9763153e-06,3.05161e-05,1.1275248e-05,1.47947385e-05,2.5332347e-06,1.5785165e-06,2.7985709e-05
42,-0.000104893355,-6.179123e-05,-2.4999112e-05,-1.16195715e-05,0.000118457305,8.445083e-06,-0.0001079092,3.2815915e-05,3.1149422e-05,8.659196e-05,-0.00014550792,0.00016468242,-4.3243366e-05,5.66991e-05,7.937697e-05,8.2963146e-05,-7.0070935e-05,-8.425177e-06,-6.0327566e-05,-4.0938423e-05,8.495986e-05,4.4292897e-06,5.578557e-05,-6.600072e-05,1.1097069e-05,-1.4153185e-05,8.550614e-06,-1.8934823e-05,4.730298e-05,1.4408516e-05,-8.896344e-06,3.1923653e-05,-3.9868944e-05,6.384261e-06,1.6159429e-05,-7.613766e-05,-5.469865e-06,-3.325974e-05,-3.667352e-05,-1.6239183e-06,-9.857558e-06,1.2111811e-05,0.00026320264,-4.3531138e-05,-9.0676185e-06,3.0772094e-07,4.106014e-06,3.6745747e-05,-1.410318e-05,-2.3638942e-05
43,0.00010110474,-2.517966e-05,6.9490794e-05,1.786588e-05,-6.091669e-05,-0.000119440265,-8.3197214e-05,0.00034176846,0.00015406084,8.363719e-05,0.0001354536,-2.6265669e-05,9.390886e-05,5.7898134e-05,0.00014760523,1.3671943e-05,-0.00012306716,-5.61413e-05,-2.6608624e-05,-1.8837305e-05,-2.5146717e-05,2.544741e-05,-5.041923e-05,3.2389675e-05,-0.00011702402,2.6944403e-05,9.263995e-06,-5.477572e-05,2.8822904e-05,-4.7152153e-06,-1.05111185e-05,-1.9628082e-05,-3.3110307e-05,-2.6969377e-05,-4.4831715e-05,5.30728e-06,2.6202062e-05,1.6329766e-05,1.20088835e-05,2.4186025e-07,-1.0720491e-06,4.9763153e-06,-4.3531138e-05,0.0002669455,5.2430246e-06,-2.6998314e-05,-8.355082e-06,5.7833577e-06,-4.5599027e-05,-1.0589403e-05
44,-0.00013686588,-2.6035406e-05,-1.4967717e-05,-5.5400225e-05,0.0002769795,6.712013e-05,4.6996625e-05,-4.812309e-06,0.00015578794,0.00012352192,-0.00012495983,0.0002466389,-0.00010511333,-4.875413e-05,4.9419257e-05,-5.443745e-06,-5.1850227e-05,-0.000100728845,-3.6179288e-05,-8.343297e-05,-4.627923e-05,-5.5659375e-06,4.300809e-05,1.7690629e-05,-3.2959066e-05,1.1916217e-05,-7.9401e-05,-1.791741e-05,5.5956853e-06,-6.141864e-06,-1.5415197e-05,-1.867062e-05,1.6000207e-05,-1.6756092e-05,-2.0671163e-05,2.0679056e-05,-6.405544e-06,-3.7088943e-05,-4.0361745e-05,2.9793013e-05,-1.3399846e-05,3.05161e-05,-9.0676185e-06,5.2430246e-06,0.00020875539,-1.7024984e-05,-3.3500487e-06,-3.7567625e-05,6.856597e-06,2.0238267e-05
45,-4.0830924e-05,-9.04932e-06,-7.0063965e-05,-0.00012172192,0.00013673684,-6.6259134e-05,0.00013159326,3.629964e-05,0.00010619535,7.9557314e-05,0.00011715882,5.680472e-05,4.3068358e-05,6.665709e-05,8.616005e-06,8.092522e-05,-4.6954236e-05,-0.00011755354,7.2776005e-05,-0.00012760684,8.101066e-06,0.00010154897,6.9372745e-06,0.00012386788,4.6732657e-06,-7.418535e-05,9.8608e-05,5.3240074e-05,9.893427e-06,-3.420752e-05,2.7736987e-06,-4.616689e-06,-2.1657484e-06,1.979894e-05,3.821398e-05,3.0504332e-05,-2.1350046e-05,4.7782964e-05,-4.181215e-06,2.7107872e-05,-1.0161406e-05,1.1275248e-05,3.0772094e-07,-2.6998314e-05,-1.7024984e-05,0.0002081133,-1.4363839e-05,8.889098e-06,-1.7829181e-05,-1.12759935e-05
46,-2.488555e-05,2.9769479e-05,-6.292533e-05,-7.271314e-05,-6.9154135e-05,-0.00014498181,0.00018354712,-1.4507682e-05,-9.906574e-05,-8.976624e-05,-0.00010283519,-6.41394e-05,-0.00010263593,-3.9397666e-05,7.857279e-05,7.9798185e-05,-6.579826e-05,-1.8938325e-05,6.203522e-05,7.781179e-05,3.2779946e-05,7.495217e-06,1.35244545e-05,-2.5572503e-05,2.7594697e-05,-7.1631202e-06,7.160145e-05,-1.65155e-05,3.0671974e-05,-3.6942125e-05,4.6974208e-07,5.420486e-05,1.0537478e-06,-7.6260886e-07,-1.4549618e-05,3.015417e-05,1.4511695e-05,-1.311978e-05,-1.884505e-05,6.614808e-05,1.2391092e-05,1.47947385e-05,4.106014e-06,-8.355082e-06,-3.3500487e-06,-1.4363839e-05,0.0002476164,-1.678974e-05,3.4963887e-05,-1.5572414e-05
47,0.000109557615,0.00010388976,9.458277e-05,-2.1885735e-05,-0.00011966334,-0.0001549186,0.00013960179,4.622876e-06,9.175666e-07,-2.6018073e-05,-1.3291974e-06,-2.064151e-05,-9.944296e-06,-4.3218854e-05,-5.159062e-05,8.120925e-05,1.6032704e-05,6.909587e-05,-5.307892e-05,-2.1582462e-05,1.3844376e-05,7.268443e-06,-6.066337e-05,2.4797228e-05,2.7421189e-05,2.3554672e-05,1.0618438e-05,-6.9884656e-05,-5.6469857e-05,-4.6294003e-06,6.999737e-07,-2.2455457e-05,2.3658267e-05,-2.13861e-06,-4.034532e-05,1.3025008e-05,-4.0311264e-05,3.293441e-05,-1.6659475e-05,2.0522042e-05,2.9968676e-05,2.5332347e-06,3.6745747e-05,5.7833577e-06,-3.7567625e-05,8.889098e-06,-1.678974e-05,0.00020726625,2.7775687e-07,2.346346e-05
48,4.3697648e-05,1.8566769e-05,-6.938272e-05,0.000113582224,0.00010147136,-3.2368816e-06,3.8666272e-05,8.8572175e-05,8.49761e-05,3.8871776e-06,9.666316e-05,9.804455e-05,4.480946e-06,3.73772e-06,-6.2706545e-07,3.78634e-05,0.00015190263,1.15869025e-05,-1.087757e-05,5.4001815e-05,7.811408e-05,4.1459367e-07,4.6472587e-06,-1.12970665e-05,-5.4337754e-05,2.6703492e-05,1.6708262e-05,-6.626918e-06,-6.9817164e-05,3.9990235e-05,-5.573336e-05,-4.155977e-05,-3.216107e-05,5.312022e-05,-2.6219588e-05,2.305568e-05,2.3602624e-05,-5.4172456e-06,-7.716721e-06,3.3052806e-05,2.2678265e-05,1.5785165e-06,-1.410318e-05,-4.5599027e-05,6.856597e-06,-1.7829181e-05,3.4963887e-05,2.7775687e-07,0.00016584697,2.252289e-06
49,-1.712099e-05,5.174325e-05,-4.725106e-05,-6.635571e-05,6.9571026e-05,4.890228e-05,9.131412e-06,2.4010651e-05,-9.947124e-05,-6.991595e-05,7.888778e-06,-7.06866e-05,4.0456725e-05,-9.810433e-06,-2.7228893e-05,2.9872064e-05,-3.4564173e-06,-2.6175383e-05,2.8058355e-05,-5.0129842e-05,4.7920585e-05,9.229955e-05,3.5611272e-05,-7.059179e-05,2.2174683e-05,-4.5024455e-05,1.8222887e-05,7.082458e-06,2.9816445e-05,1.6661244e-05,-2.139981e-05,-4.443371e-06,5.8922193e-05,4.865724e-06,-1.7496168e-05,3.899329e-05,5.228856e-06,-5.8619073e-05,-2.8829085e-05,3.251363e-06,5.8174255e-06,2.7985709e-05,-2.3638942e-05,-1.0589403e-05,2.0238267e-05,-1.12759935e-05,-1.5572414e-05,2.346346e-05,2.252289e-06,0.00015510751
