,0,1,2,3,4,5,6,7,8,9,10,11,12,13,14,15,16,17,18,19,20,21,22,23,24,25,26,27,28,29,30,31,32,33,34,35,36,37,38,39,40,41,42,43,44,45,46,47,48,49,50,51,52,53,54,55,56,57,58,59,60,61,62,63,64,65,66,67,68,69,70,71,72,73,74,75,76
0,132.2502,-41.430717,-62.769325,18.302593,29.752178,-5.2150493,10.45182,9.070986,-27.70969,13.65448,-9.944238,-9.341846,22.717243,-8.900202,-19.103273,2.2691996,-0.5382197,-4.6277666,-4.0023274,2.0755699,-4.3459578,-2.2220442,4.1226935,-6.3152857,3.3312879,-4.971075,-11.6874,-2.5673163,4.1249537,-1.4046674,0.3293537,2.730707,0.9699,3.6762495,1.9616747,-0.13310961,-1.0040939,0.78691316,0.20255005,1.1960874,0.4853353,0.3781019,0.99833536,-0.3484543,-2.4689531,-0.50156415,-0.9630316,0.37049192,-0.00026418484,-0.9410548,-0.14480059,0.7906674,-0.03088301,0.90620756,-0.76840866,0.20660254,-0.25020716,-0.05959245,-0.7497612,-1.3568798,-0.0050236234,0.843823,1.3379815,2.0182545,1.2106991,0.94352627,0.23632145,0.3166343,-0.549207,-1.062146,-0.14225473,-0.041051455,-1.4207228,-1.4925525,-0.79362833,-0.1396002,-0.20258002
1,-41.430717,104.72061,9.121698,-1.3539634,16.345884,-2.9742558,8.311321,12.822418,5.0902452,11.033554,10.190075,5.470292,-9.541521,2.91359,0.71136045,-0.35417444,19.089108,5.3354216,-6.209506,-1.6965138,3.3069177,-0.42326307,-0.45888332,6.675683,-5.0450525,-3.2998643,10.069082,0.8538654,-3.6187534,4.0024524,1.0265268,-1.981101,0.9892136,-8.053792,0.2590726,-0.12117511,3.6551244,1.5489106,-2.261889,1.2025524,3.3922756,2.0122056,2.288738,2.9853015,0.5635335,1.2632997,0.5456965,0.074392885,0.5494451,-3.338554,1.9661046,-1.6118608,-2.0164342,-0.9079195,3.9815602,-2.615914,0.96707827,0.09568204,1.5819873,0.049111728,0.79122245,0.74618125,0.08357981,-0.8194589,0.8575238,-0.9837402,0.4271497,0.40183592,0.4294213,-0.045469813,-1.3914691,0.61620015,0.054694876,-0.5440723,0.27491403,0.25056362,1.0456746
2,-62.769325,9.121698,63.848843,4.5866747,-8.792074,15.151165,-12.489439,0.76477015,12.2660885,-17.38869,-0.76933086,-1.8626853,-11.8870125,0.44193214,11.402561,3.1646953,-0.5054032,0.6673106,10.531363,1.8095143,-0.28771174,0.29255965,-4.1708164,4.404952,-0.25999188,0.36071172,3.7198138,0.73959994,-4.2222815,2.1862886,2.054066,-0.64832467,1.0951928,-0.48302203,-1.2163656,1.911085,-2.5238242,-1.4989737,-0.84987867,-0.17305484,-0.2421526,0.11305912,-1.1687031,0.83608305,0.61573374,0.6151502,0.79061884,0.22136928,-0.8559736,0.5215785,0.52765584,-0.4396034,0.2534818,0.5693306,1.0799367,-0.056825206,-2.0504832,-0.22308728,-1.3923299,0.09936924,-0.5406353,0.08889525,-0.11659479,-0.63457084,-1.267875,-1.2996314,0.14294577,0.26077688,1.338027,0.45405126,-0.46908128,-0.5519347,0.960737,0.5582808,0.02859831,0.56482095,-1.1540546
3,18.302593,-1.3539634,4.5866747,28.066605,-2.2302914,-13.325286,-0.7154083,-0.08056098,4.0677214,1.5543792,-6.233409,-4.6582174,-0.6217629,-0.08767529,-0.7375828,2.0358276,2.771624,-1.7463949,1.4149132,-1.309361,-0.51736057,2.4012227,-0.2500549,-0.7861941,0.011911274,0.23922223,-1.0710583,-0.51483685,0.710888,1.9305195,3.4787512,4.1675663,1.2146051,0.54706347,-0.5080403,1.2845387,-1.5943084,1.3911018,0.15391049,1.4246924,1.6236669,0.2634328,-0.18628168,-0.27813703,-1.2260001,-0.2991897,0.5644504,1.1299021,-0.065178506,-0.58342505,-0.24803057,1.1223054,0.38069803,1.252863,1.2428524,-0.827724,-1.3367493,-0.6016328,-0.099893495,-0.44154066,-1.3498266,-0.033173792,0.41116905,1.0447011,0.48951674,-0.69404423,0.6964866,0.14940627,0.41235593,-0.41865426,-0.70907265,-0.577565,-0.2128345,-1.0651312,-0.037895557,0.14715448,-0.51989996
4,29.752178,16.345884,-8.792074,-2.2302914,66.07841,-3.172782,-4.4999237,8.089836,-12.512693,7.5713615,-2.045266,-4.8995194,2.6186252,-9.940287,-1.2395457,2.4091165,4.0544987,3.4051301,-2.669116,2.169394,5.7276335,-1.2574813,-3.806913,1.6106155,-4.9470367,-0.29180503,-3.3961194,0.63003165,-2.4086666,0.65270334,1.4078176,0.8287244,-3.5778356,0.5337071,1.8351059,-2.0587559,2.514904,-0.87031066,-1.1414089,2.615885,-0.5569154,0.6369488,1.1466627,2.0190425,-0.24773568,-0.08811407,-0.26626563,0.23409694,0.56550306,0.20577191,-0.39659894,-1.3932858,-1.2423847,0.8608653,-0.8794459,0.27307895,0.85463375,-0.44135153,-0.47515136,-1.0113794,0.14492428,1.4369348,0.36720353,-0.047412112,-0.34783107,0.02227816,-0.2911747,0.6853491,1.1790278,-1.0982695,-0.32990408,-0.3470232,1.0999873,0.32400063,0.8349895,0.76724935,-1.0698391
5,-5.2150493,-2.9742558,15.151165,-13.325286,-3.172782,66.645515,14.336213,-1.8461914,-0.06297657,-3.8810825,0.46542817,2.2277403,4.3380594,-3.8095179,-2.2499871,2.4078465,-3.7963176,1.9982578,4.9738584,7.912505,-1.1028903,-0.13704658,2.3329206,1.0052614,4.1640444,3.1148596,-4.0730133,-1.8414197,0.7574955,2.3597226,-1.7126973,-0.3393615,3.2563694,-1.4691861,-1.7080064,3.189464,0.80930614,0.8697768,-3.174336,-0.7857388,-0.03917294,0.8316636,-1.882681,1.8039016,0.40155613,0.166988,-0.41017607,-0.9854211,-1.5346801,-0.002101145,-0.23339166,-2.7335556,-0.92890376,-0.94374603,0.4057557,0.081687786,-0.48217,0.041962914,-0.9412441,-0.0051902696,1.1253092,5.4591537e-06,-0.26366314,0.25786224,0.08883765,-0.2317987,0.11153596,-0.31083804,0.3695884,0.60241747,0.046659578,-0.7300662,0.12190035,0.4247356,-0.12785034,0.008847522,-0.15140462
6,10.45182,8.311321,-12.489439,-0.7154083,-4.4999237,14.336213,24.167639,-1.6285089,3.0271845,6.5430727,0.047979128,0.49475956,3.0377855,-1.3770764,-3.9430318,-0.5352871,2.8853412,1.5612775,-1.7431983,2.1726856,0.42184442,2.7518125,-0.42390049,-1.3901908,4.421957,-1.0375597,-0.090228856,0.32739717,1.0243697,2.284528,-1.4575996,1.3843194,2.3998556,-3.0960548,-1.5096133,1.1330168,0.12901424,1.4145119,-0.16286603,-1.0596639,-0.18981719,1.5319797,1.4484706,-0.4428959,-1.5515399,-1.2608588,-0.722263,-1.024792,0.43128562,0.30888897,0.54450643,-0.6749289,0.16837457,-1.0028012,-0.28672802,-0.42869094,0.67653763,0.9812515,1.327241,-0.2257691,-0.031942334,-0.003960099,-0.06384466,1.0656476,0.23353606,0.60740745,0.30481875,-0.5076891,-0.18650344,-0.35517728,-0.08747721,-0.05628954,0.084801175,-0.2548863,0.60385704,-0.23660403,0.67071426
7,9.070986,12.822418,0.76477015,-0.08056098,8.089836,-1.8461914,-1.6285089,33.527496,-5.092512,5.191447,-7.2773676,-0.061027218,-1.5519677,-4.869438,-1.7237933,1.2297665,6.276268,-3.1376565,-1.1567482,1.440784,-1.334027,1.4116075,3.0238562,-1.1367527,-0.18681362,-0.92566776,4.6449084,-4.98826,-1.7536343,-0.79084027,0.6305331,-2.2211165,1.0430992,0.04661657,-0.23662311,0.45064795,0.5380466,-0.14019676,-0.8445049,-3.2133255,-0.8891896,-0.6380164,0.54181147,-0.40997455,-0.6632159,-0.25725394,0.9413648,-1.1137216,-1.6265953,-0.9250979,0.46803492,1.0358146,-1.0144562,-0.20333382,0.38921455,0.3400472,-1.6946723,0.34004986,-0.10681542,0.1179885,-0.5971972,0.7983216,-0.46402884,0.107798755,-0.17492288,-0.35876226,-0.60875,-0.034858473,0.3886394,-0.3660962,-0.07368181,-0.07302678,0.17178981,0.42760956,-0.5990478,-0.060047135,-0.1707461
8,-27.70969,5.0902452,12.2660885,4.0677214,-12.512693,-0.06297657,3.0271845,-5.092512,22.92893,-0.71490127,1.0827754,2.7263732,-3.2169917,-1.145832,3.8122544,0.18508184,-2.5872736,0.38106054,-0.12836048,0.28952423,1.4530934,5.2080307,-1.1600666,-1.0709631,0.72300243,2.4105973,0.6443566,-0.45981348,-1.4197505,0.1794154,0.39407864,0.94030184,-0.40608984,-0.4705823,-1.4243078,0.8758584,1.2110825,2.8204982,-0.19440325,0.70873433,-0.5348389,-0.36952806,0.8153851,-0.2344507,-0.5444449,-0.15564668,0.5607643,0.055722393,0.24618217,0.82875645,0.059805587,-0.1964456,0.055108882,-0.46026677,1.0073552,-0.46166772,-0.3099543,0.6074579,-0.1570474,-0.5370079,-1.4942653,-0.15337908,-0.062080406,-0.25679827,0.20611504,0.4020369,0.0042805765,0.06599653,0.35766482,-0.14198804,0.083393514,-0.060759127,0.80556595,0.46596587,0.6437079,0.089205265,0.26512194
9,13.65448,11.033554,-17.38869,1.5543792,7.5713615,-3.8810825,6.5430727,5.191447,-0.71490127,25.551392,-6.0061626,5.321638,0.7583581,-1.1303027,-6.392343,1.292037,1.1134567,0.7263067,1.0243807,0.13987988,2.4297857,-4.9964275,-0.6521678,-0.6400486,0.43706775,4.476493,1.486196,-2.6744616,-1.1609927,-0.37574124,0.91638035,-0.48793513,1.5077348,-0.5837164,-0.08514264,0.09011599,1.983205,0.4500941,1.7545474,-0.002023092,-0.5897876,1.6117139,0.2031984,-0.70969427,1.3319356,-0.6645924,0.89213026,1.1405556,0.28748727,-0.10590871,0.25850558,-0.2526,-0.21035667,-0.011909362,-0.18962488,0.13364086,0.42691082,-0.07231127,1.208785,0.16449231,-0.6323208,-0.49814,-0.4033435,-0.396954,0.5306664,0.21968564,0.35619277,0.3292669,-0.39525113,-0.32054633,0.3541292,0.047358386,0.13068114,-0.43467277,0.3464576,0.47228664,0.026638124
10,-9.944238,10.190075,-0.76933086,-6.233409,-2.045266,0.46542817,0.047979128,-7.2773676,1.0827754,-6.0061626,19.179035,4.7575827,4.646781,2.7681758,1.3957701,-0.96013343,3.3092546,-1.4661776,-0.76353204,-1.4392366,0.30112788,0.03976763,0.24572463,-1.3009117,-0.5193903,-3.8184016,0.8172204,0.253554,-0.9953367,2.9391034,-1.1501534,0.3681869,-0.79005015,-1.7171123,1.5134265,0.5007131,1.8419266,-1.078552,-0.3238449,0.75687194,-0.7609776,-0.6243679,0.17757723,-0.020537827,-0.61342716,0.60154444,0.03288459,0.31960878,0.7960219,0.7611151,-0.20308706,-0.019042633,0.23176244,0.7299855,-0.40321124,-0.18870933,0.38545308,-0.12111203,0.65475583,-0.75530684,0.7111265,-0.5003344,-0.13604496,0.08456879,-0.053993843,0.23627713,-0.09277038,0.022069708,0.27060747,0.22453198,-0.58539134,0.6376784,-0.43730998,0.5294764,-0.0077614393,-0.20284137,0.74191964
11,-9.341846,5.470292,-1.8626853,-4.6582174,-4.8995194,2.2277403,0.49475956,-0.061027218,2.7263732,5.321638,4.7575827,14.442738,4.0346966,3.0523634,1.4089258,1.865972,-1.5699778,-1.0663255,-1.9870002,0.36129183,-0.46027642,-1.1774085,-0.9317706,0.06847108,-0.75206876,3.166133,-0.28611755,-0.61834234,-0.98106945,0.8324151,-0.5491581,-0.86060816,0.49693483,-1.5008845,0.46734148,-0.3403924,2.378532,-0.18264496,0.40192592,-0.4023036,-0.38229346,0.06971076,-1.0698645,-0.1045945,0.206063,0.36440235,-0.30459213,1.0381392,-0.698688,-0.4477644,-0.33704776,0.16464141,-0.46049842,0.4697224,-0.38105363,0.16723755,-0.23003604,0.1626198,0.9201817,0.54529524,0.056822002,-0.42462856,-0.46820873,0.3648169,0.14545794,-0.63225096,-0.7068479,0.14130658,0.16126081,-0.48971456,0.43183267,0.42452782,0.062406592,-0.05772304,0.39581168,-0.038901336,0.06907
12,22.717243,-9.541521,-11.8870125,-0.6217629,2.6186252,4.3380594,3.0377855,-1.5519677,-3.2169917,0.7583581,4.646781,4.0346966,15.940786,-0.63736105,-3.6379025,1.879593,-2.971284,-1.007571,0.3709329,1.3934443,-1.8625803,-0.7542784,0.60163426,-0.6524323,0.38887382,-1.6776384,-0.72055054,0.47016042,-0.69960594,1.826837,-1.5781889,-0.22049686,-0.69605875,-0.2501896,0.8186295,-0.59129107,1.1470397,1.747895,1.2747617,0.39256006,-0.31808937,0.22019051,-0.6561097,-1.3497368,-0.7184222,0.11540565,-0.76738966,-0.62454736,0.0260684,-0.18831483,-0.24934757,0.7003162,-0.74131846,0.39179674,0.24942985,0.9028268,-0.59298486,0.9227567,-0.46450663,-0.78886104,0.025075143,0.38438603,0.17312501,0.63209546,-0.45904437,-0.2513407,0.18648422,0.21283522,-0.0068543227,-0.28963742,-0.042785425,0.42269948,0.012042341,-0.04727494,-0.12649857,-0.4216982,-0.10350697
13,-8.900202,2.91359,0.44193214,-0.08767529,-9.940287,-3.8095179,-1.3770764,-4.869438,-1.145832,-1.1303027,2.7681758,3.0523634,-0.63736105,11.325568,0.70429945,-1.3417983,-1.1750898,1.4888213,1.792744,-0.101149045,-0.60973674,-2.879058,-0.13778052,-1.0774305,-0.9335799,-0.72365916,1.2008862,0.65881866,-0.6079546,0.84366083,-0.54769063,0.8726542,-0.15591943,0.74490595,0.050862573,0.25052387,-0.17504004,-0.49103,-0.14933789,0.18447608,0.86318165,0.097585484,-0.2855209,0.06687946,-0.85151833,0.7503184,0.75032973,-0.8630663,-0.32000265,-0.5189394,0.24403107,0.3513655,-0.5953261,0.4870155,0.18441793,-0.60645217,0.09608091,-0.7923701,1.2764475,0.9585862,0.033900127,0.25581825,-0.46205914,0.20205444,0.33142546,-0.21996662,-0.2910542,0.054875907,0.19860289,-0.026177876,-0.06630041,0.5006449,-0.24656639,0.20190933,-0.1780599,-0.21974783,-0.24511902
14,-19.103273,0.71136045,11.402561,-0.7375828,-1.2395457,-2.2499871,-3.9430318,-1.7237933,3.8122544,-6.392343,1.3957701,1.4089258,-3.6379025,0.70429945,11.680744,2.5862284,-1.5805268,-1.7370963,-1.9745619,0.17477062,-1.012749,1.4300085,0.18482037,1.1600068,-2.462245,0.004448233,0.46348658,0.08766133,0.27857298,-0.9108672,1.0187674,0.91874605,-1.0502837,-0.75340647,-0.2653268,-0.31677672,0.16058433,-0.48837453,0.22772732,-0.35607433,-0.36226296,-0.65183294,0.88905174,-0.7221895,-0.6418601,0.01049508,0.16280314,-0.04720868,-0.06599155,0.43179882,0.27219576,-0.31562966,0.5943088,0.28726578,-0.51913273,0.029368415,-0.0337392,-0.04457892,0.34219617,-0.19167364,-0.22686584,0.049849562,-0.102811754,0.85763204,-0.98536223,-0.4054625,-0.6030915,0.3297436,-0.061775006,-0.21270454,0.06616089,-0.48914284,0.31536683,-0.44038558,0.25786602,0.34617543,-0.16488215
15,2.2691996,-0.35417444,3.1646953,2.0358276,2.4091165,2.4078465,-0.5352871,1.2297665,0.18508184,1.292037,-0.96013343,1.865972,1.879593,-1.3417983,2.5862284,9.753217,0.33604854,-0.039394096,0.87597275,0.9569622,-1.2437456,-2.1746082,0.8900728,-0.18680584,0.9791757,0.82897556,-0.008078029,0.083684504,-1.0372825,-1.7442682,0.35262397,0.5911097,0.8146434,-1.1081806,-0.3771274,-0.18489942,-0.30374706,0.40856946,0.18783498,0.39422864,1.6286125,-1.5589216,0.07671611,-0.84542847,0.2665106,0.27571443,-0.57707393,0.503564,-0.71600044,1.0067881,0.098906,0.052467465,0.27496055,0.8847445,-0.010824202,-0.42059845,-0.3750943,0.33679366,0.056812406,-0.19333398,-0.21767348,0.12803403,0.4149022,0.30999643,-0.2255673,0.13098188,-0.25449926,0.040680476,-0.18331704,-0.34833145,-0.035922363,0.40830114,0.28959858,-0.35718697,0.5968078,0.7495693,-0.15485145
16,-0.5382197,19.089108,-0.5054032,2.771624,4.0544987,-3.7963176,2.8853412,6.276268,-2.5872736,1.1134567,3.3092546,-1.5699778,-2.971284,-1.1750898,-1.5805268,0.33604854,14.738432,-0.008242857,-1.3875258,-0.9416879,0.8171939,0.8411463,-0.08635692,-1.8885491,2.258845,-1.4424434,1.4965318,0.2715292,-0.09048572,-0.08423719,-0.86581945,0.4412145,-0.24903394,-2.562275,0.96578056,-0.08861746,0.2152603,-1.1437526,-1.4583025,-0.0754548,1.2284088,-0.0059968997,-0.105339676,0.5485327,-0.45521003,-0.9716386,0.40604284,0.0343942,-0.33975852,-0.17670105,-0.2594126,0.21888629,0.2458449,-0.22165266,0.30076894,0.3657154,-0.03367372,-0.6236297,0.28912896,-0.057195917,-0.061272494,-0.05983488,0.059400164,0.46094024,-0.2210868,-0.43801767,-0.058671936,0.409364,0.14458625,0.5902828,0.027909279,0.3125746,0.25938997,-0.090515256,-0.21950391,0.24644825,0.42148072
17,-4.6277666,5.3354216,0.6673106,-1.7463949,3.4051301,1.9982578,1.5612775,-3.1376565,0.38106054,0.7263067,-1.4661776,-1.0663255,-1.007571,1.4888213,-1.7370963,-0.039394096,-0.008242857,7.7220216,-0.590947,0.22780687,1.1241672,-2.5446374,1.0025017,0.33621866,-0.42249107,0.8918427,-0.39738622,1.6089003,-1.0425482,-0.629967,0.25195855,-0.95961696,-1.2684987,-1.5108204,0.13405135,-0.28848672,-0.5516876,1.6173472,-0.12575246,-0.15576637,0.87772393,0.6840817,-1.0911354,-0.8416353,-0.20604908,-0.33627957,0.7236585,-0.76113546,0.34748435,0.24520925,-0.5040712,-0.25858355,-0.13420157,0.015846584,0.276376,-0.5442146,0.59253347,-0.3336658,-0.2634546,0.7195586,0.28367084,0.33962443,0.04325998,-0.12763378,0.07219139,0.14168885,0.30375776,-0.23169929,0.094025716,0.083490975,-0.33185288,-0.21411404,0.11502497,0.37152314,0.5133059,-0.034764417,0.012030578
18,-4.0023274,-6.209506,10.531363,1.4149132,-2.669116,4.9738584,-1.7431983,-1.1567482,-0.12836048,1.0243807,-0.76353204,-1.9870002,0.3709329,1.792744,-1.9745619,0.87597275,-1.3875258,-0.590947,11.290038,0.23750967,-0.25155568,-1.4360621,-2.6244946,-1.0494344,1.3427196,0.382944,1.2276589,-1.0337703,-0.9762468,0.7041483,0.34191683,0.6649865,0.77997345,0.38575605,0.30166936,0.5912956,-0.63539785,-0.37358904,1.0441313,0.14867947,0.0018061002,0.37842807,-0.89508885,-0.61970025,0.12623894,0.086461514,0.77636695,-0.1244531,0.8759042,0.3370357,0.9410061,-0.7557626,0.06874904,0.363262,0.30697262,0.46907496,-0.20310447,-0.35538238,0.0035696207,-0.14461938,0.17017233,0.79938936,-0.29812983,-0.68054223,-0.5084008,0.14290863,0.4762789,0.77510464,0.3676117,0.19176531,-0.02096248,0.3837008,0.100224584,-0.06365377,-0.09513542,-0.0583886,-0.45353705
19,2.0755699,-1.6965138,1.8095143,-1.309361,2.169394,7.912505,2.1726856,1.440784,0.28952423,0.13987988,-1.4392366,0.36129183,1.3934443,-0.101149045,0.17477062,0.9569622,-0.9416879,0.22780687,0.23750967,8.719328,-1.6214848,-2.4641533,-0.16476858,-1.3649795,-0.5646105,0.008795418,0.3817071,-0.48040313,-0.8187415,0.67448604,-0.70183825,0.39007366,-0.40438363,0.651358,-0.5909405,-0.036783524,0.3645168,-0.5116266,-0.19474292,-0.12350253,0.24261183,-0.1359661,1.4672852,0.41000563,-0.016594317,0.617664,-0.48152915,-0.22022113,-0.7061947,0.2042338,0.4138177,-0.09012081,-0.40238324,-0.30362988,-0.75028026,-0.34149557,-0.12498095,-0.15699574,0.14998198,0.2933095,-0.1321638,-0.38502192,0.37220323,0.3351875,-0.3587251,0.10415412,0.28782055,0.38606358,-0.17543799,-0.50337934,-0.07778032,-0.480499,0.26609123,0.13567194,0.018710606,-0.12392681,0.22649533
20,-4.3459578,3.3069177,-0.28771174,-0.51736057,5.7276335,-1.1028903,0.42184442,-1.334027,1.4530934,2.4297857,0.30112788,-0.46027642,-1.8625803,-0.60973674,-1.012749,-1.2437456,0.8171939,1.1241672,-0.25155568,-1.6214848,6.8693495,1.3545718,-0.044682194,-0.63846797,0.3587702,2.0986345,0.18805926,0.6257347,-1.1624568,-0.027229939,-0.027434364,-0.044144012,0.19115701,1.280865,-0.4759304,0.12771001,0.16052064,-0.3381526,-0.10395928,1.349569,-1.3929608,-0.32727134,-0.115795985,0.23855472,0.52872586,-0.053184435,0.17273897,-0.712364,0.08540253,0.38300747,-0.023848347,-0.5563601,-0.35157976,0.5288142,0.32869744,0.37013453,0.82486355,0.044009477,0.35709837,0.33098614,0.12245336,-0.1523585,0.18337737,-0.18304075,-0.011057379,-0.14840981,0.08124614,-0.1457837,0.4275521,0.3872116,-0.17127609,-0.23758167,0.38749546,0.092247926,0.23314813,-0.03905846,0.2119898
21,-2.2220442,-0.42326307,0.29255965,2.4012227,-1.2574813,-0.13704658,2.7518125,1.4116075,5.2080307,-4.9964275,0.03976763,-1.1774085,-0.7542784,-2.879058,1.4300085,-2.1746082,0.8411463,-2.5446374,-1.4360621,-2.4641533,1.3545718,9.3433,-0.6329725,-1.1368968,0.093553804,-0.13954271,-0.31032646,-0.0027033726,2.320945,1.1874702,0.31295055,1.4692595,-0.8796994,0.31668806,-0.68328786,-0.33486512,0.5081432,1.1715795,-0.6517123,-0.08623271,-0.0798361,-0.065358326,-0.7848144,0.4744525,-0.7135135,-0.12285341,-0.50755817,-0.13901319,-0.082632236,-0.3403383,-0.0925948,-0.35397476,-0.14956273,-0.1162274,0.34723884,0.68556404,-0.31066316,0.72861147,0.25231725,-0.27278203,0.14971678,0.4675803,0.09185405,-0.041771717,-0.017286368,-0.076105356,-0.35989973,-0.08845374,0.059528887,-0.07105653,0.29474998,-0.053506926,0.109987065,-0.16872087,0.1430914,-0.14007369,0.18088922
22,4.1226935,-0.45888332,-4.1708164,-0.2500549,-3.806913,2.3329206,-0.42390049,3.0238562,-1.1600666,-0.6521678,0.24572463,-0.9317706,0.60163426,-0.13778052,0.18482037,0.8900728,-0.08635692,1.0025017,-2.6244946,-0.16476858,-0.044682194,-0.6329725,5.678493,-0.89454406,-0.8276539,0.47722346,0.0032293824,-0.74437904,-0.58979875,-0.64612865,-0.17739537,-0.355959,-0.23526874,-0.38642204,-0.56233054,0.32207793,-0.738698,0.3169961,-0.3828066,-0.33346105,1.0986521,-0.29038957,-0.092405066,-0.86141354,0.2652833,0.123300694,0.30535987,-1.1561275,-0.24601047,0.69423485,-0.43148342,0.34941587,-0.0025633376,0.07984637,0.42823628,0.09577908,-0.25795835,-0.060153328,-0.15449663,-0.11047767,0.31140286,-0.0059351563,0.08679492,-0.022509435,0.3482315,-0.054924615,0.01566092,-0.19093305,-0.19779459,0.36559188,-0.16517548,-0.47297257,-0.24925911,-0.31161958,-0.37235308,0.18582872,0.45890406
23,-6.3152857,6.675683,4.404952,-0.7861941,1.6106155,1.0052614,-1.3901908,-1.1367527,-1.0709631,-0.6400486,-1.3009117,0.06847108,-0.6524323,-1.0774305,1.1600068,-0.18680584,-1.8885491,0.33621866,-1.0494344,-1.3649795,-0.63846797,-1.1368968,-0.89454406,7.504345,-0.867116,0.27570963,0.003228472,1.3711059,-0.038670555,1.1019704,0.36689937,-1.27688,1.3300455,-1.123657,0.25262466,-0.82590824,-0.25916502,-0.1580561,0.57526934,-0.006013386,0.3649482,0.083641514,0.7749635,0.41386637,0.7236872,-0.11451693,-0.45412755,0.34490585,0.33548164,-0.28680587,0.26756263,-0.35245037,-0.3309384,-0.0005335746,0.35905242,-0.027518552,-0.17284507,-0.15169889,-0.36615556,-0.46066913,-0.3371725,0.21068558,-0.5076287,-0.12311412,0.14021242,-0.5079161,0.022358207,-0.30163658,-0.40770656,-0.06934546,-0.14610806,-0.21806392,-0.26252207,0.24376762,0.13612932,-0.21833853,-0.26295966
24,3.3312879,-5.0450525,-0.25999188,0.011911274,-4.9470367,4.1640444,4.421957,-0.18681362,0.72300243,0.43706775,-0.5193903,-0.75206876,0.38887382,-0.9335799,-2.462245,0.9791757,2.258845,-0.42249107,1.3427196,-0.5646105,0.3587702,0.093553804,-0.8276539,-0.867116,6.1909103,-0.11773422,-0.051256195,-0.41985416,0.746492,-0.57756865,-0.7375231,-0.44824302,0.69760424,0.24499327,-0.33916873,0.039376073,-0.9020301,0.016576098,-0.36025822,1.0140042,-0.18426669,-0.15786782,0.43756795,-0.32864928,-0.40716732,-0.4983233,0.23422876,-0.20745072,-0.31236959,-0.04634927,-0.09060342,0.19878389,0.5007024,-0.54026085,-0.6032984,0.20773514,-0.29831773,0.45297492,0.4376496,-0.07101469,-0.122838706,-0.13077298,0.09973227,-0.36851305,-0.016376158,-0.064705744,-0.18109885,-0.40079927,-0.16278529,0.30011827,-0.05836488,0.114150465,-0.068996504,0.18141249,0.2698376,0.20425609,-0.10814828
25,-4.971075,-3.2998643,0.36071172,0.23922223,-0.29180503,3.1148596,-1.0375597,-0.92566776,2.4105973,4.476493,-3.8184016,3.166133,-1.6776384,-0.72365916,0.004448233,0.82897556,-1.4424434,0.8918427,0.382944,0.008795418,2.0986345,-0.13954271,0.47722346,0.27570963,-0.11773422,7.2996473,-0.38113326,0.23702535,0.20435472,-0.6758723,-0.1986587,0.71986246,0.026886173,0.19022582,-0.4967053,-0.79791576,0.54604244,-0.083831444,0.28050917,0.3577677,0.55409586,-0.31231174,-0.5807539,-0.17777191,0.8142074,-0.1500625,0.16915356,-0.09446011,-0.3098693,0.16625074,-0.72570205,-0.037528448,0.19486685,0.058783524,0.060167387,0.2422499,-0.34244502,-0.6241857,0.3424278,0.14294294,-0.08659366,0.042430542,0.16468292,-0.041249357,0.23221064,-0.44419476,0.24455182,-0.08664924,0.23228705,0.32423532,0.29105943,-0.16378832,0.10559447,0.0034199506,0.20009637,-0.257424,-0.02170873
26,-11.6874,10.069082,3.7198138,-1.0710583,-3.3961194,-4.0730133,-0.090228856,4.6449084,0.6443566,1.486196,0.8172204,-0.28611755,-0.72055054,1.2008862,0.46348658,-0.008078029,1.4965318,-0.39738622,1.2276589,0.3817071,0.18805926,-0.31032646,0.0032293824,0.003228472,-0.051256195,-0.38113326,7.521877,0.08858949,-0.076988444,1.1537201,-0.14810218,-0.22772452,0.31934327,0.54785216,-0.05150302,0.63260436,0.6307097,0.54621005,0.61591846,-0.6704812,-0.069683835,-0.106256574,0.060290337,-0.2680611,0.687134,0.11853403,-0.56710994,-0.5392492,0.16159451,0.14165965,0.003392697,0.74040616,-0.36742467,-0.6293133,-0.31691563,-0.4953878,-0.311025,0.17662558,0.33832204,0.027267393,0.009465242,0.22195375,0.028828442,-0.46740478,-0.43469447,0.22681269,0.43198055,-0.20800573,-0.35549638,0.15821241,-0.10645177,-0.007256241,0.07199919,-0.19006038,0.026292764,-0.15760377,0.022671144
27,-2.5673163,0.8538654,0.73959994,-0.51483685,0.63003165,-1.8414197,0.32739717,-4.98826,-0.45981348,-2.6744616,0.253554,-0.61834234,0.47016042,0.65881866,0.08766133,0.083684504,0.2715292,1.6089003,-1.0337703,-0.48040313,0.6257347,-0.0027033726,-0.74437904,1.3711059,-0.41985416,0.23702535,0.08858949,5.340502,0.24954952,-0.6076065,0.030046968,-0.7055026,0.29966336,-0.6439666,1.3656851,-0.058591887,-0.20537874,0.17196977,-0.0029566828,0.40539533,0.083779044,0.10286087,0.32632226,0.16652326,0.5733601,-0.023291107,-1.0248278,-0.4522861,-0.023234753,-0.3285965,-0.08582844,-0.017242275,0.23417082,0.2825547,-0.12742472,0.076321244,-0.16740215,0.11214157,0.18158492,0.17011175,-0.042924076,0.19142862,0.33251083,0.29966587,0.14745662,-0.0523367,0.28692284,0.08328061,-0.0015685057,0.32992914,0.40933985,0.13332254,0.11677495,-0.0951035,-0.09725164,-0.2316563,0.12993562
28,4.1249537,-3.6187534,-4.2222815,0.710888,-2.4086666,0.7574955,1.0243697,-1.7536343,-1.4197505,-1.1609927,-0.9953367,-0.98106945,-0.69960594,-0.6079546,0.27857298,-1.0372825,-0.09048572,-1.0425482,-0.9762468,-0.8187415,-1.1624568,2.320945,-0.58979875,-0.038670555,0.746492,0.20435472,-0.076988444,0.24954952,4.3184633,-0.6946871,0.25354356,1.3203173,-0.04211355,0.12846875,0.6067527,-0.48021656,0.28283408,0.27170402,0.009658421,-0.4949928,-0.03571607,0.019774713,-0.77881944,0.399755,-0.44110078,-0.07731417,-0.17910072,0.58043945,0.36923033,-0.6244854,-0.1795327,-0.118731275,0.20669565,-0.39403498,-0.63497055,-0.32147792,0.04596643,-0.01344928,0.032775067,0.19181508,0.10801183,-0.33628756,0.027185095,-0.35972226,0.0338694,-0.30540127,0.40592086,-0.07220142,-0.2838925,-0.1528739,0.20001936,0.038232565,-0.2297186,-0.20395866,0.037468355,-0.123417534,0.13398276
29,-1.4046674,4.0024524,2.1862886,1.9305195,0.65270334,2.3597226,2.284528,-0.79084027,0.1794154,-0.37574124,2.9391034,0.8324151,1.826837,0.84366083,-0.9108672,-1.7442682,-0.08423719,-0.629967,0.7041483,0.67448604,-0.027229939,1.1874702,-0.64612865,1.1019704,-0.57756865,-0.6758723,1.1537201,-0.6076065,-0.6946871,4.6626406,-0.14709869,0.64717454,-0.053931005,0.0022869646,-0.29757303,0.024302289,0.6135746,-0.3977246,-0.0049734768,0.059407093,0.53442144,0.37668094,-0.25974008,0.19153741,-0.18499292,0.31822288,-0.16124028,0.35397977,-0.19447702,0.13342443,-0.16193613,0.09217173,-0.10244163,0.06740525,0.3596026,0.18238501,-0.6580645,-0.07911707,0.23339587,-0.44071132,-0.01089349,0.052251592,-0.28830165,0.030124668,0.007155533,0.17088881,-0.009258561,-0.08294179,-0.23258221,-0.16142423,-0.33227563,-0.36090052,-0.31938344,0.16235928,0.12442197,-0.044709325,-0.24206173
30,0.3293537,1.0265268,2.054066,3.4787512,1.4078176,-1.7126973,-1.4575996,0.6305331,0.39407864,0.91638035,-1.1501534,-0.5491581,-1.5781889,-0.54769063,1.0187674,0.35262397,-0.86581945,0.25195855,0.34191683,-0.70183825,-0.027434364,0.31295055,-0.17739537,0.36689937,-0.7375231,-0.1986587,-0.14810218,0.030046968,0.25354356,-0.14709869,3.056751,0.11321126,0.29297185,0.05080529,-0.02928799,0.5833727,0.08710605,1.1166592,0.54176235,0.09361317,-0.5592126,0.3077866,-0.006429797,-0.42405608,0.31920773,0.05673988,0.25210878,0.43794748,-0.14855294,-0.5118358,0.046909012,-0.16841945,0.13382241,0.2520404,-0.1926615,-0.40744662,-0.08869327,0.033112288,0.11063572,-0.07975333,0.12137523,-0.09301406,-0.18991151,0.22549838,0.06320017,-0.2955531,-0.13399571,0.019763146,0.0048499564,0.008369653,-0.35428962,-0.19465488,-0.19020733,-0.26701242,0.01637484,0.0070682676,-0.12734607
31,2.730707,-1.981101,-0.64832467,4.1675663,0.8287244,-0.3393615,1.3843194,-2.2211165,0.94030184,-0.48793513,0.3681869,-0.86060816,-0.22049686,0.8726542,0.91874605,0.5911097,0.4412145,-0.95961696,0.6649865,0.39007366,-0.044144012,1.4692595,-0.355959,-1.27688,-0.44824302,0.71986246,-0.22772452,-0.7055026,1.3203173,0.64717454,0.11321126,3.7019753,-0.033018522,0.45704347,-0.51325154,0.15536624,0.058531635,-0.19543105,0.4733022,-0.026409259,0.59955657,0.34945595,0.24889085,0.39657956,-0.842775,-0.19111264,-0.018661898,0.08371362,0.003242609,0.70892704,-0.55034435,0.20935719,-0.20106915,-0.02163696,-0.079074614,-0.2725491,0.4014414,-0.5918461,0.019458953,-0.22008955,-0.19912708,0.017348256,-0.16216931,0.17856432,0.027779706,-0.3947298,0.12732673,0.06323697,0.17812291,-0.15594183,0.03338781,0.08987948,-0.09575023,-0.10627632,0.04188817,-0.09894404,0.033428617
32,0.9699,0.9892136,1.0951928,1.2146051,-3.5778356,3.2563694,2.3998556,1.0430992,-0.40608984,1.5077348,-0.79005015,0.49693483,-0.69605875,-0.15591943,-1.0502837,0.8146434,-0.24903394,-1.2684987,0.77997345,-0.40438363,0.19115701,-0.8796994,-0.23526874,1.3300455,0.69760424,0.026886173,0.31934327,0.29966336,-0.04211355,-0.053931005,0.29297185,-0.033018522,2.953427,-0.27021253,0.021057054,1.137403,-0.25632632,-0.39616486,0.056945853,-0.4776409,-0.5326811,-0.3263904,0.39400136,0.4246816,0.45970887,-0.09787181,-0.65142363,0.15451187,-0.10804924,-0.1702291,0.3684458,-0.22222099,-0.06702999,0.13418229,-0.06447241,-0.41615272,0.28167126,0.07249251,-0.13935068,0.034898087,-0.3406849,-0.083741635,-0.32774353,0.23401368,0.279095,0.04168954,-0.01345473,-0.11996403,0.2032599,0.08174882,0.072522774,0.08684236,-0.061185718,-0.04659053,-0.1988032,-0.13311824,0.03477495
33,3.6762495,-8.053792,-0.48302203,0.54706347,0.5337071,-1.4691861,-3.0960548,0.04661657,-0.4705823,-0.5837164,-1.7171123,-1.5008845,-0.2501896,0.74490595,-0.75340647,-1.1081806,-2.562275,-1.5108204,0.38575605,0.651358,1.280865,0.31668806,-0.38642204,-1.123657,0.24499327,0.19022582,0.54785216,-0.6439666,0.12846875,0.0022869646,0.05080529,0.45704347,-0.27021253,4.351396,-0.4990418,0.766873,0.0036140222,-0.416652,-0.11949183,0.7537791,-0.20635039,-0.07013878,0.24035871,0.83309436,0.050358474,0.2899251,-0.37442005,-0.46801203,-0.36652422,0.45036864,0.10047252,0.17737772,-0.60786617,0.14066836,-0.2162012,-0.10204372,-0.18414918,0.023841232,-0.03552644,0.10415821,-0.17324448,-0.09531881,0.101244226,-0.14031194,-0.056224458,0.016247043,0.1126004,0.13258871,-0.2530514,0.1933208,-0.069594465,0.041240595,-0.12375647,0.08607438,-0.048153985,-0.020723019,-0.19283946
34,1.9616747,0.2590726,-1.2163656,-0.5080403,1.8351059,-1.7080064,-1.5096133,-0.23662311,-1.4243078,-0.08514264,1.5134265,0.46734148,0.8186295,0.050862573,-0.2653268,-0.3771274,0.96578056,0.13405135,0.30166936,-0.5909405,-0.4759304,-0.68328786,-0.56233054,0.25262466,-0.33916873,-0.4967053,-0.05150302,1.3656851,0.6067527,-0.29757303,-0.02928799,-0.51325154,0.021057054,-0.4990418,2.2341921,0.42164034,0.5713489,-0.24384883,-0.05657997,-0.21138081,-0.30922616,-0.06534994,-0.30748734,0.09507954,-0.26370645,-0.19132715,-0.003822145,0.10570662,0.35357672,-0.21311595,-0.15181836,-0.17764844,0.20666312,0.23816717,-0.27444094,0.25127327,-0.19150528,-0.5874567,-0.17310652,0.16396753,-0.15238541,-0.037255783,-0.11387321,0.0635881,0.17798986,0.08268505,0.13065445,0.4863667,-0.13441032,-0.054739453,0.050478026,-0.067641094,0.032200415,0.06250891,0.03355209,-0.11895543,-0.0054058554
35,-0.13310961,-0.12117511,1.911085,1.2845387,-2.0587559,3.189464,1.1330168,0.45064795,0.8758584,0.09011599,0.5007131,-0.3403924,-0.59129107,0.25052387,-0.31677672,-0.18489942,-0.08861746,-0.28848672,0.5912956,-0.036783524,0.12771001,-0.33486512,0.32207793,-0.82590824,0.039376073,-0.79791576,0.63260436,-0.058591887,-0.48021656,0.024302289,0.5833727,0.15536624,1.137403,0.766873,0.42164034,2.7745664,0.112002485,0.3513518,-0.6591959,0.10816713,-0.3193912,0.43603528,0.038763765,0.4181907,-0.030063005,-0.6154249,-0.07296006,-0.0014717684,0.19277121,0.31741375,-0.22128552,0.22592089,-0.25330055,0.3427664,0.0021510827,-0.18598118,0.02792779,-0.14374232,-0.17023228,0.35269332,-0.13413504,-0.293467,-0.3495359,0.4851766,0.14553756,0.26478168,0.16584754,0.043357454,0.050134834,0.11442416,-0.06908399,-0.17393094,0.01292135,-0.25274354,-0.14230898,-0.08009939,-0.08384164
36,-1.0040939,3.6551244,-2.5238242,-1.5943084,2.514904,0.80930614,0.12901424,0.5380466,1.2110825,1.983205,1.8419266,2.378532,1.1470397,-0.17504004,0.16058433,-0.30374706,0.2152603,-0.5516876,-0.63539785,0.3645168,0.16052064,0.5081432,-0.738698,-0.25916502,-0.9020301,0.54604244,0.6307097,-0.20537874,0.28283408,0.6135746,0.08710605,0.058531635,-0.25632632,0.0036140222,0.5713489,0.112002485,2.026717,0.50893766,-0.21831894,-0.044770736,-0.4175985,-0.41597253,-0.2998805,0.16212101,0.29509887,-0.031716775,-0.19631484,0.37226132,0.014027219,-0.06402247,-0.09798861,-0.14645416,-0.09348053,-0.26170582,0.15881585,-0.14442414,-0.02330153,-0.09972772,0.021426061,-0.1482034,0.015224718,-0.22489133,-0.21380718,0.1711987,-0.1535293,0.22661832,-0.0017453362,0.33465278,0.012443855,-0.2157391,0.13629833,0.10075234,0.041535877,0.12297307,0.025934879,-0.11843908,-0.047778223
37,0.78691316,1.5489106,-1.4989737,1.3911018,-0.87031066,0.8697768,1.4145119,-0.14019676,2.8204982,0.4500941,-1.078552,-0.18264496,1.747895,-0.49103,-0.48837453,0.40856946,-1.1437526,1.6173472,-0.37358904,-0.5116266,-0.3381526,1.1715795,0.3169961,-0.1580561,0.016576098,-0.083831444,0.54621005,0.17196977,0.27170402,-0.3977246,1.1166592,-0.19543105,-0.39616486,-0.416652,-0.24384883,0.3513518,0.50893766,2.7102718,0.033820495,0.3014512,0.105012715,0.0068859924,-0.4558639,-0.6868487,0.18058611,-0.33601397,-0.07166234,-0.32815903,0.17783141,-0.34486878,-0.24673522,0.1425256,-0.26042604,-0.32593012,0.28038594,-0.2847283,0.06108006,0.45814192,-0.11373469,-0.020773271,0.09300721,0.19011289,-0.15933594,0.13739192,-0.07365766,-0.001930433,0.11222105,-0.15083465,0.041624878,-0.16144973,-0.17642611,0.036992423,0.12451184,-0.0887077,0.09970021,-0.21566029,-0.12623468
38,0.20255005,-2.261889,-0.84987867,0.15391049,-1.1414089,-3.174336,-0.16286603,-0.8445049,-0.19440325,1.7545474,-0.3238449,0.40192592,1.2747617,-0.14933789,0.22772732,0.18783498,-1.4583025,-0.12575246,1.0441313,-0.19474292,-0.10395928,-0.6517123,-0.3828066,0.57526934,-0.36025822,0.28050917,0.61591846,-0.0029566828,0.009658421,-0.0049734768,0.54176235,0.4733022,0.056945853,-0.11949183,-0.05657997,-0.6591959,-0.21831894,0.033820495,1.9211812,-0.48924965,-0.4610135,0.5626077,0.2329903,-0.5086559,-0.0051194234,0.035387628,-0.048174232,0.06342299,0.076005146,0.07581982,0.08052775,0.06712268,-0.060069032,-0.15813819,-0.1661962,0.20314169,0.21819383,-0.113004096,-0.03397013,-0.2224774,-0.014190439,0.002564537,0.043611336,-0.11554577,-0.23746565,-0.38274932,0.06341854,0.17220671,-0.111553654,0.047349256,-0.03583294,0.05818508,-0.10264613,-0.09207691,0.06636432,-0.151448,0.161232
39,1.1960874,1.2025524,-0.17305484,1.4246924,2.615885,-0.7857388,-1.0596639,-3.2133255,0.70873433,-0.002023092,0.75687194,-0.4023036,0.39256006,0.18447608,-0.35607433,0.39422864,-0.0754548,-0.15576637,0.14867947,-0.12350253,1.349569,-0.08623271,-0.33346105,-0.006013386,1.0140042,0.3577677,-0.6704812,0.40539533,-0.4949928,0.059407093,0.09361317,-0.026409259,-0.4776409,0.7537791,-0.21138081,0.10816713,-0.044770736,0.3014512,-0.48924965,2.3801103,0.6427846,-0.1973359,0.641146,0.20183325,0.44985738,0.029499166,-0.0028121537,-0.08791983,0.07259089,-0.2594309,0.01058441,0.084888116,0.024595445,0.18627411,0.1614443,0.2050871,-0.0009191559,0.25214213,0.41370428,0.012824646,0.1649384,-0.20240214,0.15850595,-0.13452418,-0.011293937,-0.1663906,-0.017658055,0.057505324,0.116617925,0.06282817,-0.15249765,-0.050646152,0.0016680256,-0.1871284,-0.031784497,0.062389906,-0.16684854
40,0.4853353,3.3922756,-0.2421526,1.6236669,-0.5569154,-0.03917294,-0.18981719,-0.8891896,-0.5348389,-0.5897876,-0.7609776,-0.38229346,-0.31808937,0.86318165,-0.36226296,1.6286125,1.2284088,0.87772393,0.0018061002,0.24261183,-1.3929608,-0.0798361,1.0986521,0.3649482,-0.18426669,0.55409586,-0.069683835,0.083779044,-0.03571607,0.53442144,-0.5592126,0.59955657,-0.5326811,-0.20635039,-0.30922616,-0.3193912,-0.4175985,0.105012715,-0.4610135,0.6427846,3.323574,-0.011137737,-0.20094442,0.115437835,0.05842803,-0.13907492,-0.66426545,-0.4684009,0.030591846,0.16724628,-0.073330626,0.3795086,-0.14813536,0.12014654,0.22195902,-0.16571833,-0.074595526,-0.11987382,0.11525427,-0.014684587,0.09078671,0.26400298,-0.1729875,-0.33837125,0.08911112,-0.09678586,0.02130559,0.33185074,-0.19879688,-0.018484294,0.019592173,0.0935698,-0.17740823,-0.22966579,0.09528786,0.25317368,-0.08860336
41,0.3781019,2.0122056,0.11305912,0.2634328,0.6369488,0.8316636,1.5319797,-0.6380164,-0.36952806,1.6117139,-0.6243679,0.06971076,0.22019051,0.097585484,-0.65183294,-1.5589216,-0.0059968997,0.6840817,0.37842807,-0.1359661,-0.32727134,-0.065358326,-0.29038957,0.083641514,-0.15786782,-0.31231174,-0.106256574,0.10286087,0.019774713,0.37668094,0.3077866,0.34945595,-0.3263904,-0.07013878,-0.06534994,0.43603528,-0.41597253,0.0068859924,0.5626077,-0.1973359,-0.011137737,1.9611434,0.061101418,0.20890123,-0.39751846,-0.22501716,0.3102581,-0.031944364,0.20304623,-0.14504153,-0.11549114,0.021864824,-0.33756933,-0.015867602,0.011804338,0.2874507,0.09810133,-0.010079682,0.0995937,0.106557354,0.19649066,0.1813919,-0.1097255,-0.11132937,0.05054725,-0.38645887,0.12472358,0.008623126,-0.09946902,0.1465079,0.15270174,-0.14809737,-0.13630301,-0.29162696,-0.060436875,0.0287202,0.07733607
42,0.99833536,2.288738,-1.1687031,-0.18628168,1.1466627,-1.882681,1.4484706,0.54181147,0.8153851,0.2031984,0.17757723,-1.0698645,-0.6561097,-0.2855209,0.88905174,0.07671611,-0.105339676,-1.0911354,-0.89508885,1.4672852,-0.115795985,-0.7848144,-0.092405066,0.7749635,0.43756795,-0.5807539,0.060290337,0.32632226,-0.77881944,-0.25974008,-0.006429797,0.24889085,0.39400136,0.24035871,-0.30748734,0.038763765,-0.2998805,-0.4558639,0.2329903,0.641146,-0.20094442,0.061101418,2.4722993,0.11850138,-0.1768819,0.018150438,-0.11588843,-0.41778252,-0.08879185,0.08145433,0.33726034,0.09427716,0.088479966,-0.20091392,-0.19871077,-0.20836864,0.25699955,0.0006616495,0.3730691,-0.36259532,-0.27575785,0.09951818,0.049296618,0.21785331,0.08051555,-0.008857333,-0.13692424,-0.059053592,-0.092282705,0.013415719,-0.12310565,-0.06992386,-0.14451125,0.050430536,-0.06966626,-0.13846953,0.13401204
43,-0.3484543,2.9853015,0.83608305,-0.27813703,2.0190425,1.8039016,-0.4428959,-0.40997455,-0.2344507,-0.70969427,-0.020537827,-0.1045945,-1.3497368,0.06687946,-0.7221895,-0.84542847,0.5485327,-0.8416353,-0.61970025,0.41000563,0.23855472,0.4744525,-0.86141354,0.41386637,-0.32864928,-0.17777191,-0.2680611,0.16652326,0.399755,0.19153741,-0.42405608,0.39657956,0.4246816,0.83309436,0.09507954,0.4181907,0.16212101,-0.6868487,-0.5086559,0.20183325,0.115437835,0.20890123,0.11850138,1.6976237,0.027663969,0.2922746,-0.39703172,0.44559607,-0.21853068,-0.24817842,0.008491385,-0.15468821,-0.55229163,-0.17426111,0.1463477,-0.20231144,0.03611218,-0.32771915,-0.11511329,0.13983327,-0.04708387,-0.078120306,0.13750607,-0.17658305,0.3273347,-0.06176978,0.005733615,0.012567943,0.08142993,0.009963376,0.14120492,0.11214571,0.04514247,-0.027378844,-0.058172546,-0.0014144434,0.05474927
44,-2.4689531,0.5635335,0.61573374,-1.2260001,-0.24773568,0.40155613,-1.5515399,-0.6632159,-0.5444449,1.3319356,-0.61342716,0.206063,-0.7184222,-0.85151833,-0.6418601,0.2665106,-0.45521003,-0.20604908,0.12623894,-0.016594317,0.52872586,-0.7135135,0.2652833,0.7236872,-0.40716732,0.8142074,0.687134,0.5733601,-0.44110078,-0.18499292,0.31920773,-0.842775,0.45970887,0.050358474,-0.26370645,-0.030063005,0.29509887,0.18058611,-0.0051194234,0.44985738,0.05842803,-0.39751846,-0.1768819,0.027663969,1.7641888,0.017650936,-0.622784,0.16966462,-0.12289709,0.1851908,-0.09291239,-0.024988912,0.17630951,-0.3033604,0.0019047367,0.21199971,0.07985841,0.26401567,-0.065547675,-0.054845396,0.38664976,-0.3565417,-0.059318304,-0.23101494,0.0009923908,0.09187895,-0.03127975,-0.016012408,-0.05115608,0.10958875,0.19826764,-0.038598046,0.016428242,-0.14399962,-0.26580334,0.021300877,0.032280557
45,-0.50156415,1.2632997,0.6151502,-0.2991897,-0.08811407,0.166988,-1.2608588,-0.25725394,-0.15564668,-0.6645924,0.60154444,0.36440235,0.11540565,0.7503184,0.01049508,0.27571443,-0.9716386,-0.33627957,0.086461514,0.617664,-0.053184435,-0.12285341,0.123300694,-0.11451693,-0.4983233,-0.1500625,0.11853403,-0.023291107,-0.07731417,0.31822288,0.05673988,-0.19111264,-0.09787181,0.2899251,-0.19132715,-0.6154249,-0.031716775,-0.33601397,0.035387628,0.029499166,-0.13907492,-0.22501716,0.018150438,0.2922746,0.017650936,1.0505009,0.03648044,0.14789432,-0.26054838,-0.35218278,0.35732466,-0.33852875,-0.08894088,0.12791932,0.15070532,-0.29312825,-0.28028855,-0.036067143,0.15610307,-0.03235101,0.21981369,0.15778811,0.4705073,-0.22981262,0.20935014,0.08299793,-0.03575672,-0.10522433,-0.09460852,-0.050858065,-0.08315277,0.0062548844,-0.056397296,-0.006678316,0.0019254591,0.10338477,0.10091276
