,0,1,2,3,4,5,6,7,8,9,10,11,12,13,14,15,16,17,18,19,20,21,22,23,24,25,26,27,28,29,30,31,32,33,34,35,36,37,38,39,40,41,42,43,44,45,46,47,48,49,50,51,52,53,54,55,56,57,58,59,60,61,62,63,64,65,66,67,68,69,70,71,72,73,74,75,76
0,227.15836,18.373674,26.70533,-7.8522787,-12.875673,1.9067788,-4.7492275,-3.6103048,12.597149,-5.7053795,4.273632,3.8677857,-10.041653,3.6057577,8.161299,-0.661854,0.40394753,2.1433291,1.7150176,-0.8049068,1.9472086,1.0107853,-1.9092731,2.6115289,-1.4102359,2.0747805,4.9960155,0.97089154,-1.874491,0.6904969,-0.321266,-1.0398726,-0.48345652,-1.5475681,-0.72489655,0.01328125,0.38338554,-0.2853424,0.0072800657,-0.49845403,-0.1939833,-0.14498201,-0.37743926,0.13631439,1.1014742,0.19870406,0.41296598,-0.17749357,-0.10882586,0.4152341,-0.054617796,-0.3763314,0.05727593,-0.37235314,0.34729612,-0.052055154,0.1813221,0.020907924,0.3188476,0.59512234,0.04127326,-0.4286546,-0.57318866,-0.9390141,-0.5617349,-0.3914543,-0.07023813,-0.11919278,0.245766,0.4034087,0.047800608,-0.04535477,0.5761584,0.6915814,0.34859866,0.032458916,0.08299357
1,18.373674,183.73793,-3.6051655,0.55335736,-6.9014,1.6075215,-3.4052913,-5.743596,-2.786882,-4.8767104,-4.3678184,-2.220954,4.3384986,-1.0301194,-0.26292127,-0.13749754,-8.368519,-2.4446914,2.6642427,0.61815107,-1.502084,0.12298611,0.32264924,-2.8011365,2.1678834,1.4898705,-4.3144584,-0.22819038,1.6547971,-1.7889289,-0.27668345,0.7285152,-0.3896502,3.4334824,-0.2109231,0.097629316,-1.5267642,-0.71021104,0.9034226,-0.5376046,-1.4751935,-0.8899328,-1.0238881,-1.2648051,-0.27248478,-0.5364803,-0.22116578,-0.030107396,-0.1484138,1.4336864,-0.758935,0.715209,0.82881594,0.368891,-1.7279178,1.0781908,-0.47759116,-0.031995863,-0.66528904,-0.046632007,-0.37306964,-0.26607567,-0.038768828,0.4205643,-0.34166467,0.42282352,-0.2045221,-0.18697827,-0.19460827,0.06205814,0.60994136,-0.21063799,0.015268093,0.18922466,-0.12539634,-0.076952174,-0.44516295
2,26.70533,-3.6051655,135.28796,-1.9429371,3.643505,-6.756296,5.320011,-0.19987127,-4.89839,7.546524,0.30837017,0.723055,4.969121,-0.35977894,-4.924474,-1.1611998,0.32717583,-0.16104665,-4.505987,-0.68441105,0.18918818,-0.078140184,1.7084652,-1.918812,0.09656477,-0.21449232,-1.6035718,-0.4245785,1.7417686,-0.90264285,-0.9982859,0.3639109,-0.47083655,0.2274378,0.58366776,-0.8620786,1.0540667,0.6692195,0.3955494,0.086783126,0.11642742,-0.026452826,0.5214836,-0.37383282,-0.24842152,-0.26240897,-0.358524,-0.08508551,0.318798,-0.22929534,-0.27027172,0.18569846,-0.08226767,-0.22615865,-0.4542805,0.069674805,0.9189038,0.08278753,0.5777144,-0.01380921,0.2517532,-0.07024533,0.05167464,0.224715,0.5355674,0.5478805,-0.055717703,-0.10454567,-0.5683986,-0.21917443,0.1926418,0.20300302,-0.44544107,-0.21078712,-0.008020455,-0.26747137,0.49387747
3,-7.8522787,0.55335736,-1.9429371,72.98868,0.97666824,5.753877,0.30623254,0.025147565,-1.7809327,-0.67269164,2.683639,2.0091314,0.27889508,0.05525302,0.3182077,-0.8941731,-1.2020242,0.73730934,-0.61241484,0.5526887,0.2153501,-1.0376866,0.11576458,0.33818427,-0.002154126,-0.09627899,0.46023512,0.23228389,-0.29815048,-0.8327788,-1.4848788,-1.8001134,-0.52468276,-0.2370339,0.21353617,-0.5476681,0.68847823,-0.5998589,-0.067386,-0.6136967,-0.6993766,-0.11583832,0.079116255,0.12101227,0.52603185,0.12789385,-0.24007276,-0.48783404,0.031611644,0.2519113,0.10920422,-0.48342943,-0.16621743,-0.5408385,-0.5352975,0.35037956,0.5718074,0.26056355,0.04596036,0.18603522,0.57892644,0.016740184,-0.17690745,-0.44455886,-0.21044499,0.30051973,-0.2992186,-0.06472723,-0.1778551,0.18180788,0.30583206,0.25130403,0.09508838,0.45538676,0.016016625,-0.06064879,0.223726
4,-12.875673,-6.9014,3.643505,0.97666824,37.789886,1.2465873,1.9238174,-3.4332495,5.5513725,-3.2268486,0.8669679,2.0680063,-1.1903905,4.1908236,0.5219556,-0.9430709,-1.6913813,-1.4116378,1.15516,-0.874205,-2.432395,0.56497324,1.5990477,-0.69554317,2.1150336,0.093838945,1.4646707,-0.3283794,1.0005066,-0.26747954,-0.6565914,-0.31778467,1.5445089,-0.22078048,-0.7646622,0.8683177,-1.0959523,0.3856464,0.501117,-1.113238,0.2469813,-0.26009712,-0.48553598,-0.8796278,0.111203015,0.041954115,0.10169464,-0.09051536,-0.26245934,-0.09362865,0.15850899,0.59950674,0.544419,-0.35938674,0.38350698,-0.094307736,-0.3521573,0.18395782,0.19139946,0.45410177,-0.05396158,-0.63139504,-0.1561692,-0.0033735593,0.14850323,-0.018738626,0.12655774,-0.29085863,-0.5022298,0.46369115,0.13880262,0.1346416,-0.4900847,-0.12578088,-0.35599917,-0.3436858,0.45803827
5,1.9067788,1.6075215,-6.756296,5.753877,1.2465873,27.233826,-6.240517,0.9361075,0.41616285,1.7461743,-0.21840987,-1.0391088,-2.0144596,1.4749469,0.94344497,-0.83517385,1.7423127,-0.7386699,-2.121346,-3.3186767,0.53670007,0.103775024,-1.0890694,-0.4664014,-1.7987903,-1.3942254,1.7436073,0.6904974,-0.39755,-0.9728236,0.62104106,0.23147474,-1.4095209,0.65186703,0.79874027,-1.4096538,-0.37916136,-0.34748745,1.4018836,0.34895927,0.028154135,-0.338365,0.8316195,-0.7880596,-0.15393716,-0.073069714,0.16222811,0.42846876,0.6059056,-0.0013496298,0.049381286,1.1677179,0.4267348,0.4226053,-0.1643495,0.005429213,0.24688873,-0.029157318,0.3879435,0.026156466,-0.46334076,-0.03433568,0.11471789,-0.15837198,-0.051773287,0.09332237,-0.039071947,0.14186323,-0.15240416,-0.28546342,-0.029214226,0.27813092,-0.082395256,-0.15280516,0.059151135,-0.026623044,0.06285763
6,-4.7492275,-3.4052913,5.320011,0.30623254,1.9238174,-6.240517,33.98994,0.79194903,-1.131942,-2.7699203,-0.019733248,-0.2436021,-1.3737466,0.54283,1.685544,0.3076948,-1.199929,-0.62081647,0.75576484,-0.9352327,-0.16066976,-1.1720347,0.14587152,0.56107897,-1.8899717,0.4358015,0.022270262,-0.161874,-0.46470988,-0.9552864,0.5785321,-0.56035864,-1.0548271,1.3401533,0.6834664,-0.50225705,-0.06729373,-0.5958899,0.09696994,0.44974053,0.082445174,-0.6593423,-0.6091058,0.19484696,0.68119514,0.5338346,0.31586385,0.42872614,-0.2167244,-0.1264256,-0.27423713,0.2797051,-0.05781363,0.43245333,0.12623024,0.1917421,-0.27025777,-0.42451388,-0.56779534,0.09194048,0.023911305,-0.015997753,0.026248232,-0.47371298,-0.11491744,-0.25242478,-0.12233782,0.22166193,0.07999393,0.13606006,0.032270238,0.006797255,-0.042446487,0.12182894,-0.25973684,0.09830744,-0.28789902
7,-3.6103048,-5.743596,-0.19987127,0.025147565,-3.4332495,0.9361075,0.79194903,21.115076,1.9153857,-2.2958953,3.1329231,0.08541408,0.7763138,2.1893442,0.7609673,-0.65867525,-2.7700822,1.2818042,0.49556565,-0.65971196,0.53904486,-0.63150424,-1.24297,0.52652824,0.074708536,0.4263162,-1.9868245,2.2022061,0.79717016,0.30621493,-0.19643077,0.89930016,-0.42673022,-0.033645205,0.054510005,-0.17361067,-0.21131071,0.03978138,0.327861,1.3751395,0.37615332,0.26594502,-0.2525493,0.18212512,0.269592,0.116344966,-0.40215915,0.4839784,0.7420264,0.3947844,-0.15661743,-0.4330383,0.41806364,0.079349466,-0.1742242,-0.16448976,0.69936466,-0.14287029,0.049883716,-0.058308985,0.24137741,-0.31728137,0.19872299,-0.016534086,0.09019488,0.15093708,0.25064856,0.008526636,-0.17079714,0.1784043,0.037347794,0.05684392,-0.05820086,-0.20417094,0.25483173,0.038007617,0.07504262
8,12.597149,-2.786882,-4.89839,-1.7809327,5.5513725,0.41616285,-1.131942,1.9153857,21.982517,0.16334161,-0.44143122,-1.0337254,1.6469152,0.75971663,-1.5975006,-0.42190075,0.9260676,-0.3726689,0.02630945,-0.23935801,-0.72848225,-2.3108454,0.6483513,0.5387,-0.30976695,-0.9522153,-0.25251144,0.3557937,0.7301539,-0.15804246,0.030787122,-0.5520459,0.206957,0.16705143,0.49462244,-0.31140584,-0.46771985,-1.2600592,0.0093059335,-0.31530714,0.21380104,0.13303554,-0.39292485,0.11429763,0.19630869,0.0760012,-0.22623433,-0.020289026,-0.0046001216,-0.3587205,0.078640796,0.10424156,-0.073693,0.17366783,-0.4496945,0.13640244,0.061010417,-0.24384566,0.08825565,0.2019587,0.60548866,0.1284881,0.025810827,0.18922089,-0.05745963,-0.1715265,-0.021702437,-0.042590268,-0.16268721,0.11171105,-0.018723743,0.09038092,-0.29997444,-0.25197682,-0.28254735,-0.0039473227,-0.11133979
9,-5.7053795,-4.8767104,7.546524,-0.67269164,-3.2268486,1.7461743,-2.7699203,-2.2958953,0.16334161,17.645184,2.5863514,-2.260241,-0.27018613,0.53865343,2.7573287,-0.62633455,-0.51695836,-0.35733357,-0.44679058,-0.077083334,-1.0658368,2.1348643,0.31154296,0.29552794,-0.19061321,-1.9095771,-0.6312371,1.1793448,0.5233173,0.14273754,-0.35186234,0.1789906,-0.6382687,0.24347723,0.010570746,-0.024969498,-0.84188914,-0.20362842,-0.7721468,0.0010439736,0.25107342,-0.6966607,-0.09703526,0.3060081,-0.58186495,0.28924,-0.38271296,-0.48703748,-0.100767344,0.04369468,-0.08573311,0.11400793,0.07921874,0.0011632938,0.07837034,-0.06885593,-0.19953066,0.034536026,-0.517169,-0.0741147,0.26385403,0.22792593,0.17363718,0.18639372,-0.21998504,-0.096225694,-0.15817976,-0.1445217,0.1685604,0.14949386,-0.14826788,-0.0064113657,-0.047671225,0.17613837,-0.14982983,-0.19706309,-0.011276441
10,4.273632,-4.3678184,0.30837017,2.683639,0.8669679,-0.21840987,-0.019733248,3.1329231,-0.44143122,2.5863514,16.77184,-2.051908,-2.0070834,-1.203233,-0.6021892,0.42639208,-1.415194,0.63701534,0.3286221,0.6303545,-0.1250189,-0.013188138,-0.11058143,0.5605482,0.22053087,1.6365027,-0.34965596,-0.11900146,0.42273355,-1.262752,0.4875466,-0.15296108,0.34164912,0.7395283,-0.6479012,-0.21739797,-0.7941656,0.46547425,0.14002949,-0.3226809,0.3287192,0.27120137,-0.07550607,0.006199039,0.2638641,-0.25740778,-0.016807541,-0.13487118,-0.34440494,-0.32859716,0.08709946,0.008585239,-0.09859404,-0.31191564,0.17428444,0.0848556,-0.16389959,0.05127854,-0.28399044,0.3286124,-0.30466798,0.21344405,0.058948427,-0.040069617,0.023714188,-0.10368198,0.039833322,-0.008844197,-0.11528939,-0.09727028,0.2514848,-0.2760446,0.18516582,-0.22572799,0.004026775,0.08475618,-0.3194765
11,3.8677857,-2.220954,0.723055,2.0091314,2.0680063,-1.0391088,-0.2436021,0.08541408,-1.0337254,-2.260241,-2.051908,13.985629,-1.787622,-1.3686452,-0.6127565,-0.73086745,0.7134807,0.50725746,0.8645524,-0.13534418,0.22104523,0.52135843,0.36839864,-0.045927703,0.32290098,-1.3788705,0.116374895,0.2348387,0.3963729,-0.340597,0.19319056,0.40140545,-0.21920094,0.6528339,-0.17594902,0.1306225,-1.0338387,0.0874616,-0.15836175,0.17258239,0.16707483,-0.025303317,0.46813864,0.0440844,-0.080083,-0.15902445,0.1282557,-0.44787297,0.2794613,0.19332,0.122082025,-0.07397071,0.20939824,-0.19725695,0.16689867,-0.057859577,0.114025325,-0.074645326,-0.40026435,-0.22917849,-0.016956026,0.16980663,0.20101155,-0.17292656,-0.06915349,0.27167243,0.30737895,-0.058290582,-0.06831175,0.19964764,-0.1898733,-0.19610816,-0.03648607,0.035399,-0.16963856,0.01004724,-0.029792544
12,-10.041653,4.3384986,4.969121,0.27889508,-1.1903905,-2.0144596,-1.3737466,0.7763138,1.6469152,-0.27018613,-2.0070834,-1.787622,10.943241,0.17183566,1.5486631,-0.6761513,1.349324,0.515085,-0.14726695,-0.55816066,0.84096843,0.35150582,-0.31718606,0.24873507,-0.16667339,0.6896467,0.29911628,-0.26131505,0.2547527,-0.7534302,0.6008142,0.15211795,0.2858455,0.12130128,-0.30578762,0.22853188,-0.5136907,-0.7335057,-0.5188604,-0.1660074,0.1425642,-0.08546112,0.29860935,0.5763302,0.32416922,-0.05381916,0.32505557,0.2659672,-0.050954394,0.082483545,0.06530015,-0.30903238,0.33852792,-0.15954638,-0.101034604,-0.36449832,0.28324914,-0.40361136,0.19229886,0.3492196,0.0035906865,-0.18965346,-0.074350834,-0.3019165,0.1847083,0.10833818,-0.0723319,-0.08617318,0.005878495,0.10443173,0.011536335,-0.20684846,-0.022691019,0.040243834,0.056297224,0.16855621,0.043675557
13,3.6057577,-1.0301194,-0.35977894,0.05525302,4.1908236,1.4749469,0.54283,2.1893442,0.75971663,0.53865343,-1.203233,-1.3686452,0.17183566,12.268612,-0.31946066,0.7148279,0.5811553,-0.557448,-0.7591626,0.10373002,0.30534244,1.2693292,0.0005563866,0.44119477,0.39467317,0.2726036,-0.52082825,-0.35437357,0.21175298,-0.33477476,0.15633324,-0.31650564,0.061763644,-0.30654746,0.021764573,-0.13381451,0.053810753,0.22939023,0.0888318,-0.07083448,-0.36301887,-0.028019667,0.13768053,-0.038101397,0.37849963,-0.32282883,-0.33319372,0.375435,0.101092815,0.22109258,-0.13861698,-0.15596594,0.27449197,-0.19748355,-0.07222904,0.28915253,-0.014429074,0.33300668,-0.5610097,-0.39478174,-0.0005541634,-0.13335258,0.1997746,-0.11979027,-0.15121606,0.08949644,0.13096806,-0.017905558,-0.08060245,-0.0064575835,0.022366554,-0.23967244,0.08499338,-0.06630555,0.07963393,0.078365274,0.10371571
14,8.161299,-0.26292127,-4.924474,0.3182077,0.5219556,0.94344497,1.685544,0.7609673,-1.5975006,2.7573287,-0.6021892,-0.6127565,1.5486631,-0.31946066,10.795337,-1.0903022,0.6910823,0.7640718,0.8532156,-0.07159481,0.44291532,-0.61053467,-0.08913933,-0.5046739,1.0591813,-0.006721418,-0.2023927,-0.046133623,-0.12751867,0.39750928,-0.45164335,-0.38535857,0.44954258,0.32628685,0.12218622,0.13077803,-0.072416805,0.21260506,-0.09333055,0.15161425,0.15626234,0.28113192,-0.37981647,0.3111595,0.27902818,-0.005628787,-0.07020383,0.019133624,0.021614943,-0.18512587,-0.12509625,0.13473295,-0.25159788,-0.12241983,0.22398251,-0.008383729,0.019329816,0.01741746,-0.14825273,0.08328561,0.09984407,-0.025420077,0.0438919,-0.37342733,0.4212852,0.17473507,0.26035422,-0.14114298,0.026713638,0.08784174,-0.03003989,0.20604268,-0.13830781,0.19254686,-0.11089124,-0.15052229,0.071109824
15,-0.661854,-0.13749754,-1.1611998,-0.8941731,-0.9430709,-0.83517385,0.3076948,-0.65867525,-0.42190075,-0.62633455,0.42639208,-0.73086745,-0.6761513,0.7148279,-1.0903022,10.91048,-0.23940143,-0.08544595,-0.389536,-0.4786268,0.48228157,0.8977036,-0.3082342,0.11482302,-0.41720715,-0.31131107,0.012328902,0.048645265,0.5071028,0.7117636,-0.051684707,-0.3282333,-0.33753514,0.458961,0.10478614,0.11149007,0.15747297,-0.19951315,-0.11594506,-0.17824948,-0.70963013,0.65507245,-0.053551104,0.3732003,-0.13192213,-0.11594997,0.2582469,-0.21801889,0.3568525,-0.4324062,0.005361327,-0.0137858195,-0.1422216,-0.39398512,-0.0040840553,0.14813808,0.12595788,-0.1361402,-0.012054076,0.06513849,0.07523736,-0.02430166,-0.17945339,-0.09267487,0.11066511,-0.05320642,0.10025473,-0.024864003,0.07338673,0.17382835,0.02343303,-0.14393695,-0.09980169,0.12755951,-0.2601812,-0.30350778,0.0684579
16,0.40394753,-8.368519,0.32717583,-1.2020242,-1.6913813,1.7423127,-1.199929,-2.7700822,0.9260676,-0.51695836,-1.415194,0.7134807,1.349324,0.5811553,0.6910823,-0.23940143,7.3667407,-0.054224156,0.5884656,0.36884344,-0.3806647,-0.3823024,0.07802741,0.83078146,-0.96898925,0.64509726,-0.6383165,-0.0706345,0.07255906,0.01524904,0.42739788,-0.23042998,0.11355354,1.0921452,-0.44675103,0.056224205,-0.07782398,0.47900593,0.6082216,0.028318033,-0.5331883,-0.0056690844,0.034271803,-0.23098218,0.18616879,0.41923678,-0.1690539,-0.01558697,0.17279296,0.07627038,0.13787375,-0.08965541,-0.11910781,0.08791628,-0.1340239,-0.17558585,-0.0048473086,0.27326244,-0.11736284,0.014771404,0.01637246,0.042467415,-0.025995225,-0.1760172,0.10249303,0.1901624,0.020455912,-0.17994383,-0.06502322,-0.24063155,-0.00745639,-0.1170674,-0.09793651,0.024710275,0.09257141,-0.095740914,-0.18033653
17,2.1433291,-2.4446914,-0.16104665,0.73730934,-1.4116378,-0.7386699,-0.62081647,1.2818042,-0.3726689,-0.35733357,0.63701534,0.50725746,0.515085,-0.557448,0.7640718,-0.08544595,-0.054224156,9.980129,0.25590187,-0.15120515,-0.5118879,1.0716071,-0.39133376,-0.12778714,0.18533432,-0.3548937,0.1712245,-0.6342571,0.4837228,0.2508348,-0.052200187,0.37036955,0.5532718,0.6395745,-0.08929598,0.13810492,0.25314578,-0.7116154,0.03263091,0.054991458,-0.385114,-0.30594987,0.45597482,0.37334514,0.080843404,0.14388627,-0.3029555,0.3227349,-0.121401295,-0.103407785,0.23990893,0.117517844,0.045965493,-0.016243095,-0.12502265,0.21607807,-0.27496362,0.14655614,0.121282235,-0.32375103,-0.13314423,-0.12781748,-0.020608108,0.0801917,-0.024407737,-0.05733724,-0.13689584,0.09405013,-0.04643169,-0.023511808,0.14596556,0.10992959,-0.03397321,-0.17552027,-0.22472773,0.027964633,-0.0029205673
18,1.7150176,2.6642427,-4.505987,-0.61241484,1.15516,-2.121346,0.75576484,0.49556565,0.02630945,-0.44679058,0.3286221,0.8645524,-0.14726695,-0.7591626,0.8532156,-0.389536,0.5884656,0.25590187,7.1174083,-0.118237585,0.10618216,0.61407983,1.1327655,0.4504012,-0.5752449,-0.15943348,-0.5316733,0.45616525,0.42411092,-0.30336905,-0.14189671,-0.29051095,-0.3352607,-0.16691497,-0.13207498,-0.25524127,0.2752766,0.15779221,-0.45139772,-0.07038314,-0.0030812433,-0.16626081,0.38297498,0.27148795,-0.053649396,-0.038783036,-0.33080757,0.050366454,-0.3742207,-0.1434582,-0.40559143,0.32604405,-0.02922583,-0.15852544,-0.13344745,-0.20365989,0.08550972,0.15191285,0.0003030942,0.057710234,-0.07462186,-0.34164292,0.12708104,0.2967184,0.21813053,-0.059527017,-0.2058613,-0.33456203,-0.15992114,-0.08205431,0.008309271,-0.16334413,-0.04037009,0.025208022,0.039490953,0.028086308,0.19615433
19,-0.8049068,0.61815107,-0.68441105,0.5526887,-0.874205,-3.3186767,-0.9352327,-0.65971196,-0.23935801,-0.077083334,0.6303545,-0.13534418,-0.55816066,0.10373002,-0.07159481,-0.4786268,0.36884344,-0.15120515,-0.118237585,7.287833,0.67140955,1.0421226,0.10009522,0.59130406,0.2510884,0.017837603,-0.16188517,0.24187402,0.37850863,-0.3015323,0.34222648,-0.1969834,0.16785464,-0.2866891,0.23459035,0.033778027,-0.14623362,0.21391475,0.07814279,0.052844048,-0.107712656,0.051103577,-0.63482785,-0.17376149,0.0016147754,-0.26695627,0.21435831,0.09020028,0.31798786,-0.08534274,-0.16482635,0.03651082,0.16271088,0.12407988,0.3199265,0.12793449,0.042174526,0.07463004,-0.05522702,-0.1368424,0.05128243,0.1749289,-0.15982658,-0.12829766,0.15602252,-0.039258346,-0.12321548,-0.16753289,0.07405993,0.22396348,0.037524454,0.21777144,-0.10263212,-0.06762479,-0.008562174,0.061481744,-0.09737469
20,1.9472086,-1.502084,0.18918818,0.2153501,-2.432395,0.53670007,-0.16066976,0.53904486,-0.72848225,-1.0658368,-0.1250189,0.22104523,0.84096843,0.30534244,0.44291532,0.48228157,-0.3806647,-0.5118879,0.10618216,0.67140955,6.9789557,-0.5943918,0.04080013,0.28249663,-0.15158528,-0.887447,-0.08026604,-0.24048635,0.51852566,0.0015108488,0.041216258,-0.0030411098,-0.079761446,-0.5559354,0.18842292,-0.04623628,-0.060841635,0.13792622,0.034931406,-0.5852214,0.59539366,0.1348428,0.043754406,-0.09773808,-0.23155755,0.022551853,-0.069869176,0.30401903,-0.022892449,-0.16361642,0.022138566,0.24154174,0.1447389,-0.23221323,-0.14428169,-0.16944292,-0.36482882,-0.016590487,-0.1489382,-0.14962393,-0.058115475,0.074499525,-0.07959053,0.09151827,0.007864783,0.065981105,-0.037478037,0.060216323,-0.18624425,-0.16008279,0.07561222,0.11130277,-0.1584958,-0.047584325,-0.10184313,0.023321506,-0.09022614
21,1.0107853,0.12298611,-0.078140184,-1.0376866,0.56497324,0.103775024,-1.1720347,-0.63150424,-2.3108454,2.1348643,-0.013188138,0.52135843,0.35150582,1.2693292,-0.61053467,0.8977036,-0.3823024,1.0716071,0.61407983,1.0421226,-0.5943918,5.2131405,0.28800377,0.49391478,-0.037764464,0.070908576,0.13419098,0.021061752,-0.9843571,-0.5177838,-0.11318162,-0.6476647,0.37885004,-0.1398728,0.28234136,0.1511842,-0.21268238,-0.50859296,0.2741412,0.034510434,0.032007143,0.02402825,0.33368546,-0.20121269,0.3037082,0.052574694,0.22153386,0.058079794,0.044995487,0.14718929,0.048187926,0.15316448,0.05940363,0.0465478,-0.15124615,-0.30288136,0.1265167,-0.3110738,-0.104812324,0.112042956,-0.068076156,-0.19492549,-0.03983253,0.026977386,0.009419852,0.034555726,0.15343913,0.036527243,-0.026967837,0.03510793,-0.1251146,0.029485513,-0.041361615,0.067026556,-0.062393233,0.06479974,-0.07729467
22,-1.9092731,0.32264924,1.7084652,0.11576458,1.5990477,-1.0890694,0.14587152,-1.24297,0.6483513,0.31154296,-0.11058143,0.36839864,-0.31718606,0.0005563866,-0.08913933,-0.3082342,0.07802741,-0.39133376,1.1327655,0.10009522,0.04080013,0.28800377,6.1575904,0.36878797,0.3547571,-0.22428605,-0.0046835504,0.2844246,0.22752622,0.2946491,0.033633478,0.18509598,0.09459543,0.1737214,0.2668381,-0.1514923,0.30605236,-0.1259031,0.18062961,0.1484178,-0.46837914,0.13147467,0.04897228,0.3660066,-0.1064176,-0.054500163,-0.13560113,0.49730468,0.08428836,-0.298435,0.16450836,-0.1546635,0.010961654,-0.028479634,-0.1801975,-0.02768447,0.12629548,0.02284732,0.06154856,0.054904833,-0.12583631,-0.0109735,-0.036759313,-0.007906069,-0.15590085,0.022710852,-0.0022512618,0.08533625,0.08688653,-0.16790883,0.067973115,0.18959975,0.09671591,0.14531487,0.16152996,-0.08799119,-0.19840685
23,2.6115289,-2.8011365,-1.918812,0.33818427,-0.69554317,-0.4664014,0.56107897,0.52652824,0.5387,0.29552794,0.5605482,-0.045927703,0.24873507,0.44119477,-0.5046739,0.11482302,0.83078146,-0.12778714,0.4504012,0.59130406,0.28249663,0.49391478,0.36878797,4.7967567,0.3779755,-0.12358098,-0.006559139,-0.6014226,0.006137041,-0.46251783,-0.17799932,0.56411624,-0.5821738,0.48698807,-0.09423308,0.35039365,0.10618676,0.07409637,-0.23474506,0.0029520374,-0.15602483,-0.03549069,-0.32663053,-0.17798421,-0.30568004,0.045861095,0.19696689,-0.15259509,-0.15791732,0.1256654,-0.13098915,0.14628974,0.14767347,0.0013037086,-0.15267691,0.014531236,0.08331033,0.06510055,0.15848157,0.19737676,0.14963058,-0.09858249,0.21826495,0.045512706,-0.06632515,0.2216673,-0.005234299,0.13158968,0.1758632,0.022908416,0.061112963,0.086252205,0.10998377,-0.09922118,-0.05801876,0.09173451,0.11283418
24,-1.4102359,2.1678834,0.09656477,-0.002154126,2.1150336,-1.7987903,-1.8899717,0.074708536,-0.30976695,-0.19061321,0.22053087,0.32290098,-0.16667339,0.39467317,1.0591813,-0.41720715,-0.96898925,0.18533432,-0.5752449,0.2510884,-0.15158528,-0.037764464,0.3547571,0.3779755,4.700256,0.046930403,0.024591887,0.17483936,-0.3234634,0.24663572,0.31533656,0.19412932,-0.294879,-0.10520315,0.14487875,-0.018459274,0.38722673,-0.0074925683,0.1520491,-0.4343716,0.08008546,0.06998079,-0.18931355,0.13955715,0.17399219,0.21607049,-0.10350944,0.09246154,0.13592923,0.01818046,0.04261644,-0.083360076,-0.21537659,0.23379423,0.25969142,-0.08605533,0.12770787,-0.19588351,-0.1909512,0.03426654,0.052562445,0.056785338,-0.04263634,0.15699083,0.009048633,0.02494803,0.07642889,0.1722641,0.070521764,-0.1280786,0.025107663,-0.048942246,0.027702576,-0.077678874,-0.115768135,-0.08941403,0.046306893
25,2.0747805,1.4898705,-0.21449232,-0.09627899,0.093838945,-1.3942254,0.4358015,0.4263162,-0.9522153,-1.9095771,1.6365027,-1.3788705,0.6896467,0.2726036,-0.006721418,-0.31131107,0.64509726,-0.3548937,-0.15943348,0.017837603,-0.887447,0.070908576,-0.22428605,-0.12358098,0.046930403,3.872082,0.16319516,-0.12635522,-0.1046412,0.29888505,0.059438683,-0.29033464,-0.011036854,-0.077372044,0.22709602,0.33387917,-0.24184252,0.041534185,-0.11411864,-0.15098962,-0.23546928,0.1393825,0.25386024,0.073117495,-0.34652725,0.065101266,-0.077090144,0.043141726,0.12234515,-0.07277966,0.3026273,0.015580668,-0.077789694,-0.020977631,-0.023599066,-0.093731545,0.15555106,0.26532537,-0.15221159,-0.054627568,0.041531123,-0.025375422,-0.070459574,0.006819154,-0.10184538,0.18828607,-0.10400358,0.038949415,-0.098267555,-0.14469528,-0.12721258,0.06274069,-0.05281914,0.005115408,-0.08506478,0.10505545,0.008815689
26,4.9960155,-4.3144584,-1.6035718,0.46023512,1.4646707,1.7436073,0.022270262,-1.9868245,-0.25251144,-0.6312371,-0.34965596,0.116374895,0.29911628,-0.52082825,-0.2023927,0.012328902,-0.6383165,0.1712245,-0.5316733,-0.16188517,-0.08026604,0.13419098,-0.0046835504,-0.006559139,0.024591887,0.16319516,3.1767707,-0.041672565,0.031080313,-0.49284402,0.059216604,0.101457015,-0.14225009,-0.23460144,0.026096856,-0.27145785,-0.27253824,-0.23236695,-0.2598617,0.28991133,0.030535378,0.0458693,-0.023245044,0.114254326,-0.29414737,-0.052025795,0.24470988,0.23046741,-0.0738327,-0.06008312,-0.005987159,-0.3210395,0.1588563,0.27081493,0.13698988,0.21223967,0.13639733,-0.074952394,-0.14438957,-0.0121697895,-0.0025108862,-0.09802304,-0.012087138,0.19892673,0.18483198,-0.09604395,-0.18367505,0.09037135,0.15356666,-0.069923826,0.04571598,0.0010773444,-0.03136348,0.083377525,-0.010728248,0.06715463,-0.01009758
27,0.97089154,-0.22819038,-0.4245785,0.23228389,-0.3283794,0.6904974,-0.161874,2.2022061,0.3557937,1.1793448,-0.11900146,0.2348387,-0.26131505,-0.35437357,-0.046133623,0.048645265,-0.0706345,-0.6342571,0.45616525,0.24187402,-0.24048635,0.021061752,0.2844246,-0.6014226,0.17483936,-0.12635522,-0.041672565,3.4785528,-0.13856223,0.27796125,-0.06253896,0.33968094,-0.12928656,0.2853644,-0.5607927,0.006845746,0.07512517,-0.06378394,0.014099335,-0.17157134,-0.031375848,-0.035779558,-0.1323946,-0.07607411,-0.23893309,0.010300386,0.433805,0.19762817,-0.011387777,0.13967395,0.016701683,0.0061043557,-0.08847472,-0.114157856,0.058731258,-0.01360215,0.08806233,-0.054452967,-0.086541414,-0.062197905,0.026611354,-0.095953025,-0.14272285,-0.14880091,-0.06810205,0.018575799,-0.12108722,-0.03280951,0.003321406,-0.15246525,-0.18042976,-0.07211381,-0.06353466,0.053198718,0.043292932,0.08981447,-0.056435704
28,-1.874491,1.6547971,1.7417686,-0.29815048,1.0005066,-0.39755,-0.46470988,0.79717016,0.7301539,0.5233173,0.42273355,0.3963729,0.2547527,0.21175298,-0.12751867,0.5071028,0.07255906,0.4837228,0.42411092,0.37850863,0.51852566,-0.9843571,0.22752622,0.006137041,-0.3234634,-0.1046412,0.031080313,-0.13856223,3.6513653,0.31137866,-0.14396064,-0.54174614,0.014925789,-0.04913421,-0.24135895,0.19536674,-0.13111663,-0.108525336,0.007378125,0.21689063,0.018979799,-0.002436072,0.3418034,-0.17612076,0.19524473,0.03296165,0.07259327,-0.24799497,-0.17529854,0.26780108,0.06185127,0.048454463,-0.08078033,0.17463247,0.27622613,0.150324,-0.0076946644,0.0026706518,-0.01912396,-0.07506503,-0.040110923,0.13406095,-0.011159895,0.14010459,-0.0186892,0.12940538,-0.17164886,0.03366364,0.12421462,0.057737783,-0.08864117,-0.027335444,0.08963213,0.096852005,-0.014701449,0.045992903,-0.058421288
29,0.6904969,-1.7889289,-0.90264285,-0.8327788,-0.26747954,-0.9728236,-0.9552864,0.30621493,-0.15804246,0.14273754,-1.262752,-0.340597,-0.7534302,-0.33477476,0.39750928,0.7117636,0.01524904,0.2508348,-0.30336905,-0.3015323,0.0015108488,-0.5177838,0.2946491,-0.46251783,0.24663572,0.29888505,-0.49284402,0.27796125,0.31137866,3.1950502,0.08530874,-0.2947287,0.029781625,-0.00499969,0.11393649,-0.004465511,-0.25792587,0.1649633,-0.008303121,-0.027316868,-0.23161328,-0.16440012,0.10590117,-0.08073737,0.07490347,-0.13512427,0.07002248,-0.15060963,0.096248426,-0.058316797,0.082986526,-0.035951577,0.038643107,-0.031316113,-0.15663177,-0.083752245,0.27428854,0.035024032,-0.09928199,0.18744893,0.000124535,-0.014785998,0.12375565,-0.0042130025,0.0014057716,-0.07456719,0.000686354,0.0337658,0.0989359,0.07564327,0.14457989,0.16270639,0.14190543,-0.07579143,-0.05430051,0.02276728,0.10454105
30,-0.321266,-0.27668345,-0.9982859,-1.4848788,-0.6565914,0.62104106,0.5785321,-0.19643077,0.030787122,-0.35186234,0.4875466,0.19319056,0.6008142,0.15633324,-0.45164335,-0.051684707,0.42739788,-0.052200187,-0.14189671,0.34222648,0.041216258,-0.11318162,0.033633478,-0.17799932,0.31533656,0.059438683,0.059216604,-0.06253896,-0.14396064,0.08530874,3.2397153,-0.0061385166,-0.13435517,-0.011732217,0.045676008,-0.26813826,-0.052977864,-0.465862,-0.21181995,-0.033870183,0.24617235,-0.12326586,0.015138244,0.17584848,-0.12747562,-0.02582108,-0.114283614,-0.18731794,0.035308324,0.21976686,-0.047595352,0.066688284,-0.044164345,-0.10044554,0.08811127,0.19335541,0.058634043,-0.018591411,-0.05441884,0.04486288,-0.04140366,0.02199471,0.08251522,-0.120608926,-0.035177536,0.12543043,0.06342202,-0.0039664283,0.0014259095,-0.017423116,0.14805618,0.06544115,0.06758423,0.12997401,-0.004677793,-0.014091754,0.053429995
31,-1.0398726,0.7285152,0.3639109,-1.8001134,-0.31778467,0.23147474,-0.56035864,0.89930016,-0.5520459,0.1789906,-0.15296108,0.40140545,0.15211795,-0.31650564,-0.38535857,-0.3282333,-0.23042998,0.37036955,-0.29051095,-0.1969834,-0.0030411098,-0.6476647,0.18509598,0.56411624,0.19412932,-0.29033464,0.101457015,0.33968094,-0.54174614,-0.2947287,-0.0061385166,2.8082345,0.02018422,-0.20403537,0.19608927,-0.053613864,-0.013662673,0.07363508,-0.21899901,0.0070282025,-0.2618996,-0.15686515,-0.1160572,-0.16607761,0.35500252,0.083338454,0.012323887,-0.036575846,0.019748675,-0.30467203,0.25717652,-0.085945144,0.07640347,0.0034783205,0.03016837,0.10353352,-0.18780881,0.2578889,-0.003256652,0.08696243,0.077679545,0.005833024,0.06919151,-0.05932954,-0.0059963437,0.17093435,-0.058933485,-0.030446712,-0.078961745,0.077392966,-0.011091104,-0.025077943,0.051689096,0.034499854,-0.019617438,0.050641544,-0.013458465
32,-0.48345652,-0.3896502,-0.47083655,-0.52468276,1.5445089,-1.4095209,-1.0548271,-0.42673022,0.206957,-0.6382687,0.34164912,-0.21920094,0.2858455,0.061763644,0.44954258,-0.33753514,0.11355354,0.5532718,-0.3352607,0.16785464,-0.079761446,0.37885004,0.09459543,-0.5821738,-0.294879,-0.011036854,-0.14225009,-0.12928656,0.014925789,0.029781625,-0.13435517,0.02018422,2.9246132,0.11783919,-0.001764725,-0.4911866,0.108333394,0.17292228,-0.017239954,0.20297909,0.2284779,0.13862559,-0.16596818,-0.18039405,-0.19410995,0.039024502,0.28313345,-0.0710465,0.039243765,0.07561435,-0.16868985,0.09215583,0.031781025,-0.058460973,0.028091239,0.17836134,-0.11665781,-0.031011224,0.0621953,-0.01825719,0.14863837,0.032154933,0.1404894,-0.10272179,-0.12421699,-0.01441033,0.008424523,0.05224842,-0.08784765,-0.039098807,-0.032303706,-0.04088751,0.026434045,0.0222192,0.08524116,0.057664625,-0.01465719
33,-1.5475681,3.4334824,0.2274378,-0.2370339,-0.22078048,0.65186703,1.3401533,-0.033645205,0.16705143,0.24347723,0.7395283,0.6528339,0.12130128,-0.30654746,0.32628685,0.458961,1.0921452,0.6395745,-0.16691497,-0.2866891,-0.5559354,-0.1398728,0.1737214,0.48698807,-0.10520315,-0.077372044,-0.23460144,0.2853644,-0.04913421,-0.00499969,-0.011732217,-0.20403537,0.11783919,2.230218,0.20866293,-0.32665014,0.0011758349,0.17665225,0.047549956,-0.32504934,0.087793544,0.02868588,-0.10556655,-0.3572504,-0.023469005,-0.12431684,0.16190416,0.20124525,0.16274023,-0.19369665,-0.038126938,-0.07521257,0.2589587,-0.061814003,0.09206352,0.040749267,0.07552053,-0.009471024,0.016383193,-0.046466067,0.072582334,0.044192787,-0.043650948,0.06444803,0.0256905,-0.0068211006,-0.04947561,-0.057794042,0.108251214,-0.08061433,0.030717928,-0.014479937,0.05564473,-0.039677188,0.02032955,0.010775651,0.08312379
34,-0.72489655,-0.2109231,0.58366776,0.21353617,-0.7646622,0.79874027,0.6834664,0.054510005,0.49462244,0.010570746,-0.6479012,-0.17594902,-0.30578762,0.021764573,0.12218622,0.10478614,-0.44675103,-0.08929598,-0.13207498,0.23459035,0.18842292,0.28234136,0.2668381,-0.09423308,0.14487875,0.22709602,0.026096856,-0.5607927,-0.24135895,0.11393649,0.045676008,0.19608927,-0.001764725,0.20866293,3.0541272,-0.17162555,-0.23679435,0.0963056,0.010413334,0.08807996,0.13012514,0.023884732,0.12435877,-0.03809686,0.106963694,0.08414765,0.0036800473,-0.04433316,-0.13430963,0.090941116,0.08339673,0.08075493,-0.096875176,-0.10635831,0.115049444,-0.11731501,0.06990511,0.25470537,0.07719466,-0.07497342,0.059029367,0.02695628,0.048626877,-0.01405881,-0.070781186,-0.03595817,-0.060290158,-0.21180658,0.05610685,0.032265685,-0.019117367,0.040011704,-0.0063995,-0.03569047,-0.015616314,0.056867637,0.0029738992
35,0.01328125,0.097629316,-0.8620786,-0.5476681,0.8683177,-1.4096538,-0.50225705,-0.17361067,-0.31140584,-0.024969498,-0.21739797,0.1306225,0.22853188,-0.13381451,0.13077803,0.11149007,0.056224205,0.13810492,-0.25524127,0.033778027,-0.04623628,0.1511842,-0.1514923,0.35039365,-0.018459274,0.33387917,-0.27145785,0.006845746,0.19536674,-0.004465511,-0.26813826,-0.053613864,-0.4911866,-0.32665014,-0.17162555,2.5162342,-0.05315587,-0.14607443,0.28997457,-0.041949987,0.13988635,-0.18349436,-0.01261122,-0.18380114,0.01517199,0.26502305,0.028421652,0.0023882133,-0.09139826,-0.13728419,0.08849823,-0.099058434,0.11227593,-0.14424244,0.0011014007,0.08568333,-0.0058527905,0.06102623,0.07051375,-0.14679724,0.06113909,0.120566994,0.15102348,-0.2166656,-0.06440507,-0.1152295,-0.06937066,-0.016891047,-0.019781888,-0.05296558,0.02888559,0.06928339,-0.010538826,0.11361402,0.0624549,0.030185105,0.0352032
36,0.38338554,-1.5267642,1.0540667,0.68847823,-1.0959523,-0.37916136,-0.06729373,-0.21131071,-0.46771985,-0.84188914,-0.7941656,-1.0338387,-0.5136907,0.053810753,-0.072416805,0.15747297,-0.07782398,0.25314578,0.2752766,-0.14623362,-0.060841635,-0.21268238,0.30605236,0.10618676,0.38722673,-0.24184252,-0.27253824,0.07512517,-0.13111663,-0.25792587,-0.052977864,-0.013662673,0.108333394,0.0011758349,-0.23679435,-0.05315587,2.7276525,-0.21516398,0.09927872,0.020613668,0.18102106,0.18125215,0.13211226,-0.07122786,-0.1242155,0.013259493,0.082808346,-0.15979984,-0.013598127,0.027425881,0.034762498,0.061656944,0.04391255,0.11465719,-0.066930406,0.06723341,0.015486641,0.04151721,-0.011177401,0.06656714,-0.0037074937,0.0919473,0.09209752,-0.0799302,0.063929394,-0.09797503,0.002145453,-0.14276592,-0.0045129727,0.08904968,-0.05984684,-0.048225515,-0.0217201,-0.048841663,-0.010604806,0.047995705,0.020252904
37,-0.2853424,-0.71021104,0.6692195,-0.5998589,0.3856464,-0.34748745,-0.5958899,0.03978138,-1.2600592,-0.20362842,0.46547425,0.0874616,-0.7335057,0.22939023,0.21260506,-0.19951315,0.47900593,-0.7116154,0.15779221,0.21391475,0.13792622,-0.50859296,-0.1259031,0.07409637,-0.0074925683,0.041534185,-0.23236695,-0.06378394,-0.108525336,0.1649633,-0.465862,0.07363508,0.17292228,0.17665225,0.0963056,-0.14607443,-0.21516398,2.1794076,-0.019884523,-0.12937243,-0.04602188,-0.004327053,0.19306,0.29560372,-0.080610685,0.14543723,0.031394448,0.14191449,-0.06912767,0.14787075,0.114192285,-0.05988658,0.108141236,0.1387115,-0.1215913,0.11814611,-0.031468503,-0.19557595,0.05012366,0.0074830223,-0.04258597,-0.07732042,0.068615876,-0.053774424,0.03415723,0.0005788618,-0.04963768,0.063953385,-0.018364087,0.07318634,0.07727915,-0.011306379,-0.050493985,0.0345765,-0.04312364,0.09485163,0.054296494
38,0.0072800657,0.9034226,0.3955494,-0.067386,0.501117,1.4018836,0.09696994,0.327861,0.0093059335,-0.7721468,0.14002949,-0.15836175,-0.5188604,0.0888318,-0.09333055,-0.11594506,0.6082216,0.03263091,-0.45139772,0.07814279,0.034931406,0.2741412,0.18062961,-0.23474506,0.1520491,-0.11411864,-0.2598617,0.014099335,0.007378125,-0.008303121,-0.21181995,-0.21899901,-0.017239954,0.047549956,0.010413334,0.28997457,0.09927872,-0.019884523,2.3333857,0.21098125,0.19723791,-0.24303,-0.10564123,0.21847141,-0.002976383,-0.012719717,0.020144833,-0.024213256,-0.020208295,-0.034265004,-0.02000101,-0.025232565,0.020024888,0.0665078,0.069912106,-0.0919804,-0.10230596,0.049894057,0.014859178,0.09542287,0.001828727,0.0062316023,-0.018553738,0.057258353,0.10713594,0.16252112,-0.030447325,-0.07558574,0.047556218,-0.013901958,0.017447097,-0.017723119,0.047794532,0.034132488,-0.028839644,0.06763721,-0.069275565
39,-0.49845403,-0.5376046,0.086783126,-0.6136967,-1.113238,0.34895927,0.44974053,1.3751395,-0.31530714,0.0010439736,-0.3226809,0.17258239,-0.1660074,-0.07083448,0.15161425,-0.17824948,0.028318033,0.054991458,-0.07038314,0.052844048,-0.5852214,0.034510434,0.1484178,0.0029520374,-0.4343716,-0.15098962,0.28991133,-0.17157134,0.21689063,-0.027316868,-0.033870183,0.0070282025,0.20297909,-0.32504934,0.08807996,-0.041949987,0.020613668,-0.12937243,0.21098125,1.9841946,-0.27618098,0.08449446,-0.27531528,-0.08830298,-0.19470648,-0.012561002,0.0019882724,0.03772466,-0.02973067,0.11169727,-0.0021002614,-0.03793654,-0.0128017925,-0.08069706,-0.06937311,-0.0919481,-0.0010257289,-0.10634144,-0.17625423,-0.006349658,-0.07133352,0.08787795,-0.067632966,0.05953855,0.005010335,0.072369315,0.008502729,-0.024385672,-0.049438916,-0.025769003,0.06668235,0.023319818,0.0008772494,0.079477444,0.01426876,-0.026186794,0.07130779
40,-0.1939833,-1.4751935,0.11642742,-0.6993766,0.2469813,0.028154135,0.082445174,0.37615332,0.21380104,0.25107342,0.3287192,0.16707483,0.1425642,-0.36301887,0.15626234,-0.70963013,-0.5331883,-0.385114,-0.0030812433,-0.107712656,0.59539366,0.032007143,-0.46837914,-0.15602483,0.08008546,-0.23546928,0.030535378,-0.031375848,0.018979799,-0.23161328,0.24617235,-0.2618996,0.2284779,0.087793544,0.13012514,0.13988635,0.18102106,-0.04602188,0.19723791,-0.27618098,1.4391077,0.00396309,0.08577824,-0.04948488,-0.026018344,0.05978997,0.28642315,0.20103602,-0.010984961,-0.07168316,0.033687666,-0.16339552,0.062171303,-0.05246249,-0.095788114,0.06874455,0.030370563,0.05254018,-0.048399895,0.005011249,-0.03983923,-0.1121469,0.07445627,0.14765236,-0.037908535,0.042228997,-0.009157697,-0.1429044,0.08531429,0.009093433,-0.007798617,-0.038623266,0.077828154,0.0974568,-0.041016724,-0.10783157,0.03805533
41,-0.14498201,-0.8899328,-0.026452826,-0.11583832,-0.26009712,-0.338365,-0.6593423,0.26594502,0.13303554,-0.6966607,0.27120137,-0.025303317,-0.08546112,-0.028019667,0.28113192,0.65507245,-0.0056690844,-0.30594987,-0.16626081,0.051103577,0.1348428,0.02402825,0.13147467,-0.03549069,0.06998079,0.1393825,0.0458693,-0.035779558,-0.002436072,-0.16440012,-0.12326586,-0.15686515,0.13862559,0.02868588,0.023884732,-0.18349436,0.18125215,-0.004327053,-0.24303,0.08449446,0.00396309,1.8351998,-0.027099825,-0.089034185,0.16981131,0.09634325,-0.1315658,0.012454774,-0.084233314,0.06307396,0.052207477,-0.010014229,0.14292628,0.005243539,-0.005721072,-0.12802455,-0.04471974,0.005937856,-0.040532246,-0.048610397,-0.08571541,-0.07593273,0.04718493,0.05155135,-0.021501146,0.16766468,-0.05344037,-0.0040649287,0.042390928,-0.06141921,-0.06478802,0.06615284,0.061394833,0.12329136,0.025823787,-0.010375023,-0.033212207
42,-0.37743926,-1.0238881,0.5214836,0.079116255,-0.48553598,0.8316195,-0.6091058,-0.2525493,-0.39292485,-0.09703526,-0.07550607,0.46813864,0.29860935,0.13768053,-0.37981647,-0.053551104,0.034271803,0.45597482,0.38297498,-0.63482785,0.043754406,0.33368546,0.04897228,-0.32663053,-0.18931355,0.25386024,-0.023245044,-0.1323946,0.3418034,0.10590117,0.015138244,-0.1160572,-0.16596818,-0.10556655,0.12435877,-0.01261122,0.13211226,0.19306,-0.10564123,-0.27531528,0.08577824,-0.027099825,1.5286969,-0.051018015,0.0731944,-0.006568741,0.04979345,0.18104671,0.045110565,-0.035781644,-0.13702747,-0.03878385,-0.041437138,0.08539681,0.08456326,0.08649534,-0.11529255,0.00068262673,-0.15993327,0.15538086,0.1161836,-0.03868792,-0.021081198,-0.089207016,-0.03197643,0.0029691088,0.05728779,0.024549294,0.03939918,-0.002183003,0.05415599,0.03422541,0.06445646,-0.024827592,0.029779423,0.06112809,-0.05761424
43,0.13631439,-1.2648051,-0.37383282,0.12101227,-0.8796278,-0.7880596,0.19484696,0.18212512,0.11429763,0.3060081,0.006199039,0.0440844,0.5763302,-0.038101397,0.3111595,0.3732003,-0.23098218,0.37334514,0.27148795,-0.17376149,-0.09773808,-0.20121269,0.3660066,-0.17798421,0.13955715,0.073117495,0.114254326,-0.07607411,-0.17612076,-0.08073737,0.17584848,-0.16607761,-0.18039405,-0.3572504,-0.03809686,-0.18380114,-0.07122786,0.29560372,0.21847141,-0.08830298,-0.04948488,-0.089034185,-0.051018015,1.7802204,-0.01090805,-0.12548794,0.1696476,-0.19098207,0.09230846,0.106308386,-0.005636706,0.067691594,0.23952278,0.07578445,-0.0627898,0.090654925,-0.013996186,0.13907546,0.04772093,-0.05864755,0.020814288,0.032554436,-0.059439152,0.07383774,-0.14081173,0.025485348,-0.0031792896,-0.00549645,-0.035150237,-0.0053657703,-0.06169688,-0.04980774,-0.021243371,0.01295767,0.024769474,-0.00039844285,-0.023252998
44,1.1014742,-0.27248478,-0.24842152,0.52603185,0.111203015,-0.15393716,0.68119514,0.269592,0.19630869,-0.58186495,0.2638641,-0.080083,0.32416922,0.37849963,0.27902818,-0.13192213,0.18616879,0.080843404,-0.053649396,0.0016147754,-0.23155755,0.3037082,-0.1064176,-0.30568004,0.17399219,-0.34652725,-0.29414737,-0.23893309,0.19524473,0.07490347,-0.12747562,0.35500252,-0.19410995,-0.023469005,0.106963694,0.01517199,-0.1242155,-0.080610685,-0.002976383,-0.19470648,-0.026018344,0.16981131,0.0731944,-0.01090805,1.6727425,-0.006742522,0.26802218,-0.07212527,0.05877345,-0.080131695,0.04611455,0.01275471,-0.07809639,0.12939647,-0.0018032549,-0.093202084,-0.038355038,-0.11336909,0.028457146,0.022735197,-0.1684148,0.15693033,0.025329731,0.10333869,0.0017409689,-0.040177137,0.011702338,0.0059228307,0.021443907,-0.044245258,-0.08460902,0.020038856,-0.0050824694,0.059158113,0.11384881,-0.0075387578,-0.013584554
