,0,1,2,3,4,5,6,7,8,9,10,11,12,13,14,15,16,17,18,19,20,21,22,23,24,25,26,27,28,29,30,31,32,33,34,35,36,37,38,39,40,41,42,43,44,45,46,47,48,49,50,51,52,53,54,55,56,57,58,59,60,61,62,63,64
0,39.335938,-9.730921,-24.388718,-4.0449543,-9.639385,-12.696814,11.857407,-0.87987375,2.91247,-4.6866283,-5.9250617,0.5951102,4.0093966,1.0303664,1.2366235,-3.7388349,0.84898424,1.3552483,1.9914091,0.89326274,1.0000443,-0.13013098,-2.0515184,-1.8454202,-1.6693597,-1.9571261,-0.31141335,-0.89267206,1.3315281,-0.9894096,1.294285,-1.3705254,-1.2170155,0.67404675,-0.9763222,0.798926,1.6423817,0.8945576,-1.0404108,0.10185046,-0.24096268,-0.88778615,0.8514949,0.21447444,-0.037760407,0.36718655,-0.53507036,0.4425033,-0.68975455,0.17363194,0.31163463,-0.29702473,0.05278075,-0.6883564,0.24352461,-0.44929484,-0.1824445,-0.73720133,0.4137727,-0.2882226,0.4122492,0.08511364,0.26850098,0.09475236,-0.06723794
1,-9.730921,89.19604,9.276306,18.884014,-14.478493,-6.8934193,2.467547,-5.419608,-10.488661,0.52522707,3.825039,2.7427316,-1.8350403,9.428862,-5.148286,-3.1196322,-2.0413568,-3.2978277,3.3259852,0.3335026,2.026565,4.428438,4.0153656,0.4860171,-0.91221935,-0.56094,4.327166,1.6019611,-1.0571358,2.7797823,-0.12333031,-1.4375498,0.57392025,-0.0820997,1.0752195,0.62055767,0.9423131,-0.53911245,-0.6608044,0.8120653,0.24722749,0.15772803,-1.1813504,-0.8010936,-0.61403227,-0.18741485,-0.04601638,-0.13291539,0.8188452,0.11515418,0.21313457,0.016020667,-1.047193,-0.06502083,-0.16265434,-0.16032752,0.34540826,0.2642433,0.11261591,-0.24541444,-0.046161473,0.1229339,-0.2734327,0.1502954,-0.2768448
2,-24.388718,9.276306,98.70908,-3.871615,0.5981604,-1.8360887,1.7253827,0.4125636,1.690747,-2.8513472,-1.3482668,-1.6034818,-1.8520718,-4.365806,2.3338685,-4.431449,-0.92411447,0.74461865,0.24492356,-0.50802094,-1.304416,-2.583616,-0.1602256,0.07315628,0.77937007,0.66577864,-0.28950983,-0.9641658,-0.1358982,-0.5783702,-0.18839054,-0.84018505,-0.49589664,-0.3107165,-0.5055125,0.017886546,-0.048428416,0.3405253,-0.3149623,0.26937628,0.7011302,-0.24994394,-0.21380001,-0.27260906,-0.05881249,0.116303116,0.3037088,-0.5762334,-0.00047796837,0.046455357,-0.18533613,-0.11719836,0.13893068,0.014195893,-0.2923525,0.19191808,0.23548526,0.25502414,-0.2837965,0.001104745,0.14806464,-0.11617054,-0.10853847,0.3181765,-0.04442957
3,-4.0449543,18.884014,-3.871615,70.66215,-1.9739885,0.4913745,-0.91387117,2.7682142,2.7804322,0.59264016,-2.5389,2.124322,-1.8981285,-1.3730929,1.6936615,0.5409764,-0.90552473,0.81655777,-0.8047758,0.40409702,1.2456218,-2.7163272,-0.7352288,-1.1579103,2.870306,-0.5727534,-1.1081996,0.59660393,0.32584363,-0.30797943,0.7739725,0.069068395,0.2831969,0.95076895,-0.4113768,-0.9276085,0.0494126,0.32620782,0.8302984,-0.33773965,-0.048333883,-0.32048243,-0.43462965,-0.44847238,0.5288497,0.25566474,0.0875544,0.005193904,-0.6739123,-0.13001159,0.0533313,0.08233045,0.101048924,0.0056723384,0.2154677,-0.045832455,-0.23713398,-0.10627494,-0.068805724,0.19035895,-0.4342754,-0.18661791,-0.49600124,0.07953967,-0.2072083
4,-9.639385,-14.478493,0.5981604,-1.9739885,47.23579,-0.006298476,-0.17160194,-0.5575669,-4.2997556,0.49323767,-0.73479307,4.1023016,-1.4900017,0.11065973,-3.5115461,-0.23079982,-2.8109431,0.78929234,-0.16975439,1.0982379,2.1938634,0.5710415,-0.7727072,0.8799584,1.4618006,-1.096767,-0.07072154,-0.5088961,0.14752847,0.15230677,0.37689734,-0.28719145,0.24726304,-0.021768786,0.12788403,-0.41190988,0.019149568,-0.7031761,0.24339908,-0.51052105,0.8310094,-0.6325652,-1.1360767,-0.38616085,0.5339121,-0.043585062,0.1311999,0.030090883,-0.42481458,0.07128761,0.32164466,0.359384,-0.2742747,0.08608617,0.14970878,-0.14875335,0.054068685,0.3219527,-0.17302099,0.115925655,-0.13971636,-0.4081968,-0.3960269,-0.20185485,-0.01877543
5,-12.696814,-6.8934193,-1.8360887,0.4913745,-0.006298476,49.921673,0.9508041,1.1128037,0.50343126,0.36083317,-0.57607615,-0.72745734,0.44126144,1.7341077,-0.04848744,-1.5689003,0.46824518,-1.3538744,0.4791381,0.10314518,-0.021323973,0.026780881,0.8330418,-0.32727662,-0.13749005,-0.11898115,0.8205911,0.66097605,0.32005858,0.3872298,0.53034866,-0.3500951,-0.27531913,0.11772424,-0.16657743,-0.065536246,-0.16524848,0.13523512,-0.21121037,0.38377005,-0.06716868,-0.047690343,0.12049243,-0.06749695,-0.09040044,0.10588853,0.13345754,0.13214925,0.08989297,0.2727909,-0.02332315,-0.17132327,-0.005361894,0.047800854,-0.057908513,-0.048342988,0.08819206,0.0022865362,0.098868996,0.042796355,-0.24763322,-0.073809326,-0.11421226,-0.008832529,-0.012892642
6,11.857407,2.467547,1.7253827,-0.91387117,-0.17160194,0.9508041,39.98862,2.0927494,-1.9008663,0.32259995,-1.4861755,-0.88173705,-1.603359,0.21625927,-2.4761364,-0.10114899,-0.6872914,-0.8216406,0.109965146,0.22539574,-0.7478564,-0.6165644,-0.08419514,2.016296,0.0854764,-0.56683254,-1.7634014,0.03566181,-0.6473156,0.0073345257,0.6286632,-0.02559993,-0.0013356432,0.1792958,0.39289677,0.495241,0.052856565,0.26047122,0.028143588,-0.36103696,-0.044384994,0.1929831,-0.028699294,0.08202089,-0.071773246,-0.13618088,0.15097703,-0.059982006,-0.1024645,0.18151616,0.18313393,-0.16707242,-0.069476604,-0.17685677,0.23160583,-0.22317824,-0.12878259,0.075013414,-0.031705413,0.0878863,-0.4409935,-0.30292466,0.37366593,0.0014520871,0.10138625
7,-0.87987375,-5.419608,0.4125636,2.7682142,-0.5575669,1.1128037,2.0927494,29.353731,-1.2179391,0.14274627,1.2210279,1.1913116,0.09511584,-0.585299,0.7408253,1.1629796,-0.05020551,1.7032385,0.4992653,-0.28506374,0.4563108,0.4045146,0.32432616,-0.46882942,-0.47010818,0.74482346,0.22185023,-0.260579,-0.21876433,0.28594553,-0.014512965,-0.002986934,0.30842382,-0.3586238,-0.05063948,0.14168033,0.26670563,-0.22028597,0.122348174,0.25100145,0.012570024,0.14687288,0.07632995,-0.14080504,0.0023260051,-0.1986636,-0.050942022,-0.2863111,0.13441896,-0.18342614,-0.05851026,0.17666003,-0.21943389,-0.13049003,0.10139118,0.19761321,-0.14649034,-0.19045693,-0.10017849,-0.1831907,0.40028855,0.18353343,-0.10273817,0.098243676,0.016978834
8,2.91247,-10.488661,1.690747,2.7804322,-4.2997556,0.50343126,-1.9008663,-1.2179391,26.103907,-0.09722935,0.22338483,-0.36674014,-1.0978184,0.18313393,-2.4306765,0.7238413,-1.4788024,-0.17563602,0.38706887,0.2965623,0.17935003,0.5540663,0.27406582,0.78105366,-0.29913425,-0.13595623,-0.029790498,-0.3548066,-0.45191717,0.1530083,-0.044656157,-0.248216,0.19427212,-0.14464365,0.11080584,0.82519853,0.102757156,-0.39692706,-0.14247686,-0.1001517,0.20168623,0.005376329,-0.13625029,-0.21660295,0.08873321,-0.2497879,0.12354816,-0.2646459,-0.024305347,0.10214541,0.30254602,0.10879841,-0.101361364,-0.14130342,0.17846692,-0.02453675,-0.009239949,-0.05658784,-0.16799593,0.14543623,0.019271595,-0.16148551,0.09944549,-0.00837679,0.073844776
9,-4.6866283,0.52522707,-2.8513472,0.59264016,0.49323767,0.36083317,0.32259995,0.14274627,-0.09722935,24.939577,0.2276755,-0.44343784,0.13702004,-1.0885279,1.1194248,-0.7573263,0.07330231,-0.25155032,-0.07816714,-0.27525884,-0.23553051,0.5693215,-0.46101046,0.7000556,-0.5968801,-0.33884966,0.21720791,-0.6448257,-0.3208043,-0.45539412,-1.1579442,0.015586148,-0.50924313,0.3096707,0.23421629,-0.041175373,0.47401005,0.022126835,-0.28465435,-0.06979021,0.18550669,-0.074604526,-0.23017327,0.2033801,0.008709198,0.11146159,-0.2591088,0.07373379,0.08279702,-0.1512466,0.1481277,0.07645519,0.15098467,0.11291469,-0.23076019,0.1296628,-0.0058909548,0.2612604,-0.15323539,0.15122443,0.14559868,0.054068692,0.10109946,0.19504407,-0.09066163
10,-5.9250617,3.825039,-1.3482668,-2.5389,-0.73479307,-0.57607615,-1.4861755,1.2210279,0.22338483,0.2276755,22.573933,0.33968586,-1.7608831,-0.35313708,0.06669927,-0.88779664,-0.18290925,-1.1002401,0.27123782,0.6879226,-0.25903487,-0.8922087,-0.25752595,0.3721782,0.7807493,-0.16632213,-0.5969343,-0.1774391,0.36528122,-0.29044217,0.80091953,0.18827775,0.24038488,0.18346915,0.17913878,0.14653455,0.046545815,-0.1635201,-0.10974285,-0.3261264,-0.38068205,0.38422763,0.2812109,0.1372123,0.0015432516,0.15003178,-0.023461321,0.16698815,-0.12305987,0.18853357,0.1263116,0.3402983,-0.015538518,-0.015299619,-0.12262538,-0.3845197,-0.06527357,0.2732379,0.22126913,0.08981646,-0.046859503,-0.22444299,0.10736109,-0.08130887,0.14393869
11,0.5951102,2.7427316,-1.6034818,2.124322,4.1023016,-0.72745734,-0.88173705,1.1913116,-0.36674014,-0.44343784,0.33968586,18.796234,0.22396228,-0.38026083,-0.5179143,0.09764134,0.42207015,-1.3205273,-0.31675714,-0.5206958,-1.0717833,-0.23673686,0.7402084,-0.1010603,-0.97809243,0.22618374,0.37919706,0.29616565,-0.09961401,-0.23384842,-0.33919922,-0.19929014,-0.121087626,0.0014073937,-0.23111194,0.82314485,-0.038952075,0.13483274,-0.2046923,-0.0051925383,-0.21334453,-0.09312434,0.35789657,-0.17510377,0.03224756,0.055758003,0.22744969,-0.07000169,0.09350012,0.15965661,0.11696577,-0.37553436,0.471002,-0.030183915,-0.035773806,0.11697093,0.28998563,-0.14908615,0.008680778,-0.015723543,0.008782368,-0.052700154,0.40114227,0.030293893,0.0062859813
12,4.0093966,-1.8350403,-1.8520718,-1.8981285,-1.4900017,0.44126144,-1.603359,0.09511584,-1.0978184,0.13702004,-1.7608831,0.22396228,17.270966,-1.0088426,0.88325274,-1.34212,-1.3401494,-0.92276204,0.14158282,-0.03281091,-0.44275695,-0.6092303,0.70402247,0.21754687,1.3668594,0.16084029,-0.06999804,0.25133055,-0.98173225,-0.19516021,0.2485769,-0.21799973,0.51269865,0.18333559,0.41933155,0.36165938,0.8200573,-0.03581299,0.0028326486,-0.35308456,-0.0107862875,0.30918753,-0.17004615,-0.40360236,0.18242279,0.083552375,0.11132509,0.01736338,-0.291184,-0.033074945,-0.04405665,0.0760504,0.15447396,-0.032204494,0.056081668,-0.27476332,-0.063713014,0.15223749,0.04136741,-0.15990394,0.13740957,-0.22692013,-0.07709494,0.15012297,0.07613952
13,1.0303664,9.428862,-4.365806,-1.3730929,0.11065973,1.7341077,0.21625927,-0.585299,0.18313393,-1.0885279,-0.35313708,-0.38026083,-1.0088426,16.23718,1.3412087,-0.33176327,-0.5552205,1.1044486,-0.42870092,-0.2884197,-0.31875306,-0.30329102,-0.44621772,0.37076697,-0.038288847,0.45635915,-0.47114378,-0.8296119,-0.48679453,-0.57690537,-0.41901076,0.103008874,-0.17143488,-0.29041624,-0.040862344,0.13275123,0.16599782,-0.2531863,-0.033223324,-0.17486492,0.27528885,0.028866269,-0.020326175,-0.1403735,0.31116807,0.0038329868,0.2207521,-0.18881062,-0.19317658,-0.011700462,0.04061541,0.10191946,0.21482752,0.05713094,-0.068697214,0.17832285,-0.08570689,0.15177205,-0.1957868,-0.07655728,0.30965412,-0.040942565,-0.028558731,0.038252857,0.13226923
14,1.2366235,-5.148286,2.3338685,1.6936615,-3.5115461,-0.04848744,-2.4761364,0.7408253,-2.4306765,1.1194248,0.06669927,-0.5179143,0.88325274,1.3412087,11.87224,0.43874812,-0.97296035,-0.16594401,0.05768863,0.4777344,0.09090969,0.0010890084,-0.50747824,0.6791611,0.029918406,-0.48256436,-0.733803,0.11152242,0.33183193,0.17885719,0.2640066,-0.06753351,-0.04268194,-0.20712437,-0.062723525,0.4754212,-0.46276402,0.031979695,0.13533725,-0.28004736,0.039783962,-0.22791895,-0.10416586,-0.05240707,-0.015398171,-0.033041604,0.14906406,-0.06853891,-0.04373628,0.1878468,0.15143475,-0.05577574,-0.21998519,-0.0837805,0.08945356,-0.069610566,0.27730528,-0.12879121,0.09764382,0.17066325,-0.22447377,-0.13051023,0.24178216,-0.1996888,0.042174406
15,-3.7388349,-3.1196322,-4.431449,0.5409764,-0.23079982,-1.5689003,-0.10114899,1.1629796,0.7238413,-0.7573263,-0.88779664,0.09764134,-1.34212,-0.33176327,0.43874812,11.972261,-0.27814576,-1.0523636,0.50078756,0.035290305,-0.7374728,-0.23674694,0.036428206,0.3827507,0.7063743,-0.078930125,0.22064544,0.08993792,-0.32301342,-0.1068512,0.05915873,-0.3586684,-0.23015383,-0.07313088,0.33108264,-0.18511371,-0.08198682,0.16123773,-0.32743114,0.013580548,0.15017015,0.3140087,-0.085402355,-0.016039612,-0.24746989,0.1963996,0.14884587,-0.01012719,0.036983162,0.116511166,-0.14923216,0.05377694,-0.18887413,0.14393117,-0.32700342,-0.09729725,0.11122559,0.39514998,0.06964495,-2.9736388e-05,-0.021642309,-0.03210009,-0.07207391,0.025908213,0.07661781
16,0.84898424,-2.0413568,-0.92411447,-0.90552473,-2.8109431,0.46824518,-0.6872914,-0.05020551,-1.4788024,0.07330231,-0.18290925,0.42207015,-1.3401494,-0.5552205,-0.97296035,-0.27814576,12.027302,0.14087695,0.07385446,0.08053568,0.009482249,0.03401389,-0.2094757,0.039186224,0.7192632,0.07118323,-0.260494,-0.20223702,-0.2221545,-0.10622799,-0.32966185,0.031949263,-0.007515809,-0.06805938,-0.004225588,0.3685851,0.13028812,-0.11929117,0.034771595,-0.2629884,0.16649869,-0.20694506,-0.23741418,-0.2848357,0.19803989,0.06634347,0.06119796,-0.11800039,-0.2139045,0.0026641134,0.032600846,0.1459631,-0.024271544,-0.023370624,0.06701199,-0.027238114,0.13275383,-0.060698576,-0.04667777,0.0680588,0.028099842,-0.060435813,-0.15773246,0.05905957,0.028252538
17,1.3552483,-3.2978277,0.74461865,0.81655777,0.78929234,-1.3538744,-0.8216406,1.7032385,-0.17563602,-0.25155032,-1.1002401,-1.3205273,-0.92276204,1.1044486,-0.16594401,-1.0523636,0.14087695,11.196712,0.033973303,0.15843365,-0.45911086,0.14785774,0.44889852,0.1086932,0.18569985,-0.20355958,0.65294445,0.3397069,0.037003074,-0.09165192,-0.052227773,-0.07659111,0.028172519,0.25087613,0.17887594,0.22832313,0.07863137,-0.038662992,-0.3037786,-0.05575777,-0.18788397,0.1539591,0.12663232,0.05242021,-0.031274125,0.14393345,-0.028788297,0.26228946,0.027776409,0.16649425,0.03412743,-0.030333627,0.18218622,0.112838276,-0.14610778,-0.20242992,0.14945033,0.20054145,0.1384674,0.12898213,-0.103090644,-0.13905658,0.10242015,-0.016165007,0.02663483
18,1.9914091,3.3259852,0.24492356,-0.8047758,-0.16975439,0.4791381,0.109965146,0.4992653,0.38706887,-0.07816714,0.27123782,-0.31675714,0.14158282,-0.42870092,0.05768863,0.50078756,0.07385446,0.033973303,11.15361,0.04193367,0.09021892,-0.090049446,-0.12771793,0.048125528,0.0115914,-0.17132375,0.16695619,0.0037625316,0.041379914,-0.23862731,-0.15606965,0.033534165,0.006046841,0.008414979,-0.12048146,-0.13858016,0.068698406,-0.024660062,0.10786667,-0.029030833,0.16123696,-0.15480101,-0.12899259,-0.00074140157,0.10581241,-0.0043843957,-0.019053929,0.16488202,-0.062306337,-0.039991993,0.03073991,-0.07705357,0.23468575,0.09141872,0.015197592,-0.023971759,0.005281223,-0.015913546,-0.018235408,0.01814476,0.025817554,-0.0721036,0.015212058,-0.053807206,-0.0466178
19,0.89326274,0.3335026,-0.50802094,0.40409702,1.0982379,0.10314518,0.22539574,-0.28506374,0.2965623,-0.27525884,0.6879226,-0.5206958,-0.03281091,-0.2884197,0.4777344,0.035290305,0.08053568,0.15843365,0.04193367,10.457239,0.0886446,0.4204526,0.23856045,-0.2503448,-0.20327327,0.30273047,-0.19068697,0.19196275,-0.1894033,0.13016497,-0.1739341,-0.023115873,-0.06876683,0.020658258,0.047560275,0.008541951,0.21025977,0.14621416,-0.08420989,-0.018643783,-0.068659835,-0.09700774,-0.027207097,-0.18897295,0.13617352,0.14302346,0.06562486,-0.1826939,-0.03104754,-0.06796078,-0.11204241,-0.23866814,0.0977129,-0.03558112,0.07090445,0.26238436,0.14479172,0.016709901,-0.09851806,-0.1804177,-0.042476714,0.078006044,-0.018987134,0.17648083,-0.00045638447
20,1.0000443,2.026565,-1.304416,1.2456218,2.1938634,-0.021323973,-0.7478564,0.4563108,0.17935003,-0.23553051,-0.25903487,-1.0717833,-0.44275695,-0.31875306,0.09090969,-0.7374728,0.009482249,-0.45911086,0.09021892,0.0886446,9.187727,-0.12416504,-0.18295328,0.2731015,-0.009741452,0.112634294,-0.12127532,-0.20637107,-0.33888143,-0.27892214,-0.07486917,-0.11299648,-0.14130503,-0.039385147,0.10609977,0.3286543,-0.1348269,0.07036635,-0.21860543,-0.04811088,0.0077219857,0.10010433,0.26012233,0.1786561,-0.23181482,-0.16042021,-0.061286643,0.04612095,0.047613278,-0.014777015,-0.05690805,0.016313914,0.018263545,-0.03808156,-0.021795038,-0.1150909,-0.020085772,-0.04146088,0.009955282,0.036659993,0.07288863,-0.033290986,0.0990743,-0.00037825867,0.09069034
21,-0.13013098,4.428438,-2.583616,-2.7163272,0.5710415,0.026780881,-0.6165644,0.4045146,0.5540663,0.5693215,-0.8922087,-0.23673686,-0.6092303,-0.30329102,0.0010890084,-0.23674694,0.03401389,0.14785774,-0.090049446,0.4204526,-0.12416504,7.2771964,0.24448887,-0.09650049,0.7440352,-0.04638701,-0.13047802,0.15224907,0.29010886,0.13562948,0.5344005,-0.18385473,0.2838781,-0.08236781,-0.3043174,-0.11872404,-0.11211495,0.19384551,0.43912765,0.115527295,0.002703283,0.109418996,-0.1342307,-0.053763866,-0.15069035,-0.04890661,0.021024307,-0.13313492,0.11545125,-0.008760525,-0.007020002,-0.056036487,-0.0074614696,-0.033450544,-0.118110515,-0.18383667,-0.0075697964,-0.061967216,0.10647026,0.08333005,-0.031655483,-0.072443604,0.118377835,-0.06668231,-0.14528342
22,-2.0515184,4.0153656,-0.1602256,-0.7352288,-0.7727072,0.8330418,-0.08419514,0.32432616,0.27406582,-0.46101046,-0.25752595,0.7402084,0.70402247,-0.44621772,-0.50747824,0.036428206,-0.2094757,0.44889852,-0.12771793,0.23856045,-0.18295328,0.24448887,7.710962,0.13361284,0.38154352,-0.21113302,-0.507225,-0.4954884,0.04415358,-0.3956735,-0.20335597,0.0638516,-0.16422488,0.010392787,0.076483905,-0.039369393,-0.26551843,-0.05113448,-0.16038282,-0.17228389,0.101868615,-0.016047234,0.1113403,0.22331151,-0.028321054,-0.09536406,-0.13850409,0.071318924,-0.13544488,-0.06035301,-0.024924345,0.18289268,-0.16668467,0.03403641,-0.010243094,-0.008704564,-0.017240068,0.045912065,-0.04387624,0.19012249,0.04191728,0.013773023,-0.028970433,-0.083489105,0.08579844
23,-1.8454202,0.4860171,0.07315628,-1.1579103,0.8799584,-0.32727662,2.016296,-0.46882942,0.78105366,0.7000556,0.3721782,-0.1010603,0.21754687,0.37076697,0.6791611,0.3827507,0.039186224,0.1086932,0.048125528,-0.2503448,0.2731015,-0.09650049,0.13361284,6.443556,0.514094,0.34181225,0.58142173,0.46958756,0.35509557,0.07674335,-0.04056193,-0.009233361,0.21180022,0.044796742,-0.21471399,0.00958736,-0.1650799,-0.0049372893,0.07409793,0.036477033,-0.1925929,-0.10947837,0.15455031,-0.20985848,0.1398478,0.14874974,0.053734213,-0.1218243,-0.080370724,-0.025784906,-0.1533858,0.009508038,-0.023117445,-0.008384621,0.01672975,0.15599084,0.16664593,-0.19533895,0.054702654,-0.0016646853,0.08504336,0.12875125,-0.20117825,0.023087021,-0.012945432
24,-1.6693597,-0.91221935,0.77937007,2.870306,1.4618006,-0.13749005,0.0854764,-0.47010818,-0.29913425,-0.5968801,0.7807493,-0.97809243,1.3668594,-0.038288847,0.029918406,0.7063743,0.7192632,0.18569985,0.0115914,-0.20327327,-0.009741452,0.7440352,0.38154352,0.514094,6.1375227,0.086150095,-0.0051972857,-0.4204349,0.179407,0.088561624,-0.25877377,0.16259353,-0.30468428,-0.24028532,-0.10649537,0.2388621,0.024313321,-0.098675445,-0.18653128,0.14202377,0.004293734,-0.08241576,0.106112026,0.26361898,-0.0039748223,-0.008997783,0.0022278917,-0.10334656,0.22207533,0.09663563,0.124172114,-0.15998381,0.15645522,-0.09067887,0.036258183,0.113507405,-0.053287797,-0.044980463,-0.06565879,-0.080127716,5.5616445e-05,0.07274539,0.21335655,0.022571059,0.017114626
25,-1.9571261,-0.56094,0.66577864,-0.5727534,-1.096767,-0.11898115,-0.56683254,0.74482346,-0.13595623,-0.33884966,-0.16632213,0.22618374,0.16084029,0.45635915,-0.48256436,-0.078930125,0.07118323,-0.20355958,-0.17132375,0.30273047,0.112634294,-0.04638701,-0.21113302,0.34181225,0.086150095,6.2450557,-0.03324134,0.17101645,-0.13357285,-0.090978,-0.056371775,-0.06792943,-0.1509684,0.17748436,0.12061496,-0.14087906,0.11329006,0.11207981,0.12968281,-0.121923745,0.10910678,-0.018739505,-0.17169261,0.10325722,-0.016326454,0.0006614019,-0.084573895,0.16350773,-0.060872212,-0.014699026,0.06562823,-0.07231535,0.004817724,0.026808087,-0.026909847,-0.086688675,-0.07502401,-0.006084429,0.050538532,0.08369931,-0.058698118,-0.04228591,0.06805977,-0.06399846,-0.053029023
26,-0.31141335,4.327166,-0.28950983,-1.1081996,-0.07072154,0.8205911,-1.7634014,0.22185023,-0.029790498,0.21720791,-0.5969343,0.37919706,-0.06999804,-0.47114378,-0.733803,0.22064544,-0.260494,0.65294445,0.16695619,-0.19068697,-0.12127532,-0.13047802,-0.507225,0.58142173,-0.0051972857,-0.03324134,5.077464,-0.2317887,-0.07757084,-0.0131293265,0.35508484,0.1572038,-0.057511967,-0.015888805,0.10255972,0.09663649,-0.022001226,0.17623429,0.01865126,-0.22554031,-0.099069245,0.012643851,0.06954539,0.05375521,-0.019343982,0.0020745145,0.034334622,-0.17564231,-0.10297844,-0.01320636,0.0030712155,-0.044133477,-0.12730756,-0.16832256,0.16652784,0.025400925,-0.059434753,-0.012646177,-0.037039462,-0.09268751,-0.15532193,-0.012390314,0.103606656,0.05457615,0.07830785
27,-0.89267206,1.6019611,-0.9641658,0.59660393,-0.5088961,0.66097605,0.03566181,-0.260579,-0.3548066,-0.6448257,-0.1774391,0.29616565,0.25133055,-0.8296119,0.11152242,0.08993792,-0.20223702,0.3397069,0.0037625316,0.19196275,-0.20637107,0.15224907,-0.4954884,0.46958756,-0.4204349,0.17101645,-0.2317887,4.774501,0.20200543,-0.10848276,-0.30968028,0.112549946,-0.12920403,-0.18360524,-0.0720982,0.13051373,-0.21607488,-0.30300868,-0.3086412,-0.018247083,0.16018276,-0.144989,-0.003022659,0.2962258,-0.034519143,-0.18821299,-0.14777538,-0.12766938,0.10451105,-0.014888128,0.06740186,0.15896367,0.0012738295,-0.05506052,-0.016403448,-0.029694753,-0.038785376,0.1338504,-0.1354229,0.1049062,0.039485216,-0.01907976,0.025665557,-0.012335278,0.042638376
28,1.3315281,-1.0571358,-0.1358982,0.32584363,0.14752847,0.32005858,-0.6473156,-0.21876433,-0.45191717,-0.3208043,0.36528122,-0.09961401,-0.98173225,-0.48679453,0.33183193,-0.32301342,-0.2221545,0.037003074,0.041379914,-0.1894033,-0.33888143,0.29010886,0.04415358,0.35509557,0.179407,-0.13357285,-0.07757084,0.20200543,4.001015,-0.11511063,-0.0456329,-0.26149714,-0.040447634,0.097862095,0.28952432,0.13764052,0.4174084,0.12243371,-0.017345961,-0.0151128005,0.057140805,0.29656023,-0.001980867,-0.19062181,-0.05486416,-0.14487797,0.05631935,0.029542193,-0.140109,-0.12118587,0.02646472,-0.087756984,-0.011297617,-0.01112575,0.048411846,-0.009614674,-0.21590303,-0.03021456,-0.069477506,-0.08492759,0.11344045,0.028486524,0.0027399058,0.02721956,0.03655141
29,-0.9894096,2.7797823,-0.5783702,-0.30797943,0.15230677,0.3872298,0.0073345257,0.28594553,0.1530083,-0.45539412,-0.29044217,-0.23384842,-0.19516021,-0.57690537,0.17885719,-0.1068512,-0.10622799,-0.09165192,-0.23862731,0.13016497,-0.27892214,0.13562948,-0.3956735,0.07674335,0.088561624,-0.090978,-0.0131293265,-0.10848276,-0.11511063,3.8616147,-0.21306357,0.024220394,-0.06891465,0.03692291,0.055543214,0.08974873,0.07705192,-0.032403693,-0.05868289,-0.13147427,0.082963675,0.054482967,0.096049294,0.07259548,0.057115063,0.034095548,-0.048727836,0.15256357,-0.11343304,-0.0029606684,0.0053383624,0.07901989,0.09226259,0.064105734,-0.019952385,-0.052591078,-0.012231506,0.001998384,0.0068193227,0.061267152,0.10987811,-0.03617067,0.015750967,-0.007831867,0.05311295
30,1.294285,-0.12333031,-0.18839054,0.7739725,0.37689734,0.53034866,0.6286632,-0.014512965,-0.044656157,-1.1579442,0.80091953,-0.33919922,0.2485769,-0.41901076,0.2640066,0.05915873,-0.32966185,-0.052227773,-0.15606965,-0.1739341,-0.07486917,0.5344005,-0.20335597,-0.04056193,-0.25877377,-0.056371775,0.35508484,-0.30968028,-0.0456329,-0.21306357,3.1199822,0.10540596,-0.23511022,-0.03952018,0.034511022,0.13139527,0.15647557,0.0004227967,-0.104653254,-0.11134704,0.15269041,-0.23061603,-0.16056955,0.073023185,0.09778636,0.065287605,-0.15986034,0.04855456,0.023302518,-0.069048494,-0.03419954,0.029424958,0.14449522,0.08817523,-0.09982009,0.08119465,0.17382963,-0.015808558,-0.064723656,0.112666905,0.08855187,0.093911394,0.0015464993,0.072961666,-0.08445215
31,-1.3705254,-1.4375498,-0.84018505,0.069068395,-0.28719145,-0.3500951,-0.02559993,-0.002986934,-0.248216,0.015586148,0.18827775,-0.19929014,-0.21799973,0.103008874,-0.06753351,-0.3586684,0.031949263,-0.07659111,0.033534165,-0.023115873,-0.11299648,-0.18385473,0.0638516,-0.009233361,0.16259353,-0.06792943,0.1572038,0.112549946,-0.26149714,0.024220394,0.10540596,3.5495455,0.020135362,-0.008466594,0.004258937,0.025887033,-0.012299553,0.060252536,-0.041402094,0.09422355,0.13733874,0.0578772,-0.018030753,-0.041679386,-0.03789107,-0.107736506,0.044422895,-0.04844607,-0.015338987,-0.004744948,-0.04037791,-0.11982507,-0.027743155,-0.0060041198,0.022651859,0.0070318505,-0.01790434,-0.015907058,-0.0576675,0.030200575,-0.010203047,-0.028204966,-0.0045736935,-0.0026537715,-0.0042564753
32,-1.2170155,0.57392025,-0.49589664,0.2831969,0.24726304,-0.27531913,-0.0013356432,0.30842382,0.19427212,-0.50924313,0.24038488,-0.121087626,0.51269865,-0.17143488,-0.04268194,-0.23015383,-0.007515809,0.028172519,0.006046841,-0.06876683,-0.14130503,0.2838781,-0.16422488,0.21180022,-0.30468428,-0.1509684,-0.057511967,-0.12920403,-0.040447634,-0.06891465,-0.23511022,0.020135362,3.3350966,-0.05587124,0.007862728,-0.021338258,-0.07451801,0.011508844,-0.06552307,-0.0010871607,0.09465502,-0.056061335,-0.04681579,0.114359364,-0.008314124,0.025940191,-0.051936783,-0.023006696,0.03766671,-0.002827462,0.023314565,-0.03762375,0.02137822,0.01672183,-0.047885805,0.07895405,-0.009067262,-0.0013571418,-0.057363577,0.061904702,-0.04375212,0.039631687,-0.027614843,0.016335927,0.0063901586
33,0.67404675,-0.0820997,-0.3107165,0.95076895,-0.021768786,0.11772424,0.1792958,-0.3586238,-0.14464365,0.3096707,0.18346915,0.0014073937,0.18333559,-0.29041624,-0.20712437,-0.07313088,-0.06805938,0.25087613,0.008414979,0.020658258,-0.039385147,-0.08236781,0.010392787,0.044796742,-0.24028532,0.17748436,-0.015888805,-0.18360524,0.097862095,0.03692291,-0.03952018,-0.008466594,-0.05587124,2.8845034,-0.102725625,0.120969236,-0.0797068,-0.065905474,-0.013341114,0.05273913,0.094404206,0.026988769,0.012184972,0.05777841,0.027035264,0.0033131843,0.050145566,-0.102500245,0.049053766,0.0712875,-0.06654254,-0.03519246,-0.007185598,-0.0074052303,-0.03807427,0.012218218,0.057307508,-0.017362582,0.013210486,0.017816156,0.06783269,0.017170537,0.025648447,-0.043510277,0.045279082
34,-0.9763222,1.0752195,-0.5055125,-0.4113768,0.12788403,-0.16657743,0.39289677,-0.05063948,0.11080584,0.23421629,0.17913878,-0.23111194,0.41933155,-0.040862344,-0.062723525,0.33108264,-0.004225588,0.17887594,-0.12048146,0.047560275,0.10609977,-0.3043174,0.076483905,-0.21471399,-0.10649537,0.12061496,0.10255972,-0.0720982,0.28952432,0.055543214,0.034511022,0.004258937,0.007862728,-0.102725625,2.8456588,0.019312106,-0.13560843,-0.035372492,0.034175396,0.13294524,0.05585383,-0.1169292,0.00034597574,-0.009615758,0.018361509,-0.020778634,0.014684377,-0.06779343,0.042345915,0.032242276,0.012788438,-0.030567074,0.055291876,-0.013375503,0.0267278,0.017431334,0.031613458,-0.08249822,-0.017279144,0.05078827,-0.023235535,-0.0047816862,-0.023278974,-0.016009439,-0.032567076
35,0.798926,0.62055767,0.017886546,-0.9276085,-0.41190988,-0.065536246,0.495241,0.14168033,0.82519853,-0.041175373,0.14653455,0.82314485,0.36165938,0.13275123,0.4754212,-0.18511371,0.3685851,0.22832313,-0.13858016,0.008541951,0.3286543,-0.11872404,-0.039369393,0.00958736,0.2388621,-0.14087906,0.09663649,0.13051373,0.13764052,0.08974873,0.13139527,0.025887033,-0.021338258,0.120969236,0.019312106,2.2901886,-0.08429725,0.048085317,0.1417154,0.07212002,0.079718545,-0.053328753,-0.1811221,0.029754017,-0.041495353,0.0214808,-0.04344928,0.088144675,0.04117359,-0.07197964,-0.031262696,0.00922518,-0.048398696,0.08256212,-0.053610925,0.032427516,-0.05249428,0.109685585,-0.011834368,-0.047559306,-0.070685975,0.0052989777,-0.103920326,-0.0018215429,-0.071354695
36,1.6423817,0.9423131,-0.048428416,0.0494126,0.019149568,-0.16524848,0.052856565,0.26670563,0.102757156,0.47401005,0.046545815,-0.038952075,0.8200573,0.16599782,-0.46276402,-0.08198682,0.13028812,0.07863137,0.068698406,0.21025977,-0.1348269,-0.11211495,-0.26551843,-0.1650799,0.024313321,0.11329006,-0.022001226,-0.21607488,0.4174084,0.07705192,0.15647557,-0.012299553,-0.07451801,-0.0797068,-0.13560843,-0.08429725,2.166548,-0.14409342,-0.08188942,0.042481393,0.043881617,-0.13067302,0.09606953,0.14685673,-0.07571348,-0.09778197,0.04876061,-0.11872856,0.08492544,0.07661981,-0.014048431,0.08237161,-0.1475386,-0.010598103,-0.019244654,0.061228115,0.059967704,0.029399984,-0.04417777,0.10119907,-0.10595318,-0.010195914,-0.06313393,-0.078521065,0.048019633
37,0.8945576,-0.53911245,0.3405253,0.32620782,-0.7031761,0.13523512,0.26047122,-0.22028597,-0.39692706,0.022126835,-0.1635201,0.13483274,-0.03581299,-0.2531863,0.031979695,0.16123773,-0.11929117,-0.038662992,-0.024660062,0.14621416,0.07036635,0.19384551,-0.05113448,-0.0049372893,-0.098675445,0.11207981,0.17623429,-0.30300868,0.12243371,-0.032403693,0.0004227967,0.060252536,0.011508844,-0.065905474,-0.035372492,0.048085317,-0.14409342,2.322531,-0.11192099,0.0017021797,0.020341706,0.0006172359,0.02357859,0.04583422,0.046841487,-0.047104366,-0.0038796118,-0.043885473,0.029442454,0.02327236,0.080056965,0.1253992,0.0077960296,0.007944193,-0.0240269,-0.000981945,-0.035086922,0.07700156,-0.045020442,0.04449789,0.043713816,-0.025288744,-0.05365528,-0.040336758,0.04902189
38,-1.0404108,-0.6608044,-0.3149623,0.8302984,0.24339908,-0.21121037,0.028143588,0.122348174,-0.14247686,-0.28465435,-0.10974285,-0.2046923,0.0028326486,-0.033223324,0.13533725,-0.32743114,0.034771595,-0.3037786,0.10786667,-0.08420989,-0.21860543,0.43912765,-0.16038282,0.07409793,-0.18653128,0.12968281,0.01865126,-0.3086412,-0.017345961,-0.05868289,-0.104653254,-0.041402094,-0.06552307,-0.013341114,0.034175396,0.1417154,-0.08188942,-0.11192099,2.2278366,0.03496356,0.014065431,0.020194216,0.13443041,0.09840943,-0.017790759,-0.0499583,-0.014733898,-0.03363271,0.0028614798,0.043495625,-0.012671623,0.018413214,-0.010117259,-0.014878044,0.009430068,0.008369046,0.013806373,0.09728025,-0.0528396,0.047286145,-0.003128314,-0.010088181,-0.006239672,0.01766996,0.0776995
39,0.10185046,0.8120653,0.26937628,-0.33773965,-0.51052105,0.38377005,-0.36103696,0.25100145,-0.1001517,-0.06979021,-0.3261264,-0.0051925383,-0.35308456,-0.17486492,-0.28004736,0.013580548,-0.2629884,-0.05575777,-0.029030833,-0.018643783,-0.04811088,0.115527295,-0.17228389,0.036477033,0.14202377,-0.121923745,-0.22554031,-0.018247083,-0.0151128005,-0.13147427,-0.11134704,0.09422355,-0.0010871607,0.05273913,0.13294524,0.07212002,0.042481393,0.0017021797,0.03496356,1.9561616,-0.041443713,-0.08471106,-0.045099206,0.01355858,0.089665,0.08087972,-0.022620857,0.022229359,-0.07237336,-0.01685385,0.0047702715,0.026011191,0.03402804,-0.013047662,0.008873382,-0.006184494,0.07126985,0.011449035,0.015253192,-0.034899566,-0.009035867,-0.017576508,0.03570817,0.012351513,0.011801273
40,-0.24096268,0.24722749,0.7011302,-0.048333883,0.8310094,-0.06716868,-0.044384994,0.012570024,0.20168623,0.18550669,-0.38068205,-0.21334453,-0.0107862875,0.27528885,0.039783962,0.15017015,0.16649869,-0.18788397,0.16123696,-0.068659835,0.0077219857,0.002703283,0.101868615,-0.1925929,0.004293734,0.10910678,-0.099069245,0.16018276,0.057140805,0.082963675,0.15269041,0.13733874,0.09465502,0.094404206,0.05585383,0.079718545,0.043881617,0.020341706,0.014065431,-0.041443713,1.8739495,0.13701701,0.14283891,-0.06500092,-0.03985007,0.07731441,0.009835196,-0.018219879,0.015382454,-0.011385164,0.047797687,0.0464257,-0.038494978,-0.04137245,-0.031848215,0.0018166153,-0.016166974,0.006622987,0.08537923,-0.063288115,0.011370588,0.06224303,0.05600515,-0.0011814146,0.011215947
41,-0.88778615,0.15772803,-0.24994394,-0.32048243,-0.6325652,-0.047690343,0.1929831,0.14687288,0.005376329,-0.074604526,0.38422763,-0.09312434,0.30918753,0.028866269,-0.22791895,0.3140087,-0.20694506,0.1539591,-0.15480101,-0.09700774,0.10010433,0.109418996,-0.016047234,-0.10947837,-0.08241576,-0.018739505,0.012643851,-0.144989,0.29656023,0.054482967,-0.23061603,0.0578772,-0.056061335,0.026988769,-0.1169292,-0.053328753,-0.13067302,0.0006172359,0.020194216,-0.08471106,0.13701701,1.5692501,-0.16300991,0.030228004,0.099417344,-0.008769449,-0.027153995,-0.00022243119,0.0036663786,-0.0037992136,-0.023716856,-0.044544116,0.09937803,-0.008732037,0.08965191,0.0571177,0.1555757,-0.06165179,-0.07106457,-0.007464625,-0.11152569,-0.048809737,-0.04613283,0.043564733,-0.06385088
42,0.8514949,-1.1813504,-0.21380001,-0.43462965,-1.1360767,0.12049243,-0.028699294,0.07632995,-0.13625029,-0.23017327,0.2812109,0.35789657,-0.17004615,-0.020326175,-0.10416586,-0.085402355,-0.23741418,0.12663232,-0.12899259,-0.027207097,0.26012233,-0.1342307,0.1113403,0.15455031,0.106112026,-0.17169261,0.06954539,-0.003022659,-0.001980867,0.096049294,-0.16056955,-0.018030753,-0.04681579,0.012184972,0.00034597574,-0.1811221,0.09606953,0.02357859,0.13443041,-0.045099206,0.14283891,-0.16300991,1.6479177,-0.043269083,0.048552148,0.038373142,-0.034250516,-0.016431643,0.025105067,-0.05848632,0.013738098,-0.052548014,0.042323172,0.028560117,-0.032066587,0.018891156,0.040057294,0.040604305,-0.032681257,-0.019511666,-0.046730187,-0.011988854,-0.031360146,0.027235249,-0.09259785
43,0.21447444,-0.8010936,-0.27260906,-0.44847238,-0.38616085,-0.06749695,0.08202089,-0.14080504,-0.21660295,0.2033801,0.1372123,-0.17510377,-0.40360236,-0.1403735,-0.05240707,-0.016039612,-0.2848357,0.05242021,-0.00074140157,-0.18897295,0.1786561,-0.053763866,0.22331151,-0.20985848,0.26361898,0.10325722,0.05375521,0.2962258,-0.19062181,0.07259548,0.073023185,-0.041679386,0.114359364,0.05777841,-0.009615758,0.029754017,0.14685673,0.04583422,0.09840943,0.01355858,-0.06500092,0.030228004,-0.043269083,1.5933731,0.06922941,0.061478622,0.13229229,-0.03714917,-0.08607625,-0.01315168,0.025372682,-0.03091421,0.008329902,0.009783886,0.021687452,0.059270315,0.015003132,-0.02685536,0.007108787,-0.08137053,0.024549402,0.012956459,-0.042008393,0.022799637,-0.014799684
44,-0.037760407,-0.61403227,-0.05881249,0.5288497,0.5339121,-0.09040044,-0.071773246,0.0023260051,0.08873321,0.008709198,0.0015432516,0.03224756,0.18242279,0.31116807,-0.015398171,-0.24746989,0.19803989,-0.031274125,0.10581241,0.13617352,-0.23181482,-0.15069035,-0.028321054,0.1398478,-0.0039748223,-0.016326454,-0.019343982,-0.034519143,-0.05486416,0.057115063,0.09778636,-0.03789107,-0.008314124,0.027035264,0.018361509,-0.041495353,-0.07571348,0.046841487,-0.017790759,0.089665,-0.03985007,0.099417344,0.048552148,0.06922941,1.4748205,-0.088135965,-0.056403767,0.007634241,0.082706116,-0.041938346,0.006270798,0.024266627,-0.096307755,-0.025288263,-0.041344896,-0.057204686,-0.07902483,0.013018501,0.03897243,0.004275605,0.01806381,0.03183191,0.036432043,-0.023805443,-0.009656248
45,0.36718655,-0.18741485,0.116303116,0.25566474,-0.043585062,0.10588853,-0.13618088,-0.1986636,-0.2497879,0.11146159,0.15003178,0.055758003,0.083552375,0.0038329868,-0.033041604,0.1963996,0.06634347,0.14393345,-0.0043843957,0.14302346,-0.16042021,-0.04890661,-0.09536406,0.14874974,-0.008997783,0.0006614019,0.0020745145,-0.18821299,-0.14487797,0.034095548,0.065287605,-0.107736506,0.025940191,0.0033131843,-0.020778634,0.0214808,-0.09778197,-0.047104366,-0.0499583,0.08087972,0.07731441,-0.008769449,0.038373142,0.061478622,-0.088135965,1.3238794,-0.037591778,0.0063810777,0.022102442,-0.036091704,0.015807021,0.012215651,-0.038495243,-0.031090748,0.055028073,-0.040616225,-0.094690666,-0.032292027,-0.05733552,0.0370871,0.005425389,-0.027068682,-0.00012330979,-0.037411764,0.004901675
46,-0.53507036,-0.04601638,0.3037088,0.0875544,0.1311999,0.13345754,0.15097703,-0.050942022,0.12354816,-0.2591088,-0.023461321,0.22744969,0.11132509,0.2207521,0.14906406,0.14884587,0.06119796,-0.028788297,-0.019053929,0.06562486,-0.061286643,0.021024307,-0.13850409,0.053734213,0.0022278917,-0.084573895,0.034334622,-0.14777538,0.05631935,-0.048727836,-0.15986034,0.044422895,-0.051936783,0.050145566,0.014684377,-0.04344928,0.04876061,-0.0038796118,-0.014733898,-0.022620857,0.009835196,-0.027153995,-0.034250516,0.13229229,-0.056403767,-0.037591778,1.2889916,0.06106939,0.05235161,-0.0875156,-0.0037521245,0.02932743,0.02300134,-0.0011936016,-0.022941127,-0.051394377,-0.012902881,-0.004613232,0.00043690274,0.042627662,0.013012044,0.020370185,0.0048626773,0.024205174,-0.042288207
47,0.4425033,-0.13291539,-0.5762334,0.005193904,0.030090883,0.13214925,-0.059982006,-0.2863111,-0.2646459,0.07373379,0.16698815,-0.07000169,0.01736338,-0.18881062,-0.06853891,-0.01012719,-0.11800039,0.26228946,0.16488202,-0.1826939,0.04612095,-0.13313492,0.071318924,-0.1218243,-0.10334656,0.16350773,-0.17564231,-0.12766938,0.029542193,0.15256357,0.04855456,-0.04844607,-0.023006696,-0.102500245,-0.06779343,0.088144675,-0.11872856,-0.043885473,-0.03363271,0.022229359,-0.018219879,-0.00022243119,-0.016431643,-0.03714917,0.007634241,0.0063810777,0.06106939,1.037754,0.044893913,-0.0042624082,0.0023992592,-0.052740052,-0.06934553,-0.08579475,0.006441828,0.10808189,0.0163778,0.003297402,-0.05691731,-0.016178338,-0.021268459,0.053406026,-0.009683138,0.034386784,0.015502531
48,-0.68975455,0.8188452,-0.00047796837,-0.6739123,-0.42481458,0.08989297,-0.1024645,0.13441896,-0.024305347,0.08279702,-0.12305987,0.09350012,-0.291184,-0.19317658,-0.04373628,0.036983162,-0.2139045,0.027776409,-0.062306337,-0.03104754,0.047613278,0.11545125,-0.13544488,-0.080370724,0.22207533,-0.060872212,-0.10297844,0.10451105,-0.140109,-0.11343304,0.023302518,-0.015338987,0.03766671,0.049053766,0.042345915,0.04117359,0.08492544,0.029442454,0.0028614798,-0.07237336,0.015382454,0.0036663786,0.025105067,-0.08607625,0.082706116,0.022102442,0.05235161,0.044893913,1.1043186,0.013536901,-0.011524532,0.0041640773,0.015197944,0.010609324,0.061947733,-0.0034488272,-0.0071589593,-0.03313487,-0.0068563693,-0.0029145996,0.004514399,-0.026769292,-0.038611814,-0.002354229,0.0318951
49,0.17363194,0.11515418,0.046455357,-0.13001159,0.07128761,0.2727909,0.18151616,-0.18342614,0.10214541,-0.1512466,0.18853357,0.15965661,-0.033074945,-0.011700462,0.1878468,0.116511166,0.0026641134,0.16649425,-0.039991993,-0.06796078,-0.014777015,-0.008760525,-0.06035301,-0.025784906,0.09663563,-0.014699026,-0.01320636,-0.014888128,-0.12118587,-0.0029606684,-0.069048494,-0.004744948,-0.002827462,0.0712875,0.032242276,-0.07197964,0.07661981,0.02327236,0.043495625,-0.01685385,-0.011385164,-0.0037992136,-0.05848632,-0.01315168,-0.041938346,-0.036091704,-0.0875156,-0.0042624082,0.013536901,1.0547878,0.007523391,-0.0007640393,-0.0036873936,-0.014328266,-0.0047769807,0.01570902,-0.04387922,-0.00827192,-0.017162679,-0.03337649,0.034922197,0.040946245,-0.014256463,0.027589377,-0.0383307
50,0.31163463,0.21313457,-0.18533613,0.0533313,0.32164466,-0.02332315,0.18313393,-0.05851026,0.30254602,0.1481277,0.1263116,0.11696577,-0.04405665,0.04061541,0.15143475,-0.14923216,0.032600846,0.03412743,0.03073991,-0.11204241,-0.05690805,-0.007020002,-0.024924345,-0.1533858,0.124172114,0.06562823,0.0030712155,0.06740186,0.02646472,0.0053383624,-0.03419954,-0.04037791,0.023314565,-0.06654254,0.012788438,-0.031262696,-0.014048431,0.080056965,-0.012671623,0.0047702715,0.047797687,-0.023716856,0.013738098,0.025372682,0.006270798,0.015807021,-0.0037521245,0.0023992592,-0.011524532,0.007523391,0.9920969,-0.043918405,-0.0071024643,0.0135970665,0.013850774,0.007703214,0.07466857,-0.021620804,0.0012800614,-0.006017362,-0.011833914,0.0072397925,-0.026397154,0.023923883,0.0041668573
51,-0.29702473,0.016020667,-0.11719836,0.08233045,0.359384,-0.17132327,-0.16707242,0.17666003,0.10879841,0.07645519,0.3402983,-0.37553436,0.0760504,0.10191946,-0.05577574,0.05377694,0.1459631,-0.030333627,-0.07705357,-0.23866814,0.016313914,-0.056036487,0.18289268,0.009508038,-0.15998381,-0.07231535,-0.044133477,0.15896367,-0.087756984,0.07901989,0.029424958,-0.11982507,-0.03762375,-0.03519246,-0.030567074,0.00922518,0.08237161,0.1253992,0.018413214,0.026011191,0.0464257,-0.044544116,-0.052548014,-0.03091421,0.024266627,0.012215651,0.02932743,-0.052740052,0.0041640773,-0.0007640393,-0.043918405,0.8822128,0.07814205,-0.02607283,0.044284895,0.04432027,0.040967084,-0.04377433,-0.027338661,-0.045562766,-0.06253573,5.517919e-05,0.047655813,0.027599663,-0.028226845
