,0,1,2,3,4,5,6,7,8,9,10,11,12,13,14,15,16,17,18,19,20,21,22,23,24,25,26,27,28,29,30,31,32,33,34,35,36,37,38,39,40,41
0,1013.3211,7.648538,6.8035,8.4429865,-9.031841,6.768284,0.6055312,1.7811723,0.62522817,2.3462567,5.299849,0.030236576,-1.2240378,-0.20924124,-1.004912,1.5144719,-0.48097247,-2.5808578,-0.38877124,-2.127201,0.0013268534,-3.6718254,-1.8056197,-0.31414336,0.6619514,1.149577,0.31643167,0.6252706,-0.31636557,0.18547685,0.25227425,0.21688187,0.92280203,-0.15101,-0.32793546,-0.26699153,-0.012171701,-0.004101391,-0.0076527568,0.007257973,-0.004917669,0.0012483436
1,7.648538,176.13454,-20.959965,0.28747728,11.577916,4.3588305,-7.5180683,-0.85566247,-8.793575,1.5415412,-4.2313137,0.37343663,1.533043,2.0981016,3.220015,-1.9666381,-3.2922459,0.78917587,0.22759679,2.2265701,-1.828335,0.14842829,2.199325,-1.313183,-0.41029325,-0.1376032,0.43769175,0.8888817,-0.17764378,0.6909745,-0.0982134,0.124126375,0.0754638,0.20591421,0.23853727,0.27202412,-0.004378871,-0.0021498038,-0.0001675089,0.0011146887,-0.00078815914,0.0022307532
2,6.8035,-20.959965,30.768597,18.322361,4.614582,-18.266947,-8.039754,2.8108673,-3.705665,-0.042281087,-2.5343933,-2.9410322,-0.82691336,-0.74169284,0.6613982,-2.1225328,-2.7048745,-1.5039332,-0.7557667,0.54219174,-0.33181518,-1.6693761,-1.4982474,-0.009063844,1.2696466,-0.88443404,-0.5530697,0.33283794,-0.02210154,0.79890263,-0.35813767,0.29191786,-0.7847305,0.09290969,-0.19978556,0.3741265,-0.008794827,0.011160901,-0.0067215143,-0.0052131554,-0.0032988102,-0.00452846
3,8.4429865,0.28747728,18.322361,57.64835,18.731062,0.18625349,2.3011212,0.4891681,0.8503758,-4.1905556,-4.47033,0.13150728,2.3300917,4.8228226,-0.635649,-1.2996514,0.3357332,-0.9147781,1.1877761,-1.3768286,1.3072989,1.7883644,0.6231804,1.9973758,1.2060876,-0.5474857,-0.5482113,-0.4654637,-0.51498103,-0.82190746,-0.15091223,-0.22885054,0.00079322816,0.09333358,0.2565255,0.12300001,0.0030872833,-0.0026091887,-0.00071602844,0.0001981346,0.000971513,-0.0003538575
4,-9.031841,11.577916,4.614582,18.731062,19.278862,3.5642848,-7.098483,-0.81674564,1.4202552,-3.1737258,-1.4052043,0.8051667,0.22197735,-4.1061783,-2.7328658,1.939137,1.6513464,1.7599306,-0.72625685,-0.4684315,0.4015545,-0.9465257,-0.84859526,0.93726623,-0.31704998,0.26282835,0.71894526,0.29667667,0.19575399,-0.18311527,-0.5362284,-0.41741252,-0.030434804,0.4173072,0.19515365,-0.32748723,0.005501612,-0.0046829646,0.00422143,-0.0012586032,0.0016341687,0.0017811451
5,6.768284,4.3588305,-18.266947,0.18625349,3.5642848,22.723625,1.7512751,-0.93850684,7.7857065,-1.3505527,-1.7372022,1.2449386,-2.9091163,-0.2850748,-0.42296183,0.030180734,2.892624,-0.23336643,-0.6069776,-1.2018654,0.265265,2.3300028,-0.48041946,-0.8985771,-0.30776656,0.056881383,-0.04897795,-1.2917132,0.4198392,-0.90947485,-0.17444113,-0.93679667,0.15703732,-0.43302748,-0.12615958,-0.34287703,-0.0030728853,-0.0027098432,-0.001514382,0.0033457552,-0.0012542738,2.1389602e-05
6,0.6055312,-7.5180683,-8.039754,2.3011212,-7.098483,1.7512751,19.488539,1.3082036,-1.2921987,-2.245535,-1.8185201,5.346265,3.1279974,3.2410572,2.9877086,-1.1706774,0.8952771,-0.6528534,-0.6637832,0.009949026,-1.2209606,0.56959486,0.21474245,1.29143,-0.1538783,0.47803664,0.8732778,0.3376023,0.14894137,-0.9458928,0.12779798,0.6974473,0.7398567,0.41644365,0.25010252,0.19337839,-0.00030907683,0.0018263806,-0.004142026,4.5157823e-05,-0.0012066497,-0.00031057303
7,1.7811723,-0.85566247,2.8108673,0.4891681,-0.81674564,-0.93850684,1.3082036,7.5492373,4.7514277,0.2702627,-4.4169717,0.6350424,-2.479395,1.4301616,1.8332279,0.43820807,-0.058987744,1.1766837,0.8999398,0.0470599,-1.8558279,-1.949862,0.1330485,-0.27457416,0.20932817,0.042862408,-0.65746343,0.02133831,0.43425614,0.4609262,0.0625345,0.47671038,-0.2410607,0.33186597,0.16100985,0.2524047,-0.0027304399,0.004973506,-0.0031273328,-0.0033636207,-0.0016575668,-0.0024858292
8,0.62522817,-8.793575,-3.705665,0.8503758,1.4202552,7.7857065,-1.2921987,4.7514277,10.86953,2.0604162,-3.6788957,-0.88249946,-1.886034,0.6908899,-0.14053452,2.4371686,0.80627203,1.3021185,1.1776497,1.4166089,0.36526224,-0.84800005,0.554106,-0.05665312,0.91240656,-0.4543819,0.32579368,-0.919085,-0.06353518,0.14138828,0.6684158,-0.16757601,0.27737314,0.017010478,0.09649555,-0.1696756,0.007406559,-0.0047982046,0.0049960455,0.0014806252,0.003017009,0.00094643084
9,2.3462567,1.5415412,-0.042281087,-4.1905556,-3.1737258,-1.3505527,-2.245535,0.2702627,2.0604162,13.470972,-0.7123755,-0.62095344,-0.5946824,0.79541063,-0.31706804,-0.49901438,0.34541994,-1.4198446,1.9974177,0.4849223,1.173965,0.5872295,0.48188877,1.4503438,1.0730829,-0.46553153,0.5355437,1.1415925,0.6549778,0.53629243,-0.3010971,-0.96383935,0.14983264,0.331238,0.50376683,-0.08915282,0.0061585205,0.007787298,0.0052092737,-0.0074751163,0.0019118785,-0.0014381802
10,5.299849,-4.2313137,-2.5343933,-4.47033,-1.4052043,-1.7372022,-1.8185201,-4.4169717,-3.6788957,-0.7123755,6.5395,-1.7645903,1.7500403,0.11420812,-2.2085748,0.79054916,0.19237864,0.7979874,0.22589646,-0.8827212,-0.60600287,0.4906174,0.92412406,0.6798465,-0.78922665,-0.24064833,-0.17213863,-0.13485286,-0.34669486,-0.36245102,-0.17659962,-0.62239397,-0.002641507,-0.10111927,-0.16587667,0.043827847,-0.0015993537,-0.01191216,0.0017388109,0.0053987294,0.00032647452,0.0036801875
11,0.030236576,0.37343663,-2.9410322,0.13150728,0.8051667,1.2449386,5.346265,0.6350424,-0.88249946,-0.62095344,-1.7645903,5.5577016,2.4882057,-1.945605,1.6591052,1.201423,1.9191127,-0.6474744,0.08619179,-0.7460959,0.45361584,-0.385472,0.06370291,-0.013231238,0.33276197,0.039931715,-0.6614579,0.85782206,-0.05579832,0.49165243,-0.081318185,0.28615406,0.34972274,0.32620305,0.14867862,-0.40906215,0.009461605,0.010537594,0.0030495753,-0.0073523233,0.0016394384,-0.0026659053
12,-1.2240378,1.533043,-0.82691336,2.3300917,0.22197735,-2.9091163,3.1279974,-2.479395,-1.886034,-0.5946824,1.7500403,2.4882057,7.8284364,-0.121755786,0.44351095,-0.27202052,1.0715289,0.02754261,1.3493345,0.8668829,0.79826957,-1.5242667,0.28402126,-0.12668417,0.0745931,-0.3101632,0.430907,-0.65035284,-0.14189121,0.0931588,0.11123593,-0.645831,0.20567222,-0.2996596,-0.12266256,-0.12415719,-0.00072256546,-0.0027179832,0.0010701513,0.00096165424,0.00073817035,0.0003622244
13,-0.20924124,2.0981016,-0.74169284,4.8228226,-4.1061783,-0.2850748,3.2410572,1.4301616,0.6908899,0.79541063,0.11420812,-1.945605,-0.121755786,7.322717,1.4178572,-0.6500429,-0.9954494,1.4341372,0.4794664,-0.65020454,0.5673374,0.46499094,0.19189051,0.36097604,-1.043311,-0.57627225,-0.016457766,-0.1484825,0.38546982,0.17330533,0.076058395,-0.1784688,-0.14851801,-0.27296004,-0.21505073,0.23744488,-0.0067027807,0.0011426873,-0.0039864103,0.0009315307,-0.002506185,-0.0007680233
14,-1.004912,3.220015,0.6613982,-0.635649,-2.7328658,-0.42296183,2.9877086,1.8332279,-0.14053452,-0.31706804,-2.2085748,1.6591052,0.44351095,1.4178572,3.359931,0.6829199,-0.25544748,-1.3084425,-1.1864841,-0.24078724,0.03190431,-0.43942058,-0.038650334,-0.45222414,0.12632751,-0.9396737,-0.10170531,0.067592755,0.07421122,0.42353597,0.15678465,0.028590776,-0.4445542,-0.042943697,0.012494139,-0.20625031,0.00049309066,0.0072599,-0.0005261718,-0.0030738958,0.00013352575,-0.0025126394
15,1.5144719,-1.9666381,-2.1225328,-1.2996514,1.939137,0.030180734,-1.1706774,0.43820807,2.4371686,-0.49901438,0.79054916,1.201423,-0.27202052,-0.6500429,0.6829199,5.3642597,-0.4707217,0.4744089,-1.3587401,-0.3934226,0.7859113,-0.81707394,1.6955593,0.59488785,-0.52181435,-0.5866885,0.107997425,0.037440516,-0.39101863,0.18690833,-0.39477545,0.16410375,-0.06267725,0.021993406,0.044398367,0.17047077,-0.0052603935,-0.004639866,-0.0032857961,0.0021164713,-0.0021204443,0.001011842
16,-0.48097247,-3.2922459,-2.7048745,0.3357332,1.6513464,2.892624,0.8952771,-0.058987744,0.80627203,0.34541994,0.19237864,1.9191127,1.0715289,-0.9954494,-0.25544748,-0.4707217,1.9194279,0.67652667,0.49022776,-0.84883153,-0.72105885,-0.12476055,-0.46897483,0.15313295,-0.016744418,0.03177792,-0.2647139,0.2081706,0.018536236,0.22451866,-0.16944079,-0.4292512,0.04394012,-0.30842718,0.16172308,-0.074871644,-0.005658866,0.0050107073,-0.0036512692,-0.0023504354,-0.0028604455,-0.001785862
17,-2.5808578,0.78917587,-1.5039332,-0.9147781,1.7599306,-0.23336643,-0.6528534,1.1766837,1.3021185,-1.4198446,0.7979874,-0.6474744,0.02754261,1.4341372,-1.3084425,0.4744089,0.67652667,3.8329048,0.54353046,0.11295277,-0.30192882,-0.81918997,-0.46322072,0.3404698,-0.42096037,-0.015995707,-0.03285623,0.88593084,0.063906014,0.14320564,0.3720687,0.1281431,0.41069573,-0.15294442,-0.1834523,-0.06950362,0.0029808376,0.0003861385,0.0016762409,-0.00022932098,-0.00017770709,0.00040055282
18,-0.38877124,0.22759679,-0.7557667,1.1877761,-0.72625685,-0.6069776,-0.6637832,0.8999398,1.1776497,1.9974177,0.22589646,0.08619179,1.3493345,0.4794664,-1.1864841,-1.3587401,0.49022776,0.54353046,3.420218,-0.039500654,-0.12097007,-0.2783612,0.89720756,-0.004476604,0.17332861,1.0357478,-0.5386052,-0.45300382,0.17276818,0.1664942,-0.19706774,0.15424815,-0.10482016,-0.13752979,-0.07945335,-0.08003982,-0.0018416834,-0.0049155224,-0.000830099,0.001321698,-0.0004545891,0.00086356583
19,-2.127201,2.2265701,0.54219174,-1.3768286,-0.4684315,-1.2018654,0.009949026,0.0470599,1.4166089,0.4849223,-0.8827212,-0.7460959,0.8668829,-0.65020454,-0.24078724,-0.3934226,-0.84883153,0.11295277,-0.039500654,2.0684712,0.13840334,-0.40037417,-0.10515246,-0.04894547,0.72728825,-0.12066659,0.82603323,-0.3860281,-0.07093939,-0.22177479,0.15072192,0.16675606,0.42250496,0.012516983,-0.25520676,0.07080352,7.601577e-05,-0.0040785624,0.00017144244,0.0027643086,0.00040768008,0.0012331177
20,0.0013268534,-1.828335,-0.33181518,1.3072989,0.4015545,0.265265,-1.2209606,-1.8558279,0.36526224,1.173965,-0.60600287,0.45361584,0.79826957,0.5673374,0.03190431,0.7859113,-0.72105885,-0.30192882,-0.12097007,0.13840334,3.7324722,0.2939821,-0.02792354,-0.60498476,-0.45649958,0.47546196,0.11538093,0.24430102,0.119908415,0.040093593,0.18588771,0.08341771,0.12783217,-0.11073606,-0.13540955,0.013213454,0.00049599493,0.004791526,0.00046425604,-0.0012624748,0.00016034125,-0.0010524346
21,-3.6718254,0.14842829,-1.6693761,1.7883644,-0.9465257,2.3300028,0.56959486,-1.949862,-0.84800005,0.5872295,0.4906174,-0.385472,-1.5242667,0.46499094,-0.43942058,-0.81707394,-0.12476055,-0.81918997,-0.2783612,-0.40037417,0.2939821,2.2568378,-0.01085463,0.4248551,0.2299892,0.0018800283,-0.18377063,0.036095023,-0.43291193,0.15818195,-0.047592554,0.1640158,0.26035058,-0.058339648,-0.083310656,-0.13300455,-0.00038657122,0.0011041963,-0.0013469947,0.0001522256,-0.0008718533,0.00021585141
22,-1.8056197,2.199325,-1.4982474,0.6231804,-0.84859526,-0.48041946,0.21474245,0.1330485,0.554106,0.48188877,0.92412406,0.06370291,0.28402126,0.19189051,-0.038650334,1.6955593,-0.46897483,-0.46322072,0.89720756,-0.10515246,-0.02792354,-0.01085463,1.9874866,0.27708113,0.33500153,0.033494294,-0.40286535,-0.07811515,-0.2317326,-0.4419393,0.003384803,0.17384279,-0.19648956,0.07393261,-0.006571967,-0.0017070216,0.0020470102,-0.008963752,0.0021571466,0.0037640948,0.0015776679,0.0022686513
23,-0.31414336,-1.313183,-0.009063844,1.9973758,0.93726623,-0.8985771,1.29143,-0.27457416,-0.05665312,1.4503438,0.6798465,-0.013231238,-0.12668417,0.36097604,-0.45222414,0.59488785,0.15313295,0.3404698,-0.004476604,-0.04894547,-0.60498476,0.4248551,0.27708113,1.4311099,-0.017353978,-0.07659962,0.6774205,0.2884884,-0.14399463,0.13911685,-0.12038466,0.04072132,0.0718279,0.2455281,0.13426802,-0.18044348,0.0012791952,-0.004299665,0.000600316,0.0006533206,0.00012387548,0.0018240806
24,0.6619514,-0.41029325,1.2696466,1.2060876,-0.31704998,-0.30776656,-0.1538783,0.20932817,0.91240656,1.0730829,-0.78922665,0.33276197,0.0745931,-1.043311,0.12632751,-0.52181435,-0.016744418,-0.42096037,0.17332861,0.72728825,-0.45649958,0.2299892,0.33500153,-0.017353978,1.2455894,-0.37705356,-0.1841029,0.27544793,-0.227563,-0.2445148,0.062489685,0.04607246,0.12065633,-0.28265977,-0.14893979,-0.023316115,-0.0028741914,0.00095607433,-0.0020198836,0.0008161874,-0.0012822321,-0.0006829988
25,1.149577,-0.1376032,-0.88443404,-0.5474857,0.26282835,0.056881383,0.47803664,0.042862408,-0.4543819,-0.46553153,-0.24064833,0.039931715,-0.3101632,-0.57627225,-0.9396737,-0.5866885,0.03177792,-0.015995707,1.0357478,-0.12066659,0.47546196,0.0018800283,0.033494294,-0.07659962,-0.37705356,1.2589326,0.13260947,-0.061501585,0.10186668,-0.13879141,0.16259524,0.45680314,-0.06172426,0.20805252,0.23564656,-0.06488006,0.0054672747,-0.002916559,0.0032855053,0.00038523652,0.0023994537,0.0014037942
26,0.31643167,0.43769175,-0.5530697,-0.5482113,0.71894526,-0.04897795,0.8732778,-0.65746343,0.32579368,0.5355437,-0.17213863,-0.6614579,0.430907,-0.016457766,-0.10170531,0.107997425,-0.2647139,-0.03285623,-0.5386052,0.82603323,0.11538093,-0.18377063,-0.40286535,0.6774205,-0.1841029,0.13260947,1.5526272,-0.20916267,0.15539,-0.1346927,-0.049561914,0.093590245,-0.115434825,-0.097272955,0.16794616,-0.16245195,0.0006945275,-0.0047909236,0.0011897313,0.0021133488,0.0010269277,0.0019939658
27,0.6252706,0.8888817,0.33283794,-0.4654637,0.29667667,-1.2917132,0.3376023,0.02133831,-0.919085,1.1415925,-0.13485286,0.85782206,-0.65035284,-0.1484825,0.067592755,0.037440516,0.2081706,0.88593084,-0.45300382,-0.3860281,0.24430102,0.036095023,-0.07811515,0.2884884,0.27544793,-0.061501585,-0.20916267,1.5397719,0.11388633,-0.24399915,0.17384577,0.08533546,0.017950054,-0.11928272,0.0063484525,-0.052380633,-0.0005037396,0.0061182715,-0.0006867407,-0.0021728943,-0.0012585267,-0.0014678582
28,-0.31636557,-0.17764378,-0.02210154,-0.51498103,0.19575399,0.4198392,0.14894137,0.43425614,-0.06353518,0.6549778,-0.34669486,-0.05579832,-0.14189121,0.38546982,0.07421122,-0.39101863,0.018536236,0.063906014,0.17276818,-0.07093939,0.119908415,-0.43291193,-0.2317326,-0.14399463,-0.227563,0.10186668,0.15539,0.11388633,0.751358,-0.35078973,-0.48478568,-0.072253026,-0.13544679,0.046780083,-0.15637788,0.00010460289,0.00076446764,0.00023791182,0.00059603294,-0.00074839016,0.00028171716,-0.00031909492
29,0.18547685,0.6909745,0.79890263,-0.82190746,-0.18311527,-0.90947485,-0.9458928,0.4609262,0.14138828,0.53629243,-0.36245102,0.49165243,0.0931588,0.17330533,0.42353597,0.18690833,0.22451866,0.14320564,0.1664942,-0.22177479,0.040093593,0.15818195,-0.4419393,0.13911685,-0.2445148,-0.13879141,-0.1346927,-0.24399915,-0.35078973,1.1640124,-0.06526084,0.090959385,0.11191571,-0.0016980761,0.05551129,-0.10999171,-0.002373299,0.005238988,-0.0023716956,-0.003227334,-0.0016631193,-0.001256665
30,0.25227425,-0.0982134,-0.35813767,-0.15091223,-0.5362284,-0.17444113,0.12779798,0.0625345,0.6684158,-0.3010971,-0.17659962,-0.081318185,0.11123593,0.076058395,0.15678465,-0.39477545,-0.16944079,0.3720687,-0.19706774,0.15072192,0.18588771,-0.047592554,0.003384803,-0.12038466,0.062489685,0.16259524,-0.049561914,0.17384577,-0.48478568,-0.06526084,1.0296346,-0.19836187,-0.15008952,0.11313121,0.080739275,-0.039794087,-0.002425124,-0.0011070782,-0.00079262047,0.0022101759,-0.0005142094,0.00022157883
31,0.21688187,0.124126375,0.29191786,-0.22885054,-0.41741252,-0.93679667,0.6974473,0.47671038,-0.16757601,-0.96383935,-0.62239397,0.28615406,-0.645831,-0.1784688,0.028590776,0.16410375,-0.4292512,0.1281431,0.15424815,0.16675606,0.08341771,0.1640158,0.17384279,0.04072132,0.04607246,0.45680314,0.093590245,0.08533546,-0.072253026,0.090959385,-0.19836187,0.7181346,0.043812335,-0.15666506,-0.050066963,-0.03193649,-0.0007998114,-0.0002056515,-0.0015906101,0.00044231932,-0.00066553167,0.00028059265
32,0.92280203,0.0754638,-0.7847305,0.00079322816,-0.030434804,0.15703732,0.7398567,-0.2410607,0.27737314,0.14983264,-0.002641507,0.34972274,0.20567222,-0.14851801,-0.4445542,-0.06267725,0.04394012,0.41069573,-0.10482016,0.42250496,0.12783217,0.26035058,-0.19648956,0.0718279,0.12065633,-0.06172426,-0.115434825,0.017950054,-0.13544679,0.11191571,-0.15008952,0.043812335,0.6239295,0.072062075,-0.084722996,0.2549798,-0.001669487,0.0028196508,-0.0018566488,-0.0011930424,-0.0013722377,-0.00064564135
33,-0.15101,0.20591421,0.09290969,0.09333358,0.4173072,-0.43302748,0.41644365,0.33186597,0.017010478,0.331238,-0.10111927,0.32620305,-0.2996596,-0.27296004,-0.042943697,0.021993406,-0.30842718,-0.15294442,-0.13752979,0.012516983,-0.11073606,-0.058339648,0.07393261,0.2455281,-0.28265977,0.20805252,-0.097272955,-0.11928272,0.046780083,-0.0016980761,0.11313121,-0.15666506,0.072062075,0.74365634,-0.14068615,0.015395755,0.00043987494,-0.0029984594,-4.4824672e-05,0.0004928799,-3.3318225e-05,0.00072223716
34,-0.32793546,0.23853727,-0.19978556,0.2565255,0.19515365,-0.12615958,0.25010252,0.16100985,0.09649555,0.50376683,-0.16587667,0.14867862,-0.12266256,-0.21505073,0.012494139,0.044398367,0.16172308,-0.1834523,-0.07945335,-0.25520676,-0.13540955,-0.083310656,-0.006571967,0.13426802,-0.14893979,0.23564656,0.16794616,0.0063484525,-0.15637788,0.05551129,0.080739275,-0.050066963,-0.084722996,-0.14068615,0.40177354,0.2137487,-0.00374424,0.0018242097,-0.0020027198,-0.00049704476,-0.0010550008,-0.00045840966
35,-0.26699153,0.27202412,0.3741265,0.12300001,-0.32748723,-0.34287703,0.19337839,0.2524047,-0.1696756,-0.08915282,0.043827847,-0.40906215,-0.12415719,0.23744488,-0.20625031,0.17047077,-0.074871644,-0.06950362,-0.08003982,0.07080352,0.013213454,-0.13300455,-0.0017070216,-0.18044348,-0.023316115,-0.06488006,-0.16245195,-0.052380633,0.00010460289,-0.10999171,-0.039794087,-0.03193649,0.2549798,0.015395755,0.2137487,0.32959172,0.002283035,0.0021137542,0.0014012465,-0.001320472,0.0009924393,-0.00044731612
36,-0.012171701,-0.004378871,-0.008794827,0.0030872833,0.005501612,-0.0030728853,-0.00030907683,-0.0027304399,0.007406559,0.0061585205,-0.0015993537,0.009461605,-0.00072256546,-0.0067027807,0.00049309066,-0.0052603935,-0.005658866,0.0029808376,-0.0018416834,7.601577e-05,0.00049599493,-0.00038657122,0.0020470102,0.0012791952,-0.0028741914,0.0054672747,0.0006945275,-0.0005037396,0.00076446764,-0.002373299,-0.002425124,-0.0007998114,-0.001669487,0.00043987494,-0.00374424,0.002283035,-0.00018618516,-2.3008655e-05,-0.00012275187,3.8728882e-05,-7.4123425e-05,-5.8620813e-06
37,-0.004101391,-0.0021498038,0.011160901,-0.0026091887,-0.0046829646,-0.0027098432,0.0018263806,0.004973506,-0.0047982046,0.007787298,-0.01191216,0.010537594,-0.0027179832,0.0011426873,0.0072599,-0.004639866,0.0050107073,0.0003861385,-0.0049155224,-0.0040785624,0.004791526,0.0011041963,-0.008963752,-0.004299665,0.00095607433,-0.002916559,-0.0047909236,0.0061182715,0.00023791182,0.005238988,-0.0011070782,-0.0002056515,0.0028196508,-0.0029984594,0.0018242097,0.0021137542,-2.3008655e-05,0.00014228477,-2.730708e-05,-6.23142e-05,-2.06238e-05,-3.9485116e-05
38,-0.0076527568,-0.0001675089,-0.0067215143,-0.00071602844,0.00422143,-0.001514382,-0.004142026,-0.0031273328,0.0049960455,0.0052092737,0.0017388109,0.0030495753,0.0010701513,-0.0039864103,-0.0005261718,-0.0032857961,-0.0036512692,0.0016762409,-0.000830099,0.00017144244,0.00046425604,-0.0013469947,0.0021571466,0.000600316,-0.0020198836,0.0032855053,0.0011897313,-0.0006867407,0.00059603294,-0.0023716956,-0.00079262047,-0.0015906101,-0.0018566488,-4.4824672e-05,-0.0020027198,0.0014012465,-0.00012275187,-2.730708e-05,-6.83657e-05,2.9532901e-05,-4.3073524e-05,5.479063e-07
39,0.007257973,0.0011146887,-0.0052131554,0.0001981346,-0.0012586032,0.0033457552,4.5157823e-05,-0.0033636207,0.0014806252,-0.0074751163,0.0053987294,-0.0073523233,0.00096165424,0.0009315307,-0.0030738958,0.0021164713,-0.0023504354,-0.00022932098,0.001321698,0.0027643086,-0.0012624748,0.0001522256,0.0037640948,0.0006533206,0.0008161874,0.00038523652,0.0021133488,-0.0021728943,-0.00074839016,-0.003227334,0.0022101759,0.00044231932,-0.0011930424,0.0004928799,-0.00049704476,-0.001320472,3.8728882e-05,-6.23142e-05,2.9532901e-05,2.931278e-05,2.0682523e-05,1.8688363e-05
40,-0.004917669,-0.00078815914,-0.0032988102,0.000971513,0.0016341687,-0.0012542738,-0.0012066497,-0.0016575668,0.003017009,0.0019118785,0.00032647452,0.0016394384,0.00073817035,-0.002506185,0.00013352575,-0.0021204443,-0.0028604455,-0.00017770709,-0.0004545891,0.00040768008,0.00016034125,-0.0008718533,0.0015776679,0.00012387548,-0.0012822321,0.0023994537,0.0010269277,-0.0012585267,0.00028171716,-0.0016631193,-0.0005142094,-0.00066553167,-0.0013722377,-3.3318225e-05,-0.0010550008,0.0009924393,-7.4123425e-05,-2.06238e-05,-4.3073524e-05,2.0682523e-05,-2.5509455e-05,1.0275841e-06
41,0.0012483436,0.0022307532,-0.00452846,-0.0003538575,0.0017811451,2.1389602e-05,-0.00031057303,-0.0024858292,0.00094643084,-0.0014381802,0.0036801875,-0.0026659053,0.0003622244,-0.0007680233,-0.0025126394,0.001011842,-0.001785862,0.00040055282,0.00086356583,0.0012331177,-0.0010524346,0.00021585141,0.0022686513,0.0018240806,-0.0006829988,0.0014037942,0.0019939658,-0.0014678582,-0.00031909492,-0.001256665,0.00022157883,0.00028059265,-0.00064564135,0.00072223716,-0.00045840966,-0.00044731612,-5.8620813e-06,-3.9485116e-05,5.479063e-07,1.8688363e-05,1.0275841e-06,1.1336957e-05
