,0,1,2,3,4,5,6,7,8,9,10,11,12,13,14,15,16,17,18,19,20,21,22,23,24,25,26,27,28,29,30,31,32,33,34,35,36,37,38,39,40,41
0,15.764171,-8.495815,-7.5601377,-9.115681,10.031725,-7.5328684,-0.25303403,-2.104004,-0.63370883,-1.6557058,-6.398051,0.92371094,1.3066124,-0.13442238,1.4739468,-2.2778244,0.962933,2.8669398,0.101549074,2.09909,0.15628317,3.8866696,1.5920798,0.21385995,-0.375288,-1.1690029,-0.627744,-0.5113723,0.36314154,-0.13250682,-0.31106493,-0.3734846,-1.1004431,0.08700435,0.34272808,0.5776075,0.0017010393,-0.0018699332,0.0046038246,-0.004924464,0.007841703,-0.00045421178
1,-8.495815,24.692242,23.656712,-0.4253004,-12.87438,-4.8567243,8.138097,1.084266,9.515795,-1.7885488,4.57524,-0.4346717,-1.6862764,-2.1800036,-3.48341,2.0982695,4.2176437,-0.9372546,-0.2522054,-2.477005,2.0544813,-0.1190926,-2.4375553,1.1148677,0.60074496,-0.266805,-0.5461698,-0.8481644,0.26367974,-0.7544106,0.21085161,-0.017801492,0.10527988,-0.10037097,0.011567313,-0.43514997,0.007499162,0.00088715233,0.0033406168,-0.0011800717,0.0045394297,-0.0013503237
2,-7.5601377,23.656712,84.91017,-19.965042,-5.3794394,20.511957,10.283588,-3.3917532,3.8266497,0.5984398,2.262696,3.7154408,0.6010325,0.693477,-0.52025175,2.7201185,2.90121,1.814275,0.47918388,-0.7454052,0.2754954,1.6579757,0.8700925,0.6288599,-0.8026869,1.4243052,0.23624462,-0.3110633,-0.3058924,-0.4952116,0.46801817,-0.51916677,0.5352747,-0.3732057,-0.06356896,-0.0018397778,0.012517313,0.0023949465,0.0067571616,-0.0014810263,0.0064303097,0.00012460949
3,-9.115681,-0.4253004,-19.965042,30.346432,-20.574192,-0.27137363,-2.823172,-0.45877355,-0.91457796,4.4284782,5.055955,-0.3234043,-2.5046628,-5.2265997,0.63687766,1.383909,-0.37833405,0.9736111,-1.216153,1.5598364,-1.4341626,-1.9143362,-0.5235078,-2.3080015,-1.4568347,0.5013777,0.68796957,0.49464098,0.62672526,0.8388972,0.1531665,0.3060071,0.074730486,-0.054932803,-0.22560325,-0.23599312,-0.0021631105,0.0037106199,-0.00017462799,0.00019797875,-0.0020838783,4.527007e-05
4,10.031725,-12.87438,-5.3794394,-20.574192,37.794518,-4.044997,7.275965,0.8687968,-1.256704,3.3136172,1.8938247,-1.0941293,-0.100890845,4.4114122,2.8290272,-2.1842425,-2.4432187,-1.9342895,0.9723712,0.62307405,-0.45320833,1.0687617,1.336679,-0.94585013,-0.09689106,-0.04011955,-0.5348011,-0.50535774,-0.13995138,0.0028267754,0.45233357,0.4178655,-0.026835402,-0.4543422,-0.3798023,0.31231546,-0.009248419,-0.0024374113,-0.0066324044,0.0063614734,-0.007017673,0.0013184219
5,-7.5328684,-4.8567243,20.511957,-0.27137363,-4.044997,27.300028,-1.9500723,1.128756,-8.696852,1.4728097,1.8021086,-1.333832,3.1827915,0.3994826,0.5337119,-0.07557585,-2.739594,0.21439664,0.639014,1.2855259,-0.2586128,-2.540214,0.4601909,0.76823354,0.47687012,-0.34890795,-0.025276028,1.529441,-0.4274283,1.0337906,0.26667064,1.1059643,-0.04890836,0.55014825,0.3277855,0.30505538,0.0075505152,0.0032550779,0.0032942763,-0.0040524374,0.0045675593,-0.00023261638
6,-0.25303403,8.138097,10.283588,-2.823172,7.275965,-1.9500723,21.94256,-1.0260979,0.89651334,2.023164,1.8414814,-6.188953,-3.510333,-3.0725398,-3.201072,1.4675984,0.2837661,0.5732895,0.760183,-0.036026143,1.3754494,-0.47593284,-0.3647661,-2.061472,0.49565887,-1.5146693,-1.1400707,-0.0678124,-0.08256075,1.1756573,0.12595943,-0.45493734,-0.36628234,-0.20898788,0.3519205,-0.56222403,0.013929347,0.00455623,0.010627374,-0.0055835163,0.008688323,-0.0011982317
7,-2.104004,1.084266,-3.3917532,-0.45877355,0.8687968,1.128756,-1.0260979,26.305054,-5.2562714,-0.04592561,4.6915016,-0.47987306,2.6541696,-1.6558623,-1.9346306,-0.49721926,0.010024659,-1.2437582,-1.1079915,-0.110199824,2.0324283,2.080731,-0.3695603,0.48085254,-0.061534546,0.13897197,0.61885595,-0.013479111,-0.5600544,-0.41426817,-0.074484564,-0.60356426,0.14986914,-0.46316665,-0.29314125,-0.1269438,-0.00068068877,2.2732856e-05,0.0024945526,0.0017902167,0.0012977901,0.0005295549
8,-0.63370883,9.515795,3.8266497,-0.91457796,-1.256704,-8.696852,0.89651334,-5.2562714,17.719692,-2.4313931,4.385956,0.7755321,2.221587,-0.85877883,-0.009961149,-2.7950554,-1.4187598,-1.4386997,-1.1295321,-1.4578261,-0.40472555,0.9606981,-0.2129646,0.10445718,-1.4029369,0.70548517,-0.1094224,0.84564036,0.15733096,-0.3614528,-0.86071384,0.15446578,-0.34746048,-0.0019307684,-0.2429856,0.13044769,-0.011502586,-0.002943666,-0.0070067924,0.0037078008,-0.0082854,0.00075308024
9,-1.6557058,-1.7885488,0.5984398,4.4284782,3.3136172,1.4728097,2.023164,-0.04592561,-2.4313931,9.589598,1.0967113,0.02873351,0.6994746,-0.48986143,0.16977784,0.77524924,-0.29799557,1.4911685,-1.9764762,-0.40113682,-1.3493899,-0.48640755,-0.2843164,-1.7756672,-1.3653963,0.16286166,-0.45147595,-1.2662036,-0.6616612,-0.61637557,0.38408518,1.2425416,0.04542465,-0.2607196,-0.36497402,-0.18505313,0.0038330269,0.003421277,-0.0023515706,0.0025748457,-0.002448924,-0.000633133
10,-6.398051,4.57524,2.262696,5.055955,1.8938247,1.8021086,1.8414814,4.6915016,4.385956,1.0967113,12.52905,2.2334857,-1.8366292,-0.45324868,2.427761,-1.1023848,-0.70551825,-0.83746064,-0.26329276,0.95877945,0.7091984,-0.61673844,-0.8667966,-0.60871947,0.6397051,0.6533376,0.28766102,0.034624033,0.4158057,0.26263428,0.049823716,0.54204834,-0.16186565,0.052274406,-0.047633752,0.09314518,-0.007171102,-0.0012309321,-0.003233071,0.0027723776,-0.0035923717,0.00042046365
11,0.92371094,-0.4346717,3.7154408,-0.3234043,-1.0941293,-1.333832,-6.188953,-0.47987306,0.7755321,0.02873351,2.2334857,11.566713,-2.7224965,2.5261526,-2.0049624,-1.0250337,-2.0101647,0.65287644,0.105676234,0.9503182,-0.5746135,0.5688641,0.119693786,-0.10806531,-0.4803666,-0.37402266,0.842836,-0.9563326,0.08795643,-0.54076946,0.16565531,-0.141321,-0.19813482,-0.26481155,0.013442379,0.18724844,-0.0027632136,-0.0008992448,-0.0018894721,0.002336855,-0.002121587,-0.00029854916
12,1.3066124,-1.6862764,0.6010325,-2.5046628,-0.100890845,3.1827915,-3.510333,2.6541696,2.221587,0.6994746,-1.8366292,-2.7224965,6.628827,0.031505987,-0.5344411,0.27136114,-1.5329546,-0.0034721345,-1.4577508,-0.9291426,-0.8867674,1.6570565,-0.21925215,0.27287722,-0.23232107,0.5654831,-0.397983,0.63026756,0.15332964,-0.15707901,-0.19742203,0.6474179,-0.31686866,0.28270888,-0.009426684,0.19068725,-0.0031158745,-0.0012357887,-0.0031457506,0.0004310565,-0.0032835049,0.0002866107
13,-0.13442238,-2.1800036,0.693477,-5.2265997,4.4114122,0.3994826,-3.0725398,-1.6558623,-0.85877883,-0.48986143,-0.45324868,2.5261526,0.031505987,5.1646185,-1.3858598,0.661932,1.2947767,-1.537098,-0.71638626,0.60139287,-0.59918463,-0.58982754,-0.5529331,-0.31909743,1.4292235,0.7049633,-0.183234,0.25763845,-0.50393224,-0.04775271,-0.05492458,0.12869886,0.08692375,0.21969359,0.20427018,-0.094584994,0.0082867425,0.0018235543,0.0036932314,-0.0032169737,0.004866018,-0.00011070194
14,1.4739468,-3.48341,-0.52025175,0.63687766,2.8290272,0.5337119,-3.201072,-1.9346306,-0.009961149,0.16977784,2.427761,-2.0049624,-0.5344411,-1.3858598,8.918451,-0.59833,0.43757117,1.4268953,1.322125,0.28098813,-0.0672991,0.5258951,-0.028475877,0.47325814,-0.05828294,0.88359773,0.07271142,-0.03355328,-0.11045308,-0.38964897,-0.113312274,0.032616593,0.5548035,0.058387466,0.06903303,0.16317222,0.002601339,-0.00052631967,0.0004055117,0.00039758117,0.0009122905,0.00027015584
15,-2.2778244,2.0982695,2.7201185,1.383909,-2.1842425,-0.07557585,1.4675984,-0.49721926,-2.7950554,0.77524924,-1.1023848,-1.0250337,0.27136114,0.661932,-0.59833,4.320704,1.3026425,-0.56901217,1.3676863,0.33327067,-0.79067993,0.8537532,-2.0239482,-0.9532149,0.9662352,0.30899835,-0.260714,0.10819911,0.47814474,-0.20774826,0.5616668,-0.1298652,0.17765564,0.08705351,0.19221053,-0.20200294,0.004033075,-0.00096761587,0.0047715614,-0.0029906363,0.008376318,6.0588733e-05
16,0.962933,4.2176437,2.90121,-0.37833405,-2.4432187,-2.739594,0.2837661,0.010024659,-1.4187598,-0.29799557,-0.70551825,-2.0101647,-1.5329546,1.2947767,0.43757117,1.3026425,7.6617355,-0.66182965,-0.8019705,0.83214515,0.6725756,0.06428487,-0.24637419,0.1746121,0.680231,-0.12823161,-0.1226637,-0.055226862,-0.33243614,0.20562637,0.42519212,0.46378484,-0.13150036,0.23442939,-0.118724585,0.24137898,0.022528427,0.008213283,0.009199976,-0.0065780836,0.00987668,-0.0013437707
17,2.8669398,-0.9372546,1.814275,0.9736111,-1.9342895,0.21439664,0.5732895,-1.2437582,-1.4386997,1.4911685,-0.83746064,0.65287644,-0.0034721345,-1.537098,1.4268953,-0.56901217,-0.66182965,3.5254676,-0.56441265,-0.1129696,0.34401667,0.9265566,0.57462025,-0.47202933,0.42942405,-0.07936473,0.061239675,-0.9622389,-0.03248475,-0.1872822,-0.40304643,-0.10433489,-0.3952393,0.2050955,0.26206416,0.019701019,-0.0041329525,-0.0030189506,-0.00066683284,-0.00052084593,-0.000576868,-0.000336008
18,0.101549074,-0.2522054,0.47918388,-1.216153,0.9723712,0.639014,0.760183,-1.1079915,-1.1295321,-1.9764762,-0.26329276,0.105676234,-1.4577508,-0.71638626,1.322125,1.3676863,-0.8019705,-0.56441265,3.5192637,0.023789827,0.151366,0.24950196,-0.96544623,0.12377787,-0.25772893,-0.89256215,0.6186934,0.44031003,-0.19366652,-0.23173401,0.1435585,-0.2628929,0.00072765653,0.09692371,-0.060455244,0.19810945,-0.0039559896,-0.0027012955,-0.0013178532,0.0017258332,-0.00044347593,0.0005064432
19,2.09909,-2.477005,-0.7454052,1.5598364,0.62307405,1.2855259,-0.036026143,-0.110199824,-1.4578261,-0.40113682,0.95877945,0.9503182,-0.9291426,0.60139287,0.28098813,0.33327067,0.83214515,-0.1129696,0.023789827,3.8829079,-0.13213146,0.40975654,0.1430934,0.0803947,-0.83899164,0.23951933,-0.8924588,0.40075654,0.090605736,0.20343074,-0.20421758,-0.22886679,-0.51367605,-0.02834877,0.22052956,-0.027035806,-0.003934455,0.0022107828,-0.0011912412,-0.00034939375,-0.0011431924,0.0003744209
20,0.15628317,2.0544813,0.2754954,-1.4341626,-0.45320833,-0.2586128,1.3754494,2.0324283,-0.40472555,-1.3493899,0.7091984,-0.5746135,-0.8867674,-0.59918463,-0.0672991,-0.79067993,0.6725756,0.34401667,0.151366,-0.13213146,1.3061383,-0.31757623,0.03597766,0.7413851,0.47154176,-0.46399844,-0.108522564,-0.29708079,-0.1544662,-0.032134805,-0.21339214,-0.09912929,-0.16570835,0.098618805,0.104864016,-0.009796752,-0.0022398506,-0.00044700634,-0.0011763006,0.00017339646,-0.0014169553,-0.00037754758
21,3.8866696,-0.1190926,1.6579757,-1.9143362,1.0687617,-2.540214,-0.47593284,2.080731,0.9606981,-0.48640755,-0.61673844,0.5688641,1.6570565,-0.58982754,0.5258951,0.8537532,0.06428487,0.9265566,0.24950196,0.40975654,-0.31757623,2.5913677,-0.06981741,-0.38411808,-0.2093777,0.11925968,0.16407269,-0.043202836,0.4479133,-0.14921531,0.030888021,-0.23165803,-0.35259604,0.015195797,0.01799679,0.22947063,-0.0022582337,-0.0017208232,0.00030826748,-0.00010721726,0.00036998227,0.00028315175
22,1.5920798,-2.4375553,0.8700925,-0.5235078,1.336679,0.4601909,-0.3647661,-0.3695603,-0.2129646,-0.2843164,-0.8667966,0.119693786,-0.21925215,-0.5529331,-0.028475877,-2.0239482,-0.24637419,0.57462025,-0.96544623,0.1430934,0.03597766,-0.06981741,2.207745,-0.015000993,-0.67005587,0.5103536,0.60370207,-0.105244175,0.25997564,0.33183062,-0.17994387,-0.3671201,-0.018273812,-0.17990948,-0.3320284,0.16705927,-0.012373688,-0.002636996,-0.0052930573,0.0035694293,-0.0067807315,0.0010993937
23,0.21385995,1.1148677,0.6288599,-2.3080015,-0.94585013,0.76823354,-2.061472,0.48085254,0.10445718,-1.7756672,-0.60871947,-0.10806531,0.27287722,-0.31909743,0.47325814,-0.9532149,0.1746121,-0.47202933,0.12377787,0.0803947,0.7413851,-0.38411808,-0.015000993,1.9384487,-0.12986237,-0.2830997,-0.63794774,-0.26689434,0.33731818,-0.3121453,0.13804694,0.08021701,0.1386581,-0.11067735,0.09035783,-0.008486824,-0.0011894603,-0.00048326713,-0.0014222341,0.0006465872,0.00015205849,-0.00030372565
24,-0.375288,0.60074496,-0.8026869,-1.4568347,-0.09689106,0.47687012,0.49565887,-0.061534546,-1.4029369,-1.3653963,0.6397051,-0.4803666,-0.23232107,1.4292235,-0.05828294,0.9662352,0.680231,0.42942405,-0.25772893,-0.83899164,0.47154176,-0.2093777,-0.67005587,-0.12986237,2.3872468,-0.035640106,-0.009932548,-0.11738372,0.17664213,0.48335618,0.1227507,0.08070767,0.031007497,0.3834051,0.44951916,-0.0759096,0.013658146,0.0013947012,0.0073722205,-0.005321167,0.0069222003,-0.0010358092
25,-1.1690029,-0.266805,1.4243052,0.5013777,-0.04011955,-0.34890795,-1.5146693,0.13897197,0.70548517,0.16286166,0.6533376,-0.37402266,0.5654831,0.7049633,0.88359773,0.30899835,-0.12823161,-0.07936473,-0.89256215,0.23951933,-0.46399844,0.11925968,0.5103536,-0.2830997,-0.035640106,1.5260247,0.1323979,0.0006671157,0.112508774,-0.11774109,-0.2690515,-0.39019385,0.2575507,-0.084393874,-0.13538496,-0.1795339,-0.010774244,-0.0028210664,-0.005083354,0.0036151013,-0.006343019,0.0012892254
26,-0.627744,-0.5461698,0.23624462,0.68796957,-0.5348011,-0.025276028,-1.1400707,0.61885595,-0.1094224,-0.45147595,0.28766102,0.842836,-0.397983,-0.183234,0.07271142,-0.260714,-0.1226637,0.061239675,0.6186934,-0.8924588,-0.108522564,0.16407269,0.60370207,-0.63794774,-0.009932548,0.1323979,1.3069831,0.12676208,-0.14031464,0.034548007,-0.054968074,-0.19325897,0.017479867,0.0691984,-0.35499048,0.25184938,-0.0073226197,-0.00346168,-0.002732844,0.0025787065,-0.0033480278,0.0009520845
27,-0.5113723,-0.8481644,-0.3110633,0.49464098,-0.50535774,1.529441,-0.0678124,-0.013479111,0.84564036,-1.2662036,0.034624033,-0.9563326,0.63026756,0.25763845,-0.03355328,0.10819911,-0.055226862,-0.9622389,0.44031003,0.40075654,-0.29708079,-0.043202836,-0.105244175,-0.26689434,-0.11738372,0.0006671157,0.12676208,1.0105164,-0.19358517,0.38421857,-0.12587753,-0.076383024,-0.015179951,0.10731253,0.030868482,0.07772486,0.004228467,0.0019296157,0.0027012723,-0.002099831,0.0022831892,0.00013863685
28,0.36314154,0.26367974,-0.3058924,0.62672526,-0.13995138,-0.4274283,-0.08256075,-0.5600544,0.15733096,-0.6616612,0.4158057,0.08795643,0.15332964,-0.50393224,-0.11045308,0.47814474,-0.33243614,-0.03248475,-0.19366652,0.090605736,-0.1544662,0.4479133,0.25997564,0.33731818,0.17664213,0.112508774,-0.14031464,-0.19358517,1.113616,0.3825939,0.48175943,0.012814634,0.0449064,-0.115764976,0.026806276,0.075984985,-0.002345705,-4.5747118e-05,-0.0013349863,0.0007875382,-0.002042416,-9.896407e-05
29,-0.13250682,-0.7544106,-0.4952116,0.8388972,0.0028267754,1.0337906,1.1756573,-0.41426817,-0.3614528,-0.61637557,0.26263428,-0.54076946,-0.15707901,-0.04775271,-0.38964897,-0.20774826,0.20562637,-0.1872822,-0.23173401,0.20343074,-0.032134805,-0.14921531,0.33183062,-0.3121453,0.48335618,-0.11774109,0.034548007,0.38421857,0.3825939,0.6267235,0.16219991,-0.023153562,-0.013448298,0.04042475,0.109427914,0.06893721,0.004974273,0.0017383447,0.0038834792,-0.0030215336,0.0039864075,-0.0003124922
30,-0.31106493,0.21085161,0.46801817,0.1531665,0.45233357,0.26667064,0.12595943,-0.074484564,-0.86071384,0.38408518,0.049823716,0.16565531,-0.19742203,-0.05492458,-0.113312274,0.5616668,0.42519212,-0.40304643,0.1435585,-0.20421758,-0.21339214,0.030888021,-0.17994387,0.13804694,0.1227507,-0.2690515,-0.054968074,-0.12587753,0.48175943,0.16219991,0.5647911,0.22785616,0.17354879,-0.119156584,-0.025251964,0.06767561,0.007089967,0.0017733522,0.0032742508,-0.0014677618,0.003968635,-0.0004789006
31,-0.3734846,-0.017801492,-0.51916677,0.3060071,0.4178655,1.1059643,-0.45493734,-0.60356426,0.15446578,1.2425416,0.54204834,-0.141321,0.6474179,0.12869886,0.032616593,-0.1298652,0.46378484,-0.10433489,-0.2628929,-0.22886679,-0.09912929,-0.23165803,-0.3671201,0.08021701,0.08070767,-0.39019385,-0.19325897,-0.076383024,0.012814634,-0.023153562,0.22785616,0.64340234,-0.12844205,0.11389005,-0.010425056,0.14199048,0.0047686147,0.0015800643,0.0010414683,-0.0012993431,0.0021967613,-0.0006279619
32,-1.1004431,0.10527988,0.5352747,0.074730486,-0.026835402,-0.04890836,-0.36628234,0.14986914,-0.34746048,0.04542465,-0.16186565,-0.19813482,-0.31686866,0.08692375,0.5548035,0.17765564,-0.13150036,-0.3952393,0.00072765653,-0.51367605,-0.16570835,-0.35259604,-0.018273812,0.1386581,0.031007497,0.2575507,0.017479867,-0.015179951,0.0449064,-0.013448298,0.17354879,-0.12844205,0.43930793,-0.17289227,-0.02403917,-0.13265415,0.0043020113,0.0009926022,0.0019432409,-0.00028500412,0.0016929591,-6.366389e-05
33,0.08700435,-0.10037097,-0.3732057,-0.054932803,-0.4543422,0.55014825,-0.20898788,-0.46316665,-0.0019307684,-0.2607196,0.052274406,-0.26481155,0.28270888,0.21969359,0.058387466,0.08705351,0.23442939,0.2050955,0.09692371,-0.02834877,0.098618805,0.015195797,-0.17990948,-0.11067735,0.3834051,-0.084393874,0.0691984,0.10731253,-0.115764976,0.04042475,-0.119156584,0.11389005,-0.17289227,0.19961095,0.06795169,0.069912255,-4.425805e-06,-0.0004258672,0.000109060646,-0.0007834441,0.00039737666,-7.427517e-05
34,0.34272808,0.011567313,-0.06356896,-0.22560325,-0.3798023,0.3277855,0.3519205,-0.29314125,-0.2429856,-0.36497402,-0.047633752,0.013442379,-0.009426684,0.20427018,0.06903303,0.19221053,-0.118724585,0.26206416,-0.060455244,0.22052956,0.104864016,0.01799679,-0.3320284,0.09035783,0.44951916,-0.13538496,-0.35499048,0.030868482,0.026806276,0.109427914,-0.025251964,-0.010425056,-0.02403917,0.06795169,0.2558577,-0.08586067,0.005735445,0.0014182017,0.003166477,-0.0024601915,0.00331716,-0.0005526838
35,0.5776075,-0.43514997,-0.0018397778,-0.23599312,0.31231546,0.30505538,-0.56222403,-0.1269438,0.13044769,-0.18505313,0.09314518,0.18724844,0.19068725,-0.094584994,0.16317222,-0.20200294,0.24137898,0.019701019,0.19810945,-0.027035806,-0.009796752,0.22947063,0.16705927,-0.008486824,-0.0759096,-0.1795339,0.25184938,0.07772486,0.075984985,0.06893721,0.06767561,0.14199048,-0.13265415,0.069912255,-0.08586067,0.1897144,-0.0010237357,-0.00020507076,-0.00075465254,0.00023990097,-0.00068678113,3.4828216e-05
36,0.0017010393,0.007499162,0.012517313,-0.0021631105,-0.009248419,0.0075505152,0.013929347,-0.00068068877,-0.011502586,0.0038330269,-0.007171102,-0.0027632136,-0.0031158745,0.0082867425,0.002601339,0.004033075,0.022528427,-0.0041329525,-0.0039559896,-0.003934455,-0.0022398506,-0.0022582337,-0.012373688,-0.0011894603,0.013658146,-0.010774244,-0.0073226197,0.004228467,-0.002345705,0.004974273,0.007089967,0.0047686147,0.0043020113,-4.425805e-06,0.005735445,-0.0010237357,0.0004844176,0.00010596984,0.00026048793,-0.00015633792,0.00029563133,-2.835054e-05
37,-0.0018699332,0.00088715233,0.0023949465,0.0037106199,-0.0024374113,0.0032550779,0.00455623,2.2732856e-05,-0.002943666,0.003421277,-0.0012309321,-0.0008992448,-0.0012357887,0.0018235543,-0.00052631967,-0.00096761587,0.008213283,-0.0030189506,-0.0027012955,0.0022107828,-0.00044700634,-0.0017208232,-0.002636996,-0.00048326713,0.0013947012,-0.0028210664,-0.00346168,0.0019296157,-4.5747118e-05,0.0017383447,0.0017733522,0.0015800643,0.0009926022,-0.0004258672,0.0014182017,-0.00020507076,0.00010596984,3.6794823e-05,5.6650155e-05,-4.020811e-05,6.885797e-05,-8.505071e-06
38,0.0046038246,0.0033406168,0.0067571616,-0.00017462799,-0.0066324044,0.0032942763,0.010627374,0.0024945526,-0.0070067924,-0.0023515706,-0.003233071,-0.0018894721,-0.0031457506,0.0036932314,0.0004055117,0.0047715614,0.009199976,-0.00066683284,-0.0013178532,-0.0011912412,-0.0011763006,0.00030826748,-0.0052930573,-0.0014222341,0.0073722205,-0.005083354,-0.002732844,0.0027012723,-0.0013349863,0.0038834792,0.0032742508,0.0010414683,0.0019432409,0.000109060646,0.003166477,-0.00075465254,0.00026048793,5.6650155e-05,0.00013821152,-7.881396e-05,0.00014269057,-1.3676488e-05
39,-0.004924464,-0.0011800717,-0.0014810263,0.00019797875,0.0063614734,-0.0040524374,-0.0055835163,0.0017902167,0.0037078008,0.0025748457,0.0027723776,0.002336855,0.0004310565,-0.0032169737,0.00039758117,-0.0029906363,-0.0065780836,-0.00052084593,0.0017258332,-0.00034939375,0.00017339646,-0.00010721726,0.0035694293,0.0006465872,-0.005321167,0.0036151013,0.0025787065,-0.002099831,0.0007875382,-0.0030215336,-0.0014677618,-0.0012993431,-0.00028500412,-0.0007834441,-0.0024601915,0.00023990097,-0.00015633792,-4.020811e-05,-7.881396e-05,5.0620874e-05,-7.88438e-05,1.0089361e-05
40,0.007841703,0.0045394297,0.0064303097,-0.0020838783,-0.007017673,0.0045675593,0.008688323,0.0012977901,-0.0082854,-0.002448924,-0.0035923717,-0.002121587,-0.0032835049,0.004866018,0.0009122905,0.008376318,0.00987668,-0.000576868,-0.00044347593,-0.0011431924,-0.0014169553,0.00036998227,-0.0067807315,0.00015205849,0.0069222003,-0.006343019,-0.0033480278,0.0022831892,-0.002042416,0.0039864075,0.003968635,0.0021967613,0.0016929591,0.00039737666,0.00331716,-0.00068678113,0.00029563133,6.885797e-05,0.00014269057,-7.88438e-05,0.00013671632,-1.5947819e-05
41,-0.00045421178,-0.0013503237,0.00012460949,4.527007e-05,0.0013184219,-0.00023261638,-0.0011982317,0.0005295549,0.00075308024,-0.000633133,0.00042046365,-0.00029854916,0.0002866107,-0.00011070194,0.00027015584,6.0588733e-05,-0.0013437707,-0.000336008,0.0005064432,0.0003744209,-0.00037754758,0.00028315175,0.0010993937,-0.00030372565,-0.0010358092,0.0012892254,0.0009520845,0.00013863685,-9.896407e-05,-0.0003124922,-0.0004789006,-0.0006279619,-6.366389e-05,-7.427517e-05,-0.0005526838,3.4828216e-05,-2.835054e-05,-8.505071e-06,-1.3676488e-05,1.0089361e-05,-1.5947819e-05,2.9183982e-06
