,0,1,2,3,4,5,6,7,8,9,10,11,12,13,14,15,16,17,18,19,20,21,22,23,24,25,26,27,28,29,30,31,32,33,34,35,36,37,38,39,40,41,42,43,44
0,883.4712,-1.3390603,-0.81771576,0.12541988,0.12385908,0.12054232,0.11131323,0.14563093,0.07208428,-0.14939862,0.068315074,0.06826007,0.14631581,-0.07003477,0.091356516,-0.11489533,-0.023875108,-0.019173848,-0.11323404,0.04467949,-0.021896645,-0.042335488,0.031484213,-0.03328626,0.035460994,0.0027364106,-0.033667833,-0.046769887,0.03881014,0.016861863,0.043773584,-0.016573016,-0.0037177042,0.012865895,-0.00015784136,-9.7678916e-05,-6.292752e-05,-7.638646e-05,9.5937485e-06,-6.950008e-05,-3.6297308e-05,-6.130822e-06,9.308373e-06,-3.4992125e-05,-1.9355552e-05
1,-1.3390603,16.488052,-12.9229355,-0.31357688,1.0467196,3.2660267,-0.088149846,1.4905202,-0.92737293,-0.4592291,0.15291253,-0.6480687,0.9039829,0.4988222,0.6115576,-0.089507036,-0.13704568,-0.26816523,-1.0867689,0.47751138,-0.7959137,0.19609648,-0.04976708,-0.09608955,0.35504723,-0.038474582,-0.5843708,-0.096738465,0.37297106,0.09471905,0.1122724,-0.03834081,0.041138276,0.027358681,-0.00043858262,0.0002756645,-6.379621e-05,-0.00036615683,-7.196072e-05,-0.00019926595,2.7465687e-05,7.0747265e-05,2.132644e-05,5.0240346e-06,-0.00013279231
2,-0.81771576,-12.9229355,19.121477,-0.7498329,0.8094826,-0.3204178,-0.031299487,-0.10563007,0.119672626,-0.8734915,0.22889793,-0.057692453,-0.47772324,0.38504872,0.772661,-0.9263538,-0.28308898,-1.1401219,0.32234058,0.24662796,0.15965463,-0.15944834,-0.29660434,0.19689211,-0.18552679,-0.021950305,0.064250454,0.022863496,-0.20626944,-0.11291218,0.028414484,0.016500954,-0.08254825,-0.07504332,0.0006408453,6.922719e-05,-4.6627858e-05,0.00028344858,0.00013848582,9.296704e-05,-3.144978e-05,2.1246604e-05,2.6671446e-06,-3.0592073e-05,3.8682083e-05
3,0.12541988,-0.31357688,-0.7498329,2.111079,0.58060503,-0.8164799,-1.4992297,-0.43030423,-0.303474,-0.16784945,0.66699517,-0.51130533,-0.2767953,-0.32009792,-0.6263283,0.37875584,-0.10007481,-0.30014268,0.27504063,-0.20089123,0.2277121,-0.048374094,0.1925291,0.0028203551,0.19681346,-0.017164074,-0.2696126,0.20147485,0.041319977,0.14711685,-0.01382026,-0.04328359,-0.0047631646,0.03417269,6.608568e-05,-0.00016165558,0.00013372407,9.479462e-05,2.7994844e-05,1.8002182e-05,0.00011491959,-9.396842e-06,2.1468688e-05,-8.8361285e-06,5.697115e-05
4,0.12385908,1.0467196,0.8094826,0.58060503,6.6145005,-0.11417553,-1.4395423,-0.08010146,0.81074136,0.52904934,0.41569024,-0.5341121,0.10755837,0.53256226,0.44952202,-0.022069542,-0.7752733,0.38214314,-0.42627215,-0.56339693,-0.17465475,-0.13723198,-0.2647488,0.08051182,0.14798763,-0.23628129,-0.06392707,-0.30918497,-0.023378262,-0.021973789,0.08877656,-0.00036693568,0.07606122,-0.046238773,0.0002856646,-0.00059585506,-0.00016017034,0.00019985304,9.555475e-05,3.0640008e-06,3.2170203e-05,1.7916569e-05,-3.140036e-05,-0.000114942464,9.773583e-05
5,0.12054232,3.2660267,-0.3204178,-0.8164799,-0.11417553,4.7756505,0.7103629,1.006026,0.3359313,-0.19267452,0.5847974,-0.3761798,-0.67858505,0.2972517,-0.04736822,-0.11168592,-0.04850655,-0.39259672,-0.09837785,-0.041439082,0.12310773,-0.3388608,-0.1040665,0.09268683,0.03861602,0.0031498224,0.15713638,0.057998747,-0.10695779,-0.0064171543,0.078277126,0.012299031,0.064329654,-0.04739547,-0.000106158164,0.00020494411,-7.4922355e-05,1.8907114e-05,7.448375e-05,-9.794149e-05,-2.8849765e-05,-2.2333215e-05,7.0758383e-06,-8.515948e-05,-1.1076183e-05
6,0.11131323,-0.088149846,-0.031299487,-1.4992297,-1.4395423,0.7103629,2.1315079,0.01688244,0.5712337,-0.19845453,-0.583019,0.62824225,-0.25445473,0.10680853,0.3429339,-0.3921762,-0.077821635,0.34912264,-0.004913698,-0.15474379,-0.046890892,0.025615279,0.16369364,-0.099280775,0.047702614,-0.07759783,0.06519391,-0.069686376,0.030692425,-0.04916925,0.07267595,0.050868243,-0.15278986,0.12954482,-0.00066975306,0.00048026396,7.568018e-06,-0.0004770441,-6.132439e-05,-0.00017569118,-0.00017268391,-1.0977068e-05,-2.4087058e-07,2.5708105e-05,-0.00017815421
7,0.14563093,1.4905202,-0.10563007,-0.43030423,-0.08010146,1.006026,0.01688244,1.1791779,-0.35594338,0.1690248,-0.5015168,0.32129383,0.009252513,0.32951105,-0.050281826,0.12874785,-0.26666218,-0.3560794,0.11285715,-0.047539033,-0.19918478,0.14679936,-0.21865779,0.07818505,-0.078317866,-0.029204195,-0.17760095,0.040702708,-0.07842443,-0.10922702,-0.07149763,-0.044905514,0.06688048,-0.14571142,0.0010023226,-0.00029410567,2.0002455e-05,0.00052383216,4.8517122e-05,0.00023526649,0.0001767638,1.1224112e-05,1.4802818e-05,4.195609e-05,0.00017068334
8,0.07208428,-0.92737293,0.119672626,-0.303474,0.81074136,0.3359313,0.5712337,-0.35594338,2.6165612,-0.48258144,0.38309598,0.14886601,-0.16351557,0.37766743,-0.3832857,-0.065599024,0.122425854,0.50393957,-0.049983293,-0.05077613,0.10821718,0.38733083,0.0064840275,0.25432664,-0.09293707,-0.007859841,-0.029644158,0.010863127,0.03241399,0.044117402,-0.16030514,0.09228517,0.015582983,0.012203727,-0.0003161005,-0.00051304605,-0.00014234413,-3.4189543e-05,9.860967e-05,-0.00015250355,3.0313759e-06,-7.950163e-06,1.05806375e-05,-0.0001426335,6.995096e-05
9,-0.14939862,-0.4592291,-0.8734915,-0.16784945,0.52904934,-0.19267452,-0.19845453,0.1690248,-0.48258144,1.9597234,-0.28435948,-0.008250749,-0.17089029,0.58023787,0.36514324,0.4576576,-0.035769146,0.35560483,0.28619623,0.23139358,0.23369971,-0.10360855,0.083320126,0.063783266,-0.08346227,-0.09987511,0.14569552,0.11328593,-0.23061773,-0.061153255,0.011400115,0.045635868,0.0006011925,0.01040417,0.00014306209,0.0005084541,6.8305046e-05,4.7400674e-05,-0.0001356212,0.00018618605,5.6384233e-06,6.413245e-06,-1.8983905e-05,0.0001256984,-7.220087e-05
10,0.068315074,0.15291253,0.22889793,0.66699517,0.41569024,0.5847974,-0.583019,-0.5015168,0.38309598,-0.28435948,1.8501805,0.294496,-0.036190763,-0.34780687,0.08835758,0.05403912,-0.06241571,0.08561358,-0.1997765,0.42160234,0.13989538,-0.1427324,0.24385354,-0.042052314,0.16118784,0.08351519,0.01796291,0.17144662,-0.025751386,-0.013799954,0.03554873,-0.038776174,0.006921542,-0.09306939,5.8020596e-05,-0.00017982276,-5.2590753e-05,0.00017740569,5.395122e-05,-1.4229134e-05,8.125442e-05,-1.7007285e-05,2.0612455e-05,-8.66231e-05,9.716283e-05
11,0.06826007,-0.6480687,-0.057692453,-0.51130533,-0.5341121,-0.3761798,0.62824225,0.32129383,0.14886601,-0.008250749,0.294496,2.0471492,0.35864243,-0.12111537,-0.088136226,0.15533029,-0.5747199,0.10959174,-0.045276593,0.0581148,0.06827377,-0.20008126,0.024001073,-0.04282168,-0.077474676,-0.15404396,-0.08487475,-0.01082653,-0.032245006,-0.01873914,-0.061977096,-0.024578348,0.06633295,-0.06473396,0.0004905744,-0.0002614591,-3.4588356e-06,0.00028364157,1.2001012e-05,0.00015742419,9.661728e-05,-6.225704e-07,2.5556903e-05,1.1128626e-05,0.00013460347
12,0.14631581,0.9039829,-0.47772324,-0.2767953,0.10755837,-0.67858505,-0.25445473,0.009252513,-0.16351557,-0.17089029,-0.036190763,0.35864243,1.1719756,0.35281223,-0.2413572,-0.1650776,0.19114217,-0.1633858,-0.4325621,0.29483163,0.0955137,-0.04947636,-0.16890815,-0.056372106,0.08179246,-0.013979657,0.02316254,-0.16709682,-0.008982467,-0.0796665,-0.013774775,0.07652676,-0.026847031,-0.040354714,-8.13355e-05,-4.9025795e-05,-0.00017493832,-2.2635373e-05,5.9521983e-05,-6.147391e-05,-4.5476885e-05,-1.9608746e-05,-2.860543e-06,-5.360422e-05,9.860721e-06
13,-0.07003477,0.4988222,0.38504872,-0.32009792,0.53256226,0.2972517,0.10680853,0.32951105,0.37766743,0.58023787,-0.34780687,-0.12111537,0.35281223,1.4769849,-0.005867557,-0.11485467,-0.061506703,-0.10787589,0.1301514,0.24124604,0.35361958,0.093393356,0.06953448,-0.10523902,0.05356422,0.08388212,-0.10919851,-0.073715925,0.04700936,0.07380673,-0.0746319,-0.04328075,-0.07487658,-0.015510932,0.00013299679,-0.00033728027,-4.920166e-05,3.9418494e-05,4.983513e-05,-4.4945016e-05,4.4193217e-05,6.298823e-06,2.1471853e-05,-1.9916915e-05,4.0753977e-05
14,0.091356516,0.6115576,0.772661,-0.6263283,0.44952202,-0.04736822,0.3429339,-0.050281826,-0.3832857,0.36514324,0.08835758,-0.088136226,-0.2413572,-0.005867557,1.2278923,-0.21639812,-0.07663232,0.25886548,-0.1412392,0.30420798,-0.32017624,-0.02066407,-0.023589002,-0.13306391,-0.04217221,-0.025758583,-0.025170531,0.1108935,0.09028688,0.058181442,-0.0015684805,-0.0027261293,-0.014745532,0.017784446,-0.00022010035,0.00040803442,7.804824e-05,-0.00021462057,-0.00012332623,-6.8575146e-06,-3.563707e-05,6.839269e-05,-8.7878925e-07,7.057069e-05,-0.00012837819
15,-0.11489533,-0.089507036,-0.9263538,0.37875584,-0.022069542,-0.11168592,-0.3921762,0.12874785,-0.065599024,0.4576576,0.05403912,0.15533029,-0.1650776,-0.11485467,-0.21639812,0.6290811,-0.25001872,-0.04596415,0.12747353,0.032728724,0.008318919,-0.021826237,-0.020005953,0.27320978,-0.14709362,0.03547278,0.09963753,0.09244567,0.05150023,0.009963783,-0.03966145,0.046705797,-0.08133129,-0.031861894,0.000306622,0.00029179035,0.00021895439,0.00016216651,-9.890777e-05,0.00015692029,7.971807e-05,-2.1900298e-05,-5.3451568e-06,0.00010780526,-3.212609e-05
16,-0.023875108,-0.13704568,-0.28308898,-0.10007481,-0.7752733,-0.04850655,-0.077821635,-0.26666218,0.122425854,-0.035769146,-0.06241571,-0.5747199,0.19114217,-0.061506703,-0.07663232,-0.25001872,0.7948055,0.14908077,-0.17333168,0.108724274,0.121341154,0.018380973,-0.11810008,-0.07936774,-0.123722315,0.02780804,-0.0061488296,0.080075175,-0.15740922,0.015194068,-0.016932216,0.040976666,0.04362113,-0.0061675543,-0.00029847905,-4.9212962e-05,-0.00016258756,-7.313583e-05,6.423083e-05,-9.5854964e-05,-4.5790177e-05,-5.7990273e-06,2.1410692e-06,-7.345147e-05,1.294872e-05
17,-0.019173848,-0.26816523,-1.1401219,-0.30014268,0.38214314,-0.39259672,0.34912264,-0.3560794,0.50393957,0.35560483,0.08561358,0.10959174,-0.1633858,-0.10787589,0.25886548,-0.04596415,0.14908077,0.6800134,-0.061184242,-0.1365597,0.016213242,0.0056970674,0.0048856554,-0.115314096,-0.06920062,0.02943241,0.078808025,0.032606676,-0.06455332,-0.048993878,-0.023453744,-0.06846804,-0.0033688596,-0.008448388,-0.00014358966,-0.00025022682,-0.00013383523,-6.4816854e-06,2.5266796e-05,-7.196232e-05,-3.0424428e-05,-1.0811116e-05,4.8294055e-06,-5.4609485e-05,3.313757e-05
18,-0.11323404,-1.0867689,0.32234058,0.27504063,-0.42627215,-0.09837785,-0.004913698,0.11285715,-0.049983293,0.28619623,-0.1997765,-0.045276593,-0.4325621,0.1301514,-0.1412392,0.12747353,-0.17333168,-0.061184242,0.554781,-0.08743685,0.04822412,0.16766655,0.18003039,-0.091495395,0.119724855,0.017637413,0.05136001,0.037710227,0.011507607,0.028444141,-0.07018942,-3.2001153e-05,0.09451854,-0.027718756,0.0003615704,-0.00017459075,0.00015025414,0.00016430736,-2.6817816e-05,0.00015145075,8.882562e-05,2.6920829e-05,-7.702885e-06,4.7796784e-05,7.8403464e-05
19,0.04467949,0.47751138,0.24662796,-0.20089123,-0.56339693,-0.041439082,-0.15474379,-0.047539033,-0.05077613,0.23139358,0.42160234,0.0581148,0.29483163,0.24124604,0.30420798,0.032728724,0.108724274,-0.1365597,-0.08743685,0.76726323,-0.022164598,0.12480295,0.11180064,0.16861987,-0.016768925,0.0500872,0.0394808,0.033590283,0.038002744,-0.008168032,-0.022245655,0.016210262,0.06491274,0.046313763,-0.00029807613,0.00033285865,-6.462156e-05,-0.00018169102,-8.054315e-05,-1.8098483e-05,-5.8924452e-05,3.5546123e-05,-4.5750235e-06,2.9841367e-05,-9.815628e-05
20,-0.021896645,-0.7959137,0.15965463,0.2277121,-0.17465475,0.12310773,-0.046890892,-0.19918478,0.10821718,0.23369971,0.13989538,0.06827377,0.0955137,0.35361958,-0.32017624,0.008318919,0.121341154,0.016213242,0.04822412,-0.022164598,0.4360882,-0.24241188,0.037196185,-0.07760285,0.022423338,0.0112394765,0.01993414,0.02528372,-0.057346217,0.05494339,-0.013400526,-0.04782649,-0.03422258,0.053955123,-0.00034095315,-7.563548e-05,-0.000120333716,-0.00012275363,5.6557103e-05,-0.00014074292,-6.1222396e-05,-3.0439976e-05,1.8632614e-05,-6.412458e-05,-1.6805581e-05
21,-0.042335488,0.19609648,-0.15944834,-0.048374094,-0.13723198,-0.3388608,0.025615279,0.14679936,0.38733083,-0.10360855,-0.1427324,-0.20008126,-0.04947636,0.093393356,-0.02066407,-0.021826237,0.018380973,0.0056970674,0.16766655,0.12480295,-0.24241188,0.49093163,0.131515,0.08401384,0.057358086,0.05097563,-0.0890602,-0.009964369,-0.0038613274,-0.09819363,-0.022693893,0.024893824,0.028359445,-0.06548069,0.00047371682,-0.00022479008,5.57187e-05,0.00022902364,8.3862903e-07,0.00014390505,0.000104824765,1.764132e-05,-1.0059992e-05,3.1047824e-05,9.790415e-05
22,0.031484213,-0.04976708,-0.29660434,0.1925291,-0.2647488,-0.1040665,0.16369364,-0.21865779,0.0064840275,0.083320126,0.24385354,0.024001073,-0.16890815,0.06953448,-0.023589002,-0.020005953,-0.11810008,0.0048856554,0.18003039,0.11180064,0.037196185,0.131515,0.473791,-0.037107635,0.045128472,0.02562429,-0.051899858,-0.10472065,-0.028171413,0.052168347,0.16954193,0.011408256,-0.010047313,-0.005818119,0.00031162257,-5.6908917e-05,0.00020123631,9.830108e-05,-4.8074457e-05,0.00016495201,9.1042544e-05,2.1597925e-06,-1.5629736e-05,6.976462e-05,5.8338155e-05
23,-0.03328626,-0.09608955,0.19689211,0.0028203551,0.08051182,0.09268683,-0.099280775,0.07818505,0.25432664,0.063783266,-0.042052314,-0.04282168,-0.056372106,-0.10523902,-0.13306391,0.27320978,-0.07936774,-0.115314096,-0.091495395,0.16861987,-0.07760285,0.08401384,-0.037107635,0.44044533,-0.15293674,-0.027174287,0.0066413577,-0.009910959,-0.0059472043,-0.066040784,0.035780907,0.006548158,-0.025176607,0.101689935,-0.00028145054,0.00040268688,-5.070002e-05,-0.00016578255,-6.043018e-05,-4.0851857e-05,-9.0145986e-05,-1.43890375e-05,-9.275876e-06,3.640526e-05,-0.00012876354
24,0.035460994,0.35504723,-0.18552679,0.19681346,0.14798763,0.03861602,0.047702614,-0.078317866,-0.09293707,-0.08346227,0.16118784,-0.077474676,0.08179246,0.05356422,-0.04217221,-0.14709362,-0.123722315,-0.06920062,0.119724855,-0.016768925,0.022423338,0.057358086,0.045128472,-0.15293674,0.4812682,-0.07883969,0.04505723,0.04994019,0.026497949,-0.13366783,-0.04755183,0.043463968,-0.0119254785,0.062159047,-0.00049106113,0.0002607882,-0.00011750679,-0.0002741224,1.2767467e-05,-0.00015930293,-0.000111882895,3.3676793e-06,-1.9483166e-06,-4.808366e-05,-9.039527e-05
25,0.0027364106,-0.038474582,-0.021950305,-0.017164074,-0.23628129,0.0031498224,-0.07759783,-0.029204195,-0.007859841,-0.09987511,0.08351519,-0.15404396,-0.013979657,0.08388212,-0.025758583,0.03547278,0.02780804,0.02943241,0.017637413,0.0500872,0.0112394765,0.05097563,0.02562429,-0.027174287,-0.07883969,0.21443604,0.08136997,-0.039344974,0.07514647,-0.020856766,-0.009836856,-0.119052075,-0.047961768,-0.06869261,0.000287471,-0.00036348827,-1.1835695e-05,0.0001835371,3.7217975e-05,3.653734e-06,4.9594113e-05,-2.0523259e-05,8.873582e-06,-1.5388183e-05,7.574025e-05
26,-0.033667833,-0.5843708,0.064250454,-0.2696126,-0.06392707,0.15713638,0.06519391,-0.17760095,-0.029644158,0.14569552,0.01796291,-0.08487475,0.02316254,-0.10919851,-0.025170531,0.09963753,-0.0061488296,0.078808025,0.05136001,0.0394808,0.01993414,-0.0890602,-0.051899858,0.0066413577,0.04505723,0.08136997,0.3961499,-0.102835,0.059581675,-0.049976975,-0.023235556,0.051600356,0.023457315,-0.008211805,-0.000210111,0.00018052568,8.763089e-06,-0.0001037661,-4.4276778e-05,-2.398235e-05,-8.572519e-05,-9.346248e-06,-2.8989265e-05,3.8662106e-06,-6.619067e-05
27,-0.046769887,-0.096738465,0.022863496,0.20147485,-0.30918497,0.057998747,-0.069686376,0.040702708,0.010863127,0.11328593,0.17144662,-0.01082653,-0.16709682,-0.073715925,0.1108935,0.09244567,0.080075175,0.032606676,0.037710227,0.033590283,0.02528372,-0.009964369,-0.10472065,-0.009910959,0.04994019,-0.039344974,-0.102835,0.2575779,-0.018236931,-0.0112678,-0.10146143,0.017265493,-0.058308646,0.0019946948,-0.00014049988,0.00021885065,-8.444132e-06,-4.007599e-05,-5.647258e-06,-5.1919247e-05,7.5102703e-06,2.1953915e-06,2.33489e-05,-2.037029e-06,-4.1512278e-05
28,0.03881014,0.37297106,-0.20626944,0.041319977,-0.023378262,-0.10695779,0.030692425,-0.07842443,0.03241399,-0.23061773,-0.025751386,-0.032245006,-0.008982467,0.04700936,0.09028688,0.05150023,-0.15740922,-0.06455332,0.011507607,0.038002744,-0.057346217,-0.0038613274,-0.028171413,-0.0059472043,0.026497949,0.07514647,0.059581675,-0.018236931,0.20868091,0.08421228,-0.0664727,-0.010349051,-0.036409132,0.03123372,-0.00022474074,5.9650076e-05,7.267589e-05,-0.00015793536,-4.2871696e-05,-7.63132e-05,-2.996478e-05,1.4684514e-05,2.9667062e-06,1.4638919e-05,-7.283215e-05
29,0.016861863,0.09471905,-0.11291218,0.14711685,-0.021973789,-0.0064171543,-0.04916925,-0.10922702,0.044117402,-0.061153255,-0.013799954,-0.01873914,-0.0796665,0.07380673,0.058181442,0.009963783,0.015194068,-0.048993878,0.028444141,-0.008168032,0.05494339,-0.09819363,0.052168347,-0.066040784,-0.13366783,-0.020856766,-0.049976975,-0.0112678,0.08421228,0.23216642,-0.006979525,0.061617263,0.03410776,-0.00088362186,3.0659834e-05,-2.9892291e-05,0.00019593265,-1.673363e-05,-4.3704335e-05,6.709855e-05,6.4779066e-05,3.0022955e-05,-1.1983241e-06,3.8057202e-05,6.5766008e-06
30,0.043773584,0.1122724,0.028414484,-0.01382026,0.08877656,0.078277126,0.07267595,-0.07149763,-0.16030514,0.011400115,0.03554873,-0.061977096,-0.013774775,-0.0746319,-0.0015684805,-0.03966145,-0.016932216,-0.023453744,-0.07018942,-0.022245655,-0.013400526,-0.022693893,0.16954193,0.035780907,-0.04755183,-0.009836856,-0.023235556,-0.10146143,-0.0664727,-0.006979525,0.15782283,0.0074274633,-0.03914334,0.002387772,0.00014849068,7.035005e-05,7.419314e-05,4.104319e-05,-1.6991438e-05,7.4985815e-05,1.868946e-05,-1.6107902e-05,-1.3192803e-05,3.6551002e-05,8.610554e-06
31,-0.016573016,-0.03834081,0.016500954,-0.04328359,-0.00036693568,0.012299031,0.050868243,-0.044905514,0.09228517,0.045635868,-0.038776174,-0.024578348,0.07652676,-0.04328075,-0.0027261293,0.046705797,0.040976666,-0.06846804,-3.2001153e-05,0.016210262,-0.04782649,0.024893824,0.011408256,0.006548158,0.043463968,-0.119052075,0.051600356,0.017265493,-0.010349051,0.061617263,0.0074274633,0.22778831,-0.025241345,-0.029697364,3.8533875e-05,0.00040391713,0.0002293883,-2.5915284e-05,-7.5033706e-05,0.00012539543,4.300181e-05,1.4163992e-05,-2.3806859e-05,7.045666e-05,-4.3378626e-05
32,-0.0037177042,0.041138276,-0.08254825,-0.0047631646,0.07606122,0.064329654,-0.15278986,0.06688048,0.015582983,0.0006011925,0.006921542,0.06633295,-0.026847031,-0.07487658,-0.014745532,-0.08133129,0.04362113,-0.0033688596,0.09451854,0.06491274,-0.03422258,0.028359445,-0.010047313,-0.025176607,-0.0119254785,-0.047961768,0.023457315,-0.058308646,-0.036409132,0.03410776,-0.03914334,-0.025241345,0.22330524,0.01190469,-7.5222642e-06,-0.00025132362,-0.000101793885,2.1801581e-05,2.0066398e-05,2.649692e-05,-1.0108324e-05,3.9306702e-05,-9.258962e-06,-3.955251e-05,5.9421207e-05
33,0.012865895,0.027358681,-0.07504332,0.03417269,-0.046238773,-0.04739547,0.12954482,-0.14571142,0.012203727,0.01040417,-0.09306939,-0.06473396,-0.040354714,-0.015510932,0.017784446,-0.031861894,-0.0061675543,-0.008448388,-0.027718756,0.046313763,0.053955123,-0.06548069,-0.005818119,0.101689935,0.062159047,-0.06869261,-0.008211805,0.0019946948,0.03123372,-0.00088362186,0.002387772,-0.029697364,0.01190469,0.16473319,-0.0007566482,0.00034287362,-0.00014590462,-0.00042849733,-3.0941308e-05,-0.00020633676,-0.00017563811,5.9052472e-06,1.4531338e-06,-2.4093133e-05,-0.00016793716
34,-0.00015784136,-0.00043858262,0.0006408453,6.608568e-05,0.0002856646,-0.000106158164,-0.00066975306,0.0010023226,-0.0003161005,0.00014306209,5.8020596e-05,0.0004905744,-8.13355e-05,0.00013299679,-0.00022010035,0.000306622,-0.00029847905,-0.00014358966,0.0003615704,-0.00029807613,-0.00034095315,0.00047371682,0.00031162257,-0.00028145054,-0.00049106113,0.000287471,-0.000210111,-0.00014049988,-0.00022474074,3.0659834e-05,0.00014849068,3.8533875e-05,-7.5222642e-06,-0.0007566482,4.2536685e-06,-1.846942e-06,8.2968575e-07,2.2965155e-06,1.1525582e-07,1.2177476e-06,9.514147e-07,-2.148963e-08,-1.2553775e-08,2.1329521e-07,8.940374e-07
35,-9.7678916e-05,0.0002756645,6.922719e-05,-0.00016165558,-0.00059585506,0.00020494411,0.00048026396,-0.00029410567,-0.00051304605,0.0005084541,-0.00017982276,-0.0002614591,-4.9025795e-05,-0.00033728027,0.00040803442,0.00029179035,-4.9212962e-05,-0.00025022682,-0.00017459075,0.00033285865,-7.563548e-05,-0.00022479008,-5.6908917e-05,0.00040268688,0.0002607882,-0.00036348827,0.00018052568,0.00021885065,5.9650076e-05,-2.9892291e-05,7.035005e-05,0.00040391713,-0.00025132362,0.00034287362,-1.846942e-06,2.4549174e-06,2.0617229e-07,-1.1900995e-06,-3.351887e-07,-2.4858366e-07,-3.893852e-07,8.631048e-09,-4.197233e-08,1.8877971e-07,-6.6928305e-07
36,-6.292752e-05,-6.379621e-05,-4.6627858e-05,0.00013372407,-0.00016017034,-7.4922355e-05,7.568018e-06,2.0002455e-05,-0.00014234413,6.8305046e-05,-5.2590753e-05,-3.4588356e-06,-0.00017493832,-4.920166e-05,7.804824e-05,0.00021895439,-0.00016258756,-0.00013383523,0.00015025414,-6.462156e-05,-0.000120333716,5.57187e-05,0.00020123631,-5.070002e-05,-0.00011750679,-1.1835695e-05,8.763089e-06,-8.444132e-06,7.267589e-05,0.00019593265,7.419314e-05,0.0002293883,-0.000101793885,-0.00014590462,8.2968575e-07,2.0617229e-07,5.918396e-07,3.3551902e-07,-1.2841915e-07,3.8814858e-07,2.4962725e-07,1.6003922e-08,-2.625788e-08,1.8218853e-07,7.064402e-08
37,-7.638646e-05,-0.00036615683,0.00028344858,9.479462e-05,0.00019985304,1.8907114e-05,-0.0004770441,0.00052383216,-3.4189543e-05,4.7400674e-05,0.00017740569,0.00028364157,-2.2635373e-05,3.9418494e-05,-0.00021462057,0.00016216651,-7.313583e-05,-6.4816854e-06,0.00016430736,-0.00018169102,-0.00012275363,0.00022902364,9.830108e-05,-0.00016578255,-0.0002741224,0.0001835371,-0.0001037661,-4.007599e-05,-0.00015793536,-1.673363e-05,4.104319e-05,-2.5915284e-05,2.1801581e-05,-0.00042849733,2.2965155e-06,-1.1900995e-06,3.3551902e-07,1.3032818e-06,1.1543007e-07,6.115265e-07,5.108577e-07,-2.2262345e-08,2.9499714e-09,6.199209e-08,5.26969e-07
38,9.5937485e-06,-7.196072e-05,0.00013848582,2.7994844e-05,9.555475e-05,7.448375e-05,-6.132439e-05,4.8517122e-05,9.860967e-05,-0.0001356212,5.395122e-05,1.2001012e-05,5.9521983e-05,4.983513e-05,-0.00012332623,-9.890777e-05,6.423083e-05,2.5266796e-05,-2.6817816e-05,-8.054315e-05,5.6557103e-05,8.3862903e-07,-4.8074457e-05,-6.043018e-05,1.2767467e-05,3.7217975e-05,-4.4276778e-05,-5.647258e-06,-4.2871696e-05,-4.3704335e-05,-1.6991438e-05,-7.5033706e-05,2.0066398e-05,-3.0941308e-05,1.1525582e-07,-3.351887e-07,-1.2841915e-07,1.1543007e-07,8.2322e-08,-4.132157e-08,1.4211498e-08,-1.3233031e-08,1.2823921e-08,-6.366405e-08,8.068844e-08
39,-6.950008e-05,-0.00019926595,9.296704e-05,1.8002182e-05,3.0640008e-06,-9.794149e-05,-0.00017569118,0.00023526649,-0.00015250355,0.00018618605,-1.4229134e-05,0.00015742419,-6.147391e-05,-4.4945016e-05,-6.8575146e-06,0.00015692029,-9.5854964e-05,-7.196232e-05,0.00015145075,-1.8098483e-05,-0.00014074292,0.00014390505,0.00016495201,-4.0851857e-05,-0.00015930293,3.653734e-06,-2.398235e-05,-5.1919247e-05,-7.63132e-05,6.709855e-05,7.4985815e-05,0.00012539543,2.649692e-05,-0.00020633676,1.2177476e-06,-2.4858366e-07,3.8814858e-07,6.115265e-07,-4.132157e-08,4.4984117e-07,2.8832974e-07,1.2647253e-08,-2.295829e-08,1.2427253e-07,2.1657182e-07
40,-3.6297308e-05,2.7465687e-05,-3.144978e-05,0.00011491959,3.2170203e-05,-2.8849765e-05,-0.00017268391,0.0001767638,3.0313759e-06,5.6384233e-06,8.125442e-05,9.661728e-05,-4.5476885e-05,4.4193217e-05,-3.563707e-05,7.971807e-05,-4.5790177e-05,-3.0424428e-05,8.882562e-05,-5.8924452e-05,-6.1222396e-05,0.000104824765,9.1042544e-05,-9.0145986e-05,-0.000111882895,4.9594113e-05,-8.572519e-05,7.5102703e-06,-2.996478e-05,6.4779066e-05,1.868946e-05,4.300181e-05,-1.0108324e-05,-0.00017563811,9.514147e-07,-3.893852e-07,2.4962725e-07,5.108577e-07,1.4211498e-08,2.8832974e-07,2.4111338e-07,2.5744948e-09,-1.5274866e-10,5.733037e-08,2.0113808e-07
41,-6.130822e-06,7.0747265e-05,2.1246604e-05,-9.396842e-06,1.7916569e-05,-2.2333215e-05,-1.0977068e-05,1.1224112e-05,-7.950163e-06,6.413245e-06,-1.7007285e-05,-6.225704e-07,-1.9608746e-05,6.298823e-06,6.839269e-05,-2.1900298e-05,-5.7990273e-06,-1.0811116e-05,2.6920829e-05,3.5546123e-05,-3.0439976e-05,1.764132e-05,2.1597925e-06,-1.43890375e-05,3.3676793e-06,-2.0523259e-05,-9.346248e-06,2.1953915e-06,1.4684514e-05,3.0022955e-05,-1.6107902e-05,1.4163992e-05,3.9306702e-05,5.9052472e-06,-2.148963e-08,8.631048e-09,1.6003922e-08,-2.2262345e-08,-1.3233031e-08,1.2647253e-08,2.5744948e-09,1.6313136e-08,-2.373467e-09,5.6444502e-09,-3.432803e-09
42,9.308373e-06,2.132644e-05,2.6671446e-06,2.1468688e-05,-3.140036e-05,7.0758383e-06,-2.4087058e-07,1.4802818e-05,1.05806375e-05,-1.8983905e-05,2.0612455e-05,2.5556903e-05,-2.860543e-06,2.1471853e-05,-8.7878925e-07,-5.3451568e-06,2.1410692e-06,4.8294055e-06,-7.702885e-06,-4.5750235e-06,1.8632614e-05,-1.0059992e-05,-1.5629736e-05,-9.275876e-06,-1.9483166e-06,8.873582e-06,-2.8989265e-05,2.33489e-05,2.9667062e-06,-1.1983241e-06,-1.3192803e-05,-2.3806859e-05,-9.258962e-06,1.4531338e-06,-1.2553775e-08,-4.197233e-08,-2.625788e-08,2.9499714e-09,1.2823921e-08,-2.295829e-08,-1.5274866e-10,-2.373467e-09,6.9794868e-09,-1.0965039e-08,4.7498885e-09
43,-3.4992125e-05,5.0240346e-06,-3.0592073e-05,-8.8361285e-06,-0.000114942464,-8.515948e-05,2.5708105e-05,4.195609e-05,-0.0001426335,0.0001256984,-8.66231e-05,1.1128626e-05,-5.360422e-05,-1.9916915e-05,7.057069e-05,0.00010780526,-7.345147e-05,-5.4609485e-05,4.7796784e-05,2.9841367e-05,-6.412458e-05,3.1047824e-05,6.976462e-05,3.640526e-05,-4.808366e-05,-1.5388183e-05,3.8662106e-06,-2.037029e-06,1.4638919e-05,3.8057202e-05,3.6551002e-05,7.045666e-05,-3.955251e-05,-2.4093133e-05,2.1329521e-07,1.8877971e-07,1.8218853e-07,6.199209e-08,-6.366405e-08,1.2427253e-07,5.733037e-08,5.6444502e-09,-1.0965039e-08,7.686182e-08,-1.1151265e-08
44,-1.9355552e-05,-0.00013279231,3.8682083e-05,5.697115e-05,9.773583e-05,-1.1076183e-05,-0.00017815421,0.00017068334,6.995096e-05,-7.220087e-05,9.716283e-05,0.00013460347,9.860721e-06,4.0753977e-05,-0.00012837819,-3.212609e-05,1.294872e-05,3.313757e-05,7.8403464e-05,-9.815628e-05,-1.6805581e-05,9.790415e-05,5.8338155e-05,-0.00012876354,-9.039527e-05,7.574025e-05,-6.619067e-05,-4.1512278e-05,-7.283215e-05,6.5766008e-06,8.610554e-06,-4.3378626e-05,5.9421207e-05,-0.00016793716,8.940374e-07,-6.6928305e-07,7.064402e-08,5.26969e-07,8.068844e-08,2.1657182e-07,2.0113808e-07,-3.432803e-09,4.7498885e-09,-1.1151265e-08,2.4811325e-07
