,0,1,2,3,4,5,6,7,8,9,10,11,12,13,14,15,16,17,18,19,20,21,22,23,24,25,26,27,28,29,30,31,32,33,34,35,36,37,38,39,40,41,42,43,44,45,46,47,48,49
0,75.899185,-0.7474076,0.37594867,0.90263486,-0.41017532,-0.82786584,0.2129786,0.04840327,-0.0006192749,0.0053333314,-0.0002687316,-0.0022089684,-0.00025181804,-0.0043294043,0.0011598377,0.0021957257,6.685697e-05,-0.0013966149,0.0005218488,0.0005302074,-0.00026756298,-0.00066784443,0.0005191161,0.00139492,0.00013406263,-0.00071394653,-9.734286e-05,-2.5633894e-06,-2.7248734e-05,0.00054979476,-6.314895e-05,-0.00038284107,0.0001610895,0.00016130853,-0.00085628836,-0.00054563966,0.0003190583,-0.00024732802,0.00014538062,-0.0004242023,0.0007052253,6.874943e-05,-0.00010668252,-0.0003666437,-0.00029959355,0.00035842462,-0.00019496762,-0.0003130121,-8.996038e-05,0.00044843747
1,-0.7474076,18.526531,-0.10001951,-0.28925174,0.10817994,0.17021003,-0.045486003,-0.008872026,0.0029122343,-0.000373529,-0.00055472844,-7.86446e-05,-3.55351e-05,0.00016975409,-0.00015770171,-0.00053293153,-0.0002301251,0.00010511969,-0.00038631726,4.290363e-05,0.00021584268,0.00019474767,0.00015848466,5.214811e-06,-1.0235961e-05,0.00016878975,-3.8231738e-05,3.9501705e-05,0.00012422357,-8.136667e-05,0.0001435842,3.6831123e-05,9.55226e-05,-0.00012554985,-1.1341574e-05,-1.4038662e-05,7.3289964e-05,-1.4974356e-05,-9.8798206e-05,0.00023839372,-0.00021544655,-7.4598094e-05,0.00013769307,0.000117211326,4.1959947e-07,-5.493115e-06,-1.7808716e-05,1.9950243e-05,-3.340804e-05,-9.869506e-05
2,0.37594867,-0.10001951,5.0132246,-0.052501943,-0.0010051096,-0.03241718,0.009996677,0.0020634597,-0.006367942,0.001452998,0.000568559,0.0012153978,0.00036911853,0.00030589756,-0.0003978215,-6.0517035e-05,-0.00015316994,-9.628449e-05,0.00014674116,0.00025865395,7.456641e-05,0.000120652825,-0.00020387673,-0.00020809,4.673674e-06,0.00010155061,-1.0511198e-05,0.00011095524,0.00022653092,-4.502803e-05,0.00024165938,-4.3018554e-05,-2.0947879e-05,9.9183904e-05,7.7550125e-05,1.1889055e-05,-0.00014978406,2.8351067e-05,2.3564811e-05,8.580571e-06,5.360727e-05,3.6487843e-05,-5.9955866e-05,-8.481897e-05,-1.5148963e-05,-8.2953135e-05,9.8756835e-05,3.232524e-05,-3.631168e-05,-0.00017074213
3,0.90263486,-0.28925174,-0.052501943,3.5730755,0.0020925563,-0.092472665,0.031793185,0.0053999,-0.00079948944,0.000707094,0.00014361198,-0.00028999854,0.000997508,-6.253892e-05,6.4660285e-06,0.00030755726,0.00081124424,0.00011674611,-1.1471482e-05,0.00025641703,-0.00017098,0.000116320014,-8.203552e-05,-0.00014780216,0.00017918277,-5.089808e-05,-3.6319103e-05,6.1958344e-05,-6.597499e-05,-1.0605938e-05,-4.691256e-05,-9.537632e-05,-5.9969396e-05,0.00014255915,-1.597981e-05,-6.621083e-05,3.3916476e-05,-4.764318e-05,-5.6585377e-05,-9.628474e-05,-1.6792286e-05,-0.00011702766,3.5266712e-06,-0.00015618486,-3.809471e-05,7.1602853e-06,1.1277592e-05,9.180777e-06,-7.880397e-06,-0.00012232662
4,-0.41017532,0.10817994,-0.0010051096,0.0020925563,2.6888924,0.17172128,-0.051184513,-0.011536223,-0.0009387053,-0.0027288145,0.0005811457,-0.0012648876,0.00051252166,-0.0006341813,-0.00095536857,0.0011016184,0.00045013294,-0.00015062976,1.948742e-05,-0.00013468094,-0.0003406047,7.300029e-05,-0.00053702225,-0.00011041618,4.644461e-05,0.0003512376,0.00015792446,0.00014326471,-0.00034939262,-0.00010151634,2.8550952e-05,0.00015389673,-4.4948283e-05,7.8724166e-05,0.00013914803,0.0001922331,-0.000103244296,-8.067559e-05,-0.00011560015,-8.49169e-06,-8.82602e-06,-3.7623504e-05,0.00011435177,5.758492e-05,-6.4307314e-05,-5.593138e-06,7.820407e-05,-2.8547682e-05,6.406872e-05,6.974758e-05
5,-0.82786584,0.17021003,-0.03241718,-0.092472665,0.17172128,1.2316372,-0.06422075,-0.013988508,0.009524106,-0.0017377057,-0.00049485324,0.0006586041,-0.0005094991,0.00091094815,-7.089623e-05,-0.00022217003,-0.00033505735,-0.0002995763,-0.00041667288,0.00017448358,0.00015848048,2.165207e-05,3.1350668e-05,7.802772e-05,0.0002692432,-0.00022489452,7.983974e-05,-6.8605645e-05,2.2219057e-05,-1.7870268e-05,-0.000117296004,-5.758564e-05,-8.781253e-05,-0.00011443981,-9.795414e-05,2.2443506e-05,-0.00010122526,9.984887e-05,2.8971688e-05,1.8472201e-05,-8.4021434e-05,4.2190582e-05,6.581843e-05,5.3128562e-05,6.350911e-05,-1.1422098e-07,-6.369651e-05,-3.644098e-05,8.483985e-05,1.3594607e-05
6,0.2129786,-0.045486003,0.009996677,0.031793185,-0.051184513,-0.06422075,0.55002034,0.010309916,-0.0030431764,-0.0008477969,-1.8598934e-05,-0.00042975644,-0.00031503546,-0.0009649622,0.00024428495,0.00035477016,-0.00018244964,-0.00014482476,0.00027697126,0.00025341217,-0.00011788697,5.7951045e-05,0.00013759133,-4.5318182e-05,-0.00014284984,-8.80135e-05,-4.049008e-05,0.00010262657,-1.0233889e-05,2.413903e-05,-4.5415185e-05,6.609115e-05,-7.573745e-05,1.226907e-07,9.5508396e-05,3.8293096e-05,-2.5428149e-06,-6.515208e-05,1.9748222e-05,6.9674907e-06,-1.5885234e-05,4.453591e-05,-3.3368833e-05,-5.7879617e-05,-7.097917e-07,4.5952525e-05,1.4004322e-05,1.0089745e-05,2.0236814e-05,2.66311e-05
7,0.04840327,-0.008872026,0.0020634597,0.0053999,-0.011536223,-0.013988508,0.010309916,0.2218936,0.0019859,-0.00026365696,-0.00059674727,-0.00024453888,0.00055879104,0.00032644073,-0.0004641899,0.00018387835,-0.00024166713,0.00010684157,4.2391388e-05,-0.00012334046,2.80513e-06,-3.8554757e-05,9.927359e-05,-4.2067393e-05,-8.5702595e-05,-3.1868083e-05,1.02016365e-05,0.000101960446,2.0053049e-05,-1.8029255e-05,7.306217e-05,9.1790735e-06,2.1403568e-05,-3.877369e-06,-7.58836e-06,-2.2745977e-05,-3.4328874e-05,-3.5343917e-05,2.9699044e-05,3.6362053e-05,-3.95723e-06,-1.0980981e-05,2.4804622e-05,4.110046e-05,-5.95648e-05,4.088766e-05,-5.486531e-05,-2.7069007e-05,-1.1015443e-05,6.125694e-05
8,-0.0006192749,0.0029122343,-0.006367942,-0.00079948944,-0.0009387053,0.009524106,-0.0030431764,0.0019859,0.020665865,0.00010116973,0.00018576108,-4.757724e-05,0.00010387985,1.0644208e-05,0.000105954256,-5.6634737e-05,-0.00017278576,0.00014065907,-0.00010658569,3.7426798e-06,0.00018554606,7.544296e-05,9.2092654e-05,1.1598926e-05,0.0001687255,8.8206914e-05,-8.6527885e-05,4.0869486e-06,-0.00011162398,-7.596402e-07,4.270031e-05,-5.842949e-05,-5.7630605e-05,3.9674072e-05,-2.4675942e-06,5.712964e-05,-1.7848366e-05,-3.1168773e-05,-2.3013594e-05,1.8516734e-05,-1.8258703e-05,2.4517376e-06,5.514314e-05,1.5870777e-05,2.5484824e-05,4.297701e-05,-5.6882564e-05,8.454697e-06,2.074198e-05,4.252525e-05
9,0.0053333314,-0.000373529,0.001452998,0.000707094,-0.0027288145,-0.0017377057,-0.0008477969,-0.00026365696,0.00010116973,0.008419665,-0.00015342238,-9.300225e-05,-0.00012680216,-9.819075e-05,-0.00010105928,-5.3749945e-06,1.9185165e-05,-2.3700548e-05,-3.5242287e-05,-5.1762756e-05,9.9689005e-06,2.8360013e-05,5.6832043e-05,3.1941025e-05,7.26891e-05,-6.0043065e-05,1.764904e-05,-1.8834806e-05,1.694225e-05,5.5902565e-05,2.5208796e-05,-5.378325e-05,1.8574563e-05,8.653453e-06,-8.501443e-07,-1.2652212e-05,1.3053446e-05,9.417531e-06,6.891229e-05,-6.18349e-05,-1.6004637e-05,-5.819642e-06,-7.912605e-06,8.9116895e-07,-9.866324e-06,-3.6750644e-05,5.0759973e-06,3.8077003e-05,-5.4261586e-06,2.9687685e-06
10,-0.0002687316,-0.00055472844,0.000568559,0.00014361198,0.0005811457,-0.00049485324,-1.8598934e-05,-0.00059674727,0.00018576108,-0.00015342238,0.005187385,-0.00010065605,-0.00016915172,6.9070975e-06,-2.1946795e-05,6.943496e-05,0.00011508051,-8.810309e-05,0.00012691415,-5.9827238e-05,-2.8130853e-05,-4.927108e-05,-4.5166395e-05,-5.6007986e-05,-8.0272104e-05,1.7601054e-05,4.0533756e-05,2.7425915e-05,6.773623e-05,7.1280985e-05,-2.3667992e-05,-7.39091e-05,8.494466e-06,-5.9176833e-05,7.7145505e-06,-6.727378e-05,-1.1032122e-05,-5.33867e-07,4.4628512e-05,-3.0704425e-05,-2.5808413e-06,-1.3962027e-06,-7.3321025e-06,1.1336108e-05,-1.6285803e-05,-5.1607574e-05,3.9306222e-05,4.7184178e-05,-3.4514705e-05,-4.101845e-05
11,-0.0022089684,-7.86446e-05,0.0012153978,-0.00028999854,-0.0012648876,0.0006586041,-0.00042975644,-0.00024453888,-4.757724e-05,-9.300225e-05,-0.00010065605,0.0046161725,2.0008065e-05,7.643798e-05,0.00029511435,0.00023805645,-0.00050878443,0.00017816437,-0.00018346205,-7.606925e-05,1.484048e-06,-9.702807e-05,-9.12175e-05,-5.2876145e-05,0.0001456612,-2.7714545e-05,-1.9857773e-05,-6.155957e-05,0.000112867114,-1.660515e-05,-1.1879552e-05,-8.368076e-05,4.4908444e-05,-0.0001048794,9.7174416e-05,-2.570373e-05,2.939664e-05,2.7266206e-05,1.3685236e-05,-1.3849878e-05,-1.3428925e-05,1.916455e-05,-2.4923334e-05,-5.870843e-05,-1.0598285e-05,-7.376014e-05,6.252665e-05,1.9766692e-05,-6.936432e-06,-0.00012249073
12,-0.00025181804,-3.55351e-05,0.00036911853,0.000997508,0.00051252166,-0.0005094991,-0.00031503546,0.00055879104,0.00010387985,-0.00012680216,-0.00016915172,2.0008065e-05,0.0043204897,-3.5235145e-05,-9.9274745e-05,-9.0353984e-05,0.00025928684,-6.8051726e-05,0.00011789132,1.0663332e-05,-3.3677446e-05,-4.2636144e-05,1.8558578e-05,-3.1384683e-05,-8.5620166e-05,3.3423594e-06,4.2806838e-05,4.9782216e-06,1.2070344e-05,6.655026e-05,1.4824696e-05,-2.744406e-05,-1.1627686e-05,-3.9319093e-05,-1.0004611e-05,-5.3951808e-05,-1.9996369e-05,-6.139885e-05,4.0404477e-05,-2.0048657e-05,-6.4913256e-06,-1.4599234e-05,1.0192688e-05,2.7723781e-05,-3.0305164e-05,-2.8257127e-06,1.0648823e-05,3.7918915e-05,-3.8973837e-07,8.134311e-07
13,-0.0043294043,0.00016975409,0.00030589756,-6.253892e-05,-0.0006341813,0.00091094815,-0.0009649622,0.00032644073,1.0644208e-05,-9.819075e-05,6.9070975e-06,7.643798e-05,-3.5235145e-05,0.003543847,-0.00023925751,-8.491498e-06,0.00011815956,9.591785e-06,1.5442543e-05,-2.2611326e-05,3.2433578e-05,0.00014405318,0.00012340539,2.9734667e-07,-7.570611e-06,-5.895608e-05,-4.4800174e-05,-5.7009784e-05,2.6105034e-05,1.2020777e-05,-1.38249015e-05,4.3745067e-06,2.4237805e-05,7.790365e-05,-4.034288e-05,1.0543085e-05,4.1656414e-05,5.4170236e-05,4.456051e-05,-4.115335e-05,-2.3286477e-05,3.6350226e-05,1.45911545e-05,3.0832023e-05,9.248728e-06,-2.0187399e-05,-3.4785367e-05,2.4217115e-05,1.2774726e-05,2.713238e-05
14,0.0011598377,-0.00015770171,-0.0003978215,6.4660285e-06,-0.00095536857,-7.089623e-05,0.00024428495,-0.0004641899,0.000105954256,-0.00010105928,-2.1946795e-05,0.00029511435,-9.9274745e-05,-0.00023925751,0.0026409137,-8.1743434e-05,0.0004031032,-7.627328e-05,0.00014268345,3.579216e-06,-4.728274e-06,0.00021361363,0.00017263566,-8.197275e-06,-0.00013270308,-7.093928e-05,-4.946351e-05,-7.217987e-05,4.2842617e-05,4.8366277e-05,-4.3051743e-05,3.863221e-05,3.8212194e-05,0.00013808641,-6.989179e-05,-9.451918e-06,6.590695e-05,7.3590745e-05,7.582968e-05,-5.228706e-05,-2.0080206e-05,5.4561802e-05,2.0808355e-05,6.2338375e-05,4.275415e-06,-3.2870463e-05,-5.2329946e-05,1.7825094e-05,1.9764775e-05,4.8032132e-05
15,0.0021957257,-0.00053293153,-6.0517035e-05,0.00030755726,0.0011016184,-0.00022217003,0.00035477016,0.00018387835,-5.6634737e-05,-5.3749945e-06,6.943496e-05,0.00023805645,-9.0353984e-05,-8.491498e-06,-8.1743434e-05,0.0023960366,0.00033555046,-3.443382e-05,-1.1262796e-05,0.00010031317,-1.9716439e-05,-3.717841e-05,5.475626e-05,6.526912e-05,-4.7462992e-05,-3.0331717e-05,2.9828145e-05,-2.2253336e-05,-8.8650464e-05,4.4410594e-05,8.300881e-05,3.804511e-05,-2.7393746e-05,4.370993e-05,2.6647717e-06,3.818881e-05,-1.4040654e-05,-8.367202e-05,1.6290183e-05,4.6126035e-05,2.9210767e-05,-3.159378e-05,2.0206156e-05,-6.1920346e-06,-3.5118064e-05,6.565559e-05,2.3035518e-07,-3.1585296e-05,2.5586418e-05,6.927722e-05
16,6.685697e-05,-0.0002301251,-0.00015316994,0.00081124424,0.00045013294,-0.00033505735,-0.00018244964,-0.00024166713,-0.00017278576,1.9185165e-05,0.00011508051,-0.00050878443,0.00025928684,0.00011815956,0.0004031032,0.00033555046,0.0017680846,0.00018543737,-0.00026618864,-0.000112396636,0.00011141709,-5.1361683e-05,-0.00013432663,5.420848e-05,0.0003430221,5.5357967e-05,-8.011365e-05,2.1615051e-05,-1.8121504e-05,-5.773865e-05,-2.2166249e-05,-0.00010416423,-2.2126007e-05,-5.349517e-05,3.5400462e-05,1.5060456e-05,-1.3779953e-05,4.3382315e-05,-4.653169e-05,-3.9199476e-05,-2.9227154e-05,-1.9620771e-05,-1.7375572e-05,-6.439869e-05,7.987587e-05,-6.854889e-05,1.4623663e-05,-1.3476565e-05,-1.3427678e-05,-7.72459e-05
17,-0.0013966149,0.00010511969,-9.628449e-05,0.00011674611,-0.00015062976,-0.0002995763,-0.00014482476,0.00010684157,0.00014065907,-2.3700548e-05,-8.810309e-05,0.00017816437,-6.8051726e-05,9.591785e-06,-7.627328e-05,-3.443382e-05,0.00018543737,0.001929557,0.00010594395,2.1661352e-05,-7.037862e-05,-6.8843665e-06,-3.7022284e-05,1.3563896e-05,-8.0237674e-05,2.9679364e-05,5.9361762e-05,3.4840094e-05,8.640058e-06,1.9643936e-05,-1.22287e-05,2.0246494e-05,1.2549697e-05,-2.5442628e-06,-1.7953136e-05,-2.8639024e-05,3.0548563e-06,-1.1627429e-05,1.5274936e-05,-2.3402572e-06,2.4849538e-05,-1.7219594e-05,-1.3244437e-05,1.583434e-05,-5.7030056e-06,-1.6483453e-05,-9.984369e-06,5.5974633e-06,-1.3146773e-05,1.0550548e-05
18,0.0005218488,-0.00038631726,0.00014674116,-1.1471482e-05,1.948742e-05,-0.00041667288,0.00027697126,4.2391388e-05,-0.00010658569,-3.5242287e-05,0.00012691415,-0.00018346205,0.00011789132,1.5442543e-05,0.00014268345,-1.1262796e-05,-0.00026618864,0.00010594395,0.0013670793,1.207296e-05,4.4116096e-06,-8.566839e-06,1.157019e-05,6.6917535e-05,0.00014403684,-6.997223e-05,-1.070145e-05,-2.4359477e-05,5.087494e-07,-5.2159343e-05,3.4730547e-05,5.5703396e-05,3.737946e-05,3.128574e-05,5.693062e-05,9.117901e-05,4.605735e-05,3.377275e-05,-2.6071222e-05,3.2048585e-05,5.0997555e-06,-3.0830395e-06,-3.45773e-05,-6.52361e-05,6.3857947e-06,1.2768512e-05,1.3372331e-05,-3.9389597e-05,1.2582725e-06,1.3932565e-06
19,0.0005302074,4.290363e-05,0.00025865395,0.00025641703,-0.00013468094,0.00017448358,0.00025341217,-0.00012334046,3.7426798e-06,-5.1762756e-05,-5.9827238e-05,-7.606925e-05,1.0663332e-05,-2.2611326e-05,3.579216e-06,0.00010031317,-0.000112396636,2.1661352e-05,1.207296e-05,0.0015024736,0.0001097614,3.3813318e-05,1.5752299e-05,-3.1082258e-05,6.897293e-05,-2.9526966e-05,-4.9622453e-05,9.503962e-06,-1.0021411e-06,2.1316782e-05,-1.7635368e-05,-8.995288e-05,-9.8665605e-06,2.8326178e-05,-2.7116007e-06,1.1441665e-05,-1.6494552e-05,4.625654e-05,3.1318414e-05,-4.3512722e-05,-1.760623e-05,2.482269e-07,1.4486157e-05,-3.8191147e-06,2.83078e-05,-1.7818213e-05,2.5192681e-05,1.2437917e-05,-2.1436219e-05,3.8115826e-07
20,-0.00026756298,0.00021584268,7.456641e-05,-0.00017098,-0.0003406047,0.00015848048,-0.00011788697,2.80513e-06,0.00018554606,9.9689005e-06,-2.8130853e-05,1.484048e-06,-3.3677446e-05,3.2433578e-05,-4.728274e-06,-1.9716439e-05,0.00011141709,-7.037862e-05,4.4116096e-06,0.0001097614,0.0013193164,-6.737762e-05,-9.131631e-05,2.6167152e-05,-0.0001407413,1.2852091e-05,9.912736e-05,-3.154049e-05,9.827356e-05,-3.447433e-05,-9.663789e-07,0.00012069207,4.623906e-05,-8.666453e-05,-9.5037296e-07,-5.3618223e-05,5.094044e-05,-1.5176862e-05,-2.3279339e-05,4.1982596e-05,4.5731216e-05,2.0635574e-05,-4.1812455e-05,-8.522219e-06,-4.2406202e-05,-2.2959595e-05,-1.1702813e-05,4.457339e-06,1.1260801e-05,-5.260235e-05
21,-0.00066784443,0.00019474767,0.000120652825,0.000116320014,7.300029e-05,2.165207e-05,5.7951045e-05,-3.8554757e-05,7.544296e-05,2.8360013e-05,-4.927108e-05,-9.702807e-05,-4.2636144e-05,0.00014405318,0.00021361363,-3.717841e-05,-5.1361683e-05,-6.8843665e-06,-8.566839e-06,3.3813318e-05,-6.737762e-05,0.0012026946,-0.00011966737,-9.087866e-07,-1.278132e-05,5.0365597e-06,6.700963e-05,5.1202307e-05,-2.4162458e-05,3.6537429e-06,2.6982223e-05,1.074879e-05,-2.5537829e-05,-0.00011103621,4.7763657e-05,-2.6024249e-05,-6.4607666e-05,-9.001115e-05,-4.1073992e-05,3.148124e-05,1.3359601e-05,-5.5358993e-05,-2.6299873e-05,-3.260988e-05,-2.8570306e-05,3.486353e-05,5.9795522e-05,-3.0712075e-05,-1.2324033e-06,-2.7145295e-05
22,0.0005191161,0.00015848466,-0.00020387673,-8.203552e-05,-0.00053702225,3.1350668e-05,0.00013759133,9.927359e-05,9.2092654e-05,5.6832043e-05,-4.5166395e-05,-9.12175e-05,1.8558578e-05,0.00012340539,0.00017263566,5.475626e-05,-0.00013432663,-3.7022284e-05,1.157019e-05,1.5752299e-05,-9.131631e-05,-0.00011966737,0.0011614435,1.8419774e-05,-4.1002866e-05,3.4420984e-05,4.903823e-05,1.6984408e-05,2.3825502e-05,-2.7151724e-05,-1.4325352e-05,-1.022761e-05,-2.5703943e-05,-7.575375e-05,-5.6137096e-06,-4.151513e-05,-1.4541845e-05,-3.5037163e-05,-3.049791e-05,1.4475441e-05,1.6395781e-05,-3.4846315e-05,-2.7596694e-05,-2.6155185e-05,9.965627e-07,-2.2596083e-05,2.9062248e-05,-1.3413241e-05,4.2040747e-06,-5.584554e-05
23,0.00139492,5.214811e-06,-0.00020809,-0.00014780216,-0.00011041618,7.802772e-05,-4.5318182e-05,-4.2067393e-05,1.1598926e-05,3.1941025e-05,-5.6007986e-05,-5.2876145e-05,-3.1384683e-05,2.9734667e-07,-8.197275e-06,6.526912e-05,5.420848e-05,1.3563896e-05,6.6917535e-05,-3.1082258e-05,2.6167152e-05,-9.087866e-07,1.8419774e-05,0.0011360291,-5.835349e-05,1.2744493e-05,-3.108023e-06,2.5471097e-06,3.696511e-05,-8.4780334e-07,-3.3097465e-05,-2.012014e-05,7.2069324e-06,-1.7889546e-05,1.1794235e-05,-1.5323392e-05,-4.5496945e-06,7.717631e-06,4.361733e-07,-1.3154465e-06,-1.6109741e-05,2.034328e-05,1.2399694e-05,8.21252e-06,-9.317261e-06,6.281227e-06,1.5388627e-05,6.6684224e-06,-1.8378425e-05,-1.3123847e-05
24,0.00013406263,-1.0235961e-05,4.673674e-06,0.00017918277,4.644461e-05,0.0002692432,-0.00014284984,-8.5702595e-05,0.0001687255,7.26891e-05,-8.0272104e-05,0.0001456612,-8.5620166e-05,-7.570611e-06,-0.00013270308,-4.7462992e-05,0.0003430221,-8.0237674e-05,0.00014403684,6.897293e-05,-0.0001407413,-1.278132e-05,-4.1002866e-05,-5.835349e-05,0.0008878127,-6.398249e-06,5.264811e-05,-2.2345132e-05,9.3565264e-05,-1.2055058e-05,-4.3448734e-05,7.752757e-05,1.4278816e-05,-2.3972727e-05,-2.7757596e-05,-4.499508e-05,2.8299775e-05,3.7709224e-06,-1.5060685e-05,3.6489957e-05,4.757955e-06,2.7573245e-05,-1.7461927e-05,1.8828363e-05,-3.383792e-05,3.5684197e-06,7.3468345e-06,-3.3975848e-06,8.653529e-06,-2.6776877e-05
25,-0.00071394653,0.00016878975,0.00010155061,-5.089808e-05,0.0003512376,-0.00022489452,-8.80135e-05,-3.1868083e-05,8.8206914e-05,-6.0043065e-05,1.7601054e-05,-2.7714545e-05,3.3423594e-06,-5.895608e-05,-7.093928e-05,-3.0331717e-05,5.5357967e-05,2.9679364e-05,-6.997223e-05,-2.9526966e-05,1.2852091e-05,5.0365597e-06,3.4420984e-05,1.2744493e-05,-6.398249e-06,0.00081732107,6.4822734e-06,-5.3936736e-05,1.6688875e-05,-6.1115636e-05,1.5746087e-05,5.9693462e-05,6.268153e-05,8.320536e-05,3.917563e-05,6.598378e-05,1.12337075e-05,5.0200222e-05,3.6099314e-05,-1.36639e-05,-1.5808406e-05,-1.9373367e-05,-3.9930743e-05,-4.4011194e-05,-2.0601346e-05,2.4582525e-05,6.362972e-05,-3.821848e-05,1.6251099e-05,2.0206135e-05
26,-9.734286e-05,-3.8231738e-05,-1.0511198e-05,-3.6319103e-05,0.00015792446,7.983974e-05,-4.049008e-05,1.02016365e-05,-8.6527885e-05,1.764904e-05,4.0533756e-05,-1.9857773e-05,4.2806838e-05,-4.4800174e-05,-4.946351e-05,2.9828145e-05,-8.011365e-05,5.9361762e-05,-1.070145e-05,-4.9622453e-05,9.912736e-05,6.700963e-05,4.903823e-05,-3.108023e-06,5.264811e-05,6.4822734e-06,0.0008646573,-1.1431848e-05,-1.6578164e-05,3.30106e-05,-2.0583997e-05,-4.8862512e-05,-2.0860436e-05,5.3530817e-05,-1.6145368e-05,1.8002727e-05,3.352673e-06,3.858681e-05,1.005203e-05,-2.1820582e-05,-1.5734971e-05,1.5767564e-05,2.4317564e-05,1.3860132e-05,3.7236365e-05,-1.6551407e-05,-7.3217825e-06,1.4733334e-06,4.4233407e-06,9.253676e-06
27,-2.5633894e-06,3.9501705e-05,0.00011095524,6.1958344e-05,0.00014326471,-6.8605645e-05,0.00010262657,0.000101960446,4.0869486e-06,-1.8834806e-05,2.7425915e-05,-6.155957e-05,4.9782216e-06,-5.7009784e-05,-7.217987e-05,-2.2253336e-05,2.1615051e-05,3.4840094e-05,-2.4359477e-05,9.503962e-06,-3.154049e-05,5.1202307e-05,1.6984408e-05,2.5471097e-06,-2.2345132e-05,-5.3936736e-05,-1.1431848e-05,0.00085008657,4.2905864e-05,-2.41602e-05,-5.40401e-06,1.8678047e-06,3.135456e-05,2.9328614e-05,-1.9619397e-06,1.7982305e-06,4.365018e-05,2.793859e-05,2.6509457e-05,-6.673169e-06,5.59035e-06,2.6706692e-05,2.6928221e-06,-7.155574e-06,-1.6525157e-05,-1.9554707e-05,2.1322367e-06,-5.2001405e-06,1.7410683e-05,-1.1976164e-05
28,-2.7248734e-05,0.00012422357,0.00022653092,-6.597499e-05,-0.00034939262,2.2219057e-05,-1.0233889e-05,2.0053049e-05,-0.00011162398,1.694225e-05,6.773623e-05,0.000112867114,1.2070344e-05,2.6105034e-05,4.2842617e-05,-8.8650464e-05,-1.8121504e-05,8.640058e-06,5.087494e-07,-1.0021411e-06,9.827356e-05,-2.4162458e-05,2.3825502e-05,3.696511e-05,9.3565264e-05,1.6688875e-05,-1.6578164e-05,4.2905864e-05,0.000756097,1.7865641e-05,3.7165948e-05,-3.1713134e-05,-5.3295313e-05,2.4283843e-05,-7.588249e-06,2.3112914e-05,-5.7945963e-05,-6.233027e-05,-5.1316297e-06,-1.0410729e-05,-1.2263181e-05,-4.5793324e-05,2.3090653e-05,7.5471526e-06,9.764506e-06,4.2448548e-05,-7.0475726e-06,-1.27149215e-05,9.371533e-06,5.261055e-05
29,0.00054979476,-8.136667e-05,-4.502803e-05,-1.0605938e-05,-0.00010151634,-1.7870268e-05,2.413903e-05,-1.8029255e-05,-7.596402e-07,5.5902565e-05,7.1280985e-05,-1.660515e-05,6.655026e-05,1.2020777e-05,4.8366277e-05,4.4410594e-05,-5.773865e-05,1.9643936e-05,-5.2159343e-05,2.1316782e-05,-3.447433e-05,3.6537429e-06,-2.7151724e-05,-8.4780334e-07,-1.2055058e-05,-6.1115636e-05,3.30106e-05,-2.41602e-05,1.7865641e-05,0.00068048213,-1.7549823e-06,6.2894745e-05,3.0498904e-05,3.1929121e-06,6.425752e-06,2.3661505e-05,1.3889339e-05,1.0975791e-05,-2.5485388e-05,1.4672098e-05,-6.8654913e-06,-4.5626143e-06,-2.437944e-05,-2.242425e-05,-1.2012434e-05,2.2099684e-05,4.1646417e-06,-1.5520844e-05,8.598141e-06,-4.4126914e-06
30,-6.314895e-05,0.0001435842,0.00024165938,-4.691256e-05,2.8550952e-05,-0.000117296004,-4.5415185e-05,7.306217e-05,4.270031e-05,2.5208796e-05,-2.3667992e-05,-1.1879552e-05,1.4824696e-05,-1.38249015e-05,-4.3051743e-05,8.300881e-05,-2.2166249e-05,-1.22287e-05,3.4730547e-05,-1.7635368e-05,-9.663789e-07,2.6982223e-05,-1.4325352e-05,-3.3097465e-05,-4.3448734e-05,1.5746087e-05,-2.0583997e-05,-5.40401e-06,3.7165948e-05,-1.7549823e-06,0.0007005183,1.0844075e-06,8.009653e-06,2.0754387e-05,-1.0029338e-05,-1.2678658e-05,2.219788e-05,2.7864526e-05,-5.5488026e-06,-1.7157465e-05,-1.623707e-05,1.1691822e-05,-8.513135e-06,9.7220345e-06,1.5841251e-05,-2.9068226e-05,2.672878e-06,-1.1938629e-05,-8.09423e-06,-1.3988848e-05
31,-0.00038284107,3.6831123e-05,-4.3018554e-05,-9.537632e-05,0.00015389673,-5.758564e-05,6.609115e-05,9.1790735e-06,-5.842949e-05,-5.378325e-05,-7.39091e-05,-8.368076e-05,-2.744406e-05,4.3745067e-06,3.863221e-05,3.804511e-05,-0.00010416423,2.0246494e-05,5.5703396e-05,-8.995288e-05,0.00012069207,1.074879e-05,-1.022761e-05,-2.012014e-05,7.752757e-05,5.9693462e-05,-4.8862512e-05,1.8678047e-06,-3.1713134e-05,6.2894745e-05,1.0844075e-06,0.000537233,-6.3156294e-05,-1.2077633e-05,-2.6814198e-05,-2.6897027e-05,-3.880079e-05,-6.528353e-06,3.719124e-05,-4.7915943e-05,-9.336419e-06,-5.3353942e-06,4.3921136e-05,1.3904788e-05,2.1982325e-05,-1.9176709e-05,9.79459e-06,2.6378457e-05,-8.7161425e-06,-7.283368e-06
32,0.0001610895,9.55226e-05,-2.0947879e-05,-5.9969396e-05,-4.4948283e-05,-8.781253e-05,-7.573745e-05,2.1403568e-05,-5.7630605e-05,1.8574563e-05,8.494466e-06,4.4908444e-05,-1.1627686e-05,2.4237805e-05,3.8212194e-05,-2.7393746e-05,-2.2126007e-05,1.2549697e-05,3.737946e-05,-9.8665605e-06,4.623906e-05,-2.5537829e-05,-2.5703943e-05,7.2069324e-06,1.4278816e-05,6.268153e-05,-2.0860436e-05,3.135456e-05,-5.3295313e-05,3.0498904e-05,8.009653e-06,-6.3156294e-05,0.00061068457,-2.5460973e-05,-4.7747424e-05,-1.9974572e-05,-4.2977255e-05,-4.878285e-05,-1.3634001e-05,-1.5418787e-05,-1.6094002e-05,-1.9398776e-05,2.5809268e-05,1.9791649e-05,1.5520924e-05,1.959638e-05,-1.2252991e-05,1.2194263e-05,1.3721341e-05,6.2790004e-06
33,0.00016130853,-0.00012554985,9.9183904e-05,0.00014255915,7.8724166e-05,-0.00011443981,1.226907e-07,-3.877369e-06,3.9674072e-05,8.653453e-06,-5.9176833e-05,-0.0001048794,-3.9319093e-05,7.790365e-05,0.00013808641,4.370993e-05,-5.349517e-05,-2.5442628e-06,3.128574e-05,2.8326178e-05,-8.666453e-05,-0.00011103621,-7.575375e-05,-1.7889546e-05,-2.3972727e-05,8.320536e-05,5.3530817e-05,2.9328614e-05,2.4283843e-05,3.1929121e-06,2.0754387e-05,-1.2077633e-05,-2.5460973e-05,0.000508235,5.546891e-07,-6.284998e-05,-3.4004748e-05,-5.5827288e-05,-3.397373e-05,1.9178866e-05,1.3784734e-05,-2.1849933e-06,-1.1405161e-06,4.507783e-06,-2.3085573e-05,5.5041337e-06,-5.6651245e-08,2.9051324e-05,-1.4281743e-06,-4.716403e-05
34,-0.00085628836,-1.1341574e-05,7.7550125e-05,-1.597981e-05,0.00013914803,-9.795414e-05,9.5508396e-05,-7.58836e-06,-2.4675942e-06,-8.501443e-07,7.7145505e-06,9.7174416e-05,-1.0004611e-05,-4.034288e-05,-6.989179e-05,2.6647717e-06,3.5400462e-05,-1.7953136e-05,5.693062e-05,-2.7116007e-06,-9.5037296e-07,4.7763657e-05,-5.6137096e-06,1.1794235e-05,-2.7757596e-05,3.917563e-05,-1.6145368e-05,-1.9619397e-06,-7.588249e-06,6.425752e-06,-1.0029338e-05,-2.6814198e-05,-4.7747424e-05,5.546891e-07,0.00053981354,-2.5814537e-05,-2.7690244e-06,-8.353554e-06,-4.265451e-07,-2.1848111e-05,-1.3808781e-05,4.1562644e-06,2.040514e-05,2.8019462e-05,1.8871957e-05,-6.703183e-06,-3.3373886e-05,2.7842325e-05,1.1856677e-05,3.4119448e-06
35,-0.00054563966,-1.4038662e-05,1.1889055e-05,-6.621083e-05,0.0001922331,2.2443506e-05,3.8293096e-05,-2.2745977e-05,5.712964e-05,-1.2652212e-05,-6.727378e-05,-2.570373e-05,-5.3951808e-05,1.0543085e-05,-9.451918e-06,3.818881e-05,1.5060456e-05,-2.8639024e-05,9.117901e-05,1.1441665e-05,-5.3618223e-05,-2.6024249e-05,-4.151513e-05,-1.5323392e-05,-4.499508e-05,6.598378e-05,1.8002727e-05,1.7982305e-06,2.3112914e-05,2.3661505e-05,-1.2678658e-05,-2.6897027e-05,-1.9974572e-05,-6.284998e-05,-2.5814537e-05,0.00046548012,-1.5296324e-05,-2.8977518e-05,2.0918123e-06,-1.6944e-05,-2.2796078e-06,7.405546e-06,8.723255e-06,2.3585791e-05,-3.9814167e-06,-2.659451e-05,-1.3487412e-05,2.9828323e-05,2.5678264e-06,-3.275958e-05
36,0.0003190583,7.3289964e-05,-0.00014978406,3.3916476e-05,-0.000103244296,-0.00010122526,-2.5428149e-06,-3.4328874e-05,-1.7848366e-05,1.3053446e-05,-1.1032122e-05,2.939664e-05,-1.9996369e-05,4.1656414e-05,6.590695e-05,-1.4040654e-05,-1.3779953e-05,3.0548563e-06,4.605735e-05,-1.6494552e-05,5.094044e-05,-6.4607666e-05,-1.4541845e-05,-4.5496945e-06,2.8299775e-05,1.12337075e-05,3.352673e-06,4.365018e-05,-5.7945963e-05,1.3889339e-05,2.219788e-05,-3.880079e-05,-4.2977255e-05,-3.4004748e-05,-2.7690244e-06,-1.5296324e-05,0.00043993464,-4.848853e-05,-1.085304e-05,-1.2109296e-05,-1.002249e-05,-3.066706e-05,1.05643285e-05,8.0085865e-06,2.8498184e-06,3.209898e-05,1.6330368e-05,5.2203327e-06,-4.061717e-07,1.4673498e-05
37,-0.00024732802,-1.4974356e-05,2.8351067e-05,-4.764318e-05,-8.067559e-05,9.984887e-05,-6.515208e-05,-3.5343917e-05,-3.1168773e-05,9.417531e-06,-5.33867e-07,2.7266206e-05,-6.139885e-05,5.4170236e-05,7.3590745e-05,-8.367202e-05,4.3382315e-05,-1.1627429e-05,3.377275e-05,4.625654e-05,-1.5176862e-05,-9.001115e-05,-3.5037163e-05,7.717631e-06,3.7709224e-06,5.0200222e-05,3.858681e-05,2.793859e-05,-6.233027e-05,1.0975791e-05,2.7864526e-05,-6.528353e-06,-4.878285e-05,-5.5827288e-05,-8.353554e-06,-2.8977518e-05,-4.848853e-05,0.00036437708,-1.8305727e-05,4.323796e-06,-4.319776e-06,-4.0634797e-05,1.0471159e-05,1.2179085e-05,-1.7782004e-05,3.326638e-05,-4.8010716e-06,4.891432e-06,1.374055e-05,1.168326e-05
38,0.00014538062,-9.8798206e-05,2.3564811e-05,-5.6585377e-05,-0.00011560015,2.8971688e-05,1.9748222e-05,2.9699044e-05,-2.3013594e-05,6.891229e-05,4.4628512e-05,1.3685236e-05,4.0404477e-05,4.456051e-05,7.582968e-05,1.6290183e-05,-4.653169e-05,1.5274936e-05,-2.6071222e-05,3.1318414e-05,-2.3279339e-05,-4.1073992e-05,-3.049791e-05,4.361733e-07,-1.5060685e-05,3.6099314e-05,1.005203e-05,2.6509457e-05,-5.1316297e-06,-2.5485388e-05,-5.5488026e-06,3.719124e-05,-1.3634001e-05,-3.397373e-05,-4.265451e-07,2.0918123e-06,-1.085304e-05,-1.8305727e-05,0.0004115263,2.5642792e-05,-2.4768483e-06,-5.1471416e-06,-1.2135295e-05,-5.131037e-07,2.2716356e-06,2.0979558e-05,-5.8932183e-06,-1.0678339e-05,2.6653156e-06,-5.700876e-06
39,-0.0004242023,0.00023839372,8.580571e-06,-9.628474e-05,-8.49169e-06,1.8472201e-05,6.9674907e-06,3.6362053e-05,1.8516734e-05,-6.18349e-05,-3.0704425e-05,-1.3849878e-05,-2.0048657e-05,-4.115335e-05,-5.228706e-05,4.6126035e-05,-3.9199476e-05,-2.3402572e-06,3.2048585e-05,-4.3512722e-05,4.1982596e-05,3.148124e-05,1.4475441e-05,-1.3154465e-06,3.6489957e-05,-1.36639e-05,-2.1820582e-05,-6.673169e-06,-1.0410729e-05,1.4672098e-05,-1.7157465e-05,-4.7915943e-05,-1.5418787e-05,1.9178866e-05,-2.1848111e-05,-1.6944e-05,-1.2109296e-05,4.323796e-06,2.5642792e-05,0.00037327834,-1.852064e-05,-5.9063505e-06,6.5370436e-06,1.5398517e-05,1.3413938e-05,-1.381256e-05,1.3402926e-06,1.2418674e-05,2.6164635e-06,4.935783e-06
40,0.0007052253,-0.00021544655,5.360727e-05,-1.6792286e-05,-8.82602e-06,-8.4021434e-05,-1.5885234e-05,-3.95723e-06,-1.8258703e-05,-1.6004637e-05,-2.5808413e-06,-1.3428925e-05,-6.4913256e-06,-2.3286477e-05,-2.0080206e-05,2.9210767e-05,-2.9227154e-05,2.4849538e-05,5.0997555e-06,-1.760623e-05,4.5731216e-05,1.3359601e-05,1.6395781e-05,-1.6109741e-05,4.757955e-06,-1.5808406e-05,-1.5734971e-05,5.59035e-06,-1.2263181e-05,-6.8654913e-06,-1.623707e-05,-9.336419e-06,-1.6094002e-05,1.3784734e-05,-1.3808781e-05,-2.2796078e-06,-1.002249e-05,-4.319776e-06,-2.4768483e-06,-1.852064e-05,0.00036212892,-6.1544897e-06,2.891611e-06,1.7938122e-06,8.721975e-06,3.1135055e-06,5.3062286e-07,-1.1047583e-06,3.4591894e-06,2.3744758e-06
41,6.874943e-05,-7.4598094e-05,3.6487843e-05,-0.00011702766,-3.7623504e-05,4.2190582e-05,4.453591e-05,-1.0980981e-05,2.4517376e-06,-5.819642e-06,-1.3962027e-06,1.916455e-05,-1.4599234e-05,3.6350226e-05,5.4561802e-05,-3.159378e-05,-1.9620771e-05,-1.7219594e-05,-3.0830395e-06,2.482269e-07,2.0635574e-05,-5.5358993e-05,-3.4846315e-05,2.034328e-05,2.7573245e-05,-1.9373367e-05,1.5767564e-05,2.6706692e-05,-4.5793324e-05,-4.5626143e-06,1.1691822e-05,-5.3353942e-06,-1.9398776e-05,-2.1849933e-06,4.1562644e-06,7.405546e-06,-3.066706e-05,-4.0634797e-05,-5.1471416e-06,-5.9063505e-06,-6.1544897e-06,0.00033610547,-8.43387e-06,-9.016941e-06,6.0401567e-07,1.7655344e-05,1.756603e-05,-1.51885e-05,5.7249435e-06,1.3991221e-05
42,-0.00010668252,0.00013769307,-5.9955866e-05,3.5266712e-06,0.00011435177,6.581843e-05,-3.3368833e-05,2.4804622e-05,5.514314e-05,-7.912605e-06,-7.3321025e-06,-2.4923334e-05,1.0192688e-05,1.45911545e-05,2.0808355e-05,2.0206156e-05,-1.7375572e-05,-1.3244437e-05,-3.45773e-05,1.4486157e-05,-4.1812455e-05,-2.6299873e-05,-2.7596694e-05,1.2399694e-05,-1.7461927e-05,-3.9930743e-05,2.4317564e-05,2.6928221e-06,2.3090653e-05,-2.437944e-05,-8.513135e-06,4.3921136e-05,2.5809268e-05,-1.1405161e-06,2.040514e-05,8.723255e-06,1.05643285e-05,1.0471159e-05,-1.2135295e-05,6.5370436e-06,2.891611e-06,-8.43387e-06,0.00033792152,-1.3746925e-05,-7.052929e-06,-1.3791791e-06,1.5194447e-05,-1.7073107e-05,2.3411346e-06,-9.7091315e-06
43,-0.0003666437,0.000117211326,-8.481897e-05,-0.00015618486,5.758492e-05,5.3128562e-05,-5.7879617e-05,4.110046e-05,1.5870777e-05,8.9116895e-07,1.1336108e-05,-5.870843e-05,2.7723781e-05,3.0832023e-05,6.2338375e-05,-6.1920346e-06,-6.439869e-05,1.583434e-05,-6.52361e-05,-3.8191147e-06,-8.522219e-06,-3.260988e-05,-2.6155185e-05,8.21252e-06,1.8828363e-05,-4.4011194e-05,1.3860132e-05,-7.155574e-06,7.5471526e-06,-2.242425e-05,9.7220345e-06,1.3904788e-05,1.9791649e-05,4.507783e-06,2.8019462e-05,2.3585791e-05,8.0085865e-06,1.2179085e-05,-5.131037e-07,1.5398517e-05,1.7938122e-06,-9.016941e-06,-1.3746925e-05,0.00032093303,-3.4198933e-06,3.6211195e-06,2.6314594e-05,-2.49197e-05,-6.521643e-06,-7.977949e-06
44,-0.00029959355,4.1959947e-07,-1.5148963e-05,-3.809471e-05,-6.4307314e-05,6.350911e-05,-7.097917e-07,-5.95648e-05,2.5484824e-05,-9.866324e-06,-1.6285803e-05,-1.0598285e-05,-3.0305164e-05,9.248728e-06,4.275415e-06,-3.5118064e-05,7.987587e-05,-5.7030056e-06,6.3857947e-06,2.83078e-05,-4.2406202e-05,-2.8570306e-05,9.965627e-07,-9.317261e-06,-3.383792e-05,-2.0601346e-05,3.7236365e-05,-1.6525157e-05,9.764506e-06,-1.2012434e-05,1.5841251e-05,2.1982325e-05,1.5520924e-05,-2.3085573e-05,1.8871957e-05,-3.9814167e-06,2.8498184e-06,-1.7782004e-05,2.2716356e-06,1.3413938e-05,8.721975e-06,6.0401567e-07,-7.052929e-06,-3.4198933e-06,0.00032082654,1.6593884e-05,6.6262746e-06,-5.033771e-06,9.167754e-06,-4.7180592e-06
45,0.00035842462,-5.493115e-06,-8.2953135e-05,7.1602853e-06,-5.593138e-06,-1.1422098e-07,4.5952525e-05,4.088766e-05,4.297701e-05,-3.6750644e-05,-5.1607574e-05,-7.376014e-05,-2.8257127e-06,-2.0187399e-05,-3.2870463e-05,6.565559e-05,-6.854889e-05,-1.6483453e-05,1.2768512e-05,-1.7818213e-05,-2.2959595e-05,3.486353e-05,-2.2596083e-05,6.281227e-06,3.5684197e-06,2.4582525e-05,-1.6551407e-05,-1.9554707e-05,4.2448548e-05,2.2099684e-05,-2.9068226e-05,-1.9176709e-05,1.959638e-05,5.5041337e-06,-6.703183e-06,-2.659451e-05,3.209898e-05,3.326638e-05,2.0979558e-05,-1.381256e-05,3.1135055e-06,1.7655344e-05,-1.3791791e-06,3.6211195e-06,1.6593884e-05,0.0002578837,-9.869129e-06,1.5902115e-05,-9.110567e-06,-2.8435908e-05
46,-0.00019496762,-1.7808716e-05,9.8756835e-05,1.1277592e-05,7.820407e-05,-6.369651e-05,1.4004322e-05,-5.486531e-05,-5.6882564e-05,5.0759973e-06,3.9306222e-05,6.252665e-05,1.0648823e-05,-3.4785367e-05,-5.2329946e-05,2.3035518e-07,1.4623663e-05,-9.984369e-06,1.3372331e-05,2.5192681e-05,-1.1702813e-05,5.9795522e-05,2.9062248e-05,1.5388627e-05,7.3468345e-06,6.362972e-05,-7.3217825e-06,2.1322367e-06,-7.0475726e-06,4.1646417e-06,2.672878e-06,9.79459e-06,-1.2252991e-05,-5.6651245e-08,-3.3373886e-05,-1.3487412e-05,1.6330368e-05,-4.8010716e-06,-5.8932183e-06,1.3402926e-06,5.3062286e-07,1.756603e-05,1.5194447e-05,2.6314594e-05,6.6262746e-06,-9.869129e-06,0.00024362777,2.509299e-05,7.783589e-06,4.992902e-06
47,-0.0003130121,1.9950243e-05,3.232524e-05,9.180777e-06,-2.8547682e-05,-3.644098e-05,1.0089745e-05,-2.7069007e-05,8.454697e-06,3.8077003e-05,4.7184178e-05,1.9766692e-05,3.7918915e-05,2.4217115e-05,1.7825094e-05,-3.1585296e-05,-1.3476565e-05,5.5974633e-06,-3.9389597e-05,1.2437917e-05,4.457339e-06,-3.0712075e-05,-1.3413241e-05,6.6684224e-06,-3.3975848e-06,-3.821848e-05,1.4733334e-06,-5.2001405e-06,-1.27149215e-05,-1.5520844e-05,-1.1938629e-05,2.6378457e-05,1.2194263e-05,2.9051324e-05,2.7842325e-05,2.9828323e-05,5.2203327e-06,4.891432e-06,-1.0678339e-05,1.2418674e-05,-1.1047583e-06,-1.51885e-05,-1.7073107e-05,-2.49197e-05,-5.033771e-06,1.5902115e-05,2.509299e-05,0.00022883902,5.461289e-06,7.825383e-06
48,-8.996038e-05,-3.340804e-05,-3.631168e-05,-7.880397e-06,6.406872e-05,8.483985e-05,2.0236814e-05,-1.1015443e-05,2.074198e-05,-5.4261586e-06,-3.4514705e-05,-6.936432e-06,-3.8973837e-07,1.2774726e-05,1.9764775e-05,2.5586418e-05,-1.3427678e-05,-1.3146773e-05,1.2582725e-06,-2.1436219e-05,1.1260801e-05,-1.2324033e-06,4.2040747e-06,-1.8378425e-05,8.653529e-06,1.6251099e-05,4.4233407e-06,1.7410683e-05,9.371533e-06,8.598141e-06,-8.09423e-06,-8.7161425e-06,1.3721341e-05,-1.4281743e-06,1.1856677e-05,2.5678264e-06,-4.061717e-07,1.374055e-05,2.6653156e-06,2.6164635e-06,3.4591894e-06,5.7249435e-06,2.3411346e-06,-6.521643e-06,9.167754e-06,-9.110567e-06,7.783589e-06,5.461289e-06,0.0002502294,2.5874197e-06
49,0.00044843747,-9.869506e-05,-0.00017074213,-0.00012232662,6.974758e-05,1.3594607e-05,2.66311e-05,6.125694e-05,4.252525e-05,2.9687685e-06,-4.101845e-05,-0.00012249073,8.134311e-07,2.713238e-05,4.8032132e-05,6.927722e-05,-7.72459e-05,1.0550548e-05,1.3932565e-06,3.8115826e-07,-5.260235e-05,-2.7145295e-05,-5.584554e-05,-1.3123847e-05,-2.6776877e-05,2.0206135e-05,9.253676e-06,-1.1976164e-05,5.261055e-05,-4.4126914e-06,-1.3988848e-05,-7.283368e-06,6.2790004e-06,-4.716403e-05,3.4119448e-06,-3.275958e-05,1.4673498e-05,1.168326e-05,-5.700876e-06,4.935783e-06,2.3744758e-06,1.3991221e-05,-9.7091315e-06,-7.977949e-06,-4.7180592e-06,-2.8435908e-05,4.992902e-06,7.825383e-06,2.5874197e-06,0.00021875335
