,0,1,2,3,4,5,6,7,8,9,10,11,12,13,14,15,16,17,18,19,20,21,22,23,24,25,26,27,28,29,30,31,32,33,34,35,36,37,38,39,40,41,42,43,44,45,46,47,48,49
0,285.73947,87.07977,-89.7155,5.42568,-7.812053,-12.771624,3.7727647,-1.95695,-0.8472734,-4.0640526,1.995929,4.666566,4.672612,-0.26546252,0.0031302948,0.00051022135,0.00082230364,-0.014883863,-0.006570073,0.0010377518,-0.00078591856,0.0027259942,-0.0010187073,-0.0003985085,0.00027157716,0.001189711,0.0014281116,-0.0005130543,-0.00082632084,-0.0011863151,-0.0004218677,0.00036313897,0.00040095014,0.00058871246,-0.00047201198,0.0019065794,-0.00025585177,0.0011750357,0.00031141238,7.030659e-05,-0.00017317937,-0.0020247493,-0.00014880254,-0.00014790014,0.00013669874,-0.0004739683,-4.92997e-05,-0.00011000234,0.00068746705,-8.579077e-05
1,87.07977,114.755035,23.639275,-0.56562316,9.670317,2.8352222,0.66646767,1.3292034,-0.697932,0.46747577,6.4482837,0.1547298,0.06495872,1.125035,-0.0014074964,-0.0005434165,-0.0026080818,0.0017398775,0.0014930147,-0.00036144326,-0.0016343279,7.969937e-05,7.00987e-05,0.00046580186,7.407386e-05,-0.00016250179,-0.00014943449,0.000989588,9.763836e-05,-0.000115275965,-7.683075e-05,0.0005221714,-0.00014213444,-0.00015639135,-9.482015e-05,-0.000119872006,-0.00012764912,9.9809666e-05,-0.00018587704,-2.1591888e-05,-4.505899e-05,-0.00020421865,0.00016396269,3.945559e-05,0.00010771393,-5.666825e-05,-4.318888e-05,0.000106644184,6.219979e-05,6.144022e-05
2,-89.7155,23.639275,58.646492,-4.304967,9.888828,4.483078,-1.646471,1.6283133,-0.22044758,2.0601397,3.3510082,-2.1621706,-2.3690543,0.5862969,-0.007013441,-0.0024726335,-0.0012674425,0.00832363,0.004298839,-0.00075216976,-0.00023782023,-0.001146833,0.00080271735,0.00060867483,0.00026278867,-0.0005861498,-0.0009430198,0.0010489419,0.00044093328,0.00047765783,0.0001388414,0.0002472506,-0.00042901776,-0.00039560243,0.0001160799,-0.0009906391,3.6360532e-05,-0.0006087411,-0.00026407282,4.425589e-05,7.9748985e-05,0.0008327808,0.00014375501,0.00011341259,-3.2216274e-05,0.0002523916,4.3932378e-05,0.00018185536,-0.00029573584,9.214875e-05
3,5.42568,-0.56562316,-4.304967,15.412809,4.157593,-0.566942,5.2476044,0.3940999,0.19534191,-1.9725475,-2.5124128,1.6404076,0.7709754,-0.43582818,-0.00046390045,-0.0011822502,0.0014617974,-0.0038328022,-0.0019308213,0.0005108261,-0.00017581918,0.00042418952,-0.00035710813,-0.00022464617,-8.738246e-05,0.00025040648,0.00027917218,-0.0005908967,-3.4305478e-05,-0.00035457834,5.5113236e-05,-0.00015452749,0.00017931036,0.00011392591,-6.766521e-05,0.0006753489,1.8008577e-05,0.00023176748,0.00019812048,-0.0001535511,-5.2547133e-05,-0.0003600044,-6.67988e-05,-1.649951e-05,0.00012304253,-0.00013101977,1.9724298e-06,-9.594745e-05,0.00018014647,7.4696845e-06
4,-7.812053,9.670317,9.888828,4.157593,4.5416236,-2.1803505,1.5697727,0.42809114,-0.12074973,-0.22644413,-0.39366227,-0.4487266,-0.49847487,0.11626368,0.0009160845,0.00044807955,-0.00024974305,0.00026570627,0.00031099198,-6.969462e-05,5.6731595e-05,-9.395545e-05,-2.6164602e-05,-8.559214e-06,8.640449e-05,-5.8685728e-05,-8.357436e-05,0.00016262144,-5.9359416e-05,-2.508557e-06,-5.798979e-05,0.00012489842,-0.00010146749,-1.8138133e-05,-1.0554693e-05,-5.2903823e-05,-3.334067e-05,-3.682005e-05,1.3928429e-05,-1.0675023e-05,-1.6699953e-05,4.9432765e-06,2.0391159e-05,4.5065666e-05,-2.6534773e-05,3.150528e-05,-5.9315622e-05,-9.166406e-06,6.0198117e-06,1.3604349e-05
5,-12.771624,2.8352222,4.483078,-0.566942,-2.1803505,14.5544405,-1.4407263,0.22210255,1.3135803,1.2617872,-1.254535,-0.9065014,-0.46401012,0.34850347,0.0013880136,-0.0004258795,-0.00037606427,0.0002814956,0.00010714735,-0.0006917226,0.00030736526,-5.0573828e-05,-6.516256e-05,-2.2845696e-05,-0.00011425465,0.00020893806,9.555544e-05,-0.00023086234,7.275715e-05,0.00011068727,1.9259876e-05,-0.00032678258,0.00019604914,-9.8131204e-05,4.354382e-05,-9.376556e-05,0.00025985733,4.6552574e-05,2.3867968e-05,-4.3081003e-05,1.3076071e-05,0.0001825293,-4.632385e-05,-6.6661705e-05,-1.8452422e-05,2.5947083e-05,8.875417e-05,-9.778465e-05,-5.4084252e-05,-2.9560699e-05
6,3.7727647,0.66646767,-1.646471,5.2476044,1.5697727,-1.4407263,2.9024656,0.3721842,-1.0673,0.1854747,-0.42643613,0.22971314,1.1916907,-0.53211606,0.00053055014,0.0015044858,-0.00010485215,-0.001238764,-0.0009918392,0.0005509188,0.00022596729,-0.00010515189,-0.000113082075,-0.00011823903,-4.539824e-05,-1.0444832e-05,0.00015963995,-0.00018122341,0.00013785943,-6.754858e-05,-0.000114934184,-6.562308e-05,8.210121e-05,4.99124e-05,-7.4391806e-05,9.9925994e-05,0.0001079028,8.131222e-05,8.280781e-05,-1.04309665e-05,-9.219835e-05,-0.00014599753,-3.3364435e-05,-1.3461968e-05,3.142452e-05,-2.8789449e-05,4.0672842e-07,-4.10551e-05,2.9475766e-05,4.2329895e-05
7,-1.95695,1.3292034,1.6283133,0.3940999,0.42809114,0.22210255,0.3721842,0.2365648,-0.46213454,0.5715076,0.07334664,-0.0272647,0.2093398,0.24526402,0.004573304,0.0023276573,-0.0010696471,0.00074539764,0.00018458544,3.776043e-05,-0.00014257425,-5.515141e-05,-0.00015355437,-0.00016843282,2.6367326e-05,-0.00010049592,-0.00011609844,0.00011707451,-6.439464e-05,3.94423e-05,7.16065e-05,-5.0359893e-05,-6.592445e-05,-8.7629596e-05,6.603103e-05,-0.00010102625,-2.5407866e-05,1.887094e-05,-6.25704e-05,1.3807551e-05,2.3413293e-05,5.0862574e-05,1.3856579e-05,1.609556e-06,-4.6570098e-05,-8.133233e-06,-4.688652e-05,2.517701e-06,-3.248877e-05,5.6404233e-06
8,-0.8472734,-0.697932,-0.22044758,0.19534191,-0.12074973,1.3135803,-1.0673,-0.46213454,1.7033098,-1.851757,-0.38528162,-0.08126332,-0.7786534,-0.124756545,0.0008752571,-0.00047499343,0.00023624758,-0.00026473525,-0.00015934987,-0.00022463108,0.0002130723,0.000104249884,6.4616006e-07,0.0001337135,6.391958e-05,0.00017597676,-7.230171e-06,-3.1932577e-05,-9.73827e-05,2.7135364e-05,-4.789052e-05,-6.691426e-05,-5.0933653e-05,4.116411e-05,7.039753e-06,5.2060903e-05,2.8102117e-05,-1.6800212e-05,-4.649298e-06,-3.661028e-05,-1.4343367e-05,5.5750694e-05,-4.7732647e-05,3.349694e-05,-4.1627132e-05,-1.1341253e-05,-3.5382553e-05,-1.3633526e-05,1.4105415e-05,-2.3732524e-05
9,-4.0640526,0.46747577,2.0601397,-1.9725475,-0.22644413,1.2617872,0.1854747,0.5715076,-1.851757,3.7378812,-0.7467481,-0.53023267,-0.3262211,0.35955203,-0.0024006376,-0.0013697315,-0.00032348357,0.0016346022,0.0009250483,-8.158002e-05,0.00012107994,-0.00031728524,8.039073e-05,8.6488035e-05,0.00013143144,-0.00013189,-0.00018756682,0.00022725941,4.0092797e-05,0.00018419235,-5.9173744e-06,3.1943113e-05,-2.4699875e-05,-0.00012449402,8.619233e-05,-0.000288376,9.906443e-05,-0.00012367681,-0.00011643357,1.1630473e-05,-9.278918e-06,0.00020754192,7.4382086e-05,3.2920685e-05,-6.5184315e-05,6.2711435e-05,2.9241422e-05,1.773627e-05,-6.570026e-05,-1.2765386e-05
10,1.995929,6.4482837,3.3510082,-2.5124128,-0.39366227,-1.254535,-0.42643613,0.07334664,-0.38528162,-0.7467481,2.781727,0.9246439,1.03037,-0.042478465,-0.0006472152,0.00096243416,9.2029084e-05,-0.00042109418,-0.0004861913,0.00032743733,-0.00027725968,-0.00018004913,-0.0001151535,-0.00012215992,0.00010073731,-0.00011827053,-3.3705537e-06,3.763386e-05,0.000100502264,-0.00014051594,-7.654569e-05,0.00016789307,-2.61789e-05,-3.1845993e-05,-2.0045609e-05,1.013354e-05,7.174385e-05,-6.027371e-06,-3.8828883e-05,2.0300438e-05,-9.1304595e-05,-0.00011059793,-3.068182e-05,-2.005259e-05,4.9171875e-05,-1.9985946e-05,-7.760764e-06,9.010374e-06,-5.261245e-06,1.2813625e-05
11,4.666566,0.1547298,-2.1621706,1.6404076,-0.4487266,-0.9065014,0.22971314,-0.0272647,-0.08126332,-0.53023267,0.9246439,2.3823638,-0.043243162,-0.13308139,0.0017859826,0.00061566255,0.000174317,-0.0007689713,-0.00018513133,0.00016358832,-0.00015426171,0.00022711174,5.4040564e-05,-4.092079e-05,-2.2401462e-05,0.000119152246,7.762805e-05,-9.292248e-05,-0.00014603155,-6.382867e-05,-2.5944932e-05,3.3949713e-05,-3.4847464e-05,7.489663e-05,-4.5970257e-05,0.00013865544,-0.00010950094,8.637362e-05,1.049258e-05,4.6357734e-05,5.820411e-05,-0.00011752484,-8.208663e-06,1.0524331e-05,4.6824443e-05,-5.2022374e-06,-2.3195124e-05,2.8705635e-05,3.2955915e-05,-2.2842842e-05
12,4.672612,0.06495872,-2.3690543,0.7709754,-0.49847487,-0.46401012,1.1916907,0.2093398,-0.7786534,-0.3262211,1.03037,-0.043243162,1.8062474,0.027070966,-0.0013901651,0.0006628012,4.9210765e-05,-0.0004710228,-0.00018469855,0.000110405934,-7.246238e-05,0.00020593009,-6.71527e-05,-4.3806678e-05,0.0001658799,4.394139e-05,7.870773e-05,3.2985277e-05,-7.0649665e-05,-0.00010596546,-6.642647e-05,3.524276e-05,-2.9589053e-05,-3.2728767e-05,-4.1789e-05,0.00013869663,-2.7769778e-05,4.822296e-05,-2.594839e-05,1.5410253e-05,-5.793741e-06,-7.9178775e-05,-2.6708225e-05,-2.7872644e-05,2.0174037e-05,1.8162418e-06,-1.9825093e-05,-1.0817965e-05,3.4292738e-05,1.31756715e-05
13,-0.26546252,1.125035,0.5862969,-0.43582818,0.11626368,0.34850347,-0.53211606,0.24526402,-0.124756545,0.35955203,-0.042478465,-0.13308139,0.027070966,1.3835905,0.0028691667,-7.179455e-05,-3.5743236e-05,0.0004840262,0.00032812372,-0.000162315,-3.2367698e-05,5.0064446e-05,8.286565e-05,4.0853956e-05,-5.332686e-05,2.6456179e-05,-0.00012543058,0.00013187318,-6.475925e-05,0.00012853263,-6.818159e-05,2.2825101e-05,-6.8195294e-07,-1.8781806e-06,9.407047e-05,-6.675621e-05,-1.4292835e-05,-3.3162294e-05,3.7970625e-05,9.552884e-06,2.439189e-05,6.806296e-05,7.2368755e-05,2.3174467e-05,-6.523017e-05,4.0515384e-05,-1.1840704e-05,2.1005071e-06,-2.931288e-05,2.3673576e-05
14,0.0031302948,-0.0014074964,-0.007013441,-0.00046390045,0.0009160845,0.0013880136,0.00053055014,0.004573304,0.0008752571,-0.0024006376,-0.0006472152,0.0017859826,-0.0013901651,0.0028691667,0.014674377,0.0076405304,-0.0028227977,0.0006150955,-0.00026388763,0.0002712941,-2.7479899e-05,-0.0003463467,-0.00025734998,-0.00045900384,-1.902954e-05,-0.00015767296,8.077422e-05,2.0520394e-05,-3.9354698e-05,2.0370993e-05,-3.1403968e-05,-0.00015740536,-8.223759e-05,-0.00013317121,-9.691662e-05,-2.9314775e-05,7.021152e-05,5.27362e-05,1.0069101e-06,-2.660135e-05,-4.9946524e-05,-3.6981975e-05,-3.59401e-05,1.1141383e-05,-5.74263e-05,2.2301303e-05,-7.0022266e-05,3.8807528e-05,-5.3736956e-05,-3.4532623e-06
15,0.00051022135,-0.0005434165,-0.0024726335,-0.0011822502,0.00044807955,-0.0004258795,0.0015044858,0.0023276573,-0.00047499343,-0.0013697315,0.00096243416,0.00061566255,0.0006628012,-7.179455e-05,0.0076405304,0.005614781,-0.00077769416,-0.0008046896,0.00011972732,-0.00049851753,2.0025655e-05,-1.2705232e-05,-3.1685035e-05,0.0002741104,-0.0003013494,5.791096e-05,-3.5064445e-06,8.452787e-05,-4.4764784e-05,6.149076e-05,1.7583792e-05,8.129432e-05,2.8423143e-05,-2.4613704e-05,3.5497622e-05,5.9723585e-05,-4.9586364e-05,-4.8569316e-05,8.016548e-06,9.0861315e-05,-2.3522987e-05,-2.9629127e-06,3.9869366e-05,6.081694e-07,2.0386433e-05,4.279299e-05,-3.326756e-06,-1.8155417e-05,5.2904248e-05,8.126325e-06
16,0.00082230364,-0.0026080818,-0.0012674425,0.0014617974,-0.00024974305,-0.00037606427,-0.00010485215,-0.0010696471,0.00023624758,-0.00032348357,9.2029084e-05,0.000174317,4.9210765e-05,-3.5743236e-05,-0.0028227977,-0.00077769416,0.0013190906,-0.00075002934,-0.00017860965,-0.00038576138,0.0001967613,-0.00016147856,-9.78647e-05,0.00028143963,-0.0003122394,-1.8253273e-05,0.00011865409,8.11661e-05,0.00010136927,1.4254942e-05,6.847705e-05,0.00014699255,0.00011271053,2.5080411e-05,8.8477675e-05,2.3778106e-05,6.4562846e-05,-8.132364e-05,-5.984306e-05,-8.680476e-06,-2.3005621e-05,-6.2229825e-05,4.531884e-05,1.9813033e-05,5.2940763e-06,4.5546924e-05,4.8993443e-06,-6.0583207e-05,1.4044407e-05,2.1605349e-05
17,-0.014883863,0.0017398775,0.00832363,-0.0038328022,0.00026570627,0.0002814956,-0.001238764,0.00074539764,-0.00026473525,0.0016346022,-0.00042109418,-0.0007689713,-0.0004710228,0.0004840262,0.0006150955,-0.0008046896,-0.00075002934,0.0030132884,0.0005451039,0.00035638871,3.9998504e-05,2.2848194e-06,-4.7578615e-05,9.024134e-05,-0.00012616115,-0.0001594765,-4.1873787e-05,7.117313e-05,-2.2996795e-05,9.341325e-05,1.2784454e-05,5.274027e-06,1.6338445e-05,-0.0001072209,6.423688e-05,-2.060369e-06,-2.0043342e-05,-4.2082374e-05,4.8475442e-05,2.1799018e-05,2.1433003e-05,-3.5212157e-05,6.430535e-05,3.8351303e-05,1.0360782e-05,2.4790423e-05,-3.7821857e-05,2.5927706e-05,-2.9543164e-05,8.489176e-06
18,-0.006570073,0.0014930147,0.004298839,-0.0019308213,0.00031099198,0.00010714735,-0.0009918392,0.00018458544,-0.00015934987,0.0009250483,-0.0004861913,-0.00018513133,-0.00018469855,0.00032812372,-0.00026388763,0.00011972732,-0.00017860965,0.0005451039,0.0012679152,-0.000489866,-0.0002805736,-0.00020817023,0.0002985099,0.00012778566,-7.19291e-06,5.8868653e-05,1.515064e-05,3.6787608e-06,-5.9470418e-05,1.09179155e-05,1.4796928e-05,2.5567829e-06,-7.6907905e-05,6.29399e-05,-0.000113929666,3.0074953e-05,-0.00013973127,-1.7474209e-05,2.0230438e-05,5.714849e-05,7.7484394e-05,7.20355e-05,-4.5273548e-05,1.4204166e-05,-1.0132515e-05,1.8925512e-05,-1.949913e-05,4.3988393e-06,5.7965794e-05,-3.5885416e-05
19,0.0010377518,-0.00036144326,-0.00075216976,0.0005108261,-6.969462e-05,-0.0006917226,0.0005509188,3.776043e-05,-0.00022463108,-8.158002e-05,0.00032743733,0.00016358832,0.000110405934,-0.000162315,0.0002712941,-0.00049851753,-0.00038576138,0.00035638871,-0.000489866,0.00095062016,-0.00028611964,0.00019781658,-0.00012837378,4.1502528e-05,2.5987194e-06,0.00010393844,0.00016604543,-7.1393544e-05,2.9188452e-06,-3.8614067e-05,-0.00013072012,-5.517524e-05,5.6401863e-05,-2.4000023e-05,-6.115583e-05,2.3257701e-07,6.564232e-05,-1.4276094e-06,2.8665054e-05,3.3950415e-05,-3.0319072e-05,1.387753e-05,-5.7093235e-05,-2.633666e-05,2.9516896e-06,-4.1917992e-05,1.3494309e-05,-3.83479e-05,-3.528243e-05,-1.7347204e-05
20,-0.00078591856,-0.0016343279,-0.00023782023,-0.00017581918,5.6731595e-05,0.00030736526,0.00022596729,-0.00014257425,0.0002130723,0.00012107994,-0.00027725968,-0.00015426171,-7.246238e-05,-3.2367698e-05,-2.7479899e-05,2.0025655e-05,0.0001967613,3.9998504e-05,-0.0002805736,-0.00028611964,0.0014934962,-3.959011e-06,0.00020712033,4.2798896e-05,9.986003e-05,-0.0001014573,7.560572e-05,-9.605278e-05,-0.00014563733,4.9460024e-05,-2.7297578e-05,-8.671114e-05,-1.1595843e-05,-2.0301344e-05,3.7941107e-05,-1.0730782e-05,-6.332079e-05,-1.9091574e-05,4.3040964e-05,3.790295e-05,3.1130917e-06,-3.3097334e-05,3.107913e-05,3.726479e-05,-6.489905e-05,1.4854081e-05,-5.295842e-06,-7.716404e-06,-3.8678125e-05,3.5917223e-05
21,0.0027259942,7.969937e-05,-0.001146833,0.00042418952,-9.395545e-05,-5.0573828e-05,-0.00010515189,-5.515141e-05,0.000104249884,-0.00031728524,-0.00018004913,0.00022711174,0.00020593009,5.0064446e-05,-0.0003463467,-1.2705232e-05,-0.00016147856,2.2848194e-06,-0.00020817023,0.00019781658,-3.959011e-06,0.0013030623,-0.00013916826,-3.2464923e-05,-2.411245e-05,4.1147825e-05,-4.5161614e-05,1.2070301e-05,-0.00010419183,9.263381e-05,-8.462909e-06,-6.044028e-05,-4.596635e-05,1.1034095e-05,-2.8276825e-05,6.6496286e-05,-8.8456974e-05,-1.49843545e-05,-3.7830032e-05,5.765418e-05,2.1842825e-05,-3.887232e-05,-2.7461915e-06,-8.820041e-06,3.4878212e-05,1.764798e-05,-1.492863e-05,5.814515e-05,5.1526287e-05,-1.1613476e-05
22,-0.0010187073,7.00987e-05,0.00080271735,-0.00035710813,-2.6164602e-05,-6.516256e-05,-0.000113082075,-0.00015355437,6.4616006e-07,8.039073e-05,-0.0001151535,5.4040564e-05,-6.71527e-05,8.286565e-05,-0.00025734998,-3.1685035e-05,-9.78647e-05,-4.7578615e-05,0.0002985099,-0.00012837378,0.00020712033,-0.00013916826,0.00095583434,-8.156527e-05,1.32847235e-05,-4.3587814e-05,2.5795247e-05,7.44501e-05,-2.1847682e-05,7.8943965e-05,-6.3899875e-05,-6.700456e-05,0.00011474089,-4.5783705e-05,-9.7998905e-05,3.6590547e-05,-5.677755e-07,1.2144285e-05,-2.0857322e-05,5.2216164e-05,9.945306e-06,-1.00428715e-05,-5.917164e-06,-2.6746475e-05,4.1196494e-05,1.2596121e-05,8.395461e-06,2.5407397e-05,4.197617e-05,6.353913e-07
23,-0.0003985085,0.00046580186,0.00060867483,-0.00022464617,-8.559214e-06,-2.2845696e-05,-0.00011823903,-0.00016843282,0.0001337135,8.6488035e-05,-0.00012215992,-4.092079e-05,-4.3806678e-05,4.0853956e-05,-0.00045900384,0.0002741104,0.00028143963,9.024134e-05,0.00012778566,4.1502528e-05,4.2798896e-05,-3.2464923e-05,-8.156527e-05,0.0009265944,1.7106654e-06,-2.5728985e-05,8.2101615e-05,2.6604806e-05,6.208282e-05,1.0927823e-05,4.151022e-05,3.2604069e-06,-1.7860853e-05,-2.5369161e-05,1.3838244e-05,4.916467e-05,2.4243367e-05,-1.8990984e-05,7.784828e-05,2.7955246e-05,-2.878195e-05,5.0340645e-05,3.5473524e-05,-2.4301335e-05,-1.5049836e-05,-3.4748773e-05,9.299356e-06,-1.1522947e-05,2.0804666e-05,-1.6104192e-05
24,0.00027157716,7.407386e-05,0.00026278867,-8.738246e-05,8.640449e-05,-0.00011425465,-4.539824e-05,2.6367326e-05,6.391958e-05,0.00013143144,0.00010073731,-2.2401462e-05,0.0001658799,-5.332686e-05,-1.902954e-05,-0.0003013494,-0.0003122394,-0.00012616115,-7.19291e-06,2.5987194e-06,9.986003e-05,-2.411245e-05,1.32847235e-05,1.7106654e-06,0.00065615884,-2.2717568e-05,-7.4302545e-05,5.862614e-05,-0.00012311648,-5.4270316e-05,-2.3316734e-05,3.721503e-05,-0.00013989187,-8.898904e-05,-4.302727e-05,-6.2349154e-06,-1.1252041e-05,9.393656e-06,-3.534303e-05,-1.8112923e-05,-2.9195397e-05,-1.6998324e-06,-3.730128e-05,-2.1179487e-05,-1.4204072e-05,-1.6291098e-05,2.4565888e-05,3.319502e-05,-2.8130225e-07,-4.7124013e-05
25,0.001189711,-0.00016250179,-0.0005861498,0.00025040648,-5.8685728e-05,0.00020893806,-1.0444832e-05,-0.00010049592,0.00017597676,-0.00013189,-0.00011827053,0.000119152246,4.394139e-05,2.6456179e-05,-0.00015767296,5.791096e-05,-1.8253273e-05,-0.0001594765,5.8868653e-05,0.00010393844,-0.0001014573,4.1147825e-05,-4.3587814e-05,-2.5728985e-05,-2.2717568e-05,0.0006122141,-9.2579385e-06,5.542976e-05,-0.00012748432,-5.6957244e-05,-8.878971e-05,-3.9208113e-05,2.7939368e-05,4.238963e-05,-4.4026936e-05,-3.693749e-05,-1.9949388e-05,-2.672435e-05,5.2868483e-05,6.0989507e-05,1.5769976e-05,-6.3870893e-06,3.8567297e-05,9.568416e-07,-1.7546115e-05,-1.9385305e-05,3.813736e-05,1.2247303e-05,-8.925141e-06,3.5230827e-05
26,0.0014281116,-0.00014943449,-0.0009430198,0.00027917218,-8.357436e-05,9.555544e-05,0.00015963995,-0.00011609844,-7.230171e-06,-0.00018756682,-3.3705537e-06,7.762805e-05,7.870773e-05,-0.00012543058,8.077422e-05,-3.5064445e-06,0.00011865409,-4.1873787e-05,1.515064e-05,0.00016604543,7.560572e-05,-4.5161614e-05,2.5795247e-05,8.2101615e-05,-7.4302545e-05,-9.2579385e-06,0.00062927854,1.2375478e-05,-4.446379e-05,5.1426683e-05,1.4910299e-05,2.091707e-05,2.9615956e-05,1.880492e-05,-0.00012005864,-2.3081604e-05,-1.7025937e-05,2.5210633e-05,-8.262183e-05,1.7467657e-05,2.1664568e-05,-1.1558599e-05,-5.833125e-06,-4.791595e-05,2.2827862e-05,9.11582e-06,2.135836e-05,2.2963453e-05,7.305791e-06,-1.5690579e-05
27,-0.0005130543,0.000989588,0.0010489419,-0.0005908967,0.00016262144,-0.00023086234,-0.00018122341,0.00011707451,-3.1932577e-05,0.00022725941,3.763386e-05,-9.292248e-05,3.2985277e-05,0.00013187318,2.0520394e-05,8.452787e-05,8.11661e-05,7.117313e-05,3.6787608e-06,-7.1393544e-05,-9.605278e-05,1.2070301e-05,7.44501e-05,2.6604806e-05,5.862614e-05,5.542976e-05,1.2375478e-05,0.00069769414,-2.2613936e-05,3.4054153e-06,1.0132566e-05,3.7338938e-05,3.171815e-05,7.736077e-06,7.800562e-07,-1.5634429e-05,4.089654e-05,1.23326545e-05,-5.1613868e-05,-4.28181e-05,2.6207977e-05,-3.442521e-05,-3.6933696e-05,5.559566e-07,1.7186401e-05,-4.0477556e-05,1.1332044e-05,2.8105798e-05,-7.791892e-06,3.5794237e-05
28,-0.00082632084,9.763836e-05,0.00044093328,-3.4305478e-05,-5.9359416e-05,7.275715e-05,0.00013785943,-6.439464e-05,-9.73827e-05,4.0092797e-05,0.000100502264,-0.00014603155,-7.0649665e-05,-6.475925e-05,-3.9354698e-05,-4.4764784e-05,0.00010136927,-2.2996795e-05,-5.9470418e-05,2.9188452e-06,-0.00014563733,-0.00010419183,-2.1847682e-05,6.208282e-05,-0.00012311648,-0.00012748432,-4.446379e-05,-2.2613936e-05,0.00056454266,-1.3449802e-05,-2.3494296e-05,-6.596868e-06,-3.1051113e-06,-2.474089e-05,-8.167124e-05,-2.6659529e-05,1.31280285e-05,1.4046482e-05,-1.223497e-05,1.0731081e-05,1.20101995e-05,4.804207e-06,-9.749488e-06,-1.4663756e-06,-3.418664e-05,-1.0371479e-05,-3.4035552e-06,4.904704e-05,-4.506259e-06,1.5139817e-05
29,-0.0011863151,-0.000115275965,0.00047765783,-0.00035457834,-2.508557e-06,0.00011068727,-6.754858e-05,3.94423e-05,2.7135364e-05,0.00018419235,-0.00014051594,-6.382867e-05,-0.00010596546,0.00012853263,2.0370993e-05,6.149076e-05,1.4254942e-05,9.341325e-05,1.09179155e-05,-3.8614067e-05,4.9460024e-05,9.263381e-05,7.8943965e-05,1.0927823e-05,-5.4270316e-05,-5.6957244e-05,5.1426683e-05,3.4054153e-06,-1.3449802e-05,0.00039239033,-2.3390392e-05,4.5622277e-05,-5.949194e-05,0.0001187188,2.5731279e-05,-2.1098387e-05,1.9076308e-05,-1.6991506e-05,-6.3629914e-06,-4.7525522e-05,2.8907762e-05,1.5936488e-05,-1.6005302e-05,-3.2289532e-05,-2.7078466e-05,6.7762194e-06,1.10248075e-05,1.4026295e-05,3.123384e-06,1.101421e-05
30,-0.0004218677,-7.683075e-05,0.0001388414,5.5113236e-05,-5.798979e-05,1.9259876e-05,-0.000114934184,7.16065e-05,-4.789052e-05,-5.9173744e-06,-7.654569e-05,-2.5944932e-05,-6.642647e-05,-6.818159e-05,-3.1403968e-05,1.7583792e-05,6.847705e-05,1.2784454e-05,1.4796928e-05,-0.00013072012,-2.7297578e-05,-8.462909e-06,-6.3899875e-05,4.151022e-05,-2.3316734e-05,-8.878971e-05,1.4910299e-05,1.0132566e-05,-2.3494296e-05,-2.3390392e-05,0.00055669236,-5.2274583e-05,-8.700472e-06,3.255241e-05,6.303472e-06,3.3289536e-05,-1.8942002e-05,1.9165178e-05,-1.1847977e-05,3.2666547e-05,-1.7052635e-05,-2.2664037e-05,-1.3402445e-05,1.16007395e-05,1.9642964e-06,-1.0914284e-05,2.4452525e-05,2.2010849e-05,-7.893408e-06,-1.7777089e-05
31,0.00036313897,0.0005221714,0.0002472506,-0.00015452749,0.00012489842,-0.00032678258,-6.562308e-05,-5.0359893e-05,-6.691426e-05,3.1943113e-05,0.00016789307,3.3949713e-05,3.524276e-05,2.2825101e-05,-0.00015740536,8.129432e-05,0.00014699255,5.274027e-06,2.5567829e-06,-5.517524e-05,-8.671114e-05,-6.044028e-05,-6.700456e-05,3.2604069e-06,3.721503e-05,-3.9208113e-05,2.091707e-05,3.7338938e-05,-6.596868e-06,4.5622277e-05,-5.2274583e-05,0.00044722424,-4.2681193e-05,4.300005e-05,5.1223735e-05,-2.5311496e-05,-2.7642374e-05,-3.4207293e-05,-1.0691847e-05,5.175361e-05,-4.331752e-05,-3.9869294e-05,3.8268146e-05,9.8936725e-06,1.902272e-05,1.9597725e-05,-4.3588757e-06,-3.7107745e-06,1.7285449e-05,-8.255247e-06
32,0.00040095014,-0.00014213444,-0.00042901776,0.00017931036,-0.00010146749,0.00019604914,8.210121e-05,-6.592445e-05,-5.0933653e-05,-2.4699875e-05,-2.61789e-05,-3.4847464e-05,-2.9589053e-05,-6.8195294e-07,-8.223759e-05,2.8423143e-05,0.00011271053,1.6338445e-05,-7.6907905e-05,5.6401863e-05,-1.1595843e-05,-4.596635e-05,0.00011474089,-1.7860853e-05,-0.00013989187,2.7939368e-05,2.9615956e-05,3.171815e-05,-3.1051113e-06,-5.949194e-05,-8.700472e-06,-4.2681193e-05,0.00036908852,3.9993145e-05,4.5980996e-05,1.0920919e-05,-3.758892e-05,-5.396377e-05,1.845341e-05,-1.3027168e-06,-3.8106213e-05,7.619254e-06,-2.1173979e-05,6.4087335e-06,1.1911489e-05,2.061897e-05,-2.7994542e-05,2.20162e-06,1.7299015e-05,-9.34253e-06
33,0.00058871246,-0.00015639135,-0.00039560243,0.00011392591,-1.8138133e-05,-9.8131204e-05,4.99124e-05,-8.7629596e-05,4.116411e-05,-0.00012449402,-3.1845993e-05,7.489663e-05,-3.2728767e-05,-1.8781806e-06,-0.00013317121,-2.4613704e-05,2.5080411e-05,-0.0001072209,6.29399e-05,-2.4000023e-05,-2.0301344e-05,1.1034095e-05,-4.5783705e-05,-2.5369161e-05,-8.898904e-05,4.238963e-05,1.880492e-05,7.736077e-06,-2.474089e-05,0.0001187188,3.255241e-05,4.300005e-05,3.9993145e-05,0.00032488792,-1.3993293e-05,1.256829e-06,-3.6401902e-06,6.764811e-05,5.8929276e-05,2.292703e-06,-3.716999e-06,-2.161257e-06,-2.8926934e-05,3.7080077e-05,-3.528542e-05,-1.48373965e-05,-2.218704e-05,1.1514391e-05,-2.7832768e-05,2.5697555e-06
34,-0.00047201198,-9.482015e-05,0.0001160799,-6.766521e-05,-1.0554693e-05,4.354382e-05,-7.4391806e-05,6.603103e-05,7.039753e-06,8.619233e-05,-2.0045609e-05,-4.5970257e-05,-4.1789e-05,9.407047e-05,-9.691662e-05,3.5497622e-05,8.8477675e-05,6.423688e-05,-0.000113929666,-6.115583e-05,3.7941107e-05,-2.8276825e-05,-9.7998905e-05,1.3838244e-05,-4.302727e-05,-4.4026936e-05,-0.00012005864,7.800562e-07,-8.167124e-05,2.5731279e-05,6.303472e-06,5.1223735e-05,4.5980996e-05,-1.3993293e-05,0.000283964,4.118775e-06,-3.6348312e-05,2.473223e-05,-1.2341338e-05,3.3091303e-05,1.5011296e-05,7.340516e-05,1.944178e-06,-8.983579e-07,-2.5923214e-06,4.934084e-06,1.629284e-05,-2.28946e-06,3.6174097e-05,1.6722256e-06
35,0.0019065794,-0.000119872006,-0.0009906391,0.0006753489,-5.2903823e-05,-9.376556e-05,9.9925994e-05,-0.00010102625,5.2060903e-05,-0.000288376,1.013354e-05,0.00013865544,0.00013869663,-6.675621e-05,-2.9314775e-05,5.9723585e-05,2.3778106e-05,-2.060369e-06,3.0074953e-05,2.3257701e-07,-1.0730782e-05,6.6496286e-05,3.6590547e-05,4.916467e-05,-6.2349154e-06,-3.693749e-05,-2.3081604e-05,-1.5634429e-05,-2.6659529e-05,-2.1098387e-05,3.3289536e-05,-2.5311496e-05,1.0920919e-05,1.256829e-06,4.118775e-06,0.0004455473,5.1784635e-05,-6.3744437e-06,-9.525632e-06,-1.2606897e-05,1.3938857e-05,-3.7677255e-06,-1.2933424e-05,-1.7035829e-05,-3.2208968e-06,4.008828e-06,-9.142337e-06,-6.2654317e-06,6.4161604e-06,3.1426396e-05
36,-0.00025585177,-0.00012764912,3.6360532e-05,1.8008577e-05,-3.334067e-05,0.00025985733,0.0001079028,-2.5407866e-05,2.8102117e-05,9.906443e-05,7.174385e-05,-0.00010950094,-2.7769778e-05,-1.4292835e-05,7.021152e-05,-4.9586364e-05,6.4562846e-05,-2.0043342e-05,-0.00013973127,6.564232e-05,-6.332079e-05,-8.8456974e-05,-5.677755e-07,2.4243367e-05,-1.1252041e-05,-1.9949388e-05,-1.7025937e-05,4.089654e-05,1.31280285e-05,1.9076308e-05,-1.8942002e-05,-2.7642374e-05,-3.758892e-05,-3.6401902e-06,-3.6348312e-05,5.1784635e-05,0.00032711422,-1.1736196e-06,-1.2052695e-05,3.688354e-05,-5.452752e-06,-1.690229e-05,1.0589571e-05,1.7825107e-05,1.1296073e-05,4.5159344e-05,1.1426275e-05,7.984235e-06,-4.1197864e-06,-7.5563285e-06
37,0.0011750357,9.9809666e-05,-0.0006087411,0.00023176748,-3.682005e-05,4.6552574e-05,8.131222e-05,1.887094e-05,-1.6800212e-05,-0.00012367681,-6.027371e-06,8.637362e-05,4.822296e-05,-3.3162294e-05,5.27362e-05,-4.8569316e-05,-8.132364e-05,-4.2082374e-05,-1.7474209e-05,-1.4276094e-06,-1.9091574e-05,-1.49843545e-05,1.2144285e-05,-1.8990984e-05,9.393656e-06,-2.672435e-05,2.5210633e-05,1.23326545e-05,1.4046482e-05,-1.6991506e-05,1.9165178e-05,-3.4207293e-05,-5.396377e-05,6.764811e-05,2.473223e-05,-6.3744437e-06,-1.1736196e-06,0.00032980705,2.6646949e-06,-5.811078e-06,1.5554708e-05,6.2349254e-06,2.4450781e-05,-9.02322e-06,3.6217614e-05,-2.5818648e-05,-1.9282072e-05,-1.0826869e-05,8.533463e-07,-4.048172e-05
38,0.00031141238,-0.00018587704,-0.00026407282,0.00019812048,1.3928429e-05,2.3867968e-05,8.280781e-05,-6.25704e-05,-4.649298e-06,-0.00011643357,-3.8828883e-05,1.049258e-05,-2.594839e-05,3.7970625e-05,1.0069101e-06,8.016548e-06,-5.984306e-05,4.8475442e-05,2.0230438e-05,2.8665054e-05,4.3040964e-05,-3.7830032e-05,-2.0857322e-05,7.784828e-05,-3.534303e-05,5.2868483e-05,-8.262183e-05,-5.1613868e-05,-1.223497e-05,-6.3629914e-06,-1.1847977e-05,-1.0691847e-05,1.845341e-05,5.8929276e-05,-1.2341338e-05,-9.525632e-06,-1.2052695e-05,2.6646949e-06,0.0002872692,-7.3611327e-06,-5.955493e-06,-3.6516165e-05,-5.4764947e-05,-1.7136816e-05,3.8655657e-05,1.420079e-05,2.5504925e-05,2.4758167e-05,-8.08593e-06,-1.3775023e-05
39,7.030659e-05,-2.1591888e-05,4.425589e-05,-0.0001535511,-1.0675023e-05,-4.3081003e-05,-1.04309665e-05,1.3807551e-05,-3.661028e-05,1.1630473e-05,2.0300438e-05,4.6357734e-05,1.5410253e-05,9.552884e-06,-2.660135e-05,9.0861315e-05,-8.680476e-06,2.1799018e-05,5.714849e-05,3.3950415e-05,3.790295e-05,5.765418e-05,5.2216164e-05,2.7955246e-05,-1.8112923e-05,6.0989507e-05,1.7467657e-05,-4.28181e-05,1.0731081e-05,-4.7525522e-05,3.2666547e-05,5.175361e-05,-1.3027168e-06,2.292703e-06,3.3091303e-05,-1.2606897e-05,3.688354e-05,-5.811078e-06,-7.3611327e-06,0.0003126481,1.7413582e-05,-1.2103641e-05,-6.042416e-06,-8.836321e-06,-2.7862707e-06,-1.7325445e-05,-6.382992e-06,9.531968e-06,-1.8018978e-05,6.9226544e-06
40,-0.00017317937,-4.505899e-05,7.9748985e-05,-5.2547133e-05,-1.6699953e-05,1.3076071e-05,-9.219835e-05,2.3413293e-05,-1.4343367e-05,-9.278918e-06,-9.1304595e-05,5.820411e-05,-5.793741e-06,2.439189e-05,-4.9946524e-05,-2.3522987e-05,-2.3005621e-05,2.1433003e-05,7.7484394e-05,-3.0319072e-05,3.1130917e-06,2.1842825e-05,9.945306e-06,-2.878195e-05,-2.9195397e-05,1.5769976e-05,2.1664568e-05,2.6207977e-05,1.20101995e-05,2.8907762e-05,-1.7052635e-05,-4.331752e-05,-3.8106213e-05,-3.716999e-06,1.5011296e-05,1.3938857e-05,-5.452752e-06,1.5554708e-05,-5.955493e-06,1.7413582e-05,0.00026299836,-1.1779544e-05,1.7822495e-05,1.969696e-05,-1.04722485e-05,8.142474e-06,2.2873337e-05,-2.1456635e-05,2.1343226e-06,-1.1275473e-06
41,-0.0020247493,-0.00020421865,0.0008327808,-0.0003600044,4.9432765e-06,0.0001825293,-0.00014599753,5.0862574e-05,5.5750694e-05,0.00020754192,-0.00011059793,-0.00011752484,-7.9178775e-05,6.806296e-05,-3.6981975e-05,-2.9629127e-06,-6.2229825e-05,-3.5212157e-05,7.20355e-05,1.387753e-05,-3.3097334e-05,-3.887232e-05,-1.00428715e-05,5.0340645e-05,-1.6998324e-06,-6.3870893e-06,-1.1558599e-05,-3.442521e-05,4.804207e-06,1.5936488e-05,-2.2664037e-05,-3.9869294e-05,7.619254e-06,-2.161257e-06,7.340516e-05,-3.7677255e-06,-1.690229e-05,6.2349254e-06,-3.6516165e-05,-1.2103641e-05,-1.1779544e-05,0.00026750265,-1.2061773e-05,-1.9526458e-05,1.6711878e-05,2.1365172e-06,4.2144484e-06,2.8513125e-05,-2.383786e-05,2.3109103e-05
42,-0.00014880254,0.00016396269,0.00014375501,-6.67988e-05,2.0391159e-05,-4.632385e-05,-3.3364435e-05,1.3856579e-05,-4.7732647e-05,7.4382086e-05,-3.068182e-05,-8.208663e-06,-2.6708225e-05,7.2368755e-05,-3.59401e-05,3.9869366e-05,4.531884e-05,6.430535e-05,-4.5273548e-05,-5.7093235e-05,3.107913e-05,-2.7461915e-06,-5.917164e-06,3.5473524e-05,-3.730128e-05,3.8567297e-05,-5.833125e-06,-3.6933696e-05,-9.749488e-06,-1.6005302e-05,-1.3402445e-05,3.8268146e-05,-2.1173979e-05,-2.8926934e-05,1.944178e-06,-1.2933424e-05,1.0589571e-05,2.4450781e-05,-5.4764947e-05,-6.042416e-06,1.7822495e-05,-1.2061773e-05,0.00022902981,-2.59089e-06,1.1815039e-05,3.2853163e-06,7.2990133e-07,2.0098421e-05,-1.4426052e-05,4.4785857e-06
43,-0.00014790014,3.945559e-05,0.00011341259,-1.649951e-05,4.5065666e-05,-6.6661705e-05,-1.3461968e-05,1.609556e-06,3.349694e-05,3.2920685e-05,-2.005259e-05,1.0524331e-05,-2.7872644e-05,2.3174467e-05,1.1141383e-05,6.081694e-07,1.9813033e-05,3.8351303e-05,1.4204166e-05,-2.633666e-05,3.726479e-05,-8.820041e-06,-2.6746475e-05,-2.4301335e-05,-2.1179487e-05,9.568416e-07,-4.791595e-05,5.559566e-07,-1.4663756e-06,-3.2289532e-05,1.16007395e-05,9.8936725e-06,6.4087335e-06,3.7080077e-05,-8.983579e-07,-1.7035829e-05,1.7825107e-05,-9.02322e-06,-1.7136816e-05,-8.836321e-06,1.969696e-05,-1.9526458e-05,-2.59089e-06,0.00024673904,8.2878905e-06,5.5079727e-06,-2.052456e-06,1.6065072e-05,6.5642707e-06,4.2668492e-07
44,0.00013669874,0.00010771393,-3.2216274e-05,0.00012304253,-2.6534773e-05,-1.8452422e-05,3.142452e-05,-4.6570098e-05,-4.1627132e-05,-6.5184315e-05,4.9171875e-05,4.6824443e-05,2.0174037e-05,-6.523017e-05,-5.74263e-05,2.0386433e-05,5.2940763e-06,1.0360782e-05,-1.0132515e-05,2.9516896e-06,-6.489905e-05,3.4878212e-05,4.1196494e-05,-1.5049836e-05,-1.4204072e-05,-1.7546115e-05,2.2827862e-05,1.7186401e-05,-3.418664e-05,-2.7078466e-05,1.9642964e-06,1.902272e-05,1.1911489e-05,-3.528542e-05,-2.5923214e-06,-3.2208968e-06,1.1296073e-05,3.6217614e-05,3.8655657e-05,-2.7862707e-06,-1.04722485e-05,1.6711878e-05,1.1815039e-05,8.2878905e-06,0.00023198104,1.53172e-05,1.3844341e-05,-2.3560673e-05,1.2111499e-05,2.3185185e-05
45,-0.0004739683,-5.666825e-05,0.0002523916,-0.00013101977,3.150528e-05,2.5947083e-05,-2.8789449e-05,-8.133233e-06,-1.1341253e-05,6.2711435e-05,-1.9985946e-05,-5.2022374e-06,1.8162418e-06,4.0515384e-05,2.2301303e-05,4.279299e-05,4.5546924e-05,2.4790423e-05,1.8925512e-05,-4.1917992e-05,1.4854081e-05,1.764798e-05,1.2596121e-05,-3.4748773e-05,-1.6291098e-05,-1.9385305e-05,9.11582e-06,-4.0477556e-05,-1.0371479e-05,6.7762194e-06,-1.0914284e-05,1.9597725e-05,2.061897e-05,-1.48373965e-05,4.934084e-06,4.008828e-06,4.5159344e-05,-2.5818648e-05,1.420079e-05,-1.7325445e-05,8.142474e-06,2.1365172e-06,3.2853163e-06,5.5079727e-06,1.53172e-05,0.0001968397,1.1532221e-05,6.1992523e-06,-1.6568107e-05,-4.5515517e-05
46,-4.92997e-05,-4.318888e-05,4.3932378e-05,1.9724298e-06,-5.9315622e-05,8.875417e-05,4.0672842e-07,-4.688652e-05,-3.5382553e-05,2.9241422e-05,-7.760764e-06,-2.3195124e-05,-1.9825093e-05,-1.1840704e-05,-7.0022266e-05,-3.326756e-06,4.8993443e-06,-3.7821857e-05,-1.949913e-05,1.3494309e-05,-5.295842e-06,-1.492863e-05,8.395461e-06,9.299356e-06,2.4565888e-05,3.813736e-05,2.135836e-05,1.1332044e-05,-3.4035552e-06,1.10248075e-05,2.4452525e-05,-4.3588757e-06,-2.7994542e-05,-2.218704e-05,1.629284e-05,-9.142337e-06,1.1426275e-05,-1.9282072e-05,2.5504925e-05,-6.382992e-06,2.2873337e-05,4.2144484e-06,7.2990133e-07,-2.052456e-06,1.3844341e-05,1.1532221e-05,0.00020183646,1.6532205e-05,-3.4114644e-06,-6.247952e-06
47,-0.00011000234,0.000106644184,0.00018185536,-9.594745e-05,-9.166406e-06,-9.778465e-05,-4.10551e-05,2.517701e-06,-1.3633526e-05,1.773627e-05,9.010374e-06,2.8705635e-05,-1.0817965e-05,2.1005071e-06,3.8807528e-05,-1.8155417e-05,-6.0583207e-05,2.5927706e-05,4.3988393e-06,-3.83479e-05,-7.716404e-06,5.814515e-05,2.5407397e-05,-1.1522947e-05,3.319502e-05,1.2247303e-05,2.2963453e-05,2.8105798e-05,4.904704e-05,1.4026295e-05,2.2010849e-05,-3.7107745e-06,2.20162e-06,1.1514391e-05,-2.28946e-06,-6.2654317e-06,7.984235e-06,-1.0826869e-05,2.4758167e-05,9.531968e-06,-2.1456635e-05,2.8513125e-05,2.0098421e-05,1.6065072e-05,-2.3560673e-05,6.1992523e-06,1.6532205e-05,0.00020184972,7.1756654e-06,-1.2403979e-06
48,0.00068746705,6.219979e-05,-0.00029573584,0.00018014647,6.0198117e-06,-5.4084252e-05,2.9475766e-05,-3.248877e-05,1.4105415e-05,-6.570026e-05,-5.261245e-06,3.2955915e-05,3.4292738e-05,-2.931288e-05,-5.3736956e-05,5.2904248e-05,1.4044407e-05,-2.9543164e-05,5.7965794e-05,-3.528243e-05,-3.8678125e-05,5.1526287e-05,4.197617e-05,2.0804666e-05,-2.8130225e-07,-8.925141e-06,7.305791e-06,-7.791892e-06,-4.506259e-06,3.123384e-06,-7.893408e-06,1.7285449e-05,1.7299015e-05,-2.7832768e-05,3.6174097e-05,6.4161604e-06,-4.1197864e-06,8.533463e-07,-8.08593e-06,-1.8018978e-05,2.1343226e-06,-2.383786e-05,-1.4426052e-05,6.5642707e-06,1.2111499e-05,-1.6568107e-05,-3.4114644e-06,7.1756654e-06,0.0001773702,-3.1312098e-05
49,-8.579077e-05,6.144022e-05,9.214875e-05,7.4696845e-06,1.3604349e-05,-2.9560699e-05,4.2329895e-05,5.6404233e-06,-2.3732524e-05,-1.2765386e-05,1.2813625e-05,-2.2842842e-05,1.31756715e-05,2.3673576e-05,-3.4532623e-06,8.126325e-06,2.1605349e-05,8.489176e-06,-3.5885416e-05,-1.7347204e-05,3.5917223e-05,-1.1613476e-05,6.353913e-07,-1.6104192e-05,-4.7124013e-05,3.5230827e-05,-1.5690579e-05,3.5794237e-05,1.5139817e-05,1.101421e-05,-1.7777089e-05,-8.255247e-06,-9.34253e-06,2.5697555e-06,1.6722256e-06,3.1426396e-05,-7.5563285e-06,-4.048172e-05,-1.3775023e-05,6.9226544e-06,-1.1275473e-06,2.3109103e-05,4.4785857e-06,4.2668492e-07,2.3185185e-05,-4.5515517e-05,-6.247952e-06,-1.2403979e-06,-3.1312098e-05,0.00013756863
