,0,1,2,3,4,5,6,7,8,9,10,11,12,13,14,15,16,17,18,19,20,21,22,23,24,25,26,27,28,29,30,31,32,33,34,35,36,37,38,39,40,41,42,43,44,45,46,47,48,49
0,29.96141,1.8570864,3.6051028,10.612984,-0.41861153,-0.30912918,0.41666666,0.0018966628,0.060432713,0.042817418,-0.00016528813,-0.0020572694,0.0071030445,-0.0006345819,0.0015815814,-0.002507208,-0.0007560119,-0.0008997421,-8.71035e-05,0.00040101155,0.00015722736,-0.0015380869,0.0010702215,-0.0003423384,0.00027229643,0.0002210468,1.7397932e-05,-0.00014521413,3.105242e-05,-1.227768e-05,-7.408408e-06,0.00015458724,0.00022100497,-0.0003741813,4.2266e-05,-0.00010644957,4.5386518e-05,6.561291e-06,0.00020689491,-0.0001901689,-5.9176215e-05,-0.00027699032,-0.00046954775,-7.77535e-05,-0.00012761199,3.602495e-05,2.2991248e-05,-9.891617e-06,0.00013838199,6.468229e-05
1,1.8570864,27.543571,-1.7186308,-1.0072666,-8.340887,0.2243473,-0.019218128,0.09167555,0.07425062,-0.015715279,0.00042249908,-0.0022922927,0.00012399112,0.0011130858,-0.00024530373,0.0012567276,3.7715607e-05,-0.0010200762,0.0008888093,-0.0008003295,0.00052963133,0.00020039658,-0.0008852812,0.00063449034,-0.0005058374,-0.00037342263,-0.00045389243,0.00046233466,-9.881173e-05,0.0006248978,0.0001824444,0.00043222812,-0.00012380563,0.00019591021,-0.00015255858,-8.4007e-05,0.00013456788,0.0004161526,-9.851564e-05,-0.00035256456,5.57676e-05,0.00012685431,0.00020293248,-0.00021540246,4.934443e-05,-0.00014716298,1.9308158e-05,-0.00031960328,0.00015600723,0.0001659274
2,3.6051028,-1.7186308,15.62396,-4.773324,6.168935,0.04633387,0.0052777827,-0.026817711,-0.17256343,0.09947633,-0.0003829809,-0.002865417,0.0013490916,-0.0036902972,-0.0011055049,0.0006546859,-0.00070474733,-0.00023693187,-0.00065036287,-8.339154e-05,-0.00018163929,-0.00030659506,-0.00012874482,-0.00022802188,0.000196496,0.00040735246,0.00015943078,-0.00018413248,-0.00038091408,2.3621982e-05,-0.00037576904,-0.00016708259,0.00019609336,-5.2133808e-05,-4.856883e-05,0.00010127532,0.00039432035,-1.12471735e-05,-0.00019789577,0.00025596598,-0.00021552728,0.00011004301,0.000102599995,0.000113103015,9.8465884e-05,-9.295807e-05,-0.00022435831,5.2976095e-05,-0.00015705577,-8.762181e-05
3,10.612984,-1.0072666,-4.773324,6.4649477,-1.8351655,0.27048877,0.11853629,-0.12220466,0.15836102,-0.007466259,0.00027646217,0.0009870834,-0.0018687893,0.0025612896,0.0008483628,0.0008593039,0.00026044704,-0.00027454138,0.00074252684,0.00010967419,0.0004740489,0.00059741014,-0.0002105838,0.0006765686,-7.932476e-05,-0.0006014393,-0.00020073175,-0.0001005392,0.00024692473,-3.050694e-05,0.00036181777,0.000109998524,-0.00037007654,0.00015050068,0.00025916542,0.00013188171,-7.153477e-05,-0.00032754528,-7.8056204e-05,-0.000101883845,0.00017533675,1.5862493e-06,0.0002557489,-3.4251043e-05,-7.522291e-05,-4.6960373e-05,1.6845122e-05,9.109301e-05,5.2471085e-05,0.00010757264
4,-0.41861153,-8.340887,6.168935,-1.8351655,4.845973,0.7496398,-0.13709852,-0.0108868,0.0022593825,0.07197947,-0.00073636393,0.0015076168,0.0023535392,-0.0009577693,0.0018414366,0.00061369594,-0.0015503482,-0.0004763585,0.0008726639,-0.0002266964,0.00039164,-4.1460382e-05,-0.00030052586,0.00012778887,-0.00045958452,-4.647074e-05,-5.2185984e-05,-0.000266088,-0.00012861444,0.00024129161,0.0002459517,0.00017879345,-0.00014841207,0.00029300933,4.0976825e-05,-1.2491433e-05,0.00015194062,-6.283184e-05,-4.710505e-05,0.00025162986,5.1720715e-05,0.00016723826,9.486208e-05,-1.4258349e-05,0.00012054778,-3.710518e-05,-0.00035665138,0.00012393082,-0.00013160512,-4.14059e-05
5,-0.30912918,0.2243473,0.04633387,0.27048877,0.7496398,3.1493251,0.020193633,-0.015592685,-0.08337351,0.14675653,0.00022662534,-0.0019782425,0.002952197,0.0007902161,0.0005791251,-0.00032050925,-0.000688522,-0.0009185233,9.019711e-05,-0.00042670188,0.00012634766,-0.00016613185,-0.00028147787,0.000534026,-0.00022402748,-0.00012543483,-6.681135e-06,-0.00035726276,-3.8946542e-05,0.00050170417,0.0002120352,9.731468e-05,-9.921199e-05,8.894413e-05,-0.00014442549,-6.46648e-05,0.0003484616,0.00013365164,0.00012369337,-6.0101615e-05,-0.00010191261,4.117092e-05,-0.0001299023,9.038337e-06,0.00012677131,-0.00014566394,-1.5859752e-05,1.7627888e-05,-7.094901e-05,0.000117427706
6,0.41666666,-0.019218128,0.0052777827,0.11853629,-0.13709852,0.020193633,2.2294073,0.0068902606,0.10183393,0.4563337,-0.00046249334,0.0021459423,-0.0018983737,0.00078357983,-2.5637095e-05,-6.844014e-05,6.5774635e-05,0.00088849926,-0.00010535585,0.00028199382,0.00012236687,0.00015582835,0.00013082316,-0.00023484511,1.9083105e-05,9.650883e-06,0.00010383091,0.00016627049,0.00018486823,-0.00018846872,2.9011499e-06,-0.00015428705,5.9647384e-05,3.5184294e-05,4.8997223e-05,-0.00012854493,-0.00035460992,-0.00022161828,0.0002203831,-7.6770724e-05,9.629862e-05,2.193189e-05,5.541385e-05,5.299755e-05,-1.8704639e-05,1.315239e-06,-8.413018e-05,0.00013624199,-2.9675395e-05,-0.00011942426
7,0.0018966628,0.09167555,-0.026817711,-0.12220466,-0.0108868,-0.015592685,0.0068902606,1.9747944,-0.22808371,0.116722055,-0.00011775845,-0.0015631852,0.0017627776,-0.0010101724,6.1173865e-05,-0.0008341812,-0.0004871552,-0.0004773311,9.574263e-05,0.00011499373,0.00059291907,-0.00071121263,-5.228939e-05,-0.00034453213,-0.00010807461,0.0002783095,-9.043953e-05,-0.0005674199,9.749045e-05,0.0003133271,0.00010444044,0.0004275656,-0.0001690563,-0.00014023049,-0.00027886342,0.00015385813,0.0002780637,0.00025623047,-1.8244635e-05,7.972544e-05,-5.2298965e-05,-9.4171846e-05,-4.712447e-05,-3.769491e-05,-5.4021584e-05,1.7347964e-05,1.8943176e-05,-0.0002153764,0.00017979529,3.3513104e-05
8,0.060432713,0.07425062,-0.17256343,0.15836102,0.0022593825,-0.08337351,0.10183393,-0.22808371,1.8926729,0.3277095,5.880708e-06,-0.0016072325,0.0015694653,0.001104077,0.0003813125,-0.00014985696,0.00026622642,-0.0005445657,0.0001517928,-0.00057785417,8.053366e-05,-0.00015393563,-4.886604e-06,0.00025498887,-0.00021167839,-0.00020736003,0.00016580266,-0.00026715663,0.00014257176,0.00019003102,-0.00014497919,-4.8617745e-05,0.00015832714,2.6743543e-05,-0.00016001062,-2.4476809e-05,0.00014403899,-2.6934464e-05,4.412177e-05,-0.00015803552,0.00014486395,3.976109e-05,-2.5765514e-05,-7.645224e-05,4.501277e-05,6.6098524e-05,1.9460513e-05,1.538005e-05,5.32587e-05,2.7389338e-05
9,0.042817418,-0.015715279,0.09947633,-0.007466259,0.07197947,0.14675653,0.4563337,0.116722055,0.3277095,0.16544878,-0.000254486,0.001490522,-0.00012845971,0.0009311905,-8.297003e-05,0.0001660547,-0.00045675598,-0.00020248977,-8.539762e-06,-3.3903147e-05,0.0004561789,0.00023152944,0.00037436938,0.00031766386,0.00016308523,-0.000189539,-0.0002806601,8.791144e-05,7.11476e-05,4.2176503e-05,0.000203631,-2.37906e-05,3.4622717e-05,-8.433328e-05,0.00020595113,0.00010369021,-7.6636905e-05,-4.7898342e-05,-8.7465654e-05,0.000114127906,-9.206493e-05,-0.00013976946,7.520935e-05,-3.620681e-05,4.7914687e-05,0.00013737491,-1.1504444e-05,-1.4799378e-05,7.89157e-06,3.2551194e-05
10,-0.00016528813,0.00042249908,-0.0003829809,0.00027646217,-0.00073636393,0.00022662534,-0.00046249334,-0.00011775845,5.880708e-06,-0.000254486,0.0022602696,-0.0021069464,0.00054812967,0.0031546978,-0.0009598412,0.00024010456,0.0011696697,-0.00042706254,-0.00013142472,-0.00056289765,-0.00038956205,-1.8556471e-05,-4.862183e-05,0.00022024289,-0.00045959,-0.0002397607,0.0001414909,0.0001796764,0.00016158105,0.00028460653,-0.00023628946,-0.0001385126,0.00021167618,0.00013012145,8.250277e-05,-0.00028710815,7.536933e-05,-0.00018131129,-0.000111682515,-0.0002132287,-6.6605164e-05,-8.1100894e-05,-5.545454e-05,1.7395601e-05,6.7292145e-05,5.230714e-05,0.00020671579,-6.4370965e-05,-7.5218384e-05,1.3417286e-05
11,-0.0020572694,-0.0022922927,-0.002865417,0.0009870834,0.0015076168,-0.0019782425,0.0021459423,-0.0015631852,-0.0016072325,0.001490522,-0.0021069464,0.013691225,-0.0021394123,0.0015367949,0.002360072,0.0007195507,-0.0013677077,0.00150835,0.0014140608,0.0001569813,-0.00038394268,0.00057329156,0.00014386524,-0.0008877993,-0.00010084514,0.0006044257,-0.00035751399,0.00051691465,-0.00013089985,-6.2305466e-05,0.00035717982,1.9636684e-07,-0.00010816983,0.0002358139,-7.703934e-05,0.00012545023,-0.0005883599,0.00012454938,0.0001499308,0.00010051123,-0.00013627477,-3.0233447e-05,-0.00018262278,-3.531059e-05,4.4515495e-05,0.00020138489,-0.0001276136,0.00010546463,-0.00016557769,-0.00023506992
12,0.0071030445,0.00012399112,0.0013490916,-0.0018687893,0.0023535392,0.002952197,-0.0018983737,0.0017627776,0.0015694653,-0.00012845971,0.00054812967,-0.0021394123,0.013367348,0.0013174092,0.0014485146,0.0009071777,-0.0012346671,-0.000823232,-0.00010607968,0.00042133324,-0.00045751734,-0.0012750903,0.00088321243,-0.00013604938,-0.00026658823,0.00014702136,-0.00043109377,-0.0001649908,-0.00010447072,-0.00012199805,0.00018228572,-3.8837214e-05,0.0003642672,7.55269e-05,1.015891e-05,-9.373762e-05,0.00020640969,0.00021539468,9.440018e-05,6.144334e-05,0.000109536675,-4.477118e-05,-0.00017304678,-1.8660887e-05,3.2166212e-05,-7.933176e-05,-0.00024416557,-3.1619376e-05,-7.116216e-05,-3.2982185e-05
13,-0.0006345819,0.0011130858,-0.0036902972,0.0025612896,-0.0009577693,0.0007902161,0.00078357983,-0.0010101724,0.001104077,0.0009311905,0.0031546978,0.0015367949,0.0013174092,0.009267713,-0.0010072419,0.0006090092,0.0011016226,-0.00083215785,0.0005460465,-0.00010151644,-0.00011582581,0.00038273976,-0.00014016125,0.0005083617,-0.00037712004,-0.0002591546,-0.00018596379,-0.00030474193,0.0007304668,4.4859855e-05,0.00023678658,-0.00036423004,-9.960757e-05,-5.9904516e-05,4.5548233e-05,-6.04855e-05,-0.00022970335,-0.00036489114,-5.0071565e-05,-0.00024097838,0.00012378546,7.726074e-05,-0.00018123921,-1.0351592e-05,-4.0914718e-05,0.00010677449,0.00022008157,7.78379e-05,-6.5494205e-05,1.606076e-05
14,0.0015815814,-0.00024530373,-0.0011055049,0.0008483628,0.0018414366,0.0005791251,-2.5637095e-05,6.1173865e-05,0.0003813125,-8.297003e-05,-0.0009598412,0.002360072,0.0014485146,-0.0010072419,0.007924897,-0.00091069104,0.00018181313,0.00044729875,0.000466899,-0.00014569095,-0.0001763567,-0.00046472275,0.00057396723,0.00070889015,-9.2696675e-05,-0.00038329884,0.00026082963,-0.00012254048,7.198047e-05,0.00010019961,-0.00018352835,-0.00021602449,-0.00034629722,0.00013047726,-9.713637e-05,4.9282018e-05,6.117921e-06,-6.4024825e-05,6.798845e-06,-1.7003415e-05,0.00013326886,0.000121974124,5.50105e-05,2.1569827e-05,9.297907e-05,1.4731653e-05,0.00017680513,4.9137096e-05,-5.8000893e-05,7.240779e-05
15,-0.002507208,0.0012567276,0.0006546859,0.0008593039,0.00061369594,-0.00032050925,-6.844014e-05,-0.0008341812,-0.00014985696,0.0001660547,0.00024010456,0.0007195507,0.0009071777,0.0006090092,-0.00091069104,0.0068273866,0.00048478838,0.0012090325,0.0007010239,0.00014908415,-8.968866e-05,0.00045668165,1.9049756e-05,0.0005159391,0.00033942715,0.00026611896,-2.359199e-05,0.000108919965,-0.00010997784,0.0003102204,-0.00026650698,-7.807662e-05,-2.375733e-05,-3.6704823e-05,-8.7861554e-05,0.000109617264,-4.565492e-06,0.00014601371,1.0723449e-05,0.00012139868,-8.557559e-05,8.577506e-05,0.00034839916,1.8176008e-05,0.0001743225,-3.3608216e-05,-9.418327e-05,-4.5600947e-05,-0.00013605642,2.0246928e-06
16,-0.0007560119,3.7715607e-05,-0.00070474733,0.00026044704,-0.0015503482,-0.000688522,6.5774635e-05,-0.0004871552,0.00026622642,-0.00045675598,0.0011696697,-0.0013677077,-0.0012346671,0.0011016226,0.00018181313,0.00048478838,0.004497459,0.0008231327,0.000287565,0.00028742914,-0.0012226366,-0.0010831004,0.00022445165,-0.0005534305,0.00025097403,-0.00046785266,0.00019856414,-2.0011428e-06,-0.00015395488,-0.000102108905,-3.8827802e-05,0.00016431634,-3.946916e-07,0.00017848468,-0.00011855803,8.227469e-05,-5.816619e-06,-3.907714e-06,-0.00010499271,-8.2683755e-06,5.7230805e-05,-6.1053074e-06,2.7492824e-05,5.308444e-05,-4.9479997e-05,0.00016363381,0.00013919442,-0.00010261155,9.2744944e-05,6.114891e-05
17,-0.0008997421,-0.0010200762,-0.00023693187,-0.00027454138,-0.0004763585,-0.0009185233,0.00088849926,-0.0004773311,-0.0005445657,-0.00020248977,-0.00042706254,0.00150835,-0.000823232,-0.00083215785,0.00044729875,0.0012090325,0.0008231327,0.004674157,-0.0011697725,2.7338276e-05,6.492832e-05,-0.00040178883,0.0002592334,0.00013507588,-0.00010824654,-0.00013652245,-0.00029251765,-0.0002657468,0.00023868064,7.499779e-05,0.00013745151,-4.5963116e-06,0.00015961079,-0.00016380151,0.00011716644,-0.00026235494,0.00019887663,-7.582009e-05,2.5155182e-06,-4.2866763e-05,0.00016116735,0.00010631967,-0.00020959033,-2.69712e-05,-3.5501835e-05,-8.7826076e-05,-4.6001227e-05,-3.42715e-05,-6.9882124e-05,-3.8626982e-05
18,-8.71035e-05,0.0008888093,-0.00065036287,0.00074252684,0.0008726639,9.019711e-05,-0.00010535585,9.574263e-05,0.0001517928,-8.539762e-06,-0.00013142472,0.0014140608,-0.00010607968,0.0005460465,0.000466899,0.0007010239,0.000287565,-0.0011697725,0.0034308876,-0.00041074364,0.0004157615,-0.00019338986,-0.0002513316,-0.0004361936,0.00015708609,-9.1761816e-05,4.5336506e-05,0.00015759583,-0.0002059537,-0.0001799575,-0.000110606255,0.00032937404,-2.1166143e-05,-5.470674e-05,-0.00013211597,-7.722638e-05,0.0002461136,-7.8067125e-05,0.00011781177,8.7599474e-05,3.9050494e-05,-3.3193613e-05,-0.00013122737,4.5651825e-05,-8.186203e-05,-5.0134728e-05,-2.0816666e-05,2.8600247e-05,0.00014509275,7.533602e-05
19,0.00040101155,-0.0008003295,-8.339154e-05,0.00010967419,-0.0002266964,-0.00042670188,0.00028199382,0.00011499373,-0.00057785417,-3.3903147e-05,-0.00056289765,0.0001569813,0.00042133324,-0.00010151644,-0.00014569095,0.00014908415,0.00028742914,2.7338276e-05,-0.00041074364,0.003161972,5.175623e-05,-0.00057939684,-6.0615588e-05,7.086211e-05,0.0006268717,0.00037403952,9.09245e-05,0.00028598815,0.00013143627,-0.00021618584,-6.557342e-06,0.0001881351,-0.00024737857,-0.000114478855,-1.8166615e-05,0.00017995667,-0.00014326758,-3.858458e-05,0.00012241722,-2.0095751e-05,3.4465676e-05,-0.00020201619,7.3575293e-06,3.4056684e-05,1.0802822e-05,-0.00011555635,6.746298e-05,0.00013882137,0.00010678448,2.152811e-05
20,0.00015722736,0.00052963133,-0.00018163929,0.0004740489,0.00039164,0.00012634766,0.00012236687,0.00059291907,8.053366e-05,0.0004561789,-0.00038956205,-0.00038394268,-0.00045751734,-0.00011582581,-0.0001763567,-8.968866e-05,-0.0012226366,6.492832e-05,0.0004157615,5.175623e-05,0.0028985904,-0.0005512245,3.2729386e-05,0.000115916046,0.00034967816,-0.00023466436,-0.00028561032,9.457403e-05,0.0005586022,0.00041246475,5.3841446e-05,2.423391e-05,0.00015246565,-3.2827433e-05,-0.00016014295,0.00016124618,4.191351e-05,-0.00015565581,-1.6618616e-05,0.00015192706,0.000109679975,5.2122427e-06,9.129897e-05,-1.7993081e-05,8.918329e-05,0.00011776952,-2.9117291e-05,1.4428987e-05,-1.8287952e-05,-6.1320476e-05
21,-0.0015380869,0.00020039658,-0.00030659506,0.00059741014,-4.1460382e-05,-0.00016613185,0.00015582835,-0.00071121263,-0.00015393563,0.00023152944,-1.8556471e-05,0.00057329156,-0.0012750903,0.00038273976,-0.00046472275,0.00045668165,-0.0010831004,-0.00040178883,-0.00019338986,-0.00057939684,-0.0005512245,0.001953698,0.00048703008,0.0006944995,-8.3319144e-05,0.00017936973,0.00013705887,-0.00018978518,-0.00020028302,-0.00024983002,-9.467975e-05,-0.00010741217,3.7888793e-05,0.00019855076,0.00013480279,0.00013902537,5.466427e-05,-9.660604e-06,4.332733e-05,3.109574e-05,0.00013325576,2.6512822e-05,3.144995e-05,2.2884691e-05,7.694785e-05,-2.8006922e-05,-1.9717263e-06,0.00012321716,6.167167e-05,2.1763275e-05
22,0.0010702215,-0.0008852812,-0.00012874482,-0.0002105838,-0.00030052586,-0.00028147787,0.00013082316,-5.228939e-05,-4.886604e-06,0.00037436938,-4.862183e-05,0.00014386524,0.00088321243,-0.00014016125,0.00057396723,1.9049756e-05,0.00022445165,0.0002592334,-0.0002513316,-6.0615588e-05,3.2729386e-05,0.00048703008,0.0026285304,-9.277604e-05,9.505921e-05,0.00013819864,9.19178e-05,0.00013594152,6.7042856e-05,-0.00010240676,1.0132677e-05,0.00011944816,0.0001565665,3.377679e-05,4.1951404e-05,5.2780844e-05,-3.8083974e-05,-0.00025638507,-0.00011042321,-2.7765233e-05,-9.3320006e-05,-0.00011779851,0.00016410864,1.5026186e-05,-4.7348374e-05,3.5840403e-05,6.439223e-05,4.8080714e-05,0.00022408011,-3.2081272e-05
23,-0.0003423384,0.00063449034,-0.00022802188,0.0006765686,0.00012778887,0.000534026,-0.00023484511,-0.00034453213,0.00025498887,0.00031766386,0.00022024289,-0.0008877993,-0.00013604938,0.0005083617,0.00070889015,0.0005159391,-0.0005534305,0.00013507588,-0.0004361936,7.086211e-05,0.000115916046,0.0006944995,-9.277604e-05,0.0024057738,0.00029523094,5.196815e-05,1.0629147e-06,0.00018314467,4.2870874e-05,9.662831e-05,0.00015772323,3.609031e-05,-0.00012223705,1.0695126e-05,1.4091591e-05,-9.435502e-05,1.4442311e-05,6.824231e-05,-0.000130159,2.8830007e-05,6.405006e-05,1.6024675e-05,-7.683085e-05,1.0696396e-05,-3.4621513e-05,2.30359e-05,-9.84505e-06,-4.5477274e-05,1.686117e-05,0.000101556296
24,0.00027229643,-0.0005058374,0.000196496,-7.932476e-05,-0.00045958452,-0.00022402748,1.9083105e-05,-0.00010807461,-0.00021167839,0.00016308523,-0.00045959,-0.00010084514,-0.00026658823,-0.00037712004,-9.2696675e-05,0.00033942715,0.00025097403,-0.00010824654,0.00015708609,0.0006268717,0.00034967816,-8.3319144e-05,9.505921e-05,0.00029523094,0.0014704978,-0.00012132201,-2.269225e-05,-0.00013998226,-0.00022734927,-0.00017105954,3.4369546e-05,-0.00017928885,-4.5435872e-06,6.202938e-05,-9.9853336e-05,8.73588e-05,9.145228e-05,-0.00018675478,0.00013019002,4.644653e-05,-8.8540604e-05,-6.773459e-05,-0.00014041731,-0.000110676454,-1.2156887e-05,7.792325e-05,-0.0001274367,0.000102410064,7.127792e-05,8.7113905e-05
25,0.0002210468,-0.00037342263,0.00040735246,-0.0006014393,-4.647074e-05,-0.00012543483,9.650883e-06,0.0002783095,-0.00020736003,-0.000189539,-0.0002397607,0.0006044257,0.00014702136,-0.0002591546,-0.00038329884,0.00026611896,-0.00046785266,-0.00013652245,-9.1761816e-05,0.00037403952,-0.00023466436,0.00017936973,0.00013819864,5.196815e-05,-0.00012132201,0.0014456917,4.1952066e-05,-0.00011119374,6.501448e-05,-4.3866894e-05,-0.000105425235,0.00024705078,-0.00013149672,5.260201e-05,-0.00024246026,-6.6799475e-05,3.322574e-05,-4.6593952e-05,-9.718069e-05,-7.506616e-05,1.8290968e-05,1.1309876e-05,-9.15557e-05,-4.333054e-05,-8.7316104e-05,4.845029e-05,0.0001373307,-4.9288974e-05,-6.101509e-07,-3.3039592e-05
26,1.7397932e-05,-0.00045389243,0.00015943078,-0.00020073175,-5.2185984e-05,-6.681135e-06,0.00010383091,-9.043953e-05,0.00016580266,-0.0002806601,0.0001414909,-0.00035751399,-0.00043109377,-0.00018596379,0.00026082963,-2.359199e-05,0.00019856414,-0.00029251765,4.5336506e-05,9.09245e-05,-0.00028561032,0.00013705887,9.19178e-05,1.0629147e-06,-2.269225e-05,4.1952066e-05,0.0014166568,9.4446266e-05,0.00022180469,-1.2119929e-05,2.5540241e-05,-9.332128e-05,-1.2319728e-05,-3.430755e-05,-0.00031406264,-0.00011503977,-4.6556168e-05,-7.629981e-05,3.7986807e-05,7.498455e-05,-9.580381e-06,-9.524464e-05,-1.8284656e-05,6.140546e-05,0.00010117624,6.3744315e-05,-4.8791597e-05,8.628507e-05,-0.00017125095,-1.3072435e-05
27,-0.00014521413,0.00046233466,-0.00018413248,-0.0001005392,-0.000266088,-0.00035726276,0.00016627049,-0.0005674199,-0.00026715663,8.791144e-05,0.0001796764,0.00051691465,-0.0001649908,-0.00030474193,-0.00012254048,0.000108919965,-2.0011428e-06,-0.0002657468,0.00015759583,0.00028598815,9.457403e-05,-0.00018978518,0.00013594152,0.00018314467,-0.00013998226,-0.00011119374,9.4446266e-05,0.0018201125,1.6421613e-05,-2.649912e-05,-6.612371e-05,-4.934134e-05,0.0002321895,1.5589518e-05,9.4913616e-05,-0.000102257065,-2.013323e-05,1.2166462e-05,-9.3579045e-05,-7.761044e-05,2.086439e-05,7.559597e-05,7.171434e-05,3.1879583e-05,-1.4560328e-05,-5.814366e-05,4.2712077e-06,-5.5205513e-05,-5.6900684e-05,2.925142e-05
28,3.105242e-05,-9.881173e-05,-0.00038091408,0.00024692473,-0.00012861444,-3.8946542e-05,0.00018486823,9.749045e-05,0.00014257176,7.11476e-05,0.00016158105,-0.00013089985,-0.00010447072,0.0007304668,7.198047e-05,-0.00010997784,-0.00015395488,0.00023868064,-0.0002059537,0.00013143627,0.0005586022,-0.00020028302,6.7042856e-05,4.2870874e-05,-0.00022734927,6.501448e-05,0.00022180469,1.6421613e-05,0.0012013684,-0.00025128148,-0.0001990856,-2.9575585e-05,-0.00018231114,-5.9825303e-05,2.0631924e-05,-8.263843e-06,7.874962e-05,9.1421716e-05,7.461808e-05,-3.050634e-05,-0.00012222643,-1.4687199e-05,-3.9423085e-05,3.4262025e-06,-6.8232606e-05,-3.2293996e-05,5.7864534e-05,-1.3073011e-05,-1.7636992e-05,-1.3122755e-05
29,-1.227768e-05,0.0006248978,2.3621982e-05,-3.050694e-05,0.00024129161,0.00050170417,-0.00018846872,0.0003133271,0.00019003102,4.2176503e-05,0.00028460653,-6.2305466e-05,-0.00012199805,4.4859855e-05,0.00010019961,0.0003102204,-0.000102108905,7.499779e-05,-0.0001799575,-0.00021618584,0.00041246475,-0.00024983002,-0.00010240676,9.662831e-05,-0.00017105954,-4.3866894e-05,-1.2119929e-05,-2.649912e-05,-0.00025128148,0.0013974558,-5.5830915e-05,5.657144e-05,-6.0768143e-05,9.737494e-05,-5.8763984e-05,-3.481802e-05,-8.223871e-05,-6.0470993e-05,4.212103e-05,-1.586281e-05,-4.1651427e-05,-2.5514983e-05,-3.9202183e-05,3.863297e-05,-1.2074497e-06,4.006294e-05,3.753835e-05,3.3636945e-05,2.6376686e-06,4.0390594e-05
30,-7.408408e-06,0.0001824444,-0.00037576904,0.00036181777,0.0002459517,0.0002120352,2.9011499e-06,0.00010444044,-0.00014497919,0.000203631,-0.00023628946,0.00035717982,0.00018228572,0.00023678658,-0.00018352835,-0.00026650698,-3.8827802e-05,0.00013745151,-0.000110606255,-6.557342e-06,5.3841446e-05,-9.467975e-05,1.0132677e-05,0.00015772323,3.4369546e-05,-0.000105425235,2.5540241e-05,-6.612371e-05,-0.0001990856,-5.5830915e-05,0.0013653272,0.00014806626,-7.4148804e-05,-7.576691e-05,-0.00015344078,-2.3693025e-05,-7.158439e-05,-5.8294245e-05,-5.1522606e-05,4.2964923e-05,2.6512535e-05,2.0001611e-05,7.093267e-05,-5.876353e-05,-2.470928e-05,-5.7355403e-05,-1.3535721e-05,7.0063805e-05,-2.7959044e-05,-1.9786945e-05
31,0.00015458724,0.00043222812,-0.00016708259,0.000109998524,0.00017879345,9.731468e-05,-0.00015428705,0.0004275656,-4.8617745e-05,-2.37906e-05,-0.0001385126,1.9636684e-07,-3.8837214e-05,-0.00036423004,-0.00021602449,-7.807662e-05,0.00016431634,-4.5963116e-06,0.00032937404,0.0001881351,2.423391e-05,-0.00010741217,0.00011944816,3.609031e-05,-0.00017928885,0.00024705078,-9.332128e-05,-4.934134e-05,-2.9575585e-05,5.657144e-05,0.00014806626,0.0011400692,-6.000827e-07,9.763717e-05,0.00015154133,4.114285e-05,8.781567e-05,3.4639357e-05,-1.918221e-06,-7.201037e-05,3.4919176e-05,-3.0019844e-06,-5.3259195e-05,-3.5533823e-05,2.5796153e-05,1.9667086e-05,4.5969326e-05,9.174797e-06,-1.0232228e-05,8.475478e-05
32,0.00022100497,-0.00012380563,0.00019609336,-0.00037007654,-0.00014841207,-9.921199e-05,5.9647384e-05,-0.0001690563,0.00015832714,3.4622717e-05,0.00021167618,-0.00010816983,0.0003642672,-9.960757e-05,-0.00034629722,-2.375733e-05,-3.946916e-07,0.00015961079,-2.1166143e-05,-0.00024737857,0.00015246565,3.7888793e-05,0.0001565665,-0.00012223705,-4.5435872e-06,-0.00013149672,-1.2319728e-05,0.0002321895,-0.00018231114,-6.0768143e-05,-7.4148804e-05,-6.000827e-07,0.00095968373,-7.5554576e-06,-0.00013341513,-3.6357305e-06,-2.622365e-05,-6.058634e-05,2.430705e-05,4.9661605e-05,5.1647985e-05,-5.0908093e-05,-0.00012224125,-0.00012915154,3.6751037e-05,-3.533803e-05,0.00010987003,0.00011782079,4.5062596e-05,-3.9873426e-05
33,-0.0003741813,0.00019591021,-5.2133808e-05,0.00015050068,0.00029300933,8.894413e-05,3.5184294e-05,-0.00014023049,2.6743543e-05,-8.433328e-05,0.00013012145,0.0002358139,7.55269e-05,-5.9904516e-05,0.00013047726,-3.6704823e-05,0.00017848468,-0.00016380151,-5.470674e-05,-0.000114478855,-3.2827433e-05,0.00019855076,3.377679e-05,1.0695126e-05,6.202938e-05,5.260201e-05,-3.430755e-05,1.5589518e-05,-5.9825303e-05,9.737494e-05,-7.576691e-05,9.763717e-05,-7.5554576e-06,0.001076025,-8.612538e-05,-1.390725e-06,5.3589306e-06,-9.948571e-05,9.6525095e-05,3.470494e-05,1.6113285e-05,-9.334692e-06,2.9291929e-05,-0.000101979014,1.9357873e-05,3.3002412e-05,-5.1232997e-05,-7.833304e-05,-0.00012223037,-3.8026836e-05
34,4.2266e-05,-0.00015255858,-4.856883e-05,0.00025916542,4.0976825e-05,-0.00014442549,4.8997223e-05,-0.00027886342,-0.00016001062,0.00020595113,8.250277e-05,-7.703934e-05,1.015891e-05,4.5548233e-05,-9.713637e-05,-8.7861554e-05,-0.00011855803,0.00011716644,-0.00013211597,-1.8166615e-05,-0.00016014295,0.00013480279,4.1951404e-05,1.4091591e-05,-9.9853336e-05,-0.00024246026,-0.00031406264,9.4913616e-05,2.0631924e-05,-5.8763984e-05,-0.00015344078,0.00015154133,-0.00013341513,-8.612538e-05,0.00093145465,-5.045299e-05,-4.2013377e-05,-0.0002155003,3.6043413e-05,6.75497e-05,3.8626382e-05,-9.309653e-05,-2.6133242e-05,2.636477e-05,5.3501397e-05,3.602842e-05,-1.1892729e-05,5.8451627e-05,-6.646444e-05,2.5384454e-05
35,-0.00010644957,-8.4007e-05,0.00010127532,0.00013188171,-1.2491433e-05,-6.46648e-05,-0.00012854493,0.00015385813,-2.4476809e-05,0.00010369021,-0.00028710815,0.00012545023,-9.373762e-05,-6.04855e-05,4.9282018e-05,0.000109617264,8.227469e-05,-0.00026235494,-7.722638e-05,0.00017995667,0.00016124618,0.00013902537,5.2780844e-05,-9.435502e-05,8.73588e-05,-6.6799475e-05,-0.00011503977,-0.000102257065,-8.263843e-06,-3.481802e-05,-2.3693025e-05,4.114285e-05,-3.6357305e-06,-1.390725e-06,-5.045299e-05,0.0010754704,-7.41907e-05,-1.5077712e-05,-0.000101431724,-2.1192805e-05,5.551593e-05,7.986503e-05,2.4118577e-05,6.1044535e-05,5.376237e-05,-3.239288e-05,1.3489334e-05,-7.206621e-05,-8.667064e-05,1.7923974e-05
36,4.5386518e-05,0.00013456788,0.00039432035,-7.153477e-05,0.00015194062,0.0003484616,-0.00035460992,0.0002780637,0.00014403899,-7.6636905e-05,7.536933e-05,-0.0005883599,0.00020640969,-0.00022970335,6.117921e-06,-4.565492e-06,-5.816619e-06,0.00019887663,0.0002461136,-0.00014326758,4.191351e-05,5.466427e-05,-3.8083974e-05,1.4442311e-05,9.145228e-05,3.322574e-05,-4.6556168e-05,-2.013323e-05,7.874962e-05,-8.223871e-05,-7.158439e-05,8.781567e-05,-2.622365e-05,5.3589306e-06,-4.2013377e-05,-7.41907e-05,0.0010537176,-7.062749e-08,-2.7372571e-05,-3.592632e-05,-3.219011e-05,-4.5061424e-05,1.2133796e-05,4.689557e-05,-4.087298e-05,-4.45338e-05,7.395148e-05,6.674355e-05,-5.311757e-06,-4.010651e-05
37,6.561291e-06,0.0004161526,-1.12471735e-05,-0.00032754528,-6.283184e-05,0.00013365164,-0.00022161828,0.00025623047,-2.6934464e-05,-4.7898342e-05,-0.00018131129,0.00012454938,0.00021539468,-0.00036489114,-6.4024825e-05,0.00014601371,-3.907714e-06,-7.582009e-05,-7.8067125e-05,-3.858458e-05,-0.00015565581,-9.660604e-06,-0.00025638507,6.824231e-05,-0.00018675478,-4.6593952e-05,-7.629981e-05,1.2166462e-05,9.1421716e-05,-6.0470993e-05,-5.8294245e-05,3.4639357e-05,-6.058634e-05,-9.948571e-05,-0.0002155003,-1.5077712e-05,-7.062749e-08,0.0008873967,5.1130377e-05,2.9228519e-05,7.0550945e-05,-5.6748522e-05,-5.2170008e-06,-3.5128356e-05,6.8039844e-05,8.383552e-05,5.0302762e-05,1.1483332e-05,6.618735e-05,4.5195047e-05
38,0.00020689491,-9.851564e-05,-0.00019789577,-7.8056204e-05,-4.710505e-05,0.00012369337,0.0002203831,-1.8244635e-05,4.412177e-05,-8.7465654e-05,-0.000111682515,0.0001499308,9.440018e-05,-5.0071565e-05,6.798845e-06,1.0723449e-05,-0.00010499271,2.5155182e-06,0.00011781177,0.00012241722,-1.6618616e-05,4.332733e-05,-0.00011042321,-0.000130159,0.00013019002,-9.718069e-05,3.7986807e-05,-9.3579045e-05,7.461808e-05,4.212103e-05,-5.1522606e-05,-1.918221e-06,2.430705e-05,9.6525095e-05,3.6043413e-05,-0.000101431724,-2.7372571e-05,5.1130377e-05,0.00079410884,-9.542113e-05,3.8729668e-05,-1.540314e-05,3.515859e-05,1.3923133e-05,-6.6891036e-05,-7.147956e-05,4.8511574e-06,2.9073632e-05,2.096936e-05,-3.009547e-05
39,-0.0001901689,-0.00035256456,0.00025596598,-0.000101883845,0.00025162986,-6.0101615e-05,-7.6770724e-05,7.972544e-05,-0.00015803552,0.000114127906,-0.0002132287,0.00010051123,6.144334e-05,-0.00024097838,-1.7003415e-05,0.00012139868,-8.2683755e-06,-4.2866763e-05,8.7599474e-05,-2.0095751e-05,0.00015192706,3.109574e-05,-2.7765233e-05,2.8830007e-05,4.644653e-05,-7.506616e-05,7.498455e-05,-7.761044e-05,-3.050634e-05,-1.586281e-05,4.2964923e-05,-7.201037e-05,4.9661605e-05,3.470494e-05,6.75497e-05,-2.1192805e-05,-3.592632e-05,2.9228519e-05,-9.542113e-05,0.0008387563,1.2457465e-05,5.6540768e-05,-6.461689e-05,4.546578e-05,-0.000104362276,-9.840159e-06,9.494419e-05,-1.2006794e-05,-7.6675715e-05,3.383079e-06
40,-5.9176215e-05,5.57676e-05,-0.00021552728,0.00017533675,5.1720715e-05,-0.00010191261,9.629862e-05,-5.2298965e-05,0.00014486395,-9.206493e-05,-6.6605164e-05,-0.00013627477,0.000109536675,0.00012378546,0.00013326886,-8.557559e-05,5.7230805e-05,0.00016116735,3.9050494e-05,3.4465676e-05,0.000109679975,0.00013325576,-9.3320006e-05,6.405006e-05,-8.8540604e-05,1.8290968e-05,-9.580381e-06,2.086439e-05,-0.00012222643,-4.1651427e-05,2.6512535e-05,3.4919176e-05,5.1647985e-05,1.6113285e-05,3.8626382e-05,5.551593e-05,-3.219011e-05,7.0550945e-05,3.8729668e-05,1.2457465e-05,0.0008074524,-4.7178728e-05,1.26305e-05,5.3517513e-05,-6.0318467e-05,2.2274211e-05,2.2128672e-05,-1.7686332e-06,5.604607e-06,-2.8966671e-05
41,-0.00027699032,0.00012685431,0.00011004301,1.5862493e-06,0.00016723826,4.117092e-05,2.193189e-05,-9.4171846e-05,3.976109e-05,-0.00013976946,-8.1100894e-05,-3.0233447e-05,-4.477118e-05,7.726074e-05,0.000121974124,8.577506e-05,-6.1053074e-06,0.00010631967,-3.3193613e-05,-0.00020201619,5.2122427e-06,2.6512822e-05,-0.00011779851,1.6024675e-05,-6.773459e-05,1.1309876e-05,-9.524464e-05,7.559597e-05,-1.4687199e-05,-2.5514983e-05,2.0001611e-05,-3.0019844e-06,-5.0908093e-05,-9.334692e-06,-9.309653e-05,7.986503e-05,-4.5061424e-05,-5.6748522e-05,-1.540314e-05,5.6540768e-05,-4.7178728e-05,0.00076849654,4.7118796e-05,-4.995959e-05,3.0000876e-05,-8.476496e-06,-5.432706e-05,2.2781365e-05,-9.93271e-06,-1.4457819e-05
42,-0.00046954775,0.00020293248,0.000102599995,0.0002557489,9.486208e-05,-0.0001299023,5.541385e-05,-4.712447e-05,-2.5765514e-05,7.520935e-05,-5.545454e-05,-0.00018262278,-0.00017304678,-0.00018123921,5.50105e-05,0.00034839916,2.7492824e-05,-0.00020959033,-0.00013122737,7.3575293e-06,9.129897e-05,3.144995e-05,0.00016410864,-7.683085e-05,-0.00014041731,-9.15557e-05,-1.8284656e-05,7.171434e-05,-3.9423085e-05,-3.9202183e-05,7.093267e-05,-5.3259195e-05,-0.00012224125,2.9291929e-05,-2.6133242e-05,2.4118577e-05,1.2133796e-05,-5.2170008e-06,3.515859e-05,-6.461689e-05,1.26305e-05,4.7118796e-05,0.0007341917,2.5917801e-05,-6.3544125e-05,6.73548e-05,5.890881e-05,2.9230845e-05,-7.056378e-06,2.3828681e-05
43,-7.77535e-05,-0.00021540246,0.000113103015,-3.4251043e-05,-1.4258349e-05,9.038337e-06,5.299755e-05,-3.769491e-05,-7.645224e-05,-3.620681e-05,1.7395601e-05,-3.531059e-05,-1.8660887e-05,-1.0351592e-05,2.1569827e-05,1.8176008e-05,5.308444e-05,-2.69712e-05,4.5651825e-05,3.4056684e-05,-1.7993081e-05,2.2884691e-05,1.5026186e-05,1.0696396e-05,-0.000110676454,-4.333054e-05,6.140546e-05,3.1879583e-05,3.4262025e-06,3.863297e-05,-5.876353e-05,-3.5533823e-05,-0.00012915154,-0.000101979014,2.636477e-05,6.1044535e-05,4.689557e-05,-3.5128356e-05,1.3923133e-05,4.546578e-05,5.3517513e-05,-4.995959e-05,2.5917801e-05,0.00066177564,1.3125195e-05,-4.0182596e-05,-2.8538196e-05,-4.435553e-06,8.234136e-05,-5.6090903e-05
44,-0.00012761199,4.934443e-05,9.8465884e-05,-7.522291e-05,0.00012054778,0.00012677131,-1.8704639e-05,-5.4021584e-05,4.501277e-05,4.7914687e-05,6.7292145e-05,4.4515495e-05,3.2166212e-05,-4.0914718e-05,9.297907e-05,0.0001743225,-4.9479997e-05,-3.5501835e-05,-8.186203e-05,1.0802822e-05,8.918329e-05,7.694785e-05,-4.7348374e-05,-3.4621513e-05,-1.2156887e-05,-8.7316104e-05,0.00010117624,-1.4560328e-05,-6.8232606e-05,-1.2074497e-06,-2.470928e-05,2.5796153e-05,3.6751037e-05,1.9357873e-05,5.3501397e-05,5.376237e-05,-4.087298e-05,6.8039844e-05,-6.6891036e-05,-0.000104362276,-6.0318467e-05,3.0000876e-05,-6.3544125e-05,1.3125195e-05,0.0006630918,-3.095718e-05,8.489556e-06,4.0129667e-05,-2.9017105e-05,-4.960888e-05
45,3.602495e-05,-0.00014716298,-9.295807e-05,-4.6960373e-05,-3.710518e-05,-0.00014566394,1.315239e-06,1.7347964e-05,6.6098524e-05,0.00013737491,5.230714e-05,0.00020138489,-7.933176e-05,0.00010677449,1.4731653e-05,-3.3608216e-05,0.00016363381,-8.7826076e-05,-5.0134728e-05,-0.00011555635,0.00011776952,-2.8006922e-05,3.5840403e-05,2.30359e-05,7.792325e-05,4.845029e-05,6.3744315e-05,-5.814366e-05,-3.2293996e-05,4.006294e-05,-5.7355403e-05,1.9667086e-05,-3.533803e-05,3.3002412e-05,3.602842e-05,-3.239288e-05,-4.45338e-05,8.383552e-05,-7.147956e-05,-9.840159e-06,2.2274211e-05,-8.476496e-06,6.73548e-05,-4.0182596e-05,-3.095718e-05,0.0005671116,-3.9435232e-05,4.523574e-05,2.0618852e-05,-6.8258436e-05
46,2.2991248e-05,1.9308158e-05,-0.00022435831,1.6845122e-05,-0.00035665138,-1.5859752e-05,-8.413018e-05,1.8943176e-05,1.9460513e-05,-1.1504444e-05,0.00020671579,-0.0001276136,-0.00024416557,0.00022008157,0.00017680513,-9.418327e-05,0.00013919442,-4.6001227e-05,-2.0816666e-05,6.746298e-05,-2.9117291e-05,-1.9717263e-06,6.439223e-05,-9.84505e-06,-0.0001274367,0.0001373307,-4.8791597e-05,4.2712077e-06,5.7864534e-05,3.753835e-05,-1.3535721e-05,4.5969326e-05,0.00010987003,-5.1232997e-05,-1.1892729e-05,1.3489334e-05,7.395148e-05,5.0302762e-05,4.8511574e-06,9.494419e-05,2.2128672e-05,-5.432706e-05,5.890881e-05,-2.8538196e-05,8.489556e-06,-3.9435232e-05,0.0005627505,1.2837712e-05,2.4676781e-05,-9.62503e-06
47,-9.891617e-06,-0.00031960328,5.2976095e-05,9.109301e-05,0.00012393082,1.7627888e-05,0.00013624199,-0.0002153764,1.538005e-05,-1.4799378e-05,-6.4370965e-05,0.00010546463,-3.1619376e-05,7.78379e-05,4.9137096e-05,-4.5600947e-05,-0.00010261155,-3.42715e-05,2.8600247e-05,0.00013882137,1.4428987e-05,0.00012321716,4.8080714e-05,-4.5477274e-05,0.000102410064,-4.9288974e-05,8.628507e-05,-5.5205513e-05,-1.3073011e-05,3.3636945e-05,7.0063805e-05,9.174797e-06,0.00011782079,-7.833304e-05,5.8451627e-05,-7.206621e-05,6.674355e-05,1.1483332e-05,2.9073632e-05,-1.2006794e-05,-1.7686332e-06,2.2781365e-05,2.9230845e-05,-4.435553e-06,4.0129667e-05,4.523574e-05,1.2837712e-05,0.0005784211,-7.096566e-05,4.0316176e-05
48,0.00013838199,0.00015600723,-0.00015705577,5.2471085e-05,-0.00013160512,-7.094901e-05,-2.9675395e-05,0.00017979529,5.32587e-05,7.89157e-06,-7.5218384e-05,-0.00016557769,-7.116216e-05,-6.5494205e-05,-5.8000893e-05,-0.00013605642,9.2744944e-05,-6.9882124e-05,0.00014509275,0.00010678448,-1.8287952e-05,6.167167e-05,0.00022408011,1.686117e-05,7.127792e-05,-6.101509e-07,-0.00017125095,-5.6900684e-05,-1.7636992e-05,2.6376686e-06,-2.7959044e-05,-1.0232228e-05,4.5062596e-05,-0.00012223037,-6.646444e-05,-8.667064e-05,-5.311757e-06,6.618735e-05,2.096936e-05,-7.6675715e-05,5.604607e-06,-9.93271e-06,-7.056378e-06,8.234136e-05,-2.9017105e-05,2.0618852e-05,2.4676781e-05,-7.096566e-05,0.00057536195,-3.1530617e-05
49,6.468229e-05,0.0001659274,-8.762181e-05,0.00010757264,-4.14059e-05,0.000117427706,-0.00011942426,3.3513104e-05,2.7389338e-05,3.2551194e-05,1.3417286e-05,-0.00023506992,-3.2982185e-05,1.606076e-05,7.240779e-05,2.0246928e-06,6.114891e-05,-3.8626982e-05,7.533602e-05,2.152811e-05,-6.1320476e-05,2.1763275e-05,-3.2081272e-05,0.000101556296,8.7113905e-05,-3.3039592e-05,-1.3072435e-05,2.925142e-05,-1.3122755e-05,4.0390594e-05,-1.9786945e-05,8.475478e-05,-3.9873426e-05,-3.8026836e-05,2.5384454e-05,1.7923974e-05,-4.010651e-05,4.5195047e-05,-3.009547e-05,3.383079e-06,-2.8966671e-05,-1.4457819e-05,2.3828681e-05,-5.6090903e-05,-4.960888e-05,-6.8258436e-05,-9.62503e-06,4.0316176e-05,-3.1530617e-05,0.00049877976
