,0,1,2,3,4,5,6,7,8,9,10,11,12,13,14,15,16,17,18,19,20,21,22,23,24,25,26,27,28,29,30,31,32,33,34,35,36,37,38,39,40,41,42,43,44,45,46,47,48,49,50,51,52,53,54,55,56,57,58,59,60,61,62,63,64,65,66,67,68,69,70,71,72,73,74,75,76,77,78,79,80,81,82,83,84,85,86,87,88,89,90,91,92,93,94,95,96,97,98
0,24.1505,5.791436,25.58111,1.386864,-1.6760921,-0.6141958,5.096903,2.1537948,5.7991085,-2.279727,2.931251,1.1022673,7.940943,4.7721615,-4.2442236,0.027630322,2.0628018,-2.481122,2.2668166,-0.32539207,-1.2249568,-3.1897101,0.958411,0.51099676,3.1716716,-1.7707231,0.85286176,-1.1682923,2.1412988,1.697574,-5.4775887,-2.6062047,-0.7920763,1.3324829,2.707746,2.1076994,2.553145,1.9731376,-2.3911953,-1.4615855,0.16135955,-1.0292976,-0.017143615,3.4255629,-1.1191072,1.0285869,0.74921393,-0.92951024,0.2416169,-2.1142263,0.930614,0.9558016,-1.0538712,0.3997851,-0.9843817,1.041441,-0.42598116,0.3489793,1.8035395,0.1629841,0.7964881,-0.6289574,0.60644186,0.0045352513,0.32018957,-0.31570095,-1.6870916,0.26648462,-0.3043524,1.4140744,0.042736527,-0.019911062,0.07793857,0.09466159,-0.79110324,-0.12260029,-0.2839749,0.14168727,0.11432466,0.10958266,-0.28144577,-0.53372306,-0.44208977,-1.1001256,-0.76147544,0.68092823,-1.1772091,0.03832944,0.02102198,0.21801087,0.5007482,0.4899004,0.51180774,0.34998852,-0.008637441,-0.6137471,0.09924519,0.6418685,0.05255076
1,5.791436,110.9249,8.634038,19.722147,11.109343,-3.3500268,3.054515,-33.005,-21.154484,-5.393486,-1.4823027,-5.2621307,4.3725863,10.2933035,33.62422,13.323925,2.298096,-7.4079585,6.3190317,-8.130383,3.0643167,-3.5509396,-13.593767,-2.5548787,-1.467838,2.103582,16.12535,7.7147403,3.3795571,4.4562526,-3.397313,-2.1386528,5.532904,-2.013535,3.586444,-2.8286033,-0.9816812,4.8855805,-3.811357,-0.13433129,3.5006356,1.2409375,4.0150867,5.5564394,-0.693421,0.18009755,0.7784315,-1.0771819,0.39440712,1.880011,-1.3858913,1.2838299,-3.1970344,-1.4973271,-2.9460726,-1.8852584,-1.9498754,1.4837523,0.78486085,-0.45465153,-0.11322345,2.500404,0.97602165,0.5888419,1.8818471,1.5456272,-1.8173531,-0.5337198,0.277363,-0.34604788,-1.6661088,-0.4728216,0.8719486,1.0707655,-0.6163853,-0.6152661,-0.73638344,-1.3187857,-0.22155476,0.9155712,0.015877448,-0.06325039,-0.14085129,-0.027328655,0.8285983,1.4629254,0.15082553,-1.5230668,0.66347027,0.29101104,0.27438685,-0.6406379,0.012309427,0.44965202,0.122892514,-1.140269,0.08696087,0.094026245,0.003872878
2,25.58111,8.634038,69.32761,1.0402739,-2.3332863,8.5504055,-3.1197038,2.895586,6.9173083,-6.6445265,-3.2115607,-1.308687,1.7082443,-1.3432982,-1.6597726,-0.4952916,-2.790656,-3.6753488,7.6031127,4.0305176,-3.6370482,-4.8237658,4.2478156,0.8551233,-3.2940116,-1.8747965,5.192177,-4.451212,4.39855,5.127128,-7.1279664,-1.8337855,-3.9009352,0.47931683,6.2510853,2.538,6.306615,2.3043392,-1.5364552,-1.438619,0.2149447,-3.1704206,1.610189,3.5378394,-1.6297143,1.1231139,-0.34145674,-1.8159719,0.31871003,-1.0626776,-1.1101933,-0.34963635,-1.1842998,-0.66428244,-1.4171156,1.0719573,-0.8994159,-0.43384057,-1.2564495,-0.7498504,1.9383144,-2.3528094,-0.69279385,0.46044686,-1.12147,-1.8452632,-1.1780636,0.015798707,2.128894,1.9047487,-0.9235063,-0.043807477,0.99138594,0.58421886,-1.5260986,-0.88895947,-0.3864404,0.8646291,0.20456882,2.2603078,-0.8340571,-0.6329564,0.16464424,-1.4117208,-1.8421947,0.30727202,-1.0910926,0.13980779,-1.2333338,0.98898065,1.4552618,1.3100858,1.230344,0.077504605,-0.07409786,-0.6458139,0.7648554,0.30674756,-0.12162641
3,1.386864,19.722147,1.0402739,52.053043,-0.03932278,-14.896486,6.649399,-10.452963,7.6935425,5.4957733,6.479624,-9.471413,13.745707,5.9329205,6.1642413,4.248392,0.4540363,-4.425693,-1.5779049,0.61118686,-4.377751,3.568849,2.6984477,-11.339933,-4.3881035,3.1737392,5.9667244,0.45763355,4.1037264,2.3990617,1.1446671,-0.7830806,-0.07914983,-0.5326907,2.2119865,5.45079,-1.8216373,-1.5894514,-1.2795894,-1.1463985,-0.014472889,0.091460094,-1.3511364,-0.8143742,-3.9841974,1.1099256,1.9944522,0.6394563,1.6619139,1.7049699,-1.7029705,0.31969193,-0.54841316,0.81870294,-1.5130095,-1.4614394,1.1964424,-0.98235905,-1.2713237,0.7580981,-2.1440053,2.8518791,2.0833385,0.9111266,-0.35275215,1.7188032,0.9273165,0.3769309,0.20034865,-0.8088654,0.80031824,-0.105479166,-0.084809355,-1.5074152,-0.71931756,0.30915296,-0.571713,0.11763365,-0.32847795,0.12219614,0.32157782,0.03455317,0.34016466,0.3692191,-0.1597493,0.73240054,-1.2810111,-0.3757587,-0.53842497,0.47227794,-0.10505026,-0.47894055,-0.3323235,0.8808498,0.646081,-0.42984235,0.48318368,-1.575994,-0.3151455
4,-1.6760921,11.109343,-2.3332863,-0.03932278,16.821905,-2.7682123,-2.0008867,-1.8269238,-5.540704,4.395385,-1.1039932,-4.4592724,-0.5025921,2.7967966,0.43049037,0.54083,4.5150776,-4.227102,2.6770291,-3.1491218,-0.2577726,0.65607905,-2.091035,-1.0904758,-0.2668245,-1.5577016,0.8470528,-1.2131065,-1.0888054,2.8033435,1.2707334,-3.2407618,2.3843353,-1.4047137,0.0817361,-1.5422053,0.17535666,1.1767621,-1.4208947,-0.6916108,-0.9183494,-0.9602541,0.29356945,-0.49539167,-1.5868883,1.9552073,-0.5307207,0.5947007,-0.65754926,-1.2351367,1.0502887,0.22818196,-0.19471604,-0.03635367,-0.4824313,0.36453533,-0.14157775,0.7492285,0.17524366,-0.5714034,-0.97599953,-0.3309216,-0.19307938,0.24423477,-0.44346812,0.02025735,-0.13733825,-0.0190172,-0.61435914,0.3869136,-0.103805214,-0.8034019,0.50140536,0.058359034,-0.29893097,-0.17105913,0.0469272,0.3604986,0.3865124,0.4491827,0.06797368,0.24805444,0.2725411,0.2804074,-0.24879858,0.54957676,0.62047637,-1.153482,0.21345134,0.80246925,0.15986434,-0.72285163,-0.65655804,-0.30144423,-0.7181297,-0.5007036,-0.28682423,0.43371427,-0.061652094
5,-0.6141958,-3.3500268,8.5504055,-14.896486,-2.7682123,27.063393,-0.5107503,4.4466124,2.420115,-4.206051,-6.9252095,8.280228,-7.706506,-4.778439,-1.7245384,6.260256,2.730274,0.005731864,-1.008311,-3.8668056,0.0713866,-2.274576,1.1157016,2.5803988,1.004586,-0.3993428,2.2651603,-1.0474281,-1.0322503,-0.6646198,-0.020038199,-0.32003272,-1.4968673,-1.7771618,-0.27272376,-1.6401851,0.48362708,0.87879133,0.10032561,0.26900977,1.8633014,0.4577734,-0.26581335,-1.5434937,1.6131955,1.3916755,-1.2912616,-1.6044173,-0.62828684,-0.345111,-0.07979213,-0.5906172,0.174086,-0.44790602,-1.6945128,1.4115732,-0.050343916,-1.1921282,-1.5842601,-0.4942386,1.7725024,-1.072465,0.07759456,-0.9014822,0.56904763,-0.83779025,0.40132916,0.9521809,1.7054944,0.59678346,-1.456979,0.35733128,-0.21191698,0.7266064,-0.493264,-0.57717454,0.28236836,0.34152055,1.063342,1.0296065,-0.6286233,-0.33484375,-0.06803654,-0.50341487,-0.06846306,-0.075568244,0.301606,0.23122047,-0.7191071,0.070684925,-0.14546114,0.623307,0.70794487,-0.038290128,0.17368408,1.0261577,0.30118996,0.15156856,0.59158003
6,5.096903,3.054515,-3.1197038,6.649399,-2.0008867,-0.5107503,32.75676,-4.4126935,3.3103414,-7.978491,1.9880526,3.610331,0.85757667,-2.345683,-3.0128586,-5.032654,-3.2318854,-3.4990423,-3.1845942,-0.952487,-1.643784,-1.9293468,-2.1796935,-3.715903,3.9478796,1.5184829,3.261623,-0.5651554,0.6075566,1.4599559,0.86077976,1.071615,-1.2099009,0.4870818,-2.8253155,2.3434548,-0.5988884,-1.5678377,-2.7780426,-0.15179007,0.66904104,-1.226294,0.24199048,1.092113,-1.5763106,0.9283915,-0.50729847,0.313729,0.7225848,1.8157799,-0.5361705,-0.3289472,0.0511168,0.4182775,-3.3777537,-0.10513176,0.24829328,0.3055066,0.40561724,0.48414367,-0.14702538,-0.47124177,2.2061057,0.95208144,0.72890586,-0.66867423,0.55888,-0.31359583,-0.382437,0.2759721,-0.6041354,0.78695834,0.19571036,1.2702343,0.3773232,0.40090108,0.013232909,-0.20466311,-1.0241272,-1.254488,-1.0626485,-0.18508989,-0.24969298,-0.5411725,-0.8036933,0.99095833,-0.93974054,-0.6354095,0.8812555,-0.3126675,-1.2159855,0.6258203,-0.60061586,0.6937965,-0.45121786,-0.25769776,0.39633954,0.31834367,-0.34377158
7,2.1537948,-33.005,2.895586,-10.452963,-1.8269238,4.4466124,-4.4126935,33.043076,-2.7425914,8.1242075,-4.0164466,3.326155,-13.119149,-2.6231987,-12.136995,-1.6487002,3.4598603,3.217959,0.26097715,3.277419,-4.1843114,-0.2333646,5.581751,0.6349139,-0.115571745,-1.2888405,-6.6207047,-5.095188,0.9256583,-1.3416543,-2.234422,-1.096978,-1.8823583,1.526348,-0.014378715,4.8749733,1.301055,0.4697265,0.37843078,-0.20494533,0.42764473,-0.8598336,0.28078783,-0.04828248,0.5090753,1.099221,-0.75542235,1.9825342,-0.74583983,-2.1624746,1.028476,-1.0646206,0.22528762,0.88102317,0.7341801,1.2197986,-0.43249464,-0.36178684,1.0682769,0.63302493,0.5990215,-0.6773021,0.17411436,-0.19712636,-1.1409883,-0.7978631,0.5478728,-0.31283736,0.5168337,-0.2727667,0.7080991,-0.44915903,-0.78295696,-0.49415582,-0.11376259,-0.11211787,-0.12315576,0.07887571,-0.9788376,-0.13428256,-0.82481647,-0.5019492,0.1388985,-0.3037315,-0.14617926,-0.5245948,-0.70363617,1.1128378,-0.5829171,0.29758316,0.16422744,-0.25435802,-0.03458643,-0.6146495,0.1760414,0.16761982,-0.49337006,-0.43279904,-0.3294613
8,5.7991085,-21.154484,6.9173083,7.6935425,-5.540704,2.420115,3.3103414,-2.7425914,40.441795,2.9663265,0.869995,5.552743,6.059559,-1.9902844,-5.805115,-1.0158764,-0.2233393,4.9568477,-2.4099622,1.5491629,0.016303696,2.2926216,0.3672496,-1.8015573,6.261796,0.8536816,-0.0018120355,-0.27544388,-3.9271488,1.3579705,-0.3608631,-3.7171688,-0.12536502,-0.06507351,2.6116805,1.2059803,-1.0776296,0.25091496,-2.2105293,-1.9805427,-0.36350557,-1.0127505,-0.9524984,-1.4997573,-0.78653014,0.2301364,0.48018944,-1.2789475,0.9597515,1.0433459,-1.250001,-0.22057822,2.854415,0.18597567,-0.2296142,-0.04545471,0.091049105,-3.6988516,-2.6388083,1.3545861,0.6877574,0.22612046,0.10282582,-1.138412,0.5959319,0.32015884,0.49496865,0.7983929,-0.013498374,1.6881728,0.35510433,-0.057026323,-0.15204588,-0.28290033,0.18487078,1.0053787,0.10911502,0.22182122,0.67019403,-0.02568169,1.2125998,0.01465901,-0.6308637,0.57864267,-0.03211741,0.68924373,0.2694478,0.31830168,0.0028435723,-0.017695893,0.88909376,1.3901664,0.48836777,-0.15060592,-0.36017877,0.5094805,0.5899489,-0.6518086,0.13220395
9,-2.279727,-5.393486,-6.6445265,5.4957733,4.395385,-4.206051,-7.978491,8.1242075,2.9663265,22.608843,1.0679965,-7.3509846,-3.0319128,3.3728087,-3.5949976,0.5767007,3.4548535,4.623766,-0.71836305,-2.4073658,1.1405076,4.1148305,-0.17590977,-2.4840307,-1.5357826,-1.3166031,-3.587915,-1.6473019,-1.9239917,2.2091417,0.25044703,-2.2279363,3.6505175,-2.6576686,1.6286428,2.9963646,-2.725503,0.42103675,0.28777444,0.549296,-0.13731116,-0.7084137,-1.5427982,-1.3849257,-0.25660396,-0.2101528,0.113917276,0.64076316,-0.44632602,-0.48688835,1.0442948,0.07082607,1.3380922,-0.078385696,0.12511319,0.11028518,0.13452089,-0.6212373,0.53336847,0.41192883,-1.4031279,1.0115421,-0.66472006,-1.0968122,-0.5860949,0.58639646,-0.33059278,0.17857659,-0.5850582,-0.93288314,0.1059269,-1.010206,-0.6508205,-0.18434328,-1.1314914,0.02852372,-0.73895335,0.29320198,-0.28999203,0.24588487,0.15233773,-0.33369848,0.11720454,0.10042539,0.4195414,0.7000036,-0.5926844,-0.067867786,0.030491136,0.1060919,0.5259321,-0.13761277,0.11609853,-0.81604457,0.5555632,0.2619313,-0.8900783,-0.5771976,0.15928966
10,2.931251,-1.4823027,-3.2115607,6.479624,-1.1039932,-6.9252095,1.9880526,-4.0164466,0.869995,1.0679965,17.735367,-0.23453869,7.114905,0.08117363,1.6169901,-3.1486452,1.9477699,-0.064964905,-2.26624,1.6289016,1.3402398,1.1910949,1.8294057,-1.2209831,1.0212028,0.15021414,-0.56947947,-0.37344575,2.4351692,-0.11869836,-0.593659,1.3356382,-0.9161496,-0.31853104,-0.40471137,-0.66034055,1.2804756,-0.20533326,1.0085114,0.1381832,-0.50018954,1.3953998,-1.0289162,-0.53037536,-1.1674395,-1.4233927,1.5929263,0.04247027,-0.9238888,-0.976015,-0.265033,0.76822245,-1.8791909,-0.45544773,1.0076847,0.54216546,-0.45505244,0.6405011,0.03790319,-0.48501706,-0.4308374,0.8425591,0.5344597,0.25541717,1.2164164,1.2432083,0.76878643,-0.15010208,-0.024640273,0.3468972,1.046875,0.9813756,-0.32371464,0.13714719,-0.63290673,-0.38256073,-0.620402,-0.36568573,0.0654884,-0.3232408,-0.31144378,-0.4979478,-0.3198476,-0.02093707,-0.11956304,-0.25888807,-0.14605525,-0.44359452,0.06785101,0.42180717,0.088983156,-0.08938519,0.20956327,0.11160403,-0.03807714,0.00084956654,-0.23966807,-0.084877536,0.19607107
11,1.1022673,-5.2621307,-1.308687,-9.471413,-4.4592724,8.280228,3.610331,3.326155,5.552743,-7.3509846,-0.23453869,18.589823,-1.7861431,0.38951746,-2.6537106,0.37422138,-1.7313411,1.2593923,0.43420005,-0.21423237,-0.28384048,-1.6194725,0.6510092,4.55119,4.2282324,1.6273882,0.7530694,2.9008977,-0.5599785,-1.0149736,-2.6787384,-1.2889228,-1.8051555,2.735574,-1.0971379,-0.43111837,1.7857587,1.3758627,-1.2308322,-0.3698362,1.7280037,-0.9515285,1.3317597,0.047553334,1.303596,0.47680753,0.60196435,0.37382764,-0.8320109,-0.028750814,0.420491,0.19357282,-1.015923,0.24171986,0.21421215,-0.46985984,0.91972184,-0.3419375,-1.6612926,0.21612662,0.60751593,0.39265364,0.18660977,-0.062169675,0.96678025,0.2675832,0.24941084,-0.5135993,0.9175899,0.010711459,0.5491668,0.5499681,0.121041484,0.13987298,0.69582266,-0.2855057,0.25724864,0.26307458,-0.6640147,0.040846772,-0.674882,0.1525222,-0.13846311,0.20049326,0.38930088,-0.6083403,-0.023275513,0.15132508,-0.0828225,0.03516806,-0.55629486,0.43632123,-0.1273712,-0.11973509,-0.027399503,0.5049628,0.50023055,0.13881709,0.39035392
12,7.940943,4.3725863,1.7082443,13.745707,-0.5025921,-7.706506,0.85757667,-13.119149,6.059559,-3.0319128,7.114905,-1.7861431,26.839403,7.966965,2.4680257,-3.1119885,-2.1305866,-1.3915858,-3.5528884,-0.6775621,0.5323622,-0.05280853,2.1321454,-2.1307006,-0.16558877,-2.8637166,-0.44578838,1.0652919,0.42210644,-0.67146695,-1.8214658,1.8035858,2.0849857,0.24713384,0.9119482,-1.6763709,-0.80648065,-0.5575131,-1.6356232,-1.9953355,-1.2563727,0.8859892,-1.5384228,-0.29688394,-1.1493323,1.7724499,2.8253548,-2.3465621,1.2414187,-0.8234423,0.43563613,0.9653572,-0.30441248,-0.41860604,0.74475455,0.47652268,0.81153345,0.7498268,-0.09017943,0.30140287,-0.53492033,0.912226,-0.5164062,0.1206803,1.0423428,0.85955155,-1.5087186,0.26472956,-0.3354833,0.45305192,1.1748879,0.54169846,0.66025,-1.689071,-0.13654955,-0.25229645,-0.010644764,0.7623354,1.0544991,-0.076976225,-0.32767165,0.2574826,-0.59746885,-0.12944233,-0.6435612,0.033335425,-0.58228076,0.09013805,0.35035163,-0.0037406762,0.5018002,-0.2965877,-0.13438685,0.38739228,0.24919419,-0.018939879,0.792006,0.2578585,0.41172928
13,4.7721615,10.2933035,-1.3432982,5.9329205,2.7967966,-4.778439,-2.345683,-2.6231987,-1.9902844,3.3728087,0.08117363,0.38951746,7.966965,17.984694,6.2137766,1.1327541,1.213584,0.8747987,-2.3122084,-2.4456081,1.5499791,-1.5855916,-1.3109262,-0.8541893,0.87842405,1.5520068,-0.50512,-0.16732016,-1.2777476,-0.7953296,-2.8092406,-1.3477528,2.016764,1.7505579,0.08141738,0.20624027,-1.6534598,1.3330894,-1.8985269,-1.1838486,-0.30758965,1.2129841,-0.23580064,1.2654207,0.093014106,0.3798896,1.312132,0.3582083,0.07931051,-0.6907697,1.8680768,0.15494439,-0.042967778,0.34189582,-0.1074256,-0.45928374,-0.0004506836,0.5268454,0.4714812,0.0009906143,-0.084824294,0.98053545,-0.7874861,-0.6724649,0.4173901,-0.4280097,-0.95966744,-0.58759147,-0.08356407,-0.1538971,0.27203935,-0.12305012,0.53192306,-1.2292988,0.3013306,0.38421333,0.2209755,-0.09106241,-0.6100143,0.5086225,-0.35743892,0.2055445,0.6119586,-0.10312156,-0.15405872,0.5651181,-0.18977718,0.7091334,-0.2120484,-0.025518898,-0.2830557,-0.17761807,-0.6872208,0.026137039,0.18686667,-0.11143233,0.18680054,0.306282,-0.13204499
14,-4.2442236,33.62422,-1.6597726,6.1642413,0.43049037,-1.7245384,-3.0128586,-12.136995,-5.805115,-3.5949976,1.6169901,-2.6537106,2.4680257,6.2137766,23.24528,3.9150672,0.6448238,-0.4813528,-0.51116,-0.8583107,2.136753,-2.0644767,-3.9833856,-2.1233695,1.9033048,1.8376858,5.0396366,1.6774693,0.07797601,-1.5722792,0.63688785,-0.28470612,1.3621801,-1.0217575,1.0917299,-2.3831768,-2.2180295,0.9103704,-0.69611204,-0.8191019,-0.10743497,1.4959459,1.9526267,1.4545147,-0.49080265,-1.1025668,0.3303946,-0.89690435,-0.29567903,1.1924692,-0.7418286,-0.47012484,-0.22831145,-1.3330684,-0.15320396,-1.0187733,-1.3385749,-0.39899868,-0.2874784,-0.3136025,0.7706492,1.1302125,-0.7391348,-0.22913547,0.7495103,0.07432641,-0.008998241,-0.53122467,0.6540279,-0.31775707,-0.12775037,0.70487916,0.51969635,-0.056782916,0.42602044,-0.5378234,0.6992061,-0.65657294,-0.031036973,-0.26181784,0.01579301,0.4058712,0.15835175,-0.18237287,0.13146743,-0.47478914,0.52930033,0.48000342,-0.2844467,0.023968555,0.39158338,-0.017156936,0.13016447,0.09872735,-0.08457498,-0.059920028,0.049147524,-0.63680875,-0.3773587
15,0.027630322,13.323925,-0.4952916,4.248392,0.54083,6.260256,-5.032654,-1.6487002,-1.0158764,0.5767007,-3.1486452,0.37422138,-3.1119885,1.1327541,3.9150672,11.209263,3.4277263,0.13806304,-0.31140608,-3.0180001,-1.4152732,-1.0664566,-3.0985384,-0.85986257,-0.43600255,1.9914556,4.2829494,-0.3618033,-0.22767861,0.022612043,0.2704085,-1.0688765,0.9322469,-1.3176823,0.5948286,0.4092967,-0.5563818,0.89034706,1.1956203,0.071309425,1.4112632,-0.25626945,-0.51512194,-0.20357338,0.39790913,0.5523265,-0.13779333,0.6222743,-0.6084956,0.06757973,0.8242986,0.27396035,-0.35777092,0.21184021,-0.50230676,-0.20721164,0.025743674,-0.5451386,-0.10773025,-0.5135157,0.104793124,0.78933907,0.37768817,-0.2172446,0.5506096,0.2118719,0.028283583,0.660723,0.5593601,0.46826616,-0.23961589,-0.18222573,-0.38703978,-0.6142249,-0.02314819,-0.1624552,-0.50202787,-0.26420638,0.10163653,0.3746109,0.17691614,0.29873466,-0.047137585,0.16783771,0.46376252,0.017368713,-0.04281544,0.057645157,-0.71511066,-0.10657549,-0.016270064,0.27717376,0.5116483,-0.123076245,0.10328202,-0.13117453,0.18902437,-0.43205827,-0.12441702
16,2.0628018,2.298096,-2.790656,0.4540363,4.5150776,2.730274,-3.2318854,3.4598603,-0.2233393,3.4548535,1.9477699,-1.7313411,-2.1305866,1.213584,0.6448238,3.4277263,9.994008,-1.4641408,-0.54938823,-4.008969,1.5856843,-0.63299346,0.38978767,-2.6501284,0.66559654,-1.5751679,-1.2406356,-0.9140519,-0.6721382,-1.6994524,1.6579652,-1.7884593,-0.09857315,-0.5170652,0.32318765,-0.5356773,0.27053815,1.1491702,-0.43958485,-0.59042335,0.9165695,1.3484695,-0.33132505,-0.08705713,-0.15187399,0.61873204,0.007953715,0.54410493,-0.649804,-1.9326164,-0.17977703,-0.48638815,-0.15922529,0.5868206,0.037892014,0.86540747,-0.8249285,-0.34882388,0.824239,-0.3471319,0.09287147,0.23561642,0.8064425,-0.47259372,0.31812376,0.04109603,0.20715734,0.037887447,-0.24571654,0.7708452,0.2173847,-0.55089784,-0.54887104,0.043659255,-0.6336521,0.055436984,-0.15670344,-0.12559754,0.5411112,0.04209792,0.7308996,-0.06828054,-0.2442345,0.0950765,-0.19335139,0.3655771,-0.0147151705,0.00486523,-0.040571373,0.46916717,0.22319666,-0.392945,0.09130302,0.26887894,-0.078424424,-0.28364384,-0.18809608,-0.2605918,0.26351488
17,-2.481122,-7.4079585,-3.6753488,-4.425693,-4.227102,0.005731864,-3.4990423,3.217959,4.9568477,4.623766,-0.064964905,1.2593923,-1.3915858,0.8747987,-0.4813528,0.13806304,-1.4641408,10.2902775,-3.1831007,1.1577485,1.3874719,1.3408654,-0.53226155,0.805282,-0.46925306,1.5701432,-1.3910936,-2.4193606,-2.1292913,-0.49760705,-1.3783426,1.0246568,0.5647446,-0.27414334,0.77467644,0.7222793,-0.955114,0.19149956,1.6062427,-1.0883503,0.008318694,-0.19740295,-1.0825312,-0.7608584,1.1049764,-0.6858528,1.1514509,0.058057122,-0.60913163,0.9606098,0.37693557,0.05382199,0.4587565,-0.29135168,0.3324467,0.17951283,-0.36162883,0.068934664,-0.11722457,0.1508219,0.42091244,0.1915828,-1.0539563,-0.46866247,0.061490867,0.01611976,-0.09531881,0.0038728383,0.29047585,-0.49277776,0.08250945,0.2018377,-0.28013408,-0.39652658,0.63426185,-0.05239212,-0.5349586,-0.22242273,-0.22586215,-0.05134245,0.11473514,-0.008371744,0.3834203,0.3521936,0.47428352,0.5003952,0.6326443,0.64966,-0.06675978,-0.12852731,0.11078391,0.29274318,0.26210508,-0.5030817,0.48541808,-0.21232392,0.12163624,-0.1853598,0.060581364
18,2.2668166,6.3190317,7.6031127,-1.5779049,2.6770291,-1.008311,-3.1845942,0.26097715,-2.4099622,-0.71836305,-2.26624,0.43420005,-3.5528884,-2.3122084,-0.51116,-0.31140608,-0.54938823,-3.1831007,6.949766,0.22167407,-0.43592998,0.6267734,0.31943524,2.0816007,0.5538659,-0.9671937,0.7801074,2.0101209,0.99336386,2.848386,0.25174385,-2.1996253,-0.75063956,0.29562342,1.2653356,0.44377238,1.4275672,0.52374214,-0.2723319,0.5987538,-0.07753061,-1.4435834,2.008835,1.4055567,-0.360889,-0.7584419,-1.0184641,-0.0097079,0.0036300286,-0.28998142,-0.35830534,0.15963453,-0.46756312,-0.08298747,0.3694741,-0.29602098,0.13869695,0.07883314,-0.14456987,0.0005789438,-0.22820708,-0.43516904,0.10215394,-0.10446161,-0.7570462,0.18309498,-0.1569098,-0.20672879,-0.1047784,-0.1406139,0.1496997,-0.6231439,0.25297523,0.2991851,-0.054293573,-0.09706442,0.41594082,0.36833683,0.11853737,0.2826163,0.2511658,-0.007299552,0.012214656,-0.08801416,0.27996388,-0.21337032,-0.05639737,-0.4106621,-0.124633685,0.20348272,0.44123697,-0.05766296,-0.112967,0.063697,-0.16720897,-0.15592667,-0.32447436,0.3281882,0.10109265
19,-0.32539207,-8.130383,4.0305176,0.61118686,-3.1491218,-3.8668056,-0.952487,3.277419,1.5491629,-2.4073658,1.6289016,-0.21423237,-0.6775621,-2.4456081,-0.8583107,-3.0180001,-4.008969,1.1577485,0.22167407,7.887202,-1.4576783,1.5429382,2.0596771,0.6870502,-0.53869385,0.022109967,-0.34245965,-0.08165844,0.79373825,0.49908626,-0.847695,0.398354,-1.5982889,0.67025834,-0.3871094,0.8959973,1.432206,-0.6377496,0.6099961,0.14494921,-0.9635264,-0.3244821,0.15351915,-0.039951332,-0.4959461,-0.7898786,-0.38503426,0.156562,0.19762023,0.41611236,-0.25654006,0.21915555,-0.059224077,-0.3329727,0.9124456,-0.51959515,-0.2304461,0.23905066,-0.43754354,0.2902046,0.68992025,-0.17925611,-0.4875638,0.44761798,-0.118264906,0.38764036,0.38595194,-0.3549436,0.4373417,-0.11229026,0.10451139,0.34118485,-0.16948053,-0.13923109,0.12866274,0.108725026,-0.032264963,0.1939308,-0.50622237,-0.31591758,-0.31161076,-0.4008154,-0.024778727,-0.2161862,0.043920197,-0.26074785,0.32310075,-0.053029403,-0.13155712,-0.057505786,0.43317392,-2.3220247e-05,-0.026084375,-0.18956777,-0.30153164,-0.10358758,0.04452914,-0.020529903,-0.0496428
20,-1.2249568,3.0643167,-3.6370482,-4.377751,-0.2577726,0.0713866,-1.643784,-4.1843114,0.016303696,1.1405076,1.3402398,-0.28384048,0.5323622,1.5499791,2.136753,-1.4152732,1.5856843,1.3874719,-0.43592998,-1.4576783,4.9888077,-0.2790222,-1.2991738,0.42316532,-0.0047011105,-0.6690081,-1.5092146,1.0497122,-1.5294294,-0.61042106,0.45870352,0.40887275,0.37323976,-0.30526936,0.11781134,-1.3645097,-0.28107944,0.8536395,0.060287014,0.08767599,0.36694893,1.1406807,0.028303307,0.010811769,0.9870086,-1.1093224,-0.2001931,-0.12736207,-0.3535642,-0.1001864,-0.30052596,-0.131,0.3121681,-0.023907868,0.11993067,0.13013597,-0.7044698,0.43801576,0.4410677,-0.0064823646,0.11002059,0.20497367,-0.6779499,-0.5259876,0.1742597,0.28044602,-0.093864664,-0.3303124,-0.0718462,-0.24909905,-0.28144875,-0.33543128,-0.131556,0.3638193,0.11302977,0.39821893,0.21606027,-0.12652981,0.15082365,-0.051270016,0.42354566,-0.05330535,0.06340187,-0.29692924,0.050429754,0.044499874,0.31628817,-0.117251545,0.1657294,-0.13480677,0.047832765,-0.16168872,0.038600296,0.31420916,0.031805143,0.059145644,-0.11251506,0.2375405,0.29281008
21,-3.1897101,-3.5509396,-4.8237658,3.568849,0.65607905,-2.274576,-1.9293468,-0.2333646,2.2926216,4.1148305,1.1910949,-1.6194725,-0.05280853,-1.5855916,-2.0644767,-1.0664566,-0.63299346,1.3408654,0.6267734,1.5429382,-0.2790222,4.719323,1.4799476,0.18821122,-0.86887366,-0.77341115,-0.288714,1.1851794,0.091266915,1.6754133,0.9551909,-0.96487546,0.62365735,-0.39293444,0.59931165,0.34322065,-0.77775085,-1.055798,0.6551703,0.43639296,-0.63004196,0.23273745,-0.70854306,-0.693097,-0.5583749,-0.4462598,0.27595717,-0.1982696,0.2133799,0.08214213,-0.63515407,0.48391914,0.24728315,0.08737919,0.47191805,-0.19769406,0.75376207,-0.26123616,-0.15675637,0.33466893,-0.44621718,0.07049486,0.16185036,-0.30560523,0.11920869,0.30757082,0.114961036,0.20400822,-0.38048047,-0.33871448,-0.0076186364,0.0019416442,-0.20062573,-0.1518963,-0.5403279,-0.11145194,-0.13293245,0.026910957,0.21139716,-0.09484495,0.008825816,-0.5279565,0.023752756,0.42978853,0.21712866,0.044674836,0.44334584,-0.10434072,-0.029227488,-0.14490205,0.17428386,-0.12322254,-0.20728809,-0.15459183,0.06582941,-0.023983797,-0.26680762,-0.14489114,0.53488386
22,0.958411,-13.593767,4.2478156,2.6984477,-2.091035,1.1157016,-2.1796935,5.581751,0.3672496,-0.17590977,1.8294057,0.6510092,2.1321454,-1.3109262,-3.9833856,-3.0985384,0.38978767,-0.53226155,0.31943524,2.0596771,-1.2991738,1.4799476,6.7095013,0.100480765,-0.46566188,-1.5304961,-2.0095165,-0.19795516,1.8611778,-0.72421676,-0.049545866,0.3114702,-2.0365944,0.7388315,0.55208087,0.5151684,0.57250524,-0.54662156,0.2811433,-0.5432197,-0.5189613,0.6347043,-0.1856832,-0.4930184,-0.6076204,0.3473459,0.61242914,-0.34380972,0.24036795,-0.9331839,-0.47245878,-0.24252638,-0.119044274,0.17698014,0.5766882,0.4910887,0.49432218,0.11803943,-0.51646066,-0.04126043,0.07418563,-0.22703207,-0.14805779,-0.0489096,-0.5689794,0.19132099,0.35549653,-0.00038846186,0.37359178,-0.33597606,0.28529513,0.22718821,-0.25100666,-0.16255558,-0.53731793,-0.4362597,0.43896055,0.56186926,0.3242302,-0.11231959,-0.18916191,-0.2925055,0.16447264,-0.19581449,-0.48552734,-0.37716693,-0.16389567,0.271356,-0.23507033,0.50747645,0.10294667,-0.3000242,-0.025118914,0.2484234,0.25967872,0.1608576,-0.17600235,-0.109013915,0.25684094
23,0.51099676,-2.5548787,0.8551233,-11.339933,-1.0904758,2.5803988,-3.715903,0.6349139,-1.8015573,-2.4840307,-1.2209831,4.55119,-2.1307006,-0.8541893,-2.1233695,-0.85986257,-2.6501284,0.805282,2.0816007,0.6870502,0.42316532,0.18821122,0.100480765,5.923522,1.2734542,0.40131125,-0.8609822,1.9947067,0.6998117,0.86478597,-1.2374507,-0.75456893,0.17441326,0.9140038,-0.41869932,-0.9220234,0.8043293,0.68152964,1.013988,0.71035945,-0.13491353,0.042442426,0.3942995,0.6132215,0.9104997,-0.5254228,-0.21306339,-0.20577511,0.15988743,-0.4169773,0.44171625,0.5114655,-0.2833621,-0.5403946,0.41426793,-0.063806646,0.58397543,0.30186546,0.059534915,-0.22401056,0.26644227,-0.39717618,-0.92900705,-0.15534377,-0.052922186,-0.1284957,-0.4720844,-0.050245754,-0.05658784,-0.09544375,-0.079852134,0.31663328,0.16496512,0.078339964,0.22757164,-0.36036783,0.118658036,-0.28912586,0.021306653,-0.08109657,-0.082739055,-0.16011149,0.09698974,0.08405219,0.364317,-0.4185612,0.42724574,0.01906851,0.029083528,-0.08978536,0.12993754,0.07066178,-0.085991874,-0.14358932,-0.11983129,0.20194718,-0.26989818,0.54869556,0.10937736
24,3.1716716,-1.467838,-3.2940116,-4.3881035,-0.2668245,1.004586,3.9478796,-0.115571745,6.261796,-1.5357826,1.0212028,4.2282324,-0.16558877,0.87842405,1.9033048,-0.43600255,0.66559654,-0.46925306,0.5538659,-0.53869385,-0.0047011105,-0.86887366,-0.46566188,1.2734542,7.2246866,-0.3835413,0.274488,1.0413058,-0.9744043,-0.30886295,-0.0019234507,-2.1239994,0.09206275,0.39152777,0.30704522,-0.4184164,-0.61645925,0.63203347,-0.8320965,-0.6103405,-0.3103398,-0.23015288,0.9020616,0.76781046,-0.19412914,0.043286726,-0.013589939,-0.3085675,-0.09014663,-0.25371277,0.55897576,-0.26171678,0.5857407,-0.17899492,-0.15608662,-0.24218372,-0.39863297,-0.7439225,-0.12802656,0.13120013,0.4090094,0.016408622,-0.15318438,-0.2703216,0.18384951,0.09410068,0.0013774764,-0.02777098,-0.5012597,0.27905405,-0.040222093,0.2984553,0.036804676,0.30156082,0.30429316,-0.20146084,0.74673396,-0.044090718,0.026433622,-0.76539564,0.16306427,0.31317833,-0.27607924,-0.39491916,-0.027370963,-0.13408828,-0.04218979,-0.029518198,0.1593931,0.04768227,0.10139705,0.3026563,-0.006327511,-0.0798356,-0.41140205,0.32037598,-0.41799486,0.022530293,-0.22076814
25,-1.7707231,2.103582,-1.8747965,3.1737392,-1.5577016,-0.3993428,1.5184829,-1.2888405,0.8536816,-1.3166031,0.15021414,1.6273882,-2.8637166,1.5520068,1.8376858,1.9914556,-1.5751679,1.5701432,-0.9671937,0.022109967,-0.6690081,-0.77341115,-1.5304961,0.40131125,-0.3835413,6.505018,1.5935624,-1.1412818,0.3204531,0.59342796,-0.19448674,-0.2132214,-0.14084396,-0.071102664,-1.0685272,1.0046276,-0.8009064,0.8401718,0.9379496,0.27628762,-0.8140321,-0.3778342,0.04906811,-0.19256729,-0.62165606,-0.87067854,-0.36663347,0.72025776,-0.08497311,1.1737406,0.4503104,0.64269567,-0.2857734,-0.3297844,-0.91818833,-0.31355777,0.45824346,-0.16089493,-0.0821695,-0.0010894986,-0.22695899,-0.052836165,0.15633708,0.46307975,0.10699478,-0.33930808,0.277399,0.15633586,0.2560929,-0.11146006,0.15964669,0.4568084,-0.20432968,-0.17410901,0.62013483,0.32104445,-0.06482215,-0.7451813,-0.274058,0.20768744,-0.15064096,0.12052326,0.46855795,0.28545848,0.23922743,0.0978235,0.45622975,0.03829751,-0.1975604,0.12615137,-0.5866757,0.12430937,-0.027108483,0.08989306,0.2898057,0.045074783,0.11310212,-0.18107232,-0.26930624
26,0.85286176,16.12535,5.192177,5.9667244,0.8470528,2.2651603,3.261623,-6.6207047,-0.0018120355,-3.587915,-0.56947947,0.7530694,-0.44578838,-0.50512,5.0396366,4.2829494,-1.2406356,-1.3910936,0.7801074,-0.34245965,-1.5092146,-0.288714,-2.0095165,-0.8609822,0.274488,1.5935624,6.649256,0.81346166,1.076896,1.4436443,-0.9406475,-0.0880373,-0.19291684,-1.3302094,1.0435029,-0.030397285,0.3795848,0.060775604,-0.37270957,-0.47230703,-0.0019572587,-0.70426035,0.34192944,0.23886406,-0.6538119,0.25674772,0.3179373,0.12801218,-0.6090713,1.0627987,-0.119353846,0.41775626,-0.73480296,-0.30946305,-0.6171611,-0.637807,0.4852526,-0.2058356,-0.66240036,-0.47612125,0.19867228,0.3991922,0.32788604,0.16852906,0.3166567,0.10159324,0.3009627,0.17747179,0.44954118,0.26027718,-0.6922332,0.088635474,0.18190062,0.28488833,-0.07315737,-0.41395432,0.061713703,0.05251097,0.12062812,0.108846,-0.27446717,-0.09910005,-0.19289343,0.11835873,7.414518e-05,0.1860402,0.1783046,-0.3657078,-0.30045426,-0.21086049,-0.23845258,0.48392856,0.12725362,-0.041614015,-0.13711777,-0.3824569,0.11681707,-0.33909187,-0.038274612
27,-1.1682923,7.7147403,-4.451212,0.45763355,-1.2131065,-1.0474281,-0.5651554,-5.095188,-0.27544388,-1.6473019,-0.37344575,2.9008977,1.0652919,-0.16732016,1.6774693,-0.3618033,-0.9140519,-2.4193606,2.0101209,-0.08165844,1.0497122,1.1851794,-0.19795516,1.9947067,1.0413058,-1.1412818,0.81346166,5.4736075,0.4008585,0.10706827,0.4844861,-0.6379595,0.36359632,0.7919706,-0.13510327,-0.9780474,0.013523877,-0.24682926,-0.69075567,0.578551,0.38661915,0.29850143,0.8727472,0.64597696,0.37428743,-0.737652,0.09007327,-0.08443834,0.37784302,0.08401349,-0.7220099,0.17149387,-0.08149929,-0.11412314,0.7056465,-0.83374023,0.84399074,-0.1711725,-0.22776204,0.19688149,-0.027570788,0.71405953,0.1327373,-0.43693382,0.3056689,0.5233554,-0.12946033,-0.19864674,-0.32138568,-0.17358175,-0.15484035,-0.10185493,0.059805494,0.2777198,-0.27586997,0.04982335,0.32299155,0.1153804,-0.02524367,-0.35357952,0.30593193,-0.2404843,-0.33662677,0.19525263,0.34597412,-0.31395406,-0.058167774,-0.27948838,0.31777155,-0.27173722,0.07184641,-0.053405046,-0.21920833,0.16669732,-0.11068137,0.15035325,-0.2447511,0.040515732,0.3294754
28,2.1412988,3.3795571,4.39855,4.1037264,-1.0888054,-1.0322503,0.6075566,0.9256583,-3.9271488,-1.9239917,2.4351692,-0.5599785,0.42210644,-1.2777476,0.07797601,-0.22767861,-0.6721382,-2.1292913,0.99336386,0.79373825,-1.5294294,0.091266915,1.8611778,0.6998117,-0.9744043,0.3204531,1.076896,0.4008585,3.8078966,0.4160664,-1.2977303,0.85804147,-0.57836556,0.31211388,0.7170887,0.96939754,0.8135017,-0.12159858,0.15312006,0.060839087,-0.062209196,0.64299977,0.10002465,0.54387444,-0.5441755,0.25681013,0.495935,0.07207558,0.4593534,-0.40585464,-0.7072357,0.011912206,-0.9287186,-0.19656554,-0.1519888,0.085814774,0.45002252,0.25092256,0.19966182,-0.24805352,-0.12630218,0.23360147,0.199972,0.5615181,-0.2704853,0.09618254,0.29129082,-0.06882557,0.09732783,-0.16074112,0.060534876,0.16991612,0.14645058,0.0019175884,-0.25104588,-0.5550654,-0.18222919,-0.3221087,0.0311504,0.01572395,-0.22194308,-0.38658714,-0.042957764,-0.07339613,-0.03781279,-0.33193597,-0.16044807,0.05639475,-0.14294153,0.022694327,-0.06812103,-0.08861983,-0.015947143,0.23079434,0.010617016,-0.108615234,-0.20108889,-0.15735325,-0.17184165
29,1.697574,4.4562526,5.127128,2.3990617,2.8033435,-0.6646198,1.4599559,-1.3416543,1.3579705,2.2091417,-0.11869836,-1.0149736,-0.67146695,-0.7953296,-1.5722792,0.022612043,-1.6994524,-0.49760705,2.848386,0.49908626,-0.61042106,1.6754133,-0.72421676,0.86478597,-0.30886295,0.59342796,1.4436443,0.10706827,0.4160664,4.266442,0.066965386,-1.54655,0.7881544,-0.7374049,0.7177188,1.1592889,0.13983694,0.3664675,0.41957995,0.4159966,-0.08631128,-1.2692914,0.37464574,0.4573026,-0.9645591,-0.3993622,-0.6013744,0.1719234,0.2831273,0.213287,-0.0036837547,0.3885734,-0.06461796,-0.36362806,-0.6097964,0.07853627,0.25927114,0.14188671,-0.2865347,0.22121349,-0.48021382,-0.208354,-0.09951218,-0.042755205,-0.031613983,-0.042505674,-0.11874919,0.023726719,0.030537503,0.08786082,0.0038090828,-0.06807549,0.053272523,-0.17511123,-0.16485193,-0.008302428,-0.091166794,0.046439797,-0.11589143,0.22111753,-0.4137627,-0.34658486,0.14807433,0.047657177,0.12250997,0.27092105,0.04901752,-0.49404332,-0.1497141,0.16497949,0.38089818,0.14774865,-0.17559326,-0.19564432,-0.13604961,-0.174501,-0.17953578,0.2088686,0.16416687
30,-5.4775887,-3.397313,-7.1279664,1.1446671,1.2707334,-0.020038199,0.86077976,-2.234422,-0.3608631,0.25044703,-0.593659,-2.6787384,-1.8214658,-2.8092406,0.63688785,0.2704085,1.6579652,-1.3783426,0.25174385,-0.847695,0.45870352,0.9551909,-0.049545866,-1.2374507,-0.0019234507,-0.19448674,-0.9406475,0.4844861,-1.2977303,0.066965386,4.5328546,-0.45996544,-0.16816247,-0.749502,-1.3453586,-0.6178155,-1.1249251,-0.86401427,0.9975931,0.7994244,-0.16608304,-0.17560339,0.07977852,-0.73002505,-0.40965712,-0.72746086,-1.1392794,0.058254357,0.18012625,0.34171015,-0.41197038,-0.3918659,0.77110875,-0.027590819,-0.1269876,-0.047235236,0.03278703,-0.324206,-0.1493763,-0.07063228,-0.3482644,-0.19666034,0.25740063,-0.06866145,-0.0842223,-0.15380806,0.4227085,0.06883308,-0.17331469,0.04603128,0.23163256,0.08737445,-0.2570336,-0.016659655,-0.016790185,0.22916886,0.27717024,0.10662438,0.27572623,-0.2956115,0.35426152,0.31377566,0.10568304,0.18431777,0.022559833,-0.12485106,0.07330425,-0.21348509,0.051234383,0.10574048,0.14502662,-0.20512408,-0.1572502,0.15267424,-0.11094013,0.10722592,-0.018439341,-0.06378668,0.043149173
31,-2.6062047,-2.1386528,-1.8337855,-0.7830806,-3.2407618,-0.32003272,1.071615,-1.096978,-3.7171688,-2.2279363,1.3356382,-1.2889228,1.8035858,-1.3477528,-0.28470612,-1.0688765,-1.7884593,1.0246568,-2.1996253,0.398354,0.40887275,-0.96487546,0.3114702,-0.75456893,-2.1239994,-0.2132214,-0.0880373,-0.6379595,0.85804147,-1.54655,-0.45996544,5.30796,0.23838449,-0.46674556,-0.05812545,-0.70510733,-0.22894484,-0.820256,0.67504466,0.03727172,-0.34934437,0.8898173,0.09714584,-0.64280516,0.5921045,-0.23025973,0.64118564,0.5484221,0.28134638,0.36245185,-0.31358087,-0.57936275,-0.08016368,0.027721953,0.7047889,0.45287547,-0.3804595,0.81167305,-0.0034669389,-0.4420159,0.1384961,0.20638193,-0.15161073,0.19379252,0.26067773,-0.03246101,0.5539712,-0.26713288,0.3942296,-0.020535292,-0.16008882,-0.11728692,-0.17217113,-0.04721921,0.11946012,-0.08747417,-0.27778208,0.020137116,0.12371986,-0.022834398,-0.3230037,-0.14251912,-0.43845367,0.15632647,-0.2837459,-0.07408429,-0.18717933,0.27911794,-0.01882704,-0.30044487,-0.33742413,0.15360264,0.24988064,-0.032974057,0.09975009,-0.07484139,0.16746888,-0.10352646,-0.301552
32,-0.7920763,5.532904,-3.9009352,-0.07914983,2.3843353,-1.4968673,-1.2099009,-1.8823583,-0.12536502,3.6505175,-0.9161496,-1.8051555,2.0849857,2.016764,1.3621801,0.9322469,-0.09857315,0.5647446,-0.75063956,-1.5982889,0.37323976,0.62365735,-2.0365944,0.17441326,0.09206275,-0.14084396,-0.19291684,0.36359632,-0.57836556,0.7881544,-0.16816247,0.23838449,3.0922184,-0.7071881,0.69209564,-0.33563524,-1.7612042,0.21568978,-0.25636238,-0.015853016,-0.21174961,-0.059912838,-0.02038943,0.09108092,-0.1313335,0.42642167,0.18072572,-0.038732324,0.52713144,-0.21258222,0.3168474,0.040939763,0.58784413,-0.287421,0.041697435,0.088978976,0.036895834,0.025247958,0.34999603,0.12092742,-0.359842,0.33105406,-0.28226632,-0.11188379,0.4121977,-0.16531901,-0.4209622,0.07137234,-0.3364367,0.09403877,-0.00933333,-0.1825695,-0.016414974,-0.30860972,-0.09811345,-0.014413631,-0.321182,-0.17748395,0.01486408,-0.00297977,-0.19557177,-0.011440971,-0.2674458,0.16620004,0.007313965,0.0036259855,0.012224009,-0.030969305,0.20050155,-0.15753528,0.20862436,-0.023631852,-0.0063228104,-0.27266985,-0.049356848,0.03767814,-0.115554765,-0.08470513,-0.07367739
33,1.3324829,-2.013535,0.47931683,-0.5326907,-1.4047137,-1.7771618,0.4870818,1.526348,-0.06507351,-2.6576686,-0.31853104,2.735574,0.24713384,1.7505579,-1.0217575,-1.3176823,-0.5170652,-0.27414334,0.29562342,0.67025834,-0.30526936,-0.39293444,0.7388315,0.9140038,0.39152777,-0.071102664,-1.3302094,0.7919706,0.31211388,-0.7374049,-0.749502,-0.46674556,-0.7071881,2.2829537,-0.35200217,0.040755715,0.6594436,0.0295459,-0.28039387,-0.0892521,0.7325319,0.45545673,0.2548778,0.87794334,0.38388807,0.007850604,0.39447764,0.23651129,0.39490575,-0.26592207,-0.24225308,-0.2308575,-0.23729506,0.52109873,0.2074643,-0.19697589,-0.07927601,0.058674738,-0.045111425,0.38703197,0.06967967,-0.017930675,0.24949935,0.070175916,0.038114384,-0.14272887,-0.14105144,-0.19976191,-0.18184718,0.005488199,0.25991797,0.18067437,0.23243721,-0.21477914,0.23564902,0.22120309,0.051244948,-0.23846287,-0.50580204,-0.0072465213,0.05524253,0.07145523,0.2715127,0.06932761,0.020856984,-0.12596571,-0.07125755,0.25848007,0.08273867,0.119231775,-0.12212895,-0.101762466,-0.2137913,0.115423955,-0.0402281,0.010873465,0.0902907,0.1714411,-0.018983902
34,2.707746,3.586444,6.2510853,2.2119865,0.0817361,-0.27272376,-2.8253155,-0.014378715,2.6116805,1.6286428,-0.40471137,-1.0971379,0.9119482,0.08141738,1.0917299,0.5948286,0.32318765,0.77467644,1.2653356,-0.3871094,0.11781134,0.59931165,0.55208087,-0.41869932,0.30704522,-1.0685272,1.0435029,-0.13510327,0.7170887,0.7177188,-1.3453586,-0.05812545,0.69209564,-0.35200217,3.320736,0.081547156,-0.68822175,0.3161052,-0.74513257,-1.0720882,-0.122831285,-0.5739998,0.50369203,0.5381055,-0.43359178,0.2125053,0.58218133,-0.44417775,-0.023188168,-0.22311212,-0.70195997,-0.13328856,0.104008034,0.08548811,0.18943268,0.28644383,-0.26847002,-0.23723638,0.023851708,0.17950648,0.043624006,0.19170496,-0.21008374,0.023016449,-0.2867581,-0.16254547,0.09387809,0.031084092,-0.0018108011,-0.0005411961,-0.12590805,-0.20513138,-0.06243129,0.15888943,-0.27934042,-0.23669845,0.18954627,0.16740388,0.2900775,0.32085449,0.05897726,-0.204543,-0.0099612,-0.08756341,-0.08455827,-0.20068127,0.001385276,0.15082993,-0.18767345,-0.016780864,0.2605806,0.07053556,0.2758555,-0.16149563,0.15256387,-0.23396361,-0.15620491,-0.34919423,0.01892868
35,2.1076994,-2.8286033,2.538,5.45079,-1.5422053,-1.6401851,2.3434548,4.8749733,1.2059803,2.9963646,-0.66034055,-0.43111837,-1.6763709,0.20624027,-2.3831768,0.4092967,-0.5356773,0.7222793,0.44377238,0.8959973,-1.3645097,0.34322065,0.5151684,-0.9220234,-0.4184164,1.0046276,-0.030397285,-0.9780474,0.96939754,1.1592889,-0.6178155,-0.70510733,-0.33563524,0.040755715,0.081547156,3.2659721,0.4911897,-0.17963928,0.18911365,0.0529048,0.1655922,-0.6578182,-0.20471011,0.1976226,-0.32360947,0.044314735,-0.12306708,0.6112315,0.26008847,0.12134603,0.0936317,-0.16296607,0.027091606,0.030196927,-0.58820665,-0.3209644,0.5052452,-0.25622797,0.14716303,0.16337237,-0.18704545,0.21682976,0.2943065,0.13726664,-0.44874424,0.031653617,0.035845254,-0.048793796,0.08019599,-0.33694196,0.16059905,-0.3381315,0.061341234,-0.41053012,0.11901924,0.06287004,-0.36054915,-0.06853678,-0.46812344,-0.09139606,-0.12947744,-0.09923459,0.00583901,-0.22077455,0.09319258,0.17201999,-0.40841436,0.08521594,-0.17249766,-0.1539774,0.04627508,0.110540606,-0.12757865,0.12617216,0.10744603,-0.0039631855,-0.028940909,-0.24582349,-0.15869728
