,0,1,2,3,4,5,6,7,8,9,10,11,12,13,14,15,16,17,18,19,20,21,22,23,24,25,26,27,28,29,30,31,32,33,34,35,36,37,38,39,40,41,42,43,44,45,46,47,48,49,50,51,52,53,54,55,56,57,58,59,60,61,62,63,64,65,66,67,68,69,70,71,72,73,74,75,76,77,78,79,80,81,82,83,84,85,86,87,88,89,90,91,92,93,94,95,96,97,98
0,388.48868,-0.9222163,-4.662155,-0.081078745,0.26076624,-0.015570179,-0.881562,-0.38584614,-0.8681192,0.2298269,-0.5252766,-0.34494674,-1.5290422,-0.8489081,0.61770606,0.022851013,-0.32868782,0.43885022,-0.4352312,0.16654453,0.27378666,0.51559323,-0.13852015,-0.091762155,-0.5567068,0.33526742,-0.07916328,0.25681365,-0.36211324,-0.25309658,0.89242315,0.4187559,0.13071558,-0.21029037,-0.45850748,-0.38243514,-0.43145725,-0.3024209,0.36961818,0.2344767,-0.043501627,0.23264536,-0.004344466,-0.5807761,0.18167591,-0.1757001,-0.12731573,0.16240945,-0.023124333,0.3287887,-0.13743258,-0.12191577,0.19423443,-0.048616584,0.15953468,-0.21601598,0.07863034,-0.07613622,-0.2751587,-0.020118523,-0.12217742,0.09035464,-0.08100881,0.015994232,-0.05192641,0.06648487,0.30121207,-0.032067873,0.05990503,-0.21320465,-0.0078857485,0.0032463497,-0.022345629,-0.02864194,0.13732117,0.039525025,0.06565899,-0.03128516,-0.021825347,-0.021003716,0.040339597,0.07788554,0.08797553,0.17342663,0.12974131,-0.13858047,0.19137238,0.009385353,0.0062056594,-0.034022428,-0.07675938,-0.09381261,-0.10202998,-0.06458773,-0.003348582,0.09273283,-0.010968447,-0.11327802,-0.01100686
1,-0.9222163,121.8089,-1.3146982,-3.354543,-1.8533068,0.60194844,-0.5016494,5.535082,3.5065498,0.9556203,0.2600525,0.93658483,-0.6631787,-1.7062688,-5.597949,-2.2405074,-0.39052323,1.232301,-1.0387652,1.3225901,-0.5368446,0.6009846,2.268507,0.42996132,0.254646,-0.3656437,-2.7220364,-1.3129609,-0.56463385,-0.756942,0.57740414,0.3642073,-0.92578936,0.3327154,-0.5987505,0.48385236,0.16574049,-0.8277488,0.6488264,0.026019465,-0.5804552,-0.22863516,-0.6698103,-0.9278717,0.11807768,-0.028963983,-0.12969127,0.17801507,-0.07204029,-0.30606753,0.22568618,-0.22813886,0.5291699,0.24437913,0.49513194,0.33007917,0.32395932,-0.24230786,-0.14071384,0.073640235,0.015079704,-0.41350067,-0.17053926,-0.104385614,-0.31568617,-0.26351565,0.29782087,0.08502233,-0.04953198,0.04979258,0.27922568,0.07919915,-0.14278767,-0.17486763,0.10152109,0.09645506,0.117034346,0.22343239,0.03803062,-0.15238585,-0.00030835188,0.014559353,0.018757675,0.00830678,-0.13951764,-0.23645705,-0.023271853,0.24955633,-0.11445281,-0.049583055,-0.048386898,0.11134294,0.0035837772,-0.07321742,-0.018921161,0.19440489,-0.016517721,-0.01373353,0.000109881985
2,-4.662155,-1.3146982,55.989773,0.23980825,0.3361817,-1.7558107,0.44514552,-0.5536728,-0.876711,0.6964959,0.44369933,-0.22023533,-0.8323009,0.088364735,0.023413641,0.15803826,0.5128659,0.6796515,-1.4256408,-0.36801553,0.7969668,0.7569499,-0.6509259,-0.1602833,0.48133817,0.42019033,-0.69519365,0.91298574,-0.7462984,-0.77307075,1.125808,0.25873291,0.6480466,-0.045119356,-1.060667,-0.5058394,-1.0667586,-0.30924228,0.1729741,0.21282016,-0.08111745,0.6959625,-0.28934556,-0.61216533,0.2573151,-0.19752952,0.05206498,0.3226946,-0.005881401,0.10886651,0.23624194,0.16296768,0.24700573,0.16141658,0.22283518,-0.29356962,0.17057897,0.024126027,0.2839203,0.14519852,-0.2939393,0.35301754,0.17227772,-0.031174775,0.19239691,0.3462997,0.24850258,0.031752534,-0.33195013,-0.25438374,0.15266392,0.0070744297,-0.19143507,-0.13282777,0.2688405,0.20086107,0.11434108,-0.16548705,-0.041605346,-0.38574642,0.12105417,0.07453148,0.010657959,0.20684808,0.3146007,-0.118726134,0.16699496,0.019874938,0.23314601,-0.1588106,-0.22428095,-0.25161046,-0.25070465,-0.029365586,-0.00070715393,0.08065501,-0.11256366,-0.067251556,0.01432209
3,-0.081078745,-3.354543,0.23980825,36.18034,0.02831759,2.6235633,-1.082603,1.7777247,-1.4005159,-0.75426126,-1.0474174,1.7611644,-2.0837088,-0.9389446,-0.9306445,-0.74131095,-0.09422209,0.7154273,0.32506883,-0.2247315,0.65804154,-0.5773437,-0.47589898,1.9055904,0.76276445,-0.5737926,-1.0685618,-0.14350331,-0.68323094,-0.435767,-0.16464987,0.15039638,0.015300065,0.07518198,-0.36480618,-0.8804338,0.30931574,0.2355884,0.24787742,0.20314805,0.020425338,-0.081162035,0.23410635,0.14425147,0.67333376,-0.18206424,-0.3319256,-0.11450405,-0.2972169,-0.25793606,0.26506302,-0.0951814,0.07240227,-0.15710503,0.25910205,0.2902078,-0.20830545,0.18384063,0.18353987,-0.1347736,0.34678456,-0.46119186,-0.37128335,-0.17087923,0.057223532,-0.3026854,-0.17571184,-0.07683663,-0.043327678,0.109690726,-0.13322422,0.017763156,0.024347551,0.26636714,0.11513686,-0.07251455,0.075931266,-0.011432758,0.057932638,-0.017558405,-0.046425488,0.006759754,-0.07220318,-0.05004046,0.024299972,-0.09580081,0.22075798,0.045654066,0.07953271,-0.08178337,0.0098539125,0.09305667,0.0734722,-0.14095432,-0.10294823,0.08293402,-0.08709055,0.27022535,0.05518111
4,0.26076624,-1.8533068,0.3361817,0.02831759,36.6955,0.4464965,0.33100715,0.30228737,0.9425474,-0.75782895,0.1799095,0.7235953,0.055478938,-0.47547597,-0.08546284,-0.08660826,-0.7536087,0.7111651,-0.45627055,0.5434179,0.053032115,-0.11252901,0.35327867,0.18169248,0.040996082,0.26641423,-0.13267678,0.21193922,0.18178922,-0.4649089,-0.2163201,0.54009616,-0.39951023,0.23704614,-0.014412932,0.25397903,-0.029926077,-0.1930095,0.23349267,0.11432762,0.15140092,0.16946235,-0.050186463,0.08190622,0.26489568,-0.327878,0.08859596,-0.098595545,0.11259365,0.20318627,-0.17322621,-0.03272534,0.035158776,0.008725751,0.08002181,-0.06702484,0.024755206,-0.12799829,-0.025482059,0.09670476,0.1650286,0.05325862,0.035283037,-0.03847959,0.074497774,-0.0014283364,0.025685688,0.004994993,0.10415679,-0.06139826,0.017279169,0.13450894,-0.08529422,-0.011611488,0.050753705,0.031373397,-0.0052495934,-0.061448943,-0.06510395,-0.075595476,-0.012357341,-0.043188177,-0.043625347,-0.04850048,0.041978896,-0.09555489,-0.10471915,0.19541338,-0.034339927,-0.13401034,-0.025747737,0.119341925,0.1075875,0.049613655,0.1195533,0.08239561,0.048838742,-0.07345602,0.010006309
5,-0.015570179,0.60194844,-1.7558107,2.6235633,0.4464965,27.36675,0.06141255,-0.7660419,-0.31725323,0.574293,1.1301775,-1.5236514,1.1197395,0.7574266,0.20925146,-1.0247521,-0.44293565,0.019092303,0.12116454,0.74331844,0.046757348,0.3650152,-0.16793582,-0.43742466,-0.19013982,0.100055024,-0.3248788,0.2277678,0.16978186,0.13796636,-0.017800223,0.03850492,0.24902678,0.30854017,0.041295506,0.24936682,-0.08435151,-0.12320398,-0.04312855,-0.053812232,-0.32608885,-0.025075477,0.038351487,0.2522605,-0.27498227,-0.23598267,0.21461415,0.27446324,0.12004122,0.036211275,0.029103126,0.13150418,-0.013935514,0.090666756,0.2792086,-0.27199703,0.014673166,0.18445629,0.2882471,0.08889143,-0.28722465,0.16679037,0.004591027,0.16528243,-0.09383693,0.15193942,-0.05119103,-0.1486921,-0.2779165,-0.079767615,0.24334256,-0.05991265,0.02753666,-0.13260096,0.08675216,0.11289179,-0.031782042,-0.06365502,-0.18034497,-0.17466624,0.09944831,0.046239477,0.023335699,0.07506886,0.013379996,-0.00836141,-0.05540395,-0.025192935,0.12872975,-0.00971326,0.030412199,-0.11443925,-0.13250062,0.0012924012,-0.033178464,-0.18040974,-0.045589328,-0.03034148,-0.10093798
6,-0.881562,-0.5016494,0.44514552,-1.082603,0.33100715,0.06141255,25.279453,0.7337314,-0.5333279,1.3049603,-0.33986565,-0.6372044,-0.1842419,0.38258654,0.48555374,0.84825706,0.54453784,0.5906656,0.52188754,0.18231678,0.28921866,0.31927347,0.36946493,0.6209283,-0.6662636,-0.24635828,-0.53317976,0.10710339,-0.1024518,-0.23810157,-0.14916581,-0.18302637,0.20220214,-0.07893796,0.47203413,-0.39840078,0.09947342,0.26821953,0.45888728,0.023323385,-0.11537923,0.2176114,-0.041993584,-0.18433662,0.2627837,-0.15615313,0.08456497,-0.051148728,-0.11745465,-0.3091755,0.09352526,0.0628476,-0.004933289,-0.066302925,0.564505,0.009116795,-0.040088788,-0.054765154,-0.062443696,-0.07960386,0.026897322,0.075860396,-0.36520582,-0.15600401,-0.12170325,0.114739254,-0.08976455,0.055069536,0.06585871,-0.041408457,0.10101071,-0.13179028,-0.03466431,-0.2152971,-0.06219067,-0.063257396,0.0014748876,0.032728083,0.17093414,0.20951417,0.17654732,0.02865333,0.044653565,0.088416785,0.13502856,-0.17093357,0.1561848,0.10961477,-0.14557973,0.05285856,0.20505092,-0.10718866,0.09724219,-0.117389575,0.07457666,0.0411032,-0.065210834,-0.054485135,0.05711324
7,-0.38584614,5.535082,-0.5536728,1.7777247,0.30228737,-0.7660419,0.7337314,23.414137,0.47790253,-1.3879377,0.66628504,-0.58607864,2.160464,0.43017846,2.0153544,0.2810346,-0.57630175,-0.5345603,-0.05383097,-0.52842,0.713102,0.03570802,-0.9306153,-0.107440725,0.01470773,0.22286317,1.1201358,0.8642721,-0.15563552,0.23031187,0.3696514,0.18047528,0.3148413,-0.25324714,0.0014835927,-0.82163405,-0.2185672,-0.07356986,-0.06894998,0.03245207,-0.074593365,0.1549221,-0.04832094,0.0067719454,-0.08626993,-0.18468031,0.12615089,-0.3307181,0.12803298,0.3575094,-0.16887015,0.18518816,-0.034493826,-0.14418778,-0.12389272,-0.2118145,0.07373984,0.05736267,-0.17399737,-0.104693554,-0.098269284,0.110698156,-0.025420109,0.036052942,0.19135614,0.136069,-0.08833964,0.054663677,-0.08491497,0.049953617,-0.1186975,0.07519309,0.12941073,0.08042054,0.019931281,0.02222327,0.023913799,-0.0145796845,0.16341108,0.02200165,0.13687584,0.08195936,-0.020721857,0.04890009,0.024881806,0.08337681,0.11677411,-0.1834645,0.09937327,-0.049376905,-0.026211299,0.04045193,0.002827483,0.10182987,-0.03034752,-0.029890547,0.08363879,0.07141568,0.05476516
8,-0.8681192,3.5065498,-0.876711,-1.4005159,0.9425474,-0.31725323,-0.5333279,0.47790253,20.327183,-0.3837884,-0.12016067,-0.810546,-0.866387,0.37031165,1.041088,0.14968303,0.025054889,-0.84740925,0.4449457,-0.3426783,-0.053727496,-0.37010735,-0.07787299,0.30628508,-1.0294228,-0.17178346,-0.04695469,0.00061632565,0.6602309,-0.2505632,0.07879975,0.6355125,0.02238881,0.0013645364,-0.43351606,-0.1799836,0.1833638,-0.06280543,0.39300942,0.33923155,0.07310464,0.12477884,0.16483042,0.25649524,0.13591923,-0.035961166,-0.07902333,0.2090956,-0.1735892,-0.15596122,0.19563466,0.00861506,-0.49116427,-0.044758238,0.042371206,0.038567178,-0.020669255,0.6325091,0.42188674,-0.23214188,-0.12346935,-0.026757093,-0.032493807,0.17816237,-0.10104318,-0.06373736,-0.09678529,-0.14302503,-0.004385869,-0.30017895,-0.058923572,0.00961471,0.03236613,0.056868926,-0.034567,-0.18245181,-0.031737182,-0.03152347,-0.11022018,0.0062717553,-0.19799492,0.0060792314,0.09526028,-0.08887328,0.0037182756,-0.09715174,-0.040856406,-0.065041006,-0.0077036954,0.0011215233,-0.15413359,-0.22402027,-0.06964363,0.029665459,0.063869104,-0.07784394,-0.10298796,0.113451496,-0.020499505
9,0.2298269,0.9556203,0.6964959,-0.75426126,-0.75782895,0.574293,1.3049603,-1.3879377,-0.3837884,21.518599,-0.21654418,1.0547068,0.2886486,-0.61951095,0.4999017,-0.06644109,-0.5602305,-0.7484497,0.059116177,0.526124,-0.11561717,-0.7093327,0.05365781,0.40906796,0.22900312,0.2630645,0.67060506,0.3430489,0.3182298,-0.3356519,-0.06908162,0.3536811,-0.6133085,0.4590906,-0.2783063,-0.5341457,0.4520424,-0.03978165,-0.08198938,-0.103226885,0.0049014203,0.18481365,0.25042325,0.22395965,0.036726624,0.031389415,-0.021121074,-0.0998208,0.09377168,0.05383601,-0.1546691,0.030003231,-0.20452122,0.03324815,-0.026743341,-0.06420964,-0.01451464,0.084565505,-0.059820905,-0.06110064,0.2472198,-0.18578781,0.13386968,0.20206082,0.09999317,-0.08322203,0.07590178,-0.016109165,0.107790485,0.18207851,-0.018527102,0.16904819,0.098774366,0.01683119,0.19479412,0.016077977,0.14363,-0.05739995,0.04560712,-0.044087693,-0.03296573,0.043264247,-0.004295836,-0.028656445,-0.067786396,-0.14418343,0.0929454,0.028718619,0.005573881,-0.015042011,-0.08028604,0.010113488,-0.037359394,0.13006979,-0.09828521,-0.054879628,0.1552537,0.09027635,-0.029093359
10,-0.5252766,0.2600525,0.44369933,-1.0474174,0.1799095,1.1301775,-0.33986565,0.66628504,-0.12016067,-0.21654418,18.257416,-0.0005458867,-1.2408433,-0.025967695,-0.29383826,0.53401,-0.3220018,0.016703468,0.3656315,-0.2449362,-0.20738256,-0.20403278,-0.30085397,0.20289096,-0.17735946,-0.0155152865,0.111138254,0.07773864,-0.40863794,0.027617432,0.093260534,-0.2280223,0.15293624,0.056514256,0.06650366,0.10323349,-0.21538241,0.041320086,-0.17650345,-0.025678296,0.07966425,-0.21868354,0.17050357,0.0870129,0.19406594,0.23747401,-0.26718277,-0.005422345,0.15900344,0.15716861,0.048941858,-0.11916801,0.31906652,0.080809936,-0.17004156,-0.101122335,0.0780042,-0.111642465,0.00031689415,0.0829916,0.07491298,-0.14479072,-0.08439158,-0.038604893,-0.20326304,-0.20478189,-0.12408304,0.028252507,0.006347006,-0.052234054,-0.1754668,-0.16434568,0.051898494,-0.026136054,0.10718179,0.06877075,0.10837954,0.05935214,-0.011629054,0.053465154,0.050464064,0.08052564,0.05702043,0.0008289258,0.020575631,0.037251927,0.023032196,0.07819897,-0.008948857,-0.07001522,-0.013140918,0.012044297,-0.03913807,-0.020171992,0.005187042,-0.0026327523,0.041535974,0.012772165,-0.033378847
11,-0.34494674,0.93658483,-0.22023533,1.7611644,0.7235953,-1.5236514,-0.6372044,-0.58607864,-0.810546,1.0547068,-0.0005458867,16.041908,0.0678091,-0.123048246,0.3365735,-0.030839503,0.30919015,-0.183671,-0.13729595,0.1658,0.12710515,0.24968475,-0.08344647,-0.7692997,-0.73771083,-0.22749333,-0.052341215,-0.41474473,0.08961186,0.20611304,0.4198615,0.1953587,0.30008733,-0.4431671,0.17779094,0.037943453,-0.30357286,-0.19794303,0.170401,0.05004868,-0.30844414,0.22922722,-0.23134825,-0.016339839,-0.22486529,-0.08385205,-0.102956876,-0.054707594,0.15941373,-0.02442383,-0.04909017,0.011798327,0.19073156,-0.019222662,-0.04198333,0.03037449,-0.14553833,0.036715798,0.3093046,-0.02787304,-0.08876005,-0.08308031,-0.0074217576,0.029851658,-0.15992048,-0.029000629,-0.020064028,0.10056375,-0.14326674,0.025533892,-0.09278596,-0.092195526,-0.031038567,-0.038240463,-0.11087664,0.06982543,-0.022058513,-0.0528195,0.10806896,-0.009920923,0.10512811,-0.03885605,0.03936685,-0.046078384,-0.062588304,0.073376074,-0.002751301,-0.0070116003,0.025144074,-0.003016349,0.10135822,-0.086711526,0.002401718,0.013110923,-0.0009681635,-0.09618835,-0.07719405,-0.02997226,-0.06792028
12,-1.5290422,-0.6631787,-0.8323009,-2.0837088,0.055478938,1.1197395,-0.1842419,2.160464,-0.866387,0.2886486,-1.2408433,0.0678091,12.019691,-1.4059045,-0.54722893,0.5606191,0.3807463,0.26681727,0.514583,0.27499396,0.00979793,-0.017861914,-0.32523227,0.3477689,-0.009234351,0.5354378,0.16633455,-0.090113886,-0.07583377,0.15738976,0.26933527,-0.3274253,-0.35182357,-0.022896376,-0.16005747,0.23812047,0.12936856,0.13368036,0.22949955,0.31932732,0.18661179,-0.061445236,0.2472133,0.03929527,0.18425417,-0.30177087,-0.475771,0.40271872,-0.18286298,0.10152386,-0.04643026,-0.106679425,0.076609455,0.09650712,-0.13231342,-0.13984662,-0.12536526,-0.1510913,0.053813778,-0.040130932,0.105687976,-0.17429185,0.116094746,0.003962792,-0.17209685,-0.12427934,0.27959988,-0.026216604,0.06907786,-0.04188494,-0.1977607,-0.090836,-0.123946786,0.26439315,0.02987127,0.06962524,0.027907535,-0.13855113,-0.18043843,0.009062639,0.04507538,-0.059670404,0.12016633,0.0061262576,0.11098865,-0.040994667,0.089232385,0.0076912586,-0.044641834,0.0041968953,-0.07381487,0.03268611,-0.0010258185,-0.0734919,-0.048629656,-0.011299704,-0.124453574,-0.051541325,-0.07211956
13,-0.8489081,-1.7062688,0.088364735,-0.9389446,-0.47547597,0.7574266,0.38258654,0.43017846,0.37031165,-0.61951095,-0.025967695,-0.123048246,-1.4059045,12.989003,-1.0739398,-0.17978348,-0.1972117,-0.13803096,0.3670764,0.44989482,-0.23479253,0.2588174,0.22745593,0.14076805,-0.1563156,-0.245883,0.107505895,0.05008529,0.2126566,0.14441252,0.461473,0.2193119,-0.33836907,-0.28848845,-0.015475307,-0.045176968,0.27543828,-0.21312809,0.306795,0.19452652,0.045566693,-0.18137378,0.03688463,-0.21449064,-0.017621268,-0.06485598,-0.22037935,-0.05752658,-0.007027499,0.10657044,-0.30616277,-0.012198602,0.013606288,-0.05064364,0.01608596,0.061887115,0.002707045,-0.094602674,-0.06926435,0.0024208692,0.018233603,-0.16957033,0.13926671,0.11864224,-0.06927869,0.07657878,0.16743317,0.10291518,0.0172183,0.03426224,-0.045810923,0.020570796,-0.092414126,0.20122871,-0.048704185,-0.057483554,-0.03047099,0.012520514,0.10117405,-0.08612092,0.057401035,-0.03855764,-0.09743413,0.0133789275,0.026604563,-0.10347894,0.029711999,-0.11304121,0.03901054,0.0051657325,0.049946636,0.025496883,0.10918534,-0.0065325317,-0.033015955,0.015040365,-0.029237311,-0.053375542,0.021315292
14,0.61770606,-5.597949,0.023413641,-0.9306445,-0.08546284,0.20925146,0.48555374,2.0153544,1.041088,0.4999017,-0.29383826,0.3365735,-0.54722893,-1.0739398,10.6372795,-0.63710093,-0.09680228,0.09635022,0.04817432,0.21898466,-0.3116874,0.33322805,0.68180054,0.35134816,-0.33591944,-0.28163445,-0.801125,-0.23974502,-0.015457605,0.28421783,-0.12325086,0.03582199,-0.2293534,0.17969519,-0.18622793,0.37920105,0.36874598,-0.13364324,0.09588063,0.1302726,0.006927436,-0.20998889,-0.33178893,-0.24840508,0.07836018,0.18229263,-0.05657053,0.15474692,0.061152592,-0.21660678,0.13656175,0.1043243,0.050176494,0.23551816,0.02210692,0.14260331,0.22903433,0.05491074,0.06617663,0.05732877,-0.121525005,-0.1992844,0.13756418,0.049627744,-0.1243629,-0.0032922039,0.014074915,0.09738799,-0.10350006,0.069031864,0.020907264,-0.11808814,-0.093258776,0.0009205129,-0.06806888,0.102811456,-0.10490571,0.10485731,0.0033926254,0.042055685,-0.007203864,-0.07567487,-0.017139647,0.023293048,-0.020507865,0.06299692,-0.09247712,-0.06975666,0.054162323,-0.002346788,-0.060810797,-0.0050376784,-0.032756675,-0.020551715,0.010944687,0.0032892656,-0.004426152,0.102729775,0.061705045
15,0.022851013,-2.2405074,0.15803826,-0.74131095,-0.08660826,-1.0247521,0.84825706,0.2810346,0.14968303,-0.06644109,0.53401,-0.030839503,0.5606191,-0.17978348,-0.63710093,10.571943,-0.5772309,-0.02776391,0.063197315,0.48311752,0.22337544,0.18224731,0.5144462,0.14521855,0.07808998,-0.34115398,-0.7297586,0.048437424,0.03883412,-0.009975785,-0.04037532,0.18247148,-0.15572408,0.21809393,-0.09858613,-0.06267297,0.09393963,-0.15463519,-0.19409041,-0.009913672,-0.2330418,0.030954197,0.0876771,0.035525642,-0.06550181,-0.09179636,0.023441318,-0.10554022,0.09845017,-0.0063145077,-0.1416688,-0.05342585,0.05637957,-0.039105304,0.085153624,0.042958893,-0.0057601007,0.094793424,0.0127094565,0.08456138,-0.019765276,-0.12920576,-0.06731659,0.033053443,-0.09253332,-0.038178064,-0.008445939,-0.11312422,-0.09543413,-0.08307892,0.040264938,0.030529696,0.06664878,0.10538207,0.0029108147,0.023438353,0.0804669,0.045737907,-0.016483545,-0.062199686,-0.028278472,-0.04774265,0.0051244916,-0.025963806,-0.07809724,0.0019644494,0.00830547,-0.012785787,0.11780913,0.017351735,0.0013191444,-0.04407569,-0.082435146,0.021795651,-0.016343486,0.023956796,-0.032772444,0.07349552,0.021269523
16,-0.32868782,-0.39052323,0.5128659,-0.09422209,-0.7536087,-0.44293565,0.54453784,-0.57630175,0.025054889,-0.5602305,-0.3220018,0.30919015,0.3807463,-0.1972117,-0.09680228,-0.5772309,9.851473,0.24234687,0.09868833,0.6577872,-0.27377433,0.10820994,-0.06790507,0.444494,-0.10837099,0.25909033,0.20007718,0.14569,0.11296959,0.28080782,-0.27463514,0.3015837,0.016728736,0.08503875,-0.05349863,0.09324108,-0.044829685,-0.19578353,0.077304326,0.10009887,-0.15148532,-0.23304254,0.056346558,0.015442472,0.026117004,-0.10318653,-0.0011027673,-0.09192173,0.106717415,0.3266362,0.027890734,0.0768491,0.024523078,-0.10046436,-0.0057103466,-0.13989583,0.13725033,0.060536012,-0.14123757,0.057262298,-0.016894719,-0.03765317,-0.13750078,0.07711338,-0.053467497,-0.008521108,-0.03693609,-0.0078543965,0.0400622,-0.13190883,-0.036313973,0.09225403,0.09301911,-0.005773073,0.10551464,-0.011569068,0.024057496,0.021940645,-0.09028344,-0.0067297993,-0.12156396,0.012814449,0.0392161,-0.014624098,0.032103382,-0.058258794,0.00315509,-0.0027178712,0.0056223623,-0.078853786,-0.038222857,0.06721102,-0.013325134,-0.04430213,0.013705542,0.04869778,0.030815743,0.044332057,-0.043857694
17,0.43885022,1.232301,0.6796515,0.7154273,0.7111651,0.019092303,0.5906656,-0.5345603,-0.84740925,-0.7484497,0.016703468,-0.183671,0.26681727,-0.13803096,0.09635022,-0.02776391,0.24234687,8.541695,0.54243374,-0.2128526,-0.24395016,-0.22137633,0.08538705,-0.13378179,0.08292007,-0.26948237,0.2221444,0.39472026,0.35713845,0.07803006,0.23498142,-0.16857387,-0.09424515,0.04372585,-0.12885082,-0.11593447,0.16059275,-0.0368062,-0.26373544,0.18397123,0.0014004508,0.02283303,0.18247999,0.12862648,-0.18405998,0.11542875,-0.19248497,-0.010877226,0.09905762,-0.15657339,-0.06623037,-0.015474757,-0.07982908,0.045676105,-0.054771066,-0.022999136,0.059313368,-0.008538191,0.015077364,-0.026467096,-0.07237449,-0.029545069,0.17298993,0.07563124,-0.0105832275,-0.0050099287,0.012787953,-0.002778099,-0.050154075,0.078517005,-0.013695998,-0.03377908,0.048481286,0.06856112,-0.10702397,0.00555519,0.08650193,0.038526278,0.038274292,0.0090473145,-0.018060815,0.0033494013,-0.06656593,-0.057141922,-0.07979414,-0.07962234,-0.104958385,-0.11145836,0.009529777,0.021099713,-0.019750886,-0.047021262,-0.041121483,0.0852508,-0.08046664,0.03725394,-0.021327835,0.032020155,-0.009770012
18,-0.4352312,-1.0387652,-1.4256408,0.32506883,-0.45627055,0.12116454,0.52188754,-0.05383097,0.4449457,0.059116177,0.3656315,-0.13729595,0.514583,0.3670764,0.04817432,0.063197315,0.09868833,0.54243374,8.396045,0.008008433,0.100616895,-0.11241001,-0.04460654,-0.35104862,-0.10306738,0.1775662,-0.105016455,-0.31192374,-0.16777734,-0.46437848,-0.052107535,0.3612045,0.124934524,-0.0443333,-0.2139245,-0.08619483,-0.24061738,-0.07642521,0.033208646,-0.104379475,0.006346982,0.2659917,-0.33925766,-0.23826326,0.058141842,0.12559615,0.16978453,0.0043663075,0.006372789,0.0384013,0.067400105,-0.011381639,0.08544749,0.02127602,-0.06399368,0.03279254,-0.020285495,-0.020334287,0.035021186,0.0027918816,0.042712517,0.0668466,-0.008828655,0.02424093,0.12744156,-0.02517043,0.033808984,0.039676957,0.021146093,0.033033095,-0.025354479,0.10430408,-0.046099782,-0.055241257,0.0110488925,0.023899032,-0.06234824,-0.06472033,-0.020928876,-0.048390456,-0.04478941,-0.003402107,0.0035749753,0.010395099,-0.04597839,0.025834776,0.0071344953,0.07512432,0.024784707,-0.033074684,-0.07103154,0.004914077,0.012342669,-0.013076052,0.026069272,0.022064164,0.056610137,-0.057288654,-0.017815664
19,0.16654453,1.3225901,-0.36801553,-0.2247315,0.5434179,0.74331844,0.18231678,-0.52842,-0.3426783,0.526124,-0.2449362,0.1658,0.27499396,0.44989482,0.21898466,0.48311752,0.6577872,-0.2128526,0.008008433,7.8402214,0.18849498,-0.24334908,-0.3627274,-0.10998531,0.11096349,-0.035125345,0.005833786,-0.035912715,-0.13000697,-0.10882752,0.16196588,-0.052412797,0.26913872,-0.12261996,0.06895167,-0.12611419,-0.23662612,0.084127404,-0.077209175,-0.015973719,0.17467794,0.0055065467,-0.019873248,0.012543898,0.08764368,0.13506337,0.06597925,-0.031723704,-0.04713107,-0.04925216,0.028063256,-0.06756952,-0.004484473,0.04091311,-0.14850555,0.12073821,0.03267684,-0.025680132,0.05151417,-0.054401636,-0.12457696,0.042120844,0.06499453,-0.08852784,0.018434275,-0.07594472,-0.07977876,0.049257457,-0.08047773,-0.00028464763,-0.016917631,-0.057054274,0.035902157,0.0336644,-0.02548002,-0.033585206,-0.009274954,-0.026347758,0.08693793,0.055047773,0.057676803,0.07641405,-0.0071551297,0.044932187,-0.0091676,0.06355514,-0.049457353,-0.00392027,0.014151815,0.0076227225,-0.07826468,0.009540221,0.017585836,0.036587626,0.054367922,0.025474418,-0.012040506,0.008136628,0.010098308
20,0.27378666,-0.5368446,0.7969668,0.65804154,0.053032115,0.046757348,0.28921866,0.713102,-0.053727496,-0.11561717,-0.20738256,0.12710515,0.00979793,-0.23479253,-0.3116874,0.22337544,-0.27377433,-0.24395016,0.100616895,0.18849498,7.5532765,0.05590879,0.20660493,-0.06775812,0.013501108,0.092775725,0.22115266,-0.20613068,0.2578616,0.08674117,-0.064541385,-0.059715725,-0.06156702,0.044747286,-0.017197102,0.2431229,0.049013145,-0.156811,0.0051731113,-0.009600539,-0.053266354,-0.22089887,-0.001163466,0.0017753998,-0.16244549,0.18746176,0.034447514,0.017952582,0.05060044,0.029287063,0.041198995,0.0030209608,-0.061091498,-0.0050867535,-0.017465152,-0.001127091,0.11433788,-0.06455317,-0.08717357,-0.0024717574,-0.023968253,-0.02690418,0.10332315,0.07975485,-0.03001651,-0.0537182,0.0064352243,0.049078807,0.007588812,0.030017454,0.047483806,0.056213014,0.026636232,-0.054576747,-0.021336546,-0.076099195,-0.045167357,0.024936847,-0.023921274,0.009901848,-0.067549504,0.014621862,-0.017541101,0.055065677,-0.009557949,0.0047333622,-0.050116293,0.011791557,-0.032572895,0.021342326,-0.011520462,0.032914333,0.0016326851,-0.0496437,-0.0029493223,-0.0049271416,0.016032021,-0.03689589,-0.047934443
21,0.51559323,0.6009846,0.7569499,-0.5773437,-0.11252901,0.3650152,0.31927347,0.03570802,-0.37010735,-0.7093327,-0.20403278,0.24968475,-0.017861914,0.2588174,0.33322805,0.18224731,0.10820994,-0.22137633,-0.11241001,-0.24334908,0.05590879,6.29053,-0.24485394,-0.03235215,0.14205405,0.1347073,0.05686056,-0.19024777,-0.015759971,-0.27635825,-0.16324812,0.15919673,-0.10467726,0.067510515,-0.10103376,-0.061422773,0.12970161,0.18053213,-0.11382587,-0.07444362,0.10329063,-0.030897759,0.11767557,0.11508404,0.09273856,0.07425991,-0.046457127,0.034109194,-0.03340815,-0.01713192,0.10881175,-0.07592435,-0.03902406,-0.0121768415,-0.07972525,0.027524512,-0.12523428,0.041370176,0.02984292,-0.055077657,0.07621271,-0.013804888,-0.024347704,0.053417422,-0.019732993,-0.04967575,-0.016744243,-0.032477163,0.06490574,0.059869923,0.0011786658,-0.00033771002,0.03234984,0.02372252,0.09112406,0.02120463,0.024685014,-0.005517965,-0.035756662,0.01552492,-0.0023865714,0.08686373,-0.0021078184,-0.07340886,-0.036056392,-0.010771292,-0.075002074,0.019587483,0.0061964146,0.024595626,-0.02823395,0.019055955,0.032523144,0.02508379,-0.011664642,0.002670721,0.04543224,0.023483146,-0.08985752
22,-0.13852015,2.268507,-0.6509259,-0.47589898,0.35327867,-0.16793582,0.36946493,-0.9306153,-0.07787299,0.05365781,-0.30085397,-0.08344647,-0.32523227,0.22745593,0.68180054,0.5144462,-0.06790507,0.08538705,-0.04460654,-0.3627274,0.20660493,-0.24485394,5.6624627,-0.015820663,0.08205341,0.25008386,0.32634678,0.023390125,-0.31106335,0.11629373,0.012234869,-0.04934574,0.34131175,-0.12575611,-0.0916282,-0.08154901,-0.09523696,0.08706525,-0.042170145,0.09258486,0.0895222,-0.11588213,0.032236855,0.08370714,0.102645814,-0.057609215,-0.10224898,0.056482576,-0.04301101,0.1602734,0.07617554,0.034536805,0.017098822,-0.032553364,-0.09571917,-0.07558889,-0.08393614,-0.016940378,0.082196236,0.0057653687,-0.014203709,0.040394172,0.021515451,0.005518617,0.095001206,-0.03420696,-0.06250617,-0.0019344377,-0.06397929,0.052501306,-0.047654286,-0.038026527,0.043510213,0.029255087,0.08919439,0.07002373,-0.07638682,-0.09287639,-0.053860962,0.019230079,0.03275515,0.05080933,-0.02976387,0.034505256,0.08093946,0.067066975,0.028355548,-0.04795529,0.037810907,-0.085368544,-0.018366173,0.05211147,0.006806312,-0.040642958,-0.042717867,-0.025333922,0.028567731,0.019177586,-0.042656664
23,-0.091762155,0.42996132,-0.1602833,1.9055904,0.18169248,-0.43742466,0.6209283,-0.107440725,0.30628508,0.40906796,0.20289096,-0.7692997,0.3477689,0.14076805,0.35134816,0.14521855,0.444494,-0.13378179,-0.35104862,-0.10998531,-0.06775812,-0.03235215,-0.015820663,5.4274855,-0.2143792,-0.06544173,0.14703703,-0.33123067,-0.117341265,-0.14339186,0.20608681,0.12555169,-0.029286873,-0.15246218,0.0698773,0.15304813,-0.13485405,-0.11285283,-0.17117578,-0.11940619,0.021845741,-0.004384841,-0.0663512,-0.103004575,-0.152713,0.087823205,0.035588887,0.0347613,-0.02599037,0.068679675,-0.073131815,-0.08391919,0.048251577,0.091309294,-0.06960427,0.008802868,-0.09745215,-0.051344644,-0.008755729,0.037831694,-0.04410901,0.065830305,0.15648109,0.026769307,0.00893615,0.022130817,0.07989162,0.008977556,0.009880345,0.01704619,0.013337515,-0.053022817,-0.028041493,-0.013695497,-0.03788473,0.061198734,-0.019051792,0.048070885,-0.0036887368,0.013458151,0.013547009,0.026289575,-0.0156094935,-0.01455958,-0.060899116,0.06897632,-0.071796216,-0.0024778096,-0.0044310465,0.015146397,-0.02143756,-0.012362793,0.013662188,0.023772638,0.019848783,-0.03426624,0.04544825,-0.09213605,-0.018413369
24,-0.5567068,0.254646,0.48133817,0.76276445,0.040996082,-0.19013982,-0.6662636,0.01470773,-1.0294228,0.22900312,-0.17735946,-0.73771083,-0.009234351,-0.1563156,-0.33591944,0.07808998,-0.10837099,0.08292007,-0.10306738,0.11096349,0.013501108,0.14205405,0.08205341,-0.2143792,4.9085884,0.071409605,-0.034178063,-0.16301347,0.1624971,0.057493392,-0.0042591933,0.35237783,-0.015766263,-0.06318452,-0.052357323,0.06458764,0.10249119,-0.10064672,0.13362437,0.10029704,0.048911974,0.04970652,-0.15237218,-0.1299009,0.031454094,-0.0078902785,0.0019315855,0.052927297,0.018308777,0.037809134,-0.09018713,0.050885893,-0.09478132,0.03336727,0.025156336,0.032832302,0.06809944,0.121281356,0.026414353,-0.02064154,-0.0664126,-0.005519511,0.029458895,0.04836818,-0.030469973,-0.013229708,0.003237472,0.006979703,0.08558835,-0.042359777,0.0066015655,-0.049990986,-0.007883957,-0.052862283,-0.050051548,0.037251502,-0.12167601,0.0059809787,-0.0049237655,0.12766747,-0.028561756,-0.054567225,0.048813444,0.06412727,0.0049977973,0.017900523,0.0060019046,0.007870354,-0.024886856,-0.0075255795,-0.015665784,-0.052859865,-0.001964774,0.012258353,0.06799866,-0.055505555,0.071038604,-0.004848278,0.036557063
25,0.33526742,-0.3656437,0.42019033,-0.5737926,0.26641423,0.100055024,-0.24635828,0.22286317,-0.17178346,0.2630645,-0.0155152865,-0.22749333,0.5354378,-0.245883,-0.28163445,-0.34115398,0.25909033,-0.26948237,0.1775662,-0.035125345,0.092775725,0.1347073,0.25008386,-0.06544173,0.071409605,4.3583674,-0.2846679,0.17392582,-0.052654583,-0.10811292,0.039494324,0.04064838,0.024108212,0.008306838,0.18034676,-0.159933,0.13520978,-0.14852524,-0.14841725,-0.043389305,0.14092104,0.046357464,-0.006197226,0.034272023,0.10568258,0.14675847,0.061910808,-0.12250848,0.009367164,-0.18946287,-0.08055635,-0.11830641,0.042860433,0.050079726,0.15522122,0.06418341,-0.07877456,0.031908125,0.0062268563,-0.001828341,0.034867257,0.013039485,-0.031940866,-0.08224206,-0.018389907,0.05299227,-0.051695917,-0.02970018,-0.045389708,0.012055724,-0.026528703,-0.07646233,0.03681866,0.032738566,-0.10519943,-0.05908276,0.005771529,0.12689456,0.046643175,-0.034030408,0.02712776,-0.016959311,-0.08237071,-0.044773493,-0.040684186,-0.009489084,-0.074784905,-0.010845209,0.030352224,-0.021819044,0.09624804,-0.017512342,0.009116298,-0.0133732855,-0.047181405,-0.004731614,-0.020525508,0.031946022,0.04571125
26,-0.07916328,-2.7220364,-0.69519365,-1.0685618,-0.13267678,-0.3248788,-0.53317976,1.1201358,-0.04695469,0.67060506,0.111138254,-0.052341215,0.16633455,0.107505895,-0.801125,-0.7297586,0.20007718,0.2221444,-0.105016455,0.005833786,0.22115266,0.05686056,0.32634678,0.14703703,-0.034178063,-0.2846679,4.2286725,-0.16435128,-0.17867061,-0.25606465,0.16887143,0.022850147,0.033165786,0.21683407,-0.17237929,0.018665478,-0.061748758,-0.023036532,0.07655792,0.083796635,0.007901899,0.09020877,-0.053939242,-0.03667552,0.112088986,-0.04139964,-0.052377813,-0.024560846,0.09401354,-0.16636448,0.011533305,-0.0874778,0.11485931,0.04339281,0.10576349,0.12594353,-0.08460576,0.042608872,0.09857037,0.076425165,-0.038405273,-0.059969015,-0.06434789,-0.035927556,-0.05379778,-0.023276744,-0.058994908,-0.035489473,-0.07938737,-0.05441636,0.11623956,-0.014798228,-0.026188288,-0.04182648,0.010016076,0.060582258,-0.018663874,-0.0053162426,-0.018963534,-0.0170045,0.04907938,0.021873519,0.025881525,-0.014860539,-0.0010431773,-0.019857956,-0.027220547,0.053969607,0.045837805,0.03416735,0.036672454,-0.07561769,-0.013804334,0.00971884,0.02516167,0.06865205,-0.022163365,0.059445888,0.0074229585
27,0.25681365,-1.3129609,0.91298574,-0.14350331,0.21193922,0.2277678,0.10710339,0.8642721,0.00061632565,0.3430489,0.07773864,-0.41474473,-0.090113886,0.05008529,-0.23974502,0.048437424,0.14569,0.39472026,-0.31192374,-0.035912715,-0.20613068,-0.19024777,0.023390125,-0.33123067,-0.16301347,0.17392582,-0.16435128,3.7542148,-0.0655351,-0.03172935,-0.07018086,0.114626125,-0.060052298,-0.13828456,0.024879135,0.17683494,-0.0005228786,0.028947659,0.12928191,-0.0923402,-0.057446234,-0.07665677,-0.1429484,-0.10496395,-0.060157172,0.12504429,-0.014256386,0.011129883,-0.070939556,-0.0029077223,0.11275782,-0.04558449,0.0057770447,0.0110007245,-0.11581878,0.15803593,-0.14454855,0.036499165,0.026253719,-0.03613817,-0.0003311708,-0.11295003,-0.031319186,0.06574263,-0.051928617,-0.09366174,0.013396591,0.027702747,0.049852878,0.018636951,0.026245102,0.017095989,-0.0059036026,-0.04084535,0.044041157,-0.01674598,-0.062101424,-0.015972396,0.005414691,0.060379677,-0.048221275,0.045349628,0.050189286,-0.02792158,-0.05892136,0.06344001,0.012276845,0.039804317,-0.057511687,0.044403356,-0.015162835,0.014152978,0.043925926,-0.025264759,0.02065201,-0.020733662,0.038476706,-0.0042164084,-0.05419209
28,-0.36211324,-0.56463385,-0.7462984,-0.68323094,0.18178922,0.16978186,-0.1024518,-0.15563552,0.6602309,0.3182298,-0.40863794,0.08961186,-0.07583377,0.2126566,-0.015457605,0.03883412,0.11296959,0.35713845,-0.16777734,-0.13000697,0.2578616,-0.015759971,-0.31106335,-0.117341265,0.1624971,-0.052654583,-0.17867061,-0.0655351,3.9025817,-0.06886013,0.21665406,-0.14412878,0.09679355,-0.051929723,-0.120201364,-0.16308181,-0.13631587,0.02108647,-0.0264338,-0.010452326,0.009990135,-0.106105454,-0.01693379,-0.091254696,0.09097111,-0.043090846,-0.08308919,-0.011891564,-0.07646634,0.06730558,0.11889695,-0.0010096077,0.15596528,0.03338784,0.025311565,-0.015446854,-0.075164065,-0.042472467,-0.032737467,0.041719813,0.021436688,-0.039501578,-0.03295323,-0.093587846,0.04533422,-0.01575268,-0.04829043,0.011849399,-0.01606515,0.02752417,-0.010154627,-0.028453002,-0.024762422,-0.00065111904,0.04216072,0.093431965,0.030981023,0.05373817,-0.005285599,-0.0027016918,0.0369877,0.06443331,0.0075532356,0.012009938,0.006389168,0.05494502,0.02671824,-0.009034786,0.024186367,-0.0037359823,0.011589641,0.014534408,0.002247314,-0.038799178,-0.001901947,0.017926697,0.033817917,0.026196942,0.028716503
29,-0.25309658,-0.756942,-0.77307075,-0.435767,-0.4649089,0.13796636,-0.23810157,0.23031187,-0.2505632,-0.3356519,0.027617432,0.20611304,0.15738976,0.14441252,0.28421783,-0.009975785,0.28080782,0.07803006,-0.46437848,-0.10882752,0.08674117,-0.27635825,0.11629373,-0.14339186,0.057493392,-0.10811292,-0.25606465,-0.03172935,-0.06886013,3.2951372,-0.005636763,0.26293218,-0.13154769,0.12057783,-0.119026184,-0.18745717,-0.022527752,-0.067670666,-0.06331521,-0.06734717,0.018164761,0.198943,-0.0611083,-0.074940205,0.16278824,0.06765098,0.1011178,-0.030321188,-0.051314943,-0.03002848,-0.003526812,-0.073657125,0.0068109264,0.056755062,0.10329513,-0.003758723,-0.045057885,-0.019764688,0.041924424,-0.038656667,0.07788862,0.038256217,0.012029525,0.003379757,0.0049119564,0.004046075,0.0156653,-0.006804918,-0.0071309507,-0.020024344,-0.00047561817,0.0114199165,-0.006825869,0.032202493,0.026508378,-0.0028898781,0.011179028,-0.0060708765,0.020009298,-0.036425553,0.070811495,0.06062203,-0.027940618,-0.0055491766,-0.021018256,-0.039825212,-0.006914827,0.07916031,0.022875458,-0.02818339,-0.06537488,-0.022084706,0.033081073,0.03410799,0.023860354,0.031481043,0.028785085,-0.03366552,-0.026990596
30,0.89242315,0.57740414,1.125808,-0.16464987,-0.2163201,-0.017800223,-0.14916581,0.3696514,0.07879975,-0.06908162,0.093260534,0.4198615,0.26933527,0.461473,-0.12325086,-0.04037532,-0.27463514,0.23498142,-0.052107535,0.16196588,-0.064541385,-0.16324812,0.012234869,0.20608681,-0.0042591933,0.039494324,0.16887143,-0.07018086,0.21665406,-0.005636763,3.0097444,0.07386619,0.027822772,0.1277913,0.22435597,0.09816966,0.1876559,0.14967199,-0.17253822,-0.135689,0.024864722,0.04017841,-0.014646687,0.12094565,0.06757724,0.12118822,0.19042997,-0.008538685,-0.027061576,-0.0617228,0.07226827,0.07242812,-0.1259373,0.007895098,0.020320125,0.00046324707,-0.004185183,0.051120594,0.029810328,0.013109731,0.060311656,0.030258518,-0.03942863,0.014493046,0.014403253,0.028188182,-0.06743528,-0.00928024,0.030620685,-0.0034944229,-0.038912587,-0.014645856,0.041378252,0.00050509523,0.0036794967,-0.034978434,-0.043171696,-0.0192059,-0.04664714,0.049023256,-0.06053154,-0.054591827,-0.015201624,-0.0327904,-0.0033768998,0.016514964,-0.01329921,0.038570635,-0.0068410104,-0.017263062,-0.02301798,0.032242253,0.023413159,-0.026632946,0.01772126,-0.019747889,0.004100051,0.009643869,-0.007619477
31,0.4187559,0.3642073,0.25873291,0.15039638,0.54009616,0.03850492,-0.18302637,0.18047528,0.6355125,0.3536811,-0.2280223,0.1953587,-0.3274253,0.2193119,0.03582199,0.18247148,0.3015837,-0.16857387,0.3612045,-0.052412797,-0.059715725,0.15919673,-0.04934574,0.12555169,0.35237783,0.04064838,0.022850147,0.114626125,-0.14412878,0.26293218,0.07386619,2.5898619,-0.040152855,0.079789415,0.009084294,0.11429937,0.037833735,0.14091153,-0.11695507,-0.007546631,0.05639366,-0.14130607,-0.01718539,0.106710754,-0.09986661,0.038113277,-0.10759787,-0.09096038,-0.04489979,-0.06390449,0.054848514,0.101870984,0.01568827,-0.002304864,-0.11868292,-0.08113978,0.06463595,-0.13816693,0.004004255,0.074926004,-0.021764578,-0.03646309,0.028005466,-0.0303096,-0.043433513,0.0071730334,-0.090371326,0.0463308,-0.06486923,0.006442974,0.026714103,0.019626833,0.02764455,0.006277061,-0.019383028,0.017068513,0.048823945,-0.0043360544,-0.021057768,0.0034836307,0.053218763,0.022399228,0.07519388,-0.027550802,0.047795862,0.009272507,0.030610582,-0.044721566,0.0043921964,0.05062253,0.057401992,-0.027220454,-0.04392083,0.004758875,-0.017313708,0.01125245,-0.027318934,0.016595181,0.050210666
32,0.13071558,-0.92578936,0.6480466,0.015300065,-0.39951023,0.24902678,0.20220214,0.3148413,0.02238881,-0.6133085,0.15293624,0.30008733,-0.35182357,-0.33836907,-0.2293534,-0.15572408,0.016728736,-0.09424515,0.124934524,0.26913872,-0.06156702,-0.10467726,0.34131175,-0.029286873,-0.015766263,0.024108212,0.033165786,-0.060052298,0.09679355,-0.13154769,0.027822772,-0.040152855,2.9416938,0.11858463,-0.115955934,0.05579793,0.2948444,-0.035735786,0.042509407,0.0025147032,0.03523247,0.010848857,0.003315862,-0.015348146,0.021912917,-0.07144665,-0.030285731,0.006576375,-0.08802798,0.03525323,-0.052803174,-0.006338764,-0.09818831,0.048373595,-0.0070541054,-0.015464522,-0.006078979,-0.004468702,-0.05823768,-0.020150468,0.060405318,-0.05563384,0.047542855,0.018960662,-0.06899631,0.02786588,0.07074071,-0.011781229,0.056454916,-0.0154267615,0.001552261,0.03056831,0.0026217918,0.0515009,0.016495,0.002670919,0.05402514,0.029616121,-0.0025258781,0.0004631406,0.032655127,0.0017600632,0.04497087,-0.027974697,-0.0011938915,-0.00094007654,-0.0021247193,0.005399848,-0.03344067,0.026412707,-0.03483668,0.00379706,0.0008375074,0.045575656,0.008198908,-0.0064456626,0.019425115,0.014104787,0.012306716
33,-0.21029037,0.3327154,-0.045119356,0.07518198,0.23704614,0.30854017,-0.07893796,-0.25324714,0.0013645364,0.4590906,0.056514256,-0.4431671,-0.022896376,-0.28848845,0.17969519,0.21809393,0.08503875,0.04372585,-0.0443333,-0.12261996,0.044747286,0.067510515,-0.12575611,-0.15246218,-0.06318452,0.008306838,0.21683407,-0.13828456,-0.051929723,0.12057783,0.1277913,0.079789415,0.11858463,2.8146813,0.05941307,-0.004087039,-0.11005397,-0.0075421873,0.04980407,0.015893217,-0.121129714,-0.08185275,-0.042009935,-0.14633262,-0.06375256,-0.0009932806,-0.065876506,-0.04023414,-0.06773029,0.046863683,0.03885982,0.035119243,0.03808471,-0.08895422,-0.03424878,0.03684359,0.012596957,-0.008181824,0.005064455,-0.06546978,-0.012703393,0.0043892106,-0.04368216,-0.013304746,-0.006539003,0.02263546,0.021882663,0.032284945,0.02961893,-0.003105342,-0.043455176,-0.030242864,-0.038058463,0.037147917,-0.039906807,-0.038798742,-0.010261118,0.040629946,0.08494146,0.0014600961,-0.008620203,-0.010899897,-0.046756744,-0.010607768,-0.003699991,0.023369621,0.012462831,-0.044746432,-0.014755277,-0.020194527,0.019793104,0.018130668,0.03731115,-0.018771935,0.0071803853,-0.00089074124,-0.015643645,-0.028168645,0.0033831922
